CG
81
0, 2, 55, 7
0, 2, 64, 7
1, 2, 52, 4
1, 2, 64, 4
2, 2, 46, 5
2, 2, 66, 5
3, 2, 41, 6
3, 2, 60, 6
4, 2, 43, 7
4, 2, 60, 7
5, 2, 42, 5
5, 2, 60, 5
6, 2, 49, 6
6, 2, 64, 6
7, 2, 48, 6
7, 2, 66, 6
8, 2, 40, 6
8, 2, 60, 6
9, 2, 61, 6
9, 2, 64, 6
10, 2, 73, 14
10, 2, 74, 14
11, 2, 58, 6
11, 2, 60, 6
12, 2, 59, 8
12, 2, 60, 8
13, 2, 35, 8
13, 2, 60, 8
14, 2, 32, 6
14, 2, 60, 6
15, 2, 67, 14
15, 2, 74, 14
16, 2, 50, 6
16, 2, 66, 6
17, 2, 47, 5
17, 2, 64, 5
18, 2, 37, 6
18, 2, 64, 6
19, 2, 54, 14
19, 2, 74, 14
20, 2, 71, 12
20, 2, 74, 12
21, 2, 53, 4
21, 2, 66, 4
22, 2, 33, 4
22, 2, 66, 4
23, 2, 44, 12
23, 2, 74, 12
24, 2, 34, 4
24, 2, 64, 4
25, 2, 56, 7
25, 2, 66, 7
26, 2, 65, 8
26, 2, 66, 8
27, 2, 72, 16
27, 2, 74, 16
28, 2, 63, 8
28, 2, 64, 8
29, 2, 39, 8
29, 2, 66, 8
30, 2, 57, 16
30, 2, 74, 16
31, 9, 44, 12
31, 9, 59, 48
31, 9, 43, 7
31, 9, 45, 8
31, 9, 42, 10
31, 9, 40, 6
31, 9, 58, 18
31, 9, 74, 12
31, 9, 60, 109
32, 10, 54, 14
32, 10, 59, 40
32, 10, 45, 8
32, 10, 42, 5
32, 10, 41, 6
32, 10, 40, 6
32, 10, 58, 6
32, 10, 14, 1
32, 10, 74, 14
32, 10, 60, 89
33, 12, 44, 12
33, 12, 34, 4
33, 12, 65, 48
33, 12, 56, 7
33, 12, 53, 8
33, 12, 46, 10
33, 12, 48, 6
33, 12, 62, 18
33, 12, 22, 1
33, 12, 74, 12
33, 12, 66, 113
33, 12, 64, 4
34, 12, 44, 12
34, 12, 33, 4
34, 12, 63, 48
34, 12, 55, 7
34, 12, 52, 8
34, 12, 47, 10
34, 12, 49, 6
34, 12, 61, 18
34, 12, 24, 1
34, 12, 74, 12
34, 12, 66, 4
34, 12, 64, 113
35, 9, 57, 16
35, 9, 59, 40
35, 9, 43, 7
35, 9, 45, 4
35, 9, 41, 6
35, 9, 58, 6
35, 9, 13, 1
35, 9, 74, 16
35, 9, 60, 87
36, 11, 54, 14
36, 11, 37, 6
36, 11, 65, 40
36, 11, 53, 8
36, 11, 46, 5
36, 11, 50, 6
36, 11, 48, 6
36, 11, 62, 6
36, 11, 74, 14
36, 11, 66, 95
36, 11, 64, 6
37, 12, 54, 14
37, 12, 36, 6
37, 12, 63, 40
37, 12, 52, 8
37, 12, 47, 5
37, 12, 51, 6
37, 12, 49, 6
37, 12, 61, 6
37, 12, 18, 1
37, 12, 74, 14
37, 12, 66, 6
37, 12, 64, 95
38, 10, 57, 16
38, 10, 39, 8
38, 10, 63, 40
38, 10, 55, 7
38, 10, 52, 4
38, 10, 51, 6
38, 10, 61, 6
38, 10, 74, 16
38, 10, 66, 8
38, 10, 64, 95
39, 11, 57, 16
39, 11, 38, 8
39, 11, 65, 40
39, 11, 56, 7
39, 11, 53, 4
39, 11, 50, 6
39, 11, 62, 6
39, 11, 29, 1
39, 11, 74, 16
39, 11, 66, 95
39, 11, 64, 8
40, 4, 68, 14
40, 4, 8, 1
40, 4, 74, 14
40, 4, 60, 30
41, 4, 67, 14
41, 4, 3, 1
41, 4, 74, 14
41, 4, 60, 30
42, 4, 70, 13
42, 4, 5, 1
42, 4, 74, 13
42, 4, 60, 30
43, 4, 69, 15
43, 4, 4, 1
43, 4, 74, 15
43, 4, 60, 35
44, 14, 33, 4
44, 14, 34, 4
44, 14, 31, 4
44, 14, 72, 96
44, 14, 69, 15
44, 14, 71, 24
44, 14, 70, 26
44, 14, 68, 14
44, 14, 73, 42
44, 14, 23, 1
44, 14, 74, 277
44, 14, 66, 4
44, 14, 64, 4
44, 14, 60, 4
45, 4, 71, 12
45, 4, 75, 1
45, 4, 74, 12
45, 4, 60, 32
46, 6, 70, 13
46, 6, 47, 5
46, 6, 2, 1
46, 6, 74, 13
46, 6, 66, 35
46, 6, 64, 5
47, 6, 70, 13
47, 6, 46, 5
47, 6, 17, 1
47, 6, 74, 13
47, 6, 66, 5
47, 6, 64, 35
48, 6, 68, 14
48, 6, 49, 6
48, 6, 7, 1
48, 6, 74, 14
48, 6, 66, 36
48, 6, 64, 6
49, 6, 68, 14
49, 6, 48, 6
49, 6, 6, 1
49, 6, 74, 14
49, 6, 66, 6
49, 6, 64, 36
50, 6, 67, 14
50, 6, 51, 6
50, 6, 16, 1
50, 6, 74, 14
50, 6, 66, 36
50, 6, 64, 6
51, 6, 67, 14
51, 6, 50, 6
51, 6, 76, 1
51, 6, 74, 14
51, 6, 66, 6
51, 6, 64, 36
52, 6, 71, 12
52, 6, 53, 4
52, 6, 1, 1
52, 6, 74, 12
52, 6, 66, 4
52, 6, 64, 36
53, 6, 71, 12
53, 6, 52, 4
53, 6, 21, 1
53, 6, 74, 12
53, 6, 66, 36
53, 6, 64, 4
54, 14, 36, 6
54, 14, 37, 6
54, 14, 32, 6
54, 14, 72, 80
54, 14, 71, 24
54, 14, 70, 13
54, 14, 67, 14
54, 14, 68, 14
54, 14, 73, 14
54, 14, 19, 1
54, 14, 74, 229
54, 14, 66, 6
54, 14, 64, 6
54, 14, 60, 6
55, 6, 69, 15
55, 6, 56, 7
55, 6, 0, 1
55, 6, 74, 15
55, 6, 66, 7
55, 6, 64, 42
56, 6, 69, 15
56, 6, 55, 7
56, 6, 25, 1
56, 6, 74, 15
56, 6, 66, 42
56, 6, 64, 7
57, 13, 39, 8
57, 13, 38, 8
57, 13, 35, 8
57, 13, 72, 80
57, 13, 69, 15
57, 13, 71, 12
57, 13, 67, 14
57, 13, 73, 14
57, 13, 30, 1
57, 13, 74, 215
57, 13, 66, 8
57, 13, 64, 8
57, 13, 60, 8
58, 4, 73, 14
58, 4, 11, 1
58, 4, 74, 14
58, 4, 60, 48
59, 10, 72, 16
59, 10, 43, 14
59, 10, 45, 20
59, 10, 42, 15
59, 10, 41, 12
59, 10, 40, 12
59, 10, 58, 30
59, 10, 12, 1
59, 10, 74, 16
59, 10, 60, 191
60, 10, 35, 24
60, 10, 31, 12
60, 10, 32, 18
60, 10, 59, 88
60, 10, 43, 35
60, 10, 45, 32
60, 10, 42, 30
60, 10, 41, 30
60, 10, 40, 30
60, 10, 58, 48
61, 6, 73, 14
61, 6, 62, 6
61, 6, 9, 1
61, 6, 74, 14
61, 6, 66, 6
61, 6, 64, 54
62, 6, 73, 14
62, 6, 61, 6
62, 6, 77, 1
62, 6, 74, 14
62, 6, 66, 54
62, 6, 64, 6
63, 12, 72, 16
63, 12, 65, 8
63, 12, 55, 14
63, 12, 52, 20
63, 12, 47, 15
63, 12, 51, 12
63, 12, 49, 12
63, 12, 61, 30
63, 12, 28, 1
63, 12, 74, 16
63, 12, 66, 8
63, 12, 64, 199
64, 10, 38, 32
64, 10, 34, 16
64, 10, 37, 24
64, 10, 63, 96
64, 10, 55, 42
64, 10, 52, 36
64, 10, 47, 35
64, 10, 51, 36
64, 10, 49, 36
64, 10, 61, 54
65, 12, 72, 16
65, 12, 63, 8
65, 12, 56, 14
65, 12, 53, 20
65, 12, 46, 15
65, 12, 50, 12
65, 12, 48, 12
65, 12, 62, 30
65, 12, 26, 1
65, 12, 74, 16
65, 12, 66, 199
65, 12, 64, 8
66, 10, 39, 32
66, 10, 33, 16
66, 10, 36, 24
66, 10, 65, 96
66, 10, 56, 42
66, 10, 53, 36
66, 10, 46, 35
66, 10, 50, 36
66, 10, 48, 36
66, 10, 62, 54
67, 8, 50, 6
67, 8, 51, 6
67, 8, 41, 6
67, 8, 15, 1
67, 8, 74, 98
67, 8, 66, 6
67, 8, 64, 6
67, 8, 60, 6
68, 8, 48, 6
68, 8, 49, 6
68, 8, 40, 6
68, 8, 78, 1
68, 8, 74, 98
68, 8, 66, 6
68, 8, 64, 6
68, 8, 60, 6
69, 8, 56, 7
69, 8, 55, 7
69, 8, 43, 7
69, 8, 79, 1
69, 8, 74, 105
69, 8, 66, 7
69, 8, 64, 7
69, 8, 60, 7
70, 8, 46, 5
70, 8, 47, 5
70, 8, 42, 5
70, 8, 80, 1
70, 8, 74, 104
70, 8, 66, 5
70, 8, 64, 5
70, 8, 60, 5
71, 8, 53, 4
71, 8, 52, 4
71, 8, 45, 4
71, 8, 20, 1
71, 8, 74, 120
71, 8, 66, 4
71, 8, 64, 4
71, 8, 60, 4
72, 14, 65, 8
72, 14, 63, 8
72, 14, 59, 8
72, 14, 69, 30
72, 14, 71, 60
72, 14, 70, 39
72, 14, 67, 28
72, 14, 68, 28
72, 14, 73, 70
72, 14, 27, 1
72, 14, 74, 463
72, 14, 66, 8
72, 14, 64, 8
72, 14, 60, 8
73, 8, 62, 6
73, 8, 61, 6
73, 8, 58, 6
73, 8, 10, 1
73, 8, 74, 140
73, 8, 66, 6
73, 8, 64, 6
73, 8, 60, 6
74, 10, 57, 80
74, 10, 44, 60
74, 10, 54, 70
74, 10, 72, 208
74, 10, 69, 105
74, 10, 71, 120
74, 10, 70, 104
74, 10, 67, 98
74, 10, 68, 98
74, 10, 73, 140
75, 2, 45, 4
75, 2, 60, 4
76, 2, 51, 6
76, 2, 64, 6
77, 2, 62, 6
77, 2, 66, 6
78, 2, 68, 14
78, 2, 74, 14
79, 2, 69, 15
79, 2, 74, 15
80, 2, 70, 13
80, 2, 74, 13
DTG
0, 1, 1, 0, 2
1, 1, 1, 0, 2
2, 1, 1, 0, 2
3, 1, 1, 0, 2
4, 1, 1, 0, 2
5, 1, 1, 0, 2
6, 1, 1, 0, 2
7, 1, 1, 0, 2
8, 1, 1, 0, 2
9, 1, 1, 0, 2
10, 1, 1, 0, 2
11, 1, 1, 0, 2
12, 1, 1, 0, 2
13, 1, 1, 0, 2
14, 1, 1, 0, 2
15, 1, 1, 0, 2
16, 1, 1, 0, 2
17, 1, 1, 0, 2
18, 1, 1, 0, 2
19, 1, 1, 0, 2
20, 1, 1, 0, 2
21, 1, 1, 0, 2
22, 1, 1, 0, 2
23, 1, 1, 0, 2
24, 1, 1, 0, 2
25, 1, 1, 0, 2
26, 1, 1, 0, 2
27, 1, 1, 0, 2
28, 1, 1, 0, 2
29, 1, 1, 0, 2
30, 1, 1, 0, 2
31, 4, 0, 1, 2
31, 4, 0, 1, 2
31, 4, 0, 1, 2
31, 4, 0, 1, 2
31, 4, 1, 0, 2
31, 4, 1, 0, 2
31, 4, 1, 0, 2
31, 4, 1, 0, 2
32, 6, 0, 1, 2
32, 6, 0, 1, 2
32, 6, 0, 1, 2
32, 6, 0, 1, 2
32, 6, 0, 1, 2
32, 6, 0, 1, 2
32, 12, 1, 0, 3
32, 12, 1, 0, 3
32, 12, 1, 0, 3
32, 12, 1, 0, 3
32, 12, 1, 0, 3
32, 12, 1, 0, 3
32, 12, 1, 0, 3
32, 12, 1, 0, 3
32, 12, 1, 0, 3
32, 12, 1, 0, 3
32, 12, 1, 0, 3
32, 12, 1, 0, 3
33, 4, 0, 1, 2
33, 4, 0, 1, 2
33, 4, 0, 1, 2
33, 4, 0, 1, 2
33, 12, 1, 0, 3
33, 12, 1, 0, 3
33, 12, 1, 0, 3
33, 12, 1, 0, 3
33, 12, 1, 0, 3
33, 12, 1, 0, 3
33, 12, 1, 0, 3
33, 12, 1, 0, 3
33, 12, 1, 0, 3
33, 12, 1, 0, 3
33, 12, 1, 0, 3
33, 12, 1, 0, 3
34, 4, 0, 1, 2
34, 4, 0, 1, 2
34, 4, 0, 1, 2
34, 4, 0, 1, 2
34, 12, 1, 0, 3
34, 12, 1, 0, 3
34, 12, 1, 0, 3
34, 12, 1, 0, 3
34, 12, 1, 0, 3
34, 12, 1, 0, 3
34, 12, 1, 0, 3
34, 12, 1, 0, 3
34, 12, 1, 0, 3
34, 12, 1, 0, 3
34, 12, 1, 0, 3
34, 12, 1, 0, 3
35, 8, 0, 1, 2
35, 8, 0, 1, 2
35, 8, 0, 1, 2
35, 8, 0, 1, 2
35, 8, 0, 1, 2
35, 8, 0, 1, 2
35, 8, 0, 1, 2
35, 8, 0, 1, 2
35, 16, 1, 0, 3
35, 16, 1, 0, 3
35, 16, 1, 0, 3
35, 16, 1, 0, 3
35, 16, 1, 0, 3
35, 16, 1, 0, 3
35, 16, 1, 0, 3
35, 16, 1, 0, 3
35, 16, 1, 0, 3
35, 16, 1, 0, 3
35, 16, 1, 0, 3
35, 16, 1, 0, 3
35, 16, 1, 0, 3
35, 16, 1, 0, 3
35, 16, 1, 0, 3
35, 16, 1, 0, 3
36, 6, 0, 1, 2
36, 6, 0, 1, 2
36, 6, 0, 1, 2
36, 6, 0, 1, 2
36, 6, 0, 1, 2
36, 6, 0, 1, 2
36, 6, 1, 0, 2
36, 6, 1, 0, 2
36, 6, 1, 0, 2
36, 6, 1, 0, 2
36, 6, 1, 0, 2
36, 6, 1, 0, 2
37, 6, 0, 1, 2
37, 6, 0, 1, 2
37, 6, 0, 1, 2
37, 6, 0, 1, 2
37, 6, 0, 1, 2
37, 6, 0, 1, 2
37, 18, 1, 0, 3
37, 18, 1, 0, 3
37, 18, 1, 0, 3
37, 18, 1, 0, 3
37, 18, 1, 0, 3
37, 18, 1, 0, 3
37, 18, 1, 0, 3
37, 18, 1, 0, 3
37, 18, 1, 0, 3
37, 18, 1, 0, 3
37, 18, 1, 0, 3
37, 18, 1, 0, 3
37, 18, 1, 0, 3
37, 18, 1, 0, 3
37, 18, 1, 0, 3
37, 18, 1, 0, 3
37, 18, 1, 0, 3
37, 18, 1, 0, 3
38, 8, 0, 1, 2
38, 8, 0, 1, 2
38, 8, 0, 1, 2
38, 8, 0, 1, 2
38, 8, 0, 1, 2
38, 8, 0, 1, 2
38, 8, 0, 1, 2
38, 8, 0, 1, 2
38, 8, 1, 0, 2
38, 8, 1, 0, 2
38, 8, 1, 0, 2
38, 8, 1, 0, 2
38, 8, 1, 0, 2
38, 8, 1, 0, 2
38, 8, 1, 0, 2
38, 8, 1, 0, 2
39, 8, 0, 1, 2
39, 8, 0, 1, 2
39, 8, 0, 1, 2
39, 8, 0, 1, 2
39, 8, 0, 1, 2
39, 8, 0, 1, 2
39, 8, 0, 1, 2
39, 8, 0, 1, 2
39, 24, 1, 0, 3
39, 24, 1, 0, 3
39, 24, 1, 0, 3
39, 24, 1, 0, 3
39, 24, 1, 0, 3
39, 24, 1, 0, 3
39, 24, 1, 0, 3
39, 24, 1, 0, 3
39, 24, 1, 0, 3
39, 24, 1, 0, 3
39, 24, 1, 0, 3
39, 24, 1, 0, 3
39, 24, 1, 0, 3
39, 24, 1, 0, 3
39, 24, 1, 0, 3
39, 24, 1, 0, 3
39, 24, 1, 0, 3
39, 24, 1, 0, 3
39, 24, 1, 0, 3
39, 24, 1, 0, 3
39, 24, 1, 0, 3
39, 24, 1, 0, 3
39, 24, 1, 0, 3
39, 24, 1, 0, 3
40, 6, 0, 1, 2
40, 6, 0, 1, 2
40, 6, 0, 1, 2
40, 6, 0, 1, 2
40, 6, 0, 1, 2
40, 6, 0, 1, 2
40, 24, 1, 0, 3
40, 24, 1, 0, 3
40, 24, 1, 0, 3
40, 24, 1, 0, 3
40, 24, 1, 0, 3
40, 24, 1, 0, 3
40, 24, 1, 0, 3
40, 24, 1, 0, 3
40, 24, 1, 0, 3
40, 24, 1, 0, 3
40, 24, 1, 0, 3
40, 24, 1, 0, 3
40, 24, 1, 0, 4
40, 24, 1, 0, 4
40, 24, 1, 0, 4
40, 24, 1, 0, 4
40, 24, 1, 0, 4
40, 24, 1, 0, 4
40, 24, 1, 0, 4
40, 24, 1, 0, 4
40, 24, 1, 0, 4
40, 24, 1, 0, 4
40, 24, 1, 0, 4
40, 24, 1, 0, 4
41, 6, 0, 1, 2
41, 6, 0, 1, 2
41, 6, 0, 1, 2
41, 6, 0, 1, 2
41, 6, 0, 1, 2
41, 6, 0, 1, 2
41, 24, 1, 0, 3
41, 24, 1, 0, 3
41, 24, 1, 0, 3
41, 24, 1, 0, 3
41, 24, 1, 0, 3
41, 24, 1, 0, 3
41, 24, 1, 0, 3
41, 24, 1, 0, 3
41, 24, 1, 0, 3
41, 24, 1, 0, 3
41, 24, 1, 0, 3
41, 24, 1, 0, 3
41, 24, 1, 0, 4
41, 24, 1, 0, 4
41, 24, 1, 0, 4
41, 24, 1, 0, 4
41, 24, 1, 0, 4
41, 24, 1, 0, 4
41, 24, 1, 0, 4
41, 24, 1, 0, 4
41, 24, 1, 0, 4
41, 24, 1, 0, 4
41, 24, 1, 0, 4
41, 24, 1, 0, 4
42, 5, 0, 1, 2
42, 5, 0, 1, 2
42, 5, 0, 1, 2
42, 5, 0, 1, 2
42, 5, 0, 1, 2
42, 20, 1, 0, 3
42, 20, 1, 0, 3
42, 20, 1, 0, 3
42, 20, 1, 0, 3
42, 20, 1, 0, 3
42, 20, 1, 0, 3
42, 20, 1, 0, 3
42, 20, 1, 0, 3
42, 20, 1, 0, 3
42, 20, 1, 0, 3
42, 20, 1, 0, 4
42, 20, 1, 0, 4
42, 20, 1, 0, 4
42, 20, 1, 0, 4
42, 20, 1, 0, 4
42, 20, 1, 0, 4
42, 20, 1, 0, 4
42, 20, 1, 0, 4
42, 20, 1, 0, 4
42, 20, 1, 0, 4
43, 7, 0, 1, 2
43, 7, 0, 1, 2
43, 7, 0, 1, 2
43, 7, 0, 1, 2
43, 7, 0, 1, 2
43, 7, 0, 1, 2
43, 7, 0, 1, 2
43, 28, 1, 0, 3
43, 28, 1, 0, 3
43, 28, 1, 0, 3
43, 28, 1, 0, 3
43, 28, 1, 0, 3
43, 28, 1, 0, 3
43, 28, 1, 0, 3
43, 28, 1, 0, 3
43, 28, 1, 0, 3
43, 28, 1, 0, 3
43, 28, 1, 0, 3
43, 28, 1, 0, 3
43, 28, 1, 0, 3
43, 28, 1, 0, 3
43, 28, 1, 0, 4
43, 28, 1, 0, 4
43, 28, 1, 0, 4
43, 28, 1, 0, 4
43, 28, 1, 0, 4
43, 28, 1, 0, 4
43, 28, 1, 0, 4
43, 28, 1, 0, 4
43, 28, 1, 0, 4
43, 28, 1, 0, 4
43, 28, 1, 0, 4
43, 28, 1, 0, 4
43, 28, 1, 0, 4
43, 28, 1, 0, 4
44, 12, 0, 1, 2
44, 12, 0, 1, 2
44, 12, 0, 1, 2
44, 12, 0, 1, 2
44, 12, 0, 1, 2
44, 12, 0, 1, 2
44, 12, 0, 1, 2
44, 12, 0, 1, 2
44, 12, 0, 1, 2
44, 12, 0, 1, 2
44, 12, 0, 1, 2
44, 12, 0, 1, 2
44, 48, 1, 0, 3
44, 48, 1, 0, 3
44, 48, 1, 0, 3
44, 48, 1, 0, 3
44, 48, 1, 0, 3
44, 48, 1, 0, 3
44, 48, 1, 0, 3
44, 48, 1, 0, 3
44, 48, 1, 0, 3
44, 48, 1, 0, 3
44, 48, 1, 0, 3
44, 48, 1, 0, 3
44, 48, 1, 0, 3
44, 48, 1, 0, 3
44, 48, 1, 0, 3
44, 48, 1, 0, 3
44, 48, 1, 0, 3
44, 48, 1, 0, 3
44, 48, 1, 0, 3
44, 48, 1, 0, 3
44, 48, 1, 0, 3
44, 48, 1, 0, 3
44, 48, 1, 0, 3
44, 48, 1, 0, 3
44, 48, 1, 0, 3
44, 48, 1, 0, 3
44, 48, 1, 0, 3
44, 48, 1, 0, 3
44, 48, 1, 0, 3
44, 48, 1, 0, 3
44, 48, 1, 0, 3
44, 48, 1, 0, 3
44, 48, 1, 0, 3
44, 48, 1, 0, 3
44, 48, 1, 0, 3
44, 48, 1, 0, 3
44, 48, 1, 0, 3
44, 48, 1, 0, 3
44, 48, 1, 0, 3
44, 48, 1, 0, 3
44, 48, 1, 0, 3
44, 48, 1, 0, 3
44, 48, 1, 0, 3
44, 48, 1, 0, 3
44, 48, 1, 0, 3
44, 48, 1, 0, 3
44, 48, 1, 0, 3
44, 48, 1, 0, 3
45, 4, 0, 1, 2
45, 4, 0, 1, 2
45, 4, 0, 1, 2
45, 4, 0, 1, 2
45, 20, 1, 0, 3
45, 20, 1, 0, 3
45, 20, 1, 0, 3
45, 20, 1, 0, 3
45, 20, 1, 0, 3
45, 20, 1, 0, 3
45, 20, 1, 0, 3
45, 20, 1, 0, 3
45, 20, 1, 0, 4
45, 20, 1, 0, 4
45, 20, 1, 0, 4
45, 20, 1, 0, 4
45, 20, 1, 0, 4
45, 20, 1, 0, 4
45, 20, 1, 0, 4
45, 20, 1, 0, 4
45, 20, 1, 0, 4
45, 20, 1, 0, 4
45, 20, 1, 0, 4
45, 20, 1, 0, 4
46, 5, 0, 1, 2
46, 5, 0, 1, 2
46, 5, 0, 1, 2
46, 5, 0, 1, 2
46, 5, 0, 1, 2
46, 25, 1, 0, 3
46, 25, 1, 0, 3
46, 25, 1, 0, 3
46, 25, 1, 0, 3
46, 25, 1, 0, 3
46, 25, 1, 0, 3
46, 25, 1, 0, 3
46, 25, 1, 0, 3
46, 25, 1, 0, 3
46, 25, 1, 0, 3
46, 25, 1, 0, 3
46, 25, 1, 0, 3
46, 25, 1, 0, 3
46, 25, 1, 0, 3
46, 25, 1, 0, 3
46, 25, 1, 0, 4
46, 25, 1, 0, 4
46, 25, 1, 0, 4
46, 25, 1, 0, 4
46, 25, 1, 0, 4
46, 25, 1, 0, 4
46, 25, 1, 0, 4
46, 25, 1, 0, 4
46, 25, 1, 0, 4
46, 25, 1, 0, 4
47, 5, 0, 1, 2
47, 5, 0, 1, 2
47, 5, 0, 1, 2
47, 5, 0, 1, 2
47, 5, 0, 1, 2
47, 25, 1, 0, 3
47, 25, 1, 0, 3
47, 25, 1, 0, 3
47, 25, 1, 0, 3
47, 25, 1, 0, 3
47, 25, 1, 0, 3
47, 25, 1, 0, 3
47, 25, 1, 0, 3
47, 25, 1, 0, 3
47, 25, 1, 0, 3
47, 25, 1, 0, 3
47, 25, 1, 0, 3
47, 25, 1, 0, 3
47, 25, 1, 0, 3
47, 25, 1, 0, 3
47, 25, 1, 0, 4
47, 25, 1, 0, 4
47, 25, 1, 0, 4
47, 25, 1, 0, 4
47, 25, 1, 0, 4
47, 25, 1, 0, 4
47, 25, 1, 0, 4
47, 25, 1, 0, 4
47, 25, 1, 0, 4
47, 25, 1, 0, 4
48, 6, 0, 1, 2
48, 6, 0, 1, 2
48, 6, 0, 1, 2
48, 6, 0, 1, 2
48, 6, 0, 1, 2
48, 6, 0, 1, 2
48, 30, 1, 0, 3
48, 30, 1, 0, 3
48, 30, 1, 0, 3
48, 30, 1, 0, 3
48, 30, 1, 0, 3
48, 30, 1, 0, 3
48, 30, 1, 0, 3
48, 30, 1, 0, 3
48, 30, 1, 0, 3
48, 30, 1, 0, 3
48, 30, 1, 0, 3
48, 30, 1, 0, 3
48, 30, 1, 0, 3
48, 30, 1, 0, 3
48, 30, 1, 0, 3
48, 30, 1, 0, 3
48, 30, 1, 0, 3
48, 30, 1, 0, 3
48, 30, 1, 0, 4
48, 30, 1, 0, 4
48, 30, 1, 0, 4
48, 30, 1, 0, 4
48, 30, 1, 0, 4
48, 30, 1, 0, 4
48, 30, 1, 0, 4
48, 30, 1, 0, 4
48, 30, 1, 0, 4
48, 30, 1, 0, 4
48, 30, 1, 0, 4
48, 30, 1, 0, 4
49, 6, 0, 1, 2
49, 6, 0, 1, 2
49, 6, 0, 1, 2
49, 6, 0, 1, 2
49, 6, 0, 1, 2
49, 6, 0, 1, 2
49, 30, 1, 0, 3
49, 30, 1, 0, 3
49, 30, 1, 0, 3
49, 30, 1, 0, 3
49, 30, 1, 0, 3
49, 30, 1, 0, 3
49, 30, 1, 0, 3
49, 30, 1, 0, 3
49, 30, 1, 0, 3
49, 30, 1, 0, 3
49, 30, 1, 0, 3
49, 30, 1, 0, 3
49, 30, 1, 0, 3
49, 30, 1, 0, 3
49, 30, 1, 0, 3
49, 30, 1, 0, 3
49, 30, 1, 0, 3
49, 30, 1, 0, 3
49, 30, 1, 0, 4
49, 30, 1, 0, 4
49, 30, 1, 0, 4
49, 30, 1, 0, 4
49, 30, 1, 0, 4
49, 30, 1, 0, 4
49, 30, 1, 0, 4
49, 30, 1, 0, 4
49, 30, 1, 0, 4
49, 30, 1, 0, 4
49, 30, 1, 0, 4
49, 30, 1, 0, 4
50, 6, 0, 1, 2
50, 6, 0, 1, 2
50, 6, 0, 1, 2
50, 6, 0, 1, 2
50, 6, 0, 1, 2
50, 6, 0, 1, 2
50, 30, 1, 0, 3
50, 30, 1, 0, 3
50, 30, 1, 0, 3
50, 30, 1, 0, 3
50, 30, 1, 0, 3
50, 30, 1, 0, 3
50, 30, 1, 0, 3
50, 30, 1, 0, 3
50, 30, 1, 0, 3
50, 30, 1, 0, 3
50, 30, 1, 0, 3
50, 30, 1, 0, 3
50, 30, 1, 0, 3
50, 30, 1, 0, 3
50, 30, 1, 0, 3
50, 30, 1, 0, 3
50, 30, 1, 0, 3
50, 30, 1, 0, 3
50, 30, 1, 0, 4
50, 30, 1, 0, 4
50, 30, 1, 0, 4
50, 30, 1, 0, 4
50, 30, 1, 0, 4
50, 30, 1, 0, 4
50, 30, 1, 0, 4
50, 30, 1, 0, 4
50, 30, 1, 0, 4
50, 30, 1, 0, 4
50, 30, 1, 0, 4
50, 30, 1, 0, 4
51, 6, 0, 1, 2
51, 6, 0, 1, 2
51, 6, 0, 1, 2
51, 6, 0, 1, 2
51, 6, 0, 1, 2
51, 6, 0, 1, 2
51, 30, 1, 0, 3
51, 30, 1, 0, 3
51, 30, 1, 0, 3
51, 30, 1, 0, 3
51, 30, 1, 0, 3
51, 30, 1, 0, 3
51, 30, 1, 0, 3
51, 30, 1, 0, 3
51, 30, 1, 0, 3
51, 30, 1, 0, 3
51, 30, 1, 0, 3
51, 30, 1, 0, 3
51, 30, 1, 0, 3
51, 30, 1, 0, 3
51, 30, 1, 0, 3
51, 30, 1, 0, 3
51, 30, 1, 0, 3
51, 30, 1, 0, 3
51, 30, 1, 0, 4
51, 30, 1, 0, 4
51, 30, 1, 0, 4
51, 30, 1, 0, 4
51, 30, 1, 0, 4
51, 30, 1, 0, 4
51, 30, 1, 0, 4
51, 30, 1, 0, 4
51, 30, 1, 0, 4
51, 30, 1, 0, 4
51, 30, 1, 0, 4
51, 30, 1, 0, 4
52, 4, 0, 1, 2
52, 4, 0, 1, 2
52, 4, 0, 1, 2
52, 4, 0, 1, 2
52, 24, 1, 0, 3
52, 24, 1, 0, 3
52, 24, 1, 0, 3
52, 24, 1, 0, 3
52, 24, 1, 0, 3
52, 24, 1, 0, 3
52, 24, 1, 0, 3
52, 24, 1, 0, 3
52, 24, 1, 0, 3
52, 24, 1, 0, 3
52, 24, 1, 0, 3
52, 24, 1, 0, 3
52, 24, 1, 0, 4
52, 24, 1, 0, 4
52, 24, 1, 0, 4
52, 24, 1, 0, 4
52, 24, 1, 0, 4
52, 24, 1, 0, 4
52, 24, 1, 0, 4
52, 24, 1, 0, 4
52, 24, 1, 0, 4
52, 24, 1, 0, 4
52, 24, 1, 0, 4
52, 24, 1, 0, 4
53, 4, 0, 1, 2
53, 4, 0, 1, 2
53, 4, 0, 1, 2
53, 4, 0, 1, 2
53, 24, 1, 0, 3
53, 24, 1, 0, 3
53, 24, 1, 0, 3
53, 24, 1, 0, 3
53, 24, 1, 0, 3
53, 24, 1, 0, 3
53, 24, 1, 0, 3
53, 24, 1, 0, 3
53, 24, 1, 0, 3
53, 24, 1, 0, 3
53, 24, 1, 0, 3
53, 24, 1, 0, 3
53, 24, 1, 0, 4
53, 24, 1, 0, 4
53, 24, 1, 0, 4
53, 24, 1, 0, 4
53, 24, 1, 0, 4
53, 24, 1, 0, 4
53, 24, 1, 0, 4
53, 24, 1, 0, 4
53, 24, 1, 0, 4
53, 24, 1, 0, 4
53, 24, 1, 0, 4
53, 24, 1, 0, 4
54, 14, 0, 1, 2
54, 14, 0, 1, 2
54, 14, 0, 1, 2
54, 14, 0, 1, 2
54, 14, 0, 1, 2
54, 14, 0, 1, 2
54, 14, 0, 1, 2
54, 14, 0, 1, 2
54, 14, 0, 1, 2
54, 14, 0, 1, 2
54, 14, 0, 1, 2
54, 14, 0, 1, 2
54, 14, 0, 1, 2
54, 14, 0, 1, 2
54, 56, 1, 0, 3
54, 56, 1, 0, 3
54, 56, 1, 0, 3
54, 56, 1, 0, 3
54, 56, 1, 0, 3
54, 56, 1, 0, 3
54, 56, 1, 0, 3
54, 56, 1, 0, 3
54, 56, 1, 0, 3
54, 56, 1, 0, 3
54, 56, 1, 0, 3
54, 56, 1, 0, 3
54, 56, 1, 0, 3
54, 56, 1, 0, 3
54, 56, 1, 0, 3
54, 56, 1, 0, 3
54, 56, 1, 0, 3
54, 56, 1, 0, 3
54, 56, 1, 0, 3
54, 56, 1, 0, 3
54, 56, 1, 0, 3
54, 56, 1, 0, 3
54, 56, 1, 0, 3
54, 56, 1, 0, 3
54, 56, 1, 0, 3
54, 56, 1, 0, 3
54, 56, 1, 0, 3
54, 56, 1, 0, 3
54, 56, 1, 0, 3
54, 56, 1, 0, 3
54, 56, 1, 0, 3
54, 56, 1, 0, 3
54, 56, 1, 0, 3
54, 56, 1, 0, 3
54, 56, 1, 0, 3
54, 56, 1, 0, 3
54, 56, 1, 0, 3
54, 56, 1, 0, 3
54, 56, 1, 0, 3
54, 56, 1, 0, 3
54, 56, 1, 0, 3
54, 56, 1, 0, 3
54, 56, 1, 0, 3
54, 56, 1, 0, 3
54, 56, 1, 0, 3
54, 56, 1, 0, 3
54, 56, 1, 0, 3
54, 56, 1, 0, 3
54, 56, 1, 0, 3
54, 56, 1, 0, 3
54, 56, 1, 0, 3
54, 56, 1, 0, 3
54, 56, 1, 0, 3
54, 56, 1, 0, 3
54, 56, 1, 0, 3
54, 56, 1, 0, 3
55, 7, 0, 1, 2
55, 7, 0, 1, 2
55, 7, 0, 1, 2
55, 7, 0, 1, 2
55, 7, 0, 1, 2
55, 7, 0, 1, 2
55, 7, 0, 1, 2
55, 35, 1, 0, 3
55, 35, 1, 0, 3
55, 35, 1, 0, 3
55, 35, 1, 0, 3
55, 35, 1, 0, 3
55, 35, 1, 0, 3
55, 35, 1, 0, 3
55, 35, 1, 0, 3
55, 35, 1, 0, 3
55, 35, 1, 0, 3
55, 35, 1, 0, 3
55, 35, 1, 0, 3
55, 35, 1, 0, 3
55, 35, 1, 0, 3
55, 35, 1, 0, 3
55, 35, 1, 0, 3
55, 35, 1, 0, 3
55, 35, 1, 0, 3
55, 35, 1, 0, 3
55, 35, 1, 0, 3
55, 35, 1, 0, 3
55, 35, 1, 0, 4
55, 35, 1, 0, 4
55, 35, 1, 0, 4
55, 35, 1, 0, 4
55, 35, 1, 0, 4
55, 35, 1, 0, 4
55, 35, 1, 0, 4
55, 35, 1, 0, 4
55, 35, 1, 0, 4
55, 35, 1, 0, 4
55, 35, 1, 0, 4
55, 35, 1, 0, 4
55, 35, 1, 0, 4
55, 35, 1, 0, 4
56, 7, 0, 1, 2
56, 7, 0, 1, 2
56, 7, 0, 1, 2
56, 7, 0, 1, 2
56, 7, 0, 1, 2
56, 7, 0, 1, 2
56, 7, 0, 1, 2
56, 35, 1, 0, 3
56, 35, 1, 0, 3
56, 35, 1, 0, 3
56, 35, 1, 0, 3
56, 35, 1, 0, 3
56, 35, 1, 0, 3
56, 35, 1, 0, 3
56, 35, 1, 0, 3
56, 35, 1, 0, 3
56, 35, 1, 0, 3
56, 35, 1, 0, 3
56, 35, 1, 0, 3
56, 35, 1, 0, 3
56, 35, 1, 0, 3
56, 35, 1, 0, 3
56, 35, 1, 0, 3
56, 35, 1, 0, 3
56, 35, 1, 0, 3
56, 35, 1, 0, 3
56, 35, 1, 0, 3
56, 35, 1, 0, 3
56, 35, 1, 0, 4
56, 35, 1, 0, 4
56, 35, 1, 0, 4
56, 35, 1, 0, 4
56, 35, 1, 0, 4
56, 35, 1, 0, 4
56, 35, 1, 0, 4
56, 35, 1, 0, 4
56, 35, 1, 0, 4
56, 35, 1, 0, 4
56, 35, 1, 0, 4
56, 35, 1, 0, 4
56, 35, 1, 0, 4
56, 35, 1, 0, 4
57, 16, 0, 1, 2
57, 16, 0, 1, 2
57, 16, 0, 1, 2
57, 16, 0, 1, 2
57, 16, 0, 1, 2
57, 16, 0, 1, 2
57, 16, 0, 1, 2
57, 16, 0, 1, 2
57, 16, 0, 1, 2
57, 16, 0, 1, 2
57, 16, 0, 1, 2
57, 16, 0, 1, 2
57, 16, 0, 1, 2
57, 16, 0, 1, 2
57, 16, 0, 1, 2
57, 16, 0, 1, 2
57, 64, 1, 0, 3
57, 64, 1, 0, 3
57, 64, 1, 0, 3
57, 64, 1, 0, 3
57, 64, 1, 0, 3
57, 64, 1, 0, 3
57, 64, 1, 0, 3
57, 64, 1, 0, 3
57, 64, 1, 0, 3
57, 64, 1, 0, 3
57, 64, 1, 0, 3
57, 64, 1, 0, 3
57, 64, 1, 0, 3
57, 64, 1, 0, 3
57, 64, 1, 0, 3
57, 64, 1, 0, 3
57, 64, 1, 0, 3
57, 64, 1, 0, 3
57, 64, 1, 0, 3
57, 64, 1, 0, 3
57, 64, 1, 0, 3
57, 64, 1, 0, 3
57, 64, 1, 0, 3
57, 64, 1, 0, 3
57, 64, 1, 0, 3
57, 64, 1, 0, 3
57, 64, 1, 0, 3
57, 64, 1, 0, 3
57, 64, 1, 0, 3
57, 64, 1, 0, 3
57, 64, 1, 0, 3
57, 64, 1, 0, 3
57, 64, 1, 0, 3
57, 64, 1, 0, 3
57, 64, 1, 0, 3
57, 64, 1, 0, 3
57, 64, 1, 0, 3
57, 64, 1, 0, 3
57, 64, 1, 0, 3
57, 64, 1, 0, 3
57, 64, 1, 0, 3
57, 64, 1, 0, 3
57, 64, 1, 0, 3
57, 64, 1, 0, 3
57, 64, 1, 0, 3
57, 64, 1, 0, 3
57, 64, 1, 0, 3
57, 64, 1, 0, 3
57, 64, 1, 0, 3
57, 64, 1, 0, 3
57, 64, 1, 0, 3
57, 64, 1, 0, 3
57, 64, 1, 0, 3
57, 64, 1, 0, 3
57, 64, 1, 0, 3
57, 64, 1, 0, 3
57, 64, 1, 0, 3
57, 64, 1, 0, 3
57, 64, 1, 0, 3
57, 64, 1, 0, 3
57, 64, 1, 0, 3
57, 64, 1, 0, 3
57, 64, 1, 0, 3
57, 64, 1, 0, 3
58, 6, 0, 1, 2
58, 6, 0, 1, 2
58, 6, 0, 1, 2
58, 6, 0, 1, 2
58, 6, 0, 1, 2
58, 6, 0, 1, 2
58, 30, 1, 0, 3
58, 30, 1, 0, 3
58, 30, 1, 0, 3
58, 30, 1, 0, 3
58, 30, 1, 0, 3
58, 30, 1, 0, 3
58, 30, 1, 0, 3
58, 30, 1, 0, 3
58, 30, 1, 0, 3
58, 30, 1, 0, 3
58, 30, 1, 0, 3
58, 30, 1, 0, 3
58, 30, 1, 0, 4
58, 30, 1, 0, 4
58, 30, 1, 0, 4
58, 30, 1, 0, 4
58, 30, 1, 0, 4
58, 30, 1, 0, 4
58, 30, 1, 0, 4
58, 30, 1, 0, 4
58, 30, 1, 0, 4
58, 30, 1, 0, 4
58, 30, 1, 0, 4
58, 30, 1, 0, 4
58, 30, 1, 0, 4
58, 30, 1, 0, 4
58, 30, 1, 0, 4
58, 30, 1, 0, 4
58, 30, 1, 0, 4
58, 30, 1, 0, 4
59, 8, 0, 1, 2
59, 8, 0, 1, 2
59, 8, 0, 1, 2
59, 8, 0, 1, 2
59, 8, 0, 1, 2
59, 8, 0, 1, 2
59, 8, 0, 1, 2
59, 8, 0, 1, 2
59, 40, 1, 0, 3
59, 40, 1, 0, 3
59, 40, 1, 0, 3
59, 40, 1, 0, 3
59, 40, 1, 0, 3
59, 40, 1, 0, 3
59, 40, 1, 0, 3
59, 40, 1, 0, 3
59, 40, 1, 0, 3
59, 40, 1, 0, 3
59, 40, 1, 0, 3
59, 40, 1, 0, 3
59, 40, 1, 0, 3
59, 40, 1, 0, 3
59, 40, 1, 0, 3
59, 40, 1, 0, 3
59, 40, 1, 0, 4
59, 40, 1, 0, 4
59, 40, 1, 0, 4
59, 40, 1, 0, 4
59, 40, 1, 0, 4
59, 40, 1, 0, 4
59, 40, 1, 0, 4
59, 40, 1, 0, 4
59, 40, 1, 0, 4
59, 40, 1, 0, 4
59, 40, 1, 0, 4
59, 40, 1, 0, 4
59, 40, 1, 0, 4
59, 40, 1, 0, 4
59, 40, 1, 0, 4
59, 40, 1, 0, 4
59, 40, 1, 0, 4
59, 40, 1, 0, 4
59, 40, 1, 0, 4
59, 40, 1, 0, 4
59, 40, 1, 0, 4
59, 40, 1, 0, 4
59, 40, 1, 0, 4
59, 40, 1, 0, 4
60, 36, 0, 1, 3
60, 36, 0, 1, 3
60, 36, 0, 1, 3
60, 36, 0, 1, 3
60, 36, 0, 1, 4
60, 36, 0, 1, 4
60, 36, 0, 1, 4
60, 36, 0, 2, 3
60, 36, 0, 2, 3
60, 36, 0, 2, 4
60, 36, 0, 2, 4
60, 36, 0, 3, 3
60, 36, 0, 3, 3
60, 36, 0, 3, 3
60, 36, 0, 3, 3
60, 36, 0, 3, 3
60, 36, 0, 3, 3
60, 36, 0, 3, 3
60, 36, 0, 3, 3
60, 36, 0, 3, 4
60, 36, 0, 3, 4
60, 36, 0, 3, 4
60, 36, 0, 3, 4
60, 36, 0, 3, 4
60, 36, 0, 3, 4
60, 36, 0, 3, 4
60, 36, 0, 4, 3
60, 36, 0, 4, 3
60, 36, 0, 4, 4
60, 36, 0, 4, 4
60, 36, 0, 5, 2
60, 36, 0, 5, 3
60, 36, 0, 5, 3
60, 36, 0, 5, 4
60, 36, 0, 5, 4
60, 36, 0, 5, 4
60, 38, 1, 0, 2
60, 38, 1, 0, 2
60, 38, 1, 2, 3
60, 38, 1, 2, 3
60, 38, 1, 2, 3
60, 38, 1, 2, 3
60, 38, 1, 2, 4
60, 38, 1, 2, 4
60, 38, 1, 2, 4
60, 38, 1, 3, 3
60, 38, 1, 3, 3
60, 38, 1, 3, 4
60, 38, 1, 3, 4
60, 38, 1, 4, 3
60, 38, 1, 4, 3
60, 38, 1, 4, 3
60, 38, 1, 4, 3
60, 38, 1, 4, 3
60, 38, 1, 4, 3
60, 38, 1, 4, 3
60, 38, 1, 4, 3
60, 38, 1, 4, 4
60, 38, 1, 4, 4
60, 38, 1, 4, 4
60, 38, 1, 4, 4
60, 38, 1, 4, 4
60, 38, 1, 4, 4
60, 38, 1, 4, 4
60, 38, 1, 5, 3
60, 38, 1, 5, 3
60, 38, 1, 5, 4
60, 38, 1, 5, 4
60, 38, 1, 6, 2
60, 38, 1, 6, 3
60, 38, 1, 6, 3
60, 38, 1, 6, 4
60, 38, 1, 6, 4
60, 38, 1, 6, 4
60, 39, 2, 0, 2
60, 39, 2, 1, 2
60, 39, 2, 1, 2
60, 39, 2, 3, 3
60, 39, 2, 3, 3
60, 39, 2, 3, 3
60, 39, 2, 3, 3
60, 39, 2, 3, 4
60, 39, 2, 3, 4
60, 39, 2, 3, 4
60, 39, 2, 4, 3
60, 39, 2, 4, 3
60, 39, 2, 4, 4
60, 39, 2, 4, 4
60, 39, 2, 5, 3
60, 39, 2, 5, 3
60, 39, 2, 5, 3
60, 39, 2, 5, 3
60, 39, 2, 5, 3
60, 39, 2, 5, 3
60, 39, 2, 5, 3
60, 39, 2, 5, 3
60, 39, 2, 5, 4
60, 39, 2, 5, 4
60, 39, 2, 5, 4
60, 39, 2, 5, 4
60, 39, 2, 5, 4
60, 39, 2, 5, 4
60, 39, 2, 5, 4
60, 39, 2, 6, 3
60, 39, 2, 6, 3
60, 39, 2, 6, 4
60, 39, 2, 6, 4
60, 39, 2, 7, 2
60, 39, 2, 7, 3
60, 39, 2, 7, 3
60, 39, 2, 7, 4
60, 39, 2, 7, 4
60, 39, 2, 7, 4
60, 43, 3, 0, 2
60, 43, 3, 0, 2
60, 43, 3, 0, 2
60, 43, 3, 0, 2
60, 43, 3, 1, 2
60, 43, 3, 2, 2
60, 43, 3, 2, 2
60, 43, 3, 4, 3
60, 43, 3, 4, 3
60, 43, 3, 4, 3
60, 43, 3, 4, 3
60, 43, 3, 4, 4
60, 43, 3, 4, 4
60, 43, 3, 4, 4
60, 43, 3, 5, 3
60, 43, 3, 5, 3
60, 43, 3, 5, 4
60, 43, 3, 5, 4
60, 43, 3, 6, 3
60, 43, 3, 6, 3
60, 43, 3, 6, 3
60, 43, 3, 6, 3
60, 43, 3, 6, 3
60, 43, 3, 6, 3
60, 43, 3, 6, 3
60, 43, 3, 6, 3
60, 43, 3, 6, 4
60, 43, 3, 6, 4
60, 43, 3, 6, 4
60, 43, 3, 6, 4
60, 43, 3, 6, 4
60, 43, 3, 6, 4
60, 43, 3, 6, 4
60, 43, 3, 7, 3
60, 43, 3, 7, 3
60, 43, 3, 7, 4
60, 43, 3, 7, 4
60, 43, 3, 8, 2
60, 43, 3, 8, 3
60, 43, 3, 8, 3
60, 43, 3, 8, 4
60, 43, 3, 8, 4
60, 43, 3, 8, 4
60, 38, 4, 0, 2
60, 38, 4, 1, 2
60, 38, 4, 1, 2
60, 38, 4, 1, 2
60, 38, 4, 1, 2
60, 38, 4, 2, 2
60, 38, 4, 3, 2
60, 38, 4, 3, 2
60, 38, 4, 5, 3
60, 38, 4, 5, 3
60, 38, 4, 5, 3
60, 38, 4, 5, 3
60, 38, 4, 5, 4
60, 38, 4, 5, 4
60, 38, 4, 5, 4
60, 38, 4, 6, 3
60, 38, 4, 6, 3
60, 38, 4, 6, 4
60, 38, 4, 6, 4
60, 38, 4, 7, 3
60, 38, 4, 7, 3
60, 38, 4, 7, 3
60, 38, 4, 7, 3
60, 38, 4, 7, 3
60, 38, 4, 7, 3
60, 38, 4, 7, 3
60, 38, 4, 7, 3
60, 38, 4, 7, 4
60, 38, 4, 7, 4
60, 38, 4, 7, 4
60, 38, 4, 7, 4
60, 38, 4, 7, 4
60, 38, 4, 7, 4
60, 38, 4, 7, 4
60, 38, 4, 8, 3
60, 38, 4, 8, 3
60, 38, 4, 8, 4
60, 38, 4, 8, 4
60, 36, 5, 0, 2
60, 36, 5, 0, 2
60, 36, 5, 1, 2
60, 36, 5, 2, 2
60, 36, 5, 2, 2
60, 36, 5, 2, 2
60, 36, 5, 2, 2
60, 36, 5, 3, 2
60, 36, 5, 4, 2
60, 36, 5, 4, 2
60, 36, 5, 6, 3
60, 36, 5, 6, 3
60, 36, 5, 6, 3
60, 36, 5, 6, 3
60, 36, 5, 6, 4
60, 36, 5, 6, 4
60, 36, 5, 6, 4
60, 36, 5, 7, 3
60, 36, 5, 7, 3
60, 36, 5, 7, 4
60, 36, 5, 7, 4
60, 36, 5, 8, 3
60, 36, 5, 8, 3
60, 36, 5, 8, 3
60, 36, 5, 8, 3
60, 36, 5, 8, 3
60, 36, 5, 8, 3
60, 36, 5, 8, 3
60, 36, 5, 8, 3
60, 36, 5, 8, 4
60, 36, 5, 8, 4
60, 36, 5, 8, 4
60, 36, 5, 8, 4
60, 36, 5, 8, 4
60, 36, 5, 8, 4
60, 36, 5, 8, 4
60, 21, 6, 1, 2
60, 21, 6, 1, 2
60, 21, 6, 2, 2
60, 21, 6, 3, 2
60, 21, 6, 3, 2
60, 21, 6, 3, 2
60, 21, 6, 3, 2
60, 21, 6, 4, 2
60, 21, 6, 5, 2
60, 21, 6, 5, 2
60, 21, 6, 7, 3
60, 21, 6, 7, 3
60, 21, 6, 7, 3
60, 21, 6, 7, 3
60, 21, 6, 7, 4
60, 21, 6, 7, 4
60, 21, 6, 7, 4
60, 21, 6, 8, 3
60, 21, 6, 8, 3
60, 21, 6, 8, 4
60, 21, 6, 8, 4
60, 17, 7, 2, 2
60, 17, 7, 2, 2
60, 17, 7, 3, 2
60, 17, 7, 4, 2
60, 17, 7, 4, 2
60, 17, 7, 4, 2
60, 17, 7, 4, 2
60, 17, 7, 5, 2
60, 17, 7, 6, 2
60, 17, 7, 6, 2
60, 17, 7, 8, 3
60, 17, 7, 8, 3
60, 17, 7, 8, 3
60, 17, 7, 8, 3
60, 17, 7, 8, 4
60, 17, 7, 8, 4
60, 17, 7, 8, 4
60, 10, 8, 3, 2
60, 10, 8, 3, 2
60, 10, 8, 4, 2
60, 10, 8, 5, 2
60, 10, 8, 5, 2
60, 10, 8, 5, 2
60, 10, 8, 5, 2
60, 10, 8, 6, 2
60, 10, 8, 7, 2
60, 10, 8, 7, 2
61, 6, 0, 1, 2
61, 6, 0, 1, 2
61, 6, 0, 1, 2
61, 6, 0, 1, 2
61, 6, 0, 1, 2
61, 6, 0, 1, 2
61, 36, 1, 0, 3
61, 36, 1, 0, 3
61, 36, 1, 0, 3
61, 36, 1, 0, 3
61, 36, 1, 0, 3
61, 36, 1, 0, 3
61, 36, 1, 0, 3
61, 36, 1, 0, 3
61, 36, 1, 0, 3
61, 36, 1, 0, 3
61, 36, 1, 0, 3
61, 36, 1, 0, 3
61, 36, 1, 0, 3
61, 36, 1, 0, 3
61, 36, 1, 0, 3
61, 36, 1, 0, 3
61, 36, 1, 0, 3
61, 36, 1, 0, 3
61, 36, 1, 0, 4
61, 36, 1, 0, 4
61, 36, 1, 0, 4
61, 36, 1, 0, 4
61, 36, 1, 0, 4
61, 36, 1, 0, 4
61, 36, 1, 0, 4
61, 36, 1, 0, 4
61, 36, 1, 0, 4
61, 36, 1, 0, 4
61, 36, 1, 0, 4
61, 36, 1, 0, 4
61, 36, 1, 0, 4
61, 36, 1, 0, 4
61, 36, 1, 0, 4
61, 36, 1, 0, 4
61, 36, 1, 0, 4
61, 36, 1, 0, 4
62, 6, 0, 1, 2
62, 6, 0, 1, 2
62, 6, 0, 1, 2
62, 6, 0, 1, 2
62, 6, 0, 1, 2
62, 6, 0, 1, 2
62, 36, 1, 0, 3
62, 36, 1, 0, 3
62, 36, 1, 0, 3
62, 36, 1, 0, 3
62, 36, 1, 0, 3
62, 36, 1, 0, 3
62, 36, 1, 0, 3
62, 36, 1, 0, 3
62, 36, 1, 0, 3
62, 36, 1, 0, 3
62, 36, 1, 0, 3
62, 36, 1, 0, 3
62, 36, 1, 0, 3
62, 36, 1, 0, 3
62, 36, 1, 0, 3
62, 36, 1, 0, 3
62, 36, 1, 0, 3
62, 36, 1, 0, 3
62, 36, 1, 0, 4
62, 36, 1, 0, 4
62, 36, 1, 0, 4
62, 36, 1, 0, 4
62, 36, 1, 0, 4
62, 36, 1, 0, 4
62, 36, 1, 0, 4
62, 36, 1, 0, 4
62, 36, 1, 0, 4
62, 36, 1, 0, 4
62, 36, 1, 0, 4
62, 36, 1, 0, 4
62, 36, 1, 0, 4
62, 36, 1, 0, 4
62, 36, 1, 0, 4
62, 36, 1, 0, 4
62, 36, 1, 0, 4
62, 36, 1, 0, 4
63, 8, 0, 1, 2
63, 8, 0, 1, 2
63, 8, 0, 1, 2
63, 8, 0, 1, 2
63, 8, 0, 1, 2
63, 8, 0, 1, 2
63, 8, 0, 1, 2
63, 8, 0, 1, 2
63, 48, 1, 0, 3
63, 48, 1, 0, 3
63, 48, 1, 0, 3
63, 48, 1, 0, 3
63, 48, 1, 0, 3
63, 48, 1, 0, 3
63, 48, 1, 0, 3
63, 48, 1, 0, 3
63, 48, 1, 0, 3
63, 48, 1, 0, 3
63, 48, 1, 0, 3
63, 48, 1, 0, 3
63, 48, 1, 0, 3
63, 48, 1, 0, 3
63, 48, 1, 0, 3
63, 48, 1, 0, 3
63, 48, 1, 0, 3
63, 48, 1, 0, 3
63, 48, 1, 0, 3
63, 48, 1, 0, 3
63, 48, 1, 0, 3
63, 48, 1, 0, 3
63, 48, 1, 0, 3
63, 48, 1, 0, 3
63, 48, 1, 0, 4
63, 48, 1, 0, 4
63, 48, 1, 0, 4
63, 48, 1, 0, 4
63, 48, 1, 0, 4
63, 48, 1, 0, 4
63, 48, 1, 0, 4
63, 48, 1, 0, 4
63, 48, 1, 0, 4
63, 48, 1, 0, 4
63, 48, 1, 0, 4
63, 48, 1, 0, 4
63, 48, 1, 0, 4
63, 48, 1, 0, 4
63, 48, 1, 0, 4
63, 48, 1, 0, 4
63, 48, 1, 0, 4
63, 48, 1, 0, 4
63, 48, 1, 0, 4
63, 48, 1, 0, 4
63, 48, 1, 0, 4
63, 48, 1, 0, 4
63, 48, 1, 0, 4
63, 48, 1, 0, 4
64, 45, 0, 1, 2
64, 45, 0, 1, 3
64, 45, 0, 1, 3
64, 45, 0, 1, 3
64, 45, 0, 1, 4
64, 45, 0, 1, 4
64, 45, 0, 1, 4
64, 45, 0, 2, 3
64, 45, 0, 2, 3
64, 45, 0, 2, 3
64, 45, 0, 2, 4
64, 45, 0, 2, 4
64, 45, 0, 3, 3
64, 45, 0, 3, 3
64, 45, 0, 3, 3
64, 45, 0, 3, 3
64, 45, 0, 3, 3
64, 45, 0, 3, 3
64, 45, 0, 3, 3
64, 45, 0, 3, 3
64, 45, 0, 3, 3
64, 45, 0, 3, 3
64, 45, 0, 3, 3
64, 45, 0, 3, 3
64, 45, 0, 3, 4
64, 45, 0, 3, 4
64, 45, 0, 3, 4
64, 45, 0, 3, 4
64, 45, 0, 3, 4
64, 45, 0, 3, 4
64, 45, 0, 3, 4
64, 45, 0, 4, 3
64, 45, 0, 4, 3
64, 45, 0, 4, 3
64, 45, 0, 4, 4
64, 45, 0, 4, 4
64, 45, 0, 5, 3
64, 45, 0, 5, 3
64, 45, 0, 5, 3
64, 45, 0, 5, 3
64, 45, 0, 5, 3
64, 45, 0, 5, 3
64, 45, 0, 5, 4
64, 45, 0, 5, 4
64, 45, 0, 5, 4
64, 47, 1, 0, 2
64, 47, 1, 0, 2
64, 47, 1, 2, 2
64, 47, 1, 2, 3
64, 47, 1, 2, 3
64, 47, 1, 2, 3
64, 47, 1, 2, 4
64, 47, 1, 2, 4
64, 47, 1, 2, 4
64, 47, 1, 3, 3
64, 47, 1, 3, 3
64, 47, 1, 3, 3
64, 47, 1, 3, 4
64, 47, 1, 3, 4
64, 47, 1, 4, 3
64, 47, 1, 4, 3
64, 47, 1, 4, 3
64, 47, 1, 4, 3
64, 47, 1, 4, 3
64, 47, 1, 4, 3
64, 47, 1, 4, 3
64, 47, 1, 4, 3
64, 47, 1, 4, 3
64, 47, 1, 4, 3
64, 47, 1, 4, 3
64, 47, 1, 4, 3
64, 47, 1, 4, 4
64, 47, 1, 4, 4
64, 47, 1, 4, 4
64, 47, 1, 4, 4
64, 47, 1, 4, 4
64, 47, 1, 4, 4
64, 47, 1, 4, 4
64, 47, 1, 5, 3
64, 47, 1, 5, 3
64, 47, 1, 5, 3
64, 47, 1, 5, 4
64, 47, 1, 5, 4
64, 47, 1, 6, 3
64, 47, 1, 6, 3
64, 47, 1, 6, 3
64, 47, 1, 6, 3
64, 47, 1, 6, 3
64, 47, 1, 6, 3
64, 47, 1, 6, 4
64, 47, 1, 6, 4
64, 47, 1, 6, 4
64, 48, 2, 0, 2
64, 48, 2, 1, 2
64, 48, 2, 1, 2
64, 48, 2, 3, 2
64, 48, 2, 3, 3
64, 48, 2, 3, 3
64, 48, 2, 3, 3
64, 48, 2, 3, 4
64, 48, 2, 3, 4
64, 48, 2, 3, 4
64, 48, 2, 4, 3
64, 48, 2, 4, 3
64, 48, 2, 4, 3
64, 48, 2, 4, 4
64, 48, 2, 4, 4
64, 48, 2, 5, 3
64, 48, 2, 5, 3
64, 48, 2, 5, 3
64, 48, 2, 5, 3
64, 48, 2, 5, 3
64, 48, 2, 5, 3
64, 48, 2, 5, 3
64, 48, 2, 5, 3
64, 48, 2, 5, 3
64, 48, 2, 5, 3
64, 48, 2, 5, 3
64, 48, 2, 5, 3
64, 48, 2, 5, 4
64, 48, 2, 5, 4
64, 48, 2, 5, 4
64, 48, 2, 5, 4
64, 48, 2, 5, 4
64, 48, 2, 5, 4
64, 48, 2, 5, 4
64, 48, 2, 6, 3
64, 48, 2, 6, 3
64, 48, 2, 6, 3
64, 48, 2, 6, 4
64, 48, 2, 6, 4
64, 48, 2, 7, 3
64, 48, 2, 7, 3
64, 48, 2, 7, 3
64, 48, 2, 7, 3
64, 48, 2, 7, 3
64, 48, 2, 7, 3
64, 48, 2, 7, 4
64, 48, 2, 7, 4
64, 48, 2, 7, 4
64, 52, 3, 0, 2
64, 52, 3, 0, 2
64, 52, 3, 0, 2
64, 52, 3, 0, 2
64, 52, 3, 1, 2
64, 52, 3, 2, 2
64, 52, 3, 2, 2
64, 52, 3, 4, 2
64, 52, 3, 4, 3
64, 52, 3, 4, 3
64, 52, 3, 4, 3
64, 52, 3, 4, 4
64, 52, 3, 4, 4
64, 52, 3, 4, 4
64, 52, 3, 5, 3
64, 52, 3, 5, 3
64, 52, 3, 5, 3
64, 52, 3, 5, 4
64, 52, 3, 5, 4
64, 52, 3, 6, 3
64, 52, 3, 6, 3
64, 52, 3, 6, 3
64, 52, 3, 6, 3
64, 52, 3, 6, 3
64, 52, 3, 6, 3
64, 52, 3, 6, 3
64, 52, 3, 6, 3
64, 52, 3, 6, 3
64, 52, 3, 6, 3
64, 52, 3, 6, 3
64, 52, 3, 6, 3
64, 52, 3, 6, 4
64, 52, 3, 6, 4
64, 52, 3, 6, 4
64, 52, 3, 6, 4
64, 52, 3, 6, 4
64, 52, 3, 6, 4
64, 52, 3, 6, 4
64, 52, 3, 7, 3
64, 52, 3, 7, 3
64, 52, 3, 7, 3
64, 52, 3, 7, 4
64, 52, 3, 7, 4
64, 52, 3, 8, 3
64, 52, 3, 8, 3
64, 52, 3, 8, 3
64, 52, 3, 8, 3
64, 52, 3, 8, 3
64, 52, 3, 8, 3
64, 52, 3, 8, 4
64, 52, 3, 8, 4
64, 52, 3, 8, 4
64, 44, 4, 0, 2
64, 44, 4, 1, 2
64, 44, 4, 1, 2
64, 44, 4, 1, 2
64, 44, 4, 1, 2
64, 44, 4, 2, 2
64, 44, 4, 3, 2
64, 44, 4, 3, 2
64, 44, 4, 5, 2
64, 44, 4, 5, 3
64, 44, 4, 5, 3
64, 44, 4, 5, 3
64, 44, 4, 5, 4
64, 44, 4, 5, 4
64, 44, 4, 5, 4
64, 44, 4, 6, 3
64, 44, 4, 6, 3
64, 44, 4, 6, 3
64, 44, 4, 6, 4
64, 44, 4, 6, 4
64, 44, 4, 7, 3
64, 44, 4, 7, 3
64, 44, 4, 7, 3
64, 44, 4, 7, 3
64, 44, 4, 7, 3
64, 44, 4, 7, 3
64, 44, 4, 7, 3
64, 44, 4, 7, 3
64, 44, 4, 7, 3
64, 44, 4, 7, 3
64, 44, 4, 7, 3
64, 44, 4, 7, 3
64, 44, 4, 7, 4
64, 44, 4, 7, 4
64, 44, 4, 7, 4
64, 44, 4, 7, 4
64, 44, 4, 7, 4
64, 44, 4, 7, 4
64, 44, 4, 7, 4
64, 44, 4, 8, 3
64, 44, 4, 8, 3
64, 44, 4, 8, 3
64, 44, 4, 8, 4
64, 44, 4, 8, 4
64, 41, 5, 0, 2
64, 41, 5, 0, 2
64, 41, 5, 1, 2
64, 41, 5, 2, 2
64, 41, 5, 2, 2
64, 41, 5, 2, 2
64, 41, 5, 2, 2
64, 41, 5, 3, 2
64, 41, 5, 4, 2
64, 41, 5, 4, 2
64, 41, 5, 6, 2
64, 41, 5, 6, 3
64, 41, 5, 6, 3
64, 41, 5, 6, 3
64, 41, 5, 6, 4
64, 41, 5, 6, 4
64, 41, 5, 6, 4
64, 41, 5, 7, 3
64, 41, 5, 7, 3
64, 41, 5, 7, 3
64, 41, 5, 7, 4
64, 41, 5, 7, 4
64, 41, 5, 8, 3
64, 41, 5, 8, 3
64, 41, 5, 8, 3
64, 41, 5, 8, 3
64, 41, 5, 8, 3
64, 41, 5, 8, 3
64, 41, 5, 8, 3
64, 41, 5, 8, 3
64, 41, 5, 8, 3
64, 41, 5, 8, 3
64, 41, 5, 8, 3
64, 41, 5, 8, 3
64, 41, 5, 8, 4
64, 41, 5, 8, 4
64, 41, 5, 8, 4
64, 41, 5, 8, 4
64, 41, 5, 8, 4
64, 41, 5, 8, 4
64, 41, 5, 8, 4
64, 22, 6, 1, 2
64, 22, 6, 1, 2
64, 22, 6, 2, 2
64, 22, 6, 3, 2
64, 22, 6, 3, 2
64, 22, 6, 3, 2
64, 22, 6, 3, 2
64, 22, 6, 4, 2
64, 22, 6, 5, 2
64, 22, 6, 5, 2
64, 22, 6, 7, 2
64, 22, 6, 7, 3
64, 22, 6, 7, 3
64, 22, 6, 7, 3
64, 22, 6, 7, 4
64, 22, 6, 7, 4
64, 22, 6, 7, 4
64, 22, 6, 8, 3
64, 22, 6, 8, 3
64, 22, 6, 8, 3
64, 22, 6, 8, 4
64, 22, 6, 8, 4
64, 17, 7, 2, 2
64, 17, 7, 2, 2
64, 17, 7, 3, 2
64, 17, 7, 4, 2
64, 17, 7, 4, 2
64, 17, 7, 4, 2
64, 17, 7, 4, 2
64, 17, 7, 5, 2
64, 17, 7, 6, 2
64, 17, 7, 6, 2
64, 17, 7, 8, 2
64, 17, 7, 8, 3
64, 17, 7, 8, 3
64, 17, 7, 8, 3
64, 17, 7, 8, 4
64, 17, 7, 8, 4
64, 17, 7, 8, 4
64, 10, 8, 3, 2
64, 10, 8, 3, 2
64, 10, 8, 4, 2
64, 10, 8, 5, 2
64, 10, 8, 5, 2
64, 10, 8, 5, 2
64, 10, 8, 5, 2
64, 10, 8, 6, 2
64, 10, 8, 7, 2
64, 10, 8, 7, 2
65, 8, 0, 1, 2
65, 8, 0, 1, 2
65, 8, 0, 1, 2
65, 8, 0, 1, 2
65, 8, 0, 1, 2
65, 8, 0, 1, 2
65, 8, 0, 1, 2
65, 8, 0, 1, 2
65, 48, 1, 0, 3
65, 48, 1, 0, 3
65, 48, 1, 0, 3
65, 48, 1, 0, 3
65, 48, 1, 0, 3
65, 48, 1, 0, 3
65, 48, 1, 0, 3
65, 48, 1, 0, 3
65, 48, 1, 0, 3
65, 48, 1, 0, 3
65, 48, 1, 0, 3
65, 48, 1, 0, 3
65, 48, 1, 0, 3
65, 48, 1, 0, 3
65, 48, 1, 0, 3
65, 48, 1, 0, 3
65, 48, 1, 0, 3
65, 48, 1, 0, 3
65, 48, 1, 0, 3
65, 48, 1, 0, 3
65, 48, 1, 0, 3
65, 48, 1, 0, 3
65, 48, 1, 0, 3
65, 48, 1, 0, 3
65, 48, 1, 0, 4
65, 48, 1, 0, 4
65, 48, 1, 0, 4
65, 48, 1, 0, 4
65, 48, 1, 0, 4
65, 48, 1, 0, 4
65, 48, 1, 0, 4
65, 48, 1, 0, 4
65, 48, 1, 0, 4
65, 48, 1, 0, 4
65, 48, 1, 0, 4
65, 48, 1, 0, 4
65, 48, 1, 0, 4
65, 48, 1, 0, 4
65, 48, 1, 0, 4
65, 48, 1, 0, 4
65, 48, 1, 0, 4
65, 48, 1, 0, 4
65, 48, 1, 0, 4
65, 48, 1, 0, 4
65, 48, 1, 0, 4
65, 48, 1, 0, 4
65, 48, 1, 0, 4
65, 48, 1, 0, 4
66, 45, 0, 1, 3
66, 45, 0, 1, 3
66, 45, 0, 1, 3
66, 45, 0, 1, 3
66, 45, 0, 1, 3
66, 45, 0, 1, 3
66, 45, 0, 1, 4
66, 45, 0, 1, 4
66, 45, 0, 1, 4
66, 45, 0, 2, 3
66, 45, 0, 2, 3
66, 45, 0, 2, 3
66, 45, 0, 2, 4
66, 45, 0, 2, 4
66, 45, 0, 3, 2
66, 45, 0, 3, 3
66, 45, 0, 3, 3
66, 45, 0, 3, 3
66, 45, 0, 3, 3
66, 45, 0, 3, 3
66, 45, 0, 3, 3
66, 45, 0, 3, 3
66, 45, 0, 3, 3
66, 45, 0, 3, 3
66, 45, 0, 3, 4
66, 45, 0, 3, 4
66, 45, 0, 3, 4
66, 45, 0, 3, 4
66, 45, 0, 3, 4
66, 45, 0, 3, 4
66, 45, 0, 3, 4
66, 45, 0, 4, 3
66, 45, 0, 4, 3
66, 45, 0, 4, 3
66, 45, 0, 4, 4
66, 45, 0, 4, 4
66, 45, 0, 5, 3
66, 45, 0, 5, 3
66, 45, 0, 5, 3
66, 45, 0, 5, 3
66, 45, 0, 5, 3
66, 45, 0, 5, 3
66, 45, 0, 5, 4
66, 45, 0, 5, 4
66, 45, 0, 5, 4
66, 47, 1, 0, 2
66, 47, 1, 0, 2
66, 47, 1, 2, 3
66, 47, 1, 2, 3
66, 47, 1, 2, 3
66, 47, 1, 2, 3
66, 47, 1, 2, 3
66, 47, 1, 2, 3
66, 47, 1, 2, 4
66, 47, 1, 2, 4
66, 47, 1, 2, 4
66, 47, 1, 3, 3
66, 47, 1, 3, 3
66, 47, 1, 3, 3
66, 47, 1, 3, 4
66, 47, 1, 3, 4
66, 47, 1, 4, 2
66, 47, 1, 4, 3
66, 47, 1, 4, 3
66, 47, 1, 4, 3
66, 47, 1, 4, 3
66, 47, 1, 4, 3
66, 47, 1, 4, 3
66, 47, 1, 4, 3
66, 47, 1, 4, 3
66, 47, 1, 4, 3
66, 47, 1, 4, 4
66, 47, 1, 4, 4
66, 47, 1, 4, 4
66, 47, 1, 4, 4
66, 47, 1, 4, 4
66, 47, 1, 4, 4
66, 47, 1, 4, 4
66, 47, 1, 5, 3
66, 47, 1, 5, 3
66, 47, 1, 5, 3
66, 47, 1, 5, 4
66, 47, 1, 5, 4
66, 47, 1, 6, 3
66, 47, 1, 6, 3
66, 47, 1, 6, 3
66, 47, 1, 6, 3
66, 47, 1, 6, 3
66, 47, 1, 6, 3
66, 47, 1, 6, 4
66, 47, 1, 6, 4
66, 47, 1, 6, 4
66, 48, 2, 0, 2
66, 48, 2, 1, 2
66, 48, 2, 1, 2
66, 48, 2, 3, 3
66, 48, 2, 3, 3
66, 48, 2, 3, 3
66, 48, 2, 3, 3
66, 48, 2, 3, 3
66, 48, 2, 3, 3
66, 48, 2, 3, 4
66, 48, 2, 3, 4
66, 48, 2, 3, 4
66, 48, 2, 4, 3
66, 48, 2, 4, 3
66, 48, 2, 4, 3
66, 48, 2, 4, 4
66, 48, 2, 4, 4
66, 48, 2, 5, 2
66, 48, 2, 5, 3
66, 48, 2, 5, 3
66, 48, 2, 5, 3
66, 48, 2, 5, 3
66, 48, 2, 5, 3
66, 48, 2, 5, 3
66, 48, 2, 5, 3
66, 48, 2, 5, 3
66, 48, 2, 5, 3
66, 48, 2, 5, 4
66, 48, 2, 5, 4
66, 48, 2, 5, 4
66, 48, 2, 5, 4
66, 48, 2, 5, 4
66, 48, 2, 5, 4
66, 48, 2, 5, 4
66, 48, 2, 6, 3
66, 48, 2, 6, 3
66, 48, 2, 6, 3
66, 48, 2, 6, 4
66, 48, 2, 6, 4
66, 48, 2, 7, 3
66, 48, 2, 7, 3
66, 48, 2, 7, 3
66, 48, 2, 7, 3
66, 48, 2, 7, 3
66, 48, 2, 7, 3
66, 48, 2, 7, 4
66, 48, 2, 7, 4
66, 48, 2, 7, 4
66, 52, 3, 0, 2
66, 52, 3, 0, 2
66, 52, 3, 0, 2
66, 52, 3, 0, 2
66, 52, 3, 1, 2
66, 52, 3, 2, 2
66, 52, 3, 2, 2
66, 52, 3, 4, 3
66, 52, 3, 4, 3
66, 52, 3, 4, 3
66, 52, 3, 4, 3
66, 52, 3, 4, 3
66, 52, 3, 4, 3
66, 52, 3, 4, 4
66, 52, 3, 4, 4
66, 52, 3, 4, 4
66, 52, 3, 5, 3
66, 52, 3, 5, 3
66, 52, 3, 5, 3
66, 52, 3, 5, 4
66, 52, 3, 5, 4
66, 52, 3, 6, 2
66, 52, 3, 6, 3
66, 52, 3, 6, 3
66, 52, 3, 6, 3
66, 52, 3, 6, 3
66, 52, 3, 6, 3
66, 52, 3, 6, 3
66, 52, 3, 6, 3
66, 52, 3, 6, 3
66, 52, 3, 6, 3
66, 52, 3, 6, 4
66, 52, 3, 6, 4
66, 52, 3, 6, 4
66, 52, 3, 6, 4
66, 52, 3, 6, 4
66, 52, 3, 6, 4
66, 52, 3, 6, 4
66, 52, 3, 7, 3
66, 52, 3, 7, 3
66, 52, 3, 7, 3
66, 52, 3, 7, 4
66, 52, 3, 7, 4
66, 52, 3, 8, 3
66, 52, 3, 8, 3
66, 52, 3, 8, 3
66, 52, 3, 8, 3
66, 52, 3, 8, 3
66, 52, 3, 8, 3
66, 52, 3, 8, 4
66, 52, 3, 8, 4
66, 52, 3, 8, 4
66, 44, 4, 0, 2
66, 44, 4, 1, 2
66, 44, 4, 1, 2
66, 44, 4, 1, 2
66, 44, 4, 1, 2
66, 44, 4, 2, 2
66, 44, 4, 3, 2
66, 44, 4, 3, 2
66, 44, 4, 5, 3
66, 44, 4, 5, 3
66, 44, 4, 5, 3
66, 44, 4, 5, 3
66, 44, 4, 5, 3
66, 44, 4, 5, 3
66, 44, 4, 5, 4
66, 44, 4, 5, 4
66, 44, 4, 5, 4
66, 44, 4, 6, 3
66, 44, 4, 6, 3
66, 44, 4, 6, 3
66, 44, 4, 6, 4
66, 44, 4, 6, 4
66, 44, 4, 7, 2
66, 44, 4, 7, 3
66, 44, 4, 7, 3
66, 44, 4, 7, 3
66, 44, 4, 7, 3
66, 44, 4, 7, 3
66, 44, 4, 7, 3
66, 44, 4, 7, 3
66, 44, 4, 7, 3
66, 44, 4, 7, 3
66, 44, 4, 7, 4
66, 44, 4, 7, 4
66, 44, 4, 7, 4
66, 44, 4, 7, 4
66, 44, 4, 7, 4
66, 44, 4, 7, 4
66, 44, 4, 7, 4
66, 44, 4, 8, 3
66, 44, 4, 8, 3
66, 44, 4, 8, 3
66, 44, 4, 8, 4
66, 44, 4, 8, 4
66, 41, 5, 0, 2
66, 41, 5, 0, 2
66, 41, 5, 1, 2
66, 41, 5, 2, 2
66, 41, 5, 2, 2
66, 41, 5, 2, 2
66, 41, 5, 2, 2
66, 41, 5, 3, 2
66, 41, 5, 4, 2
66, 41, 5, 4, 2
66, 41, 5, 6, 3
66, 41, 5, 6, 3
66, 41, 5, 6, 3
66, 41, 5, 6, 3
66, 41, 5, 6, 3
66, 41, 5, 6, 3
66, 41, 5, 6, 4
66, 41, 5, 6, 4
66, 41, 5, 6, 4
66, 41, 5, 7, 3
66, 41, 5, 7, 3
66, 41, 5, 7, 3
66, 41, 5, 7, 4
66, 41, 5, 7, 4
66, 41, 5, 8, 2
66, 41, 5, 8, 3
66, 41, 5, 8, 3
66, 41, 5, 8, 3
66, 41, 5, 8, 3
66, 41, 5, 8, 3
66, 41, 5, 8, 3
66, 41, 5, 8, 3
66, 41, 5, 8, 3
66, 41, 5, 8, 3
66, 41, 5, 8, 4
66, 41, 5, 8, 4
66, 41, 5, 8, 4
66, 41, 5, 8, 4
66, 41, 5, 8, 4
66, 41, 5, 8, 4
66, 41, 5, 8, 4
66, 24, 6, 1, 2
66, 24, 6, 1, 2
66, 24, 6, 2, 2
66, 24, 6, 3, 2
66, 24, 6, 3, 2
66, 24, 6, 3, 2
66, 24, 6, 3, 2
66, 24, 6, 4, 2
66, 24, 6, 5, 2
66, 24, 6, 5, 2
66, 24, 6, 7, 3
66, 24, 6, 7, 3
66, 24, 6, 7, 3
66, 24, 6, 7, 3
66, 24, 6, 7, 3
66, 24, 6, 7, 3
66, 24, 6, 7, 4
66, 24, 6, 7, 4
66, 24, 6, 7, 4
66, 24, 6, 8, 3
66, 24, 6, 8, 3
66, 24, 6, 8, 3
66, 24, 6, 8, 4
66, 24, 6, 8, 4
66, 19, 7, 2, 2
66, 19, 7, 2, 2
66, 19, 7, 3, 2
66, 19, 7, 4, 2
66, 19, 7, 4, 2
66, 19, 7, 4, 2
66, 19, 7, 4, 2
66, 19, 7, 5, 2
66, 19, 7, 6, 2
66, 19, 7, 6, 2
66, 19, 7, 8, 3
66, 19, 7, 8, 3
66, 19, 7, 8, 3
66, 19, 7, 8, 3
66, 19, 7, 8, 3
66, 19, 7, 8, 3
66, 19, 7, 8, 4
66, 19, 7, 8, 4
66, 19, 7, 8, 4
66, 10, 8, 3, 2
66, 10, 8, 3, 2
66, 10, 8, 4, 2
66, 10, 8, 5, 2
66, 10, 8, 5, 2
66, 10, 8, 5, 2
66, 10, 8, 5, 2
66, 10, 8, 6, 2
66, 10, 8, 7, 2
66, 10, 8, 7, 2
67, 14, 0, 1, 2
67, 14, 0, 1, 2
67, 14, 0, 1, 2
67, 14, 0, 1, 2
67, 14, 0, 1, 2
67, 14, 0, 1, 2
67, 14, 0, 1, 2
67, 14, 0, 1, 2
67, 14, 0, 1, 2
67, 14, 0, 1, 2
67, 14, 0, 1, 2
67, 14, 0, 1, 2
67, 14, 0, 1, 2
67, 14, 0, 1, 2
67, 84, 1, 0, 3
67, 84, 1, 0, 3
67, 84, 1, 0, 3
67, 84, 1, 0, 3
67, 84, 1, 0, 3
67, 84, 1, 0, 3
67, 84, 1, 0, 3
67, 84, 1, 0, 3
67, 84, 1, 0, 3
67, 84, 1, 0, 3
67, 84, 1, 0, 3
67, 84, 1, 0, 3
67, 84, 1, 0, 3
67, 84, 1, 0, 3
67, 84, 1, 0, 3
67, 84, 1, 0, 3
67, 84, 1, 0, 3
67, 84, 1, 0, 3
67, 84, 1, 0, 3
67, 84, 1, 0, 3
67, 84, 1, 0, 3
67, 84, 1, 0, 3
67, 84, 1, 0, 3
67, 84, 1, 0, 3
67, 84, 1, 0, 3
67, 84, 1, 0, 3
67, 84, 1, 0, 3
67, 84, 1, 0, 3
67, 84, 1, 0, 3
67, 84, 1, 0, 3
67, 84, 1, 0, 3
67, 84, 1, 0, 3
67, 84, 1, 0, 3
67, 84, 1, 0, 3
67, 84, 1, 0, 3
67, 84, 1, 0, 3
67, 84, 1, 0, 3
67, 84, 1, 0, 3
67, 84, 1, 0, 3
67, 84, 1, 0, 3
67, 84, 1, 0, 3
67, 84, 1, 0, 3
67, 84, 1, 0, 3
67, 84, 1, 0, 3
67, 84, 1, 0, 3
67, 84, 1, 0, 3
67, 84, 1, 0, 3
67, 84, 1, 0, 3
67, 84, 1, 0, 3
67, 84, 1, 0, 3
67, 84, 1, 0, 3
67, 84, 1, 0, 3
67, 84, 1, 0, 3
67, 84, 1, 0, 3
67, 84, 1, 0, 3
67, 84, 1, 0, 3
67, 84, 1, 0, 4
67, 84, 1, 0, 4
67, 84, 1, 0, 4
67, 84, 1, 0, 4
67, 84, 1, 0, 4
67, 84, 1, 0, 4
67, 84, 1, 0, 4
67, 84, 1, 0, 4
67, 84, 1, 0, 4
67, 84, 1, 0, 4
67, 84, 1, 0, 4
67, 84, 1, 0, 4
67, 84, 1, 0, 4
67, 84, 1, 0, 4
67, 84, 1, 0, 4
67, 84, 1, 0, 4
67, 84, 1, 0, 4
67, 84, 1, 0, 4
67, 84, 1, 0, 4
67, 84, 1, 0, 4
67, 84, 1, 0, 4
67, 84, 1, 0, 4
67, 84, 1, 0, 4
67, 84, 1, 0, 4
67, 84, 1, 0, 4
67, 84, 1, 0, 4
67, 84, 1, 0, 4
67, 84, 1, 0, 4
68, 14, 0, 1, 2
68, 14, 0, 1, 2
68, 14, 0, 1, 2
68, 14, 0, 1, 2
68, 14, 0, 1, 2
68, 14, 0, 1, 2
68, 14, 0, 1, 2
68, 14, 0, 1, 2
68, 14, 0, 1, 2
68, 14, 0, 1, 2
68, 14, 0, 1, 2
68, 14, 0, 1, 2
68, 14, 0, 1, 2
68, 14, 0, 1, 2
68, 84, 1, 0, 3
68, 84, 1, 0, 3
68, 84, 1, 0, 3
68, 84, 1, 0, 3
68, 84, 1, 0, 3
68, 84, 1, 0, 3
68, 84, 1, 0, 3
68, 84, 1, 0, 3
68, 84, 1, 0, 3
68, 84, 1, 0, 3
68, 84, 1, 0, 3
68, 84, 1, 0, 3
68, 84, 1, 0, 3
68, 84, 1, 0, 3
68, 84, 1, 0, 3
68, 84, 1, 0, 3
68, 84, 1, 0, 3
68, 84, 1, 0, 3
68, 84, 1, 0, 3
68, 84, 1, 0, 3
68, 84, 1, 0, 3
68, 84, 1, 0, 3
68, 84, 1, 0, 3
68, 84, 1, 0, 3
68, 84, 1, 0, 3
68, 84, 1, 0, 3
68, 84, 1, 0, 3
68, 84, 1, 0, 3
68, 84, 1, 0, 3
68, 84, 1, 0, 3
68, 84, 1, 0, 3
68, 84, 1, 0, 3
68, 84, 1, 0, 3
68, 84, 1, 0, 3
68, 84, 1, 0, 3
68, 84, 1, 0, 3
68, 84, 1, 0, 3
68, 84, 1, 0, 3
68, 84, 1, 0, 3
68, 84, 1, 0, 3
68, 84, 1, 0, 3
68, 84, 1, 0, 3
68, 84, 1, 0, 3
68, 84, 1, 0, 3
68, 84, 1, 0, 3
68, 84, 1, 0, 3
68, 84, 1, 0, 3
68, 84, 1, 0, 3
68, 84, 1, 0, 3
68, 84, 1, 0, 3
68, 84, 1, 0, 3
68, 84, 1, 0, 3
68, 84, 1, 0, 3
68, 84, 1, 0, 3
68, 84, 1, 0, 3
68, 84, 1, 0, 3
68, 84, 1, 0, 4
68, 84, 1, 0, 4
68, 84, 1, 0, 4
68, 84, 1, 0, 4
68, 84, 1, 0, 4
68, 84, 1, 0, 4
68, 84, 1, 0, 4
68, 84, 1, 0, 4
68, 84, 1, 0, 4
68, 84, 1, 0, 4
68, 84, 1, 0, 4
68, 84, 1, 0, 4
68, 84, 1, 0, 4
68, 84, 1, 0, 4
68, 84, 1, 0, 4
68, 84, 1, 0, 4
68, 84, 1, 0, 4
68, 84, 1, 0, 4
68, 84, 1, 0, 4
68, 84, 1, 0, 4
68, 84, 1, 0, 4
68, 84, 1, 0, 4
68, 84, 1, 0, 4
68, 84, 1, 0, 4
68, 84, 1, 0, 4
68, 84, 1, 0, 4
68, 84, 1, 0, 4
68, 84, 1, 0, 4
69, 15, 0, 1, 2
69, 15, 0, 1, 2
69, 15, 0, 1, 2
69, 15, 0, 1, 2
69, 15, 0, 1, 2
69, 15, 0, 1, 2
69, 15, 0, 1, 2
69, 15, 0, 1, 2
69, 15, 0, 1, 2
69, 15, 0, 1, 2
69, 15, 0, 1, 2
69, 15, 0, 1, 2
69, 15, 0, 1, 2
69, 15, 0, 1, 2
69, 15, 0, 1, 2
69, 90, 1, 0, 3
69, 90, 1, 0, 3
69, 90, 1, 0, 3
69, 90, 1, 0, 3
69, 90, 1, 0, 3
69, 90, 1, 0, 3
69, 90, 1, 0, 3
69, 90, 1, 0, 3
69, 90, 1, 0, 3
69, 90, 1, 0, 3
69, 90, 1, 0, 3
69, 90, 1, 0, 3
69, 90, 1, 0, 3
69, 90, 1, 0, 3
69, 90, 1, 0, 3
69, 90, 1, 0, 3
69, 90, 1, 0, 3
69, 90, 1, 0, 3
69, 90, 1, 0, 3
69, 90, 1, 0, 3
69, 90, 1, 0, 3
69, 90, 1, 0, 3
69, 90, 1, 0, 3
69, 90, 1, 0, 3
69, 90, 1, 0, 3
69, 90, 1, 0, 3
69, 90, 1, 0, 3
69, 90, 1, 0, 3
69, 90, 1, 0, 3
69, 90, 1, 0, 3
69, 90, 1, 0, 3
69, 90, 1, 0, 3
69, 90, 1, 0, 3
69, 90, 1, 0, 3
69, 90, 1, 0, 3
69, 90, 1, 0, 3
69, 90, 1, 0, 3
69, 90, 1, 0, 3
69, 90, 1, 0, 3
69, 90, 1, 0, 3
69, 90, 1, 0, 3
69, 90, 1, 0, 3
69, 90, 1, 0, 3
69, 90, 1, 0, 3
69, 90, 1, 0, 3
69, 90, 1, 0, 3
69, 90, 1, 0, 3
69, 90, 1, 0, 3
69, 90, 1, 0, 3
69, 90, 1, 0, 3
69, 90, 1, 0, 3
69, 90, 1, 0, 3
69, 90, 1, 0, 3
69, 90, 1, 0, 3
69, 90, 1, 0, 3
69, 90, 1, 0, 3
69, 90, 1, 0, 3
69, 90, 1, 0, 3
69, 90, 1, 0, 3
69, 90, 1, 0, 3
69, 90, 1, 0, 4
69, 90, 1, 0, 4
69, 90, 1, 0, 4
69, 90, 1, 0, 4
69, 90, 1, 0, 4
69, 90, 1, 0, 4
69, 90, 1, 0, 4
69, 90, 1, 0, 4
69, 90, 1, 0, 4
69, 90, 1, 0, 4
69, 90, 1, 0, 4
69, 90, 1, 0, 4
69, 90, 1, 0, 4
69, 90, 1, 0, 4
69, 90, 1, 0, 4
69, 90, 1, 0, 4
69, 90, 1, 0, 4
69, 90, 1, 0, 4
69, 90, 1, 0, 4
69, 90, 1, 0, 4
69, 90, 1, 0, 4
69, 90, 1, 0, 4
69, 90, 1, 0, 4
69, 90, 1, 0, 4
69, 90, 1, 0, 4
69, 90, 1, 0, 4
69, 90, 1, 0, 4
69, 90, 1, 0, 4
69, 90, 1, 0, 4
69, 90, 1, 0, 4
70, 13, 0, 1, 2
70, 13, 0, 1, 2
70, 13, 0, 1, 2
70, 13, 0, 1, 2
70, 13, 0, 1, 2
70, 13, 0, 1, 2
70, 13, 0, 1, 2
70, 13, 0, 1, 2
70, 13, 0, 1, 2
70, 13, 0, 1, 2
70, 13, 0, 1, 2
70, 13, 0, 1, 2
70, 13, 0, 1, 2
70, 78, 1, 0, 3
70, 78, 1, 0, 3
70, 78, 1, 0, 3
70, 78, 1, 0, 3
70, 78, 1, 0, 3
70, 78, 1, 0, 3
70, 78, 1, 0, 3
70, 78, 1, 0, 3
70, 78, 1, 0, 3
70, 78, 1, 0, 3
70, 78, 1, 0, 3
70, 78, 1, 0, 3
70, 78, 1, 0, 3
70, 78, 1, 0, 3
70, 78, 1, 0, 3
70, 78, 1, 0, 3
70, 78, 1, 0, 3
70, 78, 1, 0, 3
70, 78, 1, 0, 3
70, 78, 1, 0, 3
70, 78, 1, 0, 3
70, 78, 1, 0, 3
70, 78, 1, 0, 3
70, 78, 1, 0, 3
70, 78, 1, 0, 3
70, 78, 1, 0, 3
70, 78, 1, 0, 3
70, 78, 1, 0, 3
70, 78, 1, 0, 3
70, 78, 1, 0, 3
70, 78, 1, 0, 3
70, 78, 1, 0, 3
70, 78, 1, 0, 3
70, 78, 1, 0, 3
70, 78, 1, 0, 3
70, 78, 1, 0, 3
70, 78, 1, 0, 3
70, 78, 1, 0, 3
70, 78, 1, 0, 3
70, 78, 1, 0, 3
70, 78, 1, 0, 3
70, 78, 1, 0, 3
70, 78, 1, 0, 3
70, 78, 1, 0, 3
70, 78, 1, 0, 3
70, 78, 1, 0, 3
70, 78, 1, 0, 3
70, 78, 1, 0, 3
70, 78, 1, 0, 3
70, 78, 1, 0, 3
70, 78, 1, 0, 3
70, 78, 1, 0, 3
70, 78, 1, 0, 4
70, 78, 1, 0, 4
70, 78, 1, 0, 4
70, 78, 1, 0, 4
70, 78, 1, 0, 4
70, 78, 1, 0, 4
70, 78, 1, 0, 4
70, 78, 1, 0, 4
70, 78, 1, 0, 4
70, 78, 1, 0, 4
70, 78, 1, 0, 4
70, 78, 1, 0, 4
70, 78, 1, 0, 4
70, 78, 1, 0, 4
70, 78, 1, 0, 4
70, 78, 1, 0, 4
70, 78, 1, 0, 4
70, 78, 1, 0, 4
70, 78, 1, 0, 4
70, 78, 1, 0, 4
70, 78, 1, 0, 4
70, 78, 1, 0, 4
70, 78, 1, 0, 4
70, 78, 1, 0, 4
70, 78, 1, 0, 4
70, 78, 1, 0, 4
71, 12, 0, 1, 2
71, 12, 0, 1, 2
71, 12, 0, 1, 2
71, 12, 0, 1, 2
71, 12, 0, 1, 2
71, 12, 0, 1, 2
71, 12, 0, 1, 2
71, 12, 0, 1, 2
71, 12, 0, 1, 2
71, 12, 0, 1, 2
71, 12, 0, 1, 2
71, 12, 0, 1, 2
71, 84, 1, 0, 3
71, 84, 1, 0, 3
71, 84, 1, 0, 3
71, 84, 1, 0, 3
71, 84, 1, 0, 3
71, 84, 1, 0, 3
71, 84, 1, 0, 3
71, 84, 1, 0, 3
71, 84, 1, 0, 3
71, 84, 1, 0, 3
71, 84, 1, 0, 3
71, 84, 1, 0, 3
71, 84, 1, 0, 3
71, 84, 1, 0, 3
71, 84, 1, 0, 3
71, 84, 1, 0, 3
71, 84, 1, 0, 3
71, 84, 1, 0, 3
71, 84, 1, 0, 3
71, 84, 1, 0, 3
71, 84, 1, 0, 3
71, 84, 1, 0, 3
71, 84, 1, 0, 3
71, 84, 1, 0, 3
71, 84, 1, 0, 3
71, 84, 1, 0, 3
71, 84, 1, 0, 3
71, 84, 1, 0, 3
71, 84, 1, 0, 3
71, 84, 1, 0, 3
71, 84, 1, 0, 3
71, 84, 1, 0, 3
71, 84, 1, 0, 3
71, 84, 1, 0, 3
71, 84, 1, 0, 3
71, 84, 1, 0, 3
71, 84, 1, 0, 3
71, 84, 1, 0, 3
71, 84, 1, 0, 3
71, 84, 1, 0, 3
71, 84, 1, 0, 3
71, 84, 1, 0, 3
71, 84, 1, 0, 3
71, 84, 1, 0, 3
71, 84, 1, 0, 3
71, 84, 1, 0, 3
71, 84, 1, 0, 3
71, 84, 1, 0, 3
71, 84, 1, 0, 4
71, 84, 1, 0, 4
71, 84, 1, 0, 4
71, 84, 1, 0, 4
71, 84, 1, 0, 4
71, 84, 1, 0, 4
71, 84, 1, 0, 4
71, 84, 1, 0, 4
71, 84, 1, 0, 4
71, 84, 1, 0, 4
71, 84, 1, 0, 4
71, 84, 1, 0, 4
71, 84, 1, 0, 4
71, 84, 1, 0, 4
71, 84, 1, 0, 4
71, 84, 1, 0, 4
71, 84, 1, 0, 4
71, 84, 1, 0, 4
71, 84, 1, 0, 4
71, 84, 1, 0, 4
71, 84, 1, 0, 4
71, 84, 1, 0, 4
71, 84, 1, 0, 4
71, 84, 1, 0, 4
71, 84, 1, 0, 4
71, 84, 1, 0, 4
71, 84, 1, 0, 4
71, 84, 1, 0, 4
71, 84, 1, 0, 4
71, 84, 1, 0, 4
71, 84, 1, 0, 4
71, 84, 1, 0, 4
71, 84, 1, 0, 4
71, 84, 1, 0, 4
71, 84, 1, 0, 4
71, 84, 1, 0, 4
72, 16, 0, 1, 2
72, 16, 0, 1, 2
72, 16, 0, 1, 2
72, 16, 0, 1, 2
72, 16, 0, 1, 2
72, 16, 0, 1, 2
72, 16, 0, 1, 2
72, 16, 0, 1, 2
72, 16, 0, 1, 2
72, 16, 0, 1, 2
72, 16, 0, 1, 2
72, 16, 0, 1, 2
72, 16, 0, 1, 2
72, 16, 0, 1, 2
72, 16, 0, 1, 2
72, 16, 0, 1, 2
72, 112, 1, 0, 3
72, 112, 1, 0, 3
72, 112, 1, 0, 3
72, 112, 1, 0, 3
72, 112, 1, 0, 3
72, 112, 1, 0, 3
72, 112, 1, 0, 3
72, 112, 1, 0, 3
72, 112, 1, 0, 3
72, 112, 1, 0, 3
72, 112, 1, 0, 3
72, 112, 1, 0, 3
72, 112, 1, 0, 3
72, 112, 1, 0, 3
72, 112, 1, 0, 3
72, 112, 1, 0, 3
72, 112, 1, 0, 3
72, 112, 1, 0, 3
72, 112, 1, 0, 3
72, 112, 1, 0, 3
72, 112, 1, 0, 3
72, 112, 1, 0, 3
72, 112, 1, 0, 3
72, 112, 1, 0, 3
72, 112, 1, 0, 3
72, 112, 1, 0, 3
72, 112, 1, 0, 3
72, 112, 1, 0, 3
72, 112, 1, 0, 3
72, 112, 1, 0, 3
72, 112, 1, 0, 3
72, 112, 1, 0, 3
72, 112, 1, 0, 3
72, 112, 1, 0, 3
72, 112, 1, 0, 3
72, 112, 1, 0, 3
72, 112, 1, 0, 3
72, 112, 1, 0, 3
72, 112, 1, 0, 3
72, 112, 1, 0, 3
72, 112, 1, 0, 3
72, 112, 1, 0, 3
72, 112, 1, 0, 3
72, 112, 1, 0, 3
72, 112, 1, 0, 3
72, 112, 1, 0, 3
72, 112, 1, 0, 3
72, 112, 1, 0, 3
72, 112, 1, 0, 3
72, 112, 1, 0, 3
72, 112, 1, 0, 3
72, 112, 1, 0, 3
72, 112, 1, 0, 3
72, 112, 1, 0, 3
72, 112, 1, 0, 3
72, 112, 1, 0, 3
72, 112, 1, 0, 3
72, 112, 1, 0, 3
72, 112, 1, 0, 3
72, 112, 1, 0, 3
72, 112, 1, 0, 3
72, 112, 1, 0, 3
72, 112, 1, 0, 3
72, 112, 1, 0, 3
72, 112, 1, 0, 4
72, 112, 1, 0, 4
72, 112, 1, 0, 4
72, 112, 1, 0, 4
72, 112, 1, 0, 4
72, 112, 1, 0, 4
72, 112, 1, 0, 4
72, 112, 1, 0, 4
72, 112, 1, 0, 4
72, 112, 1, 0, 4
72, 112, 1, 0, 4
72, 112, 1, 0, 4
72, 112, 1, 0, 4
72, 112, 1, 0, 4
72, 112, 1, 0, 4
72, 112, 1, 0, 4
72, 112, 1, 0, 4
72, 112, 1, 0, 4
72, 112, 1, 0, 4
72, 112, 1, 0, 4
72, 112, 1, 0, 4
72, 112, 1, 0, 4
72, 112, 1, 0, 4
72, 112, 1, 0, 4
72, 112, 1, 0, 4
72, 112, 1, 0, 4
72, 112, 1, 0, 4
72, 112, 1, 0, 4
72, 112, 1, 0, 4
72, 112, 1, 0, 4
72, 112, 1, 0, 4
72, 112, 1, 0, 4
72, 112, 1, 0, 4
72, 112, 1, 0, 4
72, 112, 1, 0, 4
72, 112, 1, 0, 4
72, 112, 1, 0, 4
72, 112, 1, 0, 4
72, 112, 1, 0, 4
72, 112, 1, 0, 4
72, 112, 1, 0, 4
72, 112, 1, 0, 4
72, 112, 1, 0, 4
72, 112, 1, 0, 4
72, 112, 1, 0, 4
72, 112, 1, 0, 4
72, 112, 1, 0, 4
72, 112, 1, 0, 4
73, 14, 0, 1, 2
73, 14, 0, 1, 2
73, 14, 0, 1, 2
73, 14, 0, 1, 2
73, 14, 0, 1, 2
73, 14, 0, 1, 2
73, 14, 0, 1, 2
73, 14, 0, 1, 2
73, 14, 0, 1, 2
73, 14, 0, 1, 2
73, 14, 0, 1, 2
73, 14, 0, 1, 2
73, 14, 0, 1, 2
73, 14, 0, 1, 2
73, 98, 1, 0, 3
73, 98, 1, 0, 3
73, 98, 1, 0, 3
73, 98, 1, 0, 3
73, 98, 1, 0, 3
73, 98, 1, 0, 3
73, 98, 1, 0, 3
73, 98, 1, 0, 3
73, 98, 1, 0, 3
73, 98, 1, 0, 3
73, 98, 1, 0, 3
73, 98, 1, 0, 3
73, 98, 1, 0, 3
73, 98, 1, 0, 3
73, 98, 1, 0, 3
73, 98, 1, 0, 3
73, 98, 1, 0, 3
73, 98, 1, 0, 3
73, 98, 1, 0, 3
73, 98, 1, 0, 3
73, 98, 1, 0, 3
73, 98, 1, 0, 3
73, 98, 1, 0, 3
73, 98, 1, 0, 3
73, 98, 1, 0, 3
73, 98, 1, 0, 3
73, 98, 1, 0, 3
73, 98, 1, 0, 3
73, 98, 1, 0, 3
73, 98, 1, 0, 3
73, 98, 1, 0, 3
73, 98, 1, 0, 3
73, 98, 1, 0, 3
73, 98, 1, 0, 3
73, 98, 1, 0, 3
73, 98, 1, 0, 3
73, 98, 1, 0, 3
73, 98, 1, 0, 3
73, 98, 1, 0, 3
73, 98, 1, 0, 3
73, 98, 1, 0, 3
73, 98, 1, 0, 3
73, 98, 1, 0, 3
73, 98, 1, 0, 3
73, 98, 1, 0, 3
73, 98, 1, 0, 3
73, 98, 1, 0, 3
73, 98, 1, 0, 3
73, 98, 1, 0, 3
73, 98, 1, 0, 3
73, 98, 1, 0, 3
73, 98, 1, 0, 3
73, 98, 1, 0, 3
73, 98, 1, 0, 3
73, 98, 1, 0, 3
73, 98, 1, 0, 3
73, 98, 1, 0, 4
73, 98, 1, 0, 4
73, 98, 1, 0, 4
73, 98, 1, 0, 4
73, 98, 1, 0, 4
73, 98, 1, 0, 4
73, 98, 1, 0, 4
73, 98, 1, 0, 4
73, 98, 1, 0, 4
73, 98, 1, 0, 4
73, 98, 1, 0, 4
73, 98, 1, 0, 4
73, 98, 1, 0, 4
73, 98, 1, 0, 4
73, 98, 1, 0, 4
73, 98, 1, 0, 4
73, 98, 1, 0, 4
73, 98, 1, 0, 4
73, 98, 1, 0, 4
73, 98, 1, 0, 4
73, 98, 1, 0, 4
73, 98, 1, 0, 4
73, 98, 1, 0, 4
73, 98, 1, 0, 4
73, 98, 1, 0, 4
73, 98, 1, 0, 4
73, 98, 1, 0, 4
73, 98, 1, 0, 4
73, 98, 1, 0, 4
73, 98, 1, 0, 4
73, 98, 1, 0, 4
73, 98, 1, 0, 4
73, 98, 1, 0, 4
73, 98, 1, 0, 4
73, 98, 1, 0, 4
73, 98, 1, 0, 4
73, 98, 1, 0, 4
73, 98, 1, 0, 4
73, 98, 1, 0, 4
73, 98, 1, 0, 4
73, 98, 1, 0, 4
73, 98, 1, 0, 4
74, 57, 0, 1, 3
74, 57, 0, 1, 3
74, 57, 0, 1, 3
74, 57, 0, 1, 3
74, 57, 0, 1, 3
74, 57, 0, 1, 3
74, 57, 0, 1, 3
74, 57, 0, 1, 3
74, 57, 0, 1, 4
74, 57, 0, 1, 4
74, 57, 0, 1, 4
74, 57, 0, 9, 3
74, 57, 0, 9, 3
74, 57, 0, 9, 3
74, 57, 0, 9, 3
74, 57, 0, 9, 4
74, 57, 0, 9, 4
74, 57, 0, 10, 3
74, 57, 0, 10, 3
74, 57, 0, 10, 3
74, 57, 0, 10, 3
74, 57, 0, 10, 3
74, 57, 0, 10, 3
74, 57, 0, 10, 3
74, 57, 0, 10, 3
74, 57, 0, 10, 3
74, 57, 0, 10, 3
74, 57, 0, 10, 3
74, 57, 0, 10, 3
74, 57, 0, 10, 3
74, 57, 0, 10, 3
74, 57, 0, 10, 3
74, 57, 0, 10, 3
74, 57, 0, 10, 4
74, 57, 0, 10, 4
74, 57, 0, 10, 4
74, 57, 0, 10, 4
74, 57, 0, 10, 4
74, 57, 0, 10, 4
74, 57, 0, 10, 4
74, 57, 0, 11, 3
74, 57, 0, 11, 3
74, 57, 0, 11, 3
74, 57, 0, 11, 3
74, 57, 0, 11, 4
74, 57, 0, 11, 4
74, 57, 0, 12, 3
74, 57, 0, 12, 3
74, 57, 0, 12, 3
74, 57, 0, 12, 3
74, 57, 0, 12, 3
74, 57, 0, 12, 3
74, 57, 0, 12, 3
74, 57, 0, 12, 3
74, 57, 0, 12, 4
74, 57, 0, 12, 4
74, 57, 0, 12, 4
74, 59, 1, 0, 2
74, 59, 1, 0, 2
74, 59, 1, 9, 3
74, 59, 1, 9, 3
74, 59, 1, 9, 3
74, 59, 1, 9, 3
74, 59, 1, 9, 3
74, 59, 1, 9, 3
74, 59, 1, 9, 3
74, 59, 1, 9, 3
74, 59, 1, 9, 4
74, 59, 1, 9, 4
74, 59, 1, 9, 4
74, 59, 1, 10, 3
74, 59, 1, 10, 3
74, 59, 1, 10, 3
74, 59, 1, 10, 3
74, 59, 1, 10, 4
74, 59, 1, 10, 4
74, 59, 1, 11, 3
74, 59, 1, 11, 3
74, 59, 1, 11, 3
74, 59, 1, 11, 3
74, 59, 1, 11, 3
74, 59, 1, 11, 3
74, 59, 1, 11, 3
74, 59, 1, 11, 3
74, 59, 1, 11, 3
74, 59, 1, 11, 3
74, 59, 1, 11, 3
74, 59, 1, 11, 3
74, 59, 1, 11, 3
74, 59, 1, 11, 3
74, 59, 1, 11, 3
74, 59, 1, 11, 3
74, 59, 1, 11, 4
74, 59, 1, 11, 4
74, 59, 1, 11, 4
74, 59, 1, 11, 4
74, 59, 1, 11, 4
74, 59, 1, 11, 4
74, 59, 1, 11, 4
74, 59, 1, 12, 3
74, 59, 1, 12, 3
74, 59, 1, 12, 3
74, 59, 1, 12, 3
74, 59, 1, 12, 4
74, 59, 1, 12, 4
74, 59, 1, 13, 3
74, 59, 1, 13, 3
74, 59, 1, 13, 3
74, 59, 1, 13, 3
74, 59, 1, 13, 3
74, 59, 1, 13, 3
74, 59, 1, 13, 3
74, 59, 1, 13, 3
74, 59, 1, 13, 4
74, 59, 1, 13, 4
74, 59, 1, 13, 4
74, 67, 2, 3, 3
74, 67, 2, 3, 3
74, 67, 2, 3, 3
74, 67, 2, 3, 3
74, 67, 2, 3, 3
74, 67, 2, 3, 3
74, 67, 2, 3, 3
74, 67, 2, 3, 3
74, 67, 2, 3, 4
74, 67, 2, 3, 4
74, 67, 2, 3, 4
74, 67, 2, 4, 3
74, 67, 2, 4, 3
74, 67, 2, 4, 3
74, 67, 2, 4, 3
74, 67, 2, 4, 4
74, 67, 2, 4, 4
74, 67, 2, 5, 3
74, 67, 2, 5, 3
74, 67, 2, 5, 3
74, 67, 2, 5, 3
74, 67, 2, 5, 3
74, 67, 2, 5, 3
74, 67, 2, 5, 3
74, 67, 2, 5, 3
74, 67, 2, 5, 3
74, 67, 2, 5, 3
74, 67, 2, 5, 3
74, 67, 2, 5, 3
74, 67, 2, 5, 3
74, 67, 2, 5, 3
74, 67, 2, 5, 3
74, 67, 2, 5, 3
74, 67, 2, 5, 4
74, 67, 2, 5, 4
74, 67, 2, 5, 4
74, 67, 2, 5, 4
74, 67, 2, 5, 4
74, 67, 2, 5, 4
74, 67, 2, 5, 4
74, 67, 2, 6, 3
74, 67, 2, 6, 3
74, 67, 2, 6, 3
74, 67, 2, 6, 3
74, 67, 2, 6, 4
74, 67, 2, 6, 4
74, 67, 2, 7, 3
74, 67, 2, 7, 3
74, 67, 2, 7, 3
74, 67, 2, 7, 3
74, 67, 2, 7, 3
74, 67, 2, 7, 3
74, 67, 2, 7, 3
74, 67, 2, 7, 3
74, 67, 2, 7, 4
74, 67, 2, 7, 4
74, 67, 2, 7, 4
74, 67, 2, 12, 2
74, 67, 2, 12, 2
74, 67, 2, 13, 2
74, 67, 2, 14, 2
74, 67, 2, 14, 2
74, 67, 2, 14, 2
74, 67, 2, 14, 2
74, 67, 2, 15, 2
74, 67, 2, 16, 2
74, 67, 2, 16, 2
74, 67, 3, 2, 2
74, 67, 3, 2, 2
74, 67, 3, 4, 3
74, 67, 3, 4, 3
74, 67, 3, 4, 3
74, 67, 3, 4, 3
74, 67, 3, 4, 3
74, 67, 3, 4, 3
74, 67, 3, 4, 3
74, 67, 3, 4, 3
74, 67, 3, 4, 4
74, 67, 3, 4, 4
74, 67, 3, 4, 4
74, 67, 3, 5, 3
74, 67, 3, 5, 3
74, 67, 3, 5, 3
74, 67, 3, 5, 3
74, 67, 3, 5, 4
74, 67, 3, 5, 4
74, 67, 3, 6, 3
74, 67, 3, 6, 3
74, 67, 3, 6, 3
74, 67, 3, 6, 3
74, 67, 3, 6, 3
74, 67, 3, 6, 3
74, 67, 3, 6, 3
74, 67, 3, 6, 3
74, 67, 3, 6, 3
74, 67, 3, 6, 3
74, 67, 3, 6, 3
74, 67, 3, 6, 3
74, 67, 3, 6, 3
74, 67, 3, 6, 3
74, 67, 3, 6, 3
74, 67, 3, 6, 3
74, 67, 3, 6, 4
74, 67, 3, 6, 4
74, 67, 3, 6, 4
74, 67, 3, 6, 4
74, 67, 3, 6, 4
74, 67, 3, 6, 4
74, 67, 3, 6, 4
74, 67, 3, 7, 3
74, 67, 3, 7, 3
74, 67, 3, 7, 3
74, 67, 3, 7, 3
74, 67, 3, 7, 4
74, 67, 3, 7, 4
74, 67, 3, 8, 3
74, 67, 3, 8, 3
74, 67, 3, 8, 3
74, 67, 3, 8, 3
74, 67, 3, 8, 3
74, 67, 3, 8, 3
74, 67, 3, 8, 3
74, 67, 3, 8, 3
74, 67, 3, 8, 4
74, 67, 3, 8, 4
74, 67, 3, 8, 4
74, 67, 3, 13, 2
74, 67, 3, 13, 2
74, 67, 3, 14, 2
74, 67, 3, 15, 2
74, 67, 3, 15, 2
74, 67, 3, 15, 2
74, 67, 3, 15, 2
74, 67, 3, 16, 2
74, 56, 4, 2, 2
74, 56, 4, 3, 2
74, 56, 4, 3, 2
74, 56, 4, 5, 3
74, 56, 4, 5, 3
74, 56, 4, 5, 3
74, 56, 4, 5, 3
74, 56, 4, 5, 3
74, 56, 4, 5, 3
74, 56, 4, 5, 3
74, 56, 4, 5, 3
74, 56, 4, 5, 4
74, 56, 4, 5, 4
74, 56, 4, 5, 4
74, 56, 4, 6, 3
74, 56, 4, 6, 3
74, 56, 4, 6, 3
74, 56, 4, 6, 3
74, 56, 4, 6, 4
74, 56, 4, 6, 4
74, 56, 4, 7, 3
74, 56, 4, 7, 3
74, 56, 4, 7, 3
74, 56, 4, 7, 3
74, 56, 4, 7, 3
74, 56, 4, 7, 3
74, 56, 4, 7, 3
74, 56, 4, 7, 3
74, 56, 4, 7, 3
74, 56, 4, 7, 3
74, 56, 4, 7, 3
74, 56, 4, 7, 3
74, 56, 4, 7, 3
74, 56, 4, 7, 3
74, 56, 4, 7, 3
74, 56, 4, 7, 3
74, 56, 4, 7, 4
74, 56, 4, 7, 4
74, 56, 4, 7, 4
74, 56, 4, 7, 4
74, 56, 4, 7, 4
74, 56, 4, 7, 4
74, 56, 4, 7, 4
74, 56, 4, 8, 3
74, 56, 4, 8, 3
74, 56, 4, 8, 3
74, 56, 4, 8, 3
74, 56, 4, 8, 4
74, 56, 4, 8, 4
74, 56, 4, 14, 2
74, 56, 4, 14, 2
74, 56, 4, 15, 2
74, 56, 4, 16, 2
74, 56, 4, 16, 2
74, 56, 4, 16, 2
74, 56, 4, 16, 2
74, 50, 5, 2, 2
74, 50, 5, 2, 2
74, 50, 5, 2, 2
74, 50, 5, 2, 2
74, 50, 5, 3, 2
74, 50, 5, 4, 2
74, 50, 5, 4, 2
74, 50, 5, 6, 3
74, 50, 5, 6, 3
74, 50, 5, 6, 3
74, 50, 5, 6, 3
74, 50, 5, 6, 3
74, 50, 5, 6, 3
74, 50, 5, 6, 3
74, 50, 5, 6, 3
74, 50, 5, 6, 4
74, 50, 5, 6, 4
74, 50, 5, 6, 4
74, 50, 5, 7, 3
74, 50, 5, 7, 3
74, 50, 5, 7, 3
74, 50, 5, 7, 3
74, 50, 5, 7, 4
74, 50, 5, 7, 4
74, 50, 5, 8, 3
74, 50, 5, 8, 3
74, 50, 5, 8, 3
74, 50, 5, 8, 3
74, 50, 5, 8, 3
74, 50, 5, 8, 3
74, 50, 5, 8, 3
74, 50, 5, 8, 3
74, 50, 5, 8, 3
74, 50, 5, 8, 3
74, 50, 5, 8, 3
74, 50, 5, 8, 3
74, 50, 5, 8, 3
74, 50, 5, 8, 3
74, 50, 5, 8, 3
74, 50, 5, 8, 3
74, 50, 5, 8, 4
74, 50, 5, 8, 4
74, 50, 5, 8, 4
74, 50, 5, 8, 4
74, 50, 5, 8, 4
74, 50, 5, 8, 4
74, 50, 5, 8, 4
74, 50, 5, 15, 2
74, 50, 5, 15, 2
74, 50, 5, 16, 2
74, 27, 6, 2, 2
74, 27, 6, 3, 2
74, 27, 6, 3, 2
74, 27, 6, 3, 2
74, 27, 6, 3, 2
74, 27, 6, 4, 2
74, 27, 6, 5, 2
74, 27, 6, 5, 2
74, 27, 6, 7, 3
74, 27, 6, 7, 3
74, 27, 6, 7, 3
74, 27, 6, 7, 3
74, 27, 6, 7, 3
74, 27, 6, 7, 3
74, 27, 6, 7, 3
74, 27, 6, 7, 3
74, 27, 6, 7, 4
74, 27, 6, 7, 4
74, 27, 6, 7, 4
74, 27, 6, 8, 3
74, 27, 6, 8, 3
74, 27, 6, 8, 3
74, 27, 6, 8, 3
74, 27, 6, 8, 4
74, 27, 6, 8, 4
74, 27, 6, 16, 2
74, 27, 6, 16, 2
74, 21, 7, 2, 2
74, 21, 7, 2, 2
74, 21, 7, 3, 2
74, 21, 7, 4, 2
74, 21, 7, 4, 2
74, 21, 7, 4, 2
74, 21, 7, 4, 2
74, 21, 7, 5, 2
74, 21, 7, 6, 2
74, 21, 7, 6, 2
74, 21, 7, 8, 3
74, 21, 7, 8, 3
74, 21, 7, 8, 3
74, 21, 7, 8, 3
74, 21, 7, 8, 3
74, 21, 7, 8, 3
74, 21, 7, 8, 3
74, 21, 7, 8, 3
74, 21, 7, 8, 4
74, 21, 7, 8, 4
74, 21, 7, 8, 4
74, 10, 8, 3, 2
74, 10, 8, 3, 2
74, 10, 8, 4, 2
74, 10, 8, 5, 2
74, 10, 8, 5, 2
74, 10, 8, 5, 2
74, 10, 8, 5, 2
74, 10, 8, 6, 2
74, 10, 8, 7, 2
74, 10, 8, 7, 2
74, 60, 9, 0, 2
74, 60, 9, 1, 2
74, 60, 9, 1, 2
74, 60, 9, 10, 3
74, 60, 9, 10, 3
74, 60, 9, 10, 3
74, 60, 9, 10, 3
74, 60, 9, 10, 3
74, 60, 9, 10, 3
74, 60, 9, 10, 3
74, 60, 9, 10, 3
74, 60, 9, 10, 4
74, 60, 9, 10, 4
74, 60, 9, 10, 4
74, 60, 9, 11, 3
74, 60, 9, 11, 3
74, 60, 9, 11, 3
74, 60, 9, 11, 3
74, 60, 9, 11, 4
74, 60, 9, 11, 4
74, 60, 9, 12, 3
74, 60, 9, 12, 3
74, 60, 9, 12, 3
74, 60, 9, 12, 3
74, 60, 9, 12, 3
74, 60, 9, 12, 3
74, 60, 9, 12, 3
74, 60, 9, 12, 3
74, 60, 9, 12, 3
74, 60, 9, 12, 3
74, 60, 9, 12, 3
74, 60, 9, 12, 3
74, 60, 9, 12, 3
74, 60, 9, 12, 3
74, 60, 9, 12, 3
74, 60, 9, 12, 3
74, 60, 9, 12, 4
74, 60, 9, 12, 4
74, 60, 9, 12, 4
74, 60, 9, 12, 4
74, 60, 9, 12, 4
74, 60, 9, 12, 4
74, 60, 9, 12, 4
74, 60, 9, 13, 3
74, 60, 9, 13, 3
74, 60, 9, 13, 3
74, 60, 9, 13, 3
74, 60, 9, 13, 4
74, 60, 9, 13, 4
74, 60, 9, 14, 3
74, 60, 9, 14, 3
74, 60, 9, 14, 3
74, 60, 9, 14, 3
74, 60, 9, 14, 3
74, 60, 9, 14, 3
74, 60, 9, 14, 3
74, 60, 9, 14, 3
74, 60, 9, 14, 4
74, 60, 9, 14, 4
74, 60, 9, 14, 4
74, 64, 10, 0, 2
74, 64, 10, 0, 2
74, 64, 10, 0, 2
74, 64, 10, 0, 2
74, 64, 10, 1, 2
74, 64, 10, 9, 2
74, 64, 10, 9, 2
74, 64, 10, 11, 3
74, 64, 10, 11, 3
74, 64, 10, 11, 3
74, 64, 10, 11, 3
74, 64, 10, 11, 3
74, 64, 10, 11, 3
74, 64, 10, 11, 3
74, 64, 10, 11, 3
74, 64, 10, 11, 4
74, 64, 10, 11, 4
74, 64, 10, 11, 4
74, 64, 10, 12, 3
74, 64, 10, 12, 3
74, 64, 10, 12, 3
74, 64, 10, 12, 3
74, 64, 10, 12, 4
74, 64, 10, 12, 4
74, 64, 10, 13, 3
74, 64, 10, 13, 3
74, 64, 10, 13, 3
74, 64, 10, 13, 3
74, 64, 10, 13, 3
74, 64, 10, 13, 3
74, 64, 10, 13, 3
74, 64, 10, 13, 3
74, 64, 10, 13, 3
74, 64, 10, 13, 3
74, 64, 10, 13, 3
74, 64, 10, 13, 3
74, 64, 10, 13, 3
74, 64, 10, 13, 3
74, 64, 10, 13, 3
74, 64, 10, 13, 3
74, 64, 10, 13, 4
74, 64, 10, 13, 4
74, 64, 10, 13, 4
74, 64, 10, 13, 4
74, 64, 10, 13, 4
74, 64, 10, 13, 4
74, 64, 10, 13, 4
74, 64, 10, 14, 3
74, 64, 10, 14, 3
74, 64, 10, 14, 3
74, 64, 10, 14, 3
74, 64, 10, 14, 4
74, 64, 10, 14, 4
74, 64, 10, 15, 3
74, 64, 10, 15, 3
74, 64, 10, 15, 3
74, 64, 10, 15, 3
74, 64, 10, 15, 3
74, 64, 10, 15, 3
74, 64, 10, 15, 3
74, 64, 10, 15, 3
74, 64, 10, 15, 4
74, 64, 10, 15, 4
74, 64, 10, 15, 4
74, 65, 11, 0, 2
74, 65, 11, 1, 2
74, 65, 11, 1, 2
74, 65, 11, 1, 2
74, 65, 11, 1, 2
74, 65, 11, 9, 2
74, 65, 11, 10, 2
74, 65, 11, 10, 2
74, 65, 11, 12, 3
74, 65, 11, 12, 3
74, 65, 11, 12, 3
74, 65, 11, 12, 3
74, 65, 11, 12, 3
74, 65, 11, 12, 3
74, 65, 11, 12, 3
74, 65, 11, 12, 3
74, 65, 11, 12, 4
74, 65, 11, 12, 4
74, 65, 11, 12, 4
74, 65, 11, 13, 3
74, 65, 11, 13, 3
74, 65, 11, 13, 3
74, 65, 11, 13, 3
74, 65, 11, 13, 4
74, 65, 11, 13, 4
74, 65, 11, 14, 3
74, 65, 11, 14, 3
74, 65, 11, 14, 3
74, 65, 11, 14, 3
74, 65, 11, 14, 3
74, 65, 11, 14, 3
74, 65, 11, 14, 3
74, 65, 11, 14, 3
74, 65, 11, 14, 3
74, 65, 11, 14, 3
74, 65, 11, 14, 3
74, 65, 11, 14, 3
74, 65, 11, 14, 3
74, 65, 11, 14, 3
74, 65, 11, 14, 3
74, 65, 11, 14, 3
74, 65, 11, 14, 4
74, 65, 11, 14, 4
74, 65, 11, 14, 4
74, 65, 11, 14, 4
74, 65, 11, 14, 4
74, 65, 11, 14, 4
74, 65, 11, 14, 4
74, 65, 11, 15, 3
74, 65, 11, 15, 3
74, 65, 11, 15, 3
74, 65, 11, 15, 3
74, 65, 11, 15, 4
74, 65, 11, 15, 4
74, 65, 11, 16, 3
74, 65, 11, 16, 3
74, 65, 11, 16, 3
74, 65, 11, 16, 3
74, 65, 11, 16, 3
74, 65, 11, 16, 3
74, 65, 11, 16, 3
74, 65, 11, 16, 3
74, 65, 11, 16, 4
74, 65, 11, 16, 4
74, 65, 11, 16, 4
74, 67, 12, 0, 2
74, 67, 12, 0, 2
74, 67, 12, 1, 2
74, 67, 12, 2, 3
74, 67, 12, 2, 3
74, 67, 12, 2, 3
74, 67, 12, 2, 3
74, 67, 12, 2, 3
74, 67, 12, 2, 3
74, 67, 12, 2, 3
74, 67, 12, 2, 3
74, 67, 12, 2, 4
74, 67, 12, 2, 4
74, 67, 12, 2, 4
74, 67, 12, 9, 2
74, 67, 12, 9, 2
74, 67, 12, 9, 2
74, 67, 12, 9, 2
74, 67, 12, 10, 2
74, 67, 12, 11, 2
74, 67, 12, 11, 2
74, 67, 12, 13, 3
74, 67, 12, 13, 3
74, 67, 12, 13, 3
74, 67, 12, 13, 3
74, 67, 12, 13, 3
74, 67, 12, 13, 3
74, 67, 12, 13, 3
74, 67, 12, 13, 3
74, 67, 12, 13, 4
74, 67, 12, 13, 4
74, 67, 12, 13, 4
74, 67, 12, 14, 3
74, 67, 12, 14, 3
74, 67, 12, 14, 3
74, 67, 12, 14, 3
74, 67, 12, 14, 4
74, 67, 12, 14, 4
74, 67, 12, 15, 3
74, 67, 12, 15, 3
74, 67, 12, 15, 3
74, 67, 12, 15, 3
74, 67, 12, 15, 3
74, 67, 12, 15, 3
74, 67, 12, 15, 3
74, 67, 12, 15, 3
74, 67, 12, 15, 3
74, 67, 12, 15, 3
74, 67, 12, 15, 3
74, 67, 12, 15, 3
74, 67, 12, 15, 3
74, 67, 12, 15, 3
74, 67, 12, 15, 3
74, 67, 12, 15, 3
74, 67, 12, 15, 4
74, 67, 12, 15, 4
74, 67, 12, 15, 4
74, 67, 12, 15, 4
74, 67, 12, 15, 4
74, 67, 12, 15, 4
74, 67, 12, 15, 4
74, 67, 12, 16, 3
74, 67, 12, 16, 3
74, 67, 12, 16, 3
74, 67, 12, 16, 3
74, 67, 12, 16, 4
74, 67, 12, 16, 4
74, 67, 13, 1, 2
74, 67, 13, 1, 2
74, 67, 13, 2, 3
74, 67, 13, 2, 3
74, 67, 13, 2, 3
74, 67, 13, 2, 3
74, 67, 13, 2, 4
74, 67, 13, 2, 4
74, 67, 13, 3, 3
74, 67, 13, 3, 3
74, 67, 13, 3, 3
74, 67, 13, 3, 3
74, 67, 13, 3, 3
74, 67, 13, 3, 3
74, 67, 13, 3, 3
74, 67, 13, 3, 3
74, 67, 13, 3, 4
74, 67, 13, 3, 4
74, 67, 13, 3, 4
74, 67, 13, 9, 2
74, 67, 13, 10, 2
74, 67, 13, 10, 2
74, 67, 13, 10, 2
74, 67, 13, 10, 2
74, 67, 13, 11, 2
74, 67, 13, 12, 2
74, 67, 13, 12, 2
74, 67, 13, 14, 3
74, 67, 13, 14, 3
74, 67, 13, 14, 3
74, 67, 13, 14, 3
74, 67, 13, 14, 3
74, 67, 13, 14, 3
74, 67, 13, 14, 3
74, 67, 13, 14, 3
74, 67, 13, 14, 4
74, 67, 13, 14, 4
74, 67, 13, 14, 4
74, 67, 13, 15, 3
74, 67, 13, 15, 3
74, 67, 13, 15, 3
74, 67, 13, 15, 3
74, 67, 13, 15, 4
74, 67, 13, 15, 4
74, 67, 13, 16, 3
74, 67, 13, 16, 3
74, 67, 13, 16, 3
74, 67, 13, 16, 3
74, 67, 13, 16, 3
74, 67, 13, 16, 3
74, 67, 13, 16, 3
74, 67, 13, 16, 3
74, 67, 13, 16, 3
74, 67, 13, 16, 3
74, 67, 13, 16, 3
74, 67, 13, 16, 3
74, 67, 13, 16, 3
74, 67, 13, 16, 3
74, 67, 13, 16, 3
74, 67, 13, 16, 3
74, 67, 13, 16, 4
74, 67, 13, 16, 4
74, 67, 13, 16, 4
74, 67, 13, 16, 4
74, 67, 13, 16, 4
74, 67, 13, 16, 4
74, 67, 13, 16, 4
74, 67, 14, 2, 3
74, 67, 14, 2, 3
74, 67, 14, 2, 3
74, 67, 14, 2, 3
74, 67, 14, 2, 3
74, 67, 14, 2, 3
74, 67, 14, 2, 3
74, 67, 14, 2, 3
74, 67, 14, 2, 3
74, 67, 14, 2, 3
74, 67, 14, 2, 3
74, 67, 14, 2, 3
74, 67, 14, 2, 3
74, 67, 14, 2, 3
74, 67, 14, 2, 3
74, 67, 14, 2, 3
74, 67, 14, 2, 4
74, 67, 14, 2, 4
74, 67, 14, 2, 4
74, 67, 14, 2, 4
74, 67, 14, 2, 4
74, 67, 14, 2, 4
74, 67, 14, 2, 4
74, 67, 14, 3, 3
74, 67, 14, 3, 3
74, 67, 14, 3, 3
74, 67, 14, 3, 3
74, 67, 14, 3, 4
74, 67, 14, 3, 4
74, 67, 14, 4, 3
74, 67, 14, 4, 3
74, 67, 14, 4, 3
74, 67, 14, 4, 3
74, 67, 14, 4, 3
74, 67, 14, 4, 3
74, 67, 14, 4, 3
74, 67, 14, 4, 3
74, 67, 14, 4, 4
74, 67, 14, 4, 4
74, 67, 14, 4, 4
74, 67, 14, 9, 2
74, 67, 14, 9, 2
74, 67, 14, 10, 2
74, 67, 14, 11, 2
74, 67, 14, 11, 2
74, 67, 14, 11, 2
74, 67, 14, 11, 2
74, 67, 14, 12, 2
74, 67, 14, 13, 2
74, 67, 14, 13, 2
74, 67, 14, 15, 3
74, 67, 14, 15, 3
74, 67, 14, 15, 3
74, 67, 14, 15, 3
74, 67, 14, 15, 3
74, 67, 14, 15, 3
74, 67, 14, 15, 3
74, 67, 14, 15, 3
74, 67, 14, 15, 4
74, 67, 14, 15, 4
74, 67, 14, 15, 4
74, 67, 14, 16, 3
74, 67, 14, 16, 3
74, 67, 14, 16, 3
74, 67, 14, 16, 3
74, 67, 14, 16, 4
74, 67, 14, 16, 4
74, 67, 15, 2, 3
74, 67, 15, 2, 3
74, 67, 15, 2, 3
74, 67, 15, 2, 3
74, 67, 15, 2, 4
74, 67, 15, 2, 4
74, 67, 15, 3, 3
74, 67, 15, 3, 3
74, 67, 15, 3, 3
74, 67, 15, 3, 3
74, 67, 15, 3, 3
74, 67, 15, 3, 3
74, 67, 15, 3, 3
74, 67, 15, 3, 3
74, 67, 15, 3, 3
74, 67, 15, 3, 3
74, 67, 15, 3, 3
74, 67, 15, 3, 3
74, 67, 15, 3, 3
74, 67, 15, 3, 3
74, 67, 15, 3, 3
74, 67, 15, 3, 3
74, 67, 15, 3, 4
74, 67, 15, 3, 4
74, 67, 15, 3, 4
74, 67, 15, 3, 4
74, 67, 15, 3, 4
74, 67, 15, 3, 4
74, 67, 15, 3, 4
74, 67, 15, 4, 3
74, 67, 15, 4, 3
74, 67, 15, 4, 3
74, 67, 15, 4, 3
74, 67, 15, 4, 4
74, 67, 15, 4, 4
74, 67, 15, 5, 3
74, 67, 15, 5, 3
74, 67, 15, 5, 3
74, 67, 15, 5, 3
74, 67, 15, 5, 3
74, 67, 15, 5, 3
74, 67, 15, 5, 3
74, 67, 15, 5, 3
74, 67, 15, 5, 4
74, 67, 15, 5, 4
74, 67, 15, 5, 4
74, 67, 15, 10, 2
74, 67, 15, 10, 2
74, 67, 15, 11, 2
74, 67, 15, 12, 2
74, 67, 15, 12, 2
74, 67, 15, 12, 2
74, 67, 15, 12, 2
74, 67, 15, 13, 2
74, 67, 15, 14, 2
74, 67, 15, 14, 2
74, 67, 15, 16, 3
74, 67, 15, 16, 3
74, 67, 15, 16, 3
74, 67, 15, 16, 3
74, 67, 15, 16, 3
74, 67, 15, 16, 3
74, 67, 15, 16, 3
74, 67, 15, 16, 3
74, 67, 15, 16, 4
74, 67, 15, 16, 4
74, 67, 15, 16, 4
74, 67, 16, 2, 3
74, 67, 16, 2, 3
74, 67, 16, 2, 3
74, 67, 16, 2, 3
74, 67, 16, 2, 3
74, 67, 16, 2, 3
74, 67, 16, 2, 3
74, 67, 16, 2, 3
74, 67, 16, 2, 4
74, 67, 16, 2, 4
74, 67, 16, 2, 4
74, 67, 16, 3, 3
74, 67, 16, 3, 3
74, 67, 16, 3, 3
74, 67, 16, 3, 3
74, 67, 16, 3, 4
74, 67, 16, 3, 4
74, 67, 16, 4, 3
74, 67, 16, 4, 3
74, 67, 16, 4, 3
74, 67, 16, 4, 3
74, 67, 16, 4, 3
74, 67, 16, 4, 3
74, 67, 16, 4, 3
74, 67, 16, 4, 3
74, 67, 16, 4, 3
74, 67, 16, 4, 3
74, 67, 16, 4, 3
74, 67, 16, 4, 3
74, 67, 16, 4, 3
74, 67, 16, 4, 3
74, 67, 16, 4, 3
74, 67, 16, 4, 3
74, 67, 16, 4, 4
74, 67, 16, 4, 4
74, 67, 16, 4, 4
74, 67, 16, 4, 4
74, 67, 16, 4, 4
74, 67, 16, 4, 4
74, 67, 16, 4, 4
74, 67, 16, 5, 3
74, 67, 16, 5, 3
74, 67, 16, 5, 3
74, 67, 16, 5, 3
74, 67, 16, 5, 4
74, 67, 16, 5, 4
74, 67, 16, 6, 3
74, 67, 16, 6, 3
74, 67, 16, 6, 3
74, 67, 16, 6, 3
74, 67, 16, 6, 3
74, 67, 16, 6, 3
74, 67, 16, 6, 3
74, 67, 16, 6, 3
74, 67, 16, 6, 4
74, 67, 16, 6, 4
74, 67, 16, 6, 4
74, 67, 16, 11, 2
74, 67, 16, 11, 2
74, 67, 16, 12, 2
74, 67, 16, 13, 2
74, 67, 16, 13, 2
74, 67, 16, 13, 2
74, 67, 16, 13, 2
74, 67, 16, 14, 2
74, 67, 16, 15, 2
74, 67, 16, 15, 2
75, 1, 1, 0, 2
76, 1, 1, 0, 2
77, 1, 1, 0, 2
78, 1, 1, 0, 2
79, 1, 1, 0, 2
80, 1, 1, 0, 2
Goal
75
76
77
78
79
80
