CG
9
0, 6, 4, 288
0, 6, 5, 288
0, 6, 6, 288
0, 6, 7, 288
0, 6, 8, 288
0, 6, 3, 1440
1, 6, 4, 288
1, 6, 5, 288
1, 6, 6, 288
1, 6, 7, 288
1, 6, 8, 288
1, 6, 2, 1440
2, 5, 4, 288
2, 5, 5, 288
2, 5, 6, 288
2, 5, 7, 288
2, 5, 8, 288
3, 5, 4, 288
3, 5, 5, 288
3, 5, 6, 288
3, 5, 7, 288
3, 5, 8, 288
4, 2, 2, 288
4, 2, 3, 288
5, 2, 2, 288
5, 2, 3, 288
6, 2, 2, 288
6, 2, 3, 288
7, 2, 2, 288
7, 2, 3, 288
8, 2, 2, 288
8, 2, 3, 288
DTG
0, 6, 0, 5, 1
0, 6, 0, 6, 1
0, 6, 0, 7, 1
0, 6, 0, 9, 1
0, 6, 0, 10, 1
0, 6, 0, 11, 1
0, 1, 1, 9, 1
0, 4, 2, 3, 1
0, 4, 2, 4, 1
0, 4, 2, 5, 1
0, 4, 2, 8, 1
0, 4, 3, 2, 1
0, 4, 3, 5, 1
0, 4, 3, 8, 1
0, 4, 3, 9, 1
0, 2, 4, 2, 1
0, 2, 4, 25, 1
0, 4, 5, 0, 1
0, 4, 5, 2, 1
0, 4, 5, 3, 1
0, 4, 5, 7, 1
0, 4, 6, 0, 1
0, 4, 6, 7, 1
0, 4, 6, 10, 1
0, 4, 6, 11, 1
0, 3, 7, 0, 1
0, 3, 7, 5, 1
0, 3, 7, 6, 1
0, 3, 8, 2, 1
0, 3, 8, 3, 1
0, 3, 8, 13, 1
0, 4, 9, 0, 1
0, 4, 9, 1, 1
0, 4, 9, 3, 1
0, 4, 9, 11, 1
0, 3, 10, 0, 1
0, 3, 10, 6, 1
0, 3, 10, 11, 1
0, 4, 11, 0, 1
0, 4, 11, 6, 1
0, 4, 11, 9, 1
0, 4, 11, 10, 1
0, 5, 12, 13, 1
0, 5, 12, 16, 1
0, 5, 12, 18, 1
0, 5, 12, 19, 1
0, 5, 12, 20, 1
0, 5, 13, 8, 1
0, 5, 13, 12, 1
0, 5, 13, 16, 1
0, 5, 13, 18, 1
0, 5, 13, 25, 1
0, 4, 14, 15, 1
0, 4, 14, 16, 1
0, 4, 14, 19, 1
0, 4, 14, 23, 1
0, 2, 15, 14, 1
0, 2, 15, 23, 1
0, 6, 16, 12, 1
0, 6, 16, 13, 1
0, 6, 16, 14, 1
0, 6, 16, 18, 1
0, 6, 16, 19, 1
0, 6, 16, 21, 1
0, 2, 17, 21, 1
0, 2, 17, 22, 1
0, 5, 18, 12, 1
0, 5, 18, 13, 1
0, 5, 18, 16, 1
0, 5, 18, 19, 1
0, 5, 18, 21, 1
0, 5, 19, 12, 1
0, 5, 19, 14, 1
0, 5, 19, 16, 1
0, 5, 19, 18, 1
0, 5, 19, 21, 1
0, 1, 20, 12, 1
0, 5, 21, 16, 1
0, 5, 21, 17, 1
0, 5, 21, 18, 1
0, 5, 21, 19, 1
0, 5, 21, 22, 1
0, 2, 22, 17, 1
0, 2, 22, 21, 1
0, 2, 23, 14, 1
0, 2, 23, 15, 1
0, 2, 24, 25, 1
0, 2, 24, 26, 1
0, 5, 25, 4, 1
0, 5, 25, 13, 1
0, 5, 25, 24, 1
0, 5, 25, 26, 1
0, 5, 25, 29, 1
0, 2, 26, 24, 1
0, 2, 26, 25, 1
0, 3, 27, 28, 1
0, 3, 27, 30, 1
0, 3, 27, 35, 1
0, 2, 28, 27, 1
0, 2, 28, 35, 1
0, 2, 29, 25, 1
0, 2, 29, 31, 1
0, 4, 30, 27, 1
0, 4, 30, 32, 1
0, 4, 30, 33, 1
0, 4, 30, 35, 1
0, 3, 31, 29, 1
0, 3, 31, 32, 1
0, 3, 31, 34, 1
0, 5, 32, 30, 1
0, 5, 32, 31, 1
0, 5, 32, 33, 1
0, 5, 32, 34, 1
0, 5, 32, 35, 1
0, 3, 33, 30, 1
0, 3, 33, 32, 1
0, 3, 33, 34, 1
0, 3, 34, 31, 1
0, 3, 34, 32, 1
0, 3, 34, 33, 1
0, 4, 35, 27, 1
0, 4, 35, 28, 1
0, 4, 35, 30, 1
0, 4, 35, 32, 1
1, 6, 0, 5, 1
1, 6, 0, 6, 1
1, 6, 0, 7, 1
1, 6, 0, 9, 1
1, 6, 0, 10, 1
1, 6, 0, 11, 1
1, 1, 1, 9, 1
1, 4, 2, 3, 1
1, 4, 2, 4, 1
1, 4, 2, 5, 1
1, 4, 2, 8, 1
1, 4, 3, 2, 1
1, 4, 3, 5, 1
1, 4, 3, 8, 1
1, 4, 3, 9, 1
1, 2, 4, 2, 1
1, 2, 4, 25, 1
1, 4, 5, 0, 1
1, 4, 5, 2, 1
1, 4, 5, 3, 1
1, 4, 5, 7, 1
1, 4, 6, 0, 1
1, 4, 6, 7, 1
1, 4, 6, 10, 1
1, 4, 6, 11, 1
1, 3, 7, 0, 1
1, 3, 7, 5, 1
1, 3, 7, 6, 1
1, 3, 8, 2, 1
1, 3, 8, 3, 1
1, 3, 8, 13, 1
1, 4, 9, 0, 1
1, 4, 9, 1, 1
1, 4, 9, 3, 1
1, 4, 9, 11, 1
1, 3, 10, 0, 1
1, 3, 10, 6, 1
1, 3, 10, 11, 1
1, 4, 11, 0, 1
1, 4, 11, 6, 1
1, 4, 11, 9, 1
1, 4, 11, 10, 1
1, 5, 12, 13, 1
1, 5, 12, 16, 1
1, 5, 12, 18, 1
1, 5, 12, 19, 1
1, 5, 12, 20, 1
1, 5, 13, 8, 1
1, 5, 13, 12, 1
1, 5, 13, 16, 1
1, 5, 13, 18, 1
1, 5, 13, 25, 1
1, 4, 14, 15, 1
1, 4, 14, 16, 1
1, 4, 14, 19, 1
1, 4, 14, 23, 1
1, 2, 15, 14, 1
1, 2, 15, 23, 1
1, 6, 16, 12, 1
1, 6, 16, 13, 1
1, 6, 16, 14, 1
1, 6, 16, 18, 1
1, 6, 16, 19, 1
1, 6, 16, 21, 1
1, 2, 17, 21, 1
1, 2, 17, 22, 1
1, 5, 18, 12, 1
1, 5, 18, 13, 1
1, 5, 18, 16, 1
1, 5, 18, 19, 1
1, 5, 18, 21, 1
1, 5, 19, 12, 1
1, 5, 19, 14, 1
1, 5, 19, 16, 1
1, 5, 19, 18, 1
1, 5, 19, 21, 1
1, 1, 20, 12, 1
1, 5, 21, 16, 1
1, 5, 21, 17, 1
1, 5, 21, 18, 1
1, 5, 21, 19, 1
1, 5, 21, 22, 1
1, 2, 22, 17, 1
1, 2, 22, 21, 1
1, 2, 23, 14, 1
1, 2, 23, 15, 1
1, 2, 24, 25, 1
1, 2, 24, 26, 1
1, 5, 25, 4, 1
1, 5, 25, 13, 1
1, 5, 25, 24, 1
1, 5, 25, 26, 1
1, 5, 25, 29, 1
1, 2, 26, 24, 1
1, 2, 26, 25, 1
1, 3, 27, 28, 1
1, 3, 27, 30, 1
1, 3, 27, 35, 1
1, 2, 28, 27, 1
1, 2, 28, 35, 1
1, 2, 29, 25, 1
1, 2, 29, 31, 1
1, 4, 30, 27, 1
1, 4, 30, 32, 1
1, 4, 30, 33, 1
1, 4, 30, 35, 1
1, 3, 31, 29, 1
1, 3, 31, 32, 1
1, 3, 31, 34, 1
1, 5, 32, 30, 1
1, 5, 32, 31, 1
1, 5, 32, 33, 1
1, 5, 32, 34, 1
1, 5, 32, 35, 1
1, 3, 33, 30, 1
1, 3, 33, 32, 1
1, 3, 33, 34, 1
1, 3, 34, 31, 1
1, 3, 34, 32, 1
1, 3, 34, 33, 1
1, 4, 35, 27, 1
1, 4, 35, 28, 1
1, 4, 35, 30, 1
1, 4, 35, 32, 1
2, 180, 0, 1, 3
2, 180, 0, 1, 3
2, 180, 0, 1, 3
2, 180, 0, 1, 3
2, 180, 0, 1, 3
2, 180, 0, 1, 3
2, 180, 0, 1, 3
2, 180, 0, 1, 3
2, 180, 0, 1, 3
2, 180, 0, 1, 3
2, 180, 0, 1, 3
2, 180, 0, 1, 3
2, 180, 0, 1, 3
2, 180, 0, 1, 3
2, 180, 0, 1, 3
2, 180, 0, 1, 3
2, 180, 0, 1, 3
2, 180, 0, 1, 3
2, 180, 0, 1, 3
2, 180, 0, 1, 3
2, 180, 0, 1, 3
2, 180, 0, 1, 3
2, 180, 0, 1, 3
2, 180, 0, 1, 3
2, 180, 0, 1, 3
2, 180, 0, 1, 3
2, 180, 0, 1, 3
2, 180, 0, 1, 3
2, 180, 0, 1, 3
2, 180, 0, 1, 3
2, 180, 0, 1, 3
2, 180, 0, 1, 3
2, 180, 0, 1, 3
2, 180, 0, 1, 3
2, 180, 0, 1, 3
2, 180, 0, 1, 3
2, 180, 0, 1, 3
2, 180, 0, 1, 3
2, 180, 0, 1, 3
2, 180, 0, 1, 3
2, 180, 0, 1, 3
2, 180, 0, 1, 3
2, 180, 0, 1, 3
2, 180, 0, 1, 3
2, 180, 0, 1, 3
2, 180, 0, 1, 3
2, 180, 0, 1, 3
2, 180, 0, 1, 3
2, 180, 0, 1, 3
2, 180, 0, 1, 3
2, 180, 0, 1, 3
2, 180, 0, 1, 3
2, 180, 0, 1, 3
2, 180, 0, 1, 3
2, 180, 0, 1, 3
2, 180, 0, 1, 3
2, 180, 0, 1, 3
2, 180, 0, 1, 3
2, 180, 0, 1, 3
2, 180, 0, 1, 3
2, 180, 0, 1, 3
2, 180, 0, 1, 3
2, 180, 0, 1, 3
2, 180, 0, 1, 3
2, 180, 0, 1, 3
2, 180, 0, 1, 3
2, 180, 0, 1, 3
2, 180, 0, 1, 3
2, 180, 0, 1, 3
2, 180, 0, 1, 3
2, 180, 0, 1, 3
2, 180, 0, 1, 3
2, 180, 0, 1, 3
2, 180, 0, 1, 3
2, 180, 0, 1, 3
2, 180, 0, 1, 3
2, 180, 0, 1, 3
2, 180, 0, 1, 3
2, 180, 0, 1, 3
2, 180, 0, 1, 3
2, 180, 0, 1, 3
2, 180, 0, 1, 3
2, 180, 0, 1, 3
2, 180, 0, 1, 3
2, 180, 0, 1, 3
2, 180, 0, 1, 3
2, 180, 0, 1, 3
2, 180, 0, 1, 3
2, 180, 0, 1, 3
2, 180, 0, 1, 3
2, 180, 0, 1, 3
2, 180, 0, 1, 3
2, 180, 0, 1, 3
2, 180, 0, 1, 3
2, 180, 0, 1, 3
2, 180, 0, 1, 3
2, 180, 0, 1, 3
2, 180, 0, 1, 3
2, 180, 0, 1, 3
2, 180, 0, 1, 3
2, 180, 0, 1, 3
2, 180, 0, 1, 3
2, 180, 0, 1, 3
2, 180, 0, 1, 3
2, 180, 0, 1, 3
2, 180, 0, 1, 3
2, 180, 0, 1, 3
2, 180, 0, 1, 3
2, 180, 0, 1, 3
2, 180, 0, 1, 3
2, 180, 0, 1, 3
2, 180, 0, 1, 3
2, 180, 0, 1, 3
2, 180, 0, 1, 3
2, 180, 0, 1, 3
2, 180, 0, 1, 3
2, 180, 0, 1, 3
2, 180, 0, 1, 3
2, 180, 0, 1, 3
2, 180, 0, 1, 3
2, 180, 0, 1, 3
2, 180, 0, 1, 3
2, 180, 0, 1, 3
2, 180, 0, 1, 3
2, 180, 0, 1, 3
2, 180, 0, 1, 3
2, 180, 0, 1, 3
2, 180, 0, 1, 3
2, 180, 0, 1, 3
2, 180, 0, 1, 3
2, 180, 0, 1, 3
2, 180, 0, 1, 3
2, 180, 0, 1, 3
2, 180, 0, 1, 3
2, 180, 0, 1, 3
2, 180, 0, 1, 3
2, 180, 0, 1, 3
2, 180, 0, 1, 3
2, 180, 0, 1, 3
2, 180, 0, 1, 3
2, 180, 0, 1, 3
2, 180, 0, 1, 3
2, 180, 0, 1, 3
2, 180, 0, 1, 3
2, 180, 0, 1, 3
2, 180, 0, 1, 3
2, 180, 0, 1, 3
2, 180, 0, 1, 3
2, 180, 0, 1, 3
2, 180, 0, 1, 3
2, 180, 0, 1, 3
2, 180, 0, 1, 3
2, 180, 0, 1, 3
2, 180, 0, 1, 3
2, 180, 0, 1, 3
2, 180, 0, 1, 3
2, 180, 0, 1, 3
2, 180, 0, 1, 3
2, 180, 0, 1, 3
2, 180, 0, 1, 3
2, 180, 0, 1, 3
2, 180, 0, 1, 3
2, 180, 0, 1, 3
2, 180, 0, 1, 3
2, 180, 0, 1, 3
2, 180, 0, 1, 3
2, 180, 0, 1, 3
2, 180, 0, 1, 3
2, 180, 0, 1, 3
2, 180, 0, 1, 3
2, 180, 0, 1, 3
2, 180, 0, 1, 3
2, 180, 0, 1, 3
2, 180, 0, 1, 3
2, 180, 0, 1, 3
2, 180, 0, 1, 3
2, 180, 0, 1, 3
2, 180, 0, 1, 3
2, 180, 0, 1, 3
2, 180, 0, 1, 3
2, 360, 1, 0, 3
2, 360, 1, 0, 3
2, 360, 1, 0, 3
2, 360, 1, 0, 3
2, 360, 1, 0, 3
2, 360, 1, 0, 3
2, 360, 1, 0, 3
2, 360, 1, 0, 3
2, 360, 1, 0, 3
2, 360, 1, 0, 3
2, 360, 1, 0, 3
2, 360, 1, 0, 3
2, 360, 1, 0, 3
2, 360, 1, 0, 3
2, 360, 1, 0, 3
2, 360, 1, 0, 3
2, 360, 1, 0, 3
2, 360, 1, 0, 3
2, 360, 1, 0, 3
2, 360, 1, 0, 3
2, 360, 1, 0, 3
2, 360, 1, 0, 3
2, 360, 1, 0, 3
2, 360, 1, 0, 3
2, 360, 1, 0, 3
2, 360, 1, 0, 3
2, 360, 1, 0, 3
2, 360, 1, 0, 3
2, 360, 1, 0, 3
2, 360, 1, 0, 3
2, 360, 1, 0, 3
2, 360, 1, 0, 3
2, 360, 1, 0, 3
2, 360, 1, 0, 3
2, 360, 1, 0, 3
2, 360, 1, 0, 3
2, 360, 1, 0, 3
2, 360, 1, 0, 3
2, 360, 1, 0, 3
2, 360, 1, 0, 3
2, 360, 1, 0, 3
2, 360, 1, 0, 3
2, 360, 1, 0, 3
2, 360, 1, 0, 3
2, 360, 1, 0, 3
2, 360, 1, 0, 3
2, 360, 1, 0, 3
2, 360, 1, 0, 3
2, 360, 1, 0, 3
2, 360, 1, 0, 3
2, 360, 1, 0, 3
2, 360, 1, 0, 3
2, 360, 1, 0, 3
2, 360, 1, 0, 3
2, 360, 1, 0, 3
2, 360, 1, 0, 3
2, 360, 1, 0, 3
2, 360, 1, 0, 3
2, 360, 1, 0, 3
2, 360, 1, 0, 3
2, 360, 1, 0, 3
2, 360, 1, 0, 3
2, 360, 1, 0, 3
2, 360, 1, 0, 3
2, 360, 1, 0, 3
2, 360, 1, 0, 3
2, 360, 1, 0, 3
2, 360, 1, 0, 3
2, 360, 1, 0, 3
2, 360, 1, 0, 3
2, 360, 1, 0, 3
2, 360, 1, 0, 3
2, 360, 1, 0, 3
2, 360, 1, 0, 3
2, 360, 1, 0, 3
2, 360, 1, 0, 3
2, 360, 1, 0, 3
2, 360, 1, 0, 3
2, 360, 1, 0, 3
2, 360, 1, 0, 3
2, 360, 1, 0, 3
2, 360, 1, 0, 3
2, 360, 1, 0, 3
2, 360, 1, 0, 3
2, 360, 1, 0, 3
2, 360, 1, 0, 3
2, 360, 1, 0, 3
2, 360, 1, 0, 3
2, 360, 1, 0, 3
2, 360, 1, 0, 3
2, 360, 1, 0, 3
2, 360, 1, 0, 3
2, 360, 1, 0, 3
2, 360, 1, 0, 3
2, 360, 1, 0, 3
2, 360, 1, 0, 3
2, 360, 1, 0, 3
2, 360, 1, 0, 3
2, 360, 1, 0, 3
2, 360, 1, 0, 3
2, 360, 1, 0, 3
2, 360, 1, 0, 3
2, 360, 1, 0, 3
2, 360, 1, 0, 3
2, 360, 1, 0, 3
2, 360, 1, 0, 3
2, 360, 1, 0, 3
2, 360, 1, 0, 3
2, 360, 1, 0, 3
2, 360, 1, 0, 3
2, 360, 1, 0, 3
2, 360, 1, 0, 3
2, 360, 1, 0, 3
2, 360, 1, 0, 3
2, 360, 1, 0, 3
2, 360, 1, 0, 3
2, 360, 1, 0, 3
2, 360, 1, 0, 3
2, 360, 1, 0, 3
2, 360, 1, 0, 3
2, 360, 1, 0, 3
2, 360, 1, 0, 3
2, 360, 1, 0, 3
2, 360, 1, 0, 3
2, 360, 1, 0, 3
2, 360, 1, 0, 3
2, 360, 1, 0, 3
2, 360, 1, 0, 3
2, 360, 1, 0, 3
2, 360, 1, 0, 3
2, 360, 1, 0, 3
2, 360, 1, 0, 3
2, 360, 1, 0, 3
2, 360, 1, 0, 3
2, 360, 1, 0, 3
2, 360, 1, 0, 3
2, 360, 1, 0, 3
2, 360, 1, 0, 3
2, 360, 1, 0, 3
2, 360, 1, 0, 3
2, 360, 1, 0, 3
2, 360, 1, 0, 3
2, 360, 1, 0, 3
2, 360, 1, 0, 3
2, 360, 1, 0, 3
2, 360, 1, 0, 3
2, 360, 1, 0, 3
2, 360, 1, 0, 3
2, 360, 1, 0, 3
2, 360, 1, 0, 3
2, 360, 1, 0, 3
2, 360, 1, 0, 3
2, 360, 1, 0, 3
2, 360, 1, 0, 3
2, 360, 1, 0, 3
2, 360, 1, 0, 3
2, 360, 1, 0, 3
2, 360, 1, 0, 3
2, 360, 1, 0, 3
2, 360, 1, 0, 3
2, 360, 1, 0, 3
2, 360, 1, 0, 3
2, 360, 1, 0, 3
2, 360, 1, 0, 3
2, 360, 1, 0, 3
2, 360, 1, 0, 3
2, 360, 1, 0, 3
2, 360, 1, 0, 3
2, 360, 1, 0, 3
2, 360, 1, 0, 3
2, 360, 1, 0, 3
2, 360, 1, 0, 3
2, 360, 1, 0, 3
2, 360, 1, 0, 3
2, 360, 1, 0, 3
2, 360, 1, 0, 3
2, 360, 1, 0, 3
2, 360, 1, 0, 3
2, 360, 1, 0, 3
2, 360, 1, 0, 3
2, 360, 1, 2, 3
2, 360, 1, 2, 3
2, 360, 1, 2, 3
2, 360, 1, 2, 3
2, 360, 1, 2, 3
2, 360, 1, 2, 3
2, 360, 1, 2, 3
2, 360, 1, 2, 3
2, 360, 1, 2, 3
2, 360, 1, 2, 3
2, 360, 1, 2, 3
2, 360, 1, 2, 3
2, 360, 1, 2, 3
2, 360, 1, 2, 3
2, 360, 1, 2, 3
2, 360, 1, 2, 3
2, 360, 1, 2, 3
2, 360, 1, 2, 3
2, 360, 1, 2, 3
2, 360, 1, 2, 3
2, 360, 1, 2, 3
2, 360, 1, 2, 3
2, 360, 1, 2, 3
2, 360, 1, 2, 3
2, 360, 1, 2, 3
2, 360, 1, 2, 3
2, 360, 1, 2, 3
2, 360, 1, 2, 3
2, 360, 1, 2, 3
2, 360, 1, 2, 3
2, 360, 1, 2, 3
2, 360, 1, 2, 3
2, 360, 1, 2, 3
2, 360, 1, 2, 3
2, 360, 1, 2, 3
2, 360, 1, 2, 3
2, 360, 1, 2, 3
2, 360, 1, 2, 3
2, 360, 1, 2, 3
2, 360, 1, 2, 3
2, 360, 1, 2, 3
2, 360, 1, 2, 3
2, 360, 1, 2, 3
2, 360, 1, 2, 3
2, 360, 1, 2, 3
2, 360, 1, 2, 3
2, 360, 1, 2, 3
2, 360, 1, 2, 3
2, 360, 1, 2, 3
2, 360, 1, 2, 3
2, 360, 1, 2, 3
2, 360, 1, 2, 3
2, 360, 1, 2, 3
2, 360, 1, 2, 3
2, 360, 1, 2, 3
2, 360, 1, 2, 3
2, 360, 1, 2, 3
2, 360, 1, 2, 3
2, 360, 1, 2, 3
2, 360, 1, 2, 3
2, 360, 1, 2, 3
2, 360, 1, 2, 3
2, 360, 1, 2, 3
2, 360, 1, 2, 3
2, 360, 1, 2, 3
2, 360, 1, 2, 3
2, 360, 1, 2, 3
2, 360, 1, 2, 3
2, 360, 1, 2, 3
2, 360, 1, 2, 3
2, 360, 1, 2, 3
2, 360, 1, 2, 3
2, 360, 1, 2, 3
2, 360, 1, 2, 3
2, 360, 1, 2, 3
2, 360, 1, 2, 3
2, 360, 1, 2, 3
2, 360, 1, 2, 3
2, 360, 1, 2, 3
2, 360, 1, 2, 3
2, 360, 1, 2, 3
2, 360, 1, 2, 3
2, 360, 1, 2, 3
2, 360, 1, 2, 3
2, 360, 1, 2, 3
2, 360, 1, 2, 3
2, 360, 1, 2, 3
2, 360, 1, 2, 3
2, 360, 1, 2, 3
2, 360, 1, 2, 3
2, 360, 1, 2, 3
2, 360, 1, 2, 3
2, 360, 1, 2, 3
2, 360, 1, 2, 3
2, 360, 1, 2, 3
2, 360, 1, 2, 3
2, 360, 1, 2, 3
2, 360, 1, 2, 3
2, 360, 1, 2, 3
2, 360, 1, 2, 3
2, 360, 1, 2, 3
2, 360, 1, 2, 3
2, 360, 1, 2, 3
2, 360, 1, 2, 3
2, 360, 1, 2, 3
2, 360, 1, 2, 3
2, 360, 1, 2, 3
2, 360, 1, 2, 3
2, 360, 1, 2, 3
2, 360, 1, 2, 3
2, 360, 1, 2, 3
2, 360, 1, 2, 3
2, 360, 1, 2, 3
2, 360, 1, 2, 3
2, 360, 1, 2, 3
2, 360, 1, 2, 3
2, 360, 1, 2, 3
2, 360, 1, 2, 3
2, 360, 1, 2, 3
2, 360, 1, 2, 3
2, 360, 1, 2, 3
2, 360, 1, 2, 3
2, 360, 1, 2, 3
2, 360, 1, 2, 3
2, 360, 1, 2, 3
2, 360, 1, 2, 3
2, 360, 1, 2, 3
2, 360, 1, 2, 3
2, 360, 1, 2, 3
2, 360, 1, 2, 3
2, 360, 1, 2, 3
2, 360, 1, 2, 3
2, 360, 1, 2, 3
2, 360, 1, 2, 3
2, 360, 1, 2, 3
2, 360, 1, 2, 3
2, 360, 1, 2, 3
2, 360, 1, 2, 3
2, 360, 1, 2, 3
2, 360, 1, 2, 3
2, 360, 1, 2, 3
2, 360, 1, 2, 3
2, 360, 1, 2, 3
2, 360, 1, 2, 3
2, 360, 1, 2, 3
2, 360, 1, 2, 3
2, 360, 1, 2, 3
2, 360, 1, 2, 3
2, 360, 1, 2, 3
2, 360, 1, 2, 3
2, 360, 1, 2, 3
2, 360, 1, 2, 3
2, 360, 1, 2, 3
2, 360, 1, 2, 3
2, 360, 1, 2, 3
2, 360, 1, 2, 3
2, 360, 1, 2, 3
2, 360, 1, 2, 3
2, 360, 1, 2, 3
2, 360, 1, 2, 3
2, 360, 1, 2, 3
2, 360, 1, 2, 3
2, 360, 1, 2, 3
2, 360, 1, 2, 3
2, 360, 1, 2, 3
2, 360, 1, 2, 3
2, 360, 1, 2, 3
2, 360, 1, 2, 3
2, 360, 1, 2, 3
2, 360, 1, 2, 3
2, 360, 1, 2, 3
2, 360, 1, 2, 3
2, 360, 1, 2, 3
2, 360, 1, 2, 3
2, 360, 1, 2, 3
2, 360, 1, 2, 3
2, 360, 1, 2, 3
2, 360, 1, 2, 3
2, 360, 1, 2, 3
2, 360, 1, 2, 3
2, 360, 2, 1, 3
2, 360, 2, 1, 3
2, 360, 2, 1, 3
2, 360, 2, 1, 3
2, 360, 2, 1, 3
2, 360, 2, 1, 3
2, 360, 2, 1, 3
2, 360, 2, 1, 3
2, 360, 2, 1, 3
2, 360, 2, 1, 3
2, 360, 2, 1, 3
2, 360, 2, 1, 3
2, 360, 2, 1, 3
2, 360, 2, 1, 3
2, 360, 2, 1, 3
2, 360, 2, 1, 3
2, 360, 2, 1, 3
2, 360, 2, 1, 3
2, 360, 2, 1, 3
2, 360, 2, 1, 3
2, 360, 2, 1, 3
2, 360, 2, 1, 3
2, 360, 2, 1, 3
2, 360, 2, 1, 3
2, 360, 2, 1, 3
2, 360, 2, 1, 3
2, 360, 2, 1, 3
2, 360, 2, 1, 3
2, 360, 2, 1, 3
2, 360, 2, 1, 3
2, 360, 2, 1, 3
2, 360, 2, 1, 3
2, 360, 2, 1, 3
2, 360, 2, 1, 3
2, 360, 2, 1, 3
2, 360, 2, 1, 3
2, 360, 2, 1, 3
2, 360, 2, 1, 3
2, 360, 2, 1, 3
2, 360, 2, 1, 3
2, 360, 2, 1, 3
2, 360, 2, 1, 3
2, 360, 2, 1, 3
2, 360, 2, 1, 3
2, 360, 2, 1, 3
2, 360, 2, 1, 3
2, 360, 2, 1, 3
2, 360, 2, 1, 3
2, 360, 2, 1, 3
2, 360, 2, 1, 3
2, 360, 2, 1, 3
2, 360, 2, 1, 3
2, 360, 2, 1, 3
2, 360, 2, 1, 3
2, 360, 2, 1, 3
2, 360, 2, 1, 3
2, 360, 2, 1, 3
2, 360, 2, 1, 3
2, 360, 2, 1, 3
2, 360, 2, 1, 3
2, 360, 2, 1, 3
2, 360, 2, 1, 3
2, 360, 2, 1, 3
2, 360, 2, 1, 3
2, 360, 2, 1, 3
2, 360, 2, 1, 3
2, 360, 2, 1, 3
2, 360, 2, 1, 3
2, 360, 2, 1, 3
2, 360, 2, 1, 3
2, 360, 2, 1, 3
2, 360, 2, 1, 3
2, 360, 2, 1, 3
2, 360, 2, 1, 3
2, 360, 2, 1, 3
2, 360, 2, 1, 3
2, 360, 2, 1, 3
2, 360, 2, 1, 3
2, 360, 2, 1, 3
2, 360, 2, 1, 3
2, 360, 2, 1, 3
2, 360, 2, 1, 3
2, 360, 2, 1, 3
2, 360, 2, 1, 3
2, 360, 2, 1, 3
2, 360, 2, 1, 3
2, 360, 2, 1, 3
2, 360, 2, 1, 3
2, 360, 2, 1, 3
2, 360, 2, 1, 3
2, 360, 2, 1, 3
2, 360, 2, 1, 3
2, 360, 2, 1, 3
2, 360, 2, 1, 3
2, 360, 2, 1, 3
2, 360, 2, 1, 3
2, 360, 2, 1, 3
2, 360, 2, 1, 3
2, 360, 2, 1, 3
2, 360, 2, 1, 3
2, 360, 2, 1, 3
2, 360, 2, 1, 3
2, 360, 2, 1, 3
2, 360, 2, 1, 3
2, 360, 2, 1, 3
2, 360, 2, 1, 3
2, 360, 2, 1, 3
2, 360, 2, 1, 3
2, 360, 2, 1, 3
2, 360, 2, 1, 3
2, 360, 2, 1, 3
2, 360, 2, 1, 3
2, 360, 2, 1, 3
2, 360, 2, 1, 3
2, 360, 2, 1, 3
2, 360, 2, 1, 3
2, 360, 2, 1, 3
2, 360, 2, 1, 3
2, 360, 2, 1, 3
2, 360, 2, 1, 3
2, 360, 2, 1, 3
2, 360, 2, 1, 3
2, 360, 2, 1, 3
2, 360, 2, 1, 3
2, 360, 2, 1, 3
2, 360, 2, 1, 3
2, 360, 2, 1, 3
2, 360, 2, 1, 3
2, 360, 2, 1, 3
2, 360, 2, 1, 3
2, 360, 2, 1, 3
2, 360, 2, 1, 3
2, 360, 2, 1, 3
2, 360, 2, 1, 3
2, 360, 2, 1, 3
2, 360, 2, 1, 3
2, 360, 2, 1, 3
2, 360, 2, 1, 3
2, 360, 2, 1, 3
2, 360, 2, 1, 3
2, 360, 2, 1, 3
2, 360, 2, 1, 3
2, 360, 2, 1, 3
2, 360, 2, 1, 3
2, 360, 2, 1, 3
2, 360, 2, 1, 3
2, 360, 2, 1, 3
2, 360, 2, 1, 3
2, 360, 2, 1, 3
2, 360, 2, 1, 3
2, 360, 2, 1, 3
2, 360, 2, 1, 3
2, 360, 2, 1, 3
2, 360, 2, 1, 3
2, 360, 2, 1, 3
2, 360, 2, 1, 3
2, 360, 2, 1, 3
2, 360, 2, 1, 3
2, 360, 2, 1, 3
2, 360, 2, 1, 3
2, 360, 2, 1, 3
2, 360, 2, 1, 3
2, 360, 2, 1, 3
2, 360, 2, 1, 3
2, 360, 2, 1, 3
2, 360, 2, 1, 3
2, 360, 2, 1, 3
2, 360, 2, 1, 3
2, 360, 2, 1, 3
2, 360, 2, 1, 3
2, 360, 2, 1, 3
2, 360, 2, 1, 3
2, 360, 2, 1, 3
2, 360, 2, 1, 3
2, 360, 2, 1, 3
2, 360, 2, 1, 3
2, 360, 2, 1, 3
2, 360, 2, 1, 3
2, 360, 2, 1, 3
2, 360, 2, 1, 3
2, 360, 2, 3, 3
2, 360, 2, 3, 3
2, 360, 2, 3, 3
2, 360, 2, 3, 3
2, 360, 2, 3, 3
2, 360, 2, 3, 3
2, 360, 2, 3, 3
2, 360, 2, 3, 3
2, 360, 2, 3, 3
2, 360, 2, 3, 3
2, 360, 2, 3, 3
2, 360, 2, 3, 3
2, 360, 2, 3, 3
2, 360, 2, 3, 3
2, 360, 2, 3, 3
2, 360, 2, 3, 3
2, 360, 2, 3, 3
2, 360, 2, 3, 3
2, 360, 2, 3, 3
2, 360, 2, 3, 3
2, 360, 2, 3, 3
2, 360, 2, 3, 3
2, 360, 2, 3, 3
2, 360, 2, 3, 3
2, 360, 2, 3, 3
2, 360, 2, 3, 3
2, 360, 2, 3, 3
2, 360, 2, 3, 3
2, 360, 2, 3, 3
2, 360, 2, 3, 3
2, 360, 2, 3, 3
2, 360, 2, 3, 3
2, 360, 2, 3, 3
2, 360, 2, 3, 3
2, 360, 2, 3, 3
2, 360, 2, 3, 3
2, 360, 2, 3, 3
2, 360, 2, 3, 3
2, 360, 2, 3, 3
2, 360, 2, 3, 3
2, 360, 2, 3, 3
2, 360, 2, 3, 3
2, 360, 2, 3, 3
2, 360, 2, 3, 3
2, 360, 2, 3, 3
2, 360, 2, 3, 3
2, 360, 2, 3, 3
2, 360, 2, 3, 3
2, 360, 2, 3, 3
2, 360, 2, 3, 3
2, 360, 2, 3, 3
2, 360, 2, 3, 3
2, 360, 2, 3, 3
2, 360, 2, 3, 3
2, 360, 2, 3, 3
2, 360, 2, 3, 3
2, 360, 2, 3, 3
2, 360, 2, 3, 3
2, 360, 2, 3, 3
2, 360, 2, 3, 3
2, 360, 2, 3, 3
2, 360, 2, 3, 3
2, 360, 2, 3, 3
2, 360, 2, 3, 3
2, 360, 2, 3, 3
2, 360, 2, 3, 3
2, 360, 2, 3, 3
2, 360, 2, 3, 3
2, 360, 2, 3, 3
2, 360, 2, 3, 3
2, 360, 2, 3, 3
2, 360, 2, 3, 3
2, 360, 2, 3, 3
2, 360, 2, 3, 3
2, 360, 2, 3, 3
2, 360, 2, 3, 3
2, 360, 2, 3, 3
2, 360, 2, 3, 3
2, 360, 2, 3, 3
2, 360, 2, 3, 3
2, 360, 2, 3, 3
2, 360, 2, 3, 3
2, 360, 2, 3, 3
2, 360, 2, 3, 3
2, 360, 2, 3, 3
2, 360, 2, 3, 3
2, 360, 2, 3, 3
2, 360, 2, 3, 3
2, 360, 2, 3, 3
2, 360, 2, 3, 3
2, 360, 2, 3, 3
2, 360, 2, 3, 3
2, 360, 2, 3, 3
2, 360, 2, 3, 3
2, 360, 2, 3, 3
2, 360, 2, 3, 3
2, 360, 2, 3, 3
2, 360, 2, 3, 3
2, 360, 2, 3, 3
2, 360, 2, 3, 3
2, 360, 2, 3, 3
2, 360, 2, 3, 3
2, 360, 2, 3, 3
2, 360, 2, 3, 3
2, 360, 2, 3, 3
2, 360, 2, 3, 3
2, 360, 2, 3, 3
2, 360, 2, 3, 3
2, 360, 2, 3, 3
2, 360, 2, 3, 3
2, 360, 2, 3, 3
2, 360, 2, 3, 3
2, 360, 2, 3, 3
2, 360, 2, 3, 3
2, 360, 2, 3, 3
2, 360, 2, 3, 3
2, 360, 2, 3, 3
2, 360, 2, 3, 3
2, 360, 2, 3, 3
2, 360, 2, 3, 3
2, 360, 2, 3, 3
2, 360, 2, 3, 3
2, 360, 2, 3, 3
2, 360, 2, 3, 3
2, 360, 2, 3, 3
2, 360, 2, 3, 3
2, 360, 2, 3, 3
2, 360, 2, 3, 3
2, 360, 2, 3, 3
2, 360, 2, 3, 3
2, 360, 2, 3, 3
2, 360, 2, 3, 3
2, 360, 2, 3, 3
2, 360, 2, 3, 3
2, 360, 2, 3, 3
2, 360, 2, 3, 3
2, 360, 2, 3, 3
2, 360, 2, 3, 3
2, 360, 2, 3, 3
2, 360, 2, 3, 3
2, 360, 2, 3, 3
2, 360, 2, 3, 3
2, 360, 2, 3, 3
2, 360, 2, 3, 3
2, 360, 2, 3, 3
2, 360, 2, 3, 3
2, 360, 2, 3, 3
2, 360, 2, 3, 3
2, 360, 2, 3, 3
2, 360, 2, 3, 3
2, 360, 2, 3, 3
2, 360, 2, 3, 3
2, 360, 2, 3, 3
2, 360, 2, 3, 3
2, 360, 2, 3, 3
2, 360, 2, 3, 3
2, 360, 2, 3, 3
2, 360, 2, 3, 3
2, 360, 2, 3, 3
2, 360, 2, 3, 3
2, 360, 2, 3, 3
2, 360, 2, 3, 3
2, 360, 2, 3, 3
2, 360, 2, 3, 3
2, 360, 2, 3, 3
2, 360, 2, 3, 3
2, 360, 2, 3, 3
2, 360, 2, 3, 3
2, 360, 2, 3, 3
2, 360, 2, 3, 3
2, 360, 2, 3, 3
2, 360, 2, 3, 3
2, 360, 2, 3, 3
2, 360, 2, 3, 3
2, 360, 2, 3, 3
2, 360, 2, 3, 3
2, 360, 2, 3, 3
2, 360, 2, 3, 3
2, 360, 2, 3, 3
2, 360, 2, 3, 3
2, 360, 3, 2, 3
2, 360, 3, 2, 3
2, 360, 3, 2, 3
2, 360, 3, 2, 3
2, 360, 3, 2, 3
2, 360, 3, 2, 3
2, 360, 3, 2, 3
2, 360, 3, 2, 3
2, 360, 3, 2, 3
2, 360, 3, 2, 3
2, 360, 3, 2, 3
2, 360, 3, 2, 3
2, 360, 3, 2, 3
2, 360, 3, 2, 3
2, 360, 3, 2, 3
2, 360, 3, 2, 3
2, 360, 3, 2, 3
2, 360, 3, 2, 3
2, 360, 3, 2, 3
2, 360, 3, 2, 3
2, 360, 3, 2, 3
2, 360, 3, 2, 3
2, 360, 3, 2, 3
2, 360, 3, 2, 3
2, 360, 3, 2, 3
2, 360, 3, 2, 3
2, 360, 3, 2, 3
2, 360, 3, 2, 3
2, 360, 3, 2, 3
2, 360, 3, 2, 3
2, 360, 3, 2, 3
2, 360, 3, 2, 3
2, 360, 3, 2, 3
2, 360, 3, 2, 3
2, 360, 3, 2, 3
2, 360, 3, 2, 3
2, 360, 3, 2, 3
2, 360, 3, 2, 3
2, 360, 3, 2, 3
2, 360, 3, 2, 3
2, 360, 3, 2, 3
2, 360, 3, 2, 3
2, 360, 3, 2, 3
2, 360, 3, 2, 3
2, 360, 3, 2, 3
2, 360, 3, 2, 3
2, 360, 3, 2, 3
2, 360, 3, 2, 3
2, 360, 3, 2, 3
2, 360, 3, 2, 3
2, 360, 3, 2, 3
2, 360, 3, 2, 3
2, 360, 3, 2, 3
2, 360, 3, 2, 3
2, 360, 3, 2, 3
2, 360, 3, 2, 3
2, 360, 3, 2, 3
2, 360, 3, 2, 3
2, 360, 3, 2, 3
2, 360, 3, 2, 3
2, 360, 3, 2, 3
2, 360, 3, 2, 3
2, 360, 3, 2, 3
2, 360, 3, 2, 3
2, 360, 3, 2, 3
2, 360, 3, 2, 3
2, 360, 3, 2, 3
2, 360, 3, 2, 3
2, 360, 3, 2, 3
2, 360, 3, 2, 3
2, 360, 3, 2, 3
2, 360, 3, 2, 3
2, 360, 3, 2, 3
2, 360, 3, 2, 3
2, 360, 3, 2, 3
2, 360, 3, 2, 3
2, 360, 3, 2, 3
2, 360, 3, 2, 3
2, 360, 3, 2, 3
2, 360, 3, 2, 3
2, 360, 3, 2, 3
2, 360, 3, 2, 3
2, 360, 3, 2, 3
2, 360, 3, 2, 3
2, 360, 3, 2, 3
2, 360, 3, 2, 3
2, 360, 3, 2, 3
2, 360, 3, 2, 3
2, 360, 3, 2, 3
2, 360, 3, 2, 3
2, 360, 3, 2, 3
2, 360, 3, 2, 3
2, 360, 3, 2, 3
2, 360, 3, 2, 3
2, 360, 3, 2, 3
2, 360, 3, 2, 3
2, 360, 3, 2, 3
2, 360, 3, 2, 3
2, 360, 3, 2, 3
2, 360, 3, 2, 3
2, 360, 3, 2, 3
2, 360, 3, 2, 3
2, 360, 3, 2, 3
2, 360, 3, 2, 3
2, 360, 3, 2, 3
2, 360, 3, 2, 3
2, 360, 3, 2, 3
2, 360, 3, 2, 3
2, 360, 3, 2, 3
2, 360, 3, 2, 3
2, 360, 3, 2, 3
2, 360, 3, 2, 3
2, 360, 3, 2, 3
2, 360, 3, 2, 3
2, 360, 3, 2, 3
2, 360, 3, 2, 3
2, 360, 3, 2, 3
2, 360, 3, 2, 3
2, 360, 3, 2, 3
2, 360, 3, 2, 3
2, 360, 3, 2, 3
2, 360, 3, 2, 3
2, 360, 3, 2, 3
2, 360, 3, 2, 3
2, 360, 3, 2, 3
2, 360, 3, 2, 3
2, 360, 3, 2, 3
2, 360, 3, 2, 3
2, 360, 3, 2, 3
2, 360, 3, 2, 3
2, 360, 3, 2, 3
2, 360, 3, 2, 3
2, 360, 3, 2, 3
2, 360, 3, 2, 3
2, 360, 3, 2, 3
2, 360, 3, 2, 3
2, 360, 3, 2, 3
2, 360, 3, 2, 3
2, 360, 3, 2, 3
2, 360, 3, 2, 3
2, 360, 3, 2, 3
2, 360, 3, 2, 3
2, 360, 3, 2, 3
2, 360, 3, 2, 3
2, 360, 3, 2, 3
2, 360, 3, 2, 3
2, 360, 3, 2, 3
2, 360, 3, 2, 3
2, 360, 3, 2, 3
2, 360, 3, 2, 3
2, 360, 3, 2, 3
2, 360, 3, 2, 3
2, 360, 3, 2, 3
2, 360, 3, 2, 3
2, 360, 3, 2, 3
2, 360, 3, 2, 3
2, 360, 3, 2, 3
2, 360, 3, 2, 3
2, 360, 3, 2, 3
2, 360, 3, 2, 3
2, 360, 3, 2, 3
2, 360, 3, 2, 3
2, 360, 3, 2, 3
2, 360, 3, 2, 3
2, 360, 3, 2, 3
2, 360, 3, 2, 3
2, 360, 3, 2, 3
2, 360, 3, 2, 3
2, 360, 3, 2, 3
2, 360, 3, 2, 3
2, 360, 3, 2, 3
2, 360, 3, 2, 3
2, 360, 3, 2, 3
2, 360, 3, 2, 3
2, 360, 3, 2, 3
2, 360, 3, 2, 3
2, 360, 3, 2, 3
2, 360, 3, 2, 3
2, 360, 3, 2, 3
2, 360, 3, 2, 3
2, 360, 3, 4, 3
2, 360, 3, 4, 3
2, 360, 3, 4, 3
2, 360, 3, 4, 3
2, 360, 3, 4, 3
2, 360, 3, 4, 3
2, 360, 3, 4, 3
2, 360, 3, 4, 3
2, 360, 3, 4, 3
2, 360, 3, 4, 3
2, 360, 3, 4, 3
2, 360, 3, 4, 3
2, 360, 3, 4, 3
2, 360, 3, 4, 3
2, 360, 3, 4, 3
2, 360, 3, 4, 3
2, 360, 3, 4, 3
2, 360, 3, 4, 3
2, 360, 3, 4, 3
2, 360, 3, 4, 3
2, 360, 3, 4, 3
2, 360, 3, 4, 3
2, 360, 3, 4, 3
2, 360, 3, 4, 3
2, 360, 3, 4, 3
2, 360, 3, 4, 3
2, 360, 3, 4, 3
2, 360, 3, 4, 3
2, 360, 3, 4, 3
2, 360, 3, 4, 3
2, 360, 3, 4, 3
2, 360, 3, 4, 3
2, 360, 3, 4, 3
2, 360, 3, 4, 3
2, 360, 3, 4, 3
2, 360, 3, 4, 3
2, 360, 3, 4, 3
2, 360, 3, 4, 3
2, 360, 3, 4, 3
2, 360, 3, 4, 3
2, 360, 3, 4, 3
2, 360, 3, 4, 3
2, 360, 3, 4, 3
2, 360, 3, 4, 3
2, 360, 3, 4, 3
2, 360, 3, 4, 3
2, 360, 3, 4, 3
2, 360, 3, 4, 3
2, 360, 3, 4, 3
2, 360, 3, 4, 3
2, 360, 3, 4, 3
2, 360, 3, 4, 3
2, 360, 3, 4, 3
2, 360, 3, 4, 3
2, 360, 3, 4, 3
2, 360, 3, 4, 3
2, 360, 3, 4, 3
2, 360, 3, 4, 3
2, 360, 3, 4, 3
2, 360, 3, 4, 3
2, 360, 3, 4, 3
2, 360, 3, 4, 3
2, 360, 3, 4, 3
2, 360, 3, 4, 3
2, 360, 3, 4, 3
2, 360, 3, 4, 3
2, 360, 3, 4, 3
2, 360, 3, 4, 3
2, 360, 3, 4, 3
2, 360, 3, 4, 3
2, 360, 3, 4, 3
2, 360, 3, 4, 3
2, 360, 3, 4, 3
2, 360, 3, 4, 3
2, 360, 3, 4, 3
2, 360, 3, 4, 3
2, 360, 3, 4, 3
2, 360, 3, 4, 3
2, 360, 3, 4, 3
2, 360, 3, 4, 3
2, 360, 3, 4, 3
2, 360, 3, 4, 3
2, 360, 3, 4, 3
2, 360, 3, 4, 3
2, 360, 3, 4, 3
2, 360, 3, 4, 3
2, 360, 3, 4, 3
2, 360, 3, 4, 3
2, 360, 3, 4, 3
2, 360, 3, 4, 3
2, 360, 3, 4, 3
2, 360, 3, 4, 3
2, 360, 3, 4, 3
2, 360, 3, 4, 3
2, 360, 3, 4, 3
2, 360, 3, 4, 3
2, 360, 3, 4, 3
2, 360, 3, 4, 3
2, 360, 3, 4, 3
2, 360, 3, 4, 3
2, 360, 3, 4, 3
2, 360, 3, 4, 3
2, 360, 3, 4, 3
2, 360, 3, 4, 3
2, 360, 3, 4, 3
2, 360, 3, 4, 3
2, 360, 3, 4, 3
2, 360, 3, 4, 3
2, 360, 3, 4, 3
2, 360, 3, 4, 3
2, 360, 3, 4, 3
2, 360, 3, 4, 3
2, 360, 3, 4, 3
2, 360, 3, 4, 3
2, 360, 3, 4, 3
2, 360, 3, 4, 3
2, 360, 3, 4, 3
2, 360, 3, 4, 3
2, 360, 3, 4, 3
2, 360, 3, 4, 3
2, 360, 3, 4, 3
2, 360, 3, 4, 3
2, 360, 3, 4, 3
2, 360, 3, 4, 3
2, 360, 3, 4, 3
2, 360, 3, 4, 3
2, 360, 3, 4, 3
2, 360, 3, 4, 3
2, 360, 3, 4, 3
2, 360, 3, 4, 3
2, 360, 3, 4, 3
2, 360, 3, 4, 3
2, 360, 3, 4, 3
2, 360, 3, 4, 3
2, 360, 3, 4, 3
2, 360, 3, 4, 3
2, 360, 3, 4, 3
2, 360, 3, 4, 3
2, 360, 3, 4, 3
2, 360, 3, 4, 3
2, 360, 3, 4, 3
2, 360, 3, 4, 3
2, 360, 3, 4, 3
2, 360, 3, 4, 3
2, 360, 3, 4, 3
2, 360, 3, 4, 3
2, 360, 3, 4, 3
2, 360, 3, 4, 3
2, 360, 3, 4, 3
2, 360, 3, 4, 3
2, 360, 3, 4, 3
2, 360, 3, 4, 3
2, 360, 3, 4, 3
2, 360, 3, 4, 3
2, 360, 3, 4, 3
2, 360, 3, 4, 3
2, 360, 3, 4, 3
2, 360, 3, 4, 3
2, 360, 3, 4, 3
2, 360, 3, 4, 3
2, 360, 3, 4, 3
2, 360, 3, 4, 3
2, 360, 3, 4, 3
2, 360, 3, 4, 3
2, 360, 3, 4, 3
2, 360, 3, 4, 3
2, 360, 3, 4, 3
2, 360, 3, 4, 3
2, 360, 3, 4, 3
2, 360, 3, 4, 3
2, 360, 3, 4, 3
2, 360, 3, 4, 3
2, 360, 3, 4, 3
2, 360, 3, 4, 3
2, 360, 3, 4, 3
2, 360, 3, 4, 3
2, 360, 3, 4, 3
2, 360, 3, 4, 3
2, 360, 3, 4, 3
2, 360, 3, 4, 3
2, 180, 4, 3, 3
2, 180, 4, 3, 3
2, 180, 4, 3, 3
2, 180, 4, 3, 3
2, 180, 4, 3, 3
2, 180, 4, 3, 3
2, 180, 4, 3, 3
2, 180, 4, 3, 3
2, 180, 4, 3, 3
2, 180, 4, 3, 3
2, 180, 4, 3, 3
2, 180, 4, 3, 3
2, 180, 4, 3, 3
2, 180, 4, 3, 3
2, 180, 4, 3, 3
2, 180, 4, 3, 3
2, 180, 4, 3, 3
2, 180, 4, 3, 3
2, 180, 4, 3, 3
2, 180, 4, 3, 3
2, 180, 4, 3, 3
2, 180, 4, 3, 3
2, 180, 4, 3, 3
2, 180, 4, 3, 3
2, 180, 4, 3, 3
2, 180, 4, 3, 3
2, 180, 4, 3, 3
2, 180, 4, 3, 3
2, 180, 4, 3, 3
2, 180, 4, 3, 3
2, 180, 4, 3, 3
2, 180, 4, 3, 3
2, 180, 4, 3, 3
2, 180, 4, 3, 3
2, 180, 4, 3, 3
2, 180, 4, 3, 3
2, 180, 4, 3, 3
2, 180, 4, 3, 3
2, 180, 4, 3, 3
2, 180, 4, 3, 3
2, 180, 4, 3, 3
2, 180, 4, 3, 3
2, 180, 4, 3, 3
2, 180, 4, 3, 3
2, 180, 4, 3, 3
2, 180, 4, 3, 3
2, 180, 4, 3, 3
2, 180, 4, 3, 3
2, 180, 4, 3, 3
2, 180, 4, 3, 3
2, 180, 4, 3, 3
2, 180, 4, 3, 3
2, 180, 4, 3, 3
2, 180, 4, 3, 3
2, 180, 4, 3, 3
2, 180, 4, 3, 3
2, 180, 4, 3, 3
2, 180, 4, 3, 3
2, 180, 4, 3, 3
2, 180, 4, 3, 3
2, 180, 4, 3, 3
2, 180, 4, 3, 3
2, 180, 4, 3, 3
2, 180, 4, 3, 3
2, 180, 4, 3, 3
2, 180, 4, 3, 3
2, 180, 4, 3, 3
2, 180, 4, 3, 3
2, 180, 4, 3, 3
2, 180, 4, 3, 3
2, 180, 4, 3, 3
2, 180, 4, 3, 3
2, 180, 4, 3, 3
2, 180, 4, 3, 3
2, 180, 4, 3, 3
2, 180, 4, 3, 3
2, 180, 4, 3, 3
2, 180, 4, 3, 3
2, 180, 4, 3, 3
2, 180, 4, 3, 3
2, 180, 4, 3, 3
2, 180, 4, 3, 3
2, 180, 4, 3, 3
2, 180, 4, 3, 3
2, 180, 4, 3, 3
2, 180, 4, 3, 3
2, 180, 4, 3, 3
2, 180, 4, 3, 3
2, 180, 4, 3, 3
2, 180, 4, 3, 3
2, 180, 4, 3, 3
2, 180, 4, 3, 3
2, 180, 4, 3, 3
2, 180, 4, 3, 3
2, 180, 4, 3, 3
2, 180, 4, 3, 3
2, 180, 4, 3, 3
2, 180, 4, 3, 3
2, 180, 4, 3, 3
2, 180, 4, 3, 3
2, 180, 4, 3, 3
2, 180, 4, 3, 3
2, 180, 4, 3, 3
2, 180, 4, 3, 3
2, 180, 4, 3, 3
2, 180, 4, 3, 3
2, 180, 4, 3, 3
2, 180, 4, 3, 3
2, 180, 4, 3, 3
2, 180, 4, 3, 3
2, 180, 4, 3, 3
2, 180, 4, 3, 3
2, 180, 4, 3, 3
2, 180, 4, 3, 3
2, 180, 4, 3, 3
2, 180, 4, 3, 3
2, 180, 4, 3, 3
2, 180, 4, 3, 3
2, 180, 4, 3, 3
2, 180, 4, 3, 3
2, 180, 4, 3, 3
2, 180, 4, 3, 3
2, 180, 4, 3, 3
2, 180, 4, 3, 3
2, 180, 4, 3, 3
2, 180, 4, 3, 3
2, 180, 4, 3, 3
2, 180, 4, 3, 3
2, 180, 4, 3, 3
2, 180, 4, 3, 3
2, 180, 4, 3, 3
2, 180, 4, 3, 3
2, 180, 4, 3, 3
2, 180, 4, 3, 3
2, 180, 4, 3, 3
2, 180, 4, 3, 3
2, 180, 4, 3, 3
2, 180, 4, 3, 3
2, 180, 4, 3, 3
2, 180, 4, 3, 3
2, 180, 4, 3, 3
2, 180, 4, 3, 3
2, 180, 4, 3, 3
2, 180, 4, 3, 3
2, 180, 4, 3, 3
2, 180, 4, 3, 3
2, 180, 4, 3, 3
2, 180, 4, 3, 3
2, 180, 4, 3, 3
2, 180, 4, 3, 3
2, 180, 4, 3, 3
2, 180, 4, 3, 3
2, 180, 4, 3, 3
2, 180, 4, 3, 3
2, 180, 4, 3, 3
2, 180, 4, 3, 3
2, 180, 4, 3, 3
2, 180, 4, 3, 3
2, 180, 4, 3, 3
2, 180, 4, 3, 3
2, 180, 4, 3, 3
2, 180, 4, 3, 3
2, 180, 4, 3, 3
2, 180, 4, 3, 3
2, 180, 4, 3, 3
2, 180, 4, 3, 3
2, 180, 4, 3, 3
2, 180, 4, 3, 3
2, 180, 4, 3, 3
2, 180, 4, 3, 3
2, 180, 4, 3, 3
2, 180, 4, 3, 3
2, 180, 4, 3, 3
2, 180, 4, 3, 3
2, 180, 4, 3, 3
2, 180, 4, 3, 3
2, 180, 4, 3, 3
2, 180, 4, 3, 3
2, 180, 4, 3, 3
2, 180, 4, 3, 3
3, 180, 0, 1, 3
3, 180, 0, 1, 3
3, 180, 0, 1, 3
3, 180, 0, 1, 3
3, 180, 0, 1, 3
3, 180, 0, 1, 3
3, 180, 0, 1, 3
3, 180, 0, 1, 3
3, 180, 0, 1, 3
3, 180, 0, 1, 3
3, 180, 0, 1, 3
3, 180, 0, 1, 3
3, 180, 0, 1, 3
3, 180, 0, 1, 3
3, 180, 0, 1, 3
3, 180, 0, 1, 3
3, 180, 0, 1, 3
3, 180, 0, 1, 3
3, 180, 0, 1, 3
3, 180, 0, 1, 3
3, 180, 0, 1, 3
3, 180, 0, 1, 3
3, 180, 0, 1, 3
3, 180, 0, 1, 3
3, 180, 0, 1, 3
3, 180, 0, 1, 3
3, 180, 0, 1, 3
3, 180, 0, 1, 3
3, 180, 0, 1, 3
3, 180, 0, 1, 3
3, 180, 0, 1, 3
3, 180, 0, 1, 3
3, 180, 0, 1, 3
3, 180, 0, 1, 3
3, 180, 0, 1, 3
3, 180, 0, 1, 3
3, 180, 0, 1, 3
3, 180, 0, 1, 3
3, 180, 0, 1, 3
3, 180, 0, 1, 3
3, 180, 0, 1, 3
3, 180, 0, 1, 3
3, 180, 0, 1, 3
3, 180, 0, 1, 3
3, 180, 0, 1, 3
3, 180, 0, 1, 3
3, 180, 0, 1, 3
3, 180, 0, 1, 3
3, 180, 0, 1, 3
3, 180, 0, 1, 3
3, 180, 0, 1, 3
3, 180, 0, 1, 3
3, 180, 0, 1, 3
3, 180, 0, 1, 3
3, 180, 0, 1, 3
3, 180, 0, 1, 3
3, 180, 0, 1, 3
3, 180, 0, 1, 3
3, 180, 0, 1, 3
3, 180, 0, 1, 3
3, 180, 0, 1, 3
3, 180, 0, 1, 3
3, 180, 0, 1, 3
3, 180, 0, 1, 3
3, 180, 0, 1, 3
3, 180, 0, 1, 3
3, 180, 0, 1, 3
3, 180, 0, 1, 3
3, 180, 0, 1, 3
3, 180, 0, 1, 3
3, 180, 0, 1, 3
3, 180, 0, 1, 3
3, 180, 0, 1, 3
3, 180, 0, 1, 3
3, 180, 0, 1, 3
3, 180, 0, 1, 3
3, 180, 0, 1, 3
3, 180, 0, 1, 3
3, 180, 0, 1, 3
3, 180, 0, 1, 3
3, 180, 0, 1, 3
3, 180, 0, 1, 3
3, 180, 0, 1, 3
3, 180, 0, 1, 3
3, 180, 0, 1, 3
3, 180, 0, 1, 3
3, 180, 0, 1, 3
3, 180, 0, 1, 3
3, 180, 0, 1, 3
3, 180, 0, 1, 3
3, 180, 0, 1, 3
3, 180, 0, 1, 3
3, 180, 0, 1, 3
3, 180, 0, 1, 3
3, 180, 0, 1, 3
3, 180, 0, 1, 3
3, 180, 0, 1, 3
3, 180, 0, 1, 3
3, 180, 0, 1, 3
3, 180, 0, 1, 3
3, 180, 0, 1, 3
3, 180, 0, 1, 3
3, 180, 0, 1, 3
3, 180, 0, 1, 3
3, 180, 0, 1, 3
3, 180, 0, 1, 3
3, 180, 0, 1, 3
3, 180, 0, 1, 3
3, 180, 0, 1, 3
3, 180, 0, 1, 3
3, 180, 0, 1, 3
3, 180, 0, 1, 3
3, 180, 0, 1, 3
3, 180, 0, 1, 3
3, 180, 0, 1, 3
3, 180, 0, 1, 3
3, 180, 0, 1, 3
3, 180, 0, 1, 3
3, 180, 0, 1, 3
3, 180, 0, 1, 3
3, 180, 0, 1, 3
3, 180, 0, 1, 3
3, 180, 0, 1, 3
3, 180, 0, 1, 3
3, 180, 0, 1, 3
3, 180, 0, 1, 3
3, 180, 0, 1, 3
3, 180, 0, 1, 3
3, 180, 0, 1, 3
3, 180, 0, 1, 3
3, 180, 0, 1, 3
3, 180, 0, 1, 3
3, 180, 0, 1, 3
3, 180, 0, 1, 3
3, 180, 0, 1, 3
3, 180, 0, 1, 3
3, 180, 0, 1, 3
3, 180, 0, 1, 3
3, 180, 0, 1, 3
3, 180, 0, 1, 3
3, 180, 0, 1, 3
3, 180, 0, 1, 3
3, 180, 0, 1, 3
3, 180, 0, 1, 3
3, 180, 0, 1, 3
3, 180, 0, 1, 3
3, 180, 0, 1, 3
3, 180, 0, 1, 3
3, 180, 0, 1, 3
3, 180, 0, 1, 3
3, 180, 0, 1, 3
3, 180, 0, 1, 3
3, 180, 0, 1, 3
3, 180, 0, 1, 3
3, 180, 0, 1, 3
3, 180, 0, 1, 3
3, 180, 0, 1, 3
3, 180, 0, 1, 3
3, 180, 0, 1, 3
3, 180, 0, 1, 3
3, 180, 0, 1, 3
3, 180, 0, 1, 3
3, 180, 0, 1, 3
3, 180, 0, 1, 3
3, 180, 0, 1, 3
3, 180, 0, 1, 3
3, 180, 0, 1, 3
3, 180, 0, 1, 3
3, 180, 0, 1, 3
3, 180, 0, 1, 3
3, 180, 0, 1, 3
3, 180, 0, 1, 3
3, 180, 0, 1, 3
3, 180, 0, 1, 3
3, 180, 0, 1, 3
3, 180, 0, 1, 3
3, 180, 0, 1, 3
3, 180, 0, 1, 3
3, 180, 0, 1, 3
3, 180, 0, 1, 3
3, 360, 1, 0, 3
3, 360, 1, 0, 3
3, 360, 1, 0, 3
3, 360, 1, 0, 3
3, 360, 1, 0, 3
3, 360, 1, 0, 3
3, 360, 1, 0, 3
3, 360, 1, 0, 3
3, 360, 1, 0, 3
3, 360, 1, 0, 3
3, 360, 1, 0, 3
3, 360, 1, 0, 3
3, 360, 1, 0, 3
3, 360, 1, 0, 3
3, 360, 1, 0, 3
3, 360, 1, 0, 3
3, 360, 1, 0, 3
3, 360, 1, 0, 3
3, 360, 1, 0, 3
3, 360, 1, 0, 3
3, 360, 1, 0, 3
3, 360, 1, 0, 3
3, 360, 1, 0, 3
3, 360, 1, 0, 3
3, 360, 1, 0, 3
3, 360, 1, 0, 3
3, 360, 1, 0, 3
3, 360, 1, 0, 3
3, 360, 1, 0, 3
3, 360, 1, 0, 3
3, 360, 1, 0, 3
3, 360, 1, 0, 3
3, 360, 1, 0, 3
3, 360, 1, 0, 3
3, 360, 1, 0, 3
3, 360, 1, 0, 3
3, 360, 1, 0, 3
3, 360, 1, 0, 3
3, 360, 1, 0, 3
3, 360, 1, 0, 3
3, 360, 1, 0, 3
3, 360, 1, 0, 3
3, 360, 1, 0, 3
3, 360, 1, 0, 3
3, 360, 1, 0, 3
3, 360, 1, 0, 3
3, 360, 1, 0, 3
3, 360, 1, 0, 3
3, 360, 1, 0, 3
3, 360, 1, 0, 3
3, 360, 1, 0, 3
3, 360, 1, 0, 3
3, 360, 1, 0, 3
3, 360, 1, 0, 3
3, 360, 1, 0, 3
3, 360, 1, 0, 3
3, 360, 1, 0, 3
3, 360, 1, 0, 3
3, 360, 1, 0, 3
3, 360, 1, 0, 3
3, 360, 1, 0, 3
3, 360, 1, 0, 3
3, 360, 1, 0, 3
3, 360, 1, 0, 3
3, 360, 1, 0, 3
3, 360, 1, 0, 3
3, 360, 1, 0, 3
3, 360, 1, 0, 3
3, 360, 1, 0, 3
3, 360, 1, 0, 3
3, 360, 1, 0, 3
3, 360, 1, 0, 3
3, 360, 1, 0, 3
3, 360, 1, 0, 3
3, 360, 1, 0, 3
3, 360, 1, 0, 3
3, 360, 1, 0, 3
3, 360, 1, 0, 3
3, 360, 1, 0, 3
3, 360, 1, 0, 3
3, 360, 1, 0, 3
3, 360, 1, 0, 3
3, 360, 1, 0, 3
3, 360, 1, 0, 3
3, 360, 1, 0, 3
3, 360, 1, 0, 3
3, 360, 1, 0, 3
3, 360, 1, 0, 3
3, 360, 1, 0, 3
3, 360, 1, 0, 3
3, 360, 1, 0, 3
3, 360, 1, 0, 3
3, 360, 1, 0, 3
3, 360, 1, 0, 3
3, 360, 1, 0, 3
3, 360, 1, 0, 3
3, 360, 1, 0, 3
3, 360, 1, 0, 3
3, 360, 1, 0, 3
3, 360, 1, 0, 3
3, 360, 1, 0, 3
3, 360, 1, 0, 3
3, 360, 1, 0, 3
3, 360, 1, 0, 3
3, 360, 1, 0, 3
3, 360, 1, 0, 3
3, 360, 1, 0, 3
3, 360, 1, 0, 3
3, 360, 1, 0, 3
3, 360, 1, 0, 3
3, 360, 1, 0, 3
3, 360, 1, 0, 3
3, 360, 1, 0, 3
3, 360, 1, 0, 3
3, 360, 1, 0, 3
3, 360, 1, 0, 3
3, 360, 1, 0, 3
3, 360, 1, 0, 3
3, 360, 1, 0, 3
3, 360, 1, 0, 3
3, 360, 1, 0, 3
3, 360, 1, 0, 3
3, 360, 1, 0, 3
3, 360, 1, 0, 3
3, 360, 1, 0, 3
3, 360, 1, 0, 3
3, 360, 1, 0, 3
3, 360, 1, 0, 3
3, 360, 1, 0, 3
3, 360, 1, 0, 3
3, 360, 1, 0, 3
3, 360, 1, 0, 3
3, 360, 1, 0, 3
3, 360, 1, 0, 3
3, 360, 1, 0, 3
3, 360, 1, 0, 3
3, 360, 1, 0, 3
3, 360, 1, 0, 3
3, 360, 1, 0, 3
3, 360, 1, 0, 3
3, 360, 1, 0, 3
3, 360, 1, 0, 3
3, 360, 1, 0, 3
3, 360, 1, 0, 3
3, 360, 1, 0, 3
3, 360, 1, 0, 3
3, 360, 1, 0, 3
3, 360, 1, 0, 3
3, 360, 1, 0, 3
3, 360, 1, 0, 3
3, 360, 1, 0, 3
3, 360, 1, 0, 3
3, 360, 1, 0, 3
3, 360, 1, 0, 3
3, 360, 1, 0, 3
3, 360, 1, 0, 3
3, 360, 1, 0, 3
3, 360, 1, 0, 3
3, 360, 1, 0, 3
3, 360, 1, 0, 3
3, 360, 1, 0, 3
3, 360, 1, 0, 3
3, 360, 1, 0, 3
3, 360, 1, 0, 3
3, 360, 1, 0, 3
3, 360, 1, 0, 3
3, 360, 1, 0, 3
3, 360, 1, 0, 3
3, 360, 1, 0, 3
3, 360, 1, 0, 3
3, 360, 1, 0, 3
3, 360, 1, 0, 3
3, 360, 1, 0, 3
3, 360, 1, 0, 3
3, 360, 1, 0, 3
3, 360, 1, 0, 3
3, 360, 1, 0, 3
3, 360, 1, 0, 3
3, 360, 1, 0, 3
3, 360, 1, 0, 3
3, 360, 1, 2, 3
3, 360, 1, 2, 3
3, 360, 1, 2, 3
3, 360, 1, 2, 3
3, 360, 1, 2, 3
3, 360, 1, 2, 3
3, 360, 1, 2, 3
3, 360, 1, 2, 3
3, 360, 1, 2, 3
3, 360, 1, 2, 3
3, 360, 1, 2, 3
3, 360, 1, 2, 3
3, 360, 1, 2, 3
3, 360, 1, 2, 3
3, 360, 1, 2, 3
3, 360, 1, 2, 3
3, 360, 1, 2, 3
3, 360, 1, 2, 3
3, 360, 1, 2, 3
3, 360, 1, 2, 3
3, 360, 1, 2, 3
3, 360, 1, 2, 3
3, 360, 1, 2, 3
3, 360, 1, 2, 3
3, 360, 1, 2, 3
3, 360, 1, 2, 3
3, 360, 1, 2, 3
3, 360, 1, 2, 3
3, 360, 1, 2, 3
3, 360, 1, 2, 3
3, 360, 1, 2, 3
3, 360, 1, 2, 3
3, 360, 1, 2, 3
3, 360, 1, 2, 3
3, 360, 1, 2, 3
3, 360, 1, 2, 3
3, 360, 1, 2, 3
3, 360, 1, 2, 3
3, 360, 1, 2, 3
3, 360, 1, 2, 3
3, 360, 1, 2, 3
3, 360, 1, 2, 3
3, 360, 1, 2, 3
3, 360, 1, 2, 3
3, 360, 1, 2, 3
3, 360, 1, 2, 3
3, 360, 1, 2, 3
3, 360, 1, 2, 3
3, 360, 1, 2, 3
3, 360, 1, 2, 3
3, 360, 1, 2, 3
3, 360, 1, 2, 3
3, 360, 1, 2, 3
3, 360, 1, 2, 3
3, 360, 1, 2, 3
3, 360, 1, 2, 3
3, 360, 1, 2, 3
3, 360, 1, 2, 3
3, 360, 1, 2, 3
3, 360, 1, 2, 3
3, 360, 1, 2, 3
3, 360, 1, 2, 3
3, 360, 1, 2, 3
3, 360, 1, 2, 3
3, 360, 1, 2, 3
3, 360, 1, 2, 3
3, 360, 1, 2, 3
3, 360, 1, 2, 3
3, 360, 1, 2, 3
3, 360, 1, 2, 3
3, 360, 1, 2, 3
3, 360, 1, 2, 3
3, 360, 1, 2, 3
3, 360, 1, 2, 3
3, 360, 1, 2, 3
3, 360, 1, 2, 3
3, 360, 1, 2, 3
3, 360, 1, 2, 3
3, 360, 1, 2, 3
3, 360, 1, 2, 3
3, 360, 1, 2, 3
3, 360, 1, 2, 3
3, 360, 1, 2, 3
3, 360, 1, 2, 3
3, 360, 1, 2, 3
3, 360, 1, 2, 3
3, 360, 1, 2, 3
3, 360, 1, 2, 3
3, 360, 1, 2, 3
3, 360, 1, 2, 3
3, 360, 1, 2, 3
3, 360, 1, 2, 3
3, 360, 1, 2, 3
3, 360, 1, 2, 3
3, 360, 1, 2, 3
3, 360, 1, 2, 3
3, 360, 1, 2, 3
3, 360, 1, 2, 3
3, 360, 1, 2, 3
3, 360, 1, 2, 3
3, 360, 1, 2, 3
3, 360, 1, 2, 3
3, 360, 1, 2, 3
3, 360, 1, 2, 3
3, 360, 1, 2, 3
3, 360, 1, 2, 3
3, 360, 1, 2, 3
3, 360, 1, 2, 3
3, 360, 1, 2, 3
3, 360, 1, 2, 3
3, 360, 1, 2, 3
3, 360, 1, 2, 3
3, 360, 1, 2, 3
3, 360, 1, 2, 3
3, 360, 1, 2, 3
3, 360, 1, 2, 3
3, 360, 1, 2, 3
3, 360, 1, 2, 3
3, 360, 1, 2, 3
3, 360, 1, 2, 3
3, 360, 1, 2, 3
3, 360, 1, 2, 3
3, 360, 1, 2, 3
3, 360, 1, 2, 3
3, 360, 1, 2, 3
3, 360, 1, 2, 3
3, 360, 1, 2, 3
3, 360, 1, 2, 3
3, 360, 1, 2, 3
3, 360, 1, 2, 3
3, 360, 1, 2, 3
3, 360, 1, 2, 3
3, 360, 1, 2, 3
3, 360, 1, 2, 3
3, 360, 1, 2, 3
3, 360, 1, 2, 3
3, 360, 1, 2, 3
3, 360, 1, 2, 3
3, 360, 1, 2, 3
3, 360, 1, 2, 3
3, 360, 1, 2, 3
3, 360, 1, 2, 3
3, 360, 1, 2, 3
3, 360, 1, 2, 3
3, 360, 1, 2, 3
3, 360, 1, 2, 3
3, 360, 1, 2, 3
3, 360, 1, 2, 3
3, 360, 1, 2, 3
3, 360, 1, 2, 3
3, 360, 1, 2, 3
3, 360, 1, 2, 3
3, 360, 1, 2, 3
3, 360, 1, 2, 3
3, 360, 1, 2, 3
3, 360, 1, 2, 3
3, 360, 1, 2, 3
3, 360, 1, 2, 3
3, 360, 1, 2, 3
3, 360, 1, 2, 3
3, 360, 1, 2, 3
3, 360, 1, 2, 3
3, 360, 1, 2, 3
3, 360, 1, 2, 3
3, 360, 1, 2, 3
3, 360, 1, 2, 3
3, 360, 1, 2, 3
3, 360, 1, 2, 3
3, 360, 1, 2, 3
3, 360, 1, 2, 3
3, 360, 1, 2, 3
3, 360, 1, 2, 3
3, 360, 1, 2, 3
3, 360, 1, 2, 3
3, 360, 1, 2, 3
3, 360, 1, 2, 3
3, 360, 1, 2, 3
3, 360, 1, 2, 3
3, 360, 1, 2, 3
3, 360, 1, 2, 3
3, 360, 2, 1, 3
3, 360, 2, 1, 3
3, 360, 2, 1, 3
3, 360, 2, 1, 3
3, 360, 2, 1, 3
3, 360, 2, 1, 3
3, 360, 2, 1, 3
3, 360, 2, 1, 3
3, 360, 2, 1, 3
3, 360, 2, 1, 3
3, 360, 2, 1, 3
3, 360, 2, 1, 3
3, 360, 2, 1, 3
3, 360, 2, 1, 3
3, 360, 2, 1, 3
3, 360, 2, 1, 3
3, 360, 2, 1, 3
3, 360, 2, 1, 3
3, 360, 2, 1, 3
3, 360, 2, 1, 3
3, 360, 2, 1, 3
3, 360, 2, 1, 3
3, 360, 2, 1, 3
3, 360, 2, 1, 3
3, 360, 2, 1, 3
3, 360, 2, 1, 3
3, 360, 2, 1, 3
3, 360, 2, 1, 3
3, 360, 2, 1, 3
3, 360, 2, 1, 3
3, 360, 2, 1, 3
3, 360, 2, 1, 3
3, 360, 2, 1, 3
3, 360, 2, 1, 3
3, 360, 2, 1, 3
3, 360, 2, 1, 3
3, 360, 2, 1, 3
3, 360, 2, 1, 3
3, 360, 2, 1, 3
3, 360, 2, 1, 3
3, 360, 2, 1, 3
3, 360, 2, 1, 3
3, 360, 2, 1, 3
3, 360, 2, 1, 3
3, 360, 2, 1, 3
3, 360, 2, 1, 3
3, 360, 2, 1, 3
3, 360, 2, 1, 3
3, 360, 2, 1, 3
3, 360, 2, 1, 3
3, 360, 2, 1, 3
3, 360, 2, 1, 3
3, 360, 2, 1, 3
3, 360, 2, 1, 3
3, 360, 2, 1, 3
3, 360, 2, 1, 3
3, 360, 2, 1, 3
3, 360, 2, 1, 3
3, 360, 2, 1, 3
3, 360, 2, 1, 3
3, 360, 2, 1, 3
3, 360, 2, 1, 3
3, 360, 2, 1, 3
3, 360, 2, 1, 3
3, 360, 2, 1, 3
3, 360, 2, 1, 3
3, 360, 2, 1, 3
3, 360, 2, 1, 3
3, 360, 2, 1, 3
3, 360, 2, 1, 3
3, 360, 2, 1, 3
3, 360, 2, 1, 3
3, 360, 2, 1, 3
3, 360, 2, 1, 3
3, 360, 2, 1, 3
3, 360, 2, 1, 3
3, 360, 2, 1, 3
3, 360, 2, 1, 3
3, 360, 2, 1, 3
3, 360, 2, 1, 3
3, 360, 2, 1, 3
3, 360, 2, 1, 3
3, 360, 2, 1, 3
3, 360, 2, 1, 3
3, 360, 2, 1, 3
3, 360, 2, 1, 3
3, 360, 2, 1, 3
3, 360, 2, 1, 3
3, 360, 2, 1, 3
3, 360, 2, 1, 3
3, 360, 2, 1, 3
3, 360, 2, 1, 3
3, 360, 2, 1, 3
3, 360, 2, 1, 3
3, 360, 2, 1, 3
3, 360, 2, 1, 3
3, 360, 2, 1, 3
3, 360, 2, 1, 3
3, 360, 2, 1, 3
3, 360, 2, 1, 3
3, 360, 2, 1, 3
3, 360, 2, 1, 3
3, 360, 2, 1, 3
3, 360, 2, 1, 3
3, 360, 2, 1, 3
3, 360, 2, 1, 3
3, 360, 2, 1, 3
3, 360, 2, 1, 3
3, 360, 2, 1, 3
3, 360, 2, 1, 3
3, 360, 2, 1, 3
3, 360, 2, 1, 3
3, 360, 2, 1, 3
3, 360, 2, 1, 3
3, 360, 2, 1, 3
3, 360, 2, 1, 3
3, 360, 2, 1, 3
3, 360, 2, 1, 3
3, 360, 2, 1, 3
3, 360, 2, 1, 3
3, 360, 2, 1, 3
3, 360, 2, 1, 3
3, 360, 2, 1, 3
3, 360, 2, 1, 3
3, 360, 2, 1, 3
3, 360, 2, 1, 3
3, 360, 2, 1, 3
3, 360, 2, 1, 3
3, 360, 2, 1, 3
3, 360, 2, 1, 3
3, 360, 2, 1, 3
3, 360, 2, 1, 3
3, 360, 2, 1, 3
3, 360, 2, 1, 3
3, 360, 2, 1, 3
3, 360, 2, 1, 3
3, 360, 2, 1, 3
3, 360, 2, 1, 3
3, 360, 2, 1, 3
3, 360, 2, 1, 3
3, 360, 2, 1, 3
3, 360, 2, 1, 3
3, 360, 2, 1, 3
3, 360, 2, 1, 3
3, 360, 2, 1, 3
3, 360, 2, 1, 3
3, 360, 2, 1, 3
3, 360, 2, 1, 3
3, 360, 2, 1, 3
3, 360, 2, 1, 3
3, 360, 2, 1, 3
3, 360, 2, 1, 3
3, 360, 2, 1, 3
3, 360, 2, 1, 3
3, 360, 2, 1, 3
3, 360, 2, 1, 3
3, 360, 2, 1, 3
3, 360, 2, 1, 3
3, 360, 2, 1, 3
3, 360, 2, 1, 3
3, 360, 2, 1, 3
3, 360, 2, 1, 3
3, 360, 2, 1, 3
3, 360, 2, 1, 3
3, 360, 2, 1, 3
3, 360, 2, 1, 3
3, 360, 2, 1, 3
3, 360, 2, 1, 3
3, 360, 2, 1, 3
3, 360, 2, 1, 3
3, 360, 2, 1, 3
3, 360, 2, 1, 3
3, 360, 2, 1, 3
3, 360, 2, 1, 3
3, 360, 2, 1, 3
3, 360, 2, 1, 3
3, 360, 2, 1, 3
3, 360, 2, 1, 3
3, 360, 2, 1, 3
3, 360, 2, 1, 3
3, 360, 2, 3, 3
3, 360, 2, 3, 3
3, 360, 2, 3, 3
3, 360, 2, 3, 3
3, 360, 2, 3, 3
3, 360, 2, 3, 3
3, 360, 2, 3, 3
3, 360, 2, 3, 3
3, 360, 2, 3, 3
3, 360, 2, 3, 3
3, 360, 2, 3, 3
3, 360, 2, 3, 3
3, 360, 2, 3, 3
3, 360, 2, 3, 3
3, 360, 2, 3, 3
3, 360, 2, 3, 3
3, 360, 2, 3, 3
3, 360, 2, 3, 3
3, 360, 2, 3, 3
3, 360, 2, 3, 3
3, 360, 2, 3, 3
3, 360, 2, 3, 3
3, 360, 2, 3, 3
3, 360, 2, 3, 3
3, 360, 2, 3, 3
3, 360, 2, 3, 3
3, 360, 2, 3, 3
3, 360, 2, 3, 3
3, 360, 2, 3, 3
3, 360, 2, 3, 3
3, 360, 2, 3, 3
3, 360, 2, 3, 3
3, 360, 2, 3, 3
3, 360, 2, 3, 3
3, 360, 2, 3, 3
3, 360, 2, 3, 3
3, 360, 2, 3, 3
3, 360, 2, 3, 3
3, 360, 2, 3, 3
3, 360, 2, 3, 3
3, 360, 2, 3, 3
3, 360, 2, 3, 3
3, 360, 2, 3, 3
3, 360, 2, 3, 3
3, 360, 2, 3, 3
3, 360, 2, 3, 3
3, 360, 2, 3, 3
3, 360, 2, 3, 3
3, 360, 2, 3, 3
3, 360, 2, 3, 3
3, 360, 2, 3, 3
3, 360, 2, 3, 3
3, 360, 2, 3, 3
3, 360, 2, 3, 3
3, 360, 2, 3, 3
3, 360, 2, 3, 3
3, 360, 2, 3, 3
3, 360, 2, 3, 3
3, 360, 2, 3, 3
3, 360, 2, 3, 3
3, 360, 2, 3, 3
3, 360, 2, 3, 3
3, 360, 2, 3, 3
3, 360, 2, 3, 3
3, 360, 2, 3, 3
3, 360, 2, 3, 3
3, 360, 2, 3, 3
3, 360, 2, 3, 3
3, 360, 2, 3, 3
3, 360, 2, 3, 3
3, 360, 2, 3, 3
3, 360, 2, 3, 3
3, 360, 2, 3, 3
3, 360, 2, 3, 3
3, 360, 2, 3, 3
3, 360, 2, 3, 3
3, 360, 2, 3, 3
3, 360, 2, 3, 3
3, 360, 2, 3, 3
3, 360, 2, 3, 3
3, 360, 2, 3, 3
3, 360, 2, 3, 3
3, 360, 2, 3, 3
3, 360, 2, 3, 3
3, 360, 2, 3, 3
3, 360, 2, 3, 3
3, 360, 2, 3, 3
3, 360, 2, 3, 3
3, 360, 2, 3, 3
3, 360, 2, 3, 3
3, 360, 2, 3, 3
3, 360, 2, 3, 3
3, 360, 2, 3, 3
3, 360, 2, 3, 3
3, 360, 2, 3, 3
3, 360, 2, 3, 3
3, 360, 2, 3, 3
3, 360, 2, 3, 3
3, 360, 2, 3, 3
3, 360, 2, 3, 3
3, 360, 2, 3, 3
3, 360, 2, 3, 3
3, 360, 2, 3, 3
3, 360, 2, 3, 3
3, 360, 2, 3, 3
3, 360, 2, 3, 3
3, 360, 2, 3, 3
3, 360, 2, 3, 3
3, 360, 2, 3, 3
3, 360, 2, 3, 3
3, 360, 2, 3, 3
3, 360, 2, 3, 3
3, 360, 2, 3, 3
3, 360, 2, 3, 3
3, 360, 2, 3, 3
3, 360, 2, 3, 3
3, 360, 2, 3, 3
3, 360, 2, 3, 3
3, 360, 2, 3, 3
3, 360, 2, 3, 3
3, 360, 2, 3, 3
3, 360, 2, 3, 3
3, 360, 2, 3, 3
3, 360, 2, 3, 3
3, 360, 2, 3, 3
3, 360, 2, 3, 3
3, 360, 2, 3, 3
3, 360, 2, 3, 3
3, 360, 2, 3, 3
3, 360, 2, 3, 3
3, 360, 2, 3, 3
3, 360, 2, 3, 3
3, 360, 2, 3, 3
3, 360, 2, 3, 3
3, 360, 2, 3, 3
3, 360, 2, 3, 3
3, 360, 2, 3, 3
3, 360, 2, 3, 3
3, 360, 2, 3, 3
3, 360, 2, 3, 3
3, 360, 2, 3, 3
3, 360, 2, 3, 3
3, 360, 2, 3, 3
3, 360, 2, 3, 3
3, 360, 2, 3, 3
3, 360, 2, 3, 3
3, 360, 2, 3, 3
3, 360, 2, 3, 3
3, 360, 2, 3, 3
3, 360, 2, 3, 3
3, 360, 2, 3, 3
3, 360, 2, 3, 3
3, 360, 2, 3, 3
3, 360, 2, 3, 3
3, 360, 2, 3, 3
3, 360, 2, 3, 3
3, 360, 2, 3, 3
3, 360, 2, 3, 3
3, 360, 2, 3, 3
3, 360, 2, 3, 3
3, 360, 2, 3, 3
3, 360, 2, 3, 3
3, 360, 2, 3, 3
3, 360, 2, 3, 3
3, 360, 2, 3, 3
3, 360, 2, 3, 3
3, 360, 2, 3, 3
3, 360, 2, 3, 3
3, 360, 2, 3, 3
3, 360, 2, 3, 3
3, 360, 2, 3, 3
3, 360, 2, 3, 3
3, 360, 2, 3, 3
3, 360, 2, 3, 3
3, 360, 2, 3, 3
3, 360, 2, 3, 3
3, 360, 2, 3, 3
3, 360, 2, 3, 3
3, 360, 2, 3, 3
3, 360, 2, 3, 3
3, 360, 3, 2, 3
3, 360, 3, 2, 3
3, 360, 3, 2, 3
3, 360, 3, 2, 3
3, 360, 3, 2, 3
3, 360, 3, 2, 3
3, 360, 3, 2, 3
3, 360, 3, 2, 3
3, 360, 3, 2, 3
3, 360, 3, 2, 3
3, 360, 3, 2, 3
3, 360, 3, 2, 3
3, 360, 3, 2, 3
3, 360, 3, 2, 3
3, 360, 3, 2, 3
3, 360, 3, 2, 3
3, 360, 3, 2, 3
3, 360, 3, 2, 3
3, 360, 3, 2, 3
3, 360, 3, 2, 3
3, 360, 3, 2, 3
3, 360, 3, 2, 3
3, 360, 3, 2, 3
3, 360, 3, 2, 3
3, 360, 3, 2, 3
3, 360, 3, 2, 3
3, 360, 3, 2, 3
3, 360, 3, 2, 3
3, 360, 3, 2, 3
3, 360, 3, 2, 3
3, 360, 3, 2, 3
3, 360, 3, 2, 3
3, 360, 3, 2, 3
3, 360, 3, 2, 3
3, 360, 3, 2, 3
3, 360, 3, 2, 3
3, 360, 3, 2, 3
3, 360, 3, 2, 3
3, 360, 3, 2, 3
3, 360, 3, 2, 3
3, 360, 3, 2, 3
3, 360, 3, 2, 3
3, 360, 3, 2, 3
3, 360, 3, 2, 3
3, 360, 3, 2, 3
3, 360, 3, 2, 3
3, 360, 3, 2, 3
3, 360, 3, 2, 3
3, 360, 3, 2, 3
3, 360, 3, 2, 3
3, 360, 3, 2, 3
3, 360, 3, 2, 3
3, 360, 3, 2, 3
3, 360, 3, 2, 3
3, 360, 3, 2, 3
3, 360, 3, 2, 3
3, 360, 3, 2, 3
3, 360, 3, 2, 3
3, 360, 3, 2, 3
3, 360, 3, 2, 3
3, 360, 3, 2, 3
3, 360, 3, 2, 3
3, 360, 3, 2, 3
3, 360, 3, 2, 3
3, 360, 3, 2, 3
3, 360, 3, 2, 3
3, 360, 3, 2, 3
3, 360, 3, 2, 3
3, 360, 3, 2, 3
3, 360, 3, 2, 3
3, 360, 3, 2, 3
3, 360, 3, 2, 3
3, 360, 3, 2, 3
3, 360, 3, 2, 3
3, 360, 3, 2, 3
3, 360, 3, 2, 3
3, 360, 3, 2, 3
3, 360, 3, 2, 3
3, 360, 3, 2, 3
3, 360, 3, 2, 3
3, 360, 3, 2, 3
3, 360, 3, 2, 3
3, 360, 3, 2, 3
3, 360, 3, 2, 3
3, 360, 3, 2, 3
3, 360, 3, 2, 3
3, 360, 3, 2, 3
3, 360, 3, 2, 3
3, 360, 3, 2, 3
3, 360, 3, 2, 3
3, 360, 3, 2, 3
3, 360, 3, 2, 3
3, 360, 3, 2, 3
3, 360, 3, 2, 3
3, 360, 3, 2, 3
3, 360, 3, 2, 3
3, 360, 3, 2, 3
3, 360, 3, 2, 3
3, 360, 3, 2, 3
3, 360, 3, 2, 3
3, 360, 3, 2, 3
3, 360, 3, 2, 3
3, 360, 3, 2, 3
3, 360, 3, 2, 3
3, 360, 3, 2, 3
3, 360, 3, 2, 3
3, 360, 3, 2, 3
3, 360, 3, 2, 3
3, 360, 3, 2, 3
3, 360, 3, 2, 3
3, 360, 3, 2, 3
3, 360, 3, 2, 3
3, 360, 3, 2, 3
3, 360, 3, 2, 3
3, 360, 3, 2, 3
3, 360, 3, 2, 3
3, 360, 3, 2, 3
3, 360, 3, 2, 3
3, 360, 3, 2, 3
3, 360, 3, 2, 3
3, 360, 3, 2, 3
3, 360, 3, 2, 3
3, 360, 3, 2, 3
3, 360, 3, 2, 3
3, 360, 3, 2, 3
3, 360, 3, 2, 3
3, 360, 3, 2, 3
3, 360, 3, 2, 3
3, 360, 3, 2, 3
3, 360, 3, 2, 3
3, 360, 3, 2, 3
3, 360, 3, 2, 3
3, 360, 3, 2, 3
3, 360, 3, 2, 3
3, 360, 3, 2, 3
3, 360, 3, 2, 3
3, 360, 3, 2, 3
3, 360, 3, 2, 3
3, 360, 3, 2, 3
3, 360, 3, 2, 3
3, 360, 3, 2, 3
3, 360, 3, 2, 3
3, 360, 3, 2, 3
3, 360, 3, 2, 3
3, 360, 3, 2, 3
3, 360, 3, 2, 3
3, 360, 3, 2, 3
3, 360, 3, 2, 3
3, 360, 3, 2, 3
3, 360, 3, 2, 3
3, 360, 3, 2, 3
3, 360, 3, 2, 3
3, 360, 3, 2, 3
3, 360, 3, 2, 3
3, 360, 3, 2, 3
3, 360, 3, 2, 3
3, 360, 3, 2, 3
3, 360, 3, 2, 3
3, 360, 3, 2, 3
3, 360, 3, 2, 3
3, 360, 3, 2, 3
3, 360, 3, 2, 3
3, 360, 3, 2, 3
3, 360, 3, 2, 3
3, 360, 3, 2, 3
3, 360, 3, 2, 3
3, 360, 3, 2, 3
3, 360, 3, 2, 3
3, 360, 3, 2, 3
3, 360, 3, 2, 3
3, 360, 3, 2, 3
3, 360, 3, 2, 3
3, 360, 3, 2, 3
3, 360, 3, 2, 3
3, 360, 3, 2, 3
3, 360, 3, 2, 3
3, 360, 3, 2, 3
3, 360, 3, 2, 3
3, 360, 3, 2, 3
3, 360, 3, 2, 3
3, 360, 3, 4, 3
3, 360, 3, 4, 3
3, 360, 3, 4, 3
3, 360, 3, 4, 3
3, 360, 3, 4, 3
3, 360, 3, 4, 3
3, 360, 3, 4, 3
3, 360, 3, 4, 3
3, 360, 3, 4, 3
3, 360, 3, 4, 3
3, 360, 3, 4, 3
3, 360, 3, 4, 3
3, 360, 3, 4, 3
3, 360, 3, 4, 3
3, 360, 3, 4, 3
3, 360, 3, 4, 3
3, 360, 3, 4, 3
3, 360, 3, 4, 3
3, 360, 3, 4, 3
3, 360, 3, 4, 3
3, 360, 3, 4, 3
3, 360, 3, 4, 3
3, 360, 3, 4, 3
3, 360, 3, 4, 3
3, 360, 3, 4, 3
3, 360, 3, 4, 3
3, 360, 3, 4, 3
3, 360, 3, 4, 3
3, 360, 3, 4, 3
3, 360, 3, 4, 3
3, 360, 3, 4, 3
3, 360, 3, 4, 3
3, 360, 3, 4, 3
3, 360, 3, 4, 3
3, 360, 3, 4, 3
3, 360, 3, 4, 3
3, 360, 3, 4, 3
3, 360, 3, 4, 3
3, 360, 3, 4, 3
3, 360, 3, 4, 3
3, 360, 3, 4, 3
3, 360, 3, 4, 3
3, 360, 3, 4, 3
3, 360, 3, 4, 3
3, 360, 3, 4, 3
3, 360, 3, 4, 3
3, 360, 3, 4, 3
3, 360, 3, 4, 3
3, 360, 3, 4, 3
3, 360, 3, 4, 3
3, 360, 3, 4, 3
3, 360, 3, 4, 3
3, 360, 3, 4, 3
3, 360, 3, 4, 3
3, 360, 3, 4, 3
3, 360, 3, 4, 3
3, 360, 3, 4, 3
3, 360, 3, 4, 3
3, 360, 3, 4, 3
3, 360, 3, 4, 3
3, 360, 3, 4, 3
3, 360, 3, 4, 3
3, 360, 3, 4, 3
3, 360, 3, 4, 3
3, 360, 3, 4, 3
3, 360, 3, 4, 3
3, 360, 3, 4, 3
3, 360, 3, 4, 3
3, 360, 3, 4, 3
3, 360, 3, 4, 3
3, 360, 3, 4, 3
3, 360, 3, 4, 3
3, 360, 3, 4, 3
3, 360, 3, 4, 3
3, 360, 3, 4, 3
3, 360, 3, 4, 3
3, 360, 3, 4, 3
3, 360, 3, 4, 3
3, 360, 3, 4, 3
3, 360, 3, 4, 3
3, 360, 3, 4, 3
3, 360, 3, 4, 3
3, 360, 3, 4, 3
3, 360, 3, 4, 3
3, 360, 3, 4, 3
3, 360, 3, 4, 3
3, 360, 3, 4, 3
3, 360, 3, 4, 3
3, 360, 3, 4, 3
3, 360, 3, 4, 3
3, 360, 3, 4, 3
3, 360, 3, 4, 3
3, 360, 3, 4, 3
3, 360, 3, 4, 3
3, 360, 3, 4, 3
3, 360, 3, 4, 3
3, 360, 3, 4, 3
3, 360, 3, 4, 3
3, 360, 3, 4, 3
3, 360, 3, 4, 3
3, 360, 3, 4, 3
3, 360, 3, 4, 3
3, 360, 3, 4, 3
3, 360, 3, 4, 3
3, 360, 3, 4, 3
3, 360, 3, 4, 3
3, 360, 3, 4, 3
3, 360, 3, 4, 3
3, 360, 3, 4, 3
3, 360, 3, 4, 3
3, 360, 3, 4, 3
3, 360, 3, 4, 3
3, 360, 3, 4, 3
3, 360, 3, 4, 3
3, 360, 3, 4, 3
3, 360, 3, 4, 3
3, 360, 3, 4, 3
3, 360, 3, 4, 3
3, 360, 3, 4, 3
3, 360, 3, 4, 3
3, 360, 3, 4, 3
3, 360, 3, 4, 3
3, 360, 3, 4, 3
3, 360, 3, 4, 3
3, 360, 3, 4, 3
3, 360, 3, 4, 3
3, 360, 3, 4, 3
3, 360, 3, 4, 3
3, 360, 3, 4, 3
3, 360, 3, 4, 3
3, 360, 3, 4, 3
3, 360, 3, 4, 3
3, 360, 3, 4, 3
3, 360, 3, 4, 3
3, 360, 3, 4, 3
3, 360, 3, 4, 3
3, 360, 3, 4, 3
3, 360, 3, 4, 3
3, 360, 3, 4, 3
3, 360, 3, 4, 3
3, 360, 3, 4, 3
3, 360, 3, 4, 3
3, 360, 3, 4, 3
3, 360, 3, 4, 3
3, 360, 3, 4, 3
3, 360, 3, 4, 3
3, 360, 3, 4, 3
3, 360, 3, 4, 3
3, 360, 3, 4, 3
3, 360, 3, 4, 3
3, 360, 3, 4, 3
3, 360, 3, 4, 3
3, 360, 3, 4, 3
3, 360, 3, 4, 3
3, 360, 3, 4, 3
3, 360, 3, 4, 3
3, 360, 3, 4, 3
3, 360, 3, 4, 3
3, 360, 3, 4, 3
3, 360, 3, 4, 3
3, 360, 3, 4, 3
3, 360, 3, 4, 3
3, 360, 3, 4, 3
3, 360, 3, 4, 3
3, 360, 3, 4, 3
3, 360, 3, 4, 3
3, 360, 3, 4, 3
3, 360, 3, 4, 3
3, 360, 3, 4, 3
3, 360, 3, 4, 3
3, 360, 3, 4, 3
3, 360, 3, 4, 3
3, 360, 3, 4, 3
3, 360, 3, 4, 3
3, 360, 3, 4, 3
3, 360, 3, 4, 3
3, 360, 3, 4, 3
3, 360, 3, 4, 3
3, 360, 3, 4, 3
3, 360, 3, 4, 3
3, 180, 4, 3, 3
3, 180, 4, 3, 3
3, 180, 4, 3, 3
3, 180, 4, 3, 3
3, 180, 4, 3, 3
3, 180, 4, 3, 3
3, 180, 4, 3, 3
3, 180, 4, 3, 3
3, 180, 4, 3, 3
3, 180, 4, 3, 3
3, 180, 4, 3, 3
3, 180, 4, 3, 3
3, 180, 4, 3, 3
3, 180, 4, 3, 3
3, 180, 4, 3, 3
3, 180, 4, 3, 3
3, 180, 4, 3, 3
3, 180, 4, 3, 3
3, 180, 4, 3, 3
3, 180, 4, 3, 3
3, 180, 4, 3, 3
3, 180, 4, 3, 3
3, 180, 4, 3, 3
3, 180, 4, 3, 3
3, 180, 4, 3, 3
3, 180, 4, 3, 3
3, 180, 4, 3, 3
3, 180, 4, 3, 3
3, 180, 4, 3, 3
3, 180, 4, 3, 3
3, 180, 4, 3, 3
3, 180, 4, 3, 3
3, 180, 4, 3, 3
3, 180, 4, 3, 3
3, 180, 4, 3, 3
3, 180, 4, 3, 3
3, 180, 4, 3, 3
3, 180, 4, 3, 3
3, 180, 4, 3, 3
3, 180, 4, 3, 3
3, 180, 4, 3, 3
3, 180, 4, 3, 3
3, 180, 4, 3, 3
3, 180, 4, 3, 3
3, 180, 4, 3, 3
3, 180, 4, 3, 3
3, 180, 4, 3, 3
3, 180, 4, 3, 3
3, 180, 4, 3, 3
3, 180, 4, 3, 3
3, 180, 4, 3, 3
3, 180, 4, 3, 3
3, 180, 4, 3, 3
3, 180, 4, 3, 3
3, 180, 4, 3, 3
3, 180, 4, 3, 3
3, 180, 4, 3, 3
3, 180, 4, 3, 3
3, 180, 4, 3, 3
3, 180, 4, 3, 3
3, 180, 4, 3, 3
3, 180, 4, 3, 3
3, 180, 4, 3, 3
3, 180, 4, 3, 3
3, 180, 4, 3, 3
3, 180, 4, 3, 3
3, 180, 4, 3, 3
3, 180, 4, 3, 3
3, 180, 4, 3, 3
3, 180, 4, 3, 3
3, 180, 4, 3, 3
3, 180, 4, 3, 3
3, 180, 4, 3, 3
3, 180, 4, 3, 3
3, 180, 4, 3, 3
3, 180, 4, 3, 3
3, 180, 4, 3, 3
3, 180, 4, 3, 3
3, 180, 4, 3, 3
3, 180, 4, 3, 3
3, 180, 4, 3, 3
3, 180, 4, 3, 3
3, 180, 4, 3, 3
3, 180, 4, 3, 3
3, 180, 4, 3, 3
3, 180, 4, 3, 3
3, 180, 4, 3, 3
3, 180, 4, 3, 3
3, 180, 4, 3, 3
3, 180, 4, 3, 3
3, 180, 4, 3, 3
3, 180, 4, 3, 3
3, 180, 4, 3, 3
3, 180, 4, 3, 3
3, 180, 4, 3, 3
3, 180, 4, 3, 3
3, 180, 4, 3, 3
3, 180, 4, 3, 3
3, 180, 4, 3, 3
3, 180, 4, 3, 3
3, 180, 4, 3, 3
3, 180, 4, 3, 3
3, 180, 4, 3, 3
3, 180, 4, 3, 3
3, 180, 4, 3, 3
3, 180, 4, 3, 3
3, 180, 4, 3, 3
3, 180, 4, 3, 3
3, 180, 4, 3, 3
3, 180, 4, 3, 3
3, 180, 4, 3, 3
3, 180, 4, 3, 3
3, 180, 4, 3, 3
3, 180, 4, 3, 3
3, 180, 4, 3, 3
3, 180, 4, 3, 3
3, 180, 4, 3, 3
3, 180, 4, 3, 3
3, 180, 4, 3, 3
3, 180, 4, 3, 3
3, 180, 4, 3, 3
3, 180, 4, 3, 3
3, 180, 4, 3, 3
3, 180, 4, 3, 3
3, 180, 4, 3, 3
3, 180, 4, 3, 3
3, 180, 4, 3, 3
3, 180, 4, 3, 3
3, 180, 4, 3, 3
3, 180, 4, 3, 3
3, 180, 4, 3, 3
3, 180, 4, 3, 3
3, 180, 4, 3, 3
3, 180, 4, 3, 3
3, 180, 4, 3, 3
3, 180, 4, 3, 3
3, 180, 4, 3, 3
3, 180, 4, 3, 3
3, 180, 4, 3, 3
3, 180, 4, 3, 3
3, 180, 4, 3, 3
3, 180, 4, 3, 3
3, 180, 4, 3, 3
3, 180, 4, 3, 3
3, 180, 4, 3, 3
3, 180, 4, 3, 3
3, 180, 4, 3, 3
3, 180, 4, 3, 3
3, 180, 4, 3, 3
3, 180, 4, 3, 3
3, 180, 4, 3, 3
3, 180, 4, 3, 3
3, 180, 4, 3, 3
3, 180, 4, 3, 3
3, 180, 4, 3, 3
3, 180, 4, 3, 3
3, 180, 4, 3, 3
3, 180, 4, 3, 3
3, 180, 4, 3, 3
3, 180, 4, 3, 3
3, 180, 4, 3, 3
3, 180, 4, 3, 3
3, 180, 4, 3, 3
3, 180, 4, 3, 3
3, 180, 4, 3, 3
3, 180, 4, 3, 3
3, 180, 4, 3, 3
3, 180, 4, 3, 3
3, 180, 4, 3, 3
3, 180, 4, 3, 3
3, 180, 4, 3, 3
3, 180, 4, 3, 3
3, 180, 4, 3, 3
3, 180, 4, 3, 3
3, 180, 4, 3, 3
3, 180, 4, 3, 3
3, 180, 4, 3, 3
3, 180, 4, 3, 3
3, 180, 4, 3, 3
3, 180, 4, 3, 3
4, 8, 0, 36, 3
4, 8, 0, 36, 3
4, 8, 0, 36, 3
4, 8, 0, 36, 3
4, 8, 0, 37, 3
4, 8, 0, 37, 3
4, 8, 0, 37, 3
4, 8, 0, 37, 3
4, 8, 1, 36, 3
4, 8, 1, 36, 3
4, 8, 1, 36, 3
4, 8, 1, 36, 3
4, 8, 1, 37, 3
4, 8, 1, 37, 3
4, 8, 1, 37, 3
4, 8, 1, 37, 3
4, 8, 2, 36, 3
4, 8, 2, 36, 3
4, 8, 2, 36, 3
4, 8, 2, 36, 3
4, 8, 2, 37, 3
4, 8, 2, 37, 3
4, 8, 2, 37, 3
4, 8, 2, 37, 3
4, 8, 3, 36, 3
4, 8, 3, 36, 3
4, 8, 3, 36, 3
4, 8, 3, 36, 3
4, 8, 3, 37, 3
4, 8, 3, 37, 3
4, 8, 3, 37, 3
4, 8, 3, 37, 3
4, 8, 4, 36, 3
4, 8, 4, 36, 3
4, 8, 4, 36, 3
4, 8, 4, 36, 3
4, 8, 4, 37, 3
4, 8, 4, 37, 3
4, 8, 4, 37, 3
4, 8, 4, 37, 3
4, 8, 5, 36, 3
4, 8, 5, 36, 3
4, 8, 5, 36, 3
4, 8, 5, 36, 3
4, 8, 5, 37, 3
4, 8, 5, 37, 3
4, 8, 5, 37, 3
4, 8, 5, 37, 3
4, 8, 6, 36, 3
4, 8, 6, 36, 3
4, 8, 6, 36, 3
4, 8, 6, 36, 3
4, 8, 6, 37, 3
4, 8, 6, 37, 3
4, 8, 6, 37, 3
4, 8, 6, 37, 3
4, 8, 7, 36, 3
4, 8, 7, 36, 3
4, 8, 7, 36, 3
4, 8, 7, 36, 3
4, 8, 7, 37, 3
4, 8, 7, 37, 3
4, 8, 7, 37, 3
4, 8, 7, 37, 3
4, 8, 8, 36, 3
4, 8, 8, 36, 3
4, 8, 8, 36, 3
4, 8, 8, 36, 3
4, 8, 8, 37, 3
4, 8, 8, 37, 3
4, 8, 8, 37, 3
4, 8, 8, 37, 3
4, 8, 9, 36, 3
4, 8, 9, 36, 3
4, 8, 9, 36, 3
4, 8, 9, 36, 3
4, 8, 9, 37, 3
4, 8, 9, 37, 3
4, 8, 9, 37, 3
4, 8, 9, 37, 3
4, 8, 10, 36, 3
4, 8, 10, 36, 3
4, 8, 10, 36, 3
4, 8, 10, 36, 3
4, 8, 10, 37, 3
4, 8, 10, 37, 3
4, 8, 10, 37, 3
4, 8, 10, 37, 3
4, 8, 11, 36, 3
4, 8, 11, 36, 3
4, 8, 11, 36, 3
4, 8, 11, 36, 3
4, 8, 11, 37, 3
4, 8, 11, 37, 3
4, 8, 11, 37, 3
4, 8, 11, 37, 3
4, 8, 12, 36, 3
4, 8, 12, 36, 3
4, 8, 12, 36, 3
4, 8, 12, 36, 3
4, 8, 12, 37, 3
4, 8, 12, 37, 3
4, 8, 12, 37, 3
4, 8, 12, 37, 3
4, 8, 13, 36, 3
4, 8, 13, 36, 3
4, 8, 13, 36, 3
4, 8, 13, 36, 3
4, 8, 13, 37, 3
4, 8, 13, 37, 3
4, 8, 13, 37, 3
4, 8, 13, 37, 3
4, 8, 14, 36, 3
4, 8, 14, 36, 3
4, 8, 14, 36, 3
4, 8, 14, 36, 3
4, 8, 14, 37, 3
4, 8, 14, 37, 3
4, 8, 14, 37, 3
4, 8, 14, 37, 3
4, 8, 15, 36, 3
4, 8, 15, 36, 3
4, 8, 15, 36, 3
4, 8, 15, 36, 3
4, 8, 15, 37, 3
4, 8, 15, 37, 3
4, 8, 15, 37, 3
4, 8, 15, 37, 3
4, 8, 16, 36, 3
4, 8, 16, 36, 3
4, 8, 16, 36, 3
4, 8, 16, 36, 3
4, 8, 16, 37, 3
4, 8, 16, 37, 3
4, 8, 16, 37, 3
4, 8, 16, 37, 3
4, 8, 17, 36, 3
4, 8, 17, 36, 3
4, 8, 17, 36, 3
4, 8, 17, 36, 3
4, 8, 17, 37, 3
4, 8, 17, 37, 3
4, 8, 17, 37, 3
4, 8, 17, 37, 3
4, 8, 18, 36, 3
4, 8, 18, 36, 3
4, 8, 18, 36, 3
4, 8, 18, 36, 3
4, 8, 18, 37, 3
4, 8, 18, 37, 3
4, 8, 18, 37, 3
4, 8, 18, 37, 3
4, 8, 19, 36, 3
4, 8, 19, 36, 3
4, 8, 19, 36, 3
4, 8, 19, 36, 3
4, 8, 19, 37, 3
4, 8, 19, 37, 3
4, 8, 19, 37, 3
4, 8, 19, 37, 3
4, 8, 20, 36, 3
4, 8, 20, 36, 3
4, 8, 20, 36, 3
4, 8, 20, 36, 3
4, 8, 20, 37, 3
4, 8, 20, 37, 3
4, 8, 20, 37, 3
4, 8, 20, 37, 3
4, 8, 21, 36, 3
4, 8, 21, 36, 3
4, 8, 21, 36, 3
4, 8, 21, 36, 3
4, 8, 21, 37, 3
4, 8, 21, 37, 3
4, 8, 21, 37, 3
4, 8, 21, 37, 3
4, 8, 22, 36, 3
4, 8, 22, 36, 3
4, 8, 22, 36, 3
4, 8, 22, 36, 3
4, 8, 22, 37, 3
4, 8, 22, 37, 3
4, 8, 22, 37, 3
4, 8, 22, 37, 3
4, 8, 23, 36, 3
4, 8, 23, 36, 3
4, 8, 23, 36, 3
4, 8, 23, 36, 3
4, 8, 23, 37, 3
4, 8, 23, 37, 3
4, 8, 23, 37, 3
4, 8, 23, 37, 3
4, 8, 24, 36, 3
4, 8, 24, 36, 3
4, 8, 24, 36, 3
4, 8, 24, 36, 3
4, 8, 24, 37, 3
4, 8, 24, 37, 3
4, 8, 24, 37, 3
4, 8, 24, 37, 3
4, 8, 25, 36, 3
4, 8, 25, 36, 3
4, 8, 25, 36, 3
4, 8, 25, 36, 3
4, 8, 25, 37, 3
4, 8, 25, 37, 3
4, 8, 25, 37, 3
4, 8, 25, 37, 3
4, 8, 26, 36, 3
4, 8, 26, 36, 3
4, 8, 26, 36, 3
4, 8, 26, 36, 3
4, 8, 26, 37, 3
4, 8, 26, 37, 3
4, 8, 26, 37, 3
4, 8, 26, 37, 3
4, 8, 27, 36, 3
4, 8, 27, 36, 3
4, 8, 27, 36, 3
4, 8, 27, 36, 3
4, 8, 27, 37, 3
4, 8, 27, 37, 3
4, 8, 27, 37, 3
4, 8, 27, 37, 3
4, 8, 28, 36, 3
4, 8, 28, 36, 3
4, 8, 28, 36, 3
4, 8, 28, 36, 3
4, 8, 28, 37, 3
4, 8, 28, 37, 3
4, 8, 28, 37, 3
4, 8, 28, 37, 3
4, 8, 29, 36, 3
4, 8, 29, 36, 3
4, 8, 29, 36, 3
4, 8, 29, 36, 3
4, 8, 29, 37, 3
4, 8, 29, 37, 3
4, 8, 29, 37, 3
4, 8, 29, 37, 3
4, 8, 30, 36, 3
4, 8, 30, 36, 3
4, 8, 30, 36, 3
4, 8, 30, 36, 3
4, 8, 30, 37, 3
4, 8, 30, 37, 3
4, 8, 30, 37, 3
4, 8, 30, 37, 3
4, 8, 31, 36, 3
4, 8, 31, 36, 3
4, 8, 31, 36, 3
4, 8, 31, 36, 3
4, 8, 31, 37, 3
4, 8, 31, 37, 3
4, 8, 31, 37, 3
4, 8, 31, 37, 3
4, 8, 32, 36, 3
4, 8, 32, 36, 3
4, 8, 32, 36, 3
4, 8, 32, 36, 3
4, 8, 32, 37, 3
4, 8, 32, 37, 3
4, 8, 32, 37, 3
4, 8, 32, 37, 3
4, 8, 33, 36, 3
4, 8, 33, 36, 3
4, 8, 33, 36, 3
4, 8, 33, 36, 3
4, 8, 33, 37, 3
4, 8, 33, 37, 3
4, 8, 33, 37, 3
4, 8, 33, 37, 3
4, 8, 34, 36, 3
4, 8, 34, 36, 3
4, 8, 34, 36, 3
4, 8, 34, 36, 3
4, 8, 34, 37, 3
4, 8, 34, 37, 3
4, 8, 34, 37, 3
4, 8, 34, 37, 3
4, 8, 35, 36, 3
4, 8, 35, 36, 3
4, 8, 35, 36, 3
4, 8, 35, 36, 3
4, 8, 35, 37, 3
4, 8, 35, 37, 3
4, 8, 35, 37, 3
4, 8, 35, 37, 3
4, 144, 36, 0, 3
4, 144, 36, 0, 3
4, 144, 36, 0, 3
4, 144, 36, 0, 3
4, 144, 36, 1, 3
4, 144, 36, 1, 3
4, 144, 36, 1, 3
4, 144, 36, 1, 3
4, 144, 36, 2, 3
4, 144, 36, 2, 3
4, 144, 36, 2, 3
4, 144, 36, 2, 3
4, 144, 36, 3, 3
4, 144, 36, 3, 3
4, 144, 36, 3, 3
4, 144, 36, 3, 3
4, 144, 36, 4, 3
4, 144, 36, 4, 3
4, 144, 36, 4, 3
4, 144, 36, 4, 3
4, 144, 36, 5, 3
4, 144, 36, 5, 3
4, 144, 36, 5, 3
4, 144, 36, 5, 3
4, 144, 36, 6, 3
4, 144, 36, 6, 3
4, 144, 36, 6, 3
4, 144, 36, 6, 3
4, 144, 36, 7, 3
4, 144, 36, 7, 3
4, 144, 36, 7, 3
4, 144, 36, 7, 3
4, 144, 36, 8, 3
4, 144, 36, 8, 3
4, 144, 36, 8, 3
4, 144, 36, 8, 3
4, 144, 36, 9, 3
4, 144, 36, 9, 3
4, 144, 36, 9, 3
4, 144, 36, 9, 3
4, 144, 36, 10, 3
4, 144, 36, 10, 3
4, 144, 36, 10, 3
4, 144, 36, 10, 3
4, 144, 36, 11, 3
4, 144, 36, 11, 3
4, 144, 36, 11, 3
4, 144, 36, 11, 3
4, 144, 36, 12, 3
4, 144, 36, 12, 3
4, 144, 36, 12, 3
4, 144, 36, 12, 3
4, 144, 36, 13, 3
4, 144, 36, 13, 3
4, 144, 36, 13, 3
4, 144, 36, 13, 3
4, 144, 36, 14, 3
4, 144, 36, 14, 3
4, 144, 36, 14, 3
4, 144, 36, 14, 3
4, 144, 36, 15, 3
4, 144, 36, 15, 3
4, 144, 36, 15, 3
4, 144, 36, 15, 3
4, 144, 36, 16, 3
4, 144, 36, 16, 3
4, 144, 36, 16, 3
4, 144, 36, 16, 3
4, 144, 36, 17, 3
4, 144, 36, 17, 3
4, 144, 36, 17, 3
4, 144, 36, 17, 3
4, 144, 36, 18, 3
4, 144, 36, 18, 3
4, 144, 36, 18, 3
4, 144, 36, 18, 3
4, 144, 36, 19, 3
4, 144, 36, 19, 3
4, 144, 36, 19, 3
4, 144, 36, 19, 3
4, 144, 36, 20, 3
4, 144, 36, 20, 3
4, 144, 36, 20, 3
4, 144, 36, 20, 3
4, 144, 36, 21, 3
4, 144, 36, 21, 3
4, 144, 36, 21, 3
4, 144, 36, 21, 3
4, 144, 36, 22, 3
4, 144, 36, 22, 3
4, 144, 36, 22, 3
4, 144, 36, 22, 3
4, 144, 36, 23, 3
4, 144, 36, 23, 3
4, 144, 36, 23, 3
4, 144, 36, 23, 3
4, 144, 36, 24, 3
4, 144, 36, 24, 3
4, 144, 36, 24, 3
4, 144, 36, 24, 3
4, 144, 36, 25, 3
4, 144, 36, 25, 3
4, 144, 36, 25, 3
4, 144, 36, 25, 3
4, 144, 36, 26, 3
4, 144, 36, 26, 3
4, 144, 36, 26, 3
4, 144, 36, 26, 3
4, 144, 36, 27, 3
4, 144, 36, 27, 3
4, 144, 36, 27, 3
4, 144, 36, 27, 3
4, 144, 36, 28, 3
4, 144, 36, 28, 3
4, 144, 36, 28, 3
4, 144, 36, 28, 3
4, 144, 36, 29, 3
4, 144, 36, 29, 3
4, 144, 36, 29, 3
4, 144, 36, 29, 3
4, 144, 36, 30, 3
4, 144, 36, 30, 3
4, 144, 36, 30, 3
4, 144, 36, 30, 3
4, 144, 36, 31, 3
4, 144, 36, 31, 3
4, 144, 36, 31, 3
4, 144, 36, 31, 3
4, 144, 36, 32, 3
4, 144, 36, 32, 3
4, 144, 36, 32, 3
4, 144, 36, 32, 3
4, 144, 36, 33, 3
4, 144, 36, 33, 3
4, 144, 36, 33, 3
4, 144, 36, 33, 3
4, 144, 36, 34, 3
4, 144, 36, 34, 3
4, 144, 36, 34, 3
4, 144, 36, 34, 3
4, 144, 36, 35, 3
4, 144, 36, 35, 3
4, 144, 36, 35, 3
4, 144, 36, 35, 3
4, 144, 37, 0, 3
4, 144, 37, 0, 3
4, 144, 37, 0, 3
4, 144, 37, 0, 3
4, 144, 37, 1, 3
4, 144, 37, 1, 3
4, 144, 37, 1, 3
4, 144, 37, 1, 3
4, 144, 37, 2, 3
4, 144, 37, 2, 3
4, 144, 37, 2, 3
4, 144, 37, 2, 3
4, 144, 37, 3, 3
4, 144, 37, 3, 3
4, 144, 37, 3, 3
4, 144, 37, 3, 3
4, 144, 37, 4, 3
4, 144, 37, 4, 3
4, 144, 37, 4, 3
4, 144, 37, 4, 3
4, 144, 37, 5, 3
4, 144, 37, 5, 3
4, 144, 37, 5, 3
4, 144, 37, 5, 3
4, 144, 37, 6, 3
4, 144, 37, 6, 3
4, 144, 37, 6, 3
4, 144, 37, 6, 3
4, 144, 37, 7, 3
4, 144, 37, 7, 3
4, 144, 37, 7, 3
4, 144, 37, 7, 3
4, 144, 37, 8, 3
4, 144, 37, 8, 3
4, 144, 37, 8, 3
4, 144, 37, 8, 3
4, 144, 37, 9, 3
4, 144, 37, 9, 3
4, 144, 37, 9, 3
4, 144, 37, 9, 3
4, 144, 37, 10, 3
4, 144, 37, 10, 3
4, 144, 37, 10, 3
4, 144, 37, 10, 3
4, 144, 37, 11, 3
4, 144, 37, 11, 3
4, 144, 37, 11, 3
4, 144, 37, 11, 3
4, 144, 37, 12, 3
4, 144, 37, 12, 3
4, 144, 37, 12, 3
4, 144, 37, 12, 3
4, 144, 37, 13, 3
4, 144, 37, 13, 3
4, 144, 37, 13, 3
4, 144, 37, 13, 3
4, 144, 37, 14, 3
4, 144, 37, 14, 3
4, 144, 37, 14, 3
4, 144, 37, 14, 3
4, 144, 37, 15, 3
4, 144, 37, 15, 3
4, 144, 37, 15, 3
4, 144, 37, 15, 3
4, 144, 37, 16, 3
4, 144, 37, 16, 3
4, 144, 37, 16, 3
4, 144, 37, 16, 3
4, 144, 37, 17, 3
4, 144, 37, 17, 3
4, 144, 37, 17, 3
4, 144, 37, 17, 3
4, 144, 37, 18, 3
4, 144, 37, 18, 3
4, 144, 37, 18, 3
4, 144, 37, 18, 3
4, 144, 37, 19, 3
4, 144, 37, 19, 3
4, 144, 37, 19, 3
4, 144, 37, 19, 3
4, 144, 37, 20, 3
4, 144, 37, 20, 3
4, 144, 37, 20, 3
4, 144, 37, 20, 3
4, 144, 37, 21, 3
4, 144, 37, 21, 3
4, 144, 37, 21, 3
4, 144, 37, 21, 3
4, 144, 37, 22, 3
4, 144, 37, 22, 3
4, 144, 37, 22, 3
4, 144, 37, 22, 3
4, 144, 37, 23, 3
4, 144, 37, 23, 3
4, 144, 37, 23, 3
4, 144, 37, 23, 3
4, 144, 37, 24, 3
4, 144, 37, 24, 3
4, 144, 37, 24, 3
4, 144, 37, 24, 3
4, 144, 37, 25, 3
4, 144, 37, 25, 3
4, 144, 37, 25, 3
4, 144, 37, 25, 3
4, 144, 37, 26, 3
4, 144, 37, 26, 3
4, 144, 37, 26, 3
4, 144, 37, 26, 3
4, 144, 37, 27, 3
4, 144, 37, 27, 3
4, 144, 37, 27, 3
4, 144, 37, 27, 3
4, 144, 37, 28, 3
4, 144, 37, 28, 3
4, 144, 37, 28, 3
4, 144, 37, 28, 3
4, 144, 37, 29, 3
4, 144, 37, 29, 3
4, 144, 37, 29, 3
4, 144, 37, 29, 3
4, 144, 37, 30, 3
4, 144, 37, 30, 3
4, 144, 37, 30, 3
4, 144, 37, 30, 3
4, 144, 37, 31, 3
4, 144, 37, 31, 3
4, 144, 37, 31, 3
4, 144, 37, 31, 3
4, 144, 37, 32, 3
4, 144, 37, 32, 3
4, 144, 37, 32, 3
4, 144, 37, 32, 3
4, 144, 37, 33, 3
4, 144, 37, 33, 3
4, 144, 37, 33, 3
4, 144, 37, 33, 3
4, 144, 37, 34, 3
4, 144, 37, 34, 3
4, 144, 37, 34, 3
4, 144, 37, 34, 3
4, 144, 37, 35, 3
4, 144, 37, 35, 3
4, 144, 37, 35, 3
4, 144, 37, 35, 3
5, 8, 0, 36, 3
5, 8, 0, 36, 3
5, 8, 0, 36, 3
5, 8, 0, 36, 3
5, 8, 0, 37, 3
5, 8, 0, 37, 3
5, 8, 0, 37, 3
5, 8, 0, 37, 3
5, 8, 1, 36, 3
5, 8, 1, 36, 3
5, 8, 1, 36, 3
5, 8, 1, 36, 3
5, 8, 1, 37, 3
5, 8, 1, 37, 3
5, 8, 1, 37, 3
5, 8, 1, 37, 3
5, 8, 2, 36, 3
5, 8, 2, 36, 3
5, 8, 2, 36, 3
5, 8, 2, 36, 3
5, 8, 2, 37, 3
5, 8, 2, 37, 3
5, 8, 2, 37, 3
5, 8, 2, 37, 3
5, 8, 3, 36, 3
5, 8, 3, 36, 3
5, 8, 3, 36, 3
5, 8, 3, 36, 3
5, 8, 3, 37, 3
5, 8, 3, 37, 3
5, 8, 3, 37, 3
5, 8, 3, 37, 3
5, 8, 4, 36, 3
5, 8, 4, 36, 3
5, 8, 4, 36, 3
5, 8, 4, 36, 3
5, 8, 4, 37, 3
5, 8, 4, 37, 3
5, 8, 4, 37, 3
5, 8, 4, 37, 3
5, 8, 5, 36, 3
5, 8, 5, 36, 3
5, 8, 5, 36, 3
5, 8, 5, 36, 3
5, 8, 5, 37, 3
5, 8, 5, 37, 3
5, 8, 5, 37, 3
5, 8, 5, 37, 3
5, 8, 6, 36, 3
5, 8, 6, 36, 3
5, 8, 6, 36, 3
5, 8, 6, 36, 3
5, 8, 6, 37, 3
5, 8, 6, 37, 3
5, 8, 6, 37, 3
5, 8, 6, 37, 3
5, 8, 7, 36, 3
5, 8, 7, 36, 3
5, 8, 7, 36, 3
5, 8, 7, 36, 3
5, 8, 7, 37, 3
5, 8, 7, 37, 3
5, 8, 7, 37, 3
5, 8, 7, 37, 3
5, 8, 8, 36, 3
5, 8, 8, 36, 3
5, 8, 8, 36, 3
5, 8, 8, 36, 3
5, 8, 8, 37, 3
5, 8, 8, 37, 3
5, 8, 8, 37, 3
5, 8, 8, 37, 3
5, 8, 9, 36, 3
5, 8, 9, 36, 3
5, 8, 9, 36, 3
5, 8, 9, 36, 3
5, 8, 9, 37, 3
5, 8, 9, 37, 3
5, 8, 9, 37, 3
5, 8, 9, 37, 3
5, 8, 10, 36, 3
5, 8, 10, 36, 3
5, 8, 10, 36, 3
5, 8, 10, 36, 3
5, 8, 10, 37, 3
5, 8, 10, 37, 3
5, 8, 10, 37, 3
5, 8, 10, 37, 3
5, 8, 11, 36, 3
5, 8, 11, 36, 3
5, 8, 11, 36, 3
5, 8, 11, 36, 3
5, 8, 11, 37, 3
5, 8, 11, 37, 3
5, 8, 11, 37, 3
5, 8, 11, 37, 3
5, 8, 12, 36, 3
5, 8, 12, 36, 3
5, 8, 12, 36, 3
5, 8, 12, 36, 3
5, 8, 12, 37, 3
5, 8, 12, 37, 3
5, 8, 12, 37, 3
5, 8, 12, 37, 3
5, 8, 13, 36, 3
5, 8, 13, 36, 3
5, 8, 13, 36, 3
5, 8, 13, 36, 3
5, 8, 13, 37, 3
5, 8, 13, 37, 3
5, 8, 13, 37, 3
5, 8, 13, 37, 3
5, 8, 14, 36, 3
5, 8, 14, 36, 3
5, 8, 14, 36, 3
5, 8, 14, 36, 3
5, 8, 14, 37, 3
5, 8, 14, 37, 3
5, 8, 14, 37, 3
5, 8, 14, 37, 3
5, 8, 15, 36, 3
5, 8, 15, 36, 3
5, 8, 15, 36, 3
5, 8, 15, 36, 3
5, 8, 15, 37, 3
5, 8, 15, 37, 3
5, 8, 15, 37, 3
5, 8, 15, 37, 3
5, 8, 16, 36, 3
5, 8, 16, 36, 3
5, 8, 16, 36, 3
5, 8, 16, 36, 3
5, 8, 16, 37, 3
5, 8, 16, 37, 3
5, 8, 16, 37, 3
5, 8, 16, 37, 3
5, 8, 17, 36, 3
5, 8, 17, 36, 3
5, 8, 17, 36, 3
5, 8, 17, 36, 3
5, 8, 17, 37, 3
5, 8, 17, 37, 3
5, 8, 17, 37, 3
5, 8, 17, 37, 3
5, 8, 18, 36, 3
5, 8, 18, 36, 3
5, 8, 18, 36, 3
5, 8, 18, 36, 3
5, 8, 18, 37, 3
5, 8, 18, 37, 3
5, 8, 18, 37, 3
5, 8, 18, 37, 3
5, 8, 19, 36, 3
5, 8, 19, 36, 3
5, 8, 19, 36, 3
5, 8, 19, 36, 3
5, 8, 19, 37, 3
5, 8, 19, 37, 3
5, 8, 19, 37, 3
5, 8, 19, 37, 3
5, 8, 20, 36, 3
5, 8, 20, 36, 3
5, 8, 20, 36, 3
5, 8, 20, 36, 3
5, 8, 20, 37, 3
5, 8, 20, 37, 3
5, 8, 20, 37, 3
5, 8, 20, 37, 3
5, 8, 21, 36, 3
5, 8, 21, 36, 3
5, 8, 21, 36, 3
5, 8, 21, 36, 3
5, 8, 21, 37, 3
5, 8, 21, 37, 3
5, 8, 21, 37, 3
5, 8, 21, 37, 3
5, 8, 22, 36, 3
5, 8, 22, 36, 3
5, 8, 22, 36, 3
5, 8, 22, 36, 3
5, 8, 22, 37, 3
5, 8, 22, 37, 3
5, 8, 22, 37, 3
5, 8, 22, 37, 3
5, 8, 23, 36, 3
5, 8, 23, 36, 3
5, 8, 23, 36, 3
5, 8, 23, 36, 3
5, 8, 23, 37, 3
5, 8, 23, 37, 3
5, 8, 23, 37, 3
5, 8, 23, 37, 3
5, 8, 24, 36, 3
5, 8, 24, 36, 3
5, 8, 24, 36, 3
5, 8, 24, 36, 3
5, 8, 24, 37, 3
5, 8, 24, 37, 3
5, 8, 24, 37, 3
5, 8, 24, 37, 3
5, 8, 25, 36, 3
5, 8, 25, 36, 3
5, 8, 25, 36, 3
5, 8, 25, 36, 3
5, 8, 25, 37, 3
5, 8, 25, 37, 3
5, 8, 25, 37, 3
5, 8, 25, 37, 3
5, 8, 26, 36, 3
5, 8, 26, 36, 3
5, 8, 26, 36, 3
5, 8, 26, 36, 3
5, 8, 26, 37, 3
5, 8, 26, 37, 3
5, 8, 26, 37, 3
5, 8, 26, 37, 3
5, 8, 27, 36, 3
5, 8, 27, 36, 3
5, 8, 27, 36, 3
5, 8, 27, 36, 3
5, 8, 27, 37, 3
5, 8, 27, 37, 3
5, 8, 27, 37, 3
5, 8, 27, 37, 3
5, 8, 28, 36, 3
5, 8, 28, 36, 3
5, 8, 28, 36, 3
5, 8, 28, 36, 3
5, 8, 28, 37, 3
5, 8, 28, 37, 3
5, 8, 28, 37, 3
5, 8, 28, 37, 3
5, 8, 29, 36, 3
5, 8, 29, 36, 3
5, 8, 29, 36, 3
5, 8, 29, 36, 3
5, 8, 29, 37, 3
5, 8, 29, 37, 3
5, 8, 29, 37, 3
5, 8, 29, 37, 3
5, 8, 30, 36, 3
5, 8, 30, 36, 3
5, 8, 30, 36, 3
5, 8, 30, 36, 3
5, 8, 30, 37, 3
5, 8, 30, 37, 3
5, 8, 30, 37, 3
5, 8, 30, 37, 3
5, 8, 31, 36, 3
5, 8, 31, 36, 3
5, 8, 31, 36, 3
5, 8, 31, 36, 3
5, 8, 31, 37, 3
5, 8, 31, 37, 3
5, 8, 31, 37, 3
5, 8, 31, 37, 3
5, 8, 32, 36, 3
5, 8, 32, 36, 3
5, 8, 32, 36, 3
5, 8, 32, 36, 3
5, 8, 32, 37, 3
5, 8, 32, 37, 3
5, 8, 32, 37, 3
5, 8, 32, 37, 3
5, 8, 33, 36, 3
5, 8, 33, 36, 3
5, 8, 33, 36, 3
5, 8, 33, 36, 3
5, 8, 33, 37, 3
5, 8, 33, 37, 3
5, 8, 33, 37, 3
5, 8, 33, 37, 3
5, 8, 34, 36, 3
5, 8, 34, 36, 3
5, 8, 34, 36, 3
5, 8, 34, 36, 3
5, 8, 34, 37, 3
5, 8, 34, 37, 3
5, 8, 34, 37, 3
5, 8, 34, 37, 3
5, 8, 35, 36, 3
5, 8, 35, 36, 3
5, 8, 35, 36, 3
5, 8, 35, 36, 3
5, 8, 35, 37, 3
5, 8, 35, 37, 3
5, 8, 35, 37, 3
5, 8, 35, 37, 3
5, 144, 36, 0, 3
5, 144, 36, 0, 3
5, 144, 36, 0, 3
5, 144, 36, 0, 3
5, 144, 36, 1, 3
5, 144, 36, 1, 3
5, 144, 36, 1, 3
5, 144, 36, 1, 3
5, 144, 36, 2, 3
5, 144, 36, 2, 3
5, 144, 36, 2, 3
5, 144, 36, 2, 3
5, 144, 36, 3, 3
5, 144, 36, 3, 3
5, 144, 36, 3, 3
5, 144, 36, 3, 3
5, 144, 36, 4, 3
5, 144, 36, 4, 3
5, 144, 36, 4, 3
5, 144, 36, 4, 3
5, 144, 36, 5, 3
5, 144, 36, 5, 3
5, 144, 36, 5, 3
5, 144, 36, 5, 3
5, 144, 36, 6, 3
5, 144, 36, 6, 3
5, 144, 36, 6, 3
5, 144, 36, 6, 3
5, 144, 36, 7, 3
5, 144, 36, 7, 3
5, 144, 36, 7, 3
5, 144, 36, 7, 3
5, 144, 36, 8, 3
5, 144, 36, 8, 3
5, 144, 36, 8, 3
5, 144, 36, 8, 3
5, 144, 36, 9, 3
5, 144, 36, 9, 3
5, 144, 36, 9, 3
5, 144, 36, 9, 3
5, 144, 36, 10, 3
5, 144, 36, 10, 3
5, 144, 36, 10, 3
5, 144, 36, 10, 3
5, 144, 36, 11, 3
5, 144, 36, 11, 3
5, 144, 36, 11, 3
5, 144, 36, 11, 3
5, 144, 36, 12, 3
5, 144, 36, 12, 3
5, 144, 36, 12, 3
5, 144, 36, 12, 3
5, 144, 36, 13, 3
5, 144, 36, 13, 3
5, 144, 36, 13, 3
5, 144, 36, 13, 3
5, 144, 36, 14, 3
5, 144, 36, 14, 3
5, 144, 36, 14, 3
5, 144, 36, 14, 3
5, 144, 36, 15, 3
5, 144, 36, 15, 3
5, 144, 36, 15, 3
5, 144, 36, 15, 3
5, 144, 36, 16, 3
5, 144, 36, 16, 3
5, 144, 36, 16, 3
5, 144, 36, 16, 3
5, 144, 36, 17, 3
5, 144, 36, 17, 3
5, 144, 36, 17, 3
5, 144, 36, 17, 3
5, 144, 36, 18, 3
5, 144, 36, 18, 3
5, 144, 36, 18, 3
5, 144, 36, 18, 3
5, 144, 36, 19, 3
5, 144, 36, 19, 3
5, 144, 36, 19, 3
5, 144, 36, 19, 3
5, 144, 36, 20, 3
5, 144, 36, 20, 3
5, 144, 36, 20, 3
5, 144, 36, 20, 3
5, 144, 36, 21, 3
5, 144, 36, 21, 3
5, 144, 36, 21, 3
5, 144, 36, 21, 3
5, 144, 36, 22, 3
5, 144, 36, 22, 3
5, 144, 36, 22, 3
5, 144, 36, 22, 3
5, 144, 36, 23, 3
5, 144, 36, 23, 3
5, 144, 36, 23, 3
5, 144, 36, 23, 3
5, 144, 36, 24, 3
5, 144, 36, 24, 3
5, 144, 36, 24, 3
5, 144, 36, 24, 3
5, 144, 36, 25, 3
5, 144, 36, 25, 3
5, 144, 36, 25, 3
5, 144, 36, 25, 3
5, 144, 36, 26, 3
5, 144, 36, 26, 3
5, 144, 36, 26, 3
5, 144, 36, 26, 3
5, 144, 36, 27, 3
5, 144, 36, 27, 3
5, 144, 36, 27, 3
5, 144, 36, 27, 3
5, 144, 36, 28, 3
5, 144, 36, 28, 3
5, 144, 36, 28, 3
5, 144, 36, 28, 3
5, 144, 36, 29, 3
5, 144, 36, 29, 3
5, 144, 36, 29, 3
5, 144, 36, 29, 3
5, 144, 36, 30, 3
5, 144, 36, 30, 3
5, 144, 36, 30, 3
5, 144, 36, 30, 3
5, 144, 36, 31, 3
5, 144, 36, 31, 3
5, 144, 36, 31, 3
5, 144, 36, 31, 3
5, 144, 36, 32, 3
5, 144, 36, 32, 3
5, 144, 36, 32, 3
5, 144, 36, 32, 3
5, 144, 36, 33, 3
5, 144, 36, 33, 3
5, 144, 36, 33, 3
5, 144, 36, 33, 3
5, 144, 36, 34, 3
5, 144, 36, 34, 3
5, 144, 36, 34, 3
5, 144, 36, 34, 3
5, 144, 36, 35, 3
5, 144, 36, 35, 3
5, 144, 36, 35, 3
5, 144, 36, 35, 3
5, 144, 37, 0, 3
5, 144, 37, 0, 3
5, 144, 37, 0, 3
5, 144, 37, 0, 3
5, 144, 37, 1, 3
5, 144, 37, 1, 3
5, 144, 37, 1, 3
5, 144, 37, 1, 3
5, 144, 37, 2, 3
5, 144, 37, 2, 3
5, 144, 37, 2, 3
5, 144, 37, 2, 3
5, 144, 37, 3, 3
5, 144, 37, 3, 3
5, 144, 37, 3, 3
5, 144, 37, 3, 3
5, 144, 37, 4, 3
5, 144, 37, 4, 3
5, 144, 37, 4, 3
5, 144, 37, 4, 3
5, 144, 37, 5, 3
5, 144, 37, 5, 3
5, 144, 37, 5, 3
5, 144, 37, 5, 3
5, 144, 37, 6, 3
5, 144, 37, 6, 3
5, 144, 37, 6, 3
5, 144, 37, 6, 3
5, 144, 37, 7, 3
5, 144, 37, 7, 3
5, 144, 37, 7, 3
5, 144, 37, 7, 3
5, 144, 37, 8, 3
5, 144, 37, 8, 3
5, 144, 37, 8, 3
5, 144, 37, 8, 3
5, 144, 37, 9, 3
5, 144, 37, 9, 3
5, 144, 37, 9, 3
5, 144, 37, 9, 3
5, 144, 37, 10, 3
5, 144, 37, 10, 3
5, 144, 37, 10, 3
5, 144, 37, 10, 3
5, 144, 37, 11, 3
5, 144, 37, 11, 3
5, 144, 37, 11, 3
5, 144, 37, 11, 3
5, 144, 37, 12, 3
5, 144, 37, 12, 3
5, 144, 37, 12, 3
5, 144, 37, 12, 3
5, 144, 37, 13, 3
5, 144, 37, 13, 3
5, 144, 37, 13, 3
5, 144, 37, 13, 3
5, 144, 37, 14, 3
5, 144, 37, 14, 3
5, 144, 37, 14, 3
5, 144, 37, 14, 3
5, 144, 37, 15, 3
5, 144, 37, 15, 3
5, 144, 37, 15, 3
5, 144, 37, 15, 3
5, 144, 37, 16, 3
5, 144, 37, 16, 3
5, 144, 37, 16, 3
5, 144, 37, 16, 3
5, 144, 37, 17, 3
5, 144, 37, 17, 3
5, 144, 37, 17, 3
5, 144, 37, 17, 3
5, 144, 37, 18, 3
5, 144, 37, 18, 3
5, 144, 37, 18, 3
5, 144, 37, 18, 3
5, 144, 37, 19, 3
5, 144, 37, 19, 3
5, 144, 37, 19, 3
5, 144, 37, 19, 3
5, 144, 37, 20, 3
5, 144, 37, 20, 3
5, 144, 37, 20, 3
5, 144, 37, 20, 3
5, 144, 37, 21, 3
5, 144, 37, 21, 3
5, 144, 37, 21, 3
5, 144, 37, 21, 3
5, 144, 37, 22, 3
5, 144, 37, 22, 3
5, 144, 37, 22, 3
5, 144, 37, 22, 3
5, 144, 37, 23, 3
5, 144, 37, 23, 3
5, 144, 37, 23, 3
5, 144, 37, 23, 3
5, 144, 37, 24, 3
5, 144, 37, 24, 3
5, 144, 37, 24, 3
5, 144, 37, 24, 3
5, 144, 37, 25, 3
5, 144, 37, 25, 3
5, 144, 37, 25, 3
5, 144, 37, 25, 3
5, 144, 37, 26, 3
5, 144, 37, 26, 3
5, 144, 37, 26, 3
5, 144, 37, 26, 3
5, 144, 37, 27, 3
5, 144, 37, 27, 3
5, 144, 37, 27, 3
5, 144, 37, 27, 3
5, 144, 37, 28, 3
5, 144, 37, 28, 3
5, 144, 37, 28, 3
5, 144, 37, 28, 3
5, 144, 37, 29, 3
5, 144, 37, 29, 3
5, 144, 37, 29, 3
5, 144, 37, 29, 3
5, 144, 37, 30, 3
5, 144, 37, 30, 3
5, 144, 37, 30, 3
5, 144, 37, 30, 3
5, 144, 37, 31, 3
5, 144, 37, 31, 3
5, 144, 37, 31, 3
5, 144, 37, 31, 3
5, 144, 37, 32, 3
5, 144, 37, 32, 3
5, 144, 37, 32, 3
5, 144, 37, 32, 3
5, 144, 37, 33, 3
5, 144, 37, 33, 3
5, 144, 37, 33, 3
5, 144, 37, 33, 3
5, 144, 37, 34, 3
5, 144, 37, 34, 3
5, 144, 37, 34, 3
5, 144, 37, 34, 3
5, 144, 37, 35, 3
5, 144, 37, 35, 3
5, 144, 37, 35, 3
5, 144, 37, 35, 3
6, 8, 0, 36, 3
6, 8, 0, 36, 3
6, 8, 0, 36, 3
6, 8, 0, 36, 3
6, 8, 0, 37, 3
6, 8, 0, 37, 3
6, 8, 0, 37, 3
6, 8, 0, 37, 3
6, 8, 1, 36, 3
6, 8, 1, 36, 3
6, 8, 1, 36, 3
6, 8, 1, 36, 3
6, 8, 1, 37, 3
6, 8, 1, 37, 3
6, 8, 1, 37, 3
6, 8, 1, 37, 3
6, 8, 2, 36, 3
6, 8, 2, 36, 3
6, 8, 2, 36, 3
6, 8, 2, 36, 3
6, 8, 2, 37, 3
6, 8, 2, 37, 3
6, 8, 2, 37, 3
6, 8, 2, 37, 3
6, 8, 3, 36, 3
6, 8, 3, 36, 3
6, 8, 3, 36, 3
6, 8, 3, 36, 3
6, 8, 3, 37, 3
6, 8, 3, 37, 3
6, 8, 3, 37, 3
6, 8, 3, 37, 3
6, 8, 4, 36, 3
6, 8, 4, 36, 3
6, 8, 4, 36, 3
6, 8, 4, 36, 3
6, 8, 4, 37, 3
6, 8, 4, 37, 3
6, 8, 4, 37, 3
6, 8, 4, 37, 3
6, 8, 5, 36, 3
6, 8, 5, 36, 3
6, 8, 5, 36, 3
6, 8, 5, 36, 3
6, 8, 5, 37, 3
6, 8, 5, 37, 3
6, 8, 5, 37, 3
6, 8, 5, 37, 3
6, 8, 6, 36, 3
6, 8, 6, 36, 3
6, 8, 6, 36, 3
6, 8, 6, 36, 3
6, 8, 6, 37, 3
6, 8, 6, 37, 3
6, 8, 6, 37, 3
6, 8, 6, 37, 3
6, 8, 7, 36, 3
6, 8, 7, 36, 3
6, 8, 7, 36, 3
6, 8, 7, 36, 3
6, 8, 7, 37, 3
6, 8, 7, 37, 3
6, 8, 7, 37, 3
6, 8, 7, 37, 3
6, 8, 8, 36, 3
6, 8, 8, 36, 3
6, 8, 8, 36, 3
6, 8, 8, 36, 3
6, 8, 8, 37, 3
6, 8, 8, 37, 3
6, 8, 8, 37, 3
6, 8, 8, 37, 3
6, 8, 9, 36, 3
6, 8, 9, 36, 3
6, 8, 9, 36, 3
6, 8, 9, 36, 3
6, 8, 9, 37, 3
6, 8, 9, 37, 3
6, 8, 9, 37, 3
6, 8, 9, 37, 3
6, 8, 10, 36, 3
6, 8, 10, 36, 3
6, 8, 10, 36, 3
6, 8, 10, 36, 3
6, 8, 10, 37, 3
6, 8, 10, 37, 3
6, 8, 10, 37, 3
6, 8, 10, 37, 3
6, 8, 11, 36, 3
6, 8, 11, 36, 3
6, 8, 11, 36, 3
6, 8, 11, 36, 3
6, 8, 11, 37, 3
6, 8, 11, 37, 3
6, 8, 11, 37, 3
6, 8, 11, 37, 3
6, 8, 12, 36, 3
6, 8, 12, 36, 3
6, 8, 12, 36, 3
6, 8, 12, 36, 3
6, 8, 12, 37, 3
6, 8, 12, 37, 3
6, 8, 12, 37, 3
6, 8, 12, 37, 3
6, 8, 13, 36, 3
6, 8, 13, 36, 3
6, 8, 13, 36, 3
6, 8, 13, 36, 3
6, 8, 13, 37, 3
6, 8, 13, 37, 3
6, 8, 13, 37, 3
6, 8, 13, 37, 3
6, 8, 14, 36, 3
6, 8, 14, 36, 3
6, 8, 14, 36, 3
6, 8, 14, 36, 3
6, 8, 14, 37, 3
6, 8, 14, 37, 3
6, 8, 14, 37, 3
6, 8, 14, 37, 3
6, 8, 15, 36, 3
6, 8, 15, 36, 3
6, 8, 15, 36, 3
6, 8, 15, 36, 3
6, 8, 15, 37, 3
6, 8, 15, 37, 3
6, 8, 15, 37, 3
6, 8, 15, 37, 3
6, 8, 16, 36, 3
6, 8, 16, 36, 3
6, 8, 16, 36, 3
6, 8, 16, 36, 3
6, 8, 16, 37, 3
6, 8, 16, 37, 3
6, 8, 16, 37, 3
6, 8, 16, 37, 3
6, 8, 17, 36, 3
6, 8, 17, 36, 3
6, 8, 17, 36, 3
6, 8, 17, 36, 3
6, 8, 17, 37, 3
6, 8, 17, 37, 3
6, 8, 17, 37, 3
6, 8, 17, 37, 3
6, 8, 18, 36, 3
6, 8, 18, 36, 3
6, 8, 18, 36, 3
6, 8, 18, 36, 3
6, 8, 18, 37, 3
6, 8, 18, 37, 3
6, 8, 18, 37, 3
6, 8, 18, 37, 3
6, 8, 19, 36, 3
6, 8, 19, 36, 3
6, 8, 19, 36, 3
6, 8, 19, 36, 3
6, 8, 19, 37, 3
6, 8, 19, 37, 3
6, 8, 19, 37, 3
6, 8, 19, 37, 3
6, 8, 20, 36, 3
6, 8, 20, 36, 3
6, 8, 20, 36, 3
6, 8, 20, 36, 3
6, 8, 20, 37, 3
6, 8, 20, 37, 3
6, 8, 20, 37, 3
6, 8, 20, 37, 3
6, 8, 21, 36, 3
6, 8, 21, 36, 3
6, 8, 21, 36, 3
6, 8, 21, 36, 3
6, 8, 21, 37, 3
6, 8, 21, 37, 3
6, 8, 21, 37, 3
6, 8, 21, 37, 3
6, 8, 22, 36, 3
6, 8, 22, 36, 3
6, 8, 22, 36, 3
6, 8, 22, 36, 3
6, 8, 22, 37, 3
6, 8, 22, 37, 3
6, 8, 22, 37, 3
6, 8, 22, 37, 3
6, 8, 23, 36, 3
6, 8, 23, 36, 3
6, 8, 23, 36, 3
6, 8, 23, 36, 3
6, 8, 23, 37, 3
6, 8, 23, 37, 3
6, 8, 23, 37, 3
6, 8, 23, 37, 3
6, 8, 24, 36, 3
6, 8, 24, 36, 3
6, 8, 24, 36, 3
6, 8, 24, 36, 3
6, 8, 24, 37, 3
6, 8, 24, 37, 3
6, 8, 24, 37, 3
6, 8, 24, 37, 3
6, 8, 25, 36, 3
6, 8, 25, 36, 3
6, 8, 25, 36, 3
6, 8, 25, 36, 3
6, 8, 25, 37, 3
6, 8, 25, 37, 3
6, 8, 25, 37, 3
6, 8, 25, 37, 3
6, 8, 26, 36, 3
6, 8, 26, 36, 3
6, 8, 26, 36, 3
6, 8, 26, 36, 3
6, 8, 26, 37, 3
6, 8, 26, 37, 3
6, 8, 26, 37, 3
6, 8, 26, 37, 3
6, 8, 27, 36, 3
6, 8, 27, 36, 3
6, 8, 27, 36, 3
6, 8, 27, 36, 3
6, 8, 27, 37, 3
6, 8, 27, 37, 3
6, 8, 27, 37, 3
6, 8, 27, 37, 3
6, 8, 28, 36, 3
6, 8, 28, 36, 3
6, 8, 28, 36, 3
6, 8, 28, 36, 3
6, 8, 28, 37, 3
6, 8, 28, 37, 3
6, 8, 28, 37, 3
6, 8, 28, 37, 3
6, 8, 29, 36, 3
6, 8, 29, 36, 3
6, 8, 29, 36, 3
6, 8, 29, 36, 3
6, 8, 29, 37, 3
6, 8, 29, 37, 3
6, 8, 29, 37, 3
6, 8, 29, 37, 3
6, 8, 30, 36, 3
6, 8, 30, 36, 3
6, 8, 30, 36, 3
6, 8, 30, 36, 3
6, 8, 30, 37, 3
6, 8, 30, 37, 3
6, 8, 30, 37, 3
6, 8, 30, 37, 3
6, 8, 31, 36, 3
6, 8, 31, 36, 3
6, 8, 31, 36, 3
6, 8, 31, 36, 3
6, 8, 31, 37, 3
6, 8, 31, 37, 3
6, 8, 31, 37, 3
6, 8, 31, 37, 3
6, 8, 32, 36, 3
6, 8, 32, 36, 3
6, 8, 32, 36, 3
6, 8, 32, 36, 3
6, 8, 32, 37, 3
6, 8, 32, 37, 3
6, 8, 32, 37, 3
6, 8, 32, 37, 3
6, 8, 33, 36, 3
6, 8, 33, 36, 3
6, 8, 33, 36, 3
6, 8, 33, 36, 3
6, 8, 33, 37, 3
6, 8, 33, 37, 3
6, 8, 33, 37, 3
6, 8, 33, 37, 3
6, 8, 34, 36, 3
6, 8, 34, 36, 3
6, 8, 34, 36, 3
6, 8, 34, 36, 3
6, 8, 34, 37, 3
6, 8, 34, 37, 3
6, 8, 34, 37, 3
6, 8, 34, 37, 3
6, 8, 35, 36, 3
6, 8, 35, 36, 3
6, 8, 35, 36, 3
6, 8, 35, 36, 3
6, 8, 35, 37, 3
6, 8, 35, 37, 3
6, 8, 35, 37, 3
6, 8, 35, 37, 3
6, 144, 36, 0, 3
6, 144, 36, 0, 3
6, 144, 36, 0, 3
6, 144, 36, 0, 3
6, 144, 36, 1, 3
6, 144, 36, 1, 3
6, 144, 36, 1, 3
6, 144, 36, 1, 3
6, 144, 36, 2, 3
6, 144, 36, 2, 3
6, 144, 36, 2, 3
6, 144, 36, 2, 3
6, 144, 36, 3, 3
6, 144, 36, 3, 3
6, 144, 36, 3, 3
6, 144, 36, 3, 3
6, 144, 36, 4, 3
6, 144, 36, 4, 3
6, 144, 36, 4, 3
6, 144, 36, 4, 3
6, 144, 36, 5, 3
6, 144, 36, 5, 3
6, 144, 36, 5, 3
6, 144, 36, 5, 3
6, 144, 36, 6, 3
6, 144, 36, 6, 3
6, 144, 36, 6, 3
6, 144, 36, 6, 3
6, 144, 36, 7, 3
6, 144, 36, 7, 3
6, 144, 36, 7, 3
6, 144, 36, 7, 3
6, 144, 36, 8, 3
6, 144, 36, 8, 3
6, 144, 36, 8, 3
6, 144, 36, 8, 3
6, 144, 36, 9, 3
6, 144, 36, 9, 3
6, 144, 36, 9, 3
6, 144, 36, 9, 3
6, 144, 36, 10, 3
6, 144, 36, 10, 3
6, 144, 36, 10, 3
6, 144, 36, 10, 3
6, 144, 36, 11, 3
6, 144, 36, 11, 3
6, 144, 36, 11, 3
6, 144, 36, 11, 3
6, 144, 36, 12, 3
6, 144, 36, 12, 3
6, 144, 36, 12, 3
6, 144, 36, 12, 3
6, 144, 36, 13, 3
6, 144, 36, 13, 3
6, 144, 36, 13, 3
6, 144, 36, 13, 3
6, 144, 36, 14, 3
6, 144, 36, 14, 3
6, 144, 36, 14, 3
6, 144, 36, 14, 3
6, 144, 36, 15, 3
6, 144, 36, 15, 3
6, 144, 36, 15, 3
6, 144, 36, 15, 3
6, 144, 36, 16, 3
6, 144, 36, 16, 3
6, 144, 36, 16, 3
6, 144, 36, 16, 3
6, 144, 36, 17, 3
6, 144, 36, 17, 3
6, 144, 36, 17, 3
6, 144, 36, 17, 3
6, 144, 36, 18, 3
6, 144, 36, 18, 3
6, 144, 36, 18, 3
6, 144, 36, 18, 3
6, 144, 36, 19, 3
6, 144, 36, 19, 3
6, 144, 36, 19, 3
6, 144, 36, 19, 3
6, 144, 36, 20, 3
6, 144, 36, 20, 3
6, 144, 36, 20, 3
6, 144, 36, 20, 3
6, 144, 36, 21, 3
6, 144, 36, 21, 3
6, 144, 36, 21, 3
6, 144, 36, 21, 3
6, 144, 36, 22, 3
6, 144, 36, 22, 3
6, 144, 36, 22, 3
6, 144, 36, 22, 3
6, 144, 36, 23, 3
6, 144, 36, 23, 3
6, 144, 36, 23, 3
6, 144, 36, 23, 3
6, 144, 36, 24, 3
6, 144, 36, 24, 3
6, 144, 36, 24, 3
6, 144, 36, 24, 3
6, 144, 36, 25, 3
6, 144, 36, 25, 3
6, 144, 36, 25, 3
6, 144, 36, 25, 3
6, 144, 36, 26, 3
6, 144, 36, 26, 3
6, 144, 36, 26, 3
6, 144, 36, 26, 3
6, 144, 36, 27, 3
6, 144, 36, 27, 3
6, 144, 36, 27, 3
6, 144, 36, 27, 3
6, 144, 36, 28, 3
6, 144, 36, 28, 3
6, 144, 36, 28, 3
6, 144, 36, 28, 3
6, 144, 36, 29, 3
6, 144, 36, 29, 3
6, 144, 36, 29, 3
6, 144, 36, 29, 3
6, 144, 36, 30, 3
6, 144, 36, 30, 3
6, 144, 36, 30, 3
6, 144, 36, 30, 3
6, 144, 36, 31, 3
6, 144, 36, 31, 3
6, 144, 36, 31, 3
6, 144, 36, 31, 3
6, 144, 36, 32, 3
6, 144, 36, 32, 3
6, 144, 36, 32, 3
6, 144, 36, 32, 3
6, 144, 36, 33, 3
6, 144, 36, 33, 3
6, 144, 36, 33, 3
6, 144, 36, 33, 3
6, 144, 36, 34, 3
6, 144, 36, 34, 3
6, 144, 36, 34, 3
6, 144, 36, 34, 3
6, 144, 36, 35, 3
6, 144, 36, 35, 3
6, 144, 36, 35, 3
6, 144, 36, 35, 3
6, 144, 37, 0, 3
6, 144, 37, 0, 3
6, 144, 37, 0, 3
6, 144, 37, 0, 3
6, 144, 37, 1, 3
6, 144, 37, 1, 3
6, 144, 37, 1, 3
6, 144, 37, 1, 3
6, 144, 37, 2, 3
6, 144, 37, 2, 3
6, 144, 37, 2, 3
6, 144, 37, 2, 3
6, 144, 37, 3, 3
6, 144, 37, 3, 3
6, 144, 37, 3, 3
6, 144, 37, 3, 3
6, 144, 37, 4, 3
6, 144, 37, 4, 3
6, 144, 37, 4, 3
6, 144, 37, 4, 3
6, 144, 37, 5, 3
6, 144, 37, 5, 3
6, 144, 37, 5, 3
6, 144, 37, 5, 3
6, 144, 37, 6, 3
6, 144, 37, 6, 3
6, 144, 37, 6, 3
6, 144, 37, 6, 3
6, 144, 37, 7, 3
6, 144, 37, 7, 3
6, 144, 37, 7, 3
6, 144, 37, 7, 3
6, 144, 37, 8, 3
6, 144, 37, 8, 3
6, 144, 37, 8, 3
6, 144, 37, 8, 3
6, 144, 37, 9, 3
6, 144, 37, 9, 3
6, 144, 37, 9, 3
6, 144, 37, 9, 3
6, 144, 37, 10, 3
6, 144, 37, 10, 3
6, 144, 37, 10, 3
6, 144, 37, 10, 3
6, 144, 37, 11, 3
6, 144, 37, 11, 3
6, 144, 37, 11, 3
6, 144, 37, 11, 3
6, 144, 37, 12, 3
6, 144, 37, 12, 3
6, 144, 37, 12, 3
6, 144, 37, 12, 3
6, 144, 37, 13, 3
6, 144, 37, 13, 3
6, 144, 37, 13, 3
6, 144, 37, 13, 3
6, 144, 37, 14, 3
6, 144, 37, 14, 3
6, 144, 37, 14, 3
6, 144, 37, 14, 3
6, 144, 37, 15, 3
6, 144, 37, 15, 3
6, 144, 37, 15, 3
6, 144, 37, 15, 3
6, 144, 37, 16, 3
6, 144, 37, 16, 3
6, 144, 37, 16, 3
6, 144, 37, 16, 3
6, 144, 37, 17, 3
6, 144, 37, 17, 3
6, 144, 37, 17, 3
6, 144, 37, 17, 3
6, 144, 37, 18, 3
6, 144, 37, 18, 3
6, 144, 37, 18, 3
6, 144, 37, 18, 3
6, 144, 37, 19, 3
6, 144, 37, 19, 3
6, 144, 37, 19, 3
6, 144, 37, 19, 3
6, 144, 37, 20, 3
6, 144, 37, 20, 3
6, 144, 37, 20, 3
6, 144, 37, 20, 3
6, 144, 37, 21, 3
6, 144, 37, 21, 3
6, 144, 37, 21, 3
6, 144, 37, 21, 3
6, 144, 37, 22, 3
6, 144, 37, 22, 3
6, 144, 37, 22, 3
6, 144, 37, 22, 3
6, 144, 37, 23, 3
6, 144, 37, 23, 3
6, 144, 37, 23, 3
6, 144, 37, 23, 3
6, 144, 37, 24, 3
6, 144, 37, 24, 3
6, 144, 37, 24, 3
6, 144, 37, 24, 3
6, 144, 37, 25, 3
6, 144, 37, 25, 3
6, 144, 37, 25, 3
6, 144, 37, 25, 3
6, 144, 37, 26, 3
6, 144, 37, 26, 3
6, 144, 37, 26, 3
6, 144, 37, 26, 3
6, 144, 37, 27, 3
6, 144, 37, 27, 3
6, 144, 37, 27, 3
6, 144, 37, 27, 3
6, 144, 37, 28, 3
6, 144, 37, 28, 3
6, 144, 37, 28, 3
6, 144, 37, 28, 3
6, 144, 37, 29, 3
6, 144, 37, 29, 3
6, 144, 37, 29, 3
6, 144, 37, 29, 3
6, 144, 37, 30, 3
6, 144, 37, 30, 3
6, 144, 37, 30, 3
6, 144, 37, 30, 3
6, 144, 37, 31, 3
6, 144, 37, 31, 3
6, 144, 37, 31, 3
6, 144, 37, 31, 3
6, 144, 37, 32, 3
6, 144, 37, 32, 3
6, 144, 37, 32, 3
6, 144, 37, 32, 3
6, 144, 37, 33, 3
6, 144, 37, 33, 3
6, 144, 37, 33, 3
6, 144, 37, 33, 3
6, 144, 37, 34, 3
6, 144, 37, 34, 3
6, 144, 37, 34, 3
6, 144, 37, 34, 3
6, 144, 37, 35, 3
6, 144, 37, 35, 3
6, 144, 37, 35, 3
6, 144, 37, 35, 3
7, 8, 0, 36, 3
7, 8, 0, 36, 3
7, 8, 0, 36, 3
7, 8, 0, 36, 3
7, 8, 0, 37, 3
7, 8, 0, 37, 3
7, 8, 0, 37, 3
7, 8, 0, 37, 3
7, 8, 1, 36, 3
7, 8, 1, 36, 3
7, 8, 1, 36, 3
7, 8, 1, 36, 3
7, 8, 1, 37, 3
7, 8, 1, 37, 3
7, 8, 1, 37, 3
7, 8, 1, 37, 3
7, 8, 2, 36, 3
7, 8, 2, 36, 3
7, 8, 2, 36, 3
7, 8, 2, 36, 3
7, 8, 2, 37, 3
7, 8, 2, 37, 3
7, 8, 2, 37, 3
7, 8, 2, 37, 3
7, 8, 3, 36, 3
7, 8, 3, 36, 3
7, 8, 3, 36, 3
7, 8, 3, 36, 3
7, 8, 3, 37, 3
7, 8, 3, 37, 3
7, 8, 3, 37, 3
7, 8, 3, 37, 3
7, 8, 4, 36, 3
7, 8, 4, 36, 3
7, 8, 4, 36, 3
7, 8, 4, 36, 3
7, 8, 4, 37, 3
7, 8, 4, 37, 3
7, 8, 4, 37, 3
7, 8, 4, 37, 3
7, 8, 5, 36, 3
7, 8, 5, 36, 3
7, 8, 5, 36, 3
7, 8, 5, 36, 3
7, 8, 5, 37, 3
7, 8, 5, 37, 3
7, 8, 5, 37, 3
7, 8, 5, 37, 3
7, 8, 6, 36, 3
7, 8, 6, 36, 3
7, 8, 6, 36, 3
7, 8, 6, 36, 3
7, 8, 6, 37, 3
7, 8, 6, 37, 3
7, 8, 6, 37, 3
7, 8, 6, 37, 3
7, 8, 7, 36, 3
7, 8, 7, 36, 3
7, 8, 7, 36, 3
7, 8, 7, 36, 3
7, 8, 7, 37, 3
7, 8, 7, 37, 3
7, 8, 7, 37, 3
7, 8, 7, 37, 3
7, 8, 8, 36, 3
7, 8, 8, 36, 3
7, 8, 8, 36, 3
7, 8, 8, 36, 3
7, 8, 8, 37, 3
7, 8, 8, 37, 3
7, 8, 8, 37, 3
7, 8, 8, 37, 3
7, 8, 9, 36, 3
7, 8, 9, 36, 3
7, 8, 9, 36, 3
7, 8, 9, 36, 3
7, 8, 9, 37, 3
7, 8, 9, 37, 3
7, 8, 9, 37, 3
7, 8, 9, 37, 3
7, 8, 10, 36, 3
7, 8, 10, 36, 3
7, 8, 10, 36, 3
7, 8, 10, 36, 3
7, 8, 10, 37, 3
7, 8, 10, 37, 3
7, 8, 10, 37, 3
7, 8, 10, 37, 3
7, 8, 11, 36, 3
7, 8, 11, 36, 3
7, 8, 11, 36, 3
7, 8, 11, 36, 3
7, 8, 11, 37, 3
7, 8, 11, 37, 3
7, 8, 11, 37, 3
7, 8, 11, 37, 3
7, 8, 12, 36, 3
7, 8, 12, 36, 3
7, 8, 12, 36, 3
7, 8, 12, 36, 3
7, 8, 12, 37, 3
7, 8, 12, 37, 3
7, 8, 12, 37, 3
7, 8, 12, 37, 3
7, 8, 13, 36, 3
7, 8, 13, 36, 3
7, 8, 13, 36, 3
7, 8, 13, 36, 3
7, 8, 13, 37, 3
7, 8, 13, 37, 3
7, 8, 13, 37, 3
7, 8, 13, 37, 3
7, 8, 14, 36, 3
7, 8, 14, 36, 3
7, 8, 14, 36, 3
7, 8, 14, 36, 3
7, 8, 14, 37, 3
7, 8, 14, 37, 3
7, 8, 14, 37, 3
7, 8, 14, 37, 3
7, 8, 15, 36, 3
7, 8, 15, 36, 3
7, 8, 15, 36, 3
7, 8, 15, 36, 3
7, 8, 15, 37, 3
7, 8, 15, 37, 3
7, 8, 15, 37, 3
7, 8, 15, 37, 3
7, 8, 16, 36, 3
7, 8, 16, 36, 3
7, 8, 16, 36, 3
7, 8, 16, 36, 3
7, 8, 16, 37, 3
7, 8, 16, 37, 3
7, 8, 16, 37, 3
7, 8, 16, 37, 3
7, 8, 17, 36, 3
7, 8, 17, 36, 3
7, 8, 17, 36, 3
7, 8, 17, 36, 3
7, 8, 17, 37, 3
7, 8, 17, 37, 3
7, 8, 17, 37, 3
7, 8, 17, 37, 3
7, 8, 18, 36, 3
7, 8, 18, 36, 3
7, 8, 18, 36, 3
7, 8, 18, 36, 3
7, 8, 18, 37, 3
7, 8, 18, 37, 3
7, 8, 18, 37, 3
7, 8, 18, 37, 3
7, 8, 19, 36, 3
7, 8, 19, 36, 3
7, 8, 19, 36, 3
7, 8, 19, 36, 3
7, 8, 19, 37, 3
7, 8, 19, 37, 3
7, 8, 19, 37, 3
7, 8, 19, 37, 3
7, 8, 20, 36, 3
7, 8, 20, 36, 3
7, 8, 20, 36, 3
7, 8, 20, 36, 3
7, 8, 20, 37, 3
7, 8, 20, 37, 3
7, 8, 20, 37, 3
7, 8, 20, 37, 3
7, 8, 21, 36, 3
7, 8, 21, 36, 3
7, 8, 21, 36, 3
7, 8, 21, 36, 3
7, 8, 21, 37, 3
7, 8, 21, 37, 3
7, 8, 21, 37, 3
7, 8, 21, 37, 3
7, 8, 22, 36, 3
7, 8, 22, 36, 3
7, 8, 22, 36, 3
7, 8, 22, 36, 3
7, 8, 22, 37, 3
7, 8, 22, 37, 3
7, 8, 22, 37, 3
7, 8, 22, 37, 3
7, 8, 23, 36, 3
7, 8, 23, 36, 3
7, 8, 23, 36, 3
7, 8, 23, 36, 3
7, 8, 23, 37, 3
7, 8, 23, 37, 3
7, 8, 23, 37, 3
7, 8, 23, 37, 3
7, 8, 24, 36, 3
7, 8, 24, 36, 3
7, 8, 24, 36, 3
7, 8, 24, 36, 3
7, 8, 24, 37, 3
7, 8, 24, 37, 3
7, 8, 24, 37, 3
7, 8, 24, 37, 3
7, 8, 25, 36, 3
7, 8, 25, 36, 3
7, 8, 25, 36, 3
7, 8, 25, 36, 3
7, 8, 25, 37, 3
7, 8, 25, 37, 3
7, 8, 25, 37, 3
7, 8, 25, 37, 3
7, 8, 26, 36, 3
7, 8, 26, 36, 3
7, 8, 26, 36, 3
7, 8, 26, 36, 3
7, 8, 26, 37, 3
7, 8, 26, 37, 3
7, 8, 26, 37, 3
7, 8, 26, 37, 3
7, 8, 27, 36, 3
7, 8, 27, 36, 3
7, 8, 27, 36, 3
7, 8, 27, 36, 3
7, 8, 27, 37, 3
7, 8, 27, 37, 3
7, 8, 27, 37, 3
7, 8, 27, 37, 3
7, 8, 28, 36, 3
7, 8, 28, 36, 3
7, 8, 28, 36, 3
7, 8, 28, 36, 3
7, 8, 28, 37, 3
7, 8, 28, 37, 3
7, 8, 28, 37, 3
7, 8, 28, 37, 3
7, 8, 29, 36, 3
7, 8, 29, 36, 3
7, 8, 29, 36, 3
7, 8, 29, 36, 3
7, 8, 29, 37, 3
7, 8, 29, 37, 3
7, 8, 29, 37, 3
7, 8, 29, 37, 3
7, 8, 30, 36, 3
7, 8, 30, 36, 3
7, 8, 30, 36, 3
7, 8, 30, 36, 3
7, 8, 30, 37, 3
7, 8, 30, 37, 3
7, 8, 30, 37, 3
7, 8, 30, 37, 3
7, 8, 31, 36, 3
7, 8, 31, 36, 3
7, 8, 31, 36, 3
7, 8, 31, 36, 3
7, 8, 31, 37, 3
7, 8, 31, 37, 3
7, 8, 31, 37, 3
7, 8, 31, 37, 3
7, 8, 32, 36, 3
7, 8, 32, 36, 3
7, 8, 32, 36, 3
7, 8, 32, 36, 3
7, 8, 32, 37, 3
7, 8, 32, 37, 3
7, 8, 32, 37, 3
7, 8, 32, 37, 3
7, 8, 33, 36, 3
7, 8, 33, 36, 3
7, 8, 33, 36, 3
7, 8, 33, 36, 3
7, 8, 33, 37, 3
7, 8, 33, 37, 3
7, 8, 33, 37, 3
7, 8, 33, 37, 3
7, 8, 34, 36, 3
7, 8, 34, 36, 3
7, 8, 34, 36, 3
7, 8, 34, 36, 3
7, 8, 34, 37, 3
7, 8, 34, 37, 3
7, 8, 34, 37, 3
7, 8, 34, 37, 3
7, 8, 35, 36, 3
7, 8, 35, 36, 3
7, 8, 35, 36, 3
7, 8, 35, 36, 3
7, 8, 35, 37, 3
7, 8, 35, 37, 3
7, 8, 35, 37, 3
7, 8, 35, 37, 3
7, 144, 36, 0, 3
7, 144, 36, 0, 3
7, 144, 36, 0, 3
7, 144, 36, 0, 3
7, 144, 36, 1, 3
7, 144, 36, 1, 3
7, 144, 36, 1, 3
7, 144, 36, 1, 3
7, 144, 36, 2, 3
7, 144, 36, 2, 3
7, 144, 36, 2, 3
7, 144, 36, 2, 3
7, 144, 36, 3, 3
7, 144, 36, 3, 3
7, 144, 36, 3, 3
7, 144, 36, 3, 3
7, 144, 36, 4, 3
7, 144, 36, 4, 3
7, 144, 36, 4, 3
7, 144, 36, 4, 3
7, 144, 36, 5, 3
7, 144, 36, 5, 3
7, 144, 36, 5, 3
7, 144, 36, 5, 3
7, 144, 36, 6, 3
7, 144, 36, 6, 3
7, 144, 36, 6, 3
7, 144, 36, 6, 3
7, 144, 36, 7, 3
7, 144, 36, 7, 3
7, 144, 36, 7, 3
7, 144, 36, 7, 3
7, 144, 36, 8, 3
7, 144, 36, 8, 3
7, 144, 36, 8, 3
7, 144, 36, 8, 3
7, 144, 36, 9, 3
7, 144, 36, 9, 3
7, 144, 36, 9, 3
7, 144, 36, 9, 3
7, 144, 36, 10, 3
7, 144, 36, 10, 3
7, 144, 36, 10, 3
7, 144, 36, 10, 3
7, 144, 36, 11, 3
7, 144, 36, 11, 3
7, 144, 36, 11, 3
7, 144, 36, 11, 3
7, 144, 36, 12, 3
7, 144, 36, 12, 3
7, 144, 36, 12, 3
7, 144, 36, 12, 3
7, 144, 36, 13, 3
7, 144, 36, 13, 3
7, 144, 36, 13, 3
7, 144, 36, 13, 3
7, 144, 36, 14, 3
7, 144, 36, 14, 3
7, 144, 36, 14, 3
7, 144, 36, 14, 3
7, 144, 36, 15, 3
7, 144, 36, 15, 3
7, 144, 36, 15, 3
7, 144, 36, 15, 3
7, 144, 36, 16, 3
7, 144, 36, 16, 3
7, 144, 36, 16, 3
7, 144, 36, 16, 3
7, 144, 36, 17, 3
7, 144, 36, 17, 3
7, 144, 36, 17, 3
7, 144, 36, 17, 3
7, 144, 36, 18, 3
7, 144, 36, 18, 3
7, 144, 36, 18, 3
7, 144, 36, 18, 3
7, 144, 36, 19, 3
7, 144, 36, 19, 3
7, 144, 36, 19, 3
7, 144, 36, 19, 3
7, 144, 36, 20, 3
7, 144, 36, 20, 3
7, 144, 36, 20, 3
7, 144, 36, 20, 3
7, 144, 36, 21, 3
7, 144, 36, 21, 3
7, 144, 36, 21, 3
7, 144, 36, 21, 3
7, 144, 36, 22, 3
7, 144, 36, 22, 3
7, 144, 36, 22, 3
7, 144, 36, 22, 3
7, 144, 36, 23, 3
7, 144, 36, 23, 3
7, 144, 36, 23, 3
7, 144, 36, 23, 3
7, 144, 36, 24, 3
7, 144, 36, 24, 3
7, 144, 36, 24, 3
7, 144, 36, 24, 3
7, 144, 36, 25, 3
7, 144, 36, 25, 3
7, 144, 36, 25, 3
7, 144, 36, 25, 3
7, 144, 36, 26, 3
7, 144, 36, 26, 3
7, 144, 36, 26, 3
7, 144, 36, 26, 3
7, 144, 36, 27, 3
7, 144, 36, 27, 3
7, 144, 36, 27, 3
7, 144, 36, 27, 3
7, 144, 36, 28, 3
7, 144, 36, 28, 3
7, 144, 36, 28, 3
7, 144, 36, 28, 3
7, 144, 36, 29, 3
7, 144, 36, 29, 3
7, 144, 36, 29, 3
7, 144, 36, 29, 3
7, 144, 36, 30, 3
7, 144, 36, 30, 3
7, 144, 36, 30, 3
7, 144, 36, 30, 3
7, 144, 36, 31, 3
7, 144, 36, 31, 3
7, 144, 36, 31, 3
7, 144, 36, 31, 3
7, 144, 36, 32, 3
7, 144, 36, 32, 3
7, 144, 36, 32, 3
7, 144, 36, 32, 3
7, 144, 36, 33, 3
7, 144, 36, 33, 3
7, 144, 36, 33, 3
7, 144, 36, 33, 3
7, 144, 36, 34, 3
7, 144, 36, 34, 3
7, 144, 36, 34, 3
7, 144, 36, 34, 3
7, 144, 36, 35, 3
7, 144, 36, 35, 3
7, 144, 36, 35, 3
7, 144, 36, 35, 3
7, 144, 37, 0, 3
7, 144, 37, 0, 3
7, 144, 37, 0, 3
7, 144, 37, 0, 3
7, 144, 37, 1, 3
7, 144, 37, 1, 3
7, 144, 37, 1, 3
7, 144, 37, 1, 3
7, 144, 37, 2, 3
7, 144, 37, 2, 3
7, 144, 37, 2, 3
7, 144, 37, 2, 3
7, 144, 37, 3, 3
7, 144, 37, 3, 3
7, 144, 37, 3, 3
7, 144, 37, 3, 3
7, 144, 37, 4, 3
7, 144, 37, 4, 3
7, 144, 37, 4, 3
7, 144, 37, 4, 3
7, 144, 37, 5, 3
7, 144, 37, 5, 3
7, 144, 37, 5, 3
7, 144, 37, 5, 3
7, 144, 37, 6, 3
7, 144, 37, 6, 3
7, 144, 37, 6, 3
7, 144, 37, 6, 3
7, 144, 37, 7, 3
7, 144, 37, 7, 3
7, 144, 37, 7, 3
7, 144, 37, 7, 3
7, 144, 37, 8, 3
7, 144, 37, 8, 3
7, 144, 37, 8, 3
7, 144, 37, 8, 3
7, 144, 37, 9, 3
7, 144, 37, 9, 3
7, 144, 37, 9, 3
7, 144, 37, 9, 3
7, 144, 37, 10, 3
7, 144, 37, 10, 3
7, 144, 37, 10, 3
7, 144, 37, 10, 3
7, 144, 37, 11, 3
7, 144, 37, 11, 3
7, 144, 37, 11, 3
7, 144, 37, 11, 3
7, 144, 37, 12, 3
7, 144, 37, 12, 3
7, 144, 37, 12, 3
7, 144, 37, 12, 3
7, 144, 37, 13, 3
7, 144, 37, 13, 3
7, 144, 37, 13, 3
7, 144, 37, 13, 3
7, 144, 37, 14, 3
7, 144, 37, 14, 3
7, 144, 37, 14, 3
7, 144, 37, 14, 3
7, 144, 37, 15, 3
7, 144, 37, 15, 3
7, 144, 37, 15, 3
7, 144, 37, 15, 3
7, 144, 37, 16, 3
7, 144, 37, 16, 3
7, 144, 37, 16, 3
7, 144, 37, 16, 3
7, 144, 37, 17, 3
7, 144, 37, 17, 3
7, 144, 37, 17, 3
7, 144, 37, 17, 3
7, 144, 37, 18, 3
7, 144, 37, 18, 3
7, 144, 37, 18, 3
7, 144, 37, 18, 3
7, 144, 37, 19, 3
7, 144, 37, 19, 3
7, 144, 37, 19, 3
7, 144, 37, 19, 3
7, 144, 37, 20, 3
7, 144, 37, 20, 3
7, 144, 37, 20, 3
7, 144, 37, 20, 3
7, 144, 37, 21, 3
7, 144, 37, 21, 3
7, 144, 37, 21, 3
7, 144, 37, 21, 3
7, 144, 37, 22, 3
7, 144, 37, 22, 3
7, 144, 37, 22, 3
7, 144, 37, 22, 3
7, 144, 37, 23, 3
7, 144, 37, 23, 3
7, 144, 37, 23, 3
7, 144, 37, 23, 3
7, 144, 37, 24, 3
7, 144, 37, 24, 3
7, 144, 37, 24, 3
7, 144, 37, 24, 3
7, 144, 37, 25, 3
7, 144, 37, 25, 3
7, 144, 37, 25, 3
7, 144, 37, 25, 3
7, 144, 37, 26, 3
7, 144, 37, 26, 3
7, 144, 37, 26, 3
7, 144, 37, 26, 3
7, 144, 37, 27, 3
7, 144, 37, 27, 3
7, 144, 37, 27, 3
7, 144, 37, 27, 3
7, 144, 37, 28, 3
7, 144, 37, 28, 3
7, 144, 37, 28, 3
7, 144, 37, 28, 3
7, 144, 37, 29, 3
7, 144, 37, 29, 3
7, 144, 37, 29, 3
7, 144, 37, 29, 3
7, 144, 37, 30, 3
7, 144, 37, 30, 3
7, 144, 37, 30, 3
7, 144, 37, 30, 3
7, 144, 37, 31, 3
7, 144, 37, 31, 3
7, 144, 37, 31, 3
7, 144, 37, 31, 3
7, 144, 37, 32, 3
7, 144, 37, 32, 3
7, 144, 37, 32, 3
7, 144, 37, 32, 3
7, 144, 37, 33, 3
7, 144, 37, 33, 3
7, 144, 37, 33, 3
7, 144, 37, 33, 3
7, 144, 37, 34, 3
7, 144, 37, 34, 3
7, 144, 37, 34, 3
7, 144, 37, 34, 3
7, 144, 37, 35, 3
7, 144, 37, 35, 3
7, 144, 37, 35, 3
7, 144, 37, 35, 3
8, 8, 0, 36, 3
8, 8, 0, 36, 3
8, 8, 0, 36, 3
8, 8, 0, 36, 3
8, 8, 0, 37, 3
8, 8, 0, 37, 3
8, 8, 0, 37, 3
8, 8, 0, 37, 3
8, 8, 1, 36, 3
8, 8, 1, 36, 3
8, 8, 1, 36, 3
8, 8, 1, 36, 3
8, 8, 1, 37, 3
8, 8, 1, 37, 3
8, 8, 1, 37, 3
8, 8, 1, 37, 3
8, 8, 2, 36, 3
8, 8, 2, 36, 3
8, 8, 2, 36, 3
8, 8, 2, 36, 3
8, 8, 2, 37, 3
8, 8, 2, 37, 3
8, 8, 2, 37, 3
8, 8, 2, 37, 3
8, 8, 3, 36, 3
8, 8, 3, 36, 3
8, 8, 3, 36, 3
8, 8, 3, 36, 3
8, 8, 3, 37, 3
8, 8, 3, 37, 3
8, 8, 3, 37, 3
8, 8, 3, 37, 3
8, 8, 4, 36, 3
8, 8, 4, 36, 3
8, 8, 4, 36, 3
8, 8, 4, 36, 3
8, 8, 4, 37, 3
8, 8, 4, 37, 3
8, 8, 4, 37, 3
8, 8, 4, 37, 3
8, 8, 5, 36, 3
8, 8, 5, 36, 3
8, 8, 5, 36, 3
8, 8, 5, 36, 3
8, 8, 5, 37, 3
8, 8, 5, 37, 3
8, 8, 5, 37, 3
8, 8, 5, 37, 3
8, 8, 6, 36, 3
8, 8, 6, 36, 3
8, 8, 6, 36, 3
8, 8, 6, 36, 3
8, 8, 6, 37, 3
8, 8, 6, 37, 3
8, 8, 6, 37, 3
8, 8, 6, 37, 3
8, 8, 7, 36, 3
8, 8, 7, 36, 3
8, 8, 7, 36, 3
8, 8, 7, 36, 3
8, 8, 7, 37, 3
8, 8, 7, 37, 3
8, 8, 7, 37, 3
8, 8, 7, 37, 3
8, 8, 8, 36, 3
8, 8, 8, 36, 3
8, 8, 8, 36, 3
8, 8, 8, 36, 3
8, 8, 8, 37, 3
8, 8, 8, 37, 3
8, 8, 8, 37, 3
8, 8, 8, 37, 3
8, 8, 9, 36, 3
8, 8, 9, 36, 3
8, 8, 9, 36, 3
8, 8, 9, 36, 3
8, 8, 9, 37, 3
8, 8, 9, 37, 3
8, 8, 9, 37, 3
8, 8, 9, 37, 3
8, 8, 10, 36, 3
8, 8, 10, 36, 3
8, 8, 10, 36, 3
8, 8, 10, 36, 3
8, 8, 10, 37, 3
8, 8, 10, 37, 3
8, 8, 10, 37, 3
8, 8, 10, 37, 3
8, 8, 11, 36, 3
8, 8, 11, 36, 3
8, 8, 11, 36, 3
8, 8, 11, 36, 3
8, 8, 11, 37, 3
8, 8, 11, 37, 3
8, 8, 11, 37, 3
8, 8, 11, 37, 3
8, 8, 12, 36, 3
8, 8, 12, 36, 3
8, 8, 12, 36, 3
8, 8, 12, 36, 3
8, 8, 12, 37, 3
8, 8, 12, 37, 3
8, 8, 12, 37, 3
8, 8, 12, 37, 3
8, 8, 13, 36, 3
8, 8, 13, 36, 3
8, 8, 13, 36, 3
8, 8, 13, 36, 3
8, 8, 13, 37, 3
8, 8, 13, 37, 3
8, 8, 13, 37, 3
8, 8, 13, 37, 3
8, 8, 14, 36, 3
8, 8, 14, 36, 3
8, 8, 14, 36, 3
8, 8, 14, 36, 3
8, 8, 14, 37, 3
8, 8, 14, 37, 3
8, 8, 14, 37, 3
8, 8, 14, 37, 3
8, 8, 15, 36, 3
8, 8, 15, 36, 3
8, 8, 15, 36, 3
8, 8, 15, 36, 3
8, 8, 15, 37, 3
8, 8, 15, 37, 3
8, 8, 15, 37, 3
8, 8, 15, 37, 3
8, 8, 16, 36, 3
8, 8, 16, 36, 3
8, 8, 16, 36, 3
8, 8, 16, 36, 3
8, 8, 16, 37, 3
8, 8, 16, 37, 3
8, 8, 16, 37, 3
8, 8, 16, 37, 3
8, 8, 17, 36, 3
8, 8, 17, 36, 3
8, 8, 17, 36, 3
8, 8, 17, 36, 3
8, 8, 17, 37, 3
8, 8, 17, 37, 3
8, 8, 17, 37, 3
8, 8, 17, 37, 3
8, 8, 18, 36, 3
8, 8, 18, 36, 3
8, 8, 18, 36, 3
8, 8, 18, 36, 3
8, 8, 18, 37, 3
8, 8, 18, 37, 3
8, 8, 18, 37, 3
8, 8, 18, 37, 3
8, 8, 19, 36, 3
8, 8, 19, 36, 3
8, 8, 19, 36, 3
8, 8, 19, 36, 3
8, 8, 19, 37, 3
8, 8, 19, 37, 3
8, 8, 19, 37, 3
8, 8, 19, 37, 3
8, 8, 20, 36, 3
8, 8, 20, 36, 3
8, 8, 20, 36, 3
8, 8, 20, 36, 3
8, 8, 20, 37, 3
8, 8, 20, 37, 3
8, 8, 20, 37, 3
8, 8, 20, 37, 3
8, 8, 21, 36, 3
8, 8, 21, 36, 3
8, 8, 21, 36, 3
8, 8, 21, 36, 3
8, 8, 21, 37, 3
8, 8, 21, 37, 3
8, 8, 21, 37, 3
8, 8, 21, 37, 3
8, 8, 22, 36, 3
8, 8, 22, 36, 3
8, 8, 22, 36, 3
8, 8, 22, 36, 3
8, 8, 22, 37, 3
8, 8, 22, 37, 3
8, 8, 22, 37, 3
8, 8, 22, 37, 3
8, 8, 23, 36, 3
8, 8, 23, 36, 3
8, 8, 23, 36, 3
8, 8, 23, 36, 3
8, 8, 23, 37, 3
8, 8, 23, 37, 3
8, 8, 23, 37, 3
8, 8, 23, 37, 3
8, 8, 24, 36, 3
8, 8, 24, 36, 3
8, 8, 24, 36, 3
8, 8, 24, 36, 3
8, 8, 24, 37, 3
8, 8, 24, 37, 3
8, 8, 24, 37, 3
8, 8, 24, 37, 3
8, 8, 25, 36, 3
8, 8, 25, 36, 3
8, 8, 25, 36, 3
8, 8, 25, 36, 3
8, 8, 25, 37, 3
8, 8, 25, 37, 3
8, 8, 25, 37, 3
8, 8, 25, 37, 3
8, 8, 26, 36, 3
8, 8, 26, 36, 3
8, 8, 26, 36, 3
8, 8, 26, 36, 3
8, 8, 26, 37, 3
8, 8, 26, 37, 3
8, 8, 26, 37, 3
8, 8, 26, 37, 3
8, 8, 27, 36, 3
8, 8, 27, 36, 3
8, 8, 27, 36, 3
8, 8, 27, 36, 3
8, 8, 27, 37, 3
8, 8, 27, 37, 3
8, 8, 27, 37, 3
8, 8, 27, 37, 3
8, 8, 28, 36, 3
8, 8, 28, 36, 3
8, 8, 28, 36, 3
8, 8, 28, 36, 3
8, 8, 28, 37, 3
8, 8, 28, 37, 3
8, 8, 28, 37, 3
8, 8, 28, 37, 3
8, 8, 29, 36, 3
8, 8, 29, 36, 3
8, 8, 29, 36, 3
8, 8, 29, 36, 3
8, 8, 29, 37, 3
8, 8, 29, 37, 3
8, 8, 29, 37, 3
8, 8, 29, 37, 3
8, 8, 30, 36, 3
8, 8, 30, 36, 3
8, 8, 30, 36, 3
8, 8, 30, 36, 3
8, 8, 30, 37, 3
8, 8, 30, 37, 3
8, 8, 30, 37, 3
8, 8, 30, 37, 3
8, 8, 31, 36, 3
8, 8, 31, 36, 3
8, 8, 31, 36, 3
8, 8, 31, 36, 3
8, 8, 31, 37, 3
8, 8, 31, 37, 3
8, 8, 31, 37, 3
8, 8, 31, 37, 3
8, 8, 32, 36, 3
8, 8, 32, 36, 3
8, 8, 32, 36, 3
8, 8, 32, 36, 3
8, 8, 32, 37, 3
8, 8, 32, 37, 3
8, 8, 32, 37, 3
8, 8, 32, 37, 3
8, 8, 33, 36, 3
8, 8, 33, 36, 3
8, 8, 33, 36, 3
8, 8, 33, 36, 3
8, 8, 33, 37, 3
8, 8, 33, 37, 3
8, 8, 33, 37, 3
8, 8, 33, 37, 3
8, 8, 34, 36, 3
8, 8, 34, 36, 3
8, 8, 34, 36, 3
8, 8, 34, 36, 3
8, 8, 34, 37, 3
8, 8, 34, 37, 3
8, 8, 34, 37, 3
8, 8, 34, 37, 3
8, 8, 35, 36, 3
8, 8, 35, 36, 3
8, 8, 35, 36, 3
8, 8, 35, 36, 3
8, 8, 35, 37, 3
8, 8, 35, 37, 3
8, 8, 35, 37, 3
8, 8, 35, 37, 3
8, 144, 36, 0, 3
8, 144, 36, 0, 3
8, 144, 36, 0, 3
8, 144, 36, 0, 3
8, 144, 36, 1, 3
8, 144, 36, 1, 3
8, 144, 36, 1, 3
8, 144, 36, 1, 3
8, 144, 36, 2, 3
8, 144, 36, 2, 3
8, 144, 36, 2, 3
8, 144, 36, 2, 3
8, 144, 36, 3, 3
8, 144, 36, 3, 3
8, 144, 36, 3, 3
8, 144, 36, 3, 3
8, 144, 36, 4, 3
8, 144, 36, 4, 3
8, 144, 36, 4, 3
8, 144, 36, 4, 3
8, 144, 36, 5, 3
8, 144, 36, 5, 3
8, 144, 36, 5, 3
8, 144, 36, 5, 3
8, 144, 36, 6, 3
8, 144, 36, 6, 3
8, 144, 36, 6, 3
8, 144, 36, 6, 3
8, 144, 36, 7, 3
8, 144, 36, 7, 3
8, 144, 36, 7, 3
8, 144, 36, 7, 3
8, 144, 36, 8, 3
8, 144, 36, 8, 3
8, 144, 36, 8, 3
8, 144, 36, 8, 3
8, 144, 36, 9, 3
8, 144, 36, 9, 3
8, 144, 36, 9, 3
8, 144, 36, 9, 3
8, 144, 36, 10, 3
8, 144, 36, 10, 3
8, 144, 36, 10, 3
8, 144, 36, 10, 3
8, 144, 36, 11, 3
8, 144, 36, 11, 3
8, 144, 36, 11, 3
8, 144, 36, 11, 3
8, 144, 36, 12, 3
8, 144, 36, 12, 3
8, 144, 36, 12, 3
8, 144, 36, 12, 3
8, 144, 36, 13, 3
8, 144, 36, 13, 3
8, 144, 36, 13, 3
8, 144, 36, 13, 3
8, 144, 36, 14, 3
8, 144, 36, 14, 3
8, 144, 36, 14, 3
8, 144, 36, 14, 3
8, 144, 36, 15, 3
8, 144, 36, 15, 3
8, 144, 36, 15, 3
8, 144, 36, 15, 3
8, 144, 36, 16, 3
8, 144, 36, 16, 3
8, 144, 36, 16, 3
8, 144, 36, 16, 3
8, 144, 36, 17, 3
8, 144, 36, 17, 3
8, 144, 36, 17, 3
8, 144, 36, 17, 3
8, 144, 36, 18, 3
8, 144, 36, 18, 3
8, 144, 36, 18, 3
8, 144, 36, 18, 3
8, 144, 36, 19, 3
8, 144, 36, 19, 3
8, 144, 36, 19, 3
8, 144, 36, 19, 3
8, 144, 36, 20, 3
8, 144, 36, 20, 3
8, 144, 36, 20, 3
8, 144, 36, 20, 3
8, 144, 36, 21, 3
8, 144, 36, 21, 3
8, 144, 36, 21, 3
8, 144, 36, 21, 3
8, 144, 36, 22, 3
8, 144, 36, 22, 3
8, 144, 36, 22, 3
8, 144, 36, 22, 3
8, 144, 36, 23, 3
8, 144, 36, 23, 3
8, 144, 36, 23, 3
8, 144, 36, 23, 3
8, 144, 36, 24, 3
8, 144, 36, 24, 3
8, 144, 36, 24, 3
8, 144, 36, 24, 3
8, 144, 36, 25, 3
8, 144, 36, 25, 3
8, 144, 36, 25, 3
8, 144, 36, 25, 3
8, 144, 36, 26, 3
8, 144, 36, 26, 3
8, 144, 36, 26, 3
8, 144, 36, 26, 3
8, 144, 36, 27, 3
8, 144, 36, 27, 3
8, 144, 36, 27, 3
8, 144, 36, 27, 3
8, 144, 36, 28, 3
8, 144, 36, 28, 3
8, 144, 36, 28, 3
8, 144, 36, 28, 3
8, 144, 36, 29, 3
8, 144, 36, 29, 3
8, 144, 36, 29, 3
8, 144, 36, 29, 3
8, 144, 36, 30, 3
8, 144, 36, 30, 3
8, 144, 36, 30, 3
8, 144, 36, 30, 3
8, 144, 36, 31, 3
8, 144, 36, 31, 3
8, 144, 36, 31, 3
8, 144, 36, 31, 3
8, 144, 36, 32, 3
8, 144, 36, 32, 3
8, 144, 36, 32, 3
8, 144, 36, 32, 3
8, 144, 36, 33, 3
8, 144, 36, 33, 3
8, 144, 36, 33, 3
8, 144, 36, 33, 3
8, 144, 36, 34, 3
8, 144, 36, 34, 3
8, 144, 36, 34, 3
8, 144, 36, 34, 3
8, 144, 36, 35, 3
8, 144, 36, 35, 3
8, 144, 36, 35, 3
8, 144, 36, 35, 3
8, 144, 37, 0, 3
8, 144, 37, 0, 3
8, 144, 37, 0, 3
8, 144, 37, 0, 3
8, 144, 37, 1, 3
8, 144, 37, 1, 3
8, 144, 37, 1, 3
8, 144, 37, 1, 3
8, 144, 37, 2, 3
8, 144, 37, 2, 3
8, 144, 37, 2, 3
8, 144, 37, 2, 3
8, 144, 37, 3, 3
8, 144, 37, 3, 3
8, 144, 37, 3, 3
8, 144, 37, 3, 3
8, 144, 37, 4, 3
8, 144, 37, 4, 3
8, 144, 37, 4, 3
8, 144, 37, 4, 3
8, 144, 37, 5, 3
8, 144, 37, 5, 3
8, 144, 37, 5, 3
8, 144, 37, 5, 3
8, 144, 37, 6, 3
8, 144, 37, 6, 3
8, 144, 37, 6, 3
8, 144, 37, 6, 3
8, 144, 37, 7, 3
8, 144, 37, 7, 3
8, 144, 37, 7, 3
8, 144, 37, 7, 3
8, 144, 37, 8, 3
8, 144, 37, 8, 3
8, 144, 37, 8, 3
8, 144, 37, 8, 3
8, 144, 37, 9, 3
8, 144, 37, 9, 3
8, 144, 37, 9, 3
8, 144, 37, 9, 3
8, 144, 37, 10, 3
8, 144, 37, 10, 3
8, 144, 37, 10, 3
8, 144, 37, 10, 3
8, 144, 37, 11, 3
8, 144, 37, 11, 3
8, 144, 37, 11, 3
8, 144, 37, 11, 3
8, 144, 37, 12, 3
8, 144, 37, 12, 3
8, 144, 37, 12, 3
8, 144, 37, 12, 3
8, 144, 37, 13, 3
8, 144, 37, 13, 3
8, 144, 37, 13, 3
8, 144, 37, 13, 3
8, 144, 37, 14, 3
8, 144, 37, 14, 3
8, 144, 37, 14, 3
8, 144, 37, 14, 3
8, 144, 37, 15, 3
8, 144, 37, 15, 3
8, 144, 37, 15, 3
8, 144, 37, 15, 3
8, 144, 37, 16, 3
8, 144, 37, 16, 3
8, 144, 37, 16, 3
8, 144, 37, 16, 3
8, 144, 37, 17, 3
8, 144, 37, 17, 3
8, 144, 37, 17, 3
8, 144, 37, 17, 3
8, 144, 37, 18, 3
8, 144, 37, 18, 3
8, 144, 37, 18, 3
8, 144, 37, 18, 3
8, 144, 37, 19, 3
8, 144, 37, 19, 3
8, 144, 37, 19, 3
8, 144, 37, 19, 3
8, 144, 37, 20, 3
8, 144, 37, 20, 3
8, 144, 37, 20, 3
8, 144, 37, 20, 3
8, 144, 37, 21, 3
8, 144, 37, 21, 3
8, 144, 37, 21, 3
8, 144, 37, 21, 3
8, 144, 37, 22, 3
8, 144, 37, 22, 3
8, 144, 37, 22, 3
8, 144, 37, 22, 3
8, 144, 37, 23, 3
8, 144, 37, 23, 3
8, 144, 37, 23, 3
8, 144, 37, 23, 3
8, 144, 37, 24, 3
8, 144, 37, 24, 3
8, 144, 37, 24, 3
8, 144, 37, 24, 3
8, 144, 37, 25, 3
8, 144, 37, 25, 3
8, 144, 37, 25, 3
8, 144, 37, 25, 3
8, 144, 37, 26, 3
8, 144, 37, 26, 3
8, 144, 37, 26, 3
8, 144, 37, 26, 3
8, 144, 37, 27, 3
8, 144, 37, 27, 3
8, 144, 37, 27, 3
8, 144, 37, 27, 3
8, 144, 37, 28, 3
8, 144, 37, 28, 3
8, 144, 37, 28, 3
8, 144, 37, 28, 3
8, 144, 37, 29, 3
8, 144, 37, 29, 3
8, 144, 37, 29, 3
8, 144, 37, 29, 3
8, 144, 37, 30, 3
8, 144, 37, 30, 3
8, 144, 37, 30, 3
8, 144, 37, 30, 3
8, 144, 37, 31, 3
8, 144, 37, 31, 3
8, 144, 37, 31, 3
8, 144, 37, 31, 3
8, 144, 37, 32, 3
8, 144, 37, 32, 3
8, 144, 37, 32, 3
8, 144, 37, 32, 3
8, 144, 37, 33, 3
8, 144, 37, 33, 3
8, 144, 37, 33, 3
8, 144, 37, 33, 3
8, 144, 37, 34, 3
8, 144, 37, 34, 3
8, 144, 37, 34, 3
8, 144, 37, 34, 3
8, 144, 37, 35, 3
8, 144, 37, 35, 3
8, 144, 37, 35, 3
8, 144, 37, 35, 3
Goal
4
5
6
7
8
