CG
34
0, 17, 28, 540
0, 17, 22, 162
0, 17, 12, 90
0, 17, 29, 540
0, 17, 1, 54
0, 17, 26, 570
0, 17, 24, 342
0, 17, 6, 54
0, 17, 17, 396
0, 17, 8, 342
0, 17, 7, 54
0, 17, 19, 396
0, 17, -1, 108
0, 17, 33, 684
0, 17, 14, 396
0, 17, 18, 396
0, 17, 15, 792
0, 17, 16, 792
1, 17, 28, 540
1, 17, 0, 54
1, 17, 12, 570
1, 17, 29, 540
1, 17, 2, 162
1, 17, 26, 90
1, 17, 24, 54
1, 17, 6, 342
1, 17, 17, 396
1, 17, 8, 54
1, 17, 7, 342
1, 17, 19, 396
1, 17, -1, 684
1, 17, 33, 108
1, 17, 14, 396
1, 17, 18, 396
1, 17, 15, 792
1, 17, 16, 792
2, 17, 28, 540
2, 17, 22, 54
2, 17, 12, 570
2, 17, 29, 540
2, 17, 1, 162
2, 17, 26, 90
2, 17, 24, 54
2, 17, 6, 342
2, 17, 17, 396
2, 17, 8, 54
2, 17, 7, 342
2, 17, 19, 396
2, 17, -1, 684
2, 17, 33, 108
2, 17, 14, 396
2, 17, 18, 396
2, 17, 15, 792
2, 17, 16, 792
3, 18, 30, 924
3, 18, 23, 312
3, 18, 13, 180
3, 18, 31, 840
3, 18, 4, 108
3, 18, 5, 24
3, 18, 27, 820
3, 18, 11, 492
3, 18, 9, 108
3, 18, 17, 600
3, 18, 25, 492
3, 18, 10, 108
3, 18, 19, 600
3, 18, -1, 216
3, 18, 32, 984
3, 18, 14, 600
3, 18, 18, 600
3, 18, 20, 1200
3, 18, 21, 1200
4, 18, 30, 840
4, 18, 3, 108
4, 18, 23, 24
4, 18, 13, 820
4, 18, 31, 924
4, 18, 5, 312
4, 18, 27, 180
4, 18, 11, 108
4, 18, 9, 492
4, 18, 17, 600
4, 18, 25, 108
4, 18, 10, 492
4, 18, 19, 600
4, 18, -1, 984
4, 18, 32, 216
4, 18, 14, 600
4, 18, 18, 600
4, 18, 20, 1200
4, 18, 21, 1200
5, 18, 30, 840
5, 18, 3, 24
5, 18, 23, 108
5, 18, 13, 820
5, 18, 31, 924
5, 18, 4, 312
5, 18, 27, 180
5, 18, 11, 108
5, 18, 9, 492
5, 18, 17, 600
5, 18, 25, 108
5, 18, 10, 492
5, 18, 19, 600
5, 18, -1, 984
5, 18, 32, 216
5, 18, 14, 600
5, 18, 18, 600
5, 18, 20, 1200
5, 18, 21, 1200
6, 12, 28, 72
6, 12, 29, 48
6, 12, 26, 60
6, 12, 24, 36
6, 12, 17, 36
6, 12, 8, 36
6, 12, 19, 36
6, 12, 33, 72
6, 12, 14, 36
6, 12, 18, 36
6, 12, 15, 72
6, 12, 16, 72
7, 12, 28, 72
7, 12, 29, 48
7, 12, 26, 60
7, 12, 24, 36
7, 12, 17, 36
7, 12, 8, 36
7, 12, 19, 36
7, 12, 33, 72
7, 12, 14, 36
7, 12, 18, 36
7, 12, 15, 72
7, 12, 16, 72
8, 11, 28, 48
8, 11, 12, 60
8, 11, 29, 72
8, 11, 6, 36
8, 11, 17, 36
8, 11, 7, 36
8, 11, 19, 36
8, 11, -1, 72
8, 11, 14, 36
8, 11, 18, 36
8, 11, 15, 72
8, 11, 16, 72
9, 14, 30, 264
9, 14, 3, 48
9, 14, 23, 48
9, 14, 31, 192
9, 14, 27, 220
9, 14, 11, 132
9, 14, 17, 132
9, 14, 25, 132
9, 14, 19, 132
9, 14, 32, 264
9, 14, 14, 132
9, 14, 18, 132
9, 14, 20, 264
9, 14, 21, 264
10, 14, 30, 264
10, 14, 3, 48
10, 14, 23, 48
10, 14, 31, 192
10, 14, 27, 220
10, 14, 11, 132
10, 14, 17, 132
10, 14, 25, 132
10, 14, 19, 132
10, 14, 32, 264
10, 14, 14, 132
10, 14, 18, 132
10, 14, 20, 264
10, 14, 21, 264
11, 13, 30, 192
11, 13, 13, 220
11, 13, 31, 264
11, 13, 4, 48
11, 13, 5, 48
11, 13, 9, 132
11, 13, 17, 132
11, 13, 10, 132
11, 13, 19, 132
11, 13, -1, 264
11, 13, 14, 132
11, 13, 18, 132
11, 13, 20, 264
11, 13, 21, 264
12, 33, 28, 284
12, 33, 22, 63
12, 33, 0, 63
12, 33, 29, 284
12, 33, 2, 63
12, 33, 1, 63
12, 33, 26, 240
12, 33, 30, 428
12, 33, 3, 72
12, 33, 23, 72
12, 33, 13, 308
12, 33, 31, 428
12, 33, 4, 72
12, 33, 5, 72
12, 33, 27, 308
12, 33, 24, 120
12, 33, 6, 120
12, 33, 11, 154
12, 33, 9, 154
12, 33, 17, 548
12, 33, 8, 120
12, 33, 7, 120
12, 33, 25, 154
12, 33, 10, 154
12, 33, 19, 548
12, 33, -1, 240
12, 33, 33, 240
12, 33, -1, 308
12, 33, 32, 308
12, 33, 14, 548
12, 33, 18, 548
12, 33, 15, 480
12, 33, 16, 480
12, 33, 20, 616
12, 33, 21, 616
13, 33, 28, 284
13, 33, 22, 63
13, 33, 0, 63
13, 33, 12, 240
13, 33, 29, 284
13, 33, 2, 63
13, 33, 1, 63
13, 33, 26, 240
13, 33, 30, 428
13, 33, 3, 72
13, 33, 23, 72
13, 33, 31, 428
13, 33, 4, 72
13, 33, 5, 72
13, 33, 27, 308
13, 33, 24, 120
13, 33, 6, 120
13, 33, 11, 154
13, 33, 9, 154
13, 33, 17, 548
13, 33, 8, 120
13, 33, 7, 120
13, 33, 25, 154
13, 33, 10, 154
13, 33, 19, 548
13, 33, -1, 240
13, 33, 33, 240
13, 33, -1, 308
13, 33, 32, 308
13, 33, 14, 548
13, 33, 18, 548
13, 33, 15, 480
13, 33, 16, 480
13, 33, 20, 616
13, 33, 21, 616
14, 23, 28, 852
14, 23, 22, 378
14, 23, 12, 600
14, 23, 29, 852
14, 23, 2, 378
14, 23, 26, 600
14, 23, 30, 1284
14, 23, 3, 432
14, 23, 13, 770
14, 23, 31, 1284
14, 23, 4, 432
14, 23, 27, 770
14, 23, 24, 720
14, 23, 6, 720
14, 23, 11, 924
14, 23, 9, 924
14, 23, 17, 3288
14, 23, -1, 720
14, 23, 33, 720
14, 23, -1, 924
14, 23, 32, 924
14, 23, 15, 1440
14, 23, 16, 1440
14, 23, 20, 1848
14, 23, 21, 1848
15, 12, 28, 1032
15, 12, 12, 1200
15, 12, 29, 672
15, 12, 2, 378
15, 12, 1, 378
15, 12, 6, 720
15, 12, 17, 720
15, 12, 7, 720
15, 12, 19, 720
15, 12, -1, 1440
15, 12, 14, 720
15, 12, 18, 720
15, 12, 16, 1440
16, 13, 28, 672
16, 13, 22, 378
16, 13, 0, 378
16, 13, 29, 1032
16, 13, 26, 1200
16, 13, 24, 720
16, 13, 17, 720
16, 13, 8, 720
16, 13, 19, 720
16, 13, 33, 1440
16, 13, 14, 720
16, 13, 18, 720
16, 13, 15, 1440
17, 33, 28, 284
17, 33, 22, 63
17, 33, 0, 63
17, 33, 12, 240
17, 33, 29, 284
17, 33, 2, 63
17, 33, 1, 63
17, 33, 26, 240
17, 33, 30, 428
17, 33, 3, 72
17, 33, 23, 72
17, 33, 13, 308
17, 33, 31, 428
17, 33, 4, 72
17, 33, 5, 72
17, 33, 27, 308
17, 33, 24, 120
17, 33, 6, 120
17, 33, 11, 154
17, 33, 9, 154
17, 33, 8, 120
17, 33, 7, 120
17, 33, 25, 154
17, 33, 10, 154
17, 33, 19, 548
17, 33, -1, 240
17, 33, 33, 240
17, 33, -1, 308
17, 33, 32, 308
17, 33, 14, 548
17, 33, 18, 548
17, 33, 15, 480
17, 33, 16, 480
17, 33, 20, 616
17, 33, 21, 616
18, 23, 28, 852
18, 23, 0, 378
18, 23, 12, 600
18, 23, 29, 852
18, 23, 1, 378
18, 23, 26, 600
18, 23, 30, 1284
18, 23, 23, 432
18, 23, 13, 770
18, 23, 31, 1284
18, 23, 5, 432
18, 23, 27, 770
18, 23, 8, 720
18, 23, 7, 720
18, 23, 25, 924
18, 23, 10, 924
18, 23, 19, 3288
18, 23, -1, 720
18, 23, 33, 720
18, 23, -1, 924
18, 23, 32, 924
18, 23, 15, 1440
18, 23, 16, 1440
18, 23, 20, 1848
18, 23, 21, 1848
19, 33, 28, 284
19, 33, 22, 63
19, 33, 0, 63
19, 33, 12, 240
19, 33, 29, 284
19, 33, 2, 63
19, 33, 1, 63
19, 33, 26, 240
19, 33, 30, 428
19, 33, 3, 72
19, 33, 23, 72
19, 33, 13, 308
19, 33, 31, 428
19, 33, 4, 72
19, 33, 5, 72
19, 33, 27, 308
19, 33, 24, 120
19, 33, 6, 120
19, 33, 11, 154
19, 33, 9, 154
19, 33, 17, 548
19, 33, 8, 120
19, 33, 7, 120
19, 33, 25, 154
19, 33, 10, 154
19, 33, -1, 240
19, 33, 33, 240
19, 33, -1, 308
19, 33, 32, 308
19, 33, 14, 548
19, 33, 18, 548
19, 33, 15, 480
19, 33, 16, 480
19, 33, 20, 616
19, 33, 21, 616
20, 12, 30, 1392
20, 12, 13, 1540
20, 12, 31, 1176
20, 12, 4, 432
20, 12, 5, 432
20, 12, 9, 924
20, 12, 17, 924
20, 12, 10, 924
20, 12, 19, 924
20, 12, -1, 1848
20, 12, 14, 924
20, 12, 18, 924
20, 12, 21, 1848
21, 13, 30, 1176
21, 13, 3, 432
21, 13, 23, 432
21, 13, 31, 1392
21, 13, 27, 1540
21, 13, 11, 924
21, 13, 17, 924
21, 13, 25, 924
21, 13, 19, 924
21, 13, 32, 1848
21, 13, 14, 924
21, 13, 18, 924
21, 13, 20, 1848
22, 17, 28, 540
22, 17, 0, 162
22, 17, 12, 90
22, 17, 29, 540
22, 17, 2, 54
22, 17, 26, 570
22, 17, 24, 342
22, 17, 6, 54
22, 17, 17, 396
22, 17, 8, 342
22, 17, 7, 54
22, 17, 19, 396
22, 17, -1, 108
22, 17, 33, 684
22, 17, 14, 396
22, 17, 18, 396
22, 17, 15, 792
22, 17, 16, 792
23, 18, 30, 924
23, 18, 3, 312
23, 18, 13, 180
23, 18, 31, 840
23, 18, 4, 24
23, 18, 5, 108
23, 18, 27, 820
23, 18, 11, 492
23, 18, 9, 108
23, 18, 17, 600
23, 18, 25, 492
23, 18, 10, 108
23, 18, 19, 600
23, 18, -1, 216
23, 18, 32, 984
23, 18, 14, 600
23, 18, 18, 600
23, 18, 20, 1200
23, 18, 21, 1200
24, 11, 28, 48
24, 11, 12, 60
24, 11, 29, 72
24, 11, 6, 36
24, 11, 17, 36
24, 11, 7, 36
24, 11, 19, 36
24, 11, -1, 72
24, 11, 14, 36
24, 11, 18, 36
24, 11, 15, 72
24, 11, 16, 72
25, 13, 30, 192
25, 13, 13, 220
25, 13, 31, 264
25, 13, 4, 48
25, 13, 5, 48
25, 13, 9, 132
25, 13, 17, 132
25, 13, 10, 132
25, 13, 19, 132
25, 13, -1, 264
25, 13, 14, 132
25, 13, 18, 132
25, 13, 20, 264
25, 13, 21, 264
26, 33, 28, 284
26, 33, 22, 63
26, 33, 0, 63
26, 33, 12, 240
26, 33, 29, 284
26, 33, 2, 63
26, 33, 1, 63
26, 33, 30, 428
26, 33, 3, 72
26, 33, 23, 72
26, 33, 13, 308
26, 33, 31, 428
26, 33, 4, 72
26, 33, 5, 72
26, 33, 27, 308
26, 33, 24, 120
26, 33, 6, 120
26, 33, 11, 154
26, 33, 9, 154
26, 33, 17, 548
26, 33, 8, 120
26, 33, 7, 120
26, 33, 25, 154
26, 33, 10, 154
26, 33, 19, 548
26, 33, -1, 240
26, 33, 33, 240
26, 33, -1, 308
26, 33, 32, 308
26, 33, 14, 548
26, 33, 18, 548
26, 33, 15, 480
26, 33, 16, 480
26, 33, 20, 616
26, 33, 21, 616
27, 33, 28, 284
27, 33, 22, 63
27, 33, 0, 63
27, 33, 12, 240
27, 33, 29, 284
27, 33, 2, 63
27, 33, 1, 63
27, 33, 26, 240
27, 33, 30, 428
27, 33, 3, 72
27, 33, 23, 72
27, 33, 13, 308
27, 33, 31, 428
27, 33, 4, 72
27, 33, 5, 72
27, 33, 24, 120
27, 33, 6, 120
27, 33, 11, 154
27, 33, 9, 154
27, 33, 17, 548
27, 33, 8, 120
27, 33, 7, 120
27, 33, 25, 154
27, 33, 10, 154
27, 33, 19, 548
27, 33, -1, 240
27, 33, 33, 240
27, 33, -1, 308
27, 33, 32, 308
27, 33, 14, 548
27, 33, 18, 548
27, 33, 15, 480
27, 33, 16, 480
27, 33, 20, 616
27, 33, 21, 616
28, 18, 22, 258
28, 18, 0, 258
28, 18, 12, 340
28, 18, 29, 840
28, 18, 2, 108
28, 18, 1, 108
28, 18, 26, 640
28, 18, 24, 384
28, 18, 6, 204
28, 18, 17, 588
28, 18, 8, 384
28, 18, 7, 204
28, 18, 19, 588
28, 18, -1, 408
28, 18, 33, 768
28, 18, 14, 588
28, 18, 18, 588
28, 18, 15, 1176
28, 18, 16, 1176
29, 18, 28, 840
29, 18, 22, 108
29, 18, 0, 108
29, 18, 12, 640
29, 18, 2, 258
29, 18, 1, 258
29, 18, 26, 340
29, 18, 24, 204
29, 18, 6, 384
29, 18, 17, 588
29, 18, 8, 204
29, 18, 7, 384
29, 18, 19, 588
29, 18, -1, 768
29, 18, 33, 408
29, 18, 14, 588
29, 18, 18, 588
29, 18, 15, 1176
29, 18, 16, 1176
30, 18, 3, 198
30, 18, 23, 198
30, 18, 13, 380
30, 18, 31, 864
30, 18, 4, 96
30, 18, 5, 96
30, 18, 27, 560
30, 18, 11, 336
30, 18, 9, 228
30, 18, 17, 564
30, 18, 25, 336
30, 18, 10, 228
30, 18, 19, 564
30, 18, -1, 456
30, 18, 32, 672
30, 18, 14, 564
30, 18, 18, 564
30, 18, 20, 1128
30, 18, 21, 1128
31, 18, 30, 864
31, 18, 3, 96
31, 18, 23, 96
31, 18, 13, 560
31, 18, 4, 198
31, 18, 5, 198
31, 18, 27, 380
31, 18, 11, 228
31, 18, 9, 336
31, 18, 17, 564
31, 18, 25, 228
31, 18, 10, 336
31, 18, 19, 564
31, 18, -1, 672
31, 18, 32, 456
31, 18, 14, 564
31, 18, 18, 564
31, 18, 20, 1128
31, 18, 21, 1128
DTG
0, 6, 1, 0, 4
0, 6, 1, 0, 4
0, 6, 1, 0, 4
0, 6, 1, 0, 4
0, 6, 1, 0, 4
0, 6, 1, 0, 4
1, 6, 1, 0, 4
1, 6, 1, 0, 4
1, 6, 1, 0, 4
1, 6, 1, 0, 4
1, 6, 1, 0, 4
1, 6, 1, 0, 4
2, 6, 1, 0, 4
2, 6, 1, 0, 4
2, 6, 1, 0, 4
2, 6, 1, 0, 4
2, 6, 1, 0, 4
2, 6, 1, 0, 4
3, 6, 1, 0, 4
3, 6, 1, 0, 4
3, 6, 1, 0, 4
3, 6, 1, 0, 4
3, 6, 1, 0, 4
3, 6, 1, 0, 4
4, 6, 1, 0, 4
4, 6, 1, 0, 4
4, 6, 1, 0, 4
4, 6, 1, 0, 4
4, 6, 1, 0, 4
4, 6, 1, 0, 4
5, 6, 1, 0, 4
5, 6, 1, 0, 4
5, 6, 1, 0, 4
5, 6, 1, 0, 4
5, 6, 1, 0, 4
5, 6, 1, 0, 4
6, 6, 1, 0, 4
6, 6, 1, 0, 4
6, 6, 1, 0, 4
6, 6, 1, 0, 4
6, 6, 1, 0, 4
6, 6, 1, 0, 4
7, 6, 1, 0, 4
7, 6, 1, 0, 4
7, 6, 1, 0, 4
7, 6, 1, 0, 4
7, 6, 1, 0, 4
7, 6, 1, 0, 4
8, 6, 1, 0, 4
8, 6, 1, 0, 4
8, 6, 1, 0, 4
8, 6, 1, 0, 4
8, 6, 1, 0, 4
8, 6, 1, 0, 4
9, 6, 1, 0, 4
9, 6, 1, 0, 4
9, 6, 1, 0, 4
9, 6, 1, 0, 4
9, 6, 1, 0, 4
9, 6, 1, 0, 4
10, 6, 1, 0, 4
10, 6, 1, 0, 4
10, 6, 1, 0, 4
10, 6, 1, 0, 4
10, 6, 1, 0, 4
10, 6, 1, 0, 4
11, 6, 1, 0, 4
11, 6, 1, 0, 4
11, 6, 1, 0, 4
11, 6, 1, 0, 4
11, 6, 1, 0, 4
11, 6, 1, 0, 4
12, 10, 1, 0, 4
12, 10, 1, 0, 4
12, 10, 1, 0, 4
12, 10, 1, 0, 4
12, 10, 1, 0, 4
12, 10, 1, 0, 4
12, 10, 1, 0, 4
12, 10, 1, 0, 4
12, 10, 1, 0, 4
12, 10, 1, 0, 4
13, 10, 1, 0, 4
13, 10, 1, 0, 4
13, 10, 1, 0, 4
13, 10, 1, 0, 4
13, 10, 1, 0, 4
13, 10, 1, 0, 4
13, 10, 1, 0, 4
13, 10, 1, 0, 4
13, 10, 1, 0, 4
13, 10, 1, 0, 4
14, 24, 0, 1, 3
14, 24, 0, 1, 3
14, 24, 0, 1, 3
14, 24, 0, 1, 3
14, 24, 0, 1, 3
14, 24, 0, 1, 3
14, 24, 0, 1, 3
14, 24, 0, 1, 3
14, 24, 0, 1, 3
14, 24, 0, 1, 3
14, 24, 0, 1, 3
14, 24, 0, 1, 3
14, 24, 0, 1, 3
14, 24, 0, 1, 3
14, 24, 0, 1, 3
14, 24, 0, 1, 3
14, 24, 0, 1, 3
14, 24, 0, 1, 3
14, 24, 0, 1, 3
14, 24, 0, 1, 3
14, 24, 0, 1, 3
14, 24, 0, 1, 3
14, 24, 0, 1, 3
14, 24, 0, 1, 3
15, 12, 0, 1, 3
15, 12, 0, 1, 3
15, 12, 0, 1, 3
15, 12, 0, 1, 3
15, 12, 0, 1, 3
15, 12, 0, 1, 3
15, 12, 0, 1, 3
15, 12, 0, 1, 3
15, 12, 0, 1, 3
15, 12, 0, 1, 3
15, 12, 0, 1, 3
15, 12, 0, 1, 3
16, 12, 0, 1, 3
16, 12, 0, 1, 3
16, 12, 0, 1, 3
16, 12, 0, 1, 3
16, 12, 0, 1, 3
16, 12, 0, 1, 3
16, 12, 0, 1, 3
16, 12, 0, 1, 3
16, 12, 0, 1, 3
16, 12, 0, 1, 3
16, 12, 0, 1, 3
16, 12, 0, 1, 3
17, 4, 0, 1, 3
17, 4, 0, 1, 3
17, 4, 0, 1, 3
17, 4, 0, 1, 3
18, 24, 0, 1, 3
18, 24, 0, 1, 3
18, 24, 0, 1, 3
18, 24, 0, 1, 3
18, 24, 0, 1, 3
18, 24, 0, 1, 3
18, 24, 0, 1, 3
18, 24, 0, 1, 3
18, 24, 0, 1, 3
18, 24, 0, 1, 3
18, 24, 0, 1, 3
18, 24, 0, 1, 3
18, 24, 0, 1, 3
18, 24, 0, 1, 3
18, 24, 0, 1, 3
18, 24, 0, 1, 3
18, 24, 0, 1, 3
18, 24, 0, 1, 3
18, 24, 0, 1, 3
18, 24, 0, 1, 3
18, 24, 0, 1, 3
18, 24, 0, 1, 3
18, 24, 0, 1, 3
18, 24, 0, 1, 3
19, 4, 0, 1, 3
19, 4, 0, 1, 3
19, 4, 0, 1, 3
19, 4, 0, 1, 3
20, 12, 0, 1, 3
20, 12, 0, 1, 3
20, 12, 0, 1, 3
20, 12, 0, 1, 3
20, 12, 0, 1, 3
20, 12, 0, 1, 3
20, 12, 0, 1, 3
20, 12, 0, 1, 3
20, 12, 0, 1, 3
20, 12, 0, 1, 3
20, 12, 0, 1, 3
20, 12, 0, 1, 3
21, 12, 0, 1, 3
21, 12, 0, 1, 3
21, 12, 0, 1, 3
21, 12, 0, 1, 3
21, 12, 0, 1, 3
21, 12, 0, 1, 3
21, 12, 0, 1, 3
21, 12, 0, 1, 3
21, 12, 0, 1, 3
21, 12, 0, 1, 3
21, 12, 0, 1, 3
21, 12, 0, 1, 3
22, 6, 1, 0, 4
22, 6, 1, 0, 4
22, 6, 1, 0, 4
22, 6, 1, 0, 4
22, 6, 1, 0, 4
22, 6, 1, 0, 4
23, 6, 1, 0, 4
23, 6, 1, 0, 4
23, 6, 1, 0, 4
23, 6, 1, 0, 4
23, 6, 1, 0, 4
23, 6, 1, 0, 4
24, 6, 1, 0, 4
24, 6, 1, 0, 4
24, 6, 1, 0, 4
24, 6, 1, 0, 4
24, 6, 1, 0, 4
24, 6, 1, 0, 4
25, 6, 1, 0, 4
25, 6, 1, 0, 4
25, 6, 1, 0, 4
25, 6, 1, 0, 4
25, 6, 1, 0, 4
25, 6, 1, 0, 4
26, 10, 1, 0, 4
26, 10, 1, 0, 4
26, 10, 1, 0, 4
26, 10, 1, 0, 4
26, 10, 1, 0, 4
26, 10, 1, 0, 4
26, 10, 1, 0, 4
26, 10, 1, 0, 4
26, 10, 1, 0, 4
26, 10, 1, 0, 4
27, 10, 1, 0, 4
27, 10, 1, 0, 4
27, 10, 1, 0, 4
27, 10, 1, 0, 4
27, 10, 1, 0, 4
27, 10, 1, 0, 4
27, 10, 1, 0, 4
27, 10, 1, 0, 4
27, 10, 1, 0, 4
27, 10, 1, 0, 4
28, 24, 1, 0, 4
28, 24, 1, 0, 4
28, 24, 1, 0, 4
28, 24, 1, 0, 4
28, 24, 1, 0, 4
28, 24, 1, 0, 4
28, 24, 1, 0, 4
28, 24, 1, 0, 4
28, 24, 1, 0, 4
28, 24, 1, 0, 4
28, 24, 1, 0, 4
28, 24, 1, 0, 4
28, 24, 1, 0, 4
28, 24, 1, 0, 4
28, 24, 1, 0, 4
28, 24, 1, 0, 4
28, 24, 1, 0, 4
28, 24, 1, 0, 4
28, 24, 1, 0, 4
28, 24, 1, 0, 4
28, 24, 1, 0, 4
28, 24, 1, 0, 4
28, 24, 1, 0, 4
28, 24, 1, 0, 4
29, 24, 1, 0, 4
29, 24, 1, 0, 4
29, 24, 1, 0, 4
29, 24, 1, 0, 4
29, 24, 1, 0, 4
29, 24, 1, 0, 4
29, 24, 1, 0, 4
29, 24, 1, 0, 4
29, 24, 1, 0, 4
29, 24, 1, 0, 4
29, 24, 1, 0, 4
29, 24, 1, 0, 4
29, 24, 1, 0, 4
29, 24, 1, 0, 4
29, 24, 1, 0, 4
29, 24, 1, 0, 4
29, 24, 1, 0, 4
29, 24, 1, 0, 4
29, 24, 1, 0, 4
29, 24, 1, 0, 4
29, 24, 1, 0, 4
29, 24, 1, 0, 4
29, 24, 1, 0, 4
29, 24, 1, 0, 4
30, 24, 1, 0, 4
30, 24, 1, 0, 4
30, 24, 1, 0, 4
30, 24, 1, 0, 4
30, 24, 1, 0, 4
30, 24, 1, 0, 4
30, 24, 1, 0, 4
30, 24, 1, 0, 4
30, 24, 1, 0, 4
30, 24, 1, 0, 4
30, 24, 1, 0, 4
30, 24, 1, 0, 4
30, 24, 1, 0, 4
30, 24, 1, 0, 4
30, 24, 1, 0, 4
30, 24, 1, 0, 4
30, 24, 1, 0, 4
30, 24, 1, 0, 4
30, 24, 1, 0, 4
30, 24, 1, 0, 4
30, 24, 1, 0, 4
30, 24, 1, 0, 4
30, 24, 1, 0, 4
30, 24, 1, 0, 4
31, 24, 1, 0, 4
31, 24, 1, 0, 4
31, 24, 1, 0, 4
31, 24, 1, 0, 4
31, 24, 1, 0, 4
31, 24, 1, 0, 4
31, 24, 1, 0, 4
31, 24, 1, 0, 4
31, 24, 1, 0, 4
31, 24, 1, 0, 4
31, 24, 1, 0, 4
31, 24, 1, 0, 4
31, 24, 1, 0, 4
31, 24, 1, 0, 4
31, 24, 1, 0, 4
31, 24, 1, 0, 4
31, 24, 1, 0, 4
31, 24, 1, 0, 4
31, 24, 1, 0, 4
31, 24, 1, 0, 4
31, 24, 1, 0, 4
31, 24, 1, 0, 4
31, 24, 1, 0, 4
31, 24, 1, 0, 4
32, 12, 1, 0, 4
32, 12, 1, 0, 4
32, 12, 1, 0, 4
32, 12, 1, 0, 4
32, 12, 1, 0, 4
32, 12, 1, 0, 4
32, 12, 1, 0, 4
32, 12, 1, 0, 4
32, 12, 1, 0, 4
32, 12, 1, 0, 4
32, 12, 1, 0, 4
32, 12, 1, 0, 4
33, 12, 1, 0, 4
33, 12, 1, 0, 4
33, 12, 1, 0, 4
33, 12, 1, 0, 4
33, 12, 1, 0, 4
33, 12, 1, 0, 4
33, 12, 1, 0, 4
33, 12, 1, 0, 4
33, 12, 1, 0, 4
33, 12, 1, 0, 4
33, 12, 1, 0, 4
33, 12, 1, 0, 4
Goal
22
23
24
25
26
27
28
29
30
31
32
33
