CG
80
0, 10, 43, 1
0, 10, 44, 1
0, 10, 45, 1
0, 10, 46, 1
0, 10, 52, 1
0, 10, 54, 1
0, 10, 78, 6
0, 10, 68, 6
0, 10, 75, 6
0, 10, 76, 6
1, 10, 7, 1
1, 10, 8, 1
1, 10, 13, 1
1, 10, 14, 1
1, 10, 15, 1
1, 10, 18, 1
1, 10, 78, 6
1, 10, 66, 6
1, 10, 75, 6
1, 10, 76, 6
2, 2, 77, 1
2, 2, 61, 1
3, 3, -1, 1
3, 3, 78, 1
3, 3, 73, 2
3, 3, 27, 1
4, 3, -1, 1
4, 3, 78, 1
4, 3, 73, 2
4, 3, 27, 1
5, 3, -1, 1
5, 3, 78, 1
5, 3, 73, 2
5, 3, 27, 1
6, 3, -1, 1
6, 3, 78, 1
6, 3, 73, 2
6, 3, 27, 1
7, 7, -1, 1
7, 7, -1, 1
7, 7, -1, 1
7, 7, 78, 1
7, 7, 73, 2
7, 7, 74, 2
7, 7, 72, 2
7, 7, 16, 1
7, 7, 53, 1
7, 7, 17, 1
8, 7, -1, 1
8, 7, -1, 1
8, 7, -1, 1
8, 7, 78, 1
8, 7, 73, 2
8, 7, 74, 2
8, 7, 72, 2
8, 7, 16, 1
8, 7, 53, 1
8, 7, 17, 1
9, 8, 26, 1
9, 8, -1, 1
9, 8, 78, 1
9, 8, 73, 4
9, 8, 74, 3
9, 8, 28, 1
9, 8, 34, 1
9, 8, 29, 1
9, 8, 30, 1
10, 8, 26, 1
10, 8, -1, 1
10, 8, 78, 1
10, 8, 73, 4
10, 8, 74, 3
10, 8, 28, 1
10, 8, 34, 1
10, 8, 29, 1
10, 8, 30, 1
11, 8, 26, 1
11, 8, -1, 1
11, 8, 78, 1
11, 8, 73, 4
11, 8, 74, 3
11, 8, 28, 1
11, 8, 34, 1
11, 8, 29, 1
11, 8, 30, 1
12, 8, 26, 1
12, 8, -1, 1
12, 8, 78, 1
12, 8, 73, 4
12, 8, 74, 3
12, 8, 28, 1
12, 8, 34, 1
12, 8, 29, 1
12, 8, 30, 1
13, 7, -1, 1
13, 7, -1, 1
13, 7, -1, 1
13, 7, 78, 1
13, 7, 73, 2
13, 7, 74, 2
13, 7, 72, 2
13, 7, 16, 1
13, 7, 53, 1
13, 7, 17, 1
14, 7, -1, 1
14, 7, -1, 1
14, 7, -1, 1
14, 7, 78, 1
14, 7, 73, 2
14, 7, 74, 2
14, 7, 72, 2
14, 7, 16, 1
14, 7, 53, 1
14, 7, 17, 1
15, 7, -1, 1
15, 7, -1, 1
15, 7, -1, 1
15, 7, 78, 1
15, 7, 73, 2
15, 7, 74, 2
15, 7, 72, 2
15, 7, 16, 1
15, 7, 53, 1
15, 7, 17, 1
16, 8, 3, 1
16, 8, 4, 1
16, 8, 5, 1
16, 8, 6, 1
16, 8, 78, 4
16, 8, 62, 4
16, 8, 75, 4
16, 8, 76, 4
17, 3, 65, 4
17, 3, -1, 4
17, 3, 75, 4
17, 3, 76, 4
18, 7, -1, 1
18, 7, -1, 1
18, 7, -1, 1
18, 7, 78, 1
18, 7, 73, 2
18, 7, 74, 2
18, 7, 72, 2
18, 7, 16, 1
18, 7, 53, 1
18, 7, 17, 1
19, 7, -1, 1
19, 7, -1, 1
19, 7, -1, 1
19, 7, 78, 1
19, 7, 73, 2
19, 7, 74, 2
19, 7, 72, 2
19, 7, 16, 1
19, 7, 33, 1
19, 7, 53, 1
20, 7, -1, 1
20, 7, -1, 1
20, 7, -1, 1
20, 7, 78, 1
20, 7, 73, 2
20, 7, 74, 2
20, 7, 72, 2
20, 7, 16, 1
20, 7, 33, 1
20, 7, 53, 1
21, 7, -1, 1
21, 7, -1, 1
21, 7, -1, 1
21, 7, 78, 1
21, 7, 73, 2
21, 7, 74, 2
21, 7, 72, 2
21, 7, 16, 1
21, 7, 33, 1
21, 7, 53, 1
22, 10, 26, 1
22, 10, -1, 1
22, 10, -1, 1
22, 10, 78, 1
22, 10, 73, 2
22, 10, 74, 4
22, 10, 72, 3
22, 10, 28, 1
22, 10, 27, 1
22, 10, 34, 1
22, 10, 29, 1
22, 10, 30, 1
23, 10, 26, 1
23, 10, -1, 1
23, 10, -1, 1
23, 10, 78, 1
23, 10, 73, 2
23, 10, 74, 4
23, 10, 72, 3
23, 10, 28, 1
23, 10, 27, 1
23, 10, 34, 1
23, 10, 29, 1
23, 10, 30, 1
24, 10, 26, 1
24, 10, -1, 1
24, 10, -1, 1
24, 10, 78, 1
24, 10, 73, 2
24, 10, 74, 4
24, 10, 72, 3
24, 10, 28, 1
24, 10, 27, 1
24, 10, 34, 1
24, 10, 29, 1
24, 10, 30, 1
25, 10, 26, 1
25, 10, -1, 1
25, 10, -1, 1
25, 10, 78, 1
25, 10, 73, 2
25, 10, 74, 4
25, 10, 72, 3
25, 10, 28, 1
25, 10, 27, 1
25, 10, 34, 1
25, 10, 29, 1
25, 10, 30, 1
26, 6, 73, 4
26, 6, 74, 16
26, 6, 72, 12
26, 6, 28, 16
26, 6, 29, 16
26, 6, 30, 16
27, 9, 19, 1
27, 9, 20, 1
27, 9, 21, 1
27, 9, 31, 1
27, 9, 32, 1
27, 9, 69, 6
27, 9, 78, 6
27, 9, -1, 6
27, 9, 75, 6
27, 9, 76, 6
28, 4, -1, 16
28, 4, 73, 4
28, 4, 74, 16
28, 4, 72, 12
28, 4, 34, 16
29, 3, -1, 16
29, 3, 73, 4
29, 3, 74, 12
29, 3, 34, 16
30, 2, 73, 4
30, 2, 74, 12
31, 7, -1, 1
31, 7, -1, 1
31, 7, -1, 1
31, 7, 78, 1
31, 7, 73, 2
31, 7, 74, 2
31, 7, 72, 2
31, 7, 16, 1
31, 7, 33, 1
31, 7, 53, 1
32, 7, -1, 1
32, 7, -1, 1
32, 7, -1, 1
32, 7, 78, 1
32, 7, 73, 2
32, 7, 74, 2
32, 7, 72, 2
32, 7, 16, 1
32, 7, 33, 1
32, 7, 53, 1
33, 8, 22, 1
33, 8, 23, 1
33, 8, 35, 1
33, 8, 36, 1
33, 8, 78, 4
33, 8, 63, 4
33, 8, 75, 4
33, 8, 76, 4
34, 10, 55, 1
34, 10, 56, 1
34, 10, 57, 1
34, 10, 58, 1
34, 10, 59, 1
34, 10, 60, 1
34, 10, 78, 6
34, 10, 67, 6
34, 10, 75, 6
34, 10, 76, 6
35, 10, 26, 1
35, 10, -1, 1
35, 10, -1, 1
35, 10, 78, 1
35, 10, 73, 2
35, 10, 74, 4
35, 10, 72, 3
35, 10, 28, 1
35, 10, 27, 1
35, 10, 34, 1
35, 10, 29, 1
35, 10, 30, 1
36, 10, 26, 1
36, 10, -1, 1
36, 10, -1, 1
36, 10, 78, 1
36, 10, 73, 2
36, 10, 74, 4
36, 10, 72, 3
36, 10, 28, 1
36, 10, 27, 1
36, 10, 34, 1
36, 10, 29, 1
36, 10, 30, 1
37, 10, 26, 1
37, 10, -1, 1
37, 10, -1, 1
37, 10, 78, 1
37, 10, 73, 2
37, 10, 74, 4
37, 10, 72, 3
37, 10, 28, 1
37, 10, 27, 1
37, 10, 34, 1
37, 10, 29, 1
37, 10, 30, 1
38, 10, 26, 1
38, 10, -1, 1
38, 10, -1, 1
38, 10, 78, 1
38, 10, 73, 2
38, 10, 74, 4
38, 10, 72, 3
38, 10, 28, 1
38, 10, 27, 1
38, 10, 34, 1
38, 10, 29, 1
38, 10, 30, 1
39, 10, 26, 1
39, 10, -1, 1
39, 10, -1, 1
39, 10, 78, 1
39, 10, 73, 2
39, 10, 74, 4
39, 10, 72, 3
39, 10, 28, 1
39, 10, 27, 1
39, 10, 34, 1
39, 10, 29, 1
39, 10, 30, 1
40, 10, 26, 1
40, 10, -1, 1
40, 10, -1, 1
40, 10, 78, 1
40, 10, 73, 2
40, 10, 74, 4
40, 10, 72, 3
40, 10, 28, 1
40, 10, 27, 1
40, 10, 34, 1
40, 10, 29, 1
40, 10, 30, 1
41, 10, 26, 1
41, 10, -1, 1
41, 10, -1, 1
41, 10, 78, 1
41, 10, 73, 2
41, 10, 74, 4
41, 10, 72, 3
41, 10, 28, 1
41, 10, 27, 1
41, 10, 34, 1
41, 10, 29, 1
41, 10, 30, 1
42, 10, 26, 1
42, 10, -1, 1
42, 10, -1, 1
42, 10, 78, 1
42, 10, 73, 2
42, 10, 74, 4
42, 10, 72, 3
42, 10, 28, 1
42, 10, 27, 1
42, 10, 34, 1
42, 10, 29, 1
42, 10, 30, 1
43, 12, 47, 1
43, 12, -1, 1
43, 12, -1, 1
43, 12, -1, 1
43, 12, 78, 1
43, 12, 73, 2
43, 12, 74, 2
43, 12, 72, 4
43, 12, 71, 3
43, 12, 48, 1
43, 12, 53, 1
43, 12, 17, 1
43, 12, 51, 1
43, 12, 49, 1
43, 12, 50, 1
44, 12, 47, 1
44, 12, -1, 1
44, 12, -1, 1
44, 12, -1, 1
44, 12, 78, 1
44, 12, 73, 2
44, 12, 74, 2
44, 12, 72, 4
44, 12, 71, 3
44, 12, 48, 1
44, 12, 53, 1
44, 12, 17, 1
44, 12, 51, 1
44, 12, 49, 1
44, 12, 50, 1
45, 12, 47, 1
45, 12, -1, 1
45, 12, -1, 1
45, 12, -1, 1
45, 12, 78, 1
45, 12, 73, 2
45, 12, 74, 2
45, 12, 72, 4
45, 12, 71, 3
45, 12, 48, 1
45, 12, 53, 1
45, 12, 17, 1
45, 12, 51, 1
45, 12, 49, 1
45, 12, 50, 1
46, 12, 47, 1
46, 12, -1, 1
46, 12, -1, 1
46, 12, -1, 1
46, 12, 78, 1
46, 12, 73, 2
46, 12, 74, 2
46, 12, 72, 4
46, 12, 71, 3
46, 12, 48, 1
46, 12, 53, 1
46, 12, 17, 1
46, 12, 51, 1
46, 12, 49, 1
46, 12, 50, 1
47, 5, 72, 12
47, 5, 71, 12
47, 5, 48, 12
47, 5, 49, 12
47, 5, 50, 12
48, 3, -1, 12
48, 3, 72, 12
48, 3, 71, 12
48, 3, 51, 12
49, 2, -1, 12
49, 2, 72, 12
49, 2, 51, 12
50, 1, 72, 12
51, 8, 9, 1
51, 8, 10, 1
51, 8, 11, 1
51, 8, 12, 1
51, 8, 78, 4
51, 8, 64, 4
51, 8, 75, 4
51, 8, 76, 4
52, 12, 47, 1
52, 12, -1, 1
52, 12, -1, 1
52, 12, -1, 1
52, 12, 78, 1
52, 12, 73, 2
52, 12, 74, 2
52, 12, 72, 4
52, 12, 71, 3
52, 12, 48, 1
52, 12, 53, 1
52, 12, 17, 1
52, 12, 51, 1
52, 12, 49, 1
52, 12, 50, 1
53, 12, 24, 1
53, 12, 25, 1
53, 12, 37, 1
53, 12, 38, 1
53, 12, 39, 1
53, 12, 40, 1
53, 12, 41, 1
53, 12, 42, 1
53, 12, 78, 8
53, 12, 70, 8
53, 12, 75, 8
53, 12, 76, 8
54, 12, 47, 1
54, 12, -1, 1
54, 12, -1, 1
54, 12, -1, 1
54, 12, 78, 1
54, 12, 73, 2
54, 12, 74, 2
54, 12, 72, 4
54, 12, 71, 3
54, 12, 48, 1
54, 12, 53, 1
54, 12, 17, 1
54, 12, 51, 1
54, 12, 49, 1
54, 12, 50, 1
55, 12, 47, 1
55, 12, -1, 1
55, 12, -1, 1
55, 12, -1, 1
55, 12, 78, 1
55, 12, 73, 2
55, 12, 74, 2
55, 12, 72, 4
55, 12, 71, 3
55, 12, 48, 1
55, 12, 33, 1
55, 12, 53, 1
55, 12, 51, 1
55, 12, 49, 1
55, 12, 50, 1
56, 12, 47, 1
56, 12, -1, 1
56, 12, -1, 1
56, 12, -1, 1
56, 12, 78, 1
56, 12, 73, 2
56, 12, 74, 2
56, 12, 72, 4
56, 12, 71, 3
56, 12, 48, 1
56, 12, 33, 1
56, 12, 53, 1
56, 12, 51, 1
56, 12, 49, 1
56, 12, 50, 1
57, 12, 47, 1
57, 12, -1, 1
57, 12, -1, 1
57, 12, -1, 1
57, 12, 78, 1
57, 12, 73, 2
57, 12, 74, 2
57, 12, 72, 4
57, 12, 71, 3
57, 12, 48, 1
57, 12, 33, 1
57, 12, 53, 1
57, 12, 51, 1
57, 12, 49, 1
57, 12, 50, 1
58, 12, 47, 1
58, 12, -1, 1
58, 12, -1, 1
58, 12, -1, 1
58, 12, 78, 1
58, 12, 73, 2
58, 12, 74, 2
58, 12, 72, 4
58, 12, 71, 3
58, 12, 48, 1
58, 12, 33, 1
58, 12, 53, 1
58, 12, 51, 1
58, 12, 49, 1
58, 12, 50, 1
59, 12, 47, 1
59, 12, -1, 1
59, 12, -1, 1
59, 12, -1, 1
59, 12, 78, 1
59, 12, 73, 2
59, 12, 74, 2
59, 12, 72, 4
59, 12, 71, 3
59, 12, 48, 1
59, 12, 33, 1
59, 12, 53, 1
59, 12, 51, 1
59, 12, 49, 1
59, 12, 50, 1
60, 12, 47, 1
60, 12, -1, 1
60, 12, -1, 1
60, 12, -1, 1
60, 12, 78, 1
60, 12, 73, 2
60, 12, 74, 2
60, 12, 72, 4
60, 12, 71, 3
60, 12, 48, 1
60, 12, 33, 1
60, 12, 53, 1
60, 12, 51, 1
60, 12, 49, 1
60, 12, 50, 1
61, 58, 19, 1
61, 58, 20, 1
61, 58, 7, 1
61, 58, 8, 1
61, 58, 3, 1
61, 58, 4, 1
61, 58, 22, 1
61, 58, 23, 1
61, 58, 24, 1
61, 58, 25, 1
61, 58, 21, 1
61, 58, 31, 1
61, 58, 55, 1
61, 58, 56, 1
61, 58, 5, 1
61, 58, 6, 1
61, 58, 37, 1
61, 58, 38, 1
61, 58, 32, 1
61, 58, 69, 7
61, 58, 13, 1
61, 58, 14, 1
61, 58, 57, 1
61, 58, 58, 1
61, 58, 43, 1
61, 58, 44, 1
61, 58, 35, 1
61, 58, 36, 1
61, 58, 39, 1
61, 58, 40, 1
61, 58, 9, 1
61, 58, 10, 1
61, 58, 15, 1
61, 58, 18, 1
61, 58, 45, 1
61, 58, 46, 1
61, 58, 41, 1
61, 58, 42, 1
61, 58, 65, 6
61, 58, 11, 1
61, 58, 12, 1
61, 58, 59, 1
61, 58, 60, 1
61, 58, 52, 1
61, 58, 54, 1
61, 58, 78, 44
61, 58, 79, 1
61, 58, 77, 2
61, 58, 62, 4
61, 58, 63, 4
61, 58, 66, 6
61, 58, 70, 8
61, 58, 67, 6
61, 58, 68, 6
61, 58, 64, 4
61, 58, -1, 7
61, 58, -1, 6
61, 58, 75, 50
61, 58, 2, 1
61, 58, 76, 72
62, 7, 3, 1
62, 7, 4, 1
62, 7, 5, 1
62, 7, 6, 1
62, 7, 78, 4
62, 7, 75, 4
62, 7, 76, 6
63, 7, 22, 1
63, 7, 23, 1
63, 7, 35, 1
63, 7, 36, 1
63, 7, 78, 4
63, 7, 75, 4
63, 7, 76, 6
64, 7, 9, 1
64, 7, 10, 1
64, 7, 11, 1
64, 7, 12, 1
64, 7, 78, 4
64, 7, 75, 4
64, 7, 76, 6
65, 2, -1, 4
65, 2, 75, 4
65, 2, 76, 6
66, 9, 7, 1
66, 9, 8, 1
66, 9, 13, 1
66, 9, 14, 1
66, 9, 15, 1
66, 9, 18, 1
66, 9, 78, 6
66, 9, 75, 6
66, 9, 76, 9
67, 9, 55, 1
67, 9, 56, 1
67, 9, 57, 1
67, 9, 58, 1
67, 9, 59, 1
67, 9, 60, 1
67, 9, 78, 6
67, 9, 75, 6
67, 9, 76, 9
68, 9, 43, 1
68, 9, 44, 1
68, 9, 45, 1
68, 9, 46, 1
68, 9, 52, 1
68, 9, 54, 1
68, 9, 78, 6
68, 9, 75, 6
68, 9, 76, 9
69, 14, -1, 1
69, 14, -1, 1
69, 14, -1, 1
69, 14, 19, 1
69, 14, 20, 1
69, 14, 21, 1
69, 14, 31, 1
69, 14, 32, 1
69, 14, 78, 7
69, 14, 73, 2
69, 14, 74, 2
69, 14, 72, 2
69, 14, 16, 1
69, 14, 33, 1
69, 14, 53, 1
69, 14, -1, 6
69, 14, 75, 6
69, 14, 76, 9
70, 11, 24, 1
70, 11, 25, 1
70, 11, 37, 1
70, 11, 38, 1
70, 11, 39, 1
70, 11, 40, 1
70, 11, 41, 1
70, 11, 42, 1
70, 11, 78, 8
70, 11, 75, 8
70, 11, 76, 12
71, 16, 55, 1
71, 16, 56, 1
71, 16, 57, 1
71, 16, 58, 1
71, 16, 43, 1
71, 16, 44, 1
71, 16, 45, 1
71, 16, 46, 1
71, 16, 59, 1
71, 16, 60, 1
71, 16, 52, 1
71, 16, 54, 1
71, 16, 78, 12
71, 16, 73, 12
71, 16, 74, 12
71, 16, 72, 12
72, 40, 19, 1
72, 40, 20, 1
72, 40, 7, 1
72, 40, 8, 1
72, 40, 22, 1
72, 40, 23, 1
72, 40, 24, 1
72, 40, 25, 1
72, 40, 21, 1
72, 40, 31, 1
72, 40, 55, 1
72, 40, 56, 1
72, 40, 37, 1
72, 40, 38, 1
72, 40, 32, 1
72, 40, 69, 1
72, 40, 13, 1
72, 40, 14, 1
72, 40, 57, 1
72, 40, 58, 1
72, 40, 43, 1
72, 40, 44, 1
72, 40, 35, 1
72, 40, 36, 1
72, 40, 39, 1
72, 40, 40, 1
72, 40, 15, 1
72, 40, 18, 1
72, 40, 45, 1
72, 40, 46, 1
72, 40, 41, 1
72, 40, 42, 1
72, 40, 59, 1
72, 40, 60, 1
72, 40, 52, 1
72, 40, 54, 1
72, 40, 78, 36
72, 40, 73, 36
72, 40, 74, 36
72, 40, 71, 12
73, 48, 19, 1
73, 48, 20, 1
73, 48, 7, 1
73, 48, 8, 1
73, 48, 3, 1
73, 48, 4, 1
73, 48, 22, 1
73, 48, 23, 1
73, 48, 24, 1
73, 48, 25, 1
73, 48, 21, 1
73, 48, 31, 1
73, 48, 55, 1
73, 48, 56, 1
73, 48, 5, 1
73, 48, 6, 1
73, 48, 37, 1
73, 48, 38, 1
73, 48, 32, 1
73, 48, 69, 1
73, 48, 13, 1
73, 48, 14, 1
73, 48, 57, 1
73, 48, 58, 1
73, 48, 43, 1
73, 48, 44, 1
73, 48, 35, 1
73, 48, 36, 1
73, 48, 39, 1
73, 48, 40, 1
73, 48, 9, 1
73, 48, 10, 1
73, 48, 15, 1
73, 48, 18, 1
73, 48, 45, 1
73, 48, 46, 1
73, 48, 41, 1
73, 48, 42, 1
73, 48, 11, 1
73, 48, 12, 1
73, 48, 59, 1
73, 48, 60, 1
73, 48, 52, 1
73, 48, 54, 1
73, 48, 78, 44
73, 48, 74, 40
73, 48, 72, 36
73, 48, 71, 12
74, 44, 19, 1
74, 44, 20, 1
74, 44, 7, 1
74, 44, 8, 1
74, 44, 22, 1
74, 44, 23, 1
74, 44, 24, 1
74, 44, 25, 1
74, 44, 21, 1
74, 44, 31, 1
74, 44, 55, 1
74, 44, 56, 1
74, 44, 37, 1
74, 44, 38, 1
74, 44, 32, 1
74, 44, 69, 1
74, 44, 13, 1
74, 44, 14, 1
74, 44, 57, 1
74, 44, 58, 1
74, 44, 43, 1
74, 44, 44, 1
74, 44, 35, 1
74, 44, 36, 1
74, 44, 39, 1
74, 44, 40, 1
74, 44, 9, 1
74, 44, 10, 1
74, 44, 15, 1
74, 44, 18, 1
74, 44, 45, 1
74, 44, 46, 1
74, 44, 41, 1
74, 44, 42, 1
74, 44, 11, 1
74, 44, 12, 1
74, 44, 59, 1
74, 44, 60, 1
74, 44, 52, 1
74, 44, 54, 1
74, 44, 78, 40
74, 44, 73, 40
74, 44, 72, 36
74, 44, 71, 12
75, 56, 19, 1
75, 56, 20, 1
75, 56, 7, 1
75, 56, 8, 1
75, 56, 3, 1
75, 56, 4, 1
75, 56, 22, 1
75, 56, 23, 1
75, 56, 24, 1
75, 56, 25, 1
75, 56, 21, 1
75, 56, 31, 1
75, 56, 55, 1
75, 56, 56, 1
75, 56, 5, 1
75, 56, 6, 1
75, 56, 37, 1
75, 56, 38, 1
75, 56, 32, 1
75, 56, 69, 6
75, 56, 13, 1
75, 56, 14, 1
75, 56, 57, 1
75, 56, 58, 1
75, 56, 43, 1
75, 56, 44, 1
75, 56, 35, 1
75, 56, 36, 1
75, 56, 39, 1
75, 56, 40, 1
75, 56, 9, 1
75, 56, 10, 1
75, 56, 15, 1
75, 56, 18, 1
75, 56, 45, 1
75, 56, 46, 1
75, 56, 41, 1
75, 56, 42, 1
75, 56, 65, 6
75, 56, 11, 1
75, 56, 12, 1
75, 56, 59, 1
75, 56, 60, 1
75, 56, 52, 1
75, 56, 54, 1
75, 56, 78, 44
75, 56, 79, 1
75, 56, 61, 3
75, 56, 62, 4
75, 56, 63, 4
75, 56, 66, 6
75, 56, 70, 8
75, 56, 67, 6
75, 56, 68, 6
75, 56, 64, 4
75, 56, -1, 6
75, 56, -1, 6
75, 56, 76, 48
76, 57, 19, 1
76, 57, 20, 1
76, 57, 7, 1
76, 57, 8, 1
76, 57, 3, 1
76, 57, 4, 1
76, 57, 22, 1
76, 57, 23, 1
76, 57, 24, 1
76, 57, 25, 1
76, 57, 21, 1
76, 57, 31, 1
76, 57, 55, 1
76, 57, 56, 1
76, 57, 5, 1
76, 57, 6, 1
76, 57, 37, 1
76, 57, 38, 1
76, 57, 32, 1
76, 57, 69, 7
76, 57, 13, 1
76, 57, 14, 1
76, 57, 57, 1
76, 57, 58, 1
76, 57, 43, 1
76, 57, 44, 1
76, 57, 35, 1
76, 57, 36, 1
76, 57, 39, 1
76, 57, 40, 1
76, 57, 9, 1
76, 57, 10, 1
76, 57, 15, 1
76, 57, 18, 1
76, 57, 45, 1
76, 57, 46, 1
76, 57, 41, 1
76, 57, 42, 1
76, 57, 65, 6
76, 57, 11, 1
76, 57, 12, 1
76, 57, 59, 1
76, 57, 60, 1
76, 57, 52, 1
76, 57, 54, 1
76, 57, 78, 44
76, 57, 77, 1
76, 57, 61, 3
76, 57, 62, 4
76, 57, 63, 4
76, 57, 66, 6
76, 57, 70, 8
76, 57, 67, 6
76, 57, 68, 6
76, 57, 64, 4
76, 57, -1, 7
76, 57, -1, 6
76, 57, 75, 50
76, 57, 2, 1
77, 3, 69, 1
77, 3, 61, 1
77, 3, -1, 1
77, 3, 2, 1
78, 58, 19, 1
78, 58, 20, 1
78, 58, 7, 1
78, 58, 8, 1
78, 58, 3, 1
78, 58, 4, 1
78, 58, 22, 1
78, 58, 23, 1
78, 58, 24, 1
78, 58, 25, 1
78, 58, 21, 1
78, 58, 31, 1
78, 58, 55, 1
78, 58, 56, 1
78, 58, 5, 1
78, 58, 6, 1
78, 58, 37, 1
78, 58, 38, 1
78, 58, 32, 1
78, 58, 69, 7
78, 58, 13, 1
78, 58, 14, 1
78, 58, 57, 1
78, 58, 58, 1
78, 58, 43, 1
78, 58, 44, 1
78, 58, 35, 1
78, 58, 36, 1
78, 58, 39, 1
78, 58, 40, 1
78, 58, 9, 1
78, 58, 10, 1
78, 58, 15, 1
78, 58, 18, 1
78, 58, 45, 1
78, 58, 46, 1
78, 58, 41, 1
78, 58, 42, 1
78, 58, 65, 6
78, 58, 11, 1
78, 58, 12, 1
78, 58, 59, 1
78, 58, 60, 1
78, 58, 52, 1
78, 58, 54, 1
78, 58, 79, 1
78, 58, 77, 2
78, 58, 61, 5
78, 58, 62, 4
78, 58, 63, 4
78, 58, 66, 6
78, 58, 70, 8
78, 58, 67, 6
78, 58, 68, 6
78, 58, 64, 4
78, 58, -1, 7
78, 58, -1, 6
78, 58, 75, 50
78, 58, 2, 1
78, 58, 76, 72
DTG
2, 1, 1, 0, 5
3, 1, 0, 1, 2
3, 1, 1, 0, 7
4, 1, 0, 1, 2
4, 1, 1, 0, 7
5, 1, 0, 1, 2
5, 1, 1, 0, 7
6, 1, 0, 1, 2
6, 1, 1, 0, 7
7, 1, 0, 1, 4
7, 1, 1, 0, 7
8, 1, 0, 1, 4
8, 1, 1, 0, 7
9, 1, 0, 1, 3
9, 1, 1, 0, 7
10, 1, 0, 1, 3
10, 1, 1, 0, 7
11, 1, 0, 1, 3
11, 1, 1, 0, 7
12, 1, 0, 1, 3
12, 1, 1, 0, 7
13, 1, 0, 1, 4
13, 1, 1, 0, 7
14, 1, 0, 1, 4
14, 1, 1, 0, 7
15, 1, 0, 1, 4
15, 1, 1, 0, 7
16, 12, 0, 1, 2
16, 12, 0, 1, 2
16, 12, 0, 1, 2
16, 12, 0, 1, 2
16, 12, 0, 1, 2
16, 12, 0, 1, 2
16, 12, 0, 1, 2
16, 12, 0, 1, 2
16, 12, 0, 1, 2
16, 12, 0, 1, 2
16, 12, 0, 1, 2
16, 12, 0, 1, 2
17, 12, 0, 1, 2
17, 12, 0, 1, 2
17, 12, 0, 1, 2
17, 12, 0, 1, 2
17, 12, 0, 1, 2
17, 12, 0, 1, 2
17, 12, 0, 1, 2
17, 12, 0, 1, 2
17, 12, 0, 1, 2
17, 12, 0, 1, 2
17, 12, 0, 1, 2
17, 12, 0, 1, 2
18, 1, 0, 1, 4
18, 1, 1, 0, 7
19, 1, 0, 1, 4
19, 1, 1, 0, 7
20, 1, 0, 1, 4
20, 1, 1, 0, 7
21, 1, 0, 1, 4
21, 1, 1, 0, 7
22, 1, 0, 1, 4
22, 1, 1, 0, 7
23, 1, 0, 1, 4
23, 1, 1, 0, 7
24, 1, 0, 1, 4
24, 1, 1, 0, 7
25, 1, 0, 1, 4
25, 1, 1, 0, 7
26, 16, 0, 2, 2
26, 16, 0, 2, 2
26, 16, 0, 2, 2
26, 16, 0, 2, 2
26, 16, 0, 2, 2
26, 16, 0, 2, 2
26, 16, 0, 2, 2
26, 16, 0, 2, 2
26, 16, 0, 2, 2
26, 16, 0, 2, 2
26, 16, 0, 2, 2
26, 16, 0, 2, 2
26, 16, 0, 2, 2
26, 16, 0, 2, 2
26, 16, 0, 2, 2
26, 16, 0, 2, 2
27, 16, 0, 1, 2
27, 16, 0, 1, 2
27, 16, 0, 1, 2
27, 16, 0, 1, 2
27, 16, 0, 1, 2
27, 16, 0, 1, 2
27, 16, 0, 1, 2
27, 16, 0, 1, 2
27, 16, 0, 1, 2
27, 16, 0, 1, 2
27, 16, 0, 1, 2
27, 16, 0, 1, 2
27, 16, 0, 1, 2
27, 16, 0, 1, 2
27, 16, 0, 1, 2
27, 16, 0, 1, 2
28, 16, 1, 0, 3
28, 16, 1, 0, 3
28, 16, 1, 0, 3
28, 16, 1, 0, 3
28, 16, 1, 0, 3
28, 16, 1, 0, 3
28, 16, 1, 0, 3
28, 16, 1, 0, 3
28, 16, 1, 0, 3
28, 16, 1, 0, 3
28, 16, 1, 0, 3
28, 16, 1, 0, 3
28, 16, 1, 0, 3
28, 16, 1, 0, 3
28, 16, 1, 0, 3
28, 16, 1, 0, 3
29, 16, 0, 1, 3
29, 16, 0, 1, 3
29, 16, 0, 1, 3
29, 16, 0, 1, 3
29, 16, 0, 1, 3
29, 16, 0, 1, 3
29, 16, 0, 1, 3
29, 16, 0, 1, 3
29, 16, 0, 1, 3
29, 16, 0, 1, 3
29, 16, 0, 1, 3
29, 16, 0, 1, 3
29, 16, 0, 1, 3
29, 16, 0, 1, 3
29, 16, 0, 1, 3
29, 16, 0, 1, 3
30, 16, 1, 0, 3
30, 16, 1, 0, 3
30, 16, 1, 0, 3
30, 16, 1, 0, 3
30, 16, 1, 0, 3
30, 16, 1, 0, 3
30, 16, 1, 0, 3
30, 16, 1, 0, 3
30, 16, 1, 0, 3
30, 16, 1, 0, 3
30, 16, 1, 0, 3
30, 16, 1, 0, 3
30, 16, 1, 0, 3
30, 16, 1, 0, 3
30, 16, 1, 0, 3
30, 16, 1, 0, 3
31, 1, 0, 1, 4
31, 1, 1, 0, 7
32, 1, 0, 1, 4
32, 1, 1, 0, 7
33, 12, 0, 1, 2
33, 12, 0, 1, 2
33, 12, 0, 1, 2
33, 12, 0, 1, 2
33, 12, 0, 1, 2
33, 12, 0, 1, 2
33, 12, 0, 1, 2
33, 12, 0, 1, 2
33, 12, 0, 1, 2
33, 12, 0, 1, 2
33, 12, 0, 1, 2
33, 12, 0, 1, 2
34, 16, 0, 1, 4
34, 16, 0, 1, 4
34, 16, 0, 1, 4
34, 16, 0, 1, 4
34, 16, 0, 1, 4
34, 16, 0, 1, 4
34, 16, 0, 1, 4
34, 16, 0, 1, 4
34, 16, 0, 1, 4
34, 16, 0, 1, 4
34, 16, 0, 1, 4
34, 16, 0, 1, 4
34, 16, 0, 1, 4
34, 16, 0, 1, 4
34, 16, 0, 1, 4
34, 16, 0, 1, 4
35, 1, 0, 1, 4
35, 1, 1, 0, 7
36, 1, 0, 1, 4
36, 1, 1, 0, 7
37, 1, 0, 1, 4
37, 1, 1, 0, 7
38, 1, 0, 1, 4
38, 1, 1, 0, 7
39, 1, 0, 1, 4
39, 1, 1, 0, 7
40, 1, 0, 1, 4
40, 1, 1, 0, 7
41, 1, 0, 1, 4
41, 1, 1, 0, 7
42, 1, 0, 1, 4
42, 1, 1, 0, 7
43, 1, 0, 1, 5
43, 1, 1, 0, 7
44, 1, 0, 1, 5
44, 1, 1, 0, 7
45, 1, 0, 1, 5
45, 1, 1, 0, 7
46, 1, 0, 1, 5
46, 1, 1, 0, 7
47, 12, 0, 2, 2
47, 12, 0, 2, 2
47, 12, 0, 2, 2
47, 12, 0, 2, 2
47, 12, 0, 2, 2
47, 12, 0, 2, 2
47, 12, 0, 2, 2
47, 12, 0, 2, 2
47, 12, 0, 2, 2
47, 12, 0, 2, 2
47, 12, 0, 2, 2
47, 12, 0, 2, 2
48, 12, 1, 0, 3
48, 12, 1, 0, 3
48, 12, 1, 0, 3
48, 12, 1, 0, 3
48, 12, 1, 0, 3
48, 12, 1, 0, 3
48, 12, 1, 0, 3
48, 12, 1, 0, 3
48, 12, 1, 0, 3
48, 12, 1, 0, 3
48, 12, 1, 0, 3
48, 12, 1, 0, 3
49, 12, 0, 1, 3
49, 12, 0, 1, 3
49, 12, 0, 1, 3
49, 12, 0, 1, 3
49, 12, 0, 1, 3
49, 12, 0, 1, 3
49, 12, 0, 1, 3
49, 12, 0, 1, 3
49, 12, 0, 1, 3
49, 12, 0, 1, 3
49, 12, 0, 1, 3
49, 12, 0, 1, 3
50, 12, 1, 0, 3
50, 12, 1, 0, 3
50, 12, 1, 0, 3
50, 12, 1, 0, 3
50, 12, 1, 0, 3
50, 12, 1, 0, 3
50, 12, 1, 0, 3
50, 12, 1, 0, 3
50, 12, 1, 0, 3
50, 12, 1, 0, 3
50, 12, 1, 0, 3
50, 12, 1, 0, 3
51, 12, 0, 1, 4
51, 12, 0, 1, 4
51, 12, 0, 1, 4
51, 12, 0, 1, 4
51, 12, 0, 1, 4
51, 12, 0, 1, 4
51, 12, 0, 1, 4
51, 12, 0, 1, 4
51, 12, 0, 1, 4
51, 12, 0, 1, 4
51, 12, 0, 1, 4
51, 12, 0, 1, 4
52, 1, 0, 1, 5
52, 1, 1, 0, 7
53, 24, 0, 1, 2
53, 24, 0, 1, 2
53, 24, 0, 1, 2
53, 24, 0, 1, 2
53, 24, 0, 1, 2
53, 24, 0, 1, 2
53, 24, 0, 1, 2
53, 24, 0, 1, 2
53, 24, 0, 1, 2
53, 24, 0, 1, 2
53, 24, 0, 1, 2
53, 24, 0, 1, 2
53, 24, 0, 1, 2
53, 24, 0, 1, 2
53, 24, 0, 1, 2
53, 24, 0, 1, 2
53, 24, 0, 1, 2
53, 24, 0, 1, 2
53, 24, 0, 1, 2
53, 24, 0, 1, 2
53, 24, 0, 1, 2
53, 24, 0, 1, 2
53, 24, 0, 1, 2
53, 24, 0, 1, 2
54, 1, 0, 1, 5
54, 1, 1, 0, 7
55, 1, 0, 1, 5
55, 1, 1, 0, 7
56, 1, 0, 1, 5
56, 1, 1, 0, 7
57, 1, 0, 1, 5
57, 1, 1, 0, 7
58, 1, 0, 1, 5
58, 1, 1, 0, 7
59, 1, 0, 1, 5
59, 1, 1, 0, 7
60, 1, 0, 1, 5
60, 1, 1, 0, 7
61, 3, 0, 1, 4
61, 3, 0, 1, 4
61, 3, 0, 2, 4
61, 1, 1, 0, 3
61, 1, 2, 0, 3
62, 4, 0, 1, 6
62, 4, 0, 1, 6
62, 4, 0, 1, 6
62, 4, 0, 1, 6
63, 4, 0, 1, 6
63, 4, 0, 1, 6
63, 4, 0, 1, 6
63, 4, 0, 1, 6
64, 4, 0, 1, 6
64, 4, 0, 1, 6
64, 4, 0, 1, 6
64, 4, 0, 1, 6
65, 6, 0, 1, 5
65, 6, 0, 1, 5
65, 6, 0, 1, 6
65, 6, 0, 1, 6
65, 6, 0, 1, 6
65, 6, 0, 1, 6
66, 6, 0, 1, 6
66, 6, 0, 1, 6
66, 6, 0, 1, 6
66, 6, 0, 1, 6
66, 6, 0, 1, 6
66, 6, 0, 1, 6
67, 6, 0, 1, 6
67, 6, 0, 1, 6
67, 6, 0, 1, 6
67, 6, 0, 1, 6
67, 6, 0, 1, 6
67, 6, 0, 1, 6
68, 6, 0, 1, 6
68, 6, 0, 1, 6
68, 6, 0, 1, 6
68, 6, 0, 1, 6
68, 6, 0, 1, 6
68, 6, 0, 1, 6
69, 1, 0, 2, 4
69, 7, 1, 0, 6
69, 7, 1, 2, 5
69, 7, 1, 2, 6
69, 7, 1, 2, 6
69, 7, 1, 2, 6
69, 7, 1, 2, 6
69, 7, 1, 2, 6
70, 8, 0, 1, 6
70, 8, 0, 1, 6
70, 8, 0, 1, 6
70, 8, 0, 1, 6
70, 8, 0, 1, 6
70, 8, 0, 1, 6
70, 8, 0, 1, 6
70, 8, 0, 1, 6
71, 12, 0, 1, 5
71, 12, 0, 1, 5
71, 12, 0, 1, 5
71, 12, 0, 1, 5
71, 12, 0, 1, 5
71, 12, 0, 1, 5
71, 12, 0, 1, 5
71, 12, 0, 1, 5
71, 12, 0, 1, 5
71, 12, 0, 1, 5
71, 12, 0, 1, 5
71, 12, 0, 1, 5
71, 24, 1, 0, 3
71, 24, 1, 0, 3
71, 24, 1, 0, 3
71, 24, 1, 0, 3
71, 24, 1, 0, 3
71, 24, 1, 0, 3
71, 24, 1, 0, 3
71, 24, 1, 0, 3
71, 24, 1, 0, 3
71, 24, 1, 0, 3
71, 24, 1, 0, 3
71, 24, 1, 0, 3
71, 24, 1, 0, 3
71, 24, 1, 0, 3
71, 24, 1, 0, 3
71, 24, 1, 0, 3
71, 24, 1, 0, 3
71, 24, 1, 0, 3
71, 24, 1, 0, 3
71, 24, 1, 0, 3
71, 24, 1, 0, 3
71, 24, 1, 0, 3
71, 24, 1, 0, 3
71, 24, 1, 0, 3
72, 36, 0, 1, 4
72, 36, 0, 1, 4
72, 36, 0, 1, 4
72, 36, 0, 1, 4
72, 36, 0, 1, 4
72, 36, 0, 1, 4
72, 36, 0, 1, 4
72, 36, 0, 1, 4
72, 36, 0, 1, 4
72, 36, 0, 1, 4
72, 36, 0, 1, 4
72, 36, 0, 1, 4
72, 36, 0, 1, 4
72, 36, 0, 1, 4
72, 36, 0, 1, 4
72, 36, 0, 1, 4
72, 36, 0, 1, 4
72, 36, 0, 1, 4
72, 36, 0, 1, 4
72, 36, 0, 1, 4
72, 36, 0, 1, 4
72, 36, 0, 1, 4
72, 36, 0, 1, 4
72, 36, 0, 1, 4
72, 36, 0, 1, 5
72, 36, 0, 1, 5
72, 36, 0, 1, 5
72, 36, 0, 1, 5
72, 36, 0, 1, 5
72, 36, 0, 1, 5
72, 36, 0, 1, 5
72, 36, 0, 1, 5
72, 36, 0, 1, 5
72, 36, 0, 1, 5
72, 36, 0, 1, 5
72, 36, 0, 1, 5
72, 72, 1, 0, 2
72, 72, 1, 0, 2
72, 72, 1, 0, 2
72, 72, 1, 0, 2
72, 72, 1, 0, 2
72, 72, 1, 0, 2
72, 72, 1, 0, 2
72, 72, 1, 0, 2
72, 72, 1, 0, 2
72, 72, 1, 0, 2
72, 72, 1, 0, 2
72, 72, 1, 0, 2
72, 72, 1, 0, 3
72, 72, 1, 0, 3
72, 72, 1, 0, 3
72, 72, 1, 0, 3
72, 72, 1, 0, 3
72, 72, 1, 0, 3
72, 72, 1, 0, 3
72, 72, 1, 0, 3
72, 72, 1, 0, 3
72, 72, 1, 0, 3
72, 72, 1, 0, 3
72, 72, 1, 0, 3
72, 72, 1, 0, 3
72, 72, 1, 0, 3
72, 72, 1, 0, 3
72, 72, 1, 0, 3
72, 72, 1, 0, 3
72, 72, 1, 0, 3
72, 72, 1, 0, 3
72, 72, 1, 0, 3
72, 72, 1, 0, 3
72, 72, 1, 0, 3
72, 72, 1, 0, 3
72, 72, 1, 0, 3
72, 72, 1, 0, 3
72, 72, 1, 0, 3
72, 72, 1, 0, 3
72, 72, 1, 0, 3
72, 72, 1, 0, 3
72, 72, 1, 0, 3
72, 72, 1, 0, 3
72, 72, 1, 0, 3
72, 72, 1, 0, 3
72, 72, 1, 0, 3
72, 72, 1, 0, 3
72, 72, 1, 0, 3
72, 72, 1, 0, 3
72, 72, 1, 0, 3
72, 72, 1, 0, 3
72, 72, 1, 0, 3
72, 72, 1, 0, 3
72, 72, 1, 0, 3
72, 72, 1, 0, 3
72, 72, 1, 0, 3
72, 72, 1, 0, 3
72, 72, 1, 0, 3
72, 72, 1, 0, 3
72, 72, 1, 0, 3
72, 72, 1, 0, 4
72, 72, 1, 0, 4
72, 72, 1, 0, 4
72, 72, 1, 0, 4
72, 72, 1, 0, 4
72, 72, 1, 0, 4
72, 72, 1, 0, 4
72, 72, 1, 0, 4
72, 72, 1, 0, 4
72, 72, 1, 0, 4
72, 72, 1, 0, 4
72, 72, 1, 0, 4
73, 44, 0, 1, 2
73, 44, 0, 1, 2
73, 44, 0, 1, 2
73, 44, 0, 1, 2
73, 44, 0, 1, 3
73, 44, 0, 1, 3
73, 44, 0, 1, 3
73, 44, 0, 1, 3
73, 44, 0, 1, 4
73, 44, 0, 1, 4
73, 44, 0, 1, 4
73, 44, 0, 1, 4
73, 44, 0, 1, 4
73, 44, 0, 1, 4
73, 44, 0, 1, 4
73, 44, 0, 1, 4
73, 44, 0, 1, 4
73, 44, 0, 1, 4
73, 44, 0, 1, 4
73, 44, 0, 1, 4
73, 44, 0, 1, 4
73, 44, 0, 1, 4
73, 44, 0, 1, 4
73, 44, 0, 1, 4
73, 44, 0, 1, 4
73, 44, 0, 1, 4
73, 44, 0, 1, 4
73, 44, 0, 1, 4
73, 44, 0, 1, 4
73, 44, 0, 1, 4
73, 44, 0, 1, 4
73, 44, 0, 1, 4
73, 44, 0, 1, 5
73, 44, 0, 1, 5
73, 44, 0, 1, 5
73, 44, 0, 1, 5
73, 44, 0, 1, 5
73, 44, 0, 1, 5
73, 44, 0, 1, 5
73, 44, 0, 1, 5
73, 44, 0, 1, 5
73, 44, 0, 1, 5
73, 44, 0, 1, 5
73, 44, 0, 1, 5
73, 52, 1, 0, 2
73, 52, 1, 0, 2
73, 52, 1, 0, 2
73, 52, 1, 0, 2
73, 52, 1, 0, 2
73, 52, 1, 0, 2
73, 52, 1, 0, 2
73, 52, 1, 0, 2
73, 52, 1, 0, 2
73, 52, 1, 0, 2
73, 52, 1, 0, 2
73, 52, 1, 0, 2
73, 52, 1, 0, 2
73, 52, 1, 0, 2
73, 52, 1, 0, 2
73, 52, 1, 0, 2
73, 52, 1, 0, 2
73, 52, 1, 0, 2
73, 52, 1, 0, 2
73, 52, 1, 0, 2
73, 52, 1, 0, 2
73, 52, 1, 0, 2
73, 52, 1, 0, 2
73, 52, 1, 0, 2
73, 52, 1, 0, 2
73, 52, 1, 0, 2
73, 52, 1, 0, 2
73, 52, 1, 0, 2
73, 52, 1, 0, 2
73, 52, 1, 0, 2
73, 52, 1, 0, 2
73, 52, 1, 0, 2
73, 52, 1, 0, 2
73, 52, 1, 0, 2
73, 52, 1, 0, 2
73, 52, 1, 0, 2
73, 52, 1, 0, 2
73, 52, 1, 0, 2
73, 52, 1, 0, 2
73, 52, 1, 0, 2
73, 52, 1, 0, 3
73, 52, 1, 0, 3
73, 52, 1, 0, 3
73, 52, 1, 0, 3
73, 52, 1, 0, 3
73, 52, 1, 0, 3
73, 52, 1, 0, 3
73, 52, 1, 0, 3
73, 52, 1, 0, 4
73, 52, 1, 0, 4
73, 52, 1, 0, 4
73, 52, 1, 0, 4
74, 40, 0, 1, 3
74, 40, 0, 1, 3
74, 40, 0, 1, 3
74, 40, 0, 1, 3
74, 40, 0, 1, 4
74, 40, 0, 1, 4
74, 40, 0, 1, 4
74, 40, 0, 1, 4
74, 40, 0, 1, 4
74, 40, 0, 1, 4
74, 40, 0, 1, 4
74, 40, 0, 1, 4
74, 40, 0, 1, 4
74, 40, 0, 1, 4
74, 40, 0, 1, 4
74, 40, 0, 1, 4
74, 40, 0, 1, 4
74, 40, 0, 1, 4
74, 40, 0, 1, 4
74, 40, 0, 1, 4
74, 40, 0, 1, 4
74, 40, 0, 1, 4
74, 40, 0, 1, 4
74, 40, 0, 1, 4
74, 40, 0, 1, 4
74, 40, 0, 1, 4
74, 40, 0, 1, 4
74, 40, 0, 1, 4
74, 40, 0, 1, 5
74, 40, 0, 1, 5
74, 40, 0, 1, 5
74, 40, 0, 1, 5
74, 40, 0, 1, 5
74, 40, 0, 1, 5
74, 40, 0, 1, 5
74, 40, 0, 1, 5
74, 40, 0, 1, 5
74, 40, 0, 1, 5
74, 40, 0, 1, 5
74, 40, 0, 1, 5
74, 68, 1, 0, 2
74, 68, 1, 0, 2
74, 68, 1, 0, 2
74, 68, 1, 0, 2
74, 68, 1, 0, 2
74, 68, 1, 0, 2
74, 68, 1, 0, 2
74, 68, 1, 0, 2
74, 68, 1, 0, 2
74, 68, 1, 0, 2
74, 68, 1, 0, 2
74, 68, 1, 0, 2
74, 68, 1, 0, 2
74, 68, 1, 0, 2
74, 68, 1, 0, 2
74, 68, 1, 0, 2
74, 68, 1, 0, 2
74, 68, 1, 0, 2
74, 68, 1, 0, 2
74, 68, 1, 0, 2
74, 68, 1, 0, 2
74, 68, 1, 0, 2
74, 68, 1, 0, 2
74, 68, 1, 0, 2
74, 68, 1, 0, 3
74, 68, 1, 0, 3
74, 68, 1, 0, 3
74, 68, 1, 0, 3
74, 68, 1, 0, 3
74, 68, 1, 0, 3
74, 68, 1, 0, 3
74, 68, 1, 0, 3
74, 68, 1, 0, 3
74, 68, 1, 0, 3
74, 68, 1, 0, 3
74, 68, 1, 0, 3
74, 68, 1, 0, 3
74, 68, 1, 0, 3
74, 68, 1, 0, 3
74, 68, 1, 0, 3
74, 68, 1, 0, 3
74, 68, 1, 0, 3
74, 68, 1, 0, 3
74, 68, 1, 0, 3
74, 68, 1, 0, 3
74, 68, 1, 0, 3
74, 68, 1, 0, 3
74, 68, 1, 0, 3
74, 68, 1, 0, 3
74, 68, 1, 0, 3
74, 68, 1, 0, 3
74, 68, 1, 0, 3
74, 68, 1, 0, 3
74, 68, 1, 0, 3
74, 68, 1, 0, 3
74, 68, 1, 0, 3
74, 68, 1, 0, 4
74, 68, 1, 0, 4
74, 68, 1, 0, 4
74, 68, 1, 0, 4
74, 68, 1, 0, 4
74, 68, 1, 0, 4
74, 68, 1, 0, 4
74, 68, 1, 0, 4
74, 68, 1, 0, 4
74, 68, 1, 0, 4
74, 68, 1, 0, 4
74, 68, 1, 0, 4
75, 25, 1, 0, 4
75, 25, 1, 0, 6
75, 25, 1, 0, 6
75, 25, 1, 0, 6
75, 25, 1, 0, 6
75, 25, 1, 0, 6
75, 25, 1, 0, 6
75, 25, 1, 0, 6
75, 25, 1, 0, 6
75, 25, 1, 0, 6
75, 25, 1, 0, 6
75, 25, 1, 0, 6
75, 25, 1, 0, 6
75, 25, 1, 0, 6
75, 25, 1, 0, 6
75, 25, 1, 0, 6
75, 25, 1, 0, 6
75, 25, 1, 0, 6
75, 25, 1, 0, 6
75, 25, 1, 0, 6
75, 25, 1, 0, 6
75, 25, 1, 0, 6
75, 25, 1, 0, 6
75, 25, 1, 0, 6
75, 25, 1, 0, 6
75, 25, 2, 1, 4
75, 25, 2, 1, 6
75, 25, 2, 1, 6
75, 25, 2, 1, 6
75, 25, 2, 1, 6
75, 25, 2, 1, 6
75, 25, 2, 1, 6
75, 25, 2, 1, 6
75, 25, 2, 1, 6
75, 25, 2, 1, 6
75, 25, 2, 1, 6
75, 25, 2, 1, 6
75, 25, 2, 1, 6
75, 25, 2, 1, 6
75, 25, 2, 1, 6
75, 25, 2, 1, 6
75, 25, 2, 1, 6
75, 25, 2, 1, 6
75, 25, 2, 1, 6
75, 25, 2, 1, 6
75, 25, 2, 1, 6
75, 25, 2, 1, 6
75, 25, 2, 1, 6
75, 25, 2, 1, 6
75, 25, 2, 1, 6
76, 6, 0, 1, 4
76, 6, 0, 1, 6
76, 6, 0, 1, 6
76, 6, 0, 3, 4
76, 6, 0, 3, 6
76, 6, 0, 3, 6
76, 9, 1, 0, 4
76, 9, 1, 0, 6
76, 9, 1, 0, 6
76, 9, 1, 2, 4
76, 9, 1, 2, 6
76, 9, 1, 2, 6
76, 9, 1, 4, 4
76, 9, 1, 4, 6
76, 9, 1, 4, 6
76, 6, 2, 1, 4
76, 6, 2, 1, 6
76, 6, 2, 1, 6
76, 6, 2, 5, 4
76, 6, 2, 5, 6
76, 6, 2, 5, 6
76, 9, 3, 0, 4
76, 9, 3, 0, 6
76, 9, 3, 0, 6
76, 9, 3, 4, 4
76, 9, 3, 4, 6
76, 9, 3, 4, 6
76, 9, 3, 6, 4
76, 9, 3, 6, 6
76, 9, 3, 6, 6
76, 12, 4, 1, 4
76, 12, 4, 1, 6
76, 12, 4, 1, 6
76, 12, 4, 3, 4
76, 12, 4, 3, 6
76, 12, 4, 3, 6
76, 12, 4, 5, 4
76, 12, 4, 5, 6
76, 12, 4, 5, 6
76, 12, 4, 7, 4
76, 12, 4, 7, 6
76, 12, 4, 7, 6
76, 9, 5, 2, 4
76, 9, 5, 2, 6
76, 9, 5, 2, 6
76, 9, 5, 4, 4
76, 9, 5, 4, 6
76, 9, 5, 4, 6
76, 9, 5, 8, 4
76, 9, 5, 8, 6
76, 9, 5, 8, 6
76, 6, 6, 3, 4
76, 6, 6, 3, 6
76, 6, 6, 3, 6
76, 6, 6, 7, 4
76, 6, 6, 7, 6
76, 6, 6, 7, 6
76, 9, 7, 4, 4
76, 9, 7, 4, 6
76, 9, 7, 4, 6
76, 9, 7, 6, 4
76, 9, 7, 6, 6
76, 9, 7, 6, 6
76, 9, 7, 8, 4
76, 9, 7, 8, 6
76, 9, 7, 8, 6
76, 6, 8, 5, 4
76, 6, 8, 5, 6
76, 6, 8, 5, 6
76, 6, 8, 7, 4
76, 6, 8, 7, 6
76, 6, 8, 7, 6
77, 2, 1, 0, 4
77, 2, 1, 2, 4
77, 1, 2, 0, 4
78, 44, 0, 1, 6
78, 44, 0, 1, 6
78, 44, 0, 1, 6
78, 44, 0, 1, 6
78, 44, 0, 1, 6
78, 44, 0, 1, 6
78, 44, 0, 1, 6
78, 44, 0, 1, 6
78, 44, 0, 1, 6
78, 44, 0, 1, 6
78, 44, 0, 1, 6
78, 44, 0, 1, 6
78, 44, 0, 1, 6
78, 44, 0, 1, 6
78, 44, 0, 1, 6
78, 44, 0, 1, 6
78, 44, 0, 1, 6
78, 44, 0, 1, 6
78, 44, 0, 1, 6
78, 44, 0, 1, 6
78, 44, 0, 1, 6
78, 44, 0, 1, 6
78, 44, 0, 1, 6
78, 44, 0, 1, 6
78, 44, 0, 1, 6
78, 44, 0, 1, 6
78, 44, 0, 1, 6
78, 44, 0, 1, 6
78, 44, 0, 1, 6
78, 44, 0, 1, 6
78, 44, 0, 1, 6
78, 44, 0, 1, 6
78, 44, 0, 1, 6
78, 44, 0, 1, 6
78, 44, 0, 1, 6
78, 44, 0, 1, 6
78, 44, 0, 1, 6
78, 44, 0, 1, 6
78, 44, 0, 1, 6
78, 44, 0, 1, 6
78, 44, 0, 1, 6
78, 44, 0, 1, 6
78, 44, 0, 1, 6
78, 44, 0, 1, 6
78, 44, 1, 0, 3
78, 44, 1, 0, 3
78, 44, 1, 0, 3
78, 44, 1, 0, 3
78, 44, 1, 0, 4
78, 44, 1, 0, 4
78, 44, 1, 0, 4
78, 44, 1, 0, 4
78, 44, 1, 0, 5
78, 44, 1, 0, 5
78, 44, 1, 0, 5
78, 44, 1, 0, 5
78, 44, 1, 0, 5
78, 44, 1, 0, 5
78, 44, 1, 0, 5
78, 44, 1, 0, 5
78, 44, 1, 0, 5
78, 44, 1, 0, 5
78, 44, 1, 0, 5
78, 44, 1, 0, 5
78, 44, 1, 0, 5
78, 44, 1, 0, 5
78, 44, 1, 0, 5
78, 44, 1, 0, 5
78, 44, 1, 0, 5
78, 44, 1, 0, 5
78, 44, 1, 0, 5
78, 44, 1, 0, 5
78, 44, 1, 0, 5
78, 44, 1, 0, 5
78, 44, 1, 0, 5
78, 44, 1, 0, 5
78, 44, 1, 0, 6
78, 44, 1, 0, 6
78, 44, 1, 0, 6
78, 44, 1, 0, 6
78, 44, 1, 0, 6
78, 44, 1, 0, 6
78, 44, 1, 0, 6
78, 44, 1, 0, 6
78, 44, 1, 0, 6
78, 44, 1, 0, 6
78, 44, 1, 0, 6
78, 44, 1, 0, 6
79, 1, 1, 0, 4
Goal
77
78
79
