CG
26
0, 10, 20, 24
0, 10, 24, 24
0, 10, 18, 12
0, 10, 19, 12
0, 10, 16, 12
0, 10, 17, 12
0, 10, 23, 12
0, 10, 1, 24
0, 10, 8, 24
0, 10, 9, 24
1, 10, 20, 24
1, 10, 24, 24
1, 10, 18, 12
1, 10, 19, 12
1, 10, 16, 12
1, 10, 17, 12
1, 10, 23, 12
1, 10, 8, 24
1, 10, 9, 24
1, 10, 0, 12
2, 10, 20, 24
2, 10, 24, 24
2, 10, 18, 12
2, 10, 19, 12
2, 10, 16, 12
2, 10, 17, 12
2, 10, 23, 12
2, 10, 3, 24
2, 10, 10, 24
2, 10, 11, 24
3, 10, 20, 24
3, 10, 24, 24
3, 10, 18, 12
3, 10, 19, 12
3, 10, 16, 12
3, 10, 17, 12
3, 10, 23, 12
3, 10, 10, 24
3, 10, 11, 24
3, 10, 2, 12
4, 10, 20, 24
4, 10, 24, 24
4, 10, 18, 12
4, 10, 19, 12
4, 10, 16, 12
4, 10, 17, 12
4, 10, 23, 12
4, 10, 5, 24
4, 10, 12, 24
4, 10, 13, 24
5, 10, 20, 24
5, 10, 24, 24
5, 10, 18, 12
5, 10, 19, 12
5, 10, 16, 12
5, 10, 17, 12
5, 10, 23, 12
5, 10, 12, 24
5, 10, 13, 24
5, 10, 4, 12
6, 10, 20, 24
6, 10, 24, 24
6, 10, 18, 12
6, 10, 19, 12
6, 10, 16, 12
6, 10, 17, 12
6, 10, 23, 12
6, 10, 7, 24
6, 10, 14, 24
6, 10, 15, 24
7, 10, 20, 24
7, 10, 24, 24
7, 10, 18, 12
7, 10, 19, 12
7, 10, 16, 12
7, 10, 17, 12
7, 10, 23, 12
7, 10, 14, 24
7, 10, 15, 24
7, 10, 6, 12
8, 1, 21, 12
9, 1, 22, 12
10, 1, 21, 12
11, 1, 22, 12
12, 1, 21, 12
13, 1, 22, 12
14, 1, 21, 12
15, 1, 22, 12
16, 18, 20, 12
16, 18, 24, 12
16, 18, 3, 3
16, 18, 5, 3
16, 18, 7, 3
16, 18, 1, 3
16, 18, 10, 3
16, 18, 12, 3
16, 18, 14, 3
16, 18, 8, 3
16, 18, 11, 3
16, 18, 13, 3
16, 18, 15, 3
16, 18, 9, 3
16, 18, 2, 3
16, 18, 4, 3
16, 18, 6, 3
16, 18, 0, 3
17, 18, 20, 12
17, 18, 24, 12
17, 18, 3, 3
17, 18, 5, 3
17, 18, 7, 3
17, 18, 1, 3
17, 18, 10, 3
17, 18, 12, 3
17, 18, 14, 3
17, 18, 8, 3
17, 18, 11, 3
17, 18, 13, 3
17, 18, 15, 3
17, 18, 9, 3
17, 18, 2, 3
17, 18, 4, 3
17, 18, 6, 3
17, 18, 0, 3
18, 18, 20, 12
18, 18, 24, 13
18, 18, 3, 3
18, 18, 5, 3
18, 18, 7, 3
18, 18, 1, 3
18, 18, 10, 3
18, 18, 12, 3
18, 18, 14, 3
18, 18, 8, 3
18, 18, 11, 3
18, 18, 13, 3
18, 18, 15, 3
18, 18, 9, 3
18, 18, 2, 3
18, 18, 4, 3
18, 18, 6, 3
18, 18, 0, 3
19, 18, 20, 13
19, 18, 24, 12
19, 18, 3, 3
19, 18, 5, 3
19, 18, 7, 3
19, 18, 1, 3
19, 18, 10, 3
19, 18, 12, 3
19, 18, 14, 3
19, 18, 8, 3
19, 18, 11, 3
19, 18, 13, 3
19, 18, 15, 3
19, 18, 9, 3
19, 18, 2, 3
19, 18, 4, 3
19, 18, 6, 3
19, 18, 0, 3
20, 10, -1, 1
20, 10, -1, 1
20, 10, 25, 1
20, 10, 18, 25
20, 10, 19, 26
20, 10, 16, 25
20, 10, 17, 25
20, 10, 21, 48
20, 10, 10, 36
20, 10, 12, 36
20, 10, 14, 36
20, 10, 8, 36
21, 2, 23, 48
21, 2, 22, 48
22, 2, 23, 48
22, 2, 21, 48
23, 25, -1, 1
23, 25, -1, 1
23, 25, 25, 1
23, 25, 20, 149
23, 25, -1, 1
23, 25, -1, 1
23, 25, -1, 1
23, 25, 24, 149
23, 25, 18, 51
23, 25, 19, 51
23, 25, 16, 50
23, 25, 17, 50
23, 25, 21, 144
23, 25, 22, 144
23, 25, 3, 24
23, 25, 5, 24
23, 25, 7, 24
23, 25, 1, 24
23, 25, 10, 36
23, 25, 12, 36
23, 25, 14, 36
23, 25, 8, 36
23, 25, 11, 36
23, 25, 13, 36
23, 25, 15, 36
23, 25, 9, 36
23, 25, 2, 24
23, 25, 4, 24
23, 25, 6, 24
23, 25, 0, 24
24, 9, -1, 1
24, 9, -1, 1
24, 9, -1, 1
24, 9, 18, 26
24, 9, 19, 25
24, 9, 16, 25
24, 9, 17, 25
24, 9, 22, 48
24, 9, 11, 36
24, 9, 13, 36
24, 9, 15, 36
24, 9, 9, 36
DTG
0, 12, 0, 1, 3
0, 12, 0, 2, 3
0, 12, 0, 3, 3
0, 12, 0, 4, 3
0, 12, 0, 5, 3
0, 12, 0, 6, 3
0, 12, 0, 7, 3
0, 12, 0, 8, 3
0, 12, 0, 9, 3
0, 12, 0, 10, 3
0, 12, 0, 11, 3
0, 12, 0, 12, 3
0, 1, 1, 0, 3
0, 1, 2, 0, 3
0, 1, 3, 0, 3
0, 1, 4, 0, 3
0, 1, 5, 0, 3
0, 1, 6, 0, 3
0, 1, 7, 0, 3
0, 1, 8, 0, 3
0, 1, 9, 0, 3
0, 1, 10, 0, 3
0, 1, 11, 0, 3
0, 1, 12, 0, 3
1, 12, 0, 1, 3
1, 12, 0, 1, 3
1, 12, 0, 1, 3
1, 12, 0, 1, 3
1, 12, 0, 1, 3
1, 12, 0, 1, 3
1, 12, 0, 1, 3
1, 12, 0, 1, 3
1, 12, 0, 1, 3
1, 12, 0, 1, 3
1, 12, 0, 1, 3
1, 12, 0, 1, 3
1, 4, 1, 0, 4
1, 4, 1, 0, 4
1, 4, 1, 0, 4
1, 4, 1, 0, 4
2, 12, 0, 1, 3
2, 12, 0, 2, 3
2, 12, 0, 3, 3
2, 12, 0, 4, 3
2, 12, 0, 5, 3
2, 12, 0, 6, 3
2, 12, 0, 7, 3
2, 12, 0, 8, 3
2, 12, 0, 9, 3
2, 12, 0, 10, 3
2, 12, 0, 11, 3
2, 12, 0, 12, 3
2, 1, 1, 0, 3
2, 1, 2, 0, 3
2, 1, 3, 0, 3
2, 1, 4, 0, 3
2, 1, 5, 0, 3
2, 1, 6, 0, 3
2, 1, 7, 0, 3
2, 1, 8, 0, 3
2, 1, 9, 0, 3
2, 1, 10, 0, 3
2, 1, 11, 0, 3
2, 1, 12, 0, 3
3, 12, 0, 1, 3
3, 12, 0, 1, 3
3, 12, 0, 1, 3
3, 12, 0, 1, 3
3, 12, 0, 1, 3
3, 12, 0, 1, 3
3, 12, 0, 1, 3
3, 12, 0, 1, 3
3, 12, 0, 1, 3
3, 12, 0, 1, 3
3, 12, 0, 1, 3
3, 12, 0, 1, 3
3, 4, 1, 0, 4
3, 4, 1, 0, 4
3, 4, 1, 0, 4
3, 4, 1, 0, 4
4, 12, 0, 1, 3
4, 12, 0, 2, 3
4, 12, 0, 3, 3
4, 12, 0, 4, 3
4, 12, 0, 5, 3
4, 12, 0, 6, 3
4, 12, 0, 7, 3
4, 12, 0, 8, 3
4, 12, 0, 9, 3
4, 12, 0, 10, 3
4, 12, 0, 11, 3
4, 12, 0, 12, 3
4, 1, 1, 0, 3
4, 1, 2, 0, 3
4, 1, 3, 0, 3
4, 1, 4, 0, 3
4, 1, 5, 0, 3
4, 1, 6, 0, 3
4, 1, 7, 0, 3
4, 1, 8, 0, 3
4, 1, 9, 0, 3
4, 1, 10, 0, 3
4, 1, 11, 0, 3
4, 1, 12, 0, 3
5, 12, 0, 1, 3
5, 12, 0, 1, 3
5, 12, 0, 1, 3
5, 12, 0, 1, 3
5, 12, 0, 1, 3
5, 12, 0, 1, 3
5, 12, 0, 1, 3
5, 12, 0, 1, 3
5, 12, 0, 1, 3
5, 12, 0, 1, 3
5, 12, 0, 1, 3
5, 12, 0, 1, 3
5, 4, 1, 0, 4
5, 4, 1, 0, 4
5, 4, 1, 0, 4
5, 4, 1, 0, 4
6, 12, 0, 1, 3
6, 12, 0, 2, 3
6, 12, 0, 3, 3
6, 12, 0, 4, 3
6, 12, 0, 5, 3
6, 12, 0, 6, 3
6, 12, 0, 7, 3
6, 12, 0, 8, 3
6, 12, 0, 9, 3
6, 12, 0, 10, 3
6, 12, 0, 11, 3
6, 12, 0, 12, 3
6, 1, 1, 0, 3
6, 1, 2, 0, 3
6, 1, 3, 0, 3
6, 1, 4, 0, 3
6, 1, 5, 0, 3
6, 1, 6, 0, 3
6, 1, 7, 0, 3
6, 1, 8, 0, 3
6, 1, 9, 0, 3
6, 1, 10, 0, 3
6, 1, 11, 0, 3
6, 1, 12, 0, 3
7, 12, 0, 1, 3
7, 12, 0, 1, 3
7, 12, 0, 1, 3
7, 12, 0, 1, 3
7, 12, 0, 1, 3
7, 12, 0, 1, 3
7, 12, 0, 1, 3
7, 12, 0, 1, 3
7, 12, 0, 1, 3
7, 12, 0, 1, 3
7, 12, 0, 1, 3
7, 12, 0, 1, 3
7, 4, 1, 0, 4
7, 4, 1, 0, 4
7, 4, 1, 0, 4
7, 4, 1, 0, 4
8, 12, 0, 1, 5
8, 12, 0, 1, 5
8, 12, 0, 1, 5
8, 12, 0, 1, 5
8, 12, 0, 1, 5
8, 12, 0, 1, 5
8, 12, 0, 1, 5
8, 12, 0, 1, 5
8, 12, 0, 1, 5
8, 12, 0, 1, 5
8, 12, 0, 1, 5
8, 12, 0, 1, 5
8, 24, 1, 0, 3
8, 24, 1, 0, 3
8, 24, 1, 0, 3
8, 24, 1, 0, 3
8, 24, 1, 0, 3
8, 24, 1, 0, 3
8, 24, 1, 0, 3
8, 24, 1, 0, 3
8, 24, 1, 0, 3
8, 24, 1, 0, 3
8, 24, 1, 0, 3
8, 24, 1, 0, 3
8, 24, 1, 0, 6
8, 24, 1, 0, 6
8, 24, 1, 0, 6
8, 24, 1, 0, 6
8, 24, 1, 0, 6
8, 24, 1, 0, 6
8, 24, 1, 0, 6
8, 24, 1, 0, 6
8, 24, 1, 0, 6
8, 24, 1, 0, 6
8, 24, 1, 0, 6
8, 24, 1, 0, 6
9, 12, 0, 1, 5
9, 12, 0, 1, 5
9, 12, 0, 1, 5
9, 12, 0, 1, 5
9, 12, 0, 1, 5
9, 12, 0, 1, 5
9, 12, 0, 1, 5
9, 12, 0, 1, 5
9, 12, 0, 1, 5
9, 12, 0, 1, 5
9, 12, 0, 1, 5
9, 12, 0, 1, 5
9, 24, 1, 0, 3
9, 24, 1, 0, 3
9, 24, 1, 0, 3
9, 24, 1, 0, 3
9, 24, 1, 0, 3
9, 24, 1, 0, 3
9, 24, 1, 0, 3
9, 24, 1, 0, 3
9, 24, 1, 0, 3
9, 24, 1, 0, 3
9, 24, 1, 0, 3
9, 24, 1, 0, 3
9, 24, 1, 0, 6
9, 24, 1, 0, 6
9, 24, 1, 0, 6
9, 24, 1, 0, 6
9, 24, 1, 0, 6
9, 24, 1, 0, 6
9, 24, 1, 0, 6
9, 24, 1, 0, 6
9, 24, 1, 0, 6
9, 24, 1, 0, 6
9, 24, 1, 0, 6
9, 24, 1, 0, 6
10, 12, 0, 1, 5
10, 12, 0, 1, 5
10, 12, 0, 1, 5
10, 12, 0, 1, 5
10, 12, 0, 1, 5
10, 12, 0, 1, 5
10, 12, 0, 1, 5
10, 12, 0, 1, 5
10, 12, 0, 1, 5
10, 12, 0, 1, 5
10, 12, 0, 1, 5
10, 12, 0, 1, 5
10, 24, 1, 0, 3
10, 24, 1, 0, 3
10, 24, 1, 0, 3
10, 24, 1, 0, 3
10, 24, 1, 0, 3
10, 24, 1, 0, 3
10, 24, 1, 0, 3
10, 24, 1, 0, 3
10, 24, 1, 0, 3
10, 24, 1, 0, 3
10, 24, 1, 0, 3
10, 24, 1, 0, 3
10, 24, 1, 0, 6
10, 24, 1, 0, 6
10, 24, 1, 0, 6
10, 24, 1, 0, 6
10, 24, 1, 0, 6
10, 24, 1, 0, 6
10, 24, 1, 0, 6
10, 24, 1, 0, 6
10, 24, 1, 0, 6
10, 24, 1, 0, 6
10, 24, 1, 0, 6
10, 24, 1, 0, 6
11, 12, 0, 1, 5
11, 12, 0, 1, 5
11, 12, 0, 1, 5
11, 12, 0, 1, 5
11, 12, 0, 1, 5
11, 12, 0, 1, 5
11, 12, 0, 1, 5
11, 12, 0, 1, 5
11, 12, 0, 1, 5
11, 12, 0, 1, 5
11, 12, 0, 1, 5
11, 12, 0, 1, 5
11, 24, 1, 0, 3
11, 24, 1, 0, 3
11, 24, 1, 0, 3
11, 24, 1, 0, 3
11, 24, 1, 0, 3
11, 24, 1, 0, 3
11, 24, 1, 0, 3
11, 24, 1, 0, 3
11, 24, 1, 0, 3
11, 24, 1, 0, 3
11, 24, 1, 0, 3
11, 24, 1, 0, 3
11, 24, 1, 0, 6
11, 24, 1, 0, 6
11, 24, 1, 0, 6
11, 24, 1, 0, 6
11, 24, 1, 0, 6
11, 24, 1, 0, 6
11, 24, 1, 0, 6
11, 24, 1, 0, 6
11, 24, 1, 0, 6
11, 24, 1, 0, 6
11, 24, 1, 0, 6
11, 24, 1, 0, 6
12, 12, 0, 1, 5
12, 12, 0, 1, 5
12, 12, 0, 1, 5
12, 12, 0, 1, 5
12, 12, 0, 1, 5
12, 12, 0, 1, 5
12, 12, 0, 1, 5
12, 12, 0, 1, 5
12, 12, 0, 1, 5
12, 12, 0, 1, 5
12, 12, 0, 1, 5
12, 12, 0, 1, 5
12, 24, 1, 0, 3
12, 24, 1, 0, 3
12, 24, 1, 0, 3
12, 24, 1, 0, 3
12, 24, 1, 0, 3
12, 24, 1, 0, 3
12, 24, 1, 0, 3
12, 24, 1, 0, 3
12, 24, 1, 0, 3
12, 24, 1, 0, 3
12, 24, 1, 0, 3
12, 24, 1, 0, 3
12, 24, 1, 0, 6
12, 24, 1, 0, 6
12, 24, 1, 0, 6
12, 24, 1, 0, 6
12, 24, 1, 0, 6
12, 24, 1, 0, 6
12, 24, 1, 0, 6
12, 24, 1, 0, 6
12, 24, 1, 0, 6
12, 24, 1, 0, 6
12, 24, 1, 0, 6
12, 24, 1, 0, 6
13, 12, 0, 1, 5
13, 12, 0, 1, 5
13, 12, 0, 1, 5
13, 12, 0, 1, 5
13, 12, 0, 1, 5
13, 12, 0, 1, 5
13, 12, 0, 1, 5
13, 12, 0, 1, 5
13, 12, 0, 1, 5
13, 12, 0, 1, 5
13, 12, 0, 1, 5
13, 12, 0, 1, 5
13, 24, 1, 0, 3
13, 24, 1, 0, 3
13, 24, 1, 0, 3
13, 24, 1, 0, 3
13, 24, 1, 0, 3
13, 24, 1, 0, 3
13, 24, 1, 0, 3
13, 24, 1, 0, 3
13, 24, 1, 0, 3
13, 24, 1, 0, 3
13, 24, 1, 0, 3
13, 24, 1, 0, 3
13, 24, 1, 0, 6
13, 24, 1, 0, 6
13, 24, 1, 0, 6
13, 24, 1, 0, 6
13, 24, 1, 0, 6
13, 24, 1, 0, 6
13, 24, 1, 0, 6
13, 24, 1, 0, 6
13, 24, 1, 0, 6
13, 24, 1, 0, 6
13, 24, 1, 0, 6
13, 24, 1, 0, 6
14, 12, 0, 1, 5
14, 12, 0, 1, 5
14, 12, 0, 1, 5
14, 12, 0, 1, 5
14, 12, 0, 1, 5
14, 12, 0, 1, 5
14, 12, 0, 1, 5
14, 12, 0, 1, 5
14, 12, 0, 1, 5
14, 12, 0, 1, 5
14, 12, 0, 1, 5
14, 12, 0, 1, 5
14, 24, 1, 0, 3
14, 24, 1, 0, 3
14, 24, 1, 0, 3
14, 24, 1, 0, 3
14, 24, 1, 0, 3
14, 24, 1, 0, 3
14, 24, 1, 0, 3
14, 24, 1, 0, 3
14, 24, 1, 0, 3
14, 24, 1, 0, 3
14, 24, 1, 0, 3
14, 24, 1, 0, 3
14, 24, 1, 0, 6
14, 24, 1, 0, 6
14, 24, 1, 0, 6
14, 24, 1, 0, 6
14, 24, 1, 0, 6
14, 24, 1, 0, 6
14, 24, 1, 0, 6
14, 24, 1, 0, 6
14, 24, 1, 0, 6
14, 24, 1, 0, 6
14, 24, 1, 0, 6
14, 24, 1, 0, 6
15, 12, 0, 1, 5
15, 12, 0, 1, 5
15, 12, 0, 1, 5
15, 12, 0, 1, 5
15, 12, 0, 1, 5
15, 12, 0, 1, 5
15, 12, 0, 1, 5
15, 12, 0, 1, 5
15, 12, 0, 1, 5
15, 12, 0, 1, 5
15, 12, 0, 1, 5
15, 12, 0, 1, 5
15, 24, 1, 0, 3
15, 24, 1, 0, 3
15, 24, 1, 0, 3
15, 24, 1, 0, 3
15, 24, 1, 0, 3
15, 24, 1, 0, 3
15, 24, 1, 0, 3
15, 24, 1, 0, 3
15, 24, 1, 0, 3
15, 24, 1, 0, 3
15, 24, 1, 0, 3
15, 24, 1, 0, 3
15, 24, 1, 0, 6
15, 24, 1, 0, 6
15, 24, 1, 0, 6
15, 24, 1, 0, 6
15, 24, 1, 0, 6
15, 24, 1, 0, 6
15, 24, 1, 0, 6
15, 24, 1, 0, 6
15, 24, 1, 0, 6
15, 24, 1, 0, 6
15, 24, 1, 0, 6
15, 24, 1, 0, 6
16, 24, 0, 1, 5
16, 24, 0, 1, 5
16, 24, 0, 1, 5
16, 24, 0, 1, 5
16, 24, 0, 1, 5
16, 24, 0, 1, 5
16, 24, 0, 1, 5
16, 24, 0, 1, 5
16, 24, 0, 1, 5
16, 24, 0, 1, 5
16, 24, 0, 1, 5
16, 24, 0, 1, 5
16, 24, 0, 1, 5
16, 24, 0, 1, 5
16, 24, 0, 1, 5
16, 24, 0, 1, 5
16, 24, 0, 1, 5
16, 24, 0, 1, 5
16, 24, 0, 1, 5
16, 24, 0, 1, 5
16, 24, 0, 1, 5
16, 24, 0, 1, 5
16, 24, 0, 1, 5
16, 24, 0, 1, 5
16, 2, 1, 0, 3
16, 2, 1, 0, 3
17, 24, 0, 1, 5
17, 24, 0, 1, 5
17, 24, 0, 1, 5
17, 24, 0, 1, 5
17, 24, 0, 1, 5
17, 24, 0, 1, 5
17, 24, 0, 1, 5
17, 24, 0, 1, 5
17, 24, 0, 1, 5
17, 24, 0, 1, 5
17, 24, 0, 1, 5
17, 24, 0, 1, 5
17, 24, 0, 1, 5
17, 24, 0, 1, 5
17, 24, 0, 1, 5
17, 24, 0, 1, 5
17, 24, 0, 1, 5
17, 24, 0, 1, 5
17, 24, 0, 1, 5
17, 24, 0, 1, 5
17, 24, 0, 1, 5
17, 24, 0, 1, 5
17, 24, 0, 1, 5
17, 24, 0, 1, 5
17, 2, 1, 0, 3
17, 2, 1, 0, 3
18, 25, 0, 1, 3
18, 25, 0, 1, 5
18, 25, 0, 1, 5
18, 25, 0, 1, 5
18, 25, 0, 1, 5
18, 25, 0, 1, 5
18, 25, 0, 1, 5
18, 25, 0, 1, 5
18, 25, 0, 1, 5
18, 25, 0, 1, 5
18, 25, 0, 1, 5
18, 25, 0, 1, 5
18, 25, 0, 1, 5
18, 25, 0, 1, 5
18, 25, 0, 1, 5
18, 25, 0, 1, 5
18, 25, 0, 1, 5
18, 25, 0, 1, 5
18, 25, 0, 1, 5
18, 25, 0, 1, 5
18, 25, 0, 1, 5
18, 25, 0, 1, 5
18, 25, 0, 1, 5
18, 25, 0, 1, 5
18, 25, 0, 1, 5
18, 2, 1, 0, 3
18, 2, 1, 0, 3
19, 25, 0, 1, 3
19, 25, 0, 1, 5
19, 25, 0, 1, 5
19, 25, 0, 1, 5
19, 25, 0, 1, 5
19, 25, 0, 1, 5
19, 25, 0, 1, 5
19, 25, 0, 1, 5
19, 25, 0, 1, 5
19, 25, 0, 1, 5
19, 25, 0, 1, 5
19, 25, 0, 1, 5
19, 25, 0, 1, 5
19, 25, 0, 1, 5
19, 25, 0, 1, 5
19, 25, 0, 1, 5
19, 25, 0, 1, 5
19, 25, 0, 1, 5
19, 25, 0, 1, 5
19, 25, 0, 1, 5
19, 25, 0, 1, 5
19, 25, 0, 1, 5
19, 25, 0, 1, 5
19, 25, 0, 1, 5
19, 25, 0, 1, 5
19, 2, 1, 0, 3
19, 2, 1, 0, 3
20, 13, 1, 5, 4
20, 13, 1, 5, 4
20, 13, 1, 5, 4
20, 13, 1, 6, 4
20, 13, 1, 6, 4
20, 13, 1, 6, 4
20, 13, 1, 7, 4
20, 13, 1, 7, 4
20, 13, 1, 7, 4
20, 13, 1, 8, 4
20, 13, 1, 8, 4
20, 13, 1, 8, 4
20, 13, 1, 10, 2
20, 13, 2, 5, 4
20, 13, 2, 5, 4
20, 13, 2, 5, 4
20, 13, 2, 6, 4
20, 13, 2, 6, 4
20, 13, 2, 6, 4
20, 13, 2, 7, 4
20, 13, 2, 7, 4
20, 13, 2, 7, 4
20, 13, 2, 8, 4
20, 13, 2, 8, 4
20, 13, 2, 8, 4
20, 13, 2, 10, 2
20, 13, 3, 5, 4
20, 13, 3, 5, 4
20, 13, 3, 5, 4
20, 13, 3, 6, 4
20, 13, 3, 6, 4
20, 13, 3, 6, 4
20, 13, 3, 7, 4
20, 13, 3, 7, 4
20, 13, 3, 7, 4
20, 13, 3, 8, 4
20, 13, 3, 8, 4
20, 13, 3, 8, 4
20, 13, 3, 10, 2
20, 13, 4, 0, 2
20, 13, 4, 5, 4
20, 13, 4, 5, 4
20, 13, 4, 5, 4
20, 13, 4, 6, 4
20, 13, 4, 6, 4
20, 13, 4, 6, 4
20, 13, 4, 7, 4
20, 13, 4, 7, 4
20, 13, 4, 7, 4
20, 13, 4, 8, 4
20, 13, 4, 8, 4
20, 13, 4, 8, 4
20, 24, 5, 1, 2
20, 24, 5, 1, 2
20, 24, 5, 1, 2
20, 24, 5, 1, 5
20, 24, 5, 1, 5
20, 24, 5, 1, 5
20, 24, 5, 2, 2
20, 24, 5, 2, 2
20, 24, 5, 2, 2
20, 24, 5, 2, 5
20, 24, 5, 2, 5
20, 24, 5, 2, 5
20, 24, 5, 3, 2
20, 24, 5, 3, 2
20, 24, 5, 3, 2
20, 24, 5, 3, 5
20, 24, 5, 3, 5
20, 24, 5, 3, 5
20, 24, 5, 4, 2
20, 24, 5, 4, 2
20, 24, 5, 4, 2
20, 24, 5, 4, 5
20, 24, 5, 4, 5
20, 24, 5, 4, 5
20, 24, 6, 1, 2
20, 24, 6, 1, 2
20, 24, 6, 1, 2
20, 24, 6, 1, 5
20, 24, 6, 1, 5
20, 24, 6, 1, 5
20, 24, 6, 2, 2
20, 24, 6, 2, 2
20, 24, 6, 2, 2
20, 24, 6, 2, 5
20, 24, 6, 2, 5
20, 24, 6, 2, 5
20, 24, 6, 3, 2
20, 24, 6, 3, 2
20, 24, 6, 3, 2
20, 24, 6, 3, 5
20, 24, 6, 3, 5
20, 24, 6, 3, 5
20, 24, 6, 4, 2
20, 24, 6, 4, 2
20, 24, 6, 4, 2
20, 24, 6, 4, 5
20, 24, 6, 4, 5
20, 24, 6, 4, 5
20, 24, 7, 1, 2
20, 24, 7, 1, 2
20, 24, 7, 1, 2
20, 24, 7, 1, 5
20, 24, 7, 1, 5
20, 24, 7, 1, 5
20, 24, 7, 2, 2
20, 24, 7, 2, 2
20, 24, 7, 2, 2
20, 24, 7, 2, 5
20, 24, 7, 2, 5
20, 24, 7, 2, 5
20, 24, 7, 3, 2
20, 24, 7, 3, 2
20, 24, 7, 3, 2
20, 24, 7, 3, 5
20, 24, 7, 3, 5
20, 24, 7, 3, 5
20, 24, 7, 4, 2
20, 24, 7, 4, 2
20, 24, 7, 4, 2
20, 24, 7, 4, 5
20, 24, 7, 4, 5
20, 24, 7, 4, 5
20, 24, 8, 1, 2
20, 24, 8, 1, 2
20, 24, 8, 1, 2
20, 24, 8, 1, 5
20, 24, 8, 1, 5
20, 24, 8, 1, 5
20, 24, 8, 2, 2
20, 24, 8, 2, 2
20, 24, 8, 2, 2
20, 24, 8, 2, 5
20, 24, 8, 2, 5
20, 24, 8, 2, 5
20, 24, 8, 3, 2
20, 24, 8, 3, 2
20, 24, 8, 3, 2
20, 24, 8, 3, 5
20, 24, 8, 3, 5
20, 24, 8, 3, 5
20, 24, 8, 4, 2
20, 24, 8, 4, 2
20, 24, 8, 4, 2
20, 24, 8, 4, 5
20, 24, 8, 4, 5
20, 24, 8, 4, 5
20, 1, 9, 2, 3
21, 48, 0, 1, 3
21, 48, 0, 1, 3
21, 48, 0, 1, 3
21, 48, 0, 1, 3
21, 48, 0, 1, 3
21, 48, 0, 1, 3
21, 48, 0, 1, 3
21, 48, 0, 1, 3
21, 48, 0, 1, 3
21, 48, 0, 1, 3
21, 48, 0, 1, 3
21, 48, 0, 1, 3
21, 48, 0, 1, 3
21, 48, 0, 1, 3
21, 48, 0, 1, 3
21, 48, 0, 1, 3
21, 48, 0, 1, 3
21, 48, 0, 1, 3
21, 48, 0, 1, 3
21, 48, 0, 1, 3
21, 48, 0, 1, 3
21, 48, 0, 1, 3
21, 48, 0, 1, 3
21, 48, 0, 1, 3
21, 48, 0, 1, 3
21, 48, 0, 1, 3
21, 48, 0, 1, 3
21, 48, 0, 1, 3
21, 48, 0, 1, 3
21, 48, 0, 1, 3
21, 48, 0, 1, 3
21, 48, 0, 1, 3
21, 48, 0, 1, 3
21, 48, 0, 1, 3
21, 48, 0, 1, 3
21, 48, 0, 1, 3
21, 48, 0, 1, 3
21, 48, 0, 1, 3
21, 48, 0, 1, 3
21, 48, 0, 1, 3
21, 48, 0, 1, 3
21, 48, 0, 1, 3
21, 48, 0, 1, 3
21, 48, 0, 1, 3
21, 48, 0, 1, 3
21, 48, 0, 1, 3
21, 48, 0, 1, 3
21, 48, 0, 1, 3
21, 96, 1, 0, 3
21, 96, 1, 0, 3
21, 96, 1, 0, 3
21, 96, 1, 0, 3
21, 96, 1, 0, 3
21, 96, 1, 0, 3
21, 96, 1, 0, 3
21, 96, 1, 0, 3
21, 96, 1, 0, 3
21, 96, 1, 0, 3
21, 96, 1, 0, 3
21, 96, 1, 0, 3
21, 96, 1, 0, 3
21, 96, 1, 0, 3
21, 96, 1, 0, 3
21, 96, 1, 0, 3
21, 96, 1, 0, 3
21, 96, 1, 0, 3
21, 96, 1, 0, 3
21, 96, 1, 0, 3
21, 96, 1, 0, 3
21, 96, 1, 0, 3
21, 96, 1, 0, 3
21, 96, 1, 0, 3
21, 96, 1, 0, 3
21, 96, 1, 0, 3
21, 96, 1, 0, 3
21, 96, 1, 0, 3
21, 96, 1, 0, 3
21, 96, 1, 0, 3
21, 96, 1, 0, 3
21, 96, 1, 0, 3
21, 96, 1, 0, 3
21, 96, 1, 0, 3
21, 96, 1, 0, 3
21, 96, 1, 0, 3
21, 96, 1, 0, 3
21, 96, 1, 0, 3
21, 96, 1, 0, 3
21, 96, 1, 0, 3
21, 96, 1, 0, 3
21, 96, 1, 0, 3
21, 96, 1, 0, 3
21, 96, 1, 0, 3
21, 96, 1, 0, 3
21, 96, 1, 0, 3
21, 96, 1, 0, 3
21, 96, 1, 0, 3
21, 96, 1, 0, 3
21, 96, 1, 0, 3
21, 96, 1, 0, 3
21, 96, 1, 0, 3
21, 96, 1, 0, 3
21, 96, 1, 0, 3
21, 96, 1, 0, 3
21, 96, 1, 0, 3
21, 96, 1, 0, 3
21, 96, 1, 0, 3
21, 96, 1, 0, 3
21, 96, 1, 0, 3
21, 96, 1, 0, 3
21, 96, 1, 0, 3
21, 96, 1, 0, 3
21, 96, 1, 0, 3
21, 96, 1, 0, 3
21, 96, 1, 0, 3
21, 96, 1, 0, 3
21, 96, 1, 0, 3
21, 96, 1, 0, 3
21, 96, 1, 0, 3
21, 96, 1, 0, 3
21, 96, 1, 0, 3
21, 96, 1, 0, 3
21, 96, 1, 0, 3
21, 96, 1, 0, 3
21, 96, 1, 0, 3
21, 96, 1, 0, 3
21, 96, 1, 0, 3
21, 96, 1, 0, 3
21, 96, 1, 0, 3
21, 96, 1, 0, 3
21, 96, 1, 0, 3
21, 96, 1, 0, 3
21, 96, 1, 0, 3
21, 96, 1, 0, 3
21, 96, 1, 0, 3
21, 96, 1, 0, 3
21, 96, 1, 0, 3
21, 96, 1, 0, 3
21, 96, 1, 0, 3
21, 96, 1, 0, 3
21, 96, 1, 0, 3
21, 96, 1, 0, 3
21, 96, 1, 0, 3
21, 96, 1, 0, 3
21, 96, 1, 0, 3
22, 48, 0, 1, 3
22, 48, 0, 1, 3
22, 48, 0, 1, 3
22, 48, 0, 1, 3
22, 48, 0, 1, 3
22, 48, 0, 1, 3
22, 48, 0, 1, 3
22, 48, 0, 1, 3
22, 48, 0, 1, 3
22, 48, 0, 1, 3
22, 48, 0, 1, 3
22, 48, 0, 1, 3
22, 48, 0, 1, 3
22, 48, 0, 1, 3
22, 48, 0, 1, 3
22, 48, 0, 1, 3
22, 48, 0, 1, 3
22, 48, 0, 1, 3
22, 48, 0, 1, 3
22, 48, 0, 1, 3
22, 48, 0, 1, 3
22, 48, 0, 1, 3
22, 48, 0, 1, 3
22, 48, 0, 1, 3
22, 48, 0, 1, 3
22, 48, 0, 1, 3
22, 48, 0, 1, 3
22, 48, 0, 1, 3
22, 48, 0, 1, 3
22, 48, 0, 1, 3
22, 48, 0, 1, 3
22, 48, 0, 1, 3
22, 48, 0, 1, 3
22, 48, 0, 1, 3
22, 48, 0, 1, 3
22, 48, 0, 1, 3
22, 48, 0, 1, 3
22, 48, 0, 1, 3
22, 48, 0, 1, 3
22, 48, 0, 1, 3
22, 48, 0, 1, 3
22, 48, 0, 1, 3
22, 48, 0, 1, 3
22, 48, 0, 1, 3
22, 48, 0, 1, 3
22, 48, 0, 1, 3
22, 48, 0, 1, 3
22, 48, 0, 1, 3
22, 96, 1, 0, 3
22, 96, 1, 0, 3
22, 96, 1, 0, 3
22, 96, 1, 0, 3
22, 96, 1, 0, 3
22, 96, 1, 0, 3
22, 96, 1, 0, 3
22, 96, 1, 0, 3
22, 96, 1, 0, 3
22, 96, 1, 0, 3
22, 96, 1, 0, 3
22, 96, 1, 0, 3
22, 96, 1, 0, 3
22, 96, 1, 0, 3
22, 96, 1, 0, 3
22, 96, 1, 0, 3
22, 96, 1, 0, 3
22, 96, 1, 0, 3
22, 96, 1, 0, 3
22, 96, 1, 0, 3
22, 96, 1, 0, 3
22, 96, 1, 0, 3
22, 96, 1, 0, 3
22, 96, 1, 0, 3
22, 96, 1, 0, 3
22, 96, 1, 0, 3
22, 96, 1, 0, 3
22, 96, 1, 0, 3
22, 96, 1, 0, 3
22, 96, 1, 0, 3
22, 96, 1, 0, 3
22, 96, 1, 0, 3
22, 96, 1, 0, 3
22, 96, 1, 0, 3
22, 96, 1, 0, 3
22, 96, 1, 0, 3
22, 96, 1, 0, 3
22, 96, 1, 0, 3
22, 96, 1, 0, 3
22, 96, 1, 0, 3
22, 96, 1, 0, 3
22, 96, 1, 0, 3
22, 96, 1, 0, 3
22, 96, 1, 0, 3
22, 96, 1, 0, 3
22, 96, 1, 0, 3
22, 96, 1, 0, 3
22, 96, 1, 0, 3
22, 96, 1, 0, 3
22, 96, 1, 0, 3
22, 96, 1, 0, 3
22, 96, 1, 0, 3
22, 96, 1, 0, 3
22, 96, 1, 0, 3
22, 96, 1, 0, 3
22, 96, 1, 0, 3
22, 96, 1, 0, 3
22, 96, 1, 0, 3
22, 96, 1, 0, 3
22, 96, 1, 0, 3
22, 96, 1, 0, 3
22, 96, 1, 0, 3
22, 96, 1, 0, 3
22, 96, 1, 0, 3
22, 96, 1, 0, 3
22, 96, 1, 0, 3
22, 96, 1, 0, 3
22, 96, 1, 0, 3
22, 96, 1, 0, 3
22, 96, 1, 0, 3
22, 96, 1, 0, 3
22, 96, 1, 0, 3
22, 96, 1, 0, 3
22, 96, 1, 0, 3
22, 96, 1, 0, 3
22, 96, 1, 0, 3
22, 96, 1, 0, 3
22, 96, 1, 0, 3
22, 96, 1, 0, 3
22, 96, 1, 0, 3
22, 96, 1, 0, 3
22, 96, 1, 0, 3
22, 96, 1, 0, 3
22, 96, 1, 0, 3
22, 96, 1, 0, 3
22, 96, 1, 0, 3
22, 96, 1, 0, 3
22, 96, 1, 0, 3
22, 96, 1, 0, 3
22, 96, 1, 0, 3
22, 96, 1, 0, 3
22, 96, 1, 0, 3
22, 96, 1, 0, 3
22, 96, 1, 0, 3
22, 96, 1, 0, 3
22, 96, 1, 0, 3
23, 1, 0, 48, 3
23, 1, 1, 48, 3
23, 1, 2, 48, 3
23, 1, 3, 48, 3
23, 1, 4, 48, 3
23, 1, 5, 48, 3
23, 1, 6, 48, 3
23, 1, 7, 48, 3
23, 1, 8, 48, 3
23, 1, 9, 48, 3
23, 1, 10, 48, 3
23, 1, 11, 48, 3
23, 1, 12, 48, 3
23, 1, 13, 48, 3
23, 1, 14, 48, 3
23, 1, 15, 48, 3
23, 1, 16, 48, 3
23, 1, 17, 48, 3
23, 1, 18, 48, 3
23, 1, 19, 48, 3
23, 1, 20, 48, 3
23, 1, 21, 48, 3
23, 1, 22, 48, 3
23, 1, 23, 48, 3
23, 1, 24, 48, 3
23, 1, 25, 48, 3
23, 1, 26, 48, 3
23, 1, 27, 48, 3
23, 1, 28, 48, 3
23, 1, 29, 48, 3
23, 1, 30, 48, 3
23, 1, 31, 48, 3
23, 1, 32, 48, 3
23, 1, 33, 48, 3
23, 1, 34, 48, 3
23, 1, 35, 48, 3
23, 1, 36, 48, 3
23, 1, 37, 48, 3
23, 1, 38, 48, 3
23, 1, 39, 48, 3
23, 1, 40, 48, 3
23, 1, 41, 48, 3
23, 1, 42, 48, 3
23, 1, 43, 48, 3
23, 1, 44, 48, 3
23, 1, 45, 48, 3
23, 1, 46, 48, 3
23, 1, 47, 48, 3
23, 48, 48, 0, 3
23, 48, 48, 1, 3
23, 48, 48, 2, 3
23, 48, 48, 3, 3
23, 48, 48, 4, 3
23, 48, 48, 5, 3
23, 48, 48, 6, 3
23, 48, 48, 7, 3
23, 48, 48, 8, 3
23, 48, 48, 9, 3
23, 48, 48, 10, 3
23, 48, 48, 11, 3
23, 48, 48, 12, 3
23, 48, 48, 13, 3
23, 48, 48, 14, 3
23, 48, 48, 15, 3
23, 48, 48, 16, 3
23, 48, 48, 17, 3
23, 48, 48, 18, 3
23, 48, 48, 19, 3
23, 48, 48, 20, 3
23, 48, 48, 21, 3
23, 48, 48, 22, 3
23, 48, 48, 23, 3
23, 48, 48, 24, 3
23, 48, 48, 25, 3
23, 48, 48, 26, 3
23, 48, 48, 27, 3
23, 48, 48, 28, 3
23, 48, 48, 29, 3
23, 48, 48, 30, 3
23, 48, 48, 31, 3
23, 48, 48, 32, 3
23, 48, 48, 33, 3
23, 48, 48, 34, 3
23, 48, 48, 35, 3
23, 48, 48, 36, 3
23, 48, 48, 37, 3
23, 48, 48, 38, 3
23, 48, 48, 39, 3
23, 48, 48, 40, 3
23, 48, 48, 41, 3
23, 48, 48, 42, 3
23, 48, 48, 43, 3
23, 48, 48, 44, 3
23, 48, 48, 45, 3
23, 48, 48, 46, 3
23, 48, 48, 47, 3
24, 13, 1, 5, 4
24, 13, 1, 5, 4
24, 13, 1, 5, 4
24, 13, 1, 6, 4
24, 13, 1, 6, 4
24, 13, 1, 6, 4
24, 13, 1, 7, 4
24, 13, 1, 7, 4
24, 13, 1, 7, 4
24, 13, 1, 8, 4
24, 13, 1, 8, 4
24, 13, 1, 8, 4
24, 13, 1, 10, 2
24, 13, 2, 5, 4
24, 13, 2, 5, 4
24, 13, 2, 5, 4
24, 13, 2, 6, 4
24, 13, 2, 6, 4
24, 13, 2, 6, 4
24, 13, 2, 7, 4
24, 13, 2, 7, 4
24, 13, 2, 7, 4
24, 13, 2, 8, 4
24, 13, 2, 8, 4
24, 13, 2, 8, 4
24, 13, 2, 10, 2
24, 13, 3, 5, 4
24, 13, 3, 5, 4
24, 13, 3, 5, 4
24, 13, 3, 6, 4
24, 13, 3, 6, 4
24, 13, 3, 6, 4
24, 13, 3, 7, 4
24, 13, 3, 7, 4
24, 13, 3, 7, 4
24, 13, 3, 8, 4
24, 13, 3, 8, 4
24, 13, 3, 8, 4
24, 13, 3, 10, 2
24, 13, 4, 0, 2
24, 13, 4, 5, 4
24, 13, 4, 5, 4
24, 13, 4, 5, 4
24, 13, 4, 6, 4
24, 13, 4, 6, 4
24, 13, 4, 6, 4
24, 13, 4, 7, 4
24, 13, 4, 7, 4
24, 13, 4, 7, 4
24, 13, 4, 8, 4
24, 13, 4, 8, 4
24, 13, 4, 8, 4
24, 24, 5, 1, 2
24, 24, 5, 1, 2
24, 24, 5, 1, 2
24, 24, 5, 1, 5
24, 24, 5, 1, 5
24, 24, 5, 1, 5
24, 24, 5, 2, 2
24, 24, 5, 2, 2
24, 24, 5, 2, 2
24, 24, 5, 2, 5
24, 24, 5, 2, 5
24, 24, 5, 2, 5
24, 24, 5, 3, 2
24, 24, 5, 3, 2
24, 24, 5, 3, 2
24, 24, 5, 3, 5
24, 24, 5, 3, 5
24, 24, 5, 3, 5
24, 24, 5, 4, 2
24, 24, 5, 4, 2
24, 24, 5, 4, 2
24, 24, 5, 4, 5
24, 24, 5, 4, 5
24, 24, 5, 4, 5
24, 24, 6, 1, 2
24, 24, 6, 1, 2
24, 24, 6, 1, 2
24, 24, 6, 1, 5
24, 24, 6, 1, 5
24, 24, 6, 1, 5
24, 24, 6, 2, 2
24, 24, 6, 2, 2
24, 24, 6, 2, 2
24, 24, 6, 2, 5
24, 24, 6, 2, 5
24, 24, 6, 2, 5
24, 24, 6, 3, 2
24, 24, 6, 3, 2
24, 24, 6, 3, 2
24, 24, 6, 3, 5
24, 24, 6, 3, 5
24, 24, 6, 3, 5
24, 24, 6, 4, 2
24, 24, 6, 4, 2
24, 24, 6, 4, 2
24, 24, 6, 4, 5
24, 24, 6, 4, 5
24, 24, 6, 4, 5
24, 24, 7, 1, 2
24, 24, 7, 1, 2
24, 24, 7, 1, 2
24, 24, 7, 1, 5
24, 24, 7, 1, 5
24, 24, 7, 1, 5
24, 24, 7, 2, 2
24, 24, 7, 2, 2
24, 24, 7, 2, 2
24, 24, 7, 2, 5
24, 24, 7, 2, 5
24, 24, 7, 2, 5
24, 24, 7, 3, 2
24, 24, 7, 3, 2
24, 24, 7, 3, 2
24, 24, 7, 3, 5
24, 24, 7, 3, 5
24, 24, 7, 3, 5
24, 24, 7, 4, 2
24, 24, 7, 4, 2
24, 24, 7, 4, 2
24, 24, 7, 4, 5
24, 24, 7, 4, 5
24, 24, 7, 4, 5
24, 24, 8, 1, 2
24, 24, 8, 1, 2
24, 24, 8, 1, 2
24, 24, 8, 1, 5
24, 24, 8, 1, 5
24, 24, 8, 1, 5
24, 24, 8, 2, 2
24, 24, 8, 2, 2
24, 24, 8, 2, 2
24, 24, 8, 2, 5
24, 24, 8, 2, 5
24, 24, 8, 2, 5
24, 24, 8, 3, 2
24, 24, 8, 3, 2
24, 24, 8, 3, 2
24, 24, 8, 3, 5
24, 24, 8, 3, 5
24, 24, 8, 3, 5
24, 24, 8, 4, 2
24, 24, 8, 4, 2
24, 24, 8, 4, 2
24, 24, 8, 4, 5
24, 24, 8, 4, 5
24, 24, 8, 4, 5
24, 1, 9, 1, 3
25, 1, 1, 0, 3
Goal
23
24
25
