CG
76
0, 32, -1, 4
0, 32, -1, 3
0, 32, -1, 3
0, 32, -1, 4
0, 32, -1, 4
0, 32, 26, 3
0, 32, 33, 3
0, 32, 53, 4
0, 32, 56, 4
0, 32, -1, 4
0, 32, 27, 3
0, 32, -1, 3
0, 32, 28, 3
0, 32, 29, 3
0, 32, 34, 3
0, 32, -1, 3
0, 32, 37, 3
0, 32, 38, 3
0, 32, -1, 4
0, 32, 54, 4
0, 32, 55, 4
0, 32, -1, 4
0, 32, 61, 4
0, 32, 62, 4
0, 32, 57, 4
0, 32, 24, 3
0, 32, 25, 3
0, 32, 52, 4
0, 32, 74, 4
0, 32, 58, 4
0, 32, 64, 4
0, 32, 22, 3
0, 32, 23, 3
0, 32, 59, 4
0, 32, 65, 4
0, 32, 63, 4
0, 32, 60, 4
0, 32, 66, 4
0, 32, 50, 4
0, 32, 51, 4
0, 32, -1, 3
0, 32, -1, 3
0, 32, 30, 3
0, 32, 39, 3
1, 32, -1, 4
1, 32, -1, 3
1, 32, -1, 3
1, 32, -1, 4
1, 32, -1, 4
1, 32, 26, 3
1, 32, 33, 3
1, 32, 53, 4
1, 32, 56, 4
1, 32, -1, 4
1, 32, 27, 3
1, 32, -1, 3
1, 32, 28, 3
1, 32, 29, 3
1, 32, 34, 3
1, 32, -1, 3
1, 32, 37, 3
1, 32, 38, 3
1, 32, -1, 4
1, 32, 54, 4
1, 32, 55, 4
1, 32, -1, 4
1, 32, 61, 4
1, 32, 62, 4
1, 32, 57, 4
1, 32, 24, 3
1, 32, 25, 3
1, 32, 52, 4
1, 32, 74, 4
1, 32, 58, 4
1, 32, 64, 4
1, 32, 22, 3
1, 32, 23, 3
1, 32, 59, 4
1, 32, 65, 4
1, 32, 63, 4
1, 32, 60, 4
1, 32, 66, 4
1, 32, 50, 4
1, 32, 51, 4
1, 32, -1, 3
1, 32, -1, 3
1, 32, 30, 3
1, 32, 39, 3
2, 32, -1, 4
2, 32, -1, 3
2, 32, -1, 3
2, 32, -1, 4
2, 32, -1, 4
2, 32, 26, 3
2, 32, 33, 3
2, 32, 53, 4
2, 32, 56, 4
2, 32, -1, 4
2, 32, 27, 3
2, 32, -1, 3
2, 32, 28, 3
2, 32, 29, 3
2, 32, 34, 3
2, 32, -1, 3
2, 32, 37, 3
2, 32, 38, 3
2, 32, -1, 4
2, 32, 54, 4
2, 32, 55, 4
2, 32, -1, 4
2, 32, 61, 4
2, 32, 62, 4
2, 32, 57, 4
2, 32, 24, 3
2, 32, 25, 3
2, 32, 52, 4
2, 32, 74, 4
2, 32, 58, 4
2, 32, 64, 4
2, 32, 22, 3
2, 32, 23, 3
2, 32, 59, 4
2, 32, 65, 4
2, 32, 63, 4
2, 32, 60, 4
2, 32, 66, 4
2, 32, 50, 4
2, 32, 51, 4
2, 32, -1, 3
2, 32, -1, 3
2, 32, 30, 3
2, 32, 39, 3
3, 60, -1, 14
3, 60, -1, 9
3, 60, -1, 9
3, 60, -1, 8
3, 60, -1, 8
3, 60, -1, 12
3, 60, -1, 12
3, 60, 75, 19
3, 60, 13, 3
3, 60, -1, 3
3, 60, 26, 9
3, 60, 33, 9
3, 60, 42, 8
3, 60, 46, 8
3, 60, 53, 12
3, 60, 56, 12
3, 60, 14, 4
3, 60, 7, 1
3, 60, -1, 1
3, 60, -1, 1
3, 60, -1, 3
3, 60, -1, 3
3, 60, -1, 3
3, 60, -1, 3
3, 60, 21, 4
3, 60, -1, 3
3, 60, -1, 3
3, 60, -1, 3
3, 60, -1, 14
3, 60, 27, 9
3, 60, -1, 9
3, 60, 28, 9
3, 60, 29, 9
3, 60, 34, 9
3, 60, -1, 9
3, 60, 37, 9
3, 60, 38, 9
3, 60, 43, 8
3, 60, 44, 8
3, 60, 47, 8
3, 60, 48, 8
3, 60, -1, 12
3, 60, 54, 12
3, 60, 55, 12
3, 60, -1, 12
3, 60, 61, 12
3, 60, 62, 12
3, 60, -1, 1
3, 60, 15, 4
3, 60, -1, 4
3, 60, -1, 3
3, 60, 20, 4
3, 60, 8, 1
3, 60, 9, 1
3, 60, -1, 1
3, 60, -1, 1
3, 60, -1, 1
3, 60, -1, 1
3, 60, -1, 1
3, 60, -1, 1
3, 60, -1, 3
3, 60, -1, 3
3, 60, -1, 3
3, 60, -1, 3
3, 60, -1, 3
3, 60, -1, 3
3, 60, -1, 3
3, 60, -1, 3
3, 60, 6, 3
3, 60, -1, 6
3, 60, 57, 14
3, 60, 24, 9
3, 60, 25, 9
3, 60, 40, 8
3, 60, 41, 8
3, 60, 52, 12
3, 60, 74, 12
3, 60, 58, 12
3, 60, 64, 12
3, 60, 22, 6
3, 60, 16, 3
3, 60, 23, 6
3, 60, 17, 3
3, 60, 59, 12
3, 60, 65, 12
3, 60, 63, 14
3, 60, 60, 12
3, 60, 66, 12
3, 60, 35, 4
3, 60, 31, 4
3, 60, 36, 4
3, 60, 32, 4
3, 60, 50, 8
3, 60, 51, 8
3, 60, -1, 3
3, 60, 45, 8
3, 60, 49, 8
3, 60, -1, 9
3, 60, -1, 9
3, 60, 30, 9
3, 60, 39, 9
3, 60, 18, 3
3, 60, 19, 3
4, 18, -1, 8
4, 18, -1, 8
4, 18, -1, 8
4, 18, 53, 8
4, 18, 56, 8
4, 18, -1, 8
4, 18, -1, 8
4, 18, 54, 8
4, 18, 55, 8
4, 18, -1, 8
4, 18, 61, 8
4, 18, 62, 8
4, 18, 57, 8
4, 18, 52, 8
4, 18, 74, 8
4, 18, 58, 8
4, 18, 64, 8
4, 18, 59, 8
4, 18, 65, 8
4, 18, 63, 8
4, 18, 60, 8
4, 18, 66, 8
4, 18, 50, 8
4, 18, 51, 8
5, 18, -1, 3
5, 18, -1, 3
5, 18, 13, 3
5, 18, 26, 3
5, 18, 33, 3
5, 18, -1, 3
5, 18, -1, 3
5, 18, 21, 3
5, 18, 27, 3
5, 18, -1, 3
5, 18, 28, 3
5, 18, 29, 3
5, 18, 34, 3
5, 18, -1, 3
5, 18, 37, 3
5, 18, 38, 3
5, 18, -1, 3
5, 18, 24, 3
5, 18, 25, 3
5, 18, 16, 3
5, 18, 17, 3
5, 18, -1, 3
5, 18, -1, 3
5, 18, 30, 3
5, 18, 39, 3
5, 18, 18, 3
5, 18, 19, 3
6, 16, -1, 6
6, 16, -1, 4
6, 16, -1, 4
6, 16, 53, 4
6, 16, 56, 4
6, 16, -1, 6
6, 16, -1, 4
6, 16, 54, 4
6, 16, 55, 4
6, 16, -1, 4
6, 16, 61, 4
6, 16, 62, 4
6, 16, 57, 6
6, 16, 52, 4
6, 16, 74, 4
6, 16, 58, 4
6, 16, 64, 4
6, 16, 59, 4
6, 16, 65, 4
6, 16, 63, 6
6, 16, 60, 4
6, 16, 66, 4
7, 36, -1, 10
7, 36, -1, 6
7, 36, -1, 6
7, 36, -1, 8
7, 36, -1, 8
7, 36, 26, 6
7, 36, 33, 6
7, 36, 53, 8
7, 36, 56, 8
7, 36, -1, 10
7, 36, 27, 6
7, 36, -1, 6
7, 36, 28, 6
7, 36, 29, 6
7, 36, 34, 6
7, 36, -1, 6
7, 36, 37, 6
7, 36, 38, 6
7, 36, -1, 8
7, 36, 54, 8
7, 36, 55, 8
7, 36, -1, 8
7, 36, 61, 8
7, 36, 62, 8
7, 36, 57, 10
7, 36, 24, 6
7, 36, 25, 6
7, 36, 52, 8
7, 36, 74, 8
7, 36, 58, 8
7, 36, 64, 8
7, 36, 22, 3
7, 36, 16, 3
7, 36, 23, 3
7, 36, 17, 3
7, 36, 59, 8
7, 36, 65, 8
7, 36, 63, 10
7, 36, 60, 8
7, 36, 66, 8
7, 36, 50, 4
7, 36, 51, 4
7, 36, -1, 6
7, 36, -1, 6
7, 36, 30, 6
7, 36, 39, 6
7, 36, 18, 3
7, 36, 19, 3
8, 36, -1, 10
8, 36, -1, 6
8, 36, -1, 6
8, 36, -1, 8
8, 36, -1, 8
8, 36, 26, 6
8, 36, 33, 6
8, 36, 53, 8
8, 36, 56, 8
8, 36, -1, 10
8, 36, 27, 6
8, 36, -1, 6
8, 36, 28, 6
8, 36, 29, 6
8, 36, 34, 6
8, 36, -1, 6
8, 36, 37, 6
8, 36, 38, 6
8, 36, -1, 8
8, 36, 54, 8
8, 36, 55, 8
8, 36, -1, 8
8, 36, 61, 8
8, 36, 62, 8
8, 36, 57, 10
8, 36, 24, 6
8, 36, 25, 6
8, 36, 52, 8
8, 36, 74, 8
8, 36, 58, 8
8, 36, 64, 8
8, 36, 22, 3
8, 36, 16, 3
8, 36, 23, 3
8, 36, 17, 3
8, 36, 59, 8
8, 36, 65, 8
8, 36, 63, 10
8, 36, 60, 8
8, 36, 66, 8
8, 36, 50, 4
8, 36, 51, 4
8, 36, -1, 6
8, 36, -1, 6
8, 36, 30, 6
8, 36, 39, 6
8, 36, 18, 3
8, 36, 19, 3
9, 36, -1, 10
9, 36, -1, 6
9, 36, -1, 6
9, 36, -1, 8
9, 36, -1, 8
9, 36, 26, 6
9, 36, 33, 6
9, 36, 53, 8
9, 36, 56, 8
9, 36, -1, 10
9, 36, 27, 6
9, 36, -1, 6
9, 36, 28, 6
9, 36, 29, 6
9, 36, 34, 6
9, 36, -1, 6
9, 36, 37, 6
9, 36, 38, 6
9, 36, -1, 8
9, 36, 54, 8
9, 36, 55, 8
9, 36, -1, 8
9, 36, 61, 8
9, 36, 62, 8
9, 36, 57, 10
9, 36, 24, 6
9, 36, 25, 6
9, 36, 52, 8
9, 36, 74, 8
9, 36, 58, 8
9, 36, 64, 8
9, 36, 22, 3
9, 36, 16, 3
9, 36, 23, 3
9, 36, 17, 3
9, 36, 59, 8
9, 36, 65, 8
9, 36, 63, 10
9, 36, 60, 8
9, 36, 66, 8
9, 36, 50, 4
9, 36, 51, 4
9, 36, -1, 6
9, 36, -1, 6
9, 36, 30, 6
9, 36, 39, 6
9, 36, 18, 3
9, 36, 19, 3
10, 32, -1, 4
10, 32, -1, 3
10, 32, -1, 3
10, 32, -1, 4
10, 32, -1, 4
10, 32, 26, 3
10, 32, 33, 3
10, 32, 53, 4
10, 32, 56, 4
10, 32, -1, 4
10, 32, 27, 3
10, 32, -1, 3
10, 32, 28, 3
10, 32, 29, 3
10, 32, 34, 3
10, 32, -1, 3
10, 32, 37, 3
10, 32, 38, 3
10, 32, -1, 4
10, 32, 54, 4
10, 32, 55, 4
10, 32, -1, 4
10, 32, 61, 4
10, 32, 62, 4
10, 32, 57, 4
10, 32, 24, 3
10, 32, 25, 3
10, 32, 52, 4
10, 32, 74, 4
10, 32, 58, 4
10, 32, 64, 4
10, 32, 22, 3
10, 32, 23, 3
10, 32, 59, 4
10, 32, 65, 4
10, 32, 63, 4
10, 32, 60, 4
10, 32, 66, 4
10, 32, 50, 4
10, 32, 51, 4
10, 32, -1, 3
10, 32, -1, 3
10, 32, 30, 3
10, 32, 39, 3
11, 32, -1, 4
11, 32, -1, 3
11, 32, -1, 3
11, 32, -1, 4
11, 32, -1, 4
11, 32, 26, 3
11, 32, 33, 3
11, 32, 53, 4
11, 32, 56, 4
11, 32, -1, 4
11, 32, 27, 3
11, 32, -1, 3
11, 32, 28, 3
11, 32, 29, 3
11, 32, 34, 3
11, 32, -1, 3
11, 32, 37, 3
11, 32, 38, 3
11, 32, -1, 4
11, 32, 54, 4
11, 32, 55, 4
11, 32, -1, 4
11, 32, 61, 4
11, 32, 62, 4
11, 32, 57, 4
11, 32, 24, 3
11, 32, 25, 3
11, 32, 52, 4
11, 32, 74, 4
11, 32, 58, 4
11, 32, 64, 4
11, 32, 22, 3
11, 32, 23, 3
11, 32, 59, 4
11, 32, 65, 4
11, 32, 63, 4
11, 32, 60, 4
11, 32, 66, 4
11, 32, 50, 4
11, 32, 51, 4
11, 32, -1, 3
11, 32, -1, 3
11, 32, 30, 3
11, 32, 39, 3
12, 14, -1, 3
12, 14, -1, 3
12, 14, 26, 3
12, 14, 33, 3
12, 14, 27, 3
12, 14, -1, 3
12, 14, 28, 3
12, 14, 29, 3
12, 14, 34, 3
12, 14, -1, 3
12, 14, 37, 3
12, 14, 38, 3
12, 14, 24, 3
12, 14, 25, 3
12, 14, 22, 3
12, 14, 23, 3
12, 14, -1, 3
12, 14, -1, 3
12, 14, 30, 3
12, 14, 39, 3
13, 54, -1, 14
13, 54, -1, 9
13, 54, -1, 9
13, 54, -1, 12
13, 54, -1, 12
13, 54, 75, 6
13, 54, 26, 9
13, 54, 33, 9
13, 54, 53, 12
13, 54, 56, 12
13, 54, 14, 8
13, 54, 7, 2
13, 54, 10, 4
13, 54, 0, 1
13, 54, -1, 1
13, 54, -1, 1
13, 54, -1, 3
13, 54, 3, 3
13, 54, -1, 3
13, 54, 21, 2
13, 54, -1, 14
13, 54, 27, 9
13, 54, -1, 9
13, 54, 28, 9
13, 54, 29, 9
13, 54, 34, 9
13, 54, -1, 9
13, 54, 37, 9
13, 54, 38, 9
13, 54, -1, 12
13, 54, 54, 12
13, 54, 55, 12
13, 54, -1, 12
13, 54, 61, 12
13, 54, 62, 12
13, 54, -1, 2
13, 54, 15, 8
13, 54, -1, 8
13, 54, -1, 6
13, 54, 20, 8
13, 54, 8, 2
13, 54, 9, 2
13, 54, -1, 1
13, 54, 11, 4
13, 54, -1, 4
13, 54, -1, 3
13, 54, 12, 4
13, 54, 1, 1
13, 54, 2, 1
13, 54, -1, 1
13, 54, -1, 1
13, 54, -1, 1
13, 54, -1, 1
13, 54, -1, 1
13, 54, -1, 1
13, 54, -1, 3
13, 54, -1, 3
13, 54, -1, 3
13, 54, -1, 3
13, 54, -1, 3
13, 54, 4, 3
13, 54, -1, 3
13, 54, 6, 3
13, 54, 5, 3
13, 54, 57, 14
13, 54, 24, 9
13, 54, 25, 9
13, 54, 52, 12
13, 54, 74, 12
13, 54, 58, 12
13, 54, 64, 12
13, 54, 22, 6
13, 54, 16, 3
13, 54, 23, 6
13, 54, 17, 3
13, 54, 59, 12
13, 54, 65, 12
13, 54, 63, 14
13, 54, 60, 12
13, 54, 66, 12
13, 54, 50, 8
13, 54, 51, 8
13, 54, -1, 9
13, 54, -1, 9
13, 54, 30, 9
13, 54, 39, 9
13, 54, 18, 3
13, 54, 19, 3
14, 36, -1, 10
14, 36, -1, 6
14, 36, -1, 6
14, 36, -1, 8
14, 36, -1, 8
14, 36, 26, 6
14, 36, 33, 6
14, 36, 53, 8
14, 36, 56, 8
14, 36, -1, 10
14, 36, 27, 6
14, 36, -1, 6
14, 36, 28, 6
14, 36, 29, 6
14, 36, 34, 6
14, 36, -1, 6
14, 36, 37, 6
14, 36, 38, 6
14, 36, -1, 8
14, 36, 54, 8
14, 36, 55, 8
14, 36, -1, 8
14, 36, 61, 8
14, 36, 62, 8
14, 36, 57, 10
14, 36, 24, 6
14, 36, 25, 6
14, 36, 52, 8
14, 36, 74, 8
14, 36, 58, 8
14, 36, 64, 8
14, 36, 22, 3
14, 36, 16, 3
14, 36, 23, 3
14, 36, 17, 3
14, 36, 59, 8
14, 36, 65, 8
14, 36, 63, 10
14, 36, 60, 8
14, 36, 66, 8
14, 36, 50, 4
14, 36, 51, 4
14, 36, -1, 6
14, 36, -1, 6
14, 36, 30, 6
14, 36, 39, 6
14, 36, 18, 3
14, 36, 19, 3
15, 36, -1, 10
15, 36, -1, 6
15, 36, -1, 6
15, 36, -1, 8
15, 36, -1, 8
15, 36, 26, 6
15, 36, 33, 6
15, 36, 53, 8
15, 36, 56, 8
15, 36, -1, 10
15, 36, 27, 6
15, 36, -1, 6
15, 36, 28, 6
15, 36, 29, 6
15, 36, 34, 6
15, 36, -1, 6
15, 36, 37, 6
15, 36, 38, 6
15, 36, -1, 8
15, 36, 54, 8
15, 36, 55, 8
15, 36, -1, 8
15, 36, 61, 8
15, 36, 62, 8
15, 36, 57, 10
15, 36, 24, 6
15, 36, 25, 6
15, 36, 52, 8
15, 36, 74, 8
15, 36, 58, 8
15, 36, 64, 8
15, 36, 22, 3
15, 36, 16, 3
15, 36, 23, 3
15, 36, 17, 3
15, 36, 59, 8
15, 36, 65, 8
15, 36, 63, 10
15, 36, 60, 8
15, 36, 66, 8
15, 36, 50, 4
15, 36, 51, 4
15, 36, -1, 6
15, 36, -1, 6
15, 36, 30, 6
15, 36, 39, 6
15, 36, 18, 3
15, 36, 19, 3
16, 13, -1, 2
16, 13, -1, 2
16, 13, 75, 4
16, 13, 42, 2
16, 13, 46, 2
16, 13, 43, 2
16, 13, 44, 2
16, 13, 47, 2
16, 13, 48, 2
16, 13, 40, 2
16, 13, 41, 2
16, 13, 31, 2
16, 13, 32, 2
16, 13, 45, 2
16, 13, 49, 2
17, 13, -1, 2
17, 13, -1, 2
17, 13, 75, 4
17, 13, 42, 2
17, 13, 46, 2
17, 13, 43, 2
17, 13, 44, 2
17, 13, 47, 2
17, 13, 48, 2
17, 13, 40, 2
17, 13, 41, 2
17, 13, 31, 2
17, 13, 32, 2
17, 13, 45, 2
17, 13, 49, 2
18, 13, -1, 2
18, 13, -1, 2
18, 13, 75, 4
18, 13, 42, 2
18, 13, 46, 2
18, 13, 43, 2
18, 13, 44, 2
18, 13, 47, 2
18, 13, 48, 2
18, 13, 40, 2
18, 13, 41, 2
18, 13, 31, 2
18, 13, 32, 2
18, 13, 45, 2
18, 13, 49, 2
19, 13, -1, 2
19, 13, -1, 2
19, 13, 75, 4
19, 13, 42, 2
19, 13, 46, 2
19, 13, 43, 2
19, 13, 44, 2
19, 13, 47, 2
19, 13, 48, 2
19, 13, 40, 2
19, 13, 41, 2
19, 13, 31, 2
19, 13, 32, 2
19, 13, 45, 2
19, 13, 49, 2
20, 18, -1, 6
20, 18, -1, 6
20, 18, 26, 6
20, 18, 33, 6
20, 18, 27, 6
20, 18, -1, 6
20, 18, 28, 6
20, 18, 29, 6
20, 18, 34, 6
20, 18, -1, 6
20, 18, 37, 6
20, 18, 38, 6
20, 18, 24, 6
20, 18, 25, 6
20, 18, 22, 3
20, 18, 16, 3
20, 18, 23, 3
20, 18, 17, 3
20, 18, -1, 6
20, 18, -1, 6
20, 18, 30, 6
20, 18, 39, 6
20, 18, 18, 3
20, 18, 19, 3
21, 36, -1, 14
21, 36, -1, 9
21, 36, -1, 9
21, 36, -1, 12
21, 36, -1, 12
21, 36, 26, 9
21, 36, 33, 9
21, 36, 53, 12
21, 36, 56, 12
21, 36, -1, 14
21, 36, 27, 9
21, 36, -1, 9
21, 36, 28, 9
21, 36, 29, 9
21, 36, 34, 9
21, 36, -1, 9
21, 36, 37, 9
21, 36, 38, 9
21, 36, -1, 12
21, 36, 54, 12
21, 36, 55, 12
21, 36, -1, 12
21, 36, 61, 12
21, 36, 62, 12
21, 36, 57, 14
21, 36, 24, 9
21, 36, 25, 9
21, 36, 52, 12
21, 36, 74, 12
21, 36, 58, 12
21, 36, 64, 12
21, 36, 22, 6
21, 36, 16, 3
21, 36, 23, 6
21, 36, 17, 3
21, 36, 59, 12
21, 36, 65, 12
21, 36, 63, 14
21, 36, 60, 12
21, 36, 66, 12
21, 36, 50, 8
21, 36, 51, 8
21, 36, -1, 9
21, 36, -1, 9
21, 36, 30, 9
21, 36, 39, 9
21, 36, 18, 3
21, 36, 19, 3
22, 13, -1, 2
22, 13, -1, 2
22, 13, 75, 4
22, 13, 42, 2
22, 13, 46, 2
22, 13, 43, 2
22, 13, 44, 2
22, 13, 47, 2
22, 13, 48, 2
22, 13, 40, 2
22, 13, 41, 2
22, 13, 35, 2
22, 13, 36, 2
22, 13, 45, 2
22, 13, 49, 2
23, 13, -1, 2
23, 13, -1, 2
23, 13, 75, 4
23, 13, 42, 2
23, 13, 46, 2
23, 13, 43, 2
23, 13, 44, 2
23, 13, 47, 2
23, 13, 48, 2
23, 13, 40, 2
23, 13, 41, 2
23, 13, 35, 2
23, 13, 36, 2
23, 13, 45, 2
23, 13, 49, 2
24, 21, -1, 9
24, 21, -1, 2
24, 21, -1, 2
24, 21, 75, 4
24, 21, 26, 9
24, 21, 42, 2
24, 21, 46, 2
24, 21, 27, 9
24, 21, -1, 9
24, 21, 28, 9
24, 21, 29, 9
24, 21, 43, 2
24, 21, 44, 2
24, 21, 47, 2
24, 21, 48, 2
24, 21, 40, 2
24, 21, 41, 2
24, 21, 22, 6
24, 21, 16, 3
24, 21, 35, 2
24, 21, 36, 2
24, 21, 45, 2
24, 21, 49, 2
24, 21, -1, 9
24, 21, 30, 9
24, 21, 18, 3
25, 21, -1, 9
25, 21, -1, 2
25, 21, -1, 2
25, 21, 75, 4
25, 21, 33, 9
25, 21, 42, 2
25, 21, 46, 2
25, 21, 34, 9
25, 21, -1, 9
25, 21, 37, 9
25, 21, 38, 9
25, 21, 43, 2
25, 21, 44, 2
25, 21, 47, 2
25, 21, 48, 2
25, 21, 40, 2
25, 21, 41, 2
25, 21, 23, 6
25, 21, 17, 3
25, 21, 35, 2
25, 21, 36, 2
25, 21, 45, 2
25, 21, 49, 2
25, 21, -1, 9
25, 21, 39, 9
25, 21, 19, 3
26, 15, -1, 4
26, 15, -1, 4
26, 15, 75, 8
26, 15, 42, 4
26, 15, 46, 4
26, 15, 43, 4
26, 15, 44, 4
26, 15, 47, 4
26, 15, 48, 4
26, 15, 40, 4
26, 15, 41, 4
26, 15, 35, 2
26, 15, 31, 2
26, 15, 36, 2
26, 15, 32, 2
26, 15, 45, 4
26, 15, 49, 4
27, 15, -1, 4
27, 15, -1, 4
27, 15, 75, 8
27, 15, 42, 4
27, 15, 46, 4
27, 15, 43, 4
27, 15, 44, 4
27, 15, 47, 4
27, 15, 48, 4
27, 15, 40, 4
27, 15, 41, 4
27, 15, 35, 2
27, 15, 31, 2
27, 15, 36, 2
27, 15, 32, 2
27, 15, 45, 4
27, 15, 49, 4
28, 15, -1, 4
28, 15, -1, 4
28, 15, 75, 8
28, 15, 42, 4
28, 15, 46, 4
28, 15, 43, 4
28, 15, 44, 4
28, 15, 47, 4
28, 15, 48, 4
28, 15, 40, 4
28, 15, 41, 4
28, 15, 35, 2
28, 15, 31, 2
28, 15, 36, 2
28, 15, 32, 2
28, 15, 45, 4
28, 15, 49, 4
29, 15, -1, 4
29, 15, -1, 4
29, 15, 75, 8
29, 15, 42, 4
29, 15, 46, 4
29, 15, 43, 4
29, 15, 44, 4
29, 15, 47, 4
29, 15, 48, 4
29, 15, 40, 4
29, 15, 41, 4
29, 15, 35, 2
29, 15, 31, 2
29, 15, 36, 2
29, 15, 32, 2
29, 15, 45, 4
29, 15, 49, 4
30, 15, -1, 4
30, 15, -1, 4
30, 15, 75, 8
30, 15, 42, 4
30, 15, 46, 4
30, 15, 43, 4
30, 15, 44, 4
30, 15, 47, 4
30, 15, 48, 4
30, 15, 40, 4
30, 15, 41, 4
30, 15, 35, 2
30, 15, 31, 2
30, 15, 36, 2
30, 15, 32, 2
30, 15, 45, 4
30, 15, 49, 4
31, 16, -1, 3
31, 16, -1, 2
31, 16, -1, 2
31, 16, 53, 2
31, 16, 56, 2
31, 16, -1, 3
31, 16, -1, 2
31, 16, 54, 2
31, 16, 55, 2
31, 16, -1, 2
31, 16, 61, 2
31, 16, 62, 2
31, 16, 57, 3
31, 16, 52, 2
31, 16, 74, 2
31, 16, 58, 2
31, 16, 64, 2
31, 16, 59, 2
31, 16, 65, 2
31, 16, 63, 3
31, 16, 60, 2
31, 16, 66, 2
32, 16, -1, 3
32, 16, -1, 2
32, 16, -1, 2
32, 16, 53, 2
32, 16, 56, 2
32, 16, -1, 3
32, 16, -1, 2
32, 16, 54, 2
32, 16, 55, 2
32, 16, -1, 2
32, 16, 61, 2
32, 16, 62, 2
32, 16, 57, 3
32, 16, 52, 2
32, 16, 74, 2
32, 16, 58, 2
32, 16, 64, 2
32, 16, 59, 2
32, 16, 65, 2
32, 16, 63, 3
32, 16, 60, 2
32, 16, 66, 2
33, 15, -1, 4
33, 15, -1, 4
33, 15, 75, 8
33, 15, 42, 4
33, 15, 46, 4
33, 15, 43, 4
33, 15, 44, 4
33, 15, 47, 4
33, 15, 48, 4
33, 15, 40, 4
33, 15, 41, 4
33, 15, 35, 2
33, 15, 31, 2
33, 15, 36, 2
33, 15, 32, 2
33, 15, 45, 4
33, 15, 49, 4
34, 15, -1, 4
34, 15, -1, 4
34, 15, 75, 8
34, 15, 42, 4
34, 15, 46, 4
34, 15, 43, 4
34, 15, 44, 4
34, 15, 47, 4
34, 15, 48, 4
34, 15, 40, 4
34, 15, 41, 4
34, 15, 35, 2
34, 15, 31, 2
34, 15, 36, 2
34, 15, 32, 2
34, 15, 45, 4
34, 15, 49, 4
35, 18, -1, 4
35, 18, -1, 4
35, 18, -1, 4
35, 18, 53, 4
35, 18, 56, 4
35, 18, -1, 4
35, 18, -1, 4
35, 18, 54, 4
35, 18, 55, 4
35, 18, -1, 4
35, 18, 61, 4
35, 18, 62, 4
35, 18, 57, 4
35, 18, 52, 4
35, 18, 74, 4
35, 18, 58, 4
35, 18, 64, 4
35, 18, 59, 4
35, 18, 65, 4
35, 18, 63, 4
35, 18, 60, 4
35, 18, 66, 4
35, 18, 50, 4
35, 18, 51, 4
36, 18, -1, 4
36, 18, -1, 4
36, 18, -1, 4
36, 18, 53, 4
36, 18, 56, 4
36, 18, -1, 4
36, 18, -1, 4
36, 18, 54, 4
36, 18, 55, 4
36, 18, -1, 4
36, 18, 61, 4
36, 18, 62, 4
36, 18, 57, 4
36, 18, 52, 4
36, 18, 74, 4
36, 18, 58, 4
36, 18, 64, 4
36, 18, 59, 4
36, 18, 65, 4
36, 18, 63, 4
36, 18, 60, 4
36, 18, 66, 4
36, 18, 50, 4
36, 18, 51, 4
37, 15, -1, 4
37, 15, -1, 4
37, 15, 75, 8
37, 15, 42, 4
37, 15, 46, 4
37, 15, 43, 4
37, 15, 44, 4
37, 15, 47, 4
37, 15, 48, 4
37, 15, 40, 4
37, 15, 41, 4
37, 15, 35, 2
37, 15, 31, 2
37, 15, 36, 2
37, 15, 32, 2
37, 15, 45, 4
37, 15, 49, 4
38, 15, -1, 4
38, 15, -1, 4
38, 15, 75, 8
38, 15, 42, 4
38, 15, 46, 4
38, 15, 43, 4
38, 15, 44, 4
38, 15, 47, 4
38, 15, 48, 4
38, 15, 40, 4
38, 15, 41, 4
38, 15, 35, 2
38, 15, 31, 2
38, 15, 36, 2
38, 15, 32, 2
38, 15, 45, 4
38, 15, 49, 4
39, 15, -1, 4
39, 15, -1, 4
39, 15, 75, 8
39, 15, 42, 4
39, 15, 46, 4
39, 15, 43, 4
39, 15, 44, 4
39, 15, 47, 4
39, 15, 48, 4
39, 15, 40, 4
39, 15, 41, 4
39, 15, 35, 2
39, 15, 31, 2
39, 15, 36, 2
39, 15, 32, 2
39, 15, 45, 4
39, 15, 49, 4
40, 7, -1, 8
40, 7, 75, 8
40, 7, 42, 8
40, 7, 43, 8
40, 7, 44, 8
40, 7, 35, 4
40, 7, 31, 4
40, 7, 45, 8
41, 7, -1, 8
41, 7, 75, 8
41, 7, 46, 8
41, 7, 47, 8
41, 7, 48, 8
41, 7, 36, 4
41, 7, 32, 4
41, 7, 49, 8
42, 18, -1, 7
42, 18, -1, 6
42, 18, -1, 6
42, 18, 53, 6
42, 18, 56, 6
42, 18, -1, 7
42, 18, -1, 6
42, 18, 54, 6
42, 18, 55, 6
42, 18, -1, 6
42, 18, 61, 6
42, 18, 62, 6
42, 18, 57, 7
42, 18, 52, 6
42, 18, 74, 6
42, 18, 58, 6
42, 18, 64, 6
42, 18, 59, 6
42, 18, 65, 6
42, 18, 63, 7
42, 18, 60, 6
42, 18, 66, 6
42, 18, 50, 4
42, 18, 51, 4
43, 18, -1, 7
43, 18, -1, 6
43, 18, -1, 6
43, 18, 53, 6
43, 18, 56, 6
43, 18, -1, 7
43, 18, -1, 6
43, 18, 54, 6
43, 18, 55, 6
43, 18, -1, 6
43, 18, 61, 6
43, 18, 62, 6
43, 18, 57, 7
43, 18, 52, 6
43, 18, 74, 6
43, 18, 58, 6
43, 18, 64, 6
43, 18, 59, 6
43, 18, 65, 6
43, 18, 63, 7
43, 18, 60, 6
43, 18, 66, 6
43, 18, 50, 4
43, 18, 51, 4
44, 18, -1, 7
44, 18, -1, 6
44, 18, -1, 6
44, 18, 53, 6
44, 18, 56, 6
44, 18, -1, 7
44, 18, -1, 6
44, 18, 54, 6
44, 18, 55, 6
44, 18, -1, 6
44, 18, 61, 6
44, 18, 62, 6
44, 18, 57, 7
44, 18, 52, 6
44, 18, 74, 6
44, 18, 58, 6
44, 18, 64, 6
44, 18, 59, 6
44, 18, 65, 6
44, 18, 63, 7
44, 18, 60, 6
44, 18, 66, 6
44, 18, 50, 4
44, 18, 51, 4
45, 18, -1, 7
45, 18, -1, 6
45, 18, -1, 6
45, 18, 53, 6
45, 18, 56, 6
45, 18, -1, 7
45, 18, -1, 6
45, 18, 54, 6
45, 18, 55, 6
45, 18, -1, 6
45, 18, 61, 6
45, 18, 62, 6
45, 18, 57, 7
45, 18, 52, 6
45, 18, 74, 6
45, 18, 58, 6
45, 18, 64, 6
45, 18, 59, 6
45, 18, 65, 6
45, 18, 63, 7
45, 18, 60, 6
45, 18, 66, 6
45, 18, 50, 4
45, 18, 51, 4
46, 18, -1, 7
46, 18, -1, 6
46, 18, -1, 6
46, 18, 53, 6
46, 18, 56, 6
46, 18, -1, 7
46, 18, -1, 6
46, 18, 54, 6
46, 18, 55, 6
46, 18, -1, 6
46, 18, 61, 6
46, 18, 62, 6
46, 18, 57, 7
46, 18, 52, 6
46, 18, 74, 6
46, 18, 58, 6
46, 18, 64, 6
46, 18, 59, 6
46, 18, 65, 6
46, 18, 63, 7
46, 18, 60, 6
46, 18, 66, 6
46, 18, 50, 4
46, 18, 51, 4
47, 18, -1, 7
47, 18, -1, 6
47, 18, -1, 6
47, 18, 53, 6
47, 18, 56, 6
47, 18, -1, 7
47, 18, -1, 6
47, 18, 54, 6
47, 18, 55, 6
47, 18, -1, 6
47, 18, 61, 6
47, 18, 62, 6
47, 18, 57, 7
47, 18, 52, 6
47, 18, 74, 6
47, 18, 58, 6
47, 18, 64, 6
47, 18, 59, 6
47, 18, 65, 6
47, 18, 63, 7
47, 18, 60, 6
47, 18, 66, 6
47, 18, 50, 4
47, 18, 51, 4
48, 18, -1, 7
48, 18, -1, 6
48, 18, -1, 6
48, 18, 53, 6
48, 18, 56, 6
48, 18, -1, 7
48, 18, -1, 6
48, 18, 54, 6
48, 18, 55, 6
48, 18, -1, 6
48, 18, 61, 6
48, 18, 62, 6
48, 18, 57, 7
48, 18, 52, 6
48, 18, 74, 6
48, 18, 58, 6
48, 18, 64, 6
48, 18, 59, 6
48, 18, 65, 6
48, 18, 63, 7
48, 18, 60, 6
48, 18, 66, 6
48, 18, 50, 4
48, 18, 51, 4
49, 18, -1, 7
49, 18, -1, 6
49, 18, -1, 6
49, 18, 53, 6
49, 18, 56, 6
49, 18, -1, 7
49, 18, -1, 6
49, 18, 54, 6
49, 18, 55, 6
49, 18, -1, 6
49, 18, 61, 6
49, 18, 62, 6
49, 18, 57, 7
49, 18, 52, 6
49, 18, 74, 6
49, 18, 58, 6
49, 18, 64, 6
49, 18, 59, 6
49, 18, 65, 6
49, 18, 63, 7
49, 18, 60, 6
49, 18, 66, 6
49, 18, 50, 4
49, 18, 51, 4
50, 28, -1, 2
50, 28, -1, 1
50, 28, -1, 1
50, 28, -1, 2
50, 28, 75, 5
50, 28, 13, 1
50, 28, 26, 1
50, 28, 33, 1
50, 28, 56, 2
50, 28, -1, 1
50, 28, -1, 1
50, 28, 21, 1
50, 28, -1, 2
50, 28, 27, 1
50, 28, -1, 1
50, 28, 28, 1
50, 28, 29, 1
50, 28, 34, 1
50, 28, -1, 1
50, 28, 37, 1
50, 28, 38, 1
50, 28, -1, 2
50, 28, 61, 2
50, 28, 62, 2
50, 28, -1, 1
50, 28, 57, 2
50, 28, 24, 1
50, 28, 25, 1
50, 28, 74, 2
50, 28, 64, 2
50, 28, 16, 1
50, 28, 17, 1
50, 28, 65, 2
50, 28, 63, 2
50, 28, 66, 2
50, 28, -1, 1
50, 28, -1, 1
50, 28, 30, 1
50, 28, 39, 1
50, 28, 18, 1
50, 28, 19, 1
51, 28, -1, 2
51, 28, -1, 1
51, 28, -1, 1
51, 28, -1, 2
51, 28, 75, 5
51, 28, 13, 1
51, 28, 26, 1
51, 28, 33, 1
51, 28, 53, 2
51, 28, -1, 1
51, 28, -1, 1
51, 28, 21, 1
51, 28, -1, 2
51, 28, 27, 1
51, 28, -1, 1
51, 28, 28, 1
51, 28, 29, 1
51, 28, 34, 1
51, 28, -1, 1
51, 28, 37, 1
51, 28, 38, 1
51, 28, -1, 2
51, 28, 54, 2
51, 28, 55, 2
51, 28, -1, 1
51, 28, 57, 2
51, 28, 24, 1
51, 28, 25, 1
51, 28, 52, 2
51, 28, 58, 2
51, 28, 16, 1
51, 28, 17, 1
51, 28, 59, 2
51, 28, 63, 2
51, 28, 60, 2
51, 28, -1, 1
51, 28, -1, 1
51, 28, 30, 1
51, 28, 39, 1
51, 28, 18, 1
51, 28, 19, 1
52, 34, -1, 4
52, 34, -1, 2
52, 34, -1, 2
52, 34, -1, 12
52, 34, -1, 4
52, 34, 75, 5
52, 34, 13, 1
52, 34, 26, 2
52, 34, 33, 2
52, 34, 53, 12
52, 34, 56, 4
52, 34, -1, 1
52, 34, -1, 1
52, 34, 21, 1
52, 34, -1, 4
52, 34, 27, 2
52, 34, -1, 2
52, 34, 28, 2
52, 34, 29, 2
52, 34, 34, 2
52, 34, -1, 2
52, 34, 37, 2
52, 34, 38, 2
52, 34, -1, 12
52, 34, 54, 12
52, 34, 55, 12
52, 34, -1, 4
52, 34, 61, 4
52, 34, 62, 4
52, 34, -1, 1
52, 34, 57, 4
52, 34, 24, 2
52, 34, 25, 2
52, 34, 74, 4
52, 34, 58, 12
52, 34, 64, 4
52, 34, 22, 2
52, 34, 23, 2
52, 34, 59, 12
52, 34, 65, 4
52, 34, 63, 4
52, 34, 60, 12
52, 34, 66, 4
52, 34, 50, 8
52, 34, 51, 4
52, 34, -1, 2
52, 34, -1, 2
52, 34, 30, 2
52, 34, 39, 2
53, 41, -1, 6
53, 41, -1, 3
53, 41, -1, 3
53, 41, -1, 6
53, 41, 75, 10
53, 41, 13, 2
53, 41, -1, 2
53, 41, 26, 3
53, 41, 33, 3
53, 41, 56, 6
53, 41, 14, 2
53, 41, 10, 1
53, 41, -1, 1
53, 41, -1, 2
53, 41, 3, 1
53, 41, -1, 2
53, 41, -1, 3
53, 41, 21, 2
53, 41, -1, 2
53, 41, -1, 2
53, 41, -1, 2
53, 41, -1, 6
53, 41, 27, 3
53, 41, -1, 3
53, 41, 28, 3
53, 41, 29, 3
53, 41, 34, 3
53, 41, -1, 3
53, 41, 37, 3
53, 41, 38, 3
53, 41, -1, 6
53, 41, 61, 6
53, 41, 62, 6
53, 41, 15, 2
53, 41, -1, 2
53, 41, -1, 2
53, 41, 20, 2
53, 41, 11, 1
53, 41, -1, 1
53, 41, -1, 1
53, 41, 12, 1
53, 41, -1, 1
53, 41, -1, 1
53, 41, -1, 1
53, 41, -1, 1
53, 41, -1, 2
53, 41, 4, 1
53, 41, -1, 2
53, 41, -1, 2
53, 41, -1, 2
53, 41, -1, 2
53, 41, -1, 2
53, 41, 6, 1
53, 41, 5, 1
53, 41, -1, 2
53, 41, 57, 6
53, 41, 24, 3
53, 41, 25, 3
53, 41, 74, 6
53, 41, 64, 6
53, 41, 22, 2
53, 41, 16, 1
53, 41, 23, 2
53, 41, 17, 1
53, 41, 65, 6
53, 41, 63, 6
53, 41, 66, 6
53, 41, -1, 1
53, 41, 51, 4
53, 41, -1, 1
53, 41, -1, 3
53, 41, -1, 3
53, 41, 30, 3
53, 41, 39, 3
53, 41, 18, 1
53, 41, 19, 1
54, 1, 75, 8
55, 31, -1, 6
55, 31, -1, 3
55, 31, -1, 3
55, 31, -1, 6
55, 31, 75, 10
55, 31, 13, 2
55, 31, 26, 3
55, 31, 33, 3
55, 31, 56, 6
55, 31, -1, 2
55, 31, -1, 2
55, 31, 21, 2
55, 31, -1, 6
55, 31, 27, 3
55, 31, -1, 3
55, 31, 28, 3
55, 31, 29, 3
55, 31, 34, 3
55, 31, -1, 3
55, 31, 37, 3
55, 31, 38, 3
55, 31, -1, 6
55, 31, 61, 6
55, 31, 62, 6
55, 31, -1, 1
55, 31, -1, 1
55, 31, 57, 6
55, 31, 24, 3
55, 31, 25, 3
55, 31, 74, 6
55, 31, 64, 6
55, 31, 22, 2
55, 31, 16, 1
55, 31, 23, 2
55, 31, 17, 1
55, 31, 65, 6
55, 31, 63, 6
55, 31, 66, 6
55, 31, 51, 4
55, 31, -1, 3
55, 31, -1, 3
55, 31, 30, 3
55, 31, 39, 3
55, 31, 18, 1
55, 31, 19, 1
56, 41, -1, 6
56, 41, -1, 3
56, 41, -1, 3
56, 41, -1, 6
56, 41, 75, 10
56, 41, 13, 2
56, 41, -1, 2
56, 41, 26, 3
56, 41, 33, 3
56, 41, 53, 6
56, 41, 14, 2
56, 41, 10, 1
56, 41, -1, 1
56, 41, -1, 2
56, 41, 3, 1
56, 41, -1, 2
56, 41, -1, 3
56, 41, 21, 2
56, 41, -1, 2
56, 41, -1, 2
56, 41, -1, 2
56, 41, -1, 6
56, 41, 27, 3
56, 41, -1, 3
56, 41, 28, 3
56, 41, 29, 3
56, 41, 34, 3
56, 41, -1, 3
56, 41, 37, 3
56, 41, 38, 3
56, 41, -1, 6
56, 41, 54, 6
56, 41, 55, 6
56, 41, 15, 2
56, 41, -1, 2
56, 41, -1, 2
56, 41, 20, 2
56, 41, 11, 1
56, 41, -1, 1
56, 41, -1, 1
56, 41, 12, 1
56, 41, -1, 1
56, 41, -1, 1
56, 41, -1, 1
56, 41, -1, 1
56, 41, -1, 2
56, 41, 4, 1
56, 41, -1, 2
56, 41, -1, 2
56, 41, -1, 2
56, 41, -1, 2
56, 41, -1, 2
56, 41, 6, 1
56, 41, 5, 1
56, 41, -1, 2
56, 41, 57, 6
56, 41, 24, 3
56, 41, 25, 3
56, 41, 52, 6
56, 41, 58, 6
56, 41, 22, 2
56, 41, 16, 1
56, 41, 23, 2
56, 41, 17, 1
56, 41, 59, 6
56, 41, 63, 6
56, 41, 60, 6
56, 41, -1, 1
56, 41, 50, 4
56, 41, -1, 1
56, 41, -1, 3
56, 41, -1, 3
56, 41, 30, 3
56, 41, 39, 3
56, 41, 18, 1
56, 41, 19, 1
57, 52, -1, 14
57, 52, -1, 2
57, 52, -1, 2
57, 52, -1, 4
57, 52, -1, 4
57, 52, -1, 4
57, 52, -1, 4
57, 52, 75, 1
57, 52, 13, 1
57, 52, 26, 2
57, 52, 33, 2
57, 52, 42, 4
57, 52, 46, 4
57, 52, 53, 4
57, 52, 56, 4
57, 52, 14, 1
57, 52, 7, 1
57, 52, -1, 1
57, 52, -1, 1
57, 52, -1, 1
57, 52, -1, 1
57, 52, 21, 2
57, 52, -1, 14
57, 52, 27, 2
57, 52, -1, 2
57, 52, 28, 2
57, 52, 29, 2
57, 52, 34, 2
57, 52, -1, 2
57, 52, 37, 2
57, 52, 38, 2
57, 52, 43, 4
57, 52, 44, 4
57, 52, 47, 4
57, 52, 48, 4
57, 52, -1, 4
57, 52, 54, 4
57, 52, 55, 4
57, 52, -1, 4
57, 52, 61, 4
57, 52, 62, 4
57, 52, -1, 1
57, 52, 15, 1
57, 52, -1, 1
57, 52, 20, 1
57, 52, 8, 1
57, 52, 9, 1
57, 52, -1, 1
57, 52, -1, 1
57, 52, -1, 1
57, 52, -1, 1
57, 52, -1, 1
57, 52, -1, 1
57, 52, -1, 1
57, 52, 24, 2
57, 52, 25, 2
57, 52, 40, 4
57, 52, 41, 4
57, 52, 52, 4
57, 52, 74, 4
57, 52, 58, 4
57, 52, 64, 4
57, 52, 22, 2
57, 52, 23, 2
57, 52, 59, 4
57, 52, 65, 4
57, 52, 63, 14
57, 52, 60, 4
57, 52, 66, 4
57, 52, 35, 4
57, 52, 36, 4
57, 52, 50, 4
57, 52, 51, 4
57, 52, 45, 4
57, 52, 49, 4
57, 52, -1, 2
57, 52, -1, 2
57, 52, 30, 2
57, 52, 39, 2
58, 7, 73, 10
58, 7, 68, 2
58, 7, 69, 2
58, 7, 70, 2
58, 7, 71, 2
58, 7, 72, 2
58, 7, 67, 2
59, 31, -1, 4
59, 31, -1, 4
59, 31, 73, 8
59, 31, 68, 1
59, 31, 69, 1
59, 31, 13, 2
59, 31, 42, 4
59, 31, 46, 4
59, 31, 14, 2
59, 31, 7, 2
59, 31, 10, 1
59, 31, 0, 1
59, 31, -1, 1
59, 31, -1, 1
59, 31, 21, 2
59, 31, 43, 4
59, 31, 44, 4
59, 31, 47, 4
59, 31, 48, 4
59, 31, -1, 2
59, 31, 15, 2
59, 31, -1, 2
59, 31, 20, 2
59, 31, 8, 2
59, 31, 9, 2
59, 31, -1, 1
59, 31, 11, 1
59, 31, -1, 1
59, 31, 12, 1
59, 31, 1, 1
59, 31, 2, 1
59, 31, -1, 1
59, 31, -1, 1
59, 31, -1, 1
59, 31, -1, 1
59, 31, -1, 1
59, 31, -1, 1
59, 31, 40, 4
59, 31, 41, 4
59, 31, 35, 2
59, 31, 31, 2
59, 31, 36, 2
59, 31, 32, 2
59, 31, 45, 4
59, 31, 49, 4
60, 1, 75, 8
61, 1, 75, 8
62, 31, -1, 6
62, 31, -1, 3
62, 31, -1, 3
62, 31, -1, 6
62, 31, 75, 10
62, 31, 13, 2
62, 31, 26, 3
62, 31, 33, 3
62, 31, 53, 6
62, 31, -1, 2
62, 31, -1, 2
62, 31, 21, 2
62, 31, -1, 6
62, 31, 27, 3
62, 31, -1, 3
62, 31, 28, 3
62, 31, 29, 3
62, 31, 34, 3
62, 31, -1, 3
62, 31, 37, 3
62, 31, 38, 3
62, 31, -1, 6
62, 31, 54, 6
62, 31, 55, 6
62, 31, -1, 1
62, 31, -1, 1
62, 31, 57, 6
62, 31, 24, 3
62, 31, 25, 3
62, 31, 52, 6
62, 31, 58, 6
62, 31, 22, 2
62, 31, 16, 1
62, 31, 23, 2
62, 31, 17, 1
62, 31, 59, 6
62, 31, 63, 6
62, 31, 60, 6
62, 31, 50, 4
62, 31, -1, 3
62, 31, -1, 3
62, 31, 30, 3
62, 31, 39, 3
62, 31, 18, 1
62, 31, 19, 1
63, 14, -1, 4
63, 14, -1, 4
63, 14, 42, 4
63, 14, 46, 4
63, 14, 43, 4
63, 14, 44, 4
63, 14, 47, 4
63, 14, 48, 4
63, 14, 40, 4
63, 14, 41, 4
63, 14, 35, 2
63, 14, 31, 2
63, 14, 36, 2
63, 14, 32, 2
63, 14, 45, 4
63, 14, 49, 4
64, 7, 73, 10
64, 7, 68, 2
64, 7, 69, 2
64, 7, 70, 2
64, 7, 71, 2
64, 7, 72, 2
64, 7, 67, 2
65, 31, -1, 4
65, 31, -1, 4
65, 31, 73, 8
65, 31, 68, 1
65, 31, 69, 1
65, 31, 13, 2
65, 31, 42, 4
65, 31, 46, 4
65, 31, 14, 2
65, 31, 7, 2
65, 31, 10, 1
65, 31, 0, 1
65, 31, -1, 1
65, 31, -1, 1
65, 31, 21, 2
65, 31, 43, 4
65, 31, 44, 4
65, 31, 47, 4
65, 31, 48, 4
65, 31, -1, 2
65, 31, 15, 2
65, 31, -1, 2
65, 31, 20, 2
65, 31, 8, 2
65, 31, 9, 2
65, 31, -1, 1
65, 31, 11, 1
65, 31, -1, 1
65, 31, 12, 1
65, 31, 1, 1
65, 31, 2, 1
65, 31, -1, 1
65, 31, -1, 1
65, 31, -1, 1
65, 31, -1, 1
65, 31, -1, 1
65, 31, -1, 1
65, 31, 40, 4
65, 31, 41, 4
65, 31, 35, 2
65, 31, 31, 2
65, 31, 36, 2
65, 31, 32, 2
65, 31, 45, 4
65, 31, 49, 4
66, 1, 75, 8
67, 7, 75, 4
67, 7, 73, 4
67, 7, 68, 4
67, 7, 69, 4
67, 7, 70, 4
67, 7, 71, 4
67, 7, 72, 4
68, 7, 75, 6
68, 7, 73, 6
68, 7, 69, 6
68, 7, 70, 6
68, 7, 71, 6
68, 7, 72, 6
68, 7, 67, 4
69, 7, 75, 6
69, 7, 73, 6
69, 7, 68, 6
69, 7, 70, 6
69, 7, 71, 6
69, 7, 72, 6
69, 7, 67, 4
70, 7, 75, 6
70, 7, 73, 6
70, 7, 68, 6
70, 7, 69, 6
70, 7, 71, 6
70, 7, 72, 6
70, 7, 67, 4
71, 7, 75, 6
71, 7, 73, 6
71, 7, 68, 6
71, 7, 69, 6
71, 7, 70, 6
71, 7, 72, 6
71, 7, 67, 4
72, 7, 75, 6
72, 7, 73, 6
72, 7, 68, 6
72, 7, 69, 6
72, 7, 70, 6
72, 7, 71, 6
72, 7, 67, 4
73, 7, 75, 22
73, 7, 68, 6
73, 7, 69, 6
73, 7, 70, 6
73, 7, 71, 6
73, 7, 72, 6
73, 7, 67, 4
74, 34, -1, 4
74, 34, -1, 2
74, 34, -1, 2
74, 34, -1, 4
74, 34, -1, 12
74, 34, 75, 5
74, 34, 13, 1
74, 34, 26, 2
74, 34, 33, 2
74, 34, 53, 4
74, 34, 56, 12
74, 34, -1, 1
74, 34, -1, 1
74, 34, 21, 1
74, 34, -1, 4
74, 34, 27, 2
74, 34, -1, 2
74, 34, 28, 2
74, 34, 29, 2
74, 34, 34, 2
74, 34, -1, 2
74, 34, 37, 2
74, 34, 38, 2
74, 34, -1, 4
74, 34, 54, 4
74, 34, 55, 4
74, 34, -1, 12
74, 34, 61, 12
74, 34, 62, 12
74, 34, -1, 1
74, 34, 57, 4
74, 34, 24, 2
74, 34, 25, 2
74, 34, 52, 4
74, 34, 58, 4
74, 34, 64, 12
74, 34, 22, 2
74, 34, 23, 2
74, 34, 59, 4
74, 34, 65, 12
74, 34, 63, 4
74, 34, 60, 4
74, 34, 66, 12
74, 34, 50, 4
74, 34, 51, 8
74, 34, -1, 2
74, 34, -1, 2
74, 34, 30, 2
74, 34, 39, 2
75, 75, -1, 14
75, 75, -1, 9
75, 75, -1, 9
75, 75, -1, 16
75, 75, -1, 16
75, 75, -1, 12
75, 75, -1, 12
75, 75, 73, 64
75, 75, 68, 16
75, 75, 69, 16
75, 75, 70, 16
75, 75, 71, 16
75, 75, 72, 16
75, 75, 67, 12
75, 75, 13, 10
75, 75, -1, 6
75, 75, 26, 9
75, 75, 33, 9
75, 75, 42, 16
75, 75, 46, 16
75, 75, 53, 12
75, 75, 56, 12
75, 75, 14, 12
75, 75, 7, 6
75, 75, 10, 6
75, 75, 0, 3
75, 75, -1, 3
75, 75, -1, 3
75, 75, -1, 3
75, 75, -1, 6
75, 75, 3, 3
75, 75, -1, 6
75, 75, -1, 9
75, 75, 21, 12
75, 75, -1, 6
75, 75, -1, 6
75, 75, -1, 6
75, 75, -1, 14
75, 75, 27, 9
75, 75, -1, 9
75, 75, 28, 9
75, 75, 29, 9
75, 75, 34, 9
75, 75, -1, 9
75, 75, 37, 9
75, 75, 38, 9
75, 75, 43, 16
75, 75, 44, 16
75, 75, 47, 16
75, 75, 48, 16
75, 75, -1, 12
75, 75, 54, 12
75, 75, 55, 12
75, 75, -1, 12
75, 75, 61, 12
75, 75, 62, 12
75, 75, -1, 6
75, 75, 15, 12
75, 75, -1, 12
75, 75, -1, 6
75, 75, 20, 12
75, 75, 8, 6
75, 75, 9, 6
75, 75, -1, 3
75, 75, 11, 6
75, 75, -1, 6
75, 75, -1, 3
75, 75, 12, 6
75, 75, 1, 3
75, 75, 2, 3
75, 75, -1, 3
75, 75, -1, 3
75, 75, -1, 3
75, 75, -1, 3
75, 75, -1, 3
75, 75, -1, 3
75, 75, -1, 3
75, 75, -1, 3
75, 75, -1, 3
75, 75, -1, 3
75, 75, -1, 6
75, 75, 4, 3
75, 75, -1, 6
75, 75, -1, 6
75, 75, -1, 6
75, 75, -1, 6
75, 75, -1, 6
75, 75, 6, 3
75, 75, 5, 3
75, 75, -1, 6
75, 75, 57, 14
75, 75, 24, 9
75, 75, 25, 9
75, 75, 40, 16
75, 75, 41, 16
75, 75, 52, 12
75, 75, 74, 12
75, 75, 58, 12
75, 75, 64, 12
75, 75, 22, 6
75, 75, 16, 3
75, 75, 23, 6
75, 75, 17, 3
75, 75, 59, 12
75, 75, 65, 12
75, 75, 63, 14
75, 75, 60, 12
75, 75, 66, 12
75, 75, -1, 3
75, 75, 35, 8
75, 75, 31, 8
75, 75, 36, 8
75, 75, 32, 8
75, 75, 50, 8
75, 75, 51, 8
75, 75, -1, 3
75, 75, 45, 16
75, 75, 49, 16
75, 75, -1, 9
75, 75, -1, 9
75, 75, 30, 9
75, 75, 39, 9
75, 75, 18, 3
75, 75, 19, 3
DTG
0, 3, 1, 0, 3
0, 3, 1, 0, 3
0, 3, 1, 0, 3
1, 3, 1, 0, 3
1, 3, 1, 0, 3
1, 3, 1, 0, 3
2, 3, 1, 0, 3
2, 3, 1, 0, 3
2, 3, 1, 0, 3
3, 1, 1, 0, 3
4, 1, 1, 0, 3
5, 1, 1, 0, 3
6, 1, 1, 0, 4
7, 5, 1, 0, 3
7, 5, 1, 0, 3
7, 5, 1, 0, 3
7, 5, 1, 0, 3
7, 5, 1, 0, 3
8, 5, 1, 0, 3
8, 5, 1, 0, 3
8, 5, 1, 0, 3
8, 5, 1, 0, 3
8, 5, 1, 0, 3
9, 5, 1, 0, 3
9, 5, 1, 0, 3
9, 5, 1, 0, 3
9, 5, 1, 0, 3
9, 5, 1, 0, 3
10, 3, 1, 0, 3
10, 3, 1, 0, 3
10, 3, 1, 0, 3
11, 3, 1, 0, 3
11, 3, 1, 0, 3
11, 3, 1, 0, 3
12, 3, 1, 0, 3
12, 3, 1, 0, 3
12, 3, 1, 0, 3
13, 5, 1, 0, 2
13, 5, 1, 0, 3
13, 5, 1, 0, 3
13, 5, 1, 0, 3
13, 5, 1, 0, 3
14, 5, 1, 0, 3
14, 5, 1, 0, 3
14, 5, 1, 0, 3
14, 5, 1, 0, 3
14, 5, 1, 0, 3
15, 5, 1, 0, 3
15, 5, 1, 0, 3
15, 5, 1, 0, 3
15, 5, 1, 0, 3
15, 5, 1, 0, 3
16, 1, 1, 0, 13
17, 1, 1, 0, 13
18, 1, 1, 0, 13
19, 1, 1, 0, 13
20, 5, 1, 0, 3
20, 5, 1, 0, 3
20, 5, 1, 0, 3
20, 5, 1, 0, 3
20, 5, 1, 0, 3
21, 5, 1, 0, 2
21, 5, 1, 0, 3
21, 5, 1, 0, 3
21, 5, 1, 0, 3
21, 5, 1, 0, 3
22, 6, 1, 0, 13
22, 6, 1, 0, 13
22, 6, 1, 0, 15
22, 6, 1, 0, 15
22, 6, 1, 0, 15
22, 6, 1, 0, 15
23, 6, 1, 0, 13
23, 6, 1, 0, 13
23, 6, 1, 0, 15
23, 6, 1, 0, 15
23, 6, 1, 0, 15
23, 6, 1, 0, 15
24, 7, 0, 1, 12
24, 7, 0, 1, 12
24, 7, 0, 1, 14
24, 7, 0, 1, 14
24, 7, 0, 1, 14
24, 7, 0, 1, 14
24, 7, 0, 2, 12
25, 7, 0, 1, 12
25, 7, 0, 1, 12
25, 7, 0, 1, 14
25, 7, 0, 1, 14
25, 7, 0, 1, 14
25, 7, 0, 1, 14
25, 7, 0, 2, 12
26, 7, 1, 0, 13
26, 7, 1, 0, 13
26, 7, 1, 0, 13
26, 7, 1, 0, 15
26, 7, 1, 0, 15
26, 7, 1, 0, 15
26, 7, 1, 0, 15
27, 7, 1, 0, 13
27, 7, 1, 0, 13
27, 7, 1, 0, 13
27, 7, 1, 0, 15
27, 7, 1, 0, 15
27, 7, 1, 0, 15
27, 7, 1, 0, 15
28, 7, 1, 0, 13
28, 7, 1, 0, 13
28, 7, 1, 0, 13
28, 7, 1, 0, 15
28, 7, 1, 0, 15
28, 7, 1, 0, 15
28, 7, 1, 0, 15
29, 7, 1, 0, 13
29, 7, 1, 0, 13
29, 7, 1, 0, 13
29, 7, 1, 0, 15
29, 7, 1, 0, 15
29, 7, 1, 0, 15
29, 7, 1, 0, 15
30, 7, 1, 0, 13
30, 7, 1, 0, 13
30, 7, 1, 0, 13
30, 7, 1, 0, 15
30, 7, 1, 0, 15
30, 7, 1, 0, 15
30, 7, 1, 0, 15
31, 6, 1, 0, 3
31, 6, 1, 0, 3
31, 6, 1, 0, 3
31, 6, 1, 0, 3
31, 6, 1, 0, 11
31, 6, 1, 0, 11
32, 6, 1, 0, 3
32, 6, 1, 0, 3
32, 6, 1, 0, 3
32, 6, 1, 0, 3
32, 6, 1, 0, 11
32, 6, 1, 0, 11
33, 7, 1, 0, 13
33, 7, 1, 0, 13
33, 7, 1, 0, 13
33, 7, 1, 0, 15
33, 7, 1, 0, 15
33, 7, 1, 0, 15
33, 7, 1, 0, 15
34, 7, 1, 0, 13
34, 7, 1, 0, 13
34, 7, 1, 0, 13
34, 7, 1, 0, 15
34, 7, 1, 0, 15
34, 7, 1, 0, 15
34, 7, 1, 0, 15
35, 6, 1, 0, 3
35, 6, 1, 0, 3
35, 6, 1, 0, 3
35, 6, 1, 0, 3
35, 6, 1, 0, 12
35, 6, 1, 0, 12
36, 6, 1, 0, 3
36, 6, 1, 0, 3
36, 6, 1, 0, 3
36, 6, 1, 0, 3
36, 6, 1, 0, 12
36, 6, 1, 0, 12
37, 7, 1, 0, 13
37, 7, 1, 0, 13
37, 7, 1, 0, 13
37, 7, 1, 0, 15
37, 7, 1, 0, 15
37, 7, 1, 0, 15
37, 7, 1, 0, 15
38, 7, 1, 0, 13
38, 7, 1, 0, 13
38, 7, 1, 0, 13
38, 7, 1, 0, 15
38, 7, 1, 0, 15
38, 7, 1, 0, 15
38, 7, 1, 0, 15
39, 7, 1, 0, 13
39, 7, 1, 0, 13
39, 7, 1, 0, 13
39, 7, 1, 0, 15
39, 7, 1, 0, 15
39, 7, 1, 0, 15
39, 7, 1, 0, 15
40, 12, 0, 1, 3
40, 12, 0, 1, 3
40, 12, 0, 1, 3
40, 12, 0, 1, 3
40, 12, 0, 1, 3
40, 12, 0, 1, 3
40, 12, 0, 1, 3
40, 12, 0, 1, 3
40, 12, 0, 1, 10
40, 12, 0, 1, 10
40, 12, 0, 1, 11
40, 12, 0, 1, 11
41, 12, 0, 1, 3
41, 12, 0, 1, 3
41, 12, 0, 1, 3
41, 12, 0, 1, 3
41, 12, 0, 1, 3
41, 12, 0, 1, 3
41, 12, 0, 1, 3
41, 12, 0, 1, 3
41, 12, 0, 1, 10
41, 12, 0, 1, 10
41, 12, 0, 1, 11
41, 12, 0, 1, 11
42, 12, 1, 0, 3
42, 12, 1, 0, 3
42, 12, 1, 0, 3
42, 12, 1, 0, 3
42, 12, 1, 0, 3
42, 12, 1, 0, 3
42, 12, 1, 0, 3
42, 12, 1, 0, 3
42, 12, 1, 0, 11
42, 12, 1, 0, 11
42, 12, 1, 0, 12
42, 12, 1, 0, 12
43, 12, 1, 0, 3
43, 12, 1, 0, 3
43, 12, 1, 0, 3
43, 12, 1, 0, 3
43, 12, 1, 0, 3
43, 12, 1, 0, 3
43, 12, 1, 0, 3
43, 12, 1, 0, 3
43, 12, 1, 0, 11
43, 12, 1, 0, 11
43, 12, 1, 0, 12
43, 12, 1, 0, 12
44, 12, 1, 0, 3
44, 12, 1, 0, 3
44, 12, 1, 0, 3
44, 12, 1, 0, 3
44, 12, 1, 0, 3
44, 12, 1, 0, 3
44, 12, 1, 0, 3
44, 12, 1, 0, 3
44, 12, 1, 0, 11
44, 12, 1, 0, 11
44, 12, 1, 0, 12
44, 12, 1, 0, 12
45, 12, 1, 0, 3
45, 12, 1, 0, 3
45, 12, 1, 0, 3
45, 12, 1, 0, 3
45, 12, 1, 0, 3
45, 12, 1, 0, 3
45, 12, 1, 0, 3
45, 12, 1, 0, 3
45, 12, 1, 0, 11
45, 12, 1, 0, 11
45, 12, 1, 0, 12
45, 12, 1, 0, 12
46, 12, 1, 0, 3
46, 12, 1, 0, 3
46, 12, 1, 0, 3
46, 12, 1, 0, 3
46, 12, 1, 0, 3
46, 12, 1, 0, 3
46, 12, 1, 0, 3
46, 12, 1, 0, 3
46, 12, 1, 0, 11
46, 12, 1, 0, 11
46, 12, 1, 0, 12
46, 12, 1, 0, 12
47, 12, 1, 0, 3
47, 12, 1, 0, 3
47, 12, 1, 0, 3
47, 12, 1, 0, 3
47, 12, 1, 0, 3
47, 12, 1, 0, 3
47, 12, 1, 0, 3
47, 12, 1, 0, 3
47, 12, 1, 0, 11
47, 12, 1, 0, 11
47, 12, 1, 0, 12
47, 12, 1, 0, 12
48, 12, 1, 0, 3
48, 12, 1, 0, 3
48, 12, 1, 0, 3
48, 12, 1, 0, 3
48, 12, 1, 0, 3
48, 12, 1, 0, 3
48, 12, 1, 0, 3
48, 12, 1, 0, 3
48, 12, 1, 0, 11
48, 12, 1, 0, 11
48, 12, 1, 0, 12
48, 12, 1, 0, 12
49, 12, 1, 0, 3
49, 12, 1, 0, 3
49, 12, 1, 0, 3
49, 12, 1, 0, 3
49, 12, 1, 0, 3
49, 12, 1, 0, 3
49, 12, 1, 0, 3
49, 12, 1, 0, 3
49, 12, 1, 0, 11
49, 12, 1, 0, 11
49, 12, 1, 0, 12
49, 12, 1, 0, 12
50, 8, 1, 0, 18
50, 8, 1, 0, 18
50, 8, 1, 0, 18
50, 8, 1, 0, 18
50, 8, 1, 0, 20
50, 8, 1, 0, 20
50, 8, 1, 0, 20
50, 8, 1, 0, 20
51, 8, 1, 0, 18
51, 8, 1, 0, 18
51, 8, 1, 0, 18
51, 8, 1, 0, 18
51, 8, 1, 0, 20
51, 8, 1, 0, 20
51, 8, 1, 0, 20
51, 8, 1, 0, 20
52, 10, 0, 1, 16
52, 10, 0, 1, 16
52, 10, 0, 2, 17
52, 10, 0, 2, 17
52, 10, 0, 2, 17
52, 10, 0, 2, 17
52, 10, 0, 2, 19
52, 10, 0, 2, 19
52, 10, 0, 2, 19
52, 10, 0, 2, 19
53, 10, 1, 0, 17
53, 10, 1, 0, 17
53, 10, 1, 0, 18
53, 10, 1, 0, 18
53, 10, 1, 0, 18
53, 10, 1, 0, 18
53, 10, 1, 0, 20
53, 10, 1, 0, 20
53, 10, 1, 0, 20
53, 10, 1, 0, 20
54, 10, 1, 0, 17
54, 10, 1, 0, 17
54, 10, 1, 0, 18
54, 10, 1, 0, 18
54, 10, 1, 0, 18
54, 10, 1, 0, 18
54, 10, 1, 0, 20
54, 10, 1, 0, 20
54, 10, 1, 0, 20
54, 10, 1, 0, 20
55, 10, 1, 0, 17
55, 10, 1, 0, 17
55, 10, 1, 0, 18
55, 10, 1, 0, 18
55, 10, 1, 0, 18
55, 10, 1, 0, 18
55, 10, 1, 0, 20
55, 10, 1, 0, 20
55, 10, 1, 0, 20
55, 10, 1, 0, 20
56, 10, 1, 0, 17
56, 10, 1, 0, 17
56, 10, 1, 0, 18
56, 10, 1, 0, 18
56, 10, 1, 0, 18
56, 10, 1, 0, 18
56, 10, 1, 0, 20
56, 10, 1, 0, 20
56, 10, 1, 0, 20
56, 10, 1, 0, 20
57, 10, 0, 1, 16
57, 10, 0, 1, 16
57, 10, 0, 2, 19
57, 10, 0, 2, 19
57, 10, 0, 2, 19
57, 10, 0, 2, 19
57, 10, 0, 2, 19
57, 10, 0, 2, 19
57, 10, 0, 2, 19
57, 10, 0, 2, 19
58, 10, 0, 1, 17
58, 10, 0, 1, 17
58, 10, 0, 1, 18
58, 10, 0, 1, 18
58, 10, 0, 1, 18
58, 10, 0, 1, 18
58, 10, 0, 1, 20
58, 10, 0, 1, 20
58, 10, 0, 1, 20
58, 10, 0, 1, 20
59, 10, 1, 0, 17
59, 10, 1, 0, 17
59, 10, 1, 0, 18
59, 10, 1, 0, 18
59, 10, 1, 0, 18
59, 10, 1, 0, 18
59, 10, 1, 0, 20
59, 10, 1, 0, 20
59, 10, 1, 0, 20
59, 10, 1, 0, 20
60, 10, 1, 0, 17
60, 10, 1, 0, 17
60, 10, 1, 0, 18
60, 10, 1, 0, 18
60, 10, 1, 0, 18
60, 10, 1, 0, 18
60, 10, 1, 0, 20
60, 10, 1, 0, 20
60, 10, 1, 0, 20
60, 10, 1, 0, 20
61, 10, 1, 0, 17
61, 10, 1, 0, 17
61, 10, 1, 0, 18
61, 10, 1, 0, 18
61, 10, 1, 0, 18
61, 10, 1, 0, 18
61, 10, 1, 0, 20
61, 10, 1, 0, 20
61, 10, 1, 0, 20
61, 10, 1, 0, 20
62, 10, 1, 0, 17
62, 10, 1, 0, 17
62, 10, 1, 0, 18
62, 10, 1, 0, 18
62, 10, 1, 0, 18
62, 10, 1, 0, 18
62, 10, 1, 0, 20
62, 10, 1, 0, 20
62, 10, 1, 0, 20
62, 10, 1, 0, 20
63, 10, 1, 0, 17
63, 10, 1, 0, 17
63, 10, 1, 0, 20
63, 10, 1, 0, 20
63, 10, 1, 0, 20
63, 10, 1, 0, 20
63, 10, 1, 0, 20
63, 10, 1, 0, 20
63, 10, 1, 0, 20
63, 10, 1, 0, 20
64, 10, 0, 1, 17
64, 10, 0, 1, 17
64, 10, 0, 1, 18
64, 10, 0, 1, 18
64, 10, 0, 1, 18
64, 10, 0, 1, 18
64, 10, 0, 1, 20
64, 10, 0, 1, 20
64, 10, 0, 1, 20
64, 10, 0, 1, 20
65, 10, 1, 0, 17
65, 10, 1, 0, 17
65, 10, 1, 0, 18
65, 10, 1, 0, 18
65, 10, 1, 0, 18
65, 10, 1, 0, 18
65, 10, 1, 0, 20
65, 10, 1, 0, 20
65, 10, 1, 0, 20
65, 10, 1, 0, 20
66, 10, 1, 0, 17
66, 10, 1, 0, 17
66, 10, 1, 0, 18
66, 10, 1, 0, 18
66, 10, 1, 0, 18
66, 10, 1, 0, 18
66, 10, 1, 0, 20
66, 10, 1, 0, 20
66, 10, 1, 0, 20
66, 10, 1, 0, 20
67, 4, 0, 1, 8
67, 4, 0, 1, 8
67, 4, 0, 1, 8
67, 4, 0, 1, 8
67, 4, 1, 0, 2
67, 4, 1, 0, 2
67, 4, 1, 0, 2
67, 4, 1, 0, 2
68, 6, 0, 1, 7
68, 6, 0, 1, 7
68, 6, 0, 1, 8
68, 6, 0, 1, 8
68, 6, 0, 1, 8
68, 6, 0, 1, 8
68, 8, 1, 0, 2
68, 8, 1, 0, 2
68, 8, 1, 0, 2
68, 8, 1, 0, 2
68, 8, 1, 0, 3
68, 8, 1, 0, 3
68, 8, 1, 0, 3
68, 8, 1, 0, 3
69, 6, 0, 1, 7
69, 6, 0, 1, 7
69, 6, 0, 1, 8
69, 6, 0, 1, 8
69, 6, 0, 1, 8
69, 6, 0, 1, 8
69, 8, 1, 0, 2
69, 8, 1, 0, 2
69, 8, 1, 0, 2
69, 8, 1, 0, 2
69, 8, 1, 0, 3
69, 8, 1, 0, 3
69, 8, 1, 0, 3
69, 8, 1, 0, 3
70, 6, 0, 1, 7
70, 6, 0, 1, 7
70, 6, 0, 1, 8
70, 6, 0, 1, 8
70, 6, 0, 1, 8
70, 6, 0, 1, 8
70, 6, 1, 0, 2
70, 6, 1, 0, 2
70, 6, 1, 0, 2
70, 6, 1, 0, 2
70, 6, 1, 0, 2
70, 6, 1, 0, 2
71, 6, 0, 1, 7
71, 6, 0, 1, 7
71, 6, 0, 1, 8
71, 6, 0, 1, 8
71, 6, 0, 1, 8
71, 6, 0, 1, 8
71, 6, 1, 0, 2
71, 6, 1, 0, 2
71, 6, 1, 0, 2
71, 6, 1, 0, 2
71, 6, 1, 0, 2
71, 6, 1, 0, 2
72, 6, 0, 1, 7
72, 6, 0, 1, 7
72, 6, 0, 1, 8
72, 6, 0, 1, 8
72, 6, 0, 1, 8
72, 6, 0, 1, 8
72, 6, 1, 0, 2
72, 6, 1, 0, 2
72, 6, 1, 0, 2
72, 6, 1, 0, 2
72, 6, 1, 0, 2
72, 6, 1, 0, 2
73, 22, 0, 1, 2
73, 22, 0, 1, 2
73, 22, 0, 1, 2
73, 22, 0, 1, 2
73, 22, 0, 1, 2
73, 22, 0, 1, 2
73, 22, 0, 1, 2
73, 22, 0, 1, 2
73, 22, 0, 1, 2
73, 22, 0, 1, 2
73, 22, 0, 1, 2
73, 22, 0, 1, 2
73, 22, 0, 1, 2
73, 22, 0, 1, 2
73, 22, 0, 1, 2
73, 22, 0, 1, 2
73, 22, 0, 1, 7
73, 22, 0, 1, 7
73, 22, 0, 1, 8
73, 22, 0, 1, 8
73, 22, 0, 1, 8
73, 22, 0, 1, 8
73, 38, 1, 0, 2
73, 38, 1, 0, 2
73, 38, 1, 0, 2
73, 38, 1, 0, 2
73, 38, 1, 0, 2
73, 38, 1, 0, 2
73, 38, 1, 0, 3
73, 38, 1, 0, 3
73, 38, 1, 0, 3
73, 38, 1, 0, 3
73, 38, 1, 0, 3
73, 38, 1, 0, 3
73, 38, 1, 0, 3
73, 38, 1, 0, 3
73, 38, 1, 0, 3
73, 38, 1, 0, 3
73, 38, 1, 0, 3
73, 38, 1, 0, 3
73, 38, 1, 0, 3
73, 38, 1, 0, 3
73, 38, 1, 0, 3
73, 38, 1, 0, 3
73, 38, 1, 0, 3
73, 38, 1, 0, 3
73, 38, 1, 0, 3
73, 38, 1, 0, 3
73, 38, 1, 0, 3
73, 38, 1, 0, 3
73, 38, 1, 0, 3
73, 38, 1, 0, 3
73, 38, 1, 0, 3
73, 38, 1, 0, 3
73, 38, 1, 0, 3
73, 38, 1, 0, 3
73, 38, 1, 0, 3
73, 38, 1, 0, 3
73, 38, 1, 0, 3
73, 38, 1, 0, 3
74, 10, 0, 1, 16
74, 10, 0, 1, 16
74, 10, 0, 2, 17
74, 10, 0, 2, 17
74, 10, 0, 2, 17
74, 10, 0, 2, 17
74, 10, 0, 2, 19
74, 10, 0, 2, 19
74, 10, 0, 2, 19
74, 10, 0, 2, 19
75, 1, 0, 6, 7
75, 1, 1, 6, 7
75, 1, 2, 6, 8
75, 1, 3, 6, 8
75, 1, 4, 6, 8
75, 1, 5, 6, 8
75, 22, 6, 0, 2
75, 22, 6, 1, 4
75, 22, 6, 2, 5
75, 22, 6, 3, 6
75, 22, 6, 4, 5
75, 22, 6, 5, 6
75, 22, 6, 7, 15
75, 22, 6, 8, 15
75, 22, 6, 9, 15
75, 22, 6, 10, 15
75, 22, 6, 11, 15
75, 22, 6, 12, 15
75, 22, 6, 13, 15
75, 22, 6, 14, 15
75, 22, 6, 15, 15
75, 22, 6, 16, 15
75, 22, 6, 17, 15
75, 22, 6, 18, 15
75, 22, 6, 19, 15
75, 22, 6, 20, 15
75, 22, 6, 21, 15
75, 22, 6, 22, 15
75, 1, 7, 6, 2
75, 1, 8, 6, 2
75, 1, 9, 6, 2
75, 1, 10, 6, 2
75, 1, 11, 6, 2
75, 1, 12, 6, 2
75, 1, 13, 6, 2
75, 1, 14, 6, 2
75, 1, 15, 6, 2
75, 1, 16, 6, 2
75, 1, 17, 6, 2
75, 1, 18, 6, 2
75, 1, 19, 6, 2
75, 1, 20, 6, 2
75, 1, 21, 6, 2
75, 1, 22, 6, 2
Goal
74
75
