CG
143
0, 8, -1, 1
0, 8, 141, 1
0, 8, 100, 3
0, 8, 42, 1
0, 8, 43, 1
0, 8, 44, 1
0, 8, 45, 1
0, 8, 11, 1
0, 8, 46, 1
1, 8, -1, 1
1, 8, 141, 1
1, 8, 100, 3
1, 8, 47, 1
1, 8, 48, 1
1, 8, 49, 1
1, 8, 50, 1
1, 8, 12, 1
1, 8, 51, 1
2, 8, -1, 1
2, 8, 141, 1
2, 8, 100, 3
2, 8, 42, 1
2, 8, 43, 1
2, 8, 44, 1
2, 8, 45, 1
2, 8, 13, 1
2, 8, 46, 1
3, 8, -1, 1
3, 8, 141, 1
3, 8, 100, 3
3, 8, 47, 1
3, 8, 48, 1
3, 8, 49, 1
3, 8, 50, 1
3, 8, 14, 1
3, 8, 51, 1
4, 8, -1, 1
4, 8, 141, 1
4, 8, 100, 3
4, 8, 42, 1
4, 8, 43, 1
4, 8, 44, 1
4, 8, 45, 1
4, 8, 11, 1
4, 8, 46, 1
5, 8, -1, 1
5, 8, 141, 1
5, 8, 100, 3
5, 8, 47, 1
5, 8, 48, 1
5, 8, 49, 1
5, 8, 50, 1
5, 8, 12, 1
5, 8, 51, 1
6, 8, -1, 1
6, 8, 141, 1
6, 8, 100, 3
6, 8, 42, 1
6, 8, 43, 1
6, 8, 44, 1
6, 8, 45, 1
6, 8, 13, 1
6, 8, 46, 1
7, 8, -1, 1
7, 8, 141, 1
7, 8, 100, 3
7, 8, 47, 1
7, 8, 48, 1
7, 8, 49, 1
7, 8, 50, 1
7, 8, 14, 1
7, 8, 51, 1
8, 10, 142, 3
8, 10, 124, 2
8, 10, 125, 2
8, 10, 126, 2
8, 10, 135, 3
8, 10, 136, 3
8, 10, 73, 6
8, 10, 108, 3
8, 10, 110, 6
8, 10, 128, 6
9, 10, 142, 3
9, 10, 124, 2
9, 10, 125, 2
9, 10, 126, 2
9, 10, 135, 3
9, 10, 136, 3
9, 10, 73, 6
9, 10, 108, 3
9, 10, 110, 6
9, 10, 128, 6
10, 10, 142, 3
10, 10, 124, 2
10, 10, 125, 2
10, 10, 126, 2
10, 10, 135, 3
10, 10, 136, 3
10, 10, 73, 6
10, 10, 108, 3
10, 10, 110, 6
10, 10, 128, 6
11, 5, 142, 3
11, 5, 137, 3
11, 5, 63, 3
11, 5, 139, 3
11, 5, 106, 3
12, 5, 142, 3
12, 5, 137, 3
12, 5, 64, 3
12, 5, 139, 3
12, 5, 106, 3
13, 5, 142, 3
13, 5, 138, 3
13, 5, 63, 3
13, 5, 139, 3
13, 5, 106, 3
14, 5, 142, 3
14, 5, 138, 3
14, 5, 64, 3
14, 5, 139, 3
14, 5, 106, 3
15, 7, 141, 1
15, 7, 100, 2
15, 7, 101, 2
15, 7, 102, 2
15, 7, 103, 2
15, 7, 104, 2
15, 7, 105, 2
16, 9, 142, 1
16, 9, 63, 1
16, 9, 64, 1
16, 9, 74, 2
16, 9, 131, 3
16, 9, 92, 2
16, 9, 66, 1
16, 9, 106, 2
16, 9, 93, 2
17, 10, 142, 3
17, 10, 124, 2
17, 10, 125, 2
17, 10, 126, 2
17, 10, 135, 3
17, 10, 136, 3
17, 10, 74, 6
17, 10, 108, 3
17, 10, 110, 6
17, 10, 128, 6
18, 9, 142, 1
18, 9, 63, 1
18, 9, 64, 1
18, 9, 74, 2
18, 9, 131, 3
18, 9, 92, 2
18, 9, 66, 1
18, 9, 106, 2
18, 9, 93, 2
19, 3, 142, 1
19, 3, 131, 1
19, 3, 66, 1
20, 10, 142, 3
20, 10, 124, 2
20, 10, 125, 2
20, 10, 126, 2
20, 10, 135, 3
20, 10, 136, 3
20, 10, 74, 6
20, 10, 108, 3
20, 10, 110, 6
20, 10, 128, 6
21, 10, 142, 3
21, 10, 124, 2
21, 10, 125, 2
21, 10, 126, 2
21, 10, 135, 3
21, 10, 136, 3
21, 10, 74, 6
21, 10, 108, 3
21, 10, 110, 6
21, 10, 128, 6
22, 7, 141, 1
22, 7, 100, 2
22, 7, 101, 2
22, 7, 102, 2
22, 7, 103, 2
22, 7, 104, 2
22, 7, 105, 2
23, 48, 124, 6
23, 48, 133, 2
23, 48, 134, 2
23, 48, 125, 6
23, 48, 126, 6
23, 48, 135, 13
23, 48, 136, 13
23, 48, 137, 2
23, 48, 138, 2
23, 48, 86, 1
23, 48, 89, 1
23, 48, 72, 6
23, 48, 73, 6
23, 48, 74, 6
23, 48, 97, 2
23, 48, 98, 2
23, 48, 96, 2
23, 48, 99, 2
23, 48, 66, 4
23, 48, 22, 1
23, 48, 35, 1
23, 48, 41, 1
23, 48, 141, 3
23, 48, 108, 4
23, 48, 127, 4
23, 48, 111, 2
23, 48, 109, 6
23, 48, 95, 4
23, 48, 110, 18
23, 48, 128, 18
23, 48, 56, 3
23, 48, -1, 3
23, 48, 57, 4
23, 48, 38, 1
23, 48, 16, 1
23, 48, 17, 1
23, 48, 26, 3
23, 48, -1, 3
23, 48, -1, 3
23, 48, -1, 3
23, 48, 65, 4
23, 48, -1, 3
23, 48, -1, 3
23, 48, -1, 3
23, 48, -1, 1
23, 48, 58, 4
23, 48, -1, 4
23, 48, -1, 3
23, 48, 59, 4
23, 48, 39, 1
23, 48, 40, 1
23, 48, -1, 1
23, 48, 18, 1
23, 48, -1, 1
23, 48, 19, 1
23, 48, 20, 1
23, 48, 21, 1
23, 48, 27, 3
23, 48, -1, 3
23, 48, -1, 3
23, 48, 28, 3
23, 48, -1, 3
23, 48, -1, 3
23, 48, -1, 3
23, 48, -1, 3
23, 48, 29, 3
23, 48, -1, 6
23, 48, -1, 3
24, 9, 124, 3
24, 9, 125, 3
24, 9, 126, 3
24, 9, 136, 9
24, 9, 72, 3
24, 9, 73, 3
24, 9, 74, 3
24, 9, 110, 9
24, 9, 128, 9
25, 9, 133, 1
25, 9, 134, 1
25, 9, 135, 2
25, 9, 138, 2
25, 9, 66, 2
25, 9, 108, 2
25, 9, 127, 2
25, 9, 56, 3
25, 9, -1, 3
25, 9, -1, 3
25, 9, 65, 3
25, 9, -1, 3
26, 9, 142, 1
26, 9, 63, 1
26, 9, 64, 1
26, 9, 34, 2
26, 9, 132, 3
26, 9, 92, 2
26, 9, 66, 1
26, 9, 106, 2
26, 9, 93, 2
27, 9, 142, 1
27, 9, 63, 1
27, 9, 64, 1
27, 9, 34, 2
27, 9, 132, 3
27, 9, 92, 2
27, 9, 66, 1
27, 9, 106, 2
27, 9, 93, 2
28, 3, 142, 1
28, 3, 132, 1
28, 3, 66, 1
29, 9, 124, 3
29, 9, 125, 3
29, 9, 126, 3
29, 9, 135, 9
29, 9, 72, 3
29, 9, 73, 3
29, 9, 74, 3
29, 9, 110, 9
29, 9, 128, 9
30, 21, 142, 5
30, 21, 136, 3
30, 21, 22, 1
30, 21, 141, 1
30, 21, 127, 2
30, 21, 111, 2
30, 21, 128, 1
30, 21, 56, 1
30, 21, 57, 1
30, 21, 38, 1
30, 21, 16, 1
30, 21, 17, 1
30, 21, -1, 1
30, 21, -1, 1
30, 21, 65, 2
30, 21, -1, 1
30, 21, 58, 1
30, 21, -1, 1
30, 21, 59, 1
30, 21, 39, 1
30, 21, 40, 1
30, 21, -1, 1
30, 21, 18, 1
30, 21, -1, 1
30, 21, 19, 1
30, 21, 20, 1
30, 21, 21, 1
30, 21, -1, 1
31, 9, 142, 4
31, 9, 136, 2
31, 9, 35, 1
31, 9, 141, 1
31, 9, 127, 2
31, 9, 111, 1
31, 9, 128, 1
31, 9, 56, 1
31, 9, -1, 1
31, 9, -1, 1
31, 9, 65, 1
31, 9, -1, 1
32, 9, 142, 4
32, 9, 135, 2
32, 9, 36, 1
32, 9, 141, 1
32, 9, 127, 2
32, 9, 111, 1
32, 9, 128, 1
32, 9, 56, 1
32, 9, -1, 1
32, 9, -1, 1
32, 9, 65, 1
32, 9, -1, 1
33, 9, 142, 4
33, 9, 135, 2
33, 9, 37, 1
33, 9, 141, 1
33, 9, 127, 2
33, 9, 111, 1
33, 9, 128, 1
33, 9, 56, 1
33, 9, -1, 1
33, 9, -1, 1
33, 9, 65, 1
33, 9, -1, 1
34, 3, 92, 1
34, 3, 93, 1
34, 3, 110, 1
35, 22, 141, 1
35, 22, 100, 3
35, 22, 101, 3
35, 22, 102, 3
35, 22, 103, 3
35, 22, 104, 3
35, 22, 105, 3
35, 22, 94, 3
35, 22, 56, 1
35, 22, 57, 1
35, 22, 38, 1
35, 22, 16, 1
35, 22, 17, 1
35, 22, 65, 1
35, 22, -1, 1
35, 22, 58, 1
35, 22, -1, 1
35, 22, 59, 1
35, 22, 39, 1
35, 22, 40, 1
35, 22, -1, 1
35, 22, 18, 1
35, 22, -1, 1
35, 22, 19, 1
35, 22, 20, 1
35, 22, 21, 1
36, 22, 141, 1
36, 22, 100, 3
36, 22, 101, 3
36, 22, 102, 3
36, 22, 103, 3
36, 22, 104, 3
36, 22, 105, 3
36, 22, 94, 3
36, 22, 56, 1
36, 22, 57, 1
36, 22, 38, 1
36, 22, 52, 1
36, 22, 8, 1
36, 22, 65, 1
36, 22, -1, 1
36, 22, 58, 1
36, 22, -1, 1
36, 22, 59, 1
36, 22, 39, 1
36, 22, 40, 1
36, 22, -1, 1
36, 22, 53, 1
36, 22, -1, 1
36, 22, 54, 1
36, 22, 9, 1
36, 22, 10, 1
37, 22, 141, 1
37, 22, 100, 3
37, 22, 101, 3
37, 22, 102, 3
37, 22, 103, 3
37, 22, 104, 3
37, 22, 105, 3
37, 22, 94, 3
37, 22, 56, 1
37, 22, 57, 1
37, 22, 38, 1
37, 22, 52, 1
37, 22, 8, 1
37, 22, 65, 1
37, 22, -1, 1
37, 22, 58, 1
37, 22, -1, 1
37, 22, 59, 1
37, 22, 39, 1
37, 22, 40, 1
37, 22, -1, 1
37, 22, 53, 1
37, 22, -1, 1
37, 22, 54, 1
37, 22, 9, 1
37, 22, 10, 1
38, 10, 142, 3
38, 10, 124, 2
38, 10, 125, 2
38, 10, 126, 2
38, 10, 135, 3
38, 10, 136, 3
38, 10, 72, 6
38, 10, 108, 3
38, 10, 110, 6
38, 10, 128, 6
39, 10, 142, 3
39, 10, 124, 2
39, 10, 125, 2
39, 10, 126, 2
39, 10, 135, 3
39, 10, 136, 3
39, 10, 72, 6
39, 10, 108, 3
39, 10, 110, 6
39, 10, 128, 6
40, 10, 142, 3
40, 10, 124, 2
40, 10, 125, 2
40, 10, 126, 2
40, 10, 135, 3
40, 10, 136, 3
40, 10, 72, 6
40, 10, 108, 3
40, 10, 110, 6
40, 10, 128, 6
41, 22, 141, 1
41, 22, 100, 3
41, 22, 101, 3
41, 22, 102, 3
41, 22, 103, 3
41, 22, 104, 3
41, 22, 105, 3
41, 22, 94, 3
41, 22, 56, 1
41, 22, 57, 1
41, 22, 38, 1
41, 22, 16, 1
41, 22, 17, 1
41, 22, 65, 1
41, 22, -1, 1
41, 22, 58, 1
41, 22, -1, 1
41, 22, 59, 1
41, 22, 39, 1
41, 22, 40, 1
41, 22, -1, 1
41, 22, 18, 1
41, 22, -1, 1
41, 22, 19, 1
41, 22, 20, 1
41, 22, 21, 1
42, 12, 63, 4
42, 12, 72, 1
42, 12, 73, 1
42, 12, 74, 1
42, 12, 34, 1
42, 12, 129, 1
42, 12, 130, 1
42, 12, 131, 1
42, 12, 132, 1
42, 12, 92, 4
42, 12, 106, 4
42, 12, 93, 4
43, 12, 63, 4
43, 12, 72, 1
43, 12, 73, 1
43, 12, 74, 1
43, 12, 34, 1
43, 12, 129, 1
43, 12, 130, 1
43, 12, 131, 1
43, 12, 132, 1
43, 12, 92, 4
43, 12, 106, 4
43, 12, 93, 4
44, 12, 63, 4
44, 12, 72, 1
44, 12, 73, 1
44, 12, 74, 1
44, 12, 34, 1
44, 12, 129, 1
44, 12, 130, 1
44, 12, 131, 1
44, 12, 132, 1
44, 12, 92, 4
44, 12, 106, 4
44, 12, 93, 4
45, 7, 135, 1
45, 7, 136, 1
45, 7, 97, 1
45, 7, 98, 1
45, 7, 96, 2
45, 7, 109, 2
45, 7, 95, 2
46, 6, 142, 6
46, 6, 137, 3
46, 6, 138, 3
46, 6, 63, 6
46, 6, 139, 6
46, 6, 106, 6
47, 12, 64, 4
47, 12, 72, 1
47, 12, 73, 1
47, 12, 74, 1
47, 12, 34, 1
47, 12, 129, 1
47, 12, 130, 1
47, 12, 131, 1
47, 12, 132, 1
47, 12, 92, 4
47, 12, 106, 4
47, 12, 93, 4
48, 12, 64, 4
48, 12, 72, 1
48, 12, 73, 1
48, 12, 74, 1
48, 12, 34, 1
48, 12, 129, 1
48, 12, 130, 1
48, 12, 131, 1
48, 12, 132, 1
48, 12, 92, 4
48, 12, 106, 4
48, 12, 93, 4
49, 12, 64, 4
49, 12, 72, 1
49, 12, 73, 1
49, 12, 74, 1
49, 12, 34, 1
49, 12, 129, 1
49, 12, 130, 1
49, 12, 131, 1
49, 12, 132, 1
49, 12, 92, 4
49, 12, 106, 4
49, 12, 93, 4
50, 7, 135, 1
50, 7, 136, 1
50, 7, 97, 1
50, 7, 98, 1
50, 7, 99, 2
50, 7, 109, 2
50, 7, 95, 2
51, 6, 142, 6
51, 6, 137, 3
51, 6, 138, 3
51, 6, 64, 6
51, 6, 139, 6
51, 6, 106, 6
52, 9, 142, 1
52, 9, 63, 1
52, 9, 64, 1
52, 9, 73, 2
52, 9, 130, 3
52, 9, 92, 2
52, 9, 66, 1
52, 9, 106, 2
52, 9, 93, 2
53, 9, 142, 1
53, 9, 63, 1
53, 9, 64, 1
53, 9, 73, 2
53, 9, 130, 3
53, 9, 92, 2
53, 9, 66, 1
53, 9, 106, 2
53, 9, 93, 2
54, 3, 142, 1
54, 3, 130, 1
54, 3, 66, 1
55, 29, 142, 9
55, 29, 135, 1
55, 29, 136, 1
55, 29, 137, 2
55, 29, 138, 2
55, 29, 63, 2
55, 29, 64, 2
55, 29, 139, 4
55, 29, 36, 1
55, 29, 35, 1
55, 29, 141, 2
55, 29, 108, 3
55, 29, 111, 2
55, 29, 106, 4
55, 29, 56, 2
55, 29, -1, 2
55, 29, 57, 2
55, 29, 52, 1
55, 29, 26, 1
55, 29, -1, 2
55, 29, 23, 1
55, 29, -1, 2
55, 29, -1, 3
55, 29, 65, 2
55, 29, -1, 2
55, 29, -1, 2
55, 29, -1, 2
55, 29, 58, 2
55, 29, -1, 2
55, 29, -1, 2
55, 29, 59, 2
55, 29, 53, 1
55, 29, -1, 1
55, 29, -1, 1
55, 29, 54, 1
55, 29, 27, 1
55, 29, -1, 1
55, 29, -1, 1
55, 29, 28, 1
55, 29, -1, 2
55, 29, 24, 1
55, 29, -1, 2
55, 29, -1, 2
55, 29, -1, 2
55, 29, -1, 2
55, 29, -1, 2
55, 29, 29, 1
55, 29, 25, 1
55, 29, -1, 2
55, 29, -1, 1
55, 29, -1, 1
56, 45, 133, 2
56, 45, 134, 2
56, 45, 135, 2
56, 45, 136, 2
56, 45, 137, 2
56, 45, 138, 2
56, 45, 92, 4
56, 45, 66, 4
56, 45, 15, 1
56, 45, 22, 1
56, 45, 36, 1
56, 45, 35, 1
56, 45, 37, 1
56, 45, 41, 1
56, 45, 141, 6
56, 45, 108, 4
56, 45, 127, 4
56, 45, 93, 4
56, 45, 110, 4
56, 45, 57, 8
56, 45, 38, 2
56, 45, 52, 4
56, 45, 8, 1
56, 45, 16, 1
56, 45, 17, 1
56, 45, 26, 3
56, 45, 23, 3
56, 45, -1, 3
56, 45, 65, 2
56, 45, -1, 2
56, 45, 58, 8
56, 45, -1, 8
56, 45, -1, 6
56, 45, 59, 8
56, 45, 39, 2
56, 45, 40, 2
56, 45, -1, 1
56, 45, 53, 4
56, 45, -1, 4
56, 45, -1, 3
56, 45, 54, 4
56, 45, 9, 1
56, 45, 10, 1
56, 45, -1, 1
56, 45, 18, 1
56, 45, -1, 1
56, 45, 19, 1
56, 45, 20, 1
56, 45, 21, 1
56, 45, 27, 3
56, 45, -1, 3
56, 45, -1, 3
56, 45, 28, 3
56, 45, -1, 3
56, 45, 24, 3
56, 45, -1, 3
56, 45, 29, 3
56, 45, 25, 3
57, 9, 142, 1
57, 9, 63, 1
57, 9, 64, 1
57, 9, 72, 2
57, 9, 129, 3
57, 9, 92, 2
57, 9, 66, 1
57, 9, 106, 2
57, 9, 93, 2
58, 9, 142, 1
58, 9, 63, 1
58, 9, 64, 1
58, 9, 72, 2
58, 9, 129, 3
58, 9, 92, 2
58, 9, 66, 1
58, 9, 106, 2
58, 9, 93, 2
59, 3, 142, 1
59, 3, 129, 1
59, 3, 66, 1
60, 29, 142, 9
60, 29, 135, 1
60, 29, 136, 1
60, 29, 137, 2
60, 29, 138, 2
60, 29, 63, 2
60, 29, 64, 2
60, 29, 139, 4
60, 29, 37, 1
60, 29, 41, 1
60, 29, 141, 2
60, 29, 108, 3
60, 29, 111, 2
60, 29, 106, 4
60, 29, 56, 2
60, 29, -1, 2
60, 29, 57, 2
60, 29, 52, 1
60, 29, 26, 1
60, 29, -1, 2
60, 29, 23, 1
60, 29, -1, 2
60, 29, -1, 3
60, 29, 65, 2
60, 29, -1, 2
60, 29, -1, 2
60, 29, -1, 2
60, 29, 58, 2
60, 29, -1, 2
60, 29, -1, 2
60, 29, 59, 2
60, 29, 53, 1
60, 29, -1, 1
60, 29, -1, 1
60, 29, 54, 1
60, 29, 27, 1
60, 29, -1, 1
60, 29, -1, 1
60, 29, 28, 1
60, 29, -1, 2
60, 29, 24, 1
60, 29, -1, 2
60, 29, -1, 2
60, 29, -1, 2
60, 29, -1, 2
60, 29, -1, 2
60, 29, 29, 1
60, 29, 25, 1
60, 29, -1, 2
60, 29, -1, 1
60, 29, -1, 1
61, 4, 142, 2
61, 4, 135, 1
61, 4, 136, 1
61, 4, 111, 2
62, 16, 142, 9
62, 16, 135, 1
62, 16, 136, 1
62, 16, 137, 2
62, 16, 138, 2
62, 16, 63, 2
62, 16, 64, 2
62, 16, 139, 4
62, 16, 36, 1
62, 16, 35, 1
62, 16, 141, 2
62, 16, 108, 3
62, 16, 111, 2
62, 16, 106, 4
62, 16, 56, 2
62, 16, -1, 2
62, 16, -1, 2
62, 16, 65, 2
62, 16, -1, 1
62, 16, -1, 1
63, 11, 72, 1
63, 11, 73, 1
63, 11, 74, 1
63, 11, 34, 1
63, 11, 129, 1
63, 11, 130, 1
63, 11, 131, 1
63, 11, 132, 1
63, 11, 92, 4
63, 11, 106, 4
63, 11, 93, 4
64, 11, 72, 1
64, 11, 73, 1
64, 11, 74, 1
64, 11, 34, 1
64, 11, 129, 1
64, 11, 130, 1
64, 11, 131, 1
64, 11, 132, 1
64, 11, 92, 4
64, 11, 106, 4
64, 11, 93, 4
65, 12, 133, 2
65, 12, 134, 2
65, 12, 135, 2
65, 12, 136, 2
65, 12, 137, 2
65, 12, 138, 2
65, 12, 92, 4
65, 12, 66, 4
65, 12, 108, 4
65, 12, 127, 4
65, 12, 93, 4
65, 12, 110, 4
66, 8, 133, 2
66, 8, 134, 2
66, 8, 135, 2
66, 8, 136, 2
66, 8, 137, 2
66, 8, 138, 2
66, 8, 108, 4
66, 8, 127, 4
67, 4, 142, 2
67, 4, 135, 1
67, 4, 136, 1
67, 4, 111, 2
68, 16, 142, 9
68, 16, 135, 1
68, 16, 136, 1
68, 16, 137, 2
68, 16, 138, 2
68, 16, 63, 2
68, 16, 64, 2
68, 16, 139, 4
68, 16, 37, 1
68, 16, 41, 1
68, 16, 141, 2
68, 16, 108, 3
68, 16, 111, 2
68, 16, 106, 4
68, 16, 56, 2
68, 16, -1, 2
68, 16, -1, 2
68, 16, 65, 2
68, 16, -1, 1
68, 16, -1, 1
69, 8, 124, 6
69, 8, 135, 3
69, 8, 136, 3
69, 8, 72, 2
69, 8, 73, 2
69, 8, 74, 2
69, 8, 110, 6
69, 8, 128, 6
70, 8, 125, 6
70, 8, 135, 3
70, 8, 136, 3
70, 8, 72, 2
70, 8, 73, 2
70, 8, 74, 2
70, 8, 110, 6
70, 8, 128, 6
71, 8, 126, 6
71, 8, 135, 3
71, 8, 136, 3
71, 8, 72, 2
71, 8, 73, 2
71, 8, 74, 2
71, 8, 110, 6
71, 8, 128, 6
72, 9, 124, 2
72, 9, 125, 2
72, 9, 126, 2
72, 9, 135, 3
72, 9, 136, 3
72, 9, 92, 1
72, 9, 93, 1
72, 9, 110, 7
72, 9, 128, 6
73, 9, 124, 2
73, 9, 125, 2
73, 9, 126, 2
73, 9, 135, 3
73, 9, 136, 3
73, 9, 92, 1
73, 9, 93, 1
73, 9, 110, 7
73, 9, 128, 6
74, 9, 124, 2
74, 9, 125, 2
74, 9, 126, 2
74, 9, 135, 3
74, 9, 136, 3
74, 9, 92, 1
74, 9, 93, 1
74, 9, 110, 7
74, 9, 128, 6
75, 7, 100, 6
75, 7, 101, 2
75, 7, 102, 2
75, 7, 103, 2
75, 7, 104, 2
75, 7, 105, 2
75, 7, 94, 2
76, 7, 100, 6
76, 7, 101, 2
76, 7, 102, 2
76, 7, 103, 2
76, 7, 104, 2
76, 7, 105, 2
76, 7, 94, 2
77, 3, 86, 1
77, 3, 95, 1
77, 3, 107, 1
78, 3, 89, 1
78, 3, 95, 1
78, 3, 107, 1
79, 37, -1, 2
79, 37, -1, 2
79, 37, 100, 4
79, 37, 101, 1
79, 37, 102, 1
79, 37, 56, 2
79, 37, 42, 2
79, 37, 47, 2
79, 37, 57, 2
79, 37, 38, 2
79, 37, 52, 1
79, 37, 8, 1
79, 37, 16, 1
79, 37, 17, 1
79, 37, 65, 2
79, 37, 43, 2
79, 37, 44, 2
79, 37, 48, 2
79, 37, 49, 2
79, 37, -1, 2
79, 37, 58, 2
79, 37, -1, 2
79, 37, 59, 2
79, 37, 39, 2
79, 37, 40, 2
79, 37, -1, 1
79, 37, 53, 1
79, 37, -1, 1
79, 37, 54, 1
79, 37, 9, 1
79, 37, 10, 1
79, 37, -1, 1
79, 37, 18, 1
79, 37, -1, 1
79, 37, 19, 1
79, 37, 20, 1
79, 37, 21, 1
79, 37, 45, 2
79, 37, 50, 2
79, 37, 11, 1
79, 37, 13, 1
79, 37, 12, 1
79, 37, 14, 1
79, 37, 46, 2
79, 37, 51, 2
80, 37, -1, 2
80, 37, -1, 2
80, 37, 100, 4
80, 37, 101, 1
80, 37, 102, 1
80, 37, 56, 2
80, 37, 42, 2
80, 37, 47, 2
80, 37, 57, 2
80, 37, 38, 2
80, 37, 52, 1
80, 37, 8, 1
80, 37, 16, 1
80, 37, 17, 1
80, 37, 65, 2
80, 37, 43, 2
80, 37, 44, 2
80, 37, 48, 2
80, 37, 49, 2
80, 37, -1, 2
80, 37, 58, 2
80, 37, -1, 2
80, 37, 59, 2
80, 37, 39, 2
80, 37, 40, 2
80, 37, -1, 1
80, 37, 53, 1
80, 37, -1, 1
80, 37, 54, 1
80, 37, 9, 1
80, 37, 10, 1
80, 37, -1, 1
80, 37, 18, 1
80, 37, -1, 1
80, 37, 19, 1
80, 37, 20, 1
80, 37, 21, 1
80, 37, 45, 2
80, 37, 50, 2
80, 37, 11, 1
80, 37, 13, 1
80, 37, 12, 1
80, 37, 14, 1
80, 37, 46, 2
80, 37, 51, 2
81, 4, 142, 2
81, 4, 135, 1
81, 4, 136, 1
81, 4, 111, 2
82, 4, 142, 2
82, 4, 135, 1
82, 4, 136, 1
82, 4, 111, 2
83, 4, 142, 2
83, 4, 135, 1
83, 4, 136, 1
83, 4, 111, 2
84, 3, 86, 1
84, 3, 111, 1
84, 3, 109, 1
85, 3, 86, 1
85, 3, 111, 1
85, 3, 109, 1
86, 2, 95, 2
86, 2, 107, 2
87, 3, 89, 1
87, 3, 111, 1
87, 3, 109, 1
88, 3, 89, 1
88, 3, 111, 1
88, 3, 109, 1
89, 2, 95, 2
89, 2, 107, 2
90, 3, 86, 1
90, 3, 95, 1
90, 3, 107, 1
91, 3, 89, 1
91, 3, 95, 1
91, 3, 107, 1
92, 2, 93, 4
92, 2, 110, 4
93, 2, 92, 4
93, 2, 110, 4
94, 11, 36, 1
94, 11, 35, 1
94, 11, 37, 1
94, 11, 41, 1
94, 11, 141, 4
94, 11, 100, 4
94, 11, 101, 4
94, 11, 102, 4
94, 11, 103, 4
94, 11, 104, 4
94, 11, 105, 4
95, 3, 86, 2
95, 3, 89, 2
95, 3, 107, 4
96, 16, 142, 6
96, 16, 97, 3
96, 16, 98, 3
96, 16, -1, 2
96, 16, 141, 4
96, 16, 0, 1
96, 16, 2, 1
96, 16, 4, 1
96, 16, 6, 1
96, 16, 107, 6
96, 16, 42, 2
96, 16, 43, 2
96, 16, 44, 2
96, 16, 45, 2
96, 16, 11, 1
96, 16, 13, 1
96, 16, 46, 2
97, 24, 142, 6
97, 24, 86, 1
97, 24, 89, 1
97, 24, 96, 3
97, 24, 99, 3
97, 24, -1, 1
97, 24, -1, 1
97, 24, 141, 4
97, 24, 0, 1
97, 24, 1, 1
97, 24, 4, 1
97, 24, 5, 1
97, 24, 95, 2
97, 24, 107, 8
97, 24, 42, 1
97, 24, 47, 1
97, 24, 43, 1
97, 24, 44, 1
97, 24, 48, 1
97, 24, 49, 1
97, 24, 45, 1
97, 24, 50, 1
97, 24, 11, 1
97, 24, 12, 1
97, 24, 46, 1
97, 24, 51, 1
98, 24, 142, 6
98, 24, 86, 1
98, 24, 89, 1
98, 24, 96, 3
98, 24, 99, 3
98, 24, -1, 1
98, 24, -1, 1
98, 24, 141, 4
98, 24, 2, 1
98, 24, 3, 1
98, 24, 6, 1
98, 24, 7, 1
98, 24, 95, 2
98, 24, 107, 8
98, 24, 42, 1
98, 24, 47, 1
98, 24, 43, 1
98, 24, 44, 1
98, 24, 48, 1
98, 24, 49, 1
98, 24, 45, 1
98, 24, 50, 1
98, 24, 13, 1
98, 24, 14, 1
98, 24, 46, 1
98, 24, 51, 1
99, 16, 142, 6
99, 16, 97, 3
99, 16, 98, 3
99, 16, -1, 2
99, 16, 141, 4
99, 16, 1, 1
99, 16, 3, 1
99, 16, 5, 1
99, 16, 7, 1
99, 16, 107, 6
99, 16, 47, 2
99, 16, 48, 2
99, 16, 49, 2
99, 16, 50, 2
99, 16, 12, 1
99, 16, 14, 1
99, 16, 51, 2
100, 21, 15, 1
100, 21, 22, 1
100, 21, 36, 1
100, 21, 35, 1
100, 21, 37, 1
100, 21, 41, 1
100, 21, 141, 14
100, 21, 0, 1
100, 21, 1, 1
100, 21, 2, 1
100, 21, 3, 1
100, 21, 4, 1
100, 21, 5, 1
100, 21, 6, 1
100, 21, 7, 1
100, 21, 101, 6
100, 21, 102, 6
100, 21, 103, 6
100, 21, 104, 6
100, 21, 105, 6
100, 21, 94, 4
101, 13, 15, 1
101, 13, 22, 1
101, 13, 36, 1
101, 13, 35, 1
101, 13, 37, 1
101, 13, 41, 1
101, 13, 141, 6
101, 13, 100, 6
101, 13, 102, 6
101, 13, 103, 6
101, 13, 104, 6
101, 13, 105, 6
101, 13, 94, 4
102, 13, 15, 1
102, 13, 22, 1
102, 13, 36, 1
102, 13, 35, 1
102, 13, 37, 1
102, 13, 41, 1
102, 13, 141, 6
102, 13, 100, 6
102, 13, 101, 6
102, 13, 103, 6
102, 13, 104, 6
102, 13, 105, 6
102, 13, 94, 4
103, 13, 15, 1
103, 13, 22, 1
103, 13, 36, 1
103, 13, 35, 1
103, 13, 37, 1
103, 13, 41, 1
103, 13, 141, 6
103, 13, 100, 6
103, 13, 101, 6
103, 13, 102, 6
103, 13, 104, 6
103, 13, 105, 6
103, 13, 94, 4
104, 13, 15, 1
104, 13, 22, 1
104, 13, 36, 1
104, 13, 35, 1
104, 13, 37, 1
104, 13, 41, 1
104, 13, 141, 6
104, 13, 100, 6
104, 13, 101, 6
104, 13, 102, 6
104, 13, 103, 6
104, 13, 105, 6
104, 13, 94, 4
105, 13, 15, 1
105, 13, 22, 1
105, 13, 36, 1
105, 13, 35, 1
105, 13, 37, 1
105, 13, 41, 1
105, 13, 141, 6
105, 13, 100, 6
105, 13, 101, 6
105, 13, 102, 6
105, 13, 103, 6
105, 13, 104, 6
105, 13, 94, 4
106, 12, 63, 4
106, 12, 64, 4
106, 12, 72, 2
106, 12, 73, 2
106, 12, 74, 2
106, 12, 34, 2
106, 12, 129, 2
106, 12, 130, 2
106, 12, 131, 2
106, 12, 132, 2
106, 12, 92, 8
106, 12, 93, 8
107, 28, 142, 12
107, 28, 97, 6
107, 28, 98, 6
107, 28, 96, 6
107, 28, 99, 6
107, 28, -1, 2
107, 28, -1, 2
107, 28, 141, 8
107, 28, 0, 1
107, 28, 1, 1
107, 28, 2, 1
107, 28, 3, 1
107, 28, 4, 1
107, 28, 5, 1
107, 28, 6, 1
107, 28, 7, 1
107, 28, 42, 2
107, 28, 47, 2
107, 28, 43, 2
107, 28, 44, 2
107, 28, 48, 2
107, 28, 49, 2
107, 28, 45, 2
107, 28, 50, 2
107, 28, 11, 1
107, 28, 13, 1
107, 28, 12, 1
107, 28, 14, 1
107, 28, 46, 2
107, 28, 51, 2
108, 8, 133, 2
108, 8, 134, 2
108, 8, 135, 2
108, 8, 136, 2
108, 8, 137, 2
108, 8, 138, 2
108, 8, 66, 4
108, 8, 127, 4
109, 7, 135, 2
109, 7, 136, 2
109, 7, 97, 2
109, 7, 98, 2
109, 7, 96, 2
109, 7, 99, 2
109, 7, 95, 4
110, 9, 124, 6
110, 9, 125, 6
110, 9, 126, 6
110, 9, 135, 9
110, 9, 136, 9
110, 9, 72, 6
110, 9, 73, 6
110, 9, 74, 6
110, 9, 128, 18
111, 3, 86, 2
111, 3, 89, 2
111, 3, 109, 4
112, 3, 86, 2
112, 3, 111, 2
112, 3, 109, 2
113, 3, 89, 2
113, 3, 111, 2
113, 3, 109, 2
114, 3, 86, 2
114, 3, 111, 2
114, 3, 109, 2
115, 3, 86, 2
115, 3, 111, 2
115, 3, 109, 2
116, 3, 86, 2
116, 3, 111, 2
116, 3, 109, 2
117, 3, 89, 2
117, 3, 111, 2
117, 3, 109, 2
118, 3, 89, 2
118, 3, 111, 2
118, 3, 109, 2
119, 3, 89, 2
119, 3, 111, 2
119, 3, 109, 2
120, 8, 133, 2
120, 8, 135, 1
120, 8, 136, 1
120, 8, 137, 1
120, 8, 138, 1
120, 8, 66, 2
120, 8, 108, 2
120, 8, 127, 2
121, 8, 134, 2
121, 8, 135, 1
121, 8, 136, 1
121, 8, 137, 1
121, 8, 138, 1
121, 8, 66, 2
121, 8, 108, 2
121, 8, 127, 2
122, 3, 86, 2
122, 3, 95, 2
122, 3, 107, 2
123, 3, 89, 2
123, 3, 95, 2
123, 3, 107, 2
124, 11, 142, 8
124, 11, 137, 4
124, 11, 138, 4
124, 11, 139, 8
124, 11, 129, 2
124, 11, 130, 2
124, 11, 131, 2
124, 11, 132, 2
124, 11, -1, 4
124, 11, -1, 4
124, 11, 69, 4
124, 11, 81, 4
124, 11, 30, 2
125, 17, 142, 8
125, 17, 137, 4
125, 17, 138, 4
125, 17, 139, 8
125, 17, 129, 2
125, 17, 130, 2
125, 17, 131, 2
125, 17, 132, 2
125, 17, -1, 4
125, 17, 55, 4
125, 17, -1, 4
125, 17, 61, 4
125, 17, 62, 4
125, 17, 70, 4
125, 17, 75, 4
125, 17, 79, 4
125, 17, 82, 4
125, 17, 32, 2
125, 17, 31, 2
126, 17, 142, 8
126, 17, 137, 4
126, 17, 138, 4
126, 17, 139, 8
126, 17, 129, 2
126, 17, 130, 2
126, 17, 131, 2
126, 17, 132, 2
126, 17, -1, 4
126, 17, 60, 4
126, 17, -1, 4
126, 17, 67, 4
126, 17, 68, 4
126, 17, 71, 4
126, 17, 76, 4
126, 17, 80, 4
126, 17, 83, 4
126, 17, 33, 2
126, 17, 140, 2
127, 1, 142, 12
128, 3, 142, 6
128, 3, 135, 3
128, 3, 136, 3
129, 53, 142, 17
129, 53, 124, 2
129, 53, 133, 4
129, 53, 134, 4
129, 53, 125, 2
129, 53, 126, 2
129, 53, 135, 4
129, 53, 136, 4
129, 53, 137, 7
129, 53, 138, 7
129, 53, 139, 6
129, 53, -1, 2
129, 53, -1, 4
129, 53, -1, 4
129, 53, -1, 2
129, 53, -1, 2
129, 53, 108, 3
129, 53, 112, 4
129, 53, 113, 4
129, 53, 55, 2
129, 53, 60, 2
129, 53, -1, 2
129, 53, 114, 4
129, 53, -1, 4
129, 53, 115, 4
129, 53, 116, 4
129, 53, 117, 4
129, 53, -1, 4
129, 53, 118, 4
129, 53, 119, 4
129, 53, -1, 2
129, 53, 61, 2
129, 53, 62, 2
129, 53, -1, 2
129, 53, 67, 2
129, 53, 68, 2
129, 53, 69, 2
129, 53, 120, 4
129, 53, 121, 4
129, 53, 70, 2
129, 53, 71, 2
129, 53, 75, 2
129, 53, 76, 2
129, 53, 90, 2
129, 53, 77, 2
129, 53, 91, 2
129, 53, 78, 2
129, 53, 79, 2
129, 53, 80, 2
129, 53, 81, 2
129, 53, 82, 2
129, 53, 83, 2
129, 53, 30, 1
129, 53, 32, 1
129, 53, 31, 1
129, 53, 33, 1
129, 53, 140, 1
129, 53, -1, 4
129, 53, -1, 4
129, 53, 122, 4
129, 53, 123, 4
129, 53, 84, 2
129, 53, 85, 2
129, 53, 87, 2
129, 53, 88, 2
130, 48, 142, 17
130, 48, 124, 2
130, 48, 133, 4
130, 48, 134, 4
130, 48, 125, 2
130, 48, 126, 2
130, 48, 135, 4
130, 48, 136, 4
130, 48, 137, 7
130, 48, 138, 7
130, 48, 139, 6
130, 48, -1, 1
130, 48, -1, 2
130, 48, -1, 2
130, 48, -1, 1
130, 48, -1, 1
130, 48, 108, 3
130, 48, 112, 2
130, 48, 113, 2
130, 48, 55, 1
130, 48, 60, 1
130, 48, -1, 1
130, 48, 114, 2
130, 48, -1, 2
130, 48, 115, 2
130, 48, 116, 2
130, 48, 117, 2
130, 48, -1, 2
130, 48, 118, 2
130, 48, 119, 2
130, 48, -1, 1
130, 48, 61, 1
130, 48, 62, 1
130, 48, -1, 1
130, 48, 67, 1
130, 48, 68, 1
130, 48, 69, 1
130, 48, 120, 2
130, 48, 121, 2
130, 48, 70, 1
130, 48, 71, 1
130, 48, 75, 1
130, 48, 76, 1
130, 48, 90, 2
130, 48, 91, 2
130, 48, 79, 1
130, 48, 80, 1
130, 48, 81, 1
130, 48, 82, 1
130, 48, 83, 1
130, 48, 32, 1
130, 48, 33, 1
130, 48, -1, 2
130, 48, -1, 2
130, 48, 122, 2
130, 48, 123, 2
130, 48, 84, 1
130, 48, 85, 1
130, 48, 87, 1
130, 48, 88, 1
131, 12, 142, 17
131, 12, 124, 2
131, 12, 133, 4
131, 12, 134, 4
131, 12, 125, 2
131, 12, 126, 2
131, 12, 135, 4
131, 12, 136, 4
131, 12, 137, 7
131, 12, 138, 7
131, 12, 139, 6
131, 12, 108, 3
132, 48, 142, 14
132, 48, 124, 2
132, 48, 133, 4
132, 48, 134, 4
132, 48, 125, 2
132, 48, 126, 2
132, 48, 135, 4
132, 48, 136, 4
132, 48, 137, 7
132, 48, 138, 7
132, 48, 139, 6
132, 48, -1, 1
132, 48, -1, 2
132, 48, -1, 2
132, 48, -1, 1
132, 48, -1, 1
132, 48, 112, 2
132, 48, 113, 2
132, 48, 55, 1
132, 48, 60, 1
132, 48, -1, 1
132, 48, 114, 2
132, 48, -1, 2
132, 48, 115, 2
132, 48, 116, 2
132, 48, 117, 2
132, 48, -1, 2
132, 48, 118, 2
132, 48, 119, 2
132, 48, -1, 1
132, 48, 61, 1
132, 48, 62, 1
132, 48, -1, 1
132, 48, 67, 1
132, 48, 68, 1
132, 48, 69, 1
132, 48, 120, 2
132, 48, 121, 2
132, 48, 70, 1
132, 48, 71, 1
132, 48, 75, 1
132, 48, 76, 1
132, 48, 77, 2
132, 48, 78, 2
132, 48, 79, 1
132, 48, 80, 1
132, 48, 81, 1
132, 48, 82, 1
132, 48, 83, 1
132, 48, 30, 1
132, 48, 31, 1
132, 48, 140, 1
132, 48, -1, 2
132, 48, -1, 2
132, 48, 122, 2
132, 48, 123, 2
132, 48, 84, 1
132, 48, 85, 1
132, 48, 87, 1
132, 48, 88, 1
133, 19, 142, 16
133, 19, 135, 8
133, 19, 136, 8
133, 19, 137, 8
133, 19, 138, 8
133, 19, 129, 4
133, 19, 130, 4
133, 19, 131, 4
133, 19, 132, 4
133, 19, -1, 8
133, 19, 112, 8
133, 19, 114, 8
133, 19, -1, 8
133, 19, 115, 8
133, 19, 116, 8
133, 19, 120, 8
133, 19, 90, 4
133, 19, 77, 4
133, 19, -1, 8
133, 19, 122, 8
133, 19, 84, 4
133, 19, 85, 4
134, 19, 142, 16
134, 19, 135, 8
134, 19, 136, 8
134, 19, 137, 8
134, 19, 138, 8
134, 19, 129, 4
134, 19, 130, 4
134, 19, 131, 4
134, 19, 132, 4
134, 19, -1, 8
134, 19, 113, 8
134, 19, 117, 8
134, 19, -1, 8
134, 19, 118, 8
134, 19, 119, 8
134, 19, 121, 8
134, 19, 91, 4
134, 19, 78, 4
134, 19, -1, 8
134, 19, 123, 8
134, 19, 87, 4
134, 19, 88, 4
135, 37, 142, 25
135, 37, 133, 8
135, 37, 134, 8
135, 37, 137, 8
135, 37, 138, 8
135, 37, 86, 1
135, 37, 89, 1
135, 37, 98, 2
135, 37, 129, 4
135, 37, 130, 4
135, 37, 131, 4
135, 37, 132, 4
135, 37, 96, 1
135, 37, 99, 1
135, 37, -1, 4
135, 37, -1, 4
135, 37, 127, 6
135, 37, 111, 2
135, 37, 109, 4
135, 37, 95, 2
135, 37, 128, 3
135, 37, 112, 4
135, 37, 113, 4
135, 37, 114, 4
135, 37, -1, 4
135, 37, 115, 4
135, 37, 116, 4
135, 37, 117, 4
135, 37, -1, 4
135, 37, 118, 4
135, 37, 119, 4
135, 37, 120, 4
135, 37, 121, 4
135, 37, 90, 2
135, 37, 77, 2
135, 37, 91, 2
135, 37, 78, 2
135, 37, -1, 4
135, 37, -1, 4
135, 37, 122, 4
135, 37, 123, 4
135, 37, 84, 4
135, 37, 87, 4
136, 37, 142, 25
136, 37, 133, 8
136, 37, 134, 8
136, 37, 137, 8
136, 37, 138, 8
136, 37, 86, 1
136, 37, 89, 1
136, 37, 97, 2
136, 37, 129, 4
136, 37, 130, 4
136, 37, 131, 4
136, 37, 132, 4
136, 37, 96, 1
136, 37, 99, 1
136, 37, -1, 4
136, 37, -1, 4
136, 37, 127, 6
136, 37, 111, 2
136, 37, 109, 4
136, 37, 95, 2
136, 37, 128, 3
136, 37, 112, 4
136, 37, 113, 4
136, 37, 114, 4
136, 37, -1, 4
136, 37, 115, 4
136, 37, 116, 4
136, 37, 117, 4
136, 37, -1, 4
136, 37, 118, 4
136, 37, 119, 4
136, 37, 120, 4
136, 37, 121, 4
136, 37, 90, 2
136, 37, 77, 2
136, 37, 91, 2
136, 37, 78, 2
136, 37, -1, 4
136, 37, -1, 4
136, 37, 122, 4
136, 37, 123, 4
136, 37, 85, 4
136, 37, 88, 4
137, 55, 142, 34
137, 55, 124, 7
137, 55, 133, 8
137, 55, 134, 8
137, 55, 125, 7
137, 55, 126, 7
137, 55, 135, 8
137, 55, 136, 17
137, 55, 139, 12
137, 55, 72, 3
137, 55, 73, 3
137, 55, 74, 3
137, 55, 129, 7
137, 55, 130, 7
137, 55, 131, 7
137, 55, 132, 7
137, 55, -1, 2
137, 55, -1, 4
137, 55, -1, 4
137, 55, -1, 2
137, 55, -1, 2
137, 55, 127, 6
137, 55, 110, 9
137, 55, 128, 9
137, 55, 112, 4
137, 55, 113, 4
137, 55, 55, 2
137, 55, 60, 2
137, 55, -1, 2
137, 55, 114, 4
137, 55, -1, 4
137, 55, 115, 4
137, 55, 116, 4
137, 55, 117, 4
137, 55, -1, 4
137, 55, 118, 4
137, 55, 119, 4
137, 55, -1, 2
137, 55, 61, 2
137, 55, 62, 2
137, 55, -1, 2
137, 55, 67, 2
137, 55, 68, 2
137, 55, 69, 2
137, 55, 120, 4
137, 55, 121, 4
137, 55, 70, 2
137, 55, 71, 2
137, 55, 75, 2
137, 55, 76, 2
137, 55, 90, 4
137, 55, 91, 4
137, 55, 79, 2
137, 55, 80, 2
137, 55, 81, 2
137, 55, 82, 2
137, 55, 83, 2
137, 55, 32, 2
137, 55, 33, 2
137, 55, -1, 4
137, 55, -1, 4
137, 55, 122, 4
137, 55, 123, 4
137, 55, 84, 2
137, 55, 85, 2
137, 55, 87, 2
137, 55, 88, 2
138, 56, 142, 34
138, 56, 124, 7
138, 56, 133, 8
138, 56, 134, 8
138, 56, 125, 7
138, 56, 126, 7
138, 56, 135, 17
138, 56, 136, 8
138, 56, 139, 12
138, 56, 72, 3
138, 56, 73, 3
138, 56, 74, 3
138, 56, 129, 7
138, 56, 130, 7
138, 56, 131, 7
138, 56, 132, 7
138, 56, -1, 2
138, 56, -1, 4
138, 56, -1, 4
138, 56, -1, 2
138, 56, -1, 2
138, 56, 127, 6
138, 56, 110, 9
138, 56, 128, 9
138, 56, 112, 4
138, 56, 113, 4
138, 56, 55, 2
138, 56, 60, 2
138, 56, -1, 2
138, 56, 114, 4
138, 56, -1, 4
138, 56, 115, 4
138, 56, 116, 4
138, 56, 117, 4
138, 56, -1, 4
138, 56, 118, 4
138, 56, 119, 4
138, 56, -1, 2
138, 56, 61, 2
138, 56, 62, 2
138, 56, -1, 2
138, 56, 67, 2
138, 56, 68, 2
138, 56, 69, 2
138, 56, 120, 4
138, 56, 121, 4
138, 56, 70, 2
138, 56, 71, 2
138, 56, 75, 2
138, 56, 76, 2
138, 56, 77, 4
138, 56, 78, 4
138, 56, 79, 2
138, 56, 80, 2
138, 56, 81, 2
138, 56, 82, 2
138, 56, 83, 2
138, 56, 30, 2
138, 56, 31, 2
138, 56, 140, 2
138, 56, -1, 4
138, 56, -1, 4
138, 56, 122, 4
138, 56, 123, 4
138, 56, 84, 2
138, 56, 85, 2
138, 56, 87, 2
138, 56, 88, 2
139, 31, 142, 24
139, 31, 124, 8
139, 31, 125, 8
139, 31, 126, 8
139, 31, 137, 12
139, 31, 138, 12
139, 31, 129, 6
139, 31, 130, 6
139, 31, 131, 6
139, 31, 132, 6
139, 31, -1, 4
139, 31, -1, 4
139, 31, -1, 4
139, 31, 55, 4
139, 31, 60, 4
139, 31, -1, 4
139, 31, -1, 4
139, 31, 61, 4
139, 31, 62, 4
139, 31, -1, 4
139, 31, 67, 4
139, 31, 68, 4
139, 31, 69, 4
139, 31, 70, 4
139, 31, 71, 4
139, 31, 75, 4
139, 31, 76, 4
139, 31, 79, 4
139, 31, 80, 4
139, 31, 81, 4
139, 31, 82, 4
139, 31, 83, 4
139, 31, 30, 2
139, 31, 32, 2
139, 31, 31, 2
139, 31, 33, 2
139, 31, 140, 2
140, 9, 142, 4
140, 9, 136, 2
140, 9, 41, 1
140, 9, 141, 1
140, 9, 127, 2
140, 9, 111, 1
140, 9, 128, 1
140, 9, 56, 1
140, 9, -1, 1
140, 9, -1, 1
140, 9, 65, 1
140, 9, -1, 1
141, 135, 142, 119
141, 135, 124, 14
141, 135, 133, 18
141, 135, 134, 18
141, 135, 125, 14
141, 135, 126, 14
141, 135, 135, 36
141, 135, 136, 36
141, 135, 137, 36
141, 135, 138, 36
141, 135, 86, 4
141, 135, 89, 4
141, 135, 63, 10
141, 135, 64, 10
141, 135, 139, 36
141, 135, 72, 8
141, 135, 73, 8
141, 135, 74, 8
141, 135, 34, 2
141, 135, 97, 8
141, 135, 98, 8
141, 135, 129, 17
141, 135, 130, 17
141, 135, 131, 17
141, 135, 132, 17
141, 135, 92, 12
141, 135, 96, 8
141, 135, 99, 8
141, 135, 66, 8
141, 135, -1, 4
141, 135, -1, 8
141, 135, -1, 8
141, 135, -1, 2
141, 135, -1, 2
141, 135, -1, 4
141, 135, -1, 4
141, 135, 15, 1
141, 135, 22, 1
141, 135, 36, 1
141, 135, 35, 1
141, 135, 37, 1
141, 135, 41, 1
141, 135, 0, 1
141, 135, 1, 1
141, 135, 2, 1
141, 135, 3, 1
141, 135, 4, 1
141, 135, 5, 1
141, 135, 6, 1
141, 135, 7, 1
141, 135, 108, 13
141, 135, 127, 16
141, 135, 111, 12
141, 135, 109, 8
141, 135, 95, 8
141, 135, 107, 16
141, 135, 106, 20
141, 135, 93, 12
141, 135, 110, 22
141, 135, 128, 24
141, 135, 56, 6
141, 135, -1, 6
141, 135, 112, 8
141, 135, 113, 8
141, 135, 42, 2
141, 135, 47, 2
141, 135, 55, 4
141, 135, 60, 4
141, 135, 57, 8
141, 135, 38, 2
141, 135, 52, 4
141, 135, 8, 1
141, 135, 16, 1
141, 135, 17, 1
141, 135, 26, 3
141, 135, -1, 6
141, 135, 23, 3
141, 135, -1, 6
141, 135, -1, 9
141, 135, 65, 8
141, 135, -1, 6
141, 135, -1, 6
141, 135, -1, 6
141, 135, -1, 4
141, 135, 114, 8
141, 135, -1, 8
141, 135, 115, 8
141, 135, 116, 8
141, 135, 117, 8
141, 135, -1, 8
141, 135, 118, 8
141, 135, 119, 8
141, 135, 43, 2
141, 135, 44, 2
141, 135, 48, 2
141, 135, 49, 2
141, 135, -1, 4
141, 135, 61, 4
141, 135, 62, 4
141, 135, -1, 4
141, 135, 67, 4
141, 135, 68, 4
141, 135, -1, 2
141, 135, 58, 8
141, 135, -1, 8
141, 135, -1, 6
141, 135, 59, 8
141, 135, 39, 2
141, 135, 40, 2
141, 135, -1, 1
141, 135, 53, 4
141, 135, -1, 4
141, 135, -1, 3
141, 135, 54, 4
141, 135, 9, 1
141, 135, 10, 1
141, 135, -1, 1
141, 135, 18, 1
141, 135, -1, 1
141, 135, 19, 1
141, 135, 20, 1
141, 135, 21, 1
141, 135, 27, 3
141, 135, -1, 3
141, 135, -1, 3
141, 135, 28, 3
141, 135, -1, 6
141, 135, 24, 3
141, 135, -1, 6
141, 135, -1, 6
141, 135, -1, 6
141, 135, -1, 6
141, 135, -1, 6
141, 135, 29, 3
141, 135, 25, 3
141, 135, -1, 6
141, 135, 69, 4
141, 135, 120, 8
141, 135, 121, 8
141, 135, 45, 2
141, 135, 50, 2
141, 135, 70, 4
141, 135, 71, 4
141, 135, 75, 4
141, 135, 76, 4
141, 135, 90, 4
141, 135, 77, 4
141, 135, 91, 4
141, 135, 78, 4
141, 135, 79, 4
141, 135, 80, 4
141, 135, 81, 4
141, 135, 82, 4
141, 135, 83, 4
141, 135, -1, 3
141, 135, 30, 2
141, 135, 11, 1
141, 135, 13, 1
141, 135, 12, 1
141, 135, 14, 1
141, 135, 32, 2
141, 135, 31, 2
141, 135, 33, 2
141, 135, 140, 2
141, 135, -1, 3
141, 135, 46, 2
141, 135, 51, 2
141, 135, -1, 8
141, 135, -1, 8
141, 135, 122, 8
141, 135, 123, 8
141, 135, 84, 4
141, 135, 85, 4
141, 135, 87, 4
141, 135, 88, 4
142, 124, 124, 8
142, 124, 133, 16
142, 124, 134, 16
142, 124, 125, 8
142, 124, 126, 8
142, 124, 135, 23
142, 124, 136, 23
142, 124, 137, 34
142, 124, 138, 34
142, 124, 63, 6
142, 124, 64, 6
142, 124, 139, 36
142, 124, 97, 6
142, 124, 98, 6
142, 124, 129, 15
142, 124, 130, 15
142, 124, 131, 15
142, 124, 132, 15
142, 124, 96, 6
142, 124, 99, 6
142, 124, 66, 4
142, 124, -1, 4
142, 124, -1, 8
142, 124, -1, 8
142, 124, -1, 2
142, 124, -1, 2
142, 124, -1, 4
142, 124, -1, 4
142, 124, 15, 1
142, 124, 22, 1
142, 124, 36, 1
142, 124, 35, 1
142, 124, 37, 1
142, 124, 41, 1
142, 124, 141, 14
142, 124, 0, 1
142, 124, 1, 1
142, 124, 2, 1
142, 124, 3, 1
142, 124, 4, 1
142, 124, 5, 1
142, 124, 6, 1
142, 124, 7, 1
142, 124, 108, 9
142, 124, 127, 12
142, 124, 111, 8
142, 124, 107, 12
142, 124, 106, 12
142, 124, 128, 6
142, 124, 56, 6
142, 124, -1, 6
142, 124, 112, 8
142, 124, 113, 8
142, 124, 42, 2
142, 124, 47, 2
142, 124, 55, 4
142, 124, 60, 4
142, 124, 57, 8
142, 124, 38, 2
142, 124, 52, 4
142, 124, 8, 1
142, 124, 16, 1
142, 124, 17, 1
142, 124, 26, 3
142, 124, -1, 6
142, 124, 23, 3
142, 124, -1, 6
142, 124, -1, 9
142, 124, 65, 8
142, 124, -1, 6
142, 124, -1, 6
142, 124, -1, 6
142, 124, -1, 4
142, 124, 114, 8
142, 124, -1, 8
142, 124, 115, 8
142, 124, 116, 8
142, 124, 117, 8
142, 124, -1, 8
142, 124, 118, 8
142, 124, 119, 8
142, 124, 43, 2
142, 124, 44, 2
142, 124, 48, 2
142, 124, 49, 2
142, 124, -1, 4
142, 124, 61, 4
142, 124, 62, 4
142, 124, -1, 4
142, 124, 67, 4
142, 124, 68, 4
142, 124, -1, 2
142, 124, 58, 8
142, 124, -1, 8
142, 124, -1, 6
142, 124, 59, 8
142, 124, 39, 2
142, 124, 40, 2
142, 124, -1, 1
142, 124, 53, 4
142, 124, -1, 4
142, 124, -1, 3
142, 124, 54, 4
142, 124, 9, 1
142, 124, 10, 1
142, 124, -1, 1
142, 124, 18, 1
142, 124, -1, 1
142, 124, 19, 1
142, 124, 20, 1
142, 124, 21, 1
142, 124, 27, 3
142, 124, -1, 3
142, 124, -1, 3
142, 124, 28, 3
142, 124, -1, 6
142, 124, 24, 3
142, 124, -1, 6
142, 124, -1, 6
142, 124, -1, 6
142, 124, -1, 6
142, 124, -1, 6
142, 124, 29, 3
142, 124, 25, 3
142, 124, -1, 6
142, 124, 69, 4
142, 124, 120, 8
142, 124, 121, 8
142, 124, 45, 2
142, 124, 50, 2
142, 124, 70, 4
142, 124, 71, 4
142, 124, 75, 4
142, 124, 76, 4
142, 124, 90, 4
142, 124, 77, 4
142, 124, 91, 4
142, 124, 78, 4
142, 124, 79, 4
142, 124, 80, 4
142, 124, 81, 4
142, 124, 82, 4
142, 124, 83, 4
142, 124, -1, 3
142, 124, 30, 2
142, 124, 11, 1
142, 124, 13, 1
142, 124, 12, 1
142, 124, 14, 1
142, 124, 32, 2
142, 124, 31, 2
142, 124, 33, 2
142, 124, 140, 2
142, 124, -1, 3
142, 124, 46, 2
142, 124, 51, 2
142, 124, -1, 8
142, 124, -1, 8
142, 124, 122, 8
142, 124, 123, 8
142, 124, 84, 4
142, 124, 85, 4
142, 124, 87, 4
142, 124, 88, 4
DTG
0, 1, 0, 1, 2
0, 1, 1, 0, 6
1, 1, 0, 1, 2
1, 1, 1, 0, 6
2, 1, 0, 1, 2
2, 1, 1, 0, 6
3, 1, 0, 1, 2
3, 1, 1, 0, 6
4, 1, 0, 1, 2
4, 1, 1, 0, 6
5, 1, 0, 1, 2
5, 1, 1, 0, 6
6, 1, 0, 1, 2
6, 1, 1, 0, 6
7, 1, 0, 1, 2
7, 1, 1, 0, 6
8, 3, 1, 0, 3
8, 3, 1, 0, 3
8, 3, 1, 0, 4
9, 3, 1, 0, 3
9, 3, 1, 0, 3
9, 3, 1, 0, 4
10, 3, 1, 0, 3
10, 3, 1, 0, 3
10, 3, 1, 0, 4
11, 3, 1, 0, 3
11, 3, 1, 0, 3
11, 3, 1, 0, 6
12, 3, 1, 0, 3
12, 3, 1, 0, 3
12, 3, 1, 0, 6
13, 3, 1, 0, 3
13, 3, 1, 0, 3
13, 3, 1, 0, 6
14, 3, 1, 0, 3
14, 3, 1, 0, 3
14, 3, 1, 0, 6
15, 1, 0, 1, 7
15, 1, 1, 0, 4
16, 3, 1, 0, 3
16, 3, 1, 0, 3
16, 3, 1, 0, 6
17, 3, 1, 0, 3
17, 3, 1, 0, 3
17, 3, 1, 0, 6
18, 3, 1, 0, 3
18, 3, 1, 0, 3
18, 3, 1, 0, 6
19, 3, 1, 0, 3
19, 3, 1, 0, 3
19, 3, 1, 0, 6
20, 3, 1, 0, 3
20, 3, 1, 0, 3
20, 3, 1, 0, 6
21, 3, 1, 0, 3
21, 3, 1, 0, 3
21, 3, 1, 0, 6
22, 1, 0, 1, 7
22, 1, 1, 0, 6
23, 1, 1, 0, 4
24, 1, 1, 0, 4
25, 1, 1, 0, 4
26, 1, 1, 0, 5
27, 1, 1, 0, 5
28, 1, 1, 0, 5
29, 1, 1, 0, 5
30, 2, 1, 0, 7
30, 2, 1, 0, 7
31, 2, 1, 0, 7
31, 2, 1, 0, 7
32, 2, 1, 0, 7
32, 2, 1, 0, 7
33, 2, 1, 0, 7
33, 2, 1, 0, 7
34, 2, 1, 0, 9
34, 2, 1, 0, 9
35, 1, 0, 1, 8
35, 1, 1, 0, 8
36, 1, 0, 1, 8
36, 1, 1, 0, 7
37, 1, 0, 1, 8
37, 1, 1, 0, 7
38, 5, 1, 0, 3
38, 5, 1, 0, 3
38, 5, 1, 0, 3
38, 5, 1, 0, 3
38, 5, 1, 0, 4
39, 5, 1, 0, 3
39, 5, 1, 0, 3
39, 5, 1, 0, 3
39, 5, 1, 0, 3
39, 5, 1, 0, 4
40, 5, 1, 0, 3
40, 5, 1, 0, 3
40, 5, 1, 0, 3
40, 5, 1, 0, 3
40, 5, 1, 0, 4
41, 1, 0, 1, 8
41, 1, 1, 0, 8
42, 6, 1, 0, 3
42, 6, 1, 0, 3
42, 6, 1, 0, 3
42, 6, 1, 0, 3
42, 6, 1, 0, 6
42, 6, 1, 0, 6
43, 6, 1, 0, 3
43, 6, 1, 0, 3
43, 6, 1, 0, 3
43, 6, 1, 0, 3
43, 6, 1, 0, 6
43, 6, 1, 0, 6
44, 6, 1, 0, 3
44, 6, 1, 0, 3
44, 6, 1, 0, 3
44, 6, 1, 0, 3
44, 6, 1, 0, 6
44, 6, 1, 0, 6
45, 6, 0, 1, 3
45, 6, 0, 1, 3
45, 6, 0, 1, 3
45, 6, 0, 1, 3
45, 6, 0, 1, 6
45, 6, 0, 1, 6
46, 6, 1, 0, 3
46, 6, 1, 0, 3
46, 6, 1, 0, 3
46, 6, 1, 0, 3
46, 6, 1, 0, 6
46, 6, 1, 0, 6
47, 6, 1, 0, 3
47, 6, 1, 0, 3
47, 6, 1, 0, 3
47, 6, 1, 0, 3
47, 6, 1, 0, 6
47, 6, 1, 0, 6
48, 6, 1, 0, 3
48, 6, 1, 0, 3
48, 6, 1, 0, 3
48, 6, 1, 0, 3
48, 6, 1, 0, 6
48, 6, 1, 0, 6
49, 6, 1, 0, 3
49, 6, 1, 0, 3
49, 6, 1, 0, 3
49, 6, 1, 0, 3
49, 6, 1, 0, 6
49, 6, 1, 0, 6
50, 6, 0, 1, 3
50, 6, 0, 1, 3
50, 6, 0, 1, 3
50, 6, 0, 1, 3
50, 6, 0, 1, 6
50, 6, 0, 1, 6
51, 6, 1, 0, 3
51, 6, 1, 0, 3
51, 6, 1, 0, 3
51, 6, 1, 0, 3
51, 6, 1, 0, 6
51, 6, 1, 0, 6
52, 3, 1, 0, 3
52, 3, 1, 0, 3
52, 3, 1, 0, 4
53, 3, 1, 0, 3
53, 3, 1, 0, 3
53, 3, 1, 0, 4
54, 3, 1, 0, 3
54, 3, 1, 0, 3
54, 3, 1, 0, 4
55, 4, 1, 0, 7
55, 4, 1, 0, 7
55, 4, 1, 0, 7
55, 4, 1, 0, 7
56, 5, 1, 0, 3
56, 5, 1, 0, 3
56, 5, 1, 0, 3
56, 5, 1, 0, 3
56, 5, 1, 0, 3
57, 5, 1, 0, 3
57, 5, 1, 0, 3
57, 5, 1, 0, 3
57, 5, 1, 0, 3
57, 5, 1, 0, 4
58, 5, 1, 0, 3
58, 5, 1, 0, 3
58, 5, 1, 0, 3
58, 5, 1, 0, 3
58, 5, 1, 0, 4
59, 5, 1, 0, 3
59, 5, 1, 0, 3
59, 5, 1, 0, 3
59, 5, 1, 0, 3
59, 5, 1, 0, 4
60, 4, 1, 0, 7
60, 4, 1, 0, 7
60, 4, 1, 0, 7
60, 4, 1, 0, 7
61, 4, 1, 0, 7
61, 4, 1, 0, 7
61, 4, 1, 0, 7
61, 4, 1, 0, 7
62, 4, 1, 0, 7
62, 4, 1, 0, 7
62, 4, 1, 0, 7
62, 4, 1, 0, 7
63, 4, 0, 1, 8
63, 4, 0, 1, 8
63, 4, 0, 1, 8
63, 4, 0, 1, 8
63, 2, 1, 0, 5
63, 2, 1, 0, 5
64, 4, 0, 1, 8
64, 4, 0, 1, 8
64, 4, 0, 1, 8
64, 4, 0, 1, 8
64, 2, 1, 0, 5
64, 2, 1, 0, 5
65, 5, 1, 0, 3
65, 5, 1, 0, 3
65, 5, 1, 0, 3
65, 5, 1, 0, 3
65, 5, 1, 0, 3
66, 2, 0, 1, 7
66, 2, 0, 1, 7
66, 4, 1, 0, 6
66, 4, 1, 0, 6
66, 4, 1, 0, 6
66, 4, 1, 0, 6
67, 4, 1, 0, 7
67, 4, 1, 0, 7
67, 4, 1, 0, 7
67, 4, 1, 0, 7
68, 4, 1, 0, 7
68, 4, 1, 0, 7
68, 4, 1, 0, 7
68, 4, 1, 0, 7
69, 4, 0, 1, 7
69, 4, 0, 1, 7
69, 4, 0, 1, 7
69, 4, 0, 1, 7
70, 4, 0, 1, 7
70, 4, 0, 1, 7
70, 4, 0, 1, 7
70, 4, 0, 1, 7
71, 4, 0, 1, 7
71, 4, 0, 1, 7
71, 4, 0, 1, 7
71, 4, 0, 1, 7
72, 6, 0, 1, 10
72, 6, 0, 1, 10
72, 6, 0, 1, 10
72, 6, 0, 1, 10
72, 6, 0, 1, 10
72, 6, 0, 1, 10
72, 2, 1, 0, 9
72, 2, 1, 0, 9
73, 6, 0, 1, 10
73, 6, 0, 1, 10
73, 6, 0, 1, 10
73, 6, 0, 1, 10
73, 6, 0, 1, 10
73, 6, 0, 1, 10
73, 2, 1, 0, 9
73, 2, 1, 0, 9
74, 6, 0, 1, 10
74, 6, 0, 1, 10
74, 6, 0, 1, 10
74, 6, 0, 1, 10
74, 6, 0, 1, 10
74, 6, 0, 1, 10
74, 2, 1, 0, 9
74, 2, 1, 0, 9
75, 4, 0, 1, 7
75, 4, 0, 1, 7
75, 4, 0, 1, 7
75, 4, 0, 1, 7
76, 4, 0, 1, 7
76, 4, 0, 1, 7
76, 4, 0, 1, 7
76, 4, 0, 1, 7
77, 4, 1, 0, 7
77, 4, 1, 0, 7
77, 4, 1, 0, 7
77, 4, 1, 0, 7
78, 4, 1, 0, 7
78, 4, 1, 0, 7
78, 4, 1, 0, 7
78, 4, 1, 0, 7
79, 4, 1, 0, 7
79, 4, 1, 0, 7
79, 4, 1, 0, 7
79, 4, 1, 0, 7
80, 4, 1, 0, 7
80, 4, 1, 0, 7
80, 4, 1, 0, 7
80, 4, 1, 0, 7
81, 4, 1, 0, 7
81, 4, 1, 0, 7
81, 4, 1, 0, 7
81, 4, 1, 0, 7
82, 4, 1, 0, 7
82, 4, 1, 0, 7
82, 4, 1, 0, 7
82, 4, 1, 0, 7
83, 4, 1, 0, 7
83, 4, 1, 0, 7
83, 4, 1, 0, 7
83, 4, 1, 0, 7
84, 4, 1, 0, 7
84, 4, 1, 0, 7
84, 4, 1, 0, 7
84, 4, 1, 0, 7
85, 4, 1, 0, 7
85, 4, 1, 0, 7
85, 4, 1, 0, 7
85, 4, 1, 0, 7
86, 2, 0, 1, 6
86, 2, 0, 1, 6
86, 2, 1, 0, 9
86, 2, 1, 0, 10
87, 4, 1, 0, 7
87, 4, 1, 0, 7
87, 4, 1, 0, 7
87, 4, 1, 0, 7
88, 4, 1, 0, 7
88, 4, 1, 0, 7
88, 4, 1, 0, 7
88, 4, 1, 0, 7
89, 2, 0, 1, 6
89, 2, 0, 1, 6
89, 2, 1, 0, 9
89, 2, 1, 0, 10
90, 4, 1, 0, 7
90, 4, 1, 0, 7
90, 4, 1, 0, 7
90, 4, 1, 0, 7
91, 4, 1, 0, 7
91, 4, 1, 0, 7
91, 4, 1, 0, 7
91, 4, 1, 0, 7
92, 4, 0, 1, 6
92, 4, 0, 1, 6
92, 4, 0, 1, 6
92, 4, 0, 1, 6
92, 8, 1, 0, 9
92, 8, 1, 0, 9
92, 8, 1, 0, 9
92, 8, 1, 0, 9
92, 8, 1, 0, 9
92, 8, 1, 0, 9
92, 8, 1, 0, 9
92, 8, 1, 0, 9
93, 4, 0, 1, 6
93, 4, 0, 1, 6
93, 4, 0, 1, 6
93, 4, 0, 1, 6
93, 8, 1, 0, 9
93, 8, 1, 0, 9
93, 8, 1, 0, 9
93, 8, 1, 0, 9
93, 8, 1, 0, 9
93, 8, 1, 0, 9
93, 8, 1, 0, 9
93, 8, 1, 0, 9
94, 4, 0, 1, 8
94, 4, 0, 1, 8
94, 4, 0, 1, 8
94, 4, 0, 1, 8
94, 4, 1, 0, 2
94, 4, 1, 0, 2
94, 4, 1, 0, 2
94, 4, 1, 0, 2
95, 4, 0, 1, 6
95, 4, 0, 1, 6
95, 4, 0, 1, 6
95, 4, 0, 1, 6
95, 4, 1, 0, 6
95, 4, 1, 0, 6
95, 4, 1, 0, 6
95, 4, 1, 0, 6
96, 6, 0, 1, 5
96, 6, 0, 1, 5
96, 6, 0, 1, 5
96, 6, 0, 1, 5
96, 6, 0, 1, 5
96, 6, 0, 1, 5
96, 2, 1, 0, 6
96, 2, 1, 0, 6
97, 6, 0, 1, 5
97, 6, 0, 1, 5
97, 6, 0, 1, 5
97, 6, 0, 1, 5
97, 6, 0, 1, 5
97, 6, 0, 1, 5
97, 2, 1, 0, 6
97, 2, 1, 0, 6
98, 6, 0, 1, 5
98, 6, 0, 1, 5
98, 6, 0, 1, 5
98, 6, 0, 1, 5
98, 6, 0, 1, 5
98, 6, 0, 1, 5
98, 2, 1, 0, 6
98, 2, 1, 0, 6
99, 6, 0, 1, 5
99, 6, 0, 1, 5
99, 6, 0, 1, 5
99, 6, 0, 1, 5
99, 6, 0, 1, 5
99, 6, 0, 1, 5
99, 2, 1, 0, 6
99, 2, 1, 0, 6
100, 14, 0, 1, 2
100, 14, 0, 1, 2
100, 14, 0, 1, 2
100, 14, 0, 1, 2
100, 14, 0, 1, 2
100, 14, 0, 1, 2
100, 14, 0, 1, 2
100, 14, 0, 1, 2
100, 14, 0, 1, 7
100, 14, 0, 1, 7
100, 14, 0, 1, 8
100, 14, 0, 1, 8
100, 14, 0, 1, 8
100, 14, 0, 1, 8
100, 22, 1, 0, 2
100, 22, 1, 0, 2
100, 22, 1, 0, 2
100, 22, 1, 0, 2
100, 22, 1, 0, 2
100, 22, 1, 0, 2
100, 22, 1, 0, 3
100, 22, 1, 0, 3
100, 22, 1, 0, 3
100, 22, 1, 0, 3
100, 22, 1, 0, 3
100, 22, 1, 0, 3
100, 22, 1, 0, 3
100, 22, 1, 0, 3
100, 22, 1, 0, 3
100, 22, 1, 0, 3
100, 22, 1, 0, 3
100, 22, 1, 0, 3
100, 22, 1, 0, 3
100, 22, 1, 0, 3
100, 22, 1, 0, 3
100, 22, 1, 0, 3
101, 6, 0, 1, 7
101, 6, 0, 1, 7
101, 6, 0, 1, 8
101, 6, 0, 1, 8
101, 6, 0, 1, 8
101, 6, 0, 1, 8
101, 8, 1, 0, 2
101, 8, 1, 0, 2
101, 8, 1, 0, 2
101, 8, 1, 0, 2
101, 8, 1, 0, 3
101, 8, 1, 0, 3
101, 8, 1, 0, 3
101, 8, 1, 0, 3
102, 6, 0, 1, 7
102, 6, 0, 1, 7
102, 6, 0, 1, 8
102, 6, 0, 1, 8
102, 6, 0, 1, 8
102, 6, 0, 1, 8
102, 8, 1, 0, 2
102, 8, 1, 0, 2
102, 8, 1, 0, 2
102, 8, 1, 0, 2
102, 8, 1, 0, 3
102, 8, 1, 0, 3
102, 8, 1, 0, 3
102, 8, 1, 0, 3
103, 6, 0, 1, 7
103, 6, 0, 1, 7
103, 6, 0, 1, 8
103, 6, 0, 1, 8
103, 6, 0, 1, 8
103, 6, 0, 1, 8
103, 6, 1, 0, 2
103, 6, 1, 0, 2
103, 6, 1, 0, 2
103, 6, 1, 0, 2
103, 6, 1, 0, 2
103, 6, 1, 0, 2
104, 6, 0, 1, 7
104, 6, 0, 1, 7
104, 6, 0, 1, 8
104, 6, 0, 1, 8
104, 6, 0, 1, 8
104, 6, 0, 1, 8
104, 6, 1, 0, 2
104, 6, 1, 0, 2
104, 6, 1, 0, 2
104, 6, 1, 0, 2
104, 6, 1, 0, 2
104, 6, 1, 0, 2
105, 6, 0, 1, 7
105, 6, 0, 1, 7
105, 6, 0, 1, 8
105, 6, 0, 1, 8
105, 6, 0, 1, 8
105, 6, 0, 1, 8
105, 6, 1, 0, 2
105, 6, 1, 0, 2
105, 6, 1, 0, 2
105, 6, 1, 0, 2
105, 6, 1, 0, 2
105, 6, 1, 0, 2
106, 8, 0, 1, 8
106, 8, 0, 1, 8
106, 8, 0, 1, 8
106, 8, 0, 1, 8
106, 8, 0, 1, 8
106, 8, 0, 1, 8
106, 8, 0, 1, 8
106, 8, 0, 1, 8
106, 4, 1, 0, 5
106, 4, 1, 0, 5
106, 4, 1, 0, 5
106, 4, 1, 0, 5
107, 12, 0, 1, 5
107, 12, 0, 1, 5
107, 12, 0, 1, 5
107, 12, 0, 1, 5
107, 12, 0, 1, 5
107, 12, 0, 1, 5
107, 12, 0, 1, 5
107, 12, 0, 1, 5
107, 12, 0, 1, 5
107, 12, 0, 1, 5
107, 12, 0, 1, 5
107, 12, 0, 1, 5
107, 4, 1, 0, 7
107, 4, 1, 0, 7
107, 4, 1, 0, 7
107, 4, 1, 0, 7
108, 2, 0, 1, 7
108, 2, 0, 1, 7
108, 3, 1, 0, 7
108, 3, 1, 0, 7
108, 3, 1, 0, 7
109, 4, 0, 1, 5
109, 4, 0, 1, 5
109, 4, 0, 1, 5
109, 4, 0, 1, 5
109, 4, 1, 0, 9
109, 4, 1, 0, 9
109, 4, 1, 0, 10
109, 4, 1, 0, 10
110, 18, 0, 1, 10
110, 18, 0, 1, 10
110, 18, 0, 1, 10
110, 18, 0, 1, 10
110, 18, 0, 1, 10
110, 18, 0, 1, 10
110, 18, 0, 1, 10
110, 18, 0, 1, 10
110, 18, 0, 1, 10
110, 18, 0, 1, 10
110, 18, 0, 1, 10
110, 18, 0, 1, 10
110, 18, 0, 1, 10
110, 18, 0, 1, 10
110, 18, 0, 1, 10
110, 18, 0, 1, 10
110, 18, 0, 1, 10
110, 18, 0, 1, 10
110, 4, 1, 0, 7
110, 4, 1, 0, 7
110, 4, 1, 0, 7
110, 4, 1, 0, 7
111, 4, 0, 1, 8
111, 4, 0, 1, 8
111, 4, 0, 1, 9
111, 4, 0, 1, 9
111, 1, 1, 0, 3
112, 8, 1, 0, 7
112, 8, 1, 0, 7
112, 8, 1, 0, 7
112, 8, 1, 0, 7
112, 8, 1, 0, 7
112, 8, 1, 0, 7
112, 8, 1, 0, 7
112, 8, 1, 0, 7
113, 8, 1, 0, 7
113, 8, 1, 0, 7
113, 8, 1, 0, 7
113, 8, 1, 0, 7
113, 8, 1, 0, 7
113, 8, 1, 0, 7
113, 8, 1, 0, 7
113, 8, 1, 0, 7
114, 8, 1, 0, 7
114, 8, 1, 0, 7
114, 8, 1, 0, 7
114, 8, 1, 0, 7
114, 8, 1, 0, 7
114, 8, 1, 0, 7
114, 8, 1, 0, 7
114, 8, 1, 0, 7
115, 8, 1, 0, 7
115, 8, 1, 0, 7
115, 8, 1, 0, 7
115, 8, 1, 0, 7
115, 8, 1, 0, 7
115, 8, 1, 0, 7
115, 8, 1, 0, 7
115, 8, 1, 0, 7
116, 8, 1, 0, 7
116, 8, 1, 0, 7
116, 8, 1, 0, 7
116, 8, 1, 0, 7
116, 8, 1, 0, 7
116, 8, 1, 0, 7
116, 8, 1, 0, 7
116, 8, 1, 0, 7
117, 8, 1, 0, 7
117, 8, 1, 0, 7
117, 8, 1, 0, 7
117, 8, 1, 0, 7
117, 8, 1, 0, 7
117, 8, 1, 0, 7
117, 8, 1, 0, 7
117, 8, 1, 0, 7
118, 8, 1, 0, 7
118, 8, 1, 0, 7
118, 8, 1, 0, 7
118, 8, 1, 0, 7
118, 8, 1, 0, 7
118, 8, 1, 0, 7
118, 8, 1, 0, 7
118, 8, 1, 0, 7
119, 8, 1, 0, 7
119, 8, 1, 0, 7
119, 8, 1, 0, 7
119, 8, 1, 0, 7
119, 8, 1, 0, 7
119, 8, 1, 0, 7
119, 8, 1, 0, 7
119, 8, 1, 0, 7
120, 8, 0, 1, 7
120, 8, 0, 1, 7
120, 8, 0, 1, 7
120, 8, 0, 1, 7
120, 8, 0, 1, 7
120, 8, 0, 1, 7
120, 8, 0, 1, 7
120, 8, 0, 1, 7
121, 8, 0, 1, 7
121, 8, 0, 1, 7
121, 8, 0, 1, 7
121, 8, 0, 1, 7
121, 8, 0, 1, 7
121, 8, 0, 1, 7
121, 8, 0, 1, 7
121, 8, 0, 1, 7
122, 8, 1, 0, 7
122, 8, 1, 0, 7
122, 8, 1, 0, 7
122, 8, 1, 0, 7
122, 8, 1, 0, 7
122, 8, 1, 0, 7
122, 8, 1, 0, 7
122, 8, 1, 0, 7
123, 8, 1, 0, 7
123, 8, 1, 0, 7
123, 8, 1, 0, 7
123, 8, 1, 0, 7
123, 8, 1, 0, 7
123, 8, 1, 0, 7
123, 8, 1, 0, 7
123, 8, 1, 0, 7
124, 8, 0, 1, 6
124, 8, 0, 1, 6
124, 8, 0, 1, 6
124, 8, 0, 1, 6
124, 8, 0, 1, 6
124, 8, 0, 1, 6
124, 8, 0, 1, 6
124, 8, 0, 1, 6
124, 6, 1, 0, 11
124, 6, 1, 0, 11
124, 6, 1, 0, 11
124, 6, 1, 0, 11
124, 6, 1, 0, 11
124, 6, 1, 0, 11
125, 8, 0, 1, 6
125, 8, 0, 1, 6
125, 8, 0, 1, 6
125, 8, 0, 1, 6
125, 8, 0, 1, 6
125, 8, 0, 1, 6
125, 8, 0, 1, 6
125, 8, 0, 1, 6
125, 6, 1, 0, 11
125, 6, 1, 0, 11
125, 6, 1, 0, 11
125, 6, 1, 0, 11
125, 6, 1, 0, 11
125, 6, 1, 0, 11
126, 8, 0, 1, 6
126, 8, 0, 1, 6
126, 8, 0, 1, 6
126, 8, 0, 1, 6
126, 8, 0, 1, 6
126, 8, 0, 1, 6
126, 8, 0, 1, 6
126, 8, 0, 1, 6
126, 6, 1, 0, 11
126, 6, 1, 0, 11
126, 6, 1, 0, 11
126, 6, 1, 0, 11
126, 6, 1, 0, 11
126, 6, 1, 0, 11
127, 12, 0, 1, 5
127, 12, 0, 1, 5
127, 12, 0, 1, 6
127, 12, 0, 1, 6
127, 12, 0, 1, 6
127, 12, 0, 1, 6
127, 12, 0, 1, 6
127, 12, 0, 1, 6
127, 12, 0, 1, 6
127, 12, 0, 1, 6
127, 12, 0, 1, 6
127, 12, 0, 1, 6
127, 2, 1, 0, 8
127, 2, 1, 0, 8
128, 6, 0, 1, 4
128, 6, 0, 1, 5
128, 6, 0, 1, 5
128, 6, 0, 1, 5
128, 6, 0, 1, 5
128, 6, 0, 1, 5
128, 18, 1, 0, 11
128, 18, 1, 0, 11
128, 18, 1, 0, 11
128, 18, 1, 0, 11
128, 18, 1, 0, 11
128, 18, 1, 0, 11
128, 18, 1, 0, 11
128, 18, 1, 0, 11
128, 18, 1, 0, 11
128, 18, 1, 0, 11
128, 18, 1, 0, 11
128, 18, 1, 0, 11
128, 18, 1, 0, 11
128, 18, 1, 0, 11
128, 18, 1, 0, 11
128, 18, 1, 0, 11
128, 18, 1, 0, 11
128, 18, 1, 0, 11
129, 14, 0, 1, 6
129, 14, 0, 1, 6
129, 14, 0, 1, 6
129, 14, 0, 1, 6
129, 14, 0, 1, 6
129, 14, 0, 1, 6
129, 14, 0, 1, 6
129, 14, 0, 1, 6
129, 14, 0, 1, 6
129, 14, 0, 1, 6
129, 14, 0, 1, 6
129, 14, 0, 1, 6
129, 14, 0, 1, 6
129, 14, 0, 1, 6
129, 3, 1, 0, 6
129, 3, 1, 0, 9
129, 3, 1, 0, 9
130, 14, 0, 1, 6
130, 14, 0, 1, 6
130, 14, 0, 1, 6
130, 14, 0, 1, 6
130, 14, 0, 1, 6
130, 14, 0, 1, 6
130, 14, 0, 1, 6
130, 14, 0, 1, 6
130, 14, 0, 1, 6
130, 14, 0, 1, 6
130, 14, 0, 1, 6
130, 14, 0, 1, 6
130, 14, 0, 1, 6
130, 14, 0, 1, 6
130, 3, 1, 0, 6
130, 3, 1, 0, 9
130, 3, 1, 0, 9
131, 14, 0, 1, 6
131, 14, 0, 1, 6
131, 14, 0, 1, 6
131, 14, 0, 1, 6
131, 14, 0, 1, 6
131, 14, 0, 1, 6
131, 14, 0, 1, 6
131, 14, 0, 1, 6
131, 14, 0, 1, 6
131, 14, 0, 1, 6
131, 14, 0, 1, 6
131, 14, 0, 1, 6
131, 14, 0, 1, 6
131, 14, 0, 1, 6
131, 3, 1, 0, 6
131, 3, 1, 0, 9
131, 3, 1, 0, 9
132, 14, 0, 1, 6
132, 14, 0, 1, 6
132, 14, 0, 1, 6
132, 14, 0, 1, 6
132, 14, 0, 1, 6
132, 14, 0, 1, 6
132, 14, 0, 1, 6
132, 14, 0, 1, 6
132, 14, 0, 1, 6
132, 14, 0, 1, 6
132, 14, 0, 1, 6
132, 14, 0, 1, 6
132, 14, 0, 1, 6
132, 14, 0, 1, 6
132, 3, 1, 0, 6
132, 3, 1, 0, 9
132, 3, 1, 0, 9
133, 16, 0, 1, 6
133, 16, 0, 1, 6
133, 16, 0, 1, 6
133, 16, 0, 1, 6
133, 16, 0, 1, 6
133, 16, 0, 1, 6
133, 16, 0, 1, 6
133, 16, 0, 1, 6
133, 16, 0, 1, 6
133, 16, 0, 1, 6
133, 16, 0, 1, 6
133, 16, 0, 1, 6
133, 16, 0, 1, 6
133, 16, 0, 1, 6
133, 16, 0, 1, 6
133, 16, 0, 1, 6
133, 1, 1, 0, 8
134, 16, 0, 1, 6
134, 16, 0, 1, 6
134, 16, 0, 1, 6
134, 16, 0, 1, 6
134, 16, 0, 1, 6
134, 16, 0, 1, 6
134, 16, 0, 1, 6
134, 16, 0, 1, 6
134, 16, 0, 1, 6
134, 16, 0, 1, 6
134, 16, 0, 1, 6
134, 16, 0, 1, 6
134, 16, 0, 1, 6
134, 16, 0, 1, 6
134, 16, 0, 1, 6
134, 16, 0, 1, 6
134, 1, 1, 0, 8
135, 21, 0, 1, 4
135, 21, 0, 1, 5
135, 21, 0, 1, 5
135, 21, 0, 1, 5
135, 21, 0, 1, 5
135, 21, 0, 1, 6
135, 21, 0, 1, 6
135, 21, 0, 1, 6
135, 21, 0, 1, 6
135, 21, 0, 1, 6
135, 21, 0, 1, 6
135, 21, 0, 1, 6
135, 21, 0, 1, 6
135, 21, 0, 1, 6
135, 21, 0, 1, 6
135, 21, 0, 1, 6
135, 21, 0, 1, 6
135, 21, 0, 1, 6
135, 21, 0, 1, 6
135, 21, 0, 1, 6
135, 21, 0, 1, 6
135, 12, 1, 0, 3
135, 12, 1, 0, 9
135, 12, 1, 0, 9
135, 12, 1, 0, 11
135, 12, 1, 0, 11
135, 12, 1, 0, 11
135, 12, 1, 0, 11
135, 12, 1, 0, 11
135, 12, 1, 0, 11
135, 12, 1, 0, 11
135, 12, 1, 0, 11
135, 12, 1, 0, 11
136, 21, 0, 1, 5
136, 21, 0, 1, 5
136, 21, 0, 1, 5
136, 21, 0, 1, 5
136, 21, 0, 1, 5
136, 21, 0, 1, 6
136, 21, 0, 1, 6
136, 21, 0, 1, 6
136, 21, 0, 1, 6
136, 21, 0, 1, 6
136, 21, 0, 1, 6
136, 21, 0, 1, 6
136, 21, 0, 1, 6
136, 21, 0, 1, 6
136, 21, 0, 1, 6
136, 21, 0, 1, 6
136, 21, 0, 1, 6
136, 21, 0, 1, 6
136, 21, 0, 1, 6
136, 21, 0, 1, 6
136, 21, 0, 1, 6
136, 14, 1, 0, 4
136, 14, 1, 0, 8
136, 14, 1, 0, 8
136, 14, 1, 0, 8
136, 14, 1, 0, 8
136, 14, 1, 0, 11
136, 14, 1, 0, 11
136, 14, 1, 0, 11
136, 14, 1, 0, 11
136, 14, 1, 0, 11
136, 14, 1, 0, 11
136, 14, 1, 0, 11
136, 14, 1, 0, 11
136, 14, 1, 0, 11
137, 28, 0, 1, 6
137, 28, 0, 1, 6
137, 28, 0, 1, 6
137, 28, 0, 1, 6
137, 28, 0, 1, 6
137, 28, 0, 1, 6
137, 28, 0, 1, 6
137, 28, 0, 1, 6
137, 28, 0, 1, 6
137, 28, 0, 1, 6
137, 28, 0, 1, 6
137, 28, 0, 1, 6
137, 28, 0, 1, 6
137, 28, 0, 1, 6
137, 28, 0, 1, 6
137, 28, 0, 1, 6
137, 28, 0, 1, 6
137, 28, 0, 1, 6
137, 28, 0, 1, 6
137, 28, 0, 1, 6
137, 28, 0, 1, 6
137, 28, 0, 1, 6
137, 28, 0, 1, 6
137, 28, 0, 1, 6
137, 28, 0, 1, 6
137, 28, 0, 1, 6
137, 28, 0, 1, 6
137, 28, 0, 1, 6
137, 4, 1, 0, 5
137, 4, 1, 0, 5
137, 4, 1, 0, 8
137, 4, 1, 0, 8
138, 28, 0, 1, 6
138, 28, 0, 1, 6
138, 28, 0, 1, 6
138, 28, 0, 1, 6
138, 28, 0, 1, 6
138, 28, 0, 1, 6
138, 28, 0, 1, 6
138, 28, 0, 1, 6
138, 28, 0, 1, 6
138, 28, 0, 1, 6
138, 28, 0, 1, 6
138, 28, 0, 1, 6
138, 28, 0, 1, 6
138, 28, 0, 1, 6
138, 28, 0, 1, 6
138, 28, 0, 1, 6
138, 28, 0, 1, 6
138, 28, 0, 1, 6
138, 28, 0, 1, 6
138, 28, 0, 1, 6
138, 28, 0, 1, 6
138, 28, 0, 1, 6
138, 28, 0, 1, 6
138, 28, 0, 1, 6
138, 28, 0, 1, 6
138, 28, 0, 1, 6
138, 28, 0, 1, 6
138, 28, 0, 1, 6
138, 4, 1, 0, 5
138, 4, 1, 0, 5
138, 4, 1, 0, 9
138, 4, 1, 0, 9
139, 24, 0, 1, 6
139, 24, 0, 1, 6
139, 24, 0, 1, 6
139, 24, 0, 1, 6
139, 24, 0, 1, 6
139, 24, 0, 1, 6
139, 24, 0, 1, 6
139, 24, 0, 1, 6
139, 24, 0, 1, 6
139, 24, 0, 1, 6
139, 24, 0, 1, 6
139, 24, 0, 1, 6
139, 24, 0, 1, 6
139, 24, 0, 1, 6
139, 24, 0, 1, 6
139, 24, 0, 1, 6
139, 24, 0, 1, 6
139, 24, 0, 1, 6
139, 24, 0, 1, 6
139, 24, 0, 1, 6
139, 24, 0, 1, 6
139, 24, 0, 1, 6
139, 24, 0, 1, 6
139, 24, 0, 1, 6
139, 4, 1, 0, 5
139, 4, 1, 0, 5
139, 4, 1, 0, 5
139, 4, 1, 0, 5
140, 2, 1, 0, 7
140, 2, 1, 0, 7
141, 9, 0, 1, 3
141, 9, 0, 1, 5
141, 9, 0, 1, 5
141, 9, 0, 1, 5
141, 9, 0, 1, 5
141, 9, 0, 1, 5
141, 9, 0, 1, 5
141, 9, 0, 1, 5
141, 9, 0, 1, 5
141, 14, 1, 0, 3
141, 14, 1, 0, 3
141, 14, 1, 0, 3
141, 14, 1, 0, 3
141, 14, 1, 0, 3
141, 14, 1, 0, 3
141, 14, 1, 0, 3
141, 14, 1, 0, 3
141, 14, 1, 0, 8
141, 14, 1, 0, 8
141, 14, 1, 0, 9
141, 14, 1, 0, 9
141, 14, 1, 0, 9
141, 14, 1, 0, 9
142, 10, 0, 4, 5
142, 10, 0, 4, 5
142, 10, 0, 4, 6
142, 10, 0, 4, 6
142, 10, 0, 5, 4
142, 10, 0, 5, 5
142, 10, 0, 6, 5
142, 10, 0, 6, 5
142, 10, 0, 6, 5
142, 10, 0, 6, 5
142, 10, 1, 4, 6
142, 10, 1, 4, 6
142, 10, 1, 4, 6
142, 10, 1, 4, 6
142, 10, 1, 5, 5
142, 10, 1, 5, 5
142, 10, 1, 6, 5
142, 10, 1, 6, 5
142, 10, 1, 6, 5
142, 10, 1, 6, 5
142, 10, 2, 4, 6
142, 10, 2, 4, 6
142, 10, 2, 4, 6
142, 10, 2, 4, 6
142, 10, 2, 5, 5
142, 10, 2, 5, 5
142, 10, 2, 6, 5
142, 10, 2, 6, 5
142, 10, 2, 6, 5
142, 10, 2, 6, 5
142, 9, 3, 0, 6
142, 9, 3, 0, 6
142, 9, 3, 0, 6
142, 9, 3, 1, 8
142, 9, 3, 1, 8
142, 9, 3, 1, 8
142, 9, 3, 2, 8
142, 9, 3, 2, 8
142, 9, 3, 2, 8
142, 32, 4, 6, 6
142, 32, 4, 6, 6
142, 32, 4, 6, 6
142, 32, 4, 6, 6
142, 32, 4, 6, 6
142, 32, 4, 6, 6
142, 32, 4, 6, 6
142, 32, 4, 6, 6
142, 32, 4, 6, 6
142, 32, 4, 6, 6
142, 32, 4, 6, 6
142, 32, 4, 6, 6
142, 32, 4, 6, 6
142, 32, 4, 6, 6
142, 32, 4, 6, 6
142, 32, 4, 6, 6
142, 32, 4, 6, 6
142, 32, 4, 6, 6
142, 32, 4, 6, 6
142, 32, 4, 6, 6
142, 32, 4, 6, 6
142, 32, 4, 6, 6
142, 32, 4, 6, 6
142, 32, 4, 6, 6
142, 32, 4, 6, 6
142, 32, 4, 6, 6
142, 32, 4, 6, 6
142, 32, 4, 6, 6
142, 32, 4, 6, 6
142, 32, 4, 6, 6
142, 32, 4, 6, 6
142, 32, 4, 6, 6
142, 24, 5, 6, 6
142, 24, 5, 6, 6
142, 24, 5, 6, 6
142, 24, 5, 6, 6
142, 24, 5, 6, 6
142, 24, 5, 6, 6
142, 24, 5, 6, 6
142, 24, 5, 6, 6
142, 24, 5, 6, 6
142, 24, 5, 6, 6
142, 24, 5, 6, 6
142, 24, 5, 6, 6
142, 24, 5, 6, 6
142, 24, 5, 6, 6
142, 24, 5, 6, 6
142, 24, 5, 6, 6
142, 24, 5, 6, 6
142, 24, 5, 6, 6
142, 24, 5, 6, 6
142, 24, 5, 6, 6
142, 24, 5, 6, 6
142, 24, 5, 6, 6
142, 24, 5, 6, 6
142, 24, 5, 6, 6
142, 21, 6, 0, 2
142, 21, 6, 0, 4
142, 21, 6, 0, 4
142, 21, 6, 0, 4
142, 21, 6, 0, 4
142, 21, 6, 1, 6
142, 21, 6, 1, 6
142, 21, 6, 1, 6
142, 21, 6, 1, 6
142, 21, 6, 1, 7
142, 21, 6, 1, 7
142, 21, 6, 2, 6
142, 21, 6, 2, 6
142, 21, 6, 2, 6
142, 21, 6, 2, 6
142, 21, 6, 2, 7
142, 21, 6, 2, 7
142, 21, 6, 3, 5
142, 21, 6, 3, 5
142, 21, 6, 3, 5
142, 21, 6, 3, 5
Goal
140
141
142
