CG
24
0, 23, 23, 2
0, 23, 22, 3
0, 23, -1, 3
0, 23, -1, 3
0, 23, 21, 3
0, 23, -1, 3
0, 23, -1, 2
0, 23, 20, 3
0, 23, -1, 4
0, 23, 19, 4
0, 23, 18, 4
0, 23, 17, 4
0, 23, -1, 4
0, 23, 16, 3
0, 23, -1, 3
0, 23, 15, 4
0, 23, -1, 4
0, 23, -1, 4
0, 23, -1, 4
0, 23, 14, 4
0, 23, -1, 3
0, 23, 13, 3
0, 23, -1, 4
0, 23, 12, 4
0, 23, -1, 4
0, 23, 11, 4
0, 23, -1, 3
0, 23, 10, 3
0, 23, 9, 4
0, 23, -1, 4
0, 23, 8, 4
0, 23, -1, 4
0, 23, -1, 4
0, 23, 7, 3
0, 23, -1, 3
0, 23, 6, 4
0, 23, 5, 4
0, 23, -1, 4
0, 23, -1, 4
0, 23, -1, 4
0, 23, -1, 3
0, 23, -1, 2
0, 23, 4, 3
0, 23, -1, 3
0, 23, -1, 3
0, 23, 3, 3
0, 23, 2, 3
0, 23, 1, 2
DTG
0, 2, 0, 1, 1
0, 2, 0, 7, 1
0, 3, 1, 0, 1
0, 3, 1, 2, 1
0, 3, 1, 8, 1
0, 3, 2, 1, 1
0, 3, 2, 3, 1
0, 3, 2, 9, 1
0, 3, 3, 2, 1
0, 3, 3, 4, 1
0, 3, 3, 10, 1
0, 3, 4, 3, 1
0, 3, 4, 5, 1
0, 3, 4, 11, 1
0, 3, 5, 4, 1
0, 3, 5, 6, 1
0, 3, 5, 12, 1
0, 2, 6, 5, 1
0, 2, 6, 13, 1
0, 3, 7, 0, 1
0, 3, 7, 8, 1
0, 3, 7, 14, 1
0, 4, 8, 1, 1
0, 4, 8, 7, 1
0, 4, 8, 9, 1
0, 4, 8, 15, 1
0, 4, 9, 2, 1
0, 4, 9, 8, 1
0, 4, 9, 10, 1
0, 4, 9, 16, 1
0, 4, 10, 3, 1
0, 4, 10, 9, 1
0, 4, 10, 11, 1
0, 4, 10, 17, 1
0, 4, 11, 4, 1
0, 4, 11, 10, 1
0, 4, 11, 12, 1
0, 4, 11, 18, 1
0, 4, 12, 5, 1
0, 4, 12, 11, 1
0, 4, 12, 13, 1
0, 4, 12, 19, 1
0, 3, 13, 6, 1
0, 3, 13, 12, 1
0, 3, 13, 20, 1
0, 3, 14, 7, 1
0, 3, 14, 15, 1
0, 3, 14, 21, 1
0, 4, 15, 8, 1
0, 4, 15, 14, 1
0, 4, 15, 16, 1
0, 4, 15, 22, 1
0, 4, 16, 9, 1
0, 4, 16, 15, 1
0, 4, 16, 17, 1
0, 4, 16, 23, 1
0, 4, 17, 10, 1
0, 4, 17, 16, 1
0, 4, 17, 18, 1
0, 4, 17, 24, 1
0, 4, 18, 11, 1
0, 4, 18, 17, 1
0, 4, 18, 19, 1
0, 4, 18, 25, 1
0, 4, 19, 12, 1
0, 4, 19, 18, 1
0, 4, 19, 20, 1
0, 4, 19, 26, 1
0, 3, 20, 13, 1
0, 3, 20, 19, 1
0, 3, 20, 27, 1
0, 3, 21, 14, 1
0, 3, 21, 22, 1
0, 3, 21, 28, 1
0, 4, 22, 15, 1
0, 4, 22, 21, 1
0, 4, 22, 23, 1
0, 4, 22, 29, 1
0, 4, 23, 16, 1
0, 4, 23, 22, 1
0, 4, 23, 24, 1
0, 4, 23, 30, 1
0, 4, 24, 17, 1
0, 4, 24, 23, 1
0, 4, 24, 25, 1
0, 4, 24, 31, 1
0, 4, 25, 18, 1
0, 4, 25, 24, 1
0, 4, 25, 26, 1
0, 4, 25, 32, 1
0, 4, 26, 19, 1
0, 4, 26, 25, 1
0, 4, 26, 27, 1
0, 4, 26, 33, 1
0, 3, 27, 20, 1
0, 3, 27, 26, 1
0, 3, 27, 34, 1
0, 3, 28, 21, 1
0, 3, 28, 29, 1
0, 3, 28, 35, 1
0, 4, 29, 22, 1
0, 4, 29, 28, 1
0, 4, 29, 30, 1
0, 4, 29, 36, 1
0, 4, 30, 23, 1
0, 4, 30, 29, 1
0, 4, 30, 31, 1
0, 4, 30, 37, 1
0, 4, 31, 24, 1
0, 4, 31, 30, 1
0, 4, 31, 32, 1
0, 4, 31, 38, 1
0, 4, 32, 25, 1
0, 4, 32, 31, 1
0, 4, 32, 33, 1
0, 4, 32, 39, 1
0, 4, 33, 26, 1
0, 4, 33, 32, 1
0, 4, 33, 34, 1
0, 4, 33, 40, 1
0, 3, 34, 27, 1
0, 3, 34, 33, 1
0, 3, 34, 41, 1
0, 3, 35, 28, 1
0, 3, 35, 36, 1
0, 3, 35, 42, 1
0, 4, 36, 29, 1
0, 4, 36, 35, 1
0, 4, 36, 37, 1
0, 4, 36, 43, 1
0, 4, 37, 30, 1
0, 4, 37, 36, 1
0, 4, 37, 38, 1
0, 4, 37, 44, 1
0, 4, 38, 31, 1
0, 4, 38, 37, 1
0, 4, 38, 39, 1
0, 4, 38, 45, 1
0, 4, 39, 32, 1
0, 4, 39, 38, 1
0, 4, 39, 40, 1
0, 4, 39, 46, 1
0, 4, 40, 33, 1
0, 4, 40, 39, 1
0, 4, 40, 41, 1
0, 4, 40, 47, 1
0, 3, 41, 34, 1
0, 3, 41, 40, 1
0, 3, 41, 48, 1
0, 2, 42, 35, 1
0, 2, 42, 43, 1
0, 3, 43, 36, 1
0, 3, 43, 42, 1
0, 3, 43, 44, 1
0, 3, 44, 37, 1
0, 3, 44, 43, 1
0, 3, 44, 45, 1
0, 3, 45, 38, 1
0, 3, 45, 44, 1
0, 3, 45, 46, 1
0, 3, 46, 39, 1
0, 3, 46, 45, 1
0, 3, 46, 47, 1
0, 3, 47, 40, 1
0, 3, 47, 46, 1
0, 3, 47, 48, 1
0, 2, 48, 41, 1
0, 2, 48, 47, 1
1, 2, 1, 0, 2
1, 2, 1, 0, 2
2, 3, 1, 0, 2
2, 3, 1, 0, 2
2, 3, 1, 0, 2
3, 3, 1, 0, 2
3, 3, 1, 0, 2
3, 3, 1, 0, 2
4, 3, 1, 0, 2
4, 3, 1, 0, 2
4, 3, 1, 0, 2
5, 4, 1, 0, 2
5, 4, 1, 0, 2
5, 4, 1, 0, 2
5, 4, 1, 0, 2
6, 4, 1, 0, 2
6, 4, 1, 0, 2
6, 4, 1, 0, 2
6, 4, 1, 0, 2
7, 3, 1, 0, 2
7, 3, 1, 0, 2
7, 3, 1, 0, 2
8, 4, 1, 0, 2
8, 4, 1, 0, 2
8, 4, 1, 0, 2
8, 4, 1, 0, 2
9, 4, 1, 0, 2
9, 4, 1, 0, 2
9, 4, 1, 0, 2
9, 4, 1, 0, 2
10, 3, 1, 0, 2
10, 3, 1, 0, 2
10, 3, 1, 0, 2
11, 4, 1, 0, 2
11, 4, 1, 0, 2
11, 4, 1, 0, 2
11, 4, 1, 0, 2
12, 4, 1, 0, 2
12, 4, 1, 0, 2
12, 4, 1, 0, 2
12, 4, 1, 0, 2
13, 3, 1, 0, 2
13, 3, 1, 0, 2
13, 3, 1, 0, 2
14, 4, 1, 0, 2
14, 4, 1, 0, 2
14, 4, 1, 0, 2
14, 4, 1, 0, 2
15, 4, 1, 0, 2
15, 4, 1, 0, 2
15, 4, 1, 0, 2
15, 4, 1, 0, 2
16, 3, 1, 0, 2
16, 3, 1, 0, 2
16, 3, 1, 0, 2
17, 4, 1, 0, 2
17, 4, 1, 0, 2
17, 4, 1, 0, 2
17, 4, 1, 0, 2
18, 4, 1, 0, 2
18, 4, 1, 0, 2
18, 4, 1, 0, 2
18, 4, 1, 0, 2
19, 4, 1, 0, 2
19, 4, 1, 0, 2
19, 4, 1, 0, 2
19, 4, 1, 0, 2
20, 3, 1, 0, 2
20, 3, 1, 0, 2
20, 3, 1, 0, 2
21, 3, 1, 0, 2
21, 3, 1, 0, 2
21, 3, 1, 0, 2
22, 3, 1, 0, 2
22, 3, 1, 0, 2
22, 3, 1, 0, 2
23, 2, 1, 0, 2
23, 2, 1, 0, 2
Goal
1
2
3
4
5
6
7
8
9
10
11
12
13
14
15
16
17
18
19
20
21
22
23
