CG
31
0, 4, 21, 1
0, 4, 15, 1
0, 4, 27, 1
0, 4, 11, 1
1, 3, 19, 1
1, 3, 17, 1
1, 3, 13, 1
2, 3, 19, 1
2, 3, 18, 1
2, 3, 12, 1
3, 2, 25, 1
3, 2, 18, 1
4, 4, 20, 1
4, 4, 24, 1
4, 4, 14, 1
4, 4, 13, 1
5, 1, 16, 1
6, 2, 22, 1
6, 2, 16, 1
7, 1, 17, 1
8, 2, 22, 1
8, 2, 21, 1
9, 5, 20, 1
9, 5, 29, 1
9, 5, 28, 1
9, 5, 14, 1
9, 5, 12, 1
10, 3, 30, 1
10, 3, 15, 1
10, 3, 11, 1
23, 2, 25, 1
23, 2, 24, 1
26, 4, 30, 1
26, 4, 29, 1
26, 4, 28, 1
26, 4, 27, 1
DTG
0, 1, 0, 1, 1
1, 1, 0, 1, 1
2, 1, 0, 1, 1
3, 1, 0, 1, 1
4, 1, 0, 1, 1
5, 1, 0, 1, 1
6, 1, 0, 1, 1
7, 1, 0, 1, 1
8, 1, 0, 1, 1
9, 1, 0, 1, 1
10, 1, 0, 1, 1
11, 2, 1, 0, 2
11, 2, 1, 0, 2
12, 2, 1, 0, 2
12, 2, 1, 0, 2
13, 2, 1, 0, 2
13, 2, 1, 0, 2
14, 2, 1, 0, 2
14, 2, 1, 0, 2
15, 2, 1, 0, 2
15, 2, 1, 0, 2
16, 2, 1, 0, 2
16, 2, 1, 0, 2
17, 2, 1, 0, 2
17, 2, 1, 0, 2
18, 2, 1, 0, 2
18, 2, 1, 0, 2
19, 2, 1, 0, 2
19, 2, 1, 0, 2
20, 2, 1, 0, 2
20, 2, 1, 0, 2
21, 2, 1, 0, 2
21, 2, 1, 0, 2
22, 2, 1, 0, 2
22, 2, 1, 0, 2
23, 1, 1, 0, 1
24, 2, 1, 0, 2
24, 2, 1, 0, 2
25, 2, 1, 0, 2
25, 2, 1, 0, 2
26, 2, 1, 0, 1
26, 2, 1, 2, 1
27, 2, 1, 0, 2
27, 2, 1, 0, 2
28, 2, 1, 0, 2
28, 2, 1, 0, 2
29, 2, 1, 0, 2
29, 2, 1, 0, 2
30, 2, 1, 0, 2
30, 2, 1, 0, 2
Goal
11
12
13
14
15
16
17
18
19
20
21
22
23
24
25
26
27
28
29
30
