CG
43
0, 17, 19, 8
0, 17, 12, 8
0, 17, 13, 8
0, 17, 14, 8
0, 17, 15, 8
0, 17, 16, 8
0, 17, 24, 8
0, 17, 27, 8
0, 17, 30, 8
0, 17, 31, 8
0, 17, 40, 10
0, 17, 39, 10
0, 17, 38, 10
0, 17, 42, 10
0, 17, 37, 10
0, 17, 36, 10
0, 17, 41, 10
1, 17, 19, 8
1, 17, 12, 8
1, 17, 13, 8
1, 17, 14, 8
1, 17, 15, 8
1, 17, 16, 8
1, 17, 24, 8
1, 17, 27, 8
1, 17, 30, 8
1, 17, 31, 8
1, 17, 40, 10
1, 17, 39, 10
1, 17, 38, 10
1, 17, 42, 10
1, 17, 37, 10
1, 17, 36, 10
1, 17, 41, 10
2, 3, 12, 4
2, 3, 42, 2
2, 3, 41, 2
3, 3, 13, 4
3, 3, 42, 2
3, 3, 41, 2
4, 3, 14, 4
4, 3, 42, 2
4, 3, 41, 2
5, 3, 15, 4
5, 3, 42, 2
5, 3, 41, 2
6, 3, 16, 4
6, 3, 42, 2
6, 3, 41, 2
7, 3, 24, 4
7, 3, 42, 2
7, 3, 41, 2
8, 3, 27, 4
8, 3, 42, 2
8, 3, 41, 2
9, 3, 30, 4
9, 3, 42, 2
9, 3, 41, 2
10, 3, 31, 4
10, 3, 42, 2
10, 3, 41, 2
11, 3, 19, 4
11, 3, 42, 2
11, 3, 41, 2
12, 22, 17, 7
12, 22, 32, 9
12, 22, 20, 7
12, 22, 23, 7
12, 22, 35, 9
12, 22, 25, 7
12, 22, 28, 7
12, 22, 18, 7
12, 22, 21, 7
12, 22, 22, 7
12, 22, 26, 7
12, 22, 29, 7
12, 22, 33, 9
12, 22, 34, 9
12, 22, 2, 4
12, 22, 40, 2
12, 22, 39, 2
12, 22, 38, 2
12, 22, 42, 2
12, 22, 37, 2
12, 22, 36, 2
12, 22, 41, 2
13, 22, 17, 7
13, 22, 32, 9
13, 22, 20, 7
13, 22, 23, 7
13, 22, 35, 9
13, 22, 25, 7
13, 22, 28, 7
13, 22, 18, 7
13, 22, 21, 7
13, 22, 22, 7
13, 22, 26, 7
13, 22, 29, 7
13, 22, 33, 9
13, 22, 34, 9
13, 22, 3, 4
13, 22, 40, 2
13, 22, 39, 2
13, 22, 38, 2
13, 22, 42, 2
13, 22, 37, 2
13, 22, 36, 2
13, 22, 41, 2
14, 22, 17, 7
14, 22, 32, 9
14, 22, 20, 7
14, 22, 23, 7
14, 22, 35, 9
14, 22, 25, 7
14, 22, 28, 7
14, 22, 18, 7
14, 22, 21, 7
14, 22, 22, 7
14, 22, 26, 7
14, 22, 29, 7
14, 22, 33, 9
14, 22, 34, 9
14, 22, 4, 4
14, 22, 40, 2
14, 22, 39, 2
14, 22, 38, 2
14, 22, 42, 2
14, 22, 37, 2
14, 22, 36, 2
14, 22, 41, 2
15, 22, 17, 7
15, 22, 32, 9
15, 22, 20, 7
15, 22, 23, 7
15, 22, 35, 9
15, 22, 25, 7
15, 22, 28, 7
15, 22, 18, 7
15, 22, 21, 7
15, 22, 22, 7
15, 22, 26, 7
15, 22, 29, 7
15, 22, 33, 9
15, 22, 34, 9
15, 22, 5, 4
15, 22, 40, 2
15, 22, 39, 2
15, 22, 38, 2
15, 22, 42, 2
15, 22, 37, 2
15, 22, 36, 2
15, 22, 41, 2
16, 22, 17, 7
16, 22, 32, 9
16, 22, 20, 7
16, 22, 23, 7
16, 22, 35, 9
16, 22, 25, 7
16, 22, 28, 7
16, 22, 18, 7
16, 22, 21, 7
16, 22, 22, 7
16, 22, 26, 7
16, 22, 29, 7
16, 22, 33, 9
16, 22, 34, 9
16, 22, 6, 4
16, 22, 40, 2
16, 22, 39, 2
16, 22, 38, 2
16, 22, 42, 2
16, 22, 37, 2
16, 22, 36, 2
16, 22, 41, 2
17, 17, 18, 10
17, 17, 21, 10
17, 17, 22, 10
17, 17, 26, 10
17, 17, 29, 10
17, 17, 33, 10
17, 17, 34, 10
17, 17, 19, 7
17, 17, 12, 7
17, 17, 13, 7
17, 17, 14, 7
17, 17, 15, 7
17, 17, 16, 7
17, 17, 24, 7
17, 17, 27, 7
17, 17, 30, 7
17, 17, 31, 7
18, 17, 17, 10
18, 17, 32, 10
18, 17, 20, 10
18, 17, 23, 10
18, 17, 35, 10
18, 17, 25, 10
18, 17, 28, 10
18, 17, 19, 7
18, 17, 12, 7
18, 17, 13, 7
18, 17, 14, 7
18, 17, 15, 7
18, 17, 16, 7
18, 17, 24, 7
18, 17, 27, 7
18, 17, 30, 7
18, 17, 31, 7
19, 22, 17, 7
19, 22, 32, 9
19, 22, 20, 7
19, 22, 23, 7
19, 22, 35, 9
19, 22, 25, 7
19, 22, 28, 7
19, 22, 18, 7
19, 22, 21, 7
19, 22, 22, 7
19, 22, 26, 7
19, 22, 29, 7
19, 22, 33, 9
19, 22, 34, 9
19, 22, 11, 4
19, 22, 40, 2
19, 22, 39, 2
19, 22, 38, 2
19, 22, 42, 2
19, 22, 37, 2
19, 22, 36, 2
19, 22, 41, 2
20, 17, 18, 10
20, 17, 21, 10
20, 17, 22, 10
20, 17, 26, 10
20, 17, 29, 10
20, 17, 33, 10
20, 17, 34, 10
20, 17, 19, 7
20, 17, 12, 7
20, 17, 13, 7
20, 17, 14, 7
20, 17, 15, 7
20, 17, 16, 7
20, 17, 24, 7
20, 17, 27, 7
20, 17, 30, 7
20, 17, 31, 7
21, 17, 17, 10
21, 17, 32, 10
21, 17, 20, 10
21, 17, 23, 10
21, 17, 35, 10
21, 17, 25, 10
21, 17, 28, 10
21, 17, 19, 7
21, 17, 12, 7
21, 17, 13, 7
21, 17, 14, 7
21, 17, 15, 7
21, 17, 16, 7
21, 17, 24, 7
21, 17, 27, 7
21, 17, 30, 7
21, 17, 31, 7
22, 17, 17, 10
22, 17, 32, 10
22, 17, 20, 10
22, 17, 23, 10
22, 17, 35, 10
22, 17, 25, 10
22, 17, 28, 10
22, 17, 19, 7
22, 17, 12, 7
22, 17, 13, 7
22, 17, 14, 7
22, 17, 15, 7
22, 17, 16, 7
22, 17, 24, 7
22, 17, 27, 7
22, 17, 30, 7
22, 17, 31, 7
23, 17, 18, 10
23, 17, 21, 10
23, 17, 22, 10
23, 17, 26, 10
23, 17, 29, 10
23, 17, 33, 10
23, 17, 34, 10
23, 17, 19, 7
23, 17, 12, 7
23, 17, 13, 7
23, 17, 14, 7
23, 17, 15, 7
23, 17, 16, 7
23, 17, 24, 7
23, 17, 27, 7
23, 17, 30, 7
23, 17, 31, 7
24, 22, 17, 7
24, 22, 32, 9
24, 22, 20, 7
24, 22, 23, 7
24, 22, 35, 9
24, 22, 25, 7
24, 22, 28, 7
24, 22, 18, 7
24, 22, 21, 7
24, 22, 22, 7
24, 22, 26, 7
24, 22, 29, 7
24, 22, 33, 9
24, 22, 34, 9
24, 22, 7, 4
24, 22, 40, 2
24, 22, 39, 2
24, 22, 38, 2
24, 22, 42, 2
24, 22, 37, 2
24, 22, 36, 2
24, 22, 41, 2
25, 17, 18, 10
25, 17, 21, 10
25, 17, 22, 10
25, 17, 26, 10
25, 17, 29, 10
25, 17, 33, 10
25, 17, 34, 10
25, 17, 19, 7
25, 17, 12, 7
25, 17, 13, 7
25, 17, 14, 7
25, 17, 15, 7
25, 17, 16, 7
25, 17, 24, 7
25, 17, 27, 7
25, 17, 30, 7
25, 17, 31, 7
26, 17, 17, 10
26, 17, 32, 10
26, 17, 20, 10
26, 17, 23, 10
26, 17, 35, 10
26, 17, 25, 10
26, 17, 28, 10
26, 17, 19, 7
26, 17, 12, 7
26, 17, 13, 7
26, 17, 14, 7
26, 17, 15, 7
26, 17, 16, 7
26, 17, 24, 7
26, 17, 27, 7
26, 17, 30, 7
26, 17, 31, 7
27, 22, 17, 7
27, 22, 32, 9
27, 22, 20, 7
27, 22, 23, 7
27, 22, 35, 9
27, 22, 25, 7
27, 22, 28, 7
27, 22, 18, 7
27, 22, 21, 7
27, 22, 22, 7
27, 22, 26, 7
27, 22, 29, 7
27, 22, 33, 9
27, 22, 34, 9
27, 22, 8, 4
27, 22, 40, 2
27, 22, 39, 2
27, 22, 38, 2
27, 22, 42, 2
27, 22, 37, 2
27, 22, 36, 2
27, 22, 41, 2
28, 17, 18, 10
28, 17, 21, 10
28, 17, 22, 10
28, 17, 26, 10
28, 17, 29, 10
28, 17, 33, 10
28, 17, 34, 10
28, 17, 19, 7
28, 17, 12, 7
28, 17, 13, 7
28, 17, 14, 7
28, 17, 15, 7
28, 17, 16, 7
28, 17, 24, 7
28, 17, 27, 7
28, 17, 30, 7
28, 17, 31, 7
29, 17, 17, 10
29, 17, 32, 10
29, 17, 20, 10
29, 17, 23, 10
29, 17, 35, 10
29, 17, 25, 10
29, 17, 28, 10
29, 17, 19, 7
29, 17, 12, 7
29, 17, 13, 7
29, 17, 14, 7
29, 17, 15, 7
29, 17, 16, 7
29, 17, 24, 7
29, 17, 27, 7
29, 17, 30, 7
29, 17, 31, 7
30, 22, 17, 7
30, 22, 32, 9
30, 22, 20, 7
30, 22, 23, 7
30, 22, 35, 9
30, 22, 25, 7
30, 22, 28, 7
30, 22, 18, 7
30, 22, 21, 7
30, 22, 22, 7
30, 22, 26, 7
30, 22, 29, 7
30, 22, 33, 9
30, 22, 34, 9
30, 22, 9, 4
30, 22, 40, 2
30, 22, 39, 2
30, 22, 38, 2
30, 22, 42, 2
30, 22, 37, 2
30, 22, 36, 2
30, 22, 41, 2
31, 22, 17, 7
31, 22, 32, 9
31, 22, 20, 7
31, 22, 23, 7
31, 22, 35, 9
31, 22, 25, 7
31, 22, 28, 7
31, 22, 18, 7
31, 22, 21, 7
31, 22, 22, 7
31, 22, 26, 7
31, 22, 29, 7
31, 22, 33, 9
31, 22, 34, 9
31, 22, 10, 4
31, 22, 40, 2
31, 22, 39, 2
31, 22, 38, 2
31, 22, 42, 2
31, 22, 37, 2
31, 22, 36, 2
31, 22, 41, 2
32, 27, 18, 10
32, 27, 21, 10
32, 27, 22, 10
32, 27, 26, 10
32, 27, 29, 10
32, 27, 33, 20
32, 27, 34, 20
32, 27, 19, 9
32, 27, 12, 9
32, 27, 13, 9
32, 27, 14, 9
32, 27, 15, 9
32, 27, 16, 9
32, 27, 24, 9
32, 27, 27, 9
32, 27, 30, 9
32, 27, 31, 9
32, 27, 11, 2
32, 27, 2, 2
32, 27, 3, 2
32, 27, 4, 2
32, 27, 5, 2
32, 27, 6, 2
32, 27, 7, 2
32, 27, 8, 2
32, 27, 9, 2
32, 27, 10, 2
33, 27, 17, 10
33, 27, 32, 20
33, 27, 20, 10
33, 27, 23, 10
33, 27, 35, 20
33, 27, 25, 10
33, 27, 28, 10
33, 27, 19, 9
33, 27, 12, 9
33, 27, 13, 9
33, 27, 14, 9
33, 27, 15, 9
33, 27, 16, 9
33, 27, 24, 9
33, 27, 27, 9
33, 27, 30, 9
33, 27, 31, 9
33, 27, 11, 2
33, 27, 2, 2
33, 27, 3, 2
33, 27, 4, 2
33, 27, 5, 2
33, 27, 6, 2
33, 27, 7, 2
33, 27, 8, 2
33, 27, 9, 2
33, 27, 10, 2
34, 27, 17, 10
34, 27, 32, 20
34, 27, 20, 10
34, 27, 23, 10
34, 27, 35, 20
34, 27, 25, 10
34, 27, 28, 10
34, 27, 19, 9
34, 27, 12, 9
34, 27, 13, 9
34, 27, 14, 9
34, 27, 15, 9
34, 27, 16, 9
34, 27, 24, 9
34, 27, 27, 9
34, 27, 30, 9
34, 27, 31, 9
34, 27, 11, 2
34, 27, 2, 2
34, 27, 3, 2
34, 27, 4, 2
34, 27, 5, 2
34, 27, 6, 2
34, 27, 7, 2
34, 27, 8, 2
34, 27, 9, 2
34, 27, 10, 2
35, 27, 18, 10
35, 27, 21, 10
35, 27, 22, 10
35, 27, 26, 10
35, 27, 29, 10
35, 27, 33, 20
35, 27, 34, 20
35, 27, 19, 9
35, 27, 12, 9
35, 27, 13, 9
35, 27, 14, 9
35, 27, 15, 9
35, 27, 16, 9
35, 27, 24, 9
35, 27, 27, 9
35, 27, 30, 9
35, 27, 31, 9
35, 27, 11, 2
35, 27, 2, 2
35, 27, 3, 2
35, 27, 4, 2
35, 27, 5, 2
35, 27, 6, 2
35, 27, 7, 2
35, 27, 8, 2
35, 27, 9, 2
35, 27, 10, 2
DTG
0, 3, 0, 1, 1
0, 3, 0, 2, 1
0, 3, 0, 3, 1
0, 3, 1, 0, 1
0, 3, 1, 2, 1
0, 3, 1, 3, 1
0, 3, 2, 0, 1
0, 3, 2, 1, 1
0, 3, 2, 3, 1
0, 3, 3, 0, 1
0, 3, 3, 1, 1
0, 3, 3, 2, 1
1, 3, 0, 1, 1
1, 3, 0, 2, 1
1, 3, 0, 3, 1
1, 3, 1, 0, 1
1, 3, 1, 2, 1
1, 3, 1, 3, 1
1, 3, 2, 0, 1
1, 3, 2, 1, 1
1, 3, 2, 3, 1
1, 3, 3, 0, 1
1, 3, 3, 1, 1
1, 3, 3, 2, 1
2, 4, 1, 0, 4
2, 4, 1, 0, 4
2, 4, 1, 0, 4
2, 4, 1, 0, 4
3, 4, 1, 0, 4
3, 4, 1, 0, 4
3, 4, 1, 0, 4
3, 4, 1, 0, 4
4, 4, 1, 0, 4
4, 4, 1, 0, 4
4, 4, 1, 0, 4
4, 4, 1, 0, 4
5, 4, 1, 0, 4
5, 4, 1, 0, 4
5, 4, 1, 0, 4
5, 4, 1, 0, 4
6, 4, 1, 0, 4
6, 4, 1, 0, 4
6, 4, 1, 0, 4
6, 4, 1, 0, 4
7, 4, 1, 0, 4
7, 4, 1, 0, 4
7, 4, 1, 0, 4
7, 4, 1, 0, 4
8, 4, 1, 0, 4
8, 4, 1, 0, 4
8, 4, 1, 0, 4
8, 4, 1, 0, 4
9, 4, 1, 0, 4
9, 4, 1, 0, 4
9, 4, 1, 0, 4
9, 4, 1, 0, 4
10, 4, 1, 0, 4
10, 4, 1, 0, 4
10, 4, 1, 0, 4
10, 4, 1, 0, 4
11, 4, 1, 0, 4
11, 4, 1, 0, 4
11, 4, 1, 0, 4
11, 4, 1, 0, 4
12, 2, 0, 2, 2
12, 2, 0, 3, 2
12, 49, 1, 0, 3
12, 49, 1, 0, 3
12, 49, 1, 0, 3
12, 49, 1, 0, 3
12, 49, 1, 0, 3
12, 49, 1, 0, 3
12, 49, 1, 0, 3
12, 49, 1, 0, 3
12, 49, 1, 0, 3
12, 49, 1, 0, 3
12, 49, 1, 0, 3
12, 49, 1, 0, 3
12, 49, 1, 0, 3
12, 49, 1, 0, 3
12, 49, 1, 0, 3
12, 49, 1, 0, 3
12, 49, 1, 0, 3
12, 49, 1, 0, 3
12, 49, 1, 0, 3
12, 49, 1, 0, 3
12, 49, 1, 0, 3
12, 49, 1, 0, 3
12, 49, 1, 0, 3
12, 49, 1, 0, 3
12, 49, 1, 0, 3
12, 49, 1, 0, 3
12, 49, 1, 0, 3
12, 49, 1, 0, 3
12, 49, 1, 0, 3
12, 49, 1, 0, 3
12, 49, 1, 0, 3
12, 49, 1, 0, 3
12, 49, 1, 0, 3
12, 49, 1, 0, 3
12, 49, 1, 0, 3
12, 49, 1, 0, 3
12, 49, 1, 0, 3
12, 49, 1, 0, 3
12, 49, 1, 0, 3
12, 49, 1, 0, 3
12, 49, 1, 0, 3
12, 49, 1, 0, 3
12, 49, 1, 0, 3
12, 49, 1, 0, 3
12, 49, 1, 0, 3
12, 49, 1, 0, 3
12, 49, 1, 0, 3
12, 49, 1, 0, 3
12, 49, 1, 0, 3
12, 2, 2, 4, 2
12, 2, 2, 4, 2
12, 2, 3, 4, 2
12, 2, 3, 4, 2
13, 2, 0, 2, 2
13, 2, 0, 3, 2
13, 49, 1, 0, 3
13, 49, 1, 0, 3
13, 49, 1, 0, 3
13, 49, 1, 0, 3
13, 49, 1, 0, 3
13, 49, 1, 0, 3
13, 49, 1, 0, 3
13, 49, 1, 0, 3
13, 49, 1, 0, 3
13, 49, 1, 0, 3
13, 49, 1, 0, 3
13, 49, 1, 0, 3
13, 49, 1, 0, 3
13, 49, 1, 0, 3
13, 49, 1, 0, 3
13, 49, 1, 0, 3
13, 49, 1, 0, 3
13, 49, 1, 0, 3
13, 49, 1, 0, 3
13, 49, 1, 0, 3
13, 49, 1, 0, 3
13, 49, 1, 0, 3
13, 49, 1, 0, 3
13, 49, 1, 0, 3
13, 49, 1, 0, 3
13, 49, 1, 0, 3
13, 49, 1, 0, 3
13, 49, 1, 0, 3
13, 49, 1, 0, 3
13, 49, 1, 0, 3
13, 49, 1, 0, 3
13, 49, 1, 0, 3
13, 49, 1, 0, 3
13, 49, 1, 0, 3
13, 49, 1, 0, 3
13, 49, 1, 0, 3
13, 49, 1, 0, 3
13, 49, 1, 0, 3
13, 49, 1, 0, 3
13, 49, 1, 0, 3
13, 49, 1, 0, 3
13, 49, 1, 0, 3
13, 49, 1, 0, 3
13, 49, 1, 0, 3
13, 49, 1, 0, 3
13, 49, 1, 0, 3
13, 49, 1, 0, 3
13, 49, 1, 0, 3
13, 49, 1, 0, 3
13, 2, 2, 4, 2
13, 2, 2, 4, 2
13, 2, 3, 4, 2
13, 2, 3, 4, 2
14, 2, 0, 2, 2
14, 2, 0, 3, 2
14, 49, 1, 0, 3
14, 49, 1, 0, 3
14, 49, 1, 0, 3
14, 49, 1, 0, 3
14, 49, 1, 0, 3
14, 49, 1, 0, 3
14, 49, 1, 0, 3
14, 49, 1, 0, 3
14, 49, 1, 0, 3
14, 49, 1, 0, 3
14, 49, 1, 0, 3
14, 49, 1, 0, 3
14, 49, 1, 0, 3
14, 49, 1, 0, 3
14, 49, 1, 0, 3
14, 49, 1, 0, 3
14, 49, 1, 0, 3
14, 49, 1, 0, 3
14, 49, 1, 0, 3
14, 49, 1, 0, 3
14, 49, 1, 0, 3
14, 49, 1, 0, 3
14, 49, 1, 0, 3
14, 49, 1, 0, 3
14, 49, 1, 0, 3
14, 49, 1, 0, 3
14, 49, 1, 0, 3
14, 49, 1, 0, 3
14, 49, 1, 0, 3
14, 49, 1, 0, 3
14, 49, 1, 0, 3
14, 49, 1, 0, 3
14, 49, 1, 0, 3
14, 49, 1, 0, 3
14, 49, 1, 0, 3
14, 49, 1, 0, 3
14, 49, 1, 0, 3
14, 49, 1, 0, 3
14, 49, 1, 0, 3
14, 49, 1, 0, 3
14, 49, 1, 0, 3
14, 49, 1, 0, 3
14, 49, 1, 0, 3
14, 49, 1, 0, 3
14, 49, 1, 0, 3
14, 49, 1, 0, 3
14, 49, 1, 0, 3
14, 49, 1, 0, 3
14, 49, 1, 0, 3
14, 2, 2, 4, 2
14, 2, 2, 4, 2
14, 2, 3, 4, 2
14, 2, 3, 4, 2
15, 2, 0, 2, 2
15, 2, 0, 3, 2
15, 49, 1, 0, 3
15, 49, 1, 0, 3
15, 49, 1, 0, 3
15, 49, 1, 0, 3
15, 49, 1, 0, 3
15, 49, 1, 0, 3
15, 49, 1, 0, 3
15, 49, 1, 0, 3
15, 49, 1, 0, 3
15, 49, 1, 0, 3
15, 49, 1, 0, 3
15, 49, 1, 0, 3
15, 49, 1, 0, 3
15, 49, 1, 0, 3
15, 49, 1, 0, 3
15, 49, 1, 0, 3
15, 49, 1, 0, 3
15, 49, 1, 0, 3
15, 49, 1, 0, 3
15, 49, 1, 0, 3
15, 49, 1, 0, 3
15, 49, 1, 0, 3
15, 49, 1, 0, 3
15, 49, 1, 0, 3
15, 49, 1, 0, 3
15, 49, 1, 0, 3
15, 49, 1, 0, 3
15, 49, 1, 0, 3
15, 49, 1, 0, 3
15, 49, 1, 0, 3
15, 49, 1, 0, 3
15, 49, 1, 0, 3
15, 49, 1, 0, 3
15, 49, 1, 0, 3
15, 49, 1, 0, 3
15, 49, 1, 0, 3
15, 49, 1, 0, 3
15, 49, 1, 0, 3
15, 49, 1, 0, 3
15, 49, 1, 0, 3
15, 49, 1, 0, 3
15, 49, 1, 0, 3
15, 49, 1, 0, 3
15, 49, 1, 0, 3
15, 49, 1, 0, 3
15, 49, 1, 0, 3
15, 49, 1, 0, 3
15, 49, 1, 0, 3
15, 49, 1, 0, 3
15, 2, 2, 4, 2
15, 2, 2, 4, 2
15, 2, 3, 4, 2
15, 2, 3, 4, 2
16, 2, 0, 2, 2
16, 2, 0, 3, 2
16, 49, 1, 0, 3
16, 49, 1, 0, 3
16, 49, 1, 0, 3
16, 49, 1, 0, 3
16, 49, 1, 0, 3
16, 49, 1, 0, 3
16, 49, 1, 0, 3
16, 49, 1, 0, 3
16, 49, 1, 0, 3
16, 49, 1, 0, 3
16, 49, 1, 0, 3
16, 49, 1, 0, 3
16, 49, 1, 0, 3
16, 49, 1, 0, 3
16, 49, 1, 0, 3
16, 49, 1, 0, 3
16, 49, 1, 0, 3
16, 49, 1, 0, 3
16, 49, 1, 0, 3
16, 49, 1, 0, 3
16, 49, 1, 0, 3
16, 49, 1, 0, 3
16, 49, 1, 0, 3
16, 49, 1, 0, 3
16, 49, 1, 0, 3
16, 49, 1, 0, 3
16, 49, 1, 0, 3
16, 49, 1, 0, 3
16, 49, 1, 0, 3
16, 49, 1, 0, 3
16, 49, 1, 0, 3
16, 49, 1, 0, 3
16, 49, 1, 0, 3
16, 49, 1, 0, 3
16, 49, 1, 0, 3
16, 49, 1, 0, 3
16, 49, 1, 0, 3
16, 49, 1, 0, 3
16, 49, 1, 0, 3
16, 49, 1, 0, 3
16, 49, 1, 0, 3
16, 49, 1, 0, 3
16, 49, 1, 0, 3
16, 49, 1, 0, 3
16, 49, 1, 0, 3
16, 49, 1, 0, 3
16, 49, 1, 0, 3
16, 49, 1, 0, 3
16, 49, 1, 0, 3
16, 2, 2, 4, 2
16, 2, 2, 4, 2
16, 2, 3, 4, 2
16, 2, 3, 4, 2
17, 70, 0, 1, 3
17, 70, 0, 1, 3
17, 70, 0, 1, 3
17, 70, 0, 1, 3
17, 70, 0, 1, 3
17, 70, 0, 1, 3
17, 70, 0, 1, 3
17, 70, 0, 1, 3
17, 70, 0, 1, 3
17, 70, 0, 1, 3
17, 70, 0, 1, 3
17, 70, 0, 1, 3
17, 70, 0, 1, 3
17, 70, 0, 1, 3
17, 70, 0, 1, 3
17, 70, 0, 1, 3
17, 70, 0, 1, 3
17, 70, 0, 1, 3
17, 70, 0, 1, 3
17, 70, 0, 1, 3
17, 70, 0, 1, 3
17, 70, 0, 1, 3
17, 70, 0, 1, 3
17, 70, 0, 1, 3
17, 70, 0, 1, 3
17, 70, 0, 1, 3
17, 70, 0, 1, 3
17, 70, 0, 1, 3
17, 70, 0, 1, 3
17, 70, 0, 1, 3
17, 70, 0, 1, 3
17, 70, 0, 1, 3
17, 70, 0, 1, 3
17, 70, 0, 1, 3
17, 70, 0, 1, 3
17, 70, 0, 1, 3
17, 70, 0, 1, 3
17, 70, 0, 1, 3
17, 70, 0, 1, 3
17, 70, 0, 1, 3
17, 70, 0, 1, 3
17, 70, 0, 1, 3
17, 70, 0, 1, 3
17, 70, 0, 1, 3
17, 70, 0, 1, 3
17, 70, 0, 1, 3
17, 70, 0, 1, 3
17, 70, 0, 1, 3
17, 70, 0, 1, 3
17, 70, 0, 1, 3
17, 70, 0, 1, 3
17, 70, 0, 1, 3
17, 70, 0, 1, 3
17, 70, 0, 1, 3
17, 70, 0, 1, 3
17, 70, 0, 1, 3
17, 70, 0, 1, 3
17, 70, 0, 1, 3
17, 70, 0, 1, 3
17, 70, 0, 1, 3
17, 70, 0, 1, 3
17, 70, 0, 1, 3
17, 70, 0, 1, 3
17, 70, 0, 1, 3
17, 70, 0, 1, 3
17, 70, 0, 1, 3
17, 70, 0, 1, 3
17, 70, 0, 1, 3
17, 70, 0, 1, 3
17, 70, 0, 1, 3
18, 70, 0, 1, 3
18, 70, 0, 1, 3
18, 70, 0, 1, 3
18, 70, 0, 1, 3
18, 70, 0, 1, 3
18, 70, 0, 1, 3
18, 70, 0, 1, 3
18, 70, 0, 1, 3
18, 70, 0, 1, 3
18, 70, 0, 1, 3
18, 70, 0, 1, 3
18, 70, 0, 1, 3
18, 70, 0, 1, 3
18, 70, 0, 1, 3
18, 70, 0, 1, 3
18, 70, 0, 1, 3
18, 70, 0, 1, 3
18, 70, 0, 1, 3
18, 70, 0, 1, 3
18, 70, 0, 1, 3
18, 70, 0, 1, 3
18, 70, 0, 1, 3
18, 70, 0, 1, 3
18, 70, 0, 1, 3
18, 70, 0, 1, 3
18, 70, 0, 1, 3
18, 70, 0, 1, 3
18, 70, 0, 1, 3
18, 70, 0, 1, 3
18, 70, 0, 1, 3
18, 70, 0, 1, 3
18, 70, 0, 1, 3
18, 70, 0, 1, 3
18, 70, 0, 1, 3
18, 70, 0, 1, 3
18, 70, 0, 1, 3
18, 70, 0, 1, 3
18, 70, 0, 1, 3
18, 70, 0, 1, 3
18, 70, 0, 1, 3
18, 70, 0, 1, 3
18, 70, 0, 1, 3
18, 70, 0, 1, 3
18, 70, 0, 1, 3
18, 70, 0, 1, 3
18, 70, 0, 1, 3
18, 70, 0, 1, 3
18, 70, 0, 1, 3
18, 70, 0, 1, 3
18, 70, 0, 1, 3
18, 70, 0, 1, 3
18, 70, 0, 1, 3
18, 70, 0, 1, 3
18, 70, 0, 1, 3
18, 70, 0, 1, 3
18, 70, 0, 1, 3
18, 70, 0, 1, 3
18, 70, 0, 1, 3
18, 70, 0, 1, 3
18, 70, 0, 1, 3
18, 70, 0, 1, 3
18, 70, 0, 1, 3
18, 70, 0, 1, 3
18, 70, 0, 1, 3
18, 70, 0, 1, 3
18, 70, 0, 1, 3
18, 70, 0, 1, 3
18, 70, 0, 1, 3
18, 70, 0, 1, 3
18, 70, 0, 1, 3
19, 2, 0, 2, 2
19, 2, 0, 3, 2
19, 49, 1, 0, 3
19, 49, 1, 0, 3
19, 49, 1, 0, 3
19, 49, 1, 0, 3
19, 49, 1, 0, 3
19, 49, 1, 0, 3
19, 49, 1, 0, 3
19, 49, 1, 0, 3
19, 49, 1, 0, 3
19, 49, 1, 0, 3
19, 49, 1, 0, 3
19, 49, 1, 0, 3
19, 49, 1, 0, 3
19, 49, 1, 0, 3
19, 49, 1, 0, 3
19, 49, 1, 0, 3
19, 49, 1, 0, 3
19, 49, 1, 0, 3
19, 49, 1, 0, 3
19, 49, 1, 0, 3
19, 49, 1, 0, 3
19, 49, 1, 0, 3
19, 49, 1, 0, 3
19, 49, 1, 0, 3
19, 49, 1, 0, 3
19, 49, 1, 0, 3
19, 49, 1, 0, 3
19, 49, 1, 0, 3
19, 49, 1, 0, 3
19, 49, 1, 0, 3
19, 49, 1, 0, 3
19, 49, 1, 0, 3
19, 49, 1, 0, 3
19, 49, 1, 0, 3
19, 49, 1, 0, 3
19, 49, 1, 0, 3
19, 49, 1, 0, 3
19, 49, 1, 0, 3
19, 49, 1, 0, 3
19, 49, 1, 0, 3
19, 49, 1, 0, 3
19, 49, 1, 0, 3
19, 49, 1, 0, 3
19, 49, 1, 0, 3
19, 49, 1, 0, 3
19, 49, 1, 0, 3
19, 49, 1, 0, 3
19, 49, 1, 0, 3
19, 49, 1, 0, 3
19, 2, 2, 4, 2
19, 2, 2, 4, 2
19, 2, 3, 4, 2
19, 2, 3, 4, 2
20, 70, 0, 1, 3
20, 70, 0, 1, 3
20, 70, 0, 1, 3
20, 70, 0, 1, 3
20, 70, 0, 1, 3
20, 70, 0, 1, 3
20, 70, 0, 1, 3
20, 70, 0, 1, 3
20, 70, 0, 1, 3
20, 70, 0, 1, 3
20, 70, 0, 1, 3
20, 70, 0, 1, 3
20, 70, 0, 1, 3
20, 70, 0, 1, 3
20, 70, 0, 1, 3
20, 70, 0, 1, 3
20, 70, 0, 1, 3
20, 70, 0, 1, 3
20, 70, 0, 1, 3
20, 70, 0, 1, 3
20, 70, 0, 1, 3
20, 70, 0, 1, 3
20, 70, 0, 1, 3
20, 70, 0, 1, 3
20, 70, 0, 1, 3
20, 70, 0, 1, 3
20, 70, 0, 1, 3
20, 70, 0, 1, 3
20, 70, 0, 1, 3
20, 70, 0, 1, 3
20, 70, 0, 1, 3
20, 70, 0, 1, 3
20, 70, 0, 1, 3
20, 70, 0, 1, 3
20, 70, 0, 1, 3
20, 70, 0, 1, 3
20, 70, 0, 1, 3
20, 70, 0, 1, 3
20, 70, 0, 1, 3
20, 70, 0, 1, 3
20, 70, 0, 1, 3
20, 70, 0, 1, 3
20, 70, 0, 1, 3
20, 70, 0, 1, 3
20, 70, 0, 1, 3
20, 70, 0, 1, 3
20, 70, 0, 1, 3
20, 70, 0, 1, 3
20, 70, 0, 1, 3
20, 70, 0, 1, 3
20, 70, 0, 1, 3
20, 70, 0, 1, 3
20, 70, 0, 1, 3
20, 70, 0, 1, 3
20, 70, 0, 1, 3
20, 70, 0, 1, 3
20, 70, 0, 1, 3
20, 70, 0, 1, 3
20, 70, 0, 1, 3
20, 70, 0, 1, 3
20, 70, 0, 1, 3
20, 70, 0, 1, 3
20, 70, 0, 1, 3
20, 70, 0, 1, 3
20, 70, 0, 1, 3
20, 70, 0, 1, 3
20, 70, 0, 1, 3
20, 70, 0, 1, 3
20, 70, 0, 1, 3
20, 70, 0, 1, 3
21, 70, 0, 1, 3
21, 70, 0, 1, 3
21, 70, 0, 1, 3
21, 70, 0, 1, 3
21, 70, 0, 1, 3
21, 70, 0, 1, 3
21, 70, 0, 1, 3
21, 70, 0, 1, 3
21, 70, 0, 1, 3
21, 70, 0, 1, 3
21, 70, 0, 1, 3
21, 70, 0, 1, 3
21, 70, 0, 1, 3
21, 70, 0, 1, 3
21, 70, 0, 1, 3
21, 70, 0, 1, 3
21, 70, 0, 1, 3
21, 70, 0, 1, 3
21, 70, 0, 1, 3
21, 70, 0, 1, 3
21, 70, 0, 1, 3
21, 70, 0, 1, 3
21, 70, 0, 1, 3
21, 70, 0, 1, 3
21, 70, 0, 1, 3
21, 70, 0, 1, 3
21, 70, 0, 1, 3
21, 70, 0, 1, 3
21, 70, 0, 1, 3
21, 70, 0, 1, 3
21, 70, 0, 1, 3
21, 70, 0, 1, 3
21, 70, 0, 1, 3
21, 70, 0, 1, 3
21, 70, 0, 1, 3
21, 70, 0, 1, 3
21, 70, 0, 1, 3
21, 70, 0, 1, 3
21, 70, 0, 1, 3
21, 70, 0, 1, 3
21, 70, 0, 1, 3
21, 70, 0, 1, 3
21, 70, 0, 1, 3
21, 70, 0, 1, 3
21, 70, 0, 1, 3
21, 70, 0, 1, 3
21, 70, 0, 1, 3
21, 70, 0, 1, 3
21, 70, 0, 1, 3
21, 70, 0, 1, 3
21, 70, 0, 1, 3
21, 70, 0, 1, 3
21, 70, 0, 1, 3
21, 70, 0, 1, 3
21, 70, 0, 1, 3
21, 70, 0, 1, 3
21, 70, 0, 1, 3
21, 70, 0, 1, 3
21, 70, 0, 1, 3
21, 70, 0, 1, 3
21, 70, 0, 1, 3
21, 70, 0, 1, 3
21, 70, 0, 1, 3
21, 70, 0, 1, 3
21, 70, 0, 1, 3
21, 70, 0, 1, 3
21, 70, 0, 1, 3
21, 70, 0, 1, 3
21, 70, 0, 1, 3
21, 70, 0, 1, 3
22, 70, 0, 1, 3
22, 70, 0, 1, 3
22, 70, 0, 1, 3
22, 70, 0, 1, 3
22, 70, 0, 1, 3
22, 70, 0, 1, 3
22, 70, 0, 1, 3
22, 70, 0, 1, 3
22, 70, 0, 1, 3
22, 70, 0, 1, 3
22, 70, 0, 1, 3
22, 70, 0, 1, 3
22, 70, 0, 1, 3
22, 70, 0, 1, 3
22, 70, 0, 1, 3
22, 70, 0, 1, 3
22, 70, 0, 1, 3
22, 70, 0, 1, 3
22, 70, 0, 1, 3
22, 70, 0, 1, 3
22, 70, 0, 1, 3
22, 70, 0, 1, 3
22, 70, 0, 1, 3
22, 70, 0, 1, 3
22, 70, 0, 1, 3
22, 70, 0, 1, 3
22, 70, 0, 1, 3
22, 70, 0, 1, 3
22, 70, 0, 1, 3
22, 70, 0, 1, 3
22, 70, 0, 1, 3
22, 70, 0, 1, 3
22, 70, 0, 1, 3
22, 70, 0, 1, 3
22, 70, 0, 1, 3
22, 70, 0, 1, 3
22, 70, 0, 1, 3
22, 70, 0, 1, 3
22, 70, 0, 1, 3
22, 70, 0, 1, 3
22, 70, 0, 1, 3
22, 70, 0, 1, 3
22, 70, 0, 1, 3
22, 70, 0, 1, 3
22, 70, 0, 1, 3
22, 70, 0, 1, 3
22, 70, 0, 1, 3
22, 70, 0, 1, 3
22, 70, 0, 1, 3
22, 70, 0, 1, 3
22, 70, 0, 1, 3
22, 70, 0, 1, 3
22, 70, 0, 1, 3
22, 70, 0, 1, 3
22, 70, 0, 1, 3
22, 70, 0, 1, 3
22, 70, 0, 1, 3
22, 70, 0, 1, 3
22, 70, 0, 1, 3
22, 70, 0, 1, 3
22, 70, 0, 1, 3
22, 70, 0, 1, 3
22, 70, 0, 1, 3
22, 70, 0, 1, 3
22, 70, 0, 1, 3
22, 70, 0, 1, 3
22, 70, 0, 1, 3
22, 70, 0, 1, 3
22, 70, 0, 1, 3
22, 70, 0, 1, 3
23, 70, 0, 1, 3
23, 70, 0, 1, 3
23, 70, 0, 1, 3
23, 70, 0, 1, 3
23, 70, 0, 1, 3
23, 70, 0, 1, 3
23, 70, 0, 1, 3
23, 70, 0, 1, 3
23, 70, 0, 1, 3
23, 70, 0, 1, 3
23, 70, 0, 1, 3
23, 70, 0, 1, 3
23, 70, 0, 1, 3
23, 70, 0, 1, 3
23, 70, 0, 1, 3
23, 70, 0, 1, 3
23, 70, 0, 1, 3
23, 70, 0, 1, 3
23, 70, 0, 1, 3
23, 70, 0, 1, 3
23, 70, 0, 1, 3
23, 70, 0, 1, 3
23, 70, 0, 1, 3
23, 70, 0, 1, 3
23, 70, 0, 1, 3
23, 70, 0, 1, 3
23, 70, 0, 1, 3
23, 70, 0, 1, 3
23, 70, 0, 1, 3
23, 70, 0, 1, 3
23, 70, 0, 1, 3
23, 70, 0, 1, 3
23, 70, 0, 1, 3
23, 70, 0, 1, 3
23, 70, 0, 1, 3
23, 70, 0, 1, 3
23, 70, 0, 1, 3
23, 70, 0, 1, 3
23, 70, 0, 1, 3
23, 70, 0, 1, 3
23, 70, 0, 1, 3
23, 70, 0, 1, 3
23, 70, 0, 1, 3
23, 70, 0, 1, 3
23, 70, 0, 1, 3
23, 70, 0, 1, 3
23, 70, 0, 1, 3
23, 70, 0, 1, 3
23, 70, 0, 1, 3
23, 70, 0, 1, 3
23, 70, 0, 1, 3
23, 70, 0, 1, 3
23, 70, 0, 1, 3
23, 70, 0, 1, 3
23, 70, 0, 1, 3
23, 70, 0, 1, 3
23, 70, 0, 1, 3
23, 70, 0, 1, 3
23, 70, 0, 1, 3
23, 70, 0, 1, 3
23, 70, 0, 1, 3
23, 70, 0, 1, 3
23, 70, 0, 1, 3
23, 70, 0, 1, 3
23, 70, 0, 1, 3
23, 70, 0, 1, 3
23, 70, 0, 1, 3
23, 70, 0, 1, 3
23, 70, 0, 1, 3
23, 70, 0, 1, 3
24, 2, 0, 2, 2
24, 2, 0, 3, 2
24, 49, 1, 0, 3
24, 49, 1, 0, 3
24, 49, 1, 0, 3
24, 49, 1, 0, 3
24, 49, 1, 0, 3
24, 49, 1, 0, 3
24, 49, 1, 0, 3
24, 49, 1, 0, 3
24, 49, 1, 0, 3
24, 49, 1, 0, 3
24, 49, 1, 0, 3
24, 49, 1, 0, 3
24, 49, 1, 0, 3
24, 49, 1, 0, 3
24, 49, 1, 0, 3
24, 49, 1, 0, 3
24, 49, 1, 0, 3
24, 49, 1, 0, 3
24, 49, 1, 0, 3
24, 49, 1, 0, 3
24, 49, 1, 0, 3
24, 49, 1, 0, 3
24, 49, 1, 0, 3
24, 49, 1, 0, 3
24, 49, 1, 0, 3
24, 49, 1, 0, 3
24, 49, 1, 0, 3
24, 49, 1, 0, 3
24, 49, 1, 0, 3
24, 49, 1, 0, 3
24, 49, 1, 0, 3
24, 49, 1, 0, 3
24, 49, 1, 0, 3
24, 49, 1, 0, 3
24, 49, 1, 0, 3
24, 49, 1, 0, 3
24, 49, 1, 0, 3
24, 49, 1, 0, 3
24, 49, 1, 0, 3
24, 49, 1, 0, 3
24, 49, 1, 0, 3
24, 49, 1, 0, 3
24, 49, 1, 0, 3
24, 49, 1, 0, 3
24, 49, 1, 0, 3
24, 49, 1, 0, 3
24, 49, 1, 0, 3
24, 49, 1, 0, 3
24, 49, 1, 0, 3
24, 2, 2, 4, 2
24, 2, 2, 4, 2
24, 2, 3, 4, 2
24, 2, 3, 4, 2
25, 70, 0, 1, 3
25, 70, 0, 1, 3
25, 70, 0, 1, 3
25, 70, 0, 1, 3
25, 70, 0, 1, 3
25, 70, 0, 1, 3
25, 70, 0, 1, 3
25, 70, 0, 1, 3
25, 70, 0, 1, 3
25, 70, 0, 1, 3
25, 70, 0, 1, 3
25, 70, 0, 1, 3
25, 70, 0, 1, 3
25, 70, 0, 1, 3
25, 70, 0, 1, 3
25, 70, 0, 1, 3
25, 70, 0, 1, 3
25, 70, 0, 1, 3
25, 70, 0, 1, 3
25, 70, 0, 1, 3
25, 70, 0, 1, 3
25, 70, 0, 1, 3
25, 70, 0, 1, 3
25, 70, 0, 1, 3
25, 70, 0, 1, 3
25, 70, 0, 1, 3
25, 70, 0, 1, 3
25, 70, 0, 1, 3
25, 70, 0, 1, 3
25, 70, 0, 1, 3
25, 70, 0, 1, 3
25, 70, 0, 1, 3
25, 70, 0, 1, 3
25, 70, 0, 1, 3
25, 70, 0, 1, 3
25, 70, 0, 1, 3
25, 70, 0, 1, 3
25, 70, 0, 1, 3
25, 70, 0, 1, 3
25, 70, 0, 1, 3
25, 70, 0, 1, 3
25, 70, 0, 1, 3
25, 70, 0, 1, 3
25, 70, 0, 1, 3
25, 70, 0, 1, 3
25, 70, 0, 1, 3
25, 70, 0, 1, 3
25, 70, 0, 1, 3
25, 70, 0, 1, 3
25, 70, 0, 1, 3
25, 70, 0, 1, 3
25, 70, 0, 1, 3
25, 70, 0, 1, 3
25, 70, 0, 1, 3
25, 70, 0, 1, 3
25, 70, 0, 1, 3
25, 70, 0, 1, 3
25, 70, 0, 1, 3
25, 70, 0, 1, 3
25, 70, 0, 1, 3
25, 70, 0, 1, 3
25, 70, 0, 1, 3
25, 70, 0, 1, 3
25, 70, 0, 1, 3
25, 70, 0, 1, 3
25, 70, 0, 1, 3
25, 70, 0, 1, 3
25, 70, 0, 1, 3
25, 70, 0, 1, 3
25, 70, 0, 1, 3
26, 70, 0, 1, 3
26, 70, 0, 1, 3
26, 70, 0, 1, 3
26, 70, 0, 1, 3
26, 70, 0, 1, 3
26, 70, 0, 1, 3
26, 70, 0, 1, 3
26, 70, 0, 1, 3
26, 70, 0, 1, 3
26, 70, 0, 1, 3
26, 70, 0, 1, 3
26, 70, 0, 1, 3
26, 70, 0, 1, 3
26, 70, 0, 1, 3
26, 70, 0, 1, 3
26, 70, 0, 1, 3
26, 70, 0, 1, 3
26, 70, 0, 1, 3
26, 70, 0, 1, 3
26, 70, 0, 1, 3
26, 70, 0, 1, 3
26, 70, 0, 1, 3
26, 70, 0, 1, 3
26, 70, 0, 1, 3
26, 70, 0, 1, 3
26, 70, 0, 1, 3
26, 70, 0, 1, 3
26, 70, 0, 1, 3
26, 70, 0, 1, 3
26, 70, 0, 1, 3
26, 70, 0, 1, 3
26, 70, 0, 1, 3
26, 70, 0, 1, 3
26, 70, 0, 1, 3
26, 70, 0, 1, 3
26, 70, 0, 1, 3
26, 70, 0, 1, 3
26, 70, 0, 1, 3
26, 70, 0, 1, 3
26, 70, 0, 1, 3
26, 70, 0, 1, 3
26, 70, 0, 1, 3
26, 70, 0, 1, 3
26, 70, 0, 1, 3
26, 70, 0, 1, 3
26, 70, 0, 1, 3
26, 70, 0, 1, 3
26, 70, 0, 1, 3
26, 70, 0, 1, 3
26, 70, 0, 1, 3
26, 70, 0, 1, 3
26, 70, 0, 1, 3
26, 70, 0, 1, 3
26, 70, 0, 1, 3
26, 70, 0, 1, 3
26, 70, 0, 1, 3
26, 70, 0, 1, 3
26, 70, 0, 1, 3
26, 70, 0, 1, 3
26, 70, 0, 1, 3
26, 70, 0, 1, 3
26, 70, 0, 1, 3
26, 70, 0, 1, 3
26, 70, 0, 1, 3
26, 70, 0, 1, 3
26, 70, 0, 1, 3
26, 70, 0, 1, 3
26, 70, 0, 1, 3
26, 70, 0, 1, 3
26, 70, 0, 1, 3
27, 2, 0, 2, 2
27, 2, 0, 3, 2
27, 49, 1, 0, 3
27, 49, 1, 0, 3
27, 49, 1, 0, 3
27, 49, 1, 0, 3
27, 49, 1, 0, 3
27, 49, 1, 0, 3
27, 49, 1, 0, 3
27, 49, 1, 0, 3
27, 49, 1, 0, 3
27, 49, 1, 0, 3
27, 49, 1, 0, 3
27, 49, 1, 0, 3
27, 49, 1, 0, 3
27, 49, 1, 0, 3
27, 49, 1, 0, 3
27, 49, 1, 0, 3
27, 49, 1, 0, 3
27, 49, 1, 0, 3
27, 49, 1, 0, 3
27, 49, 1, 0, 3
27, 49, 1, 0, 3
27, 49, 1, 0, 3
27, 49, 1, 0, 3
27, 49, 1, 0, 3
27, 49, 1, 0, 3
27, 49, 1, 0, 3
27, 49, 1, 0, 3
27, 49, 1, 0, 3
27, 49, 1, 0, 3
27, 49, 1, 0, 3
27, 49, 1, 0, 3
27, 49, 1, 0, 3
27, 49, 1, 0, 3
27, 49, 1, 0, 3
27, 49, 1, 0, 3
27, 49, 1, 0, 3
27, 49, 1, 0, 3
27, 49, 1, 0, 3
27, 49, 1, 0, 3
27, 49, 1, 0, 3
27, 49, 1, 0, 3
27, 49, 1, 0, 3
27, 49, 1, 0, 3
27, 49, 1, 0, 3
27, 49, 1, 0, 3
27, 49, 1, 0, 3
27, 49, 1, 0, 3
27, 49, 1, 0, 3
27, 49, 1, 0, 3
27, 2, 2, 4, 2
27, 2, 2, 4, 2
27, 2, 3, 4, 2
27, 2, 3, 4, 2
28, 70, 0, 1, 3
28, 70, 0, 1, 3
28, 70, 0, 1, 3
28, 70, 0, 1, 3
28, 70, 0, 1, 3
28, 70, 0, 1, 3
28, 70, 0, 1, 3
28, 70, 0, 1, 3
28, 70, 0, 1, 3
28, 70, 0, 1, 3
28, 70, 0, 1, 3
28, 70, 0, 1, 3
28, 70, 0, 1, 3
28, 70, 0, 1, 3
28, 70, 0, 1, 3
28, 70, 0, 1, 3
28, 70, 0, 1, 3
28, 70, 0, 1, 3
28, 70, 0, 1, 3
28, 70, 0, 1, 3
28, 70, 0, 1, 3
28, 70, 0, 1, 3
28, 70, 0, 1, 3
28, 70, 0, 1, 3
28, 70, 0, 1, 3
28, 70, 0, 1, 3
28, 70, 0, 1, 3
28, 70, 0, 1, 3
28, 70, 0, 1, 3
28, 70, 0, 1, 3
28, 70, 0, 1, 3
28, 70, 0, 1, 3
28, 70, 0, 1, 3
28, 70, 0, 1, 3
28, 70, 0, 1, 3
28, 70, 0, 1, 3
28, 70, 0, 1, 3
28, 70, 0, 1, 3
28, 70, 0, 1, 3
28, 70, 0, 1, 3
28, 70, 0, 1, 3
28, 70, 0, 1, 3
28, 70, 0, 1, 3
28, 70, 0, 1, 3
28, 70, 0, 1, 3
28, 70, 0, 1, 3
28, 70, 0, 1, 3
28, 70, 0, 1, 3
28, 70, 0, 1, 3
28, 70, 0, 1, 3
28, 70, 0, 1, 3
28, 70, 0, 1, 3
28, 70, 0, 1, 3
28, 70, 0, 1, 3
28, 70, 0, 1, 3
28, 70, 0, 1, 3
28, 70, 0, 1, 3
28, 70, 0, 1, 3
28, 70, 0, 1, 3
28, 70, 0, 1, 3
28, 70, 0, 1, 3
28, 70, 0, 1, 3
28, 70, 0, 1, 3
28, 70, 0, 1, 3
28, 70, 0, 1, 3
28, 70, 0, 1, 3
28, 70, 0, 1, 3
28, 70, 0, 1, 3
28, 70, 0, 1, 3
28, 70, 0, 1, 3
29, 70, 0, 1, 3
29, 70, 0, 1, 3
29, 70, 0, 1, 3
29, 70, 0, 1, 3
29, 70, 0, 1, 3
29, 70, 0, 1, 3
29, 70, 0, 1, 3
29, 70, 0, 1, 3
29, 70, 0, 1, 3
29, 70, 0, 1, 3
29, 70, 0, 1, 3
29, 70, 0, 1, 3
29, 70, 0, 1, 3
29, 70, 0, 1, 3
29, 70, 0, 1, 3
29, 70, 0, 1, 3
29, 70, 0, 1, 3
29, 70, 0, 1, 3
29, 70, 0, 1, 3
29, 70, 0, 1, 3
29, 70, 0, 1, 3
29, 70, 0, 1, 3
29, 70, 0, 1, 3
29, 70, 0, 1, 3
29, 70, 0, 1, 3
29, 70, 0, 1, 3
29, 70, 0, 1, 3
29, 70, 0, 1, 3
29, 70, 0, 1, 3
29, 70, 0, 1, 3
29, 70, 0, 1, 3
29, 70, 0, 1, 3
29, 70, 0, 1, 3
29, 70, 0, 1, 3
29, 70, 0, 1, 3
29, 70, 0, 1, 3
29, 70, 0, 1, 3
29, 70, 0, 1, 3
29, 70, 0, 1, 3
29, 70, 0, 1, 3
29, 70, 0, 1, 3
29, 70, 0, 1, 3
29, 70, 0, 1, 3
29, 70, 0, 1, 3
29, 70, 0, 1, 3
29, 70, 0, 1, 3
29, 70, 0, 1, 3
29, 70, 0, 1, 3
29, 70, 0, 1, 3
29, 70, 0, 1, 3
29, 70, 0, 1, 3
29, 70, 0, 1, 3
29, 70, 0, 1, 3
29, 70, 0, 1, 3
29, 70, 0, 1, 3
29, 70, 0, 1, 3
29, 70, 0, 1, 3
29, 70, 0, 1, 3
29, 70, 0, 1, 3
29, 70, 0, 1, 3
29, 70, 0, 1, 3
29, 70, 0, 1, 3
29, 70, 0, 1, 3
29, 70, 0, 1, 3
29, 70, 0, 1, 3
29, 70, 0, 1, 3
29, 70, 0, 1, 3
29, 70, 0, 1, 3
29, 70, 0, 1, 3
29, 70, 0, 1, 3
30, 2, 0, 2, 2
30, 2, 0, 3, 2
30, 49, 1, 0, 3
30, 49, 1, 0, 3
30, 49, 1, 0, 3
30, 49, 1, 0, 3
30, 49, 1, 0, 3
30, 49, 1, 0, 3
30, 49, 1, 0, 3
30, 49, 1, 0, 3
30, 49, 1, 0, 3
30, 49, 1, 0, 3
30, 49, 1, 0, 3
30, 49, 1, 0, 3
30, 49, 1, 0, 3
30, 49, 1, 0, 3
30, 49, 1, 0, 3
30, 49, 1, 0, 3
30, 49, 1, 0, 3
30, 49, 1, 0, 3
30, 49, 1, 0, 3
30, 49, 1, 0, 3
30, 49, 1, 0, 3
30, 49, 1, 0, 3
30, 49, 1, 0, 3
30, 49, 1, 0, 3
30, 49, 1, 0, 3
30, 49, 1, 0, 3
30, 49, 1, 0, 3
30, 49, 1, 0, 3
30, 49, 1, 0, 3
30, 49, 1, 0, 3
30, 49, 1, 0, 3
30, 49, 1, 0, 3
30, 49, 1, 0, 3
30, 49, 1, 0, 3
30, 49, 1, 0, 3
30, 49, 1, 0, 3
30, 49, 1, 0, 3
30, 49, 1, 0, 3
30, 49, 1, 0, 3
30, 49, 1, 0, 3
30, 49, 1, 0, 3
30, 49, 1, 0, 3
30, 49, 1, 0, 3
30, 49, 1, 0, 3
30, 49, 1, 0, 3
30, 49, 1, 0, 3
30, 49, 1, 0, 3
30, 49, 1, 0, 3
30, 49, 1, 0, 3
30, 2, 2, 4, 2
30, 2, 2, 4, 2
30, 2, 3, 4, 2
30, 2, 3, 4, 2
31, 2, 0, 2, 2
31, 2, 0, 3, 2
31, 49, 1, 0, 3
31, 49, 1, 0, 3
31, 49, 1, 0, 3
31, 49, 1, 0, 3
31, 49, 1, 0, 3
31, 49, 1, 0, 3
31, 49, 1, 0, 3
31, 49, 1, 0, 3
31, 49, 1, 0, 3
31, 49, 1, 0, 3
31, 49, 1, 0, 3
31, 49, 1, 0, 3
31, 49, 1, 0, 3
31, 49, 1, 0, 3
31, 49, 1, 0, 3
31, 49, 1, 0, 3
31, 49, 1, 0, 3
31, 49, 1, 0, 3
31, 49, 1, 0, 3
31, 49, 1, 0, 3
31, 49, 1, 0, 3
31, 49, 1, 0, 3
31, 49, 1, 0, 3
31, 49, 1, 0, 3
31, 49, 1, 0, 3
31, 49, 1, 0, 3
31, 49, 1, 0, 3
31, 49, 1, 0, 3
31, 49, 1, 0, 3
31, 49, 1, 0, 3
31, 49, 1, 0, 3
31, 49, 1, 0, 3
31, 49, 1, 0, 3
31, 49, 1, 0, 3
31, 49, 1, 0, 3
31, 49, 1, 0, 3
31, 49, 1, 0, 3
31, 49, 1, 0, 3
31, 49, 1, 0, 3
31, 49, 1, 0, 3
31, 49, 1, 0, 3
31, 49, 1, 0, 3
31, 49, 1, 0, 3
31, 49, 1, 0, 3
31, 49, 1, 0, 3
31, 49, 1, 0, 3
31, 49, 1, 0, 3
31, 49, 1, 0, 3
31, 49, 1, 0, 3
31, 2, 2, 4, 2
31, 2, 2, 4, 2
31, 2, 3, 4, 2
31, 2, 3, 4, 2
32, 70, 0, 1, 3
32, 70, 0, 1, 3
32, 70, 0, 1, 3
32, 70, 0, 1, 3
32, 70, 0, 1, 3
32, 70, 0, 1, 3
32, 70, 0, 1, 3
32, 70, 0, 1, 3
32, 70, 0, 1, 3
32, 70, 0, 1, 3
32, 70, 0, 1, 3
32, 70, 0, 1, 3
32, 70, 0, 1, 3
32, 70, 0, 1, 3
32, 70, 0, 1, 3
32, 70, 0, 1, 3
32, 70, 0, 1, 3
32, 70, 0, 1, 3
32, 70, 0, 1, 3
32, 70, 0, 1, 3
32, 70, 0, 1, 3
32, 70, 0, 1, 3
32, 70, 0, 1, 3
32, 70, 0, 1, 3
32, 70, 0, 1, 3
32, 70, 0, 1, 3
32, 70, 0, 1, 3
32, 70, 0, 1, 3
32, 70, 0, 1, 3
32, 70, 0, 1, 3
32, 70, 0, 1, 3
32, 70, 0, 1, 3
32, 70, 0, 1, 3
32, 70, 0, 1, 3
32, 70, 0, 1, 3
32, 70, 0, 1, 3
32, 70, 0, 1, 3
32, 70, 0, 1, 3
32, 70, 0, 1, 3
32, 70, 0, 1, 3
32, 70, 0, 1, 3
32, 70, 0, 1, 3
32, 70, 0, 1, 3
32, 70, 0, 1, 3
32, 70, 0, 1, 3
32, 70, 0, 1, 3
32, 70, 0, 1, 3
32, 70, 0, 1, 3
32, 70, 0, 1, 3
32, 70, 0, 1, 3
32, 70, 0, 1, 3
32, 70, 0, 1, 3
32, 70, 0, 1, 3
32, 70, 0, 1, 3
32, 70, 0, 1, 3
32, 70, 0, 1, 3
32, 70, 0, 1, 3
32, 70, 0, 1, 3
32, 70, 0, 1, 3
32, 70, 0, 1, 3
32, 70, 0, 1, 3
32, 70, 0, 1, 3
32, 70, 0, 1, 3
32, 70, 0, 1, 3
32, 70, 0, 1, 3
32, 70, 0, 1, 3
32, 70, 0, 1, 3
32, 70, 0, 1, 3
32, 70, 0, 1, 3
32, 70, 0, 1, 3
33, 70, 0, 1, 3
33, 70, 0, 1, 3
33, 70, 0, 1, 3
33, 70, 0, 1, 3
33, 70, 0, 1, 3
33, 70, 0, 1, 3
33, 70, 0, 1, 3
33, 70, 0, 1, 3
33, 70, 0, 1, 3
33, 70, 0, 1, 3
33, 70, 0, 1, 3
33, 70, 0, 1, 3
33, 70, 0, 1, 3
33, 70, 0, 1, 3
33, 70, 0, 1, 3
33, 70, 0, 1, 3
33, 70, 0, 1, 3
33, 70, 0, 1, 3
33, 70, 0, 1, 3
33, 70, 0, 1, 3
33, 70, 0, 1, 3
33, 70, 0, 1, 3
33, 70, 0, 1, 3
33, 70, 0, 1, 3
33, 70, 0, 1, 3
33, 70, 0, 1, 3
33, 70, 0, 1, 3
33, 70, 0, 1, 3
33, 70, 0, 1, 3
33, 70, 0, 1, 3
33, 70, 0, 1, 3
33, 70, 0, 1, 3
33, 70, 0, 1, 3
33, 70, 0, 1, 3
33, 70, 0, 1, 3
33, 70, 0, 1, 3
33, 70, 0, 1, 3
33, 70, 0, 1, 3
33, 70, 0, 1, 3
33, 70, 0, 1, 3
33, 70, 0, 1, 3
33, 70, 0, 1, 3
33, 70, 0, 1, 3
33, 70, 0, 1, 3
33, 70, 0, 1, 3
33, 70, 0, 1, 3
33, 70, 0, 1, 3
33, 70, 0, 1, 3
33, 70, 0, 1, 3
33, 70, 0, 1, 3
33, 70, 0, 1, 3
33, 70, 0, 1, 3
33, 70, 0, 1, 3
33, 70, 0, 1, 3
33, 70, 0, 1, 3
33, 70, 0, 1, 3
33, 70, 0, 1, 3
33, 70, 0, 1, 3
33, 70, 0, 1, 3
33, 70, 0, 1, 3
33, 70, 0, 1, 3
33, 70, 0, 1, 3
33, 70, 0, 1, 3
33, 70, 0, 1, 3
33, 70, 0, 1, 3
33, 70, 0, 1, 3
33, 70, 0, 1, 3
33, 70, 0, 1, 3
33, 70, 0, 1, 3
33, 70, 0, 1, 3
34, 70, 0, 1, 3
34, 70, 0, 1, 3
34, 70, 0, 1, 3
34, 70, 0, 1, 3
34, 70, 0, 1, 3
34, 70, 0, 1, 3
34, 70, 0, 1, 3
34, 70, 0, 1, 3
34, 70, 0, 1, 3
34, 70, 0, 1, 3
34, 70, 0, 1, 3
34, 70, 0, 1, 3
34, 70, 0, 1, 3
34, 70, 0, 1, 3
34, 70, 0, 1, 3
34, 70, 0, 1, 3
34, 70, 0, 1, 3
34, 70, 0, 1, 3
34, 70, 0, 1, 3
34, 70, 0, 1, 3
34, 70, 0, 1, 3
34, 70, 0, 1, 3
34, 70, 0, 1, 3
34, 70, 0, 1, 3
34, 70, 0, 1, 3
34, 70, 0, 1, 3
34, 70, 0, 1, 3
34, 70, 0, 1, 3
34, 70, 0, 1, 3
34, 70, 0, 1, 3
34, 70, 0, 1, 3
34, 70, 0, 1, 3
34, 70, 0, 1, 3
34, 70, 0, 1, 3
34, 70, 0, 1, 3
34, 70, 0, 1, 3
34, 70, 0, 1, 3
34, 70, 0, 1, 3
34, 70, 0, 1, 3
34, 70, 0, 1, 3
34, 70, 0, 1, 3
34, 70, 0, 1, 3
34, 70, 0, 1, 3
34, 70, 0, 1, 3
34, 70, 0, 1, 3
34, 70, 0, 1, 3
34, 70, 0, 1, 3
34, 70, 0, 1, 3
34, 70, 0, 1, 3
34, 70, 0, 1, 3
34, 70, 0, 1, 3
34, 70, 0, 1, 3
34, 70, 0, 1, 3
34, 70, 0, 1, 3
34, 70, 0, 1, 3
34, 70, 0, 1, 3
34, 70, 0, 1, 3
34, 70, 0, 1, 3
34, 70, 0, 1, 3
34, 70, 0, 1, 3
34, 70, 0, 1, 3
34, 70, 0, 1, 3
34, 70, 0, 1, 3
34, 70, 0, 1, 3
34, 70, 0, 1, 3
34, 70, 0, 1, 3
34, 70, 0, 1, 3
34, 70, 0, 1, 3
34, 70, 0, 1, 3
34, 70, 0, 1, 3
35, 70, 0, 1, 3
35, 70, 0, 1, 3
35, 70, 0, 1, 3
35, 70, 0, 1, 3
35, 70, 0, 1, 3
35, 70, 0, 1, 3
35, 70, 0, 1, 3
35, 70, 0, 1, 3
35, 70, 0, 1, 3
35, 70, 0, 1, 3
35, 70, 0, 1, 3
35, 70, 0, 1, 3
35, 70, 0, 1, 3
35, 70, 0, 1, 3
35, 70, 0, 1, 3
35, 70, 0, 1, 3
35, 70, 0, 1, 3
35, 70, 0, 1, 3
35, 70, 0, 1, 3
35, 70, 0, 1, 3
35, 70, 0, 1, 3
35, 70, 0, 1, 3
35, 70, 0, 1, 3
35, 70, 0, 1, 3
35, 70, 0, 1, 3
35, 70, 0, 1, 3
35, 70, 0, 1, 3
35, 70, 0, 1, 3
35, 70, 0, 1, 3
35, 70, 0, 1, 3
35, 70, 0, 1, 3
35, 70, 0, 1, 3
35, 70, 0, 1, 3
35, 70, 0, 1, 3
35, 70, 0, 1, 3
35, 70, 0, 1, 3
35, 70, 0, 1, 3
35, 70, 0, 1, 3
35, 70, 0, 1, 3
35, 70, 0, 1, 3
35, 70, 0, 1, 3
35, 70, 0, 1, 3
35, 70, 0, 1, 3
35, 70, 0, 1, 3
35, 70, 0, 1, 3
35, 70, 0, 1, 3
35, 70, 0, 1, 3
35, 70, 0, 1, 3
35, 70, 0, 1, 3
35, 70, 0, 1, 3
35, 70, 0, 1, 3
35, 70, 0, 1, 3
35, 70, 0, 1, 3
35, 70, 0, 1, 3
35, 70, 0, 1, 3
35, 70, 0, 1, 3
35, 70, 0, 1, 3
35, 70, 0, 1, 3
35, 70, 0, 1, 3
35, 70, 0, 1, 3
35, 70, 0, 1, 3
35, 70, 0, 1, 3
35, 70, 0, 1, 3
35, 70, 0, 1, 3
35, 70, 0, 1, 3
35, 70, 0, 1, 3
35, 70, 0, 1, 3
35, 70, 0, 1, 3
35, 70, 0, 1, 3
35, 70, 0, 1, 3
36, 20, 1, 0, 3
36, 20, 1, 0, 3
36, 20, 1, 0, 3
36, 20, 1, 0, 3
36, 20, 1, 0, 3
36, 20, 1, 0, 3
36, 20, 1, 0, 3
36, 20, 1, 0, 3
36, 20, 1, 0, 3
36, 20, 1, 0, 3
36, 20, 1, 0, 3
36, 20, 1, 0, 3
36, 20, 1, 0, 3
36, 20, 1, 0, 3
36, 20, 1, 0, 3
36, 20, 1, 0, 3
36, 20, 1, 0, 3
36, 20, 1, 0, 3
36, 20, 1, 0, 3
36, 20, 1, 0, 3
37, 20, 1, 0, 3
37, 20, 1, 0, 3
37, 20, 1, 0, 3
37, 20, 1, 0, 3
37, 20, 1, 0, 3
37, 20, 1, 0, 3
37, 20, 1, 0, 3
37, 20, 1, 0, 3
37, 20, 1, 0, 3
37, 20, 1, 0, 3
37, 20, 1, 0, 3
37, 20, 1, 0, 3
37, 20, 1, 0, 3
37, 20, 1, 0, 3
37, 20, 1, 0, 3
37, 20, 1, 0, 3
37, 20, 1, 0, 3
37, 20, 1, 0, 3
37, 20, 1, 0, 3
37, 20, 1, 0, 3
38, 20, 1, 0, 3
38, 20, 1, 0, 3
38, 20, 1, 0, 3
38, 20, 1, 0, 3
38, 20, 1, 0, 3
38, 20, 1, 0, 3
38, 20, 1, 0, 3
38, 20, 1, 0, 3
38, 20, 1, 0, 3
38, 20, 1, 0, 3
38, 20, 1, 0, 3
38, 20, 1, 0, 3
38, 20, 1, 0, 3
38, 20, 1, 0, 3
38, 20, 1, 0, 3
38, 20, 1, 0, 3
38, 20, 1, 0, 3
38, 20, 1, 0, 3
38, 20, 1, 0, 3
38, 20, 1, 0, 3
39, 20, 1, 0, 3
39, 20, 1, 0, 3
39, 20, 1, 0, 3
39, 20, 1, 0, 3
39, 20, 1, 0, 3
39, 20, 1, 0, 3
39, 20, 1, 0, 3
39, 20, 1, 0, 3
39, 20, 1, 0, 3
39, 20, 1, 0, 3
39, 20, 1, 0, 3
39, 20, 1, 0, 3
39, 20, 1, 0, 3
39, 20, 1, 0, 3
39, 20, 1, 0, 3
39, 20, 1, 0, 3
39, 20, 1, 0, 3
39, 20, 1, 0, 3
39, 20, 1, 0, 3
39, 20, 1, 0, 3
40, 20, 1, 0, 3
40, 20, 1, 0, 3
40, 20, 1, 0, 3
40, 20, 1, 0, 3
40, 20, 1, 0, 3
40, 20, 1, 0, 3
40, 20, 1, 0, 3
40, 20, 1, 0, 3
40, 20, 1, 0, 3
40, 20, 1, 0, 3
40, 20, 1, 0, 3
40, 20, 1, 0, 3
40, 20, 1, 0, 3
40, 20, 1, 0, 3
40, 20, 1, 0, 3
40, 20, 1, 0, 3
40, 20, 1, 0, 3
40, 20, 1, 0, 3
40, 20, 1, 0, 3
40, 20, 1, 0, 3
41, 20, 1, 0, 4
41, 20, 1, 0, 4
41, 20, 1, 0, 4
41, 20, 1, 0, 4
41, 20, 1, 0, 4
41, 20, 1, 0, 4
41, 20, 1, 0, 4
41, 20, 1, 0, 4
41, 20, 1, 0, 4
41, 20, 1, 0, 4
41, 20, 1, 0, 4
41, 20, 1, 0, 4
41, 20, 1, 0, 4
41, 20, 1, 0, 4
41, 20, 1, 0, 4
41, 20, 1, 0, 4
41, 20, 1, 0, 4
41, 20, 1, 0, 4
41, 20, 1, 0, 4
41, 20, 1, 0, 4
42, 20, 1, 0, 4
42, 20, 1, 0, 4
42, 20, 1, 0, 4
42, 20, 1, 0, 4
42, 20, 1, 0, 4
42, 20, 1, 0, 4
42, 20, 1, 0, 4
42, 20, 1, 0, 4
42, 20, 1, 0, 4
42, 20, 1, 0, 4
42, 20, 1, 0, 4
42, 20, 1, 0, 4
42, 20, 1, 0, 4
42, 20, 1, 0, 4
42, 20, 1, 0, 4
42, 20, 1, 0, 4
42, 20, 1, 0, 4
42, 20, 1, 0, 4
42, 20, 1, 0, 4
42, 20, 1, 0, 4
Goal
36
37
38
39
40
41
42
