CG
64
0, 63, 63, 2
0, 63, 62, 3
0, 63, 61, 3
0, 63, 60, 3
0, 63, 59, 3
0, 63, 58, 3
0, 63, 57, 3
0, 63, 56, 2
0, 63, 55, 3
0, 63, 54, 4
0, 63, 53, 4
0, 63, 52, 4
0, 63, 51, 4
0, 63, 50, 4
0, 63, 49, 4
0, 63, 48, 3
0, 63, 47, 3
0, 63, 46, 4
0, 63, 45, 4
0, 63, 44, 4
0, 63, 43, 4
0, 63, 42, 4
0, 63, 41, 4
0, 63, 40, 3
0, 63, 39, 3
0, 63, 38, 4
0, 63, 37, 4
0, 63, 36, 4
0, 63, 35, 4
0, 63, 34, 4
0, 63, 33, 4
0, 63, 32, 3
0, 63, 31, 3
0, 63, 30, 4
0, 63, 29, 4
0, 63, 28, 4
0, 63, 27, 4
0, 63, 26, 4
0, 63, 25, 3
0, 63, 24, 3
0, 63, 23, 4
0, 63, 22, 4
0, 63, 21, 4
0, 63, 20, 4
0, 63, 19, 4
0, 63, 18, 4
0, 63, 17, 3
0, 63, 16, 3
0, 63, 15, 4
0, 63, 14, 4
0, 63, 13, 4
0, 63, 12, 4
0, 63, 11, 4
0, 63, 10, 4
0, 63, 9, 3
0, 63, 8, 2
0, 63, 7, 3
0, 63, 6, 3
0, 63, 5, 3
0, 63, 4, 3
0, 63, 3, 3
0, 63, 2, 3
0, 63, 1, 2
DTG
0, 2, 0, 1, 1
0, 2, 0, 8, 1
0, 3, 1, 0, 1
0, 3, 1, 2, 1
0, 3, 1, 9, 1
0, 3, 2, 1, 1
0, 3, 2, 3, 1
0, 3, 2, 10, 1
0, 3, 3, 2, 1
0, 3, 3, 4, 1
0, 3, 3, 11, 1
0, 3, 4, 3, 1
0, 3, 4, 5, 1
0, 3, 4, 12, 1
0, 3, 5, 4, 1
0, 3, 5, 6, 1
0, 3, 5, 13, 1
0, 3, 6, 5, 1
0, 3, 6, 7, 1
0, 3, 6, 14, 1
0, 2, 7, 6, 1
0, 2, 7, 15, 1
0, 3, 8, 0, 1
0, 3, 8, 9, 1
0, 3, 8, 16, 1
0, 4, 9, 1, 1
0, 4, 9, 8, 1
0, 4, 9, 10, 1
0, 4, 9, 17, 1
0, 4, 10, 2, 1
0, 4, 10, 9, 1
0, 4, 10, 11, 1
0, 4, 10, 18, 1
0, 4, 11, 3, 1
0, 4, 11, 10, 1
0, 4, 11, 12, 1
0, 4, 11, 19, 1
0, 4, 12, 4, 1
0, 4, 12, 11, 1
0, 4, 12, 13, 1
0, 4, 12, 20, 1
0, 4, 13, 5, 1
0, 4, 13, 12, 1
0, 4, 13, 14, 1
0, 4, 13, 21, 1
0, 4, 14, 6, 1
0, 4, 14, 13, 1
0, 4, 14, 15, 1
0, 4, 14, 22, 1
0, 3, 15, 7, 1
0, 3, 15, 14, 1
0, 3, 15, 23, 1
0, 3, 16, 8, 1
0, 3, 16, 17, 1
0, 3, 16, 24, 1
0, 4, 17, 9, 1
0, 4, 17, 16, 1
0, 4, 17, 18, 1
0, 4, 17, 25, 1
0, 4, 18, 10, 1
0, 4, 18, 17, 1
0, 4, 18, 19, 1
0, 4, 18, 26, 1
0, 4, 19, 11, 1
0, 4, 19, 18, 1
0, 4, 19, 20, 1
0, 4, 19, 27, 1
0, 4, 20, 12, 1
0, 4, 20, 19, 1
0, 4, 20, 21, 1
0, 4, 20, 28, 1
0, 4, 21, 13, 1
0, 4, 21, 20, 1
0, 4, 21, 22, 1
0, 4, 21, 29, 1
0, 4, 22, 14, 1
0, 4, 22, 21, 1
0, 4, 22, 23, 1
0, 4, 22, 30, 1
0, 3, 23, 15, 1
0, 3, 23, 22, 1
0, 3, 23, 31, 1
0, 3, 24, 16, 1
0, 3, 24, 25, 1
0, 3, 24, 32, 1
0, 4, 25, 17, 1
0, 4, 25, 24, 1
0, 4, 25, 26, 1
0, 4, 25, 33, 1
0, 4, 26, 18, 1
0, 4, 26, 25, 1
0, 4, 26, 27, 1
0, 4, 26, 34, 1
0, 4, 27, 19, 1
0, 4, 27, 26, 1
0, 4, 27, 28, 1
0, 4, 27, 35, 1
0, 4, 28, 20, 1
0, 4, 28, 27, 1
0, 4, 28, 29, 1
0, 4, 28, 36, 1
0, 4, 29, 21, 1
0, 4, 29, 28, 1
0, 4, 29, 30, 1
0, 4, 29, 37, 1
0, 4, 30, 22, 1
0, 4, 30, 29, 1
0, 4, 30, 31, 1
0, 4, 30, 38, 1
0, 3, 31, 23, 1
0, 3, 31, 30, 1
0, 3, 31, 39, 1
0, 3, 32, 24, 1
0, 3, 32, 33, 1
0, 3, 32, 40, 1
0, 4, 33, 25, 1
0, 4, 33, 32, 1
0, 4, 33, 34, 1
0, 4, 33, 41, 1
0, 4, 34, 26, 1
0, 4, 34, 33, 1
0, 4, 34, 35, 1
0, 4, 34, 42, 1
0, 4, 35, 27, 1
0, 4, 35, 34, 1
0, 4, 35, 36, 1
0, 4, 35, 43, 1
0, 4, 36, 28, 1
0, 4, 36, 35, 1
0, 4, 36, 37, 1
0, 4, 36, 44, 1
0, 4, 37, 29, 1
0, 4, 37, 36, 1
0, 4, 37, 38, 1
0, 4, 37, 45, 1
0, 4, 38, 30, 1
0, 4, 38, 37, 1
0, 4, 38, 39, 1
0, 4, 38, 46, 1
0, 3, 39, 31, 1
0, 3, 39, 38, 1
0, 3, 39, 47, 1
0, 3, 40, 32, 1
0, 3, 40, 41, 1
0, 3, 40, 48, 1
0, 4, 41, 33, 1
0, 4, 41, 40, 1
0, 4, 41, 42, 1
0, 4, 41, 49, 1
0, 4, 42, 34, 1
0, 4, 42, 41, 1
0, 4, 42, 43, 1
0, 4, 42, 50, 1
0, 4, 43, 35, 1
0, 4, 43, 42, 1
0, 4, 43, 44, 1
0, 4, 43, 51, 1
0, 4, 44, 36, 1
0, 4, 44, 43, 1
0, 4, 44, 45, 1
0, 4, 44, 52, 1
0, 4, 45, 37, 1
0, 4, 45, 44, 1
0, 4, 45, 46, 1
0, 4, 45, 53, 1
0, 4, 46, 38, 1
0, 4, 46, 45, 1
0, 4, 46, 47, 1
0, 4, 46, 54, 1
0, 3, 47, 39, 1
0, 3, 47, 46, 1
0, 3, 47, 55, 1
0, 3, 48, 40, 1
0, 3, 48, 49, 1
0, 3, 48, 56, 1
0, 4, 49, 41, 1
0, 4, 49, 48, 1
0, 4, 49, 50, 1
0, 4, 49, 57, 1
0, 4, 50, 42, 1
0, 4, 50, 49, 1
0, 4, 50, 51, 1
0, 4, 50, 58, 1
0, 4, 51, 43, 1
0, 4, 51, 50, 1
0, 4, 51, 52, 1
0, 4, 51, 59, 1
0, 4, 52, 44, 1
0, 4, 52, 51, 1
0, 4, 52, 53, 1
0, 4, 52, 60, 1
0, 4, 53, 45, 1
0, 4, 53, 52, 1
0, 4, 53, 54, 1
0, 4, 53, 61, 1
0, 4, 54, 46, 1
0, 4, 54, 53, 1
0, 4, 54, 55, 1
0, 4, 54, 62, 1
0, 3, 55, 47, 1
0, 3, 55, 54, 1
0, 3, 55, 63, 1
0, 2, 56, 48, 1
0, 2, 56, 57, 1
0, 3, 57, 49, 1
0, 3, 57, 56, 1
0, 3, 57, 58, 1
0, 3, 58, 50, 1
0, 3, 58, 57, 1
0, 3, 58, 59, 1
0, 3, 59, 51, 1
0, 3, 59, 58, 1
0, 3, 59, 60, 1
0, 3, 60, 52, 1
0, 3, 60, 59, 1
0, 3, 60, 61, 1
0, 3, 61, 53, 1
0, 3, 61, 60, 1
0, 3, 61, 62, 1
0, 3, 62, 54, 1
0, 3, 62, 61, 1
0, 3, 62, 63, 1
0, 2, 63, 55, 1
0, 2, 63, 62, 1
1, 2, 1, 0, 2
1, 2, 1, 0, 2
2, 3, 1, 0, 2
2, 3, 1, 0, 2
2, 3, 1, 0, 2
3, 3, 1, 0, 2
3, 3, 1, 0, 2
3, 3, 1, 0, 2
4, 3, 1, 0, 2
4, 3, 1, 0, 2
4, 3, 1, 0, 2
5, 3, 1, 0, 2
5, 3, 1, 0, 2
5, 3, 1, 0, 2
6, 3, 1, 0, 2
6, 3, 1, 0, 2
6, 3, 1, 0, 2
7, 3, 1, 0, 2
7, 3, 1, 0, 2
7, 3, 1, 0, 2
8, 2, 1, 0, 2
8, 2, 1, 0, 2
9, 3, 1, 0, 2
9, 3, 1, 0, 2
9, 3, 1, 0, 2
10, 4, 1, 0, 2
10, 4, 1, 0, 2
10, 4, 1, 0, 2
10, 4, 1, 0, 2
11, 4, 1, 0, 2
11, 4, 1, 0, 2
11, 4, 1, 0, 2
11, 4, 1, 0, 2
12, 4, 1, 0, 2
12, 4, 1, 0, 2
12, 4, 1, 0, 2
12, 4, 1, 0, 2
13, 4, 1, 0, 2
13, 4, 1, 0, 2
13, 4, 1, 0, 2
13, 4, 1, 0, 2
14, 4, 1, 0, 2
14, 4, 1, 0, 2
14, 4, 1, 0, 2
14, 4, 1, 0, 2
15, 4, 1, 0, 2
15, 4, 1, 0, 2
15, 4, 1, 0, 2
15, 4, 1, 0, 2
16, 3, 1, 0, 2
16, 3, 1, 0, 2
16, 3, 1, 0, 2
17, 3, 1, 0, 2
17, 3, 1, 0, 2
17, 3, 1, 0, 2
18, 4, 1, 0, 2
18, 4, 1, 0, 2
18, 4, 1, 0, 2
18, 4, 1, 0, 2
19, 4, 1, 0, 2
19, 4, 1, 0, 2
19, 4, 1, 0, 2
19, 4, 1, 0, 2
20, 4, 1, 0, 2
20, 4, 1, 0, 2
20, 4, 1, 0, 2
20, 4, 1, 0, 2
21, 4, 1, 0, 2
21, 4, 1, 0, 2
21, 4, 1, 0, 2
21, 4, 1, 0, 2
22, 4, 1, 0, 2
22, 4, 1, 0, 2
22, 4, 1, 0, 2
22, 4, 1, 0, 2
23, 4, 1, 0, 2
23, 4, 1, 0, 2
23, 4, 1, 0, 2
23, 4, 1, 0, 2
24, 3, 1, 0, 2
24, 3, 1, 0, 2
24, 3, 1, 0, 2
25, 3, 1, 0, 2
25, 3, 1, 0, 2
25, 3, 1, 0, 2
26, 4, 1, 0, 2
26, 4, 1, 0, 2
26, 4, 1, 0, 2
26, 4, 1, 0, 2
27, 4, 1, 0, 2
27, 4, 1, 0, 2
27, 4, 1, 0, 2
27, 4, 1, 0, 2
28, 4, 1, 0, 2
28, 4, 1, 0, 2
28, 4, 1, 0, 2
28, 4, 1, 0, 2
29, 4, 1, 0, 2
29, 4, 1, 0, 2
29, 4, 1, 0, 2
29, 4, 1, 0, 2
30, 4, 1, 0, 2
30, 4, 1, 0, 2
30, 4, 1, 0, 2
30, 4, 1, 0, 2
31, 3, 1, 0, 2
31, 3, 1, 0, 2
31, 3, 1, 0, 2
32, 3, 1, 0, 2
32, 3, 1, 0, 2
32, 3, 1, 0, 2
33, 4, 1, 0, 2
33, 4, 1, 0, 2
33, 4, 1, 0, 2
33, 4, 1, 0, 2
34, 4, 1, 0, 2
34, 4, 1, 0, 2
34, 4, 1, 0, 2
34, 4, 1, 0, 2
35, 4, 1, 0, 2
35, 4, 1, 0, 2
35, 4, 1, 0, 2
35, 4, 1, 0, 2
36, 4, 1, 0, 2
36, 4, 1, 0, 2
36, 4, 1, 0, 2
36, 4, 1, 0, 2
37, 4, 1, 0, 2
37, 4, 1, 0, 2
37, 4, 1, 0, 2
37, 4, 1, 0, 2
38, 4, 1, 0, 2
38, 4, 1, 0, 2
38, 4, 1, 0, 2
38, 4, 1, 0, 2
39, 3, 1, 0, 2
39, 3, 1, 0, 2
39, 3, 1, 0, 2
40, 3, 1, 0, 2
40, 3, 1, 0, 2
40, 3, 1, 0, 2
41, 4, 1, 0, 2
41, 4, 1, 0, 2
41, 4, 1, 0, 2
41, 4, 1, 0, 2
42, 4, 1, 0, 2
42, 4, 1, 0, 2
42, 4, 1, 0, 2
42, 4, 1, 0, 2
43, 4, 1, 0, 2
43, 4, 1, 0, 2
43, 4, 1, 0, 2
43, 4, 1, 0, 2
44, 4, 1, 0, 2
44, 4, 1, 0, 2
44, 4, 1, 0, 2
44, 4, 1, 0, 2
45, 4, 1, 0, 2
45, 4, 1, 0, 2
45, 4, 1, 0, 2
45, 4, 1, 0, 2
46, 4, 1, 0, 2
46, 4, 1, 0, 2
46, 4, 1, 0, 2
46, 4, 1, 0, 2
47, 3, 1, 0, 2
47, 3, 1, 0, 2
47, 3, 1, 0, 2
48, 3, 1, 0, 2
48, 3, 1, 0, 2
48, 3, 1, 0, 2
49, 4, 1, 0, 2
49, 4, 1, 0, 2
49, 4, 1, 0, 2
49, 4, 1, 0, 2
50, 4, 1, 0, 2
50, 4, 1, 0, 2
50, 4, 1, 0, 2
50, 4, 1, 0, 2
51, 4, 1, 0, 2
51, 4, 1, 0, 2
51, 4, 1, 0, 2
51, 4, 1, 0, 2
52, 4, 1, 0, 2
52, 4, 1, 0, 2
52, 4, 1, 0, 2
52, 4, 1, 0, 2
53, 4, 1, 0, 2
53, 4, 1, 0, 2
53, 4, 1, 0, 2
53, 4, 1, 0, 2
54, 4, 1, 0, 2
54, 4, 1, 0, 2
54, 4, 1, 0, 2
54, 4, 1, 0, 2
55, 3, 1, 0, 2
55, 3, 1, 0, 2
55, 3, 1, 0, 2
56, 2, 1, 0, 2
56, 2, 1, 0, 2
57, 3, 1, 0, 2
57, 3, 1, 0, 2
57, 3, 1, 0, 2
58, 3, 1, 0, 2
58, 3, 1, 0, 2
58, 3, 1, 0, 2
59, 3, 1, 0, 2
59, 3, 1, 0, 2
59, 3, 1, 0, 2
60, 3, 1, 0, 2
60, 3, 1, 0, 2
60, 3, 1, 0, 2
61, 3, 1, 0, 2
61, 3, 1, 0, 2
61, 3, 1, 0, 2
62, 3, 1, 0, 2
62, 3, 1, 0, 2
62, 3, 1, 0, 2
63, 2, 1, 0, 2
63, 2, 1, 0, 2
Goal
1
2
3
4
5
6
7
8
9
10
11
12
13
14
15
16
17
18
19
20
21
22
23
24
25
26
27
28
29
30
31
32
33
34
35
36
37
38
39
40
41
42
43
44
45
46
47
48
49
50
51
52
53
54
55
56
57
58
59
60
61
62
63
