CG
42
0, 41, 41, 2
0, 41, 40, 3
0, 41, 39, 3
0, 41, -1, 3
0, 41, -1, 3
0, 41, 38, 3
0, 41, 37, 3
0, 41, 36, 3
0, 41, -1, 2
0, 41, -1, 3
0, 41, -1, 4
0, 41, -1, 4
0, 41, -1, 4
0, 41, 35, 4
0, 41, -1, 4
0, 41, 34, 4
0, 41, -1, 4
0, 41, -1, 3
0, 41, -1, 3
0, 41, -1, 4
0, 41, 33, 4
0, 41, -1, 4
0, 41, -1, 4
0, 41, -1, 4
0, 41, 32, 4
0, 41, 31, 4
0, 41, -1, 3
0, 41, -1, 3
0, 41, 30, 4
0, 41, 29, 4
0, 41, -1, 4
0, 41, -1, 4
0, 41, -1, 4
0, 41, 28, 4
0, 41, 27, 4
0, 41, 26, 3
0, 41, 25, 3
0, 41, -1, 4
0, 41, 24, 4
0, 41, 23, 4
0, 41, -1, 4
0, 41, -1, 4
0, 41, 22, 4
0, 41, 21, 3
0, 41, 20, 3
0, 41, -1, 4
0, 41, 19, 4
0, 41, -1, 4
0, 41, -1, 4
0, 41, -1, 4
0, 41, 18, 4
0, 41, -1, 4
0, 41, 17, 3
0, 41, -1, 3
0, 41, -1, 4
0, 41, 16, 4
0, 41, 15, 4
0, 41, 14, 4
0, 41, -1, 4
0, 41, -1, 4
0, 41, 13, 4
0, 41, 12, 3
0, 41, -1, 3
0, 41, 11, 4
0, 41, -1, 4
0, 41, 10, 4
0, 41, -1, 4
0, 41, -1, 4
0, 41, -1, 4
0, 41, 9, 4
0, 41, 8, 3
0, 41, -1, 2
0, 41, 7, 3
0, 41, 6, 3
0, 41, 5, 3
0, 41, 4, 3
0, 41, 3, 3
0, 41, -1, 3
0, 41, 2, 3
0, 41, 1, 2
DTG
0, 2, 0, 1, 1
0, 2, 0, 9, 1
0, 3, 1, 0, 1
0, 3, 1, 2, 1
0, 3, 1, 10, 1
0, 3, 2, 1, 1
0, 3, 2, 3, 1
0, 3, 2, 11, 1
0, 3, 3, 2, 1
0, 3, 3, 4, 1
0, 3, 3, 12, 1
0, 3, 4, 3, 1
0, 3, 4, 5, 1
0, 3, 4, 13, 1
0, 3, 5, 4, 1
0, 3, 5, 6, 1
0, 3, 5, 14, 1
0, 3, 6, 5, 1
0, 3, 6, 7, 1
0, 3, 6, 15, 1
0, 3, 7, 6, 1
0, 3, 7, 8, 1
0, 3, 7, 16, 1
0, 2, 8, 7, 1
0, 2, 8, 17, 1
0, 3, 9, 0, 1
0, 3, 9, 10, 1
0, 3, 9, 18, 1
0, 4, 10, 1, 1
0, 4, 10, 9, 1
0, 4, 10, 11, 1
0, 4, 10, 19, 1
0, 4, 11, 2, 1
0, 4, 11, 10, 1
0, 4, 11, 12, 1
0, 4, 11, 20, 1
0, 4, 12, 3, 1
0, 4, 12, 11, 1
0, 4, 12, 13, 1
0, 4, 12, 21, 1
0, 4, 13, 4, 1
0, 4, 13, 12, 1
0, 4, 13, 14, 1
0, 4, 13, 22, 1
0, 4, 14, 5, 1
0, 4, 14, 13, 1
0, 4, 14, 15, 1
0, 4, 14, 23, 1
0, 4, 15, 6, 1
0, 4, 15, 14, 1
0, 4, 15, 16, 1
0, 4, 15, 24, 1
0, 4, 16, 7, 1
0, 4, 16, 15, 1
0, 4, 16, 17, 1
0, 4, 16, 25, 1
0, 3, 17, 8, 1
0, 3, 17, 16, 1
0, 3, 17, 26, 1
0, 3, 18, 9, 1
0, 3, 18, 19, 1
0, 3, 18, 27, 1
0, 4, 19, 10, 1
0, 4, 19, 18, 1
0, 4, 19, 20, 1
0, 4, 19, 28, 1
0, 4, 20, 11, 1
0, 4, 20, 19, 1
0, 4, 20, 21, 1
0, 4, 20, 29, 1
0, 4, 21, 12, 1
0, 4, 21, 20, 1
0, 4, 21, 22, 1
0, 4, 21, 30, 1
0, 4, 22, 13, 1
0, 4, 22, 21, 1
0, 4, 22, 23, 1
0, 4, 22, 31, 1
0, 4, 23, 14, 1
0, 4, 23, 22, 1
0, 4, 23, 24, 1
0, 4, 23, 32, 1
0, 4, 24, 15, 1
0, 4, 24, 23, 1
0, 4, 24, 25, 1
0, 4, 24, 33, 1
0, 4, 25, 16, 1
0, 4, 25, 24, 1
0, 4, 25, 26, 1
0, 4, 25, 34, 1
0, 3, 26, 17, 1
0, 3, 26, 25, 1
0, 3, 26, 35, 1
0, 3, 27, 18, 1
0, 3, 27, 28, 1
0, 3, 27, 36, 1
0, 4, 28, 19, 1
0, 4, 28, 27, 1
0, 4, 28, 29, 1
0, 4, 28, 37, 1
0, 4, 29, 20, 1
0, 4, 29, 28, 1
0, 4, 29, 30, 1
0, 4, 29, 38, 1
0, 4, 30, 21, 1
0, 4, 30, 29, 1
0, 4, 30, 31, 1
0, 4, 30, 39, 1
0, 4, 31, 22, 1
0, 4, 31, 30, 1
0, 4, 31, 32, 1
0, 4, 31, 40, 1
0, 4, 32, 23, 1
0, 4, 32, 31, 1
0, 4, 32, 33, 1
0, 4, 32, 41, 1
0, 4, 33, 24, 1
0, 4, 33, 32, 1
0, 4, 33, 34, 1
0, 4, 33, 42, 1
0, 4, 34, 25, 1
0, 4, 34, 33, 1
0, 4, 34, 35, 1
0, 4, 34, 43, 1
0, 3, 35, 26, 1
0, 3, 35, 34, 1
0, 3, 35, 44, 1
0, 3, 36, 27, 1
0, 3, 36, 37, 1
0, 3, 36, 45, 1
0, 4, 37, 28, 1
0, 4, 37, 36, 1
0, 4, 37, 38, 1
0, 4, 37, 46, 1
0, 4, 38, 29, 1
0, 4, 38, 37, 1
0, 4, 38, 39, 1
0, 4, 38, 47, 1
0, 4, 39, 30, 1
0, 4, 39, 38, 1
0, 4, 39, 40, 1
0, 4, 39, 48, 1
0, 4, 40, 31, 1
0, 4, 40, 39, 1
0, 4, 40, 41, 1
0, 4, 40, 49, 1
0, 4, 41, 32, 1
0, 4, 41, 40, 1
0, 4, 41, 42, 1
0, 4, 41, 50, 1
0, 4, 42, 33, 1
0, 4, 42, 41, 1
0, 4, 42, 43, 1
0, 4, 42, 51, 1
0, 4, 43, 34, 1
0, 4, 43, 42, 1
0, 4, 43, 44, 1
0, 4, 43, 52, 1
0, 3, 44, 35, 1
0, 3, 44, 43, 1
0, 3, 44, 53, 1
0, 3, 45, 36, 1
0, 3, 45, 46, 1
0, 3, 45, 54, 1
0, 4, 46, 37, 1
0, 4, 46, 45, 1
0, 4, 46, 47, 1
0, 4, 46, 55, 1
0, 4, 47, 38, 1
0, 4, 47, 46, 1
0, 4, 47, 48, 1
0, 4, 47, 56, 1
0, 4, 48, 39, 1
0, 4, 48, 47, 1
0, 4, 48, 49, 1
0, 4, 48, 57, 1
0, 4, 49, 40, 1
0, 4, 49, 48, 1
0, 4, 49, 50, 1
0, 4, 49, 58, 1
0, 4, 50, 41, 1
0, 4, 50, 49, 1
0, 4, 50, 51, 1
0, 4, 50, 59, 1
0, 4, 51, 42, 1
0, 4, 51, 50, 1
0, 4, 51, 52, 1
0, 4, 51, 60, 1
0, 4, 52, 43, 1
0, 4, 52, 51, 1
0, 4, 52, 53, 1
0, 4, 52, 61, 1
0, 3, 53, 44, 1
0, 3, 53, 52, 1
0, 3, 53, 62, 1
0, 3, 54, 45, 1
0, 3, 54, 55, 1
0, 3, 54, 63, 1
0, 4, 55, 46, 1
0, 4, 55, 54, 1
0, 4, 55, 56, 1
0, 4, 55, 64, 1
0, 4, 56, 47, 1
0, 4, 56, 55, 1
0, 4, 56, 57, 1
0, 4, 56, 65, 1
0, 4, 57, 48, 1
0, 4, 57, 56, 1
0, 4, 57, 58, 1
0, 4, 57, 66, 1
0, 4, 58, 49, 1
0, 4, 58, 57, 1
0, 4, 58, 59, 1
0, 4, 58, 67, 1
0, 4, 59, 50, 1
0, 4, 59, 58, 1
0, 4, 59, 60, 1
0, 4, 59, 68, 1
0, 4, 60, 51, 1
0, 4, 60, 59, 1
0, 4, 60, 61, 1
0, 4, 60, 69, 1
0, 4, 61, 52, 1
0, 4, 61, 60, 1
0, 4, 61, 62, 1
0, 4, 61, 70, 1
0, 3, 62, 53, 1
0, 3, 62, 61, 1
0, 3, 62, 71, 1
0, 3, 63, 54, 1
0, 3, 63, 64, 1
0, 3, 63, 72, 1
0, 4, 64, 55, 1
0, 4, 64, 63, 1
0, 4, 64, 65, 1
0, 4, 64, 73, 1
0, 4, 65, 56, 1
0, 4, 65, 64, 1
0, 4, 65, 66, 1
0, 4, 65, 74, 1
0, 4, 66, 57, 1
0, 4, 66, 65, 1
0, 4, 66, 67, 1
0, 4, 66, 75, 1
0, 4, 67, 58, 1
0, 4, 67, 66, 1
0, 4, 67, 68, 1
0, 4, 67, 76, 1
0, 4, 68, 59, 1
0, 4, 68, 67, 1
0, 4, 68, 69, 1
0, 4, 68, 77, 1
0, 4, 69, 60, 1
0, 4, 69, 68, 1
0, 4, 69, 70, 1
0, 4, 69, 78, 1
0, 4, 70, 61, 1
0, 4, 70, 69, 1
0, 4, 70, 71, 1
0, 4, 70, 79, 1
0, 3, 71, 62, 1
0, 3, 71, 70, 1
0, 3, 71, 80, 1
0, 2, 72, 63, 1
0, 2, 72, 73, 1
0, 3, 73, 64, 1
0, 3, 73, 72, 1
0, 3, 73, 74, 1
0, 3, 74, 65, 1
0, 3, 74, 73, 1
0, 3, 74, 75, 1
0, 3, 75, 66, 1
0, 3, 75, 74, 1
0, 3, 75, 76, 1
0, 3, 76, 67, 1
0, 3, 76, 75, 1
0, 3, 76, 77, 1
0, 3, 77, 68, 1
0, 3, 77, 76, 1
0, 3, 77, 78, 1
0, 3, 78, 69, 1
0, 3, 78, 77, 1
0, 3, 78, 79, 1
0, 3, 79, 70, 1
0, 3, 79, 78, 1
0, 3, 79, 80, 1
0, 2, 80, 71, 1
0, 2, 80, 79, 1
1, 2, 1, 0, 2
1, 2, 1, 0, 2
2, 3, 1, 0, 2
2, 3, 1, 0, 2
2, 3, 1, 0, 2
3, 3, 1, 0, 2
3, 3, 1, 0, 2
3, 3, 1, 0, 2
4, 3, 1, 0, 2
4, 3, 1, 0, 2
4, 3, 1, 0, 2
5, 3, 1, 0, 2
5, 3, 1, 0, 2
5, 3, 1, 0, 2
6, 3, 1, 0, 2
6, 3, 1, 0, 2
6, 3, 1, 0, 2
7, 3, 1, 0, 2
7, 3, 1, 0, 2
7, 3, 1, 0, 2
8, 3, 1, 0, 2
8, 3, 1, 0, 2
8, 3, 1, 0, 2
9, 4, 1, 0, 2
9, 4, 1, 0, 2
9, 4, 1, 0, 2
9, 4, 1, 0, 2
10, 4, 1, 0, 2
10, 4, 1, 0, 2
10, 4, 1, 0, 2
10, 4, 1, 0, 2
11, 4, 1, 0, 2
11, 4, 1, 0, 2
11, 4, 1, 0, 2
11, 4, 1, 0, 2
12, 3, 1, 0, 2
12, 3, 1, 0, 2
12, 3, 1, 0, 2
13, 4, 1, 0, 2
13, 4, 1, 0, 2
13, 4, 1, 0, 2
13, 4, 1, 0, 2
14, 4, 1, 0, 2
14, 4, 1, 0, 2
14, 4, 1, 0, 2
14, 4, 1, 0, 2
15, 4, 1, 0, 2
15, 4, 1, 0, 2
15, 4, 1, 0, 2
15, 4, 1, 0, 2
16, 4, 1, 0, 2
16, 4, 1, 0, 2
16, 4, 1, 0, 2
16, 4, 1, 0, 2
17, 3, 1, 0, 2
17, 3, 1, 0, 2
17, 3, 1, 0, 2
18, 4, 1, 0, 2
18, 4, 1, 0, 2
18, 4, 1, 0, 2
18, 4, 1, 0, 2
19, 4, 1, 0, 2
19, 4, 1, 0, 2
19, 4, 1, 0, 2
19, 4, 1, 0, 2
20, 3, 1, 0, 2
20, 3, 1, 0, 2
20, 3, 1, 0, 2
21, 3, 1, 0, 2
21, 3, 1, 0, 2
21, 3, 1, 0, 2
22, 4, 1, 0, 2
22, 4, 1, 0, 2
22, 4, 1, 0, 2
22, 4, 1, 0, 2
23, 4, 1, 0, 2
23, 4, 1, 0, 2
23, 4, 1, 0, 2
23, 4, 1, 0, 2
24, 4, 1, 0, 2
24, 4, 1, 0, 2
24, 4, 1, 0, 2
24, 4, 1, 0, 2
25, 3, 1, 0, 2
25, 3, 1, 0, 2
25, 3, 1, 0, 2
26, 3, 1, 0, 2
26, 3, 1, 0, 2
26, 3, 1, 0, 2
27, 4, 1, 0, 2
27, 4, 1, 0, 2
27, 4, 1, 0, 2
27, 4, 1, 0, 2
28, 4, 1, 0, 2
28, 4, 1, 0, 2
28, 4, 1, 0, 2
28, 4, 1, 0, 2
29, 4, 1, 0, 2
29, 4, 1, 0, 2
29, 4, 1, 0, 2
29, 4, 1, 0, 2
30, 4, 1, 0, 2
30, 4, 1, 0, 2
30, 4, 1, 0, 2
30, 4, 1, 0, 2
31, 4, 1, 0, 2
31, 4, 1, 0, 2
31, 4, 1, 0, 2
31, 4, 1, 0, 2
32, 4, 1, 0, 2
32, 4, 1, 0, 2
32, 4, 1, 0, 2
32, 4, 1, 0, 2
33, 4, 1, 0, 2
33, 4, 1, 0, 2
33, 4, 1, 0, 2
33, 4, 1, 0, 2
34, 4, 1, 0, 2
34, 4, 1, 0, 2
34, 4, 1, 0, 2
34, 4, 1, 0, 2
35, 4, 1, 0, 2
35, 4, 1, 0, 2
35, 4, 1, 0, 2
35, 4, 1, 0, 2
36, 3, 1, 0, 2
36, 3, 1, 0, 2
36, 3, 1, 0, 2
37, 3, 1, 0, 2
37, 3, 1, 0, 2
37, 3, 1, 0, 2
38, 3, 1, 0, 2
38, 3, 1, 0, 2
38, 3, 1, 0, 2
39, 3, 1, 0, 2
39, 3, 1, 0, 2
39, 3, 1, 0, 2
40, 3, 1, 0, 2
40, 3, 1, 0, 2
40, 3, 1, 0, 2
41, 2, 1, 0, 2
41, 2, 1, 0, 2
Goal
1
2
3
4
5
6
7
8
9
10
11
12
13
14
15
16
17
18
19
20
21
22
23
24
25
26
27
28
29
30
31
32
33
34
35
36
37
38
39
40
41
