CG
71
0, 2, 52, 35
0, 2, 35, 35
1, 2, 45, 35
1, 2, 35, 35
2, 2, 61, 35
2, 2, 35, 35
3, 2, 38, 35
3, 2, 35, 35
4, 3, 51, 35
4, 3, 67, 35
4, 3, 35, 70
5, 3, 70, 35
5, 3, 57, 35
5, 3, 35, 70
6, 3, 67, 35
6, 3, 50, 35
6, 3, 35, 70
7, 3, 52, 35
7, 3, 64, 35
7, 3, 35, 70
8, 3, 55, 35
8, 3, 58, 35
8, 3, 35, 70
9, 3, 53, 35
9, 3, 69, 35
9, 3, 35, 70
10, 4, 65, 35
10, 4, 66, 35
10, 4, 69, 35
10, 4, 35, 105
11, 4, 48, 35
11, 4, 70, 35
11, 4, 56, 35
11, 4, 35, 105
12, 5, 66, 35
12, 5, 70, 35
12, 5, 67, 35
12, 5, 61, 35
12, 5, 35, 140
13, 5, 59, 35
13, 5, 67, 35
13, 5, 56, 35
13, 5, 50, 35
13, 5, 35, 140
14, 5, 65, 35
14, 5, 61, 35
14, 5, 63, 35
14, 5, 69, 35
14, 5, 35, 140
15, 5, 36, 35
15, 5, 64, 35
15, 5, 57, 35
15, 5, 50, 35
15, 5, 35, 140
16, 5, 65, 35
16, 5, 41, 35
16, 5, 47, 35
16, 5, 69, 35
16, 5, 35, 140
17, 5, 65, 35
17, 5, 54, 35
17, 5, 49, 35
17, 5, 69, 35
17, 5, 35, 140
18, 5, 59, 35
18, 5, 70, 35
18, 5, 55, 35
18, 5, 49, 35
18, 5, 35, 140
19, 5, 40, 35
19, 5, 67, 35
19, 5, 68, 35
19, 5, 58, 35
19, 5, 35, 140
20, 5, 59, 35
20, 5, 70, 35
20, 5, 62, 35
20, 5, 68, 35
20, 5, 35, 140
21, 5, 70, 35
21, 5, 62, 35
21, 5, 37, 35
21, 5, 46, 35
21, 5, 35, 140
22, 6, 48, 35
22, 6, 59, 35
22, 6, 53, 35
22, 6, 66, 35
22, 6, 55, 35
22, 6, 35, 175
23, 6, 48, 35
23, 6, 53, 35
23, 6, 43, 35
23, 6, 63, 35
23, 6, 68, 35
23, 6, 35, 175
24, 6, 39, 35
24, 6, 59, 35
24, 6, 53, 35
24, 6, 60, 35
24, 6, 47, 35
24, 6, 35, 175
25, 6, 65, 35
25, 6, 54, 35
25, 6, 63, 35
25, 6, 68, 35
25, 6, 69, 35
25, 6, 35, 175
26, 6, 70, 35
26, 6, 60, 35
26, 6, 63, 35
26, 6, 64, 35
26, 6, 46, 35
26, 6, 35, 175
27, 6, 70, 35
27, 6, 60, 35
27, 6, 42, 35
27, 6, 62, 35
27, 6, 45, 35
27, 6, 35, 175
28, 6, 65, 35
28, 6, 41, 35
28, 6, 54, 35
28, 6, 61, 35
28, 6, 64, 35
28, 6, 35, 175
29, 7, 51, 35
29, 7, 66, 35
29, 7, 40, 35
29, 7, 70, 35
29, 7, 60, 35
29, 7, 68, 35
29, 7, 35, 210
30, 7, 39, 35
30, 7, 51, 35
30, 7, 66, 35
30, 7, 56, 35
30, 7, 62, 35
30, 7, 57, 35
30, 7, 35, 210
31, 7, 51, 35
31, 7, 70, 35
31, 7, 56, 35
31, 7, 62, 35
31, 7, 44, 35
31, 7, 57, 35
31, 7, 35, 210
32, 7, 52, 35
32, 7, 54, 35
32, 7, 61, 35
32, 7, 49, 35
32, 7, 68, 35
32, 7, 58, 35
32, 7, 35, 210
33, 7, 66, 35
33, 7, 70, 35
33, 7, 67, 35
33, 7, 42, 35
33, 7, 44, 35
33, 7, 64, 35
33, 7, 35, 210
34, 8, 52, 35
34, 8, 70, 35
34, 8, 60, 35
34, 8, 43, 35
34, 8, 55, 35
34, 8, 63, 35
34, 8, 58, 35
34, 8, 35, 245
35, 35, 48, 70
35, 35, 39, 70
35, 35, 65, 70
35, 35, 59, 70
35, 35, 51, 70
35, 35, 52, 70
35, 35, 53, 70
35, 35, 66, 70
35, 35, 40, 70
35, 35, 41, 70
35, 35, 70, 70
35, 35, 67, 70
35, 35, 54, 70
35, 35, 60, 70
35, 35, 61, 70
35, 35, 42, 70
35, 35, 43, 70
35, 35, 55, 70
35, 35, 56, 70
35, 35, 49, 70
35, 35, 62, 70
35, 35, 44, 70
35, 35, 63, 70
35, 35, 36, 70
35, 35, 37, 70
35, 35, 45, 70
35, 35, 38, 70
35, 35, 64, 70
35, 35, 46, 70
35, 35, 47, 70
35, 35, 68, 70
35, 35, 69, 70
35, 35, 57, 70
35, 35, 58, 70
35, 35, 50, 70
36, 2, 15, 1
36, 2, 35, 70
37, 2, 21, 1
37, 2, 35, 70
38, 2, 3, 1
38, 2, 35, 70
39, 3, 30, 1
39, 3, 24, 1
39, 3, 35, 70
40, 3, 29, 1
40, 3, 19, 1
40, 3, 35, 70
41, 3, 28, 1
41, 3, 16, 1
41, 3, 35, 70
42, 3, 27, 1
42, 3, 33, 1
42, 3, 35, 70
43, 3, 23, 1
43, 3, 34, 1
43, 3, 35, 70
44, 3, 31, 1
44, 3, 33, 1
44, 3, 35, 70
45, 3, 1, 1
45, 3, 27, 1
45, 3, 35, 70
46, 3, 21, 1
46, 3, 26, 1
46, 3, 35, 70
47, 3, 16, 1
47, 3, 24, 1
47, 3, 35, 70
48, 4, 23, 1
48, 4, 22, 1
48, 4, 11, 1
48, 4, 35, 70
49, 4, 32, 1
49, 4, 17, 1
49, 4, 18, 1
49, 4, 35, 70
50, 4, 15, 1
50, 4, 13, 1
50, 4, 6, 1
50, 4, 35, 70
51, 5, 4, 1
51, 5, 29, 1
51, 5, 31, 1
51, 5, 30, 1
51, 5, 35, 70
52, 5, 0, 1
52, 5, 32, 1
52, 5, 7, 1
52, 5, 34, 1
52, 5, 35, 70
53, 5, 23, 1
53, 5, 22, 1
53, 5, 24, 1
53, 5, 9, 1
53, 5, 35, 70
54, 5, 32, 1
54, 5, 25, 1
54, 5, 17, 1
54, 5, 28, 1
54, 5, 35, 70
55, 5, 8, 1
55, 5, 22, 1
55, 5, 34, 1
55, 5, 18, 1
55, 5, 35, 70
56, 5, 13, 1
56, 5, 31, 1
56, 5, 30, 1
56, 5, 11, 1
56, 5, 35, 70
57, 5, 15, 1
57, 5, 5, 1
57, 5, 31, 1
57, 5, 30, 1
57, 5, 35, 70
58, 5, 8, 1
58, 5, 32, 1
58, 5, 34, 1
58, 5, 19, 1
58, 5, 35, 70
59, 6, 13, 1
59, 6, 22, 1
59, 6, 20, 1
59, 6, 24, 1
59, 6, 18, 1
59, 6, 35, 70
60, 6, 29, 1
60, 6, 34, 1
60, 6, 27, 1
60, 6, 26, 1
60, 6, 24, 1
60, 6, 35, 70
61, 6, 12, 1
61, 6, 14, 1
61, 6, 32, 1
61, 6, 28, 1
61, 6, 2, 1
61, 6, 35, 70
62, 6, 21, 1
62, 6, 31, 1
62, 6, 27, 1
62, 6, 30, 1
62, 6, 20, 1
62, 6, 35, 70
63, 6, 14, 1
63, 6, 25, 1
63, 6, 23, 1
63, 6, 34, 1
63, 6, 26, 1
63, 6, 35, 70
64, 6, 15, 1
64, 6, 7, 1
64, 6, 28, 1
64, 6, 26, 1
64, 6, 33, 1
64, 6, 35, 70
65, 7, 14, 1
65, 7, 25, 1
65, 7, 17, 1
65, 7, 28, 1
65, 7, 16, 1
65, 7, 10, 1
65, 7, 35, 70
66, 7, 12, 1
66, 7, 29, 1
66, 7, 22, 1
66, 7, 30, 1
66, 7, 10, 1
66, 7, 33, 1
66, 7, 35, 70
67, 7, 12, 1
67, 7, 4, 1
67, 7, 13, 1
67, 7, 6, 1
67, 7, 19, 1
67, 7, 33, 1
67, 7, 35, 70
68, 7, 32, 1
68, 7, 25, 1
68, 7, 23, 1
68, 7, 29, 1
68, 7, 20, 1
68, 7, 19, 1
68, 7, 35, 70
69, 7, 14, 1
69, 7, 25, 1
69, 7, 17, 1
69, 7, 16, 1
69, 7, 10, 1
69, 7, 9, 1
69, 7, 35, 70
70, 13, 12, 1
70, 13, 29, 1
70, 13, 34, 1
70, 13, 5, 1
70, 13, 21, 1
70, 13, 31, 1
70, 13, 27, 1
70, 13, 26, 1
70, 13, 20, 1
70, 13, 11, 1
70, 13, 18, 1
70, 13, 33, 1
70, 13, 35, 70
DTG
0, 1, 1, 0, 2
1, 1, 1, 0, 2
2, 1, 1, 0, 2
3, 1, 1, 0, 2
4, 1, 1, 0, 3
5, 1, 1, 0, 3
6, 1, 1, 0, 3
7, 1, 1, 0, 3
8, 1, 1, 0, 3
9, 1, 1, 0, 3
10, 1, 1, 0, 4
11, 1, 1, 0, 4
12, 1, 1, 0, 5
13, 1, 1, 0, 5
14, 1, 1, 0, 5
15, 1, 1, 0, 5
16, 1, 1, 0, 5
17, 1, 1, 0, 5
18, 1, 1, 0, 5
19, 1, 1, 0, 5
20, 1, 1, 0, 5
21, 1, 1, 0, 5
22, 1, 1, 0, 6
23, 1, 1, 0, 6
24, 1, 1, 0, 6
25, 1, 1, 0, 6
26, 1, 1, 0, 6
27, 1, 1, 0, 6
28, 1, 1, 0, 6
29, 1, 1, 0, 7
30, 1, 1, 0, 7
31, 1, 1, 0, 7
32, 1, 1, 0, 7
33, 1, 1, 0, 7
34, 1, 1, 0, 8
35, 36, 0, 1, 1
35, 36, 0, 1, 3
35, 36, 0, 1, 3
35, 36, 0, 1, 3
35, 36, 0, 1, 4
35, 36, 0, 1, 4
35, 36, 0, 1, 4
35, 36, 0, 1, 4
35, 36, 0, 1, 4
35, 36, 0, 1, 4
35, 36, 0, 1, 4
35, 36, 0, 1, 4
35, 36, 0, 1, 4
35, 36, 0, 1, 5
35, 36, 0, 1, 5
35, 36, 0, 1, 5
35, 36, 0, 1, 6
35, 36, 0, 1, 6
35, 36, 0, 1, 6
35, 36, 0, 1, 6
35, 36, 0, 1, 6
35, 36, 0, 1, 6
35, 36, 0, 1, 6
35, 36, 0, 1, 6
35, 36, 0, 1, 7
35, 36, 0, 1, 7
35, 36, 0, 1, 7
35, 36, 0, 1, 7
35, 36, 0, 1, 7
35, 36, 0, 1, 7
35, 36, 0, 1, 8
35, 36, 0, 1, 8
35, 36, 0, 1, 8
35, 36, 0, 1, 8
35, 36, 0, 1, 8
35, 36, 0, 1, 14
35, 71, 1, 0, 2
35, 71, 1, 0, 2
35, 71, 1, 0, 2
35, 71, 1, 0, 2
35, 71, 1, 0, 2
35, 71, 1, 0, 2
35, 71, 1, 0, 2
35, 71, 1, 0, 2
35, 71, 1, 0, 2
35, 71, 1, 0, 2
35, 71, 1, 0, 2
35, 71, 1, 0, 2
35, 71, 1, 0, 2
35, 71, 1, 0, 2
35, 71, 1, 0, 2
35, 71, 1, 0, 2
35, 71, 1, 0, 2
35, 71, 1, 0, 2
35, 71, 1, 0, 2
35, 71, 1, 0, 2
35, 71, 1, 0, 2
35, 71, 1, 0, 2
35, 71, 1, 0, 2
35, 71, 1, 0, 2
35, 71, 1, 0, 2
35, 71, 1, 0, 2
35, 71, 1, 0, 2
35, 71, 1, 0, 2
35, 71, 1, 0, 2
35, 71, 1, 0, 2
35, 71, 1, 0, 2
35, 71, 1, 0, 2
35, 71, 1, 0, 2
35, 71, 1, 0, 2
35, 71, 1, 0, 2
35, 71, 1, 12, 1
35, 71, 1, 12, 3
35, 71, 1, 12, 3
35, 71, 1, 12, 3
35, 71, 1, 12, 4
35, 71, 1, 12, 4
35, 71, 1, 12, 4
35, 71, 1, 12, 4
35, 71, 1, 12, 4
35, 71, 1, 12, 4
35, 71, 1, 12, 4
35, 71, 1, 12, 4
35, 71, 1, 12, 4
35, 71, 1, 12, 5
35, 71, 1, 12, 5
35, 71, 1, 12, 5
35, 71, 1, 12, 6
35, 71, 1, 12, 6
35, 71, 1, 12, 6
35, 71, 1, 12, 6
35, 71, 1, 12, 6
35, 71, 1, 12, 6
35, 71, 1, 12, 6
35, 71, 1, 12, 6
35, 71, 1, 12, 7
35, 71, 1, 12, 7
35, 71, 1, 12, 7
35, 71, 1, 12, 7
35, 71, 1, 12, 7
35, 71, 1, 12, 7
35, 71, 1, 12, 8
35, 71, 1, 12, 8
35, 71, 1, 12, 8
35, 71, 1, 12, 8
35, 71, 1, 12, 8
35, 71, 1, 12, 14
35, 71, 2, 3, 1
35, 71, 2, 3, 3
35, 71, 2, 3, 3
35, 71, 2, 3, 3
35, 71, 2, 3, 4
35, 71, 2, 3, 4
35, 71, 2, 3, 4
35, 71, 2, 3, 4
35, 71, 2, 3, 4
35, 71, 2, 3, 4
35, 71, 2, 3, 4
35, 71, 2, 3, 4
35, 71, 2, 3, 4
35, 71, 2, 3, 5
35, 71, 2, 3, 5
35, 71, 2, 3, 5
35, 71, 2, 3, 6
35, 71, 2, 3, 6
35, 71, 2, 3, 6
35, 71, 2, 3, 6
35, 71, 2, 3, 6
35, 71, 2, 3, 6
35, 71, 2, 3, 6
35, 71, 2, 3, 6
35, 71, 2, 3, 7
35, 71, 2, 3, 7
35, 71, 2, 3, 7
35, 71, 2, 3, 7
35, 71, 2, 3, 7
35, 71, 2, 3, 7
35, 71, 2, 3, 8
35, 71, 2, 3, 8
35, 71, 2, 3, 8
35, 71, 2, 3, 8
35, 71, 2, 3, 8
35, 71, 2, 3, 14
35, 71, 2, 35, 2
35, 71, 2, 35, 2
35, 71, 2, 35, 2
35, 71, 2, 35, 2
35, 71, 2, 35, 2
35, 71, 2, 35, 2
35, 71, 2, 35, 2
35, 71, 2, 35, 2
35, 71, 2, 35, 2
35, 71, 2, 35, 2
35, 71, 2, 35, 2
35, 71, 2, 35, 2
35, 71, 2, 35, 2
35, 71, 2, 35, 2
35, 71, 2, 35, 2
35, 71, 2, 35, 2
35, 71, 2, 35, 2
35, 71, 2, 35, 2
35, 71, 2, 35, 2
35, 71, 2, 35, 2
35, 71, 2, 35, 2
35, 71, 2, 35, 2
35, 71, 2, 35, 2
35, 71, 2, 35, 2
35, 71, 2, 35, 2
35, 71, 2, 35, 2
35, 71, 2, 35, 2
35, 71, 2, 35, 2
35, 71, 2, 35, 2
35, 71, 2, 35, 2
35, 71, 2, 35, 2
35, 71, 2, 35, 2
35, 71, 2, 35, 2
35, 71, 2, 35, 2
35, 71, 2, 35, 2
35, 71, 3, 2, 2
35, 71, 3, 2, 2
35, 71, 3, 2, 2
35, 71, 3, 2, 2
35, 71, 3, 2, 2
35, 71, 3, 2, 2
35, 71, 3, 2, 2
35, 71, 3, 2, 2
35, 71, 3, 2, 2
35, 71, 3, 2, 2
35, 71, 3, 2, 2
35, 71, 3, 2, 2
35, 71, 3, 2, 2
35, 71, 3, 2, 2
35, 71, 3, 2, 2
35, 71, 3, 2, 2
35, 71, 3, 2, 2
35, 71, 3, 2, 2
35, 71, 3, 2, 2
35, 71, 3, 2, 2
35, 71, 3, 2, 2
35, 71, 3, 2, 2
35, 71, 3, 2, 2
35, 71, 3, 2, 2
35, 71, 3, 2, 2
35, 71, 3, 2, 2
35, 71, 3, 2, 2
35, 71, 3, 2, 2
35, 71, 3, 2, 2
35, 71, 3, 2, 2
35, 71, 3, 2, 2
35, 71, 3, 2, 2
35, 71, 3, 2, 2
35, 71, 3, 2, 2
35, 71, 3, 2, 2
35, 71, 3, 4, 1
35, 71, 3, 4, 3
35, 71, 3, 4, 3
35, 71, 3, 4, 3
35, 71, 3, 4, 4
35, 71, 3, 4, 4
35, 71, 3, 4, 4
35, 71, 3, 4, 4
35, 71, 3, 4, 4
35, 71, 3, 4, 4
35, 71, 3, 4, 4
35, 71, 3, 4, 4
35, 71, 3, 4, 4
35, 71, 3, 4, 5
35, 71, 3, 4, 5
35, 71, 3, 4, 5
35, 71, 3, 4, 6
35, 71, 3, 4, 6
35, 71, 3, 4, 6
35, 71, 3, 4, 6
35, 71, 3, 4, 6
35, 71, 3, 4, 6
35, 71, 3, 4, 6
35, 71, 3, 4, 6
35, 71, 3, 4, 7
35, 71, 3, 4, 7
35, 71, 3, 4, 7
35, 71, 3, 4, 7
35, 71, 3, 4, 7
35, 71, 3, 4, 7
35, 71, 3, 4, 8
35, 71, 3, 4, 8
35, 71, 3, 4, 8
35, 71, 3, 4, 8
35, 71, 3, 4, 8
35, 71, 3, 4, 14
35, 71, 4, 3, 2
35, 71, 4, 3, 2
35, 71, 4, 3, 2
35, 71, 4, 3, 2
35, 71, 4, 3, 2
35, 71, 4, 3, 2
35, 71, 4, 3, 2
35, 71, 4, 3, 2
35, 71, 4, 3, 2
35, 71, 4, 3, 2
35, 71, 4, 3, 2
35, 71, 4, 3, 2
35, 71, 4, 3, 2
35, 71, 4, 3, 2
35, 71, 4, 3, 2
35, 71, 4, 3, 2
35, 71, 4, 3, 2
35, 71, 4, 3, 2
35, 71, 4, 3, 2
35, 71, 4, 3, 2
35, 71, 4, 3, 2
35, 71, 4, 3, 2
35, 71, 4, 3, 2
35, 71, 4, 3, 2
35, 71, 4, 3, 2
35, 71, 4, 3, 2
35, 71, 4, 3, 2
35, 71, 4, 3, 2
35, 71, 4, 3, 2
35, 71, 4, 3, 2
35, 71, 4, 3, 2
35, 71, 4, 3, 2
35, 71, 4, 3, 2
35, 71, 4, 3, 2
35, 71, 4, 3, 2
35, 71, 4, 5, 1
35, 71, 4, 5, 3
35, 71, 4, 5, 3
35, 71, 4, 5, 3
35, 71, 4, 5, 4
35, 71, 4, 5, 4
35, 71, 4, 5, 4
35, 71, 4, 5, 4
35, 71, 4, 5, 4
35, 71, 4, 5, 4
35, 71, 4, 5, 4
35, 71, 4, 5, 4
35, 71, 4, 5, 4
35, 71, 4, 5, 5
35, 71, 4, 5, 5
35, 71, 4, 5, 5
35, 71, 4, 5, 6
35, 71, 4, 5, 6
35, 71, 4, 5, 6
35, 71, 4, 5, 6
35, 71, 4, 5, 6
35, 71, 4, 5, 6
35, 71, 4, 5, 6
35, 71, 4, 5, 6
35, 71, 4, 5, 7
35, 71, 4, 5, 7
35, 71, 4, 5, 7
35, 71, 4, 5, 7
35, 71, 4, 5, 7
35, 71, 4, 5, 7
35, 71, 4, 5, 8
35, 71, 4, 5, 8
35, 71, 4, 5, 8
35, 71, 4, 5, 8
35, 71, 4, 5, 8
35, 71, 4, 5, 14
35, 71, 5, 4, 2
35, 71, 5, 4, 2
35, 71, 5, 4, 2
35, 71, 5, 4, 2
35, 71, 5, 4, 2
35, 71, 5, 4, 2
35, 71, 5, 4, 2
35, 71, 5, 4, 2
35, 71, 5, 4, 2
35, 71, 5, 4, 2
35, 71, 5, 4, 2
35, 71, 5, 4, 2
35, 71, 5, 4, 2
35, 71, 5, 4, 2
35, 71, 5, 4, 2
35, 71, 5, 4, 2
35, 71, 5, 4, 2
35, 71, 5, 4, 2
35, 71, 5, 4, 2
35, 71, 5, 4, 2
35, 71, 5, 4, 2
35, 71, 5, 4, 2
35, 71, 5, 4, 2
35, 71, 5, 4, 2
35, 71, 5, 4, 2
35, 71, 5, 4, 2
35, 71, 5, 4, 2
35, 71, 5, 4, 2
35, 71, 5, 4, 2
35, 71, 5, 4, 2
35, 71, 5, 4, 2
35, 71, 5, 4, 2
35, 71, 5, 4, 2
35, 71, 5, 4, 2
35, 71, 5, 4, 2
35, 71, 5, 6, 1
35, 71, 5, 6, 3
35, 71, 5, 6, 3
35, 71, 5, 6, 3
35, 71, 5, 6, 4
35, 71, 5, 6, 4
35, 71, 5, 6, 4
35, 71, 5, 6, 4
35, 71, 5, 6, 4
35, 71, 5, 6, 4
35, 71, 5, 6, 4
35, 71, 5, 6, 4
35, 71, 5, 6, 4
35, 71, 5, 6, 5
35, 71, 5, 6, 5
35, 71, 5, 6, 5
35, 71, 5, 6, 6
35, 71, 5, 6, 6
35, 71, 5, 6, 6
35, 71, 5, 6, 6
35, 71, 5, 6, 6
35, 71, 5, 6, 6
35, 71, 5, 6, 6
35, 71, 5, 6, 6
35, 71, 5, 6, 7
35, 71, 5, 6, 7
35, 71, 5, 6, 7
35, 71, 5, 6, 7
35, 71, 5, 6, 7
35, 71, 5, 6, 7
35, 71, 5, 6, 8
35, 71, 5, 6, 8
35, 71, 5, 6, 8
35, 71, 5, 6, 8
35, 71, 5, 6, 8
35, 71, 5, 6, 14
35, 71, 6, 5, 2
35, 71, 6, 5, 2
35, 71, 6, 5, 2
35, 71, 6, 5, 2
35, 71, 6, 5, 2
35, 71, 6, 5, 2
35, 71, 6, 5, 2
35, 71, 6, 5, 2
35, 71, 6, 5, 2
35, 71, 6, 5, 2
35, 71, 6, 5, 2
35, 71, 6, 5, 2
35, 71, 6, 5, 2
35, 71, 6, 5, 2
35, 71, 6, 5, 2
35, 71, 6, 5, 2
35, 71, 6, 5, 2
35, 71, 6, 5, 2
35, 71, 6, 5, 2
35, 71, 6, 5, 2
35, 71, 6, 5, 2
35, 71, 6, 5, 2
35, 71, 6, 5, 2
35, 71, 6, 5, 2
35, 71, 6, 5, 2
35, 71, 6, 5, 2
35, 71, 6, 5, 2
35, 71, 6, 5, 2
35, 71, 6, 5, 2
35, 71, 6, 5, 2
35, 71, 6, 5, 2
35, 71, 6, 5, 2
35, 71, 6, 5, 2
35, 71, 6, 5, 2
35, 71, 6, 5, 2
35, 71, 6, 7, 1
35, 71, 6, 7, 3
35, 71, 6, 7, 3
35, 71, 6, 7, 3
35, 71, 6, 7, 4
35, 71, 6, 7, 4
35, 71, 6, 7, 4
35, 71, 6, 7, 4
35, 71, 6, 7, 4
35, 71, 6, 7, 4
35, 71, 6, 7, 4
35, 71, 6, 7, 4
35, 71, 6, 7, 4
35, 71, 6, 7, 5
35, 71, 6, 7, 5
35, 71, 6, 7, 5
35, 71, 6, 7, 6
35, 71, 6, 7, 6
35, 71, 6, 7, 6
35, 71, 6, 7, 6
35, 71, 6, 7, 6
35, 71, 6, 7, 6
35, 71, 6, 7, 6
35, 71, 6, 7, 6
35, 71, 6, 7, 7
35, 71, 6, 7, 7
35, 71, 6, 7, 7
35, 71, 6, 7, 7
35, 71, 6, 7, 7
35, 71, 6, 7, 7
35, 71, 6, 7, 8
35, 71, 6, 7, 8
35, 71, 6, 7, 8
35, 71, 6, 7, 8
35, 71, 6, 7, 8
35, 71, 6, 7, 14
35, 71, 7, 6, 2
35, 71, 7, 6, 2
35, 71, 7, 6, 2
35, 71, 7, 6, 2
35, 71, 7, 6, 2
35, 71, 7, 6, 2
35, 71, 7, 6, 2
35, 71, 7, 6, 2
35, 71, 7, 6, 2
35, 71, 7, 6, 2
35, 71, 7, 6, 2
35, 71, 7, 6, 2
35, 71, 7, 6, 2
35, 71, 7, 6, 2
35, 71, 7, 6, 2
35, 71, 7, 6, 2
35, 71, 7, 6, 2
35, 71, 7, 6, 2
35, 71, 7, 6, 2
35, 71, 7, 6, 2
35, 71, 7, 6, 2
35, 71, 7, 6, 2
35, 71, 7, 6, 2
35, 71, 7, 6, 2
35, 71, 7, 6, 2
35, 71, 7, 6, 2
35, 71, 7, 6, 2
35, 71, 7, 6, 2
35, 71, 7, 6, 2
35, 71, 7, 6, 2
35, 71, 7, 6, 2
35, 71, 7, 6, 2
35, 71, 7, 6, 2
35, 71, 7, 6, 2
35, 71, 7, 6, 2
35, 71, 7, 8, 1
35, 71, 7, 8, 3
35, 71, 7, 8, 3
35, 71, 7, 8, 3
35, 71, 7, 8, 4
35, 71, 7, 8, 4
35, 71, 7, 8, 4
35, 71, 7, 8, 4
35, 71, 7, 8, 4
35, 71, 7, 8, 4
35, 71, 7, 8, 4
35, 71, 7, 8, 4
35, 71, 7, 8, 4
35, 71, 7, 8, 5
35, 71, 7, 8, 5
35, 71, 7, 8, 5
35, 71, 7, 8, 6
35, 71, 7, 8, 6
35, 71, 7, 8, 6
35, 71, 7, 8, 6
35, 71, 7, 8, 6
35, 71, 7, 8, 6
35, 71, 7, 8, 6
35, 71, 7, 8, 6
35, 71, 7, 8, 7
35, 71, 7, 8, 7
35, 71, 7, 8, 7
35, 71, 7, 8, 7
35, 71, 7, 8, 7
35, 71, 7, 8, 7
35, 71, 7, 8, 8
35, 71, 7, 8, 8
35, 71, 7, 8, 8
35, 71, 7, 8, 8
35, 71, 7, 8, 8
35, 71, 7, 8, 14
35, 71, 8, 7, 2
35, 71, 8, 7, 2
35, 71, 8, 7, 2
35, 71, 8, 7, 2
35, 71, 8, 7, 2
35, 71, 8, 7, 2
35, 71, 8, 7, 2
35, 71, 8, 7, 2
35, 71, 8, 7, 2
35, 71, 8, 7, 2
35, 71, 8, 7, 2
35, 71, 8, 7, 2
35, 71, 8, 7, 2
35, 71, 8, 7, 2
35, 71, 8, 7, 2
35, 71, 8, 7, 2
35, 71, 8, 7, 2
35, 71, 8, 7, 2
35, 71, 8, 7, 2
35, 71, 8, 7, 2
35, 71, 8, 7, 2
35, 71, 8, 7, 2
35, 71, 8, 7, 2
35, 71, 8, 7, 2
35, 71, 8, 7, 2
35, 71, 8, 7, 2
35, 71, 8, 7, 2
35, 71, 8, 7, 2
35, 71, 8, 7, 2
35, 71, 8, 7, 2
35, 71, 8, 7, 2
35, 71, 8, 7, 2
35, 71, 8, 7, 2
35, 71, 8, 7, 2
35, 71, 8, 7, 2
35, 71, 8, 9, 1
35, 71, 8, 9, 3
35, 71, 8, 9, 3
35, 71, 8, 9, 3
35, 71, 8, 9, 4
35, 71, 8, 9, 4
35, 71, 8, 9, 4
35, 71, 8, 9, 4
35, 71, 8, 9, 4
35, 71, 8, 9, 4
35, 71, 8, 9, 4
35, 71, 8, 9, 4
35, 71, 8, 9, 4
35, 71, 8, 9, 5
35, 71, 8, 9, 5
35, 71, 8, 9, 5
35, 71, 8, 9, 6
35, 71, 8, 9, 6
35, 71, 8, 9, 6
35, 71, 8, 9, 6
35, 71, 8, 9, 6
35, 71, 8, 9, 6
35, 71, 8, 9, 6
35, 71, 8, 9, 6
35, 71, 8, 9, 7
35, 71, 8, 9, 7
35, 71, 8, 9, 7
35, 71, 8, 9, 7
35, 71, 8, 9, 7
35, 71, 8, 9, 7
35, 71, 8, 9, 8
35, 71, 8, 9, 8
35, 71, 8, 9, 8
35, 71, 8, 9, 8
35, 71, 8, 9, 8
35, 71, 8, 9, 14
35, 71, 9, 8, 2
35, 71, 9, 8, 2
35, 71, 9, 8, 2
35, 71, 9, 8, 2
35, 71, 9, 8, 2
35, 71, 9, 8, 2
35, 71, 9, 8, 2
35, 71, 9, 8, 2
35, 71, 9, 8, 2
35, 71, 9, 8, 2
35, 71, 9, 8, 2
35, 71, 9, 8, 2
35, 71, 9, 8, 2
35, 71, 9, 8, 2
35, 71, 9, 8, 2
35, 71, 9, 8, 2
35, 71, 9, 8, 2
35, 71, 9, 8, 2
35, 71, 9, 8, 2
35, 71, 9, 8, 2
35, 71, 9, 8, 2
35, 71, 9, 8, 2
35, 71, 9, 8, 2
35, 71, 9, 8, 2
35, 71, 9, 8, 2
35, 71, 9, 8, 2
35, 71, 9, 8, 2
35, 71, 9, 8, 2
35, 71, 9, 8, 2
35, 71, 9, 8, 2
35, 71, 9, 8, 2
35, 71, 9, 8, 2
35, 71, 9, 8, 2
35, 71, 9, 8, 2
35, 71, 9, 8, 2
35, 71, 9, 10, 1
35, 71, 9, 10, 3
35, 71, 9, 10, 3
35, 71, 9, 10, 3
35, 71, 9, 10, 4
35, 71, 9, 10, 4
35, 71, 9, 10, 4
35, 71, 9, 10, 4
35, 71, 9, 10, 4
35, 71, 9, 10, 4
35, 71, 9, 10, 4
35, 71, 9, 10, 4
35, 71, 9, 10, 4
35, 71, 9, 10, 5
35, 71, 9, 10, 5
35, 71, 9, 10, 5
35, 71, 9, 10, 6
35, 71, 9, 10, 6
35, 71, 9, 10, 6
35, 71, 9, 10, 6
35, 71, 9, 10, 6
35, 71, 9, 10, 6
35, 71, 9, 10, 6
35, 71, 9, 10, 6
35, 71, 9, 10, 7
35, 71, 9, 10, 7
35, 71, 9, 10, 7
35, 71, 9, 10, 7
35, 71, 9, 10, 7
35, 71, 9, 10, 7
35, 71, 9, 10, 8
35, 71, 9, 10, 8
35, 71, 9, 10, 8
35, 71, 9, 10, 8
35, 71, 9, 10, 8
35, 71, 9, 10, 14
35, 71, 10, 9, 2
35, 71, 10, 9, 2
35, 71, 10, 9, 2
35, 71, 10, 9, 2
35, 71, 10, 9, 2
35, 71, 10, 9, 2
35, 71, 10, 9, 2
35, 71, 10, 9, 2
35, 71, 10, 9, 2
35, 71, 10, 9, 2
35, 71, 10, 9, 2
35, 71, 10, 9, 2
35, 71, 10, 9, 2
35, 71, 10, 9, 2
35, 71, 10, 9, 2
35, 71, 10, 9, 2
35, 71, 10, 9, 2
35, 71, 10, 9, 2
35, 71, 10, 9, 2
35, 71, 10, 9, 2
35, 71, 10, 9, 2
35, 71, 10, 9, 2
35, 71, 10, 9, 2
35, 71, 10, 9, 2
35, 71, 10, 9, 2
35, 71, 10, 9, 2
35, 71, 10, 9, 2
35, 71, 10, 9, 2
35, 71, 10, 9, 2
35, 71, 10, 9, 2
35, 71, 10, 9, 2
35, 71, 10, 9, 2
35, 71, 10, 9, 2
35, 71, 10, 9, 2
35, 71, 10, 9, 2
35, 71, 10, 11, 1
35, 71, 10, 11, 3
35, 71, 10, 11, 3
35, 71, 10, 11, 3
35, 71, 10, 11, 4
35, 71, 10, 11, 4
35, 71, 10, 11, 4
35, 71, 10, 11, 4
35, 71, 10, 11, 4
35, 71, 10, 11, 4
35, 71, 10, 11, 4
35, 71, 10, 11, 4
35, 71, 10, 11, 4
35, 71, 10, 11, 5
35, 71, 10, 11, 5
35, 71, 10, 11, 5
35, 71, 10, 11, 6
35, 71, 10, 11, 6
35, 71, 10, 11, 6
35, 71, 10, 11, 6
35, 71, 10, 11, 6
35, 71, 10, 11, 6
35, 71, 10, 11, 6
35, 71, 10, 11, 6
35, 71, 10, 11, 7
35, 71, 10, 11, 7
35, 71, 10, 11, 7
35, 71, 10, 11, 7
35, 71, 10, 11, 7
35, 71, 10, 11, 7
35, 71, 10, 11, 8
35, 71, 10, 11, 8
35, 71, 10, 11, 8
35, 71, 10, 11, 8
35, 71, 10, 11, 8
35, 71, 10, 11, 14
35, 71, 11, 10, 2
35, 71, 11, 10, 2
35, 71, 11, 10, 2
35, 71, 11, 10, 2
35, 71, 11, 10, 2
35, 71, 11, 10, 2
35, 71, 11, 10, 2
35, 71, 11, 10, 2
35, 71, 11, 10, 2
35, 71, 11, 10, 2
35, 71, 11, 10, 2
35, 71, 11, 10, 2
35, 71, 11, 10, 2
35, 71, 11, 10, 2
35, 71, 11, 10, 2
35, 71, 11, 10, 2
35, 71, 11, 10, 2
35, 71, 11, 10, 2
35, 71, 11, 10, 2
35, 71, 11, 10, 2
35, 71, 11, 10, 2
35, 71, 11, 10, 2
35, 71, 11, 10, 2
35, 71, 11, 10, 2
35, 71, 11, 10, 2
35, 71, 11, 10, 2
35, 71, 11, 10, 2
35, 71, 11, 10, 2
35, 71, 11, 10, 2
35, 71, 11, 10, 2
35, 71, 11, 10, 2
35, 71, 11, 10, 2
35, 71, 11, 10, 2
35, 71, 11, 10, 2
35, 71, 11, 10, 2
35, 71, 11, 13, 1
35, 71, 11, 13, 3
35, 71, 11, 13, 3
35, 71, 11, 13, 3
35, 71, 11, 13, 4
35, 71, 11, 13, 4
35, 71, 11, 13, 4
35, 71, 11, 13, 4
35, 71, 11, 13, 4
35, 71, 11, 13, 4
35, 71, 11, 13, 4
35, 71, 11, 13, 4
35, 71, 11, 13, 4
35, 71, 11, 13, 5
35, 71, 11, 13, 5
35, 71, 11, 13, 5
35, 71, 11, 13, 6
35, 71, 11, 13, 6
35, 71, 11, 13, 6
35, 71, 11, 13, 6
35, 71, 11, 13, 6
35, 71, 11, 13, 6
35, 71, 11, 13, 6
35, 71, 11, 13, 6
35, 71, 11, 13, 7
35, 71, 11, 13, 7
35, 71, 11, 13, 7
35, 71, 11, 13, 7
35, 71, 11, 13, 7
35, 71, 11, 13, 7
35, 71, 11, 13, 8
35, 71, 11, 13, 8
35, 71, 11, 13, 8
35, 71, 11, 13, 8
35, 71, 11, 13, 8
35, 71, 11, 13, 14
35, 71, 12, 1, 2
35, 71, 12, 1, 2
35, 71, 12, 1, 2
35, 71, 12, 1, 2
35, 71, 12, 1, 2
35, 71, 12, 1, 2
35, 71, 12, 1, 2
35, 71, 12, 1, 2
35, 71, 12, 1, 2
35, 71, 12, 1, 2
35, 71, 12, 1, 2
35, 71, 12, 1, 2
35, 71, 12, 1, 2
35, 71, 12, 1, 2
35, 71, 12, 1, 2
35, 71, 12, 1, 2
35, 71, 12, 1, 2
35, 71, 12, 1, 2
35, 71, 12, 1, 2
35, 71, 12, 1, 2
35, 71, 12, 1, 2
35, 71, 12, 1, 2
35, 71, 12, 1, 2
35, 71, 12, 1, 2
35, 71, 12, 1, 2
35, 71, 12, 1, 2
35, 71, 12, 1, 2
35, 71, 12, 1, 2
35, 71, 12, 1, 2
35, 71, 12, 1, 2
35, 71, 12, 1, 2
35, 71, 12, 1, 2
35, 71, 12, 1, 2
35, 71, 12, 1, 2
35, 71, 12, 1, 2
35, 71, 12, 23, 1
35, 71, 12, 23, 3
35, 71, 12, 23, 3
35, 71, 12, 23, 3
35, 71, 12, 23, 4
35, 71, 12, 23, 4
35, 71, 12, 23, 4
35, 71, 12, 23, 4
35, 71, 12, 23, 4
35, 71, 12, 23, 4
35, 71, 12, 23, 4
35, 71, 12, 23, 4
35, 71, 12, 23, 4
35, 71, 12, 23, 5
35, 71, 12, 23, 5
35, 71, 12, 23, 5
35, 71, 12, 23, 6
35, 71, 12, 23, 6
35, 71, 12, 23, 6
35, 71, 12, 23, 6
35, 71, 12, 23, 6
35, 71, 12, 23, 6
35, 71, 12, 23, 6
35, 71, 12, 23, 6
35, 71, 12, 23, 7
35, 71, 12, 23, 7
35, 71, 12, 23, 7
35, 71, 12, 23, 7
35, 71, 12, 23, 7
35, 71, 12, 23, 7
35, 71, 12, 23, 8
35, 71, 12, 23, 8
35, 71, 12, 23, 8
35, 71, 12, 23, 8
35, 71, 12, 23, 8
35, 71, 12, 23, 14
35, 71, 13, 11, 2
35, 71, 13, 11, 2
35, 71, 13, 11, 2
35, 71, 13, 11, 2
35, 71, 13, 11, 2
35, 71, 13, 11, 2
35, 71, 13, 11, 2
35, 71, 13, 11, 2
35, 71, 13, 11, 2
35, 71, 13, 11, 2
35, 71, 13, 11, 2
35, 71, 13, 11, 2
35, 71, 13, 11, 2
35, 71, 13, 11, 2
35, 71, 13, 11, 2
35, 71, 13, 11, 2
35, 71, 13, 11, 2
35, 71, 13, 11, 2
35, 71, 13, 11, 2
35, 71, 13, 11, 2
35, 71, 13, 11, 2
35, 71, 13, 11, 2
35, 71, 13, 11, 2
35, 71, 13, 11, 2
35, 71, 13, 11, 2
35, 71, 13, 11, 2
35, 71, 13, 11, 2
35, 71, 13, 11, 2
35, 71, 13, 11, 2
35, 71, 13, 11, 2
35, 71, 13, 11, 2
35, 71, 13, 11, 2
35, 71, 13, 11, 2
35, 71, 13, 11, 2
35, 71, 13, 11, 2
35, 71, 13, 14, 1
35, 71, 13, 14, 3
35, 71, 13, 14, 3
35, 71, 13, 14, 3
35, 71, 13, 14, 4
35, 71, 13, 14, 4
35, 71, 13, 14, 4
35, 71, 13, 14, 4
35, 71, 13, 14, 4
35, 71, 13, 14, 4
35, 71, 13, 14, 4
35, 71, 13, 14, 4
35, 71, 13, 14, 4
35, 71, 13, 14, 5
35, 71, 13, 14, 5
35, 71, 13, 14, 5
35, 71, 13, 14, 6
35, 71, 13, 14, 6
35, 71, 13, 14, 6
35, 71, 13, 14, 6
35, 71, 13, 14, 6
35, 71, 13, 14, 6
35, 71, 13, 14, 6
35, 71, 13, 14, 6
35, 71, 13, 14, 7
35, 71, 13, 14, 7
35, 71, 13, 14, 7
35, 71, 13, 14, 7
35, 71, 13, 14, 7
35, 71, 13, 14, 7
35, 71, 13, 14, 8
35, 71, 13, 14, 8
35, 71, 13, 14, 8
35, 71, 13, 14, 8
35, 71, 13, 14, 8
35, 71, 13, 14, 14
35, 71, 14, 13, 2
35, 71, 14, 13, 2
35, 71, 14, 13, 2
35, 71, 14, 13, 2
35, 71, 14, 13, 2
35, 71, 14, 13, 2
35, 71, 14, 13, 2
35, 71, 14, 13, 2
35, 71, 14, 13, 2
35, 71, 14, 13, 2
35, 71, 14, 13, 2
35, 71, 14, 13, 2
35, 71, 14, 13, 2
35, 71, 14, 13, 2
35, 71, 14, 13, 2
35, 71, 14, 13, 2
35, 71, 14, 13, 2
35, 71, 14, 13, 2
35, 71, 14, 13, 2
35, 71, 14, 13, 2
35, 71, 14, 13, 2
35, 71, 14, 13, 2
35, 71, 14, 13, 2
35, 71, 14, 13, 2
35, 71, 14, 13, 2
35, 71, 14, 13, 2
35, 71, 14, 13, 2
35, 71, 14, 13, 2
35, 71, 14, 13, 2
35, 71, 14, 13, 2
35, 71, 14, 13, 2
35, 71, 14, 13, 2
35, 71, 14, 13, 2
35, 71, 14, 13, 2
35, 71, 14, 13, 2
35, 71, 14, 15, 1
35, 71, 14, 15, 3
35, 71, 14, 15, 3
35, 71, 14, 15, 3
35, 71, 14, 15, 4
35, 71, 14, 15, 4
35, 71, 14, 15, 4
35, 71, 14, 15, 4
35, 71, 14, 15, 4
35, 71, 14, 15, 4
35, 71, 14, 15, 4
35, 71, 14, 15, 4
35, 71, 14, 15, 4
35, 71, 14, 15, 5
35, 71, 14, 15, 5
35, 71, 14, 15, 5
35, 71, 14, 15, 6
35, 71, 14, 15, 6
35, 71, 14, 15, 6
35, 71, 14, 15, 6
35, 71, 14, 15, 6
35, 71, 14, 15, 6
35, 71, 14, 15, 6
35, 71, 14, 15, 6
35, 71, 14, 15, 7
35, 71, 14, 15, 7
35, 71, 14, 15, 7
35, 71, 14, 15, 7
35, 71, 14, 15, 7
35, 71, 14, 15, 7
35, 71, 14, 15, 8
35, 71, 14, 15, 8
35, 71, 14, 15, 8
35, 71, 14, 15, 8
35, 71, 14, 15, 8
35, 71, 14, 15, 14
35, 71, 15, 14, 2
35, 71, 15, 14, 2
35, 71, 15, 14, 2
35, 71, 15, 14, 2
35, 71, 15, 14, 2
35, 71, 15, 14, 2
35, 71, 15, 14, 2
35, 71, 15, 14, 2
35, 71, 15, 14, 2
35, 71, 15, 14, 2
35, 71, 15, 14, 2
35, 71, 15, 14, 2
35, 71, 15, 14, 2
35, 71, 15, 14, 2
35, 71, 15, 14, 2
35, 71, 15, 14, 2
35, 71, 15, 14, 2
35, 71, 15, 14, 2
35, 71, 15, 14, 2
35, 71, 15, 14, 2
35, 71, 15, 14, 2
35, 71, 15, 14, 2
35, 71, 15, 14, 2
35, 71, 15, 14, 2
35, 71, 15, 14, 2
35, 71, 15, 14, 2
35, 71, 15, 14, 2
35, 71, 15, 14, 2
35, 71, 15, 14, 2
35, 71, 15, 14, 2
35, 71, 15, 14, 2
35, 71, 15, 14, 2
35, 71, 15, 14, 2
35, 71, 15, 14, 2
35, 71, 15, 14, 2
35, 71, 15, 16, 1
35, 71, 15, 16, 3
35, 71, 15, 16, 3
35, 71, 15, 16, 3
35, 71, 15, 16, 4
35, 71, 15, 16, 4
35, 71, 15, 16, 4
35, 71, 15, 16, 4
35, 71, 15, 16, 4
35, 71, 15, 16, 4
35, 71, 15, 16, 4
35, 71, 15, 16, 4
35, 71, 15, 16, 4
35, 71, 15, 16, 5
35, 71, 15, 16, 5
35, 71, 15, 16, 5
35, 71, 15, 16, 6
35, 71, 15, 16, 6
35, 71, 15, 16, 6
35, 71, 15, 16, 6
35, 71, 15, 16, 6
35, 71, 15, 16, 6
35, 71, 15, 16, 6
35, 71, 15, 16, 6
35, 71, 15, 16, 7
35, 71, 15, 16, 7
35, 71, 15, 16, 7
35, 71, 15, 16, 7
35, 71, 15, 16, 7
35, 71, 15, 16, 7
35, 71, 15, 16, 8
35, 71, 15, 16, 8
35, 71, 15, 16, 8
35, 71, 15, 16, 8
35, 71, 15, 16, 8
35, 71, 15, 16, 14
35, 71, 16, 15, 2
35, 71, 16, 15, 2
35, 71, 16, 15, 2
35, 71, 16, 15, 2
35, 71, 16, 15, 2
35, 71, 16, 15, 2
35, 71, 16, 15, 2
35, 71, 16, 15, 2
35, 71, 16, 15, 2
35, 71, 16, 15, 2
35, 71, 16, 15, 2
35, 71, 16, 15, 2
35, 71, 16, 15, 2
35, 71, 16, 15, 2
35, 71, 16, 15, 2
35, 71, 16, 15, 2
35, 71, 16, 15, 2
35, 71, 16, 15, 2
35, 71, 16, 15, 2
35, 71, 16, 15, 2
35, 71, 16, 15, 2
35, 71, 16, 15, 2
35, 71, 16, 15, 2
35, 71, 16, 15, 2
35, 71, 16, 15, 2
35, 71, 16, 15, 2
35, 71, 16, 15, 2
35, 71, 16, 15, 2
35, 71, 16, 15, 2
35, 71, 16, 15, 2
35, 71, 16, 15, 2
35, 71, 16, 15, 2
35, 71, 16, 15, 2
35, 71, 16, 15, 2
35, 71, 16, 15, 2
35, 71, 16, 17, 1
35, 71, 16, 17, 3
35, 71, 16, 17, 3
35, 71, 16, 17, 3
35, 71, 16, 17, 4
35, 71, 16, 17, 4
35, 71, 16, 17, 4
35, 71, 16, 17, 4
35, 71, 16, 17, 4
35, 71, 16, 17, 4
35, 71, 16, 17, 4
35, 71, 16, 17, 4
35, 71, 16, 17, 4
35, 71, 16, 17, 5
35, 71, 16, 17, 5
35, 71, 16, 17, 5
35, 71, 16, 17, 6
35, 71, 16, 17, 6
35, 71, 16, 17, 6
35, 71, 16, 17, 6
35, 71, 16, 17, 6
35, 71, 16, 17, 6
35, 71, 16, 17, 6
35, 71, 16, 17, 6
35, 71, 16, 17, 7
35, 71, 16, 17, 7
35, 71, 16, 17, 7
35, 71, 16, 17, 7
35, 71, 16, 17, 7
35, 71, 16, 17, 7
35, 71, 16, 17, 8
35, 71, 16, 17, 8
35, 71, 16, 17, 8
35, 71, 16, 17, 8
35, 71, 16, 17, 8
35, 71, 16, 17, 14
35, 71, 17, 16, 2
35, 71, 17, 16, 2
35, 71, 17, 16, 2
35, 71, 17, 16, 2
35, 71, 17, 16, 2
35, 71, 17, 16, 2
35, 71, 17, 16, 2
35, 71, 17, 16, 2
35, 71, 17, 16, 2
35, 71, 17, 16, 2
35, 71, 17, 16, 2
35, 71, 17, 16, 2
35, 71, 17, 16, 2
35, 71, 17, 16, 2
35, 71, 17, 16, 2
35, 71, 17, 16, 2
35, 71, 17, 16, 2
35, 71, 17, 16, 2
35, 71, 17, 16, 2
35, 71, 17, 16, 2
35, 71, 17, 16, 2
35, 71, 17, 16, 2
35, 71, 17, 16, 2
35, 71, 17, 16, 2
35, 71, 17, 16, 2
35, 71, 17, 16, 2
35, 71, 17, 16, 2
35, 71, 17, 16, 2
35, 71, 17, 16, 2
35, 71, 17, 16, 2
35, 71, 17, 16, 2
35, 71, 17, 16, 2
35, 71, 17, 16, 2
35, 71, 17, 16, 2
35, 71, 17, 16, 2
35, 71, 17, 18, 1
35, 71, 17, 18, 3
35, 71, 17, 18, 3
35, 71, 17, 18, 3
35, 71, 17, 18, 4
35, 71, 17, 18, 4
35, 71, 17, 18, 4
35, 71, 17, 18, 4
35, 71, 17, 18, 4
35, 71, 17, 18, 4
35, 71, 17, 18, 4
35, 71, 17, 18, 4
35, 71, 17, 18, 4
35, 71, 17, 18, 5
35, 71, 17, 18, 5
35, 71, 17, 18, 5
35, 71, 17, 18, 6
35, 71, 17, 18, 6
35, 71, 17, 18, 6
35, 71, 17, 18, 6
35, 71, 17, 18, 6
35, 71, 17, 18, 6
35, 71, 17, 18, 6
35, 71, 17, 18, 6
35, 71, 17, 18, 7
35, 71, 17, 18, 7
35, 71, 17, 18, 7
35, 71, 17, 18, 7
35, 71, 17, 18, 7
35, 71, 17, 18, 7
35, 71, 17, 18, 8
35, 71, 17, 18, 8
35, 71, 17, 18, 8
35, 71, 17, 18, 8
35, 71, 17, 18, 8
35, 71, 17, 18, 14
35, 71, 18, 17, 2
35, 71, 18, 17, 2
35, 71, 18, 17, 2
35, 71, 18, 17, 2
35, 71, 18, 17, 2
35, 71, 18, 17, 2
35, 71, 18, 17, 2
35, 71, 18, 17, 2
35, 71, 18, 17, 2
35, 71, 18, 17, 2
35, 71, 18, 17, 2
35, 71, 18, 17, 2
35, 71, 18, 17, 2
35, 71, 18, 17, 2
35, 71, 18, 17, 2
35, 71, 18, 17, 2
35, 71, 18, 17, 2
35, 71, 18, 17, 2
35, 71, 18, 17, 2
35, 71, 18, 17, 2
35, 71, 18, 17, 2
35, 71, 18, 17, 2
35, 71, 18, 17, 2
35, 71, 18, 17, 2
35, 71, 18, 17, 2
35, 71, 18, 17, 2
35, 71, 18, 17, 2
35, 71, 18, 17, 2
35, 71, 18, 17, 2
35, 71, 18, 17, 2
35, 71, 18, 17, 2
35, 71, 18, 17, 2
35, 71, 18, 17, 2
35, 71, 18, 17, 2
35, 71, 18, 17, 2
35, 71, 18, 19, 1
35, 71, 18, 19, 3
35, 71, 18, 19, 3
35, 71, 18, 19, 3
35, 71, 18, 19, 4
35, 71, 18, 19, 4
35, 71, 18, 19, 4
35, 71, 18, 19, 4
35, 71, 18, 19, 4
35, 71, 18, 19, 4
35, 71, 18, 19, 4
35, 71, 18, 19, 4
35, 71, 18, 19, 4
35, 71, 18, 19, 5
35, 71, 18, 19, 5
35, 71, 18, 19, 5
35, 71, 18, 19, 6
35, 71, 18, 19, 6
35, 71, 18, 19, 6
35, 71, 18, 19, 6
35, 71, 18, 19, 6
35, 71, 18, 19, 6
35, 71, 18, 19, 6
35, 71, 18, 19, 6
35, 71, 18, 19, 7
35, 71, 18, 19, 7
35, 71, 18, 19, 7
35, 71, 18, 19, 7
35, 71, 18, 19, 7
35, 71, 18, 19, 7
35, 71, 18, 19, 8
35, 71, 18, 19, 8
35, 71, 18, 19, 8
35, 71, 18, 19, 8
35, 71, 18, 19, 8
35, 71, 18, 19, 14
35, 71, 19, 18, 2
35, 71, 19, 18, 2
35, 71, 19, 18, 2
35, 71, 19, 18, 2
35, 71, 19, 18, 2
35, 71, 19, 18, 2
35, 71, 19, 18, 2
35, 71, 19, 18, 2
35, 71, 19, 18, 2
35, 71, 19, 18, 2
35, 71, 19, 18, 2
35, 71, 19, 18, 2
35, 71, 19, 18, 2
35, 71, 19, 18, 2
35, 71, 19, 18, 2
35, 71, 19, 18, 2
35, 71, 19, 18, 2
35, 71, 19, 18, 2
35, 71, 19, 18, 2
35, 71, 19, 18, 2
35, 71, 19, 18, 2
35, 71, 19, 18, 2
35, 71, 19, 18, 2
35, 71, 19, 18, 2
35, 71, 19, 18, 2
35, 71, 19, 18, 2
35, 71, 19, 18, 2
35, 71, 19, 18, 2
35, 71, 19, 18, 2
35, 71, 19, 18, 2
35, 71, 19, 18, 2
35, 71, 19, 18, 2
35, 71, 19, 18, 2
35, 71, 19, 18, 2
35, 71, 19, 18, 2
35, 71, 19, 20, 1
35, 71, 19, 20, 3
35, 71, 19, 20, 3
35, 71, 19, 20, 3
35, 71, 19, 20, 4
35, 71, 19, 20, 4
35, 71, 19, 20, 4
35, 71, 19, 20, 4
35, 71, 19, 20, 4
35, 71, 19, 20, 4
35, 71, 19, 20, 4
35, 71, 19, 20, 4
35, 71, 19, 20, 4
35, 71, 19, 20, 5
35, 71, 19, 20, 5
35, 71, 19, 20, 5
35, 71, 19, 20, 6
35, 71, 19, 20, 6
35, 71, 19, 20, 6
35, 71, 19, 20, 6
35, 71, 19, 20, 6
35, 71, 19, 20, 6
35, 71, 19, 20, 6
35, 71, 19, 20, 6
35, 71, 19, 20, 7
35, 71, 19, 20, 7
35, 71, 19, 20, 7
35, 71, 19, 20, 7
35, 71, 19, 20, 7
35, 71, 19, 20, 7
35, 71, 19, 20, 8
35, 71, 19, 20, 8
35, 71, 19, 20, 8
35, 71, 19, 20, 8
35, 71, 19, 20, 8
35, 71, 19, 20, 14
35, 71, 20, 19, 2
35, 71, 20, 19, 2
35, 71, 20, 19, 2
35, 71, 20, 19, 2
35, 71, 20, 19, 2
35, 71, 20, 19, 2
35, 71, 20, 19, 2
35, 71, 20, 19, 2
35, 71, 20, 19, 2
35, 71, 20, 19, 2
35, 71, 20, 19, 2
35, 71, 20, 19, 2
35, 71, 20, 19, 2
35, 71, 20, 19, 2
35, 71, 20, 19, 2
35, 71, 20, 19, 2
35, 71, 20, 19, 2
35, 71, 20, 19, 2
35, 71, 20, 19, 2
35, 71, 20, 19, 2
35, 71, 20, 19, 2
35, 71, 20, 19, 2
35, 71, 20, 19, 2
35, 71, 20, 19, 2
35, 71, 20, 19, 2
35, 71, 20, 19, 2
35, 71, 20, 19, 2
35, 71, 20, 19, 2
35, 71, 20, 19, 2
35, 71, 20, 19, 2
35, 71, 20, 19, 2
35, 71, 20, 19, 2
35, 71, 20, 19, 2
35, 71, 20, 19, 2
35, 71, 20, 19, 2
35, 71, 20, 21, 1
35, 71, 20, 21, 3
35, 71, 20, 21, 3
35, 71, 20, 21, 3
35, 71, 20, 21, 4
35, 71, 20, 21, 4
35, 71, 20, 21, 4
35, 71, 20, 21, 4
35, 71, 20, 21, 4
35, 71, 20, 21, 4
35, 71, 20, 21, 4
35, 71, 20, 21, 4
35, 71, 20, 21, 4
35, 71, 20, 21, 5
35, 71, 20, 21, 5
35, 71, 20, 21, 5
35, 71, 20, 21, 6
35, 71, 20, 21, 6
35, 71, 20, 21, 6
35, 71, 20, 21, 6
35, 71, 20, 21, 6
35, 71, 20, 21, 6
35, 71, 20, 21, 6
35, 71, 20, 21, 6
35, 71, 20, 21, 7
35, 71, 20, 21, 7
35, 71, 20, 21, 7
35, 71, 20, 21, 7
35, 71, 20, 21, 7
35, 71, 20, 21, 7
35, 71, 20, 21, 8
35, 71, 20, 21, 8
35, 71, 20, 21, 8
35, 71, 20, 21, 8
35, 71, 20, 21, 8
35, 71, 20, 21, 14
35, 71, 21, 20, 2
35, 71, 21, 20, 2
35, 71, 21, 20, 2
35, 71, 21, 20, 2
35, 71, 21, 20, 2
35, 71, 21, 20, 2
35, 71, 21, 20, 2
35, 71, 21, 20, 2
35, 71, 21, 20, 2
35, 71, 21, 20, 2
35, 71, 21, 20, 2
35, 71, 21, 20, 2
35, 71, 21, 20, 2
35, 71, 21, 20, 2
35, 71, 21, 20, 2
35, 71, 21, 20, 2
35, 71, 21, 20, 2
35, 71, 21, 20, 2
35, 71, 21, 20, 2
35, 71, 21, 20, 2
35, 71, 21, 20, 2
35, 71, 21, 20, 2
35, 71, 21, 20, 2
35, 71, 21, 20, 2
35, 71, 21, 20, 2
35, 71, 21, 20, 2
35, 71, 21, 20, 2
35, 71, 21, 20, 2
35, 71, 21, 20, 2
35, 71, 21, 20, 2
35, 71, 21, 20, 2
35, 71, 21, 20, 2
35, 71, 21, 20, 2
35, 71, 21, 20, 2
35, 71, 21, 20, 2
35, 71, 21, 22, 1
35, 71, 21, 22, 3
35, 71, 21, 22, 3
35, 71, 21, 22, 3
35, 71, 21, 22, 4
35, 71, 21, 22, 4
35, 71, 21, 22, 4
35, 71, 21, 22, 4
35, 71, 21, 22, 4
35, 71, 21, 22, 4
35, 71, 21, 22, 4
35, 71, 21, 22, 4
35, 71, 21, 22, 4
35, 71, 21, 22, 5
35, 71, 21, 22, 5
35, 71, 21, 22, 5
35, 71, 21, 22, 6
35, 71, 21, 22, 6
35, 71, 21, 22, 6
35, 71, 21, 22, 6
35, 71, 21, 22, 6
35, 71, 21, 22, 6
35, 71, 21, 22, 6
35, 71, 21, 22, 6
35, 71, 21, 22, 7
35, 71, 21, 22, 7
35, 71, 21, 22, 7
35, 71, 21, 22, 7
35, 71, 21, 22, 7
35, 71, 21, 22, 7
35, 71, 21, 22, 8
35, 71, 21, 22, 8
35, 71, 21, 22, 8
35, 71, 21, 22, 8
35, 71, 21, 22, 8
35, 71, 21, 22, 14
35, 71, 22, 21, 2
35, 71, 22, 21, 2
35, 71, 22, 21, 2
35, 71, 22, 21, 2
35, 71, 22, 21, 2
35, 71, 22, 21, 2
35, 71, 22, 21, 2
35, 71, 22, 21, 2
35, 71, 22, 21, 2
35, 71, 22, 21, 2
35, 71, 22, 21, 2
35, 71, 22, 21, 2
35, 71, 22, 21, 2
35, 71, 22, 21, 2
35, 71, 22, 21, 2
35, 71, 22, 21, 2
35, 71, 22, 21, 2
35, 71, 22, 21, 2
35, 71, 22, 21, 2
35, 71, 22, 21, 2
35, 71, 22, 21, 2
35, 71, 22, 21, 2
35, 71, 22, 21, 2
35, 71, 22, 21, 2
35, 71, 22, 21, 2
35, 71, 22, 21, 2
35, 71, 22, 21, 2
35, 71, 22, 21, 2
35, 71, 22, 21, 2
35, 71, 22, 21, 2
35, 71, 22, 21, 2
35, 71, 22, 21, 2
35, 71, 22, 21, 2
35, 71, 22, 21, 2
35, 71, 22, 21, 2
35, 71, 22, 24, 1
35, 71, 22, 24, 3
35, 71, 22, 24, 3
35, 71, 22, 24, 3
35, 71, 22, 24, 4
35, 71, 22, 24, 4
35, 71, 22, 24, 4
35, 71, 22, 24, 4
35, 71, 22, 24, 4
35, 71, 22, 24, 4
35, 71, 22, 24, 4
35, 71, 22, 24, 4
35, 71, 22, 24, 4
35, 71, 22, 24, 5
35, 71, 22, 24, 5
35, 71, 22, 24, 5
35, 71, 22, 24, 6
35, 71, 22, 24, 6
35, 71, 22, 24, 6
35, 71, 22, 24, 6
35, 71, 22, 24, 6
35, 71, 22, 24, 6
35, 71, 22, 24, 6
35, 71, 22, 24, 6
35, 71, 22, 24, 7
35, 71, 22, 24, 7
35, 71, 22, 24, 7
35, 71, 22, 24, 7
35, 71, 22, 24, 7
35, 71, 22, 24, 7
35, 71, 22, 24, 8
35, 71, 22, 24, 8
35, 71, 22, 24, 8
35, 71, 22, 24, 8
35, 71, 22, 24, 8
35, 71, 22, 24, 14
35, 71, 23, 12, 2
35, 71, 23, 12, 2
35, 71, 23, 12, 2
35, 71, 23, 12, 2
35, 71, 23, 12, 2
35, 71, 23, 12, 2
35, 71, 23, 12, 2
35, 71, 23, 12, 2
35, 71, 23, 12, 2
35, 71, 23, 12, 2
35, 71, 23, 12, 2
35, 71, 23, 12, 2
35, 71, 23, 12, 2
35, 71, 23, 12, 2
35, 71, 23, 12, 2
35, 71, 23, 12, 2
35, 71, 23, 12, 2
35, 71, 23, 12, 2
35, 71, 23, 12, 2
35, 71, 23, 12, 2
35, 71, 23, 12, 2
35, 71, 23, 12, 2
35, 71, 23, 12, 2
35, 71, 23, 12, 2
35, 71, 23, 12, 2
35, 71, 23, 12, 2
35, 71, 23, 12, 2
35, 71, 23, 12, 2
35, 71, 23, 12, 2
35, 71, 23, 12, 2
35, 71, 23, 12, 2
35, 71, 23, 12, 2
35, 71, 23, 12, 2
35, 71, 23, 12, 2
35, 71, 23, 12, 2
35, 71, 23, 30, 1
35, 71, 23, 30, 3
35, 71, 23, 30, 3
35, 71, 23, 30, 3
35, 71, 23, 30, 4
35, 71, 23, 30, 4
35, 71, 23, 30, 4
35, 71, 23, 30, 4
35, 71, 23, 30, 4
35, 71, 23, 30, 4
35, 71, 23, 30, 4
35, 71, 23, 30, 4
35, 71, 23, 30, 4
35, 71, 23, 30, 5
35, 71, 23, 30, 5
35, 71, 23, 30, 5
35, 71, 23, 30, 6
35, 71, 23, 30, 6
35, 71, 23, 30, 6
35, 71, 23, 30, 6
35, 71, 23, 30, 6
35, 71, 23, 30, 6
35, 71, 23, 30, 6
35, 71, 23, 30, 6
35, 71, 23, 30, 7
35, 71, 23, 30, 7
35, 71, 23, 30, 7
35, 71, 23, 30, 7
35, 71, 23, 30, 7
35, 71, 23, 30, 7
35, 71, 23, 30, 8
35, 71, 23, 30, 8
35, 71, 23, 30, 8
35, 71, 23, 30, 8
35, 71, 23, 30, 8
35, 71, 23, 30, 14
35, 71, 24, 22, 2
35, 71, 24, 22, 2
35, 71, 24, 22, 2
35, 71, 24, 22, 2
35, 71, 24, 22, 2
35, 71, 24, 22, 2
35, 71, 24, 22, 2
35, 71, 24, 22, 2
35, 71, 24, 22, 2
35, 71, 24, 22, 2
35, 71, 24, 22, 2
35, 71, 24, 22, 2
35, 71, 24, 22, 2
35, 71, 24, 22, 2
35, 71, 24, 22, 2
35, 71, 24, 22, 2
35, 71, 24, 22, 2
35, 71, 24, 22, 2
35, 71, 24, 22, 2
35, 71, 24, 22, 2
35, 71, 24, 22, 2
35, 71, 24, 22, 2
35, 71, 24, 22, 2
35, 71, 24, 22, 2
35, 71, 24, 22, 2
35, 71, 24, 22, 2
35, 71, 24, 22, 2
35, 71, 24, 22, 2
35, 71, 24, 22, 2
35, 71, 24, 22, 2
35, 71, 24, 22, 2
35, 71, 24, 22, 2
35, 71, 24, 22, 2
35, 71, 24, 22, 2
35, 71, 24, 22, 2
35, 71, 24, 25, 1
35, 71, 24, 25, 3
35, 71, 24, 25, 3
35, 71, 24, 25, 3
35, 71, 24, 25, 4
35, 71, 24, 25, 4
35, 71, 24, 25, 4
35, 71, 24, 25, 4
35, 71, 24, 25, 4
35, 71, 24, 25, 4
35, 71, 24, 25, 4
35, 71, 24, 25, 4
35, 71, 24, 25, 4
35, 71, 24, 25, 5
35, 71, 24, 25, 5
35, 71, 24, 25, 5
35, 71, 24, 25, 6
35, 71, 24, 25, 6
35, 71, 24, 25, 6
35, 71, 24, 25, 6
35, 71, 24, 25, 6
35, 71, 24, 25, 6
35, 71, 24, 25, 6
35, 71, 24, 25, 6
35, 71, 24, 25, 7
35, 71, 24, 25, 7
35, 71, 24, 25, 7
35, 71, 24, 25, 7
35, 71, 24, 25, 7
35, 71, 24, 25, 7
35, 71, 24, 25, 8
35, 71, 24, 25, 8
35, 71, 24, 25, 8
35, 71, 24, 25, 8
35, 71, 24, 25, 8
35, 71, 24, 25, 14
35, 71, 25, 24, 2
35, 71, 25, 24, 2
35, 71, 25, 24, 2
35, 71, 25, 24, 2
35, 71, 25, 24, 2
35, 71, 25, 24, 2
35, 71, 25, 24, 2
35, 71, 25, 24, 2
35, 71, 25, 24, 2
35, 71, 25, 24, 2
35, 71, 25, 24, 2
35, 71, 25, 24, 2
35, 71, 25, 24, 2
35, 71, 25, 24, 2
35, 71, 25, 24, 2
35, 71, 25, 24, 2
35, 71, 25, 24, 2
35, 71, 25, 24, 2
35, 71, 25, 24, 2
35, 71, 25, 24, 2
35, 71, 25, 24, 2
35, 71, 25, 24, 2
35, 71, 25, 24, 2
35, 71, 25, 24, 2
35, 71, 25, 24, 2
35, 71, 25, 24, 2
35, 71, 25, 24, 2
35, 71, 25, 24, 2
35, 71, 25, 24, 2
35, 71, 25, 24, 2
35, 71, 25, 24, 2
35, 71, 25, 24, 2
35, 71, 25, 24, 2
35, 71, 25, 24, 2
35, 71, 25, 24, 2
35, 71, 25, 26, 1
35, 71, 25, 26, 3
35, 71, 25, 26, 3
35, 71, 25, 26, 3
35, 71, 25, 26, 4
35, 71, 25, 26, 4
35, 71, 25, 26, 4
35, 71, 25, 26, 4
35, 71, 25, 26, 4
35, 71, 25, 26, 4
35, 71, 25, 26, 4
35, 71, 25, 26, 4
35, 71, 25, 26, 4
35, 71, 25, 26, 5
35, 71, 25, 26, 5
35, 71, 25, 26, 5
35, 71, 25, 26, 6
35, 71, 25, 26, 6
35, 71, 25, 26, 6
35, 71, 25, 26, 6
35, 71, 25, 26, 6
35, 71, 25, 26, 6
35, 71, 25, 26, 6
35, 71, 25, 26, 6
35, 71, 25, 26, 7
35, 71, 25, 26, 7
35, 71, 25, 26, 7
35, 71, 25, 26, 7
35, 71, 25, 26, 7
35, 71, 25, 26, 7
35, 71, 25, 26, 8
35, 71, 25, 26, 8
35, 71, 25, 26, 8
35, 71, 25, 26, 8
35, 71, 25, 26, 8
35, 71, 25, 26, 14
35, 71, 26, 25, 2
35, 71, 26, 25, 2
35, 71, 26, 25, 2
35, 71, 26, 25, 2
35, 71, 26, 25, 2
35, 71, 26, 25, 2
35, 71, 26, 25, 2
35, 71, 26, 25, 2
35, 71, 26, 25, 2
35, 71, 26, 25, 2
35, 71, 26, 25, 2
35, 71, 26, 25, 2
35, 71, 26, 25, 2
35, 71, 26, 25, 2
35, 71, 26, 25, 2
35, 71, 26, 25, 2
35, 71, 26, 25, 2
35, 71, 26, 25, 2
35, 71, 26, 25, 2
35, 71, 26, 25, 2
35, 71, 26, 25, 2
35, 71, 26, 25, 2
35, 71, 26, 25, 2
35, 71, 26, 25, 2
35, 71, 26, 25, 2
35, 71, 26, 25, 2
35, 71, 26, 25, 2
35, 71, 26, 25, 2
35, 71, 26, 25, 2
35, 71, 26, 25, 2
35, 71, 26, 25, 2
35, 71, 26, 25, 2
35, 71, 26, 25, 2
35, 71, 26, 25, 2
35, 71, 26, 25, 2
35, 71, 26, 27, 1
35, 71, 26, 27, 3
35, 71, 26, 27, 3
35, 71, 26, 27, 3
35, 71, 26, 27, 4
35, 71, 26, 27, 4
35, 71, 26, 27, 4
35, 71, 26, 27, 4
35, 71, 26, 27, 4
35, 71, 26, 27, 4
35, 71, 26, 27, 4
35, 71, 26, 27, 4
35, 71, 26, 27, 4
35, 71, 26, 27, 5
35, 71, 26, 27, 5
35, 71, 26, 27, 5
35, 71, 26, 27, 6
35, 71, 26, 27, 6
35, 71, 26, 27, 6
35, 71, 26, 27, 6
35, 71, 26, 27, 6
35, 71, 26, 27, 6
35, 71, 26, 27, 6
35, 71, 26, 27, 6
35, 71, 26, 27, 7
35, 71, 26, 27, 7
35, 71, 26, 27, 7
35, 71, 26, 27, 7
35, 71, 26, 27, 7
35, 71, 26, 27, 7
35, 71, 26, 27, 8
35, 71, 26, 27, 8
35, 71, 26, 27, 8
35, 71, 26, 27, 8
35, 71, 26, 27, 8
35, 71, 26, 27, 14
35, 71, 27, 26, 2
35, 71, 27, 26, 2
35, 71, 27, 26, 2
35, 71, 27, 26, 2
35, 71, 27, 26, 2
35, 71, 27, 26, 2
35, 71, 27, 26, 2
35, 71, 27, 26, 2
35, 71, 27, 26, 2
35, 71, 27, 26, 2
35, 71, 27, 26, 2
35, 71, 27, 26, 2
35, 71, 27, 26, 2
35, 71, 27, 26, 2
35, 71, 27, 26, 2
35, 71, 27, 26, 2
35, 71, 27, 26, 2
35, 71, 27, 26, 2
35, 71, 27, 26, 2
35, 71, 27, 26, 2
35, 71, 27, 26, 2
35, 71, 27, 26, 2
35, 71, 27, 26, 2
35, 71, 27, 26, 2
35, 71, 27, 26, 2
35, 71, 27, 26, 2
35, 71, 27, 26, 2
35, 71, 27, 26, 2
35, 71, 27, 26, 2
35, 71, 27, 26, 2
35, 71, 27, 26, 2
35, 71, 27, 26, 2
35, 71, 27, 26, 2
35, 71, 27, 26, 2
35, 71, 27, 26, 2
35, 71, 27, 28, 1
35, 71, 27, 28, 3
35, 71, 27, 28, 3
35, 71, 27, 28, 3
35, 71, 27, 28, 4
35, 71, 27, 28, 4
35, 71, 27, 28, 4
35, 71, 27, 28, 4
35, 71, 27, 28, 4
35, 71, 27, 28, 4
35, 71, 27, 28, 4
35, 71, 27, 28, 4
35, 71, 27, 28, 4
35, 71, 27, 28, 5
35, 71, 27, 28, 5
35, 71, 27, 28, 5
35, 71, 27, 28, 6
35, 71, 27, 28, 6
35, 71, 27, 28, 6
35, 71, 27, 28, 6
35, 71, 27, 28, 6
35, 71, 27, 28, 6
35, 71, 27, 28, 6
35, 71, 27, 28, 6
35, 71, 27, 28, 7
35, 71, 27, 28, 7
35, 71, 27, 28, 7
35, 71, 27, 28, 7
35, 71, 27, 28, 7
35, 71, 27, 28, 7
35, 71, 27, 28, 8
35, 71, 27, 28, 8
35, 71, 27, 28, 8
35, 71, 27, 28, 8
35, 71, 27, 28, 8
35, 71, 27, 28, 14
35, 71, 28, 27, 2
35, 71, 28, 27, 2
35, 71, 28, 27, 2
35, 71, 28, 27, 2
35, 71, 28, 27, 2
35, 71, 28, 27, 2
35, 71, 28, 27, 2
35, 71, 28, 27, 2
35, 71, 28, 27, 2
35, 71, 28, 27, 2
35, 71, 28, 27, 2
35, 71, 28, 27, 2
35, 71, 28, 27, 2
35, 71, 28, 27, 2
35, 71, 28, 27, 2
35, 71, 28, 27, 2
35, 71, 28, 27, 2
35, 71, 28, 27, 2
35, 71, 28, 27, 2
35, 71, 28, 27, 2
35, 71, 28, 27, 2
35, 71, 28, 27, 2
35, 71, 28, 27, 2
35, 71, 28, 27, 2
35, 71, 28, 27, 2
35, 71, 28, 27, 2
35, 71, 28, 27, 2
35, 71, 28, 27, 2
35, 71, 28, 27, 2
35, 71, 28, 27, 2
35, 71, 28, 27, 2
35, 71, 28, 27, 2
35, 71, 28, 27, 2
35, 71, 28, 27, 2
35, 71, 28, 27, 2
35, 71, 28, 29, 1
35, 71, 28, 29, 3
35, 71, 28, 29, 3
35, 71, 28, 29, 3
35, 71, 28, 29, 4
35, 71, 28, 29, 4
35, 71, 28, 29, 4
35, 71, 28, 29, 4
35, 71, 28, 29, 4
35, 71, 28, 29, 4
35, 71, 28, 29, 4
35, 71, 28, 29, 4
35, 71, 28, 29, 4
35, 71, 28, 29, 5
35, 71, 28, 29, 5
35, 71, 28, 29, 5
35, 71, 28, 29, 6
35, 71, 28, 29, 6
35, 71, 28, 29, 6
35, 71, 28, 29, 6
35, 71, 28, 29, 6
35, 71, 28, 29, 6
35, 71, 28, 29, 6
35, 71, 28, 29, 6
35, 71, 28, 29, 7
35, 71, 28, 29, 7
35, 71, 28, 29, 7
35, 71, 28, 29, 7
35, 71, 28, 29, 7
35, 71, 28, 29, 7
35, 71, 28, 29, 8
35, 71, 28, 29, 8
35, 71, 28, 29, 8
35, 71, 28, 29, 8
35, 71, 28, 29, 8
35, 71, 28, 29, 14
35, 35, 29, 28, 2
35, 35, 29, 28, 2
35, 35, 29, 28, 2
35, 35, 29, 28, 2
35, 35, 29, 28, 2
35, 35, 29, 28, 2
35, 35, 29, 28, 2
35, 35, 29, 28, 2
35, 35, 29, 28, 2
35, 35, 29, 28, 2
35, 35, 29, 28, 2
35, 35, 29, 28, 2
35, 35, 29, 28, 2
35, 35, 29, 28, 2
35, 35, 29, 28, 2
35, 35, 29, 28, 2
35, 35, 29, 28, 2
35, 35, 29, 28, 2
35, 35, 29, 28, 2
35, 35, 29, 28, 2
35, 35, 29, 28, 2
35, 35, 29, 28, 2
35, 35, 29, 28, 2
35, 35, 29, 28, 2
35, 35, 29, 28, 2
35, 35, 29, 28, 2
35, 35, 29, 28, 2
35, 35, 29, 28, 2
35, 35, 29, 28, 2
35, 35, 29, 28, 2
35, 35, 29, 28, 2
35, 35, 29, 28, 2
35, 35, 29, 28, 2
35, 35, 29, 28, 2
35, 35, 29, 28, 2
35, 71, 30, 23, 2
35, 71, 30, 23, 2
35, 71, 30, 23, 2
35, 71, 30, 23, 2
35, 71, 30, 23, 2
35, 71, 30, 23, 2
35, 71, 30, 23, 2
35, 71, 30, 23, 2
35, 71, 30, 23, 2
35, 71, 30, 23, 2
35, 71, 30, 23, 2
35, 71, 30, 23, 2
35, 71, 30, 23, 2
35, 71, 30, 23, 2
35, 71, 30, 23, 2
35, 71, 30, 23, 2
35, 71, 30, 23, 2
35, 71, 30, 23, 2
35, 71, 30, 23, 2
35, 71, 30, 23, 2
35, 71, 30, 23, 2
35, 71, 30, 23, 2
35, 71, 30, 23, 2
35, 71, 30, 23, 2
35, 71, 30, 23, 2
35, 71, 30, 23, 2
35, 71, 30, 23, 2
35, 71, 30, 23, 2
35, 71, 30, 23, 2
35, 71, 30, 23, 2
35, 71, 30, 23, 2
35, 71, 30, 23, 2
35, 71, 30, 23, 2
35, 71, 30, 23, 2
35, 71, 30, 23, 2
35, 71, 30, 31, 1
35, 71, 30, 31, 3
35, 71, 30, 31, 3
35, 71, 30, 31, 3
35, 71, 30, 31, 4
35, 71, 30, 31, 4
35, 71, 30, 31, 4
35, 71, 30, 31, 4
35, 71, 30, 31, 4
35, 71, 30, 31, 4
35, 71, 30, 31, 4
35, 71, 30, 31, 4
35, 71, 30, 31, 4
35, 71, 30, 31, 5
35, 71, 30, 31, 5
35, 71, 30, 31, 5
35, 71, 30, 31, 6
35, 71, 30, 31, 6
35, 71, 30, 31, 6
35, 71, 30, 31, 6
35, 71, 30, 31, 6
35, 71, 30, 31, 6
35, 71, 30, 31, 6
35, 71, 30, 31, 6
35, 71, 30, 31, 7
35, 71, 30, 31, 7
35, 71, 30, 31, 7
35, 71, 30, 31, 7
35, 71, 30, 31, 7
35, 71, 30, 31, 7
35, 71, 30, 31, 8
35, 71, 30, 31, 8
35, 71, 30, 31, 8
35, 71, 30, 31, 8
35, 71, 30, 31, 8
35, 71, 30, 31, 14
35, 71, 31, 30, 2
35, 71, 31, 30, 2
35, 71, 31, 30, 2
35, 71, 31, 30, 2
35, 71, 31, 30, 2
35, 71, 31, 30, 2
35, 71, 31, 30, 2
35, 71, 31, 30, 2
35, 71, 31, 30, 2
35, 71, 31, 30, 2
35, 71, 31, 30, 2
35, 71, 31, 30, 2
35, 71, 31, 30, 2
35, 71, 31, 30, 2
35, 71, 31, 30, 2
35, 71, 31, 30, 2
35, 71, 31, 30, 2
35, 71, 31, 30, 2
35, 71, 31, 30, 2
35, 71, 31, 30, 2
35, 71, 31, 30, 2
35, 71, 31, 30, 2
35, 71, 31, 30, 2
35, 71, 31, 30, 2
35, 71, 31, 30, 2
35, 71, 31, 30, 2
35, 71, 31, 30, 2
35, 71, 31, 30, 2
35, 71, 31, 30, 2
35, 71, 31, 30, 2
35, 71, 31, 30, 2
35, 71, 31, 30, 2
35, 71, 31, 30, 2
35, 71, 31, 30, 2
35, 71, 31, 30, 2
35, 71, 31, 32, 1
35, 71, 31, 32, 3
35, 71, 31, 32, 3
35, 71, 31, 32, 3
35, 71, 31, 32, 4
35, 71, 31, 32, 4
35, 71, 31, 32, 4
35, 71, 31, 32, 4
35, 71, 31, 32, 4
35, 71, 31, 32, 4
35, 71, 31, 32, 4
35, 71, 31, 32, 4
35, 71, 31, 32, 4
35, 71, 31, 32, 5
35, 71, 31, 32, 5
35, 71, 31, 32, 5
35, 71, 31, 32, 6
35, 71, 31, 32, 6
35, 71, 31, 32, 6
35, 71, 31, 32, 6
35, 71, 31, 32, 6
35, 71, 31, 32, 6
35, 71, 31, 32, 6
35, 71, 31, 32, 6
35, 71, 31, 32, 7
35, 71, 31, 32, 7
35, 71, 31, 32, 7
35, 71, 31, 32, 7
35, 71, 31, 32, 7
35, 71, 31, 32, 7
35, 71, 31, 32, 8
35, 71, 31, 32, 8
35, 71, 31, 32, 8
35, 71, 31, 32, 8
35, 71, 31, 32, 8
35, 71, 31, 32, 14
35, 71, 32, 31, 2
35, 71, 32, 31, 2
35, 71, 32, 31, 2
35, 71, 32, 31, 2
35, 71, 32, 31, 2
35, 71, 32, 31, 2
35, 71, 32, 31, 2
35, 71, 32, 31, 2
35, 71, 32, 31, 2
35, 71, 32, 31, 2
35, 71, 32, 31, 2
35, 71, 32, 31, 2
35, 71, 32, 31, 2
35, 71, 32, 31, 2
35, 71, 32, 31, 2
35, 71, 32, 31, 2
35, 71, 32, 31, 2
35, 71, 32, 31, 2
35, 71, 32, 31, 2
35, 71, 32, 31, 2
35, 71, 32, 31, 2
35, 71, 32, 31, 2
35, 71, 32, 31, 2
35, 71, 32, 31, 2
35, 71, 32, 31, 2
35, 71, 32, 31, 2
35, 71, 32, 31, 2
35, 71, 32, 31, 2
35, 71, 32, 31, 2
35, 71, 32, 31, 2
35, 71, 32, 31, 2
35, 71, 32, 31, 2
35, 71, 32, 31, 2
35, 71, 32, 31, 2
35, 71, 32, 31, 2
35, 71, 32, 33, 1
35, 71, 32, 33, 3
35, 71, 32, 33, 3
35, 71, 32, 33, 3
35, 71, 32, 33, 4
35, 71, 32, 33, 4
35, 71, 32, 33, 4
35, 71, 32, 33, 4
35, 71, 32, 33, 4
35, 71, 32, 33, 4
35, 71, 32, 33, 4
35, 71, 32, 33, 4
35, 71, 32, 33, 4
35, 71, 32, 33, 5
35, 71, 32, 33, 5
35, 71, 32, 33, 5
35, 71, 32, 33, 6
35, 71, 32, 33, 6
35, 71, 32, 33, 6
35, 71, 32, 33, 6
35, 71, 32, 33, 6
35, 71, 32, 33, 6
35, 71, 32, 33, 6
35, 71, 32, 33, 6
35, 71, 32, 33, 7
35, 71, 32, 33, 7
35, 71, 32, 33, 7
35, 71, 32, 33, 7
35, 71, 32, 33, 7
35, 71, 32, 33, 7
35, 71, 32, 33, 8
35, 71, 32, 33, 8
35, 71, 32, 33, 8
35, 71, 32, 33, 8
35, 71, 32, 33, 8
35, 71, 32, 33, 14
35, 71, 33, 32, 2
35, 71, 33, 32, 2
35, 71, 33, 32, 2
35, 71, 33, 32, 2
35, 71, 33, 32, 2
35, 71, 33, 32, 2
35, 71, 33, 32, 2
35, 71, 33, 32, 2
35, 71, 33, 32, 2
35, 71, 33, 32, 2
35, 71, 33, 32, 2
35, 71, 33, 32, 2
35, 71, 33, 32, 2
35, 71, 33, 32, 2
35, 71, 33, 32, 2
35, 71, 33, 32, 2
35, 71, 33, 32, 2
35, 71, 33, 32, 2
35, 71, 33, 32, 2
35, 71, 33, 32, 2
35, 71, 33, 32, 2
35, 71, 33, 32, 2
35, 71, 33, 32, 2
35, 71, 33, 32, 2
35, 71, 33, 32, 2
35, 71, 33, 32, 2
35, 71, 33, 32, 2
35, 71, 33, 32, 2
35, 71, 33, 32, 2
35, 71, 33, 32, 2
35, 71, 33, 32, 2
35, 71, 33, 32, 2
35, 71, 33, 32, 2
35, 71, 33, 32, 2
35, 71, 33, 32, 2
35, 71, 33, 34, 1
35, 71, 33, 34, 3
35, 71, 33, 34, 3
35, 71, 33, 34, 3
35, 71, 33, 34, 4
35, 71, 33, 34, 4
35, 71, 33, 34, 4
35, 71, 33, 34, 4
35, 71, 33, 34, 4
35, 71, 33, 34, 4
35, 71, 33, 34, 4
35, 71, 33, 34, 4
35, 71, 33, 34, 4
35, 71, 33, 34, 5
35, 71, 33, 34, 5
35, 71, 33, 34, 5
35, 71, 33, 34, 6
35, 71, 33, 34, 6
35, 71, 33, 34, 6
35, 71, 33, 34, 6
35, 71, 33, 34, 6
35, 71, 33, 34, 6
35, 71, 33, 34, 6
35, 71, 33, 34, 6
35, 71, 33, 34, 7
35, 71, 33, 34, 7
35, 71, 33, 34, 7
35, 71, 33, 34, 7
35, 71, 33, 34, 7
35, 71, 33, 34, 7
35, 71, 33, 34, 8
35, 71, 33, 34, 8
35, 71, 33, 34, 8
35, 71, 33, 34, 8
35, 71, 33, 34, 8
35, 71, 33, 34, 14
35, 71, 34, 33, 2
35, 71, 34, 33, 2
35, 71, 34, 33, 2
35, 71, 34, 33, 2
35, 71, 34, 33, 2
35, 71, 34, 33, 2
35, 71, 34, 33, 2
35, 71, 34, 33, 2
35, 71, 34, 33, 2
35, 71, 34, 33, 2
35, 71, 34, 33, 2
35, 71, 34, 33, 2
35, 71, 34, 33, 2
35, 71, 34, 33, 2
35, 71, 34, 33, 2
35, 71, 34, 33, 2
35, 71, 34, 33, 2
35, 71, 34, 33, 2
35, 71, 34, 33, 2
35, 71, 34, 33, 2
35, 71, 34, 33, 2
35, 71, 34, 33, 2
35, 71, 34, 33, 2
35, 71, 34, 33, 2
35, 71, 34, 33, 2
35, 71, 34, 33, 2
35, 71, 34, 33, 2
35, 71, 34, 33, 2
35, 71, 34, 33, 2
35, 71, 34, 33, 2
35, 71, 34, 33, 2
35, 71, 34, 33, 2
35, 71, 34, 33, 2
35, 71, 34, 33, 2
35, 71, 34, 33, 2
35, 71, 34, 35, 1
35, 71, 34, 35, 3
35, 71, 34, 35, 3
35, 71, 34, 35, 3
35, 71, 34, 35, 4
35, 71, 34, 35, 4
35, 71, 34, 35, 4
35, 71, 34, 35, 4
35, 71, 34, 35, 4
35, 71, 34, 35, 4
35, 71, 34, 35, 4
35, 71, 34, 35, 4
35, 71, 34, 35, 4
35, 71, 34, 35, 5
35, 71, 34, 35, 5
35, 71, 34, 35, 5
35, 71, 34, 35, 6
35, 71, 34, 35, 6
35, 71, 34, 35, 6
35, 71, 34, 35, 6
35, 71, 34, 35, 6
35, 71, 34, 35, 6
35, 71, 34, 35, 6
35, 71, 34, 35, 6
35, 71, 34, 35, 7
35, 71, 34, 35, 7
35, 71, 34, 35, 7
35, 71, 34, 35, 7
35, 71, 34, 35, 7
35, 71, 34, 35, 7
35, 71, 34, 35, 8
35, 71, 34, 35, 8
35, 71, 34, 35, 8
35, 71, 34, 35, 8
35, 71, 34, 35, 8
35, 71, 34, 35, 14
35, 71, 35, 2, 1
35, 71, 35, 2, 3
35, 71, 35, 2, 3
35, 71, 35, 2, 3
35, 71, 35, 2, 4
35, 71, 35, 2, 4
35, 71, 35, 2, 4
35, 71, 35, 2, 4
35, 71, 35, 2, 4
35, 71, 35, 2, 4
35, 71, 35, 2, 4
35, 71, 35, 2, 4
35, 71, 35, 2, 4
35, 71, 35, 2, 5
35, 71, 35, 2, 5
35, 71, 35, 2, 5
35, 71, 35, 2, 6
35, 71, 35, 2, 6
35, 71, 35, 2, 6
35, 71, 35, 2, 6
35, 71, 35, 2, 6
35, 71, 35, 2, 6
35, 71, 35, 2, 6
35, 71, 35, 2, 6
35, 71, 35, 2, 7
35, 71, 35, 2, 7
35, 71, 35, 2, 7
35, 71, 35, 2, 7
35, 71, 35, 2, 7
35, 71, 35, 2, 7
35, 71, 35, 2, 8
35, 71, 35, 2, 8
35, 71, 35, 2, 8
35, 71, 35, 2, 8
35, 71, 35, 2, 8
35, 71, 35, 2, 14
35, 71, 35, 34, 2
35, 71, 35, 34, 2
35, 71, 35, 34, 2
35, 71, 35, 34, 2
35, 71, 35, 34, 2
35, 71, 35, 34, 2
35, 71, 35, 34, 2
35, 71, 35, 34, 2
35, 71, 35, 34, 2
35, 71, 35, 34, 2
35, 71, 35, 34, 2
35, 71, 35, 34, 2
35, 71, 35, 34, 2
35, 71, 35, 34, 2
35, 71, 35, 34, 2
35, 71, 35, 34, 2
35, 71, 35, 34, 2
35, 71, 35, 34, 2
35, 71, 35, 34, 2
35, 71, 35, 34, 2
35, 71, 35, 34, 2
35, 71, 35, 34, 2
35, 71, 35, 34, 2
35, 71, 35, 34, 2
35, 71, 35, 34, 2
35, 71, 35, 34, 2
35, 71, 35, 34, 2
35, 71, 35, 34, 2
35, 71, 35, 34, 2
35, 71, 35, 34, 2
35, 71, 35, 34, 2
35, 71, 35, 34, 2
35, 71, 35, 34, 2
35, 71, 35, 34, 2
35, 71, 35, 34, 2
36, 35, 1, 0, 3
36, 35, 1, 0, 3
36, 35, 1, 0, 3
36, 35, 1, 0, 3
36, 35, 1, 0, 3
36, 35, 1, 0, 3
36, 35, 1, 0, 3
36, 35, 1, 0, 3
36, 35, 1, 0, 3
36, 35, 1, 0, 3
36, 35, 1, 0, 3
36, 35, 1, 0, 3
36, 35, 1, 0, 3
36, 35, 1, 0, 3
36, 35, 1, 0, 3
36, 35, 1, 0, 3
36, 35, 1, 0, 3
36, 35, 1, 0, 3
36, 35, 1, 0, 3
36, 35, 1, 0, 3
36, 35, 1, 0, 3
36, 35, 1, 0, 3
36, 35, 1, 0, 3
36, 35, 1, 0, 3
36, 35, 1, 0, 3
36, 35, 1, 0, 3
36, 35, 1, 0, 3
36, 35, 1, 0, 3
36, 35, 1, 0, 3
36, 35, 1, 0, 3
36, 35, 1, 0, 3
36, 35, 1, 0, 3
36, 35, 1, 0, 3
36, 35, 1, 0, 3
36, 35, 1, 0, 3
36, 35, 2, 1, 2
36, 35, 2, 1, 2
36, 35, 2, 1, 2
36, 35, 2, 1, 2
36, 35, 2, 1, 2
36, 35, 2, 1, 2
36, 35, 2, 1, 2
36, 35, 2, 1, 2
36, 35, 2, 1, 2
36, 35, 2, 1, 2
36, 35, 2, 1, 2
36, 35, 2, 1, 2
36, 35, 2, 1, 2
36, 35, 2, 1, 2
36, 35, 2, 1, 2
36, 35, 2, 1, 2
36, 35, 2, 1, 2
36, 35, 2, 1, 2
36, 35, 2, 1, 2
36, 35, 2, 1, 2
36, 35, 2, 1, 2
36, 35, 2, 1, 2
36, 35, 2, 1, 2
36, 35, 2, 1, 2
36, 35, 2, 1, 2
36, 35, 2, 1, 2
36, 35, 2, 1, 2
36, 35, 2, 1, 2
36, 35, 2, 1, 2
36, 35, 2, 1, 2
36, 35, 2, 1, 2
36, 35, 2, 1, 2
36, 35, 2, 1, 2
36, 35, 2, 1, 2
36, 35, 2, 1, 2
37, 35, 1, 0, 3
37, 35, 1, 0, 3
37, 35, 1, 0, 3
37, 35, 1, 0, 3
37, 35, 1, 0, 3
37, 35, 1, 0, 3
37, 35, 1, 0, 3
37, 35, 1, 0, 3
37, 35, 1, 0, 3
37, 35, 1, 0, 3
37, 35, 1, 0, 3
37, 35, 1, 0, 3
37, 35, 1, 0, 3
37, 35, 1, 0, 3
37, 35, 1, 0, 3
37, 35, 1, 0, 3
37, 35, 1, 0, 3
37, 35, 1, 0, 3
37, 35, 1, 0, 3
37, 35, 1, 0, 3
37, 35, 1, 0, 3
37, 35, 1, 0, 3
37, 35, 1, 0, 3
37, 35, 1, 0, 3
37, 35, 1, 0, 3
37, 35, 1, 0, 3
37, 35, 1, 0, 3
37, 35, 1, 0, 3
37, 35, 1, 0, 3
37, 35, 1, 0, 3
37, 35, 1, 0, 3
37, 35, 1, 0, 3
37, 35, 1, 0, 3
37, 35, 1, 0, 3
37, 35, 1, 0, 3
37, 35, 2, 1, 2
37, 35, 2, 1, 2
37, 35, 2, 1, 2
37, 35, 2, 1, 2
37, 35, 2, 1, 2
37, 35, 2, 1, 2
37, 35, 2, 1, 2
37, 35, 2, 1, 2
37, 35, 2, 1, 2
37, 35, 2, 1, 2
37, 35, 2, 1, 2
37, 35, 2, 1, 2
37, 35, 2, 1, 2
37, 35, 2, 1, 2
37, 35, 2, 1, 2
37, 35, 2, 1, 2
37, 35, 2, 1, 2
37, 35, 2, 1, 2
37, 35, 2, 1, 2
37, 35, 2, 1, 2
37, 35, 2, 1, 2
37, 35, 2, 1, 2
37, 35, 2, 1, 2
37, 35, 2, 1, 2
37, 35, 2, 1, 2
37, 35, 2, 1, 2
37, 35, 2, 1, 2
37, 35, 2, 1, 2
37, 35, 2, 1, 2
37, 35, 2, 1, 2
37, 35, 2, 1, 2
37, 35, 2, 1, 2
37, 35, 2, 1, 2
37, 35, 2, 1, 2
37, 35, 2, 1, 2
38, 35, 1, 0, 3
38, 35, 1, 0, 3
38, 35, 1, 0, 3
38, 35, 1, 0, 3
38, 35, 1, 0, 3
38, 35, 1, 0, 3
38, 35, 1, 0, 3
38, 35, 1, 0, 3
38, 35, 1, 0, 3
38, 35, 1, 0, 3
38, 35, 1, 0, 3
38, 35, 1, 0, 3
38, 35, 1, 0, 3
38, 35, 1, 0, 3
38, 35, 1, 0, 3
38, 35, 1, 0, 3
38, 35, 1, 0, 3
38, 35, 1, 0, 3
38, 35, 1, 0, 3
38, 35, 1, 0, 3
38, 35, 1, 0, 3
38, 35, 1, 0, 3
38, 35, 1, 0, 3
38, 35, 1, 0, 3
38, 35, 1, 0, 3
38, 35, 1, 0, 3
38, 35, 1, 0, 3
38, 35, 1, 0, 3
38, 35, 1, 0, 3
38, 35, 1, 0, 3
38, 35, 1, 0, 3
38, 35, 1, 0, 3
38, 35, 1, 0, 3
38, 35, 1, 0, 3
38, 35, 1, 0, 3
38, 35, 2, 1, 2
38, 35, 2, 1, 2
38, 35, 2, 1, 2
38, 35, 2, 1, 2
38, 35, 2, 1, 2
38, 35, 2, 1, 2
38, 35, 2, 1, 2
38, 35, 2, 1, 2
38, 35, 2, 1, 2
38, 35, 2, 1, 2
38, 35, 2, 1, 2
38, 35, 2, 1, 2
38, 35, 2, 1, 2
38, 35, 2, 1, 2
38, 35, 2, 1, 2
38, 35, 2, 1, 2
38, 35, 2, 1, 2
38, 35, 2, 1, 2
38, 35, 2, 1, 2
38, 35, 2, 1, 2
38, 35, 2, 1, 2
38, 35, 2, 1, 2
38, 35, 2, 1, 2
38, 35, 2, 1, 2
38, 35, 2, 1, 2
38, 35, 2, 1, 2
38, 35, 2, 1, 2
38, 35, 2, 1, 2
38, 35, 2, 1, 2
38, 35, 2, 1, 2
38, 35, 2, 1, 2
38, 35, 2, 1, 2
38, 35, 2, 1, 2
38, 35, 2, 1, 2
38, 35, 2, 1, 2
39, 35, 1, 0, 4
39, 35, 1, 0, 4
39, 35, 1, 0, 4
39, 35, 1, 0, 4
39, 35, 1, 0, 4
39, 35, 1, 0, 4
39, 35, 1, 0, 4
39, 35, 1, 0, 4
39, 35, 1, 0, 4
39, 35, 1, 0, 4
39, 35, 1, 0, 4
39, 35, 1, 0, 4
39, 35, 1, 0, 4
39, 35, 1, 0, 4
39, 35, 1, 0, 4
39, 35, 1, 0, 4
39, 35, 1, 0, 4
39, 35, 1, 0, 4
39, 35, 1, 0, 4
39, 35, 1, 0, 4
39, 35, 1, 0, 4
39, 35, 1, 0, 4
39, 35, 1, 0, 4
39, 35, 1, 0, 4
39, 35, 1, 0, 4
39, 35, 1, 0, 4
39, 35, 1, 0, 4
39, 35, 1, 0, 4
39, 35, 1, 0, 4
39, 35, 1, 0, 4
39, 35, 1, 0, 4
39, 35, 1, 0, 4
39, 35, 1, 0, 4
39, 35, 1, 0, 4
39, 35, 1, 0, 4
39, 35, 2, 1, 2
39, 35, 2, 1, 2
39, 35, 2, 1, 2
39, 35, 2, 1, 2
39, 35, 2, 1, 2
39, 35, 2, 1, 2
39, 35, 2, 1, 2
39, 35, 2, 1, 2
39, 35, 2, 1, 2
39, 35, 2, 1, 2
39, 35, 2, 1, 2
39, 35, 2, 1, 2
39, 35, 2, 1, 2
39, 35, 2, 1, 2
39, 35, 2, 1, 2
39, 35, 2, 1, 2
39, 35, 2, 1, 2
39, 35, 2, 1, 2
39, 35, 2, 1, 2
39, 35, 2, 1, 2
39, 35, 2, 1, 2
39, 35, 2, 1, 2
39, 35, 2, 1, 2
39, 35, 2, 1, 2
39, 35, 2, 1, 2
39, 35, 2, 1, 2
39, 35, 2, 1, 2
39, 35, 2, 1, 2
39, 35, 2, 1, 2
39, 35, 2, 1, 2
39, 35, 2, 1, 2
39, 35, 2, 1, 2
39, 35, 2, 1, 2
39, 35, 2, 1, 2
39, 35, 2, 1, 2
40, 35, 1, 0, 4
40, 35, 1, 0, 4
40, 35, 1, 0, 4
40, 35, 1, 0, 4
40, 35, 1, 0, 4
40, 35, 1, 0, 4
40, 35, 1, 0, 4
40, 35, 1, 0, 4
40, 35, 1, 0, 4
40, 35, 1, 0, 4
40, 35, 1, 0, 4
40, 35, 1, 0, 4
40, 35, 1, 0, 4
40, 35, 1, 0, 4
40, 35, 1, 0, 4
40, 35, 1, 0, 4
40, 35, 1, 0, 4
40, 35, 1, 0, 4
40, 35, 1, 0, 4
40, 35, 1, 0, 4
40, 35, 1, 0, 4
40, 35, 1, 0, 4
40, 35, 1, 0, 4
40, 35, 1, 0, 4
40, 35, 1, 0, 4
40, 35, 1, 0, 4
40, 35, 1, 0, 4
40, 35, 1, 0, 4
40, 35, 1, 0, 4
40, 35, 1, 0, 4
40, 35, 1, 0, 4
40, 35, 1, 0, 4
40, 35, 1, 0, 4
40, 35, 1, 0, 4
40, 35, 1, 0, 4
40, 35, 2, 1, 2
40, 35, 2, 1, 2
40, 35, 2, 1, 2
40, 35, 2, 1, 2
40, 35, 2, 1, 2
40, 35, 2, 1, 2
40, 35, 2, 1, 2
40, 35, 2, 1, 2
40, 35, 2, 1, 2
40, 35, 2, 1, 2
40, 35, 2, 1, 2
40, 35, 2, 1, 2
40, 35, 2, 1, 2
40, 35, 2, 1, 2
40, 35, 2, 1, 2
40, 35, 2, 1, 2
40, 35, 2, 1, 2
40, 35, 2, 1, 2
40, 35, 2, 1, 2
40, 35, 2, 1, 2
40, 35, 2, 1, 2
40, 35, 2, 1, 2
40, 35, 2, 1, 2
40, 35, 2, 1, 2
40, 35, 2, 1, 2
40, 35, 2, 1, 2
40, 35, 2, 1, 2
40, 35, 2, 1, 2
40, 35, 2, 1, 2
40, 35, 2, 1, 2
40, 35, 2, 1, 2
40, 35, 2, 1, 2
40, 35, 2, 1, 2
40, 35, 2, 1, 2
40, 35, 2, 1, 2
41, 35, 1, 0, 4
41, 35, 1, 0, 4
41, 35, 1, 0, 4
41, 35, 1, 0, 4
41, 35, 1, 0, 4
41, 35, 1, 0, 4
41, 35, 1, 0, 4
41, 35, 1, 0, 4
41, 35, 1, 0, 4
41, 35, 1, 0, 4
41, 35, 1, 0, 4
41, 35, 1, 0, 4
41, 35, 1, 0, 4
41, 35, 1, 0, 4
41, 35, 1, 0, 4
41, 35, 1, 0, 4
41, 35, 1, 0, 4
41, 35, 1, 0, 4
41, 35, 1, 0, 4
41, 35, 1, 0, 4
41, 35, 1, 0, 4
41, 35, 1, 0, 4
41, 35, 1, 0, 4
41, 35, 1, 0, 4
41, 35, 1, 0, 4
41, 35, 1, 0, 4
41, 35, 1, 0, 4
41, 35, 1, 0, 4
41, 35, 1, 0, 4
41, 35, 1, 0, 4
41, 35, 1, 0, 4
41, 35, 1, 0, 4
41, 35, 1, 0, 4
41, 35, 1, 0, 4
41, 35, 1, 0, 4
41, 35, 2, 1, 2
41, 35, 2, 1, 2
41, 35, 2, 1, 2
41, 35, 2, 1, 2
41, 35, 2, 1, 2
41, 35, 2, 1, 2
41, 35, 2, 1, 2
41, 35, 2, 1, 2
41, 35, 2, 1, 2
41, 35, 2, 1, 2
41, 35, 2, 1, 2
41, 35, 2, 1, 2
41, 35, 2, 1, 2
41, 35, 2, 1, 2
41, 35, 2, 1, 2
41, 35, 2, 1, 2
41, 35, 2, 1, 2
41, 35, 2, 1, 2
41, 35, 2, 1, 2
41, 35, 2, 1, 2
41, 35, 2, 1, 2
41, 35, 2, 1, 2
41, 35, 2, 1, 2
41, 35, 2, 1, 2
41, 35, 2, 1, 2
41, 35, 2, 1, 2
41, 35, 2, 1, 2
41, 35, 2, 1, 2
41, 35, 2, 1, 2
41, 35, 2, 1, 2
41, 35, 2, 1, 2
41, 35, 2, 1, 2
41, 35, 2, 1, 2
41, 35, 2, 1, 2
41, 35, 2, 1, 2
42, 35, 1, 0, 4
42, 35, 1, 0, 4
42, 35, 1, 0, 4
42, 35, 1, 0, 4
42, 35, 1, 0, 4
42, 35, 1, 0, 4
42, 35, 1, 0, 4
42, 35, 1, 0, 4
42, 35, 1, 0, 4
42, 35, 1, 0, 4
42, 35, 1, 0, 4
42, 35, 1, 0, 4
42, 35, 1, 0, 4
42, 35, 1, 0, 4
42, 35, 1, 0, 4
42, 35, 1, 0, 4
42, 35, 1, 0, 4
42, 35, 1, 0, 4
42, 35, 1, 0, 4
42, 35, 1, 0, 4
42, 35, 1, 0, 4
42, 35, 1, 0, 4
42, 35, 1, 0, 4
42, 35, 1, 0, 4
42, 35, 1, 0, 4
42, 35, 1, 0, 4
42, 35, 1, 0, 4
42, 35, 1, 0, 4
42, 35, 1, 0, 4
42, 35, 1, 0, 4
42, 35, 1, 0, 4
42, 35, 1, 0, 4
42, 35, 1, 0, 4
42, 35, 1, 0, 4
42, 35, 1, 0, 4
42, 35, 2, 1, 2
42, 35, 2, 1, 2
42, 35, 2, 1, 2
42, 35, 2, 1, 2
42, 35, 2, 1, 2
42, 35, 2, 1, 2
42, 35, 2, 1, 2
42, 35, 2, 1, 2
42, 35, 2, 1, 2
42, 35, 2, 1, 2
42, 35, 2, 1, 2
42, 35, 2, 1, 2
42, 35, 2, 1, 2
42, 35, 2, 1, 2
42, 35, 2, 1, 2
42, 35, 2, 1, 2
42, 35, 2, 1, 2
42, 35, 2, 1, 2
42, 35, 2, 1, 2
42, 35, 2, 1, 2
42, 35, 2, 1, 2
42, 35, 2, 1, 2
42, 35, 2, 1, 2
42, 35, 2, 1, 2
42, 35, 2, 1, 2
42, 35, 2, 1, 2
42, 35, 2, 1, 2
42, 35, 2, 1, 2
42, 35, 2, 1, 2
42, 35, 2, 1, 2
42, 35, 2, 1, 2
42, 35, 2, 1, 2
42, 35, 2, 1, 2
42, 35, 2, 1, 2
42, 35, 2, 1, 2
43, 35, 1, 0, 4
43, 35, 1, 0, 4
43, 35, 1, 0, 4
43, 35, 1, 0, 4
43, 35, 1, 0, 4
43, 35, 1, 0, 4
43, 35, 1, 0, 4
43, 35, 1, 0, 4
43, 35, 1, 0, 4
43, 35, 1, 0, 4
43, 35, 1, 0, 4
43, 35, 1, 0, 4
43, 35, 1, 0, 4
43, 35, 1, 0, 4
43, 35, 1, 0, 4
43, 35, 1, 0, 4
43, 35, 1, 0, 4
43, 35, 1, 0, 4
43, 35, 1, 0, 4
43, 35, 1, 0, 4
43, 35, 1, 0, 4
43, 35, 1, 0, 4
43, 35, 1, 0, 4
43, 35, 1, 0, 4
43, 35, 1, 0, 4
43, 35, 1, 0, 4
43, 35, 1, 0, 4
43, 35, 1, 0, 4
43, 35, 1, 0, 4
43, 35, 1, 0, 4
43, 35, 1, 0, 4
43, 35, 1, 0, 4
43, 35, 1, 0, 4
43, 35, 1, 0, 4
43, 35, 1, 0, 4
43, 35, 2, 1, 2
43, 35, 2, 1, 2
43, 35, 2, 1, 2
43, 35, 2, 1, 2
43, 35, 2, 1, 2
43, 35, 2, 1, 2
43, 35, 2, 1, 2
43, 35, 2, 1, 2
43, 35, 2, 1, 2
43, 35, 2, 1, 2
43, 35, 2, 1, 2
43, 35, 2, 1, 2
43, 35, 2, 1, 2
43, 35, 2, 1, 2
43, 35, 2, 1, 2
43, 35, 2, 1, 2
43, 35, 2, 1, 2
43, 35, 2, 1, 2
43, 35, 2, 1, 2
43, 35, 2, 1, 2
43, 35, 2, 1, 2
43, 35, 2, 1, 2
43, 35, 2, 1, 2
43, 35, 2, 1, 2
43, 35, 2, 1, 2
43, 35, 2, 1, 2
43, 35, 2, 1, 2
43, 35, 2, 1, 2
43, 35, 2, 1, 2
43, 35, 2, 1, 2
43, 35, 2, 1, 2
43, 35, 2, 1, 2
43, 35, 2, 1, 2
43, 35, 2, 1, 2
43, 35, 2, 1, 2
44, 35, 1, 0, 4
44, 35, 1, 0, 4
44, 35, 1, 0, 4
44, 35, 1, 0, 4
44, 35, 1, 0, 4
44, 35, 1, 0, 4
44, 35, 1, 0, 4
44, 35, 1, 0, 4
44, 35, 1, 0, 4
44, 35, 1, 0, 4
44, 35, 1, 0, 4
44, 35, 1, 0, 4
44, 35, 1, 0, 4
44, 35, 1, 0, 4
44, 35, 1, 0, 4
44, 35, 1, 0, 4
44, 35, 1, 0, 4
44, 35, 1, 0, 4
44, 35, 1, 0, 4
44, 35, 1, 0, 4
44, 35, 1, 0, 4
44, 35, 1, 0, 4
44, 35, 1, 0, 4
44, 35, 1, 0, 4
44, 35, 1, 0, 4
44, 35, 1, 0, 4
44, 35, 1, 0, 4
44, 35, 1, 0, 4
44, 35, 1, 0, 4
44, 35, 1, 0, 4
44, 35, 1, 0, 4
44, 35, 1, 0, 4
44, 35, 1, 0, 4
44, 35, 1, 0, 4
44, 35, 1, 0, 4
44, 35, 2, 1, 2
44, 35, 2, 1, 2
44, 35, 2, 1, 2
44, 35, 2, 1, 2
44, 35, 2, 1, 2
44, 35, 2, 1, 2
44, 35, 2, 1, 2
44, 35, 2, 1, 2
44, 35, 2, 1, 2
44, 35, 2, 1, 2
44, 35, 2, 1, 2
44, 35, 2, 1, 2
44, 35, 2, 1, 2
44, 35, 2, 1, 2
44, 35, 2, 1, 2
44, 35, 2, 1, 2
44, 35, 2, 1, 2
44, 35, 2, 1, 2
44, 35, 2, 1, 2
44, 35, 2, 1, 2
44, 35, 2, 1, 2
44, 35, 2, 1, 2
44, 35, 2, 1, 2
44, 35, 2, 1, 2
44, 35, 2, 1, 2
44, 35, 2, 1, 2
44, 35, 2, 1, 2
44, 35, 2, 1, 2
44, 35, 2, 1, 2
44, 35, 2, 1, 2
44, 35, 2, 1, 2
44, 35, 2, 1, 2
44, 35, 2, 1, 2
44, 35, 2, 1, 2
44, 35, 2, 1, 2
45, 35, 1, 0, 4
45, 35, 1, 0, 4
45, 35, 1, 0, 4
45, 35, 1, 0, 4
45, 35, 1, 0, 4
45, 35, 1, 0, 4
45, 35, 1, 0, 4
45, 35, 1, 0, 4
45, 35, 1, 0, 4
45, 35, 1, 0, 4
45, 35, 1, 0, 4
45, 35, 1, 0, 4
45, 35, 1, 0, 4
45, 35, 1, 0, 4
45, 35, 1, 0, 4
45, 35, 1, 0, 4
45, 35, 1, 0, 4
45, 35, 1, 0, 4
45, 35, 1, 0, 4
45, 35, 1, 0, 4
45, 35, 1, 0, 4
45, 35, 1, 0, 4
45, 35, 1, 0, 4
45, 35, 1, 0, 4
45, 35, 1, 0, 4
45, 35, 1, 0, 4
45, 35, 1, 0, 4
45, 35, 1, 0, 4
45, 35, 1, 0, 4
45, 35, 1, 0, 4
45, 35, 1, 0, 4
45, 35, 1, 0, 4
45, 35, 1, 0, 4
45, 35, 1, 0, 4
45, 35, 1, 0, 4
45, 35, 2, 1, 2
45, 35, 2, 1, 2
45, 35, 2, 1, 2
45, 35, 2, 1, 2
45, 35, 2, 1, 2
45, 35, 2, 1, 2
45, 35, 2, 1, 2
45, 35, 2, 1, 2
45, 35, 2, 1, 2
45, 35, 2, 1, 2
45, 35, 2, 1, 2
45, 35, 2, 1, 2
45, 35, 2, 1, 2
45, 35, 2, 1, 2
45, 35, 2, 1, 2
45, 35, 2, 1, 2
45, 35, 2, 1, 2
45, 35, 2, 1, 2
45, 35, 2, 1, 2
45, 35, 2, 1, 2
45, 35, 2, 1, 2
45, 35, 2, 1, 2
45, 35, 2, 1, 2
45, 35, 2, 1, 2
45, 35, 2, 1, 2
45, 35, 2, 1, 2
45, 35, 2, 1, 2
45, 35, 2, 1, 2
45, 35, 2, 1, 2
45, 35, 2, 1, 2
45, 35, 2, 1, 2
45, 35, 2, 1, 2
45, 35, 2, 1, 2
45, 35, 2, 1, 2
45, 35, 2, 1, 2
46, 35, 1, 0, 4
46, 35, 1, 0, 4
46, 35, 1, 0, 4
46, 35, 1, 0, 4
46, 35, 1, 0, 4
46, 35, 1, 0, 4
46, 35, 1, 0, 4
46, 35, 1, 0, 4
46, 35, 1, 0, 4
46, 35, 1, 0, 4
46, 35, 1, 0, 4
46, 35, 1, 0, 4
46, 35, 1, 0, 4
46, 35, 1, 0, 4
46, 35, 1, 0, 4
46, 35, 1, 0, 4
46, 35, 1, 0, 4
46, 35, 1, 0, 4
46, 35, 1, 0, 4
46, 35, 1, 0, 4
46, 35, 1, 0, 4
46, 35, 1, 0, 4
46, 35, 1, 0, 4
46, 35, 1, 0, 4
46, 35, 1, 0, 4
46, 35, 1, 0, 4
46, 35, 1, 0, 4
46, 35, 1, 0, 4
46, 35, 1, 0, 4
46, 35, 1, 0, 4
46, 35, 1, 0, 4
46, 35, 1, 0, 4
46, 35, 1, 0, 4
46, 35, 1, 0, 4
46, 35, 1, 0, 4
46, 35, 2, 1, 2
46, 35, 2, 1, 2
46, 35, 2, 1, 2
46, 35, 2, 1, 2
46, 35, 2, 1, 2
46, 35, 2, 1, 2
46, 35, 2, 1, 2
46, 35, 2, 1, 2
46, 35, 2, 1, 2
46, 35, 2, 1, 2
46, 35, 2, 1, 2
46, 35, 2, 1, 2
46, 35, 2, 1, 2
46, 35, 2, 1, 2
46, 35, 2, 1, 2
46, 35, 2, 1, 2
46, 35, 2, 1, 2
46, 35, 2, 1, 2
46, 35, 2, 1, 2
46, 35, 2, 1, 2
46, 35, 2, 1, 2
46, 35, 2, 1, 2
46, 35, 2, 1, 2
46, 35, 2, 1, 2
46, 35, 2, 1, 2
46, 35, 2, 1, 2
46, 35, 2, 1, 2
46, 35, 2, 1, 2
46, 35, 2, 1, 2
46, 35, 2, 1, 2
46, 35, 2, 1, 2
46, 35, 2, 1, 2
46, 35, 2, 1, 2
46, 35, 2, 1, 2
46, 35, 2, 1, 2
47, 35, 1, 0, 4
47, 35, 1, 0, 4
47, 35, 1, 0, 4
47, 35, 1, 0, 4
47, 35, 1, 0, 4
47, 35, 1, 0, 4
47, 35, 1, 0, 4
47, 35, 1, 0, 4
47, 35, 1, 0, 4
47, 35, 1, 0, 4
47, 35, 1, 0, 4
47, 35, 1, 0, 4
47, 35, 1, 0, 4
47, 35, 1, 0, 4
47, 35, 1, 0, 4
47, 35, 1, 0, 4
47, 35, 1, 0, 4
47, 35, 1, 0, 4
47, 35, 1, 0, 4
47, 35, 1, 0, 4
47, 35, 1, 0, 4
47, 35, 1, 0, 4
47, 35, 1, 0, 4
47, 35, 1, 0, 4
47, 35, 1, 0, 4
47, 35, 1, 0, 4
47, 35, 1, 0, 4
47, 35, 1, 0, 4
47, 35, 1, 0, 4
47, 35, 1, 0, 4
47, 35, 1, 0, 4
47, 35, 1, 0, 4
47, 35, 1, 0, 4
47, 35, 1, 0, 4
47, 35, 1, 0, 4
47, 35, 2, 1, 2
47, 35, 2, 1, 2
47, 35, 2, 1, 2
47, 35, 2, 1, 2
47, 35, 2, 1, 2
47, 35, 2, 1, 2
47, 35, 2, 1, 2
47, 35, 2, 1, 2
47, 35, 2, 1, 2
47, 35, 2, 1, 2
47, 35, 2, 1, 2
47, 35, 2, 1, 2
47, 35, 2, 1, 2
47, 35, 2, 1, 2
47, 35, 2, 1, 2
47, 35, 2, 1, 2
47, 35, 2, 1, 2
47, 35, 2, 1, 2
47, 35, 2, 1, 2
47, 35, 2, 1, 2
47, 35, 2, 1, 2
47, 35, 2, 1, 2
47, 35, 2, 1, 2
47, 35, 2, 1, 2
47, 35, 2, 1, 2
47, 35, 2, 1, 2
47, 35, 2, 1, 2
47, 35, 2, 1, 2
47, 35, 2, 1, 2
47, 35, 2, 1, 2
47, 35, 2, 1, 2
47, 35, 2, 1, 2
47, 35, 2, 1, 2
47, 35, 2, 1, 2
47, 35, 2, 1, 2
48, 35, 1, 0, 5
48, 35, 1, 0, 5
48, 35, 1, 0, 5
48, 35, 1, 0, 5
48, 35, 1, 0, 5
48, 35, 1, 0, 5
48, 35, 1, 0, 5
48, 35, 1, 0, 5
48, 35, 1, 0, 5
48, 35, 1, 0, 5
48, 35, 1, 0, 5
48, 35, 1, 0, 5
48, 35, 1, 0, 5
48, 35, 1, 0, 5
48, 35, 1, 0, 5
48, 35, 1, 0, 5
48, 35, 1, 0, 5
48, 35, 1, 0, 5
48, 35, 1, 0, 5
48, 35, 1, 0, 5
48, 35, 1, 0, 5
48, 35, 1, 0, 5
48, 35, 1, 0, 5
48, 35, 1, 0, 5
48, 35, 1, 0, 5
48, 35, 1, 0, 5
48, 35, 1, 0, 5
48, 35, 1, 0, 5
48, 35, 1, 0, 5
48, 35, 1, 0, 5
48, 35, 1, 0, 5
48, 35, 1, 0, 5
48, 35, 1, 0, 5
48, 35, 1, 0, 5
48, 35, 1, 0, 5
48, 35, 2, 1, 2
48, 35, 2, 1, 2
48, 35, 2, 1, 2
48, 35, 2, 1, 2
48, 35, 2, 1, 2
48, 35, 2, 1, 2
48, 35, 2, 1, 2
48, 35, 2, 1, 2
48, 35, 2, 1, 2
48, 35, 2, 1, 2
48, 35, 2, 1, 2
48, 35, 2, 1, 2
48, 35, 2, 1, 2
48, 35, 2, 1, 2
48, 35, 2, 1, 2
48, 35, 2, 1, 2
48, 35, 2, 1, 2
48, 35, 2, 1, 2
48, 35, 2, 1, 2
48, 35, 2, 1, 2
48, 35, 2, 1, 2
48, 35, 2, 1, 2
48, 35, 2, 1, 2
48, 35, 2, 1, 2
48, 35, 2, 1, 2
48, 35, 2, 1, 2
48, 35, 2, 1, 2
48, 35, 2, 1, 2
48, 35, 2, 1, 2
48, 35, 2, 1, 2
48, 35, 2, 1, 2
48, 35, 2, 1, 2
48, 35, 2, 1, 2
48, 35, 2, 1, 2
48, 35, 2, 1, 2
49, 35, 1, 0, 5
49, 35, 1, 0, 5
49, 35, 1, 0, 5
49, 35, 1, 0, 5
49, 35, 1, 0, 5
49, 35, 1, 0, 5
49, 35, 1, 0, 5
49, 35, 1, 0, 5
49, 35, 1, 0, 5
49, 35, 1, 0, 5
49, 35, 1, 0, 5
49, 35, 1, 0, 5
49, 35, 1, 0, 5
49, 35, 1, 0, 5
49, 35, 1, 0, 5
49, 35, 1, 0, 5
49, 35, 1, 0, 5
49, 35, 1, 0, 5
49, 35, 1, 0, 5
49, 35, 1, 0, 5
49, 35, 1, 0, 5
49, 35, 1, 0, 5
49, 35, 1, 0, 5
49, 35, 1, 0, 5
49, 35, 1, 0, 5
49, 35, 1, 0, 5
49, 35, 1, 0, 5
49, 35, 1, 0, 5
49, 35, 1, 0, 5
49, 35, 1, 0, 5
49, 35, 1, 0, 5
49, 35, 1, 0, 5
49, 35, 1, 0, 5
49, 35, 1, 0, 5
49, 35, 1, 0, 5
49, 35, 2, 1, 2
49, 35, 2, 1, 2
49, 35, 2, 1, 2
49, 35, 2, 1, 2
49, 35, 2, 1, 2
49, 35, 2, 1, 2
49, 35, 2, 1, 2
49, 35, 2, 1, 2
49, 35, 2, 1, 2
49, 35, 2, 1, 2
49, 35, 2, 1, 2
49, 35, 2, 1, 2
49, 35, 2, 1, 2
49, 35, 2, 1, 2
49, 35, 2, 1, 2
49, 35, 2, 1, 2
49, 35, 2, 1, 2
49, 35, 2, 1, 2
49, 35, 2, 1, 2
49, 35, 2, 1, 2
49, 35, 2, 1, 2
49, 35, 2, 1, 2
49, 35, 2, 1, 2
49, 35, 2, 1, 2
49, 35, 2, 1, 2
49, 35, 2, 1, 2
49, 35, 2, 1, 2
49, 35, 2, 1, 2
49, 35, 2, 1, 2
49, 35, 2, 1, 2
49, 35, 2, 1, 2
49, 35, 2, 1, 2
49, 35, 2, 1, 2
49, 35, 2, 1, 2
49, 35, 2, 1, 2
50, 35, 1, 0, 5
50, 35, 1, 0, 5
50, 35, 1, 0, 5
50, 35, 1, 0, 5
50, 35, 1, 0, 5
50, 35, 1, 0, 5
50, 35, 1, 0, 5
50, 35, 1, 0, 5
50, 35, 1, 0, 5
50, 35, 1, 0, 5
50, 35, 1, 0, 5
50, 35, 1, 0, 5
50, 35, 1, 0, 5
50, 35, 1, 0, 5
50, 35, 1, 0, 5
50, 35, 1, 0, 5
50, 35, 1, 0, 5
50, 35, 1, 0, 5
50, 35, 1, 0, 5
50, 35, 1, 0, 5
50, 35, 1, 0, 5
50, 35, 1, 0, 5
50, 35, 1, 0, 5
50, 35, 1, 0, 5
50, 35, 1, 0, 5
50, 35, 1, 0, 5
50, 35, 1, 0, 5
50, 35, 1, 0, 5
50, 35, 1, 0, 5
50, 35, 1, 0, 5
50, 35, 1, 0, 5
50, 35, 1, 0, 5
50, 35, 1, 0, 5
50, 35, 1, 0, 5
50, 35, 1, 0, 5
50, 35, 2, 1, 2
50, 35, 2, 1, 2
50, 35, 2, 1, 2
50, 35, 2, 1, 2
50, 35, 2, 1, 2
50, 35, 2, 1, 2
50, 35, 2, 1, 2
50, 35, 2, 1, 2
50, 35, 2, 1, 2
50, 35, 2, 1, 2
50, 35, 2, 1, 2
50, 35, 2, 1, 2
50, 35, 2, 1, 2
50, 35, 2, 1, 2
50, 35, 2, 1, 2
50, 35, 2, 1, 2
50, 35, 2, 1, 2
50, 35, 2, 1, 2
50, 35, 2, 1, 2
50, 35, 2, 1, 2
50, 35, 2, 1, 2
50, 35, 2, 1, 2
50, 35, 2, 1, 2
50, 35, 2, 1, 2
50, 35, 2, 1, 2
50, 35, 2, 1, 2
50, 35, 2, 1, 2
50, 35, 2, 1, 2
50, 35, 2, 1, 2
50, 35, 2, 1, 2
50, 35, 2, 1, 2
50, 35, 2, 1, 2
50, 35, 2, 1, 2
50, 35, 2, 1, 2
50, 35, 2, 1, 2
51, 35, 1, 0, 6
51, 35, 1, 0, 6
51, 35, 1, 0, 6
51, 35, 1, 0, 6
51, 35, 1, 0, 6
51, 35, 1, 0, 6
51, 35, 1, 0, 6
51, 35, 1, 0, 6
51, 35, 1, 0, 6
51, 35, 1, 0, 6
51, 35, 1, 0, 6
51, 35, 1, 0, 6
51, 35, 1, 0, 6
51, 35, 1, 0, 6
51, 35, 1, 0, 6
51, 35, 1, 0, 6
51, 35, 1, 0, 6
51, 35, 1, 0, 6
51, 35, 1, 0, 6
51, 35, 1, 0, 6
51, 35, 1, 0, 6
51, 35, 1, 0, 6
51, 35, 1, 0, 6
51, 35, 1, 0, 6
51, 35, 1, 0, 6
51, 35, 1, 0, 6
51, 35, 1, 0, 6
51, 35, 1, 0, 6
51, 35, 1, 0, 6
51, 35, 1, 0, 6
51, 35, 1, 0, 6
51, 35, 1, 0, 6
51, 35, 1, 0, 6
51, 35, 1, 0, 6
51, 35, 1, 0, 6
51, 35, 2, 1, 2
51, 35, 2, 1, 2
51, 35, 2, 1, 2
51, 35, 2, 1, 2
51, 35, 2, 1, 2
51, 35, 2, 1, 2
51, 35, 2, 1, 2
51, 35, 2, 1, 2
51, 35, 2, 1, 2
51, 35, 2, 1, 2
51, 35, 2, 1, 2
51, 35, 2, 1, 2
51, 35, 2, 1, 2
51, 35, 2, 1, 2
51, 35, 2, 1, 2
51, 35, 2, 1, 2
51, 35, 2, 1, 2
51, 35, 2, 1, 2
51, 35, 2, 1, 2
51, 35, 2, 1, 2
51, 35, 2, 1, 2
51, 35, 2, 1, 2
51, 35, 2, 1, 2
51, 35, 2, 1, 2
51, 35, 2, 1, 2
51, 35, 2, 1, 2
51, 35, 2, 1, 2
51, 35, 2, 1, 2
51, 35, 2, 1, 2
51, 35, 2, 1, 2
51, 35, 2, 1, 2
51, 35, 2, 1, 2
51, 35, 2, 1, 2
51, 35, 2, 1, 2
51, 35, 2, 1, 2
52, 35, 1, 0, 6
52, 35, 1, 0, 6
52, 35, 1, 0, 6
52, 35, 1, 0, 6
52, 35, 1, 0, 6
52, 35, 1, 0, 6
52, 35, 1, 0, 6
52, 35, 1, 0, 6
52, 35, 1, 0, 6
52, 35, 1, 0, 6
52, 35, 1, 0, 6
52, 35, 1, 0, 6
52, 35, 1, 0, 6
52, 35, 1, 0, 6
52, 35, 1, 0, 6
52, 35, 1, 0, 6
52, 35, 1, 0, 6
52, 35, 1, 0, 6
52, 35, 1, 0, 6
52, 35, 1, 0, 6
52, 35, 1, 0, 6
52, 35, 1, 0, 6
52, 35, 1, 0, 6
52, 35, 1, 0, 6
52, 35, 1, 0, 6
52, 35, 1, 0, 6
52, 35, 1, 0, 6
52, 35, 1, 0, 6
52, 35, 1, 0, 6
52, 35, 1, 0, 6
52, 35, 1, 0, 6
52, 35, 1, 0, 6
52, 35, 1, 0, 6
52, 35, 1, 0, 6
52, 35, 1, 0, 6
52, 35, 2, 1, 2
52, 35, 2, 1, 2
52, 35, 2, 1, 2
52, 35, 2, 1, 2
52, 35, 2, 1, 2
52, 35, 2, 1, 2
52, 35, 2, 1, 2
52, 35, 2, 1, 2
52, 35, 2, 1, 2
52, 35, 2, 1, 2
52, 35, 2, 1, 2
52, 35, 2, 1, 2
52, 35, 2, 1, 2
52, 35, 2, 1, 2
52, 35, 2, 1, 2
52, 35, 2, 1, 2
52, 35, 2, 1, 2
52, 35, 2, 1, 2
52, 35, 2, 1, 2
52, 35, 2, 1, 2
52, 35, 2, 1, 2
52, 35, 2, 1, 2
52, 35, 2, 1, 2
52, 35, 2, 1, 2
52, 35, 2, 1, 2
52, 35, 2, 1, 2
52, 35, 2, 1, 2
52, 35, 2, 1, 2
52, 35, 2, 1, 2
52, 35, 2, 1, 2
52, 35, 2, 1, 2
52, 35, 2, 1, 2
52, 35, 2, 1, 2
52, 35, 2, 1, 2
52, 35, 2, 1, 2
53, 35, 1, 0, 6
53, 35, 1, 0, 6
53, 35, 1, 0, 6
53, 35, 1, 0, 6
53, 35, 1, 0, 6
53, 35, 1, 0, 6
53, 35, 1, 0, 6
53, 35, 1, 0, 6
53, 35, 1, 0, 6
53, 35, 1, 0, 6
53, 35, 1, 0, 6
53, 35, 1, 0, 6
53, 35, 1, 0, 6
53, 35, 1, 0, 6
53, 35, 1, 0, 6
53, 35, 1, 0, 6
53, 35, 1, 0, 6
53, 35, 1, 0, 6
53, 35, 1, 0, 6
53, 35, 1, 0, 6
53, 35, 1, 0, 6
53, 35, 1, 0, 6
53, 35, 1, 0, 6
53, 35, 1, 0, 6
53, 35, 1, 0, 6
53, 35, 1, 0, 6
53, 35, 1, 0, 6
53, 35, 1, 0, 6
53, 35, 1, 0, 6
53, 35, 1, 0, 6
53, 35, 1, 0, 6
53, 35, 1, 0, 6
53, 35, 1, 0, 6
53, 35, 1, 0, 6
53, 35, 1, 0, 6
53, 35, 2, 1, 2
53, 35, 2, 1, 2
53, 35, 2, 1, 2
53, 35, 2, 1, 2
53, 35, 2, 1, 2
53, 35, 2, 1, 2
53, 35, 2, 1, 2
53, 35, 2, 1, 2
53, 35, 2, 1, 2
53, 35, 2, 1, 2
53, 35, 2, 1, 2
53, 35, 2, 1, 2
53, 35, 2, 1, 2
53, 35, 2, 1, 2
53, 35, 2, 1, 2
53, 35, 2, 1, 2
53, 35, 2, 1, 2
53, 35, 2, 1, 2
53, 35, 2, 1, 2
53, 35, 2, 1, 2
53, 35, 2, 1, 2
53, 35, 2, 1, 2
53, 35, 2, 1, 2
53, 35, 2, 1, 2
53, 35, 2, 1, 2
53, 35, 2, 1, 2
53, 35, 2, 1, 2
53, 35, 2, 1, 2
53, 35, 2, 1, 2
53, 35, 2, 1, 2
53, 35, 2, 1, 2
53, 35, 2, 1, 2
53, 35, 2, 1, 2
53, 35, 2, 1, 2
53, 35, 2, 1, 2
54, 35, 1, 0, 6
54, 35, 1, 0, 6
54, 35, 1, 0, 6
54, 35, 1, 0, 6
54, 35, 1, 0, 6
54, 35, 1, 0, 6
54, 35, 1, 0, 6
54, 35, 1, 0, 6
54, 35, 1, 0, 6
54, 35, 1, 0, 6
54, 35, 1, 0, 6
54, 35, 1, 0, 6
54, 35, 1, 0, 6
54, 35, 1, 0, 6
54, 35, 1, 0, 6
54, 35, 1, 0, 6
54, 35, 1, 0, 6
54, 35, 1, 0, 6
54, 35, 1, 0, 6
54, 35, 1, 0, 6
54, 35, 1, 0, 6
54, 35, 1, 0, 6
54, 35, 1, 0, 6
54, 35, 1, 0, 6
54, 35, 1, 0, 6
54, 35, 1, 0, 6
54, 35, 1, 0, 6
54, 35, 1, 0, 6
54, 35, 1, 0, 6
54, 35, 1, 0, 6
54, 35, 1, 0, 6
54, 35, 1, 0, 6
54, 35, 1, 0, 6
54, 35, 1, 0, 6
54, 35, 1, 0, 6
54, 35, 2, 1, 2
54, 35, 2, 1, 2
54, 35, 2, 1, 2
54, 35, 2, 1, 2
54, 35, 2, 1, 2
54, 35, 2, 1, 2
54, 35, 2, 1, 2
54, 35, 2, 1, 2
54, 35, 2, 1, 2
54, 35, 2, 1, 2
54, 35, 2, 1, 2
54, 35, 2, 1, 2
54, 35, 2, 1, 2
54, 35, 2, 1, 2
54, 35, 2, 1, 2
54, 35, 2, 1, 2
54, 35, 2, 1, 2
54, 35, 2, 1, 2
54, 35, 2, 1, 2
54, 35, 2, 1, 2
54, 35, 2, 1, 2
54, 35, 2, 1, 2
54, 35, 2, 1, 2
54, 35, 2, 1, 2
54, 35, 2, 1, 2
54, 35, 2, 1, 2
54, 35, 2, 1, 2
54, 35, 2, 1, 2
54, 35, 2, 1, 2
54, 35, 2, 1, 2
54, 35, 2, 1, 2
54, 35, 2, 1, 2
54, 35, 2, 1, 2
54, 35, 2, 1, 2
54, 35, 2, 1, 2
55, 35, 1, 0, 6
55, 35, 1, 0, 6
55, 35, 1, 0, 6
55, 35, 1, 0, 6
55, 35, 1, 0, 6
55, 35, 1, 0, 6
55, 35, 1, 0, 6
55, 35, 1, 0, 6
55, 35, 1, 0, 6
55, 35, 1, 0, 6
55, 35, 1, 0, 6
55, 35, 1, 0, 6
55, 35, 1, 0, 6
55, 35, 1, 0, 6
55, 35, 1, 0, 6
55, 35, 1, 0, 6
55, 35, 1, 0, 6
55, 35, 1, 0, 6
55, 35, 1, 0, 6
55, 35, 1, 0, 6
55, 35, 1, 0, 6
55, 35, 1, 0, 6
55, 35, 1, 0, 6
55, 35, 1, 0, 6
55, 35, 1, 0, 6
55, 35, 1, 0, 6
55, 35, 1, 0, 6
55, 35, 1, 0, 6
55, 35, 1, 0, 6
55, 35, 1, 0, 6
55, 35, 1, 0, 6
55, 35, 1, 0, 6
55, 35, 1, 0, 6
55, 35, 1, 0, 6
55, 35, 1, 0, 6
55, 35, 2, 1, 2
55, 35, 2, 1, 2
55, 35, 2, 1, 2
55, 35, 2, 1, 2
55, 35, 2, 1, 2
55, 35, 2, 1, 2
55, 35, 2, 1, 2
55, 35, 2, 1, 2
55, 35, 2, 1, 2
55, 35, 2, 1, 2
55, 35, 2, 1, 2
55, 35, 2, 1, 2
55, 35, 2, 1, 2
55, 35, 2, 1, 2
55, 35, 2, 1, 2
55, 35, 2, 1, 2
55, 35, 2, 1, 2
55, 35, 2, 1, 2
55, 35, 2, 1, 2
55, 35, 2, 1, 2
55, 35, 2, 1, 2
55, 35, 2, 1, 2
55, 35, 2, 1, 2
55, 35, 2, 1, 2
55, 35, 2, 1, 2
55, 35, 2, 1, 2
55, 35, 2, 1, 2
55, 35, 2, 1, 2
55, 35, 2, 1, 2
55, 35, 2, 1, 2
55, 35, 2, 1, 2
55, 35, 2, 1, 2
55, 35, 2, 1, 2
55, 35, 2, 1, 2
55, 35, 2, 1, 2
56, 35, 1, 0, 6
56, 35, 1, 0, 6
56, 35, 1, 0, 6
56, 35, 1, 0, 6
56, 35, 1, 0, 6
56, 35, 1, 0, 6
56, 35, 1, 0, 6
56, 35, 1, 0, 6
56, 35, 1, 0, 6
56, 35, 1, 0, 6
56, 35, 1, 0, 6
56, 35, 1, 0, 6
56, 35, 1, 0, 6
56, 35, 1, 0, 6
56, 35, 1, 0, 6
56, 35, 1, 0, 6
56, 35, 1, 0, 6
56, 35, 1, 0, 6
56, 35, 1, 0, 6
56, 35, 1, 0, 6
56, 35, 1, 0, 6
56, 35, 1, 0, 6
56, 35, 1, 0, 6
56, 35, 1, 0, 6
56, 35, 1, 0, 6
56, 35, 1, 0, 6
56, 35, 1, 0, 6
56, 35, 1, 0, 6
56, 35, 1, 0, 6
56, 35, 1, 0, 6
56, 35, 1, 0, 6
56, 35, 1, 0, 6
56, 35, 1, 0, 6
56, 35, 1, 0, 6
56, 35, 1, 0, 6
56, 35, 2, 1, 2
56, 35, 2, 1, 2
56, 35, 2, 1, 2
56, 35, 2, 1, 2
56, 35, 2, 1, 2
56, 35, 2, 1, 2
56, 35, 2, 1, 2
56, 35, 2, 1, 2
56, 35, 2, 1, 2
56, 35, 2, 1, 2
56, 35, 2, 1, 2
56, 35, 2, 1, 2
56, 35, 2, 1, 2
56, 35, 2, 1, 2
56, 35, 2, 1, 2
56, 35, 2, 1, 2
56, 35, 2, 1, 2
56, 35, 2, 1, 2
56, 35, 2, 1, 2
56, 35, 2, 1, 2
56, 35, 2, 1, 2
56, 35, 2, 1, 2
56, 35, 2, 1, 2
56, 35, 2, 1, 2
56, 35, 2, 1, 2
56, 35, 2, 1, 2
56, 35, 2, 1, 2
56, 35, 2, 1, 2
56, 35, 2, 1, 2
56, 35, 2, 1, 2
56, 35, 2, 1, 2
56, 35, 2, 1, 2
56, 35, 2, 1, 2
56, 35, 2, 1, 2
56, 35, 2, 1, 2
57, 35, 1, 0, 6
57, 35, 1, 0, 6
57, 35, 1, 0, 6
57, 35, 1, 0, 6
57, 35, 1, 0, 6
57, 35, 1, 0, 6
57, 35, 1, 0, 6
57, 35, 1, 0, 6
57, 35, 1, 0, 6
57, 35, 1, 0, 6
57, 35, 1, 0, 6
57, 35, 1, 0, 6
57, 35, 1, 0, 6
57, 35, 1, 0, 6
57, 35, 1, 0, 6
57, 35, 1, 0, 6
57, 35, 1, 0, 6
57, 35, 1, 0, 6
57, 35, 1, 0, 6
57, 35, 1, 0, 6
57, 35, 1, 0, 6
57, 35, 1, 0, 6
57, 35, 1, 0, 6
57, 35, 1, 0, 6
57, 35, 1, 0, 6
57, 35, 1, 0, 6
57, 35, 1, 0, 6
57, 35, 1, 0, 6
57, 35, 1, 0, 6
57, 35, 1, 0, 6
57, 35, 1, 0, 6
57, 35, 1, 0, 6
57, 35, 1, 0, 6
57, 35, 1, 0, 6
57, 35, 1, 0, 6
57, 35, 2, 1, 2
57, 35, 2, 1, 2
57, 35, 2, 1, 2
57, 35, 2, 1, 2
57, 35, 2, 1, 2
57, 35, 2, 1, 2
57, 35, 2, 1, 2
57, 35, 2, 1, 2
57, 35, 2, 1, 2
57, 35, 2, 1, 2
57, 35, 2, 1, 2
57, 35, 2, 1, 2
57, 35, 2, 1, 2
57, 35, 2, 1, 2
57, 35, 2, 1, 2
57, 35, 2, 1, 2
57, 35, 2, 1, 2
57, 35, 2, 1, 2
57, 35, 2, 1, 2
57, 35, 2, 1, 2
57, 35, 2, 1, 2
57, 35, 2, 1, 2
57, 35, 2, 1, 2
57, 35, 2, 1, 2
57, 35, 2, 1, 2
57, 35, 2, 1, 2
57, 35, 2, 1, 2
57, 35, 2, 1, 2
57, 35, 2, 1, 2
57, 35, 2, 1, 2
57, 35, 2, 1, 2
57, 35, 2, 1, 2
57, 35, 2, 1, 2
57, 35, 2, 1, 2
57, 35, 2, 1, 2
58, 35, 1, 0, 6
58, 35, 1, 0, 6
58, 35, 1, 0, 6
58, 35, 1, 0, 6
58, 35, 1, 0, 6
58, 35, 1, 0, 6
58, 35, 1, 0, 6
58, 35, 1, 0, 6
58, 35, 1, 0, 6
58, 35, 1, 0, 6
58, 35, 1, 0, 6
58, 35, 1, 0, 6
58, 35, 1, 0, 6
58, 35, 1, 0, 6
58, 35, 1, 0, 6
58, 35, 1, 0, 6
58, 35, 1, 0, 6
58, 35, 1, 0, 6
58, 35, 1, 0, 6
58, 35, 1, 0, 6
58, 35, 1, 0, 6
58, 35, 1, 0, 6
58, 35, 1, 0, 6
58, 35, 1, 0, 6
58, 35, 1, 0, 6
58, 35, 1, 0, 6
58, 35, 1, 0, 6
58, 35, 1, 0, 6
58, 35, 1, 0, 6
58, 35, 1, 0, 6
58, 35, 1, 0, 6
58, 35, 1, 0, 6
58, 35, 1, 0, 6
58, 35, 1, 0, 6
58, 35, 1, 0, 6
58, 35, 2, 1, 2
58, 35, 2, 1, 2
58, 35, 2, 1, 2
58, 35, 2, 1, 2
58, 35, 2, 1, 2
58, 35, 2, 1, 2
58, 35, 2, 1, 2
58, 35, 2, 1, 2
58, 35, 2, 1, 2
58, 35, 2, 1, 2
58, 35, 2, 1, 2
58, 35, 2, 1, 2
58, 35, 2, 1, 2
58, 35, 2, 1, 2
58, 35, 2, 1, 2
58, 35, 2, 1, 2
58, 35, 2, 1, 2
58, 35, 2, 1, 2
58, 35, 2, 1, 2
58, 35, 2, 1, 2
58, 35, 2, 1, 2
58, 35, 2, 1, 2
58, 35, 2, 1, 2
58, 35, 2, 1, 2
58, 35, 2, 1, 2
58, 35, 2, 1, 2
58, 35, 2, 1, 2
58, 35, 2, 1, 2
58, 35, 2, 1, 2
58, 35, 2, 1, 2
58, 35, 2, 1, 2
58, 35, 2, 1, 2
58, 35, 2, 1, 2
58, 35, 2, 1, 2
58, 35, 2, 1, 2
59, 35, 1, 0, 7
59, 35, 1, 0, 7
59, 35, 1, 0, 7
59, 35, 1, 0, 7
59, 35, 1, 0, 7
59, 35, 1, 0, 7
59, 35, 1, 0, 7
59, 35, 1, 0, 7
59, 35, 1, 0, 7
59, 35, 1, 0, 7
59, 35, 1, 0, 7
59, 35, 1, 0, 7
59, 35, 1, 0, 7
59, 35, 1, 0, 7
59, 35, 1, 0, 7
59, 35, 1, 0, 7
59, 35, 1, 0, 7
59, 35, 1, 0, 7
59, 35, 1, 0, 7
59, 35, 1, 0, 7
59, 35, 1, 0, 7
59, 35, 1, 0, 7
59, 35, 1, 0, 7
59, 35, 1, 0, 7
59, 35, 1, 0, 7
59, 35, 1, 0, 7
59, 35, 1, 0, 7
59, 35, 1, 0, 7
59, 35, 1, 0, 7
59, 35, 1, 0, 7
59, 35, 1, 0, 7
59, 35, 1, 0, 7
59, 35, 1, 0, 7
59, 35, 1, 0, 7
59, 35, 1, 0, 7
59, 35, 2, 1, 2
59, 35, 2, 1, 2
59, 35, 2, 1, 2
59, 35, 2, 1, 2
59, 35, 2, 1, 2
59, 35, 2, 1, 2
59, 35, 2, 1, 2
59, 35, 2, 1, 2
59, 35, 2, 1, 2
59, 35, 2, 1, 2
59, 35, 2, 1, 2
59, 35, 2, 1, 2
59, 35, 2, 1, 2
59, 35, 2, 1, 2
59, 35, 2, 1, 2
59, 35, 2, 1, 2
59, 35, 2, 1, 2
59, 35, 2, 1, 2
59, 35, 2, 1, 2
59, 35, 2, 1, 2
59, 35, 2, 1, 2
59, 35, 2, 1, 2
59, 35, 2, 1, 2
59, 35, 2, 1, 2
59, 35, 2, 1, 2
59, 35, 2, 1, 2
59, 35, 2, 1, 2
59, 35, 2, 1, 2
59, 35, 2, 1, 2
59, 35, 2, 1, 2
59, 35, 2, 1, 2
59, 35, 2, 1, 2
59, 35, 2, 1, 2
59, 35, 2, 1, 2
59, 35, 2, 1, 2
60, 35, 1, 0, 7
60, 35, 1, 0, 7
60, 35, 1, 0, 7
60, 35, 1, 0, 7
60, 35, 1, 0, 7
60, 35, 1, 0, 7
60, 35, 1, 0, 7
60, 35, 1, 0, 7
60, 35, 1, 0, 7
60, 35, 1, 0, 7
60, 35, 1, 0, 7
60, 35, 1, 0, 7
60, 35, 1, 0, 7
60, 35, 1, 0, 7
60, 35, 1, 0, 7
60, 35, 1, 0, 7
60, 35, 1, 0, 7
60, 35, 1, 0, 7
60, 35, 1, 0, 7
60, 35, 1, 0, 7
60, 35, 1, 0, 7
60, 35, 1, 0, 7
60, 35, 1, 0, 7
60, 35, 1, 0, 7
60, 35, 1, 0, 7
60, 35, 1, 0, 7
60, 35, 1, 0, 7
60, 35, 1, 0, 7
60, 35, 1, 0, 7
60, 35, 1, 0, 7
60, 35, 1, 0, 7
60, 35, 1, 0, 7
60, 35, 1, 0, 7
60, 35, 1, 0, 7
60, 35, 1, 0, 7
60, 35, 2, 1, 2
60, 35, 2, 1, 2
60, 35, 2, 1, 2
60, 35, 2, 1, 2
60, 35, 2, 1, 2
60, 35, 2, 1, 2
60, 35, 2, 1, 2
60, 35, 2, 1, 2
60, 35, 2, 1, 2
60, 35, 2, 1, 2
60, 35, 2, 1, 2
60, 35, 2, 1, 2
60, 35, 2, 1, 2
60, 35, 2, 1, 2
60, 35, 2, 1, 2
60, 35, 2, 1, 2
60, 35, 2, 1, 2
60, 35, 2, 1, 2
60, 35, 2, 1, 2
60, 35, 2, 1, 2
60, 35, 2, 1, 2
60, 35, 2, 1, 2
60, 35, 2, 1, 2
60, 35, 2, 1, 2
60, 35, 2, 1, 2
60, 35, 2, 1, 2
60, 35, 2, 1, 2
60, 35, 2, 1, 2
60, 35, 2, 1, 2
60, 35, 2, 1, 2
60, 35, 2, 1, 2
60, 35, 2, 1, 2
60, 35, 2, 1, 2
60, 35, 2, 1, 2
60, 35, 2, 1, 2
61, 35, 1, 0, 7
61, 35, 1, 0, 7
61, 35, 1, 0, 7
61, 35, 1, 0, 7
61, 35, 1, 0, 7
61, 35, 1, 0, 7
61, 35, 1, 0, 7
61, 35, 1, 0, 7
61, 35, 1, 0, 7
61, 35, 1, 0, 7
61, 35, 1, 0, 7
61, 35, 1, 0, 7
61, 35, 1, 0, 7
61, 35, 1, 0, 7
61, 35, 1, 0, 7
61, 35, 1, 0, 7
61, 35, 1, 0, 7
61, 35, 1, 0, 7
61, 35, 1, 0, 7
61, 35, 1, 0, 7
61, 35, 1, 0, 7
61, 35, 1, 0, 7
61, 35, 1, 0, 7
61, 35, 1, 0, 7
61, 35, 1, 0, 7
61, 35, 1, 0, 7
61, 35, 1, 0, 7
61, 35, 1, 0, 7
61, 35, 1, 0, 7
61, 35, 1, 0, 7
61, 35, 1, 0, 7
61, 35, 1, 0, 7
61, 35, 1, 0, 7
61, 35, 1, 0, 7
61, 35, 1, 0, 7
61, 35, 2, 1, 2
61, 35, 2, 1, 2
61, 35, 2, 1, 2
61, 35, 2, 1, 2
61, 35, 2, 1, 2
61, 35, 2, 1, 2
61, 35, 2, 1, 2
61, 35, 2, 1, 2
61, 35, 2, 1, 2
61, 35, 2, 1, 2
61, 35, 2, 1, 2
61, 35, 2, 1, 2
61, 35, 2, 1, 2
61, 35, 2, 1, 2
61, 35, 2, 1, 2
61, 35, 2, 1, 2
61, 35, 2, 1, 2
61, 35, 2, 1, 2
61, 35, 2, 1, 2
61, 35, 2, 1, 2
61, 35, 2, 1, 2
61, 35, 2, 1, 2
61, 35, 2, 1, 2
61, 35, 2, 1, 2
61, 35, 2, 1, 2
61, 35, 2, 1, 2
61, 35, 2, 1, 2
61, 35, 2, 1, 2
61, 35, 2, 1, 2
61, 35, 2, 1, 2
61, 35, 2, 1, 2
61, 35, 2, 1, 2
61, 35, 2, 1, 2
61, 35, 2, 1, 2
61, 35, 2, 1, 2
62, 35, 1, 0, 7
62, 35, 1, 0, 7
62, 35, 1, 0, 7
62, 35, 1, 0, 7
62, 35, 1, 0, 7
62, 35, 1, 0, 7
62, 35, 1, 0, 7
62, 35, 1, 0, 7
62, 35, 1, 0, 7
62, 35, 1, 0, 7
62, 35, 1, 0, 7
62, 35, 1, 0, 7
62, 35, 1, 0, 7
62, 35, 1, 0, 7
62, 35, 1, 0, 7
62, 35, 1, 0, 7
62, 35, 1, 0, 7
62, 35, 1, 0, 7
62, 35, 1, 0, 7
62, 35, 1, 0, 7
62, 35, 1, 0, 7
62, 35, 1, 0, 7
62, 35, 1, 0, 7
62, 35, 1, 0, 7
62, 35, 1, 0, 7
62, 35, 1, 0, 7
62, 35, 1, 0, 7
62, 35, 1, 0, 7
62, 35, 1, 0, 7
62, 35, 1, 0, 7
62, 35, 1, 0, 7
62, 35, 1, 0, 7
62, 35, 1, 0, 7
62, 35, 1, 0, 7
62, 35, 1, 0, 7
62, 35, 2, 1, 2
62, 35, 2, 1, 2
62, 35, 2, 1, 2
62, 35, 2, 1, 2
62, 35, 2, 1, 2
62, 35, 2, 1, 2
62, 35, 2, 1, 2
62, 35, 2, 1, 2
62, 35, 2, 1, 2
62, 35, 2, 1, 2
62, 35, 2, 1, 2
62, 35, 2, 1, 2
62, 35, 2, 1, 2
62, 35, 2, 1, 2
62, 35, 2, 1, 2
62, 35, 2, 1, 2
62, 35, 2, 1, 2
62, 35, 2, 1, 2
62, 35, 2, 1, 2
62, 35, 2, 1, 2
62, 35, 2, 1, 2
62, 35, 2, 1, 2
62, 35, 2, 1, 2
62, 35, 2, 1, 2
62, 35, 2, 1, 2
62, 35, 2, 1, 2
62, 35, 2, 1, 2
62, 35, 2, 1, 2
62, 35, 2, 1, 2
62, 35, 2, 1, 2
62, 35, 2, 1, 2
62, 35, 2, 1, 2
62, 35, 2, 1, 2
62, 35, 2, 1, 2
62, 35, 2, 1, 2
63, 35, 1, 0, 7
63, 35, 1, 0, 7
63, 35, 1, 0, 7
63, 35, 1, 0, 7
63, 35, 1, 0, 7
63, 35, 1, 0, 7
63, 35, 1, 0, 7
63, 35, 1, 0, 7
63, 35, 1, 0, 7
63, 35, 1, 0, 7
63, 35, 1, 0, 7
63, 35, 1, 0, 7
63, 35, 1, 0, 7
63, 35, 1, 0, 7
63, 35, 1, 0, 7
63, 35, 1, 0, 7
63, 35, 1, 0, 7
63, 35, 1, 0, 7
63, 35, 1, 0, 7
63, 35, 1, 0, 7
63, 35, 1, 0, 7
63, 35, 1, 0, 7
63, 35, 1, 0, 7
63, 35, 1, 0, 7
63, 35, 1, 0, 7
63, 35, 1, 0, 7
63, 35, 1, 0, 7
63, 35, 1, 0, 7
63, 35, 1, 0, 7
63, 35, 1, 0, 7
63, 35, 1, 0, 7
63, 35, 1, 0, 7
63, 35, 1, 0, 7
63, 35, 1, 0, 7
63, 35, 1, 0, 7
63, 35, 2, 1, 2
63, 35, 2, 1, 2
63, 35, 2, 1, 2
63, 35, 2, 1, 2
63, 35, 2, 1, 2
63, 35, 2, 1, 2
63, 35, 2, 1, 2
63, 35, 2, 1, 2
63, 35, 2, 1, 2
63, 35, 2, 1, 2
63, 35, 2, 1, 2
63, 35, 2, 1, 2
63, 35, 2, 1, 2
63, 35, 2, 1, 2
63, 35, 2, 1, 2
63, 35, 2, 1, 2
63, 35, 2, 1, 2
63, 35, 2, 1, 2
63, 35, 2, 1, 2
63, 35, 2, 1, 2
63, 35, 2, 1, 2
63, 35, 2, 1, 2
63, 35, 2, 1, 2
63, 35, 2, 1, 2
63, 35, 2, 1, 2
63, 35, 2, 1, 2
63, 35, 2, 1, 2
63, 35, 2, 1, 2
63, 35, 2, 1, 2
63, 35, 2, 1, 2
63, 35, 2, 1, 2
63, 35, 2, 1, 2
63, 35, 2, 1, 2
63, 35, 2, 1, 2
63, 35, 2, 1, 2
64, 35, 1, 0, 7
64, 35, 1, 0, 7
64, 35, 1, 0, 7
64, 35, 1, 0, 7
64, 35, 1, 0, 7
64, 35, 1, 0, 7
64, 35, 1, 0, 7
64, 35, 1, 0, 7
64, 35, 1, 0, 7
64, 35, 1, 0, 7
64, 35, 1, 0, 7
64, 35, 1, 0, 7
64, 35, 1, 0, 7
64, 35, 1, 0, 7
64, 35, 1, 0, 7
64, 35, 1, 0, 7
64, 35, 1, 0, 7
64, 35, 1, 0, 7
64, 35, 1, 0, 7
64, 35, 1, 0, 7
64, 35, 1, 0, 7
64, 35, 1, 0, 7
64, 35, 1, 0, 7
64, 35, 1, 0, 7
64, 35, 1, 0, 7
64, 35, 1, 0, 7
64, 35, 1, 0, 7
64, 35, 1, 0, 7
64, 35, 1, 0, 7
64, 35, 1, 0, 7
64, 35, 1, 0, 7
64, 35, 1, 0, 7
64, 35, 1, 0, 7
64, 35, 1, 0, 7
64, 35, 1, 0, 7
64, 35, 2, 1, 2
64, 35, 2, 1, 2
64, 35, 2, 1, 2
64, 35, 2, 1, 2
64, 35, 2, 1, 2
64, 35, 2, 1, 2
64, 35, 2, 1, 2
64, 35, 2, 1, 2
64, 35, 2, 1, 2
64, 35, 2, 1, 2
64, 35, 2, 1, 2
64, 35, 2, 1, 2
64, 35, 2, 1, 2
64, 35, 2, 1, 2
64, 35, 2, 1, 2
64, 35, 2, 1, 2
64, 35, 2, 1, 2
64, 35, 2, 1, 2
64, 35, 2, 1, 2
64, 35, 2, 1, 2
64, 35, 2, 1, 2
64, 35, 2, 1, 2
64, 35, 2, 1, 2
64, 35, 2, 1, 2
64, 35, 2, 1, 2
64, 35, 2, 1, 2
64, 35, 2, 1, 2
64, 35, 2, 1, 2
64, 35, 2, 1, 2
64, 35, 2, 1, 2
64, 35, 2, 1, 2
64, 35, 2, 1, 2
64, 35, 2, 1, 2
64, 35, 2, 1, 2
64, 35, 2, 1, 2
65, 35, 1, 0, 8
65, 35, 1, 0, 8
65, 35, 1, 0, 8
65, 35, 1, 0, 8
65, 35, 1, 0, 8
65, 35, 1, 0, 8
65, 35, 1, 0, 8
65, 35, 1, 0, 8
65, 35, 1, 0, 8
65, 35, 1, 0, 8
65, 35, 1, 0, 8
65, 35, 1, 0, 8
65, 35, 1, 0, 8
65, 35, 1, 0, 8
65, 35, 1, 0, 8
65, 35, 1, 0, 8
65, 35, 1, 0, 8
65, 35, 1, 0, 8
65, 35, 1, 0, 8
65, 35, 1, 0, 8
65, 35, 1, 0, 8
65, 35, 1, 0, 8
65, 35, 1, 0, 8
65, 35, 1, 0, 8
65, 35, 1, 0, 8
65, 35, 1, 0, 8
65, 35, 1, 0, 8
65, 35, 1, 0, 8
65, 35, 1, 0, 8
65, 35, 1, 0, 8
65, 35, 1, 0, 8
65, 35, 1, 0, 8
65, 35, 1, 0, 8
65, 35, 1, 0, 8
65, 35, 1, 0, 8
65, 35, 2, 1, 2
65, 35, 2, 1, 2
65, 35, 2, 1, 2
65, 35, 2, 1, 2
65, 35, 2, 1, 2
65, 35, 2, 1, 2
65, 35, 2, 1, 2
65, 35, 2, 1, 2
65, 35, 2, 1, 2
65, 35, 2, 1, 2
65, 35, 2, 1, 2
65, 35, 2, 1, 2
65, 35, 2, 1, 2
65, 35, 2, 1, 2
65, 35, 2, 1, 2
65, 35, 2, 1, 2
65, 35, 2, 1, 2
65, 35, 2, 1, 2
65, 35, 2, 1, 2
65, 35, 2, 1, 2
65, 35, 2, 1, 2
65, 35, 2, 1, 2
65, 35, 2, 1, 2
65, 35, 2, 1, 2
65, 35, 2, 1, 2
65, 35, 2, 1, 2
65, 35, 2, 1, 2
65, 35, 2, 1, 2
65, 35, 2, 1, 2
65, 35, 2, 1, 2
65, 35, 2, 1, 2
65, 35, 2, 1, 2
65, 35, 2, 1, 2
65, 35, 2, 1, 2
65, 35, 2, 1, 2
66, 35, 1, 0, 8
66, 35, 1, 0, 8
66, 35, 1, 0, 8
66, 35, 1, 0, 8
66, 35, 1, 0, 8
66, 35, 1, 0, 8
66, 35, 1, 0, 8
66, 35, 1, 0, 8
66, 35, 1, 0, 8
66, 35, 1, 0, 8
66, 35, 1, 0, 8
66, 35, 1, 0, 8
66, 35, 1, 0, 8
66, 35, 1, 0, 8
66, 35, 1, 0, 8
66, 35, 1, 0, 8
66, 35, 1, 0, 8
66, 35, 1, 0, 8
66, 35, 1, 0, 8
66, 35, 1, 0, 8
66, 35, 1, 0, 8
66, 35, 1, 0, 8
66, 35, 1, 0, 8
66, 35, 1, 0, 8
66, 35, 1, 0, 8
66, 35, 1, 0, 8
66, 35, 1, 0, 8
66, 35, 1, 0, 8
66, 35, 1, 0, 8
66, 35, 1, 0, 8
66, 35, 1, 0, 8
66, 35, 1, 0, 8
66, 35, 1, 0, 8
66, 35, 1, 0, 8
66, 35, 1, 0, 8
66, 35, 2, 1, 2
66, 35, 2, 1, 2
66, 35, 2, 1, 2
66, 35, 2, 1, 2
66, 35, 2, 1, 2
66, 35, 2, 1, 2
66, 35, 2, 1, 2
66, 35, 2, 1, 2
66, 35, 2, 1, 2
66, 35, 2, 1, 2
66, 35, 2, 1, 2
66, 35, 2, 1, 2
66, 35, 2, 1, 2
66, 35, 2, 1, 2
66, 35, 2, 1, 2
66, 35, 2, 1, 2
66, 35, 2, 1, 2
66, 35, 2, 1, 2
66, 35, 2, 1, 2
66, 35, 2, 1, 2
66, 35, 2, 1, 2
66, 35, 2, 1, 2
66, 35, 2, 1, 2
66, 35, 2, 1, 2
66, 35, 2, 1, 2
66, 35, 2, 1, 2
66, 35, 2, 1, 2
66, 35, 2, 1, 2
66, 35, 2, 1, 2
66, 35, 2, 1, 2
66, 35, 2, 1, 2
66, 35, 2, 1, 2
66, 35, 2, 1, 2
66, 35, 2, 1, 2
66, 35, 2, 1, 2
67, 35, 1, 0, 8
67, 35, 1, 0, 8
67, 35, 1, 0, 8
67, 35, 1, 0, 8
67, 35, 1, 0, 8
67, 35, 1, 0, 8
67, 35, 1, 0, 8
67, 35, 1, 0, 8
67, 35, 1, 0, 8
67, 35, 1, 0, 8
67, 35, 1, 0, 8
67, 35, 1, 0, 8
67, 35, 1, 0, 8
67, 35, 1, 0, 8
67, 35, 1, 0, 8
67, 35, 1, 0, 8
67, 35, 1, 0, 8
67, 35, 1, 0, 8
67, 35, 1, 0, 8
67, 35, 1, 0, 8
67, 35, 1, 0, 8
67, 35, 1, 0, 8
67, 35, 1, 0, 8
67, 35, 1, 0, 8
67, 35, 1, 0, 8
67, 35, 1, 0, 8
67, 35, 1, 0, 8
67, 35, 1, 0, 8
67, 35, 1, 0, 8
67, 35, 1, 0, 8
67, 35, 1, 0, 8
67, 35, 1, 0, 8
67, 35, 1, 0, 8
67, 35, 1, 0, 8
67, 35, 1, 0, 8
67, 35, 2, 1, 2
67, 35, 2, 1, 2
67, 35, 2, 1, 2
67, 35, 2, 1, 2
67, 35, 2, 1, 2
67, 35, 2, 1, 2
67, 35, 2, 1, 2
67, 35, 2, 1, 2
67, 35, 2, 1, 2
67, 35, 2, 1, 2
67, 35, 2, 1, 2
67, 35, 2, 1, 2
67, 35, 2, 1, 2
67, 35, 2, 1, 2
67, 35, 2, 1, 2
67, 35, 2, 1, 2
67, 35, 2, 1, 2
67, 35, 2, 1, 2
67, 35, 2, 1, 2
67, 35, 2, 1, 2
67, 35, 2, 1, 2
67, 35, 2, 1, 2
67, 35, 2, 1, 2
67, 35, 2, 1, 2
67, 35, 2, 1, 2
67, 35, 2, 1, 2
67, 35, 2, 1, 2
67, 35, 2, 1, 2
67, 35, 2, 1, 2
67, 35, 2, 1, 2
67, 35, 2, 1, 2
67, 35, 2, 1, 2
67, 35, 2, 1, 2
67, 35, 2, 1, 2
67, 35, 2, 1, 2
68, 35, 1, 0, 8
68, 35, 1, 0, 8
68, 35, 1, 0, 8
68, 35, 1, 0, 8
68, 35, 1, 0, 8
68, 35, 1, 0, 8
68, 35, 1, 0, 8
68, 35, 1, 0, 8
68, 35, 1, 0, 8
68, 35, 1, 0, 8
68, 35, 1, 0, 8
68, 35, 1, 0, 8
68, 35, 1, 0, 8
68, 35, 1, 0, 8
68, 35, 1, 0, 8
68, 35, 1, 0, 8
68, 35, 1, 0, 8
68, 35, 1, 0, 8
68, 35, 1, 0, 8
68, 35, 1, 0, 8
68, 35, 1, 0, 8
68, 35, 1, 0, 8
68, 35, 1, 0, 8
68, 35, 1, 0, 8
68, 35, 1, 0, 8
68, 35, 1, 0, 8
68, 35, 1, 0, 8
68, 35, 1, 0, 8
68, 35, 1, 0, 8
68, 35, 1, 0, 8
68, 35, 1, 0, 8
68, 35, 1, 0, 8
68, 35, 1, 0, 8
68, 35, 1, 0, 8
68, 35, 1, 0, 8
68, 35, 2, 1, 2
68, 35, 2, 1, 2
68, 35, 2, 1, 2
68, 35, 2, 1, 2
68, 35, 2, 1, 2
68, 35, 2, 1, 2
68, 35, 2, 1, 2
68, 35, 2, 1, 2
68, 35, 2, 1, 2
68, 35, 2, 1, 2
68, 35, 2, 1, 2
68, 35, 2, 1, 2
68, 35, 2, 1, 2
68, 35, 2, 1, 2
68, 35, 2, 1, 2
68, 35, 2, 1, 2
68, 35, 2, 1, 2
68, 35, 2, 1, 2
68, 35, 2, 1, 2
68, 35, 2, 1, 2
68, 35, 2, 1, 2
68, 35, 2, 1, 2
68, 35, 2, 1, 2
68, 35, 2, 1, 2
68, 35, 2, 1, 2
68, 35, 2, 1, 2
68, 35, 2, 1, 2
68, 35, 2, 1, 2
68, 35, 2, 1, 2
68, 35, 2, 1, 2
68, 35, 2, 1, 2
68, 35, 2, 1, 2
68, 35, 2, 1, 2
68, 35, 2, 1, 2
68, 35, 2, 1, 2
69, 35, 1, 0, 8
69, 35, 1, 0, 8
69, 35, 1, 0, 8
69, 35, 1, 0, 8
69, 35, 1, 0, 8
69, 35, 1, 0, 8
69, 35, 1, 0, 8
69, 35, 1, 0, 8
69, 35, 1, 0, 8
69, 35, 1, 0, 8
69, 35, 1, 0, 8
69, 35, 1, 0, 8
69, 35, 1, 0, 8
69, 35, 1, 0, 8
69, 35, 1, 0, 8
69, 35, 1, 0, 8
69, 35, 1, 0, 8
69, 35, 1, 0, 8
69, 35, 1, 0, 8
69, 35, 1, 0, 8
69, 35, 1, 0, 8
69, 35, 1, 0, 8
69, 35, 1, 0, 8
69, 35, 1, 0, 8
69, 35, 1, 0, 8
69, 35, 1, 0, 8
69, 35, 1, 0, 8
69, 35, 1, 0, 8
69, 35, 1, 0, 8
69, 35, 1, 0, 8
69, 35, 1, 0, 8
69, 35, 1, 0, 8
69, 35, 1, 0, 8
69, 35, 1, 0, 8
69, 35, 1, 0, 8
69, 35, 2, 1, 2
69, 35, 2, 1, 2
69, 35, 2, 1, 2
69, 35, 2, 1, 2
69, 35, 2, 1, 2
69, 35, 2, 1, 2
69, 35, 2, 1, 2
69, 35, 2, 1, 2
69, 35, 2, 1, 2
69, 35, 2, 1, 2
69, 35, 2, 1, 2
69, 35, 2, 1, 2
69, 35, 2, 1, 2
69, 35, 2, 1, 2
69, 35, 2, 1, 2
69, 35, 2, 1, 2
69, 35, 2, 1, 2
69, 35, 2, 1, 2
69, 35, 2, 1, 2
69, 35, 2, 1, 2
69, 35, 2, 1, 2
69, 35, 2, 1, 2
69, 35, 2, 1, 2
69, 35, 2, 1, 2
69, 35, 2, 1, 2
69, 35, 2, 1, 2
69, 35, 2, 1, 2
69, 35, 2, 1, 2
69, 35, 2, 1, 2
69, 35, 2, 1, 2
69, 35, 2, 1, 2
69, 35, 2, 1, 2
69, 35, 2, 1, 2
69, 35, 2, 1, 2
69, 35, 2, 1, 2
70, 35, 1, 0, 14
70, 35, 1, 0, 14
70, 35, 1, 0, 14
70, 35, 1, 0, 14
70, 35, 1, 0, 14
70, 35, 1, 0, 14
70, 35, 1, 0, 14
70, 35, 1, 0, 14
70, 35, 1, 0, 14
70, 35, 1, 0, 14
70, 35, 1, 0, 14
70, 35, 1, 0, 14
70, 35, 1, 0, 14
70, 35, 1, 0, 14
70, 35, 1, 0, 14
70, 35, 1, 0, 14
70, 35, 1, 0, 14
70, 35, 1, 0, 14
70, 35, 1, 0, 14
70, 35, 1, 0, 14
70, 35, 1, 0, 14
70, 35, 1, 0, 14
70, 35, 1, 0, 14
70, 35, 1, 0, 14
70, 35, 1, 0, 14
70, 35, 1, 0, 14
70, 35, 1, 0, 14
70, 35, 1, 0, 14
70, 35, 1, 0, 14
70, 35, 1, 0, 14
70, 35, 1, 0, 14
70, 35, 1, 0, 14
70, 35, 1, 0, 14
70, 35, 1, 0, 14
70, 35, 1, 0, 14
70, 35, 2, 1, 2
70, 35, 2, 1, 2
70, 35, 2, 1, 2
70, 35, 2, 1, 2
70, 35, 2, 1, 2
70, 35, 2, 1, 2
70, 35, 2, 1, 2
70, 35, 2, 1, 2
70, 35, 2, 1, 2
70, 35, 2, 1, 2
70, 35, 2, 1, 2
70, 35, 2, 1, 2
70, 35, 2, 1, 2
70, 35, 2, 1, 2
70, 35, 2, 1, 2
70, 35, 2, 1, 2
70, 35, 2, 1, 2
70, 35, 2, 1, 2
70, 35, 2, 1, 2
70, 35, 2, 1, 2
70, 35, 2, 1, 2
70, 35, 2, 1, 2
70, 35, 2, 1, 2
70, 35, 2, 1, 2
70, 35, 2, 1, 2
70, 35, 2, 1, 2
70, 35, 2, 1, 2
70, 35, 2, 1, 2
70, 35, 2, 1, 2
70, 35, 2, 1, 2
70, 35, 2, 1, 2
70, 35, 2, 1, 2
70, 35, 2, 1, 2
70, 35, 2, 1, 2
70, 35, 2, 1, 2
Goal
36
37
38
39
40
41
42
43
44
45
46
47
48
49
50
51
52
53
54
55
56
57
58
59
60
61
62
63
64
65
66
67
68
69
70
