CG
41
0, 2, 31, 20
0, 2, 20, 20
1, 2, 40, 20
1, 2, 20, 20
2, 2, 35, 20
2, 2, 20, 20
3, 2, 40, 20
3, 2, 20, 20
4, 2, 38, 20
4, 2, 20, 20
5, 2, 38, 20
5, 2, 20, 20
6, 2, 39, 20
6, 2, 20, 20
7, 2, 39, 20
7, 2, 20, 20
8, 2, 26, 20
8, 2, 20, 20
9, 2, 36, 20
9, 2, 20, 20
10, 2, 29, 20
10, 2, 20, 20
11, 3, 21, 20
11, 3, 40, 20
11, 3, 20, 40
12, 3, 40, 20
12, 3, 35, 20
12, 3, 20, 40
13, 3, 40, 20
13, 3, 25, 20
13, 3, 20, 40
14, 3, 22, 20
14, 3, 38, 20
14, 3, 20, 40
15, 3, 34, 20
15, 3, 39, 20
15, 3, 20, 40
16, 3, 37, 20
16, 3, 30, 20
16, 3, 20, 40
17, 3, 27, 20
17, 3, 32, 20
17, 3, 20, 40
18, 4, 36, 20
18, 4, 28, 20
18, 4, 33, 20
18, 4, 20, 60
19, 5, 23, 20
19, 5, 24, 20
19, 5, 34, 20
19, 5, 37, 20
19, 5, 20, 80
20, 20, 21, 40
20, 20, 22, 40
20, 20, 40, 40
20, 20, 23, 40
20, 20, 24, 40
20, 20, 25, 40
20, 20, 26, 40
20, 20, 38, 40
20, 20, 34, 40
20, 20, 35, 40
20, 20, 36, 40
20, 20, 37, 40
20, 20, 39, 40
20, 20, 27, 40
20, 20, 28, 40
20, 20, 29, 40
20, 20, 30, 40
20, 20, 31, 40
20, 20, 32, 40
20, 20, 33, 40
21, 2, 11, 1
21, 2, 20, 40
22, 2, 14, 1
22, 2, 20, 40
23, 2, 19, 1
23, 2, 20, 40
24, 2, 19, 1
24, 2, 20, 40
25, 2, 13, 1
25, 2, 20, 40
26, 2, 8, 1
26, 2, 20, 40
27, 2, 17, 1
27, 2, 20, 40
28, 2, 18, 1
28, 2, 20, 40
29, 2, 10, 1
29, 2, 20, 40
30, 2, 16, 1
30, 2, 20, 40
31, 2, 0, 1
31, 2, 20, 40
32, 2, 17, 1
32, 2, 20, 40
33, 2, 18, 1
33, 2, 20, 40
34, 3, 15, 1
34, 3, 19, 1
34, 3, 20, 40
35, 3, 12, 1
35, 3, 2, 1
35, 3, 20, 40
36, 3, 9, 1
36, 3, 18, 1
36, 3, 20, 40
37, 3, 19, 1
37, 3, 16, 1
37, 3, 20, 40
38, 4, 4, 1
38, 4, 14, 1
38, 4, 5, 1
38, 4, 20, 40
39, 4, 15, 1
39, 4, 6, 1
39, 4, 7, 1
39, 4, 20, 40
40, 6, 1, 1
40, 6, 12, 1
40, 6, 13, 1
40, 6, 3, 1
40, 6, 11, 1
40, 6, 20, 40
DTG
0, 1, 1, 0, 2
1, 1, 1, 0, 2
2, 1, 1, 0, 2
3, 1, 1, 0, 2
4, 1, 1, 0, 2
5, 1, 1, 0, 2
6, 1, 1, 0, 2
7, 1, 1, 0, 2
8, 1, 1, 0, 2
9, 1, 1, 0, 2
10, 1, 1, 0, 2
11, 1, 1, 0, 3
12, 1, 1, 0, 3
13, 1, 1, 0, 3
14, 1, 1, 0, 3
15, 1, 1, 0, 3
16, 1, 1, 0, 3
17, 1, 1, 0, 3
18, 1, 1, 0, 4
19, 1, 1, 0, 5
20, 21, 0, 1, 1
20, 21, 0, 1, 3
20, 21, 0, 1, 3
20, 21, 0, 1, 3
20, 21, 0, 1, 3
20, 21, 0, 1, 3
20, 21, 0, 1, 3
20, 21, 0, 1, 3
20, 21, 0, 1, 3
20, 21, 0, 1, 3
20, 21, 0, 1, 3
20, 21, 0, 1, 3
20, 21, 0, 1, 3
20, 21, 0, 1, 3
20, 21, 0, 1, 4
20, 21, 0, 1, 4
20, 21, 0, 1, 4
20, 21, 0, 1, 4
20, 21, 0, 1, 5
20, 21, 0, 1, 5
20, 21, 0, 1, 7
20, 41, 1, 0, 2
20, 41, 1, 0, 2
20, 41, 1, 0, 2
20, 41, 1, 0, 2
20, 41, 1, 0, 2
20, 41, 1, 0, 2
20, 41, 1, 0, 2
20, 41, 1, 0, 2
20, 41, 1, 0, 2
20, 41, 1, 0, 2
20, 41, 1, 0, 2
20, 41, 1, 0, 2
20, 41, 1, 0, 2
20, 41, 1, 0, 2
20, 41, 1, 0, 2
20, 41, 1, 0, 2
20, 41, 1, 0, 2
20, 41, 1, 0, 2
20, 41, 1, 0, 2
20, 41, 1, 0, 2
20, 41, 1, 12, 1
20, 41, 1, 12, 3
20, 41, 1, 12, 3
20, 41, 1, 12, 3
20, 41, 1, 12, 3
20, 41, 1, 12, 3
20, 41, 1, 12, 3
20, 41, 1, 12, 3
20, 41, 1, 12, 3
20, 41, 1, 12, 3
20, 41, 1, 12, 3
20, 41, 1, 12, 3
20, 41, 1, 12, 3
20, 41, 1, 12, 3
20, 41, 1, 12, 4
20, 41, 1, 12, 4
20, 41, 1, 12, 4
20, 41, 1, 12, 4
20, 41, 1, 12, 5
20, 41, 1, 12, 5
20, 41, 1, 12, 7
20, 41, 2, 3, 1
20, 41, 2, 3, 3
20, 41, 2, 3, 3
20, 41, 2, 3, 3
20, 41, 2, 3, 3
20, 41, 2, 3, 3
20, 41, 2, 3, 3
20, 41, 2, 3, 3
20, 41, 2, 3, 3
20, 41, 2, 3, 3
20, 41, 2, 3, 3
20, 41, 2, 3, 3
20, 41, 2, 3, 3
20, 41, 2, 3, 3
20, 41, 2, 3, 4
20, 41, 2, 3, 4
20, 41, 2, 3, 4
20, 41, 2, 3, 4
20, 41, 2, 3, 5
20, 41, 2, 3, 5
20, 41, 2, 3, 7
20, 41, 2, 20, 2
20, 41, 2, 20, 2
20, 41, 2, 20, 2
20, 41, 2, 20, 2
20, 41, 2, 20, 2
20, 41, 2, 20, 2
20, 41, 2, 20, 2
20, 41, 2, 20, 2
20, 41, 2, 20, 2
20, 41, 2, 20, 2
20, 41, 2, 20, 2
20, 41, 2, 20, 2
20, 41, 2, 20, 2
20, 41, 2, 20, 2
20, 41, 2, 20, 2
20, 41, 2, 20, 2
20, 41, 2, 20, 2
20, 41, 2, 20, 2
20, 41, 2, 20, 2
20, 41, 2, 20, 2
20, 41, 3, 2, 2
20, 41, 3, 2, 2
20, 41, 3, 2, 2
20, 41, 3, 2, 2
20, 41, 3, 2, 2
20, 41, 3, 2, 2
20, 41, 3, 2, 2
20, 41, 3, 2, 2
20, 41, 3, 2, 2
20, 41, 3, 2, 2
20, 41, 3, 2, 2
20, 41, 3, 2, 2
20, 41, 3, 2, 2
20, 41, 3, 2, 2
20, 41, 3, 2, 2
20, 41, 3, 2, 2
20, 41, 3, 2, 2
20, 41, 3, 2, 2
20, 41, 3, 2, 2
20, 41, 3, 2, 2
20, 41, 3, 4, 1
20, 41, 3, 4, 3
20, 41, 3, 4, 3
20, 41, 3, 4, 3
20, 41, 3, 4, 3
20, 41, 3, 4, 3
20, 41, 3, 4, 3
20, 41, 3, 4, 3
20, 41, 3, 4, 3
20, 41, 3, 4, 3
20, 41, 3, 4, 3
20, 41, 3, 4, 3
20, 41, 3, 4, 3
20, 41, 3, 4, 3
20, 41, 3, 4, 4
20, 41, 3, 4, 4
20, 41, 3, 4, 4
20, 41, 3, 4, 4
20, 41, 3, 4, 5
20, 41, 3, 4, 5
20, 41, 3, 4, 7
20, 41, 4, 3, 2
20, 41, 4, 3, 2
20, 41, 4, 3, 2
20, 41, 4, 3, 2
20, 41, 4, 3, 2
20, 41, 4, 3, 2
20, 41, 4, 3, 2
20, 41, 4, 3, 2
20, 41, 4, 3, 2
20, 41, 4, 3, 2
20, 41, 4, 3, 2
20, 41, 4, 3, 2
20, 41, 4, 3, 2
20, 41, 4, 3, 2
20, 41, 4, 3, 2
20, 41, 4, 3, 2
20, 41, 4, 3, 2
20, 41, 4, 3, 2
20, 41, 4, 3, 2
20, 41, 4, 3, 2
20, 41, 4, 5, 1
20, 41, 4, 5, 3
20, 41, 4, 5, 3
20, 41, 4, 5, 3
20, 41, 4, 5, 3
20, 41, 4, 5, 3
20, 41, 4, 5, 3
20, 41, 4, 5, 3
20, 41, 4, 5, 3
20, 41, 4, 5, 3
20, 41, 4, 5, 3
20, 41, 4, 5, 3
20, 41, 4, 5, 3
20, 41, 4, 5, 3
20, 41, 4, 5, 4
20, 41, 4, 5, 4
20, 41, 4, 5, 4
20, 41, 4, 5, 4
20, 41, 4, 5, 5
20, 41, 4, 5, 5
20, 41, 4, 5, 7
20, 41, 5, 4, 2
20, 41, 5, 4, 2
20, 41, 5, 4, 2
20, 41, 5, 4, 2
20, 41, 5, 4, 2
20, 41, 5, 4, 2
20, 41, 5, 4, 2
20, 41, 5, 4, 2
20, 41, 5, 4, 2
20, 41, 5, 4, 2
20, 41, 5, 4, 2
20, 41, 5, 4, 2
20, 41, 5, 4, 2
20, 41, 5, 4, 2
20, 41, 5, 4, 2
20, 41, 5, 4, 2
20, 41, 5, 4, 2
20, 41, 5, 4, 2
20, 41, 5, 4, 2
20, 41, 5, 4, 2
20, 41, 5, 6, 1
20, 41, 5, 6, 3
20, 41, 5, 6, 3
20, 41, 5, 6, 3
20, 41, 5, 6, 3
20, 41, 5, 6, 3
20, 41, 5, 6, 3
20, 41, 5, 6, 3
20, 41, 5, 6, 3
20, 41, 5, 6, 3
20, 41, 5, 6, 3
20, 41, 5, 6, 3
20, 41, 5, 6, 3
20, 41, 5, 6, 3
20, 41, 5, 6, 4
20, 41, 5, 6, 4
20, 41, 5, 6, 4
20, 41, 5, 6, 4
20, 41, 5, 6, 5
20, 41, 5, 6, 5
20, 41, 5, 6, 7
20, 41, 6, 5, 2
20, 41, 6, 5, 2
20, 41, 6, 5, 2
20, 41, 6, 5, 2
20, 41, 6, 5, 2
20, 41, 6, 5, 2
20, 41, 6, 5, 2
20, 41, 6, 5, 2
20, 41, 6, 5, 2
20, 41, 6, 5, 2
20, 41, 6, 5, 2
20, 41, 6, 5, 2
20, 41, 6, 5, 2
20, 41, 6, 5, 2
20, 41, 6, 5, 2
20, 41, 6, 5, 2
20, 41, 6, 5, 2
20, 41, 6, 5, 2
20, 41, 6, 5, 2
20, 41, 6, 5, 2
20, 41, 6, 7, 1
20, 41, 6, 7, 3
20, 41, 6, 7, 3
20, 41, 6, 7, 3
20, 41, 6, 7, 3
20, 41, 6, 7, 3
20, 41, 6, 7, 3
20, 41, 6, 7, 3
20, 41, 6, 7, 3
20, 41, 6, 7, 3
20, 41, 6, 7, 3
20, 41, 6, 7, 3
20, 41, 6, 7, 3
20, 41, 6, 7, 3
20, 41, 6, 7, 4
20, 41, 6, 7, 4
20, 41, 6, 7, 4
20, 41, 6, 7, 4
20, 41, 6, 7, 5
20, 41, 6, 7, 5
20, 41, 6, 7, 7
20, 41, 7, 6, 2
20, 41, 7, 6, 2
20, 41, 7, 6, 2
20, 41, 7, 6, 2
20, 41, 7, 6, 2
20, 41, 7, 6, 2
20, 41, 7, 6, 2
20, 41, 7, 6, 2
20, 41, 7, 6, 2
20, 41, 7, 6, 2
20, 41, 7, 6, 2
20, 41, 7, 6, 2
20, 41, 7, 6, 2
20, 41, 7, 6, 2
20, 41, 7, 6, 2
20, 41, 7, 6, 2
20, 41, 7, 6, 2
20, 41, 7, 6, 2
20, 41, 7, 6, 2
20, 41, 7, 6, 2
20, 41, 7, 8, 1
20, 41, 7, 8, 3
20, 41, 7, 8, 3
20, 41, 7, 8, 3
20, 41, 7, 8, 3
20, 41, 7, 8, 3
20, 41, 7, 8, 3
20, 41, 7, 8, 3
20, 41, 7, 8, 3
20, 41, 7, 8, 3
20, 41, 7, 8, 3
20, 41, 7, 8, 3
20, 41, 7, 8, 3
20, 41, 7, 8, 3
20, 41, 7, 8, 4
20, 41, 7, 8, 4
20, 41, 7, 8, 4
20, 41, 7, 8, 4
20, 41, 7, 8, 5
20, 41, 7, 8, 5
20, 41, 7, 8, 7
20, 41, 8, 7, 2
20, 41, 8, 7, 2
20, 41, 8, 7, 2
20, 41, 8, 7, 2
20, 41, 8, 7, 2
20, 41, 8, 7, 2
20, 41, 8, 7, 2
20, 41, 8, 7, 2
20, 41, 8, 7, 2
20, 41, 8, 7, 2
20, 41, 8, 7, 2
20, 41, 8, 7, 2
20, 41, 8, 7, 2
20, 41, 8, 7, 2
20, 41, 8, 7, 2
20, 41, 8, 7, 2
20, 41, 8, 7, 2
20, 41, 8, 7, 2
20, 41, 8, 7, 2
20, 41, 8, 7, 2
20, 41, 8, 9, 1
20, 41, 8, 9, 3
20, 41, 8, 9, 3
20, 41, 8, 9, 3
20, 41, 8, 9, 3
20, 41, 8, 9, 3
20, 41, 8, 9, 3
20, 41, 8, 9, 3
20, 41, 8, 9, 3
20, 41, 8, 9, 3
20, 41, 8, 9, 3
20, 41, 8, 9, 3
20, 41, 8, 9, 3
20, 41, 8, 9, 3
20, 41, 8, 9, 4
20, 41, 8, 9, 4
20, 41, 8, 9, 4
20, 41, 8, 9, 4
20, 41, 8, 9, 5
20, 41, 8, 9, 5
20, 41, 8, 9, 7
20, 41, 9, 8, 2
20, 41, 9, 8, 2
20, 41, 9, 8, 2
20, 41, 9, 8, 2
20, 41, 9, 8, 2
20, 41, 9, 8, 2
20, 41, 9, 8, 2
20, 41, 9, 8, 2
20, 41, 9, 8, 2
20, 41, 9, 8, 2
20, 41, 9, 8, 2
20, 41, 9, 8, 2
20, 41, 9, 8, 2
20, 41, 9, 8, 2
20, 41, 9, 8, 2
20, 41, 9, 8, 2
20, 41, 9, 8, 2
20, 41, 9, 8, 2
20, 41, 9, 8, 2
20, 41, 9, 8, 2
20, 41, 9, 10, 1
20, 41, 9, 10, 3
20, 41, 9, 10, 3
20, 41, 9, 10, 3
20, 41, 9, 10, 3
20, 41, 9, 10, 3
20, 41, 9, 10, 3
20, 41, 9, 10, 3
20, 41, 9, 10, 3
20, 41, 9, 10, 3
20, 41, 9, 10, 3
20, 41, 9, 10, 3
20, 41, 9, 10, 3
20, 41, 9, 10, 3
20, 41, 9, 10, 4
20, 41, 9, 10, 4
20, 41, 9, 10, 4
20, 41, 9, 10, 4
20, 41, 9, 10, 5
20, 41, 9, 10, 5
20, 41, 9, 10, 7
20, 41, 10, 9, 2
20, 41, 10, 9, 2
20, 41, 10, 9, 2
20, 41, 10, 9, 2
20, 41, 10, 9, 2
20, 41, 10, 9, 2
20, 41, 10, 9, 2
20, 41, 10, 9, 2
20, 41, 10, 9, 2
20, 41, 10, 9, 2
20, 41, 10, 9, 2
20, 41, 10, 9, 2
20, 41, 10, 9, 2
20, 41, 10, 9, 2
20, 41, 10, 9, 2
20, 41, 10, 9, 2
20, 41, 10, 9, 2
20, 41, 10, 9, 2
20, 41, 10, 9, 2
20, 41, 10, 9, 2
20, 41, 10, 11, 1
20, 41, 10, 11, 3
20, 41, 10, 11, 3
20, 41, 10, 11, 3
20, 41, 10, 11, 3
20, 41, 10, 11, 3
20, 41, 10, 11, 3
20, 41, 10, 11, 3
20, 41, 10, 11, 3
20, 41, 10, 11, 3
20, 41, 10, 11, 3
20, 41, 10, 11, 3
20, 41, 10, 11, 3
20, 41, 10, 11, 3
20, 41, 10, 11, 4
20, 41, 10, 11, 4
20, 41, 10, 11, 4
20, 41, 10, 11, 4
20, 41, 10, 11, 5
20, 41, 10, 11, 5
20, 41, 10, 11, 7
20, 41, 11, 10, 2
20, 41, 11, 10, 2
20, 41, 11, 10, 2
20, 41, 11, 10, 2
20, 41, 11, 10, 2
20, 41, 11, 10, 2
20, 41, 11, 10, 2
20, 41, 11, 10, 2
20, 41, 11, 10, 2
20, 41, 11, 10, 2
20, 41, 11, 10, 2
20, 41, 11, 10, 2
20, 41, 11, 10, 2
20, 41, 11, 10, 2
20, 41, 11, 10, 2
20, 41, 11, 10, 2
20, 41, 11, 10, 2
20, 41, 11, 10, 2
20, 41, 11, 10, 2
20, 41, 11, 10, 2
20, 41, 11, 13, 1
20, 41, 11, 13, 3
20, 41, 11, 13, 3
20, 41, 11, 13, 3
20, 41, 11, 13, 3
20, 41, 11, 13, 3
20, 41, 11, 13, 3
20, 41, 11, 13, 3
20, 41, 11, 13, 3
20, 41, 11, 13, 3
20, 41, 11, 13, 3
20, 41, 11, 13, 3
20, 41, 11, 13, 3
20, 41, 11, 13, 3
20, 41, 11, 13, 4
20, 41, 11, 13, 4
20, 41, 11, 13, 4
20, 41, 11, 13, 4
20, 41, 11, 13, 5
20, 41, 11, 13, 5
20, 41, 11, 13, 7
20, 41, 12, 1, 2
20, 41, 12, 1, 2
20, 41, 12, 1, 2
20, 41, 12, 1, 2
20, 41, 12, 1, 2
20, 41, 12, 1, 2
20, 41, 12, 1, 2
20, 41, 12, 1, 2
20, 41, 12, 1, 2
20, 41, 12, 1, 2
20, 41, 12, 1, 2
20, 41, 12, 1, 2
20, 41, 12, 1, 2
20, 41, 12, 1, 2
20, 41, 12, 1, 2
20, 41, 12, 1, 2
20, 41, 12, 1, 2
20, 41, 12, 1, 2
20, 41, 12, 1, 2
20, 41, 12, 1, 2
20, 41, 12, 14, 1
20, 41, 12, 14, 3
20, 41, 12, 14, 3
20, 41, 12, 14, 3
20, 41, 12, 14, 3
20, 41, 12, 14, 3
20, 41, 12, 14, 3
20, 41, 12, 14, 3
20, 41, 12, 14, 3
20, 41, 12, 14, 3
20, 41, 12, 14, 3
20, 41, 12, 14, 3
20, 41, 12, 14, 3
20, 41, 12, 14, 3
20, 41, 12, 14, 4
20, 41, 12, 14, 4
20, 41, 12, 14, 4
20, 41, 12, 14, 4
20, 41, 12, 14, 5
20, 41, 12, 14, 5
20, 41, 12, 14, 7
20, 20, 13, 11, 2
20, 20, 13, 11, 2
20, 20, 13, 11, 2
20, 20, 13, 11, 2
20, 20, 13, 11, 2
20, 20, 13, 11, 2
20, 20, 13, 11, 2
20, 20, 13, 11, 2
20, 20, 13, 11, 2
20, 20, 13, 11, 2
20, 20, 13, 11, 2
20, 20, 13, 11, 2
20, 20, 13, 11, 2
20, 20, 13, 11, 2
20, 20, 13, 11, 2
20, 20, 13, 11, 2
20, 20, 13, 11, 2
20, 20, 13, 11, 2
20, 20, 13, 11, 2
20, 20, 13, 11, 2
20, 41, 14, 12, 2
20, 41, 14, 12, 2
20, 41, 14, 12, 2
20, 41, 14, 12, 2
20, 41, 14, 12, 2
20, 41, 14, 12, 2
20, 41, 14, 12, 2
20, 41, 14, 12, 2
20, 41, 14, 12, 2
20, 41, 14, 12, 2
20, 41, 14, 12, 2
20, 41, 14, 12, 2
20, 41, 14, 12, 2
20, 41, 14, 12, 2
20, 41, 14, 12, 2
20, 41, 14, 12, 2
20, 41, 14, 12, 2
20, 41, 14, 12, 2
20, 41, 14, 12, 2
20, 41, 14, 12, 2
20, 41, 14, 15, 1
20, 41, 14, 15, 3
20, 41, 14, 15, 3
20, 41, 14, 15, 3
20, 41, 14, 15, 3
20, 41, 14, 15, 3
20, 41, 14, 15, 3
20, 41, 14, 15, 3
20, 41, 14, 15, 3
20, 41, 14, 15, 3
20, 41, 14, 15, 3
20, 41, 14, 15, 3
20, 41, 14, 15, 3
20, 41, 14, 15, 3
20, 41, 14, 15, 4
20, 41, 14, 15, 4
20, 41, 14, 15, 4
20, 41, 14, 15, 4
20, 41, 14, 15, 5
20, 41, 14, 15, 5
20, 41, 14, 15, 7
20, 41, 15, 14, 2
20, 41, 15, 14, 2
20, 41, 15, 14, 2
20, 41, 15, 14, 2
20, 41, 15, 14, 2
20, 41, 15, 14, 2
20, 41, 15, 14, 2
20, 41, 15, 14, 2
20, 41, 15, 14, 2
20, 41, 15, 14, 2
20, 41, 15, 14, 2
20, 41, 15, 14, 2
20, 41, 15, 14, 2
20, 41, 15, 14, 2
20, 41, 15, 14, 2
20, 41, 15, 14, 2
20, 41, 15, 14, 2
20, 41, 15, 14, 2
20, 41, 15, 14, 2
20, 41, 15, 14, 2
20, 41, 15, 16, 1
20, 41, 15, 16, 3
20, 41, 15, 16, 3
20, 41, 15, 16, 3
20, 41, 15, 16, 3
20, 41, 15, 16, 3
20, 41, 15, 16, 3
20, 41, 15, 16, 3
20, 41, 15, 16, 3
20, 41, 15, 16, 3
20, 41, 15, 16, 3
20, 41, 15, 16, 3
20, 41, 15, 16, 3
20, 41, 15, 16, 3
20, 41, 15, 16, 4
20, 41, 15, 16, 4
20, 41, 15, 16, 4
20, 41, 15, 16, 4
20, 41, 15, 16, 5
20, 41, 15, 16, 5
20, 41, 15, 16, 7
20, 41, 16, 15, 2
20, 41, 16, 15, 2
20, 41, 16, 15, 2
20, 41, 16, 15, 2
20, 41, 16, 15, 2
20, 41, 16, 15, 2
20, 41, 16, 15, 2
20, 41, 16, 15, 2
20, 41, 16, 15, 2
20, 41, 16, 15, 2
20, 41, 16, 15, 2
20, 41, 16, 15, 2
20, 41, 16, 15, 2
20, 41, 16, 15, 2
20, 41, 16, 15, 2
20, 41, 16, 15, 2
20, 41, 16, 15, 2
20, 41, 16, 15, 2
20, 41, 16, 15, 2
20, 41, 16, 15, 2
20, 41, 16, 17, 1
20, 41, 16, 17, 3
20, 41, 16, 17, 3
20, 41, 16, 17, 3
20, 41, 16, 17, 3
20, 41, 16, 17, 3
20, 41, 16, 17, 3
20, 41, 16, 17, 3
20, 41, 16, 17, 3
20, 41, 16, 17, 3
20, 41, 16, 17, 3
20, 41, 16, 17, 3
20, 41, 16, 17, 3
20, 41, 16, 17, 3
20, 41, 16, 17, 4
20, 41, 16, 17, 4
20, 41, 16, 17, 4
20, 41, 16, 17, 4
20, 41, 16, 17, 5
20, 41, 16, 17, 5
20, 41, 16, 17, 7
20, 41, 17, 16, 2
20, 41, 17, 16, 2
20, 41, 17, 16, 2
20, 41, 17, 16, 2
20, 41, 17, 16, 2
20, 41, 17, 16, 2
20, 41, 17, 16, 2
20, 41, 17, 16, 2
20, 41, 17, 16, 2
20, 41, 17, 16, 2
20, 41, 17, 16, 2
20, 41, 17, 16, 2
20, 41, 17, 16, 2
20, 41, 17, 16, 2
20, 41, 17, 16, 2
20, 41, 17, 16, 2
20, 41, 17, 16, 2
20, 41, 17, 16, 2
20, 41, 17, 16, 2
20, 41, 17, 16, 2
20, 41, 17, 18, 1
20, 41, 17, 18, 3
20, 41, 17, 18, 3
20, 41, 17, 18, 3
20, 41, 17, 18, 3
20, 41, 17, 18, 3
20, 41, 17, 18, 3
20, 41, 17, 18, 3
20, 41, 17, 18, 3
20, 41, 17, 18, 3
20, 41, 17, 18, 3
20, 41, 17, 18, 3
20, 41, 17, 18, 3
20, 41, 17, 18, 3
20, 41, 17, 18, 4
20, 41, 17, 18, 4
20, 41, 17, 18, 4
20, 41, 17, 18, 4
20, 41, 17, 18, 5
20, 41, 17, 18, 5
20, 41, 17, 18, 7
20, 41, 18, 17, 2
20, 41, 18, 17, 2
20, 41, 18, 17, 2
20, 41, 18, 17, 2
20, 41, 18, 17, 2
20, 41, 18, 17, 2
20, 41, 18, 17, 2
20, 41, 18, 17, 2
20, 41, 18, 17, 2
20, 41, 18, 17, 2
20, 41, 18, 17, 2
20, 41, 18, 17, 2
20, 41, 18, 17, 2
20, 41, 18, 17, 2
20, 41, 18, 17, 2
20, 41, 18, 17, 2
20, 41, 18, 17, 2
20, 41, 18, 17, 2
20, 41, 18, 17, 2
20, 41, 18, 17, 2
20, 41, 18, 19, 1
20, 41, 18, 19, 3
20, 41, 18, 19, 3
20, 41, 18, 19, 3
20, 41, 18, 19, 3
20, 41, 18, 19, 3
20, 41, 18, 19, 3
20, 41, 18, 19, 3
20, 41, 18, 19, 3
20, 41, 18, 19, 3
20, 41, 18, 19, 3
20, 41, 18, 19, 3
20, 41, 18, 19, 3
20, 41, 18, 19, 3
20, 41, 18, 19, 4
20, 41, 18, 19, 4
20, 41, 18, 19, 4
20, 41, 18, 19, 4
20, 41, 18, 19, 5
20, 41, 18, 19, 5
20, 41, 18, 19, 7
20, 41, 19, 18, 2
20, 41, 19, 18, 2
20, 41, 19, 18, 2
20, 41, 19, 18, 2
20, 41, 19, 18, 2
20, 41, 19, 18, 2
20, 41, 19, 18, 2
20, 41, 19, 18, 2
20, 41, 19, 18, 2
20, 41, 19, 18, 2
20, 41, 19, 18, 2
20, 41, 19, 18, 2
20, 41, 19, 18, 2
20, 41, 19, 18, 2
20, 41, 19, 18, 2
20, 41, 19, 18, 2
20, 41, 19, 18, 2
20, 41, 19, 18, 2
20, 41, 19, 18, 2
20, 41, 19, 18, 2
20, 41, 19, 20, 1
20, 41, 19, 20, 3
20, 41, 19, 20, 3
20, 41, 19, 20, 3
20, 41, 19, 20, 3
20, 41, 19, 20, 3
20, 41, 19, 20, 3
20, 41, 19, 20, 3
20, 41, 19, 20, 3
20, 41, 19, 20, 3
20, 41, 19, 20, 3
20, 41, 19, 20, 3
20, 41, 19, 20, 3
20, 41, 19, 20, 3
20, 41, 19, 20, 4
20, 41, 19, 20, 4
20, 41, 19, 20, 4
20, 41, 19, 20, 4
20, 41, 19, 20, 5
20, 41, 19, 20, 5
20, 41, 19, 20, 7
20, 41, 20, 2, 1
20, 41, 20, 2, 3
20, 41, 20, 2, 3
20, 41, 20, 2, 3
20, 41, 20, 2, 3
20, 41, 20, 2, 3
20, 41, 20, 2, 3
20, 41, 20, 2, 3
20, 41, 20, 2, 3
20, 41, 20, 2, 3
20, 41, 20, 2, 3
20, 41, 20, 2, 3
20, 41, 20, 2, 3
20, 41, 20, 2, 3
20, 41, 20, 2, 4
20, 41, 20, 2, 4
20, 41, 20, 2, 4
20, 41, 20, 2, 4
20, 41, 20, 2, 5
20, 41, 20, 2, 5
20, 41, 20, 2, 7
20, 41, 20, 19, 2
20, 41, 20, 19, 2
20, 41, 20, 19, 2
20, 41, 20, 19, 2
20, 41, 20, 19, 2
20, 41, 20, 19, 2
20, 41, 20, 19, 2
20, 41, 20, 19, 2
20, 41, 20, 19, 2
20, 41, 20, 19, 2
20, 41, 20, 19, 2
20, 41, 20, 19, 2
20, 41, 20, 19, 2
20, 41, 20, 19, 2
20, 41, 20, 19, 2
20, 41, 20, 19, 2
20, 41, 20, 19, 2
20, 41, 20, 19, 2
20, 41, 20, 19, 2
20, 41, 20, 19, 2
21, 20, 1, 0, 3
21, 20, 1, 0, 3
21, 20, 1, 0, 3
21, 20, 1, 0, 3
21, 20, 1, 0, 3
21, 20, 1, 0, 3
21, 20, 1, 0, 3
21, 20, 1, 0, 3
21, 20, 1, 0, 3
21, 20, 1, 0, 3
21, 20, 1, 0, 3
21, 20, 1, 0, 3
21, 20, 1, 0, 3
21, 20, 1, 0, 3
21, 20, 1, 0, 3
21, 20, 1, 0, 3
21, 20, 1, 0, 3
21, 20, 1, 0, 3
21, 20, 1, 0, 3
21, 20, 1, 0, 3
21, 20, 2, 1, 2
21, 20, 2, 1, 2
21, 20, 2, 1, 2
21, 20, 2, 1, 2
21, 20, 2, 1, 2
21, 20, 2, 1, 2
21, 20, 2, 1, 2
21, 20, 2, 1, 2
21, 20, 2, 1, 2
21, 20, 2, 1, 2
21, 20, 2, 1, 2
21, 20, 2, 1, 2
21, 20, 2, 1, 2
21, 20, 2, 1, 2
21, 20, 2, 1, 2
21, 20, 2, 1, 2
21, 20, 2, 1, 2
21, 20, 2, 1, 2
21, 20, 2, 1, 2
21, 20, 2, 1, 2
22, 20, 1, 0, 3
22, 20, 1, 0, 3
22, 20, 1, 0, 3
22, 20, 1, 0, 3
22, 20, 1, 0, 3
22, 20, 1, 0, 3
22, 20, 1, 0, 3
22, 20, 1, 0, 3
22, 20, 1, 0, 3
22, 20, 1, 0, 3
22, 20, 1, 0, 3
22, 20, 1, 0, 3
22, 20, 1, 0, 3
22, 20, 1, 0, 3
22, 20, 1, 0, 3
22, 20, 1, 0, 3
22, 20, 1, 0, 3
22, 20, 1, 0, 3
22, 20, 1, 0, 3
22, 20, 1, 0, 3
22, 20, 2, 1, 2
22, 20, 2, 1, 2
22, 20, 2, 1, 2
22, 20, 2, 1, 2
22, 20, 2, 1, 2
22, 20, 2, 1, 2
22, 20, 2, 1, 2
22, 20, 2, 1, 2
22, 20, 2, 1, 2
22, 20, 2, 1, 2
22, 20, 2, 1, 2
22, 20, 2, 1, 2
22, 20, 2, 1, 2
22, 20, 2, 1, 2
22, 20, 2, 1, 2
22, 20, 2, 1, 2
22, 20, 2, 1, 2
22, 20, 2, 1, 2
22, 20, 2, 1, 2
22, 20, 2, 1, 2
23, 20, 1, 0, 3
23, 20, 1, 0, 3
23, 20, 1, 0, 3
23, 20, 1, 0, 3
23, 20, 1, 0, 3
23, 20, 1, 0, 3
23, 20, 1, 0, 3
23, 20, 1, 0, 3
23, 20, 1, 0, 3
23, 20, 1, 0, 3
23, 20, 1, 0, 3
23, 20, 1, 0, 3
23, 20, 1, 0, 3
23, 20, 1, 0, 3
23, 20, 1, 0, 3
23, 20, 1, 0, 3
23, 20, 1, 0, 3
23, 20, 1, 0, 3
23, 20, 1, 0, 3
23, 20, 1, 0, 3
23, 20, 2, 1, 2
23, 20, 2, 1, 2
23, 20, 2, 1, 2
23, 20, 2, 1, 2
23, 20, 2, 1, 2
23, 20, 2, 1, 2
23, 20, 2, 1, 2
23, 20, 2, 1, 2
23, 20, 2, 1, 2
23, 20, 2, 1, 2
23, 20, 2, 1, 2
23, 20, 2, 1, 2
23, 20, 2, 1, 2
23, 20, 2, 1, 2
23, 20, 2, 1, 2
23, 20, 2, 1, 2
23, 20, 2, 1, 2
23, 20, 2, 1, 2
23, 20, 2, 1, 2
23, 20, 2, 1, 2
24, 20, 1, 0, 3
24, 20, 1, 0, 3
24, 20, 1, 0, 3
24, 20, 1, 0, 3
24, 20, 1, 0, 3
24, 20, 1, 0, 3
24, 20, 1, 0, 3
24, 20, 1, 0, 3
24, 20, 1, 0, 3
24, 20, 1, 0, 3
24, 20, 1, 0, 3
24, 20, 1, 0, 3
24, 20, 1, 0, 3
24, 20, 1, 0, 3
24, 20, 1, 0, 3
24, 20, 1, 0, 3
24, 20, 1, 0, 3
24, 20, 1, 0, 3
24, 20, 1, 0, 3
24, 20, 1, 0, 3
24, 20, 2, 1, 2
24, 20, 2, 1, 2
24, 20, 2, 1, 2
24, 20, 2, 1, 2
24, 20, 2, 1, 2
24, 20, 2, 1, 2
24, 20, 2, 1, 2
24, 20, 2, 1, 2
24, 20, 2, 1, 2
24, 20, 2, 1, 2
24, 20, 2, 1, 2
24, 20, 2, 1, 2
24, 20, 2, 1, 2
24, 20, 2, 1, 2
24, 20, 2, 1, 2
24, 20, 2, 1, 2
24, 20, 2, 1, 2
24, 20, 2, 1, 2
24, 20, 2, 1, 2
24, 20, 2, 1, 2
25, 20, 1, 0, 3
25, 20, 1, 0, 3
25, 20, 1, 0, 3
25, 20, 1, 0, 3
25, 20, 1, 0, 3
25, 20, 1, 0, 3
25, 20, 1, 0, 3
25, 20, 1, 0, 3
25, 20, 1, 0, 3
25, 20, 1, 0, 3
25, 20, 1, 0, 3
25, 20, 1, 0, 3
25, 20, 1, 0, 3
25, 20, 1, 0, 3
25, 20, 1, 0, 3
25, 20, 1, 0, 3
25, 20, 1, 0, 3
25, 20, 1, 0, 3
25, 20, 1, 0, 3
25, 20, 1, 0, 3
25, 20, 2, 1, 2
25, 20, 2, 1, 2
25, 20, 2, 1, 2
25, 20, 2, 1, 2
25, 20, 2, 1, 2
25, 20, 2, 1, 2
25, 20, 2, 1, 2
25, 20, 2, 1, 2
25, 20, 2, 1, 2
25, 20, 2, 1, 2
25, 20, 2, 1, 2
25, 20, 2, 1, 2
25, 20, 2, 1, 2
25, 20, 2, 1, 2
25, 20, 2, 1, 2
25, 20, 2, 1, 2
25, 20, 2, 1, 2
25, 20, 2, 1, 2
25, 20, 2, 1, 2
25, 20, 2, 1, 2
26, 20, 1, 0, 3
26, 20, 1, 0, 3
26, 20, 1, 0, 3
26, 20, 1, 0, 3
26, 20, 1, 0, 3
26, 20, 1, 0, 3
26, 20, 1, 0, 3
26, 20, 1, 0, 3
26, 20, 1, 0, 3
26, 20, 1, 0, 3
26, 20, 1, 0, 3
26, 20, 1, 0, 3
26, 20, 1, 0, 3
26, 20, 1, 0, 3
26, 20, 1, 0, 3
26, 20, 1, 0, 3
26, 20, 1, 0, 3
26, 20, 1, 0, 3
26, 20, 1, 0, 3
26, 20, 1, 0, 3
26, 20, 2, 1, 2
26, 20, 2, 1, 2
26, 20, 2, 1, 2
26, 20, 2, 1, 2
26, 20, 2, 1, 2
26, 20, 2, 1, 2
26, 20, 2, 1, 2
26, 20, 2, 1, 2
26, 20, 2, 1, 2
26, 20, 2, 1, 2
26, 20, 2, 1, 2
26, 20, 2, 1, 2
26, 20, 2, 1, 2
26, 20, 2, 1, 2
26, 20, 2, 1, 2
26, 20, 2, 1, 2
26, 20, 2, 1, 2
26, 20, 2, 1, 2
26, 20, 2, 1, 2
26, 20, 2, 1, 2
27, 20, 1, 0, 3
27, 20, 1, 0, 3
27, 20, 1, 0, 3
27, 20, 1, 0, 3
27, 20, 1, 0, 3
27, 20, 1, 0, 3
27, 20, 1, 0, 3
27, 20, 1, 0, 3
27, 20, 1, 0, 3
27, 20, 1, 0, 3
27, 20, 1, 0, 3
27, 20, 1, 0, 3
27, 20, 1, 0, 3
27, 20, 1, 0, 3
27, 20, 1, 0, 3
27, 20, 1, 0, 3
27, 20, 1, 0, 3
27, 20, 1, 0, 3
27, 20, 1, 0, 3
27, 20, 1, 0, 3
27, 20, 2, 1, 2
27, 20, 2, 1, 2
27, 20, 2, 1, 2
27, 20, 2, 1, 2
27, 20, 2, 1, 2
27, 20, 2, 1, 2
27, 20, 2, 1, 2
27, 20, 2, 1, 2
27, 20, 2, 1, 2
27, 20, 2, 1, 2
27, 20, 2, 1, 2
27, 20, 2, 1, 2
27, 20, 2, 1, 2
27, 20, 2, 1, 2
27, 20, 2, 1, 2
27, 20, 2, 1, 2
27, 20, 2, 1, 2
27, 20, 2, 1, 2
27, 20, 2, 1, 2
27, 20, 2, 1, 2
28, 20, 1, 0, 3
28, 20, 1, 0, 3
28, 20, 1, 0, 3
28, 20, 1, 0, 3
28, 20, 1, 0, 3
28, 20, 1, 0, 3
28, 20, 1, 0, 3
28, 20, 1, 0, 3
28, 20, 1, 0, 3
28, 20, 1, 0, 3
28, 20, 1, 0, 3
28, 20, 1, 0, 3
28, 20, 1, 0, 3
28, 20, 1, 0, 3
28, 20, 1, 0, 3
28, 20, 1, 0, 3
28, 20, 1, 0, 3
28, 20, 1, 0, 3
28, 20, 1, 0, 3
28, 20, 1, 0, 3
28, 20, 2, 1, 2
28, 20, 2, 1, 2
28, 20, 2, 1, 2
28, 20, 2, 1, 2
28, 20, 2, 1, 2
28, 20, 2, 1, 2
28, 20, 2, 1, 2
28, 20, 2, 1, 2
28, 20, 2, 1, 2
28, 20, 2, 1, 2
28, 20, 2, 1, 2
28, 20, 2, 1, 2
28, 20, 2, 1, 2
28, 20, 2, 1, 2
28, 20, 2, 1, 2
28, 20, 2, 1, 2
28, 20, 2, 1, 2
28, 20, 2, 1, 2
28, 20, 2, 1, 2
28, 20, 2, 1, 2
29, 20, 1, 0, 3
29, 20, 1, 0, 3
29, 20, 1, 0, 3
29, 20, 1, 0, 3
29, 20, 1, 0, 3
29, 20, 1, 0, 3
29, 20, 1, 0, 3
29, 20, 1, 0, 3
29, 20, 1, 0, 3
29, 20, 1, 0, 3
29, 20, 1, 0, 3
29, 20, 1, 0, 3
29, 20, 1, 0, 3
29, 20, 1, 0, 3
29, 20, 1, 0, 3
29, 20, 1, 0, 3
29, 20, 1, 0, 3
29, 20, 1, 0, 3
29, 20, 1, 0, 3
29, 20, 1, 0, 3
29, 20, 2, 1, 2
29, 20, 2, 1, 2
29, 20, 2, 1, 2
29, 20, 2, 1, 2
29, 20, 2, 1, 2
29, 20, 2, 1, 2
29, 20, 2, 1, 2
29, 20, 2, 1, 2
29, 20, 2, 1, 2
29, 20, 2, 1, 2
29, 20, 2, 1, 2
29, 20, 2, 1, 2
29, 20, 2, 1, 2
29, 20, 2, 1, 2
29, 20, 2, 1, 2
29, 20, 2, 1, 2
29, 20, 2, 1, 2
29, 20, 2, 1, 2
29, 20, 2, 1, 2
29, 20, 2, 1, 2
30, 20, 1, 0, 3
30, 20, 1, 0, 3
30, 20, 1, 0, 3
30, 20, 1, 0, 3
30, 20, 1, 0, 3
30, 20, 1, 0, 3
30, 20, 1, 0, 3
30, 20, 1, 0, 3
30, 20, 1, 0, 3
30, 20, 1, 0, 3
30, 20, 1, 0, 3
30, 20, 1, 0, 3
30, 20, 1, 0, 3
30, 20, 1, 0, 3
30, 20, 1, 0, 3
30, 20, 1, 0, 3
30, 20, 1, 0, 3
30, 20, 1, 0, 3
30, 20, 1, 0, 3
30, 20, 1, 0, 3
30, 20, 2, 1, 2
30, 20, 2, 1, 2
30, 20, 2, 1, 2
30, 20, 2, 1, 2
30, 20, 2, 1, 2
30, 20, 2, 1, 2
30, 20, 2, 1, 2
30, 20, 2, 1, 2
30, 20, 2, 1, 2
30, 20, 2, 1, 2
30, 20, 2, 1, 2
30, 20, 2, 1, 2
30, 20, 2, 1, 2
30, 20, 2, 1, 2
30, 20, 2, 1, 2
30, 20, 2, 1, 2
30, 20, 2, 1, 2
30, 20, 2, 1, 2
30, 20, 2, 1, 2
30, 20, 2, 1, 2
31, 20, 1, 0, 3
31, 20, 1, 0, 3
31, 20, 1, 0, 3
31, 20, 1, 0, 3
31, 20, 1, 0, 3
31, 20, 1, 0, 3
31, 20, 1, 0, 3
31, 20, 1, 0, 3
31, 20, 1, 0, 3
31, 20, 1, 0, 3
31, 20, 1, 0, 3
31, 20, 1, 0, 3
31, 20, 1, 0, 3
31, 20, 1, 0, 3
31, 20, 1, 0, 3
31, 20, 1, 0, 3
31, 20, 1, 0, 3
31, 20, 1, 0, 3
31, 20, 1, 0, 3
31, 20, 1, 0, 3
31, 20, 2, 1, 2
31, 20, 2, 1, 2
31, 20, 2, 1, 2
31, 20, 2, 1, 2
31, 20, 2, 1, 2
31, 20, 2, 1, 2
31, 20, 2, 1, 2
31, 20, 2, 1, 2
31, 20, 2, 1, 2
31, 20, 2, 1, 2
31, 20, 2, 1, 2
31, 20, 2, 1, 2
31, 20, 2, 1, 2
31, 20, 2, 1, 2
31, 20, 2, 1, 2
31, 20, 2, 1, 2
31, 20, 2, 1, 2
31, 20, 2, 1, 2
31, 20, 2, 1, 2
31, 20, 2, 1, 2
32, 20, 1, 0, 3
32, 20, 1, 0, 3
32, 20, 1, 0, 3
32, 20, 1, 0, 3
32, 20, 1, 0, 3
32, 20, 1, 0, 3
32, 20, 1, 0, 3
32, 20, 1, 0, 3
32, 20, 1, 0, 3
32, 20, 1, 0, 3
32, 20, 1, 0, 3
32, 20, 1, 0, 3
32, 20, 1, 0, 3
32, 20, 1, 0, 3
32, 20, 1, 0, 3
32, 20, 1, 0, 3
32, 20, 1, 0, 3
32, 20, 1, 0, 3
32, 20, 1, 0, 3
32, 20, 1, 0, 3
32, 20, 2, 1, 2
32, 20, 2, 1, 2
32, 20, 2, 1, 2
32, 20, 2, 1, 2
32, 20, 2, 1, 2
32, 20, 2, 1, 2
32, 20, 2, 1, 2
32, 20, 2, 1, 2
32, 20, 2, 1, 2
32, 20, 2, 1, 2
32, 20, 2, 1, 2
32, 20, 2, 1, 2
32, 20, 2, 1, 2
32, 20, 2, 1, 2
32, 20, 2, 1, 2
32, 20, 2, 1, 2
32, 20, 2, 1, 2
32, 20, 2, 1, 2
32, 20, 2, 1, 2
32, 20, 2, 1, 2
33, 20, 1, 0, 3
33, 20, 1, 0, 3
33, 20, 1, 0, 3
33, 20, 1, 0, 3
33, 20, 1, 0, 3
33, 20, 1, 0, 3
33, 20, 1, 0, 3
33, 20, 1, 0, 3
33, 20, 1, 0, 3
33, 20, 1, 0, 3
33, 20, 1, 0, 3
33, 20, 1, 0, 3
33, 20, 1, 0, 3
33, 20, 1, 0, 3
33, 20, 1, 0, 3
33, 20, 1, 0, 3
33, 20, 1, 0, 3
33, 20, 1, 0, 3
33, 20, 1, 0, 3
33, 20, 1, 0, 3
33, 20, 2, 1, 2
33, 20, 2, 1, 2
33, 20, 2, 1, 2
33, 20, 2, 1, 2
33, 20, 2, 1, 2
33, 20, 2, 1, 2
33, 20, 2, 1, 2
33, 20, 2, 1, 2
33, 20, 2, 1, 2
33, 20, 2, 1, 2
33, 20, 2, 1, 2
33, 20, 2, 1, 2
33, 20, 2, 1, 2
33, 20, 2, 1, 2
33, 20, 2, 1, 2
33, 20, 2, 1, 2
33, 20, 2, 1, 2
33, 20, 2, 1, 2
33, 20, 2, 1, 2
33, 20, 2, 1, 2
34, 20, 1, 0, 4
34, 20, 1, 0, 4
34, 20, 1, 0, 4
34, 20, 1, 0, 4
34, 20, 1, 0, 4
34, 20, 1, 0, 4
34, 20, 1, 0, 4
34, 20, 1, 0, 4
34, 20, 1, 0, 4
34, 20, 1, 0, 4
34, 20, 1, 0, 4
34, 20, 1, 0, 4
34, 20, 1, 0, 4
34, 20, 1, 0, 4
34, 20, 1, 0, 4
34, 20, 1, 0, 4
34, 20, 1, 0, 4
34, 20, 1, 0, 4
34, 20, 1, 0, 4
34, 20, 1, 0, 4
34, 20, 2, 1, 2
34, 20, 2, 1, 2
34, 20, 2, 1, 2
34, 20, 2, 1, 2
34, 20, 2, 1, 2
34, 20, 2, 1, 2
34, 20, 2, 1, 2
34, 20, 2, 1, 2
34, 20, 2, 1, 2
34, 20, 2, 1, 2
34, 20, 2, 1, 2
34, 20, 2, 1, 2
34, 20, 2, 1, 2
34, 20, 2, 1, 2
34, 20, 2, 1, 2
34, 20, 2, 1, 2
34, 20, 2, 1, 2
34, 20, 2, 1, 2
34, 20, 2, 1, 2
34, 20, 2, 1, 2
35, 20, 1, 0, 4
35, 20, 1, 0, 4
35, 20, 1, 0, 4
35, 20, 1, 0, 4
35, 20, 1, 0, 4
35, 20, 1, 0, 4
35, 20, 1, 0, 4
35, 20, 1, 0, 4
35, 20, 1, 0, 4
35, 20, 1, 0, 4
35, 20, 1, 0, 4
35, 20, 1, 0, 4
35, 20, 1, 0, 4
35, 20, 1, 0, 4
35, 20, 1, 0, 4
35, 20, 1, 0, 4
35, 20, 1, 0, 4
35, 20, 1, 0, 4
35, 20, 1, 0, 4
35, 20, 1, 0, 4
35, 20, 2, 1, 2
35, 20, 2, 1, 2
35, 20, 2, 1, 2
35, 20, 2, 1, 2
35, 20, 2, 1, 2
35, 20, 2, 1, 2
35, 20, 2, 1, 2
35, 20, 2, 1, 2
35, 20, 2, 1, 2
35, 20, 2, 1, 2
35, 20, 2, 1, 2
35, 20, 2, 1, 2
35, 20, 2, 1, 2
35, 20, 2, 1, 2
35, 20, 2, 1, 2
35, 20, 2, 1, 2
35, 20, 2, 1, 2
35, 20, 2, 1, 2
35, 20, 2, 1, 2
35, 20, 2, 1, 2
36, 20, 1, 0, 4
36, 20, 1, 0, 4
36, 20, 1, 0, 4
36, 20, 1, 0, 4
36, 20, 1, 0, 4
36, 20, 1, 0, 4
36, 20, 1, 0, 4
36, 20, 1, 0, 4
36, 20, 1, 0, 4
36, 20, 1, 0, 4
36, 20, 1, 0, 4
36, 20, 1, 0, 4
36, 20, 1, 0, 4
36, 20, 1, 0, 4
36, 20, 1, 0, 4
36, 20, 1, 0, 4
36, 20, 1, 0, 4
36, 20, 1, 0, 4
36, 20, 1, 0, 4
36, 20, 1, 0, 4
36, 20, 2, 1, 2
36, 20, 2, 1, 2
36, 20, 2, 1, 2
36, 20, 2, 1, 2
36, 20, 2, 1, 2
36, 20, 2, 1, 2
36, 20, 2, 1, 2
36, 20, 2, 1, 2
36, 20, 2, 1, 2
36, 20, 2, 1, 2
36, 20, 2, 1, 2
36, 20, 2, 1, 2
36, 20, 2, 1, 2
36, 20, 2, 1, 2
36, 20, 2, 1, 2
36, 20, 2, 1, 2
36, 20, 2, 1, 2
36, 20, 2, 1, 2
36, 20, 2, 1, 2
36, 20, 2, 1, 2
37, 20, 1, 0, 4
37, 20, 1, 0, 4
37, 20, 1, 0, 4
37, 20, 1, 0, 4
37, 20, 1, 0, 4
37, 20, 1, 0, 4
37, 20, 1, 0, 4
37, 20, 1, 0, 4
37, 20, 1, 0, 4
37, 20, 1, 0, 4
37, 20, 1, 0, 4
37, 20, 1, 0, 4
37, 20, 1, 0, 4
37, 20, 1, 0, 4
37, 20, 1, 0, 4
37, 20, 1, 0, 4
37, 20, 1, 0, 4
37, 20, 1, 0, 4
37, 20, 1, 0, 4
37, 20, 1, 0, 4
37, 20, 2, 1, 2
37, 20, 2, 1, 2
37, 20, 2, 1, 2
37, 20, 2, 1, 2
37, 20, 2, 1, 2
37, 20, 2, 1, 2
37, 20, 2, 1, 2
37, 20, 2, 1, 2
37, 20, 2, 1, 2
37, 20, 2, 1, 2
37, 20, 2, 1, 2
37, 20, 2, 1, 2
37, 20, 2, 1, 2
37, 20, 2, 1, 2
37, 20, 2, 1, 2
37, 20, 2, 1, 2
37, 20, 2, 1, 2
37, 20, 2, 1, 2
37, 20, 2, 1, 2
37, 20, 2, 1, 2
38, 20, 1, 0, 5
38, 20, 1, 0, 5
38, 20, 1, 0, 5
38, 20, 1, 0, 5
38, 20, 1, 0, 5
38, 20, 1, 0, 5
38, 20, 1, 0, 5
38, 20, 1, 0, 5
38, 20, 1, 0, 5
38, 20, 1, 0, 5
38, 20, 1, 0, 5
38, 20, 1, 0, 5
38, 20, 1, 0, 5
38, 20, 1, 0, 5
38, 20, 1, 0, 5
38, 20, 1, 0, 5
38, 20, 1, 0, 5
38, 20, 1, 0, 5
38, 20, 1, 0, 5
38, 20, 1, 0, 5
38, 20, 2, 1, 2
38, 20, 2, 1, 2
38, 20, 2, 1, 2
38, 20, 2, 1, 2
38, 20, 2, 1, 2
38, 20, 2, 1, 2
38, 20, 2, 1, 2
38, 20, 2, 1, 2
38, 20, 2, 1, 2
38, 20, 2, 1, 2
38, 20, 2, 1, 2
38, 20, 2, 1, 2
38, 20, 2, 1, 2
38, 20, 2, 1, 2
38, 20, 2, 1, 2
38, 20, 2, 1, 2
38, 20, 2, 1, 2
38, 20, 2, 1, 2
38, 20, 2, 1, 2
38, 20, 2, 1, 2
39, 20, 1, 0, 5
39, 20, 1, 0, 5
39, 20, 1, 0, 5
39, 20, 1, 0, 5
39, 20, 1, 0, 5
39, 20, 1, 0, 5
39, 20, 1, 0, 5
39, 20, 1, 0, 5
39, 20, 1, 0, 5
39, 20, 1, 0, 5
39, 20, 1, 0, 5
39, 20, 1, 0, 5
39, 20, 1, 0, 5
39, 20, 1, 0, 5
39, 20, 1, 0, 5
39, 20, 1, 0, 5
39, 20, 1, 0, 5
39, 20, 1, 0, 5
39, 20, 1, 0, 5
39, 20, 1, 0, 5
39, 20, 2, 1, 2
39, 20, 2, 1, 2
39, 20, 2, 1, 2
39, 20, 2, 1, 2
39, 20, 2, 1, 2
39, 20, 2, 1, 2
39, 20, 2, 1, 2
39, 20, 2, 1, 2
39, 20, 2, 1, 2
39, 20, 2, 1, 2
39, 20, 2, 1, 2
39, 20, 2, 1, 2
39, 20, 2, 1, 2
39, 20, 2, 1, 2
39, 20, 2, 1, 2
39, 20, 2, 1, 2
39, 20, 2, 1, 2
39, 20, 2, 1, 2
39, 20, 2, 1, 2
39, 20, 2, 1, 2
40, 20, 1, 0, 7
40, 20, 1, 0, 7
40, 20, 1, 0, 7
40, 20, 1, 0, 7
40, 20, 1, 0, 7
40, 20, 1, 0, 7
40, 20, 1, 0, 7
40, 20, 1, 0, 7
40, 20, 1, 0, 7
40, 20, 1, 0, 7
40, 20, 1, 0, 7
40, 20, 1, 0, 7
40, 20, 1, 0, 7
40, 20, 1, 0, 7
40, 20, 1, 0, 7
40, 20, 1, 0, 7
40, 20, 1, 0, 7
40, 20, 1, 0, 7
40, 20, 1, 0, 7
40, 20, 1, 0, 7
40, 20, 2, 1, 2
40, 20, 2, 1, 2
40, 20, 2, 1, 2
40, 20, 2, 1, 2
40, 20, 2, 1, 2
40, 20, 2, 1, 2
40, 20, 2, 1, 2
40, 20, 2, 1, 2
40, 20, 2, 1, 2
40, 20, 2, 1, 2
40, 20, 2, 1, 2
40, 20, 2, 1, 2
40, 20, 2, 1, 2
40, 20, 2, 1, 2
40, 20, 2, 1, 2
40, 20, 2, 1, 2
40, 20, 2, 1, 2
40, 20, 2, 1, 2
40, 20, 2, 1, 2
40, 20, 2, 1, 2
Goal
21
22
23
24
25
26
27
28
29
30
31
32
33
34
35
36
37
38
39
40
