CG
46
0, 45, -1, 2
0, 45, -1, 3
0, 45, 45, 3
0, 45, -1, 3
0, 45, 44, 3
0, 45, -1, 3
0, 45, 43, 3
0, 45, 42, 3
0, 45, -1, 3
0, 45, 41, 2
0, 45, 40, 3
0, 45, 39, 4
0, 45, 38, 4
0, 45, -1, 4
0, 45, -1, 4
0, 45, -1, 4
0, 45, -1, 4
0, 45, -1, 4
0, 45, 37, 4
0, 45, -1, 3
0, 45, 36, 3
0, 45, 35, 4
0, 45, 34, 4
0, 45, 33, 4
0, 45, 32, 4
0, 45, -1, 4
0, 45, -1, 4
0, 45, -1, 4
0, 45, 31, 4
0, 45, 30, 3
0, 45, 29, 3
0, 45, 28, 4
0, 45, 27, 4
0, 45, 26, 4
0, 45, -1, 4
0, 45, 25, 4
0, 45, -1, 4
0, 45, 24, 4
0, 45, -1, 4
0, 45, -1, 3
0, 45, 23, 3
0, 45, 22, 4
0, 45, 21, 4
0, 45, -1, 4
0, 45, -1, 4
0, 45, 20, 4
0, 45, -1, 4
0, 45, -1, 4
0, 45, 19, 4
0, 45, 18, 3
0, 45, -1, 3
0, 45, -1, 4
0, 45, -1, 4
0, 45, -1, 4
0, 45, -1, 4
0, 45, 17, 4
0, 45, -1, 4
0, 45, 16, 4
0, 45, 15, 3
0, 45, -1, 3
0, 45, -1, 4
0, 45, -1, 4
0, 45, -1, 4
0, 45, -1, 4
0, 45, 14, 4
0, 45, 13, 4
0, 45, 12, 4
0, 45, 11, 4
0, 45, 10, 3
0, 45, -1, 3
0, 45, -1, 4
0, 45, 9, 4
0, 45, -1, 4
0, 45, 8, 4
0, 45, -1, 4
0, 45, -1, 4
0, 45, -1, 4
0, 45, -1, 4
0, 45, 7, 3
0, 45, -1, 3
0, 45, -1, 4
0, 45, 6, 4
0, 45, -1, 4
0, 45, -1, 4
0, 45, -1, 4
0, 45, -1, 4
0, 45, -1, 4
0, 45, -1, 4
0, 45, 5, 3
0, 45, -1, 2
0, 45, -1, 3
0, 45, -1, 3
0, 45, 4, 3
0, 45, -1, 3
0, 45, 3, 3
0, 45, 2, 3
0, 45, 1, 3
0, 45, -1, 3
0, 45, -1, 2
DTG
0, 2, 0, 1, 1
0, 2, 0, 10, 1
0, 3, 1, 0, 1
0, 3, 1, 2, 1
0, 3, 1, 11, 1
0, 3, 2, 1, 1
0, 3, 2, 3, 1
0, 3, 2, 12, 1
0, 3, 3, 2, 1
0, 3, 3, 4, 1
0, 3, 3, 13, 1
0, 3, 4, 3, 1
0, 3, 4, 5, 1
0, 3, 4, 14, 1
0, 3, 5, 4, 1
0, 3, 5, 6, 1
0, 3, 5, 15, 1
0, 3, 6, 5, 1
0, 3, 6, 7, 1
0, 3, 6, 16, 1
0, 3, 7, 6, 1
0, 3, 7, 8, 1
0, 3, 7, 17, 1
0, 3, 8, 7, 1
0, 3, 8, 9, 1
0, 3, 8, 18, 1
0, 2, 9, 8, 1
0, 2, 9, 19, 1
0, 3, 10, 0, 1
0, 3, 10, 11, 1
0, 3, 10, 20, 1
0, 4, 11, 1, 1
0, 4, 11, 10, 1
0, 4, 11, 12, 1
0, 4, 11, 21, 1
0, 4, 12, 2, 1
0, 4, 12, 11, 1
0, 4, 12, 13, 1
0, 4, 12, 22, 1
0, 4, 13, 3, 1
0, 4, 13, 12, 1
0, 4, 13, 14, 1
0, 4, 13, 23, 1
0, 4, 14, 4, 1
0, 4, 14, 13, 1
0, 4, 14, 15, 1
0, 4, 14, 24, 1
0, 4, 15, 5, 1
0, 4, 15, 14, 1
0, 4, 15, 16, 1
0, 4, 15, 25, 1
0, 4, 16, 6, 1
0, 4, 16, 15, 1
0, 4, 16, 17, 1
0, 4, 16, 26, 1
0, 4, 17, 7, 1
0, 4, 17, 16, 1
0, 4, 17, 18, 1
0, 4, 17, 27, 1
0, 4, 18, 8, 1
0, 4, 18, 17, 1
0, 4, 18, 19, 1
0, 4, 18, 28, 1
0, 3, 19, 9, 1
0, 3, 19, 18, 1
0, 3, 19, 29, 1
0, 3, 20, 10, 1
0, 3, 20, 21, 1
0, 3, 20, 30, 1
0, 4, 21, 11, 1
0, 4, 21, 20, 1
0, 4, 21, 22, 1
0, 4, 21, 31, 1
0, 4, 22, 12, 1
0, 4, 22, 21, 1
0, 4, 22, 23, 1
0, 4, 22, 32, 1
0, 4, 23, 13, 1
0, 4, 23, 22, 1
0, 4, 23, 24, 1
0, 4, 23, 33, 1
0, 4, 24, 14, 1
0, 4, 24, 23, 1
0, 4, 24, 25, 1
0, 4, 24, 34, 1
0, 4, 25, 15, 1
0, 4, 25, 24, 1
0, 4, 25, 26, 1
0, 4, 25, 35, 1
0, 4, 26, 16, 1
0, 4, 26, 25, 1
0, 4, 26, 27, 1
0, 4, 26, 36, 1
0, 4, 27, 17, 1
0, 4, 27, 26, 1
0, 4, 27, 28, 1
0, 4, 27, 37, 1
0, 4, 28, 18, 1
0, 4, 28, 27, 1
0, 4, 28, 29, 1
0, 4, 28, 38, 1
0, 3, 29, 19, 1
0, 3, 29, 28, 1
0, 3, 29, 39, 1
0, 3, 30, 20, 1
0, 3, 30, 31, 1
0, 3, 30, 40, 1
0, 4, 31, 21, 1
0, 4, 31, 30, 1
0, 4, 31, 32, 1
0, 4, 31, 41, 1
0, 4, 32, 22, 1
0, 4, 32, 31, 1
0, 4, 32, 33, 1
0, 4, 32, 42, 1
0, 4, 33, 23, 1
0, 4, 33, 32, 1
0, 4, 33, 34, 1
0, 4, 33, 43, 1
0, 4, 34, 24, 1
0, 4, 34, 33, 1
0, 4, 34, 35, 1
0, 4, 34, 44, 1
0, 4, 35, 25, 1
0, 4, 35, 34, 1
0, 4, 35, 36, 1
0, 4, 35, 45, 1
0, 4, 36, 26, 1
0, 4, 36, 35, 1
0, 4, 36, 37, 1
0, 4, 36, 46, 1
0, 4, 37, 27, 1
0, 4, 37, 36, 1
0, 4, 37, 38, 1
0, 4, 37, 47, 1
0, 4, 38, 28, 1
0, 4, 38, 37, 1
0, 4, 38, 39, 1
0, 4, 38, 48, 1
0, 3, 39, 29, 1
0, 3, 39, 38, 1
0, 3, 39, 49, 1
0, 3, 40, 30, 1
0, 3, 40, 41, 1
0, 3, 40, 50, 1
0, 4, 41, 31, 1
0, 4, 41, 40, 1
0, 4, 41, 42, 1
0, 4, 41, 51, 1
0, 4, 42, 32, 1
0, 4, 42, 41, 1
0, 4, 42, 43, 1
0, 4, 42, 52, 1
0, 4, 43, 33, 1
0, 4, 43, 42, 1
0, 4, 43, 44, 1
0, 4, 43, 53, 1
0, 4, 44, 34, 1
0, 4, 44, 43, 1
0, 4, 44, 45, 1
0, 4, 44, 54, 1
0, 4, 45, 35, 1
0, 4, 45, 44, 1
0, 4, 45, 46, 1
0, 4, 45, 55, 1
0, 4, 46, 36, 1
0, 4, 46, 45, 1
0, 4, 46, 47, 1
0, 4, 46, 56, 1
0, 4, 47, 37, 1
0, 4, 47, 46, 1
0, 4, 47, 48, 1
0, 4, 47, 57, 1
0, 4, 48, 38, 1
0, 4, 48, 47, 1
0, 4, 48, 49, 1
0, 4, 48, 58, 1
0, 3, 49, 39, 1
0, 3, 49, 48, 1
0, 3, 49, 59, 1
0, 3, 50, 40, 1
0, 3, 50, 51, 1
0, 3, 50, 60, 1
0, 4, 51, 41, 1
0, 4, 51, 50, 1
0, 4, 51, 52, 1
0, 4, 51, 61, 1
0, 4, 52, 42, 1
0, 4, 52, 51, 1
0, 4, 52, 53, 1
0, 4, 52, 62, 1
0, 4, 53, 43, 1
0, 4, 53, 52, 1
0, 4, 53, 54, 1
0, 4, 53, 63, 1
0, 4, 54, 44, 1
0, 4, 54, 53, 1
0, 4, 54, 55, 1
0, 4, 54, 64, 1
0, 4, 55, 45, 1
0, 4, 55, 54, 1
0, 4, 55, 56, 1
0, 4, 55, 65, 1
0, 4, 56, 46, 1
0, 4, 56, 55, 1
0, 4, 56, 57, 1
0, 4, 56, 66, 1
0, 4, 57, 47, 1
0, 4, 57, 56, 1
0, 4, 57, 58, 1
0, 4, 57, 67, 1
0, 4, 58, 48, 1
0, 4, 58, 57, 1
0, 4, 58, 59, 1
0, 4, 58, 68, 1
0, 3, 59, 49, 1
0, 3, 59, 58, 1
0, 3, 59, 69, 1
0, 3, 60, 50, 1
0, 3, 60, 61, 1
0, 3, 60, 70, 1
0, 4, 61, 51, 1
0, 4, 61, 60, 1
0, 4, 61, 62, 1
0, 4, 61, 71, 1
0, 4, 62, 52, 1
0, 4, 62, 61, 1
0, 4, 62, 63, 1
0, 4, 62, 72, 1
0, 4, 63, 53, 1
0, 4, 63, 62, 1
0, 4, 63, 64, 1
0, 4, 63, 73, 1
0, 4, 64, 54, 1
0, 4, 64, 63, 1
0, 4, 64, 65, 1
0, 4, 64, 74, 1
0, 4, 65, 55, 1
0, 4, 65, 64, 1
0, 4, 65, 66, 1
0, 4, 65, 75, 1
0, 4, 66, 56, 1
0, 4, 66, 65, 1
0, 4, 66, 67, 1
0, 4, 66, 76, 1
0, 4, 67, 57, 1
0, 4, 67, 66, 1
0, 4, 67, 68, 1
0, 4, 67, 77, 1
0, 4, 68, 58, 1
0, 4, 68, 67, 1
0, 4, 68, 69, 1
0, 4, 68, 78, 1
0, 3, 69, 59, 1
0, 3, 69, 68, 1
0, 3, 69, 79, 1
0, 3, 70, 60, 1
0, 3, 70, 71, 1
0, 3, 70, 80, 1
0, 4, 71, 61, 1
0, 4, 71, 70, 1
0, 4, 71, 72, 1
0, 4, 71, 81, 1
0, 4, 72, 62, 1
0, 4, 72, 71, 1
0, 4, 72, 73, 1
0, 4, 72, 82, 1
0, 4, 73, 63, 1
0, 4, 73, 72, 1
0, 4, 73, 74, 1
0, 4, 73, 83, 1
0, 4, 74, 64, 1
0, 4, 74, 73, 1
0, 4, 74, 75, 1
0, 4, 74, 84, 1
0, 4, 75, 65, 1
0, 4, 75, 74, 1
0, 4, 75, 76, 1
0, 4, 75, 85, 1
0, 4, 76, 66, 1
0, 4, 76, 75, 1
0, 4, 76, 77, 1
0, 4, 76, 86, 1
0, 4, 77, 67, 1
0, 4, 77, 76, 1
0, 4, 77, 78, 1
0, 4, 77, 87, 1
0, 4, 78, 68, 1
0, 4, 78, 77, 1
0, 4, 78, 79, 1
0, 4, 78, 88, 1
0, 3, 79, 69, 1
0, 3, 79, 78, 1
0, 3, 79, 89, 1
0, 3, 80, 70, 1
0, 3, 80, 81, 1
0, 3, 80, 90, 1
0, 4, 81, 71, 1
0, 4, 81, 80, 1
0, 4, 81, 82, 1
0, 4, 81, 91, 1
0, 4, 82, 72, 1
0, 4, 82, 81, 1
0, 4, 82, 83, 1
0, 4, 82, 92, 1
0, 4, 83, 73, 1
0, 4, 83, 82, 1
0, 4, 83, 84, 1
0, 4, 83, 93, 1
0, 4, 84, 74, 1
0, 4, 84, 83, 1
0, 4, 84, 85, 1
0, 4, 84, 94, 1
0, 4, 85, 75, 1
0, 4, 85, 84, 1
0, 4, 85, 86, 1
0, 4, 85, 95, 1
0, 4, 86, 76, 1
0, 4, 86, 85, 1
0, 4, 86, 87, 1
0, 4, 86, 96, 1
0, 4, 87, 77, 1
0, 4, 87, 86, 1
0, 4, 87, 88, 1
0, 4, 87, 97, 1
0, 4, 88, 78, 1
0, 4, 88, 87, 1
0, 4, 88, 89, 1
0, 4, 88, 98, 1
0, 3, 89, 79, 1
0, 3, 89, 88, 1
0, 3, 89, 99, 1
0, 2, 90, 80, 1
0, 2, 90, 91, 1
0, 3, 91, 81, 1
0, 3, 91, 90, 1
0, 3, 91, 92, 1
0, 3, 92, 82, 1
0, 3, 92, 91, 1
0, 3, 92, 93, 1
0, 3, 93, 83, 1
0, 3, 93, 92, 1
0, 3, 93, 94, 1
0, 3, 94, 84, 1
0, 3, 94, 93, 1
0, 3, 94, 95, 1
0, 3, 95, 85, 1
0, 3, 95, 94, 1
0, 3, 95, 96, 1
0, 3, 96, 86, 1
0, 3, 96, 95, 1
0, 3, 96, 97, 1
0, 3, 97, 87, 1
0, 3, 97, 96, 1
0, 3, 97, 98, 1
0, 3, 98, 88, 1
0, 3, 98, 97, 1
0, 3, 98, 99, 1
0, 2, 99, 89, 1
0, 2, 99, 98, 1
1, 3, 1, 0, 2
1, 3, 1, 0, 2
1, 3, 1, 0, 2
2, 3, 1, 0, 2
2, 3, 1, 0, 2
2, 3, 1, 0, 2
3, 3, 1, 0, 2
3, 3, 1, 0, 2
3, 3, 1, 0, 2
4, 3, 1, 0, 2
4, 3, 1, 0, 2
4, 3, 1, 0, 2
5, 3, 1, 0, 2
5, 3, 1, 0, 2
5, 3, 1, 0, 2
6, 4, 1, 0, 2
6, 4, 1, 0, 2
6, 4, 1, 0, 2
6, 4, 1, 0, 2
7, 3, 1, 0, 2
7, 3, 1, 0, 2
7, 3, 1, 0, 2
8, 4, 1, 0, 2
8, 4, 1, 0, 2
8, 4, 1, 0, 2
8, 4, 1, 0, 2
9, 4, 1, 0, 2
9, 4, 1, 0, 2
9, 4, 1, 0, 2
9, 4, 1, 0, 2
10, 3, 1, 0, 2
10, 3, 1, 0, 2
10, 3, 1, 0, 2
11, 4, 1, 0, 2
11, 4, 1, 0, 2
11, 4, 1, 0, 2
11, 4, 1, 0, 2
12, 4, 1, 0, 2
12, 4, 1, 0, 2
12, 4, 1, 0, 2
12, 4, 1, 0, 2
13, 4, 1, 0, 2
13, 4, 1, 0, 2
13, 4, 1, 0, 2
13, 4, 1, 0, 2
14, 4, 1, 0, 2
14, 4, 1, 0, 2
14, 4, 1, 0, 2
14, 4, 1, 0, 2
15, 3, 1, 0, 2
15, 3, 1, 0, 2
15, 3, 1, 0, 2
16, 4, 1, 0, 2
16, 4, 1, 0, 2
16, 4, 1, 0, 2
16, 4, 1, 0, 2
17, 4, 1, 0, 2
17, 4, 1, 0, 2
17, 4, 1, 0, 2
17, 4, 1, 0, 2
18, 3, 1, 0, 2
18, 3, 1, 0, 2
18, 3, 1, 0, 2
19, 4, 1, 0, 2
19, 4, 1, 0, 2
19, 4, 1, 0, 2
19, 4, 1, 0, 2
20, 4, 1, 0, 2
20, 4, 1, 0, 2
20, 4, 1, 0, 2
20, 4, 1, 0, 2
21, 4, 1, 0, 2
21, 4, 1, 0, 2
21, 4, 1, 0, 2
21, 4, 1, 0, 2
22, 4, 1, 0, 2
22, 4, 1, 0, 2
22, 4, 1, 0, 2
22, 4, 1, 0, 2
23, 3, 1, 0, 2
23, 3, 1, 0, 2
23, 3, 1, 0, 2
24, 4, 1, 0, 2
24, 4, 1, 0, 2
24, 4, 1, 0, 2
24, 4, 1, 0, 2
25, 4, 1, 0, 2
25, 4, 1, 0, 2
25, 4, 1, 0, 2
25, 4, 1, 0, 2
26, 4, 1, 0, 2
26, 4, 1, 0, 2
26, 4, 1, 0, 2
26, 4, 1, 0, 2
27, 4, 1, 0, 2
27, 4, 1, 0, 2
27, 4, 1, 0, 2
27, 4, 1, 0, 2
28, 4, 1, 0, 2
28, 4, 1, 0, 2
28, 4, 1, 0, 2
28, 4, 1, 0, 2
29, 3, 1, 0, 2
29, 3, 1, 0, 2
29, 3, 1, 0, 2
30, 3, 1, 0, 2
30, 3, 1, 0, 2
30, 3, 1, 0, 2
31, 4, 1, 0, 2
31, 4, 1, 0, 2
31, 4, 1, 0, 2
31, 4, 1, 0, 2
32, 4, 1, 0, 2
32, 4, 1, 0, 2
32, 4, 1, 0, 2
32, 4, 1, 0, 2
33, 4, 1, 0, 2
33, 4, 1, 0, 2
33, 4, 1, 0, 2
33, 4, 1, 0, 2
34, 4, 1, 0, 2
34, 4, 1, 0, 2
34, 4, 1, 0, 2
34, 4, 1, 0, 2
35, 4, 1, 0, 2
35, 4, 1, 0, 2
35, 4, 1, 0, 2
35, 4, 1, 0, 2
36, 3, 1, 0, 2
36, 3, 1, 0, 2
36, 3, 1, 0, 2
37, 4, 1, 0, 2
37, 4, 1, 0, 2
37, 4, 1, 0, 2
37, 4, 1, 0, 2
38, 4, 1, 0, 2
38, 4, 1, 0, 2
38, 4, 1, 0, 2
38, 4, 1, 0, 2
39, 4, 1, 0, 2
39, 4, 1, 0, 2
39, 4, 1, 0, 2
39, 4, 1, 0, 2
40, 3, 1, 0, 2
40, 3, 1, 0, 2
40, 3, 1, 0, 2
41, 2, 1, 0, 2
41, 2, 1, 0, 2
42, 3, 1, 0, 2
42, 3, 1, 0, 2
42, 3, 1, 0, 2
43, 3, 1, 0, 2
43, 3, 1, 0, 2
43, 3, 1, 0, 2
44, 3, 1, 0, 2
44, 3, 1, 0, 2
44, 3, 1, 0, 2
45, 3, 1, 0, 2
45, 3, 1, 0, 2
45, 3, 1, 0, 2
Goal
1
2
3
4
5
6
7
8
9
10
11
12
13
14
15
16
17
18
19
20
21
22
23
24
25
26
27
28
29
30
31
32
33
34
35
36
37
38
39
40
41
42
43
44
45
