CG
201
0, 7, 196, 1
0, 7, 197, 1
0, 7, 198, 1
0, 7, 194, 3
0, 7, 195, 3
0, 7, 184, 1
0, 7, 188, 1
1, 7, 196, 1
1, 7, 197, 1
1, 7, 198, 1
1, 7, 194, 3
1, 7, 195, 3
1, 7, 185, 1
1, 7, 189, 1
2, 7, 196, 1
2, 7, 197, 1
2, 7, 198, 1
2, 7, 194, 3
2, 7, 195, 3
2, 7, 186, 1
2, 7, 190, 1
3, 7, 196, 1
3, 7, 197, 1
3, 7, 198, 1
3, 7, 194, 3
3, 7, 195, 3
3, 7, 187, 1
3, 7, 191, 1
4, 7, 196, 1
4, 7, 197, 1
4, 7, 198, 1
4, 7, 194, 3
4, 7, 195, 3
4, 7, 184, 1
4, 7, 188, 1
5, 7, 196, 1
5, 7, 197, 1
5, 7, 198, 1
5, 7, 194, 3
5, 7, 195, 3
5, 7, 185, 1
5, 7, 189, 1
6, 7, 196, 1
6, 7, 197, 1
6, 7, 198, 1
6, 7, 194, 3
6, 7, 195, 3
6, 7, 186, 1
6, 7, 190, 1
7, 7, 196, 1
7, 7, 197, 1
7, 7, 198, 1
7, 7, 194, 3
7, 7, 195, 3
7, 7, 187, 1
7, 7, 191, 1
8, 7, 196, 1
8, 7, 197, 1
8, 7, 198, 1
8, 7, 194, 3
8, 7, 195, 3
8, 7, 184, 1
8, 7, 188, 1
9, 7, 196, 1
9, 7, 197, 1
9, 7, 198, 1
9, 7, 194, 3
9, 7, 195, 3
9, 7, 185, 1
9, 7, 189, 1
10, 7, 196, 1
10, 7, 197, 1
10, 7, 198, 1
10, 7, 194, 3
10, 7, 195, 3
10, 7, 186, 1
10, 7, 190, 1
11, 7, 196, 1
11, 7, 197, 1
11, 7, 198, 1
11, 7, 194, 3
11, 7, 195, 3
11, 7, 187, 1
11, 7, 191, 1
12, 7, 196, 1
12, 7, 197, 1
12, 7, 198, 1
12, 7, 194, 3
12, 7, 195, 3
12, 7, 184, 1
12, 7, 188, 1
13, 7, 196, 1
13, 7, 197, 1
13, 7, 198, 1
13, 7, 194, 3
13, 7, 195, 3
13, 7, 185, 1
13, 7, 189, 1
14, 7, 196, 1
14, 7, 197, 1
14, 7, 198, 1
14, 7, 194, 3
14, 7, 195, 3
14, 7, 186, 1
14, 7, 190, 1
15, 7, 196, 1
15, 7, 197, 1
15, 7, 198, 1
15, 7, 194, 3
15, 7, 195, 3
15, 7, 187, 1
15, 7, 191, 1
16, 7, 196, 1
16, 7, 197, 1
16, 7, 198, 1
16, 7, 194, 3
16, 7, 195, 3
16, 7, 184, 1
16, 7, 188, 1
17, 7, 196, 1
17, 7, 197, 1
17, 7, 198, 1
17, 7, 194, 3
17, 7, 195, 3
17, 7, 185, 1
17, 7, 189, 1
18, 7, 196, 1
18, 7, 197, 1
18, 7, 198, 1
18, 7, 194, 3
18, 7, 195, 3
18, 7, 186, 1
18, 7, 190, 1
19, 7, 196, 1
19, 7, 197, 1
19, 7, 198, 1
19, 7, 194, 3
19, 7, 195, 3
19, 7, 187, 1
19, 7, 191, 1
20, 7, 196, 1
20, 7, 197, 1
20, 7, 198, 1
20, 7, 194, 3
20, 7, 195, 3
20, 7, 184, 1
20, 7, 188, 1
21, 7, 196, 1
21, 7, 197, 1
21, 7, 198, 1
21, 7, 194, 3
21, 7, 195, 3
21, 7, 185, 1
21, 7, 189, 1
22, 7, 196, 1
22, 7, 197, 1
22, 7, 198, 1
22, 7, 194, 3
22, 7, 195, 3
22, 7, 186, 1
22, 7, 190, 1
23, 7, 196, 1
23, 7, 197, 1
23, 7, 198, 1
23, 7, 194, 3
23, 7, 195, 3
23, 7, 187, 1
23, 7, 191, 1
24, 7, 196, 1
24, 7, 197, 1
24, 7, 198, 1
24, 7, 194, 3
24, 7, 195, 3
24, 7, 184, 1
24, 7, 188, 1
25, 7, 196, 1
25, 7, 197, 1
25, 7, 198, 1
25, 7, 194, 3
25, 7, 195, 3
25, 7, 185, 1
25, 7, 189, 1
26, 7, 196, 1
26, 7, 197, 1
26, 7, 198, 1
26, 7, 194, 3
26, 7, 195, 3
26, 7, 186, 1
26, 7, 190, 1
27, 7, 196, 1
27, 7, 197, 1
27, 7, 198, 1
27, 7, 194, 3
27, 7, 195, 3
27, 7, 187, 1
27, 7, 191, 1
28, 7, 196, 1
28, 7, 197, 1
28, 7, 198, 1
28, 7, 194, 3
28, 7, 195, 3
28, 7, 184, 1
28, 7, 188, 1
29, 7, 196, 1
29, 7, 197, 1
29, 7, 198, 1
29, 7, 194, 3
29, 7, 195, 3
29, 7, 185, 1
29, 7, 189, 1
30, 7, 196, 1
30, 7, 197, 1
30, 7, 198, 1
30, 7, 194, 3
30, 7, 195, 3
30, 7, 186, 1
30, 7, 190, 1
31, 7, 196, 1
31, 7, 197, 1
31, 7, 198, 1
31, 7, 194, 3
31, 7, 195, 3
31, 7, 187, 1
31, 7, 191, 1
32, 7, 196, 1
32, 7, 197, 1
32, 7, 198, 1
32, 7, 194, 3
32, 7, 195, 3
32, 7, 184, 1
32, 7, 188, 1
33, 7, 196, 1
33, 7, 197, 1
33, 7, 198, 1
33, 7, 194, 3
33, 7, 195, 3
33, 7, 185, 1
33, 7, 189, 1
34, 7, 196, 1
34, 7, 197, 1
34, 7, 198, 1
34, 7, 194, 3
34, 7, 195, 3
34, 7, 186, 1
34, 7, 190, 1
35, 7, 196, 1
35, 7, 197, 1
35, 7, 198, 1
35, 7, 194, 3
35, 7, 195, 3
35, 7, 187, 1
35, 7, 191, 1
36, 7, 196, 1
36, 7, 197, 1
36, 7, 198, 1
36, 7, 194, 3
36, 7, 195, 3
36, 7, 184, 1
36, 7, 188, 1
37, 7, 196, 1
37, 7, 197, 1
37, 7, 198, 1
37, 7, 194, 3
37, 7, 195, 3
37, 7, 185, 1
37, 7, 189, 1
38, 7, 196, 1
38, 7, 197, 1
38, 7, 198, 1
38, 7, 194, 3
38, 7, 195, 3
38, 7, 186, 1
38, 7, 190, 1
39, 7, 196, 1
39, 7, 197, 1
39, 7, 198, 1
39, 7, 194, 3
39, 7, 195, 3
39, 7, 187, 1
39, 7, 191, 1
40, 7, 196, 1
40, 7, 197, 1
40, 7, 198, 1
40, 7, 194, 3
40, 7, 195, 3
40, 7, 184, 1
40, 7, 188, 1
41, 7, 196, 1
41, 7, 197, 1
41, 7, 198, 1
41, 7, 194, 3
41, 7, 195, 3
41, 7, 185, 1
41, 7, 189, 1
42, 7, 196, 1
42, 7, 197, 1
42, 7, 198, 1
42, 7, 194, 3
42, 7, 195, 3
42, 7, 186, 1
42, 7, 190, 1
43, 7, 196, 1
43, 7, 197, 1
43, 7, 198, 1
43, 7, 194, 3
43, 7, 195, 3
43, 7, 187, 1
43, 7, 191, 1
44, 7, 196, 1
44, 7, 197, 1
44, 7, 198, 1
44, 7, 194, 3
44, 7, 195, 3
44, 7, 184, 1
44, 7, 188, 1
45, 7, 196, 1
45, 7, 197, 1
45, 7, 198, 1
45, 7, 194, 3
45, 7, 195, 3
45, 7, 185, 1
45, 7, 189, 1
46, 7, 196, 1
46, 7, 197, 1
46, 7, 198, 1
46, 7, 194, 3
46, 7, 195, 3
46, 7, 186, 1
46, 7, 190, 1
47, 7, 196, 1
47, 7, 197, 1
47, 7, 198, 1
47, 7, 194, 3
47, 7, 195, 3
47, 7, 187, 1
47, 7, 191, 1
48, 7, 196, 1
48, 7, 197, 1
48, 7, 198, 1
48, 7, 194, 3
48, 7, 195, 3
48, 7, 184, 1
48, 7, 188, 1
49, 7, 196, 1
49, 7, 197, 1
49, 7, 198, 1
49, 7, 194, 3
49, 7, 195, 3
49, 7, 185, 1
49, 7, 189, 1
50, 7, 196, 1
50, 7, 197, 1
50, 7, 198, 1
50, 7, 194, 3
50, 7, 195, 3
50, 7, 186, 1
50, 7, 190, 1
51, 7, 196, 1
51, 7, 197, 1
51, 7, 198, 1
51, 7, 194, 3
51, 7, 195, 3
51, 7, 187, 1
51, 7, 191, 1
52, 7, 196, 1
52, 7, 197, 1
52, 7, 198, 1
52, 7, 194, 3
52, 7, 195, 3
52, 7, 184, 1
52, 7, 188, 1
53, 7, 196, 1
53, 7, 197, 1
53, 7, 198, 1
53, 7, 194, 3
53, 7, 195, 3
53, 7, 185, 1
53, 7, 189, 1
54, 7, 196, 1
54, 7, 197, 1
54, 7, 198, 1
54, 7, 194, 3
54, 7, 195, 3
54, 7, 186, 1
54, 7, 190, 1
55, 7, 196, 1
55, 7, 197, 1
55, 7, 198, 1
55, 7, 194, 3
55, 7, 195, 3
55, 7, 187, 1
55, 7, 191, 1
56, 7, 196, 1
56, 7, 197, 1
56, 7, 198, 1
56, 7, 194, 3
56, 7, 195, 3
56, 7, 184, 1
56, 7, 188, 1
57, 7, 196, 1
57, 7, 197, 1
57, 7, 198, 1
57, 7, 194, 3
57, 7, 195, 3
57, 7, 185, 1
57, 7, 189, 1
58, 7, 196, 1
58, 7, 197, 1
58, 7, 198, 1
58, 7, 194, 3
58, 7, 195, 3
58, 7, 186, 1
58, 7, 190, 1
59, 7, 196, 1
59, 7, 197, 1
59, 7, 198, 1
59, 7, 194, 3
59, 7, 195, 3
59, 7, 187, 1
59, 7, 191, 1
60, 7, 196, 1
60, 7, 197, 1
60, 7, 198, 1
60, 7, 194, 3
60, 7, 195, 3
60, 7, 184, 1
60, 7, 188, 1
61, 7, 196, 1
61, 7, 197, 1
61, 7, 198, 1
61, 7, 194, 3
61, 7, 195, 3
61, 7, 185, 1
61, 7, 189, 1
62, 7, 196, 1
62, 7, 197, 1
62, 7, 198, 1
62, 7, 194, 3
62, 7, 195, 3
62, 7, 186, 1
62, 7, 190, 1
63, 7, 196, 1
63, 7, 197, 1
63, 7, 198, 1
63, 7, 194, 3
63, 7, 195, 3
63, 7, 187, 1
63, 7, 191, 1
64, 7, 196, 1
64, 7, 197, 1
64, 7, 198, 1
64, 7, 194, 3
64, 7, 195, 3
64, 7, 184, 1
64, 7, 188, 1
65, 7, 196, 1
65, 7, 197, 1
65, 7, 198, 1
65, 7, 194, 3
65, 7, 195, 3
65, 7, 185, 1
65, 7, 189, 1
66, 7, 196, 1
66, 7, 197, 1
66, 7, 198, 1
66, 7, 194, 3
66, 7, 195, 3
66, 7, 186, 1
66, 7, 190, 1
67, 7, 196, 1
67, 7, 197, 1
67, 7, 198, 1
67, 7, 194, 3
67, 7, 195, 3
67, 7, 187, 1
67, 7, 191, 1
68, 7, 196, 1
68, 7, 197, 1
68, 7, 198, 1
68, 7, 194, 3
68, 7, 195, 3
68, 7, 184, 1
68, 7, 188, 1
69, 7, 196, 1
69, 7, 197, 1
69, 7, 198, 1
69, 7, 194, 3
69, 7, 195, 3
69, 7, 185, 1
69, 7, 189, 1
70, 7, 196, 1
70, 7, 197, 1
70, 7, 198, 1
70, 7, 194, 3
70, 7, 195, 3
70, 7, 186, 1
70, 7, 190, 1
71, 7, 196, 1
71, 7, 197, 1
71, 7, 198, 1
71, 7, 194, 3
71, 7, 195, 3
71, 7, 187, 1
71, 7, 191, 1
72, 7, 196, 1
72, 7, 197, 1
72, 7, 198, 1
72, 7, 194, 3
72, 7, 195, 3
72, 7, 184, 1
72, 7, 188, 1
73, 7, 196, 1
73, 7, 197, 1
73, 7, 198, 1
73, 7, 194, 3
73, 7, 195, 3
73, 7, 185, 1
73, 7, 189, 1
74, 7, 196, 1
74, 7, 197, 1
74, 7, 198, 1
74, 7, 194, 3
74, 7, 195, 3
74, 7, 186, 1
74, 7, 190, 1
75, 7, 196, 1
75, 7, 197, 1
75, 7, 198, 1
75, 7, 194, 3
75, 7, 195, 3
75, 7, 187, 1
75, 7, 191, 1
76, 7, 196, 1
76, 7, 197, 1
76, 7, 198, 1
76, 7, 194, 3
76, 7, 195, 3
76, 7, 184, 1
76, 7, 188, 1
77, 7, 196, 1
77, 7, 197, 1
77, 7, 198, 1
77, 7, 194, 3
77, 7, 195, 3
77, 7, 185, 1
77, 7, 189, 1
78, 7, 196, 1
78, 7, 197, 1
78, 7, 198, 1
78, 7, 194, 3
78, 7, 195, 3
78, 7, 186, 1
78, 7, 190, 1
79, 7, 196, 1
79, 7, 197, 1
79, 7, 198, 1
79, 7, 194, 3
79, 7, 195, 3
79, 7, 187, 1
79, 7, 191, 1
80, 7, 196, 1
80, 7, 197, 1
80, 7, 198, 1
80, 7, 194, 3
80, 7, 195, 3
80, 7, 184, 1
80, 7, 188, 1
81, 7, 196, 1
81, 7, 197, 1
81, 7, 198, 1
81, 7, 194, 3
81, 7, 195, 3
81, 7, 185, 1
81, 7, 189, 1
82, 7, 196, 1
82, 7, 197, 1
82, 7, 198, 1
82, 7, 194, 3
82, 7, 195, 3
82, 7, 186, 1
82, 7, 190, 1
83, 7, 196, 1
83, 7, 197, 1
83, 7, 198, 1
83, 7, 194, 3
83, 7, 195, 3
83, 7, 187, 1
83, 7, 191, 1
84, 7, 196, 1
84, 7, 197, 1
84, 7, 198, 1
84, 7, 194, 3
84, 7, 195, 3
84, 7, 184, 1
84, 7, 188, 1
85, 7, 196, 1
85, 7, 197, 1
85, 7, 198, 1
85, 7, 194, 3
85, 7, 195, 3
85, 7, 185, 1
85, 7, 189, 1
86, 7, 196, 1
86, 7, 197, 1
86, 7, 198, 1
86, 7, 194, 3
86, 7, 195, 3
86, 7, 186, 1
86, 7, 190, 1
87, 7, 196, 1
87, 7, 197, 1
87, 7, 198, 1
87, 7, 194, 3
87, 7, 195, 3
87, 7, 187, 1
87, 7, 191, 1
88, 9, 196, 2
88, 9, 197, 2
88, 9, 182, 2
88, 9, 192, 2
88, 9, 0, 1
88, 9, 198, 1
88, 9, 176, 1
88, 9, 184, 2
88, 9, 188, 2
89, 9, 196, 2
89, 9, 197, 2
89, 9, 182, 2
89, 9, 180, 2
89, 9, 4, 1
89, 9, 198, 1
89, 9, 176, 1
89, 9, 184, 2
89, 9, 188, 2
90, 9, 196, 2
90, 9, 197, 2
90, 9, 182, 2
90, 9, 193, 2
90, 9, 8, 1
90, 9, 198, 1
90, 9, 176, 1
90, 9, 184, 2
90, 9, 188, 2
91, 9, 196, 2
91, 9, 197, 2
91, 9, 182, 2
91, 9, 192, 2
91, 9, 12, 1
91, 9, 198, 1
91, 9, 176, 1
91, 9, 184, 2
91, 9, 188, 2
92, 9, 196, 2
92, 9, 197, 2
92, 9, 192, 2
92, 9, 183, 2
92, 9, 16, 1
92, 9, 198, 1
92, 9, 176, 1
92, 9, 184, 2
92, 9, 188, 2
93, 9, 196, 2
93, 9, 197, 2
93, 9, 192, 2
93, 9, 180, 2
93, 9, 20, 1
93, 9, 198, 1
93, 9, 176, 1
93, 9, 184, 2
93, 9, 188, 2
94, 9, 196, 2
94, 9, 197, 2
94, 9, 192, 2
94, 9, 193, 2
94, 9, 24, 1
94, 9, 198, 1
94, 9, 176, 1
94, 9, 184, 2
94, 9, 188, 2
95, 9, 196, 2
95, 9, 197, 2
95, 9, 192, 2
95, 9, 181, 2
95, 9, 28, 1
95, 9, 198, 1
95, 9, 176, 1
95, 9, 184, 2
95, 9, 188, 2
96, 9, 196, 2
96, 9, 197, 2
96, 9, 192, 2
96, 9, 183, 2
96, 9, 32, 1
96, 9, 198, 1
96, 9, 176, 1
96, 9, 184, 2
96, 9, 188, 2
97, 9, 196, 2
97, 9, 197, 2
97, 9, 183, 2
97, 9, 193, 2
97, 9, 36, 1
97, 9, 198, 1
97, 9, 176, 1
97, 9, 184, 2
97, 9, 188, 2
98, 9, 196, 2
98, 9, 197, 2
98, 9, 183, 2
98, 9, 181, 2
98, 9, 40, 1
98, 9, 198, 1
98, 9, 176, 1
98, 9, 184, 2
98, 9, 188, 2
99, 9, 196, 2
99, 9, 197, 2
99, 9, 182, 2
99, 9, 180, 2
99, 9, 44, 1
99, 9, 198, 1
99, 9, 176, 1
99, 9, 184, 2
99, 9, 188, 2
100, 9, 196, 2
100, 9, 197, 2
100, 9, 192, 2
100, 9, 180, 2
100, 9, 48, 1
100, 9, 198, 1
100, 9, 176, 1
100, 9, 184, 2
100, 9, 188, 2
101, 9, 196, 2
101, 9, 197, 2
101, 9, 180, 2
101, 9, 193, 2
101, 9, 52, 1
101, 9, 198, 1
101, 9, 176, 1
101, 9, 184, 2
101, 9, 188, 2
102, 9, 196, 2
102, 9, 197, 2
102, 9, 182, 2
102, 9, 193, 2
102, 9, 56, 1
102, 9, 198, 1
102, 9, 176, 1
102, 9, 184, 2
102, 9, 188, 2
103, 9, 196, 2
103, 9, 197, 2
103, 9, 192, 2
103, 9, 193, 2
103, 9, 60, 1
103, 9, 198, 1
103, 9, 176, 1
103, 9, 184, 2
103, 9, 188, 2
104, 9, 196, 2
104, 9, 197, 2
104, 9, 183, 2
104, 9, 193, 2
104, 9, 64, 1
104, 9, 198, 1
104, 9, 176, 1
104, 9, 184, 2
104, 9, 188, 2
105, 9, 196, 2
105, 9, 197, 2
105, 9, 180, 2
105, 9, 193, 2
105, 9, 68, 1
105, 9, 198, 1
105, 9, 176, 1
105, 9, 184, 2
105, 9, 188, 2
106, 9, 196, 2
106, 9, 197, 2
106, 9, 193, 2
106, 9, 181, 2
106, 9, 72, 1
106, 9, 198, 1
106, 9, 176, 1
106, 9, 184, 2
106, 9, 188, 2
107, 9, 196, 2
107, 9, 197, 2
107, 9, 192, 2
107, 9, 181, 2
107, 9, 76, 1
107, 9, 198, 1
107, 9, 176, 1
107, 9, 184, 2
107, 9, 188, 2
108, 9, 196, 2
108, 9, 197, 2
108, 9, 183, 2
108, 9, 181, 2
108, 9, 80, 1
108, 9, 198, 1
108, 9, 176, 1
108, 9, 184, 2
108, 9, 188, 2
109, 9, 196, 2
109, 9, 197, 2
109, 9, 193, 2
109, 9, 181, 2
109, 9, 84, 1
109, 9, 198, 1
109, 9, 176, 1
109, 9, 184, 2
109, 9, 188, 2
110, 9, 196, 2
110, 9, 197, 2
110, 9, 182, 2
110, 9, 192, 2
110, 9, 1, 1
110, 9, 198, 1
110, 9, 177, 1
110, 9, 185, 2
110, 9, 189, 2
111, 9, 196, 2
111, 9, 197, 2
111, 9, 182, 2
111, 9, 180, 2
111, 9, 5, 1
111, 9, 198, 1
111, 9, 177, 1
111, 9, 185, 2
111, 9, 189, 2
112, 9, 196, 2
112, 9, 197, 2
112, 9, 182, 2
112, 9, 193, 2
112, 9, 9, 1
112, 9, 198, 1
112, 9, 177, 1
112, 9, 185, 2
112, 9, 189, 2
113, 9, 196, 2
113, 9, 197, 2
113, 9, 182, 2
113, 9, 192, 2
113, 9, 13, 1
113, 9, 198, 1
113, 9, 177, 1
113, 9, 185, 2
113, 9, 189, 2
114, 9, 196, 2
114, 9, 197, 2
114, 9, 192, 2
114, 9, 183, 2
114, 9, 17, 1
114, 9, 198, 1
114, 9, 177, 1
114, 9, 185, 2
114, 9, 189, 2
115, 9, 196, 2
115, 9, 197, 2
115, 9, 192, 2
115, 9, 180, 2
115, 9, 21, 1
115, 9, 198, 1
115, 9, 177, 1
115, 9, 185, 2
115, 9, 189, 2
116, 9, 196, 2
116, 9, 197, 2
116, 9, 192, 2
116, 9, 193, 2
116, 9, 25, 1
116, 9, 198, 1
116, 9, 177, 1
116, 9, 185, 2
116, 9, 189, 2
117, 9, 196, 2
117, 9, 197, 2
117, 9, 192, 2
117, 9, 181, 2
117, 9, 29, 1
117, 9, 198, 1
117, 9, 177, 1
117, 9, 185, 2
117, 9, 189, 2
118, 9, 196, 2
118, 9, 197, 2
118, 9, 192, 2
118, 9, 183, 2
118, 9, 33, 1
118, 9, 198, 1
118, 9, 177, 1
118, 9, 185, 2
118, 9, 189, 2
119, 9, 196, 2
119, 9, 197, 2
119, 9, 183, 2
119, 9, 193, 2
119, 9, 37, 1
119, 9, 198, 1
119, 9, 177, 1
119, 9, 185, 2
119, 9, 189, 2
120, 9, 196, 2
120, 9, 197, 2
120, 9, 183, 2
120, 9, 181, 2
120, 9, 41, 1
120, 9, 198, 1
120, 9, 177, 1
120, 9, 185, 2
120, 9, 189, 2
121, 9, 196, 2
121, 9, 197, 2
121, 9, 182, 2
121, 9, 180, 2
121, 9, 45, 1
121, 9, 198, 1
121, 9, 177, 1
121, 9, 185, 2
121, 9, 189, 2
122, 9, 196, 2
122, 9, 197, 2
122, 9, 192, 2
122, 9, 180, 2
122, 9, 49, 1
122, 9, 198, 1
122, 9, 177, 1
122, 9, 185, 2
122, 9, 189, 2
123, 9, 196, 2
123, 9, 197, 2
123, 9, 180, 2
123, 9, 193, 2
123, 9, 53, 1
123, 9, 198, 1
123, 9, 177, 1
123, 9, 185, 2
123, 9, 189, 2
124, 9, 196, 2
124, 9, 197, 2
124, 9, 182, 2
124, 9, 193, 2
124, 9, 57, 1
124, 9, 198, 1
124, 9, 177, 1
124, 9, 185, 2
124, 9, 189, 2
125, 9, 196, 2
125, 9, 197, 2
125, 9, 192, 2
125, 9, 193, 2
125, 9, 61, 1
125, 9, 198, 1
125, 9, 177, 1
125, 9, 185, 2
125, 9, 189, 2
126, 9, 196, 2
126, 9, 197, 2
126, 9, 183, 2
126, 9, 193, 2
126, 9, 65, 1
126, 9, 198, 1
126, 9, 177, 1
126, 9, 185, 2
126, 9, 189, 2
127, 9, 196, 2
127, 9, 197, 2
127, 9, 180, 2
127, 9, 193, 2
127, 9, 69, 1
127, 9, 198, 1
127, 9, 177, 1
127, 9, 185, 2
127, 9, 189, 2
128, 9, 196, 2
128, 9, 197, 2
128, 9, 193, 2
128, 9, 181, 2
128, 9, 73, 1
128, 9, 198, 1
128, 9, 177, 1
128, 9, 185, 2
128, 9, 189, 2
129, 9, 196, 2
129, 9, 197, 2
129, 9, 192, 2
129, 9, 181, 2
129, 9, 77, 1
129, 9, 198, 1
129, 9, 177, 1
129, 9, 185, 2
129, 9, 189, 2
130, 9, 196, 2
130, 9, 197, 2
130, 9, 183, 2
130, 9, 181, 2
130, 9, 81, 1
130, 9, 198, 1
130, 9, 177, 1
130, 9, 185, 2
130, 9, 189, 2
131, 9, 196, 2
131, 9, 197, 2
131, 9, 193, 2
131, 9, 181, 2
131, 9, 85, 1
131, 9, 198, 1
131, 9, 177, 1
131, 9, 185, 2
131, 9, 189, 2
132, 9, 196, 2
132, 9, 197, 2
132, 9, 182, 2
132, 9, 192, 2
132, 9, 2, 1
132, 9, 198, 1
132, 9, 178, 1
132, 9, 186, 2
132, 9, 190, 2
133, 9, 196, 2
133, 9, 197, 2
133, 9, 182, 2
133, 9, 180, 2
133, 9, 6, 1
133, 9, 198, 1
133, 9, 178, 1
133, 9, 186, 2
133, 9, 190, 2
134, 9, 196, 2
134, 9, 197, 2
134, 9, 182, 2
134, 9, 193, 2
134, 9, 10, 1
134, 9, 198, 1
134, 9, 178, 1
134, 9, 186, 2
134, 9, 190, 2
135, 9, 196, 2
135, 9, 197, 2
135, 9, 182, 2
135, 9, 192, 2
135, 9, 14, 1
135, 9, 198, 1
135, 9, 178, 1
135, 9, 186, 2
135, 9, 190, 2
136, 9, 196, 2
136, 9, 197, 2
136, 9, 192, 2
136, 9, 183, 2
136, 9, 18, 1
136, 9, 198, 1
136, 9, 178, 1
136, 9, 186, 2
136, 9, 190, 2
137, 9, 196, 2
137, 9, 197, 2
137, 9, 192, 2
137, 9, 180, 2
137, 9, 22, 1
137, 9, 198, 1
137, 9, 178, 1
137, 9, 186, 2
137, 9, 190, 2
138, 9, 196, 2
138, 9, 197, 2
138, 9, 192, 2
138, 9, 193, 2
138, 9, 26, 1
138, 9, 198, 1
138, 9, 178, 1
138, 9, 186, 2
138, 9, 190, 2
139, 9, 196, 2
139, 9, 197, 2
139, 9, 192, 2
139, 9, 181, 2
139, 9, 30, 1
139, 9, 198, 1
139, 9, 178, 1
139, 9, 186, 2
139, 9, 190, 2
140, 9, 196, 2
140, 9, 197, 2
140, 9, 192, 2
140, 9, 183, 2
140, 9, 34, 1
140, 9, 198, 1
140, 9, 178, 1
140, 9, 186, 2
140, 9, 190, 2
141, 9, 196, 2
141, 9, 197, 2
141, 9, 183, 2
141, 9, 193, 2
141, 9, 38, 1
141, 9, 198, 1
141, 9, 178, 1
141, 9, 186, 2
141, 9, 190, 2
142, 9, 196, 2
142, 9, 197, 2
142, 9, 183, 2
142, 9, 181, 2
142, 9, 42, 1
142, 9, 198, 1
142, 9, 178, 1
142, 9, 186, 2
142, 9, 190, 2
143, 9, 196, 2
143, 9, 197, 2
143, 9, 182, 2
143, 9, 180, 2
143, 9, 46, 1
143, 9, 198, 1
143, 9, 178, 1
143, 9, 186, 2
143, 9, 190, 2
144, 9, 196, 2
144, 9, 197, 2
144, 9, 192, 2
144, 9, 180, 2
144, 9, 50, 1
144, 9, 198, 1
144, 9, 178, 1
144, 9, 186, 2
144, 9, 190, 2
145, 9, 196, 2
145, 9, 197, 2
145, 9, 180, 2
145, 9, 193, 2
145, 9, 54, 1
145, 9, 198, 1
145, 9, 178, 1
145, 9, 186, 2
145, 9, 190, 2
146, 9, 196, 2
146, 9, 197, 2
146, 9, 182, 2
146, 9, 193, 2
146, 9, 58, 1
146, 9, 198, 1
146, 9, 178, 1
146, 9, 186, 2
146, 9, 190, 2
147, 9, 196, 2
147, 9, 197, 2
147, 9, 192, 2
147, 9, 193, 2
147, 9, 62, 1
147, 9, 198, 1
147, 9, 178, 1
147, 9, 186, 2
147, 9, 190, 2
148, 9, 196, 2
148, 9, 197, 2
148, 9, 183, 2
148, 9, 193, 2
148, 9, 66, 1
148, 9, 198, 1
148, 9, 178, 1
148, 9, 186, 2
148, 9, 190, 2
149, 9, 196, 2
149, 9, 197, 2
149, 9, 180, 2
149, 9, 193, 2
149, 9, 70, 1
149, 9, 198, 1
149, 9, 178, 1
149, 9, 186, 2
149, 9, 190, 2
150, 9, 196, 2
150, 9, 197, 2
150, 9, 193, 2
150, 9, 181, 2
150, 9, 74, 1
150, 9, 198, 1
150, 9, 178, 1
150, 9, 186, 2
150, 9, 190, 2
151, 9, 196, 2
151, 9, 197, 2
151, 9, 192, 2
151, 9, 181, 2
151, 9, 78, 1
151, 9, 198, 1
151, 9, 178, 1
151, 9, 186, 2
151, 9, 190, 2
152, 9, 196, 2
152, 9, 197, 2
152, 9, 183, 2
152, 9, 181, 2
152, 9, 82, 1
152, 9, 198, 1
152, 9, 178, 1
152, 9, 186, 2
152, 9, 190, 2
153, 9, 196, 2
153, 9, 197, 2
153, 9, 193, 2
153, 9, 181, 2
153, 9, 86, 1
153, 9, 198, 1
153, 9, 178, 1
153, 9, 186, 2
153, 9, 190, 2
154, 9, 196, 2
154, 9, 197, 2
154, 9, 182, 2
154, 9, 192, 2
154, 9, 3, 1
154, 9, 198, 1
154, 9, 179, 1
154, 9, 187, 2
154, 9, 191, 2
155, 9, 196, 2
155, 9, 197, 2
155, 9, 182, 2
155, 9, 180, 2
155, 9, 7, 1
155, 9, 198, 1
155, 9, 179, 1
155, 9, 187, 2
155, 9, 191, 2
156, 9, 196, 2
156, 9, 197, 2
156, 9, 182, 2
156, 9, 193, 2
156, 9, 11, 1
156, 9, 198, 1
156, 9, 179, 1
156, 9, 187, 2
156, 9, 191, 2
157, 9, 196, 2
157, 9, 197, 2
157, 9, 182, 2
157, 9, 192, 2
157, 9, 15, 1
157, 9, 198, 1
157, 9, 179, 1
157, 9, 187, 2
157, 9, 191, 2
158, 9, 196, 2
158, 9, 197, 2
158, 9, 192, 2
158, 9, 183, 2
158, 9, 19, 1
158, 9, 198, 1
158, 9, 179, 1
158, 9, 187, 2
158, 9, 191, 2
159, 9, 196, 2
159, 9, 197, 2
159, 9, 192, 2
159, 9, 180, 2
159, 9, 23, 1
159, 9, 198, 1
159, 9, 179, 1
159, 9, 187, 2
159, 9, 191, 2
160, 9, 196, 2
160, 9, 197, 2
160, 9, 192, 2
160, 9, 193, 2
160, 9, 27, 1
160, 9, 198, 1
160, 9, 179, 1
160, 9, 187, 2
160, 9, 191, 2
161, 9, 196, 2
161, 9, 197, 2
161, 9, 192, 2
161, 9, 181, 2
161, 9, 31, 1
161, 9, 198, 1
161, 9, 179, 1
161, 9, 187, 2
161, 9, 191, 2
162, 9, 196, 2
162, 9, 197, 2
162, 9, 192, 2
162, 9, 183, 2
162, 9, 35, 1
162, 9, 198, 1
162, 9, 179, 1
162, 9, 187, 2
162, 9, 191, 2
163, 9, 196, 2
163, 9, 197, 2
163, 9, 183, 2
163, 9, 193, 2
163, 9, 39, 1
163, 9, 198, 1
163, 9, 179, 1
163, 9, 187, 2
163, 9, 191, 2
164, 9, 196, 2
164, 9, 197, 2
164, 9, 183, 2
164, 9, 181, 2
164, 9, 43, 1
164, 9, 198, 1
164, 9, 179, 1
164, 9, 187, 2
164, 9, 191, 2
165, 9, 196, 2
165, 9, 197, 2
165, 9, 182, 2
165, 9, 180, 2
165, 9, 47, 1
165, 9, 198, 1
165, 9, 179, 1
165, 9, 187, 2
165, 9, 191, 2
166, 9, 196, 2
166, 9, 197, 2
166, 9, 192, 2
166, 9, 180, 2
166, 9, 51, 1
166, 9, 198, 1
166, 9, 179, 1
166, 9, 187, 2
166, 9, 191, 2
167, 9, 196, 2
167, 9, 197, 2
167, 9, 180, 2
167, 9, 193, 2
167, 9, 55, 1
167, 9, 198, 1
167, 9, 179, 1
167, 9, 187, 2
167, 9, 191, 2
168, 9, 196, 2
168, 9, 197, 2
168, 9, 182, 2
168, 9, 193, 2
168, 9, 59, 1
168, 9, 198, 1
168, 9, 179, 1
168, 9, 187, 2
168, 9, 191, 2
169, 9, 196, 2
169, 9, 197, 2
169, 9, 192, 2
169, 9, 193, 2
169, 9, 63, 1
169, 9, 198, 1
169, 9, 179, 1
169, 9, 187, 2
169, 9, 191, 2
170, 9, 196, 2
170, 9, 197, 2
170, 9, 183, 2
170, 9, 193, 2
170, 9, 67, 1
170, 9, 198, 1
170, 9, 179, 1
170, 9, 187, 2
170, 9, 191, 2
171, 9, 196, 2
171, 9, 197, 2
171, 9, 180, 2
171, 9, 193, 2
171, 9, 71, 1
171, 9, 198, 1
171, 9, 179, 1
171, 9, 187, 2
171, 9, 191, 2
172, 9, 196, 2
172, 9, 197, 2
172, 9, 193, 2
172, 9, 181, 2
172, 9, 75, 1
172, 9, 198, 1
172, 9, 179, 1
172, 9, 187, 2
172, 9, 191, 2
173, 9, 196, 2
173, 9, 197, 2
173, 9, 192, 2
173, 9, 181, 2
173, 9, 79, 1
173, 9, 198, 1
173, 9, 179, 1
173, 9, 187, 2
173, 9, 191, 2
174, 9, 196, 2
174, 9, 197, 2
174, 9, 183, 2
174, 9, 181, 2
174, 9, 83, 1
174, 9, 198, 1
174, 9, 179, 1
174, 9, 187, 2
174, 9, 191, 2
175, 9, 196, 2
175, 9, 197, 2
175, 9, 193, 2
175, 9, 181, 2
175, 9, 87, 1
175, 9, 198, 1
175, 9, 179, 1
175, 9, 187, 2
175, 9, 191, 2
176, 55, 196, 44
176, 55, 197, 44
176, 55, 182, 12
176, 55, 192, 20
176, 55, 183, 12
176, 55, 180, 12
176, 55, 193, 20
176, 55, 181, 12
176, 55, 0, 1
176, 55, 4, 1
176, 55, 8, 1
176, 55, 12, 1
176, 55, 16, 1
176, 55, 20, 1
176, 55, 24, 1
176, 55, 28, 1
176, 55, 32, 1
176, 55, 36, 1
176, 55, 40, 1
176, 55, 44, 1
176, 55, 48, 1
176, 55, 52, 1
176, 55, 56, 1
176, 55, 60, 1
176, 55, 64, 1
176, 55, 68, 1
176, 55, 72, 1
176, 55, 76, 1
176, 55, 80, 1
176, 55, 84, 1
176, 55, 198, 22
176, 55, 184, 44
176, 55, 188, 44
176, 55, 88, 2
176, 55, 89, 2
176, 55, 90, 2
176, 55, 91, 2
176, 55, 92, 2
176, 55, 93, 2
176, 55, 94, 2
176, 55, 95, 2
176, 55, 96, 2
176, 55, 97, 2
176, 55, 98, 2
176, 55, 99, 2
176, 55, 100, 2
176, 55, 101, 2
176, 55, 102, 2
176, 55, 103, 2
176, 55, 104, 2
176, 55, 105, 2
176, 55, 106, 2
176, 55, 107, 2
176, 55, 108, 2
176, 55, 109, 2
177, 55, 196, 44
177, 55, 197, 44
177, 55, 182, 12
177, 55, 192, 20
177, 55, 183, 12
177, 55, 180, 12
177, 55, 193, 20
177, 55, 181, 12
177, 55, 1, 1
177, 55, 5, 1
177, 55, 9, 1
177, 55, 13, 1
177, 55, 17, 1
177, 55, 21, 1
177, 55, 25, 1
177, 55, 29, 1
177, 55, 33, 1
177, 55, 37, 1
177, 55, 41, 1
177, 55, 45, 1
177, 55, 49, 1
177, 55, 53, 1
177, 55, 57, 1
177, 55, 61, 1
177, 55, 65, 1
177, 55, 69, 1
177, 55, 73, 1
177, 55, 77, 1
177, 55, 81, 1
177, 55, 85, 1
177, 55, 198, 22
177, 55, 185, 44
177, 55, 189, 44
177, 55, 110, 2
177, 55, 111, 2
177, 55, 112, 2
177, 55, 113, 2
177, 55, 114, 2
177, 55, 115, 2
177, 55, 116, 2
177, 55, 117, 2
177, 55, 118, 2
177, 55, 119, 2
177, 55, 120, 2
177, 55, 121, 2
177, 55, 122, 2
177, 55, 123, 2
177, 55, 124, 2
177, 55, 125, 2
177, 55, 126, 2
177, 55, 127, 2
177, 55, 128, 2
177, 55, 129, 2
177, 55, 130, 2
177, 55, 131, 2
178, 55, 196, 44
178, 55, 197, 44
178, 55, 182, 12
178, 55, 192, 20
178, 55, 183, 12
178, 55, 180, 12
178, 55, 193, 20
178, 55, 181, 12
178, 55, 2, 1
178, 55, 6, 1
178, 55, 10, 1
178, 55, 14, 1
178, 55, 18, 1
178, 55, 22, 1
178, 55, 26, 1
178, 55, 30, 1
178, 55, 34, 1
178, 55, 38, 1
178, 55, 42, 1
178, 55, 46, 1
178, 55, 50, 1
178, 55, 54, 1
178, 55, 58, 1
178, 55, 62, 1
178, 55, 66, 1
178, 55, 70, 1
178, 55, 74, 1
178, 55, 78, 1
178, 55, 82, 1
178, 55, 86, 1
178, 55, 198, 22
178, 55, 186, 44
178, 55, 190, 44
178, 55, 132, 2
178, 55, 133, 2
178, 55, 134, 2
178, 55, 135, 2
178, 55, 136, 2
178, 55, 137, 2
178, 55, 138, 2
178, 55, 139, 2
178, 55, 140, 2
178, 55, 141, 2
178, 55, 142, 2
178, 55, 143, 2
178, 55, 144, 2
178, 55, 145, 2
178, 55, 146, 2
178, 55, 147, 2
178, 55, 148, 2
178, 55, 149, 2
178, 55, 150, 2
178, 55, 151, 2
178, 55, 152, 2
178, 55, 153, 2
179, 55, 196, 44
179, 55, 197, 44
179, 55, 182, 12
179, 55, 192, 20
179, 55, 183, 12
179, 55, 180, 12
179, 55, 193, 20
179, 55, 181, 12
179, 55, 3, 1
179, 55, 7, 1
179, 55, 11, 1
179, 55, 15, 1
179, 55, 19, 1
179, 55, 23, 1
179, 55, 27, 1
179, 55, 31, 1
179, 55, 35, 1
179, 55, 39, 1
179, 55, 43, 1
179, 55, 47, 1
179, 55, 51, 1
179, 55, 55, 1
179, 55, 59, 1
179, 55, 63, 1
179, 55, 67, 1
179, 55, 71, 1
179, 55, 75, 1
179, 55, 79, 1
179, 55, 83, 1
179, 55, 87, 1
179, 55, 198, 22
179, 55, 187, 44
179, 55, 191, 44
179, 55, 154, 2
179, 55, 155, 2
179, 55, 156, 2
179, 55, 157, 2
179, 55, 158, 2
179, 55, 159, 2
179, 55, 160, 2
179, 55, 161, 2
179, 55, 162, 2
179, 55, 163, 2
179, 55, 164, 2
179, 55, 165, 2
179, 55, 166, 2
179, 55, 167, 2
179, 55, 168, 2
179, 55, 169, 2
179, 55, 170, 2
179, 55, 171, 2
179, 55, 172, 2
179, 55, 173, 2
179, 55, 174, 2
179, 55, 175, 2
180, 26, 196, 12
180, 26, 197, 12
180, 26, 176, 3
180, 26, 177, 3
180, 26, 178, 3
180, 26, 179, 3
180, 26, 184, 3
180, 26, 185, 3
180, 26, 186, 3
180, 26, 187, 3
180, 26, 188, 3
180, 26, 189, 3
180, 26, 190, 3
180, 26, 191, 3
180, 26, 89, 1
180, 26, 93, 1
180, 26, 105, 1
180, 26, 111, 1
180, 26, 115, 1
180, 26, 127, 1
180, 26, 133, 1
180, 26, 137, 1
180, 26, 149, 1
180, 26, 155, 1
180, 26, 159, 1
180, 26, 171, 1
181, 26, 196, 12
181, 26, 197, 12
181, 26, 176, 3
181, 26, 177, 3
181, 26, 178, 3
181, 26, 179, 3
181, 26, 184, 3
181, 26, 185, 3
181, 26, 186, 3
181, 26, 187, 3
181, 26, 188, 3
181, 26, 189, 3
181, 26, 190, 3
181, 26, 191, 3
181, 26, 95, 1
181, 26, 98, 1
181, 26, 106, 1
181, 26, 117, 1
181, 26, 120, 1
181, 26, 128, 1
181, 26, 139, 1
181, 26, 142, 1
181, 26, 150, 1
181, 26, 161, 1
181, 26, 164, 1
181, 26, 172, 1
182, 26, 196, 12
182, 26, 197, 13
182, 26, 176, 3
182, 26, 177, 3
182, 26, 178, 3
182, 26, 179, 3
182, 26, 184, 3
182, 26, 185, 3
182, 26, 186, 3
182, 26, 187, 3
182, 26, 188, 3
182, 26, 189, 3
182, 26, 190, 3
182, 26, 191, 3
182, 26, 91, 1
182, 26, 99, 1
182, 26, 102, 1
182, 26, 113, 1
182, 26, 121, 1
182, 26, 124, 1
182, 26, 135, 1
182, 26, 143, 1
182, 26, 146, 1
182, 26, 157, 1
182, 26, 165, 1
182, 26, 168, 1
183, 26, 196, 13
183, 26, 197, 12
183, 26, 176, 3
183, 26, 177, 3
183, 26, 178, 3
183, 26, 179, 3
183, 26, 184, 3
183, 26, 185, 3
183, 26, 186, 3
183, 26, 187, 3
183, 26, 188, 3
183, 26, 189, 3
183, 26, 190, 3
183, 26, 191, 3
183, 26, 92, 1
183, 26, 104, 1
183, 26, 108, 1
183, 26, 114, 1
183, 26, 126, 1
183, 26, 130, 1
183, 26, 136, 1
183, 26, 148, 1
183, 26, 152, 1
183, 26, 158, 1
183, 26, 170, 1
183, 26, 174, 1
184, 1, 194, 22
185, 1, 194, 22
186, 1, 194, 22
187, 1, 194, 22
188, 1, 195, 22
189, 1, 195, 22
190, 1, 195, 22
191, 1, 195, 22
192, 34, 196, 20
192, 34, 197, 20
192, 34, 176, 5
192, 34, 177, 5
192, 34, 178, 5
192, 34, 179, 5
192, 34, 184, 5
192, 34, 185, 5
192, 34, 186, 5
192, 34, 187, 5
192, 34, 188, 5
192, 34, 189, 5
192, 34, 190, 5
192, 34, 191, 5
192, 34, 88, 1
192, 34, 96, 1
192, 34, 100, 1
192, 34, 103, 1
192, 34, 107, 1
192, 34, 110, 1
192, 34, 118, 1
192, 34, 122, 1
192, 34, 125, 1
192, 34, 129, 1
192, 34, 132, 1
192, 34, 140, 1
192, 34, 144, 1
192, 34, 147, 1
192, 34, 151, 1
192, 34, 154, 1
192, 34, 162, 1
192, 34, 166, 1
192, 34, 169, 1
192, 34, 173, 1
193, 34, 196, 20
193, 34, 197, 20
193, 34, 176, 5
193, 34, 177, 5
193, 34, 178, 5
193, 34, 179, 5
193, 34, 184, 5
193, 34, 185, 5
193, 34, 186, 5
193, 34, 187, 5
193, 34, 188, 5
193, 34, 189, 5
193, 34, 190, 5
193, 34, 191, 5
193, 34, 90, 1
193, 34, 94, 1
193, 34, 97, 1
193, 34, 101, 1
193, 34, 109, 1
193, 34, 112, 1
193, 34, 116, 1
193, 34, 119, 1
193, 34, 123, 1
193, 34, 131, 1
193, 34, 134, 1
193, 34, 138, 1
193, 34, 141, 1
193, 34, 145, 1
193, 34, 153, 1
193, 34, 156, 1
193, 34, 160, 1
193, 34, 163, 1
193, 34, 167, 1
193, 34, 175, 1
194, 90, 0, 1
194, 90, 1, 1
194, 90, 2, 1
194, 90, 3, 1
194, 90, 4, 1
194, 90, 5, 1
194, 90, 6, 1
194, 90, 7, 1
194, 90, 8, 1
194, 90, 9, 1
194, 90, 10, 1
194, 90, 11, 1
194, 90, 12, 1
194, 90, 13, 1
194, 90, 14, 1
194, 90, 15, 1
194, 90, 16, 1
194, 90, 17, 1
194, 90, 18, 1
194, 90, 19, 1
194, 90, 20, 1
194, 90, 21, 1
194, 90, 22, 1
194, 90, 23, 1
194, 90, 24, 1
194, 90, 25, 1
194, 90, 26, 1
194, 90, 27, 1
194, 90, 28, 1
194, 90, 29, 1
194, 90, 30, 1
194, 90, 31, 1
194, 90, 32, 1
194, 90, 33, 1
194, 90, 34, 1
194, 90, 35, 1
194, 90, 36, 1
194, 90, 37, 1
194, 90, 38, 1
194, 90, 39, 1
194, 90, 40, 1
194, 90, 41, 1
194, 90, 42, 1
194, 90, 43, 1
194, 90, 44, 1
194, 90, 45, 1
194, 90, 46, 1
194, 90, 47, 1
194, 90, 48, 1
194, 90, 49, 1
194, 90, 50, 1
194, 90, 51, 1
194, 90, 52, 1
194, 90, 53, 1
194, 90, 54, 1
194, 90, 55, 1
194, 90, 56, 1
194, 90, 57, 1
194, 90, 58, 1
194, 90, 59, 1
194, 90, 60, 1
194, 90, 61, 1
194, 90, 62, 1
194, 90, 63, 1
194, 90, 64, 1
194, 90, 65, 1
194, 90, 66, 1
194, 90, 67, 1
194, 90, 68, 1
194, 90, 69, 1
194, 90, 70, 1
194, 90, 71, 1
194, 90, 72, 1
194, 90, 73, 1
194, 90, 74, 1
194, 90, 75, 1
194, 90, 76, 1
194, 90, 77, 1
194, 90, 78, 1
194, 90, 79, 1
194, 90, 80, 1
194, 90, 81, 1
194, 90, 82, 1
194, 90, 83, 1
194, 90, 84, 1
194, 90, 85, 1
194, 90, 86, 1
194, 90, 87, 1
194, 90, 198, 88
194, 90, 195, 88
195, 90, 0, 1
195, 90, 1, 1
195, 90, 2, 1
195, 90, 3, 1
195, 90, 4, 1
195, 90, 5, 1
195, 90, 6, 1
195, 90, 7, 1
195, 90, 8, 1
195, 90, 9, 1
195, 90, 10, 1
195, 90, 11, 1
195, 90, 12, 1
195, 90, 13, 1
195, 90, 14, 1
195, 90, 15, 1
195, 90, 16, 1
195, 90, 17, 1
195, 90, 18, 1
195, 90, 19, 1
195, 90, 20, 1
195, 90, 21, 1
195, 90, 22, 1
195, 90, 23, 1
195, 90, 24, 1
195, 90, 25, 1
195, 90, 26, 1
195, 90, 27, 1
195, 90, 28, 1
195, 90, 29, 1
195, 90, 30, 1
195, 90, 31, 1
195, 90, 32, 1
195, 90, 33, 1
195, 90, 34, 1
195, 90, 35, 1
195, 90, 36, 1
195, 90, 37, 1
195, 90, 38, 1
195, 90, 39, 1
195, 90, 40, 1
195, 90, 41, 1
195, 90, 42, 1
195, 90, 43, 1
195, 90, 44, 1
195, 90, 45, 1
195, 90, 46, 1
195, 90, 47, 1
195, 90, 48, 1
195, 90, 49, 1
195, 90, 50, 1
195, 90, 51, 1
195, 90, 52, 1
195, 90, 53, 1
195, 90, 54, 1
195, 90, 55, 1
195, 90, 56, 1
195, 90, 57, 1
195, 90, 58, 1
195, 90, 59, 1
195, 90, 60, 1
195, 90, 61, 1
195, 90, 62, 1
195, 90, 63, 1
195, 90, 64, 1
195, 90, 65, 1
195, 90, 66, 1
195, 90, 67, 1
195, 90, 68, 1
195, 90, 69, 1
195, 90, 70, 1
195, 90, 71, 1
195, 90, 72, 1
195, 90, 73, 1
195, 90, 74, 1
195, 90, 75, 1
195, 90, 76, 1
195, 90, 77, 1
195, 90, 78, 1
195, 90, 79, 1
195, 90, 80, 1
195, 90, 81, 1
195, 90, 82, 1
195, 90, 83, 1
195, 90, 84, 1
195, 90, 85, 1
195, 90, 86, 1
195, 90, 87, 1
195, 90, 198, 88
195, 90, 194, 88
196, 12, -1, 1
196, 12, -1, 1
196, 12, -1, 1
196, 12, 200, 1
196, 12, -1, 1
196, 12, 182, 25
196, 12, 192, 41
196, 12, 183, 26
196, 12, 180, 25
196, 12, 193, 41
196, 12, 181, 25
196, 12, 194, 88
196, 12, 184, 66
196, 12, 185, 66
196, 12, 186, 66
196, 12, 187, 66
197, 12, -1, 1
197, 12, -1, 1
197, 12, -1, 1
197, 12, 199, 1
197, 12, -1, 1
197, 12, 182, 26
197, 12, 192, 41
197, 12, 183, 25
197, 12, 180, 25
197, 12, 193, 41
197, 12, 181, 25
197, 12, 195, 88
197, 12, 188, 66
197, 12, 189, 66
197, 12, 190, 66
197, 12, 191, 66
198, 198, -1, 1
198, 198, -1, 1
198, 198, -1, 1
198, 198, 200, 1
198, 198, -1, 1
198, 198, 196, 183
198, 198, -1, 1
198, 198, -1, 1
198, 198, -1, 1
198, 198, 199, 1
198, 198, -1, 1
198, 198, 197, 183
198, 198, 182, 51
198, 198, 192, 82
198, 198, 183, 51
198, 198, 180, 50
198, 198, 193, 82
198, 198, 181, 50
198, 198, 0, 1
198, 198, 1, 1
198, 198, 2, 1
198, 198, 3, 1
198, 198, 4, 1
198, 198, 5, 1
198, 198, 6, 1
198, 198, 7, 1
198, 198, 8, 1
198, 198, 9, 1
198, 198, 10, 1
198, 198, 11, 1
198, 198, 12, 1
198, 198, 13, 1
198, 198, 14, 1
198, 198, 15, 1
198, 198, 16, 1
198, 198, 17, 1
198, 198, 18, 1
198, 198, 19, 1
198, 198, 20, 1
198, 198, 21, 1
198, 198, 22, 1
198, 198, 23, 1
198, 198, 24, 1
198, 198, 25, 1
198, 198, 26, 1
198, 198, 27, 1
198, 198, 28, 1
198, 198, 29, 1
198, 198, 30, 1
198, 198, 31, 1
198, 198, 32, 1
198, 198, 33, 1
198, 198, 34, 1
198, 198, 35, 1
198, 198, 36, 1
198, 198, 37, 1
198, 198, 38, 1
198, 198, 39, 1
198, 198, 40, 1
198, 198, 41, 1
198, 198, 42, 1
198, 198, 43, 1
198, 198, 44, 1
198, 198, 45, 1
198, 198, 46, 1
198, 198, 47, 1
198, 198, 48, 1
198, 198, 49, 1
198, 198, 50, 1
198, 198, 51, 1
198, 198, 52, 1
198, 198, 53, 1
198, 198, 54, 1
198, 198, 55, 1
198, 198, 56, 1
198, 198, 57, 1
198, 198, 58, 1
198, 198, 59, 1
198, 198, 60, 1
198, 198, 61, 1
198, 198, 62, 1
198, 198, 63, 1
198, 198, 64, 1
198, 198, 65, 1
198, 198, 66, 1
198, 198, 67, 1
198, 198, 68, 1
198, 198, 69, 1
198, 198, 70, 1
198, 198, 71, 1
198, 198, 72, 1
198, 198, 73, 1
198, 198, 74, 1
198, 198, 75, 1
198, 198, 76, 1
198, 198, 77, 1
198, 198, 78, 1
198, 198, 79, 1
198, 198, 80, 1
198, 198, 81, 1
198, 198, 82, 1
198, 198, 83, 1
198, 198, 84, 1
198, 198, 85, 1
198, 198, 86, 1
198, 198, 87, 1
198, 198, 176, 44
198, 198, 177, 44
198, 198, 178, 44
198, 198, 179, 44
198, 198, 184, 44
198, 198, 185, 44
198, 198, 186, 44
198, 198, 187, 44
198, 198, 188, 44
198, 198, 189, 44
198, 198, 190, 44
198, 198, 191, 44
198, 198, 88, 2
198, 198, 89, 2
198, 198, 90, 2
198, 198, 91, 2
198, 198, 92, 2
198, 198, 93, 2
198, 198, 94, 2
198, 198, 95, 2
198, 198, 96, 2
198, 198, 97, 2
198, 198, 98, 2
198, 198, 99, 2
198, 198, 100, 2
198, 198, 101, 2
198, 198, 102, 2
198, 198, 103, 2
198, 198, 104, 2
198, 198, 105, 2
198, 198, 106, 2
198, 198, 107, 2
198, 198, 108, 2
198, 198, 109, 2
198, 198, 110, 2
198, 198, 111, 2
198, 198, 112, 2
198, 198, 113, 2
198, 198, 114, 2
198, 198, 115, 2
198, 198, 116, 2
198, 198, 117, 2
198, 198, 118, 2
198, 198, 119, 2
198, 198, 120, 2
198, 198, 121, 2
198, 198, 122, 2
198, 198, 123, 2
198, 198, 124, 2
198, 198, 125, 2
198, 198, 126, 2
198, 198, 127, 2
198, 198, 128, 2
198, 198, 129, 2
198, 198, 130, 2
198, 198, 131, 2
198, 198, 132, 2
198, 198, 133, 2
198, 198, 134, 2
198, 198, 135, 2
198, 198, 136, 2
198, 198, 137, 2
198, 198, 138, 2
198, 198, 139, 2
198, 198, 140, 2
198, 198, 141, 2
198, 198, 142, 2
198, 198, 143, 2
198, 198, 144, 2
198, 198, 145, 2
198, 198, 146, 2
198, 198, 147, 2
198, 198, 148, 2
198, 198, 149, 2
198, 198, 150, 2
198, 198, 151, 2
198, 198, 152, 2
198, 198, 153, 2
198, 198, 154, 2
198, 198, 155, 2
198, 198, 156, 2
198, 198, 157, 2
198, 198, 158, 2
198, 198, 159, 2
198, 198, 160, 2
198, 198, 161, 2
198, 198, 162, 2
198, 198, 163, 2
198, 198, 164, 2
198, 198, 165, 2
198, 198, 166, 2
198, 198, 167, 2
198, 198, 168, 2
198, 198, 169, 2
198, 198, 170, 2
198, 198, 171, 2
198, 198, 172, 2
198, 198, 173, 2
198, 198, 174, 2
198, 198, 175, 2
DTG
0, 1, 0, 1, 3
0, 1, 1, 0, 4
1, 1, 0, 1, 3
1, 1, 1, 0, 4
2, 1, 0, 1, 3
2, 1, 1, 0, 4
3, 1, 0, 1, 3
3, 1, 1, 0, 4
4, 1, 0, 1, 3
4, 1, 1, 0, 4
5, 1, 0, 1, 3
5, 1, 1, 0, 4
6, 1, 0, 1, 3
6, 1, 1, 0, 4
7, 1, 0, 1, 3
7, 1, 1, 0, 4
8, 1, 0, 1, 3
8, 1, 1, 0, 4
9, 1, 0, 1, 3
9, 1, 1, 0, 4
10, 1, 0, 1, 3
10, 1, 1, 0, 4
11, 1, 0, 1, 3
11, 1, 1, 0, 4
12, 1, 0, 1, 3
12, 1, 1, 0, 4
13, 1, 0, 1, 3
13, 1, 1, 0, 4
14, 1, 0, 1, 3
14, 1, 1, 0, 4
15, 1, 0, 1, 3
15, 1, 1, 0, 4
16, 1, 0, 1, 3
16, 1, 1, 0, 4
17, 1, 0, 1, 3
17, 1, 1, 0, 4
18, 1, 0, 1, 3
18, 1, 1, 0, 4
19, 1, 0, 1, 3
19, 1, 1, 0, 4
20, 1, 0, 1, 3
20, 1, 1, 0, 4
21, 1, 0, 1, 3
21, 1, 1, 0, 4
22, 1, 0, 1, 3
22, 1, 1, 0, 4
23, 1, 0, 1, 3
23, 1, 1, 0, 4
24, 1, 0, 1, 3
24, 1, 1, 0, 4
25, 1, 0, 1, 3
25, 1, 1, 0, 4
26, 1, 0, 1, 3
26, 1, 1, 0, 4
27, 1, 0, 1, 3
27, 1, 1, 0, 4
28, 1, 0, 1, 3
28, 1, 1, 0, 4
29, 1, 0, 1, 3
29, 1, 1, 0, 4
30, 1, 0, 1, 3
30, 1, 1, 0, 4
31, 1, 0, 1, 3
31, 1, 1, 0, 4
32, 1, 0, 1, 3
32, 1, 1, 0, 4
33, 1, 0, 1, 3
33, 1, 1, 0, 4
34, 1, 0, 1, 3
34, 1, 1, 0, 4
35, 1, 0, 1, 3
35, 1, 1, 0, 4
36, 1, 0, 1, 3
36, 1, 1, 0, 4
37, 1, 0, 1, 3
37, 1, 1, 0, 4
38, 1, 0, 1, 3
38, 1, 1, 0, 4
39, 1, 0, 1, 3
39, 1, 1, 0, 4
40, 1, 0, 1, 3
40, 1, 1, 0, 4
41, 1, 0, 1, 3
41, 1, 1, 0, 4
42, 1, 0, 1, 3
42, 1, 1, 0, 4
43, 1, 0, 1, 3
43, 1, 1, 0, 4
44, 1, 0, 1, 3
44, 1, 1, 0, 4
45, 1, 0, 1, 3
45, 1, 1, 0, 4
46, 1, 0, 1, 3
46, 1, 1, 0, 4
47, 1, 0, 1, 3
47, 1, 1, 0, 4
48, 1, 0, 1, 3
48, 1, 1, 0, 4
49, 1, 0, 1, 3
49, 1, 1, 0, 4
50, 1, 0, 1, 3
50, 1, 1, 0, 4
51, 1, 0, 1, 3
51, 1, 1, 0, 4
52, 1, 0, 1, 3
52, 1, 1, 0, 4
53, 1, 0, 1, 3
53, 1, 1, 0, 4
54, 1, 0, 1, 3
54, 1, 1, 0, 4
55, 1, 0, 1, 3
55, 1, 1, 0, 4
56, 1, 0, 1, 3
56, 1, 1, 0, 4
57, 1, 0, 1, 3
57, 1, 1, 0, 4
58, 1, 0, 1, 3
58, 1, 1, 0, 4
59, 1, 0, 1, 3
59, 1, 1, 0, 4
60, 1, 0, 1, 3
60, 1, 1, 0, 4
61, 1, 0, 1, 3
61, 1, 1, 0, 4
62, 1, 0, 1, 3
62, 1, 1, 0, 4
63, 1, 0, 1, 3
63, 1, 1, 0, 4
64, 1, 0, 1, 3
64, 1, 1, 0, 4
65, 1, 0, 1, 3
65, 1, 1, 0, 4
66, 1, 0, 1, 3
66, 1, 1, 0, 4
67, 1, 0, 1, 3
67, 1, 1, 0, 4
68, 1, 0, 1, 3
68, 1, 1, 0, 4
69, 1, 0, 1, 3
69, 1, 1, 0, 4
70, 1, 0, 1, 3
70, 1, 1, 0, 4
71, 1, 0, 1, 3
71, 1, 1, 0, 4
72, 1, 0, 1, 3
72, 1, 1, 0, 4
73, 1, 0, 1, 3
73, 1, 1, 0, 4
74, 1, 0, 1, 3
74, 1, 1, 0, 4
75, 1, 0, 1, 3
75, 1, 1, 0, 4
76, 1, 0, 1, 3
76, 1, 1, 0, 4
77, 1, 0, 1, 3
77, 1, 1, 0, 4
78, 1, 0, 1, 3
78, 1, 1, 0, 4
79, 1, 0, 1, 3
79, 1, 1, 0, 4
80, 1, 0, 1, 3
80, 1, 1, 0, 4
81, 1, 0, 1, 3
81, 1, 1, 0, 4
82, 1, 0, 1, 3
82, 1, 1, 0, 4
83, 1, 0, 1, 3
83, 1, 1, 0, 4
84, 1, 0, 1, 3
84, 1, 1, 0, 4
85, 1, 0, 1, 3
85, 1, 1, 0, 4
86, 1, 0, 1, 3
86, 1, 1, 0, 4
87, 1, 0, 1, 3
87, 1, 1, 0, 4
88, 1, 0, 1, 3
88, 1, 1, 0, 4
89, 1, 0, 1, 3
89, 1, 1, 0, 4
90, 1, 0, 1, 3
90, 1, 1, 0, 4
91, 1, 0, 1, 3
91, 1, 1, 0, 4
92, 1, 0, 1, 3
92, 1, 1, 0, 4
93, 1, 0, 1, 3
93, 1, 1, 0, 4
94, 1, 0, 1, 3
94, 1, 1, 0, 4
95, 1, 0, 1, 3
95, 1, 1, 0, 4
96, 1, 0, 1, 3
96, 1, 1, 0, 4
97, 1, 0, 1, 3
97, 1, 1, 0, 4
98, 1, 0, 1, 3
98, 1, 1, 0, 4
99, 1, 0, 1, 3
99, 1, 1, 0, 4
100, 1, 0, 1, 3
100, 1, 1, 0, 4
101, 1, 0, 1, 3
101, 1, 1, 0, 4
102, 1, 0, 1, 3
102, 1, 1, 0, 4
103, 1, 0, 1, 3
103, 1, 1, 0, 4
104, 1, 0, 1, 3
104, 1, 1, 0, 4
105, 1, 0, 1, 3
105, 1, 1, 0, 4
106, 1, 0, 1, 3
106, 1, 1, 0, 4
107, 1, 0, 1, 3
107, 1, 1, 0, 4
108, 1, 0, 1, 3
108, 1, 1, 0, 4
109, 1, 0, 1, 3
109, 1, 1, 0, 4
110, 1, 0, 1, 3
110, 1, 1, 0, 4
111, 1, 0, 1, 3
111, 1, 1, 0, 4
112, 1, 0, 1, 3
112, 1, 1, 0, 4
113, 1, 0, 1, 3
113, 1, 1, 0, 4
114, 1, 0, 1, 3
114, 1, 1, 0, 4
115, 1, 0, 1, 3
115, 1, 1, 0, 4
116, 1, 0, 1, 3
116, 1, 1, 0, 4
117, 1, 0, 1, 3
117, 1, 1, 0, 4
118, 1, 0, 1, 3
118, 1, 1, 0, 4
119, 1, 0, 1, 3
119, 1, 1, 0, 4
120, 1, 0, 1, 3
120, 1, 1, 0, 4
121, 1, 0, 1, 3
121, 1, 1, 0, 4
122, 1, 0, 1, 3
122, 1, 1, 0, 4
123, 1, 0, 1, 3
123, 1, 1, 0, 4
124, 1, 0, 1, 3
124, 1, 1, 0, 4
125, 1, 0, 1, 3
125, 1, 1, 0, 4
126, 1, 0, 1, 3
126, 1, 1, 0, 4
127, 1, 0, 1, 3
127, 1, 1, 0, 4
128, 1, 0, 1, 3
128, 1, 1, 0, 4
129, 1, 0, 1, 3
129, 1, 1, 0, 4
130, 1, 0, 1, 3
130, 1, 1, 0, 4
131, 1, 0, 1, 3
131, 1, 1, 0, 4
132, 1, 0, 1, 3
132, 1, 1, 0, 4
133, 1, 0, 1, 3
133, 1, 1, 0, 4
134, 1, 0, 1, 3
134, 1, 1, 0, 4
135, 1, 0, 1, 3
135, 1, 1, 0, 4
136, 1, 0, 1, 3
136, 1, 1, 0, 4
137, 1, 0, 1, 3
137, 1, 1, 0, 4
138, 1, 0, 1, 3
138, 1, 1, 0, 4
139, 1, 0, 1, 3
139, 1, 1, 0, 4
140, 1, 0, 1, 3
140, 1, 1, 0, 4
141, 1, 0, 1, 3
141, 1, 1, 0, 4
142, 1, 0, 1, 3
142, 1, 1, 0, 4
143, 1, 0, 1, 3
143, 1, 1, 0, 4
144, 1, 0, 1, 3
144, 1, 1, 0, 4
145, 1, 0, 1, 3
145, 1, 1, 0, 4
146, 1, 0, 1, 3
146, 1, 1, 0, 4
147, 1, 0, 1, 3
147, 1, 1, 0, 4
148, 1, 0, 1, 3
148, 1, 1, 0, 4
149, 1, 0, 1, 3
149, 1, 1, 0, 4
150, 1, 0, 1, 3
150, 1, 1, 0, 4
151, 1, 0, 1, 3
151, 1, 1, 0, 4
152, 1, 0, 1, 3
152, 1, 1, 0, 4
153, 1, 0, 1, 3
153, 1, 1, 0, 4
154, 1, 0, 1, 3
154, 1, 1, 0, 4
155, 1, 0, 1, 3
155, 1, 1, 0, 4
156, 1, 0, 1, 3
156, 1, 1, 0, 4
157, 1, 0, 1, 3
157, 1, 1, 0, 4
158, 1, 0, 1, 3
158, 1, 1, 0, 4
159, 1, 0, 1, 3
159, 1, 1, 0, 4
160, 1, 0, 1, 3
160, 1, 1, 0, 4
161, 1, 0, 1, 3
161, 1, 1, 0, 4
162, 1, 0, 1, 3
162, 1, 1, 0, 4
163, 1, 0, 1, 3
163, 1, 1, 0, 4
164, 1, 0, 1, 3
164, 1, 1, 0, 4
165, 1, 0, 1, 3
165, 1, 1, 0, 4
166, 1, 0, 1, 3
166, 1, 1, 0, 4
167, 1, 0, 1, 3
167, 1, 1, 0, 4
168, 1, 0, 1, 3
168, 1, 1, 0, 4
169, 1, 0, 1, 3
169, 1, 1, 0, 4
170, 1, 0, 1, 3
170, 1, 1, 0, 4
171, 1, 0, 1, 3
171, 1, 1, 0, 4
172, 1, 0, 1, 3
172, 1, 1, 0, 4
173, 1, 0, 1, 3
173, 1, 1, 0, 4
174, 1, 0, 1, 3
174, 1, 1, 0, 4
175, 1, 0, 1, 3
175, 1, 1, 0, 4
176, 22, 0, 1, 3
176, 22, 0, 1, 3
176, 22, 0, 1, 3
176, 22, 0, 1, 3
176, 22, 0, 1, 3
176, 22, 0, 1, 3
176, 22, 0, 1, 3
176, 22, 0, 1, 3
176, 22, 0, 1, 3
176, 22, 0, 1, 3
176, 22, 0, 1, 3
176, 22, 0, 1, 3
176, 22, 0, 1, 3
176, 22, 0, 1, 3
176, 22, 0, 1, 3
176, 22, 0, 1, 3
176, 22, 0, 1, 3
176, 22, 0, 1, 3
176, 22, 0, 1, 3
176, 22, 0, 1, 3
176, 22, 0, 1, 3
176, 22, 0, 1, 3
176, 6, 1, 0, 3
176, 6, 1, 0, 3
176, 6, 1, 0, 3
176, 6, 1, 0, 3
176, 6, 1, 0, 3
176, 6, 1, 0, 3
177, 22, 0, 1, 3
177, 22, 0, 1, 3
177, 22, 0, 1, 3
177, 22, 0, 1, 3
177, 22, 0, 1, 3
177, 22, 0, 1, 3
177, 22, 0, 1, 3
177, 22, 0, 1, 3
177, 22, 0, 1, 3
177, 22, 0, 1, 3
177, 22, 0, 1, 3
177, 22, 0, 1, 3
177, 22, 0, 1, 3
177, 22, 0, 1, 3
177, 22, 0, 1, 3
177, 22, 0, 1, 3
177, 22, 0, 1, 3
177, 22, 0, 1, 3
177, 22, 0, 1, 3
177, 22, 0, 1, 3
177, 22, 0, 1, 3
177, 22, 0, 1, 3
177, 6, 1, 0, 3
177, 6, 1, 0, 3
177, 6, 1, 0, 3
177, 6, 1, 0, 3
177, 6, 1, 0, 3
177, 6, 1, 0, 3
178, 22, 0, 1, 3
178, 22, 0, 1, 3
178, 22, 0, 1, 3
178, 22, 0, 1, 3
178, 22, 0, 1, 3
178, 22, 0, 1, 3
178, 22, 0, 1, 3
178, 22, 0, 1, 3
178, 22, 0, 1, 3
178, 22, 0, 1, 3
178, 22, 0, 1, 3
178, 22, 0, 1, 3
178, 22, 0, 1, 3
178, 22, 0, 1, 3
178, 22, 0, 1, 3
178, 22, 0, 1, 3
178, 22, 0, 1, 3
178, 22, 0, 1, 3
178, 22, 0, 1, 3
178, 22, 0, 1, 3
178, 22, 0, 1, 3
178, 22, 0, 1, 3
178, 6, 1, 0, 3
178, 6, 1, 0, 3
178, 6, 1, 0, 3
178, 6, 1, 0, 3
178, 6, 1, 0, 3
178, 6, 1, 0, 3
179, 22, 0, 1, 3
179, 22, 0, 1, 3
179, 22, 0, 1, 3
179, 22, 0, 1, 3
179, 22, 0, 1, 3
179, 22, 0, 1, 3
179, 22, 0, 1, 3
179, 22, 0, 1, 3
179, 22, 0, 1, 3
179, 22, 0, 1, 3
179, 22, 0, 1, 3
179, 22, 0, 1, 3
179, 22, 0, 1, 3
179, 22, 0, 1, 3
179, 22, 0, 1, 3
179, 22, 0, 1, 3
179, 22, 0, 1, 3
179, 22, 0, 1, 3
179, 22, 0, 1, 3
179, 22, 0, 1, 3
179, 22, 0, 1, 3
179, 22, 0, 1, 3
179, 6, 1, 0, 3
179, 6, 1, 0, 3
179, 6, 1, 0, 3
179, 6, 1, 0, 3
179, 6, 1, 0, 3
179, 6, 1, 0, 3
180, 24, 0, 1, 5
180, 24, 0, 1, 5
180, 24, 0, 1, 5
180, 24, 0, 1, 5
180, 24, 0, 1, 5
180, 24, 0, 1, 5
180, 24, 0, 1, 5
180, 24, 0, 1, 5
180, 24, 0, 1, 5
180, 24, 0, 1, 5
180, 24, 0, 1, 5
180, 24, 0, 1, 5
180, 24, 0, 1, 5
180, 24, 0, 1, 5
180, 24, 0, 1, 5
180, 24, 0, 1, 5
180, 24, 0, 1, 5
180, 24, 0, 1, 5
180, 24, 0, 1, 5
180, 24, 0, 1, 5
180, 24, 0, 1, 5
180, 24, 0, 1, 5
180, 24, 0, 1, 5
180, 24, 0, 1, 5
180, 2, 1, 0, 3
180, 2, 1, 0, 3
181, 24, 0, 1, 5
181, 24, 0, 1, 5
181, 24, 0, 1, 5
181, 24, 0, 1, 5
181, 24, 0, 1, 5
181, 24, 0, 1, 5
181, 24, 0, 1, 5
181, 24, 0, 1, 5
181, 24, 0, 1, 5
181, 24, 0, 1, 5
181, 24, 0, 1, 5
181, 24, 0, 1, 5
181, 24, 0, 1, 5
181, 24, 0, 1, 5
181, 24, 0, 1, 5
181, 24, 0, 1, 5
181, 24, 0, 1, 5
181, 24, 0, 1, 5
181, 24, 0, 1, 5
181, 24, 0, 1, 5
181, 24, 0, 1, 5
181, 24, 0, 1, 5
181, 24, 0, 1, 5
181, 24, 0, 1, 5
181, 2, 1, 0, 3
181, 2, 1, 0, 3
182, 25, 0, 1, 3
182, 25, 0, 1, 5
182, 25, 0, 1, 5
182, 25, 0, 1, 5
182, 25, 0, 1, 5
182, 25, 0, 1, 5
182, 25, 0, 1, 5
182, 25, 0, 1, 5
182, 25, 0, 1, 5
182, 25, 0, 1, 5
182, 25, 0, 1, 5
182, 25, 0, 1, 5
182, 25, 0, 1, 5
182, 25, 0, 1, 5
182, 25, 0, 1, 5
182, 25, 0, 1, 5
182, 25, 0, 1, 5
182, 25, 0, 1, 5
182, 25, 0, 1, 5
182, 25, 0, 1, 5
182, 25, 0, 1, 5
182, 25, 0, 1, 5
182, 25, 0, 1, 5
182, 25, 0, 1, 5
182, 25, 0, 1, 5
182, 2, 1, 0, 3
182, 2, 1, 0, 3
183, 25, 0, 1, 3
183, 25, 0, 1, 5
183, 25, 0, 1, 5
183, 25, 0, 1, 5
183, 25, 0, 1, 5
183, 25, 0, 1, 5
183, 25, 0, 1, 5
183, 25, 0, 1, 5
183, 25, 0, 1, 5
183, 25, 0, 1, 5
183, 25, 0, 1, 5
183, 25, 0, 1, 5
183, 25, 0, 1, 5
183, 25, 0, 1, 5
183, 25, 0, 1, 5
183, 25, 0, 1, 5
183, 25, 0, 1, 5
183, 25, 0, 1, 5
183, 25, 0, 1, 5
183, 25, 0, 1, 5
183, 25, 0, 1, 5
183, 25, 0, 1, 5
183, 25, 0, 1, 5
183, 25, 0, 1, 5
183, 25, 0, 1, 5
183, 2, 1, 0, 3
183, 2, 1, 0, 3
184, 22, 0, 1, 5
184, 22, 0, 1, 5
184, 22, 0, 1, 5
184, 22, 0, 1, 5
184, 22, 0, 1, 5
184, 22, 0, 1, 5
184, 22, 0, 1, 5
184, 22, 0, 1, 5
184, 22, 0, 1, 5
184, 22, 0, 1, 5
184, 22, 0, 1, 5
184, 22, 0, 1, 5
184, 22, 0, 1, 5
184, 22, 0, 1, 5
184, 22, 0, 1, 5
184, 22, 0, 1, 5
184, 22, 0, 1, 5
184, 22, 0, 1, 5
184, 22, 0, 1, 5
184, 22, 0, 1, 5
184, 22, 0, 1, 5
184, 22, 0, 1, 5
184, 44, 1, 0, 3
184, 44, 1, 0, 3
184, 44, 1, 0, 3
184, 44, 1, 0, 3
184, 44, 1, 0, 3
184, 44, 1, 0, 3
184, 44, 1, 0, 3
184, 44, 1, 0, 3
184, 44, 1, 0, 3
184, 44, 1, 0, 3
184, 44, 1, 0, 3
184, 44, 1, 0, 3
184, 44, 1, 0, 3
184, 44, 1, 0, 3
184, 44, 1, 0, 3
184, 44, 1, 0, 3
184, 44, 1, 0, 3
184, 44, 1, 0, 3
184, 44, 1, 0, 3
184, 44, 1, 0, 3
184, 44, 1, 0, 3
184, 44, 1, 0, 3
184, 44, 1, 0, 6
184, 44, 1, 0, 6
184, 44, 1, 0, 6
184, 44, 1, 0, 6
184, 44, 1, 0, 6
184, 44, 1, 0, 6
184, 44, 1, 0, 6
184, 44, 1, 0, 6
184, 44, 1, 0, 6
184, 44, 1, 0, 6
184, 44, 1, 0, 6
184, 44, 1, 0, 6
184, 44, 1, 0, 6
184, 44, 1, 0, 6
184, 44, 1, 0, 6
184, 44, 1, 0, 6
184, 44, 1, 0, 6
184, 44, 1, 0, 6
184, 44, 1, 0, 6
184, 44, 1, 0, 6
184, 44, 1, 0, 6
184, 44, 1, 0, 6
185, 22, 0, 1, 5
185, 22, 0, 1, 5
185, 22, 0, 1, 5
185, 22, 0, 1, 5
185, 22, 0, 1, 5
185, 22, 0, 1, 5
185, 22, 0, 1, 5
185, 22, 0, 1, 5
185, 22, 0, 1, 5
185, 22, 0, 1, 5
185, 22, 0, 1, 5
185, 22, 0, 1, 5
185, 22, 0, 1, 5
185, 22, 0, 1, 5
185, 22, 0, 1, 5
185, 22, 0, 1, 5
185, 22, 0, 1, 5
185, 22, 0, 1, 5
185, 22, 0, 1, 5
185, 22, 0, 1, 5
185, 22, 0, 1, 5
185, 22, 0, 1, 5
185, 44, 1, 0, 3
185, 44, 1, 0, 3
185, 44, 1, 0, 3
185, 44, 1, 0, 3
185, 44, 1, 0, 3
185, 44, 1, 0, 3
185, 44, 1, 0, 3
185, 44, 1, 0, 3
185, 44, 1, 0, 3
185, 44, 1, 0, 3
185, 44, 1, 0, 3
185, 44, 1, 0, 3
185, 44, 1, 0, 3
185, 44, 1, 0, 3
185, 44, 1, 0, 3
185, 44, 1, 0, 3
185, 44, 1, 0, 3
185, 44, 1, 0, 3
185, 44, 1, 0, 3
185, 44, 1, 0, 3
185, 44, 1, 0, 3
185, 44, 1, 0, 3
185, 44, 1, 0, 6
185, 44, 1, 0, 6
185, 44, 1, 0, 6
185, 44, 1, 0, 6
185, 44, 1, 0, 6
185, 44, 1, 0, 6
185, 44, 1, 0, 6
185, 44, 1, 0, 6
185, 44, 1, 0, 6
185, 44, 1, 0, 6
185, 44, 1, 0, 6
185, 44, 1, 0, 6
185, 44, 1, 0, 6
185, 44, 1, 0, 6
185, 44, 1, 0, 6
185, 44, 1, 0, 6
185, 44, 1, 0, 6
185, 44, 1, 0, 6
185, 44, 1, 0, 6
185, 44, 1, 0, 6
185, 44, 1, 0, 6
185, 44, 1, 0, 6
186, 22, 0, 1, 5
186, 22, 0, 1, 5
186, 22, 0, 1, 5
186, 22, 0, 1, 5
186, 22, 0, 1, 5
186, 22, 0, 1, 5
186, 22, 0, 1, 5
186, 22, 0, 1, 5
186, 22, 0, 1, 5
186, 22, 0, 1, 5
186, 22, 0, 1, 5
186, 22, 0, 1, 5
186, 22, 0, 1, 5
186, 22, 0, 1, 5
186, 22, 0, 1, 5
186, 22, 0, 1, 5
186, 22, 0, 1, 5
186, 22, 0, 1, 5
186, 22, 0, 1, 5
186, 22, 0, 1, 5
186, 22, 0, 1, 5
186, 22, 0, 1, 5
186, 44, 1, 0, 3
186, 44, 1, 0, 3
186, 44, 1, 0, 3
186, 44, 1, 0, 3
186, 44, 1, 0, 3
186, 44, 1, 0, 3
186, 44, 1, 0, 3
186, 44, 1, 0, 3
186, 44, 1, 0, 3
186, 44, 1, 0, 3
186, 44, 1, 0, 3
186, 44, 1, 0, 3
186, 44, 1, 0, 3
186, 44, 1, 0, 3
186, 44, 1, 0, 3
186, 44, 1, 0, 3
186, 44, 1, 0, 3
186, 44, 1, 0, 3
186, 44, 1, 0, 3
186, 44, 1, 0, 3
186, 44, 1, 0, 3
186, 44, 1, 0, 3
186, 44, 1, 0, 6
186, 44, 1, 0, 6
186, 44, 1, 0, 6
186, 44, 1, 0, 6
186, 44, 1, 0, 6
186, 44, 1, 0, 6
186, 44, 1, 0, 6
186, 44, 1, 0, 6
186, 44, 1, 0, 6
186, 44, 1, 0, 6
186, 44, 1, 0, 6
186, 44, 1, 0, 6
186, 44, 1, 0, 6
186, 44, 1, 0, 6
186, 44, 1, 0, 6
186, 44, 1, 0, 6
186, 44, 1, 0, 6
186, 44, 1, 0, 6
186, 44, 1, 0, 6
186, 44, 1, 0, 6
186, 44, 1, 0, 6
186, 44, 1, 0, 6
187, 22, 0, 1, 5
187, 22, 0, 1, 5
187, 22, 0, 1, 5
187, 22, 0, 1, 5
187, 22, 0, 1, 5
187, 22, 0, 1, 5
187, 22, 0, 1, 5
187, 22, 0, 1, 5
187, 22, 0, 1, 5
187, 22, 0, 1, 5
187, 22, 0, 1, 5
187, 22, 0, 1, 5
187, 22, 0, 1, 5
187, 22, 0, 1, 5
187, 22, 0, 1, 5
187, 22, 0, 1, 5
187, 22, 0, 1, 5
187, 22, 0, 1, 5
187, 22, 0, 1, 5
187, 22, 0, 1, 5
187, 22, 0, 1, 5
187, 22, 0, 1, 5
187, 44, 1, 0, 3
187, 44, 1, 0, 3
187, 44, 1, 0, 3
187, 44, 1, 0, 3
187, 44, 1, 0, 3
187, 44, 1, 0, 3
187, 44, 1, 0, 3
187, 44, 1, 0, 3
187, 44, 1, 0, 3
187, 44, 1, 0, 3
187, 44, 1, 0, 3
187, 44, 1, 0, 3
187, 44, 1, 0, 3
187, 44, 1, 0, 3
187, 44, 1, 0, 3
187, 44, 1, 0, 3
187, 44, 1, 0, 3
187, 44, 1, 0, 3
187, 44, 1, 0, 3
187, 44, 1, 0, 3
187, 44, 1, 0, 3
187, 44, 1, 0, 3
187, 44, 1, 0, 6
187, 44, 1, 0, 6
187, 44, 1, 0, 6
187, 44, 1, 0, 6
187, 44, 1, 0, 6
187, 44, 1, 0, 6
187, 44, 1, 0, 6
187, 44, 1, 0, 6
187, 44, 1, 0, 6
187, 44, 1, 0, 6
187, 44, 1, 0, 6
187, 44, 1, 0, 6
187, 44, 1, 0, 6
187, 44, 1, 0, 6
187, 44, 1, 0, 6
187, 44, 1, 0, 6
187, 44, 1, 0, 6
187, 44, 1, 0, 6
187, 44, 1, 0, 6
187, 44, 1, 0, 6
187, 44, 1, 0, 6
187, 44, 1, 0, 6
188, 22, 0, 1, 5
188, 22, 0, 1, 5
188, 22, 0, 1, 5
188, 22, 0, 1, 5
188, 22, 0, 1, 5
188, 22, 0, 1, 5
188, 22, 0, 1, 5
188, 22, 0, 1, 5
188, 22, 0, 1, 5
188, 22, 0, 1, 5
188, 22, 0, 1, 5
188, 22, 0, 1, 5
188, 22, 0, 1, 5
188, 22, 0, 1, 5
188, 22, 0, 1, 5
188, 22, 0, 1, 5
188, 22, 0, 1, 5
188, 22, 0, 1, 5
188, 22, 0, 1, 5
188, 22, 0, 1, 5
188, 22, 0, 1, 5
188, 22, 0, 1, 5
188, 44, 1, 0, 3
188, 44, 1, 0, 3
188, 44, 1, 0, 3
188, 44, 1, 0, 3
188, 44, 1, 0, 3
188, 44, 1, 0, 3
188, 44, 1, 0, 3
188, 44, 1, 0, 3
188, 44, 1, 0, 3
188, 44, 1, 0, 3
188, 44, 1, 0, 3
188, 44, 1, 0, 3
188, 44, 1, 0, 3
188, 44, 1, 0, 3
188, 44, 1, 0, 3
188, 44, 1, 0, 3
188, 44, 1, 0, 3
188, 44, 1, 0, 3
188, 44, 1, 0, 3
188, 44, 1, 0, 3
188, 44, 1, 0, 3
188, 44, 1, 0, 3
188, 44, 1, 0, 6
188, 44, 1, 0, 6
188, 44, 1, 0, 6
188, 44, 1, 0, 6
188, 44, 1, 0, 6
188, 44, 1, 0, 6
188, 44, 1, 0, 6
188, 44, 1, 0, 6
188, 44, 1, 0, 6
188, 44, 1, 0, 6
188, 44, 1, 0, 6
188, 44, 1, 0, 6
188, 44, 1, 0, 6
188, 44, 1, 0, 6
188, 44, 1, 0, 6
188, 44, 1, 0, 6
188, 44, 1, 0, 6
188, 44, 1, 0, 6
188, 44, 1, 0, 6
188, 44, 1, 0, 6
188, 44, 1, 0, 6
188, 44, 1, 0, 6
189, 22, 0, 1, 5
189, 22, 0, 1, 5
189, 22, 0, 1, 5
189, 22, 0, 1, 5
189, 22, 0, 1, 5
189, 22, 0, 1, 5
189, 22, 0, 1, 5
189, 22, 0, 1, 5
189, 22, 0, 1, 5
189, 22, 0, 1, 5
189, 22, 0, 1, 5
189, 22, 0, 1, 5
189, 22, 0, 1, 5
189, 22, 0, 1, 5
189, 22, 0, 1, 5
189, 22, 0, 1, 5
189, 22, 0, 1, 5
189, 22, 0, 1, 5
189, 22, 0, 1, 5
189, 22, 0, 1, 5
189, 22, 0, 1, 5
189, 22, 0, 1, 5
189, 44, 1, 0, 3
189, 44, 1, 0, 3
189, 44, 1, 0, 3
189, 44, 1, 0, 3
189, 44, 1, 0, 3
189, 44, 1, 0, 3
189, 44, 1, 0, 3
189, 44, 1, 0, 3
189, 44, 1, 0, 3
189, 44, 1, 0, 3
189, 44, 1, 0, 3
189, 44, 1, 0, 3
189, 44, 1, 0, 3
189, 44, 1, 0, 3
189, 44, 1, 0, 3
189, 44, 1, 0, 3
189, 44, 1, 0, 3
189, 44, 1, 0, 3
189, 44, 1, 0, 3
189, 44, 1, 0, 3
189, 44, 1, 0, 3
189, 44, 1, 0, 3
189, 44, 1, 0, 6
189, 44, 1, 0, 6
189, 44, 1, 0, 6
189, 44, 1, 0, 6
189, 44, 1, 0, 6
189, 44, 1, 0, 6
189, 44, 1, 0, 6
189, 44, 1, 0, 6
189, 44, 1, 0, 6
189, 44, 1, 0, 6
189, 44, 1, 0, 6
189, 44, 1, 0, 6
189, 44, 1, 0, 6
189, 44, 1, 0, 6
189, 44, 1, 0, 6
189, 44, 1, 0, 6
189, 44, 1, 0, 6
189, 44, 1, 0, 6
189, 44, 1, 0, 6
189, 44, 1, 0, 6
189, 44, 1, 0, 6
189, 44, 1, 0, 6
190, 22, 0, 1, 5
190, 22, 0, 1, 5
190, 22, 0, 1, 5
190, 22, 0, 1, 5
190, 22, 0, 1, 5
190, 22, 0, 1, 5
190, 22, 0, 1, 5
190, 22, 0, 1, 5
190, 22, 0, 1, 5
190, 22, 0, 1, 5
190, 22, 0, 1, 5
190, 22, 0, 1, 5
190, 22, 0, 1, 5
190, 22, 0, 1, 5
190, 22, 0, 1, 5
190, 22, 0, 1, 5
190, 22, 0, 1, 5
190, 22, 0, 1, 5
190, 22, 0, 1, 5
190, 22, 0, 1, 5
190, 22, 0, 1, 5
190, 22, 0, 1, 5
190, 44, 1, 0, 3
190, 44, 1, 0, 3
190, 44, 1, 0, 3
190, 44, 1, 0, 3
190, 44, 1, 0, 3
190, 44, 1, 0, 3
190, 44, 1, 0, 3
190, 44, 1, 0, 3
190, 44, 1, 0, 3
190, 44, 1, 0, 3
190, 44, 1, 0, 3
190, 44, 1, 0, 3
190, 44, 1, 0, 3
190, 44, 1, 0, 3
190, 44, 1, 0, 3
190, 44, 1, 0, 3
190, 44, 1, 0, 3
190, 44, 1, 0, 3
190, 44, 1, 0, 3
190, 44, 1, 0, 3
190, 44, 1, 0, 3
190, 44, 1, 0, 3
190, 44, 1, 0, 6
190, 44, 1, 0, 6
190, 44, 1, 0, 6
190, 44, 1, 0, 6
190, 44, 1, 0, 6
190, 44, 1, 0, 6
190, 44, 1, 0, 6
190, 44, 1, 0, 6
190, 44, 1, 0, 6
190, 44, 1, 0, 6
190, 44, 1, 0, 6
190, 44, 1, 0, 6
190, 44, 1, 0, 6
190, 44, 1, 0, 6
190, 44, 1, 0, 6
190, 44, 1, 0, 6
190, 44, 1, 0, 6
190, 44, 1, 0, 6
190, 44, 1, 0, 6
190, 44, 1, 0, 6
190, 44, 1, 0, 6
190, 44, 1, 0, 6
191, 22, 0, 1, 5
191, 22, 0, 1, 5
191, 22, 0, 1, 5
191, 22, 0, 1, 5
191, 22, 0, 1, 5
191, 22, 0, 1, 5
191, 22, 0, 1, 5
191, 22, 0, 1, 5
191, 22, 0, 1, 5
191, 22, 0, 1, 5
191, 22, 0, 1, 5
191, 22, 0, 1, 5
191, 22, 0, 1, 5
191, 22, 0, 1, 5
191, 22, 0, 1, 5
191, 22, 0, 1, 5
191, 22, 0, 1, 5
191, 22, 0, 1, 5
191, 22, 0, 1, 5
191, 22, 0, 1, 5
191, 22, 0, 1, 5
191, 22, 0, 1, 5
191, 44, 1, 0, 3
191, 44, 1, 0, 3
191, 44, 1, 0, 3
191, 44, 1, 0, 3
191, 44, 1, 0, 3
191, 44, 1, 0, 3
191, 44, 1, 0, 3
191, 44, 1, 0, 3
191, 44, 1, 0, 3
191, 44, 1, 0, 3
191, 44, 1, 0, 3
191, 44, 1, 0, 3
191, 44, 1, 0, 3
191, 44, 1, 0, 3
191, 44, 1, 0, 3
191, 44, 1, 0, 3
191, 44, 1, 0, 3
191, 44, 1, 0, 3
191, 44, 1, 0, 3
191, 44, 1, 0, 3
191, 44, 1, 0, 3
191, 44, 1, 0, 3
191, 44, 1, 0, 6
191, 44, 1, 0, 6
191, 44, 1, 0, 6
191, 44, 1, 0, 6
191, 44, 1, 0, 6
191, 44, 1, 0, 6
191, 44, 1, 0, 6
191, 44, 1, 0, 6
191, 44, 1, 0, 6
191, 44, 1, 0, 6
191, 44, 1, 0, 6
191, 44, 1, 0, 6
191, 44, 1, 0, 6
191, 44, 1, 0, 6
191, 44, 1, 0, 6
191, 44, 1, 0, 6
191, 44, 1, 0, 6
191, 44, 1, 0, 6
191, 44, 1, 0, 6
191, 44, 1, 0, 6
191, 44, 1, 0, 6
191, 44, 1, 0, 6
192, 40, 0, 1, 5
192, 40, 0, 1, 5
192, 40, 0, 1, 5
192, 40, 0, 1, 5
192, 40, 0, 1, 5
192, 40, 0, 1, 5
192, 40, 0, 1, 5
192, 40, 0, 1, 5
192, 40, 0, 1, 5
192, 40, 0, 1, 5
192, 40, 0, 1, 5
192, 40, 0, 1, 5
192, 40, 0, 1, 5
192, 40, 0, 1, 5
192, 40, 0, 1, 5
192, 40, 0, 1, 5
192, 40, 0, 1, 5
192, 40, 0, 1, 5
192, 40, 0, 1, 5
192, 40, 0, 1, 5
192, 40, 0, 1, 5
192, 40, 0, 1, 5
192, 40, 0, 1, 5
192, 40, 0, 1, 5
192, 40, 0, 1, 5
192, 40, 0, 1, 5
192, 40, 0, 1, 5
192, 40, 0, 1, 5
192, 40, 0, 1, 5
192, 40, 0, 1, 5
192, 40, 0, 1, 5
192, 40, 0, 1, 5
192, 40, 0, 1, 5
192, 40, 0, 1, 5
192, 40, 0, 1, 5
192, 40, 0, 1, 5
192, 40, 0, 1, 5
192, 40, 0, 1, 5
192, 40, 0, 1, 5
192, 40, 0, 1, 5
192, 2, 1, 0, 3
192, 2, 1, 0, 3
193, 40, 0, 1, 5
193, 40, 0, 1, 5
193, 40, 0, 1, 5
193, 40, 0, 1, 5
193, 40, 0, 1, 5
193, 40, 0, 1, 5
193, 40, 0, 1, 5
193, 40, 0, 1, 5
193, 40, 0, 1, 5
193, 40, 0, 1, 5
193, 40, 0, 1, 5
193, 40, 0, 1, 5
193, 40, 0, 1, 5
193, 40, 0, 1, 5
193, 40, 0, 1, 5
193, 40, 0, 1, 5
193, 40, 0, 1, 5
193, 40, 0, 1, 5
193, 40, 0, 1, 5
193, 40, 0, 1, 5
193, 40, 0, 1, 5
193, 40, 0, 1, 5
193, 40, 0, 1, 5
193, 40, 0, 1, 5
193, 40, 0, 1, 5
193, 40, 0, 1, 5
193, 40, 0, 1, 5
193, 40, 0, 1, 5
193, 40, 0, 1, 5
193, 40, 0, 1, 5
193, 40, 0, 1, 5
193, 40, 0, 1, 5
193, 40, 0, 1, 5
193, 40, 0, 1, 5
193, 40, 0, 1, 5
193, 40, 0, 1, 5
193, 40, 0, 1, 5
193, 40, 0, 1, 5
193, 40, 0, 1, 5
193, 40, 0, 1, 5
193, 2, 1, 0, 3
193, 2, 1, 0, 3
194, 88, 0, 1, 3
194, 88, 0, 1, 3
194, 88, 0, 1, 3
194, 88, 0, 1, 3
194, 88, 0, 1, 3
194, 88, 0, 1, 3
194, 88, 0, 1, 3
194, 88, 0, 1, 3
194, 88, 0, 1, 3
194, 88, 0, 1, 3
194, 88, 0, 1, 3
194, 88, 0, 1, 3
194, 88, 0, 1, 3
194, 88, 0, 1, 3
194, 88, 0, 1, 3
194, 88, 0, 1, 3
194, 88, 0, 1, 3
194, 88, 0, 1, 3
194, 88, 0, 1, 3
194, 88, 0, 1, 3
194, 88, 0, 1, 3
194, 88, 0, 1, 3
194, 88, 0, 1, 3
194, 88, 0, 1, 3
194, 88, 0, 1, 3
194, 88, 0, 1, 3
194, 88, 0, 1, 3
194, 88, 0, 1, 3
194, 88, 0, 1, 3
194, 88, 0, 1, 3
194, 88, 0, 1, 3
194, 88, 0, 1, 3
194, 88, 0, 1, 3
194, 88, 0, 1, 3
194, 88, 0, 1, 3
194, 88, 0, 1, 3
194, 88, 0, 1, 3
194, 88, 0, 1, 3
194, 88, 0, 1, 3
194, 88, 0, 1, 3
194, 88, 0, 1, 3
194, 88, 0, 1, 3
194, 88, 0, 1, 3
194, 88, 0, 1, 3
194, 88, 0, 1, 3
194, 88, 0, 1, 3
194, 88, 0, 1, 3
194, 88, 0, 1, 3
194, 88, 0, 1, 3
194, 88, 0, 1, 3
194, 88, 0, 1, 3
194, 88, 0, 1, 3
194, 88, 0, 1, 3
194, 88, 0, 1, 3
194, 88, 0, 1, 3
194, 88, 0, 1, 3
194, 88, 0, 1, 3
194, 88, 0, 1, 3
194, 88, 0, 1, 3
194, 88, 0, 1, 3
194, 88, 0, 1, 3
194, 88, 0, 1, 3
194, 88, 0, 1, 3
194, 88, 0, 1, 3
194, 88, 0, 1, 3
194, 88, 0, 1, 3
194, 88, 0, 1, 3
194, 88, 0, 1, 3
194, 88, 0, 1, 3
194, 88, 0, 1, 3
194, 88, 0, 1, 3
194, 88, 0, 1, 3
194, 88, 0, 1, 3
194, 88, 0, 1, 3
194, 88, 0, 1, 3
194, 88, 0, 1, 3
194, 88, 0, 1, 3
194, 88, 0, 1, 3
194, 88, 0, 1, 3
194, 88, 0, 1, 3
194, 88, 0, 1, 3
194, 88, 0, 1, 3
194, 88, 0, 1, 3
194, 88, 0, 1, 3
194, 88, 0, 1, 3
194, 88, 0, 1, 3
194, 88, 0, 1, 3
194, 88, 0, 1, 3
194, 176, 1, 0, 3
194, 176, 1, 0, 3
194, 176, 1, 0, 3
194, 176, 1, 0, 3
194, 176, 1, 0, 3
194, 176, 1, 0, 3
194, 176, 1, 0, 3
194, 176, 1, 0, 3
194, 176, 1, 0, 3
194, 176, 1, 0, 3
194, 176, 1, 0, 3
194, 176, 1, 0, 3
194, 176, 1, 0, 3
194, 176, 1, 0, 3
194, 176, 1, 0, 3
194, 176, 1, 0, 3
194, 176, 1, 0, 3
194, 176, 1, 0, 3
194, 176, 1, 0, 3
194, 176, 1, 0, 3
194, 176, 1, 0, 3
194, 176, 1, 0, 3
194, 176, 1, 0, 3
194, 176, 1, 0, 3
194, 176, 1, 0, 3
194, 176, 1, 0, 3
194, 176, 1, 0, 3
194, 176, 1, 0, 3
194, 176, 1, 0, 3
194, 176, 1, 0, 3
194, 176, 1, 0, 3
194, 176, 1, 0, 3
194, 176, 1, 0, 3
194, 176, 1, 0, 3
194, 176, 1, 0, 3
194, 176, 1, 0, 3
194, 176, 1, 0, 3
194, 176, 1, 0, 3
194, 176, 1, 0, 3
194, 176, 1, 0, 3
194, 176, 1, 0, 3
194, 176, 1, 0, 3
194, 176, 1, 0, 3
194, 176, 1, 0, 3
194, 176, 1, 0, 3
194, 176, 1, 0, 3
194, 176, 1, 0, 3
194, 176, 1, 0, 3
194, 176, 1, 0, 3
194, 176, 1, 0, 3
194, 176, 1, 0, 3
194, 176, 1, 0, 3
194, 176, 1, 0, 3
194, 176, 1, 0, 3
194, 176, 1, 0, 3
194, 176, 1, 0, 3
194, 176, 1, 0, 3
194, 176, 1, 0, 3
194, 176, 1, 0, 3
194, 176, 1, 0, 3
194, 176, 1, 0, 3
194, 176, 1, 0, 3
194, 176, 1, 0, 3
194, 176, 1, 0, 3
194, 176, 1, 0, 3
194, 176, 1, 0, 3
194, 176, 1, 0, 3
194, 176, 1, 0, 3
194, 176, 1, 0, 3
194, 176, 1, 0, 3
194, 176, 1, 0, 3
194, 176, 1, 0, 3
194, 176, 1, 0, 3
194, 176, 1, 0, 3
194, 176, 1, 0, 3
194, 176, 1, 0, 3
194, 176, 1, 0, 3
194, 176, 1, 0, 3
194, 176, 1, 0, 3
194, 176, 1, 0, 3
194, 176, 1, 0, 3
194, 176, 1, 0, 3
194, 176, 1, 0, 3
194, 176, 1, 0, 3
194, 176, 1, 0, 3
194, 176, 1, 0, 3
194, 176, 1, 0, 3
194, 176, 1, 0, 3
194, 176, 1, 0, 3
194, 176, 1, 0, 3
194, 176, 1, 0, 3
194, 176, 1, 0, 3
194, 176, 1, 0, 3
194, 176, 1, 0, 3
194, 176, 1, 0, 3
194, 176, 1, 0, 3
194, 176, 1, 0, 3
194, 176, 1, 0, 3
194, 176, 1, 0, 3
194, 176, 1, 0, 3
194, 176, 1, 0, 3
194, 176, 1, 0, 3
194, 176, 1, 0, 3
194, 176, 1, 0, 3
194, 176, 1, 0, 3
194, 176, 1, 0, 3
194, 176, 1, 0, 3
194, 176, 1, 0, 3
194, 176, 1, 0, 3
194, 176, 1, 0, 3
194, 176, 1, 0, 3
194, 176, 1, 0, 3
194, 176, 1, 0, 3
194, 176, 1, 0, 3
194, 176, 1, 0, 3
194, 176, 1, 0, 3
194, 176, 1, 0, 3
194, 176, 1, 0, 3
194, 176, 1, 0, 3
194, 176, 1, 0, 3
194, 176, 1, 0, 3
194, 176, 1, 0, 3
194, 176, 1, 0, 3
194, 176, 1, 0, 3
194, 176, 1, 0, 3
194, 176, 1, 0, 3
194, 176, 1, 0, 3
194, 176, 1, 0, 3
194, 176, 1, 0, 3
194, 176, 1, 0, 3
194, 176, 1, 0, 3
194, 176, 1, 0, 3
194, 176, 1, 0, 3
194, 176, 1, 0, 3
194, 176, 1, 0, 3
194, 176, 1, 0, 3
194, 176, 1, 0, 3
194, 176, 1, 0, 3
194, 176, 1, 0, 3
194, 176, 1, 0, 3
194, 176, 1, 0, 3
194, 176, 1, 0, 3
194, 176, 1, 0, 3
194, 176, 1, 0, 3
194, 176, 1, 0, 3
194, 176, 1, 0, 3
194, 176, 1, 0, 3
194, 176, 1, 0, 3
194, 176, 1, 0, 3
194, 176, 1, 0, 3
194, 176, 1, 0, 3
194, 176, 1, 0, 3
194, 176, 1, 0, 3
194, 176, 1, 0, 3
194, 176, 1, 0, 3
194, 176, 1, 0, 3
194, 176, 1, 0, 3
194, 176, 1, 0, 3
194, 176, 1, 0, 3
194, 176, 1, 0, 3
194, 176, 1, 0, 3
194, 176, 1, 0, 3
194, 176, 1, 0, 3
194, 176, 1, 0, 3
194, 176, 1, 0, 3
194, 176, 1, 0, 3
194, 176, 1, 0, 3
194, 176, 1, 0, 3
194, 176, 1, 0, 3
194, 176, 1, 0, 3
194, 176, 1, 0, 3
194, 176, 1, 0, 3
194, 176, 1, 0, 3
194, 176, 1, 0, 3
194, 176, 1, 0, 3
194, 176, 1, 0, 3
195, 88, 0, 1, 3
195, 88, 0, 1, 3
195, 88, 0, 1, 3
195, 88, 0, 1, 3
195, 88, 0, 1, 3
195, 88, 0, 1, 3
195, 88, 0, 1, 3
195, 88, 0, 1, 3
195, 88, 0, 1, 3
195, 88, 0, 1, 3
195, 88, 0, 1, 3
195, 88, 0, 1, 3
195, 88, 0, 1, 3
195, 88, 0, 1, 3
195, 88, 0, 1, 3
195, 88, 0, 1, 3
195, 88, 0, 1, 3
195, 88, 0, 1, 3
195, 88, 0, 1, 3
195, 88, 0, 1, 3
195, 88, 0, 1, 3
195, 88, 0, 1, 3
195, 88, 0, 1, 3
195, 88, 0, 1, 3
195, 88, 0, 1, 3
195, 88, 0, 1, 3
195, 88, 0, 1, 3
195, 88, 0, 1, 3
195, 88, 0, 1, 3
195, 88, 0, 1, 3
195, 88, 0, 1, 3
195, 88, 0, 1, 3
195, 88, 0, 1, 3
195, 88, 0, 1, 3
195, 88, 0, 1, 3
195, 88, 0, 1, 3
195, 88, 0, 1, 3
195, 88, 0, 1, 3
195, 88, 0, 1, 3
195, 88, 0, 1, 3
195, 88, 0, 1, 3
195, 88, 0, 1, 3
195, 88, 0, 1, 3
195, 88, 0, 1, 3
195, 88, 0, 1, 3
195, 88, 0, 1, 3
195, 88, 0, 1, 3
195, 88, 0, 1, 3
195, 88, 0, 1, 3
195, 88, 0, 1, 3
195, 88, 0, 1, 3
195, 88, 0, 1, 3
195, 88, 0, 1, 3
195, 88, 0, 1, 3
195, 88, 0, 1, 3
195, 88, 0, 1, 3
195, 88, 0, 1, 3
195, 88, 0, 1, 3
195, 88, 0, 1, 3
195, 88, 0, 1, 3
195, 88, 0, 1, 3
195, 88, 0, 1, 3
195, 88, 0, 1, 3
195, 88, 0, 1, 3
195, 88, 0, 1, 3
195, 88, 0, 1, 3
195, 88, 0, 1, 3
195, 88, 0, 1, 3
195, 88, 0, 1, 3
195, 88, 0, 1, 3
195, 88, 0, 1, 3
195, 88, 0, 1, 3
195, 88, 0, 1, 3
195, 88, 0, 1, 3
195, 88, 0, 1, 3
195, 88, 0, 1, 3
195, 88, 0, 1, 3
195, 88, 0, 1, 3
195, 88, 0, 1, 3
195, 88, 0, 1, 3
195, 88, 0, 1, 3
195, 88, 0, 1, 3
195, 88, 0, 1, 3
195, 88, 0, 1, 3
195, 88, 0, 1, 3
195, 88, 0, 1, 3
195, 88, 0, 1, 3
195, 88, 0, 1, 3
195, 176, 1, 0, 3
195, 176, 1, 0, 3
195, 176, 1, 0, 3
195, 176, 1, 0, 3
195, 176, 1, 0, 3
195, 176, 1, 0, 3
195, 176, 1, 0, 3
195, 176, 1, 0, 3
195, 176, 1, 0, 3
195, 176, 1, 0, 3
195, 176, 1, 0, 3
195, 176, 1, 0, 3
195, 176, 1, 0, 3
195, 176, 1, 0, 3
195, 176, 1, 0, 3
195, 176, 1, 0, 3
195, 176, 1, 0, 3
195, 176, 1, 0, 3
195, 176, 1, 0, 3
195, 176, 1, 0, 3
195, 176, 1, 0, 3
195, 176, 1, 0, 3
195, 176, 1, 0, 3
195, 176, 1, 0, 3
195, 176, 1, 0, 3
195, 176, 1, 0, 3
195, 176, 1, 0, 3
195, 176, 1, 0, 3
195, 176, 1, 0, 3
195, 176, 1, 0, 3
195, 176, 1, 0, 3
195, 176, 1, 0, 3
195, 176, 1, 0, 3
195, 176, 1, 0, 3
195, 176, 1, 0, 3
195, 176, 1, 0, 3
195, 176, 1, 0, 3
195, 176, 1, 0, 3
195, 176, 1, 0, 3
195, 176, 1, 0, 3
195, 176, 1, 0, 3
195, 176, 1, 0, 3
195, 176, 1, 0, 3
195, 176, 1, 0, 3
195, 176, 1, 0, 3
195, 176, 1, 0, 3
195, 176, 1, 0, 3
195, 176, 1, 0, 3
195, 176, 1, 0, 3
195, 176, 1, 0, 3
195, 176, 1, 0, 3
195, 176, 1, 0, 3
195, 176, 1, 0, 3
195, 176, 1, 0, 3
195, 176, 1, 0, 3
195, 176, 1, 0, 3
195, 176, 1, 0, 3
195, 176, 1, 0, 3
195, 176, 1, 0, 3
195, 176, 1, 0, 3
195, 176, 1, 0, 3
195, 176, 1, 0, 3
195, 176, 1, 0, 3
195, 176, 1, 0, 3
195, 176, 1, 0, 3
195, 176, 1, 0, 3
195, 176, 1, 0, 3
195, 176, 1, 0, 3
195, 176, 1, 0, 3
195, 176, 1, 0, 3
195, 176, 1, 0, 3
195, 176, 1, 0, 3
195, 176, 1, 0, 3
195, 176, 1, 0, 3
195, 176, 1, 0, 3
195, 176, 1, 0, 3
195, 176, 1, 0, 3
195, 176, 1, 0, 3
195, 176, 1, 0, 3
195, 176, 1, 0, 3
195, 176, 1, 0, 3
195, 176, 1, 0, 3
195, 176, 1, 0, 3
195, 176, 1, 0, 3
195, 176, 1, 0, 3
195, 176, 1, 0, 3
195, 176, 1, 0, 3
195, 176, 1, 0, 3
195, 176, 1, 0, 3
195, 176, 1, 0, 3
195, 176, 1, 0, 3
195, 176, 1, 0, 3
195, 176, 1, 0, 3
195, 176, 1, 0, 3
195, 176, 1, 0, 3
195, 176, 1, 0, 3
195, 176, 1, 0, 3
195, 176, 1, 0, 3
195, 176, 1, 0, 3
195, 176, 1, 0, 3
195, 176, 1, 0, 3
195, 176, 1, 0, 3
195, 176, 1, 0, 3
195, 176, 1, 0, 3
195, 176, 1, 0, 3
195, 176, 1, 0, 3
195, 176, 1, 0, 3
195, 176, 1, 0, 3
195, 176, 1, 0, 3
195, 176, 1, 0, 3
195, 176, 1, 0, 3
195, 176, 1, 0, 3
195, 176, 1, 0, 3
195, 176, 1, 0, 3
195, 176, 1, 0, 3
195, 176, 1, 0, 3
195, 176, 1, 0, 3
195, 176, 1, 0, 3
195, 176, 1, 0, 3
195, 176, 1, 0, 3
195, 176, 1, 0, 3
195, 176, 1, 0, 3
195, 176, 1, 0, 3
195, 176, 1, 0, 3
195, 176, 1, 0, 3
195, 176, 1, 0, 3
195, 176, 1, 0, 3
195, 176, 1, 0, 3
195, 176, 1, 0, 3
195, 176, 1, 0, 3
195, 176, 1, 0, 3
195, 176, 1, 0, 3
195, 176, 1, 0, 3
195, 176, 1, 0, 3
195, 176, 1, 0, 3
195, 176, 1, 0, 3
195, 176, 1, 0, 3
195, 176, 1, 0, 3
195, 176, 1, 0, 3
195, 176, 1, 0, 3
195, 176, 1, 0, 3
195, 176, 1, 0, 3
195, 176, 1, 0, 3
195, 176, 1, 0, 3
195, 176, 1, 0, 3
195, 176, 1, 0, 3
195, 176, 1, 0, 3
195, 176, 1, 0, 3
195, 176, 1, 0, 3
195, 176, 1, 0, 3
195, 176, 1, 0, 3
195, 176, 1, 0, 3
195, 176, 1, 0, 3
195, 176, 1, 0, 3
195, 176, 1, 0, 3
195, 176, 1, 0, 3
195, 176, 1, 0, 3
195, 176, 1, 0, 3
195, 176, 1, 0, 3
195, 176, 1, 0, 3
195, 176, 1, 0, 3
195, 176, 1, 0, 3
195, 176, 1, 0, 3
195, 176, 1, 0, 3
195, 176, 1, 0, 3
195, 176, 1, 0, 3
195, 176, 1, 0, 3
195, 176, 1, 0, 3
195, 176, 1, 0, 3
195, 176, 1, 0, 3
195, 176, 1, 0, 3
195, 176, 1, 0, 3
195, 176, 1, 0, 3
195, 176, 1, 0, 3
195, 176, 1, 0, 3
195, 176, 1, 0, 3
196, 13, 1, 7, 4
196, 13, 1, 7, 4
196, 13, 1, 7, 4
196, 13, 1, 8, 4
196, 13, 1, 8, 4
196, 13, 1, 8, 4
196, 13, 1, 9, 4
196, 13, 1, 9, 4
196, 13, 1, 9, 4
196, 13, 1, 10, 4
196, 13, 1, 10, 4
196, 13, 1, 10, 4
196, 13, 1, 12, 2
196, 21, 2, 7, 4
196, 21, 2, 7, 4
196, 21, 2, 7, 4
196, 21, 2, 7, 4
196, 21, 2, 7, 4
196, 21, 2, 8, 4
196, 21, 2, 8, 4
196, 21, 2, 8, 4
196, 21, 2, 8, 4
196, 21, 2, 8, 4
196, 21, 2, 9, 4
196, 21, 2, 9, 4
196, 21, 2, 9, 4
196, 21, 2, 9, 4
196, 21, 2, 9, 4
196, 21, 2, 10, 4
196, 21, 2, 10, 4
196, 21, 2, 10, 4
196, 21, 2, 10, 4
196, 21, 2, 10, 4
196, 21, 2, 12, 2
196, 13, 3, 7, 4
196, 13, 3, 7, 4
196, 13, 3, 7, 4
196, 13, 3, 8, 4
196, 13, 3, 8, 4
196, 13, 3, 8, 4
196, 13, 3, 9, 4
196, 13, 3, 9, 4
196, 13, 3, 9, 4
196, 13, 3, 10, 4
196, 13, 3, 10, 4
196, 13, 3, 10, 4
196, 13, 3, 12, 2
196, 13, 4, 7, 4
196, 13, 4, 7, 4
196, 13, 4, 7, 4
196, 13, 4, 8, 4
196, 13, 4, 8, 4
196, 13, 4, 8, 4
196, 13, 4, 9, 4
196, 13, 4, 9, 4
196, 13, 4, 9, 4
196, 13, 4, 10, 4
196, 13, 4, 10, 4
196, 13, 4, 10, 4
196, 13, 4, 12, 2
196, 21, 5, 7, 4
196, 21, 5, 7, 4
196, 21, 5, 7, 4
196, 21, 5, 7, 4
196, 21, 5, 7, 4
196, 21, 5, 8, 4
196, 21, 5, 8, 4
196, 21, 5, 8, 4
196, 21, 5, 8, 4
196, 21, 5, 8, 4
196, 21, 5, 9, 4
196, 21, 5, 9, 4
196, 21, 5, 9, 4
196, 21, 5, 9, 4
196, 21, 5, 9, 4
196, 21, 5, 10, 4
196, 21, 5, 10, 4
196, 21, 5, 10, 4
196, 21, 5, 10, 4
196, 21, 5, 10, 4
196, 21, 5, 12, 2
196, 13, 6, 0, 2
196, 13, 6, 7, 4
196, 13, 6, 7, 4
196, 13, 6, 7, 4
196, 13, 6, 8, 4
196, 13, 6, 8, 4
196, 13, 6, 8, 4
196, 13, 6, 9, 4
196, 13, 6, 9, 4
196, 13, 6, 9, 4
196, 13, 6, 10, 4
196, 13, 6, 10, 4
196, 13, 6, 10, 4
196, 44, 7, 1, 2
196, 44, 7, 1, 2
196, 44, 7, 1, 2
196, 44, 7, 1, 5
196, 44, 7, 1, 5
196, 44, 7, 1, 5
196, 44, 7, 2, 2
196, 44, 7, 2, 2
196, 44, 7, 2, 2
196, 44, 7, 2, 2
196, 44, 7, 2, 2
196, 44, 7, 2, 5
196, 44, 7, 2, 5
196, 44, 7, 2, 5
196, 44, 7, 2, 5
196, 44, 7, 2, 5
196, 44, 7, 3, 2
196, 44, 7, 3, 2
196, 44, 7, 3, 2
196, 44, 7, 3, 5
196, 44, 7, 3, 5
196, 44, 7, 3, 5
196, 44, 7, 4, 2
196, 44, 7, 4, 2
196, 44, 7, 4, 2
196, 44, 7, 4, 5
196, 44, 7, 4, 5
196, 44, 7, 4, 5
196, 44, 7, 5, 2
196, 44, 7, 5, 2
196, 44, 7, 5, 2
196, 44, 7, 5, 2
196, 44, 7, 5, 2
196, 44, 7, 5, 5
196, 44, 7, 5, 5
196, 44, 7, 5, 5
196, 44, 7, 5, 5
196, 44, 7, 5, 5
196, 44, 7, 6, 2
196, 44, 7, 6, 2
196, 44, 7, 6, 2
196, 44, 7, 6, 5
196, 44, 7, 6, 5
196, 44, 7, 6, 5
196, 44, 8, 1, 2
196, 44, 8, 1, 2
196, 44, 8, 1, 2
196, 44, 8, 1, 5
196, 44, 8, 1, 5
196, 44, 8, 1, 5
196, 44, 8, 2, 2
196, 44, 8, 2, 2
196, 44, 8, 2, 2
196, 44, 8, 2, 2
196, 44, 8, 2, 2
196, 44, 8, 2, 5
196, 44, 8, 2, 5
196, 44, 8, 2, 5
196, 44, 8, 2, 5
196, 44, 8, 2, 5
196, 44, 8, 3, 2
196, 44, 8, 3, 2
196, 44, 8, 3, 2
196, 44, 8, 3, 5
196, 44, 8, 3, 5
196, 44, 8, 3, 5
196, 44, 8, 4, 2
196, 44, 8, 4, 2
196, 44, 8, 4, 2
196, 44, 8, 4, 5
196, 44, 8, 4, 5
196, 44, 8, 4, 5
196, 44, 8, 5, 2
196, 44, 8, 5, 2
196, 44, 8, 5, 2
196, 44, 8, 5, 2
196, 44, 8, 5, 2
196, 44, 8, 5, 5
196, 44, 8, 5, 5
196, 44, 8, 5, 5
196, 44, 8, 5, 5
196, 44, 8, 5, 5
196, 44, 8, 6, 2
196, 44, 8, 6, 2
196, 44, 8, 6, 2
196, 44, 8, 6, 5
196, 44, 8, 6, 5
196, 44, 8, 6, 5
196, 44, 9, 1, 2
196, 44, 9, 1, 2
196, 44, 9, 1, 2
196, 44, 9, 1, 5
196, 44, 9, 1, 5
196, 44, 9, 1, 5
196, 44, 9, 2, 2
196, 44, 9, 2, 2
196, 44, 9, 2, 2
196, 44, 9, 2, 2
196, 44, 9, 2, 2
196, 44, 9, 2, 5
196, 44, 9, 2, 5
196, 44, 9, 2, 5
196, 44, 9, 2, 5
196, 44, 9, 2, 5
196, 44, 9, 3, 2
196, 44, 9, 3, 2
196, 44, 9, 3, 2
196, 44, 9, 3, 5
196, 44, 9, 3, 5
196, 44, 9, 3, 5
196, 44, 9, 4, 2
196, 44, 9, 4, 2
196, 44, 9, 4, 2
196, 44, 9, 4, 5
196, 44, 9, 4, 5
196, 44, 9, 4, 5
196, 44, 9, 5, 2
196, 44, 9, 5, 2
196, 44, 9, 5, 2
196, 44, 9, 5, 2
196, 44, 9, 5, 2
196, 44, 9, 5, 5
196, 44, 9, 5, 5
196, 44, 9, 5, 5
196, 44, 9, 5, 5
196, 44, 9, 5, 5
196, 44, 9, 6, 2
196, 44, 9, 6, 2
196, 44, 9, 6, 2
196, 44, 9, 6, 5
196, 44, 9, 6, 5
196, 44, 9, 6, 5
196, 44, 10, 1, 2
196, 44, 10, 1, 2
196, 44, 10, 1, 2
196, 44, 10, 1, 5
196, 44, 10, 1, 5
196, 44, 10, 1, 5
196, 44, 10, 2, 2
196, 44, 10, 2, 2
196, 44, 10, 2, 2
196, 44, 10, 2, 2
196, 44, 10, 2, 2
196, 44, 10, 2, 5
196, 44, 10, 2, 5
196, 44, 10, 2, 5
196, 44, 10, 2, 5
196, 44, 10, 2, 5
196, 44, 10, 3, 2
196, 44, 10, 3, 2
196, 44, 10, 3, 2
196, 44, 10, 3, 5
196, 44, 10, 3, 5
196, 44, 10, 3, 5
196, 44, 10, 4, 2
196, 44, 10, 4, 2
196, 44, 10, 4, 2
196, 44, 10, 4, 5
196, 44, 10, 4, 5
196, 44, 10, 4, 5
196, 44, 10, 5, 2
196, 44, 10, 5, 2
196, 44, 10, 5, 2
196, 44, 10, 5, 2
196, 44, 10, 5, 2
196, 44, 10, 5, 5
196, 44, 10, 5, 5
196, 44, 10, 5, 5
196, 44, 10, 5, 5
196, 44, 10, 5, 5
196, 44, 10, 6, 2
196, 44, 10, 6, 2
196, 44, 10, 6, 2
196, 44, 10, 6, 5
196, 44, 10, 6, 5
196, 44, 10, 6, 5
196, 1, 11, 3, 3
197, 13, 1, 7, 4
197, 13, 1, 7, 4
197, 13, 1, 7, 4
197, 13, 1, 8, 4
197, 13, 1, 8, 4
197, 13, 1, 8, 4
197, 13, 1, 9, 4
197, 13, 1, 9, 4
197, 13, 1, 9, 4
197, 13, 1, 10, 4
197, 13, 1, 10, 4
197, 13, 1, 10, 4
197, 13, 1, 12, 2
197, 21, 2, 7, 4
197, 21, 2, 7, 4
197, 21, 2, 7, 4
197, 21, 2, 7, 4
197, 21, 2, 7, 4
197, 21, 2, 8, 4
197, 21, 2, 8, 4
197, 21, 2, 8, 4
197, 21, 2, 8, 4
197, 21, 2, 8, 4
197, 21, 2, 9, 4
197, 21, 2, 9, 4
197, 21, 2, 9, 4
197, 21, 2, 9, 4
197, 21, 2, 9, 4
197, 21, 2, 10, 4
197, 21, 2, 10, 4
197, 21, 2, 10, 4
197, 21, 2, 10, 4
197, 21, 2, 10, 4
197, 21, 2, 12, 2
197, 13, 3, 7, 4
197, 13, 3, 7, 4
197, 13, 3, 7, 4
197, 13, 3, 8, 4
197, 13, 3, 8, 4
197, 13, 3, 8, 4
197, 13, 3, 9, 4
197, 13, 3, 9, 4
197, 13, 3, 9, 4
197, 13, 3, 10, 4
197, 13, 3, 10, 4
197, 13, 3, 10, 4
197, 13, 3, 12, 2
197, 13, 4, 7, 4
197, 13, 4, 7, 4
197, 13, 4, 7, 4
197, 13, 4, 8, 4
197, 13, 4, 8, 4
197, 13, 4, 8, 4
197, 13, 4, 9, 4
197, 13, 4, 9, 4
197, 13, 4, 9, 4
197, 13, 4, 10, 4
197, 13, 4, 10, 4
197, 13, 4, 10, 4
197, 13, 4, 12, 2
197, 21, 5, 7, 4
197, 21, 5, 7, 4
197, 21, 5, 7, 4
197, 21, 5, 7, 4
197, 21, 5, 7, 4
197, 21, 5, 8, 4
197, 21, 5, 8, 4
197, 21, 5, 8, 4
197, 21, 5, 8, 4
197, 21, 5, 8, 4
197, 21, 5, 9, 4
197, 21, 5, 9, 4
197, 21, 5, 9, 4
197, 21, 5, 9, 4
197, 21, 5, 9, 4
197, 21, 5, 10, 4
197, 21, 5, 10, 4
197, 21, 5, 10, 4
197, 21, 5, 10, 4
197, 21, 5, 10, 4
197, 21, 5, 12, 2
197, 13, 6, 0, 2
197, 13, 6, 7, 4
197, 13, 6, 7, 4
197, 13, 6, 7, 4
197, 13, 6, 8, 4
197, 13, 6, 8, 4
197, 13, 6, 8, 4
197, 13, 6, 9, 4
197, 13, 6, 9, 4
197, 13, 6, 9, 4
197, 13, 6, 10, 4
197, 13, 6, 10, 4
197, 13, 6, 10, 4
197, 44, 7, 1, 2
197, 44, 7, 1, 2
197, 44, 7, 1, 2
197, 44, 7, 1, 5
197, 44, 7, 1, 5
197, 44, 7, 1, 5
197, 44, 7, 2, 2
197, 44, 7, 2, 2
197, 44, 7, 2, 2
197, 44, 7, 2, 2
197, 44, 7, 2, 2
197, 44, 7, 2, 5
197, 44, 7, 2, 5
197, 44, 7, 2, 5
197, 44, 7, 2, 5
197, 44, 7, 2, 5
197, 44, 7, 3, 2
197, 44, 7, 3, 2
197, 44, 7, 3, 2
197, 44, 7, 3, 5
197, 44, 7, 3, 5
197, 44, 7, 3, 5
197, 44, 7, 4, 2
197, 44, 7, 4, 2
197, 44, 7, 4, 2
197, 44, 7, 4, 5
197, 44, 7, 4, 5
197, 44, 7, 4, 5
197, 44, 7, 5, 2
197, 44, 7, 5, 2
197, 44, 7, 5, 2
197, 44, 7, 5, 2
197, 44, 7, 5, 2
197, 44, 7, 5, 5
197, 44, 7, 5, 5
197, 44, 7, 5, 5
197, 44, 7, 5, 5
197, 44, 7, 5, 5
197, 44, 7, 6, 2
197, 44, 7, 6, 2
197, 44, 7, 6, 2
197, 44, 7, 6, 5
197, 44, 7, 6, 5
197, 44, 7, 6, 5
197, 44, 8, 1, 2
197, 44, 8, 1, 2
197, 44, 8, 1, 2
197, 44, 8, 1, 5
197, 44, 8, 1, 5
197, 44, 8, 1, 5
197, 44, 8, 2, 2
197, 44, 8, 2, 2
197, 44, 8, 2, 2
197, 44, 8, 2, 2
197, 44, 8, 2, 2
197, 44, 8, 2, 5
197, 44, 8, 2, 5
197, 44, 8, 2, 5
197, 44, 8, 2, 5
197, 44, 8, 2, 5
197, 44, 8, 3, 2
197, 44, 8, 3, 2
197, 44, 8, 3, 2
197, 44, 8, 3, 5
197, 44, 8, 3, 5
197, 44, 8, 3, 5
197, 44, 8, 4, 2
197, 44, 8, 4, 2
197, 44, 8, 4, 2
197, 44, 8, 4, 5
197, 44, 8, 4, 5
197, 44, 8, 4, 5
197, 44, 8, 5, 2
197, 44, 8, 5, 2
197, 44, 8, 5, 2
197, 44, 8, 5, 2
197, 44, 8, 5, 2
197, 44, 8, 5, 5
197, 44, 8, 5, 5
197, 44, 8, 5, 5
197, 44, 8, 5, 5
197, 44, 8, 5, 5
197, 44, 8, 6, 2
197, 44, 8, 6, 2
197, 44, 8, 6, 2
197, 44, 8, 6, 5
197, 44, 8, 6, 5
197, 44, 8, 6, 5
197, 44, 9, 1, 2
197, 44, 9, 1, 2
197, 44, 9, 1, 2
197, 44, 9, 1, 5
197, 44, 9, 1, 5
197, 44, 9, 1, 5
197, 44, 9, 2, 2
197, 44, 9, 2, 2
197, 44, 9, 2, 2
197, 44, 9, 2, 2
197, 44, 9, 2, 2
197, 44, 9, 2, 5
197, 44, 9, 2, 5
197, 44, 9, 2, 5
197, 44, 9, 2, 5
197, 44, 9, 2, 5
197, 44, 9, 3, 2
197, 44, 9, 3, 2
197, 44, 9, 3, 2
197, 44, 9, 3, 5
197, 44, 9, 3, 5
197, 44, 9, 3, 5
197, 44, 9, 4, 2
197, 44, 9, 4, 2
197, 44, 9, 4, 2
197, 44, 9, 4, 5
197, 44, 9, 4, 5
197, 44, 9, 4, 5
197, 44, 9, 5, 2
197, 44, 9, 5, 2
197, 44, 9, 5, 2
197, 44, 9, 5, 2
197, 44, 9, 5, 2
197, 44, 9, 5, 5
197, 44, 9, 5, 5
197, 44, 9, 5, 5
197, 44, 9, 5, 5
197, 44, 9, 5, 5
197, 44, 9, 6, 2
197, 44, 9, 6, 2
197, 44, 9, 6, 2
197, 44, 9, 6, 5
197, 44, 9, 6, 5
197, 44, 9, 6, 5
197, 44, 10, 1, 2
197, 44, 10, 1, 2
197, 44, 10, 1, 2
197, 44, 10, 1, 5
197, 44, 10, 1, 5
197, 44, 10, 1, 5
197, 44, 10, 2, 2
197, 44, 10, 2, 2
197, 44, 10, 2, 2
197, 44, 10, 2, 2
197, 44, 10, 2, 2
197, 44, 10, 2, 5
197, 44, 10, 2, 5
197, 44, 10, 2, 5
197, 44, 10, 2, 5
197, 44, 10, 2, 5
197, 44, 10, 3, 2
197, 44, 10, 3, 2
197, 44, 10, 3, 2
197, 44, 10, 3, 5
197, 44, 10, 3, 5
197, 44, 10, 3, 5
197, 44, 10, 4, 2
197, 44, 10, 4, 2
197, 44, 10, 4, 2
197, 44, 10, 4, 5
197, 44, 10, 4, 5
197, 44, 10, 4, 5
197, 44, 10, 5, 2
197, 44, 10, 5, 2
197, 44, 10, 5, 2
197, 44, 10, 5, 2
197, 44, 10, 5, 2
197, 44, 10, 5, 5
197, 44, 10, 5, 5
197, 44, 10, 5, 5
197, 44, 10, 5, 5
197, 44, 10, 5, 5
197, 44, 10, 6, 2
197, 44, 10, 6, 2
197, 44, 10, 6, 2
197, 44, 10, 6, 5
197, 44, 10, 6, 5
197, 44, 10, 6, 5
197, 1, 11, 1, 3
198, 88, 0, 1, 3
198, 88, 0, 1, 3
198, 88, 0, 1, 3
198, 88, 0, 1, 3
198, 88, 0, 1, 3
198, 88, 0, 1, 3
198, 88, 0, 1, 3
198, 88, 0, 1, 3
198, 88, 0, 1, 3
198, 88, 0, 1, 3
198, 88, 0, 1, 3
198, 88, 0, 1, 3
198, 88, 0, 1, 3
198, 88, 0, 1, 3
198, 88, 0, 1, 3
198, 88, 0, 1, 3
198, 88, 0, 1, 3
198, 88, 0, 1, 3
198, 88, 0, 1, 3
198, 88, 0, 1, 3
198, 88, 0, 1, 3
198, 88, 0, 1, 3
198, 88, 0, 1, 3
198, 88, 0, 1, 3
198, 88, 0, 1, 3
198, 88, 0, 1, 3
198, 88, 0, 1, 3
198, 88, 0, 1, 3
198, 88, 0, 1, 3
198, 88, 0, 1, 3
198, 88, 0, 1, 3
198, 88, 0, 1, 3
198, 88, 0, 1, 3
198, 88, 0, 1, 3
198, 88, 0, 1, 3
198, 88, 0, 1, 3
198, 88, 0, 1, 3
198, 88, 0, 1, 3
198, 88, 0, 1, 3
198, 88, 0, 1, 3
198, 88, 0, 1, 3
198, 88, 0, 1, 3
198, 88, 0, 1, 3
198, 88, 0, 1, 3
198, 88, 0, 1, 3
198, 88, 0, 1, 3
198, 88, 0, 1, 3
198, 88, 0, 1, 3
198, 88, 0, 1, 3
198, 88, 0, 1, 3
198, 88, 0, 1, 3
198, 88, 0, 1, 3
198, 88, 0, 1, 3
198, 88, 0, 1, 3
198, 88, 0, 1, 3
198, 88, 0, 1, 3
198, 88, 0, 1, 3
198, 88, 0, 1, 3
198, 88, 0, 1, 3
198, 88, 0, 1, 3
198, 88, 0, 1, 3
198, 88, 0, 1, 3
198, 88, 0, 1, 3
198, 88, 0, 1, 3
198, 88, 0, 1, 3
198, 88, 0, 1, 3
198, 88, 0, 1, 3
198, 88, 0, 1, 3
198, 88, 0, 1, 3
198, 88, 0, 1, 3
198, 88, 0, 1, 3
198, 88, 0, 1, 3
198, 88, 0, 1, 3
198, 88, 0, 1, 3
198, 88, 0, 1, 3
198, 88, 0, 1, 3
198, 88, 0, 1, 3
198, 88, 0, 1, 3
198, 88, 0, 1, 3
198, 88, 0, 1, 3
198, 88, 0, 1, 3
198, 88, 0, 1, 3
198, 88, 0, 1, 3
198, 88, 0, 1, 3
198, 88, 0, 1, 3
198, 88, 0, 1, 3
198, 88, 0, 1, 3
198, 88, 0, 1, 3
198, 88, 1, 0, 4
198, 88, 1, 0, 4
198, 88, 1, 0, 4
198, 88, 1, 0, 4
198, 88, 1, 0, 4
198, 88, 1, 0, 4
198, 88, 1, 0, 4
198, 88, 1, 0, 4
198, 88, 1, 0, 4
198, 88, 1, 0, 4
198, 88, 1, 0, 4
198, 88, 1, 0, 4
198, 88, 1, 0, 4
198, 88, 1, 0, 4
198, 88, 1, 0, 4
198, 88, 1, 0, 4
198, 88, 1, 0, 4
198, 88, 1, 0, 4
198, 88, 1, 0, 4
198, 88, 1, 0, 4
198, 88, 1, 0, 4
198, 88, 1, 0, 4
198, 88, 1, 0, 4
198, 88, 1, 0, 4
198, 88, 1, 0, 4
198, 88, 1, 0, 4
198, 88, 1, 0, 4
198, 88, 1, 0, 4
198, 88, 1, 0, 4
198, 88, 1, 0, 4
198, 88, 1, 0, 4
198, 88, 1, 0, 4
198, 88, 1, 0, 4
198, 88, 1, 0, 4
198, 88, 1, 0, 4
198, 88, 1, 0, 4
198, 88, 1, 0, 4
198, 88, 1, 0, 4
198, 88, 1, 0, 4
198, 88, 1, 0, 4
198, 88, 1, 0, 4
198, 88, 1, 0, 4
198, 88, 1, 0, 4
198, 88, 1, 0, 4
198, 88, 1, 0, 4
198, 88, 1, 0, 4
198, 88, 1, 0, 4
198, 88, 1, 0, 4
198, 88, 1, 0, 4
198, 88, 1, 0, 4
198, 88, 1, 0, 4
198, 88, 1, 0, 4
198, 88, 1, 0, 4
198, 88, 1, 0, 4
198, 88, 1, 0, 4
198, 88, 1, 0, 4
198, 88, 1, 0, 4
198, 88, 1, 0, 4
198, 88, 1, 0, 4
198, 88, 1, 0, 4
198, 88, 1, 0, 4
198, 88, 1, 0, 4
198, 88, 1, 0, 4
198, 88, 1, 0, 4
198, 88, 1, 0, 4
198, 88, 1, 0, 4
198, 88, 1, 0, 4
198, 88, 1, 0, 4
198, 88, 1, 0, 4
198, 88, 1, 0, 4
198, 88, 1, 0, 4
198, 88, 1, 0, 4
198, 88, 1, 0, 4
198, 88, 1, 0, 4
198, 88, 1, 0, 4
198, 88, 1, 0, 4
198, 88, 1, 0, 4
198, 88, 1, 0, 4
198, 88, 1, 0, 4
198, 88, 1, 0, 4
198, 88, 1, 0, 4
198, 88, 1, 0, 4
198, 88, 1, 0, 4
198, 88, 1, 0, 4
198, 88, 1, 0, 4
198, 88, 1, 0, 4
198, 88, 1, 0, 4
198, 88, 1, 0, 4
199, 1, 1, 0, 3
200, 1, 1, 0, 3
Goal
198
199
200
