CG
13
0, 12, 12, 232
0, 12, 2, 16
0, 12, 6, 24
0, 12, 4, 16
0, 12, 3, 18
0, 12, 11, 32
0, 12, 8, 24
0, 12, 10, 26
0, 12, 9, 24
0, 12, 1, 10
0, 12, 7, 24
0, 12, 5, 16
1, 3, 0, 30
1, 3, 12, 18
1, 3, 7, 8
2, 4, 0, 52
2, 4, 12, 32
2, 4, 6, 8
2, 4, 3, 8
3, 4, 0, 56
3, 4, 12, 34
3, 4, 2, 8
3, 4, 11, 8
4, 4, 0, 52
4, 4, 12, 32
4, 4, 6, 8
4, 4, 8, 8
5, 4, 0, 52
5, 4, 12, 32
5, 4, 9, 8
5, 4, 7, 8
6, 5, 0, 78
6, 5, 12, 48
6, 5, 2, 8
6, 5, 4, 8
6, 5, 11, 8
7, 5, 0, 78
7, 5, 12, 48
7, 5, 10, 8
7, 5, 1, 8
7, 5, 5, 8
8, 5, 0, 78
8, 5, 12, 48
8, 5, 4, 8
8, 5, 11, 8
8, 5, 9, 8
9, 5, 0, 78
9, 5, 12, 48
9, 5, 8, 8
9, 5, 10, 8
9, 5, 5, 8
10, 5, 0, 82
10, 5, 12, 50
10, 5, 11, 8
10, 5, 9, 8
10, 5, 7, 8
11, 6, 0, 104
11, 6, 12, 64
11, 6, 6, 8
11, 6, 3, 8
11, 6, 8, 8
11, 6, 10, 8
12, 11, 2, 16
12, 11, 6, 24
12, 11, 4, 16
12, 11, 3, 18
12, 11, 11, 32
12, 11, 8, 24
12, 11, 10, 26
12, 11, 9, 24
12, 11, 1, 10
12, 11, 7, 24
12, 11, 5, 16
DTG
0, 26, 0, 1, 3
0, 26, 0, 1, 3
0, 26, 0, 1, 3
0, 26, 0, 1, 3
0, 26, 0, 1, 3
0, 26, 0, 1, 3
0, 26, 0, 1, 3
0, 26, 0, 1, 3
0, 26, 0, 1, 3
0, 26, 0, 1, 3
0, 26, 0, 1, 3
0, 26, 0, 1, 3
0, 26, 0, 1, 3
0, 26, 0, 3, 3
0, 26, 0, 3, 3
0, 26, 0, 3, 3
0, 26, 0, 3, 3
0, 26, 0, 3, 3
0, 26, 0, 3, 3
0, 26, 0, 3, 3
0, 26, 0, 3, 3
0, 26, 0, 3, 3
0, 26, 0, 3, 3
0, 26, 0, 3, 3
0, 26, 0, 3, 3
0, 26, 0, 3, 3
0, 39, 1, 0, 3
0, 39, 1, 0, 3
0, 39, 1, 0, 3
0, 39, 1, 0, 3
0, 39, 1, 0, 3
0, 39, 1, 0, 3
0, 39, 1, 0, 3
0, 39, 1, 0, 3
0, 39, 1, 0, 3
0, 39, 1, 0, 3
0, 39, 1, 0, 3
0, 39, 1, 0, 3
0, 39, 1, 0, 3
0, 39, 1, 2, 3
0, 39, 1, 2, 3
0, 39, 1, 2, 3
0, 39, 1, 2, 3
0, 39, 1, 2, 3
0, 39, 1, 2, 3
0, 39, 1, 2, 3
0, 39, 1, 2, 3
0, 39, 1, 2, 3
0, 39, 1, 2, 3
0, 39, 1, 2, 3
0, 39, 1, 2, 3
0, 39, 1, 2, 3
0, 39, 1, 4, 3
0, 39, 1, 4, 3
0, 39, 1, 4, 3
0, 39, 1, 4, 3
0, 39, 1, 4, 3
0, 39, 1, 4, 3
0, 39, 1, 4, 3
0, 39, 1, 4, 3
0, 39, 1, 4, 3
0, 39, 1, 4, 3
0, 39, 1, 4, 3
0, 39, 1, 4, 3
0, 39, 1, 4, 3
0, 26, 2, 1, 3
0, 26, 2, 1, 3
0, 26, 2, 1, 3
0, 26, 2, 1, 3
0, 26, 2, 1, 3
0, 26, 2, 1, 3
0, 26, 2, 1, 3
0, 26, 2, 1, 3
0, 26, 2, 1, 3
0, 26, 2, 1, 3
0, 26, 2, 1, 3
0, 26, 2, 1, 3
0, 26, 2, 1, 3
0, 26, 2, 5, 3
0, 26, 2, 5, 3
0, 26, 2, 5, 3
0, 26, 2, 5, 3
0, 26, 2, 5, 3
0, 26, 2, 5, 3
0, 26, 2, 5, 3
0, 26, 2, 5, 3
0, 26, 2, 5, 3
0, 26, 2, 5, 3
0, 26, 2, 5, 3
0, 26, 2, 5, 3
0, 26, 2, 5, 3
0, 28, 3, 0, 3
0, 28, 3, 0, 3
0, 28, 3, 0, 3
0, 28, 3, 0, 3
0, 28, 3, 0, 3
0, 28, 3, 0, 3
0, 28, 3, 0, 3
0, 28, 3, 0, 3
0, 28, 3, 0, 3
0, 28, 3, 0, 3
0, 28, 3, 0, 3
0, 28, 3, 0, 3
0, 28, 3, 0, 3
0, 28, 3, 4, 3
0, 28, 3, 4, 3
0, 28, 3, 4, 3
0, 28, 3, 4, 3
0, 28, 3, 4, 3
0, 28, 3, 4, 3
0, 28, 3, 4, 3
0, 28, 3, 4, 3
0, 28, 3, 4, 3
0, 28, 3, 4, 3
0, 28, 3, 4, 3
0, 28, 3, 4, 3
0, 28, 3, 4, 3
0, 28, 3, 6, 2
0, 28, 3, 6, 2
0, 52, 4, 1, 3
0, 52, 4, 1, 3
0, 52, 4, 1, 3
0, 52, 4, 1, 3
0, 52, 4, 1, 3
0, 52, 4, 1, 3
0, 52, 4, 1, 3
0, 52, 4, 1, 3
0, 52, 4, 1, 3
0, 52, 4, 1, 3
0, 52, 4, 1, 3
0, 52, 4, 1, 3
0, 52, 4, 1, 3
0, 52, 4, 3, 3
0, 52, 4, 3, 3
0, 52, 4, 3, 3
0, 52, 4, 3, 3
0, 52, 4, 3, 3
0, 52, 4, 3, 3
0, 52, 4, 3, 3
0, 52, 4, 3, 3
0, 52, 4, 3, 3
0, 52, 4, 3, 3
0, 52, 4, 3, 3
0, 52, 4, 3, 3
0, 52, 4, 3, 3
0, 52, 4, 5, 3
0, 52, 4, 5, 3
0, 52, 4, 5, 3
0, 52, 4, 5, 3
0, 52, 4, 5, 3
0, 52, 4, 5, 3
0, 52, 4, 5, 3
0, 52, 4, 5, 3
0, 52, 4, 5, 3
0, 52, 4, 5, 3
0, 52, 4, 5, 3
0, 52, 4, 5, 3
0, 52, 4, 5, 3
0, 52, 4, 7, 3
0, 52, 4, 7, 3
0, 52, 4, 7, 3
0, 52, 4, 7, 3
0, 52, 4, 7, 3
0, 52, 4, 7, 3
0, 52, 4, 7, 3
0, 52, 4, 7, 3
0, 52, 4, 7, 3
0, 52, 4, 7, 3
0, 52, 4, 7, 3
0, 52, 4, 7, 3
0, 52, 4, 7, 3
0, 39, 5, 2, 3
0, 39, 5, 2, 3
0, 39, 5, 2, 3
0, 39, 5, 2, 3
0, 39, 5, 2, 3
0, 39, 5, 2, 3
0, 39, 5, 2, 3
0, 39, 5, 2, 3
0, 39, 5, 2, 3
0, 39, 5, 2, 3
0, 39, 5, 2, 3
0, 39, 5, 2, 3
0, 39, 5, 2, 3
0, 39, 5, 4, 3
0, 39, 5, 4, 3
0, 39, 5, 4, 3
0, 39, 5, 4, 3
0, 39, 5, 4, 3
0, 39, 5, 4, 3
0, 39, 5, 4, 3
0, 39, 5, 4, 3
0, 39, 5, 4, 3
0, 39, 5, 4, 3
0, 39, 5, 4, 3
0, 39, 5, 4, 3
0, 39, 5, 4, 3
0, 39, 5, 8, 3
0, 39, 5, 8, 3
0, 39, 5, 8, 3
0, 39, 5, 8, 3
0, 39, 5, 8, 3
0, 39, 5, 8, 3
0, 39, 5, 8, 3
0, 39, 5, 8, 3
0, 39, 5, 8, 3
0, 39, 5, 8, 3
0, 39, 5, 8, 3
0, 39, 5, 8, 3
0, 39, 5, 8, 3
0, 6, 6, 3, 2
0, 6, 6, 3, 2
0, 6, 6, 7, 2
0, 6, 6, 7, 2
0, 6, 6, 9, 2
0, 6, 6, 9, 2
0, 41, 7, 4, 3
0, 41, 7, 4, 3
0, 41, 7, 4, 3
0, 41, 7, 4, 3
0, 41, 7, 4, 3
0, 41, 7, 4, 3
0, 41, 7, 4, 3
0, 41, 7, 4, 3
0, 41, 7, 4, 3
0, 41, 7, 4, 3
0, 41, 7, 4, 3
0, 41, 7, 4, 3
0, 41, 7, 4, 3
0, 41, 7, 6, 2
0, 41, 7, 6, 2
0, 41, 7, 8, 3
0, 41, 7, 8, 3
0, 41, 7, 8, 3
0, 41, 7, 8, 3
0, 41, 7, 8, 3
0, 41, 7, 8, 3
0, 41, 7, 8, 3
0, 41, 7, 8, 3
0, 41, 7, 8, 3
0, 41, 7, 8, 3
0, 41, 7, 8, 3
0, 41, 7, 8, 3
0, 41, 7, 8, 3
0, 41, 7, 10, 3
0, 41, 7, 10, 3
0, 41, 7, 10, 3
0, 41, 7, 10, 3
0, 41, 7, 10, 3
0, 41, 7, 10, 3
0, 41, 7, 10, 3
0, 41, 7, 10, 3
0, 41, 7, 10, 3
0, 41, 7, 10, 3
0, 41, 7, 10, 3
0, 41, 7, 10, 3
0, 41, 7, 10, 3
0, 39, 8, 5, 3
0, 39, 8, 5, 3
0, 39, 8, 5, 3
0, 39, 8, 5, 3
0, 39, 8, 5, 3
0, 39, 8, 5, 3
0, 39, 8, 5, 3
0, 39, 8, 5, 3
0, 39, 8, 5, 3
0, 39, 8, 5, 3
0, 39, 8, 5, 3
0, 39, 8, 5, 3
0, 39, 8, 5, 3
0, 39, 8, 7, 3
0, 39, 8, 7, 3
0, 39, 8, 7, 3
0, 39, 8, 7, 3
0, 39, 8, 7, 3
0, 39, 8, 7, 3
0, 39, 8, 7, 3
0, 39, 8, 7, 3
0, 39, 8, 7, 3
0, 39, 8, 7, 3
0, 39, 8, 7, 3
0, 39, 8, 7, 3
0, 39, 8, 7, 3
0, 39, 8, 11, 3
0, 39, 8, 11, 3
0, 39, 8, 11, 3
0, 39, 8, 11, 3
0, 39, 8, 11, 3
0, 39, 8, 11, 3
0, 39, 8, 11, 3
0, 39, 8, 11, 3
0, 39, 8, 11, 3
0, 39, 8, 11, 3
0, 39, 8, 11, 3
0, 39, 8, 11, 3
0, 39, 8, 11, 3
0, 15, 9, 6, 2
0, 15, 9, 6, 2
0, 15, 9, 10, 3
0, 15, 9, 10, 3
0, 15, 9, 10, 3
0, 15, 9, 10, 3
0, 15, 9, 10, 3
0, 15, 9, 10, 3
0, 15, 9, 10, 3
0, 15, 9, 10, 3
0, 15, 9, 10, 3
0, 15, 9, 10, 3
0, 15, 9, 10, 3
0, 15, 9, 10, 3
0, 15, 9, 10, 3
0, 39, 10, 7, 3
0, 39, 10, 7, 3
0, 39, 10, 7, 3
0, 39, 10, 7, 3
0, 39, 10, 7, 3
0, 39, 10, 7, 3
0, 39, 10, 7, 3
0, 39, 10, 7, 3
0, 39, 10, 7, 3
0, 39, 10, 7, 3
0, 39, 10, 7, 3
0, 39, 10, 7, 3
0, 39, 10, 7, 3
0, 39, 10, 9, 3
0, 39, 10, 9, 3
0, 39, 10, 9, 3
0, 39, 10, 9, 3
0, 39, 10, 9, 3
0, 39, 10, 9, 3
0, 39, 10, 9, 3
0, 39, 10, 9, 3
0, 39, 10, 9, 3
0, 39, 10, 9, 3
0, 39, 10, 9, 3
0, 39, 10, 9, 3
0, 39, 10, 9, 3
0, 39, 10, 11, 3
0, 39, 10, 11, 3
0, 39, 10, 11, 3
0, 39, 10, 11, 3
0, 39, 10, 11, 3
0, 39, 10, 11, 3
0, 39, 10, 11, 3
0, 39, 10, 11, 3
0, 39, 10, 11, 3
0, 39, 10, 11, 3
0, 39, 10, 11, 3
0, 39, 10, 11, 3
0, 39, 10, 11, 3
0, 26, 11, 8, 3
0, 26, 11, 8, 3
0, 26, 11, 8, 3
0, 26, 11, 8, 3
0, 26, 11, 8, 3
0, 26, 11, 8, 3
0, 26, 11, 8, 3
0, 26, 11, 8, 3
0, 26, 11, 8, 3
0, 26, 11, 8, 3
0, 26, 11, 8, 3
0, 26, 11, 8, 3
0, 26, 11, 8, 3
0, 26, 11, 10, 3
0, 26, 11, 10, 3
0, 26, 11, 10, 3
0, 26, 11, 10, 3
0, 26, 11, 10, 3
0, 26, 11, 10, 3
0, 26, 11, 10, 3
0, 26, 11, 10, 3
0, 26, 11, 10, 3
0, 26, 11, 10, 3
0, 26, 11, 10, 3
0, 26, 11, 10, 3
0, 26, 11, 10, 3
1, 2, 0, 1, 3
1, 2, 0, 1, 4
1, 3, 1, 0, 3
1, 3, 1, 0, 4
1, 3, 1, 2, 4
1, 2, 2, 1, 4
1, 2, 2, 3, 4
1, 2, 3, 2, 4
1, 2, 3, 4, 4
1, 1, 4, 3, 4
2, 2, 0, 1, 4
2, 2, 0, 1, 4
2, 4, 1, 0, 4
2, 4, 1, 0, 4
2, 4, 1, 2, 4
2, 4, 1, 2, 4
2, 4, 2, 1, 4
2, 4, 2, 1, 4
2, 4, 2, 3, 4
2, 4, 2, 3, 4
2, 4, 3, 2, 4
2, 4, 3, 2, 4
2, 4, 3, 4, 4
2, 4, 3, 4, 4
2, 2, 4, 3, 4
2, 2, 4, 3, 4
3, 3, 0, 1, 3
3, 3, 0, 1, 4
3, 3, 0, 1, 4
3, 5, 1, 0, 3
3, 5, 1, 0, 4
3, 5, 1, 0, 4
3, 5, 1, 2, 4
3, 5, 1, 2, 4
3, 4, 2, 1, 4
3, 4, 2, 1, 4
3, 4, 2, 3, 4
3, 4, 2, 3, 4
3, 4, 3, 2, 4
3, 4, 3, 2, 4
3, 4, 3, 4, 4
3, 4, 3, 4, 4
3, 2, 4, 3, 4
3, 2, 4, 3, 4
4, 2, 0, 1, 4
4, 2, 0, 1, 4
4, 4, 1, 0, 4
4, 4, 1, 0, 4
4, 4, 1, 2, 4
4, 4, 1, 2, 4
4, 4, 2, 1, 4
4, 4, 2, 1, 4
4, 4, 2, 3, 4
4, 4, 2, 3, 4
4, 4, 3, 2, 4
4, 4, 3, 2, 4
4, 4, 3, 4, 4
4, 4, 3, 4, 4
4, 2, 4, 3, 4
4, 2, 4, 3, 4
5, 2, 0, 1, 4
5, 2, 0, 1, 4
5, 4, 1, 0, 4
5, 4, 1, 0, 4
5, 4, 1, 2, 4
5, 4, 1, 2, 4
5, 4, 2, 1, 4
5, 4, 2, 1, 4
5, 4, 2, 3, 4
5, 4, 2, 3, 4
5, 4, 3, 2, 4
5, 4, 3, 2, 4
5, 4, 3, 4, 4
5, 4, 3, 4, 4
5, 2, 4, 3, 4
5, 2, 4, 3, 4
6, 3, 0, 1, 4
6, 3, 0, 1, 4
6, 3, 0, 1, 4
6, 6, 1, 0, 4
6, 6, 1, 0, 4
6, 6, 1, 0, 4
6, 6, 1, 2, 4
6, 6, 1, 2, 4
6, 6, 1, 2, 4
6, 6, 2, 1, 4
6, 6, 2, 1, 4
6, 6, 2, 1, 4
6, 6, 2, 3, 4
6, 6, 2, 3, 4
6, 6, 2, 3, 4
6, 6, 3, 2, 4
6, 6, 3, 2, 4
6, 6, 3, 2, 4
6, 6, 3, 4, 4
6, 6, 3, 4, 4
6, 6, 3, 4, 4
6, 3, 4, 3, 4
6, 3, 4, 3, 4
6, 3, 4, 3, 4
7, 3, 0, 1, 4
7, 3, 0, 1, 4
7, 3, 0, 1, 4
7, 6, 1, 0, 4
7, 6, 1, 0, 4
7, 6, 1, 0, 4
7, 6, 1, 2, 4
7, 6, 1, 2, 4
7, 6, 1, 2, 4
7, 6, 2, 1, 4
7, 6, 2, 1, 4
7, 6, 2, 1, 4
7, 6, 2, 3, 4
7, 6, 2, 3, 4
7, 6, 2, 3, 4
7, 6, 3, 2, 4
7, 6, 3, 2, 4
7, 6, 3, 2, 4
7, 6, 3, 4, 4
7, 6, 3, 4, 4
7, 6, 3, 4, 4
7, 3, 4, 3, 4
7, 3, 4, 3, 4
7, 3, 4, 3, 4
8, 3, 0, 1, 4
8, 3, 0, 1, 4
8, 3, 0, 1, 4
8, 6, 1, 0, 4
8, 6, 1, 0, 4
8, 6, 1, 0, 4
8, 6, 1, 2, 4
8, 6, 1, 2, 4
8, 6, 1, 2, 4
8, 6, 2, 1, 4
8, 6, 2, 1, 4
8, 6, 2, 1, 4
8, 6, 2, 3, 4
8, 6, 2, 3, 4
8, 6, 2, 3, 4
8, 6, 3, 2, 4
8, 6, 3, 2, 4
8, 6, 3, 2, 4
8, 6, 3, 4, 4
8, 6, 3, 4, 4
8, 6, 3, 4, 4
8, 3, 4, 3, 4
8, 3, 4, 3, 4
8, 3, 4, 3, 4
9, 3, 0, 1, 4
9, 3, 0, 1, 4
9, 3, 0, 1, 4
9, 6, 1, 0, 4
9, 6, 1, 0, 4
9, 6, 1, 0, 4
9, 6, 1, 2, 4
9, 6, 1, 2, 4
9, 6, 1, 2, 4
9, 6, 2, 1, 4
9, 6, 2, 1, 4
9, 6, 2, 1, 4
9, 6, 2, 3, 4
9, 6, 2, 3, 4
9, 6, 2, 3, 4
9, 6, 3, 2, 4
9, 6, 3, 2, 4
9, 6, 3, 2, 4
9, 6, 3, 4, 4
9, 6, 3, 4, 4
9, 6, 3, 4, 4
9, 3, 4, 3, 4
9, 3, 4, 3, 4
9, 3, 4, 3, 4
10, 4, 0, 1, 3
10, 4, 0, 1, 4
10, 4, 0, 1, 4
10, 4, 0, 1, 4
10, 7, 1, 0, 3
10, 7, 1, 0, 4
10, 7, 1, 0, 4
10, 7, 1, 0, 4
10, 7, 1, 2, 4
10, 7, 1, 2, 4
10, 7, 1, 2, 4
10, 6, 2, 1, 4
10, 6, 2, 1, 4
10, 6, 2, 1, 4
10, 6, 2, 3, 4
10, 6, 2, 3, 4
10, 6, 2, 3, 4
10, 6, 3, 2, 4
10, 6, 3, 2, 4
10, 6, 3, 2, 4
10, 6, 3, 4, 4
10, 6, 3, 4, 4
10, 6, 3, 4, 4
10, 3, 4, 3, 4
10, 3, 4, 3, 4
10, 3, 4, 3, 4
11, 4, 0, 1, 4
11, 4, 0, 1, 4
11, 4, 0, 1, 4
11, 4, 0, 1, 4
11, 8, 1, 0, 4
11, 8, 1, 0, 4
11, 8, 1, 0, 4
11, 8, 1, 0, 4
11, 8, 1, 2, 4
11, 8, 1, 2, 4
11, 8, 1, 2, 4
11, 8, 1, 2, 4
11, 8, 2, 1, 4
11, 8, 2, 1, 4
11, 8, 2, 1, 4
11, 8, 2, 1, 4
11, 8, 2, 3, 4
11, 8, 2, 3, 4
11, 8, 2, 3, 4
11, 8, 2, 3, 4
11, 8, 3, 2, 4
11, 8, 3, 2, 4
11, 8, 3, 2, 4
11, 8, 3, 2, 4
11, 8, 3, 4, 4
11, 8, 3, 4, 4
11, 8, 3, 4, 4
11, 8, 3, 4, 4
11, 4, 4, 3, 4
11, 4, 4, 3, 4
11, 4, 4, 3, 4
11, 4, 4, 3, 4
12, 113, 0, 1, 2
12, 113, 0, 1, 4
12, 113, 0, 1, 4
12, 113, 0, 1, 4
12, 113, 0, 1, 4
12, 113, 0, 1, 4
12, 113, 0, 1, 4
12, 113, 0, 1, 4
12, 113, 0, 1, 4
12, 113, 0, 1, 4
12, 113, 0, 1, 4
12, 113, 0, 1, 4
12, 113, 0, 1, 4
12, 113, 0, 1, 4
12, 113, 0, 1, 4
12, 113, 0, 1, 4
12, 113, 0, 1, 4
12, 113, 0, 1, 4
12, 113, 0, 1, 4
12, 113, 0, 1, 4
12, 113, 0, 1, 4
12, 113, 0, 1, 4
12, 113, 0, 1, 4
12, 113, 0, 1, 4
12, 113, 0, 1, 4
12, 113, 0, 1, 4
12, 113, 0, 1, 4
12, 113, 0, 1, 4
12, 113, 0, 1, 4
12, 113, 0, 1, 4
12, 113, 0, 1, 4
12, 113, 0, 1, 4
12, 113, 0, 1, 4
12, 113, 0, 1, 4
12, 113, 0, 1, 4
12, 113, 0, 1, 4
12, 113, 0, 1, 4
12, 113, 0, 1, 4
12, 113, 0, 1, 4
12, 113, 0, 1, 4
12, 113, 0, 1, 4
12, 113, 0, 1, 4
12, 113, 0, 1, 4
12, 113, 0, 1, 4
12, 113, 0, 1, 4
12, 113, 0, 1, 4
12, 113, 0, 1, 4
12, 113, 0, 1, 4
12, 113, 0, 1, 4
12, 113, 0, 1, 4
12, 113, 0, 1, 4
12, 113, 0, 1, 4
12, 113, 0, 1, 4
12, 113, 0, 1, 4
12, 113, 0, 1, 4
12, 113, 0, 1, 4
12, 113, 0, 1, 4
12, 113, 0, 1, 4
12, 113, 0, 1, 4
12, 113, 0, 1, 4
12, 113, 0, 1, 4
12, 113, 0, 1, 4
12, 113, 0, 1, 4
12, 113, 0, 1, 4
12, 113, 0, 1, 4
12, 113, 0, 1, 4
12, 113, 0, 1, 4
12, 113, 0, 1, 4
12, 113, 0, 1, 4
12, 113, 0, 1, 4
12, 113, 0, 1, 4
12, 113, 0, 1, 4
12, 113, 0, 1, 4
12, 113, 0, 1, 4
12, 113, 0, 1, 4
12, 113, 0, 1, 4
12, 113, 0, 1, 4
12, 113, 0, 1, 4
12, 113, 0, 1, 4
12, 113, 0, 1, 4
12, 113, 0, 1, 4
12, 113, 0, 1, 4
12, 113, 0, 1, 4
12, 113, 0, 1, 4
12, 113, 0, 1, 4
12, 113, 0, 1, 4
12, 113, 0, 1, 4
12, 113, 0, 1, 4
12, 113, 0, 1, 4
12, 113, 0, 1, 4
12, 113, 0, 1, 4
12, 113, 0, 1, 4
12, 113, 0, 1, 4
12, 113, 0, 1, 4
12, 113, 0, 1, 4
12, 113, 0, 1, 4
12, 113, 0, 1, 4
12, 113, 0, 1, 4
12, 113, 0, 1, 4
12, 113, 0, 1, 4
12, 113, 0, 1, 4
12, 113, 0, 1, 4
12, 113, 0, 1, 4
12, 113, 0, 1, 4
12, 113, 0, 1, 4
12, 113, 0, 1, 4
12, 113, 0, 1, 4
12, 113, 0, 1, 4
12, 113, 0, 1, 4
12, 113, 0, 1, 4
12, 113, 0, 1, 4
12, 113, 0, 1, 4
12, 113, 0, 1, 4
12, 113, 1, 0, 2
12, 113, 1, 0, 4
12, 113, 1, 0, 4
12, 113, 1, 0, 4
12, 113, 1, 0, 4
12, 113, 1, 0, 4
12, 113, 1, 0, 4
12, 113, 1, 0, 4
12, 113, 1, 0, 4
12, 113, 1, 0, 4
12, 113, 1, 0, 4
12, 113, 1, 0, 4
12, 113, 1, 0, 4
12, 113, 1, 0, 4
12, 113, 1, 0, 4
12, 113, 1, 0, 4
12, 113, 1, 0, 4
12, 113, 1, 0, 4
12, 113, 1, 0, 4
12, 113, 1, 0, 4
12, 113, 1, 0, 4
12, 113, 1, 0, 4
12, 113, 1, 0, 4
12, 113, 1, 0, 4
12, 113, 1, 0, 4
12, 113, 1, 0, 4
12, 113, 1, 0, 4
12, 113, 1, 0, 4
12, 113, 1, 0, 4
12, 113, 1, 0, 4
12, 113, 1, 0, 4
12, 113, 1, 0, 4
12, 113, 1, 0, 4
12, 113, 1, 0, 4
12, 113, 1, 0, 4
12, 113, 1, 0, 4
12, 113, 1, 0, 4
12, 113, 1, 0, 4
12, 113, 1, 0, 4
12, 113, 1, 0, 4
12, 113, 1, 0, 4
12, 113, 1, 0, 4
12, 113, 1, 0, 4
12, 113, 1, 0, 4
12, 113, 1, 0, 4
12, 113, 1, 0, 4
12, 113, 1, 0, 4
12, 113, 1, 0, 4
12, 113, 1, 0, 4
12, 113, 1, 0, 4
12, 113, 1, 0, 4
12, 113, 1, 0, 4
12, 113, 1, 0, 4
12, 113, 1, 0, 4
12, 113, 1, 0, 4
12, 113, 1, 0, 4
12, 113, 1, 0, 4
12, 113, 1, 0, 4
12, 113, 1, 0, 4
12, 113, 1, 0, 4
12, 113, 1, 0, 4
12, 113, 1, 0, 4
12, 113, 1, 0, 4
12, 113, 1, 0, 4
12, 113, 1, 0, 4
12, 113, 1, 0, 4
12, 113, 1, 0, 4
12, 113, 1, 0, 4
12, 113, 1, 0, 4
12, 113, 1, 0, 4
12, 113, 1, 0, 4
12, 113, 1, 0, 4
12, 113, 1, 0, 4
12, 113, 1, 0, 4
12, 113, 1, 0, 4
12, 113, 1, 0, 4
12, 113, 1, 0, 4
12, 113, 1, 0, 4
12, 113, 1, 0, 4
12, 113, 1, 0, 4
12, 113, 1, 0, 4
12, 113, 1, 0, 4
12, 113, 1, 0, 4
12, 113, 1, 0, 4
12, 113, 1, 0, 4
12, 113, 1, 0, 4
12, 113, 1, 0, 4
12, 113, 1, 0, 4
12, 113, 1, 0, 4
12, 113, 1, 0, 4
12, 113, 1, 0, 4
12, 113, 1, 0, 4
12, 113, 1, 0, 4
12, 113, 1, 0, 4
12, 113, 1, 0, 4
12, 113, 1, 0, 4
12, 113, 1, 0, 4
12, 113, 1, 0, 4
12, 113, 1, 0, 4
12, 113, 1, 0, 4
12, 113, 1, 0, 4
12, 113, 1, 0, 4
12, 113, 1, 0, 4
12, 113, 1, 0, 4
12, 113, 1, 0, 4
12, 113, 1, 0, 4
12, 113, 1, 0, 4
12, 113, 1, 0, 4
12, 113, 1, 0, 4
12, 113, 1, 0, 4
12, 113, 1, 0, 4
12, 113, 1, 0, 4
12, 113, 1, 0, 4
Goal
1
2
3
4
5
6
7
8
9
10
11
12
