CG
9
0, 6, 4, 96
0, 6, 5, 96
0, 6, 6, 96
0, 6, 7, 96
0, 6, 8, 96
0, 6, 3, 480
1, 6, 4, 96
1, 6, 5, 96
1, 6, 6, 96
1, 6, 7, 96
1, 6, 8, 96
1, 6, 2, 480
2, 5, 4, 96
2, 5, 5, 96
2, 5, 6, 96
2, 5, 7, 96
2, 5, 8, 96
3, 5, 4, 96
3, 5, 5, 96
3, 5, 6, 96
3, 5, 7, 96
3, 5, 8, 96
4, 2, 2, 96
4, 2, 3, 96
5, 2, 2, 96
5, 2, 3, 96
6, 2, 2, 96
6, 2, 3, 96
7, 2, 2, 96
7, 2, 3, 96
8, 2, 2, 96
8, 2, 3, 96
DTG
0, 6, 0, 5, 1
0, 6, 0, 6, 1
0, 6, 0, 7, 1
0, 6, 0, 9, 1
0, 6, 0, 10, 1
0, 6, 0, 11, 1
0, 1, 1, 9, 1
0, 4, 2, 3, 1
0, 4, 2, 4, 1
0, 4, 2, 5, 1
0, 4, 2, 8, 1
0, 4, 3, 2, 1
0, 4, 3, 5, 1
0, 4, 3, 8, 1
0, 4, 3, 9, 1
0, 1, 4, 2, 1
0, 4, 5, 0, 1
0, 4, 5, 2, 1
0, 4, 5, 3, 1
0, 4, 5, 7, 1
0, 4, 6, 0, 1
0, 4, 6, 7, 1
0, 4, 6, 10, 1
0, 4, 6, 11, 1
0, 3, 7, 0, 1
0, 3, 7, 5, 1
0, 3, 7, 6, 1
0, 2, 8, 2, 1
0, 2, 8, 3, 1
0, 4, 9, 0, 1
0, 4, 9, 1, 1
0, 4, 9, 3, 1
0, 4, 9, 11, 1
0, 3, 10, 0, 1
0, 3, 10, 6, 1
0, 3, 10, 11, 1
0, 4, 11, 0, 1
0, 4, 11, 6, 1
0, 4, 11, 9, 1
0, 4, 11, 10, 1
1, 6, 0, 5, 1
1, 6, 0, 6, 1
1, 6, 0, 7, 1
1, 6, 0, 9, 1
1, 6, 0, 10, 1
1, 6, 0, 11, 1
1, 1, 1, 9, 1
1, 4, 2, 3, 1
1, 4, 2, 4, 1
1, 4, 2, 5, 1
1, 4, 2, 8, 1
1, 4, 3, 2, 1
1, 4, 3, 5, 1
1, 4, 3, 8, 1
1, 4, 3, 9, 1
1, 1, 4, 2, 1
1, 4, 5, 0, 1
1, 4, 5, 2, 1
1, 4, 5, 3, 1
1, 4, 5, 7, 1
1, 4, 6, 0, 1
1, 4, 6, 7, 1
1, 4, 6, 10, 1
1, 4, 6, 11, 1
1, 3, 7, 0, 1
1, 3, 7, 5, 1
1, 3, 7, 6, 1
1, 2, 8, 2, 1
1, 2, 8, 3, 1
1, 4, 9, 0, 1
1, 4, 9, 1, 1
1, 4, 9, 3, 1
1, 4, 9, 11, 1
1, 3, 10, 0, 1
1, 3, 10, 6, 1
1, 3, 10, 11, 1
1, 4, 11, 0, 1
1, 4, 11, 6, 1
1, 4, 11, 9, 1
1, 4, 11, 10, 1
2, 60, 0, 1, 3
2, 60, 0, 1, 3
2, 60, 0, 1, 3
2, 60, 0, 1, 3
2, 60, 0, 1, 3
2, 60, 0, 1, 3
2, 60, 0, 1, 3
2, 60, 0, 1, 3
2, 60, 0, 1, 3
2, 60, 0, 1, 3
2, 60, 0, 1, 3
2, 60, 0, 1, 3
2, 60, 0, 1, 3
2, 60, 0, 1, 3
2, 60, 0, 1, 3
2, 60, 0, 1, 3
2, 60, 0, 1, 3
2, 60, 0, 1, 3
2, 60, 0, 1, 3
2, 60, 0, 1, 3
2, 60, 0, 1, 3
2, 60, 0, 1, 3
2, 60, 0, 1, 3
2, 60, 0, 1, 3
2, 60, 0, 1, 3
2, 60, 0, 1, 3
2, 60, 0, 1, 3
2, 60, 0, 1, 3
2, 60, 0, 1, 3
2, 60, 0, 1, 3
2, 60, 0, 1, 3
2, 60, 0, 1, 3
2, 60, 0, 1, 3
2, 60, 0, 1, 3
2, 60, 0, 1, 3
2, 60, 0, 1, 3
2, 60, 0, 1, 3
2, 60, 0, 1, 3
2, 60, 0, 1, 3
2, 60, 0, 1, 3
2, 60, 0, 1, 3
2, 60, 0, 1, 3
2, 60, 0, 1, 3
2, 60, 0, 1, 3
2, 60, 0, 1, 3
2, 60, 0, 1, 3
2, 60, 0, 1, 3
2, 60, 0, 1, 3
2, 60, 0, 1, 3
2, 60, 0, 1, 3
2, 60, 0, 1, 3
2, 60, 0, 1, 3
2, 60, 0, 1, 3
2, 60, 0, 1, 3
2, 60, 0, 1, 3
2, 60, 0, 1, 3
2, 60, 0, 1, 3
2, 60, 0, 1, 3
2, 60, 0, 1, 3
2, 60, 0, 1, 3
2, 120, 1, 0, 3
2, 120, 1, 0, 3
2, 120, 1, 0, 3
2, 120, 1, 0, 3
2, 120, 1, 0, 3
2, 120, 1, 0, 3
2, 120, 1, 0, 3
2, 120, 1, 0, 3
2, 120, 1, 0, 3
2, 120, 1, 0, 3
2, 120, 1, 0, 3
2, 120, 1, 0, 3
2, 120, 1, 0, 3
2, 120, 1, 0, 3
2, 120, 1, 0, 3
2, 120, 1, 0, 3
2, 120, 1, 0, 3
2, 120, 1, 0, 3
2, 120, 1, 0, 3
2, 120, 1, 0, 3
2, 120, 1, 0, 3
2, 120, 1, 0, 3
2, 120, 1, 0, 3
2, 120, 1, 0, 3
2, 120, 1, 0, 3
2, 120, 1, 0, 3
2, 120, 1, 0, 3
2, 120, 1, 0, 3
2, 120, 1, 0, 3
2, 120, 1, 0, 3
2, 120, 1, 0, 3
2, 120, 1, 0, 3
2, 120, 1, 0, 3
2, 120, 1, 0, 3
2, 120, 1, 0, 3
2, 120, 1, 0, 3
2, 120, 1, 0, 3
2, 120, 1, 0, 3
2, 120, 1, 0, 3
2, 120, 1, 0, 3
2, 120, 1, 0, 3
2, 120, 1, 0, 3
2, 120, 1, 0, 3
2, 120, 1, 0, 3
2, 120, 1, 0, 3
2, 120, 1, 0, 3
2, 120, 1, 0, 3
2, 120, 1, 0, 3
2, 120, 1, 0, 3
2, 120, 1, 0, 3
2, 120, 1, 0, 3
2, 120, 1, 0, 3
2, 120, 1, 0, 3
2, 120, 1, 0, 3
2, 120, 1, 0, 3
2, 120, 1, 0, 3
2, 120, 1, 0, 3
2, 120, 1, 0, 3
2, 120, 1, 0, 3
2, 120, 1, 0, 3
2, 120, 1, 2, 3
2, 120, 1, 2, 3
2, 120, 1, 2, 3
2, 120, 1, 2, 3
2, 120, 1, 2, 3
2, 120, 1, 2, 3
2, 120, 1, 2, 3
2, 120, 1, 2, 3
2, 120, 1, 2, 3
2, 120, 1, 2, 3
2, 120, 1, 2, 3
2, 120, 1, 2, 3
2, 120, 1, 2, 3
2, 120, 1, 2, 3
2, 120, 1, 2, 3
2, 120, 1, 2, 3
2, 120, 1, 2, 3
2, 120, 1, 2, 3
2, 120, 1, 2, 3
2, 120, 1, 2, 3
2, 120, 1, 2, 3
2, 120, 1, 2, 3
2, 120, 1, 2, 3
2, 120, 1, 2, 3
2, 120, 1, 2, 3
2, 120, 1, 2, 3
2, 120, 1, 2, 3
2, 120, 1, 2, 3
2, 120, 1, 2, 3
2, 120, 1, 2, 3
2, 120, 1, 2, 3
2, 120, 1, 2, 3
2, 120, 1, 2, 3
2, 120, 1, 2, 3
2, 120, 1, 2, 3
2, 120, 1, 2, 3
2, 120, 1, 2, 3
2, 120, 1, 2, 3
2, 120, 1, 2, 3
2, 120, 1, 2, 3
2, 120, 1, 2, 3
2, 120, 1, 2, 3
2, 120, 1, 2, 3
2, 120, 1, 2, 3
2, 120, 1, 2, 3
2, 120, 1, 2, 3
2, 120, 1, 2, 3
2, 120, 1, 2, 3
2, 120, 1, 2, 3
2, 120, 1, 2, 3
2, 120, 1, 2, 3
2, 120, 1, 2, 3
2, 120, 1, 2, 3
2, 120, 1, 2, 3
2, 120, 1, 2, 3
2, 120, 1, 2, 3
2, 120, 1, 2, 3
2, 120, 1, 2, 3
2, 120, 1, 2, 3
2, 120, 1, 2, 3
2, 120, 2, 1, 3
2, 120, 2, 1, 3
2, 120, 2, 1, 3
2, 120, 2, 1, 3
2, 120, 2, 1, 3
2, 120, 2, 1, 3
2, 120, 2, 1, 3
2, 120, 2, 1, 3
2, 120, 2, 1, 3
2, 120, 2, 1, 3
2, 120, 2, 1, 3
2, 120, 2, 1, 3
2, 120, 2, 1, 3
2, 120, 2, 1, 3
2, 120, 2, 1, 3
2, 120, 2, 1, 3
2, 120, 2, 1, 3
2, 120, 2, 1, 3
2, 120, 2, 1, 3
2, 120, 2, 1, 3
2, 120, 2, 1, 3
2, 120, 2, 1, 3
2, 120, 2, 1, 3
2, 120, 2, 1, 3
2, 120, 2, 1, 3
2, 120, 2, 1, 3
2, 120, 2, 1, 3
2, 120, 2, 1, 3
2, 120, 2, 1, 3
2, 120, 2, 1, 3
2, 120, 2, 1, 3
2, 120, 2, 1, 3
2, 120, 2, 1, 3
2, 120, 2, 1, 3
2, 120, 2, 1, 3
2, 120, 2, 1, 3
2, 120, 2, 1, 3
2, 120, 2, 1, 3
2, 120, 2, 1, 3
2, 120, 2, 1, 3
2, 120, 2, 1, 3
2, 120, 2, 1, 3
2, 120, 2, 1, 3
2, 120, 2, 1, 3
2, 120, 2, 1, 3
2, 120, 2, 1, 3
2, 120, 2, 1, 3
2, 120, 2, 1, 3
2, 120, 2, 1, 3
2, 120, 2, 1, 3
2, 120, 2, 1, 3
2, 120, 2, 1, 3
2, 120, 2, 1, 3
2, 120, 2, 1, 3
2, 120, 2, 1, 3
2, 120, 2, 1, 3
2, 120, 2, 1, 3
2, 120, 2, 1, 3
2, 120, 2, 1, 3
2, 120, 2, 1, 3
2, 120, 2, 3, 3
2, 120, 2, 3, 3
2, 120, 2, 3, 3
2, 120, 2, 3, 3
2, 120, 2, 3, 3
2, 120, 2, 3, 3
2, 120, 2, 3, 3
2, 120, 2, 3, 3
2, 120, 2, 3, 3
2, 120, 2, 3, 3
2, 120, 2, 3, 3
2, 120, 2, 3, 3
2, 120, 2, 3, 3
2, 120, 2, 3, 3
2, 120, 2, 3, 3
2, 120, 2, 3, 3
2, 120, 2, 3, 3
2, 120, 2, 3, 3
2, 120, 2, 3, 3
2, 120, 2, 3, 3
2, 120, 2, 3, 3
2, 120, 2, 3, 3
2, 120, 2, 3, 3
2, 120, 2, 3, 3
2, 120, 2, 3, 3
2, 120, 2, 3, 3
2, 120, 2, 3, 3
2, 120, 2, 3, 3
2, 120, 2, 3, 3
2, 120, 2, 3, 3
2, 120, 2, 3, 3
2, 120, 2, 3, 3
2, 120, 2, 3, 3
2, 120, 2, 3, 3
2, 120, 2, 3, 3
2, 120, 2, 3, 3
2, 120, 2, 3, 3
2, 120, 2, 3, 3
2, 120, 2, 3, 3
2, 120, 2, 3, 3
2, 120, 2, 3, 3
2, 120, 2, 3, 3
2, 120, 2, 3, 3
2, 120, 2, 3, 3
2, 120, 2, 3, 3
2, 120, 2, 3, 3
2, 120, 2, 3, 3
2, 120, 2, 3, 3
2, 120, 2, 3, 3
2, 120, 2, 3, 3
2, 120, 2, 3, 3
2, 120, 2, 3, 3
2, 120, 2, 3, 3
2, 120, 2, 3, 3
2, 120, 2, 3, 3
2, 120, 2, 3, 3
2, 120, 2, 3, 3
2, 120, 2, 3, 3
2, 120, 2, 3, 3
2, 120, 2, 3, 3
2, 120, 3, 2, 3
2, 120, 3, 2, 3
2, 120, 3, 2, 3
2, 120, 3, 2, 3
2, 120, 3, 2, 3
2, 120, 3, 2, 3
2, 120, 3, 2, 3
2, 120, 3, 2, 3
2, 120, 3, 2, 3
2, 120, 3, 2, 3
2, 120, 3, 2, 3
2, 120, 3, 2, 3
2, 120, 3, 2, 3
2, 120, 3, 2, 3
2, 120, 3, 2, 3
2, 120, 3, 2, 3
2, 120, 3, 2, 3
2, 120, 3, 2, 3
2, 120, 3, 2, 3
2, 120, 3, 2, 3
2, 120, 3, 2, 3
2, 120, 3, 2, 3
2, 120, 3, 2, 3
2, 120, 3, 2, 3
2, 120, 3, 2, 3
2, 120, 3, 2, 3
2, 120, 3, 2, 3
2, 120, 3, 2, 3
2, 120, 3, 2, 3
2, 120, 3, 2, 3
2, 120, 3, 2, 3
2, 120, 3, 2, 3
2, 120, 3, 2, 3
2, 120, 3, 2, 3
2, 120, 3, 2, 3
2, 120, 3, 2, 3
2, 120, 3, 2, 3
2, 120, 3, 2, 3
2, 120, 3, 2, 3
2, 120, 3, 2, 3
2, 120, 3, 2, 3
2, 120, 3, 2, 3
2, 120, 3, 2, 3
2, 120, 3, 2, 3
2, 120, 3, 2, 3
2, 120, 3, 2, 3
2, 120, 3, 2, 3
2, 120, 3, 2, 3
2, 120, 3, 2, 3
2, 120, 3, 2, 3
2, 120, 3, 2, 3
2, 120, 3, 2, 3
2, 120, 3, 2, 3
2, 120, 3, 2, 3
2, 120, 3, 2, 3
2, 120, 3, 2, 3
2, 120, 3, 2, 3
2, 120, 3, 2, 3
2, 120, 3, 2, 3
2, 120, 3, 2, 3
2, 120, 3, 4, 3
2, 120, 3, 4, 3
2, 120, 3, 4, 3
2, 120, 3, 4, 3
2, 120, 3, 4, 3
2, 120, 3, 4, 3
2, 120, 3, 4, 3
2, 120, 3, 4, 3
2, 120, 3, 4, 3
2, 120, 3, 4, 3
2, 120, 3, 4, 3
2, 120, 3, 4, 3
2, 120, 3, 4, 3
2, 120, 3, 4, 3
2, 120, 3, 4, 3
2, 120, 3, 4, 3
2, 120, 3, 4, 3
2, 120, 3, 4, 3
2, 120, 3, 4, 3
2, 120, 3, 4, 3
2, 120, 3, 4, 3
2, 120, 3, 4, 3
2, 120, 3, 4, 3
2, 120, 3, 4, 3
2, 120, 3, 4, 3
2, 120, 3, 4, 3
2, 120, 3, 4, 3
2, 120, 3, 4, 3
2, 120, 3, 4, 3
2, 120, 3, 4, 3
2, 120, 3, 4, 3
2, 120, 3, 4, 3
2, 120, 3, 4, 3
2, 120, 3, 4, 3
2, 120, 3, 4, 3
2, 120, 3, 4, 3
2, 120, 3, 4, 3
2, 120, 3, 4, 3
2, 120, 3, 4, 3
2, 120, 3, 4, 3
2, 120, 3, 4, 3
2, 120, 3, 4, 3
2, 120, 3, 4, 3
2, 120, 3, 4, 3
2, 120, 3, 4, 3
2, 120, 3, 4, 3
2, 120, 3, 4, 3
2, 120, 3, 4, 3
2, 120, 3, 4, 3
2, 120, 3, 4, 3
2, 120, 3, 4, 3
2, 120, 3, 4, 3
2, 120, 3, 4, 3
2, 120, 3, 4, 3
2, 120, 3, 4, 3
2, 120, 3, 4, 3
2, 120, 3, 4, 3
2, 120, 3, 4, 3
2, 120, 3, 4, 3
2, 120, 3, 4, 3
2, 60, 4, 3, 3
2, 60, 4, 3, 3
2, 60, 4, 3, 3
2, 60, 4, 3, 3
2, 60, 4, 3, 3
2, 60, 4, 3, 3
2, 60, 4, 3, 3
2, 60, 4, 3, 3
2, 60, 4, 3, 3
2, 60, 4, 3, 3
2, 60, 4, 3, 3
2, 60, 4, 3, 3
2, 60, 4, 3, 3
2, 60, 4, 3, 3
2, 60, 4, 3, 3
2, 60, 4, 3, 3
2, 60, 4, 3, 3
2, 60, 4, 3, 3
2, 60, 4, 3, 3
2, 60, 4, 3, 3
2, 60, 4, 3, 3
2, 60, 4, 3, 3
2, 60, 4, 3, 3
2, 60, 4, 3, 3
2, 60, 4, 3, 3
2, 60, 4, 3, 3
2, 60, 4, 3, 3
2, 60, 4, 3, 3
2, 60, 4, 3, 3
2, 60, 4, 3, 3
2, 60, 4, 3, 3
2, 60, 4, 3, 3
2, 60, 4, 3, 3
2, 60, 4, 3, 3
2, 60, 4, 3, 3
2, 60, 4, 3, 3
2, 60, 4, 3, 3
2, 60, 4, 3, 3
2, 60, 4, 3, 3
2, 60, 4, 3, 3
2, 60, 4, 3, 3
2, 60, 4, 3, 3
2, 60, 4, 3, 3
2, 60, 4, 3, 3
2, 60, 4, 3, 3
2, 60, 4, 3, 3
2, 60, 4, 3, 3
2, 60, 4, 3, 3
2, 60, 4, 3, 3
2, 60, 4, 3, 3
2, 60, 4, 3, 3
2, 60, 4, 3, 3
2, 60, 4, 3, 3
2, 60, 4, 3, 3
2, 60, 4, 3, 3
2, 60, 4, 3, 3
2, 60, 4, 3, 3
2, 60, 4, 3, 3
2, 60, 4, 3, 3
2, 60, 4, 3, 3
3, 60, 0, 1, 3
3, 60, 0, 1, 3
3, 60, 0, 1, 3
3, 60, 0, 1, 3
3, 60, 0, 1, 3
3, 60, 0, 1, 3
3, 60, 0, 1, 3
3, 60, 0, 1, 3
3, 60, 0, 1, 3
3, 60, 0, 1, 3
3, 60, 0, 1, 3
3, 60, 0, 1, 3
3, 60, 0, 1, 3
3, 60, 0, 1, 3
3, 60, 0, 1, 3
3, 60, 0, 1, 3
3, 60, 0, 1, 3
3, 60, 0, 1, 3
3, 60, 0, 1, 3
3, 60, 0, 1, 3
3, 60, 0, 1, 3
3, 60, 0, 1, 3
3, 60, 0, 1, 3
3, 60, 0, 1, 3
3, 60, 0, 1, 3
3, 60, 0, 1, 3
3, 60, 0, 1, 3
3, 60, 0, 1, 3
3, 60, 0, 1, 3
3, 60, 0, 1, 3
3, 60, 0, 1, 3
3, 60, 0, 1, 3
3, 60, 0, 1, 3
3, 60, 0, 1, 3
3, 60, 0, 1, 3
3, 60, 0, 1, 3
3, 60, 0, 1, 3
3, 60, 0, 1, 3
3, 60, 0, 1, 3
3, 60, 0, 1, 3
3, 60, 0, 1, 3
3, 60, 0, 1, 3
3, 60, 0, 1, 3
3, 60, 0, 1, 3
3, 60, 0, 1, 3
3, 60, 0, 1, 3
3, 60, 0, 1, 3
3, 60, 0, 1, 3
3, 60, 0, 1, 3
3, 60, 0, 1, 3
3, 60, 0, 1, 3
3, 60, 0, 1, 3
3, 60, 0, 1, 3
3, 60, 0, 1, 3
3, 60, 0, 1, 3
3, 60, 0, 1, 3
3, 60, 0, 1, 3
3, 60, 0, 1, 3
3, 60, 0, 1, 3
3, 60, 0, 1, 3
3, 120, 1, 0, 3
3, 120, 1, 0, 3
3, 120, 1, 0, 3
3, 120, 1, 0, 3
3, 120, 1, 0, 3
3, 120, 1, 0, 3
3, 120, 1, 0, 3
3, 120, 1, 0, 3
3, 120, 1, 0, 3
3, 120, 1, 0, 3
3, 120, 1, 0, 3
3, 120, 1, 0, 3
3, 120, 1, 0, 3
3, 120, 1, 0, 3
3, 120, 1, 0, 3
3, 120, 1, 0, 3
3, 120, 1, 0, 3
3, 120, 1, 0, 3
3, 120, 1, 0, 3
3, 120, 1, 0, 3
3, 120, 1, 0, 3
3, 120, 1, 0, 3
3, 120, 1, 0, 3
3, 120, 1, 0, 3
3, 120, 1, 0, 3
3, 120, 1, 0, 3
3, 120, 1, 0, 3
3, 120, 1, 0, 3
3, 120, 1, 0, 3
3, 120, 1, 0, 3
3, 120, 1, 0, 3
3, 120, 1, 0, 3
3, 120, 1, 0, 3
3, 120, 1, 0, 3
3, 120, 1, 0, 3
3, 120, 1, 0, 3
3, 120, 1, 0, 3
3, 120, 1, 0, 3
3, 120, 1, 0, 3
3, 120, 1, 0, 3
3, 120, 1, 0, 3
3, 120, 1, 0, 3
3, 120, 1, 0, 3
3, 120, 1, 0, 3
3, 120, 1, 0, 3
3, 120, 1, 0, 3
3, 120, 1, 0, 3
3, 120, 1, 0, 3
3, 120, 1, 0, 3
3, 120, 1, 0, 3
3, 120, 1, 0, 3
3, 120, 1, 0, 3
3, 120, 1, 0, 3
3, 120, 1, 0, 3
3, 120, 1, 0, 3
3, 120, 1, 0, 3
3, 120, 1, 0, 3
3, 120, 1, 0, 3
3, 120, 1, 0, 3
3, 120, 1, 0, 3
3, 120, 1, 2, 3
3, 120, 1, 2, 3
3, 120, 1, 2, 3
3, 120, 1, 2, 3
3, 120, 1, 2, 3
3, 120, 1, 2, 3
3, 120, 1, 2, 3
3, 120, 1, 2, 3
3, 120, 1, 2, 3
3, 120, 1, 2, 3
3, 120, 1, 2, 3
3, 120, 1, 2, 3
3, 120, 1, 2, 3
3, 120, 1, 2, 3
3, 120, 1, 2, 3
3, 120, 1, 2, 3
3, 120, 1, 2, 3
3, 120, 1, 2, 3
3, 120, 1, 2, 3
3, 120, 1, 2, 3
3, 120, 1, 2, 3
3, 120, 1, 2, 3
3, 120, 1, 2, 3
3, 120, 1, 2, 3
3, 120, 1, 2, 3
3, 120, 1, 2, 3
3, 120, 1, 2, 3
3, 120, 1, 2, 3
3, 120, 1, 2, 3
3, 120, 1, 2, 3
3, 120, 1, 2, 3
3, 120, 1, 2, 3
3, 120, 1, 2, 3
3, 120, 1, 2, 3
3, 120, 1, 2, 3
3, 120, 1, 2, 3
3, 120, 1, 2, 3
3, 120, 1, 2, 3
3, 120, 1, 2, 3
3, 120, 1, 2, 3
3, 120, 1, 2, 3
3, 120, 1, 2, 3
3, 120, 1, 2, 3
3, 120, 1, 2, 3
3, 120, 1, 2, 3
3, 120, 1, 2, 3
3, 120, 1, 2, 3
3, 120, 1, 2, 3
3, 120, 1, 2, 3
3, 120, 1, 2, 3
3, 120, 1, 2, 3
3, 120, 1, 2, 3
3, 120, 1, 2, 3
3, 120, 1, 2, 3
3, 120, 1, 2, 3
3, 120, 1, 2, 3
3, 120, 1, 2, 3
3, 120, 1, 2, 3
3, 120, 1, 2, 3
3, 120, 1, 2, 3
3, 120, 2, 1, 3
3, 120, 2, 1, 3
3, 120, 2, 1, 3
3, 120, 2, 1, 3
3, 120, 2, 1, 3
3, 120, 2, 1, 3
3, 120, 2, 1, 3
3, 120, 2, 1, 3
3, 120, 2, 1, 3
3, 120, 2, 1, 3
3, 120, 2, 1, 3
3, 120, 2, 1, 3
3, 120, 2, 1, 3
3, 120, 2, 1, 3
3, 120, 2, 1, 3
3, 120, 2, 1, 3
3, 120, 2, 1, 3
3, 120, 2, 1, 3
3, 120, 2, 1, 3
3, 120, 2, 1, 3
3, 120, 2, 1, 3
3, 120, 2, 1, 3
3, 120, 2, 1, 3
3, 120, 2, 1, 3
3, 120, 2, 1, 3
3, 120, 2, 1, 3
3, 120, 2, 1, 3
3, 120, 2, 1, 3
3, 120, 2, 1, 3
3, 120, 2, 1, 3
3, 120, 2, 1, 3
3, 120, 2, 1, 3
3, 120, 2, 1, 3
3, 120, 2, 1, 3
3, 120, 2, 1, 3
3, 120, 2, 1, 3
3, 120, 2, 1, 3
3, 120, 2, 1, 3
3, 120, 2, 1, 3
3, 120, 2, 1, 3
3, 120, 2, 1, 3
3, 120, 2, 1, 3
3, 120, 2, 1, 3
3, 120, 2, 1, 3
3, 120, 2, 1, 3
3, 120, 2, 1, 3
3, 120, 2, 1, 3
3, 120, 2, 1, 3
3, 120, 2, 1, 3
3, 120, 2, 1, 3
3, 120, 2, 1, 3
3, 120, 2, 1, 3
3, 120, 2, 1, 3
3, 120, 2, 1, 3
3, 120, 2, 1, 3
3, 120, 2, 1, 3
3, 120, 2, 1, 3
3, 120, 2, 1, 3
3, 120, 2, 1, 3
3, 120, 2, 1, 3
3, 120, 2, 3, 3
3, 120, 2, 3, 3
3, 120, 2, 3, 3
3, 120, 2, 3, 3
3, 120, 2, 3, 3
3, 120, 2, 3, 3
3, 120, 2, 3, 3
3, 120, 2, 3, 3
3, 120, 2, 3, 3
3, 120, 2, 3, 3
3, 120, 2, 3, 3
3, 120, 2, 3, 3
3, 120, 2, 3, 3
3, 120, 2, 3, 3
3, 120, 2, 3, 3
3, 120, 2, 3, 3
3, 120, 2, 3, 3
3, 120, 2, 3, 3
3, 120, 2, 3, 3
3, 120, 2, 3, 3
3, 120, 2, 3, 3
3, 120, 2, 3, 3
3, 120, 2, 3, 3
3, 120, 2, 3, 3
3, 120, 2, 3, 3
3, 120, 2, 3, 3
3, 120, 2, 3, 3
3, 120, 2, 3, 3
3, 120, 2, 3, 3
3, 120, 2, 3, 3
3, 120, 2, 3, 3
3, 120, 2, 3, 3
3, 120, 2, 3, 3
3, 120, 2, 3, 3
3, 120, 2, 3, 3
3, 120, 2, 3, 3
3, 120, 2, 3, 3
3, 120, 2, 3, 3
3, 120, 2, 3, 3
3, 120, 2, 3, 3
3, 120, 2, 3, 3
3, 120, 2, 3, 3
3, 120, 2, 3, 3
3, 120, 2, 3, 3
3, 120, 2, 3, 3
3, 120, 2, 3, 3
3, 120, 2, 3, 3
3, 120, 2, 3, 3
3, 120, 2, 3, 3
3, 120, 2, 3, 3
3, 120, 2, 3, 3
3, 120, 2, 3, 3
3, 120, 2, 3, 3
3, 120, 2, 3, 3
3, 120, 2, 3, 3
3, 120, 2, 3, 3
3, 120, 2, 3, 3
3, 120, 2, 3, 3
3, 120, 2, 3, 3
3, 120, 2, 3, 3
3, 120, 3, 2, 3
3, 120, 3, 2, 3
3, 120, 3, 2, 3
3, 120, 3, 2, 3
3, 120, 3, 2, 3
3, 120, 3, 2, 3
3, 120, 3, 2, 3
3, 120, 3, 2, 3
3, 120, 3, 2, 3
3, 120, 3, 2, 3
3, 120, 3, 2, 3
3, 120, 3, 2, 3
3, 120, 3, 2, 3
3, 120, 3, 2, 3
3, 120, 3, 2, 3
3, 120, 3, 2, 3
3, 120, 3, 2, 3
3, 120, 3, 2, 3
3, 120, 3, 2, 3
3, 120, 3, 2, 3
3, 120, 3, 2, 3
3, 120, 3, 2, 3
3, 120, 3, 2, 3
3, 120, 3, 2, 3
3, 120, 3, 2, 3
3, 120, 3, 2, 3
3, 120, 3, 2, 3
3, 120, 3, 2, 3
3, 120, 3, 2, 3
3, 120, 3, 2, 3
3, 120, 3, 2, 3
3, 120, 3, 2, 3
3, 120, 3, 2, 3
3, 120, 3, 2, 3
3, 120, 3, 2, 3
3, 120, 3, 2, 3
3, 120, 3, 2, 3
3, 120, 3, 2, 3
3, 120, 3, 2, 3
3, 120, 3, 2, 3
3, 120, 3, 2, 3
3, 120, 3, 2, 3
3, 120, 3, 2, 3
3, 120, 3, 2, 3
3, 120, 3, 2, 3
3, 120, 3, 2, 3
3, 120, 3, 2, 3
3, 120, 3, 2, 3
3, 120, 3, 2, 3
3, 120, 3, 2, 3
3, 120, 3, 2, 3
3, 120, 3, 2, 3
3, 120, 3, 2, 3
3, 120, 3, 2, 3
3, 120, 3, 2, 3
3, 120, 3, 2, 3
3, 120, 3, 2, 3
3, 120, 3, 2, 3
3, 120, 3, 2, 3
3, 120, 3, 2, 3
3, 120, 3, 4, 3
3, 120, 3, 4, 3
3, 120, 3, 4, 3
3, 120, 3, 4, 3
3, 120, 3, 4, 3
3, 120, 3, 4, 3
3, 120, 3, 4, 3
3, 120, 3, 4, 3
3, 120, 3, 4, 3
3, 120, 3, 4, 3
3, 120, 3, 4, 3
3, 120, 3, 4, 3
3, 120, 3, 4, 3
3, 120, 3, 4, 3
3, 120, 3, 4, 3
3, 120, 3, 4, 3
3, 120, 3, 4, 3
3, 120, 3, 4, 3
3, 120, 3, 4, 3
3, 120, 3, 4, 3
3, 120, 3, 4, 3
3, 120, 3, 4, 3
3, 120, 3, 4, 3
3, 120, 3, 4, 3
3, 120, 3, 4, 3
3, 120, 3, 4, 3
3, 120, 3, 4, 3
3, 120, 3, 4, 3
3, 120, 3, 4, 3
3, 120, 3, 4, 3
3, 120, 3, 4, 3
3, 120, 3, 4, 3
3, 120, 3, 4, 3
3, 120, 3, 4, 3
3, 120, 3, 4, 3
3, 120, 3, 4, 3
3, 120, 3, 4, 3
3, 120, 3, 4, 3
3, 120, 3, 4, 3
3, 120, 3, 4, 3
3, 120, 3, 4, 3
3, 120, 3, 4, 3
3, 120, 3, 4, 3
3, 120, 3, 4, 3
3, 120, 3, 4, 3
3, 120, 3, 4, 3
3, 120, 3, 4, 3
3, 120, 3, 4, 3
3, 120, 3, 4, 3
3, 120, 3, 4, 3
3, 120, 3, 4, 3
3, 120, 3, 4, 3
3, 120, 3, 4, 3
3, 120, 3, 4, 3
3, 120, 3, 4, 3
3, 120, 3, 4, 3
3, 120, 3, 4, 3
3, 120, 3, 4, 3
3, 120, 3, 4, 3
3, 120, 3, 4, 3
3, 60, 4, 3, 3
3, 60, 4, 3, 3
3, 60, 4, 3, 3
3, 60, 4, 3, 3
3, 60, 4, 3, 3
3, 60, 4, 3, 3
3, 60, 4, 3, 3
3, 60, 4, 3, 3
3, 60, 4, 3, 3
3, 60, 4, 3, 3
3, 60, 4, 3, 3
3, 60, 4, 3, 3
3, 60, 4, 3, 3
3, 60, 4, 3, 3
3, 60, 4, 3, 3
3, 60, 4, 3, 3
3, 60, 4, 3, 3
3, 60, 4, 3, 3
3, 60, 4, 3, 3
3, 60, 4, 3, 3
3, 60, 4, 3, 3
3, 60, 4, 3, 3
3, 60, 4, 3, 3
3, 60, 4, 3, 3
3, 60, 4, 3, 3
3, 60, 4, 3, 3
3, 60, 4, 3, 3
3, 60, 4, 3, 3
3, 60, 4, 3, 3
3, 60, 4, 3, 3
3, 60, 4, 3, 3
3, 60, 4, 3, 3
3, 60, 4, 3, 3
3, 60, 4, 3, 3
3, 60, 4, 3, 3
3, 60, 4, 3, 3
3, 60, 4, 3, 3
3, 60, 4, 3, 3
3, 60, 4, 3, 3
3, 60, 4, 3, 3
3, 60, 4, 3, 3
3, 60, 4, 3, 3
3, 60, 4, 3, 3
3, 60, 4, 3, 3
3, 60, 4, 3, 3
3, 60, 4, 3, 3
3, 60, 4, 3, 3
3, 60, 4, 3, 3
3, 60, 4, 3, 3
3, 60, 4, 3, 3
3, 60, 4, 3, 3
3, 60, 4, 3, 3
3, 60, 4, 3, 3
3, 60, 4, 3, 3
3, 60, 4, 3, 3
3, 60, 4, 3, 3
3, 60, 4, 3, 3
3, 60, 4, 3, 3
3, 60, 4, 3, 3
3, 60, 4, 3, 3
4, 8, 0, 12, 3
4, 8, 0, 12, 3
4, 8, 0, 12, 3
4, 8, 0, 12, 3
4, 8, 0, 13, 3
4, 8, 0, 13, 3
4, 8, 0, 13, 3
4, 8, 0, 13, 3
4, 8, 1, 12, 3
4, 8, 1, 12, 3
4, 8, 1, 12, 3
4, 8, 1, 12, 3
4, 8, 1, 13, 3
4, 8, 1, 13, 3
4, 8, 1, 13, 3
4, 8, 1, 13, 3
4, 8, 2, 12, 3
4, 8, 2, 12, 3
4, 8, 2, 12, 3
4, 8, 2, 12, 3
4, 8, 2, 13, 3
4, 8, 2, 13, 3
4, 8, 2, 13, 3
4, 8, 2, 13, 3
4, 8, 3, 12, 3
4, 8, 3, 12, 3
4, 8, 3, 12, 3
4, 8, 3, 12, 3
4, 8, 3, 13, 3
4, 8, 3, 13, 3
4, 8, 3, 13, 3
4, 8, 3, 13, 3
4, 8, 4, 12, 3
4, 8, 4, 12, 3
4, 8, 4, 12, 3
4, 8, 4, 12, 3
4, 8, 4, 13, 3
4, 8, 4, 13, 3
4, 8, 4, 13, 3
4, 8, 4, 13, 3
4, 8, 5, 12, 3
4, 8, 5, 12, 3
4, 8, 5, 12, 3
4, 8, 5, 12, 3
4, 8, 5, 13, 3
4, 8, 5, 13, 3
4, 8, 5, 13, 3
4, 8, 5, 13, 3
4, 8, 6, 12, 3
4, 8, 6, 12, 3
4, 8, 6, 12, 3
4, 8, 6, 12, 3
4, 8, 6, 13, 3
4, 8, 6, 13, 3
4, 8, 6, 13, 3
4, 8, 6, 13, 3
4, 8, 7, 12, 3
4, 8, 7, 12, 3
4, 8, 7, 12, 3
4, 8, 7, 12, 3
4, 8, 7, 13, 3
4, 8, 7, 13, 3
4, 8, 7, 13, 3
4, 8, 7, 13, 3
4, 8, 8, 12, 3
4, 8, 8, 12, 3
4, 8, 8, 12, 3
4, 8, 8, 12, 3
4, 8, 8, 13, 3
4, 8, 8, 13, 3
4, 8, 8, 13, 3
4, 8, 8, 13, 3
4, 8, 9, 12, 3
4, 8, 9, 12, 3
4, 8, 9, 12, 3
4, 8, 9, 12, 3
4, 8, 9, 13, 3
4, 8, 9, 13, 3
4, 8, 9, 13, 3
4, 8, 9, 13, 3
4, 8, 10, 12, 3
4, 8, 10, 12, 3
4, 8, 10, 12, 3
4, 8, 10, 12, 3
4, 8, 10, 13, 3
4, 8, 10, 13, 3
4, 8, 10, 13, 3
4, 8, 10, 13, 3
4, 8, 11, 12, 3
4, 8, 11, 12, 3
4, 8, 11, 12, 3
4, 8, 11, 12, 3
4, 8, 11, 13, 3
4, 8, 11, 13, 3
4, 8, 11, 13, 3
4, 8, 11, 13, 3
4, 48, 12, 0, 3
4, 48, 12, 0, 3
4, 48, 12, 0, 3
4, 48, 12, 0, 3
4, 48, 12, 1, 3
4, 48, 12, 1, 3
4, 48, 12, 1, 3
4, 48, 12, 1, 3
4, 48, 12, 2, 3
4, 48, 12, 2, 3
4, 48, 12, 2, 3
4, 48, 12, 2, 3
4, 48, 12, 3, 3
4, 48, 12, 3, 3
4, 48, 12, 3, 3
4, 48, 12, 3, 3
4, 48, 12, 4, 3
4, 48, 12, 4, 3
4, 48, 12, 4, 3
4, 48, 12, 4, 3
4, 48, 12, 5, 3
4, 48, 12, 5, 3
4, 48, 12, 5, 3
4, 48, 12, 5, 3
4, 48, 12, 6, 3
4, 48, 12, 6, 3
4, 48, 12, 6, 3
4, 48, 12, 6, 3
4, 48, 12, 7, 3
4, 48, 12, 7, 3
4, 48, 12, 7, 3
4, 48, 12, 7, 3
4, 48, 12, 8, 3
4, 48, 12, 8, 3
4, 48, 12, 8, 3
4, 48, 12, 8, 3
4, 48, 12, 9, 3
4, 48, 12, 9, 3
4, 48, 12, 9, 3
4, 48, 12, 9, 3
4, 48, 12, 10, 3
4, 48, 12, 10, 3
4, 48, 12, 10, 3
4, 48, 12, 10, 3
4, 48, 12, 11, 3
4, 48, 12, 11, 3
4, 48, 12, 11, 3
4, 48, 12, 11, 3
4, 48, 13, 0, 3
4, 48, 13, 0, 3
4, 48, 13, 0, 3
4, 48, 13, 0, 3
4, 48, 13, 1, 3
4, 48, 13, 1, 3
4, 48, 13, 1, 3
4, 48, 13, 1, 3
4, 48, 13, 2, 3
4, 48, 13, 2, 3
4, 48, 13, 2, 3
4, 48, 13, 2, 3
4, 48, 13, 3, 3
4, 48, 13, 3, 3
4, 48, 13, 3, 3
4, 48, 13, 3, 3
4, 48, 13, 4, 3
4, 48, 13, 4, 3
4, 48, 13, 4, 3
4, 48, 13, 4, 3
4, 48, 13, 5, 3
4, 48, 13, 5, 3
4, 48, 13, 5, 3
4, 48, 13, 5, 3
4, 48, 13, 6, 3
4, 48, 13, 6, 3
4, 48, 13, 6, 3
4, 48, 13, 6, 3
4, 48, 13, 7, 3
4, 48, 13, 7, 3
4, 48, 13, 7, 3
4, 48, 13, 7, 3
4, 48, 13, 8, 3
4, 48, 13, 8, 3
4, 48, 13, 8, 3
4, 48, 13, 8, 3
4, 48, 13, 9, 3
4, 48, 13, 9, 3
4, 48, 13, 9, 3
4, 48, 13, 9, 3
4, 48, 13, 10, 3
4, 48, 13, 10, 3
4, 48, 13, 10, 3
4, 48, 13, 10, 3
4, 48, 13, 11, 3
4, 48, 13, 11, 3
4, 48, 13, 11, 3
4, 48, 13, 11, 3
5, 8, 0, 12, 3
5, 8, 0, 12, 3
5, 8, 0, 12, 3
5, 8, 0, 12, 3
5, 8, 0, 13, 3
5, 8, 0, 13, 3
5, 8, 0, 13, 3
5, 8, 0, 13, 3
5, 8, 1, 12, 3
5, 8, 1, 12, 3
5, 8, 1, 12, 3
5, 8, 1, 12, 3
5, 8, 1, 13, 3
5, 8, 1, 13, 3
5, 8, 1, 13, 3
5, 8, 1, 13, 3
5, 8, 2, 12, 3
5, 8, 2, 12, 3
5, 8, 2, 12, 3
5, 8, 2, 12, 3
5, 8, 2, 13, 3
5, 8, 2, 13, 3
5, 8, 2, 13, 3
5, 8, 2, 13, 3
5, 8, 3, 12, 3
5, 8, 3, 12, 3
5, 8, 3, 12, 3
5, 8, 3, 12, 3
5, 8, 3, 13, 3
5, 8, 3, 13, 3
5, 8, 3, 13, 3
5, 8, 3, 13, 3
5, 8, 4, 12, 3
5, 8, 4, 12, 3
5, 8, 4, 12, 3
5, 8, 4, 12, 3
5, 8, 4, 13, 3
5, 8, 4, 13, 3
5, 8, 4, 13, 3
5, 8, 4, 13, 3
5, 8, 5, 12, 3
5, 8, 5, 12, 3
5, 8, 5, 12, 3
5, 8, 5, 12, 3
5, 8, 5, 13, 3
5, 8, 5, 13, 3
5, 8, 5, 13, 3
5, 8, 5, 13, 3
5, 8, 6, 12, 3
5, 8, 6, 12, 3
5, 8, 6, 12, 3
5, 8, 6, 12, 3
5, 8, 6, 13, 3
5, 8, 6, 13, 3
5, 8, 6, 13, 3
5, 8, 6, 13, 3
5, 8, 7, 12, 3
5, 8, 7, 12, 3
5, 8, 7, 12, 3
5, 8, 7, 12, 3
5, 8, 7, 13, 3
5, 8, 7, 13, 3
5, 8, 7, 13, 3
5, 8, 7, 13, 3
5, 8, 8, 12, 3
5, 8, 8, 12, 3
5, 8, 8, 12, 3
5, 8, 8, 12, 3
5, 8, 8, 13, 3
5, 8, 8, 13, 3
5, 8, 8, 13, 3
5, 8, 8, 13, 3
5, 8, 9, 12, 3
5, 8, 9, 12, 3
5, 8, 9, 12, 3
5, 8, 9, 12, 3
5, 8, 9, 13, 3
5, 8, 9, 13, 3
5, 8, 9, 13, 3
5, 8, 9, 13, 3
5, 8, 10, 12, 3
5, 8, 10, 12, 3
5, 8, 10, 12, 3
5, 8, 10, 12, 3
5, 8, 10, 13, 3
5, 8, 10, 13, 3
5, 8, 10, 13, 3
5, 8, 10, 13, 3
5, 8, 11, 12, 3
5, 8, 11, 12, 3
5, 8, 11, 12, 3
5, 8, 11, 12, 3
5, 8, 11, 13, 3
5, 8, 11, 13, 3
5, 8, 11, 13, 3
5, 8, 11, 13, 3
5, 48, 12, 0, 3
5, 48, 12, 0, 3
5, 48, 12, 0, 3
5, 48, 12, 0, 3
5, 48, 12, 1, 3
5, 48, 12, 1, 3
5, 48, 12, 1, 3
5, 48, 12, 1, 3
5, 48, 12, 2, 3
5, 48, 12, 2, 3
5, 48, 12, 2, 3
5, 48, 12, 2, 3
5, 48, 12, 3, 3
5, 48, 12, 3, 3
5, 48, 12, 3, 3
5, 48, 12, 3, 3
5, 48, 12, 4, 3
5, 48, 12, 4, 3
5, 48, 12, 4, 3
5, 48, 12, 4, 3
5, 48, 12, 5, 3
5, 48, 12, 5, 3
5, 48, 12, 5, 3
5, 48, 12, 5, 3
5, 48, 12, 6, 3
5, 48, 12, 6, 3
5, 48, 12, 6, 3
5, 48, 12, 6, 3
5, 48, 12, 7, 3
5, 48, 12, 7, 3
5, 48, 12, 7, 3
5, 48, 12, 7, 3
5, 48, 12, 8, 3
5, 48, 12, 8, 3
5, 48, 12, 8, 3
5, 48, 12, 8, 3
5, 48, 12, 9, 3
5, 48, 12, 9, 3
5, 48, 12, 9, 3
5, 48, 12, 9, 3
5, 48, 12, 10, 3
5, 48, 12, 10, 3
5, 48, 12, 10, 3
5, 48, 12, 10, 3
5, 48, 12, 11, 3
5, 48, 12, 11, 3
5, 48, 12, 11, 3
5, 48, 12, 11, 3
5, 48, 13, 0, 3
5, 48, 13, 0, 3
5, 48, 13, 0, 3
5, 48, 13, 0, 3
5, 48, 13, 1, 3
5, 48, 13, 1, 3
5, 48, 13, 1, 3
5, 48, 13, 1, 3
5, 48, 13, 2, 3
5, 48, 13, 2, 3
5, 48, 13, 2, 3
5, 48, 13, 2, 3
5, 48, 13, 3, 3
5, 48, 13, 3, 3
5, 48, 13, 3, 3
5, 48, 13, 3, 3
5, 48, 13, 4, 3
5, 48, 13, 4, 3
5, 48, 13, 4, 3
5, 48, 13, 4, 3
5, 48, 13, 5, 3
5, 48, 13, 5, 3
5, 48, 13, 5, 3
5, 48, 13, 5, 3
5, 48, 13, 6, 3
5, 48, 13, 6, 3
5, 48, 13, 6, 3
5, 48, 13, 6, 3
5, 48, 13, 7, 3
5, 48, 13, 7, 3
5, 48, 13, 7, 3
5, 48, 13, 7, 3
5, 48, 13, 8, 3
5, 48, 13, 8, 3
5, 48, 13, 8, 3
5, 48, 13, 8, 3
5, 48, 13, 9, 3
5, 48, 13, 9, 3
5, 48, 13, 9, 3
5, 48, 13, 9, 3
5, 48, 13, 10, 3
5, 48, 13, 10, 3
5, 48, 13, 10, 3
5, 48, 13, 10, 3
5, 48, 13, 11, 3
5, 48, 13, 11, 3
5, 48, 13, 11, 3
5, 48, 13, 11, 3
6, 8, 0, 12, 3
6, 8, 0, 12, 3
6, 8, 0, 12, 3
6, 8, 0, 12, 3
6, 8, 0, 13, 3
6, 8, 0, 13, 3
6, 8, 0, 13, 3
6, 8, 0, 13, 3
6, 8, 1, 12, 3
6, 8, 1, 12, 3
6, 8, 1, 12, 3
6, 8, 1, 12, 3
6, 8, 1, 13, 3
6, 8, 1, 13, 3
6, 8, 1, 13, 3
6, 8, 1, 13, 3
6, 8, 2, 12, 3
6, 8, 2, 12, 3
6, 8, 2, 12, 3
6, 8, 2, 12, 3
6, 8, 2, 13, 3
6, 8, 2, 13, 3
6, 8, 2, 13, 3
6, 8, 2, 13, 3
6, 8, 3, 12, 3
6, 8, 3, 12, 3
6, 8, 3, 12, 3
6, 8, 3, 12, 3
6, 8, 3, 13, 3
6, 8, 3, 13, 3
6, 8, 3, 13, 3
6, 8, 3, 13, 3
6, 8, 4, 12, 3
6, 8, 4, 12, 3
6, 8, 4, 12, 3
6, 8, 4, 12, 3
6, 8, 4, 13, 3
6, 8, 4, 13, 3
6, 8, 4, 13, 3
6, 8, 4, 13, 3
6, 8, 5, 12, 3
6, 8, 5, 12, 3
6, 8, 5, 12, 3
6, 8, 5, 12, 3
6, 8, 5, 13, 3
6, 8, 5, 13, 3
6, 8, 5, 13, 3
6, 8, 5, 13, 3
6, 8, 6, 12, 3
6, 8, 6, 12, 3
6, 8, 6, 12, 3
6, 8, 6, 12, 3
6, 8, 6, 13, 3
6, 8, 6, 13, 3
6, 8, 6, 13, 3
6, 8, 6, 13, 3
6, 8, 7, 12, 3
6, 8, 7, 12, 3
6, 8, 7, 12, 3
6, 8, 7, 12, 3
6, 8, 7, 13, 3
6, 8, 7, 13, 3
6, 8, 7, 13, 3
6, 8, 7, 13, 3
6, 8, 8, 12, 3
6, 8, 8, 12, 3
6, 8, 8, 12, 3
6, 8, 8, 12, 3
6, 8, 8, 13, 3
6, 8, 8, 13, 3
6, 8, 8, 13, 3
6, 8, 8, 13, 3
6, 8, 9, 12, 3
6, 8, 9, 12, 3
6, 8, 9, 12, 3
6, 8, 9, 12, 3
6, 8, 9, 13, 3
6, 8, 9, 13, 3
6, 8, 9, 13, 3
6, 8, 9, 13, 3
6, 8, 10, 12, 3
6, 8, 10, 12, 3
6, 8, 10, 12, 3
6, 8, 10, 12, 3
6, 8, 10, 13, 3
6, 8, 10, 13, 3
6, 8, 10, 13, 3
6, 8, 10, 13, 3
6, 8, 11, 12, 3
6, 8, 11, 12, 3
6, 8, 11, 12, 3
6, 8, 11, 12, 3
6, 8, 11, 13, 3
6, 8, 11, 13, 3
6, 8, 11, 13, 3
6, 8, 11, 13, 3
6, 48, 12, 0, 3
6, 48, 12, 0, 3
6, 48, 12, 0, 3
6, 48, 12, 0, 3
6, 48, 12, 1, 3
6, 48, 12, 1, 3
6, 48, 12, 1, 3
6, 48, 12, 1, 3
6, 48, 12, 2, 3
6, 48, 12, 2, 3
6, 48, 12, 2, 3
6, 48, 12, 2, 3
6, 48, 12, 3, 3
6, 48, 12, 3, 3
6, 48, 12, 3, 3
6, 48, 12, 3, 3
6, 48, 12, 4, 3
6, 48, 12, 4, 3
6, 48, 12, 4, 3
6, 48, 12, 4, 3
6, 48, 12, 5, 3
6, 48, 12, 5, 3
6, 48, 12, 5, 3
6, 48, 12, 5, 3
6, 48, 12, 6, 3
6, 48, 12, 6, 3
6, 48, 12, 6, 3
6, 48, 12, 6, 3
6, 48, 12, 7, 3
6, 48, 12, 7, 3
6, 48, 12, 7, 3
6, 48, 12, 7, 3
6, 48, 12, 8, 3
6, 48, 12, 8, 3
6, 48, 12, 8, 3
6, 48, 12, 8, 3
6, 48, 12, 9, 3
6, 48, 12, 9, 3
6, 48, 12, 9, 3
6, 48, 12, 9, 3
6, 48, 12, 10, 3
6, 48, 12, 10, 3
6, 48, 12, 10, 3
6, 48, 12, 10, 3
6, 48, 12, 11, 3
6, 48, 12, 11, 3
6, 48, 12, 11, 3
6, 48, 12, 11, 3
6, 48, 13, 0, 3
6, 48, 13, 0, 3
6, 48, 13, 0, 3
6, 48, 13, 0, 3
6, 48, 13, 1, 3
6, 48, 13, 1, 3
6, 48, 13, 1, 3
6, 48, 13, 1, 3
6, 48, 13, 2, 3
6, 48, 13, 2, 3
6, 48, 13, 2, 3
6, 48, 13, 2, 3
6, 48, 13, 3, 3
6, 48, 13, 3, 3
6, 48, 13, 3, 3
6, 48, 13, 3, 3
6, 48, 13, 4, 3
6, 48, 13, 4, 3
6, 48, 13, 4, 3
6, 48, 13, 4, 3
6, 48, 13, 5, 3
6, 48, 13, 5, 3
6, 48, 13, 5, 3
6, 48, 13, 5, 3
6, 48, 13, 6, 3
6, 48, 13, 6, 3
6, 48, 13, 6, 3
6, 48, 13, 6, 3
6, 48, 13, 7, 3
6, 48, 13, 7, 3
6, 48, 13, 7, 3
6, 48, 13, 7, 3
6, 48, 13, 8, 3
6, 48, 13, 8, 3
6, 48, 13, 8, 3
6, 48, 13, 8, 3
6, 48, 13, 9, 3
6, 48, 13, 9, 3
6, 48, 13, 9, 3
6, 48, 13, 9, 3
6, 48, 13, 10, 3
6, 48, 13, 10, 3
6, 48, 13, 10, 3
6, 48, 13, 10, 3
6, 48, 13, 11, 3
6, 48, 13, 11, 3
6, 48, 13, 11, 3
6, 48, 13, 11, 3
7, 8, 0, 12, 3
7, 8, 0, 12, 3
7, 8, 0, 12, 3
7, 8, 0, 12, 3
7, 8, 0, 13, 3
7, 8, 0, 13, 3
7, 8, 0, 13, 3
7, 8, 0, 13, 3
7, 8, 1, 12, 3
7, 8, 1, 12, 3
7, 8, 1, 12, 3
7, 8, 1, 12, 3
7, 8, 1, 13, 3
7, 8, 1, 13, 3
7, 8, 1, 13, 3
7, 8, 1, 13, 3
7, 8, 2, 12, 3
7, 8, 2, 12, 3
7, 8, 2, 12, 3
7, 8, 2, 12, 3
7, 8, 2, 13, 3
7, 8, 2, 13, 3
7, 8, 2, 13, 3
7, 8, 2, 13, 3
7, 8, 3, 12, 3
7, 8, 3, 12, 3
7, 8, 3, 12, 3
7, 8, 3, 12, 3
7, 8, 3, 13, 3
7, 8, 3, 13, 3
7, 8, 3, 13, 3
7, 8, 3, 13, 3
7, 8, 4, 12, 3
7, 8, 4, 12, 3
7, 8, 4, 12, 3
7, 8, 4, 12, 3
7, 8, 4, 13, 3
7, 8, 4, 13, 3
7, 8, 4, 13, 3
7, 8, 4, 13, 3
7, 8, 5, 12, 3
7, 8, 5, 12, 3
7, 8, 5, 12, 3
7, 8, 5, 12, 3
7, 8, 5, 13, 3
7, 8, 5, 13, 3
7, 8, 5, 13, 3
7, 8, 5, 13, 3
7, 8, 6, 12, 3
7, 8, 6, 12, 3
7, 8, 6, 12, 3
7, 8, 6, 12, 3
7, 8, 6, 13, 3
7, 8, 6, 13, 3
7, 8, 6, 13, 3
7, 8, 6, 13, 3
7, 8, 7, 12, 3
7, 8, 7, 12, 3
7, 8, 7, 12, 3
7, 8, 7, 12, 3
7, 8, 7, 13, 3
7, 8, 7, 13, 3
7, 8, 7, 13, 3
7, 8, 7, 13, 3
7, 8, 8, 12, 3
7, 8, 8, 12, 3
7, 8, 8, 12, 3
7, 8, 8, 12, 3
7, 8, 8, 13, 3
7, 8, 8, 13, 3
7, 8, 8, 13, 3
7, 8, 8, 13, 3
7, 8, 9, 12, 3
7, 8, 9, 12, 3
7, 8, 9, 12, 3
7, 8, 9, 12, 3
7, 8, 9, 13, 3
7, 8, 9, 13, 3
7, 8, 9, 13, 3
7, 8, 9, 13, 3
7, 8, 10, 12, 3
7, 8, 10, 12, 3
7, 8, 10, 12, 3
7, 8, 10, 12, 3
7, 8, 10, 13, 3
7, 8, 10, 13, 3
7, 8, 10, 13, 3
7, 8, 10, 13, 3
7, 8, 11, 12, 3
7, 8, 11, 12, 3
7, 8, 11, 12, 3
7, 8, 11, 12, 3
7, 8, 11, 13, 3
7, 8, 11, 13, 3
7, 8, 11, 13, 3
7, 8, 11, 13, 3
7, 48, 12, 0, 3
7, 48, 12, 0, 3
7, 48, 12, 0, 3
7, 48, 12, 0, 3
7, 48, 12, 1, 3
7, 48, 12, 1, 3
7, 48, 12, 1, 3
7, 48, 12, 1, 3
7, 48, 12, 2, 3
7, 48, 12, 2, 3
7, 48, 12, 2, 3
7, 48, 12, 2, 3
7, 48, 12, 3, 3
7, 48, 12, 3, 3
7, 48, 12, 3, 3
7, 48, 12, 3, 3
7, 48, 12, 4, 3
7, 48, 12, 4, 3
7, 48, 12, 4, 3
7, 48, 12, 4, 3
7, 48, 12, 5, 3
7, 48, 12, 5, 3
7, 48, 12, 5, 3
7, 48, 12, 5, 3
7, 48, 12, 6, 3
7, 48, 12, 6, 3
7, 48, 12, 6, 3
7, 48, 12, 6, 3
7, 48, 12, 7, 3
7, 48, 12, 7, 3
7, 48, 12, 7, 3
7, 48, 12, 7, 3
7, 48, 12, 8, 3
7, 48, 12, 8, 3
7, 48, 12, 8, 3
7, 48, 12, 8, 3
7, 48, 12, 9, 3
7, 48, 12, 9, 3
7, 48, 12, 9, 3
7, 48, 12, 9, 3
7, 48, 12, 10, 3
7, 48, 12, 10, 3
7, 48, 12, 10, 3
7, 48, 12, 10, 3
7, 48, 12, 11, 3
7, 48, 12, 11, 3
7, 48, 12, 11, 3
7, 48, 12, 11, 3
7, 48, 13, 0, 3
7, 48, 13, 0, 3
7, 48, 13, 0, 3
7, 48, 13, 0, 3
7, 48, 13, 1, 3
7, 48, 13, 1, 3
7, 48, 13, 1, 3
7, 48, 13, 1, 3
7, 48, 13, 2, 3
7, 48, 13, 2, 3
7, 48, 13, 2, 3
7, 48, 13, 2, 3
7, 48, 13, 3, 3
7, 48, 13, 3, 3
7, 48, 13, 3, 3
7, 48, 13, 3, 3
7, 48, 13, 4, 3
7, 48, 13, 4, 3
7, 48, 13, 4, 3
7, 48, 13, 4, 3
7, 48, 13, 5, 3
7, 48, 13, 5, 3
7, 48, 13, 5, 3
7, 48, 13, 5, 3
7, 48, 13, 6, 3
7, 48, 13, 6, 3
7, 48, 13, 6, 3
7, 48, 13, 6, 3
7, 48, 13, 7, 3
7, 48, 13, 7, 3
7, 48, 13, 7, 3
7, 48, 13, 7, 3
7, 48, 13, 8, 3
7, 48, 13, 8, 3
7, 48, 13, 8, 3
7, 48, 13, 8, 3
7, 48, 13, 9, 3
7, 48, 13, 9, 3
7, 48, 13, 9, 3
7, 48, 13, 9, 3
7, 48, 13, 10, 3
7, 48, 13, 10, 3
7, 48, 13, 10, 3
7, 48, 13, 10, 3
7, 48, 13, 11, 3
7, 48, 13, 11, 3
7, 48, 13, 11, 3
7, 48, 13, 11, 3
8, 8, 0, 12, 3
8, 8, 0, 12, 3
8, 8, 0, 12, 3
8, 8, 0, 12, 3
8, 8, 0, 13, 3
8, 8, 0, 13, 3
8, 8, 0, 13, 3
8, 8, 0, 13, 3
8, 8, 1, 12, 3
8, 8, 1, 12, 3
8, 8, 1, 12, 3
8, 8, 1, 12, 3
8, 8, 1, 13, 3
8, 8, 1, 13, 3
8, 8, 1, 13, 3
8, 8, 1, 13, 3
8, 8, 2, 12, 3
8, 8, 2, 12, 3
8, 8, 2, 12, 3
8, 8, 2, 12, 3
8, 8, 2, 13, 3
8, 8, 2, 13, 3
8, 8, 2, 13, 3
8, 8, 2, 13, 3
8, 8, 3, 12, 3
8, 8, 3, 12, 3
8, 8, 3, 12, 3
8, 8, 3, 12, 3
8, 8, 3, 13, 3
8, 8, 3, 13, 3
8, 8, 3, 13, 3
8, 8, 3, 13, 3
8, 8, 4, 12, 3
8, 8, 4, 12, 3
8, 8, 4, 12, 3
8, 8, 4, 12, 3
8, 8, 4, 13, 3
8, 8, 4, 13, 3
8, 8, 4, 13, 3
8, 8, 4, 13, 3
8, 8, 5, 12, 3
8, 8, 5, 12, 3
8, 8, 5, 12, 3
8, 8, 5, 12, 3
8, 8, 5, 13, 3
8, 8, 5, 13, 3
8, 8, 5, 13, 3
8, 8, 5, 13, 3
8, 8, 6, 12, 3
8, 8, 6, 12, 3
8, 8, 6, 12, 3
8, 8, 6, 12, 3
8, 8, 6, 13, 3
8, 8, 6, 13, 3
8, 8, 6, 13, 3
8, 8, 6, 13, 3
8, 8, 7, 12, 3
8, 8, 7, 12, 3
8, 8, 7, 12, 3
8, 8, 7, 12, 3
8, 8, 7, 13, 3
8, 8, 7, 13, 3
8, 8, 7, 13, 3
8, 8, 7, 13, 3
8, 8, 8, 12, 3
8, 8, 8, 12, 3
8, 8, 8, 12, 3
8, 8, 8, 12, 3
8, 8, 8, 13, 3
8, 8, 8, 13, 3
8, 8, 8, 13, 3
8, 8, 8, 13, 3
8, 8, 9, 12, 3
8, 8, 9, 12, 3
8, 8, 9, 12, 3
8, 8, 9, 12, 3
8, 8, 9, 13, 3
8, 8, 9, 13, 3
8, 8, 9, 13, 3
8, 8, 9, 13, 3
8, 8, 10, 12, 3
8, 8, 10, 12, 3
8, 8, 10, 12, 3
8, 8, 10, 12, 3
8, 8, 10, 13, 3
8, 8, 10, 13, 3
8, 8, 10, 13, 3
8, 8, 10, 13, 3
8, 8, 11, 12, 3
8, 8, 11, 12, 3
8, 8, 11, 12, 3
8, 8, 11, 12, 3
8, 8, 11, 13, 3
8, 8, 11, 13, 3
8, 8, 11, 13, 3
8, 8, 11, 13, 3
8, 48, 12, 0, 3
8, 48, 12, 0, 3
8, 48, 12, 0, 3
8, 48, 12, 0, 3
8, 48, 12, 1, 3
8, 48, 12, 1, 3
8, 48, 12, 1, 3
8, 48, 12, 1, 3
8, 48, 12, 2, 3
8, 48, 12, 2, 3
8, 48, 12, 2, 3
8, 48, 12, 2, 3
8, 48, 12, 3, 3
8, 48, 12, 3, 3
8, 48, 12, 3, 3
8, 48, 12, 3, 3
8, 48, 12, 4, 3
8, 48, 12, 4, 3
8, 48, 12, 4, 3
8, 48, 12, 4, 3
8, 48, 12, 5, 3
8, 48, 12, 5, 3
8, 48, 12, 5, 3
8, 48, 12, 5, 3
8, 48, 12, 6, 3
8, 48, 12, 6, 3
8, 48, 12, 6, 3
8, 48, 12, 6, 3
8, 48, 12, 7, 3
8, 48, 12, 7, 3
8, 48, 12, 7, 3
8, 48, 12, 7, 3
8, 48, 12, 8, 3
8, 48, 12, 8, 3
8, 48, 12, 8, 3
8, 48, 12, 8, 3
8, 48, 12, 9, 3
8, 48, 12, 9, 3
8, 48, 12, 9, 3
8, 48, 12, 9, 3
8, 48, 12, 10, 3
8, 48, 12, 10, 3
8, 48, 12, 10, 3
8, 48, 12, 10, 3
8, 48, 12, 11, 3
8, 48, 12, 11, 3
8, 48, 12, 11, 3
8, 48, 12, 11, 3
8, 48, 13, 0, 3
8, 48, 13, 0, 3
8, 48, 13, 0, 3
8, 48, 13, 0, 3
8, 48, 13, 1, 3
8, 48, 13, 1, 3
8, 48, 13, 1, 3
8, 48, 13, 1, 3
8, 48, 13, 2, 3
8, 48, 13, 2, 3
8, 48, 13, 2, 3
8, 48, 13, 2, 3
8, 48, 13, 3, 3
8, 48, 13, 3, 3
8, 48, 13, 3, 3
8, 48, 13, 3, 3
8, 48, 13, 4, 3
8, 48, 13, 4, 3
8, 48, 13, 4, 3
8, 48, 13, 4, 3
8, 48, 13, 5, 3
8, 48, 13, 5, 3
8, 48, 13, 5, 3
8, 48, 13, 5, 3
8, 48, 13, 6, 3
8, 48, 13, 6, 3
8, 48, 13, 6, 3
8, 48, 13, 6, 3
8, 48, 13, 7, 3
8, 48, 13, 7, 3
8, 48, 13, 7, 3
8, 48, 13, 7, 3
8, 48, 13, 8, 3
8, 48, 13, 8, 3
8, 48, 13, 8, 3
8, 48, 13, 8, 3
8, 48, 13, 9, 3
8, 48, 13, 9, 3
8, 48, 13, 9, 3
8, 48, 13, 9, 3
8, 48, 13, 10, 3
8, 48, 13, 10, 3
8, 48, 13, 10, 3
8, 48, 13, 10, 3
8, 48, 13, 11, 3
8, 48, 13, 11, 3
8, 48, 13, 11, 3
8, 48, 13, 11, 3
Goal
4
5
6
7
8
