CG
18
0, 1, 15, 1
1, 4, 17, 1
1, 4, 13, 1
1, 4, 12, 1
1, 4, 8, 1
2, 2, 16, 1
2, 2, 11, 1
3, 4, 16, 1
3, 4, 14, 1
3, 4, 12, 1
3, 4, 11, 1
4, 1, 15, 1
5, 2, 14, 1
5, 2, 10, 1
6, 1, 8, 1
7, 1, 13, 1
9, 2, 17, 1
9, 2, 10, 1
DTG
0, 1, 0, 1, 1
1, 1, 0, 1, 1
2, 1, 0, 1, 1
3, 1, 0, 1, 1
4, 1, 0, 1, 1
5, 1, 0, 1, 1
6, 1, 0, 1, 1
7, 1, 0, 1, 1
8, 2, 1, 0, 2
8, 2, 1, 0, 2
9, 1, 1, 0, 1
10, 2, 1, 0, 2
10, 2, 1, 0, 2
11, 2, 1, 0, 2
11, 2, 1, 0, 2
12, 2, 1, 0, 2
12, 2, 1, 0, 2
13, 2, 1, 0, 2
13, 2, 1, 0, 2
14, 2, 1, 0, 2
14, 2, 1, 0, 2
15, 2, 1, 0, 2
15, 2, 1, 0, 2
16, 2, 1, 0, 2
16, 2, 1, 0, 2
17, 2, 1, 0, 2
17, 2, 1, 0, 2
Goal
8
9
10
11
12
13
14
15
16
17
