CG
18
0, 9, 3, 56
0, 9, 11, 7
0, 9, 12, 7
0, 9, 13, 7
0, 9, 14, 7
0, 9, 15, 7
0, 9, 16, 7
0, 9, 17, 7
0, 9, 2, 49
1, 16, 3, 231
1, 16, 11, 45
1, 16, 12, 45
1, 16, 13, 45
1, 16, 14, 45
1, 16, 15, 45
1, 16, 16, 45
1, 16, 17, 45
1, 16, 2, 126
1, 16, 4, 26
1, 16, 5, 26
1, 16, 6, 26
1, 16, 7, 26
1, 16, 8, 26
1, 16, 9, 26
1, 16, 10, 26
2, 16, 3, 392
2, 16, 11, 68
2, 16, 12, 68
2, 16, 13, 68
2, 16, 14, 68
2, 16, 15, 68
2, 16, 16, 68
2, 16, 17, 68
2, 16, 4, 14
2, 16, 5, 14
2, 16, 6, 14
2, 16, 7, 14
2, 16, 8, 14
2, 16, 9, 14
2, 16, 10, 14
2, 16, 1, 189
3, 17, 11, 105
3, 17, 12, 105
3, 17, 13, 105
3, 17, 14, 105
3, 17, 15, 105
3, 17, 16, 105
3, 17, 17, 105
3, 17, 2, 532
3, 17, 4, 28
3, 17, 5, 28
3, 17, 6, 28
3, 17, 7, 28
3, 17, 8, 28
3, 17, 9, 28
3, 17, 10, 28
3, 17, 0, 49
3, 17, 1, 273
4, 4, 3, 26
4, 4, 11, 26
4, 4, 2, 12
4, 4, 1, 26
5, 4, 3, 26
5, 4, 12, 26
5, 4, 2, 12
5, 4, 1, 26
6, 4, 3, 26
6, 4, 13, 26
6, 4, 2, 12
6, 4, 1, 26
7, 4, 3, 26
7, 4, 14, 26
7, 4, 2, 12
7, 4, 1, 26
8, 4, 3, 26
8, 4, 15, 26
8, 4, 2, 12
8, 4, 1, 26
9, 4, 3, 26
9, 4, 16, 26
9, 4, 2, 12
9, 4, 1, 26
10, 4, 3, 26
10, 4, 17, 26
10, 4, 2, 12
10, 4, 1, 26
11, 11, 3, 91
11, 11, 12, 2
11, 11, 13, 2
11, 11, 14, 2
11, 11, 15, 2
11, 11, 16, 2
11, 11, 17, 2
11, 11, 2, 64
11, 11, 4, 26
11, 11, 0, 6
11, 11, 1, 45
12, 11, 3, 91
12, 11, 11, 2
12, 11, 13, 2
12, 11, 14, 2
12, 11, 15, 2
12, 11, 16, 2
12, 11, 17, 2
12, 11, 2, 64
12, 11, 5, 26
12, 11, 0, 6
12, 11, 1, 45
13, 11, 3, 91
13, 11, 11, 2
13, 11, 12, 2
13, 11, 14, 2
13, 11, 15, 2
13, 11, 16, 2
13, 11, 17, 2
13, 11, 2, 64
13, 11, 6, 26
13, 11, 0, 6
13, 11, 1, 45
14, 11, 3, 91
14, 11, 11, 2
14, 11, 12, 2
14, 11, 13, 2
14, 11, 15, 2
14, 11, 16, 2
14, 11, 17, 2
14, 11, 2, 64
14, 11, 7, 26
14, 11, 0, 6
14, 11, 1, 45
15, 11, 3, 91
15, 11, 11, 2
15, 11, 12, 2
15, 11, 13, 2
15, 11, 14, 2
15, 11, 16, 2
15, 11, 17, 2
15, 11, 2, 64
15, 11, 8, 26
15, 11, 0, 6
15, 11, 1, 45
16, 11, 3, 91
16, 11, 11, 2
16, 11, 12, 2
16, 11, 13, 2
16, 11, 14, 2
16, 11, 15, 2
16, 11, 17, 2
16, 11, 2, 64
16, 11, 9, 26
16, 11, 0, 6
16, 11, 1, 45
17, 11, 3, 91
17, 11, 11, 2
17, 11, 12, 2
17, 11, 13, 2
17, 11, 14, 2
17, 11, 15, 2
17, 11, 16, 2
17, 11, 2, 64
17, 11, 10, 26
17, 11, 0, 6
17, 11, 1, 45
DTG
0, 37, 0, 1, 3
0, 37, 0, 1, 3
0, 37, 0, 1, 3
0, 37, 0, 1, 3
0, 37, 0, 1, 3
0, 37, 0, 1, 3
0, 37, 0, 2, 3
0, 37, 0, 2, 3
0, 37, 0, 2, 3
0, 37, 0, 2, 3
0, 37, 0, 2, 3
0, 37, 0, 2, 3
0, 37, 0, 3, 3
0, 37, 0, 3, 3
0, 37, 0, 3, 3
0, 37, 0, 3, 3
0, 37, 0, 3, 3
0, 37, 0, 3, 3
0, 37, 0, 4, 3
0, 37, 0, 4, 3
0, 37, 0, 4, 3
0, 37, 0, 4, 3
0, 37, 0, 4, 3
0, 37, 0, 4, 3
0, 37, 0, 5, 3
0, 37, 0, 5, 3
0, 37, 0, 5, 3
0, 37, 0, 5, 3
0, 37, 0, 5, 3
0, 37, 0, 5, 3
0, 37, 0, 6, 3
0, 37, 0, 6, 3
0, 37, 0, 6, 3
0, 37, 0, 6, 3
0, 37, 0, 6, 3
0, 37, 0, 6, 3
0, 37, 0, 7, 2
0, 37, 1, 0, 3
0, 37, 1, 0, 3
0, 37, 1, 0, 3
0, 37, 1, 0, 3
0, 37, 1, 0, 3
0, 37, 1, 0, 3
0, 37, 1, 2, 3
0, 37, 1, 2, 3
0, 37, 1, 2, 3
0, 37, 1, 2, 3
0, 37, 1, 2, 3
0, 37, 1, 2, 3
0, 37, 1, 3, 3
0, 37, 1, 3, 3
0, 37, 1, 3, 3
0, 37, 1, 3, 3
0, 37, 1, 3, 3
0, 37, 1, 3, 3
0, 37, 1, 4, 3
0, 37, 1, 4, 3
0, 37, 1, 4, 3
0, 37, 1, 4, 3
0, 37, 1, 4, 3
0, 37, 1, 4, 3
0, 37, 1, 5, 3
0, 37, 1, 5, 3
0, 37, 1, 5, 3
0, 37, 1, 5, 3
0, 37, 1, 5, 3
0, 37, 1, 5, 3
0, 37, 1, 6, 3
0, 37, 1, 6, 3
0, 37, 1, 6, 3
0, 37, 1, 6, 3
0, 37, 1, 6, 3
0, 37, 1, 6, 3
0, 37, 1, 7, 2
0, 37, 2, 0, 3
0, 37, 2, 0, 3
0, 37, 2, 0, 3
0, 37, 2, 0, 3
0, 37, 2, 0, 3
0, 37, 2, 0, 3
0, 37, 2, 1, 3
0, 37, 2, 1, 3
0, 37, 2, 1, 3
0, 37, 2, 1, 3
0, 37, 2, 1, 3
0, 37, 2, 1, 3
0, 37, 2, 3, 3
0, 37, 2, 3, 3
0, 37, 2, 3, 3
0, 37, 2, 3, 3
0, 37, 2, 3, 3
0, 37, 2, 3, 3
0, 37, 2, 4, 3
0, 37, 2, 4, 3
0, 37, 2, 4, 3
0, 37, 2, 4, 3
0, 37, 2, 4, 3
0, 37, 2, 4, 3
0, 37, 2, 5, 3
0, 37, 2, 5, 3
0, 37, 2, 5, 3
0, 37, 2, 5, 3
0, 37, 2, 5, 3
0, 37, 2, 5, 3
0, 37, 2, 6, 3
0, 37, 2, 6, 3
0, 37, 2, 6, 3
0, 37, 2, 6, 3
0, 37, 2, 6, 3
0, 37, 2, 6, 3
0, 37, 2, 7, 2
0, 37, 3, 0, 3
0, 37, 3, 0, 3
0, 37, 3, 0, 3
0, 37, 3, 0, 3
0, 37, 3, 0, 3
0, 37, 3, 0, 3
0, 37, 3, 1, 3
0, 37, 3, 1, 3
0, 37, 3, 1, 3
0, 37, 3, 1, 3
0, 37, 3, 1, 3
0, 37, 3, 1, 3
0, 37, 3, 2, 3
0, 37, 3, 2, 3
0, 37, 3, 2, 3
0, 37, 3, 2, 3
0, 37, 3, 2, 3
0, 37, 3, 2, 3
0, 37, 3, 4, 3
0, 37, 3, 4, 3
0, 37, 3, 4, 3
0, 37, 3, 4, 3
0, 37, 3, 4, 3
0, 37, 3, 4, 3
0, 37, 3, 5, 3
0, 37, 3, 5, 3
0, 37, 3, 5, 3
0, 37, 3, 5, 3
0, 37, 3, 5, 3
0, 37, 3, 5, 3
0, 37, 3, 6, 3
0, 37, 3, 6, 3
0, 37, 3, 6, 3
0, 37, 3, 6, 3
0, 37, 3, 6, 3
0, 37, 3, 6, 3
0, 37, 3, 7, 2
0, 37, 4, 0, 3
0, 37, 4, 0, 3
0, 37, 4, 0, 3
0, 37, 4, 0, 3
0, 37, 4, 0, 3
0, 37, 4, 0, 3
0, 37, 4, 1, 3
0, 37, 4, 1, 3
0, 37, 4, 1, 3
0, 37, 4, 1, 3
0, 37, 4, 1, 3
0, 37, 4, 1, 3
0, 37, 4, 2, 3
0, 37, 4, 2, 3
0, 37, 4, 2, 3
0, 37, 4, 2, 3
0, 37, 4, 2, 3
0, 37, 4, 2, 3
0, 37, 4, 3, 3
0, 37, 4, 3, 3
0, 37, 4, 3, 3
0, 37, 4, 3, 3
0, 37, 4, 3, 3
0, 37, 4, 3, 3
0, 37, 4, 5, 3
0, 37, 4, 5, 3
0, 37, 4, 5, 3
0, 37, 4, 5, 3
0, 37, 4, 5, 3
0, 37, 4, 5, 3
0, 37, 4, 6, 3
0, 37, 4, 6, 3
0, 37, 4, 6, 3
0, 37, 4, 6, 3
0, 37, 4, 6, 3
0, 37, 4, 6, 3
0, 37, 4, 7, 2
0, 37, 5, 0, 3
0, 37, 5, 0, 3
0, 37, 5, 0, 3
0, 37, 5, 0, 3
0, 37, 5, 0, 3
0, 37, 5, 0, 3
0, 37, 5, 1, 3
0, 37, 5, 1, 3
0, 37, 5, 1, 3
0, 37, 5, 1, 3
0, 37, 5, 1, 3
0, 37, 5, 1, 3
0, 37, 5, 2, 3
0, 37, 5, 2, 3
0, 37, 5, 2, 3
0, 37, 5, 2, 3
0, 37, 5, 2, 3
0, 37, 5, 2, 3
0, 37, 5, 3, 3
0, 37, 5, 3, 3
0, 37, 5, 3, 3
0, 37, 5, 3, 3
0, 37, 5, 3, 3
0, 37, 5, 3, 3
0, 37, 5, 4, 3
0, 37, 5, 4, 3
0, 37, 5, 4, 3
0, 37, 5, 4, 3
0, 37, 5, 4, 3
0, 37, 5, 4, 3
0, 37, 5, 6, 3
0, 37, 5, 6, 3
0, 37, 5, 6, 3
0, 37, 5, 6, 3
0, 37, 5, 6, 3
0, 37, 5, 6, 3
0, 37, 5, 7, 2
0, 37, 6, 0, 3
0, 37, 6, 0, 3
0, 37, 6, 0, 3
0, 37, 6, 0, 3
0, 37, 6, 0, 3
0, 37, 6, 0, 3
0, 37, 6, 1, 3
0, 37, 6, 1, 3
0, 37, 6, 1, 3
0, 37, 6, 1, 3
0, 37, 6, 1, 3
0, 37, 6, 1, 3
0, 37, 6, 2, 3
0, 37, 6, 2, 3
0, 37, 6, 2, 3
0, 37, 6, 2, 3
0, 37, 6, 2, 3
0, 37, 6, 2, 3
0, 37, 6, 3, 3
0, 37, 6, 3, 3
0, 37, 6, 3, 3
0, 37, 6, 3, 3
0, 37, 6, 3, 3
0, 37, 6, 3, 3
0, 37, 6, 4, 3
0, 37, 6, 4, 3
0, 37, 6, 4, 3
0, 37, 6, 4, 3
0, 37, 6, 4, 3
0, 37, 6, 4, 3
0, 37, 6, 5, 3
0, 37, 6, 5, 3
0, 37, 6, 5, 3
0, 37, 6, 5, 3
0, 37, 6, 5, 3
0, 37, 6, 5, 3
0, 37, 6, 7, 2
0, 42, 7, 0, 3
0, 42, 7, 0, 3
0, 42, 7, 0, 3
0, 42, 7, 0, 3
0, 42, 7, 0, 3
0, 42, 7, 0, 3
0, 42, 7, 1, 3
0, 42, 7, 1, 3
0, 42, 7, 1, 3
0, 42, 7, 1, 3
0, 42, 7, 1, 3
0, 42, 7, 1, 3
0, 42, 7, 2, 3
0, 42, 7, 2, 3
0, 42, 7, 2, 3
0, 42, 7, 2, 3
0, 42, 7, 2, 3
0, 42, 7, 2, 3
0, 42, 7, 3, 3
0, 42, 7, 3, 3
0, 42, 7, 3, 3
0, 42, 7, 3, 3
0, 42, 7, 3, 3
0, 42, 7, 3, 3
0, 42, 7, 4, 3
0, 42, 7, 4, 3
0, 42, 7, 4, 3
0, 42, 7, 4, 3
0, 42, 7, 4, 3
0, 42, 7, 4, 3
0, 42, 7, 5, 3
0, 42, 7, 5, 3
0, 42, 7, 5, 3
0, 42, 7, 5, 3
0, 42, 7, 5, 3
0, 42, 7, 5, 3
0, 42, 7, 6, 3
0, 42, 7, 6, 3
0, 42, 7, 6, 3
0, 42, 7, 6, 3
0, 42, 7, 6, 3
0, 42, 7, 6, 3
1, 75, 0, 1, 3
1, 75, 0, 1, 3
1, 75, 0, 1, 3
1, 75, 0, 1, 3
1, 75, 0, 1, 3
1, 75, 0, 1, 3
1, 75, 0, 1, 3
1, 75, 0, 1, 4
1, 75, 0, 1, 4
1, 75, 0, 2, 3
1, 75, 0, 2, 3
1, 75, 0, 2, 3
1, 75, 0, 2, 3
1, 75, 0, 2, 3
1, 75, 0, 2, 3
1, 75, 0, 2, 3
1, 75, 0, 2, 4
1, 75, 0, 2, 4
1, 75, 0, 3, 3
1, 75, 0, 3, 3
1, 75, 0, 3, 3
1, 75, 0, 3, 3
1, 75, 0, 3, 3
1, 75, 0, 3, 3
1, 75, 0, 3, 3
1, 75, 0, 3, 4
1, 75, 0, 3, 4
1, 75, 0, 4, 3
1, 75, 0, 4, 3
1, 75, 0, 4, 3
1, 75, 0, 4, 3
1, 75, 0, 4, 3
1, 75, 0, 4, 3
1, 75, 0, 4, 3
1, 75, 0, 4, 4
1, 75, 0, 4, 4
1, 75, 0, 5, 3
1, 75, 0, 5, 3
1, 75, 0, 5, 3
1, 75, 0, 5, 3
1, 75, 0, 5, 3
1, 75, 0, 5, 3
1, 75, 0, 5, 3
1, 75, 0, 5, 4
1, 75, 0, 5, 4
1, 75, 0, 6, 3
1, 75, 0, 6, 3
1, 75, 0, 6, 3
1, 75, 0, 6, 3
1, 75, 0, 6, 3
1, 75, 0, 6, 3
1, 75, 0, 6, 3
1, 75, 0, 6, 4
1, 75, 0, 6, 4
1, 75, 0, 7, 4
1, 75, 0, 7, 4
1, 75, 0, 7, 4
1, 75, 0, 7, 4
1, 75, 0, 7, 4
1, 75, 0, 7, 4
1, 75, 0, 7, 4
1, 75, 0, 7, 5
1, 75, 0, 7, 5
1, 75, 0, 7, 5
1, 75, 0, 7, 5
1, 75, 0, 7, 5
1, 75, 0, 7, 5
1, 75, 0, 7, 5
1, 75, 0, 7, 5
1, 75, 0, 7, 5
1, 75, 0, 7, 5
1, 75, 0, 7, 5
1, 75, 0, 7, 5
1, 75, 0, 7, 5
1, 75, 0, 7, 5
1, 75, 1, 0, 3
1, 75, 1, 0, 3
1, 75, 1, 0, 3
1, 75, 1, 0, 3
1, 75, 1, 0, 3
1, 75, 1, 0, 3
1, 75, 1, 0, 3
1, 75, 1, 0, 4
1, 75, 1, 0, 4
1, 75, 1, 2, 3
1, 75, 1, 2, 3
1, 75, 1, 2, 3
1, 75, 1, 2, 3
1, 75, 1, 2, 3
1, 75, 1, 2, 3
1, 75, 1, 2, 3
1, 75, 1, 2, 4
1, 75, 1, 2, 4
1, 75, 1, 3, 3
1, 75, 1, 3, 3
1, 75, 1, 3, 3
1, 75, 1, 3, 3
1, 75, 1, 3, 3
1, 75, 1, 3, 3
1, 75, 1, 3, 3
1, 75, 1, 3, 4
1, 75, 1, 3, 4
1, 75, 1, 4, 3
1, 75, 1, 4, 3
1, 75, 1, 4, 3
1, 75, 1, 4, 3
1, 75, 1, 4, 3
1, 75, 1, 4, 3
1, 75, 1, 4, 3
1, 75, 1, 4, 4
1, 75, 1, 4, 4
1, 75, 1, 5, 3
1, 75, 1, 5, 3
1, 75, 1, 5, 3
1, 75, 1, 5, 3
1, 75, 1, 5, 3
1, 75, 1, 5, 3
1, 75, 1, 5, 3
1, 75, 1, 5, 4
1, 75, 1, 5, 4
1, 75, 1, 6, 3
1, 75, 1, 6, 3
1, 75, 1, 6, 3
1, 75, 1, 6, 3
1, 75, 1, 6, 3
1, 75, 1, 6, 3
1, 75, 1, 6, 3
1, 75, 1, 6, 4
1, 75, 1, 6, 4
1, 75, 1, 7, 4
1, 75, 1, 7, 4
1, 75, 1, 7, 4
1, 75, 1, 7, 4
1, 75, 1, 7, 4
1, 75, 1, 7, 4
1, 75, 1, 7, 4
1, 75, 1, 7, 5
1, 75, 1, 7, 5
1, 75, 1, 7, 5
1, 75, 1, 7, 5
1, 75, 1, 7, 5
1, 75, 1, 7, 5
1, 75, 1, 7, 5
1, 75, 1, 7, 5
1, 75, 1, 7, 5
1, 75, 1, 7, 5
1, 75, 1, 7, 5
1, 75, 1, 7, 5
1, 75, 1, 7, 5
1, 75, 1, 7, 5
1, 75, 2, 0, 3
1, 75, 2, 0, 3
1, 75, 2, 0, 3
1, 75, 2, 0, 3
1, 75, 2, 0, 3
1, 75, 2, 0, 3
1, 75, 2, 0, 3
1, 75, 2, 0, 4
1, 75, 2, 0, 4
1, 75, 2, 1, 3
1, 75, 2, 1, 3
1, 75, 2, 1, 3
1, 75, 2, 1, 3
1, 75, 2, 1, 3
1, 75, 2, 1, 3
1, 75, 2, 1, 3
1, 75, 2, 1, 4
1, 75, 2, 1, 4
1, 75, 2, 3, 3
1, 75, 2, 3, 3
1, 75, 2, 3, 3
1, 75, 2, 3, 3
1, 75, 2, 3, 3
1, 75, 2, 3, 3
1, 75, 2, 3, 3
1, 75, 2, 3, 4
1, 75, 2, 3, 4
1, 75, 2, 4, 3
1, 75, 2, 4, 3
1, 75, 2, 4, 3
1, 75, 2, 4, 3
1, 75, 2, 4, 3
1, 75, 2, 4, 3
1, 75, 2, 4, 3
1, 75, 2, 4, 4
1, 75, 2, 4, 4
1, 75, 2, 5, 3
1, 75, 2, 5, 3
1, 75, 2, 5, 3
1, 75, 2, 5, 3
1, 75, 2, 5, 3
1, 75, 2, 5, 3
1, 75, 2, 5, 3
1, 75, 2, 5, 4
1, 75, 2, 5, 4
1, 75, 2, 6, 3
1, 75, 2, 6, 3
1, 75, 2, 6, 3
1, 75, 2, 6, 3
1, 75, 2, 6, 3
1, 75, 2, 6, 3
1, 75, 2, 6, 3
1, 75, 2, 6, 4
1, 75, 2, 6, 4
1, 75, 2, 7, 4
1, 75, 2, 7, 4
1, 75, 2, 7, 4
1, 75, 2, 7, 4
1, 75, 2, 7, 4
1, 75, 2, 7, 4
1, 75, 2, 7, 4
1, 75, 2, 7, 5
1, 75, 2, 7, 5
1, 75, 2, 7, 5
1, 75, 2, 7, 5
1, 75, 2, 7, 5
1, 75, 2, 7, 5
1, 75, 2, 7, 5
1, 75, 2, 7, 5
1, 75, 2, 7, 5
1, 75, 2, 7, 5
1, 75, 2, 7, 5
1, 75, 2, 7, 5
1, 75, 2, 7, 5
1, 75, 2, 7, 5
1, 75, 3, 0, 3
1, 75, 3, 0, 3
1, 75, 3, 0, 3
1, 75, 3, 0, 3
1, 75, 3, 0, 3
1, 75, 3, 0, 3
1, 75, 3, 0, 3
1, 75, 3, 0, 4
1, 75, 3, 0, 4
1, 75, 3, 1, 3
1, 75, 3, 1, 3
1, 75, 3, 1, 3
1, 75, 3, 1, 3
1, 75, 3, 1, 3
1, 75, 3, 1, 3
1, 75, 3, 1, 3
1, 75, 3, 1, 4
1, 75, 3, 1, 4
1, 75, 3, 2, 3
1, 75, 3, 2, 3
1, 75, 3, 2, 3
1, 75, 3, 2, 3
1, 75, 3, 2, 3
1, 75, 3, 2, 3
1, 75, 3, 2, 3
1, 75, 3, 2, 4
1, 75, 3, 2, 4
1, 75, 3, 4, 3
1, 75, 3, 4, 3
1, 75, 3, 4, 3
1, 75, 3, 4, 3
1, 75, 3, 4, 3
1, 75, 3, 4, 3
1, 75, 3, 4, 3
1, 75, 3, 4, 4
1, 75, 3, 4, 4
1, 75, 3, 5, 3
1, 75, 3, 5, 3
1, 75, 3, 5, 3
1, 75, 3, 5, 3
1, 75, 3, 5, 3
1, 75, 3, 5, 3
1, 75, 3, 5, 3
1, 75, 3, 5, 4
1, 75, 3, 5, 4
1, 75, 3, 6, 3
1, 75, 3, 6, 3
1, 75, 3, 6, 3
1, 75, 3, 6, 3
1, 75, 3, 6, 3
1, 75, 3, 6, 3
1, 75, 3, 6, 3
1, 75, 3, 6, 4
1, 75, 3, 6, 4
1, 75, 3, 7, 4
1, 75, 3, 7, 4
1, 75, 3, 7, 4
1, 75, 3, 7, 4
1, 75, 3, 7, 4
1, 75, 3, 7, 4
1, 75, 3, 7, 4
1, 75, 3, 7, 5
1, 75, 3, 7, 5
1, 75, 3, 7, 5
1, 75, 3, 7, 5
1, 75, 3, 7, 5
1, 75, 3, 7, 5
1, 75, 3, 7, 5
1, 75, 3, 7, 5
1, 75, 3, 7, 5
1, 75, 3, 7, 5
1, 75, 3, 7, 5
1, 75, 3, 7, 5
1, 75, 3, 7, 5
1, 75, 3, 7, 5
1, 75, 4, 0, 3
1, 75, 4, 0, 3
1, 75, 4, 0, 3
1, 75, 4, 0, 3
1, 75, 4, 0, 3
1, 75, 4, 0, 3
1, 75, 4, 0, 3
1, 75, 4, 0, 4
1, 75, 4, 0, 4
1, 75, 4, 1, 3
1, 75, 4, 1, 3
1, 75, 4, 1, 3
1, 75, 4, 1, 3
1, 75, 4, 1, 3
1, 75, 4, 1, 3
1, 75, 4, 1, 3
1, 75, 4, 1, 4
1, 75, 4, 1, 4
1, 75, 4, 2, 3
1, 75, 4, 2, 3
1, 75, 4, 2, 3
1, 75, 4, 2, 3
1, 75, 4, 2, 3
1, 75, 4, 2, 3
1, 75, 4, 2, 3
1, 75, 4, 2, 4
1, 75, 4, 2, 4
1, 75, 4, 3, 3
1, 75, 4, 3, 3
1, 75, 4, 3, 3
1, 75, 4, 3, 3
1, 75, 4, 3, 3
1, 75, 4, 3, 3
1, 75, 4, 3, 3
1, 75, 4, 3, 4
1, 75, 4, 3, 4
1, 75, 4, 5, 3
1, 75, 4, 5, 3
1, 75, 4, 5, 3
1, 75, 4, 5, 3
1, 75, 4, 5, 3
1, 75, 4, 5, 3
1, 75, 4, 5, 3
1, 75, 4, 5, 4
1, 75, 4, 5, 4
1, 75, 4, 6, 3
1, 75, 4, 6, 3
1, 75, 4, 6, 3
1, 75, 4, 6, 3
1, 75, 4, 6, 3
1, 75, 4, 6, 3
1, 75, 4, 6, 3
1, 75, 4, 6, 4
1, 75, 4, 6, 4
1, 75, 4, 7, 4
1, 75, 4, 7, 4
1, 75, 4, 7, 4
1, 75, 4, 7, 4
1, 75, 4, 7, 4
1, 75, 4, 7, 4
1, 75, 4, 7, 4
1, 75, 4, 7, 5
1, 75, 4, 7, 5
1, 75, 4, 7, 5
1, 75, 4, 7, 5
1, 75, 4, 7, 5
1, 75, 4, 7, 5
1, 75, 4, 7, 5
1, 75, 4, 7, 5
1, 75, 4, 7, 5
1, 75, 4, 7, 5
1, 75, 4, 7, 5
1, 75, 4, 7, 5
1, 75, 4, 7, 5
1, 75, 4, 7, 5
1, 75, 5, 0, 3
1, 75, 5, 0, 3
1, 75, 5, 0, 3
1, 75, 5, 0, 3
1, 75, 5, 0, 3
1, 75, 5, 0, 3
1, 75, 5, 0, 3
1, 75, 5, 0, 4
1, 75, 5, 0, 4
1, 75, 5, 1, 3
1, 75, 5, 1, 3
1, 75, 5, 1, 3
1, 75, 5, 1, 3
1, 75, 5, 1, 3
1, 75, 5, 1, 3
1, 75, 5, 1, 3
1, 75, 5, 1, 4
1, 75, 5, 1, 4
1, 75, 5, 2, 3
1, 75, 5, 2, 3
1, 75, 5, 2, 3
1, 75, 5, 2, 3
1, 75, 5, 2, 3
1, 75, 5, 2, 3
1, 75, 5, 2, 3
1, 75, 5, 2, 4
1, 75, 5, 2, 4
1, 75, 5, 3, 3
1, 75, 5, 3, 3
1, 75, 5, 3, 3
1, 75, 5, 3, 3
1, 75, 5, 3, 3
1, 75, 5, 3, 3
1, 75, 5, 3, 3
1, 75, 5, 3, 4
1, 75, 5, 3, 4
1, 75, 5, 4, 3
1, 75, 5, 4, 3
1, 75, 5, 4, 3
1, 75, 5, 4, 3
1, 75, 5, 4, 3
1, 75, 5, 4, 3
1, 75, 5, 4, 3
1, 75, 5, 4, 4
1, 75, 5, 4, 4
1, 75, 5, 6, 3
1, 75, 5, 6, 3
1, 75, 5, 6, 3
1, 75, 5, 6, 3
1, 75, 5, 6, 3
1, 75, 5, 6, 3
1, 75, 5, 6, 3
1, 75, 5, 6, 4
1, 75, 5, 6, 4
1, 75, 5, 7, 4
1, 75, 5, 7, 4
1, 75, 5, 7, 4
1, 75, 5, 7, 4
1, 75, 5, 7, 4
1, 75, 5, 7, 4
1, 75, 5, 7, 4
1, 75, 5, 7, 5
1, 75, 5, 7, 5
1, 75, 5, 7, 5
1, 75, 5, 7, 5
1, 75, 5, 7, 5
1, 75, 5, 7, 5
1, 75, 5, 7, 5
1, 75, 5, 7, 5
1, 75, 5, 7, 5
1, 75, 5, 7, 5
1, 75, 5, 7, 5
1, 75, 5, 7, 5
1, 75, 5, 7, 5
1, 75, 5, 7, 5
1, 75, 6, 0, 3
1, 75, 6, 0, 3
1, 75, 6, 0, 3
1, 75, 6, 0, 3
1, 75, 6, 0, 3
1, 75, 6, 0, 3
1, 75, 6, 0, 3
1, 75, 6, 0, 4
1, 75, 6, 0, 4
1, 75, 6, 1, 3
1, 75, 6, 1, 3
1, 75, 6, 1, 3
1, 75, 6, 1, 3
1, 75, 6, 1, 3
1, 75, 6, 1, 3
1, 75, 6, 1, 3
1, 75, 6, 1, 4
1, 75, 6, 1, 4
1, 75, 6, 2, 3
1, 75, 6, 2, 3
1, 75, 6, 2, 3
1, 75, 6, 2, 3
1, 75, 6, 2, 3
1, 75, 6, 2, 3
1, 75, 6, 2, 3
1, 75, 6, 2, 4
1, 75, 6, 2, 4
1, 75, 6, 3, 3
1, 75, 6, 3, 3
1, 75, 6, 3, 3
1, 75, 6, 3, 3
1, 75, 6, 3, 3
1, 75, 6, 3, 3
1, 75, 6, 3, 3
1, 75, 6, 3, 4
1, 75, 6, 3, 4
1, 75, 6, 4, 3
1, 75, 6, 4, 3
1, 75, 6, 4, 3
1, 75, 6, 4, 3
1, 75, 6, 4, 3
1, 75, 6, 4, 3
1, 75, 6, 4, 3
1, 75, 6, 4, 4
1, 75, 6, 4, 4
1, 75, 6, 5, 3
1, 75, 6, 5, 3
1, 75, 6, 5, 3
1, 75, 6, 5, 3
1, 75, 6, 5, 3
1, 75, 6, 5, 3
1, 75, 6, 5, 3
1, 75, 6, 5, 4
1, 75, 6, 5, 4
1, 75, 6, 7, 4
1, 75, 6, 7, 4
1, 75, 6, 7, 4
1, 75, 6, 7, 4
1, 75, 6, 7, 4
1, 75, 6, 7, 4
1, 75, 6, 7, 4
1, 75, 6, 7, 5
1, 75, 6, 7, 5
1, 75, 6, 7, 5
1, 75, 6, 7, 5
1, 75, 6, 7, 5
1, 75, 6, 7, 5
1, 75, 6, 7, 5
1, 75, 6, 7, 5
1, 75, 6, 7, 5
1, 75, 6, 7, 5
1, 75, 6, 7, 5
1, 75, 6, 7, 5
1, 75, 6, 7, 5
1, 75, 6, 7, 5
1, 42, 7, 0, 3
1, 42, 7, 0, 3
1, 42, 7, 0, 3
1, 42, 7, 0, 3
1, 42, 7, 0, 3
1, 42, 7, 0, 3
1, 42, 7, 1, 3
1, 42, 7, 1, 3
1, 42, 7, 1, 3
1, 42, 7, 1, 3
1, 42, 7, 1, 3
1, 42, 7, 1, 3
1, 42, 7, 2, 3
1, 42, 7, 2, 3
1, 42, 7, 2, 3
1, 42, 7, 2, 3
1, 42, 7, 2, 3
1, 42, 7, 2, 3
1, 42, 7, 3, 3
1, 42, 7, 3, 3
1, 42, 7, 3, 3
1, 42, 7, 3, 3
1, 42, 7, 3, 3
1, 42, 7, 3, 3
1, 42, 7, 4, 3
1, 42, 7, 4, 3
1, 42, 7, 4, 3
1, 42, 7, 4, 3
1, 42, 7, 4, 3
1, 42, 7, 4, 3
1, 42, 7, 5, 3
1, 42, 7, 5, 3
1, 42, 7, 5, 3
1, 42, 7, 5, 3
1, 42, 7, 5, 3
1, 42, 7, 5, 3
1, 42, 7, 6, 3
1, 42, 7, 6, 3
1, 42, 7, 6, 3
1, 42, 7, 6, 3
1, 42, 7, 6, 3
1, 42, 7, 6, 3
2, 140, 0, 1, 3
2, 140, 0, 1, 3
2, 140, 0, 1, 3
2, 140, 0, 1, 3
2, 140, 0, 1, 3
2, 140, 0, 1, 3
2, 140, 0, 1, 4
2, 140, 0, 1, 4
2, 140, 0, 1, 4
2, 140, 0, 1, 4
2, 140, 0, 1, 4
2, 140, 0, 1, 4
2, 140, 0, 1, 4
2, 140, 0, 2, 3
2, 140, 0, 2, 3
2, 140, 0, 2, 3
2, 140, 0, 2, 3
2, 140, 0, 2, 3
2, 140, 0, 2, 3
2, 140, 0, 2, 4
2, 140, 0, 2, 4
2, 140, 0, 2, 4
2, 140, 0, 2, 4
2, 140, 0, 2, 4
2, 140, 0, 2, 4
2, 140, 0, 2, 4
2, 140, 0, 3, 3
2, 140, 0, 3, 3
2, 140, 0, 3, 3
2, 140, 0, 3, 3
2, 140, 0, 3, 3
2, 140, 0, 3, 3
2, 140, 0, 3, 4
2, 140, 0, 3, 4
2, 140, 0, 3, 4
2, 140, 0, 3, 4
2, 140, 0, 3, 4
2, 140, 0, 3, 4
2, 140, 0, 3, 4
2, 140, 0, 4, 3
2, 140, 0, 4, 3
2, 140, 0, 4, 3
2, 140, 0, 4, 3
2, 140, 0, 4, 3
2, 140, 0, 4, 3
2, 140, 0, 4, 4
2, 140, 0, 4, 4
2, 140, 0, 4, 4
2, 140, 0, 4, 4
2, 140, 0, 4, 4
2, 140, 0, 4, 4
2, 140, 0, 4, 4
2, 140, 0, 5, 3
2, 140, 0, 5, 3
2, 140, 0, 5, 3
2, 140, 0, 5, 3
2, 140, 0, 5, 3
2, 140, 0, 5, 3
2, 140, 0, 5, 4
2, 140, 0, 5, 4
2, 140, 0, 5, 4
2, 140, 0, 5, 4
2, 140, 0, 5, 4
2, 140, 0, 5, 4
2, 140, 0, 5, 4
2, 140, 0, 6, 3
2, 140, 0, 6, 3
2, 140, 0, 6, 3
2, 140, 0, 6, 3
2, 140, 0, 6, 3
2, 140, 0, 6, 3
2, 140, 0, 6, 4
2, 140, 0, 6, 4
2, 140, 0, 6, 4
2, 140, 0, 6, 4
2, 140, 0, 6, 4
2, 140, 0, 6, 4
2, 140, 0, 6, 4
2, 140, 0, 7, 3
2, 140, 0, 7, 3
2, 140, 0, 7, 3
2, 140, 0, 7, 3
2, 140, 0, 7, 3
2, 140, 0, 7, 3
2, 140, 0, 7, 4
2, 140, 0, 7, 4
2, 140, 0, 7, 4
2, 140, 0, 7, 4
2, 140, 0, 7, 4
2, 140, 0, 7, 4
2, 140, 0, 7, 4
2, 140, 0, 8, 3
2, 140, 0, 8, 3
2, 140, 0, 8, 3
2, 140, 0, 8, 3
2, 140, 0, 8, 3
2, 140, 0, 8, 3
2, 140, 0, 8, 3
2, 140, 0, 8, 3
2, 140, 0, 8, 3
2, 140, 0, 8, 3
2, 140, 0, 8, 3
2, 140, 0, 8, 3
2, 140, 0, 8, 3
2, 140, 0, 8, 3
2, 140, 0, 8, 3
2, 140, 0, 8, 3
2, 140, 0, 8, 3
2, 140, 0, 8, 3
2, 140, 0, 8, 3
2, 140, 0, 8, 3
2, 140, 0, 8, 3
2, 140, 0, 8, 3
2, 140, 0, 8, 3
2, 140, 0, 8, 3
2, 140, 0, 8, 3
2, 140, 0, 8, 3
2, 140, 0, 8, 3
2, 140, 0, 8, 3
2, 140, 0, 8, 3
2, 140, 0, 8, 3
2, 140, 0, 8, 3
2, 140, 0, 8, 3
2, 140, 0, 8, 3
2, 140, 0, 8, 3
2, 140, 0, 8, 3
2, 140, 0, 8, 3
2, 140, 0, 8, 3
2, 140, 0, 8, 3
2, 140, 0, 8, 3
2, 140, 0, 8, 3
2, 140, 0, 8, 3
2, 140, 0, 8, 3
2, 140, 0, 8, 3
2, 140, 0, 8, 3
2, 140, 0, 8, 3
2, 140, 0, 8, 3
2, 140, 0, 8, 3
2, 140, 0, 8, 3
2, 140, 0, 8, 3
2, 164, 1, 0, 3
2, 164, 1, 0, 3
2, 164, 1, 0, 3
2, 164, 1, 0, 3
2, 164, 1, 0, 3
2, 164, 1, 0, 3
2, 164, 1, 0, 3
2, 164, 1, 0, 3
2, 164, 1, 0, 3
2, 164, 1, 0, 3
2, 164, 1, 0, 3
2, 164, 1, 0, 3
2, 164, 1, 0, 3
2, 164, 1, 0, 3
2, 164, 1, 0, 3
2, 164, 1, 0, 3
2, 164, 1, 0, 3
2, 164, 1, 0, 3
2, 164, 1, 0, 3
2, 164, 1, 0, 3
2, 164, 1, 0, 3
2, 164, 1, 0, 3
2, 164, 1, 0, 3
2, 164, 1, 0, 3
2, 164, 1, 0, 3
2, 164, 1, 0, 3
2, 164, 1, 0, 3
2, 164, 1, 0, 3
2, 164, 1, 0, 3
2, 164, 1, 0, 3
2, 164, 1, 0, 3
2, 164, 1, 0, 3
2, 164, 1, 0, 3
2, 164, 1, 0, 3
2, 164, 1, 0, 3
2, 164, 1, 0, 3
2, 164, 1, 0, 3
2, 164, 1, 0, 3
2, 164, 1, 0, 3
2, 164, 1, 0, 3
2, 164, 1, 0, 3
2, 164, 1, 0, 3
2, 164, 1, 2, 2
2, 164, 1, 2, 2
2, 164, 1, 2, 3
2, 164, 1, 2, 3
2, 164, 1, 2, 3
2, 164, 1, 2, 3
2, 164, 1, 2, 3
2, 164, 1, 2, 3
2, 164, 1, 2, 4
2, 164, 1, 2, 4
2, 164, 1, 2, 4
2, 164, 1, 2, 4
2, 164, 1, 2, 4
2, 164, 1, 2, 4
2, 164, 1, 2, 4
2, 164, 1, 2, 4
2, 164, 1, 2, 5
2, 164, 1, 2, 5
2, 164, 1, 3, 2
2, 164, 1, 3, 2
2, 164, 1, 3, 3
2, 164, 1, 3, 3
2, 164, 1, 3, 3
2, 164, 1, 3, 3
2, 164, 1, 3, 3
2, 164, 1, 3, 3
2, 164, 1, 3, 4
2, 164, 1, 3, 4
2, 164, 1, 3, 4
2, 164, 1, 3, 4
2, 164, 1, 3, 4
2, 164, 1, 3, 4
2, 164, 1, 3, 4
2, 164, 1, 3, 4
2, 164, 1, 3, 5
2, 164, 1, 3, 5
2, 164, 1, 4, 2
2, 164, 1, 4, 2
2, 164, 1, 4, 3
2, 164, 1, 4, 3
2, 164, 1, 4, 3
2, 164, 1, 4, 3
2, 164, 1, 4, 3
2, 164, 1, 4, 3
2, 164, 1, 4, 4
2, 164, 1, 4, 4
2, 164, 1, 4, 4
2, 164, 1, 4, 4
2, 164, 1, 4, 4
2, 164, 1, 4, 4
2, 164, 1, 4, 4
2, 164, 1, 4, 4
2, 164, 1, 4, 5
2, 164, 1, 4, 5
2, 164, 1, 5, 2
2, 164, 1, 5, 2
2, 164, 1, 5, 3
2, 164, 1, 5, 3
2, 164, 1, 5, 3
2, 164, 1, 5, 3
2, 164, 1, 5, 3
2, 164, 1, 5, 3
2, 164, 1, 5, 4
2, 164, 1, 5, 4
2, 164, 1, 5, 4
2, 164, 1, 5, 4
2, 164, 1, 5, 4
2, 164, 1, 5, 4
2, 164, 1, 5, 4
2, 164, 1, 5, 4
2, 164, 1, 5, 5
2, 164, 1, 5, 5
2, 164, 1, 6, 2
2, 164, 1, 6, 2
2, 164, 1, 6, 3
2, 164, 1, 6, 3
2, 164, 1, 6, 3
2, 164, 1, 6, 3
2, 164, 1, 6, 3
2, 164, 1, 6, 3
2, 164, 1, 6, 4
2, 164, 1, 6, 4
2, 164, 1, 6, 4
2, 164, 1, 6, 4
2, 164, 1, 6, 4
2, 164, 1, 6, 4
2, 164, 1, 6, 4
2, 164, 1, 6, 4
2, 164, 1, 6, 5
2, 164, 1, 6, 5
2, 164, 1, 7, 2
2, 164, 1, 7, 2
2, 164, 1, 7, 3
2, 164, 1, 7, 3
2, 164, 1, 7, 3
2, 164, 1, 7, 3
2, 164, 1, 7, 3
2, 164, 1, 7, 3
2, 164, 1, 7, 4
2, 164, 1, 7, 4
2, 164, 1, 7, 4
2, 164, 1, 7, 4
2, 164, 1, 7, 4
2, 164, 1, 7, 4
2, 164, 1, 7, 4
2, 164, 1, 7, 4
2, 164, 1, 7, 5
2, 164, 1, 7, 5
2, 164, 1, 8, 3
2, 164, 1, 8, 3
2, 164, 1, 8, 3
2, 164, 1, 8, 3
2, 164, 1, 8, 3
2, 164, 1, 8, 3
2, 164, 1, 8, 3
2, 164, 1, 8, 3
2, 164, 1, 8, 3
2, 164, 1, 8, 3
2, 164, 1, 8, 3
2, 164, 1, 8, 3
2, 164, 1, 8, 3
2, 164, 1, 8, 3
2, 164, 2, 0, 3
2, 164, 2, 0, 3
2, 164, 2, 0, 3
2, 164, 2, 0, 3
2, 164, 2, 0, 3
2, 164, 2, 0, 3
2, 164, 2, 0, 3
2, 164, 2, 0, 3
2, 164, 2, 0, 3
2, 164, 2, 0, 3
2, 164, 2, 0, 3
2, 164, 2, 0, 3
2, 164, 2, 0, 3
2, 164, 2, 0, 3
2, 164, 2, 0, 3
2, 164, 2, 0, 3
2, 164, 2, 0, 3
2, 164, 2, 0, 3
2, 164, 2, 0, 3
2, 164, 2, 0, 3
2, 164, 2, 0, 3
2, 164, 2, 0, 3
2, 164, 2, 0, 3
2, 164, 2, 0, 3
2, 164, 2, 0, 3
2, 164, 2, 0, 3
2, 164, 2, 0, 3
2, 164, 2, 0, 3
2, 164, 2, 0, 3
2, 164, 2, 0, 3
2, 164, 2, 0, 3
2, 164, 2, 0, 3
2, 164, 2, 0, 3
2, 164, 2, 0, 3
2, 164, 2, 0, 3
2, 164, 2, 0, 3
2, 164, 2, 0, 3
2, 164, 2, 0, 3
2, 164, 2, 0, 3
2, 164, 2, 0, 3
2, 164, 2, 0, 3
2, 164, 2, 0, 3
2, 164, 2, 1, 2
2, 164, 2, 1, 2
2, 164, 2, 1, 3
2, 164, 2, 1, 3
2, 164, 2, 1, 3
2, 164, 2, 1, 3
2, 164, 2, 1, 3
2, 164, 2, 1, 3
2, 164, 2, 1, 4
2, 164, 2, 1, 4
2, 164, 2, 1, 4
2, 164, 2, 1, 4
2, 164, 2, 1, 4
2, 164, 2, 1, 4
2, 164, 2, 1, 4
2, 164, 2, 1, 4
2, 164, 2, 1, 5
2, 164, 2, 1, 5
2, 164, 2, 3, 2
2, 164, 2, 3, 2
2, 164, 2, 3, 3
2, 164, 2, 3, 3
2, 164, 2, 3, 3
2, 164, 2, 3, 3
2, 164, 2, 3, 3
2, 164, 2, 3, 3
2, 164, 2, 3, 4
2, 164, 2, 3, 4
2, 164, 2, 3, 4
2, 164, 2, 3, 4
2, 164, 2, 3, 4
2, 164, 2, 3, 4
2, 164, 2, 3, 4
2, 164, 2, 3, 4
2, 164, 2, 3, 5
2, 164, 2, 3, 5
2, 164, 2, 4, 2
2, 164, 2, 4, 2
2, 164, 2, 4, 3
2, 164, 2, 4, 3
2, 164, 2, 4, 3
2, 164, 2, 4, 3
2, 164, 2, 4, 3
2, 164, 2, 4, 3
2, 164, 2, 4, 4
2, 164, 2, 4, 4
2, 164, 2, 4, 4
2, 164, 2, 4, 4
2, 164, 2, 4, 4
2, 164, 2, 4, 4
2, 164, 2, 4, 4
2, 164, 2, 4, 4
2, 164, 2, 4, 5
2, 164, 2, 4, 5
2, 164, 2, 5, 2
2, 164, 2, 5, 2
2, 164, 2, 5, 3
2, 164, 2, 5, 3
2, 164, 2, 5, 3
2, 164, 2, 5, 3
2, 164, 2, 5, 3
2, 164, 2, 5, 3
2, 164, 2, 5, 4
2, 164, 2, 5, 4
2, 164, 2, 5, 4
2, 164, 2, 5, 4
2, 164, 2, 5, 4
2, 164, 2, 5, 4
2, 164, 2, 5, 4
2, 164, 2, 5, 4
2, 164, 2, 5, 5
2, 164, 2, 5, 5
2, 164, 2, 6, 2
2, 164, 2, 6, 2
2, 164, 2, 6, 3
2, 164, 2, 6, 3
2, 164, 2, 6, 3
2, 164, 2, 6, 3
2, 164, 2, 6, 3
2, 164, 2, 6, 3
2, 164, 2, 6, 4
2, 164, 2, 6, 4
2, 164, 2, 6, 4
2, 164, 2, 6, 4
2, 164, 2, 6, 4
2, 164, 2, 6, 4
2, 164, 2, 6, 4
2, 164, 2, 6, 4
2, 164, 2, 6, 5
2, 164, 2, 6, 5
2, 164, 2, 7, 2
2, 164, 2, 7, 2
2, 164, 2, 7, 3
2, 164, 2, 7, 3
2, 164, 2, 7, 3
2, 164, 2, 7, 3
2, 164, 2, 7, 3
2, 164, 2, 7, 3
2, 164, 2, 7, 4
2, 164, 2, 7, 4
2, 164, 2, 7, 4
2, 164, 2, 7, 4
2, 164, 2, 7, 4
2, 164, 2, 7, 4
2, 164, 2, 7, 4
2, 164, 2, 7, 4
2, 164, 2, 7, 5
2, 164, 2, 7, 5
2, 164, 2, 8, 3
2, 164, 2, 8, 3
2, 164, 2, 8, 3
2, 164, 2, 8, 3
2, 164, 2, 8, 3
2, 164, 2, 8, 3
2, 164, 2, 8, 3
2, 164, 2, 8, 3
2, 164, 2, 8, 3
2, 164, 2, 8, 3
2, 164, 2, 8, 3
2, 164, 2, 8, 3
2, 164, 2, 8, 3
2, 164, 2, 8, 3
2, 164, 3, 0, 3
2, 164, 3, 0, 3
2, 164, 3, 0, 3
2, 164, 3, 0, 3
2, 164, 3, 0, 3
2, 164, 3, 0, 3
2, 164, 3, 0, 3
2, 164, 3, 0, 3
2, 164, 3, 0, 3
2, 164, 3, 0, 3
2, 164, 3, 0, 3
2, 164, 3, 0, 3
2, 164, 3, 0, 3
2, 164, 3, 0, 3
2, 164, 3, 0, 3
2, 164, 3, 0, 3
2, 164, 3, 0, 3
2, 164, 3, 0, 3
2, 164, 3, 0, 3
2, 164, 3, 0, 3
2, 164, 3, 0, 3
2, 164, 3, 0, 3
2, 164, 3, 0, 3
2, 164, 3, 0, 3
2, 164, 3, 0, 3
2, 164, 3, 0, 3
2, 164, 3, 0, 3
2, 164, 3, 0, 3
2, 164, 3, 0, 3
2, 164, 3, 0, 3
2, 164, 3, 0, 3
2, 164, 3, 0, 3
2, 164, 3, 0, 3
2, 164, 3, 0, 3
2, 164, 3, 0, 3
2, 164, 3, 0, 3
2, 164, 3, 0, 3
2, 164, 3, 0, 3
2, 164, 3, 0, 3
2, 164, 3, 0, 3
2, 164, 3, 0, 3
2, 164, 3, 0, 3
2, 164, 3, 1, 2
2, 164, 3, 1, 2
2, 164, 3, 1, 3
2, 164, 3, 1, 3
2, 164, 3, 1, 3
2, 164, 3, 1, 3
2, 164, 3, 1, 3
2, 164, 3, 1, 3
2, 164, 3, 1, 4
2, 164, 3, 1, 4
2, 164, 3, 1, 4
2, 164, 3, 1, 4
2, 164, 3, 1, 4
2, 164, 3, 1, 4
2, 164, 3, 1, 4
2, 164, 3, 1, 4
2, 164, 3, 1, 5
2, 164, 3, 1, 5
2, 164, 3, 2, 2
2, 164, 3, 2, 2
2, 164, 3, 2, 3
2, 164, 3, 2, 3
2, 164, 3, 2, 3
2, 164, 3, 2, 3
2, 164, 3, 2, 3
2, 164, 3, 2, 3
2, 164, 3, 2, 4
2, 164, 3, 2, 4
2, 164, 3, 2, 4
2, 164, 3, 2, 4
2, 164, 3, 2, 4
2, 164, 3, 2, 4
2, 164, 3, 2, 4
2, 164, 3, 2, 4
2, 164, 3, 2, 5
2, 164, 3, 2, 5
2, 164, 3, 4, 2
2, 164, 3, 4, 2
2, 164, 3, 4, 3
2, 164, 3, 4, 3
2, 164, 3, 4, 3
2, 164, 3, 4, 3
2, 164, 3, 4, 3
2, 164, 3, 4, 3
2, 164, 3, 4, 4
2, 164, 3, 4, 4
2, 164, 3, 4, 4
2, 164, 3, 4, 4
2, 164, 3, 4, 4
2, 164, 3, 4, 4
2, 164, 3, 4, 4
2, 164, 3, 4, 4
2, 164, 3, 4, 5
2, 164, 3, 4, 5
2, 164, 3, 5, 2
2, 164, 3, 5, 2
2, 164, 3, 5, 3
2, 164, 3, 5, 3
2, 164, 3, 5, 3
2, 164, 3, 5, 3
2, 164, 3, 5, 3
2, 164, 3, 5, 3
2, 164, 3, 5, 4
2, 164, 3, 5, 4
2, 164, 3, 5, 4
2, 164, 3, 5, 4
2, 164, 3, 5, 4
2, 164, 3, 5, 4
2, 164, 3, 5, 4
2, 164, 3, 5, 4
2, 164, 3, 5, 5
2, 164, 3, 5, 5
2, 164, 3, 6, 2
2, 164, 3, 6, 2
2, 164, 3, 6, 3
2, 164, 3, 6, 3
2, 164, 3, 6, 3
2, 164, 3, 6, 3
2, 164, 3, 6, 3
2, 164, 3, 6, 3
2, 164, 3, 6, 4
2, 164, 3, 6, 4
2, 164, 3, 6, 4
2, 164, 3, 6, 4
2, 164, 3, 6, 4
2, 164, 3, 6, 4
2, 164, 3, 6, 4
2, 164, 3, 6, 4
2, 164, 3, 6, 5
2, 164, 3, 6, 5
2, 164, 3, 7, 2
2, 164, 3, 7, 2
2, 164, 3, 7, 3
2, 164, 3, 7, 3
2, 164, 3, 7, 3
2, 164, 3, 7, 3
2, 164, 3, 7, 3
2, 164, 3, 7, 3
2, 164, 3, 7, 4
2, 164, 3, 7, 4
2, 164, 3, 7, 4
2, 164, 3, 7, 4
2, 164, 3, 7, 4
2, 164, 3, 7, 4
2, 164, 3, 7, 4
2, 164, 3, 7, 4
2, 164, 3, 7, 5
2, 164, 3, 7, 5
2, 164, 3, 8, 3
2, 164, 3, 8, 3
2, 164, 3, 8, 3
2, 164, 3, 8, 3
2, 164, 3, 8, 3
2, 164, 3, 8, 3
2, 164, 3, 8, 3
2, 164, 3, 8, 3
2, 164, 3, 8, 3
2, 164, 3, 8, 3
2, 164, 3, 8, 3
2, 164, 3, 8, 3
2, 164, 3, 8, 3
2, 164, 3, 8, 3
2, 164, 4, 0, 3
2, 164, 4, 0, 3
2, 164, 4, 0, 3
2, 164, 4, 0, 3
2, 164, 4, 0, 3
2, 164, 4, 0, 3
2, 164, 4, 0, 3
2, 164, 4, 0, 3
2, 164, 4, 0, 3
2, 164, 4, 0, 3
2, 164, 4, 0, 3
2, 164, 4, 0, 3
2, 164, 4, 0, 3
2, 164, 4, 0, 3
2, 164, 4, 0, 3
2, 164, 4, 0, 3
2, 164, 4, 0, 3
2, 164, 4, 0, 3
2, 164, 4, 0, 3
2, 164, 4, 0, 3
2, 164, 4, 0, 3
2, 164, 4, 0, 3
2, 164, 4, 0, 3
2, 164, 4, 0, 3
2, 164, 4, 0, 3
2, 164, 4, 0, 3
2, 164, 4, 0, 3
2, 164, 4, 0, 3
2, 164, 4, 0, 3
2, 164, 4, 0, 3
2, 164, 4, 0, 3
2, 164, 4, 0, 3
2, 164, 4, 0, 3
2, 164, 4, 0, 3
2, 164, 4, 0, 3
2, 164, 4, 0, 3
2, 164, 4, 0, 3
2, 164, 4, 0, 3
2, 164, 4, 0, 3
2, 164, 4, 0, 3
2, 164, 4, 0, 3
2, 164, 4, 0, 3
2, 164, 4, 1, 2
2, 164, 4, 1, 2
2, 164, 4, 1, 3
2, 164, 4, 1, 3
2, 164, 4, 1, 3
2, 164, 4, 1, 3
2, 164, 4, 1, 3
2, 164, 4, 1, 3
2, 164, 4, 1, 4
2, 164, 4, 1, 4
2, 164, 4, 1, 4
2, 164, 4, 1, 4
2, 164, 4, 1, 4
2, 164, 4, 1, 4
2, 164, 4, 1, 4
2, 164, 4, 1, 4
2, 164, 4, 1, 5
2, 164, 4, 1, 5
2, 164, 4, 2, 2
2, 164, 4, 2, 2
2, 164, 4, 2, 3
2, 164, 4, 2, 3
2, 164, 4, 2, 3
2, 164, 4, 2, 3
2, 164, 4, 2, 3
2, 164, 4, 2, 3
2, 164, 4, 2, 4
2, 164, 4, 2, 4
2, 164, 4, 2, 4
2, 164, 4, 2, 4
2, 164, 4, 2, 4
2, 164, 4, 2, 4
2, 164, 4, 2, 4
2, 164, 4, 2, 4
2, 164, 4, 2, 5
2, 164, 4, 2, 5
2, 164, 4, 3, 2
2, 164, 4, 3, 2
2, 164, 4, 3, 3
2, 164, 4, 3, 3
2, 164, 4, 3, 3
2, 164, 4, 3, 3
2, 164, 4, 3, 3
2, 164, 4, 3, 3
2, 164, 4, 3, 4
2, 164, 4, 3, 4
2, 164, 4, 3, 4
2, 164, 4, 3, 4
2, 164, 4, 3, 4
2, 164, 4, 3, 4
2, 164, 4, 3, 4
2, 164, 4, 3, 4
2, 164, 4, 3, 5
2, 164, 4, 3, 5
2, 164, 4, 5, 2
2, 164, 4, 5, 2
2, 164, 4, 5, 3
2, 164, 4, 5, 3
2, 164, 4, 5, 3
2, 164, 4, 5, 3
2, 164, 4, 5, 3
2, 164, 4, 5, 3
2, 164, 4, 5, 4
2, 164, 4, 5, 4
2, 164, 4, 5, 4
2, 164, 4, 5, 4
2, 164, 4, 5, 4
2, 164, 4, 5, 4
2, 164, 4, 5, 4
2, 164, 4, 5, 4
2, 164, 4, 5, 5
2, 164, 4, 5, 5
2, 164, 4, 6, 2
2, 164, 4, 6, 2
2, 164, 4, 6, 3
2, 164, 4, 6, 3
2, 164, 4, 6, 3
2, 164, 4, 6, 3
2, 164, 4, 6, 3
2, 164, 4, 6, 3
2, 164, 4, 6, 4
2, 164, 4, 6, 4
2, 164, 4, 6, 4
2, 164, 4, 6, 4
2, 164, 4, 6, 4
2, 164, 4, 6, 4
2, 164, 4, 6, 4
2, 164, 4, 6, 4
2, 164, 4, 6, 5
2, 164, 4, 6, 5
2, 164, 4, 7, 2
2, 164, 4, 7, 2
2, 164, 4, 7, 3
2, 164, 4, 7, 3
2, 164, 4, 7, 3
2, 164, 4, 7, 3
2, 164, 4, 7, 3
2, 164, 4, 7, 3
2, 164, 4, 7, 4
2, 164, 4, 7, 4
2, 164, 4, 7, 4
2, 164, 4, 7, 4
2, 164, 4, 7, 4
2, 164, 4, 7, 4
2, 164, 4, 7, 4
2, 164, 4, 7, 4
2, 164, 4, 7, 5
2, 164, 4, 7, 5
2, 164, 4, 8, 3
2, 164, 4, 8, 3
2, 164, 4, 8, 3
2, 164, 4, 8, 3
2, 164, 4, 8, 3
2, 164, 4, 8, 3
2, 164, 4, 8, 3
2, 164, 4, 8, 3
2, 164, 4, 8, 3
2, 164, 4, 8, 3
2, 164, 4, 8, 3
2, 164, 4, 8, 3
2, 164, 4, 8, 3
2, 164, 4, 8, 3
2, 164, 5, 0, 3
2, 164, 5, 0, 3
2, 164, 5, 0, 3
2, 164, 5, 0, 3
2, 164, 5, 0, 3
2, 164, 5, 0, 3
2, 164, 5, 0, 3
2, 164, 5, 0, 3
2, 164, 5, 0, 3
2, 164, 5, 0, 3
2, 164, 5, 0, 3
2, 164, 5, 0, 3
2, 164, 5, 0, 3
2, 164, 5, 0, 3
2, 164, 5, 0, 3
2, 164, 5, 0, 3
2, 164, 5, 0, 3
2, 164, 5, 0, 3
2, 164, 5, 0, 3
2, 164, 5, 0, 3
2, 164, 5, 0, 3
2, 164, 5, 0, 3
2, 164, 5, 0, 3
2, 164, 5, 0, 3
2, 164, 5, 0, 3
2, 164, 5, 0, 3
2, 164, 5, 0, 3
2, 164, 5, 0, 3
2, 164, 5, 0, 3
2, 164, 5, 0, 3
2, 164, 5, 0, 3
2, 164, 5, 0, 3
2, 164, 5, 0, 3
2, 164, 5, 0, 3
2, 164, 5, 0, 3
2, 164, 5, 0, 3
2, 164, 5, 0, 3
2, 164, 5, 0, 3
2, 164, 5, 0, 3
2, 164, 5, 0, 3
2, 164, 5, 0, 3
2, 164, 5, 0, 3
2, 164, 5, 1, 2
2, 164, 5, 1, 2
2, 164, 5, 1, 3
2, 164, 5, 1, 3
2, 164, 5, 1, 3
2, 164, 5, 1, 3
2, 164, 5, 1, 3
2, 164, 5, 1, 3
2, 164, 5, 1, 4
2, 164, 5, 1, 4
2, 164, 5, 1, 4
2, 164, 5, 1, 4
2, 164, 5, 1, 4
2, 164, 5, 1, 4
2, 164, 5, 1, 4
2, 164, 5, 1, 4
2, 164, 5, 1, 5
2, 164, 5, 1, 5
2, 164, 5, 2, 2
2, 164, 5, 2, 2
2, 164, 5, 2, 3
2, 164, 5, 2, 3
2, 164, 5, 2, 3
2, 164, 5, 2, 3
2, 164, 5, 2, 3
2, 164, 5, 2, 3
2, 164, 5, 2, 4
2, 164, 5, 2, 4
2, 164, 5, 2, 4
2, 164, 5, 2, 4
2, 164, 5, 2, 4
2, 164, 5, 2, 4
2, 164, 5, 2, 4
2, 164, 5, 2, 4
2, 164, 5, 2, 5
2, 164, 5, 2, 5
2, 164, 5, 3, 2
2, 164, 5, 3, 2
2, 164, 5, 3, 3
2, 164, 5, 3, 3
2, 164, 5, 3, 3
2, 164, 5, 3, 3
2, 164, 5, 3, 3
2, 164, 5, 3, 3
2, 164, 5, 3, 4
2, 164, 5, 3, 4
2, 164, 5, 3, 4
2, 164, 5, 3, 4
2, 164, 5, 3, 4
2, 164, 5, 3, 4
2, 164, 5, 3, 4
2, 164, 5, 3, 4
2, 164, 5, 3, 5
2, 164, 5, 3, 5
2, 164, 5, 4, 2
2, 164, 5, 4, 2
2, 164, 5, 4, 3
2, 164, 5, 4, 3
2, 164, 5, 4, 3
2, 164, 5, 4, 3
2, 164, 5, 4, 3
2, 164, 5, 4, 3
2, 164, 5, 4, 4
2, 164, 5, 4, 4
2, 164, 5, 4, 4
2, 164, 5, 4, 4
2, 164, 5, 4, 4
2, 164, 5, 4, 4
2, 164, 5, 4, 4
2, 164, 5, 4, 4
2, 164, 5, 4, 5
2, 164, 5, 4, 5
2, 164, 5, 6, 2
2, 164, 5, 6, 2
2, 164, 5, 6, 3
2, 164, 5, 6, 3
2, 164, 5, 6, 3
2, 164, 5, 6, 3
2, 164, 5, 6, 3
2, 164, 5, 6, 3
2, 164, 5, 6, 4
2, 164, 5, 6, 4
2, 164, 5, 6, 4
2, 164, 5, 6, 4
2, 164, 5, 6, 4
2, 164, 5, 6, 4
2, 164, 5, 6, 4
2, 164, 5, 6, 4
2, 164, 5, 6, 5
2, 164, 5, 6, 5
2, 164, 5, 7, 2
2, 164, 5, 7, 2
2, 164, 5, 7, 3
2, 164, 5, 7, 3
2, 164, 5, 7, 3
2, 164, 5, 7, 3
2, 164, 5, 7, 3
2, 164, 5, 7, 3
2, 164, 5, 7, 4
2, 164, 5, 7, 4
2, 164, 5, 7, 4
2, 164, 5, 7, 4
2, 164, 5, 7, 4
2, 164, 5, 7, 4
2, 164, 5, 7, 4
2, 164, 5, 7, 4
2, 164, 5, 7, 5
2, 164, 5, 7, 5
2, 164, 5, 8, 3
2, 164, 5, 8, 3
2, 164, 5, 8, 3
2, 164, 5, 8, 3
2, 164, 5, 8, 3
2, 164, 5, 8, 3
2, 164, 5, 8, 3
2, 164, 5, 8, 3
2, 164, 5, 8, 3
2, 164, 5, 8, 3
2, 164, 5, 8, 3
2, 164, 5, 8, 3
2, 164, 5, 8, 3
2, 164, 5, 8, 3
2, 164, 6, 0, 3
2, 164, 6, 0, 3
2, 164, 6, 0, 3
2, 164, 6, 0, 3
2, 164, 6, 0, 3
2, 164, 6, 0, 3
2, 164, 6, 0, 3
2, 164, 6, 0, 3
2, 164, 6, 0, 3
2, 164, 6, 0, 3
2, 164, 6, 0, 3
2, 164, 6, 0, 3
2, 164, 6, 0, 3
2, 164, 6, 0, 3
2, 164, 6, 0, 3
2, 164, 6, 0, 3
2, 164, 6, 0, 3
2, 164, 6, 0, 3
2, 164, 6, 0, 3
2, 164, 6, 0, 3
2, 164, 6, 0, 3
2, 164, 6, 0, 3
2, 164, 6, 0, 3
2, 164, 6, 0, 3
2, 164, 6, 0, 3
2, 164, 6, 0, 3
2, 164, 6, 0, 3
2, 164, 6, 0, 3
2, 164, 6, 0, 3
2, 164, 6, 0, 3
2, 164, 6, 0, 3
2, 164, 6, 0, 3
2, 164, 6, 0, 3
2, 164, 6, 0, 3
2, 164, 6, 0, 3
2, 164, 6, 0, 3
2, 164, 6, 0, 3
2, 164, 6, 0, 3
2, 164, 6, 0, 3
2, 164, 6, 0, 3
2, 164, 6, 0, 3
2, 164, 6, 0, 3
2, 164, 6, 1, 2
2, 164, 6, 1, 2
2, 164, 6, 1, 3
2, 164, 6, 1, 3
2, 164, 6, 1, 3
2, 164, 6, 1, 3
2, 164, 6, 1, 3
2, 164, 6, 1, 3
2, 164, 6, 1, 4
2, 164, 6, 1, 4
2, 164, 6, 1, 4
2, 164, 6, 1, 4
2, 164, 6, 1, 4
2, 164, 6, 1, 4
2, 164, 6, 1, 4
2, 164, 6, 1, 4
2, 164, 6, 1, 5
2, 164, 6, 1, 5
2, 164, 6, 2, 2
2, 164, 6, 2, 2
2, 164, 6, 2, 3
2, 164, 6, 2, 3
2, 164, 6, 2, 3
2, 164, 6, 2, 3
2, 164, 6, 2, 3
2, 164, 6, 2, 3
2, 164, 6, 2, 4
2, 164, 6, 2, 4
2, 164, 6, 2, 4
2, 164, 6, 2, 4
2, 164, 6, 2, 4
2, 164, 6, 2, 4
2, 164, 6, 2, 4
2, 164, 6, 2, 4
2, 164, 6, 2, 5
2, 164, 6, 2, 5
2, 164, 6, 3, 2
2, 164, 6, 3, 2
2, 164, 6, 3, 3
2, 164, 6, 3, 3
2, 164, 6, 3, 3
2, 164, 6, 3, 3
2, 164, 6, 3, 3
2, 164, 6, 3, 3
2, 164, 6, 3, 4
2, 164, 6, 3, 4
2, 164, 6, 3, 4
2, 164, 6, 3, 4
2, 164, 6, 3, 4
2, 164, 6, 3, 4
2, 164, 6, 3, 4
2, 164, 6, 3, 4
2, 164, 6, 3, 5
2, 164, 6, 3, 5
2, 164, 6, 4, 2
2, 164, 6, 4, 2
2, 164, 6, 4, 3
2, 164, 6, 4, 3
2, 164, 6, 4, 3
2, 164, 6, 4, 3
2, 164, 6, 4, 3
2, 164, 6, 4, 3
2, 164, 6, 4, 4
2, 164, 6, 4, 4
2, 164, 6, 4, 4
2, 164, 6, 4, 4
2, 164, 6, 4, 4
2, 164, 6, 4, 4
2, 164, 6, 4, 4
2, 164, 6, 4, 4
2, 164, 6, 4, 5
2, 164, 6, 4, 5
2, 164, 6, 5, 2
2, 164, 6, 5, 2
2, 164, 6, 5, 3
2, 164, 6, 5, 3
2, 164, 6, 5, 3
2, 164, 6, 5, 3
2, 164, 6, 5, 3
2, 164, 6, 5, 3
2, 164, 6, 5, 4
2, 164, 6, 5, 4
2, 164, 6, 5, 4
2, 164, 6, 5, 4
2, 164, 6, 5, 4
2, 164, 6, 5, 4
2, 164, 6, 5, 4
2, 164, 6, 5, 4
2, 164, 6, 5, 5
2, 164, 6, 5, 5
2, 164, 6, 7, 2
2, 164, 6, 7, 2
2, 164, 6, 7, 3
2, 164, 6, 7, 3
2, 164, 6, 7, 3
2, 164, 6, 7, 3
2, 164, 6, 7, 3
2, 164, 6, 7, 3
2, 164, 6, 7, 4
2, 164, 6, 7, 4
2, 164, 6, 7, 4
2, 164, 6, 7, 4
2, 164, 6, 7, 4
2, 164, 6, 7, 4
2, 164, 6, 7, 4
2, 164, 6, 7, 4
2, 164, 6, 7, 5
2, 164, 6, 7, 5
2, 164, 6, 8, 3
2, 164, 6, 8, 3
2, 164, 6, 8, 3
2, 164, 6, 8, 3
2, 164, 6, 8, 3
2, 164, 6, 8, 3
2, 164, 6, 8, 3
2, 164, 6, 8, 3
2, 164, 6, 8, 3
2, 164, 6, 8, 3
2, 164, 6, 8, 3
2, 164, 6, 8, 3
2, 164, 6, 8, 3
2, 164, 6, 8, 3
2, 164, 7, 0, 3
2, 164, 7, 0, 3
2, 164, 7, 0, 3
2, 164, 7, 0, 3
2, 164, 7, 0, 3
2, 164, 7, 0, 3
2, 164, 7, 0, 3
2, 164, 7, 0, 3
2, 164, 7, 0, 3
2, 164, 7, 0, 3
2, 164, 7, 0, 3
2, 164, 7, 0, 3
2, 164, 7, 0, 3
2, 164, 7, 0, 3
2, 164, 7, 0, 3
2, 164, 7, 0, 3
2, 164, 7, 0, 3
2, 164, 7, 0, 3
2, 164, 7, 0, 3
2, 164, 7, 0, 3
2, 164, 7, 0, 3
2, 164, 7, 0, 3
2, 164, 7, 0, 3
2, 164, 7, 0, 3
2, 164, 7, 0, 3
2, 164, 7, 0, 3
2, 164, 7, 0, 3
2, 164, 7, 0, 3
2, 164, 7, 0, 3
2, 164, 7, 0, 3
2, 164, 7, 0, 3
2, 164, 7, 0, 3
2, 164, 7, 0, 3
2, 164, 7, 0, 3
2, 164, 7, 0, 3
2, 164, 7, 0, 3
2, 164, 7, 0, 3
2, 164, 7, 0, 3
2, 164, 7, 0, 3
2, 164, 7, 0, 3
2, 164, 7, 0, 3
2, 164, 7, 0, 3
2, 164, 7, 1, 2
2, 164, 7, 1, 2
2, 164, 7, 1, 3
2, 164, 7, 1, 3
2, 164, 7, 1, 3
2, 164, 7, 1, 3
2, 164, 7, 1, 3
2, 164, 7, 1, 3
2, 164, 7, 1, 4
2, 164, 7, 1, 4
2, 164, 7, 1, 4
2, 164, 7, 1, 4
2, 164, 7, 1, 4
2, 164, 7, 1, 4
2, 164, 7, 1, 4
2, 164, 7, 1, 4
2, 164, 7, 1, 5
2, 164, 7, 1, 5
2, 164, 7, 2, 2
2, 164, 7, 2, 2
2, 164, 7, 2, 3
2, 164, 7, 2, 3
2, 164, 7, 2, 3
2, 164, 7, 2, 3
2, 164, 7, 2, 3
2, 164, 7, 2, 3
2, 164, 7, 2, 4
2, 164, 7, 2, 4
2, 164, 7, 2, 4
2, 164, 7, 2, 4
2, 164, 7, 2, 4
2, 164, 7, 2, 4
2, 164, 7, 2, 4
2, 164, 7, 2, 4
2, 164, 7, 2, 5
2, 164, 7, 2, 5
2, 164, 7, 3, 2
2, 164, 7, 3, 2
2, 164, 7, 3, 3
2, 164, 7, 3, 3
2, 164, 7, 3, 3
2, 164, 7, 3, 3
2, 164, 7, 3, 3
2, 164, 7, 3, 3
2, 164, 7, 3, 4
2, 164, 7, 3, 4
2, 164, 7, 3, 4
2, 164, 7, 3, 4
2, 164, 7, 3, 4
2, 164, 7, 3, 4
2, 164, 7, 3, 4
2, 164, 7, 3, 4
2, 164, 7, 3, 5
2, 164, 7, 3, 5
2, 164, 7, 4, 2
2, 164, 7, 4, 2
2, 164, 7, 4, 3
2, 164, 7, 4, 3
2, 164, 7, 4, 3
2, 164, 7, 4, 3
2, 164, 7, 4, 3
2, 164, 7, 4, 3
2, 164, 7, 4, 4
2, 164, 7, 4, 4
2, 164, 7, 4, 4
2, 164, 7, 4, 4
2, 164, 7, 4, 4
2, 164, 7, 4, 4
2, 164, 7, 4, 4
2, 164, 7, 4, 4
2, 164, 7, 4, 5
2, 164, 7, 4, 5
2, 164, 7, 5, 2
2, 164, 7, 5, 2
2, 164, 7, 5, 3
2, 164, 7, 5, 3
2, 164, 7, 5, 3
2, 164, 7, 5, 3
2, 164, 7, 5, 3
2, 164, 7, 5, 3
2, 164, 7, 5, 4
2, 164, 7, 5, 4
2, 164, 7, 5, 4
2, 164, 7, 5, 4
2, 164, 7, 5, 4
2, 164, 7, 5, 4
2, 164, 7, 5, 4
2, 164, 7, 5, 4
2, 164, 7, 5, 5
2, 164, 7, 5, 5
2, 164, 7, 6, 2
2, 164, 7, 6, 2
2, 164, 7, 6, 3
2, 164, 7, 6, 3
2, 164, 7, 6, 3
2, 164, 7, 6, 3
2, 164, 7, 6, 3
2, 164, 7, 6, 3
2, 164, 7, 6, 4
2, 164, 7, 6, 4
2, 164, 7, 6, 4
2, 164, 7, 6, 4
2, 164, 7, 6, 4
2, 164, 7, 6, 4
2, 164, 7, 6, 4
2, 164, 7, 6, 4
2, 164, 7, 6, 5
2, 164, 7, 6, 5
2, 164, 7, 8, 3
2, 164, 7, 8, 3
2, 164, 7, 8, 3
2, 164, 7, 8, 3
2, 164, 7, 8, 3
2, 164, 7, 8, 3
2, 164, 7, 8, 3
2, 164, 7, 8, 3
2, 164, 7, 8, 3
2, 164, 7, 8, 3
2, 164, 7, 8, 3
2, 164, 7, 8, 3
2, 164, 7, 8, 3
2, 164, 7, 8, 3
2, 133, 8, 0, 3
2, 133, 8, 0, 3
2, 133, 8, 0, 3
2, 133, 8, 0, 3
2, 133, 8, 0, 3
2, 133, 8, 0, 3
2, 133, 8, 0, 3
2, 133, 8, 0, 3
2, 133, 8, 0, 3
2, 133, 8, 0, 3
2, 133, 8, 0, 3
2, 133, 8, 0, 3
2, 133, 8, 0, 3
2, 133, 8, 0, 3
2, 133, 8, 0, 3
2, 133, 8, 0, 3
2, 133, 8, 0, 3
2, 133, 8, 0, 3
2, 133, 8, 0, 3
2, 133, 8, 0, 3
2, 133, 8, 0, 3
2, 133, 8, 0, 3
2, 133, 8, 0, 3
2, 133, 8, 0, 3
2, 133, 8, 0, 3
2, 133, 8, 0, 3
2, 133, 8, 0, 3
2, 133, 8, 0, 3
2, 133, 8, 0, 3
2, 133, 8, 0, 3
2, 133, 8, 0, 3
2, 133, 8, 0, 3
2, 133, 8, 0, 3
2, 133, 8, 0, 3
2, 133, 8, 0, 3
2, 133, 8, 0, 3
2, 133, 8, 0, 3
2, 133, 8, 0, 3
2, 133, 8, 0, 3
2, 133, 8, 0, 3
2, 133, 8, 0, 3
2, 133, 8, 0, 3
2, 133, 8, 1, 3
2, 133, 8, 1, 3
2, 133, 8, 1, 3
2, 133, 8, 1, 3
2, 133, 8, 1, 3
2, 133, 8, 1, 3
2, 133, 8, 1, 4
2, 133, 8, 1, 4
2, 133, 8, 1, 4
2, 133, 8, 1, 4
2, 133, 8, 1, 4
2, 133, 8, 1, 4
2, 133, 8, 1, 4
2, 133, 8, 2, 3
2, 133, 8, 2, 3
2, 133, 8, 2, 3
2, 133, 8, 2, 3
2, 133, 8, 2, 3
2, 133, 8, 2, 3
2, 133, 8, 2, 4
2, 133, 8, 2, 4
2, 133, 8, 2, 4
2, 133, 8, 2, 4
2, 133, 8, 2, 4
2, 133, 8, 2, 4
2, 133, 8, 2, 4
2, 133, 8, 3, 3
2, 133, 8, 3, 3
2, 133, 8, 3, 3
2, 133, 8, 3, 3
2, 133, 8, 3, 3
2, 133, 8, 3, 3
2, 133, 8, 3, 4
2, 133, 8, 3, 4
2, 133, 8, 3, 4
2, 133, 8, 3, 4
2, 133, 8, 3, 4
2, 133, 8, 3, 4
2, 133, 8, 3, 4
2, 133, 8, 4, 3
2, 133, 8, 4, 3
2, 133, 8, 4, 3
2, 133, 8, 4, 3
2, 133, 8, 4, 3
2, 133, 8, 4, 3
2, 133, 8, 4, 4
2, 133, 8, 4, 4
2, 133, 8, 4, 4
2, 133, 8, 4, 4
2, 133, 8, 4, 4
2, 133, 8, 4, 4
2, 133, 8, 4, 4
2, 133, 8, 5, 3
2, 133, 8, 5, 3
2, 133, 8, 5, 3
2, 133, 8, 5, 3
2, 133, 8, 5, 3
2, 133, 8, 5, 3
2, 133, 8, 5, 4
2, 133, 8, 5, 4
2, 133, 8, 5, 4
2, 133, 8, 5, 4
2, 133, 8, 5, 4
2, 133, 8, 5, 4
2, 133, 8, 5, 4
2, 133, 8, 6, 3
2, 133, 8, 6, 3
2, 133, 8, 6, 3
2, 133, 8, 6, 3
2, 133, 8, 6, 3
2, 133, 8, 6, 3
2, 133, 8, 6, 4
2, 133, 8, 6, 4
2, 133, 8, 6, 4
2, 133, 8, 6, 4
2, 133, 8, 6, 4
2, 133, 8, 6, 4
2, 133, 8, 6, 4
2, 133, 8, 7, 3
2, 133, 8, 7, 3
2, 133, 8, 7, 3
2, 133, 8, 7, 3
2, 133, 8, 7, 3
2, 133, 8, 7, 3
2, 133, 8, 7, 4
2, 133, 8, 7, 4
2, 133, 8, 7, 4
2, 133, 8, 7, 4
2, 133, 8, 7, 4
2, 133, 8, 7, 4
2, 133, 8, 7, 4
3, 7, 0, 8, 3
3, 7, 0, 8, 3
3, 7, 0, 8, 3
3, 7, 0, 8, 3
3, 7, 0, 8, 3
3, 7, 0, 8, 3
3, 7, 0, 8, 3
3, 7, 1, 8, 3
3, 7, 1, 8, 3
3, 7, 1, 8, 3
3, 7, 1, 8, 3
3, 7, 1, 8, 3
3, 7, 1, 8, 3
3, 7, 1, 8, 3
3, 7, 2, 8, 3
3, 7, 2, 8, 3
3, 7, 2, 8, 3
3, 7, 2, 8, 3
3, 7, 2, 8, 3
3, 7, 2, 8, 3
3, 7, 2, 8, 3
3, 7, 3, 8, 3
3, 7, 3, 8, 3
3, 7, 3, 8, 3
3, 7, 3, 8, 3
3, 7, 3, 8, 3
3, 7, 3, 8, 3
3, 7, 3, 8, 3
3, 7, 4, 8, 3
3, 7, 4, 8, 3
3, 7, 4, 8, 3
3, 7, 4, 8, 3
3, 7, 4, 8, 3
3, 7, 4, 8, 3
3, 7, 4, 8, 3
3, 7, 5, 8, 3
3, 7, 5, 8, 3
3, 7, 5, 8, 3
3, 7, 5, 8, 3
3, 7, 5, 8, 3
3, 7, 5, 8, 3
3, 7, 5, 8, 3
3, 7, 6, 8, 3
3, 7, 6, 8, 3
3, 7, 6, 8, 3
3, 7, 6, 8, 3
3, 7, 6, 8, 3
3, 7, 6, 8, 3
3, 7, 6, 8, 3
3, 7, 7, 9, 2
3, 7, 7, 9, 2
3, 7, 7, 9, 2
3, 7, 7, 9, 2
3, 7, 7, 9, 2
3, 7, 7, 9, 2
3, 7, 7, 9, 2
3, 133, 8, 17, 2
3, 133, 8, 17, 2
3, 133, 8, 17, 2
3, 133, 8, 17, 2
3, 133, 8, 17, 2
3, 133, 8, 17, 2
3, 133, 8, 17, 2
3, 133, 8, 17, 2
3, 133, 8, 17, 2
3, 133, 8, 17, 2
3, 133, 8, 17, 2
3, 133, 8, 17, 2
3, 133, 8, 17, 2
3, 133, 8, 17, 2
3, 133, 8, 17, 2
3, 133, 8, 17, 2
3, 133, 8, 17, 2
3, 133, 8, 17, 2
3, 133, 8, 17, 2
3, 133, 8, 17, 2
3, 133, 8, 17, 2
3, 133, 8, 17, 2
3, 133, 8, 17, 2
3, 133, 8, 17, 2
3, 133, 8, 17, 2
3, 133, 8, 17, 2
3, 133, 8, 17, 2
3, 133, 8, 17, 2
3, 133, 8, 17, 2
3, 133, 8, 17, 2
3, 133, 8, 17, 2
3, 133, 8, 17, 2
3, 133, 8, 17, 2
3, 133, 8, 17, 2
3, 133, 8, 17, 2
3, 133, 8, 17, 2
3, 133, 8, 17, 2
3, 133, 8, 17, 2
3, 133, 8, 17, 2
3, 133, 8, 17, 2
3, 133, 8, 17, 2
3, 133, 8, 17, 2
3, 133, 8, 17, 3
3, 133, 8, 17, 3
3, 133, 8, 17, 3
3, 133, 8, 17, 3
3, 133, 8, 17, 3
3, 133, 8, 17, 3
3, 133, 8, 17, 3
3, 133, 8, 17, 3
3, 133, 8, 17, 3
3, 133, 8, 17, 3
3, 133, 8, 17, 3
3, 133, 8, 17, 3
3, 133, 8, 17, 3
3, 133, 8, 17, 3
3, 133, 8, 17, 3
3, 133, 8, 17, 3
3, 133, 8, 17, 3
3, 133, 8, 17, 3
3, 133, 8, 17, 3
3, 133, 8, 17, 3
3, 133, 8, 17, 3
3, 133, 8, 17, 3
3, 133, 8, 17, 3
3, 133, 8, 17, 3
3, 133, 8, 17, 3
3, 133, 8, 17, 3
3, 133, 8, 17, 3
3, 133, 8, 17, 3
3, 133, 8, 17, 3
3, 133, 8, 17, 3
3, 133, 8, 17, 3
3, 133, 8, 17, 3
3, 133, 8, 17, 3
3, 133, 8, 17, 3
3, 133, 8, 17, 3
3, 133, 8, 17, 3
3, 133, 8, 17, 3
3, 133, 8, 17, 3
3, 133, 8, 17, 3
3, 133, 8, 17, 3
3, 133, 8, 17, 3
3, 133, 8, 17, 3
3, 133, 8, 17, 3
3, 133, 8, 17, 3
3, 133, 8, 17, 3
3, 133, 8, 17, 3
3, 133, 8, 17, 3
3, 133, 8, 17, 3
3, 133, 8, 17, 3
3, 133, 8, 26, 2
3, 133, 8, 26, 2
3, 133, 8, 26, 2
3, 133, 8, 26, 2
3, 133, 8, 26, 2
3, 133, 8, 26, 2
3, 133, 8, 26, 2
3, 133, 8, 26, 2
3, 133, 8, 26, 2
3, 133, 8, 26, 2
3, 133, 8, 26, 2
3, 133, 8, 26, 2
3, 133, 8, 26, 2
3, 133, 8, 26, 2
3, 133, 8, 26, 2
3, 133, 8, 26, 2
3, 133, 8, 26, 2
3, 133, 8, 26, 2
3, 133, 8, 26, 2
3, 133, 8, 26, 2
3, 133, 8, 26, 2
3, 133, 8, 26, 2
3, 133, 8, 26, 2
3, 133, 8, 26, 2
3, 133, 8, 26, 2
3, 133, 8, 26, 2
3, 133, 8, 26, 2
3, 133, 8, 26, 2
3, 133, 8, 26, 2
3, 133, 8, 26, 2
3, 133, 8, 26, 2
3, 133, 8, 26, 2
3, 133, 8, 26, 2
3, 133, 8, 26, 2
3, 133, 8, 26, 2
3, 133, 8, 26, 2
3, 133, 8, 26, 2
3, 133, 8, 26, 2
3, 133, 8, 26, 2
3, 133, 8, 26, 2
3, 133, 8, 26, 2
3, 133, 8, 26, 2
3, 42, 9, 0, 2
3, 42, 9, 0, 2
3, 42, 9, 0, 2
3, 42, 9, 0, 2
3, 42, 9, 0, 2
3, 42, 9, 0, 2
3, 42, 9, 1, 2
3, 42, 9, 1, 2
3, 42, 9, 1, 2
3, 42, 9, 1, 2
3, 42, 9, 1, 2
3, 42, 9, 1, 2
3, 42, 9, 2, 2
3, 42, 9, 2, 2
3, 42, 9, 2, 2
3, 42, 9, 2, 2
3, 42, 9, 2, 2
3, 42, 9, 2, 2
3, 42, 9, 3, 2
3, 42, 9, 3, 2
3, 42, 9, 3, 2
3, 42, 9, 3, 2
3, 42, 9, 3, 2
3, 42, 9, 3, 2
3, 42, 9, 4, 2
3, 42, 9, 4, 2
3, 42, 9, 4, 2
3, 42, 9, 4, 2
3, 42, 9, 4, 2
3, 42, 9, 4, 2
3, 42, 9, 5, 2
3, 42, 9, 5, 2
3, 42, 9, 5, 2
3, 42, 9, 5, 2
3, 42, 9, 5, 2
3, 42, 9, 5, 2
3, 42, 9, 6, 2
3, 42, 9, 6, 2
3, 42, 9, 6, 2
3, 42, 9, 6, 2
3, 42, 9, 6, 2
3, 42, 9, 6, 2
3, 7, 10, 17, 2
3, 7, 10, 17, 2
3, 7, 10, 17, 2
3, 7, 10, 17, 2
3, 7, 10, 17, 2
3, 7, 10, 17, 2
3, 7, 10, 17, 2
3, 7, 11, 17, 2
3, 7, 11, 17, 2
3, 7, 11, 17, 2
3, 7, 11, 17, 2
3, 7, 11, 17, 2
3, 7, 11, 17, 2
3, 7, 11, 17, 2
3, 7, 12, 17, 2
3, 7, 12, 17, 2
3, 7, 12, 17, 2
3, 7, 12, 17, 2
3, 7, 12, 17, 2
3, 7, 12, 17, 2
3, 7, 12, 17, 2
3, 7, 13, 17, 2
3, 7, 13, 17, 2
3, 7, 13, 17, 2
3, 7, 13, 17, 2
3, 7, 13, 17, 2
3, 7, 13, 17, 2
3, 7, 13, 17, 2
3, 7, 14, 17, 2
3, 7, 14, 17, 2
3, 7, 14, 17, 2
3, 7, 14, 17, 2
3, 7, 14, 17, 2
3, 7, 14, 17, 2
3, 7, 14, 17, 2
3, 7, 15, 17, 2
3, 7, 15, 17, 2
3, 7, 15, 17, 2
3, 7, 15, 17, 2
3, 7, 15, 17, 2
3, 7, 15, 17, 2
3, 7, 15, 17, 2
3, 7, 16, 17, 2
3, 7, 16, 17, 2
3, 7, 16, 17, 2
3, 7, 16, 17, 2
3, 7, 16, 17, 2
3, 7, 16, 17, 2
3, 7, 16, 17, 2
3, 182, 17, 10, 4
3, 182, 17, 10, 4
3, 182, 17, 10, 4
3, 182, 17, 10, 4
3, 182, 17, 10, 4
3, 182, 17, 10, 4
3, 182, 17, 10, 4
3, 182, 17, 10, 4
3, 182, 17, 10, 4
3, 182, 17, 10, 4
3, 182, 17, 10, 4
3, 182, 17, 10, 4
3, 182, 17, 11, 4
3, 182, 17, 11, 4
3, 182, 17, 11, 4
3, 182, 17, 11, 4
3, 182, 17, 11, 4
3, 182, 17, 11, 4
3, 182, 17, 11, 4
3, 182, 17, 11, 4
3, 182, 17, 11, 4
3, 182, 17, 11, 4
3, 182, 17, 11, 4
3, 182, 17, 11, 4
3, 182, 17, 12, 4
3, 182, 17, 12, 4
3, 182, 17, 12, 4
3, 182, 17, 12, 4
3, 182, 17, 12, 4
3, 182, 17, 12, 4
3, 182, 17, 12, 4
3, 182, 17, 12, 4
3, 182, 17, 12, 4
3, 182, 17, 12, 4
3, 182, 17, 12, 4
3, 182, 17, 12, 4
3, 182, 17, 13, 4
3, 182, 17, 13, 4
3, 182, 17, 13, 4
3, 182, 17, 13, 4
3, 182, 17, 13, 4
3, 182, 17, 13, 4
3, 182, 17, 13, 4
3, 182, 17, 13, 4
3, 182, 17, 13, 4
3, 182, 17, 13, 4
3, 182, 17, 13, 4
3, 182, 17, 13, 4
3, 182, 17, 14, 4
3, 182, 17, 14, 4
3, 182, 17, 14, 4
3, 182, 17, 14, 4
3, 182, 17, 14, 4
3, 182, 17, 14, 4
3, 182, 17, 14, 4
3, 182, 17, 14, 4
3, 182, 17, 14, 4
3, 182, 17, 14, 4
3, 182, 17, 14, 4
3, 182, 17, 14, 4
3, 182, 17, 15, 4
3, 182, 17, 15, 4
3, 182, 17, 15, 4
3, 182, 17, 15, 4
3, 182, 17, 15, 4
3, 182, 17, 15, 4
3, 182, 17, 15, 4
3, 182, 17, 15, 4
3, 182, 17, 15, 4
3, 182, 17, 15, 4
3, 182, 17, 15, 4
3, 182, 17, 15, 4
3, 182, 17, 16, 4
3, 182, 17, 16, 4
3, 182, 17, 16, 4
3, 182, 17, 16, 4
3, 182, 17, 16, 4
3, 182, 17, 16, 4
3, 182, 17, 16, 4
3, 182, 17, 16, 4
3, 182, 17, 16, 4
3, 182, 17, 16, 4
3, 182, 17, 16, 4
3, 182, 17, 16, 4
3, 182, 17, 18, 5
3, 182, 17, 18, 5
3, 182, 17, 18, 5
3, 182, 17, 18, 5
3, 182, 17, 18, 5
3, 182, 17, 18, 5
3, 182, 17, 18, 5
3, 182, 17, 18, 5
3, 182, 17, 18, 5
3, 182, 17, 18, 5
3, 182, 17, 18, 5
3, 182, 17, 18, 5
3, 182, 17, 18, 5
3, 182, 17, 18, 5
3, 182, 17, 18, 5
3, 182, 17, 18, 5
3, 182, 17, 18, 5
3, 182, 17, 18, 5
3, 182, 17, 18, 5
3, 182, 17, 18, 5
3, 182, 17, 18, 5
3, 182, 17, 18, 5
3, 182, 17, 18, 5
3, 182, 17, 18, 5
3, 182, 17, 18, 5
3, 182, 17, 18, 5
3, 182, 17, 18, 5
3, 182, 17, 18, 5
3, 182, 17, 18, 5
3, 182, 17, 18, 5
3, 182, 17, 18, 5
3, 182, 17, 18, 5
3, 182, 17, 18, 5
3, 182, 17, 18, 5
3, 182, 17, 18, 5
3, 182, 17, 18, 5
3, 182, 17, 18, 5
3, 182, 17, 18, 5
3, 182, 17, 18, 5
3, 182, 17, 18, 5
3, 182, 17, 18, 5
3, 182, 17, 18, 5
3, 182, 17, 18, 5
3, 182, 17, 18, 5
3, 182, 17, 18, 5
3, 182, 17, 18, 5
3, 182, 17, 18, 5
3, 182, 17, 18, 5
3, 182, 17, 18, 5
3, 182, 17, 18, 5
3, 182, 17, 18, 5
3, 182, 17, 18, 5
3, 182, 17, 18, 5
3, 182, 17, 18, 5
3, 182, 17, 18, 5
3, 182, 17, 18, 5
3, 182, 17, 18, 5
3, 182, 17, 18, 5
3, 182, 17, 18, 5
3, 182, 17, 18, 5
3, 182, 17, 18, 5
3, 182, 17, 18, 5
3, 182, 17, 18, 5
3, 182, 17, 18, 5
3, 182, 17, 18, 5
3, 182, 17, 18, 5
3, 182, 17, 18, 5
3, 182, 17, 18, 5
3, 182, 17, 18, 5
3, 182, 17, 18, 5
3, 182, 17, 18, 5
3, 182, 17, 18, 5
3, 182, 17, 18, 5
3, 182, 17, 18, 5
3, 182, 17, 18, 5
3, 182, 17, 18, 5
3, 182, 17, 18, 5
3, 182, 17, 18, 5
3, 182, 17, 18, 5
3, 182, 17, 18, 5
3, 182, 17, 18, 5
3, 182, 17, 18, 5
3, 182, 17, 18, 5
3, 182, 17, 18, 5
3, 182, 17, 18, 5
3, 182, 17, 18, 5
3, 182, 17, 18, 5
3, 182, 17, 18, 5
3, 182, 17, 18, 5
3, 182, 17, 18, 5
3, 182, 17, 18, 5
3, 182, 17, 18, 5
3, 182, 17, 18, 5
3, 182, 17, 18, 5
3, 182, 17, 18, 5
3, 182, 17, 18, 5
3, 182, 17, 18, 5
3, 182, 17, 18, 5
3, 49, 18, 7, 3
3, 49, 18, 7, 3
3, 49, 18, 7, 3
3, 49, 18, 7, 3
3, 49, 18, 7, 3
3, 49, 18, 7, 3
3, 49, 18, 7, 3
3, 49, 18, 7, 3
3, 49, 18, 7, 3
3, 49, 18, 7, 3
3, 49, 18, 7, 3
3, 49, 18, 7, 3
3, 49, 18, 7, 3
3, 49, 18, 7, 3
3, 49, 18, 7, 3
3, 49, 18, 7, 3
3, 49, 18, 7, 3
3, 49, 18, 7, 3
3, 49, 18, 7, 3
3, 49, 18, 7, 3
3, 49, 18, 7, 3
3, 49, 18, 7, 3
3, 49, 18, 7, 3
3, 49, 18, 7, 3
3, 49, 18, 7, 3
3, 49, 18, 7, 3
3, 49, 18, 7, 3
3, 49, 18, 7, 3
3, 49, 18, 7, 3
3, 49, 18, 7, 3
3, 49, 18, 7, 3
3, 49, 18, 7, 3
3, 49, 18, 7, 3
3, 49, 18, 7, 3
3, 49, 18, 7, 3
3, 49, 18, 7, 3
3, 49, 18, 7, 3
3, 49, 18, 7, 3
3, 49, 18, 7, 3
3, 49, 18, 7, 3
3, 49, 18, 7, 3
3, 49, 18, 7, 3
3, 49, 18, 7, 3
3, 49, 18, 7, 3
3, 49, 18, 7, 3
3, 49, 18, 7, 3
3, 49, 18, 7, 3
3, 49, 18, 7, 3
3, 49, 18, 7, 3
3, 7, 19, 26, 2
3, 7, 19, 26, 2
3, 7, 19, 26, 2
3, 7, 19, 26, 2
3, 7, 19, 26, 2
3, 7, 19, 26, 2
3, 7, 19, 26, 2
3, 7, 20, 26, 2
3, 7, 20, 26, 2
3, 7, 20, 26, 2
3, 7, 20, 26, 2
3, 7, 20, 26, 2
3, 7, 20, 26, 2
3, 7, 20, 26, 2
3, 7, 21, 26, 2
3, 7, 21, 26, 2
3, 7, 21, 26, 2
3, 7, 21, 26, 2
3, 7, 21, 26, 2
3, 7, 21, 26, 2
3, 7, 21, 26, 2
3, 7, 22, 26, 2
3, 7, 22, 26, 2
3, 7, 22, 26, 2
3, 7, 22, 26, 2
3, 7, 22, 26, 2
3, 7, 22, 26, 2
3, 7, 22, 26, 2
3, 7, 23, 26, 2
3, 7, 23, 26, 2
3, 7, 23, 26, 2
3, 7, 23, 26, 2
3, 7, 23, 26, 2
3, 7, 23, 26, 2
3, 7, 23, 26, 2
3, 7, 24, 26, 2
3, 7, 24, 26, 2
3, 7, 24, 26, 2
3, 7, 24, 26, 2
3, 7, 24, 26, 2
3, 7, 24, 26, 2
3, 7, 24, 26, 2
3, 7, 25, 26, 2
3, 7, 25, 26, 2
3, 7, 25, 26, 2
3, 7, 25, 26, 2
3, 7, 25, 26, 2
3, 7, 25, 26, 2
3, 7, 25, 26, 2
3, 91, 26, 19, 3
3, 91, 26, 19, 3
3, 91, 26, 19, 3
3, 91, 26, 19, 3
3, 91, 26, 19, 3
3, 91, 26, 19, 3
3, 91, 26, 20, 3
3, 91, 26, 20, 3
3, 91, 26, 20, 3
3, 91, 26, 20, 3
3, 91, 26, 20, 3
3, 91, 26, 20, 3
3, 91, 26, 21, 3
3, 91, 26, 21, 3
3, 91, 26, 21, 3
3, 91, 26, 21, 3
3, 91, 26, 21, 3
3, 91, 26, 21, 3
3, 91, 26, 22, 3
3, 91, 26, 22, 3
3, 91, 26, 22, 3
3, 91, 26, 22, 3
3, 91, 26, 22, 3
3, 91, 26, 22, 3
3, 91, 26, 23, 3
3, 91, 26, 23, 3
3, 91, 26, 23, 3
3, 91, 26, 23, 3
3, 91, 26, 23, 3
3, 91, 26, 23, 3
3, 91, 26, 24, 3
3, 91, 26, 24, 3
3, 91, 26, 24, 3
3, 91, 26, 24, 3
3, 91, 26, 24, 3
3, 91, 26, 24, 3
3, 91, 26, 25, 3
3, 91, 26, 25, 3
3, 91, 26, 25, 3
3, 91, 26, 25, 3
3, 91, 26, 25, 3
3, 91, 26, 25, 3
3, 91, 26, 27, 4
3, 91, 26, 27, 4
3, 91, 26, 27, 4
3, 91, 26, 27, 4
3, 91, 26, 27, 4
3, 91, 26, 27, 4
3, 91, 26, 27, 4
3, 91, 26, 27, 4
3, 91, 26, 27, 4
3, 91, 26, 27, 4
3, 91, 26, 27, 4
3, 91, 26, 27, 4
3, 91, 26, 27, 4
3, 91, 26, 27, 4
3, 91, 26, 27, 4
3, 91, 26, 27, 4
3, 91, 26, 27, 4
3, 91, 26, 27, 4
3, 91, 26, 27, 4
3, 91, 26, 27, 4
3, 91, 26, 27, 4
3, 91, 26, 27, 4
3, 91, 26, 27, 4
3, 91, 26, 27, 4
3, 91, 26, 27, 4
3, 91, 26, 27, 4
3, 91, 26, 27, 4
3, 91, 26, 27, 4
3, 91, 26, 27, 4
3, 91, 26, 27, 4
3, 91, 26, 27, 4
3, 91, 26, 27, 4
3, 91, 26, 27, 4
3, 91, 26, 27, 4
3, 91, 26, 27, 4
3, 91, 26, 27, 4
3, 91, 26, 27, 4
3, 91, 26, 27, 4
3, 91, 26, 27, 4
3, 91, 26, 27, 4
3, 91, 26, 27, 4
3, 91, 26, 27, 4
3, 91, 26, 27, 4
3, 91, 26, 27, 4
3, 91, 26, 27, 4
3, 91, 26, 27, 4
3, 91, 26, 27, 4
3, 91, 26, 27, 4
3, 91, 26, 27, 4
3, 49, 27, 7, 3
3, 49, 27, 7, 3
3, 49, 27, 7, 3
3, 49, 27, 7, 3
3, 49, 27, 7, 3
3, 49, 27, 7, 3
3, 49, 27, 7, 3
3, 49, 27, 7, 3
3, 49, 27, 7, 3
3, 49, 27, 7, 3
3, 49, 27, 7, 3
3, 49, 27, 7, 3
3, 49, 27, 7, 3
3, 49, 27, 7, 3
3, 49, 27, 7, 3
3, 49, 27, 7, 3
3, 49, 27, 7, 3
3, 49, 27, 7, 3
3, 49, 27, 7, 3
3, 49, 27, 7, 3
3, 49, 27, 7, 3
3, 49, 27, 7, 3
3, 49, 27, 7, 3
3, 49, 27, 7, 3
3, 49, 27, 7, 3
3, 49, 27, 7, 3
3, 49, 27, 7, 3
3, 49, 27, 7, 3
3, 49, 27, 7, 3
3, 49, 27, 7, 3
3, 49, 27, 7, 3
3, 49, 27, 7, 3
3, 49, 27, 7, 3
3, 49, 27, 7, 3
3, 49, 27, 7, 3
3, 49, 27, 7, 3
3, 49, 27, 7, 3
3, 49, 27, 7, 3
3, 49, 27, 7, 3
3, 49, 27, 7, 3
3, 49, 27, 7, 3
3, 49, 27, 7, 3
3, 49, 27, 7, 3
3, 49, 27, 7, 3
3, 49, 27, 7, 3
3, 49, 27, 7, 3
3, 49, 27, 7, 3
3, 49, 27, 7, 3
3, 49, 27, 7, 3
4, 14, 0, 1, 2
4, 14, 0, 1, 4
4, 14, 0, 1, 4
4, 14, 0, 1, 4
4, 14, 0, 1, 4
4, 14, 0, 1, 4
4, 14, 0, 1, 4
4, 14, 0, 1, 5
4, 14, 0, 1, 5
4, 14, 0, 1, 5
4, 14, 0, 1, 5
4, 14, 0, 1, 5
4, 14, 0, 1, 5
4, 14, 0, 1, 5
4, 14, 1, 0, 2
4, 14, 1, 0, 4
4, 14, 1, 0, 4
4, 14, 1, 0, 4
4, 14, 1, 0, 4
4, 14, 1, 0, 4
4, 14, 1, 0, 4
4, 14, 1, 0, 5
4, 14, 1, 0, 5
4, 14, 1, 0, 5
4, 14, 1, 0, 5
4, 14, 1, 0, 5
4, 14, 1, 0, 5
4, 14, 1, 0, 5
5, 14, 0, 1, 2
5, 14, 0, 1, 4
5, 14, 0, 1, 4
5, 14, 0, 1, 4
5, 14, 0, 1, 4
5, 14, 0, 1, 4
5, 14, 0, 1, 4
5, 14, 0, 1, 5
5, 14, 0, 1, 5
5, 14, 0, 1, 5
5, 14, 0, 1, 5
5, 14, 0, 1, 5
5, 14, 0, 1, 5
5, 14, 0, 1, 5
5, 14, 1, 0, 2
5, 14, 1, 0, 4
5, 14, 1, 0, 4
5, 14, 1, 0, 4
5, 14, 1, 0, 4
5, 14, 1, 0, 4
5, 14, 1, 0, 4
5, 14, 1, 0, 5
5, 14, 1, 0, 5
5, 14, 1, 0, 5
5, 14, 1, 0, 5
5, 14, 1, 0, 5
5, 14, 1, 0, 5
5, 14, 1, 0, 5
6, 14, 0, 1, 2
6, 14, 0, 1, 4
6, 14, 0, 1, 4
6, 14, 0, 1, 4
6, 14, 0, 1, 4
6, 14, 0, 1, 4
6, 14, 0, 1, 4
6, 14, 0, 1, 5
6, 14, 0, 1, 5
6, 14, 0, 1, 5
6, 14, 0, 1, 5
6, 14, 0, 1, 5
6, 14, 0, 1, 5
6, 14, 0, 1, 5
6, 14, 1, 0, 2
6, 14, 1, 0, 4
6, 14, 1, 0, 4
6, 14, 1, 0, 4
6, 14, 1, 0, 4
6, 14, 1, 0, 4
6, 14, 1, 0, 4
6, 14, 1, 0, 5
6, 14, 1, 0, 5
6, 14, 1, 0, 5
6, 14, 1, 0, 5
6, 14, 1, 0, 5
6, 14, 1, 0, 5
6, 14, 1, 0, 5
7, 14, 0, 1, 2
7, 14, 0, 1, 4
7, 14, 0, 1, 4
7, 14, 0, 1, 4
7, 14, 0, 1, 4
7, 14, 0, 1, 4
7, 14, 0, 1, 4
7, 14, 0, 1, 5
7, 14, 0, 1, 5
7, 14, 0, 1, 5
7, 14, 0, 1, 5
7, 14, 0, 1, 5
7, 14, 0, 1, 5
7, 14, 0, 1, 5
7, 14, 1, 0, 2
7, 14, 1, 0, 4
7, 14, 1, 0, 4
7, 14, 1, 0, 4
7, 14, 1, 0, 4
7, 14, 1, 0, 4
7, 14, 1, 0, 4
7, 14, 1, 0, 5
7, 14, 1, 0, 5
7, 14, 1, 0, 5
7, 14, 1, 0, 5
7, 14, 1, 0, 5
7, 14, 1, 0, 5
7, 14, 1, 0, 5
8, 14, 0, 1, 2
8, 14, 0, 1, 4
8, 14, 0, 1, 4
8, 14, 0, 1, 4
8, 14, 0, 1, 4
8, 14, 0, 1, 4
8, 14, 0, 1, 4
8, 14, 0, 1, 5
8, 14, 0, 1, 5
8, 14, 0, 1, 5
8, 14, 0, 1, 5
8, 14, 0, 1, 5
8, 14, 0, 1, 5
8, 14, 0, 1, 5
8, 14, 1, 0, 2
8, 14, 1, 0, 4
8, 14, 1, 0, 4
8, 14, 1, 0, 4
8, 14, 1, 0, 4
8, 14, 1, 0, 4
8, 14, 1, 0, 4
8, 14, 1, 0, 5
8, 14, 1, 0, 5
8, 14, 1, 0, 5
8, 14, 1, 0, 5
8, 14, 1, 0, 5
8, 14, 1, 0, 5
8, 14, 1, 0, 5
9, 14, 0, 1, 2
9, 14, 0, 1, 4
9, 14, 0, 1, 4
9, 14, 0, 1, 4
9, 14, 0, 1, 4
9, 14, 0, 1, 4
9, 14, 0, 1, 4
9, 14, 0, 1, 5
9, 14, 0, 1, 5
9, 14, 0, 1, 5
9, 14, 0, 1, 5
9, 14, 0, 1, 5
9, 14, 0, 1, 5
9, 14, 0, 1, 5
9, 14, 1, 0, 2
9, 14, 1, 0, 4
9, 14, 1, 0, 4
9, 14, 1, 0, 4
9, 14, 1, 0, 4
9, 14, 1, 0, 4
9, 14, 1, 0, 4
9, 14, 1, 0, 5
9, 14, 1, 0, 5
9, 14, 1, 0, 5
9, 14, 1, 0, 5
9, 14, 1, 0, 5
9, 14, 1, 0, 5
9, 14, 1, 0, 5
10, 14, 0, 1, 2
10, 14, 0, 1, 4
10, 14, 0, 1, 4
10, 14, 0, 1, 4
10, 14, 0, 1, 4
10, 14, 0, 1, 4
10, 14, 0, 1, 4
10, 14, 0, 1, 5
10, 14, 0, 1, 5
10, 14, 0, 1, 5
10, 14, 0, 1, 5
10, 14, 0, 1, 5
10, 14, 0, 1, 5
10, 14, 0, 1, 5
10, 14, 1, 0, 2
10, 14, 1, 0, 4
10, 14, 1, 0, 4
10, 14, 1, 0, 4
10, 14, 1, 0, 4
10, 14, 1, 0, 4
10, 14, 1, 0, 4
10, 14, 1, 0, 5
10, 14, 1, 0, 5
10, 14, 1, 0, 5
10, 14, 1, 0, 5
10, 14, 1, 0, 5
10, 14, 1, 0, 5
10, 14, 1, 0, 5
11, 21, 0, 1, 3
11, 21, 0, 1, 3
11, 21, 0, 1, 3
11, 21, 0, 2, 3
11, 21, 0, 2, 3
11, 21, 0, 2, 3
11, 21, 0, 3, 3
11, 21, 0, 3, 3
11, 21, 0, 3, 3
11, 21, 0, 4, 3
11, 21, 0, 4, 3
11, 21, 0, 4, 3
11, 21, 0, 5, 3
11, 21, 0, 5, 3
11, 21, 0, 5, 3
11, 21, 0, 6, 3
11, 21, 0, 6, 3
11, 21, 0, 6, 3
11, 21, 0, 7, 3
11, 21, 0, 7, 3
11, 21, 0, 7, 3
11, 13, 1, 2, 3
11, 13, 1, 2, 3
11, 13, 1, 3, 3
11, 13, 1, 3, 3
11, 13, 1, 4, 3
11, 13, 1, 4, 3
11, 13, 1, 5, 3
11, 13, 1, 5, 3
11, 13, 1, 6, 3
11, 13, 1, 6, 3
11, 13, 1, 7, 3
11, 13, 1, 7, 3
11, 13, 1, 15, 3
11, 17, 2, 0, 3
11, 17, 2, 1, 3
11, 17, 2, 1, 3
11, 17, 2, 3, 3
11, 17, 2, 3, 3
11, 17, 2, 4, 3
11, 17, 2, 4, 3
11, 17, 2, 5, 3
11, 17, 2, 5, 3
11, 17, 2, 6, 3
11, 17, 2, 6, 3
11, 17, 2, 7, 3
11, 17, 2, 7, 3
11, 17, 2, 8, 2
11, 17, 2, 9, 3
11, 17, 2, 15, 2
11, 17, 2, 15, 3
11, 17, 3, 0, 3
11, 17, 3, 1, 3
11, 17, 3, 1, 3
11, 17, 3, 2, 3
11, 17, 3, 2, 3
11, 17, 3, 4, 3
11, 17, 3, 4, 3
11, 17, 3, 5, 3
11, 17, 3, 5, 3
11, 17, 3, 6, 3
11, 17, 3, 6, 3
11, 17, 3, 7, 3
11, 17, 3, 7, 3
11, 17, 3, 8, 2
11, 17, 3, 10, 3
11, 17, 3, 15, 2
11, 17, 3, 15, 3
11, 17, 4, 0, 3
11, 17, 4, 1, 3
11, 17, 4, 1, 3
11, 17, 4, 2, 3
11, 17, 4, 2, 3
11, 17, 4, 3, 3
11, 17, 4, 3, 3
11, 17, 4, 5, 3
11, 17, 4, 5, 3
11, 17, 4, 6, 3
11, 17, 4, 6, 3
11, 17, 4, 7, 3
11, 17, 4, 7, 3
11, 17, 4, 8, 2
11, 17, 4, 11, 3
11, 17, 4, 15, 2
11, 17, 4, 15, 3
11, 17, 5, 0, 3
11, 17, 5, 1, 3
11, 17, 5, 1, 3
11, 17, 5, 2, 3
11, 17, 5, 2, 3
11, 17, 5, 3, 3
11, 17, 5, 3, 3
11, 17, 5, 4, 3
11, 17, 5, 4, 3
11, 17, 5, 6, 3
11, 17, 5, 6, 3
11, 17, 5, 7, 3
11, 17, 5, 7, 3
11, 17, 5, 8, 2
11, 17, 5, 12, 3
11, 17, 5, 15, 2
11, 17, 5, 15, 3
11, 17, 6, 0, 3
11, 17, 6, 1, 3
11, 17, 6, 1, 3
11, 17, 6, 2, 3
11, 17, 6, 2, 3
11, 17, 6, 3, 3
11, 17, 6, 3, 3
11, 17, 6, 4, 3
11, 17, 6, 4, 3
11, 17, 6, 5, 3
11, 17, 6, 5, 3
11, 17, 6, 7, 3
11, 17, 6, 7, 3
11, 17, 6, 8, 2
11, 17, 6, 13, 3
11, 17, 6, 15, 2
11, 17, 6, 15, 3
11, 17, 7, 0, 3
11, 17, 7, 1, 3
11, 17, 7, 1, 3
11, 17, 7, 2, 3
11, 17, 7, 2, 3
11, 17, 7, 3, 3
11, 17, 7, 3, 3
11, 17, 7, 4, 3
11, 17, 7, 4, 3
11, 17, 7, 5, 3
11, 17, 7, 5, 3
11, 17, 7, 6, 3
11, 17, 7, 6, 3
11, 17, 7, 8, 2
11, 17, 7, 14, 3
11, 17, 7, 15, 2
11, 17, 7, 15, 3
11, 41, 8, 1, 3
11, 41, 8, 1, 3
11, 41, 8, 1, 4
11, 41, 8, 1, 5
11, 41, 8, 1, 5
11, 41, 8, 2, 3
11, 41, 8, 2, 3
11, 41, 8, 2, 4
11, 41, 8, 2, 5
11, 41, 8, 2, 5
11, 41, 8, 3, 3
11, 41, 8, 3, 3
11, 41, 8, 3, 4
11, 41, 8, 3, 5
11, 41, 8, 3, 5
11, 41, 8, 4, 3
11, 41, 8, 4, 3
11, 41, 8, 4, 4
11, 41, 8, 4, 5
11, 41, 8, 4, 5
11, 41, 8, 5, 3
11, 41, 8, 5, 3
11, 41, 8, 5, 4
11, 41, 8, 5, 5
11, 41, 8, 5, 5
11, 41, 8, 6, 3
11, 41, 8, 6, 3
11, 41, 8, 6, 4
11, 41, 8, 6, 5
11, 41, 8, 6, 5
11, 41, 8, 7, 3
11, 41, 8, 7, 3
11, 41, 8, 7, 4
11, 41, 8, 7, 5
11, 41, 8, 7, 5
11, 41, 8, 16, 3
11, 41, 8, 16, 3
11, 41, 8, 16, 3
11, 41, 8, 16, 3
11, 41, 8, 16, 3
11, 41, 8, 16, 3
11, 17, 9, 1, 3
11, 17, 9, 1, 3
11, 17, 9, 2, 3
11, 17, 9, 2, 3
11, 17, 9, 3, 3
11, 17, 9, 3, 3
11, 17, 9, 4, 3
11, 17, 9, 4, 3
11, 17, 9, 5, 3
11, 17, 9, 5, 3
11, 17, 9, 6, 3
11, 17, 9, 6, 3
11, 17, 9, 7, 3
11, 17, 9, 7, 3
11, 17, 9, 8, 3
11, 17, 9, 16, 4
11, 17, 9, 16, 4
11, 17, 10, 1, 3
11, 17, 10, 1, 3
11, 17, 10, 2, 3
11, 17, 10, 2, 3
11, 17, 10, 3, 3
11, 17, 10, 3, 3
11, 17, 10, 4, 3
11, 17, 10, 4, 3
11, 17, 10, 5, 3
11, 17, 10, 5, 3
11, 17, 10, 6, 3
11, 17, 10, 6, 3
11, 17, 10, 7, 3
11, 17, 10, 7, 3
11, 17, 10, 8, 3
11, 17, 10, 16, 4
11, 17, 10, 16, 4
11, 17, 11, 1, 3
11, 17, 11, 1, 3
11, 17, 11, 2, 3
11, 17, 11, 2, 3
11, 17, 11, 3, 3
11, 17, 11, 3, 3
11, 17, 11, 4, 3
11, 17, 11, 4, 3
11, 17, 11, 5, 3
11, 17, 11, 5, 3
11, 17, 11, 6, 3
11, 17, 11, 6, 3
11, 17, 11, 7, 3
11, 17, 11, 7, 3
11, 17, 11, 8, 3
11, 17, 11, 16, 4
11, 17, 11, 16, 4
11, 17, 12, 1, 3
11, 17, 12, 1, 3
11, 17, 12, 2, 3
11, 17, 12, 2, 3
11, 17, 12, 3, 3
11, 17, 12, 3, 3
11, 17, 12, 4, 3
11, 17, 12, 4, 3
11, 17, 12, 5, 3
11, 17, 12, 5, 3
11, 17, 12, 6, 3
11, 17, 12, 6, 3
11, 17, 12, 7, 3
11, 17, 12, 7, 3
11, 17, 12, 8, 3
11, 17, 12, 16, 4
11, 17, 12, 16, 4
11, 17, 13, 1, 3
11, 17, 13, 1, 3
11, 17, 13, 2, 3
11, 17, 13, 2, 3
11, 17, 13, 3, 3
11, 17, 13, 3, 3
11, 17, 13, 4, 3
11, 17, 13, 4, 3
11, 17, 13, 5, 3
11, 17, 13, 5, 3
11, 17, 13, 6, 3
11, 17, 13, 6, 3
11, 17, 13, 7, 3
11, 17, 13, 7, 3
11, 17, 13, 8, 3
11, 17, 13, 16, 4
11, 17, 13, 16, 4
11, 17, 14, 1, 3
11, 17, 14, 1, 3
11, 17, 14, 2, 3
11, 17, 14, 2, 3
11, 17, 14, 3, 3
11, 17, 14, 3, 3
11, 17, 14, 4, 3
11, 17, 14, 4, 3
11, 17, 14, 5, 3
11, 17, 14, 5, 3
11, 17, 14, 6, 3
11, 17, 14, 6, 3
11, 17, 14, 7, 3
11, 17, 14, 7, 3
11, 17, 14, 8, 3
11, 17, 14, 16, 4
11, 17, 14, 16, 4
11, 28, 15, 1, 3
11, 28, 15, 1, 3
11, 28, 15, 1, 3
11, 28, 15, 1, 3
11, 28, 15, 2, 3
11, 28, 15, 2, 3
11, 28, 15, 2, 3
11, 28, 15, 2, 3
11, 28, 15, 3, 3
11, 28, 15, 3, 3
11, 28, 15, 3, 3
11, 28, 15, 3, 3
11, 28, 15, 4, 3
11, 28, 15, 4, 3
11, 28, 15, 4, 3
11, 28, 15, 4, 3
11, 28, 15, 5, 3
11, 28, 15, 5, 3
11, 28, 15, 5, 3
11, 28, 15, 5, 3
11, 28, 15, 6, 3
11, 28, 15, 6, 3
11, 28, 15, 6, 3
11, 28, 15, 6, 3
11, 28, 15, 7, 3
11, 28, 15, 7, 3
11, 28, 15, 7, 3
11, 28, 15, 7, 3
11, 14, 16, 1, 3
11, 14, 16, 1, 3
11, 14, 16, 2, 3
11, 14, 16, 2, 3
11, 14, 16, 3, 3
11, 14, 16, 3, 3
11, 14, 16, 4, 3
11, 14, 16, 4, 3
11, 14, 16, 5, 3
11, 14, 16, 5, 3
11, 14, 16, 6, 3
11, 14, 16, 6, 3
11, 14, 16, 7, 3
11, 14, 16, 7, 3
12, 21, 0, 1, 3
12, 21, 0, 1, 3
12, 21, 0, 1, 3
12, 21, 0, 2, 3
12, 21, 0, 2, 3
12, 21, 0, 2, 3
12, 21, 0, 3, 3
12, 21, 0, 3, 3
12, 21, 0, 3, 3
12, 21, 0, 4, 3
12, 21, 0, 4, 3
12, 21, 0, 4, 3
12, 21, 0, 5, 3
12, 21, 0, 5, 3
12, 21, 0, 5, 3
12, 21, 0, 6, 3
12, 21, 0, 6, 3
12, 21, 0, 6, 3
12, 21, 0, 7, 3
12, 21, 0, 7, 3
12, 21, 0, 7, 3
12, 17, 1, 0, 3
12, 17, 1, 2, 3
12, 17, 1, 2, 3
12, 17, 1, 3, 3
12, 17, 1, 3, 3
12, 17, 1, 4, 3
12, 17, 1, 4, 3
12, 17, 1, 5, 3
12, 17, 1, 5, 3
12, 17, 1, 6, 3
12, 17, 1, 6, 3
12, 17, 1, 7, 3
12, 17, 1, 7, 3
12, 17, 1, 8, 2
12, 17, 1, 9, 3
12, 17, 1, 15, 2
12, 17, 1, 15, 3
12, 13, 2, 1, 3
12, 13, 2, 1, 3
12, 13, 2, 3, 3
12, 13, 2, 3, 3
12, 13, 2, 4, 3
12, 13, 2, 4, 3
12, 13, 2, 5, 3
12, 13, 2, 5, 3
12, 13, 2, 6, 3
12, 13, 2, 6, 3
12, 13, 2, 7, 3
12, 13, 2, 7, 3
12, 13, 2, 15, 3
12, 17, 3, 0, 3
12, 17, 3, 1, 3
12, 17, 3, 1, 3
12, 17, 3, 2, 3
12, 17, 3, 2, 3
12, 17, 3, 4, 3
12, 17, 3, 4, 3
12, 17, 3, 5, 3
12, 17, 3, 5, 3
12, 17, 3, 6, 3
12, 17, 3, 6, 3
12, 17, 3, 7, 3
12, 17, 3, 7, 3
12, 17, 3, 8, 2
12, 17, 3, 10, 3
12, 17, 3, 15, 2
12, 17, 3, 15, 3
12, 17, 4, 0, 3
12, 17, 4, 1, 3
12, 17, 4, 1, 3
12, 17, 4, 2, 3
12, 17, 4, 2, 3
12, 17, 4, 3, 3
12, 17, 4, 3, 3
12, 17, 4, 5, 3
12, 17, 4, 5, 3
12, 17, 4, 6, 3
12, 17, 4, 6, 3
12, 17, 4, 7, 3
12, 17, 4, 7, 3
12, 17, 4, 8, 2
12, 17, 4, 11, 3
12, 17, 4, 15, 2
12, 17, 4, 15, 3
12, 17, 5, 0, 3
12, 17, 5, 1, 3
12, 17, 5, 1, 3
12, 17, 5, 2, 3
12, 17, 5, 2, 3
12, 17, 5, 3, 3
12, 17, 5, 3, 3
12, 17, 5, 4, 3
12, 17, 5, 4, 3
12, 17, 5, 6, 3
12, 17, 5, 6, 3
12, 17, 5, 7, 3
12, 17, 5, 7, 3
12, 17, 5, 8, 2
12, 17, 5, 12, 3
12, 17, 5, 15, 2
12, 17, 5, 15, 3
12, 17, 6, 0, 3
12, 17, 6, 1, 3
12, 17, 6, 1, 3
12, 17, 6, 2, 3
12, 17, 6, 2, 3
12, 17, 6, 3, 3
12, 17, 6, 3, 3
12, 17, 6, 4, 3
12, 17, 6, 4, 3
12, 17, 6, 5, 3
12, 17, 6, 5, 3
12, 17, 6, 7, 3
12, 17, 6, 7, 3
12, 17, 6, 8, 2
12, 17, 6, 13, 3
12, 17, 6, 15, 2
12, 17, 6, 15, 3
12, 17, 7, 0, 3
12, 17, 7, 1, 3
12, 17, 7, 1, 3
12, 17, 7, 2, 3
12, 17, 7, 2, 3
12, 17, 7, 3, 3
12, 17, 7, 3, 3
12, 17, 7, 4, 3
12, 17, 7, 4, 3
12, 17, 7, 5, 3
12, 17, 7, 5, 3
12, 17, 7, 6, 3
12, 17, 7, 6, 3
12, 17, 7, 8, 2
12, 17, 7, 14, 3
12, 17, 7, 15, 2
12, 17, 7, 15, 3
12, 41, 8, 1, 3
12, 41, 8, 1, 3
12, 41, 8, 1, 4
12, 41, 8, 1, 5
12, 41, 8, 1, 5
12, 41, 8, 2, 3
12, 41, 8, 2, 3
12, 41, 8, 2, 4
12, 41, 8, 2, 5
12, 41, 8, 2, 5
12, 41, 8, 3, 3
12, 41, 8, 3, 3
12, 41, 8, 3, 4
12, 41, 8, 3, 5
12, 41, 8, 3, 5
12, 41, 8, 4, 3
12, 41, 8, 4, 3
12, 41, 8, 4, 4
12, 41, 8, 4, 5
12, 41, 8, 4, 5
12, 41, 8, 5, 3
12, 41, 8, 5, 3
12, 41, 8, 5, 4
12, 41, 8, 5, 5
12, 41, 8, 5, 5
12, 41, 8, 6, 3
12, 41, 8, 6, 3
12, 41, 8, 6, 4
12, 41, 8, 6, 5
12, 41, 8, 6, 5
12, 41, 8, 7, 3
12, 41, 8, 7, 3
12, 41, 8, 7, 4
12, 41, 8, 7, 5
12, 41, 8, 7, 5
12, 41, 8, 16, 3
12, 41, 8, 16, 3
12, 41, 8, 16, 3
12, 41, 8, 16, 3
12, 41, 8, 16, 3
12, 41, 8, 16, 3
12, 17, 9, 1, 3
12, 17, 9, 1, 3
12, 17, 9, 2, 3
12, 17, 9, 2, 3
12, 17, 9, 3, 3
12, 17, 9, 3, 3
12, 17, 9, 4, 3
12, 17, 9, 4, 3
12, 17, 9, 5, 3
12, 17, 9, 5, 3
12, 17, 9, 6, 3
12, 17, 9, 6, 3
12, 17, 9, 7, 3
12, 17, 9, 7, 3
12, 17, 9, 8, 3
12, 17, 9, 16, 4
12, 17, 9, 16, 4
12, 17, 10, 1, 3
12, 17, 10, 1, 3
12, 17, 10, 2, 3
12, 17, 10, 2, 3
12, 17, 10, 3, 3
12, 17, 10, 3, 3
12, 17, 10, 4, 3
12, 17, 10, 4, 3
12, 17, 10, 5, 3
12, 17, 10, 5, 3
12, 17, 10, 6, 3
12, 17, 10, 6, 3
12, 17, 10, 7, 3
12, 17, 10, 7, 3
12, 17, 10, 8, 3
12, 17, 10, 16, 4
12, 17, 10, 16, 4
12, 17, 11, 1, 3
12, 17, 11, 1, 3
12, 17, 11, 2, 3
12, 17, 11, 2, 3
12, 17, 11, 3, 3
12, 17, 11, 3, 3
12, 17, 11, 4, 3
12, 17, 11, 4, 3
12, 17, 11, 5, 3
12, 17, 11, 5, 3
12, 17, 11, 6, 3
12, 17, 11, 6, 3
12, 17, 11, 7, 3
12, 17, 11, 7, 3
12, 17, 11, 8, 3
12, 17, 11, 16, 4
12, 17, 11, 16, 4
12, 17, 12, 1, 3
12, 17, 12, 1, 3
12, 17, 12, 2, 3
12, 17, 12, 2, 3
12, 17, 12, 3, 3
12, 17, 12, 3, 3
12, 17, 12, 4, 3
12, 17, 12, 4, 3
12, 17, 12, 5, 3
12, 17, 12, 5, 3
12, 17, 12, 6, 3
12, 17, 12, 6, 3
12, 17, 12, 7, 3
12, 17, 12, 7, 3
12, 17, 12, 8, 3
12, 17, 12, 16, 4
12, 17, 12, 16, 4
12, 17, 13, 1, 3
12, 17, 13, 1, 3
12, 17, 13, 2, 3
12, 17, 13, 2, 3
12, 17, 13, 3, 3
12, 17, 13, 3, 3
12, 17, 13, 4, 3
12, 17, 13, 4, 3
12, 17, 13, 5, 3
12, 17, 13, 5, 3
12, 17, 13, 6, 3
12, 17, 13, 6, 3
12, 17, 13, 7, 3
12, 17, 13, 7, 3
12, 17, 13, 8, 3
12, 17, 13, 16, 4
12, 17, 13, 16, 4
12, 17, 14, 1, 3
12, 17, 14, 1, 3
12, 17, 14, 2, 3
12, 17, 14, 2, 3
12, 17, 14, 3, 3
12, 17, 14, 3, 3
12, 17, 14, 4, 3
12, 17, 14, 4, 3
12, 17, 14, 5, 3
12, 17, 14, 5, 3
12, 17, 14, 6, 3
12, 17, 14, 6, 3
12, 17, 14, 7, 3
12, 17, 14, 7, 3
12, 17, 14, 8, 3
12, 17, 14, 16, 4
12, 17, 14, 16, 4
12, 28, 15, 1, 3
12, 28, 15, 1, 3
12, 28, 15, 1, 3
12, 28, 15, 1, 3
12, 28, 15, 2, 3
12, 28, 15, 2, 3
12, 28, 15, 2, 3
12, 28, 15, 2, 3
12, 28, 15, 3, 3
12, 28, 15, 3, 3
12, 28, 15, 3, 3
12, 28, 15, 3, 3
12, 28, 15, 4, 3
12, 28, 15, 4, 3
12, 28, 15, 4, 3
12, 28, 15, 4, 3
12, 28, 15, 5, 3
12, 28, 15, 5, 3
12, 28, 15, 5, 3
12, 28, 15, 5, 3
12, 28, 15, 6, 3
12, 28, 15, 6, 3
12, 28, 15, 6, 3
12, 28, 15, 6, 3
12, 28, 15, 7, 3
12, 28, 15, 7, 3
12, 28, 15, 7, 3
12, 28, 15, 7, 3
12, 14, 16, 1, 3
12, 14, 16, 1, 3
12, 14, 16, 2, 3
12, 14, 16, 2, 3
12, 14, 16, 3, 3
12, 14, 16, 3, 3
12, 14, 16, 4, 3
12, 14, 16, 4, 3
12, 14, 16, 5, 3
12, 14, 16, 5, 3
12, 14, 16, 6, 3
12, 14, 16, 6, 3
12, 14, 16, 7, 3
12, 14, 16, 7, 3
13, 21, 0, 1, 3
13, 21, 0, 1, 3
13, 21, 0, 1, 3
13, 21, 0, 2, 3
13, 21, 0, 2, 3
13, 21, 0, 2, 3
13, 21, 0, 3, 3
13, 21, 0, 3, 3
13, 21, 0, 3, 3
13, 21, 0, 4, 3
13, 21, 0, 4, 3
13, 21, 0, 4, 3
13, 21, 0, 5, 3
13, 21, 0, 5, 3
13, 21, 0, 5, 3
13, 21, 0, 6, 3
13, 21, 0, 6, 3
13, 21, 0, 6, 3
13, 21, 0, 7, 3
13, 21, 0, 7, 3
13, 21, 0, 7, 3
13, 17, 1, 0, 3
13, 17, 1, 2, 3
13, 17, 1, 2, 3
13, 17, 1, 3, 3
13, 17, 1, 3, 3
13, 17, 1, 4, 3
13, 17, 1, 4, 3
13, 17, 1, 5, 3
13, 17, 1, 5, 3
13, 17, 1, 6, 3
13, 17, 1, 6, 3
13, 17, 1, 7, 3
13, 17, 1, 7, 3
13, 17, 1, 8, 2
13, 17, 1, 9, 3
13, 17, 1, 15, 2
13, 17, 1, 15, 3
13, 17, 2, 0, 3
13, 17, 2, 1, 3
13, 17, 2, 1, 3
13, 17, 2, 3, 3
13, 17, 2, 3, 3
13, 17, 2, 4, 3
13, 17, 2, 4, 3
13, 17, 2, 5, 3
13, 17, 2, 5, 3
13, 17, 2, 6, 3
13, 17, 2, 6, 3
13, 17, 2, 7, 3
13, 17, 2, 7, 3
13, 17, 2, 8, 2
13, 17, 2, 10, 3
13, 17, 2, 15, 2
13, 17, 2, 15, 3
13, 13, 3, 1, 3
13, 13, 3, 1, 3
13, 13, 3, 2, 3
13, 13, 3, 2, 3
13, 13, 3, 4, 3
13, 13, 3, 4, 3
13, 13, 3, 5, 3
13, 13, 3, 5, 3
13, 13, 3, 6, 3
13, 13, 3, 6, 3
13, 13, 3, 7, 3
13, 13, 3, 7, 3
13, 13, 3, 15, 3
13, 17, 4, 0, 3
13, 17, 4, 1, 3
13, 17, 4, 1, 3
13, 17, 4, 2, 3
13, 17, 4, 2, 3
13, 17, 4, 3, 3
13, 17, 4, 3, 3
13, 17, 4, 5, 3
13, 17, 4, 5, 3
13, 17, 4, 6, 3
13, 17, 4, 6, 3
13, 17, 4, 7, 3
13, 17, 4, 7, 3
13, 17, 4, 8, 2
13, 17, 4, 11, 3
13, 17, 4, 15, 2
13, 17, 4, 15, 3
13, 17, 5, 0, 3
13, 17, 5, 1, 3
13, 17, 5, 1, 3
13, 17, 5, 2, 3
13, 17, 5, 2, 3
13, 17, 5, 3, 3
13, 17, 5, 3, 3
13, 17, 5, 4, 3
13, 17, 5, 4, 3
13, 17, 5, 6, 3
13, 17, 5, 6, 3
13, 17, 5, 7, 3
13, 17, 5, 7, 3
13, 17, 5, 8, 2
13, 17, 5, 12, 3
13, 17, 5, 15, 2
13, 17, 5, 15, 3
13, 17, 6, 0, 3
13, 17, 6, 1, 3
13, 17, 6, 1, 3
13, 17, 6, 2, 3
13, 17, 6, 2, 3
13, 17, 6, 3, 3
13, 17, 6, 3, 3
13, 17, 6, 4, 3
13, 17, 6, 4, 3
13, 17, 6, 5, 3
13, 17, 6, 5, 3
13, 17, 6, 7, 3
13, 17, 6, 7, 3
13, 17, 6, 8, 2
13, 17, 6, 13, 3
13, 17, 6, 15, 2
13, 17, 6, 15, 3
13, 17, 7, 0, 3
13, 17, 7, 1, 3
13, 17, 7, 1, 3
13, 17, 7, 2, 3
13, 17, 7, 2, 3
13, 17, 7, 3, 3
13, 17, 7, 3, 3
13, 17, 7, 4, 3
13, 17, 7, 4, 3
13, 17, 7, 5, 3
13, 17, 7, 5, 3
13, 17, 7, 6, 3
13, 17, 7, 6, 3
13, 17, 7, 8, 2
13, 17, 7, 14, 3
13, 17, 7, 15, 2
13, 17, 7, 15, 3
13, 41, 8, 1, 3
13, 41, 8, 1, 3
13, 41, 8, 1, 4
13, 41, 8, 1, 5
13, 41, 8, 1, 5
13, 41, 8, 2, 3
13, 41, 8, 2, 3
13, 41, 8, 2, 4
13, 41, 8, 2, 5
13, 41, 8, 2, 5
13, 41, 8, 3, 3
13, 41, 8, 3, 3
13, 41, 8, 3, 4
13, 41, 8, 3, 5
13, 41, 8, 3, 5
13, 41, 8, 4, 3
13, 41, 8, 4, 3
13, 41, 8, 4, 4
13, 41, 8, 4, 5
13, 41, 8, 4, 5
13, 41, 8, 5, 3
13, 41, 8, 5, 3
13, 41, 8, 5, 4
13, 41, 8, 5, 5
13, 41, 8, 5, 5
13, 41, 8, 6, 3
13, 41, 8, 6, 3
13, 41, 8, 6, 4
13, 41, 8, 6, 5
13, 41, 8, 6, 5
13, 41, 8, 7, 3
13, 41, 8, 7, 3
13, 41, 8, 7, 4
13, 41, 8, 7, 5
13, 41, 8, 7, 5
13, 41, 8, 16, 3
13, 41, 8, 16, 3
13, 41, 8, 16, 3
13, 41, 8, 16, 3
13, 41, 8, 16, 3
13, 41, 8, 16, 3
13, 17, 9, 1, 3
13, 17, 9, 1, 3
13, 17, 9, 2, 3
13, 17, 9, 2, 3
13, 17, 9, 3, 3
13, 17, 9, 3, 3
13, 17, 9, 4, 3
13, 17, 9, 4, 3
13, 17, 9, 5, 3
13, 17, 9, 5, 3
13, 17, 9, 6, 3
13, 17, 9, 6, 3
13, 17, 9, 7, 3
13, 17, 9, 7, 3
13, 17, 9, 8, 3
13, 17, 9, 16, 4
13, 17, 9, 16, 4
13, 17, 10, 1, 3
13, 17, 10, 1, 3
13, 17, 10, 2, 3
13, 17, 10, 2, 3
13, 17, 10, 3, 3
13, 17, 10, 3, 3
13, 17, 10, 4, 3
13, 17, 10, 4, 3
13, 17, 10, 5, 3
13, 17, 10, 5, 3
13, 17, 10, 6, 3
13, 17, 10, 6, 3
13, 17, 10, 7, 3
13, 17, 10, 7, 3
13, 17, 10, 8, 3
13, 17, 10, 16, 4
13, 17, 10, 16, 4
13, 17, 11, 1, 3
13, 17, 11, 1, 3
13, 17, 11, 2, 3
13, 17, 11, 2, 3
13, 17, 11, 3, 3
13, 17, 11, 3, 3
13, 17, 11, 4, 3
13, 17, 11, 4, 3
13, 17, 11, 5, 3
13, 17, 11, 5, 3
13, 17, 11, 6, 3
13, 17, 11, 6, 3
13, 17, 11, 7, 3
13, 17, 11, 7, 3
13, 17, 11, 8, 3
13, 17, 11, 16, 4
13, 17, 11, 16, 4
13, 17, 12, 1, 3
13, 17, 12, 1, 3
13, 17, 12, 2, 3
13, 17, 12, 2, 3
13, 17, 12, 3, 3
13, 17, 12, 3, 3
13, 17, 12, 4, 3
13, 17, 12, 4, 3
13, 17, 12, 5, 3
13, 17, 12, 5, 3
13, 17, 12, 6, 3
13, 17, 12, 6, 3
13, 17, 12, 7, 3
13, 17, 12, 7, 3
13, 17, 12, 8, 3
13, 17, 12, 16, 4
13, 17, 12, 16, 4
13, 17, 13, 1, 3
13, 17, 13, 1, 3
13, 17, 13, 2, 3
13, 17, 13, 2, 3
13, 17, 13, 3, 3
13, 17, 13, 3, 3
13, 17, 13, 4, 3
13, 17, 13, 4, 3
13, 17, 13, 5, 3
13, 17, 13, 5, 3
13, 17, 13, 6, 3
13, 17, 13, 6, 3
13, 17, 13, 7, 3
13, 17, 13, 7, 3
13, 17, 13, 8, 3
13, 17, 13, 16, 4
13, 17, 13, 16, 4
13, 17, 14, 1, 3
13, 17, 14, 1, 3
13, 17, 14, 2, 3
13, 17, 14, 2, 3
13, 17, 14, 3, 3
13, 17, 14, 3, 3
13, 17, 14, 4, 3
13, 17, 14, 4, 3
13, 17, 14, 5, 3
13, 17, 14, 5, 3
13, 17, 14, 6, 3
13, 17, 14, 6, 3
13, 17, 14, 7, 3
13, 17, 14, 7, 3
13, 17, 14, 8, 3
13, 17, 14, 16, 4
13, 17, 14, 16, 4
13, 28, 15, 1, 3
13, 28, 15, 1, 3
13, 28, 15, 1, 3
13, 28, 15, 1, 3
13, 28, 15, 2, 3
13, 28, 15, 2, 3
13, 28, 15, 2, 3
13, 28, 15, 2, 3
13, 28, 15, 3, 3
13, 28, 15, 3, 3
13, 28, 15, 3, 3
13, 28, 15, 3, 3
13, 28, 15, 4, 3
13, 28, 15, 4, 3
13, 28, 15, 4, 3
13, 28, 15, 4, 3
13, 28, 15, 5, 3
13, 28, 15, 5, 3
13, 28, 15, 5, 3
13, 28, 15, 5, 3
13, 28, 15, 6, 3
13, 28, 15, 6, 3
13, 28, 15, 6, 3
13, 28, 15, 6, 3
13, 28, 15, 7, 3
13, 28, 15, 7, 3
13, 28, 15, 7, 3
13, 28, 15, 7, 3
13, 14, 16, 1, 3
13, 14, 16, 1, 3
13, 14, 16, 2, 3
13, 14, 16, 2, 3
13, 14, 16, 3, 3
13, 14, 16, 3, 3
13, 14, 16, 4, 3
13, 14, 16, 4, 3
13, 14, 16, 5, 3
13, 14, 16, 5, 3
13, 14, 16, 6, 3
13, 14, 16, 6, 3
13, 14, 16, 7, 3
13, 14, 16, 7, 3
14, 21, 0, 1, 3
14, 21, 0, 1, 3
14, 21, 0, 1, 3
14, 21, 0, 2, 3
14, 21, 0, 2, 3
14, 21, 0, 2, 3
14, 21, 0, 3, 3
14, 21, 0, 3, 3
14, 21, 0, 3, 3
14, 21, 0, 4, 3
14, 21, 0, 4, 3
14, 21, 0, 4, 3
14, 21, 0, 5, 3
14, 21, 0, 5, 3
14, 21, 0, 5, 3
14, 21, 0, 6, 3
14, 21, 0, 6, 3
14, 21, 0, 6, 3
14, 21, 0, 7, 3
14, 21, 0, 7, 3
14, 21, 0, 7, 3
14, 17, 1, 0, 3
14, 17, 1, 2, 3
14, 17, 1, 2, 3
14, 17, 1, 3, 3
14, 17, 1, 3, 3
14, 17, 1, 4, 3
14, 17, 1, 4, 3
14, 17, 1, 5, 3
14, 17, 1, 5, 3
14, 17, 1, 6, 3
14, 17, 1, 6, 3
14, 17, 1, 7, 3
14, 17, 1, 7, 3
14, 17, 1, 8, 2
14, 17, 1, 9, 3
14, 17, 1, 15, 2
14, 17, 1, 15, 3
14, 17, 2, 0, 3
14, 17, 2, 1, 3
14, 17, 2, 1, 3
14, 17, 2, 3, 3
14, 17, 2, 3, 3
14, 17, 2, 4, 3
14, 17, 2, 4, 3
14, 17, 2, 5, 3
14, 17, 2, 5, 3
14, 17, 2, 6, 3
14, 17, 2, 6, 3
14, 17, 2, 7, 3
14, 17, 2, 7, 3
14, 17, 2, 8, 2
14, 17, 2, 10, 3
14, 17, 2, 15, 2
14, 17, 2, 15, 3
14, 17, 3, 0, 3
14, 17, 3, 1, 3
14, 17, 3, 1, 3
14, 17, 3, 2, 3
14, 17, 3, 2, 3
14, 17, 3, 4, 3
14, 17, 3, 4, 3
14, 17, 3, 5, 3
14, 17, 3, 5, 3
14, 17, 3, 6, 3
14, 17, 3, 6, 3
14, 17, 3, 7, 3
14, 17, 3, 7, 3
14, 17, 3, 8, 2
14, 17, 3, 11, 3
14, 17, 3, 15, 2
14, 17, 3, 15, 3
14, 13, 4, 1, 3
14, 13, 4, 1, 3
14, 13, 4, 2, 3
14, 13, 4, 2, 3
14, 13, 4, 3, 3
14, 13, 4, 3, 3
14, 13, 4, 5, 3
14, 13, 4, 5, 3
14, 13, 4, 6, 3
14, 13, 4, 6, 3
14, 13, 4, 7, 3
14, 13, 4, 7, 3
14, 13, 4, 15, 3
14, 17, 5, 0, 3
14, 17, 5, 1, 3
14, 17, 5, 1, 3
14, 17, 5, 2, 3
14, 17, 5, 2, 3
14, 17, 5, 3, 3
14, 17, 5, 3, 3
14, 17, 5, 4, 3
14, 17, 5, 4, 3
14, 17, 5, 6, 3
14, 17, 5, 6, 3
14, 17, 5, 7, 3
14, 17, 5, 7, 3
14, 17, 5, 8, 2
14, 17, 5, 12, 3
14, 17, 5, 15, 2
14, 17, 5, 15, 3
14, 17, 6, 0, 3
14, 17, 6, 1, 3
14, 17, 6, 1, 3
14, 17, 6, 2, 3
14, 17, 6, 2, 3
14, 17, 6, 3, 3
14, 17, 6, 3, 3
14, 17, 6, 4, 3
14, 17, 6, 4, 3
14, 17, 6, 5, 3
14, 17, 6, 5, 3
14, 17, 6, 7, 3
14, 17, 6, 7, 3
14, 17, 6, 8, 2
14, 17, 6, 13, 3
14, 17, 6, 15, 2
14, 17, 6, 15, 3
14, 17, 7, 0, 3
14, 17, 7, 1, 3
14, 17, 7, 1, 3
14, 17, 7, 2, 3
14, 17, 7, 2, 3
14, 17, 7, 3, 3
14, 17, 7, 3, 3
14, 17, 7, 4, 3
14, 17, 7, 4, 3
14, 17, 7, 5, 3
14, 17, 7, 5, 3
14, 17, 7, 6, 3
14, 17, 7, 6, 3
14, 17, 7, 8, 2
14, 17, 7, 14, 3
14, 17, 7, 15, 2
14, 17, 7, 15, 3
14, 41, 8, 1, 3
14, 41, 8, 1, 3
14, 41, 8, 1, 4
14, 41, 8, 1, 5
14, 41, 8, 1, 5
14, 41, 8, 2, 3
14, 41, 8, 2, 3
14, 41, 8, 2, 4
14, 41, 8, 2, 5
14, 41, 8, 2, 5
14, 41, 8, 3, 3
14, 41, 8, 3, 3
14, 41, 8, 3, 4
14, 41, 8, 3, 5
14, 41, 8, 3, 5
14, 41, 8, 4, 3
14, 41, 8, 4, 3
14, 41, 8, 4, 4
14, 41, 8, 4, 5
14, 41, 8, 4, 5
14, 41, 8, 5, 3
14, 41, 8, 5, 3
14, 41, 8, 5, 4
14, 41, 8, 5, 5
14, 41, 8, 5, 5
14, 41, 8, 6, 3
14, 41, 8, 6, 3
14, 41, 8, 6, 4
14, 41, 8, 6, 5
14, 41, 8, 6, 5
14, 41, 8, 7, 3
14, 41, 8, 7, 3
14, 41, 8, 7, 4
14, 41, 8, 7, 5
14, 41, 8, 7, 5
14, 41, 8, 16, 3
14, 41, 8, 16, 3
14, 41, 8, 16, 3
14, 41, 8, 16, 3
14, 41, 8, 16, 3
14, 41, 8, 16, 3
14, 17, 9, 1, 3
14, 17, 9, 1, 3
14, 17, 9, 2, 3
14, 17, 9, 2, 3
14, 17, 9, 3, 3
14, 17, 9, 3, 3
14, 17, 9, 4, 3
14, 17, 9, 4, 3
14, 17, 9, 5, 3
14, 17, 9, 5, 3
14, 17, 9, 6, 3
14, 17, 9, 6, 3
14, 17, 9, 7, 3
14, 17, 9, 7, 3
14, 17, 9, 8, 3
14, 17, 9, 16, 4
14, 17, 9, 16, 4
14, 17, 10, 1, 3
14, 17, 10, 1, 3
14, 17, 10, 2, 3
14, 17, 10, 2, 3
14, 17, 10, 3, 3
14, 17, 10, 3, 3
14, 17, 10, 4, 3
14, 17, 10, 4, 3
14, 17, 10, 5, 3
14, 17, 10, 5, 3
14, 17, 10, 6, 3
14, 17, 10, 6, 3
14, 17, 10, 7, 3
14, 17, 10, 7, 3
14, 17, 10, 8, 3
14, 17, 10, 16, 4
14, 17, 10, 16, 4
14, 17, 11, 1, 3
14, 17, 11, 1, 3
14, 17, 11, 2, 3
14, 17, 11, 2, 3
14, 17, 11, 3, 3
14, 17, 11, 3, 3
14, 17, 11, 4, 3
14, 17, 11, 4, 3
14, 17, 11, 5, 3
14, 17, 11, 5, 3
14, 17, 11, 6, 3
14, 17, 11, 6, 3
14, 17, 11, 7, 3
14, 17, 11, 7, 3
14, 17, 11, 8, 3
14, 17, 11, 16, 4
14, 17, 11, 16, 4
14, 17, 12, 1, 3
14, 17, 12, 1, 3
14, 17, 12, 2, 3
14, 17, 12, 2, 3
14, 17, 12, 3, 3
14, 17, 12, 3, 3
14, 17, 12, 4, 3
14, 17, 12, 4, 3
14, 17, 12, 5, 3
14, 17, 12, 5, 3
14, 17, 12, 6, 3
14, 17, 12, 6, 3
14, 17, 12, 7, 3
14, 17, 12, 7, 3
14, 17, 12, 8, 3
14, 17, 12, 16, 4
14, 17, 12, 16, 4
14, 17, 13, 1, 3
14, 17, 13, 1, 3
14, 17, 13, 2, 3
14, 17, 13, 2, 3
14, 17, 13, 3, 3
14, 17, 13, 3, 3
14, 17, 13, 4, 3
14, 17, 13, 4, 3
14, 17, 13, 5, 3
14, 17, 13, 5, 3
14, 17, 13, 6, 3
14, 17, 13, 6, 3
14, 17, 13, 7, 3
14, 17, 13, 7, 3
14, 17, 13, 8, 3
14, 17, 13, 16, 4
14, 17, 13, 16, 4
14, 17, 14, 1, 3
14, 17, 14, 1, 3
14, 17, 14, 2, 3
14, 17, 14, 2, 3
14, 17, 14, 3, 3
14, 17, 14, 3, 3
14, 17, 14, 4, 3
14, 17, 14, 4, 3
14, 17, 14, 5, 3
14, 17, 14, 5, 3
14, 17, 14, 6, 3
14, 17, 14, 6, 3
14, 17, 14, 7, 3
14, 17, 14, 7, 3
14, 17, 14, 8, 3
14, 17, 14, 16, 4
14, 17, 14, 16, 4
14, 28, 15, 1, 3
14, 28, 15, 1, 3
14, 28, 15, 1, 3
14, 28, 15, 1, 3
14, 28, 15, 2, 3
14, 28, 15, 2, 3
14, 28, 15, 2, 3
14, 28, 15, 2, 3
14, 28, 15, 3, 3
14, 28, 15, 3, 3
14, 28, 15, 3, 3
14, 28, 15, 3, 3
14, 28, 15, 4, 3
14, 28, 15, 4, 3
14, 28, 15, 4, 3
14, 28, 15, 4, 3
14, 28, 15, 5, 3
14, 28, 15, 5, 3
14, 28, 15, 5, 3
14, 28, 15, 5, 3
14, 28, 15, 6, 3
14, 28, 15, 6, 3
14, 28, 15, 6, 3
14, 28, 15, 6, 3
14, 28, 15, 7, 3
14, 28, 15, 7, 3
14, 28, 15, 7, 3
14, 28, 15, 7, 3
14, 14, 16, 1, 3
14, 14, 16, 1, 3
14, 14, 16, 2, 3
14, 14, 16, 2, 3
14, 14, 16, 3, 3
14, 14, 16, 3, 3
14, 14, 16, 4, 3
14, 14, 16, 4, 3
14, 14, 16, 5, 3
14, 14, 16, 5, 3
14, 14, 16, 6, 3
14, 14, 16, 6, 3
14, 14, 16, 7, 3
14, 14, 16, 7, 3
15, 21, 0, 1, 3
15, 21, 0, 1, 3
15, 21, 0, 1, 3
15, 21, 0, 2, 3
15, 21, 0, 2, 3
15, 21, 0, 2, 3
15, 21, 0, 3, 3
15, 21, 0, 3, 3
15, 21, 0, 3, 3
15, 21, 0, 4, 3
15, 21, 0, 4, 3
15, 21, 0, 4, 3
15, 21, 0, 5, 3
15, 21, 0, 5, 3
15, 21, 0, 5, 3
15, 21, 0, 6, 3
15, 21, 0, 6, 3
15, 21, 0, 6, 3
15, 21, 0, 7, 3
15, 21, 0, 7, 3
15, 21, 0, 7, 3
15, 17, 1, 0, 3
15, 17, 1, 2, 3
15, 17, 1, 2, 3
15, 17, 1, 3, 3
15, 17, 1, 3, 3
15, 17, 1, 4, 3
15, 17, 1, 4, 3
15, 17, 1, 5, 3
15, 17, 1, 5, 3
15, 17, 1, 6, 3
15, 17, 1, 6, 3
15, 17, 1, 7, 3
15, 17, 1, 7, 3
15, 17, 1, 8, 2
15, 17, 1, 9, 3
15, 17, 1, 15, 2
15, 17, 1, 15, 3
15, 17, 2, 0, 3
15, 17, 2, 1, 3
15, 17, 2, 1, 3
15, 17, 2, 3, 3
15, 17, 2, 3, 3
15, 17, 2, 4, 3
15, 17, 2, 4, 3
15, 17, 2, 5, 3
15, 17, 2, 5, 3
15, 17, 2, 6, 3
15, 17, 2, 6, 3
15, 17, 2, 7, 3
15, 17, 2, 7, 3
15, 17, 2, 8, 2
15, 17, 2, 10, 3
15, 17, 2, 15, 2
15, 17, 2, 15, 3
15, 17, 3, 0, 3
15, 17, 3, 1, 3
15, 17, 3, 1, 3
15, 17, 3, 2, 3
15, 17, 3, 2, 3
15, 17, 3, 4, 3
15, 17, 3, 4, 3
15, 17, 3, 5, 3
15, 17, 3, 5, 3
15, 17, 3, 6, 3
15, 17, 3, 6, 3
15, 17, 3, 7, 3
15, 17, 3, 7, 3
15, 17, 3, 8, 2
15, 17, 3, 11, 3
15, 17, 3, 15, 2
15, 17, 3, 15, 3
15, 17, 4, 0, 3
15, 17, 4, 1, 3
15, 17, 4, 1, 3
15, 17, 4, 2, 3
15, 17, 4, 2, 3
15, 17, 4, 3, 3
15, 17, 4, 3, 3
15, 17, 4, 5, 3
15, 17, 4, 5, 3
15, 17, 4, 6, 3
15, 17, 4, 6, 3
15, 17, 4, 7, 3
15, 17, 4, 7, 3
15, 17, 4, 8, 2
15, 17, 4, 12, 3
15, 17, 4, 15, 2
15, 17, 4, 15, 3
15, 13, 5, 1, 3
15, 13, 5, 1, 3
15, 13, 5, 2, 3
15, 13, 5, 2, 3
15, 13, 5, 3, 3
15, 13, 5, 3, 3
15, 13, 5, 4, 3
15, 13, 5, 4, 3
15, 13, 5, 6, 3
15, 13, 5, 6, 3
15, 13, 5, 7, 3
15, 13, 5, 7, 3
15, 13, 5, 15, 3
15, 17, 6, 0, 3
15, 17, 6, 1, 3
15, 17, 6, 1, 3
15, 17, 6, 2, 3
15, 17, 6, 2, 3
15, 17, 6, 3, 3
15, 17, 6, 3, 3
15, 17, 6, 4, 3
15, 17, 6, 4, 3
15, 17, 6, 5, 3
15, 17, 6, 5, 3
15, 17, 6, 7, 3
15, 17, 6, 7, 3
15, 17, 6, 8, 2
15, 17, 6, 13, 3
15, 17, 6, 15, 2
15, 17, 6, 15, 3
15, 17, 7, 0, 3
15, 17, 7, 1, 3
15, 17, 7, 1, 3
15, 17, 7, 2, 3
15, 17, 7, 2, 3
15, 17, 7, 3, 3
15, 17, 7, 3, 3
15, 17, 7, 4, 3
15, 17, 7, 4, 3
15, 17, 7, 5, 3
15, 17, 7, 5, 3
15, 17, 7, 6, 3
15, 17, 7, 6, 3
15, 17, 7, 8, 2
15, 17, 7, 14, 3
15, 17, 7, 15, 2
15, 17, 7, 15, 3
15, 41, 8, 1, 3
15, 41, 8, 1, 3
15, 41, 8, 1, 4
15, 41, 8, 1, 5
15, 41, 8, 1, 5
15, 41, 8, 2, 3
15, 41, 8, 2, 3
15, 41, 8, 2, 4
15, 41, 8, 2, 5
15, 41, 8, 2, 5
15, 41, 8, 3, 3
15, 41, 8, 3, 3
15, 41, 8, 3, 4
15, 41, 8, 3, 5
15, 41, 8, 3, 5
15, 41, 8, 4, 3
15, 41, 8, 4, 3
15, 41, 8, 4, 4
15, 41, 8, 4, 5
15, 41, 8, 4, 5
15, 41, 8, 5, 3
15, 41, 8, 5, 3
15, 41, 8, 5, 4
15, 41, 8, 5, 5
15, 41, 8, 5, 5
15, 41, 8, 6, 3
15, 41, 8, 6, 3
15, 41, 8, 6, 4
15, 41, 8, 6, 5
15, 41, 8, 6, 5
15, 41, 8, 7, 3
15, 41, 8, 7, 3
15, 41, 8, 7, 4
15, 41, 8, 7, 5
15, 41, 8, 7, 5
15, 41, 8, 16, 3
15, 41, 8, 16, 3
15, 41, 8, 16, 3
15, 41, 8, 16, 3
15, 41, 8, 16, 3
15, 41, 8, 16, 3
15, 17, 9, 1, 3
15, 17, 9, 1, 3
15, 17, 9, 2, 3
15, 17, 9, 2, 3
15, 17, 9, 3, 3
15, 17, 9, 3, 3
15, 17, 9, 4, 3
15, 17, 9, 4, 3
15, 17, 9, 5, 3
15, 17, 9, 5, 3
15, 17, 9, 6, 3
15, 17, 9, 6, 3
15, 17, 9, 7, 3
15, 17, 9, 7, 3
15, 17, 9, 8, 3
15, 17, 9, 16, 4
15, 17, 9, 16, 4
15, 17, 10, 1, 3
15, 17, 10, 1, 3
15, 17, 10, 2, 3
15, 17, 10, 2, 3
15, 17, 10, 3, 3
15, 17, 10, 3, 3
15, 17, 10, 4, 3
15, 17, 10, 4, 3
15, 17, 10, 5, 3
15, 17, 10, 5, 3
15, 17, 10, 6, 3
15, 17, 10, 6, 3
15, 17, 10, 7, 3
15, 17, 10, 7, 3
15, 17, 10, 8, 3
15, 17, 10, 16, 4
15, 17, 10, 16, 4
15, 17, 11, 1, 3
15, 17, 11, 1, 3
15, 17, 11, 2, 3
15, 17, 11, 2, 3
15, 17, 11, 3, 3
15, 17, 11, 3, 3
15, 17, 11, 4, 3
15, 17, 11, 4, 3
15, 17, 11, 5, 3
15, 17, 11, 5, 3
15, 17, 11, 6, 3
15, 17, 11, 6, 3
15, 17, 11, 7, 3
15, 17, 11, 7, 3
15, 17, 11, 8, 3
15, 17, 11, 16, 4
15, 17, 11, 16, 4
15, 17, 12, 1, 3
15, 17, 12, 1, 3
15, 17, 12, 2, 3
15, 17, 12, 2, 3
15, 17, 12, 3, 3
15, 17, 12, 3, 3
15, 17, 12, 4, 3
15, 17, 12, 4, 3
15, 17, 12, 5, 3
15, 17, 12, 5, 3
15, 17, 12, 6, 3
15, 17, 12, 6, 3
15, 17, 12, 7, 3
15, 17, 12, 7, 3
15, 17, 12, 8, 3
15, 17, 12, 16, 4
15, 17, 12, 16, 4
15, 17, 13, 1, 3
15, 17, 13, 1, 3
15, 17, 13, 2, 3
15, 17, 13, 2, 3
15, 17, 13, 3, 3
15, 17, 13, 3, 3
15, 17, 13, 4, 3
15, 17, 13, 4, 3
15, 17, 13, 5, 3
15, 17, 13, 5, 3
15, 17, 13, 6, 3
15, 17, 13, 6, 3
15, 17, 13, 7, 3
15, 17, 13, 7, 3
15, 17, 13, 8, 3
15, 17, 13, 16, 4
15, 17, 13, 16, 4
15, 17, 14, 1, 3
15, 17, 14, 1, 3
15, 17, 14, 2, 3
15, 17, 14, 2, 3
15, 17, 14, 3, 3
15, 17, 14, 3, 3
15, 17, 14, 4, 3
15, 17, 14, 4, 3
15, 17, 14, 5, 3
15, 17, 14, 5, 3
15, 17, 14, 6, 3
15, 17, 14, 6, 3
15, 17, 14, 7, 3
15, 17, 14, 7, 3
15, 17, 14, 8, 3
15, 17, 14, 16, 4
15, 17, 14, 16, 4
15, 28, 15, 1, 3
15, 28, 15, 1, 3
15, 28, 15, 1, 3
15, 28, 15, 1, 3
15, 28, 15, 2, 3
15, 28, 15, 2, 3
15, 28, 15, 2, 3
15, 28, 15, 2, 3
15, 28, 15, 3, 3
15, 28, 15, 3, 3
15, 28, 15, 3, 3
15, 28, 15, 3, 3
15, 28, 15, 4, 3
15, 28, 15, 4, 3
15, 28, 15, 4, 3
15, 28, 15, 4, 3
15, 28, 15, 5, 3
15, 28, 15, 5, 3
15, 28, 15, 5, 3
15, 28, 15, 5, 3
15, 28, 15, 6, 3
15, 28, 15, 6, 3
15, 28, 15, 6, 3
15, 28, 15, 6, 3
15, 28, 15, 7, 3
15, 28, 15, 7, 3
15, 28, 15, 7, 3
15, 28, 15, 7, 3
15, 14, 16, 1, 3
15, 14, 16, 1, 3
15, 14, 16, 2, 3
15, 14, 16, 2, 3
15, 14, 16, 3, 3
15, 14, 16, 3, 3
15, 14, 16, 4, 3
15, 14, 16, 4, 3
15, 14, 16, 5, 3
15, 14, 16, 5, 3
15, 14, 16, 6, 3
15, 14, 16, 6, 3
15, 14, 16, 7, 3
15, 14, 16, 7, 3
16, 21, 0, 1, 3
16, 21, 0, 1, 3
16, 21, 0, 1, 3
16, 21, 0, 2, 3
16, 21, 0, 2, 3
16, 21, 0, 2, 3
16, 21, 0, 3, 3
16, 21, 0, 3, 3
16, 21, 0, 3, 3
16, 21, 0, 4, 3
16, 21, 0, 4, 3
16, 21, 0, 4, 3
16, 21, 0, 5, 3
16, 21, 0, 5, 3
16, 21, 0, 5, 3
16, 21, 0, 6, 3
16, 21, 0, 6, 3
16, 21, 0, 6, 3
16, 21, 0, 7, 3
16, 21, 0, 7, 3
16, 21, 0, 7, 3
16, 17, 1, 0, 3
16, 17, 1, 2, 3
16, 17, 1, 2, 3
16, 17, 1, 3, 3
16, 17, 1, 3, 3
16, 17, 1, 4, 3
16, 17, 1, 4, 3
16, 17, 1, 5, 3
16, 17, 1, 5, 3
16, 17, 1, 6, 3
16, 17, 1, 6, 3
16, 17, 1, 7, 3
16, 17, 1, 7, 3
16, 17, 1, 8, 2
16, 17, 1, 9, 3
16, 17, 1, 15, 2
16, 17, 1, 15, 3
16, 17, 2, 0, 3
16, 17, 2, 1, 3
16, 17, 2, 1, 3
16, 17, 2, 3, 3
16, 17, 2, 3, 3
16, 17, 2, 4, 3
16, 17, 2, 4, 3
16, 17, 2, 5, 3
16, 17, 2, 5, 3
16, 17, 2, 6, 3
16, 17, 2, 6, 3
16, 17, 2, 7, 3
16, 17, 2, 7, 3
16, 17, 2, 8, 2
16, 17, 2, 10, 3
16, 17, 2, 15, 2
16, 17, 2, 15, 3
16, 17, 3, 0, 3
16, 17, 3, 1, 3
16, 17, 3, 1, 3
16, 17, 3, 2, 3
16, 17, 3, 2, 3
16, 17, 3, 4, 3
16, 17, 3, 4, 3
16, 17, 3, 5, 3
16, 17, 3, 5, 3
16, 17, 3, 6, 3
16, 17, 3, 6, 3
16, 17, 3, 7, 3
16, 17, 3, 7, 3
16, 17, 3, 8, 2
16, 17, 3, 11, 3
16, 17, 3, 15, 2
16, 17, 3, 15, 3
16, 17, 4, 0, 3
16, 17, 4, 1, 3
16, 17, 4, 1, 3
16, 17, 4, 2, 3
16, 17, 4, 2, 3
16, 17, 4, 3, 3
16, 17, 4, 3, 3
16, 17, 4, 5, 3
16, 17, 4, 5, 3
16, 17, 4, 6, 3
16, 17, 4, 6, 3
16, 17, 4, 7, 3
16, 17, 4, 7, 3
16, 17, 4, 8, 2
16, 17, 4, 12, 3
16, 17, 4, 15, 2
16, 17, 4, 15, 3
16, 17, 5, 0, 3
16, 17, 5, 1, 3
16, 17, 5, 1, 3
16, 17, 5, 2, 3
16, 17, 5, 2, 3
16, 17, 5, 3, 3
16, 17, 5, 3, 3
16, 17, 5, 4, 3
16, 17, 5, 4, 3
16, 17, 5, 6, 3
16, 17, 5, 6, 3
16, 17, 5, 7, 3
16, 17, 5, 7, 3
16, 17, 5, 8, 2
16, 17, 5, 13, 3
16, 17, 5, 15, 2
16, 17, 5, 15, 3
16, 13, 6, 1, 3
16, 13, 6, 1, 3
16, 13, 6, 2, 3
16, 13, 6, 2, 3
16, 13, 6, 3, 3
16, 13, 6, 3, 3
16, 13, 6, 4, 3
16, 13, 6, 4, 3
16, 13, 6, 5, 3
16, 13, 6, 5, 3
16, 13, 6, 7, 3
16, 13, 6, 7, 3
16, 13, 6, 15, 3
16, 17, 7, 0, 3
16, 17, 7, 1, 3
16, 17, 7, 1, 3
16, 17, 7, 2, 3
16, 17, 7, 2, 3
16, 17, 7, 3, 3
16, 17, 7, 3, 3
16, 17, 7, 4, 3
16, 17, 7, 4, 3
16, 17, 7, 5, 3
16, 17, 7, 5, 3
16, 17, 7, 6, 3
16, 17, 7, 6, 3
16, 17, 7, 8, 2
16, 17, 7, 14, 3
16, 17, 7, 15, 2
16, 17, 7, 15, 3
16, 41, 8, 1, 3
16, 41, 8, 1, 3
16, 41, 8, 1, 4
16, 41, 8, 1, 5
16, 41, 8, 1, 5
16, 41, 8, 2, 3
16, 41, 8, 2, 3
16, 41, 8, 2, 4
16, 41, 8, 2, 5
16, 41, 8, 2, 5
16, 41, 8, 3, 3
16, 41, 8, 3, 3
16, 41, 8, 3, 4
16, 41, 8, 3, 5
16, 41, 8, 3, 5
16, 41, 8, 4, 3
16, 41, 8, 4, 3
16, 41, 8, 4, 4
16, 41, 8, 4, 5
16, 41, 8, 4, 5
16, 41, 8, 5, 3
16, 41, 8, 5, 3
16, 41, 8, 5, 4
16, 41, 8, 5, 5
16, 41, 8, 5, 5
16, 41, 8, 6, 3
16, 41, 8, 6, 3
16, 41, 8, 6, 4
16, 41, 8, 6, 5
16, 41, 8, 6, 5
16, 41, 8, 7, 3
16, 41, 8, 7, 3
16, 41, 8, 7, 4
16, 41, 8, 7, 5
16, 41, 8, 7, 5
16, 41, 8, 16, 3
16, 41, 8, 16, 3
16, 41, 8, 16, 3
16, 41, 8, 16, 3
16, 41, 8, 16, 3
16, 41, 8, 16, 3
16, 17, 9, 1, 3
16, 17, 9, 1, 3
16, 17, 9, 2, 3
16, 17, 9, 2, 3
16, 17, 9, 3, 3
16, 17, 9, 3, 3
16, 17, 9, 4, 3
16, 17, 9, 4, 3
16, 17, 9, 5, 3
16, 17, 9, 5, 3
16, 17, 9, 6, 3
16, 17, 9, 6, 3
16, 17, 9, 7, 3
16, 17, 9, 7, 3
16, 17, 9, 8, 3
16, 17, 9, 16, 4
16, 17, 9, 16, 4
16, 17, 10, 1, 3
16, 17, 10, 1, 3
16, 17, 10, 2, 3
16, 17, 10, 2, 3
16, 17, 10, 3, 3
16, 17, 10, 3, 3
16, 17, 10, 4, 3
16, 17, 10, 4, 3
16, 17, 10, 5, 3
16, 17, 10, 5, 3
16, 17, 10, 6, 3
16, 17, 10, 6, 3
16, 17, 10, 7, 3
16, 17, 10, 7, 3
16, 17, 10, 8, 3
16, 17, 10, 16, 4
16, 17, 10, 16, 4
16, 17, 11, 1, 3
16, 17, 11, 1, 3
16, 17, 11, 2, 3
16, 17, 11, 2, 3
16, 17, 11, 3, 3
16, 17, 11, 3, 3
16, 17, 11, 4, 3
16, 17, 11, 4, 3
16, 17, 11, 5, 3
16, 17, 11, 5, 3
16, 17, 11, 6, 3
16, 17, 11, 6, 3
16, 17, 11, 7, 3
16, 17, 11, 7, 3
16, 17, 11, 8, 3
16, 17, 11, 16, 4
16, 17, 11, 16, 4
16, 17, 12, 1, 3
16, 17, 12, 1, 3
16, 17, 12, 2, 3
16, 17, 12, 2, 3
16, 17, 12, 3, 3
16, 17, 12, 3, 3
16, 17, 12, 4, 3
16, 17, 12, 4, 3
16, 17, 12, 5, 3
16, 17, 12, 5, 3
16, 17, 12, 6, 3
16, 17, 12, 6, 3
16, 17, 12, 7, 3
16, 17, 12, 7, 3
16, 17, 12, 8, 3
16, 17, 12, 16, 4
16, 17, 12, 16, 4
16, 17, 13, 1, 3
16, 17, 13, 1, 3
16, 17, 13, 2, 3
16, 17, 13, 2, 3
16, 17, 13, 3, 3
16, 17, 13, 3, 3
16, 17, 13, 4, 3
16, 17, 13, 4, 3
16, 17, 13, 5, 3
16, 17, 13, 5, 3
16, 17, 13, 6, 3
16, 17, 13, 6, 3
16, 17, 13, 7, 3
16, 17, 13, 7, 3
16, 17, 13, 8, 3
16, 17, 13, 16, 4
16, 17, 13, 16, 4
16, 17, 14, 1, 3
16, 17, 14, 1, 3
16, 17, 14, 2, 3
16, 17, 14, 2, 3
16, 17, 14, 3, 3
16, 17, 14, 3, 3
16, 17, 14, 4, 3
16, 17, 14, 4, 3
16, 17, 14, 5, 3
16, 17, 14, 5, 3
16, 17, 14, 6, 3
16, 17, 14, 6, 3
16, 17, 14, 7, 3
16, 17, 14, 7, 3
16, 17, 14, 8, 3
16, 17, 14, 16, 4
16, 17, 14, 16, 4
16, 28, 15, 1, 3
16, 28, 15, 1, 3
16, 28, 15, 1, 3
16, 28, 15, 1, 3
16, 28, 15, 2, 3
16, 28, 15, 2, 3
16, 28, 15, 2, 3
16, 28, 15, 2, 3
16, 28, 15, 3, 3
16, 28, 15, 3, 3
16, 28, 15, 3, 3
16, 28, 15, 3, 3
16, 28, 15, 4, 3
16, 28, 15, 4, 3
16, 28, 15, 4, 3
16, 28, 15, 4, 3
16, 28, 15, 5, 3
16, 28, 15, 5, 3
16, 28, 15, 5, 3
16, 28, 15, 5, 3
16, 28, 15, 6, 3
16, 28, 15, 6, 3
16, 28, 15, 6, 3
16, 28, 15, 6, 3
16, 28, 15, 7, 3
16, 28, 15, 7, 3
16, 28, 15, 7, 3
16, 28, 15, 7, 3
16, 14, 16, 1, 3
16, 14, 16, 1, 3
16, 14, 16, 2, 3
16, 14, 16, 2, 3
16, 14, 16, 3, 3
16, 14, 16, 3, 3
16, 14, 16, 4, 3
16, 14, 16, 4, 3
16, 14, 16, 5, 3
16, 14, 16, 5, 3
16, 14, 16, 6, 3
16, 14, 16, 6, 3
16, 14, 16, 7, 3
16, 14, 16, 7, 3
17, 21, 0, 1, 3
17, 21, 0, 1, 3
17, 21, 0, 1, 3
17, 21, 0, 2, 3
17, 21, 0, 2, 3
17, 21, 0, 2, 3
17, 21, 0, 3, 3
17, 21, 0, 3, 3
17, 21, 0, 3, 3
17, 21, 0, 4, 3
17, 21, 0, 4, 3
17, 21, 0, 4, 3
17, 21, 0, 5, 3
17, 21, 0, 5, 3
17, 21, 0, 5, 3
17, 21, 0, 6, 3
17, 21, 0, 6, 3
17, 21, 0, 6, 3
17, 21, 0, 7, 3
17, 21, 0, 7, 3
17, 21, 0, 7, 3
17, 17, 1, 0, 3
17, 17, 1, 2, 3
17, 17, 1, 2, 3
17, 17, 1, 3, 3
17, 17, 1, 3, 3
17, 17, 1, 4, 3
17, 17, 1, 4, 3
17, 17, 1, 5, 3
17, 17, 1, 5, 3
17, 17, 1, 6, 3
17, 17, 1, 6, 3
17, 17, 1, 7, 3
17, 17, 1, 7, 3
17, 17, 1, 8, 2
17, 17, 1, 9, 3
17, 17, 1, 15, 2
17, 17, 1, 15, 3
17, 17, 2, 0, 3
17, 17, 2, 1, 3
17, 17, 2, 1, 3
17, 17, 2, 3, 3
17, 17, 2, 3, 3
17, 17, 2, 4, 3
17, 17, 2, 4, 3
17, 17, 2, 5, 3
17, 17, 2, 5, 3
17, 17, 2, 6, 3
17, 17, 2, 6, 3
17, 17, 2, 7, 3
17, 17, 2, 7, 3
17, 17, 2, 8, 2
17, 17, 2, 10, 3
17, 17, 2, 15, 2
17, 17, 2, 15, 3
17, 17, 3, 0, 3
17, 17, 3, 1, 3
17, 17, 3, 1, 3
17, 17, 3, 2, 3
17, 17, 3, 2, 3
17, 17, 3, 4, 3
17, 17, 3, 4, 3
17, 17, 3, 5, 3
17, 17, 3, 5, 3
17, 17, 3, 6, 3
17, 17, 3, 6, 3
17, 17, 3, 7, 3
17, 17, 3, 7, 3
17, 17, 3, 8, 2
17, 17, 3, 11, 3
17, 17, 3, 15, 2
17, 17, 3, 15, 3
17, 17, 4, 0, 3
17, 17, 4, 1, 3
17, 17, 4, 1, 3
17, 17, 4, 2, 3
17, 17, 4, 2, 3
17, 17, 4, 3, 3
17, 17, 4, 3, 3
17, 17, 4, 5, 3
17, 17, 4, 5, 3
17, 17, 4, 6, 3
17, 17, 4, 6, 3
17, 17, 4, 7, 3
17, 17, 4, 7, 3
17, 17, 4, 8, 2
17, 17, 4, 12, 3
17, 17, 4, 15, 2
17, 17, 4, 15, 3
17, 17, 5, 0, 3
17, 17, 5, 1, 3
17, 17, 5, 1, 3
17, 17, 5, 2, 3
17, 17, 5, 2, 3
17, 17, 5, 3, 3
17, 17, 5, 3, 3
17, 17, 5, 4, 3
17, 17, 5, 4, 3
17, 17, 5, 6, 3
17, 17, 5, 6, 3
17, 17, 5, 7, 3
17, 17, 5, 7, 3
17, 17, 5, 8, 2
17, 17, 5, 13, 3
17, 17, 5, 15, 2
17, 17, 5, 15, 3
17, 17, 6, 0, 3
17, 17, 6, 1, 3
17, 17, 6, 1, 3
17, 17, 6, 2, 3
17, 17, 6, 2, 3
17, 17, 6, 3, 3
17, 17, 6, 3, 3
17, 17, 6, 4, 3
17, 17, 6, 4, 3
17, 17, 6, 5, 3
17, 17, 6, 5, 3
17, 17, 6, 7, 3
17, 17, 6, 7, 3
17, 17, 6, 8, 2
17, 17, 6, 14, 3
17, 17, 6, 15, 2
17, 17, 6, 15, 3
17, 13, 7, 1, 3
17, 13, 7, 1, 3
17, 13, 7, 2, 3
17, 13, 7, 2, 3
17, 13, 7, 3, 3
17, 13, 7, 3, 3
17, 13, 7, 4, 3
17, 13, 7, 4, 3
17, 13, 7, 5, 3
17, 13, 7, 5, 3
17, 13, 7, 6, 3
17, 13, 7, 6, 3
17, 13, 7, 15, 3
17, 41, 8, 1, 3
17, 41, 8, 1, 3
17, 41, 8, 1, 4
17, 41, 8, 1, 5
17, 41, 8, 1, 5
17, 41, 8, 2, 3
17, 41, 8, 2, 3
17, 41, 8, 2, 4
17, 41, 8, 2, 5
17, 41, 8, 2, 5
17, 41, 8, 3, 3
17, 41, 8, 3, 3
17, 41, 8, 3, 4
17, 41, 8, 3, 5
17, 41, 8, 3, 5
17, 41, 8, 4, 3
17, 41, 8, 4, 3
17, 41, 8, 4, 4
17, 41, 8, 4, 5
17, 41, 8, 4, 5
17, 41, 8, 5, 3
17, 41, 8, 5, 3
17, 41, 8, 5, 4
17, 41, 8, 5, 5
17, 41, 8, 5, 5
17, 41, 8, 6, 3
17, 41, 8, 6, 3
17, 41, 8, 6, 4
17, 41, 8, 6, 5
17, 41, 8, 6, 5
17, 41, 8, 7, 3
17, 41, 8, 7, 3
17, 41, 8, 7, 4
17, 41, 8, 7, 5
17, 41, 8, 7, 5
17, 41, 8, 16, 3
17, 41, 8, 16, 3
17, 41, 8, 16, 3
17, 41, 8, 16, 3
17, 41, 8, 16, 3
17, 41, 8, 16, 3
17, 17, 9, 1, 3
17, 17, 9, 1, 3
17, 17, 9, 2, 3
17, 17, 9, 2, 3
17, 17, 9, 3, 3
17, 17, 9, 3, 3
17, 17, 9, 4, 3
17, 17, 9, 4, 3
17, 17, 9, 5, 3
17, 17, 9, 5, 3
17, 17, 9, 6, 3
17, 17, 9, 6, 3
17, 17, 9, 7, 3
17, 17, 9, 7, 3
17, 17, 9, 8, 3
17, 17, 9, 16, 4
17, 17, 9, 16, 4
17, 17, 10, 1, 3
17, 17, 10, 1, 3
17, 17, 10, 2, 3
17, 17, 10, 2, 3
17, 17, 10, 3, 3
17, 17, 10, 3, 3
17, 17, 10, 4, 3
17, 17, 10, 4, 3
17, 17, 10, 5, 3
17, 17, 10, 5, 3
17, 17, 10, 6, 3
17, 17, 10, 6, 3
17, 17, 10, 7, 3
17, 17, 10, 7, 3
17, 17, 10, 8, 3
17, 17, 10, 16, 4
17, 17, 10, 16, 4
17, 17, 11, 1, 3
17, 17, 11, 1, 3
17, 17, 11, 2, 3
17, 17, 11, 2, 3
17, 17, 11, 3, 3
17, 17, 11, 3, 3
17, 17, 11, 4, 3
17, 17, 11, 4, 3
17, 17, 11, 5, 3
17, 17, 11, 5, 3
17, 17, 11, 6, 3
17, 17, 11, 6, 3
17, 17, 11, 7, 3
17, 17, 11, 7, 3
17, 17, 11, 8, 3
17, 17, 11, 16, 4
17, 17, 11, 16, 4
17, 17, 12, 1, 3
17, 17, 12, 1, 3
17, 17, 12, 2, 3
17, 17, 12, 2, 3
17, 17, 12, 3, 3
17, 17, 12, 3, 3
17, 17, 12, 4, 3
17, 17, 12, 4, 3
17, 17, 12, 5, 3
17, 17, 12, 5, 3
17, 17, 12, 6, 3
17, 17, 12, 6, 3
17, 17, 12, 7, 3
17, 17, 12, 7, 3
17, 17, 12, 8, 3
17, 17, 12, 16, 4
17, 17, 12, 16, 4
17, 17, 13, 1, 3
17, 17, 13, 1, 3
17, 17, 13, 2, 3
17, 17, 13, 2, 3
17, 17, 13, 3, 3
17, 17, 13, 3, 3
17, 17, 13, 4, 3
17, 17, 13, 4, 3
17, 17, 13, 5, 3
17, 17, 13, 5, 3
17, 17, 13, 6, 3
17, 17, 13, 6, 3
17, 17, 13, 7, 3
17, 17, 13, 7, 3
17, 17, 13, 8, 3
17, 17, 13, 16, 4
17, 17, 13, 16, 4
17, 17, 14, 1, 3
17, 17, 14, 1, 3
17, 17, 14, 2, 3
17, 17, 14, 2, 3
17, 17, 14, 3, 3
17, 17, 14, 3, 3
17, 17, 14, 4, 3
17, 17, 14, 4, 3
17, 17, 14, 5, 3
17, 17, 14, 5, 3
17, 17, 14, 6, 3
17, 17, 14, 6, 3
17, 17, 14, 7, 3
17, 17, 14, 7, 3
17, 17, 14, 8, 3
17, 17, 14, 16, 4
17, 17, 14, 16, 4
17, 28, 15, 1, 3
17, 28, 15, 1, 3
17, 28, 15, 1, 3
17, 28, 15, 1, 3
17, 28, 15, 2, 3
17, 28, 15, 2, 3
17, 28, 15, 2, 3
17, 28, 15, 2, 3
17, 28, 15, 3, 3
17, 28, 15, 3, 3
17, 28, 15, 3, 3
17, 28, 15, 3, 3
17, 28, 15, 4, 3
17, 28, 15, 4, 3
17, 28, 15, 4, 3
17, 28, 15, 4, 3
17, 28, 15, 5, 3
17, 28, 15, 5, 3
17, 28, 15, 5, 3
17, 28, 15, 5, 3
17, 28, 15, 6, 3
17, 28, 15, 6, 3
17, 28, 15, 6, 3
17, 28, 15, 6, 3
17, 28, 15, 7, 3
17, 28, 15, 7, 3
17, 28, 15, 7, 3
17, 28, 15, 7, 3
17, 14, 16, 1, 3
17, 14, 16, 1, 3
17, 14, 16, 2, 3
17, 14, 16, 2, 3
17, 14, 16, 3, 3
17, 14, 16, 3, 3
17, 14, 16, 4, 3
17, 14, 16, 4, 3
17, 14, 16, 5, 3
17, 14, 16, 5, 3
17, 14, 16, 6, 3
17, 14, 16, 6, 3
17, 14, 16, 7, 3
17, 14, 16, 7, 3
Goal
4
5
6
7
8
9
10
11
12
13
14
15
16
17
