CG
269
0, 1, 267, 180
1, 3, 0, 2
1, 3, 197, 2
1, 3, 267, 1
2, 3, 0, 2
2, 3, 237, 1
2, 3, 54, 1
3, 2, 0, 1
3, 2, 237, 1
4, 4, 0, 1
4, 4, 5, 1
4, 4, 6, 1
4, 4, 7, 1
5, 2, 0, 1
5, 2, 165, 1
6, 2, 0, 1
6, 2, 166, 1
7, 2, 0, 1
7, 2, 167, 1
8, 2, 0, 2
8, 2, 9, 2
9, 2, 0, 1
9, 2, 199, 1
10, 5, 0, 1
10, 5, 11, 1
10, 5, 12, 1
10, 5, 13, 1
10, 5, 14, 1
11, 2, 0, 1
11, 2, 15, 1
12, 2, 0, 1
12, 2, 52, 1
13, 2, 0, 1
13, 2, 53, 1
14, 2, 0, 1
14, 2, 16, 1
15, 2, 0, 1
15, 2, 212, 1
16, 4, 0, 1
16, 4, 17, 1
16, 4, 18, 1
16, 4, 19, 1
17, 2, 0, 1
17, 2, 169, 1
18, 2, 0, 1
18, 2, 170, 1
19, 2, 0, 1
19, 2, 171, 1
20, 3, 0, 2
20, 3, 52, 1
20, 3, 213, 1
21, 3, 0, 2
21, 3, 53, 1
21, 3, 214, 1
22, 4, 0, 1
22, 4, 23, 1
22, 4, 24, 1
22, 4, 55, 1
23, 2, 0, 1
23, 2, 173, 1
24, 2, 0, 1
24, 2, 174, 1
25, 2, 0, 1
25, 2, 217, 1
26, 2, 0, 1
26, 2, 27, 1
27, 5, 0, 1
27, 5, 28, 1
27, 5, 29, 1
27, 5, 30, 1
27, 5, 31, 1
28, 2, 0, 1
28, 2, 221, 1
29, 2, 0, 1
29, 2, 222, 1
30, 2, 0, 1
30, 2, 223, 1
31, 2, 0, 1
31, 2, 224, 1
32, 2, 0, 1
32, 2, 33, 1
33, 2, 0, 1
33, 2, 197, 1
34, 2, 0, 1
34, 2, 218, 1
35, 2, 0, 1
35, 2, 219, 1
36, 4, 0, 1
36, 4, 37, 1
36, 4, 38, 1
36, 4, 39, 1
37, 2, 0, 1
37, 2, 175, 1
38, 2, 0, 1
38, 2, 40, 1
39, 2, 0, 1
39, 2, 41, 1
40, 5, 0, 1
40, 5, 42, 1
40, 5, 43, 1
40, 5, 44, 1
40, 5, 45, 1
41, 2, 0, 1
41, 2, 176, 1
42, 2, 0, 1
42, 2, 226, 1
43, 2, 0, 1
43, 2, 227, 1
44, 2, 0, 1
44, 2, 228, 1
45, 2, 0, 1
45, 2, 229, 1
46, 2, 0, 1
46, 2, 47, 1
47, 2, 0, 1
47, 2, 48, 1
48, 2, 0, 1
48, 2, 266, 1
49, 4, 0, 1
49, 4, 50, 1
49, 4, 56, 1
49, 4, 51, 1
50, 2, 0, 1
50, 2, 179, 1
51, 2, 0, 1
51, 2, 180, 1
52, 2, 0, 1
52, 2, 20, 1
53, 2, 0, 1
53, 2, 21, 1
54, 2, 0, 1
54, 2, 2, 1
55, 3, 0, 2
55, 3, 209, 2
55, 3, 267, 1
56, 3, 0, 2
56, 3, 210, 2
56, 3, 267, 1
57, 3, 0, 2
57, 3, 231, 2
57, 3, 267, 1
58, 3, 0, 2
58, 3, 86, 2
58, 3, 267, 1
59, 3, 0, 2
59, 3, 87, 2
59, 3, 267, 1
60, 3, 0, 2
60, 3, 61, 2
60, 3, 267, 1
61, 4, 0, 1
61, 4, 88, 1
61, 4, 62, 1
61, 4, 89, 1
62, 3, 0, 2
62, 3, 63, 2
62, 3, 267, 1
63, 3, 0, 1
63, 3, 64, 1
63, 3, 90, 1
64, 3, 0, 2
64, 3, 182, 2
64, 3, 267, 1
65, 3, 0, 5
65, 3, 91, 5
65, 3, 267, 1
66, 3, 0, 2
66, 3, 251, 2
66, 3, 267, 1
67, 3, 0, 2
67, 3, 252, 2
67, 3, 267, 1
68, 3, 0, 2
68, 3, 253, 2
68, 3, 267, 1
69, 3, 0, 2
69, 3, 254, 2
69, 3, 267, 1
70, 3, 0, 2
70, 3, 113, 2
70, 3, 267, 1
71, 3, 0, 2
71, 3, 183, 2
71, 3, 267, 1
72, 3, 0, 2
72, 3, 73, 2
72, 3, 267, 1
73, 5, 0, 1
73, 5, 74, 1
73, 5, 92, 1
73, 5, 75, 1
73, 5, 76, 1
74, 3, 0, 2
74, 3, 256, 2
74, 3, 267, 1
75, 3, 0, 2
75, 3, 257, 2
75, 3, 267, 1
76, 3, 0, 2
76, 3, 258, 2
76, 3, 267, 1
77, 3, 0, 2
77, 3, 208, 2
77, 3, 267, 1
78, 3, 0, 2
78, 3, 93, 2
78, 3, 267, 1
79, 3, 0, 2
79, 3, 94, 2
79, 3, 267, 1
80, 3, 0, 2
80, 3, 96, 2
80, 3, 267, 1
81, 3, 0, 2
81, 3, 97, 2
81, 3, 267, 1
82, 3, 0, 2
82, 3, 184, 2
82, 3, 267, 1
83, 3, 0, 2
83, 3, 185, 2
83, 3, 267, 1
84, 3, 0, 2
84, 3, 250, 2
84, 3, 267, 1
85, 3, 0, 2
85, 3, 98, 2
85, 3, 267, 1
86, 3, 0, 2
86, 3, 114, 2
86, 3, 267, 1
87, 3, 0, 2
87, 3, 99, 2
87, 3, 267, 1
88, 3, 0, 3
88, 3, 132, 3
88, 3, 267, 2
89, 3, 0, 3
89, 3, 115, 3
89, 3, 267, 2
90, 3, 0, 3
90, 3, 133, 3
90, 3, 267, 2
91, 3, 0, 2
91, 3, 249, 2
91, 3, 267, 1
92, 3, 0, 3
92, 3, 259, 3
92, 3, 267, 2
93, 3, 0, 2
93, 3, 116, 2
93, 3, 267, 1
94, 5, 0, 4
94, 5, 164, 1
94, 5, 10, 1
94, 5, 95, 2
94, 5, 267, 1
95, 3, 0, 1
95, 3, 80, 1
95, 3, 81, 1
96, 3, 0, 2
96, 3, 186, 2
96, 3, 267, 1
97, 3, 0, 2
97, 3, 187, 2
97, 3, 267, 1
98, 3, 0, 2
98, 3, 266, 2
98, 3, 267, 1
99, 3, 0, 2
99, 3, 232, 2
99, 3, 267, 1
100, 4, 0, 1
100, 4, 58, 1
100, 4, 79, 1
100, 4, 101, 1
101, 3, 0, 3
101, 3, 207, 3
101, 3, 267, 2
102, 5, 0, 1
102, 5, 103, 1
102, 5, 104, 1
102, 5, 105, 1
102, 5, 78, 1
103, 3, 0, 3
103, 3, 106, 3
103, 3, 267, 2
104, 3, 0, 3
104, 3, 206, 3
104, 3, 267, 2
105, 3, 0, 3
105, 3, 117, 3
105, 3, 267, 2
106, 4, 0, 1
106, 4, 59, 1
106, 4, 72, 1
106, 4, 77, 1
107, 3, 0, 1
107, 3, 60, 1
107, 3, 70, 1
108, 5, 0, 1
108, 5, 66, 1
108, 5, 67, 1
108, 5, 68, 1
108, 5, 69, 1
109, 3, 0, 3
109, 3, 193, 3
109, 3, 267, 2
110, 5, 0, 1
110, 5, 25, 1
110, 5, 34, 1
110, 5, 84, 1
110, 5, 35, 1
111, 3, 0, 3
111, 3, 243, 3
111, 3, 267, 2
112, 3, 0, 3
112, 3, 244, 3
112, 3, 267, 2
113, 3, 0, 3
113, 3, 202, 3
113, 3, 267, 2
114, 3, 0, 3
114, 3, 122, 3
114, 3, 267, 2
115, 5, 0, 4
115, 5, 65, 1
115, 5, 108, 2
115, 5, 4, 1
115, 5, 267, 1
116, 3, 0, 3
116, 3, 204, 3
116, 3, 267, 2
117, 4, 0, 3
117, 4, 198, 1
117, 4, 118, 2
117, 4, 267, 1
118, 3, 0, 4
118, 3, 119, 4
118, 3, 267, 1
119, 3, 0, 2
119, 3, 120, 2
119, 3, 267, 1
120, 3, 0, 2
120, 3, 121, 2
120, 3, 267, 1
121, 3, 0, 2
121, 3, 198, 2
121, 3, 267, 1
122, 3, 0, 2
122, 3, 200, 2
122, 3, 267, 1
123, 4, 0, 3
123, 4, 124, 2
123, 4, 22, 1
123, 4, 267, 1
124, 3, 0, 2
124, 3, 100, 2
124, 3, 267, 1
125, 3, 0, 2
125, 3, 102, 2
125, 3, 267, 1
126, 4, 0, 3
126, 4, 202, 1
126, 4, 189, 2
126, 4, 267, 1
127, 3, 0, 2
127, 3, 205, 2
127, 3, 267, 1
128, 4, 0, 3
128, 4, 164, 1
128, 4, 129, 2
128, 4, 267, 1
129, 3, 0, 2
129, 3, 190, 2
129, 3, 267, 1
130, 4, 0, 3
130, 4, 239, 2
130, 4, 190, 1
130, 4, 267, 1
131, 3, 0, 2
131, 3, 110, 2
131, 3, 267, 1
132, 5, 0, 5
132, 5, 54, 1
132, 5, 203, 3
132, 5, 3, 1
132, 5, 267, 2
133, 3, 0, 3
133, 3, 191, 3
133, 3, 267, 2
134, 3, 0, 5
134, 3, 135, 5
134, 3, 267, 2
135, 3, 0, 2
135, 3, 136, 2
135, 3, 267, 1
136, 3, 0, 3
136, 3, 137, 3
136, 3, 267, 2
137, 4, 0, 1
137, 4, 57, 1
137, 4, 111, 1
137, 4, 112, 1
138, 3, 0, 1
138, 3, 71, 1
138, 3, 109, 1
139, 3, 0, 3
139, 3, 140, 3
139, 3, 267, 2
140, 3, 0, 5
140, 3, 141, 5
140, 3, 267, 1
141, 3, 0, 3
141, 3, 234, 3
141, 3, 267, 2
142, 3, 0, 3
142, 3, 143, 3
142, 3, 267, 2
143, 4, 0, 4
143, 4, 144, 3
143, 4, 8, 1
143, 4, 267, 2
144, 3, 0, 5
144, 3, 145, 5
144, 3, 267, 2
145, 3, 0, 3
145, 3, 199, 3
145, 3, 267, 2
146, 3, 0, 3
146, 3, 147, 3
146, 3, 267, 2
147, 3, 0, 2
147, 3, 148, 2
147, 3, 267, 1
148, 3, 0, 3
148, 3, 149, 3
148, 3, 267, 2
149, 3, 0, 2
149, 3, 150, 2
149, 3, 267, 1
150, 3, 0, 3
150, 3, 151, 3
150, 3, 267, 2
151, 3, 0, 1
151, 3, 82, 1
151, 3, 83, 1
152, 6, 0, 5
152, 6, 134, 2
152, 6, 36, 1
152, 6, 46, 1
152, 6, 49, 1
152, 6, 267, 1
153, 4, 0, 3
153, 4, 200, 1
153, 4, 236, 2
153, 4, 267, 1
154, 3, 0, 2
154, 3, 107, 2
154, 3, 267, 1
155, 4, 0, 3
155, 4, 237, 2
155, 4, 203, 1
155, 4, 267, 1
156, 3, 0, 2
156, 3, 233, 2
156, 3, 267, 1
157, 4, 0, 3
157, 4, 204, 1
157, 4, 142, 2
157, 4, 267, 1
158, 3, 0, 6
158, 3, 159, 6
158, 3, 267, 2
159, 3, 0, 3
159, 3, 205, 3
159, 3, 267, 2
160, 4, 0, 5
160, 4, 158, 3
160, 4, 127, 2
160, 4, 267, 3
161, 4, 0, 5
161, 4, 206, 2
161, 4, 263, 3
161, 4, 267, 3
162, 4, 0, 4
162, 4, 207, 2
162, 4, 146, 2
162, 4, 267, 2
163, 4, 0, 6
163, 4, 208, 3
163, 4, 156, 3
163, 4, 267, 4
164, 3, 0, 2
164, 3, 128, 2
164, 3, 267, 1
165, 4, 0, 1
165, 4, 166, 1
165, 4, 167, 1
165, 4, 168, 1
166, 4, 0, 1
166, 4, 165, 1
166, 4, 167, 1
166, 4, 168, 1
167, 4, 0, 1
167, 4, 165, 1
167, 4, 166, 1
167, 4, 168, 1
168, 2, 0, 1
168, 2, 249, 1
169, 4, 0, 1
169, 4, 170, 1
169, 4, 171, 1
169, 4, 172, 1
170, 4, 0, 1
170, 4, 169, 1
170, 4, 171, 1
170, 4, 172, 1
171, 4, 0, 1
171, 4, 169, 1
171, 4, 170, 1
171, 4, 172, 1
172, 2, 0, 1
172, 2, 215, 1
173, 4, 0, 1
173, 4, 174, 1
173, 4, 209, 1
173, 4, 211, 1
174, 4, 0, 1
174, 4, 173, 1
174, 4, 209, 1
174, 4, 211, 1
175, 4, 0, 1
175, 4, 177, 1
175, 4, 176, 1
175, 4, 178, 1
176, 4, 0, 1
176, 4, 175, 1
176, 4, 177, 1
176, 4, 178, 1
177, 4, 0, 1
177, 4, 175, 1
177, 4, 176, 1
177, 4, 178, 1
178, 2, 0, 1
178, 2, 266, 1
179, 4, 0, 1
179, 4, 210, 1
179, 4, 180, 1
179, 4, 181, 1
180, 4, 0, 1
180, 4, 179, 1
180, 4, 210, 1
180, 4, 181, 1
181, 2, 0, 1
181, 2, 85, 1
182, 3, 0, 1
182, 3, 191, 1
182, 3, 192, 1
183, 3, 0, 1
183, 3, 193, 1
183, 3, 194, 1
184, 3, 0, 1
184, 3, 185, 1
184, 3, 195, 1
185, 3, 0, 1
185, 3, 184, 1
185, 3, 195, 1
186, 3, 0, 1
186, 3, 187, 1
186, 3, 188, 1
187, 3, 0, 1
187, 3, 186, 1
187, 3, 188, 1
188, 3, 0, 2
188, 3, 239, 2
188, 3, 267, 1
189, 3, 0, 1
189, 3, 201, 1
189, 3, 196, 1
190, 3, 0, 2
190, 3, 130, 2
190, 3, 267, 1
191, 3, 0, 1
191, 3, 182, 1
191, 3, 192, 1
192, 3, 0, 2
192, 3, 238, 2
192, 3, 267, 1
193, 3, 0, 1
193, 3, 183, 1
193, 3, 194, 1
194, 3, 0, 2
194, 3, 126, 2
194, 3, 267, 1
195, 3, 0, 3
195, 3, 242, 3
195, 3, 267, 2
196, 3, 0, 2
196, 3, 268, 2
196, 3, 267, 1
197, 3, 0, 3
197, 3, 152, 3
197, 3, 267, 2
198, 3, 0, 3
198, 3, 264, 3
198, 3, 267, 2
199, 3, 0, 2
199, 3, 261, 2
199, 3, 267, 1
200, 3, 0, 3
200, 3, 153, 3
200, 3, 267, 2
201, 3, 0, 1
201, 3, 189, 1
201, 3, 196, 1
202, 3, 0, 3
202, 3, 138, 3
202, 3, 267, 2
203, 3, 0, 3
203, 3, 155, 3
203, 3, 267, 2
204, 3, 0, 3
204, 3, 157, 3
204, 3, 267, 2
205, 3, 0, 3
205, 3, 161, 3
205, 3, 267, 2
206, 3, 0, 3
206, 3, 160, 3
206, 3, 267, 2
207, 3, 0, 4
207, 3, 162, 4
207, 3, 267, 3
208, 3, 0, 4
208, 3, 163, 4
208, 3, 267, 3
209, 4, 0, 1
209, 4, 173, 1
209, 4, 174, 1
209, 4, 211, 1
210, 4, 0, 1
210, 4, 179, 1
210, 4, 180, 1
210, 4, 181, 1
211, 3, 0, 2
211, 3, 131, 2
211, 3, 267, 1
212, 5, 0, 1
212, 5, 213, 1
212, 5, 214, 1
212, 5, 215, 1
212, 5, 216, 1
213, 5, 0, 1
213, 5, 212, 1
213, 5, 214, 1
213, 5, 215, 1
213, 5, 216, 1
214, 5, 0, 1
214, 5, 212, 1
214, 5, 213, 1
214, 5, 215, 1
214, 5, 216, 1
215, 5, 0, 1
215, 5, 212, 1
215, 5, 213, 1
215, 5, 214, 1
215, 5, 216, 1
216, 2, 0, 1
216, 2, 239, 1
217, 5, 0, 1
217, 5, 218, 1
217, 5, 250, 1
217, 5, 219, 1
217, 5, 220, 1
218, 5, 0, 1
218, 5, 217, 1
218, 5, 250, 1
218, 5, 219, 1
218, 5, 220, 1
219, 5, 0, 1
219, 5, 217, 1
219, 5, 218, 1
219, 5, 250, 1
219, 5, 220, 1
220, 2, 0, 1
220, 2, 26, 1
221, 5, 0, 1
221, 5, 222, 1
221, 5, 223, 1
221, 5, 224, 1
221, 5, 225, 1
222, 5, 0, 1
222, 5, 221, 1
222, 5, 223, 1
222, 5, 224, 1
222, 5, 225, 1
223, 5, 0, 1
223, 5, 221, 1
223, 5, 222, 1
223, 5, 224, 1
223, 5, 225, 1
224, 5, 0, 1
224, 5, 221, 1
224, 5, 222, 1
224, 5, 223, 1
224, 5, 225, 1
225, 2, 0, 1
225, 2, 32, 1
226, 5, 0, 1
226, 5, 227, 1
226, 5, 228, 1
226, 5, 229, 1
226, 5, 230, 1
227, 5, 0, 1
227, 5, 226, 1
227, 5, 228, 1
227, 5, 229, 1
227, 5, 230, 1
228, 5, 0, 1
228, 5, 226, 1
228, 5, 227, 1
228, 5, 229, 1
228, 5, 230, 1
229, 5, 0, 1
229, 5, 226, 1
229, 5, 227, 1
229, 5, 228, 1
229, 5, 230, 1
230, 2, 0, 1
230, 2, 177, 1
231, 4, 0, 1
231, 4, 243, 1
231, 4, 244, 1
231, 4, 245, 1
232, 4, 0, 1
232, 4, 234, 1
232, 4, 233, 1
232, 4, 235, 1
233, 4, 0, 1
233, 4, 232, 1
233, 4, 234, 1
233, 4, 235, 1
234, 4, 0, 1
234, 4, 232, 1
234, 4, 233, 1
234, 4, 235, 1
235, 3, 0, 2
235, 3, 262, 2
235, 3, 267, 1
236, 4, 0, 1
236, 4, 240, 1
236, 4, 241, 1
236, 4, 242, 1
237, 3, 0, 3
237, 3, 246, 3
237, 3, 267, 2
238, 4, 0, 1
238, 4, 246, 1
238, 4, 248, 1
238, 4, 247, 1
239, 3, 0, 2
239, 3, 240, 2
239, 3, 267, 1
240, 4, 0, 1
240, 4, 236, 1
240, 4, 241, 1
240, 4, 242, 1
241, 3, 0, 2
241, 3, 125, 2
241, 3, 267, 1
242, 4, 0, 1
242, 4, 236, 1
242, 4, 240, 1
242, 4, 241, 1
243, 4, 0, 1
243, 4, 231, 1
243, 4, 244, 1
243, 4, 245, 1
244, 4, 0, 1
244, 4, 231, 1
244, 4, 243, 1
244, 4, 245, 1
245, 3, 0, 3
245, 3, 266, 3
245, 3, 267, 2
246, 4, 0, 1
246, 4, 238, 1
246, 4, 248, 1
246, 4, 247, 1
247, 3, 0, 2
247, 3, 201, 2
247, 3, 267, 1
248, 4, 0, 1
248, 4, 246, 1
248, 4, 238, 1
248, 4, 247, 1
249, 3, 0, 2
249, 3, 248, 2
249, 3, 267, 1
250, 5, 0, 1
250, 5, 217, 1
250, 5, 218, 1
250, 5, 219, 1
250, 5, 220, 1
251, 5, 0, 1
251, 5, 252, 1
251, 5, 253, 1
251, 5, 254, 1
251, 5, 255, 1
252, 5, 0, 1
252, 5, 251, 1
252, 5, 253, 1
252, 5, 254, 1
252, 5, 255, 1
253, 5, 0, 1
253, 5, 251, 1
253, 5, 252, 1
253, 5, 254, 1
253, 5, 255, 1
254, 5, 0, 1
254, 5, 251, 1
254, 5, 252, 1
254, 5, 253, 1
254, 5, 255, 1
255, 3, 0, 2
255, 3, 249, 2
255, 3, 267, 1
256, 5, 0, 1
256, 5, 259, 1
256, 5, 257, 1
256, 5, 258, 1
256, 5, 260, 1
257, 5, 0, 1
257, 5, 256, 1
257, 5, 259, 1
257, 5, 258, 1
257, 5, 260, 1
258, 5, 0, 1
258, 5, 256, 1
258, 5, 259, 1
258, 5, 257, 1
258, 5, 260, 1
259, 5, 0, 1
259, 5, 256, 1
259, 5, 257, 1
259, 5, 258, 1
259, 5, 260, 1
260, 3, 0, 2
260, 3, 139, 2
260, 3, 267, 1
261, 5, 0, 1
261, 5, 262, 1
261, 5, 263, 1
261, 5, 264, 1
261, 5, 265, 1
262, 5, 0, 1
262, 5, 263, 1
262, 5, 264, 1
262, 5, 261, 1
262, 5, 265, 1
263, 5, 0, 1
263, 5, 262, 1
263, 5, 264, 1
263, 5, 261, 1
263, 5, 265, 1
264, 5, 0, 1
264, 5, 262, 1
264, 5, 263, 1
264, 5, 261, 1
264, 5, 265, 1
265, 3, 0, 3
265, 3, 154, 3
265, 3, 267, 2
266, 3, 0, 2
266, 3, 123, 2
266, 3, 267, 1
267, 179, 0, 180
267, 179, 1, 1
267, 179, 268, 1
267, 179, 115, 3
267, 179, 249, 3
267, 179, 94, 2
267, 179, 239, 3
267, 179, 65, 1
267, 179, 91, 2
267, 179, 164, 1
267, 179, 128, 2
267, 179, 204, 4
267, 179, 157, 3
267, 179, 190, 2
267, 179, 130, 2
267, 179, 140, 3
267, 179, 141, 3
267, 179, 143, 4
267, 179, 199, 3
267, 179, 144, 4
267, 179, 197, 3
267, 179, 145, 4
267, 179, 123, 2
267, 179, 152, 3
267, 179, 266, 4
267, 179, 208, 6
267, 179, 163, 7
267, 179, 206, 5
267, 179, 161, 5
267, 179, 160, 5
267, 179, 205, 5
267, 179, 202, 4
267, 179, 126, 2
267, 179, 134, 3
267, 179, 158, 4
267, 179, 135, 3
267, 179, 159, 4
267, 179, 132, 4
267, 179, 237, 3
267, 179, 207, 6
267, 179, 162, 5
267, 179, 203, 4
267, 179, 155, 3
267, 179, 117, 3
267, 179, 198, 3
267, 179, 118, 2
267, 179, 119, 2
267, 179, 200, 3
267, 179, 153, 3
267, 179, 122, 3
267, 179, 86, 2
267, 179, 58, 1
267, 179, 236, 1
267, 179, 129, 2
267, 179, 96, 2
267, 179, 80, 1
267, 179, 186, 1
267, 179, 97, 2
267, 179, 81, 1
267, 179, 187, 1
267, 179, 95, 1
267, 179, 188, 1
267, 179, 79, 1
267, 179, 240, 1
267, 179, 100, 1
267, 179, 241, 1
267, 179, 124, 2
267, 179, 99, 2
267, 179, 87, 2
267, 179, 59, 1
267, 179, 232, 1
267, 179, 74, 1
267, 179, 256, 1
267, 179, 92, 2
267, 179, 259, 2
267, 179, 75, 1
267, 179, 257, 1
267, 179, 76, 1
267, 179, 258, 1
267, 179, 73, 1
267, 179, 260, 1
267, 179, 139, 3
267, 179, 72, 1
267, 179, 234, 2
267, 179, 156, 3
267, 179, 77, 1
267, 179, 233, 1
267, 179, 106, 2
267, 179, 235, 1
267, 179, 103, 2
267, 179, 262, 1
267, 179, 127, 2
267, 179, 104, 2
267, 179, 263, 2
267, 179, 121, 2
267, 179, 120, 2
267, 179, 105, 2
267, 179, 264, 2
267, 179, 93, 2
267, 179, 116, 3
267, 179, 142, 3
267, 179, 78, 1
267, 179, 261, 1
267, 179, 102, 1
267, 179, 265, 2
267, 179, 88, 2
267, 179, 246, 2
267, 179, 64, 1
267, 179, 182, 1
267, 179, 133, 4
267, 179, 90, 2
267, 179, 191, 2
267, 179, 63, 1
267, 179, 192, 1
267, 179, 62, 1
267, 179, 238, 1
267, 179, 66, 1
267, 179, 251, 1
267, 179, 67, 1
267, 179, 252, 1
267, 179, 68, 1
267, 179, 253, 1
267, 179, 69, 1
267, 179, 254, 1
267, 179, 108, 1
267, 179, 255, 1
267, 179, 89, 2
267, 179, 248, 1
267, 179, 61, 1
267, 179, 247, 1
267, 179, 60, 1
267, 179, 201, 1
267, 179, 71, 1
267, 179, 183, 1
267, 179, 109, 2
267, 179, 193, 2
267, 179, 138, 2
267, 179, 194, 1
267, 179, 113, 3
267, 179, 70, 1
267, 179, 189, 1
267, 179, 107, 1
267, 179, 196, 1
267, 179, 154, 3
267, 179, 125, 2
267, 179, 57, 1
267, 179, 231, 1
267, 179, 111, 2
267, 179, 243, 2
267, 179, 112, 2
267, 179, 244, 2
267, 179, 137, 2
267, 179, 245, 2
267, 179, 136, 3
267, 179, 56, 1
267, 179, 210, 1
267, 179, 98, 2
267, 179, 85, 1
267, 179, 55, 1
267, 179, 209, 1
267, 179, 211, 1
267, 179, 84, 1
267, 179, 250, 1
267, 179, 110, 1
267, 179, 131, 2
267, 179, 147, 3
267, 179, 146, 3
267, 179, 149, 3
267, 179, 82, 1
267, 179, 184, 1
267, 179, 83, 1
267, 179, 185, 1
267, 179, 151, 2
267, 179, 195, 2
267, 179, 150, 3
267, 179, 148, 3
267, 179, 101, 2
267, 179, 242, 2
267, 179, 114, 3
DTG
0, 222, 0, 1, 2
0, 222, 0, 1, 2
0, 222, 0, 1, 2
0, 222, 0, 1, 2
0, 222, 0, 1, 2
0, 222, 0, 1, 2
0, 222, 0, 1, 2
0, 222, 0, 1, 2
0, 222, 0, 1, 2
0, 222, 0, 1, 2
0, 222, 0, 1, 2
0, 222, 0, 1, 2
0, 222, 0, 1, 2
0, 222, 0, 1, 2
0, 222, 0, 1, 2
0, 222, 0, 1, 2
0, 222, 0, 1, 2
0, 222, 0, 1, 2
0, 222, 0, 1, 2
0, 222, 0, 1, 2
0, 222, 0, 1, 2
0, 222, 0, 1, 2
0, 222, 0, 1, 2
0, 222, 0, 1, 2
0, 222, 0, 1, 2
0, 222, 0, 1, 2
0, 222, 0, 1, 2
0, 222, 0, 1, 2
0, 222, 0, 1, 2
0, 222, 0, 1, 2
0, 222, 0, 1, 2
0, 222, 0, 1, 2
0, 222, 0, 1, 2
0, 222, 0, 1, 2
0, 222, 0, 1, 2
0, 222, 0, 1, 2
0, 222, 0, 1, 2
0, 222, 0, 1, 2
0, 222, 0, 1, 2
0, 222, 0, 1, 2
0, 222, 0, 1, 2
0, 222, 0, 1, 2
0, 222, 0, 1, 2
0, 222, 0, 1, 2
0, 222, 0, 1, 2
0, 222, 0, 1, 2
0, 222, 0, 1, 2
0, 222, 0, 1, 2
0, 222, 0, 1, 2
0, 222, 0, 1, 2
0, 222, 0, 1, 2
0, 222, 0, 1, 2
0, 222, 0, 1, 2
0, 222, 0, 1, 2
0, 222, 0, 1, 2
0, 222, 0, 1, 2
0, 222, 0, 1, 2
0, 222, 0, 1, 2
0, 222, 0, 1, 2
0, 222, 0, 1, 2
0, 222, 0, 1, 2
0, 222, 0, 1, 2
0, 222, 0, 1, 2
0, 222, 0, 1, 2
0, 222, 0, 1, 2
0, 222, 0, 1, 2
0, 222, 0, 1, 2
0, 222, 0, 1, 2
0, 222, 0, 1, 2
0, 222, 0, 1, 2
0, 222, 0, 1, 2
0, 222, 0, 1, 2
0, 222, 0, 1, 2
0, 222, 0, 1, 2
0, 222, 0, 1, 2
0, 222, 0, 1, 2
0, 222, 0, 1, 2
0, 222, 0, 1, 2
0, 222, 0, 1, 2
0, 222, 0, 1, 2
0, 222, 0, 1, 2
0, 222, 0, 1, 2
0, 222, 0, 1, 2
0, 222, 0, 1, 2
0, 222, 0, 1, 2
0, 222, 0, 1, 2
0, 222, 0, 1, 2
0, 222, 0, 1, 2
0, 222, 0, 1, 2
0, 222, 0, 1, 2
0, 222, 0, 1, 2
0, 222, 0, 1, 2
0, 222, 0, 1, 2
0, 222, 0, 1, 2
0, 222, 0, 1, 2
0, 222, 0, 1, 2
0, 222, 0, 1, 2
0, 222, 0, 1, 2
0, 222, 0, 1, 2
0, 222, 0, 1, 2
0, 222, 0, 1, 2
0, 222, 0, 1, 2
0, 222, 0, 1, 2
0, 222, 0, 1, 2
0, 222, 0, 1, 2
0, 222, 0, 1, 2
0, 222, 0, 1, 2
0, 222, 0, 1, 2
0, 222, 0, 1, 2
0, 222, 0, 1, 2
0, 222, 0, 1, 2
0, 222, 0, 1, 2
0, 222, 0, 1, 2
0, 222, 0, 1, 2
0, 222, 0, 1, 2
0, 222, 0, 1, 2
0, 222, 0, 1, 2
0, 222, 0, 1, 2
0, 222, 0, 1, 2
0, 222, 0, 1, 2
0, 222, 0, 1, 2
0, 222, 0, 1, 2
0, 222, 0, 1, 2
0, 222, 0, 1, 2
0, 222, 0, 1, 2
0, 222, 0, 1, 2
0, 222, 0, 1, 2
0, 222, 0, 1, 2
0, 222, 0, 1, 2
0, 222, 0, 1, 2
0, 222, 0, 1, 2
0, 222, 0, 1, 2
0, 222, 0, 1, 2
0, 222, 0, 1, 2
0, 222, 0, 1, 2
0, 222, 0, 1, 2
0, 222, 0, 1, 2
0, 222, 0, 1, 2
0, 222, 0, 1, 2
0, 222, 0, 1, 2
0, 222, 0, 1, 2
0, 222, 0, 1, 2
0, 222, 0, 1, 2
0, 222, 0, 1, 2
0, 222, 0, 1, 2
0, 222, 0, 1, 2
0, 222, 0, 1, 2
0, 222, 0, 1, 2
0, 222, 0, 1, 2
0, 222, 0, 1, 2
0, 222, 0, 1, 2
0, 222, 0, 1, 2
0, 222, 0, 1, 2
0, 222, 0, 1, 2
0, 222, 0, 1, 2
0, 222, 0, 1, 2
0, 222, 0, 1, 2
0, 222, 0, 1, 2
0, 222, 0, 1, 2
0, 222, 0, 1, 2
0, 222, 0, 1, 2
0, 222, 0, 1, 2
0, 222, 0, 1, 2
0, 222, 0, 1, 2
0, 222, 0, 1, 2
0, 222, 0, 1, 2
0, 222, 0, 1, 2
0, 222, 0, 1, 2
0, 222, 0, 1, 2
0, 222, 0, 1, 2
0, 222, 0, 1, 2
0, 222, 0, 1, 2
0, 222, 0, 1, 2
0, 222, 0, 1, 2
0, 222, 0, 1, 2
0, 222, 0, 1, 2
0, 222, 0, 1, 2
0, 222, 0, 1, 2
0, 222, 0, 1, 2
0, 222, 0, 1, 2
0, 222, 0, 1, 2
0, 222, 0, 1, 2
0, 222, 0, 1, 2
0, 222, 0, 1, 2
0, 222, 0, 1, 2
0, 222, 0, 1, 2
0, 222, 0, 1, 2
0, 222, 0, 1, 2
0, 222, 0, 1, 2
0, 222, 0, 1, 2
0, 222, 0, 1, 2
0, 222, 0, 1, 2
0, 222, 0, 1, 2
0, 222, 0, 1, 2
0, 222, 0, 1, 2
0, 222, 0, 1, 2
0, 222, 0, 1, 2
0, 222, 0, 1, 2
0, 222, 0, 1, 2
0, 222, 0, 1, 2
0, 222, 0, 1, 2
0, 222, 0, 1, 3
0, 222, 0, 1, 3
0, 222, 0, 1, 3
0, 222, 0, 1, 3
0, 222, 0, 1, 3
0, 222, 0, 1, 4
0, 222, 0, 1, 4
0, 222, 0, 1, 4
0, 222, 0, 1, 4
0, 222, 0, 1, 4
0, 222, 0, 1, 4
0, 222, 0, 1, 4
0, 222, 0, 1, 4
0, 222, 0, 1, 4
0, 222, 0, 1, 5
0, 222, 0, 1, 5
0, 222, 0, 1, 5
0, 222, 0, 1, 5
0, 222, 0, 1, 5
0, 222, 0, 1, 5
0, 222, 0, 1, 5
0, 180, 1, 0, 3
0, 180, 1, 0, 3
0, 180, 1, 0, 3
0, 180, 1, 0, 3
0, 180, 1, 0, 3
0, 180, 1, 0, 3
0, 180, 1, 0, 3
0, 180, 1, 0, 3
0, 180, 1, 0, 3
0, 180, 1, 0, 3
0, 180, 1, 0, 3
0, 180, 1, 0, 3
0, 180, 1, 0, 3
0, 180, 1, 0, 3
0, 180, 1, 0, 3
0, 180, 1, 0, 3
0, 180, 1, 0, 3
0, 180, 1, 0, 3
0, 180, 1, 0, 3
0, 180, 1, 0, 3
0, 180, 1, 0, 3
0, 180, 1, 0, 3
0, 180, 1, 0, 3
0, 180, 1, 0, 3
0, 180, 1, 0, 3
0, 180, 1, 0, 3
0, 180, 1, 0, 3
0, 180, 1, 0, 3
0, 180, 1, 0, 3
0, 180, 1, 0, 3
0, 180, 1, 0, 3
0, 180, 1, 0, 3
0, 180, 1, 0, 3
0, 180, 1, 0, 3
0, 180, 1, 0, 3
0, 180, 1, 0, 3
0, 180, 1, 0, 3
0, 180, 1, 0, 3
0, 180, 1, 0, 3
0, 180, 1, 0, 3
0, 180, 1, 0, 3
0, 180, 1, 0, 3
0, 180, 1, 0, 3
0, 180, 1, 0, 3
0, 180, 1, 0, 3
0, 180, 1, 0, 3
0, 180, 1, 0, 3
0, 180, 1, 0, 3
0, 180, 1, 0, 3
0, 180, 1, 0, 3
0, 180, 1, 0, 3
0, 180, 1, 0, 3
0, 180, 1, 0, 3
0, 180, 1, 0, 3
0, 180, 1, 0, 3
0, 180, 1, 0, 3
0, 180, 1, 0, 3
0, 180, 1, 0, 3
0, 180, 1, 0, 3
0, 180, 1, 0, 3
0, 180, 1, 0, 3
0, 180, 1, 0, 3
0, 180, 1, 0, 3
0, 180, 1, 0, 3
0, 180, 1, 0, 3
0, 180, 1, 0, 3
0, 180, 1, 0, 3
0, 180, 1, 0, 3
0, 180, 1, 0, 3
0, 180, 1, 0, 3
0, 180, 1, 0, 3
0, 180, 1, 0, 3
0, 180, 1, 0, 3
0, 180, 1, 0, 3
0, 180, 1, 0, 3
0, 180, 1, 0, 3
0, 180, 1, 0, 3
0, 180, 1, 0, 3
0, 180, 1, 0, 3
0, 180, 1, 0, 3
0, 180, 1, 0, 3
0, 180, 1, 0, 3
0, 180, 1, 0, 3
0, 180, 1, 0, 3
0, 180, 1, 0, 3
0, 180, 1, 0, 3
0, 180, 1, 0, 3
0, 180, 1, 0, 3
0, 180, 1, 0, 3
0, 180, 1, 0, 3
0, 180, 1, 0, 3
0, 180, 1, 0, 3
0, 180, 1, 0, 3
0, 180, 1, 0, 3
0, 180, 1, 0, 3
0, 180, 1, 0, 3
0, 180, 1, 0, 3
0, 180, 1, 0, 3
0, 180, 1, 0, 3
0, 180, 1, 0, 3
0, 180, 1, 0, 3
0, 180, 1, 0, 3
0, 180, 1, 0, 3
0, 180, 1, 0, 3
0, 180, 1, 0, 3
0, 180, 1, 0, 3
0, 180, 1, 0, 3
0, 180, 1, 0, 3
0, 180, 1, 0, 3
0, 180, 1, 0, 3
0, 180, 1, 0, 3
0, 180, 1, 0, 3
0, 180, 1, 0, 3
0, 180, 1, 0, 3
0, 180, 1, 0, 3
0, 180, 1, 0, 3
0, 180, 1, 0, 3
0, 180, 1, 0, 3
0, 180, 1, 0, 3
0, 180, 1, 0, 3
0, 180, 1, 0, 3
0, 180, 1, 0, 3
0, 180, 1, 0, 3
0, 180, 1, 0, 3
0, 180, 1, 0, 3
0, 180, 1, 0, 3
0, 180, 1, 0, 3
0, 180, 1, 0, 3
0, 180, 1, 0, 3
0, 180, 1, 0, 3
0, 180, 1, 0, 3
0, 180, 1, 0, 3
0, 180, 1, 0, 3
0, 180, 1, 0, 3
0, 180, 1, 0, 3
0, 180, 1, 0, 3
0, 180, 1, 0, 3
0, 180, 1, 0, 3
0, 180, 1, 0, 3
0, 180, 1, 0, 3
0, 180, 1, 0, 3
0, 180, 1, 0, 3
0, 180, 1, 0, 3
0, 180, 1, 0, 3
0, 180, 1, 0, 3
0, 180, 1, 0, 3
0, 180, 1, 0, 3
0, 180, 1, 0, 3
0, 180, 1, 0, 3
0, 180, 1, 0, 3
0, 180, 1, 0, 3
0, 180, 1, 0, 3
0, 180, 1, 0, 3
0, 180, 1, 0, 3
0, 180, 1, 0, 3
0, 180, 1, 0, 3
0, 180, 1, 0, 3
0, 180, 1, 0, 3
0, 180, 1, 0, 3
0, 180, 1, 0, 3
0, 180, 1, 0, 3
0, 180, 1, 0, 3
0, 180, 1, 0, 3
0, 180, 1, 0, 3
0, 180, 1, 0, 3
0, 180, 1, 0, 3
0, 180, 1, 0, 3
0, 180, 1, 0, 3
0, 180, 1, 0, 3
0, 180, 1, 0, 3
0, 180, 1, 0, 3
0, 180, 1, 0, 3
0, 180, 1, 0, 3
0, 180, 1, 0, 3
0, 180, 1, 0, 3
0, 180, 1, 0, 3
0, 180, 1, 0, 3
0, 180, 1, 0, 3
0, 180, 1, 0, 3
0, 180, 1, 0, 3
1, 2, 0, 1, 1
1, 2, 0, 1, 2
2, 1, 0, 1, 1
2, 1, 1, 0, 2
3, 1, 0, 1, 1
3, 1, 1, 0, 2
4, 1, 0, 1, 1
4, 1, 1, 0, 2
5, 1, 0, 1, 1
5, 1, 1, 0, 2
6, 1, 0, 1, 1
6, 1, 1, 0, 2
7, 1, 0, 1, 1
7, 1, 1, 0, 2
8, 1, 0, 1, 1
8, 1, 1, 0, 2
9, 1, 0, 1, 1
9, 1, 1, 0, 2
10, 1, 0, 1, 1
10, 1, 1, 0, 2
11, 1, 0, 1, 1
11, 1, 1, 0, 2
12, 1, 0, 1, 1
12, 1, 1, 0, 2
13, 1, 0, 1, 1
13, 1, 1, 0, 2
14, 1, 0, 1, 1
14, 1, 1, 0, 2
15, 1, 0, 1, 1
15, 1, 1, 0, 2
16, 1, 0, 1, 1
16, 1, 1, 0, 2
17, 1, 0, 1, 1
17, 1, 1, 0, 2
18, 1, 0, 1, 1
18, 1, 1, 0, 2
19, 1, 0, 1, 1
19, 1, 1, 0, 2
20, 1, 0, 1, 1
20, 1, 1, 0, 2
21, 1, 0, 1, 1
21, 1, 1, 0, 2
22, 1, 0, 1, 1
22, 1, 1, 0, 2
23, 1, 0, 1, 1
23, 1, 1, 0, 2
24, 1, 0, 1, 1
24, 1, 1, 0, 2
25, 1, 0, 1, 1
25, 1, 1, 0, 2
26, 1, 0, 1, 1
26, 1, 1, 0, 2
27, 1, 0, 1, 1
27, 1, 1, 0, 2
28, 1, 0, 1, 1
28, 1, 1, 0, 2
29, 1, 0, 1, 1
29, 1, 1, 0, 2
30, 1, 0, 1, 1
30, 1, 1, 0, 2
31, 1, 0, 1, 1
31, 1, 1, 0, 2
32, 1, 0, 1, 1
32, 1, 1, 0, 2
33, 1, 0, 1, 1
33, 1, 1, 0, 2
34, 1, 0, 1, 1
34, 1, 1, 0, 2
35, 1, 0, 1, 1
35, 1, 1, 0, 2
36, 1, 0, 1, 1
36, 1, 1, 0, 2
37, 1, 0, 1, 1
37, 1, 1, 0, 2
38, 1, 0, 1, 1
38, 1, 1, 0, 2
39, 1, 0, 1, 1
39, 1, 1, 0, 2
40, 1, 0, 1, 1
40, 1, 1, 0, 2
41, 1, 0, 1, 1
41, 1, 1, 0, 2
42, 1, 0, 1, 1
42, 1, 1, 0, 2
43, 1, 0, 1, 1
43, 1, 1, 0, 2
44, 1, 0, 1, 1
44, 1, 1, 0, 2
45, 1, 0, 1, 1
45, 1, 1, 0, 2
46, 1, 0, 1, 1
46, 1, 1, 0, 2
47, 1, 0, 1, 1
47, 1, 1, 0, 2
48, 1, 0, 1, 1
48, 1, 1, 0, 2
49, 1, 0, 1, 1
49, 1, 1, 0, 2
50, 1, 0, 1, 1
50, 1, 1, 0, 2
51, 1, 0, 1, 1
51, 1, 1, 0, 2
52, 1, 0, 1, 1
52, 2, 1, 0, 2
52, 2, 1, 0, 2
53, 1, 0, 1, 1
53, 2, 1, 0, 2
53, 2, 1, 0, 2
54, 1, 0, 1, 1
54, 2, 1, 0, 2
54, 2, 1, 0, 2
55, 2, 0, 1, 1
55, 2, 0, 1, 2
55, 1, 1, 0, 2
56, 2, 0, 1, 1
56, 2, 0, 1, 2
56, 1, 1, 0, 2
57, 2, 0, 1, 1
57, 2, 0, 1, 2
57, 1, 1, 0, 2
58, 2, 0, 1, 1
58, 2, 0, 1, 2
58, 1, 1, 0, 2
59, 2, 0, 1, 1
59, 2, 0, 1, 2
59, 1, 1, 0, 2
60, 2, 0, 1, 1
60, 2, 0, 1, 2
60, 1, 1, 0, 2
61, 1, 0, 1, 1
61, 2, 1, 0, 2
61, 2, 1, 0, 3
62, 2, 0, 1, 1
62, 2, 0, 1, 2
62, 1, 1, 0, 2
63, 1, 0, 1, 1
63, 2, 1, 0, 2
63, 2, 1, 0, 3
64, 2, 0, 1, 1
64, 2, 0, 1, 2
64, 1, 1, 0, 2
65, 2, 0, 1, 1
65, 2, 0, 1, 2
65, 1, 1, 0, 2
66, 2, 0, 1, 1
66, 2, 0, 1, 2
66, 1, 1, 0, 2
67, 2, 0, 1, 1
67, 2, 0, 1, 2
67, 1, 1, 0, 2
68, 2, 0, 1, 1
68, 2, 0, 1, 2
68, 1, 1, 0, 2
69, 2, 0, 1, 1
69, 2, 0, 1, 2
69, 1, 1, 0, 2
70, 2, 0, 1, 1
70, 2, 0, 1, 2
70, 1, 1, 0, 2
71, 2, 0, 1, 1
71, 2, 0, 1, 2
71, 1, 1, 0, 2
72, 2, 0, 1, 1
72, 2, 0, 1, 2
72, 1, 1, 0, 2
73, 1, 0, 1, 1
73, 2, 1, 0, 2
73, 2, 1, 0, 3
74, 2, 0, 1, 1
74, 2, 0, 1, 2
74, 1, 1, 0, 2
75, 2, 0, 1, 1
75, 2, 0, 1, 2
75, 1, 1, 0, 2
76, 2, 0, 1, 1
76, 2, 0, 1, 2
76, 1, 1, 0, 2
77, 2, 0, 1, 1
77, 2, 0, 1, 2
77, 1, 1, 0, 2
78, 2, 0, 1, 1
78, 2, 0, 1, 2
78, 1, 1, 0, 2
79, 2, 0, 1, 1
79, 2, 0, 1, 2
79, 1, 1, 0, 2
80, 2, 0, 1, 1
80, 2, 0, 1, 2
80, 1, 1, 0, 2
81, 2, 0, 1, 1
81, 2, 0, 1, 2
81, 1, 1, 0, 2
82, 2, 0, 1, 1
82, 2, 0, 1, 2
82, 1, 1, 0, 2
83, 2, 0, 1, 1
83, 2, 0, 1, 2
83, 1, 1, 0, 2
84, 2, 0, 1, 1
84, 2, 0, 1, 2
84, 1, 1, 0, 2
85, 2, 0, 1, 1
85, 2, 0, 1, 2
85, 1, 1, 0, 2
86, 2, 0, 1, 1
86, 2, 0, 1, 2
86, 2, 1, 0, 2
86, 2, 1, 0, 3
87, 2, 0, 1, 1
87, 2, 0, 1, 2
87, 2, 1, 0, 2
87, 2, 1, 0, 3
88, 3, 0, 1, 1
88, 3, 0, 1, 2
88, 3, 0, 1, 2
88, 1, 1, 0, 2
89, 3, 0, 1, 1
89, 3, 0, 1, 2
89, 3, 0, 1, 2
89, 1, 1, 0, 2
90, 3, 0, 1, 1
90, 3, 0, 1, 2
90, 3, 0, 1, 2
90, 1, 1, 0, 2
91, 2, 0, 1, 1
91, 2, 0, 1, 2
91, 2, 1, 0, 2
91, 2, 1, 0, 3
92, 3, 0, 1, 1
92, 3, 0, 1, 2
92, 3, 0, 1, 2
92, 1, 1, 0, 2
93, 2, 0, 1, 1
93, 2, 0, 1, 2
93, 2, 1, 0, 2
93, 2, 1, 0, 3
94, 2, 0, 1, 1
94, 2, 0, 1, 2
94, 2, 1, 0, 2
94, 2, 1, 0, 3
95, 1, 0, 1, 1
95, 2, 1, 0, 2
95, 2, 1, 0, 3
96, 2, 0, 1, 1
96, 2, 0, 1, 2
96, 2, 1, 0, 2
96, 2, 1, 0, 3
97, 2, 0, 1, 1
97, 2, 0, 1, 2
97, 2, 1, 0, 2
97, 2, 1, 0, 3
98, 2, 0, 1, 1
98, 2, 0, 1, 2
98, 2, 1, 0, 2
98, 2, 1, 0, 3
99, 2, 0, 1, 1
99, 2, 0, 1, 2
99, 2, 1, 0, 2
99, 2, 1, 0, 3
100, 1, 0, 1, 1
100, 2, 1, 0, 2
100, 2, 1, 0, 3
101, 3, 0, 1, 1
101, 3, 0, 1, 2
101, 3, 0, 1, 2
101, 1, 1, 0, 2
102, 1, 0, 1, 1
102, 2, 1, 0, 2
102, 2, 1, 0, 3
103, 3, 0, 1, 1
103, 3, 0, 1, 2
103, 3, 0, 1, 2
103, 1, 1, 0, 2
104, 3, 0, 1, 1
104, 3, 0, 1, 2
104, 3, 0, 1, 2
104, 1, 1, 0, 2
105, 3, 0, 1, 1
105, 3, 0, 1, 2
105, 3, 0, 1, 2
105, 1, 1, 0, 2
106, 1, 0, 1, 1
106, 3, 1, 0, 2
106, 3, 1, 0, 3
106, 3, 1, 0, 3
107, 1, 0, 1, 1
107, 2, 1, 0, 2
107, 2, 1, 0, 3
108, 1, 0, 1, 1
108, 2, 1, 0, 2
108, 2, 1, 0, 3
109, 3, 0, 1, 1
109, 3, 0, 1, 2
109, 3, 0, 1, 2
109, 1, 1, 0, 2
110, 1, 0, 1, 1
110, 2, 1, 0, 2
110, 2, 1, 0, 3
111, 3, 0, 1, 1
111, 3, 0, 1, 2
111, 3, 0, 1, 2
111, 1, 1, 0, 2
112, 3, 0, 1, 1
112, 3, 0, 1, 2
112, 3, 0, 1, 2
112, 1, 1, 0, 2
113, 3, 0, 1, 1
113, 3, 0, 1, 2
113, 3, 0, 1, 2
113, 2, 1, 0, 2
113, 2, 1, 0, 3
114, 3, 0, 1, 1
114, 3, 0, 1, 2
114, 3, 0, 1, 2
114, 2, 1, 0, 2
114, 2, 1, 0, 3
115, 2, 0, 1, 1
115, 2, 0, 1, 2
115, 3, 1, 0, 2
115, 3, 1, 0, 3
115, 3, 1, 0, 3
116, 3, 0, 1, 1
116, 3, 0, 1, 2
116, 3, 0, 1, 2
116, 2, 1, 0, 2
116, 2, 1, 0, 3
117, 2, 0, 1, 1
117, 2, 0, 1, 2
117, 3, 1, 0, 2
117, 3, 1, 0, 3
117, 3, 1, 0, 3
118, 2, 0, 1, 1
118, 2, 0, 1, 2
118, 2, 1, 0, 2
118, 2, 1, 0, 3
119, 2, 0, 1, 1
119, 2, 0, 1, 2
119, 2, 1, 0, 2
119, 2, 1, 0, 3
120, 2, 0, 1, 1
120, 2, 0, 1, 2
120, 2, 1, 0, 2
120, 2, 1, 0, 3
121, 2, 0, 1, 1
121, 2, 0, 1, 2
121, 2, 1, 0, 2
121, 2, 1, 0, 3
122, 2, 0, 1, 1
122, 2, 0, 1, 2
122, 3, 1, 0, 2
122, 3, 1, 0, 3
122, 3, 1, 0, 3
123, 2, 0, 1, 1
123, 2, 0, 1, 2
123, 2, 1, 0, 2
123, 2, 1, 0, 3
124, 2, 0, 1, 1
124, 2, 0, 1, 2
124, 2, 1, 0, 2
124, 2, 1, 0, 3
125, 2, 0, 1, 1
125, 2, 0, 1, 2
125, 2, 1, 0, 2
125, 2, 1, 0, 3
126, 1, 0, 1, 1
126, 2, 1, 0, 2
126, 2, 1, 0, 3
127, 2, 0, 1, 1
127, 2, 0, 1, 2
127, 2, 1, 0, 2
127, 2, 1, 0, 3
128, 1, 0, 1, 1
128, 2, 1, 0, 2
128, 2, 1, 0, 3
129, 2, 0, 1, 1
129, 2, 0, 1, 2
129, 2, 1, 0, 2
129, 2, 1, 0, 3
130, 2, 0, 1, 1
130, 2, 0, 1, 2
130, 2, 1, 0, 2
130, 2, 1, 0, 3
131, 2, 0, 1, 1
131, 2, 0, 1, 2
131, 2, 1, 0, 2
131, 2, 1, 0, 3
132, 3, 0, 1, 1
132, 3, 0, 1, 2
132, 3, 0, 1, 2
132, 3, 1, 0, 2
132, 3, 1, 0, 3
132, 3, 1, 0, 3
133, 3, 0, 1, 1
133, 3, 0, 1, 2
133, 3, 0, 1, 2
133, 3, 1, 0, 2
133, 3, 1, 0, 3
133, 3, 1, 0, 3
134, 3, 0, 1, 1
134, 3, 0, 1, 2
134, 3, 0, 1, 2
134, 2, 1, 0, 2
134, 2, 1, 0, 3
135, 2, 0, 1, 1
135, 2, 0, 1, 2
135, 3, 1, 0, 2
135, 3, 1, 0, 3
135, 3, 1, 0, 3
136, 3, 0, 1, 1
136, 3, 0, 1, 2
136, 3, 0, 1, 2
136, 2, 1, 0, 2
136, 2, 1, 0, 3
137, 1, 0, 1, 1
137, 3, 1, 0, 2
137, 3, 1, 0, 3
137, 3, 1, 0, 3
138, 1, 0, 1, 1
138, 3, 1, 0, 2
138, 3, 1, 0, 3
138, 3, 1, 0, 3
139, 3, 0, 1, 1
139, 3, 0, 1, 2
139, 3, 0, 1, 2
139, 2, 1, 0, 2
139, 2, 1, 0, 3
140, 2, 0, 1, 1
140, 2, 0, 1, 2
140, 3, 1, 0, 2
140, 3, 1, 0, 3
140, 3, 1, 0, 3
141, 3, 0, 1, 1
141, 3, 0, 1, 2
141, 3, 0, 1, 2
141, 2, 1, 0, 2
141, 2, 1, 0, 3
142, 3, 0, 1, 1
142, 3, 0, 1, 2
142, 3, 0, 1, 2
142, 2, 1, 0, 2
142, 2, 1, 0, 3
143, 3, 0, 1, 1
143, 3, 0, 1, 2
143, 3, 0, 1, 2
143, 3, 1, 0, 2
143, 3, 1, 0, 3
143, 3, 1, 0, 3
144, 3, 0, 1, 1
144, 3, 0, 1, 2
144, 3, 0, 1, 2
144, 3, 1, 0, 2
144, 3, 1, 0, 3
144, 3, 1, 0, 3
145, 3, 0, 1, 1
145, 3, 0, 1, 2
145, 3, 0, 1, 2
145, 3, 1, 0, 2
145, 3, 1, 0, 3
145, 3, 1, 0, 3
146, 3, 0, 1, 1
146, 3, 0, 1, 2
146, 3, 0, 1, 2
146, 2, 1, 0, 2
146, 2, 1, 0, 3
147, 2, 0, 1, 1
147, 2, 0, 1, 2
147, 3, 1, 0, 2
147, 3, 1, 0, 3
147, 3, 1, 0, 3
148, 3, 0, 1, 1
148, 3, 0, 1, 2
148, 3, 0, 1, 2
148, 2, 1, 0, 2
148, 2, 1, 0, 3
149, 2, 0, 1, 1
149, 2, 0, 1, 2
149, 3, 1, 0, 2
149, 3, 1, 0, 3
149, 3, 1, 0, 3
150, 3, 0, 1, 1
150, 3, 0, 1, 2
150, 3, 0, 1, 2
150, 2, 1, 0, 2
150, 2, 1, 0, 3
151, 1, 0, 1, 1
151, 3, 1, 0, 2
151, 3, 1, 0, 3
151, 3, 1, 0, 3
152, 2, 0, 1, 1
152, 2, 0, 1, 2
152, 3, 1, 0, 2
152, 3, 1, 0, 3
152, 3, 1, 0, 3
153, 2, 0, 1, 1
153, 2, 0, 1, 2
153, 3, 1, 0, 2
153, 3, 1, 0, 3
153, 3, 1, 0, 3
154, 2, 0, 1, 1
154, 2, 0, 1, 2
154, 3, 1, 0, 2
154, 3, 1, 0, 3
154, 3, 1, 0, 3
155, 1, 0, 1, 1
155, 3, 1, 0, 2
155, 3, 1, 0, 3
155, 3, 1, 0, 3
156, 2, 0, 1, 1
156, 2, 0, 1, 2
156, 3, 1, 0, 2
156, 3, 1, 0, 3
156, 3, 1, 0, 3
157, 2, 0, 1, 1
157, 2, 0, 1, 2
157, 3, 1, 0, 2
157, 3, 1, 0, 3
157, 3, 1, 0, 3
158, 3, 0, 1, 1
158, 3, 0, 1, 2
158, 3, 0, 1, 2
158, 3, 1, 0, 2
158, 3, 1, 0, 3
158, 3, 1, 0, 3
159, 3, 0, 1, 1
159, 3, 0, 1, 2
159, 3, 0, 1, 2
159, 3, 1, 0, 2
159, 3, 1, 0, 3
159, 3, 1, 0, 3
160, 4, 0, 1, 1
160, 4, 0, 1, 2
160, 4, 0, 1, 2
160, 4, 0, 1, 2
160, 3, 1, 0, 2
160, 3, 1, 0, 3
160, 3, 1, 0, 3
161, 4, 0, 1, 1
161, 4, 0, 1, 2
161, 4, 0, 1, 2
161, 4, 0, 1, 2
161, 3, 1, 0, 2
161, 3, 1, 0, 3
161, 3, 1, 0, 3
162, 3, 0, 1, 1
162, 3, 0, 1, 2
162, 3, 0, 1, 2
162, 4, 1, 0, 2
162, 4, 1, 0, 3
162, 4, 1, 0, 3
162, 4, 1, 0, 3
163, 5, 0, 1, 1
163, 5, 0, 1, 2
163, 5, 0, 1, 2
163, 5, 0, 1, 2
163, 5, 0, 1, 2
163, 4, 1, 0, 2
163, 4, 1, 0, 3
163, 4, 1, 0, 3
163, 4, 1, 0, 3
164, 2, 0, 1, 1
164, 2, 0, 1, 2
164, 2, 1, 0, 2
164, 2, 1, 0, 2
165, 1, 0, 1, 3
165, 1, 1, 0, 2
166, 1, 0, 1, 3
166, 1, 1, 0, 2
167, 1, 0, 1, 3
167, 1, 1, 0, 2
168, 1, 0, 1, 1
168, 1, 1, 0, 4
169, 1, 0, 1, 3
169, 1, 1, 0, 2
170, 1, 0, 1, 3
170, 1, 1, 0, 2
171, 1, 0, 1, 3
171, 1, 1, 0, 2
172, 1, 0, 1, 1
172, 1, 1, 0, 4
173, 1, 0, 1, 3
173, 1, 1, 0, 2
174, 1, 0, 1, 3
174, 1, 1, 0, 2
175, 1, 0, 1, 3
175, 1, 1, 0, 2
176, 1, 0, 1, 3
176, 1, 1, 0, 2
177, 1, 0, 1, 3
177, 1, 1, 0, 2
178, 1, 0, 1, 1
178, 1, 1, 0, 4
179, 1, 0, 1, 3
179, 1, 1, 0, 2
180, 1, 0, 1, 3
180, 1, 1, 0, 2
181, 1, 0, 1, 1
181, 1, 1, 0, 4
182, 1, 0, 1, 2
182, 2, 1, 0, 2
182, 2, 1, 0, 3
183, 1, 0, 1, 2
183, 2, 1, 0, 2
183, 2, 1, 0, 3
184, 1, 0, 1, 2
184, 2, 1, 0, 2
184, 2, 1, 0, 3
185, 1, 0, 1, 2
185, 2, 1, 0, 2
185, 2, 1, 0, 3
186, 1, 0, 1, 2
186, 2, 1, 0, 2
186, 2, 1, 0, 3
187, 1, 0, 1, 2
187, 2, 1, 0, 2
187, 2, 1, 0, 3
188, 2, 0, 1, 1
188, 2, 0, 1, 2
188, 1, 1, 0, 3
189, 1, 0, 1, 2
189, 2, 1, 0, 2
189, 2, 1, 0, 3
190, 2, 0, 1, 1
190, 2, 0, 1, 2
190, 3, 1, 0, 2
190, 3, 1, 0, 2
190, 3, 1, 0, 3
191, 1, 0, 1, 2
191, 3, 1, 0, 2
191, 3, 1, 0, 3
191, 3, 1, 0, 3
192, 2, 0, 1, 1
192, 2, 0, 1, 2
192, 1, 1, 0, 3
193, 1, 0, 1, 2
193, 3, 1, 0, 2
193, 3, 1, 0, 3
193, 3, 1, 0, 3
194, 2, 0, 1, 1
194, 2, 0, 1, 2
194, 1, 1, 0, 3
195, 3, 0, 1, 1
195, 3, 0, 1, 2
195, 3, 0, 1, 2
195, 1, 1, 0, 3
196, 2, 0, 1, 1
196, 2, 0, 1, 2
196, 1, 1, 0, 3
197, 3, 0, 1, 1
197, 3, 0, 1, 2
197, 3, 0, 1, 2
197, 3, 1, 0, 2
197, 3, 1, 0, 2
197, 3, 1, 0, 3
198, 3, 0, 1, 1
198, 3, 0, 1, 2
198, 3, 0, 1, 2
198, 3, 1, 0, 2
198, 3, 1, 0, 2
198, 3, 1, 0, 3
199, 2, 0, 1, 1
199, 2, 0, 1, 2
199, 4, 1, 0, 2
199, 4, 1, 0, 2
199, 4, 1, 0, 3
199, 4, 1, 0, 3
200, 3, 0, 1, 1
200, 3, 0, 1, 2
200, 3, 0, 1, 2
200, 3, 1, 0, 2
200, 3, 1, 0, 2
200, 3, 1, 0, 3
201, 1, 0, 1, 2
201, 2, 1, 0, 2
201, 2, 1, 0, 3
202, 3, 0, 1, 1
202, 3, 0, 1, 2
202, 3, 0, 1, 2
202, 4, 1, 0, 2
202, 4, 1, 0, 2
202, 4, 1, 0, 3
202, 4, 1, 0, 3
203, 3, 0, 1, 1
203, 3, 0, 1, 2
203, 3, 0, 1, 2
203, 4, 1, 0, 2
203, 4, 1, 0, 2
203, 4, 1, 0, 3
203, 4, 1, 0, 3
204, 3, 0, 1, 1
204, 3, 0, 1, 2
204, 3, 0, 1, 2
204, 4, 1, 0, 2
204, 4, 1, 0, 2
204, 4, 1, 0, 3
204, 4, 1, 0, 3
205, 3, 0, 1, 1
205, 3, 0, 1, 2
205, 3, 0, 1, 2
205, 5, 1, 0, 2
205, 5, 1, 0, 2
205, 5, 1, 0, 3
205, 5, 1, 0, 3
205, 5, 1, 0, 3
206, 3, 0, 1, 1
206, 3, 0, 1, 2
206, 3, 0, 1, 2
206, 5, 1, 0, 2
206, 5, 1, 0, 2
206, 5, 1, 0, 3
206, 5, 1, 0, 3
206, 5, 1, 0, 3
207, 4, 0, 1, 1
207, 4, 0, 1, 2
207, 4, 0, 1, 2
207, 4, 0, 1, 2
207, 5, 1, 0, 2
207, 5, 1, 0, 2
207, 5, 1, 0, 3
207, 5, 1, 0, 3
207, 5, 1, 0, 3
208, 4, 0, 1, 1
208, 4, 0, 1, 2
208, 4, 0, 1, 2
208, 4, 0, 1, 2
208, 5, 1, 0, 2
208, 5, 1, 0, 2
208, 5, 1, 0, 3
208, 5, 1, 0, 3
208, 5, 1, 0, 3
209, 1, 0, 1, 3
209, 2, 1, 0, 2
209, 2, 1, 0, 3
210, 1, 0, 1, 3
210, 2, 1, 0, 2
210, 2, 1, 0, 3
211, 2, 0, 1, 1
211, 2, 0, 1, 2
211, 1, 1, 0, 4
212, 1, 0, 1, 4
212, 1, 1, 0, 2
213, 1, 0, 1, 4
213, 1, 1, 0, 2
214, 1, 0, 1, 4
214, 1, 1, 0, 2
215, 1, 0, 1, 4
215, 1, 1, 0, 2
216, 1, 0, 1, 1
216, 1, 1, 0, 5
217, 1, 0, 1, 4
217, 1, 1, 0, 2
218, 1, 0, 1, 4
218, 1, 1, 0, 2
219, 1, 0, 1, 4
219, 1, 1, 0, 2
220, 1, 0, 1, 1
220, 1, 1, 0, 5
221, 1, 0, 1, 4
221, 1, 1, 0, 2
222, 1, 0, 1, 4
222, 1, 1, 0, 2
223, 1, 0, 1, 4
223, 1, 1, 0, 2
224, 1, 0, 1, 4
224, 1, 1, 0, 2
225, 1, 0, 1, 1
225, 1, 1, 0, 5
226, 1, 0, 1, 4
226, 1, 1, 0, 2
227, 1, 0, 1, 4
227, 1, 1, 0, 2
228, 1, 0, 1, 4
228, 1, 1, 0, 2
229, 1, 0, 1, 4
229, 1, 1, 0, 2
230, 1, 0, 1, 1
230, 1, 1, 0, 5
231, 1, 0, 1, 3
231, 2, 1, 0, 2
231, 2, 1, 0, 3
232, 1, 0, 1, 3
232, 2, 1, 0, 2
232, 2, 1, 0, 3
233, 1, 0, 1, 3
233, 2, 1, 0, 2
233, 2, 1, 0, 3
234, 1, 0, 1, 3
234, 3, 1, 0, 2
234, 3, 1, 0, 3
234, 3, 1, 0, 3
235, 2, 0, 1, 1
235, 2, 0, 1, 2
235, 1, 1, 0, 4
236, 1, 0, 1, 3
236, 2, 1, 0, 2
236, 2, 1, 0, 3
237, 3, 0, 1, 1
237, 3, 0, 1, 2
237, 3, 0, 1, 2
237, 4, 1, 0, 2
237, 4, 1, 0, 2
237, 4, 1, 0, 2
237, 4, 1, 0, 3
238, 1, 0, 1, 3
238, 2, 1, 0, 2
238, 2, 1, 0, 3
239, 2, 0, 1, 1
239, 2, 0, 1, 2
239, 5, 1, 0, 2
239, 5, 1, 0, 2
239, 5, 1, 0, 2
239, 5, 1, 0, 3
239, 5, 1, 0, 3
240, 1, 0, 1, 3
240, 2, 1, 0, 2
240, 2, 1, 0, 3
241, 2, 0, 1, 1
241, 2, 0, 1, 2
241, 1, 1, 0, 4
242, 1, 0, 1, 3
242, 3, 1, 0, 2
242, 3, 1, 0, 3
242, 3, 1, 0, 3
243, 1, 0, 1, 3
243, 3, 1, 0, 2
243, 3, 1, 0, 3
243, 3, 1, 0, 3
244, 1, 0, 1, 3
244, 3, 1, 0, 2
244, 3, 1, 0, 3
244, 3, 1, 0, 3
245, 3, 0, 1, 1
245, 3, 0, 1, 2
245, 3, 0, 1, 2
245, 1, 1, 0, 4
246, 1, 0, 1, 3
246, 3, 1, 0, 2
246, 3, 1, 0, 3
246, 3, 1, 0, 3
247, 2, 0, 1, 1
247, 2, 0, 1, 2
247, 1, 1, 0, 4
248, 1, 0, 1, 3
248, 2, 1, 0, 2
248, 2, 1, 0, 3
249, 2, 0, 1, 1
249, 2, 0, 1, 2
249, 5, 1, 0, 2
249, 5, 1, 0, 2
249, 5, 1, 0, 2
249, 5, 1, 0, 3
249, 5, 1, 0, 3
250, 1, 0, 1, 4
250, 2, 1, 0, 2
250, 2, 1, 0, 3
251, 1, 0, 1, 4
251, 2, 1, 0, 2
251, 2, 1, 0, 3
252, 1, 0, 1, 4
252, 2, 1, 0, 2
252, 2, 1, 0, 3
253, 1, 0, 1, 4
253, 2, 1, 0, 2
253, 2, 1, 0, 3
254, 1, 0, 1, 4
254, 2, 1, 0, 2
254, 2, 1, 0, 3
255, 2, 0, 1, 1
255, 2, 0, 1, 2
255, 1, 1, 0, 5
256, 1, 0, 1, 4
256, 2, 1, 0, 2
256, 2, 1, 0, 3
257, 1, 0, 1, 4
257, 2, 1, 0, 2
257, 2, 1, 0, 3
258, 1, 0, 1, 4
258, 2, 1, 0, 2
258, 2, 1, 0, 3
259, 1, 0, 1, 4
259, 3, 1, 0, 2
259, 3, 1, 0, 3
259, 3, 1, 0, 3
260, 2, 0, 1, 1
260, 2, 0, 1, 2
260, 1, 1, 0, 5
261, 1, 0, 1, 4
261, 2, 1, 0, 2
261, 2, 1, 0, 3
262, 1, 0, 1, 4
262, 2, 1, 0, 2
262, 2, 1, 0, 3
263, 1, 0, 1, 4
263, 3, 1, 0, 2
263, 3, 1, 0, 3
263, 3, 1, 0, 3
264, 1, 0, 1, 4
264, 3, 1, 0, 2
264, 3, 1, 0, 3
264, 3, 1, 0, 3
265, 3, 0, 1, 1
265, 3, 0, 1, 2
265, 3, 0, 1, 2
265, 1, 1, 0, 5
266, 2, 0, 1, 1
266, 2, 0, 1, 2
266, 7, 1, 0, 2
266, 7, 1, 0, 2
266, 7, 1, 0, 2
266, 7, 1, 0, 2
266, 7, 1, 0, 3
266, 7, 1, 0, 3
266, 7, 1, 0, 3
267, 2, 0, 92, 2
267, 2, 0, 92, 2
267, 2, 1, 12, 2
267, 2, 1, 12, 2
267, 2, 2, 3, 2
267, 2, 2, 3, 2
267, 2, 3, 4, 2
267, 2, 3, 4, 2
267, 2, 4, 5, 2
267, 2, 4, 5, 2
267, 2, 5, 6, 2
267, 2, 5, 6, 2
267, 2, 6, 7, 2
267, 2, 6, 7, 2
267, 2, 7, 8, 2
267, 2, 7, 8, 2
267, 2, 8, 9, 2
267, 2, 8, 9, 2
267, 2, 9, 10, 2
267, 2, 9, 10, 2
267, 2, 10, 11, 2
267, 2, 10, 11, 2
267, 2, 11, 13, 2
267, 2, 11, 13, 2
267, 2, 12, 23, 2
267, 2, 12, 23, 2
267, 2, 13, 14, 2
267, 2, 13, 14, 2
267, 2, 14, 15, 2
267, 2, 14, 15, 2
267, 2, 15, 16, 2
267, 2, 15, 16, 2
267, 2, 16, 17, 2
267, 2, 16, 17, 2
267, 2, 17, 18, 2
267, 2, 17, 18, 2
267, 2, 18, 19, 2
267, 2, 18, 19, 2
267, 2, 19, 20, 2
267, 2, 19, 20, 2
267, 2, 20, 21, 2
267, 2, 20, 21, 2
267, 2, 21, 22, 2
267, 2, 21, 22, 2
267, 2, 22, 24, 2
267, 2, 22, 24, 2
267, 2, 23, 34, 2
267, 2, 23, 34, 2
267, 2, 24, 25, 2
267, 2, 24, 25, 2
267, 2, 25, 26, 2
267, 2, 25, 26, 2
267, 2, 26, 27, 2
267, 2, 26, 27, 2
267, 2, 27, 28, 2
267, 2, 27, 28, 2
267, 2, 28, 29, 2
267, 2, 28, 29, 2
267, 2, 29, 30, 2
267, 2, 29, 30, 2
267, 2, 30, 31, 2
267, 2, 30, 31, 2
267, 2, 31, 32, 2
267, 2, 31, 32, 2
267, 2, 32, 33, 2
267, 2, 32, 33, 2
267, 2, 33, 35, 2
267, 2, 33, 35, 2
267, 2, 34, 45, 2
267, 2, 34, 45, 2
267, 2, 35, 36, 2
267, 2, 35, 36, 2
267, 2, 36, 37, 2
267, 2, 36, 37, 2
267, 2, 37, 38, 2
267, 2, 37, 38, 2
267, 2, 38, 39, 2
267, 2, 38, 39, 2
267, 2, 39, 40, 2
267, 2, 39, 40, 2
267, 2, 40, 41, 2
267, 2, 40, 41, 2
267, 2, 41, 42, 2
267, 2, 41, 42, 2
267, 2, 42, 43, 2
267, 2, 42, 43, 2
267, 2, 43, 44, 2
267, 2, 43, 44, 2
267, 2, 44, 46, 2
267, 2, 44, 46, 2
267, 2, 45, 56, 2
267, 2, 45, 56, 2
267, 2, 46, 47, 2
267, 2, 46, 47, 2
267, 2, 47, 48, 2
267, 2, 47, 48, 2
267, 2, 48, 49, 2
267, 2, 48, 49, 2
267, 2, 49, 50, 2
267, 2, 49, 50, 2
267, 2, 50, 51, 2
267, 2, 50, 51, 2
267, 2, 51, 52, 2
267, 2, 51, 52, 2
267, 2, 52, 53, 2
267, 2, 52, 53, 2
267, 2, 53, 54, 2
267, 2, 53, 54, 2
267, 2, 54, 55, 2
267, 2, 54, 55, 2
267, 2, 55, 57, 2
267, 2, 55, 57, 2
267, 2, 56, 67, 2
267, 2, 56, 67, 2
267, 2, 57, 58, 2
267, 2, 57, 58, 2
267, 2, 58, 59, 2
267, 2, 58, 59, 2
267, 2, 59, 60, 2
267, 2, 59, 60, 2
267, 2, 60, 61, 2
267, 2, 60, 61, 2
267, 2, 61, 62, 2
267, 2, 61, 62, 2
267, 2, 62, 63, 2
267, 2, 62, 63, 2
267, 2, 63, 64, 2
267, 2, 63, 64, 2
267, 2, 64, 65, 2
267, 2, 64, 65, 2
267, 2, 65, 66, 2
267, 2, 65, 66, 2
267, 2, 66, 68, 2
267, 2, 66, 68, 2
267, 2, 67, 78, 2
267, 2, 67, 78, 2
267, 2, 68, 69, 2
267, 2, 68, 69, 2
267, 2, 69, 70, 2
267, 2, 69, 70, 2
267, 2, 70, 71, 2
267, 2, 70, 71, 2
267, 2, 71, 72, 2
267, 2, 71, 72, 2
267, 2, 72, 73, 2
267, 2, 72, 73, 2
267, 2, 73, 74, 2
267, 2, 73, 74, 2
267, 2, 74, 75, 2
267, 2, 74, 75, 2
267, 2, 75, 76, 2
267, 2, 75, 76, 2
267, 2, 76, 77, 2
267, 2, 76, 77, 2
267, 2, 77, 79, 2
267, 2, 77, 79, 2
267, 2, 78, 89, 2
267, 2, 78, 89, 2
267, 2, 79, 80, 2
267, 2, 79, 80, 2
267, 2, 80, 81, 2
267, 2, 80, 81, 2
267, 2, 81, 82, 2
267, 2, 81, 82, 2
267, 2, 82, 83, 2
267, 2, 82, 83, 2
267, 2, 83, 84, 2
267, 2, 83, 84, 2
267, 2, 84, 85, 2
267, 2, 84, 85, 2
267, 2, 85, 86, 2
267, 2, 85, 86, 2
267, 2, 86, 87, 2
267, 2, 86, 87, 2
267, 2, 87, 88, 2
267, 2, 87, 88, 2
267, 2, 88, 90, 2
267, 2, 88, 90, 2
267, 2, 89, 91, 2
267, 2, 89, 91, 2
267, 2, 90, 180, 2
267, 2, 90, 180, 2
267, 2, 91, 93, 2
267, 2, 91, 93, 2
267, 2, 92, 103, 2
267, 2, 92, 103, 2
267, 2, 93, 94, 2
267, 2, 93, 94, 2
267, 2, 94, 95, 2
267, 2, 94, 95, 2
267, 2, 95, 96, 2
267, 2, 95, 96, 2
267, 2, 96, 97, 2
267, 2, 96, 97, 2
267, 2, 97, 98, 2
267, 2, 97, 98, 2
267, 2, 98, 99, 2
267, 2, 98, 99, 2
267, 2, 99, 100, 2
267, 2, 99, 100, 2
267, 2, 100, 101, 2
267, 2, 100, 101, 2
267, 2, 101, 102, 2
267, 2, 101, 102, 2
267, 2, 102, 104, 2
267, 2, 102, 104, 2
267, 2, 103, 114, 2
267, 2, 103, 114, 2
267, 2, 104, 105, 2
267, 2, 104, 105, 2
267, 2, 105, 106, 2
267, 2, 105, 106, 2
267, 2, 106, 107, 2
267, 2, 106, 107, 2
267, 2, 107, 108, 2
267, 2, 107, 108, 2
267, 2, 108, 109, 2
267, 2, 108, 109, 2
267, 2, 109, 110, 2
267, 2, 109, 110, 2
267, 2, 110, 111, 2
267, 2, 110, 111, 2
267, 2, 111, 112, 2
267, 2, 111, 112, 2
267, 2, 112, 113, 2
267, 2, 112, 113, 2
267, 2, 113, 115, 2
267, 2, 113, 115, 2
267, 2, 114, 125, 2
267, 2, 114, 125, 2
267, 2, 115, 116, 2
267, 2, 115, 116, 2
267, 2, 116, 117, 2
267, 2, 116, 117, 2
267, 2, 117, 118, 2
267, 2, 117, 118, 2
267, 2, 118, 119, 2
267, 2, 118, 119, 2
267, 2, 119, 120, 2
267, 2, 119, 120, 2
267, 2, 120, 121, 2
267, 2, 120, 121, 2
267, 2, 121, 122, 2
267, 2, 121, 122, 2
267, 2, 122, 123, 2
267, 2, 122, 123, 2
267, 2, 123, 124, 2
267, 2, 123, 124, 2
267, 2, 124, 126, 2
267, 2, 124, 126, 2
267, 2, 125, 136, 2
267, 2, 125, 136, 2
267, 2, 126, 127, 2
267, 2, 126, 127, 2
267, 2, 127, 128, 2
267, 2, 127, 128, 2
267, 2, 128, 129, 2
267, 2, 128, 129, 2
267, 2, 129, 130, 2
267, 2, 129, 130, 2
267, 2, 130, 131, 2
267, 2, 130, 131, 2
267, 2, 131, 132, 2
267, 2, 131, 132, 2
267, 2, 132, 133, 2
267, 2, 132, 133, 2
267, 2, 133, 134, 2
267, 2, 133, 134, 2
267, 2, 134, 135, 2
267, 2, 134, 135, 2
267, 2, 135, 137, 2
267, 2, 135, 137, 2
267, 2, 136, 147, 2
267, 2, 136, 147, 2
267, 2, 137, 138, 2
267, 2, 137, 138, 2
267, 2, 138, 139, 2
267, 2, 138, 139, 2
267, 2, 139, 140, 2
267, 2, 139, 140, 2
267, 2, 140, 141, 2
267, 2, 140, 141, 2
267, 2, 141, 142, 2
267, 2, 141, 142, 2
267, 2, 142, 143, 2
267, 2, 142, 143, 2
267, 2, 143, 144, 2
267, 2, 143, 144, 2
267, 2, 144, 145, 2
267, 2, 144, 145, 2
267, 2, 145, 146, 2
267, 2, 145, 146, 2
267, 2, 146, 148, 2
267, 2, 146, 148, 2
267, 2, 147, 158, 2
267, 2, 147, 158, 2
267, 2, 148, 149, 2
267, 2, 148, 149, 2
267, 2, 149, 150, 2
267, 2, 149, 150, 2
267, 2, 150, 151, 2
267, 2, 150, 151, 2
267, 2, 151, 152, 2
267, 2, 151, 152, 2
267, 2, 152, 153, 2
267, 2, 152, 153, 2
267, 2, 153, 154, 2
267, 2, 153, 154, 2
267, 2, 154, 155, 2
267, 2, 154, 155, 2
267, 2, 155, 156, 2
267, 2, 155, 156, 2
267, 2, 156, 157, 2
267, 2, 156, 157, 2
267, 2, 157, 159, 2
267, 2, 157, 159, 2
267, 2, 158, 169, 2
267, 2, 158, 169, 2
267, 2, 159, 160, 2
267, 2, 159, 160, 2
267, 2, 160, 161, 2
267, 2, 160, 161, 2
267, 2, 161, 162, 2
267, 2, 161, 162, 2
267, 2, 162, 163, 2
267, 2, 162, 163, 2
267, 2, 163, 164, 2
267, 2, 163, 164, 2
267, 2, 164, 165, 2
267, 2, 164, 165, 2
267, 2, 165, 166, 2
267, 2, 165, 166, 2
267, 2, 166, 167, 2
267, 2, 166, 167, 2
267, 2, 167, 168, 2
267, 2, 167, 168, 2
267, 2, 168, 170, 2
267, 2, 168, 170, 2
267, 2, 169, 1, 2
267, 2, 169, 1, 2
267, 2, 170, 171, 2
267, 2, 170, 171, 2
267, 2, 171, 172, 2
267, 2, 171, 172, 2
267, 2, 172, 173, 2
267, 2, 172, 173, 2
267, 2, 173, 174, 2
267, 2, 173, 174, 2
267, 2, 174, 175, 2
267, 2, 174, 175, 2
267, 2, 175, 176, 2
267, 2, 175, 176, 2
267, 2, 176, 177, 2
267, 2, 176, 177, 2
267, 2, 177, 178, 2
267, 2, 177, 178, 2
267, 2, 178, 179, 2
267, 2, 178, 179, 2
267, 2, 179, 2, 2
267, 2, 179, 2, 2
268, 2, 1, 0, 2
268, 2, 1, 0, 3
Goal
1
2
3
4
5
6
7
8
9
10
11
12
13
14
15
16
17
18
19
20
21
22
23
24
25
26
27
28
29
30
31
32
33
34
35
36
37
38
39
40
41
42
43
44
45
46
47
48
49
50
51
52
53
54
55
56
57
58
59
60
61
62
63
64
65
66
67
68
69
70
71
72
73
74
75
76
77
78
79
80
81
82
83
84
85
86
87
88
89
90
91
92
93
94
95
96
97
98
99
100
101
102
103
104
105
106
107
108
109
110
111
112
113
114
115
116
117
118
119
120
121
122
123
124
125
126
127
128
129
130
131
132
133
134
135
136
137
138
139
140
141
142
143
144
145
146
147
148
149
150
151
152
153
154
155
156
157
158
159
160
161
162
163
164
165
166
167
168
169
170
171
172
173
174
175
176
177
178
179
180
181
182
183
184
185
186
187
188
189
190
191
192
193
194
195
196
197
198
199
200
201
202
203
204
205
206
207
208
209
210
211
212
213
214
215
216
217
218
219
220
221
222
223
224
225
226
227
228
229
230
231
232
233
234
235
236
237
238
239
240
241
242
243
244
245
246
247
248
249
250
251
252
253
254
255
256
257
258
259
260
261
262
263
264
265
266
267
268
