CG
57
0, 2, 47, 8
0, 2, 48, 8
1, 2, 42, 7
1, 2, 48, 7
2, 2, 34, 4
2, 2, 50, 4
3, 2, 43, 8
3, 2, 44, 8
4, 2, 30, 5
4, 2, 44, 5
5, 2, 39, 7
5, 2, 44, 7
6, 2, 24, 4
6, 2, 44, 4
7, 2, 28, 7
7, 2, 44, 7
8, 2, 29, 4
8, 2, 44, 4
9, 2, 51, 12
9, 2, 55, 12
10, 2, 33, 4
10, 2, 48, 4
11, 2, 32, 7
11, 2, 50, 7
12, 2, 45, 15
12, 2, 55, 15
13, 2, 53, 15
13, 2, 55, 15
14, 2, 41, 7
14, 2, 50, 7
15, 2, 35, 7
15, 2, 50, 7
16, 2, 46, 15
16, 2, 55, 15
17, 2, 36, 7
17, 2, 48, 7
18, 2, 54, 16
18, 2, 55, 16
19, 2, 37, 5
19, 2, 50, 5
20, 2, 52, 13
20, 2, 55, 13
21, 2, 38, 5
21, 2, 48, 5
22, 2, 25, 4
22, 2, 48, 4
23, 2, 26, 4
23, 2, 50, 4
24, 8, 40, 12
24, 8, 30, 5
24, 8, 39, 28
24, 8, 29, 12
24, 8, 43, 8
24, 8, 6, 1
24, 8, 55, 12
24, 8, 44, 65
25, 10, 40, 12
25, 10, 26, 4
25, 10, 38, 5
25, 10, 42, 28
25, 10, 33, 12
25, 10, 47, 8
25, 10, 22, 1
25, 10, 55, 12
25, 10, 50, 4
25, 10, 48, 69
26, 10, 40, 12
26, 10, 25, 4
26, 10, 37, 5
26, 10, 41, 28
26, 10, 34, 12
26, 10, 49, 8
26, 10, 23, 1
26, 10, 55, 12
26, 10, 50, 69
26, 10, 48, 4
27, 6, 46, 15
27, 6, 30, 15
27, 6, 39, 14
27, 6, 43, 8
27, 6, 55, 15
27, 6, 44, 58
28, 8, 45, 15
28, 8, 30, 10
28, 8, 39, 14
28, 8, 29, 12
28, 8, 43, 8
28, 8, 7, 1
28, 8, 55, 15
28, 8, 44, 65
29, 5, 51, 12
29, 5, 43, 16
29, 5, 8, 1
29, 5, 55, 12
29, 5, 44, 40
30, 5, 52, 13
30, 5, 43, 24
30, 5, 4, 1
30, 5, 55, 13
30, 5, 44, 54
31, 9, 45, 15
31, 9, 32, 7
31, 9, 38, 10
31, 9, 42, 14
31, 9, 33, 12
31, 9, 47, 8
31, 9, 55, 15
31, 9, 50, 7
31, 9, 48, 72
32, 10, 45, 15
32, 10, 31, 7
32, 10, 37, 10
32, 10, 41, 14
32, 10, 34, 12
32, 10, 49, 8
32, 10, 11, 1
32, 10, 55, 15
32, 10, 50, 72
32, 10, 48, 7
33, 7, 51, 12
33, 7, 34, 4
33, 7, 47, 16
33, 7, 10, 1
33, 7, 55, 12
33, 7, 50, 4
33, 7, 48, 44
34, 7, 51, 12
34, 7, 33, 4
34, 7, 49, 16
34, 7, 2, 1
34, 7, 55, 12
34, 7, 50, 44
34, 7, 48, 4
35, 9, 46, 15
35, 9, 36, 7
35, 9, 37, 15
35, 9, 41, 14
35, 9, 49, 8
35, 9, 15, 1
35, 9, 55, 15
35, 9, 50, 65
35, 9, 48, 7
36, 9, 46, 15
36, 9, 35, 7
36, 9, 38, 15
36, 9, 42, 14
36, 9, 47, 8
36, 9, 17, 1
36, 9, 55, 15
36, 9, 50, 7
36, 9, 48, 65
37, 7, 52, 13
37, 7, 38, 5
37, 7, 49, 24
37, 7, 19, 1
37, 7, 55, 13
37, 7, 50, 59
37, 7, 48, 5
38, 7, 52, 13
38, 7, 37, 5
38, 7, 47, 24
38, 7, 21, 1
38, 7, 55, 13
38, 7, 50, 5
38, 7, 48, 59
39, 5, 53, 15
39, 5, 43, 16
39, 5, 5, 1
39, 5, 55, 15
39, 5, 44, 65
40, 11, 26, 4
40, 11, 25, 4
40, 11, 24, 4
40, 11, 52, 13
40, 11, 53, 60
40, 11, 51, 36
40, 11, 54, 16
40, 11, 55, 185
40, 11, 50, 4
40, 11, 48, 4
40, 11, 44, 4
41, 7, 53, 15
41, 7, 42, 7
41, 7, 49, 16
41, 7, 14, 1
41, 7, 55, 15
41, 7, 50, 72
41, 7, 48, 7
42, 7, 53, 15
42, 7, 41, 7
42, 7, 47, 16
42, 7, 1, 1
42, 7, 55, 15
42, 7, 50, 7
42, 7, 48, 72
43, 4, 54, 16
43, 4, 3, 1
43, 4, 55, 16
43, 4, 44, 64
44, 7, 24, 12
44, 7, 27, 21
44, 7, 28, 21
44, 7, 30, 30
44, 7, 39, 49
44, 7, 29, 24
44, 7, 43, 64
45, 12, 32, 7
45, 12, 31, 7
45, 12, 28, 7
45, 12, 52, 26
45, 12, 53, 30
45, 12, 51, 36
45, 12, 54, 16
45, 12, 12, 1
45, 12, 55, 183
45, 12, 50, 7
45, 12, 48, 7
45, 12, 44, 7
46, 11, 35, 7
46, 11, 36, 7
46, 11, 27, 7
46, 11, 52, 39
46, 11, 53, 30
46, 11, 54, 16
46, 11, 16, 1
46, 11, 55, 160
46, 11, 50, 7
46, 11, 48, 7
46, 11, 44, 7
47, 6, 54, 16
47, 6, 49, 8
47, 6, 0, 1
47, 6, 55, 16
47, 6, 50, 8
47, 6, 48, 72
48, 7, 25, 16
48, 7, 36, 28
48, 7, 31, 28
48, 7, 38, 35
48, 7, 42, 56
48, 7, 33, 28
48, 7, 47, 72
49, 6, 54, 16
49, 6, 47, 8
49, 6, 56, 1
49, 6, 55, 16
49, 6, 50, 72
49, 6, 48, 8
50, 7, 26, 16
50, 7, 35, 28
50, 7, 32, 28
50, 7, 37, 35
50, 7, 41, 56
50, 7, 34, 28
50, 7, 49, 72
51, 9, 34, 4
51, 9, 33, 4
51, 9, 29, 4
51, 9, 54, 32
51, 9, 9, 1
51, 9, 55, 128
51, 9, 50, 4
51, 9, 48, 4
51, 9, 44, 4
52, 9, 37, 5
52, 9, 38, 5
52, 9, 30, 5
52, 9, 54, 48
52, 9, 20, 1
52, 9, 55, 152
52, 9, 50, 5
52, 9, 48, 5
52, 9, 44, 5
53, 9, 41, 7
53, 9, 42, 7
53, 9, 39, 7
53, 9, 54, 32
53, 9, 13, 1
53, 9, 55, 167
53, 9, 50, 7
53, 9, 48, 7
53, 9, 44, 7
54, 8, 49, 8
54, 8, 47, 8
54, 8, 43, 8
54, 8, 18, 1
54, 8, 55, 160
54, 8, 50, 8
54, 8, 48, 8
54, 8, 44, 8
55, 7, 40, 60
55, 7, 46, 75
55, 7, 45, 75
55, 7, 52, 104
55, 7, 53, 135
55, 7, 51, 96
55, 7, 54, 160
56, 2, 49, 8
56, 2, 50, 8
DTG
0, 1, 1, 0, 2
1, 1, 1, 0, 2
2, 1, 1, 0, 2
3, 1, 1, 0, 2
4, 1, 1, 0, 2
5, 1, 1, 0, 2
6, 1, 1, 0, 2
7, 1, 1, 0, 2
8, 1, 1, 0, 2
9, 1, 1, 0, 2
10, 1, 1, 0, 2
11, 1, 1, 0, 2
12, 1, 1, 0, 2
13, 1, 1, 0, 2
14, 1, 1, 0, 2
15, 1, 1, 0, 2
16, 1, 1, 0, 2
17, 1, 1, 0, 2
18, 1, 1, 0, 2
19, 1, 1, 0, 2
20, 1, 1, 0, 2
21, 1, 1, 0, 2
22, 1, 1, 0, 2
23, 1, 1, 0, 2
24, 4, 0, 1, 2
24, 4, 0, 1, 2
24, 4, 0, 1, 2
24, 4, 0, 1, 2
24, 8, 1, 0, 3
24, 8, 1, 0, 3
24, 8, 1, 0, 3
24, 8, 1, 0, 3
24, 8, 1, 0, 3
24, 8, 1, 0, 3
24, 8, 1, 0, 3
24, 8, 1, 0, 3
25, 4, 0, 1, 2
25, 4, 0, 1, 2
25, 4, 0, 1, 2
25, 4, 0, 1, 2
25, 12, 1, 0, 3
25, 12, 1, 0, 3
25, 12, 1, 0, 3
25, 12, 1, 0, 3
25, 12, 1, 0, 3
25, 12, 1, 0, 3
25, 12, 1, 0, 3
25, 12, 1, 0, 3
25, 12, 1, 0, 3
25, 12, 1, 0, 3
25, 12, 1, 0, 3
25, 12, 1, 0, 3
26, 4, 0, 1, 2
26, 4, 0, 1, 2
26, 4, 0, 1, 2
26, 4, 0, 1, 2
26, 12, 1, 0, 3
26, 12, 1, 0, 3
26, 12, 1, 0, 3
26, 12, 1, 0, 3
26, 12, 1, 0, 3
26, 12, 1, 0, 3
26, 12, 1, 0, 3
26, 12, 1, 0, 3
26, 12, 1, 0, 3
26, 12, 1, 0, 3
26, 12, 1, 0, 3
26, 12, 1, 0, 3
27, 7, 0, 1, 2
27, 7, 0, 1, 2
27, 7, 0, 1, 2
27, 7, 0, 1, 2
27, 7, 0, 1, 2
27, 7, 0, 1, 2
27, 7, 0, 1, 2
27, 7, 1, 0, 2
27, 7, 1, 0, 2
27, 7, 1, 0, 2
27, 7, 1, 0, 2
27, 7, 1, 0, 2
27, 7, 1, 0, 2
27, 7, 1, 0, 2
28, 7, 0, 1, 2
28, 7, 0, 1, 2
28, 7, 0, 1, 2
28, 7, 0, 1, 2
28, 7, 0, 1, 2
28, 7, 0, 1, 2
28, 7, 0, 1, 2
28, 14, 1, 0, 3
28, 14, 1, 0, 3
28, 14, 1, 0, 3
28, 14, 1, 0, 3
28, 14, 1, 0, 3
28, 14, 1, 0, 3
28, 14, 1, 0, 3
28, 14, 1, 0, 3
28, 14, 1, 0, 3
28, 14, 1, 0, 3
28, 14, 1, 0, 3
28, 14, 1, 0, 3
28, 14, 1, 0, 3
28, 14, 1, 0, 3
29, 4, 0, 1, 2
29, 4, 0, 1, 2
29, 4, 0, 1, 2
29, 4, 0, 1, 2
29, 12, 1, 0, 3
29, 12, 1, 0, 3
29, 12, 1, 0, 3
29, 12, 1, 0, 3
29, 12, 1, 0, 3
29, 12, 1, 0, 3
29, 12, 1, 0, 3
29, 12, 1, 0, 3
29, 12, 1, 0, 4
29, 12, 1, 0, 4
29, 12, 1, 0, 4
29, 12, 1, 0, 4
30, 5, 0, 1, 2
30, 5, 0, 1, 2
30, 5, 0, 1, 2
30, 5, 0, 1, 2
30, 5, 0, 1, 2
30, 20, 1, 0, 3
30, 20, 1, 0, 3
30, 20, 1, 0, 3
30, 20, 1, 0, 3
30, 20, 1, 0, 3
30, 20, 1, 0, 3
30, 20, 1, 0, 3
30, 20, 1, 0, 3
30, 20, 1, 0, 3
30, 20, 1, 0, 3
30, 20, 1, 0, 4
30, 20, 1, 0, 4
30, 20, 1, 0, 4
30, 20, 1, 0, 4
30, 20, 1, 0, 4
30, 20, 1, 0, 4
30, 20, 1, 0, 4
30, 20, 1, 0, 4
30, 20, 1, 0, 4
30, 20, 1, 0, 4
31, 7, 0, 1, 2
31, 7, 0, 1, 2
31, 7, 0, 1, 2
31, 7, 0, 1, 2
31, 7, 0, 1, 2
31, 7, 0, 1, 2
31, 7, 0, 1, 2
31, 7, 1, 0, 2
31, 7, 1, 0, 2
31, 7, 1, 0, 2
31, 7, 1, 0, 2
31, 7, 1, 0, 2
31, 7, 1, 0, 2
31, 7, 1, 0, 2
32, 7, 0, 1, 2
32, 7, 0, 1, 2
32, 7, 0, 1, 2
32, 7, 0, 1, 2
32, 7, 0, 1, 2
32, 7, 0, 1, 2
32, 7, 0, 1, 2
32, 21, 1, 0, 3
32, 21, 1, 0, 3
32, 21, 1, 0, 3
32, 21, 1, 0, 3
32, 21, 1, 0, 3
32, 21, 1, 0, 3
32, 21, 1, 0, 3
32, 21, 1, 0, 3
32, 21, 1, 0, 3
32, 21, 1, 0, 3
32, 21, 1, 0, 3
32, 21, 1, 0, 3
32, 21, 1, 0, 3
32, 21, 1, 0, 3
32, 21, 1, 0, 3
32, 21, 1, 0, 3
32, 21, 1, 0, 3
32, 21, 1, 0, 3
32, 21, 1, 0, 3
32, 21, 1, 0, 3
32, 21, 1, 0, 3
33, 4, 0, 1, 2
33, 4, 0, 1, 2
33, 4, 0, 1, 2
33, 4, 0, 1, 2
33, 16, 1, 0, 3
33, 16, 1, 0, 3
33, 16, 1, 0, 3
33, 16, 1, 0, 3
33, 16, 1, 0, 3
33, 16, 1, 0, 3
33, 16, 1, 0, 3
33, 16, 1, 0, 3
33, 16, 1, 0, 3
33, 16, 1, 0, 3
33, 16, 1, 0, 3
33, 16, 1, 0, 3
33, 16, 1, 0, 4
33, 16, 1, 0, 4
33, 16, 1, 0, 4
33, 16, 1, 0, 4
34, 4, 0, 1, 2
34, 4, 0, 1, 2
34, 4, 0, 1, 2
34, 4, 0, 1, 2
34, 16, 1, 0, 3
34, 16, 1, 0, 3
34, 16, 1, 0, 3
34, 16, 1, 0, 3
34, 16, 1, 0, 3
34, 16, 1, 0, 3
34, 16, 1, 0, 3
34, 16, 1, 0, 3
34, 16, 1, 0, 3
34, 16, 1, 0, 3
34, 16, 1, 0, 3
34, 16, 1, 0, 3
34, 16, 1, 0, 4
34, 16, 1, 0, 4
34, 16, 1, 0, 4
34, 16, 1, 0, 4
35, 7, 0, 1, 2
35, 7, 0, 1, 2
35, 7, 0, 1, 2
35, 7, 0, 1, 2
35, 7, 0, 1, 2
35, 7, 0, 1, 2
35, 7, 0, 1, 2
35, 21, 1, 0, 3
35, 21, 1, 0, 3
35, 21, 1, 0, 3
35, 21, 1, 0, 3
35, 21, 1, 0, 3
35, 21, 1, 0, 3
35, 21, 1, 0, 3
35, 21, 1, 0, 3
35, 21, 1, 0, 3
35, 21, 1, 0, 3
35, 21, 1, 0, 3
35, 21, 1, 0, 3
35, 21, 1, 0, 3
35, 21, 1, 0, 3
35, 21, 1, 0, 3
35, 21, 1, 0, 3
35, 21, 1, 0, 3
35, 21, 1, 0, 3
35, 21, 1, 0, 3
35, 21, 1, 0, 3
35, 21, 1, 0, 3
36, 7, 0, 1, 2
36, 7, 0, 1, 2
36, 7, 0, 1, 2
36, 7, 0, 1, 2
36, 7, 0, 1, 2
36, 7, 0, 1, 2
36, 7, 0, 1, 2
36, 21, 1, 0, 3
36, 21, 1, 0, 3
36, 21, 1, 0, 3
36, 21, 1, 0, 3
36, 21, 1, 0, 3
36, 21, 1, 0, 3
36, 21, 1, 0, 3
36, 21, 1, 0, 3
36, 21, 1, 0, 3
36, 21, 1, 0, 3
36, 21, 1, 0, 3
36, 21, 1, 0, 3
36, 21, 1, 0, 3
36, 21, 1, 0, 3
36, 21, 1, 0, 3
36, 21, 1, 0, 3
36, 21, 1, 0, 3
36, 21, 1, 0, 3
36, 21, 1, 0, 3
36, 21, 1, 0, 3
36, 21, 1, 0, 3
37, 5, 0, 1, 2
37, 5, 0, 1, 2
37, 5, 0, 1, 2
37, 5, 0, 1, 2
37, 5, 0, 1, 2
37, 25, 1, 0, 3
37, 25, 1, 0, 3
37, 25, 1, 0, 3
37, 25, 1, 0, 3
37, 25, 1, 0, 3
37, 25, 1, 0, 3
37, 25, 1, 0, 3
37, 25, 1, 0, 3
37, 25, 1, 0, 3
37, 25, 1, 0, 3
37, 25, 1, 0, 3
37, 25, 1, 0, 3
37, 25, 1, 0, 3
37, 25, 1, 0, 3
37, 25, 1, 0, 3
37, 25, 1, 0, 4
37, 25, 1, 0, 4
37, 25, 1, 0, 4
37, 25, 1, 0, 4
37, 25, 1, 0, 4
37, 25, 1, 0, 4
37, 25, 1, 0, 4
37, 25, 1, 0, 4
37, 25, 1, 0, 4
37, 25, 1, 0, 4
38, 5, 0, 1, 2
38, 5, 0, 1, 2
38, 5, 0, 1, 2
38, 5, 0, 1, 2
38, 5, 0, 1, 2
38, 25, 1, 0, 3
38, 25, 1, 0, 3
38, 25, 1, 0, 3
38, 25, 1, 0, 3
38, 25, 1, 0, 3
38, 25, 1, 0, 3
38, 25, 1, 0, 3
38, 25, 1, 0, 3
38, 25, 1, 0, 3
38, 25, 1, 0, 3
38, 25, 1, 0, 3
38, 25, 1, 0, 3
38, 25, 1, 0, 3
38, 25, 1, 0, 3
38, 25, 1, 0, 3
38, 25, 1, 0, 4
38, 25, 1, 0, 4
38, 25, 1, 0, 4
38, 25, 1, 0, 4
38, 25, 1, 0, 4
38, 25, 1, 0, 4
38, 25, 1, 0, 4
38, 25, 1, 0, 4
38, 25, 1, 0, 4
38, 25, 1, 0, 4
39, 7, 0, 1, 2
39, 7, 0, 1, 2
39, 7, 0, 1, 2
39, 7, 0, 1, 2
39, 7, 0, 1, 2
39, 7, 0, 1, 2
39, 7, 0, 1, 2
39, 28, 1, 0, 3
39, 28, 1, 0, 3
39, 28, 1, 0, 3
39, 28, 1, 0, 3
39, 28, 1, 0, 3
39, 28, 1, 0, 3
39, 28, 1, 0, 3
39, 28, 1, 0, 3
39, 28, 1, 0, 3
39, 28, 1, 0, 3
39, 28, 1, 0, 3
39, 28, 1, 0, 3
39, 28, 1, 0, 3
39, 28, 1, 0, 3
39, 28, 1, 0, 4
39, 28, 1, 0, 4
39, 28, 1, 0, 4
39, 28, 1, 0, 4
39, 28, 1, 0, 4
39, 28, 1, 0, 4
39, 28, 1, 0, 4
39, 28, 1, 0, 4
39, 28, 1, 0, 4
39, 28, 1, 0, 4
39, 28, 1, 0, 4
39, 28, 1, 0, 4
39, 28, 1, 0, 4
39, 28, 1, 0, 4
40, 12, 0, 1, 2
40, 12, 0, 1, 2
40, 12, 0, 1, 2
40, 12, 0, 1, 2
40, 12, 0, 1, 2
40, 12, 0, 1, 2
40, 12, 0, 1, 2
40, 12, 0, 1, 2
40, 12, 0, 1, 2
40, 12, 0, 1, 2
40, 12, 0, 1, 2
40, 12, 0, 1, 2
40, 24, 1, 0, 2
40, 24, 1, 0, 2
40, 24, 1, 0, 2
40, 24, 1, 0, 2
40, 24, 1, 0, 2
40, 24, 1, 0, 2
40, 24, 1, 0, 2
40, 24, 1, 0, 2
40, 24, 1, 0, 2
40, 24, 1, 0, 2
40, 24, 1, 0, 2
40, 24, 1, 0, 2
40, 24, 1, 0, 3
40, 24, 1, 0, 3
40, 24, 1, 0, 3
40, 24, 1, 0, 3
40, 24, 1, 0, 3
40, 24, 1, 0, 3
40, 24, 1, 0, 3
40, 24, 1, 0, 3
40, 24, 1, 0, 3
40, 24, 1, 0, 3
40, 24, 1, 0, 3
40, 24, 1, 0, 3
41, 7, 0, 1, 2
41, 7, 0, 1, 2
41, 7, 0, 1, 2
41, 7, 0, 1, 2
41, 7, 0, 1, 2
41, 7, 0, 1, 2
41, 7, 0, 1, 2
41, 35, 1, 0, 3
41, 35, 1, 0, 3
41, 35, 1, 0, 3
41, 35, 1, 0, 3
41, 35, 1, 0, 3
41, 35, 1, 0, 3
41, 35, 1, 0, 3
41, 35, 1, 0, 3
41, 35, 1, 0, 3
41, 35, 1, 0, 3
41, 35, 1, 0, 3
41, 35, 1, 0, 3
41, 35, 1, 0, 3
41, 35, 1, 0, 3
41, 35, 1, 0, 3
41, 35, 1, 0, 3
41, 35, 1, 0, 3
41, 35, 1, 0, 3
41, 35, 1, 0, 3
41, 35, 1, 0, 3
41, 35, 1, 0, 3
41, 35, 1, 0, 4
41, 35, 1, 0, 4
41, 35, 1, 0, 4
41, 35, 1, 0, 4
41, 35, 1, 0, 4
41, 35, 1, 0, 4
41, 35, 1, 0, 4
41, 35, 1, 0, 4
41, 35, 1, 0, 4
41, 35, 1, 0, 4
41, 35, 1, 0, 4
41, 35, 1, 0, 4
41, 35, 1, 0, 4
41, 35, 1, 0, 4
42, 7, 0, 1, 2
42, 7, 0, 1, 2
42, 7, 0, 1, 2
42, 7, 0, 1, 2
42, 7, 0, 1, 2
42, 7, 0, 1, 2
42, 7, 0, 1, 2
42, 35, 1, 0, 3
42, 35, 1, 0, 3
42, 35, 1, 0, 3
42, 35, 1, 0, 3
42, 35, 1, 0, 3
42, 35, 1, 0, 3
42, 35, 1, 0, 3
42, 35, 1, 0, 3
42, 35, 1, 0, 3
42, 35, 1, 0, 3
42, 35, 1, 0, 3
42, 35, 1, 0, 3
42, 35, 1, 0, 3
42, 35, 1, 0, 3
42, 35, 1, 0, 3
42, 35, 1, 0, 3
42, 35, 1, 0, 3
42, 35, 1, 0, 3
42, 35, 1, 0, 3
42, 35, 1, 0, 3
42, 35, 1, 0, 3
42, 35, 1, 0, 4
42, 35, 1, 0, 4
42, 35, 1, 0, 4
42, 35, 1, 0, 4
42, 35, 1, 0, 4
42, 35, 1, 0, 4
42, 35, 1, 0, 4
42, 35, 1, 0, 4
42, 35, 1, 0, 4
42, 35, 1, 0, 4
42, 35, 1, 0, 4
42, 35, 1, 0, 4
42, 35, 1, 0, 4
42, 35, 1, 0, 4
43, 8, 0, 1, 2
43, 8, 0, 1, 2
43, 8, 0, 1, 2
43, 8, 0, 1, 2
43, 8, 0, 1, 2
43, 8, 0, 1, 2
43, 8, 0, 1, 2
43, 8, 0, 1, 2
43, 48, 1, 0, 3
43, 48, 1, 0, 3
43, 48, 1, 0, 3
43, 48, 1, 0, 3
43, 48, 1, 0, 3
43, 48, 1, 0, 3
43, 48, 1, 0, 3
43, 48, 1, 0, 3
43, 48, 1, 0, 3
43, 48, 1, 0, 3
43, 48, 1, 0, 3
43, 48, 1, 0, 3
43, 48, 1, 0, 3
43, 48, 1, 0, 3
43, 48, 1, 0, 3
43, 48, 1, 0, 3
43, 48, 1, 0, 4
43, 48, 1, 0, 4
43, 48, 1, 0, 4
43, 48, 1, 0, 4
43, 48, 1, 0, 4
43, 48, 1, 0, 4
43, 48, 1, 0, 4
43, 48, 1, 0, 4
43, 48, 1, 0, 4
43, 48, 1, 0, 4
43, 48, 1, 0, 4
43, 48, 1, 0, 4
43, 48, 1, 0, 4
43, 48, 1, 0, 4
43, 48, 1, 0, 4
43, 48, 1, 0, 4
43, 48, 1, 0, 4
43, 48, 1, 0, 4
43, 48, 1, 0, 4
43, 48, 1, 0, 4
43, 48, 1, 0, 4
43, 48, 1, 0, 4
43, 48, 1, 0, 4
43, 48, 1, 0, 4
43, 48, 1, 0, 4
43, 48, 1, 0, 4
43, 48, 1, 0, 4
43, 48, 1, 0, 4
43, 48, 1, 0, 4
43, 48, 1, 0, 4
43, 48, 1, 0, 4
43, 48, 1, 0, 4
44, 22, 0, 1, 3
44, 22, 0, 1, 3
44, 22, 0, 1, 4
44, 22, 0, 1, 4
44, 22, 0, 1, 4
44, 22, 0, 1, 4
44, 22, 0, 2, 2
44, 22, 0, 2, 3
44, 22, 0, 2, 3
44, 22, 0, 2, 3
44, 22, 0, 2, 3
44, 22, 0, 2, 4
44, 22, 0, 2, 4
44, 22, 0, 4, 3
44, 22, 0, 4, 3
44, 22, 0, 4, 4
44, 22, 0, 4, 4
44, 22, 0, 5, 3
44, 22, 0, 5, 3
44, 22, 0, 5, 3
44, 22, 0, 5, 3
44, 22, 0, 5, 4
44, 23, 1, 0, 2
44, 23, 1, 2, 3
44, 23, 1, 2, 3
44, 23, 1, 2, 4
44, 23, 1, 2, 4
44, 23, 1, 2, 4
44, 23, 1, 2, 4
44, 23, 1, 3, 2
44, 23, 1, 3, 3
44, 23, 1, 3, 3
44, 23, 1, 3, 3
44, 23, 1, 3, 3
44, 23, 1, 3, 4
44, 23, 1, 3, 4
44, 23, 1, 5, 3
44, 23, 1, 5, 3
44, 23, 1, 5, 4
44, 23, 1, 5, 4
44, 23, 1, 6, 3
44, 23, 1, 6, 3
44, 23, 1, 6, 3
44, 23, 1, 6, 3
44, 23, 1, 6, 4
44, 26, 2, 0, 2
44, 26, 2, 0, 2
44, 26, 2, 0, 2
44, 26, 2, 1, 2
44, 26, 2, 3, 3
44, 26, 2, 3, 3
44, 26, 2, 3, 4
44, 26, 2, 3, 4
44, 26, 2, 3, 4
44, 26, 2, 3, 4
44, 26, 2, 4, 2
44, 26, 2, 4, 3
44, 26, 2, 4, 3
44, 26, 2, 4, 3
44, 26, 2, 4, 3
44, 26, 2, 4, 4
44, 26, 2, 4, 4
44, 26, 2, 6, 3
44, 26, 2, 6, 3
44, 26, 2, 6, 4
44, 26, 2, 6, 4
44, 26, 2, 7, 3
44, 26, 2, 7, 3
44, 26, 2, 7, 3
44, 26, 2, 7, 3
44, 26, 2, 7, 4
44, 26, 3, 1, 2
44, 26, 3, 1, 2
44, 26, 3, 1, 2
44, 26, 3, 2, 2
44, 26, 3, 4, 3
44, 26, 3, 4, 3
44, 26, 3, 4, 4
44, 26, 3, 4, 4
44, 26, 3, 4, 4
44, 26, 3, 4, 4
44, 26, 3, 5, 2
44, 26, 3, 5, 3
44, 26, 3, 5, 3
44, 26, 3, 5, 3
44, 26, 3, 5, 3
44, 26, 3, 5, 4
44, 26, 3, 5, 4
44, 26, 3, 7, 3
44, 26, 3, 7, 3
44, 26, 3, 7, 4
44, 26, 3, 7, 4
44, 26, 3, 8, 3
44, 26, 3, 8, 3
44, 26, 3, 8, 3
44, 26, 3, 8, 3
44, 26, 3, 8, 4
44, 22, 4, 0, 2
44, 22, 4, 2, 2
44, 22, 4, 2, 2
44, 22, 4, 2, 2
44, 22, 4, 3, 2
44, 22, 4, 5, 3
44, 22, 4, 5, 3
44, 22, 4, 5, 4
44, 22, 4, 5, 4
44, 22, 4, 5, 4
44, 22, 4, 5, 4
44, 22, 4, 6, 2
44, 22, 4, 6, 3
44, 22, 4, 6, 3
44, 22, 4, 6, 3
44, 22, 4, 6, 3
44, 22, 4, 6, 4
44, 22, 4, 6, 4
44, 22, 4, 8, 3
44, 22, 4, 8, 3
44, 22, 4, 8, 4
44, 22, 4, 8, 4
44, 20, 5, 0, 2
44, 20, 5, 0, 2
44, 20, 5, 1, 2
44, 20, 5, 3, 2
44, 20, 5, 3, 2
44, 20, 5, 3, 2
44, 20, 5, 4, 2
44, 20, 5, 6, 3
44, 20, 5, 6, 3
44, 20, 5, 6, 4
44, 20, 5, 6, 4
44, 20, 5, 6, 4
44, 20, 5, 6, 4
44, 20, 5, 7, 2
44, 20, 5, 7, 3
44, 20, 5, 7, 3
44, 20, 5, 7, 3
44, 20, 5, 7, 3
44, 20, 5, 7, 4
44, 20, 5, 7, 4
44, 20, 6, 1, 2
44, 20, 6, 1, 2
44, 20, 6, 2, 2
44, 20, 6, 4, 2
44, 20, 6, 4, 2
44, 20, 6, 4, 2
44, 20, 6, 5, 2
44, 20, 6, 7, 3
44, 20, 6, 7, 3
44, 20, 6, 7, 4
44, 20, 6, 7, 4
44, 20, 6, 7, 4
44, 20, 6, 7, 4
44, 20, 6, 8, 2
44, 20, 6, 8, 3
44, 20, 6, 8, 3
44, 20, 6, 8, 3
44, 20, 6, 8, 3
44, 20, 6, 8, 4
44, 20, 6, 8, 4
44, 13, 7, 2, 2
44, 13, 7, 2, 2
44, 13, 7, 3, 2
44, 13, 7, 5, 2
44, 13, 7, 5, 2
44, 13, 7, 5, 2
44, 13, 7, 6, 2
44, 13, 7, 8, 3
44, 13, 7, 8, 3
44, 13, 7, 8, 4
44, 13, 7, 8, 4
44, 13, 7, 8, 4
44, 13, 7, 8, 4
44, 7, 8, 3, 2
44, 7, 8, 3, 2
44, 7, 8, 4, 2
44, 7, 8, 6, 2
44, 7, 8, 6, 2
44, 7, 8, 6, 2
44, 7, 8, 7, 2
45, 15, 0, 1, 2
45, 15, 0, 1, 2
45, 15, 0, 1, 2
45, 15, 0, 1, 2
45, 15, 0, 1, 2
45, 15, 0, 1, 2
45, 15, 0, 1, 2
45, 15, 0, 1, 2
45, 15, 0, 1, 2
45, 15, 0, 1, 2
45, 15, 0, 1, 2
45, 15, 0, 1, 2
45, 15, 0, 1, 2
45, 15, 0, 1, 2
45, 15, 0, 1, 2
45, 60, 1, 0, 3
45, 60, 1, 0, 3
45, 60, 1, 0, 3
45, 60, 1, 0, 3
45, 60, 1, 0, 3
45, 60, 1, 0, 3
45, 60, 1, 0, 3
45, 60, 1, 0, 3
45, 60, 1, 0, 3
45, 60, 1, 0, 3
45, 60, 1, 0, 3
45, 60, 1, 0, 3
45, 60, 1, 0, 3
45, 60, 1, 0, 3
45, 60, 1, 0, 3
45, 60, 1, 0, 3
45, 60, 1, 0, 3
45, 60, 1, 0, 3
45, 60, 1, 0, 3
45, 60, 1, 0, 3
45, 60, 1, 0, 3
45, 60, 1, 0, 3
45, 60, 1, 0, 3
45, 60, 1, 0, 3
45, 60, 1, 0, 3
45, 60, 1, 0, 3
45, 60, 1, 0, 3
45, 60, 1, 0, 3
45, 60, 1, 0, 3
45, 60, 1, 0, 3
45, 60, 1, 0, 3
45, 60, 1, 0, 3
45, 60, 1, 0, 3
45, 60, 1, 0, 3
45, 60, 1, 0, 3
45, 60, 1, 0, 3
45, 60, 1, 0, 3
45, 60, 1, 0, 3
45, 60, 1, 0, 3
45, 60, 1, 0, 3
45, 60, 1, 0, 3
45, 60, 1, 0, 3
45, 60, 1, 0, 3
45, 60, 1, 0, 3
45, 60, 1, 0, 3
45, 60, 1, 0, 3
45, 60, 1, 0, 3
45, 60, 1, 0, 3
45, 60, 1, 0, 3
45, 60, 1, 0, 3
45, 60, 1, 0, 3
45, 60, 1, 0, 3
45, 60, 1, 0, 3
45, 60, 1, 0, 3
45, 60, 1, 0, 3
45, 60, 1, 0, 3
45, 60, 1, 0, 3
45, 60, 1, 0, 3
45, 60, 1, 0, 3
45, 60, 1, 0, 3
46, 15, 0, 1, 2
46, 15, 0, 1, 2
46, 15, 0, 1, 2
46, 15, 0, 1, 2
46, 15, 0, 1, 2
46, 15, 0, 1, 2
46, 15, 0, 1, 2
46, 15, 0, 1, 2
46, 15, 0, 1, 2
46, 15, 0, 1, 2
46, 15, 0, 1, 2
46, 15, 0, 1, 2
46, 15, 0, 1, 2
46, 15, 0, 1, 2
46, 15, 0, 1, 2
46, 60, 1, 0, 3
46, 60, 1, 0, 3
46, 60, 1, 0, 3
46, 60, 1, 0, 3
46, 60, 1, 0, 3
46, 60, 1, 0, 3
46, 60, 1, 0, 3
46, 60, 1, 0, 3
46, 60, 1, 0, 3
46, 60, 1, 0, 3
46, 60, 1, 0, 3
46, 60, 1, 0, 3
46, 60, 1, 0, 3
46, 60, 1, 0, 3
46, 60, 1, 0, 3
46, 60, 1, 0, 3
46, 60, 1, 0, 3
46, 60, 1, 0, 3
46, 60, 1, 0, 3
46, 60, 1, 0, 3
46, 60, 1, 0, 3
46, 60, 1, 0, 3
46, 60, 1, 0, 3
46, 60, 1, 0, 3
46, 60, 1, 0, 3
46, 60, 1, 0, 3
46, 60, 1, 0, 3
46, 60, 1, 0, 3
46, 60, 1, 0, 3
46, 60, 1, 0, 3
46, 60, 1, 0, 3
46, 60, 1, 0, 3
46, 60, 1, 0, 3
46, 60, 1, 0, 3
46, 60, 1, 0, 3
46, 60, 1, 0, 3
46, 60, 1, 0, 3
46, 60, 1, 0, 3
46, 60, 1, 0, 3
46, 60, 1, 0, 3
46, 60, 1, 0, 3
46, 60, 1, 0, 3
46, 60, 1, 0, 3
46, 60, 1, 0, 3
46, 60, 1, 0, 3
46, 60, 1, 0, 3
46, 60, 1, 0, 3
46, 60, 1, 0, 3
46, 60, 1, 0, 3
46, 60, 1, 0, 3
46, 60, 1, 0, 3
46, 60, 1, 0, 3
46, 60, 1, 0, 3
46, 60, 1, 0, 3
46, 60, 1, 0, 3
46, 60, 1, 0, 3
46, 60, 1, 0, 3
46, 60, 1, 0, 3
46, 60, 1, 0, 3
46, 60, 1, 0, 3
47, 8, 0, 1, 2
47, 8, 0, 1, 2
47, 8, 0, 1, 2
47, 8, 0, 1, 2
47, 8, 0, 1, 2
47, 8, 0, 1, 2
47, 8, 0, 1, 2
47, 8, 0, 1, 2
47, 56, 1, 0, 3
47, 56, 1, 0, 3
47, 56, 1, 0, 3
47, 56, 1, 0, 3
47, 56, 1, 0, 3
47, 56, 1, 0, 3
47, 56, 1, 0, 3
47, 56, 1, 0, 3
47, 56, 1, 0, 3
47, 56, 1, 0, 3
47, 56, 1, 0, 3
47, 56, 1, 0, 3
47, 56, 1, 0, 3
47, 56, 1, 0, 3
47, 56, 1, 0, 3
47, 56, 1, 0, 3
47, 56, 1, 0, 3
47, 56, 1, 0, 3
47, 56, 1, 0, 3
47, 56, 1, 0, 3
47, 56, 1, 0, 3
47, 56, 1, 0, 3
47, 56, 1, 0, 3
47, 56, 1, 0, 3
47, 56, 1, 0, 4
47, 56, 1, 0, 4
47, 56, 1, 0, 4
47, 56, 1, 0, 4
47, 56, 1, 0, 4
47, 56, 1, 0, 4
47, 56, 1, 0, 4
47, 56, 1, 0, 4
47, 56, 1, 0, 4
47, 56, 1, 0, 4
47, 56, 1, 0, 4
47, 56, 1, 0, 4
47, 56, 1, 0, 4
47, 56, 1, 0, 4
47, 56, 1, 0, 4
47, 56, 1, 0, 4
47, 56, 1, 0, 4
47, 56, 1, 0, 4
47, 56, 1, 0, 4
47, 56, 1, 0, 4
47, 56, 1, 0, 4
47, 56, 1, 0, 4
47, 56, 1, 0, 4
47, 56, 1, 0, 4
47, 56, 1, 0, 4
47, 56, 1, 0, 4
47, 56, 1, 0, 4
47, 56, 1, 0, 4
47, 56, 1, 0, 4
47, 56, 1, 0, 4
47, 56, 1, 0, 4
47, 56, 1, 0, 4
48, 28, 0, 1, 3
48, 28, 0, 1, 3
48, 28, 0, 1, 3
48, 28, 0, 1, 4
48, 28, 0, 1, 4
48, 28, 0, 1, 4
48, 28, 0, 1, 4
48, 28, 0, 2, 2
48, 28, 0, 2, 3
48, 28, 0, 2, 3
48, 28, 0, 2, 3
48, 28, 0, 2, 3
48, 28, 0, 2, 3
48, 28, 0, 2, 3
48, 28, 0, 2, 4
48, 28, 0, 2, 4
48, 28, 0, 4, 3
48, 28, 0, 4, 3
48, 28, 0, 4, 3
48, 28, 0, 4, 4
48, 28, 0, 4, 4
48, 28, 0, 5, 3
48, 28, 0, 5, 3
48, 28, 0, 5, 3
48, 28, 0, 5, 3
48, 28, 0, 5, 3
48, 28, 0, 5, 3
48, 28, 0, 5, 4
48, 29, 1, 0, 2
48, 29, 1, 2, 3
48, 29, 1, 2, 3
48, 29, 1, 2, 3
48, 29, 1, 2, 4
48, 29, 1, 2, 4
48, 29, 1, 2, 4
48, 29, 1, 2, 4
48, 29, 1, 3, 2
48, 29, 1, 3, 3
48, 29, 1, 3, 3
48, 29, 1, 3, 3
48, 29, 1, 3, 3
48, 29, 1, 3, 3
48, 29, 1, 3, 3
48, 29, 1, 3, 4
48, 29, 1, 3, 4
48, 29, 1, 5, 3
48, 29, 1, 5, 3
48, 29, 1, 5, 3
48, 29, 1, 5, 4
48, 29, 1, 5, 4
48, 29, 1, 6, 3
48, 29, 1, 6, 3
48, 29, 1, 6, 3
48, 29, 1, 6, 3
48, 29, 1, 6, 3
48, 29, 1, 6, 3
48, 29, 1, 6, 4
48, 32, 2, 0, 2
48, 32, 2, 0, 2
48, 32, 2, 0, 2
48, 32, 2, 1, 2
48, 32, 2, 3, 3
48, 32, 2, 3, 3
48, 32, 2, 3, 3
48, 32, 2, 3, 4
48, 32, 2, 3, 4
48, 32, 2, 3, 4
48, 32, 2, 3, 4
48, 32, 2, 4, 2
48, 32, 2, 4, 3
48, 32, 2, 4, 3
48, 32, 2, 4, 3
48, 32, 2, 4, 3
48, 32, 2, 4, 3
48, 32, 2, 4, 3
48, 32, 2, 4, 4
48, 32, 2, 4, 4
48, 32, 2, 6, 3
48, 32, 2, 6, 3
48, 32, 2, 6, 3
48, 32, 2, 6, 4
48, 32, 2, 6, 4
48, 32, 2, 7, 3
48, 32, 2, 7, 3
48, 32, 2, 7, 3
48, 32, 2, 7, 3
48, 32, 2, 7, 3
48, 32, 2, 7, 3
48, 32, 2, 7, 4
48, 32, 3, 1, 2
48, 32, 3, 1, 2
48, 32, 3, 1, 2
48, 32, 3, 2, 2
48, 32, 3, 4, 3
48, 32, 3, 4, 3
48, 32, 3, 4, 3
48, 32, 3, 4, 4
48, 32, 3, 4, 4
48, 32, 3, 4, 4
48, 32, 3, 4, 4
48, 32, 3, 5, 2
48, 32, 3, 5, 3
48, 32, 3, 5, 3
48, 32, 3, 5, 3
48, 32, 3, 5, 3
48, 32, 3, 5, 3
48, 32, 3, 5, 3
48, 32, 3, 5, 4
48, 32, 3, 5, 4
48, 32, 3, 7, 3
48, 32, 3, 7, 3
48, 32, 3, 7, 3
48, 32, 3, 7, 4
48, 32, 3, 7, 4
48, 32, 3, 8, 3
48, 32, 3, 8, 3
48, 32, 3, 8, 3
48, 32, 3, 8, 3
48, 32, 3, 8, 3
48, 32, 3, 8, 3
48, 32, 3, 8, 4
48, 26, 4, 0, 2
48, 26, 4, 2, 2
48, 26, 4, 2, 2
48, 26, 4, 2, 2
48, 26, 4, 3, 2
48, 26, 4, 5, 3
48, 26, 4, 5, 3
48, 26, 4, 5, 3
48, 26, 4, 5, 4
48, 26, 4, 5, 4
48, 26, 4, 5, 4
48, 26, 4, 5, 4
48, 26, 4, 6, 2
48, 26, 4, 6, 3
48, 26, 4, 6, 3
48, 26, 4, 6, 3
48, 26, 4, 6, 3
48, 26, 4, 6, 3
48, 26, 4, 6, 3
48, 26, 4, 6, 4
48, 26, 4, 6, 4
48, 26, 4, 8, 3
48, 26, 4, 8, 3
48, 26, 4, 8, 3
48, 26, 4, 8, 4
48, 26, 4, 8, 4
48, 23, 5, 0, 2
48, 23, 5, 0, 2
48, 23, 5, 1, 2
48, 23, 5, 3, 2
48, 23, 5, 3, 2
48, 23, 5, 3, 2
48, 23, 5, 4, 2
48, 23, 5, 6, 3
48, 23, 5, 6, 3
48, 23, 5, 6, 3
48, 23, 5, 6, 4
48, 23, 5, 6, 4
48, 23, 5, 6, 4
48, 23, 5, 6, 4
48, 23, 5, 7, 2
48, 23, 5, 7, 3
48, 23, 5, 7, 3
48, 23, 5, 7, 3
48, 23, 5, 7, 3
48, 23, 5, 7, 3
48, 23, 5, 7, 3
48, 23, 5, 7, 4
48, 23, 5, 7, 4
48, 23, 6, 1, 2
48, 23, 6, 1, 2
48, 23, 6, 2, 2
48, 23, 6, 4, 2
48, 23, 6, 4, 2
48, 23, 6, 4, 2
48, 23, 6, 5, 2
48, 23, 6, 7, 3
48, 23, 6, 7, 3
48, 23, 6, 7, 3
48, 23, 6, 7, 4
48, 23, 6, 7, 4
48, 23, 6, 7, 4
48, 23, 6, 7, 4
48, 23, 6, 8, 2
48, 23, 6, 8, 3
48, 23, 6, 8, 3
48, 23, 6, 8, 3
48, 23, 6, 8, 3
48, 23, 6, 8, 3
48, 23, 6, 8, 3
48, 23, 6, 8, 4
48, 23, 6, 8, 4
48, 14, 7, 2, 2
48, 14, 7, 2, 2
48, 14, 7, 3, 2
48, 14, 7, 5, 2
48, 14, 7, 5, 2
48, 14, 7, 5, 2
48, 14, 7, 6, 2
48, 14, 7, 8, 3
48, 14, 7, 8, 3
48, 14, 7, 8, 3
48, 14, 7, 8, 4
48, 14, 7, 8, 4
48, 14, 7, 8, 4
48, 14, 7, 8, 4
48, 7, 8, 3, 2
48, 7, 8, 3, 2
48, 7, 8, 4, 2
48, 7, 8, 6, 2
48, 7, 8, 6, 2
48, 7, 8, 6, 2
48, 7, 8, 7, 2
49, 8, 0, 1, 2
49, 8, 0, 1, 2
49, 8, 0, 1, 2
49, 8, 0, 1, 2
49, 8, 0, 1, 2
49, 8, 0, 1, 2
49, 8, 0, 1, 2
49, 8, 0, 1, 2
49, 56, 1, 0, 3
49, 56, 1, 0, 3
49, 56, 1, 0, 3
49, 56, 1, 0, 3
49, 56, 1, 0, 3
49, 56, 1, 0, 3
49, 56, 1, 0, 3
49, 56, 1, 0, 3
49, 56, 1, 0, 3
49, 56, 1, 0, 3
49, 56, 1, 0, 3
49, 56, 1, 0, 3
49, 56, 1, 0, 3
49, 56, 1, 0, 3
49, 56, 1, 0, 3
49, 56, 1, 0, 3
49, 56, 1, 0, 3
49, 56, 1, 0, 3
49, 56, 1, 0, 3
49, 56, 1, 0, 3
49, 56, 1, 0, 3
49, 56, 1, 0, 3
49, 56, 1, 0, 3
49, 56, 1, 0, 3
49, 56, 1, 0, 4
49, 56, 1, 0, 4
49, 56, 1, 0, 4
49, 56, 1, 0, 4
49, 56, 1, 0, 4
49, 56, 1, 0, 4
49, 56, 1, 0, 4
49, 56, 1, 0, 4
49, 56, 1, 0, 4
49, 56, 1, 0, 4
49, 56, 1, 0, 4
49, 56, 1, 0, 4
49, 56, 1, 0, 4
49, 56, 1, 0, 4
49, 56, 1, 0, 4
49, 56, 1, 0, 4
49, 56, 1, 0, 4
49, 56, 1, 0, 4
49, 56, 1, 0, 4
49, 56, 1, 0, 4
49, 56, 1, 0, 4
49, 56, 1, 0, 4
49, 56, 1, 0, 4
49, 56, 1, 0, 4
49, 56, 1, 0, 4
49, 56, 1, 0, 4
49, 56, 1, 0, 4
49, 56, 1, 0, 4
49, 56, 1, 0, 4
49, 56, 1, 0, 4
49, 56, 1, 0, 4
49, 56, 1, 0, 4
50, 30, 0, 1, 3
50, 30, 0, 1, 3
50, 30, 0, 1, 3
50, 30, 0, 1, 4
50, 30, 0, 1, 4
50, 30, 0, 1, 4
50, 30, 0, 1, 4
50, 30, 0, 2, 3
50, 30, 0, 2, 3
50, 30, 0, 2, 3
50, 30, 0, 2, 3
50, 30, 0, 2, 3
50, 30, 0, 2, 3
50, 30, 0, 2, 3
50, 30, 0, 2, 3
50, 30, 0, 2, 3
50, 30, 0, 2, 4
50, 30, 0, 2, 4
50, 30, 0, 4, 3
50, 30, 0, 4, 3
50, 30, 0, 4, 3
50, 30, 0, 4, 4
50, 30, 0, 4, 4
50, 30, 0, 5, 3
50, 30, 0, 5, 3
50, 30, 0, 5, 3
50, 30, 0, 5, 3
50, 30, 0, 5, 3
50, 30, 0, 5, 3
50, 30, 0, 5, 4
50, 31, 1, 0, 2
50, 31, 1, 2, 3
50, 31, 1, 2, 3
50, 31, 1, 2, 3
50, 31, 1, 2, 4
50, 31, 1, 2, 4
50, 31, 1, 2, 4
50, 31, 1, 2, 4
50, 31, 1, 3, 3
50, 31, 1, 3, 3
50, 31, 1, 3, 3
50, 31, 1, 3, 3
50, 31, 1, 3, 3
50, 31, 1, 3, 3
50, 31, 1, 3, 3
50, 31, 1, 3, 3
50, 31, 1, 3, 3
50, 31, 1, 3, 4
50, 31, 1, 3, 4
50, 31, 1, 5, 3
50, 31, 1, 5, 3
50, 31, 1, 5, 3
50, 31, 1, 5, 4
50, 31, 1, 5, 4
50, 31, 1, 6, 3
50, 31, 1, 6, 3
50, 31, 1, 6, 3
50, 31, 1, 6, 3
50, 31, 1, 6, 3
50, 31, 1, 6, 3
50, 31, 1, 6, 4
50, 34, 2, 0, 2
50, 34, 2, 0, 2
50, 34, 2, 0, 2
50, 34, 2, 1, 2
50, 34, 2, 3, 3
50, 34, 2, 3, 3
50, 34, 2, 3, 3
50, 34, 2, 3, 4
50, 34, 2, 3, 4
50, 34, 2, 3, 4
50, 34, 2, 3, 4
50, 34, 2, 4, 3
50, 34, 2, 4, 3
50, 34, 2, 4, 3
50, 34, 2, 4, 3
50, 34, 2, 4, 3
50, 34, 2, 4, 3
50, 34, 2, 4, 3
50, 34, 2, 4, 3
50, 34, 2, 4, 3
50, 34, 2, 4, 4
50, 34, 2, 4, 4
50, 34, 2, 6, 3
50, 34, 2, 6, 3
50, 34, 2, 6, 3
50, 34, 2, 6, 4
50, 34, 2, 6, 4
50, 34, 2, 7, 3
50, 34, 2, 7, 3
50, 34, 2, 7, 3
50, 34, 2, 7, 3
50, 34, 2, 7, 3
50, 34, 2, 7, 3
50, 34, 2, 7, 4
50, 34, 3, 1, 2
50, 34, 3, 1, 2
50, 34, 3, 1, 2
50, 34, 3, 2, 2
50, 34, 3, 4, 3
50, 34, 3, 4, 3
50, 34, 3, 4, 3
50, 34, 3, 4, 4
50, 34, 3, 4, 4
50, 34, 3, 4, 4
50, 34, 3, 4, 4
50, 34, 3, 5, 3
50, 34, 3, 5, 3
50, 34, 3, 5, 3
50, 34, 3, 5, 3
50, 34, 3, 5, 3
50, 34, 3, 5, 3
50, 34, 3, 5, 3
50, 34, 3, 5, 3
50, 34, 3, 5, 3
50, 34, 3, 5, 4
50, 34, 3, 5, 4
50, 34, 3, 7, 3
50, 34, 3, 7, 3
50, 34, 3, 7, 3
50, 34, 3, 7, 4
50, 34, 3, 7, 4
50, 34, 3, 8, 3
50, 34, 3, 8, 3
50, 34, 3, 8, 3
50, 34, 3, 8, 3
50, 34, 3, 8, 3
50, 34, 3, 8, 3
50, 34, 3, 8, 4
50, 28, 4, 0, 2
50, 28, 4, 2, 2
50, 28, 4, 2, 2
50, 28, 4, 2, 2
50, 28, 4, 3, 2
50, 28, 4, 5, 3
50, 28, 4, 5, 3
50, 28, 4, 5, 3
50, 28, 4, 5, 4
50, 28, 4, 5, 4
50, 28, 4, 5, 4
50, 28, 4, 5, 4
50, 28, 4, 6, 3
50, 28, 4, 6, 3
50, 28, 4, 6, 3
50, 28, 4, 6, 3
50, 28, 4, 6, 3
50, 28, 4, 6, 3
50, 28, 4, 6, 3
50, 28, 4, 6, 3
50, 28, 4, 6, 3
50, 28, 4, 6, 4
50, 28, 4, 6, 4
50, 28, 4, 8, 3
50, 28, 4, 8, 3
50, 28, 4, 8, 3
50, 28, 4, 8, 4
50, 28, 4, 8, 4
50, 25, 5, 0, 2
50, 25, 5, 0, 2
50, 25, 5, 1, 2
50, 25, 5, 3, 2
50, 25, 5, 3, 2
50, 25, 5, 3, 2
50, 25, 5, 4, 2
50, 25, 5, 6, 3
50, 25, 5, 6, 3
50, 25, 5, 6, 3
50, 25, 5, 6, 4
50, 25, 5, 6, 4
50, 25, 5, 6, 4
50, 25, 5, 6, 4
50, 25, 5, 7, 3
50, 25, 5, 7, 3
50, 25, 5, 7, 3
50, 25, 5, 7, 3
50, 25, 5, 7, 3
50, 25, 5, 7, 3
50, 25, 5, 7, 3
50, 25, 5, 7, 3
50, 25, 5, 7, 3
50, 25, 5, 7, 4
50, 25, 5, 7, 4
50, 25, 6, 1, 2
50, 25, 6, 1, 2
50, 25, 6, 2, 2
50, 25, 6, 4, 2
50, 25, 6, 4, 2
50, 25, 6, 4, 2
50, 25, 6, 5, 2
50, 25, 6, 7, 3
50, 25, 6, 7, 3
50, 25, 6, 7, 3
50, 25, 6, 7, 4
50, 25, 6, 7, 4
50, 25, 6, 7, 4
50, 25, 6, 7, 4
50, 25, 6, 8, 3
50, 25, 6, 8, 3
50, 25, 6, 8, 3
50, 25, 6, 8, 3
50, 25, 6, 8, 3
50, 25, 6, 8, 3
50, 25, 6, 8, 3
50, 25, 6, 8, 3
50, 25, 6, 8, 3
50, 25, 6, 8, 4
50, 25, 6, 8, 4
50, 14, 7, 2, 2
50, 14, 7, 2, 2
50, 14, 7, 3, 2
50, 14, 7, 5, 2
50, 14, 7, 5, 2
50, 14, 7, 5, 2
50, 14, 7, 6, 2
50, 14, 7, 8, 3
50, 14, 7, 8, 3
50, 14, 7, 8, 3
50, 14, 7, 8, 4
50, 14, 7, 8, 4
50, 14, 7, 8, 4
50, 14, 7, 8, 4
50, 7, 8, 3, 2
50, 7, 8, 3, 2
50, 7, 8, 4, 2
50, 7, 8, 6, 2
50, 7, 8, 6, 2
50, 7, 8, 6, 2
50, 7, 8, 7, 2
51, 12, 0, 1, 2
51, 12, 0, 1, 2
51, 12, 0, 1, 2
51, 12, 0, 1, 2
51, 12, 0, 1, 2
51, 12, 0, 1, 2
51, 12, 0, 1, 2
51, 12, 0, 1, 2
51, 12, 0, 1, 2
51, 12, 0, 1, 2
51, 12, 0, 1, 2
51, 12, 0, 1, 2
51, 60, 1, 0, 3
51, 60, 1, 0, 3
51, 60, 1, 0, 3
51, 60, 1, 0, 3
51, 60, 1, 0, 3
51, 60, 1, 0, 3
51, 60, 1, 0, 3
51, 60, 1, 0, 3
51, 60, 1, 0, 3
51, 60, 1, 0, 3
51, 60, 1, 0, 3
51, 60, 1, 0, 3
51, 60, 1, 0, 3
51, 60, 1, 0, 3
51, 60, 1, 0, 3
51, 60, 1, 0, 3
51, 60, 1, 0, 3
51, 60, 1, 0, 3
51, 60, 1, 0, 3
51, 60, 1, 0, 3
51, 60, 1, 0, 3
51, 60, 1, 0, 3
51, 60, 1, 0, 3
51, 60, 1, 0, 3
51, 60, 1, 0, 3
51, 60, 1, 0, 3
51, 60, 1, 0, 3
51, 60, 1, 0, 3
51, 60, 1, 0, 3
51, 60, 1, 0, 3
51, 60, 1, 0, 3
51, 60, 1, 0, 3
51, 60, 1, 0, 3
51, 60, 1, 0, 3
51, 60, 1, 0, 3
51, 60, 1, 0, 3
51, 60, 1, 0, 3
51, 60, 1, 0, 3
51, 60, 1, 0, 3
51, 60, 1, 0, 3
51, 60, 1, 0, 3
51, 60, 1, 0, 3
51, 60, 1, 0, 3
51, 60, 1, 0, 3
51, 60, 1, 0, 3
51, 60, 1, 0, 3
51, 60, 1, 0, 3
51, 60, 1, 0, 3
51, 60, 1, 0, 4
51, 60, 1, 0, 4
51, 60, 1, 0, 4
51, 60, 1, 0, 4
51, 60, 1, 0, 4
51, 60, 1, 0, 4
51, 60, 1, 0, 4
51, 60, 1, 0, 4
51, 60, 1, 0, 4
51, 60, 1, 0, 4
51, 60, 1, 0, 4
51, 60, 1, 0, 4
52, 13, 0, 1, 2
52, 13, 0, 1, 2
52, 13, 0, 1, 2
52, 13, 0, 1, 2
52, 13, 0, 1, 2
52, 13, 0, 1, 2
52, 13, 0, 1, 2
52, 13, 0, 1, 2
52, 13, 0, 1, 2
52, 13, 0, 1, 2
52, 13, 0, 1, 2
52, 13, 0, 1, 2
52, 13, 0, 1, 2
52, 78, 1, 0, 3
52, 78, 1, 0, 3
52, 78, 1, 0, 3
52, 78, 1, 0, 3
52, 78, 1, 0, 3
52, 78, 1, 0, 3
52, 78, 1, 0, 3
52, 78, 1, 0, 3
52, 78, 1, 0, 3
52, 78, 1, 0, 3
52, 78, 1, 0, 3
52, 78, 1, 0, 3
52, 78, 1, 0, 3
52, 78, 1, 0, 3
52, 78, 1, 0, 3
52, 78, 1, 0, 3
52, 78, 1, 0, 3
52, 78, 1, 0, 3
52, 78, 1, 0, 3
52, 78, 1, 0, 3
52, 78, 1, 0, 3
52, 78, 1, 0, 3
52, 78, 1, 0, 3
52, 78, 1, 0, 3
52, 78, 1, 0, 3
52, 78, 1, 0, 3
52, 78, 1, 0, 3
52, 78, 1, 0, 3
52, 78, 1, 0, 3
52, 78, 1, 0, 3
52, 78, 1, 0, 3
52, 78, 1, 0, 3
52, 78, 1, 0, 3
52, 78, 1, 0, 3
52, 78, 1, 0, 3
52, 78, 1, 0, 3
52, 78, 1, 0, 3
52, 78, 1, 0, 3
52, 78, 1, 0, 3
52, 78, 1, 0, 3
52, 78, 1, 0, 3
52, 78, 1, 0, 3
52, 78, 1, 0, 3
52, 78, 1, 0, 3
52, 78, 1, 0, 3
52, 78, 1, 0, 3
52, 78, 1, 0, 3
52, 78, 1, 0, 3
52, 78, 1, 0, 3
52, 78, 1, 0, 3
52, 78, 1, 0, 3
52, 78, 1, 0, 3
52, 78, 1, 0, 4
52, 78, 1, 0, 4
52, 78, 1, 0, 4
52, 78, 1, 0, 4
52, 78, 1, 0, 4
52, 78, 1, 0, 4
52, 78, 1, 0, 4
52, 78, 1, 0, 4
52, 78, 1, 0, 4
52, 78, 1, 0, 4
52, 78, 1, 0, 4
52, 78, 1, 0, 4
52, 78, 1, 0, 4
52, 78, 1, 0, 4
52, 78, 1, 0, 4
52, 78, 1, 0, 4
52, 78, 1, 0, 4
52, 78, 1, 0, 4
52, 78, 1, 0, 4
52, 78, 1, 0, 4
52, 78, 1, 0, 4
52, 78, 1, 0, 4
52, 78, 1, 0, 4
52, 78, 1, 0, 4
52, 78, 1, 0, 4
52, 78, 1, 0, 4
53, 15, 0, 1, 2
53, 15, 0, 1, 2
53, 15, 0, 1, 2
53, 15, 0, 1, 2
53, 15, 0, 1, 2
53, 15, 0, 1, 2
53, 15, 0, 1, 2
53, 15, 0, 1, 2
53, 15, 0, 1, 2
53, 15, 0, 1, 2
53, 15, 0, 1, 2
53, 15, 0, 1, 2
53, 15, 0, 1, 2
53, 15, 0, 1, 2
53, 15, 0, 1, 2
53, 90, 1, 0, 3
53, 90, 1, 0, 3
53, 90, 1, 0, 3
53, 90, 1, 0, 3
53, 90, 1, 0, 3
53, 90, 1, 0, 3
53, 90, 1, 0, 3
53, 90, 1, 0, 3
53, 90, 1, 0, 3
53, 90, 1, 0, 3
53, 90, 1, 0, 3
53, 90, 1, 0, 3
53, 90, 1, 0, 3
53, 90, 1, 0, 3
53, 90, 1, 0, 3
53, 90, 1, 0, 3
53, 90, 1, 0, 3
53, 90, 1, 0, 3
53, 90, 1, 0, 3
53, 90, 1, 0, 3
53, 90, 1, 0, 3
53, 90, 1, 0, 3
53, 90, 1, 0, 3
53, 90, 1, 0, 3
53, 90, 1, 0, 3
53, 90, 1, 0, 3
53, 90, 1, 0, 3
53, 90, 1, 0, 3
53, 90, 1, 0, 3
53, 90, 1, 0, 3
53, 90, 1, 0, 3
53, 90, 1, 0, 3
53, 90, 1, 0, 3
53, 90, 1, 0, 3
53, 90, 1, 0, 3
53, 90, 1, 0, 3
53, 90, 1, 0, 3
53, 90, 1, 0, 3
53, 90, 1, 0, 3
53, 90, 1, 0, 3
53, 90, 1, 0, 3
53, 90, 1, 0, 3
53, 90, 1, 0, 3
53, 90, 1, 0, 3
53, 90, 1, 0, 3
53, 90, 1, 0, 3
53, 90, 1, 0, 3
53, 90, 1, 0, 3
53, 90, 1, 0, 3
53, 90, 1, 0, 3
53, 90, 1, 0, 3
53, 90, 1, 0, 3
53, 90, 1, 0, 3
53, 90, 1, 0, 3
53, 90, 1, 0, 3
53, 90, 1, 0, 3
53, 90, 1, 0, 3
53, 90, 1, 0, 3
53, 90, 1, 0, 3
53, 90, 1, 0, 3
53, 90, 1, 0, 4
53, 90, 1, 0, 4
53, 90, 1, 0, 4
53, 90, 1, 0, 4
53, 90, 1, 0, 4
53, 90, 1, 0, 4
53, 90, 1, 0, 4
53, 90, 1, 0, 4
53, 90, 1, 0, 4
53, 90, 1, 0, 4
53, 90, 1, 0, 4
53, 90, 1, 0, 4
53, 90, 1, 0, 4
53, 90, 1, 0, 4
53, 90, 1, 0, 4
53, 90, 1, 0, 4
53, 90, 1, 0, 4
53, 90, 1, 0, 4
53, 90, 1, 0, 4
53, 90, 1, 0, 4
53, 90, 1, 0, 4
53, 90, 1, 0, 4
53, 90, 1, 0, 4
53, 90, 1, 0, 4
53, 90, 1, 0, 4
53, 90, 1, 0, 4
53, 90, 1, 0, 4
53, 90, 1, 0, 4
53, 90, 1, 0, 4
53, 90, 1, 0, 4
54, 16, 0, 1, 2
54, 16, 0, 1, 2
54, 16, 0, 1, 2
54, 16, 0, 1, 2
54, 16, 0, 1, 2
54, 16, 0, 1, 2
54, 16, 0, 1, 2
54, 16, 0, 1, 2
54, 16, 0, 1, 2
54, 16, 0, 1, 2
54, 16, 0, 1, 2
54, 16, 0, 1, 2
54, 16, 0, 1, 2
54, 16, 0, 1, 2
54, 16, 0, 1, 2
54, 16, 0, 1, 2
54, 128, 1, 0, 3
54, 128, 1, 0, 3
54, 128, 1, 0, 3
54, 128, 1, 0, 3
54, 128, 1, 0, 3
54, 128, 1, 0, 3
54, 128, 1, 0, 3
54, 128, 1, 0, 3
54, 128, 1, 0, 3
54, 128, 1, 0, 3
54, 128, 1, 0, 3
54, 128, 1, 0, 3
54, 128, 1, 0, 3
54, 128, 1, 0, 3
54, 128, 1, 0, 3
54, 128, 1, 0, 3
54, 128, 1, 0, 3
54, 128, 1, 0, 3
54, 128, 1, 0, 3
54, 128, 1, 0, 3
54, 128, 1, 0, 3
54, 128, 1, 0, 3
54, 128, 1, 0, 3
54, 128, 1, 0, 3
54, 128, 1, 0, 3
54, 128, 1, 0, 3
54, 128, 1, 0, 3
54, 128, 1, 0, 3
54, 128, 1, 0, 3
54, 128, 1, 0, 3
54, 128, 1, 0, 3
54, 128, 1, 0, 3
54, 128, 1, 0, 3
54, 128, 1, 0, 3
54, 128, 1, 0, 3
54, 128, 1, 0, 3
54, 128, 1, 0, 3
54, 128, 1, 0, 3
54, 128, 1, 0, 3
54, 128, 1, 0, 3
54, 128, 1, 0, 3
54, 128, 1, 0, 3
54, 128, 1, 0, 3
54, 128, 1, 0, 3
54, 128, 1, 0, 3
54, 128, 1, 0, 3
54, 128, 1, 0, 3
54, 128, 1, 0, 3
54, 128, 1, 0, 3
54, 128, 1, 0, 3
54, 128, 1, 0, 3
54, 128, 1, 0, 3
54, 128, 1, 0, 3
54, 128, 1, 0, 3
54, 128, 1, 0, 3
54, 128, 1, 0, 3
54, 128, 1, 0, 3
54, 128, 1, 0, 3
54, 128, 1, 0, 3
54, 128, 1, 0, 3
54, 128, 1, 0, 3
54, 128, 1, 0, 3
54, 128, 1, 0, 3
54, 128, 1, 0, 3
54, 128, 1, 0, 4
54, 128, 1, 0, 4
54, 128, 1, 0, 4
54, 128, 1, 0, 4
54, 128, 1, 0, 4
54, 128, 1, 0, 4
54, 128, 1, 0, 4
54, 128, 1, 0, 4
54, 128, 1, 0, 4
54, 128, 1, 0, 4
54, 128, 1, 0, 4
54, 128, 1, 0, 4
54, 128, 1, 0, 4
54, 128, 1, 0, 4
54, 128, 1, 0, 4
54, 128, 1, 0, 4
54, 128, 1, 0, 4
54, 128, 1, 0, 4
54, 128, 1, 0, 4
54, 128, 1, 0, 4
54, 128, 1, 0, 4
54, 128, 1, 0, 4
54, 128, 1, 0, 4
54, 128, 1, 0, 4
54, 128, 1, 0, 4
54, 128, 1, 0, 4
54, 128, 1, 0, 4
54, 128, 1, 0, 4
54, 128, 1, 0, 4
54, 128, 1, 0, 4
54, 128, 1, 0, 4
54, 128, 1, 0, 4
54, 128, 1, 0, 4
54, 128, 1, 0, 4
54, 128, 1, 0, 4
54, 128, 1, 0, 4
54, 128, 1, 0, 4
54, 128, 1, 0, 4
54, 128, 1, 0, 4
54, 128, 1, 0, 4
54, 128, 1, 0, 4
54, 128, 1, 0, 4
54, 128, 1, 0, 4
54, 128, 1, 0, 4
54, 128, 1, 0, 4
54, 128, 1, 0, 4
54, 128, 1, 0, 4
54, 128, 1, 0, 4
54, 128, 1, 0, 4
54, 128, 1, 0, 4
54, 128, 1, 0, 4
54, 128, 1, 0, 4
54, 128, 1, 0, 4
54, 128, 1, 0, 4
54, 128, 1, 0, 4
54, 128, 1, 0, 4
54, 128, 1, 0, 4
54, 128, 1, 0, 4
54, 128, 1, 0, 4
54, 128, 1, 0, 4
54, 128, 1, 0, 4
54, 128, 1, 0, 4
54, 128, 1, 0, 4
54, 128, 1, 0, 4
55, 35, 0, 1, 3
55, 35, 0, 1, 3
55, 35, 0, 1, 3
55, 35, 0, 1, 3
55, 35, 0, 1, 4
55, 35, 0, 1, 4
55, 35, 0, 1, 4
55, 35, 0, 1, 4
55, 35, 0, 9, 3
55, 35, 0, 9, 3
55, 35, 0, 9, 3
55, 35, 0, 9, 3
55, 35, 0, 9, 3
55, 35, 0, 9, 3
55, 35, 0, 9, 3
55, 35, 0, 9, 3
55, 35, 0, 9, 3
55, 35, 0, 9, 3
55, 35, 0, 9, 3
55, 35, 0, 9, 3
55, 35, 0, 9, 4
55, 35, 0, 9, 4
55, 35, 0, 11, 3
55, 35, 0, 11, 3
55, 35, 0, 11, 3
55, 35, 0, 11, 3
55, 35, 0, 11, 4
55, 35, 0, 11, 4
55, 35, 0, 12, 2
55, 35, 0, 12, 3
55, 35, 0, 12, 3
55, 35, 0, 12, 3
55, 35, 0, 12, 3
55, 35, 0, 12, 3
55, 35, 0, 12, 4
55, 36, 1, 0, 2
55, 36, 1, 9, 3
55, 36, 1, 9, 3
55, 36, 1, 9, 3
55, 36, 1, 9, 3
55, 36, 1, 9, 4
55, 36, 1, 9, 4
55, 36, 1, 9, 4
55, 36, 1, 9, 4
55, 36, 1, 10, 3
55, 36, 1, 10, 3
55, 36, 1, 10, 3
55, 36, 1, 10, 3
55, 36, 1, 10, 3
55, 36, 1, 10, 3
55, 36, 1, 10, 3
55, 36, 1, 10, 3
55, 36, 1, 10, 3
55, 36, 1, 10, 3
55, 36, 1, 10, 3
55, 36, 1, 10, 3
55, 36, 1, 10, 4
55, 36, 1, 10, 4
55, 36, 1, 12, 3
55, 36, 1, 12, 3
55, 36, 1, 12, 3
55, 36, 1, 12, 3
55, 36, 1, 12, 4
55, 36, 1, 12, 4
55, 36, 1, 13, 2
55, 36, 1, 13, 3
55, 36, 1, 13, 3
55, 36, 1, 13, 3
55, 36, 1, 13, 3
55, 36, 1, 13, 3
55, 36, 1, 13, 4
55, 42, 2, 3, 3
55, 42, 2, 3, 3
55, 42, 2, 3, 3
55, 42, 2, 3, 3
55, 42, 2, 3, 4
55, 42, 2, 3, 4
55, 42, 2, 3, 4
55, 42, 2, 3, 4
55, 42, 2, 4, 3
55, 42, 2, 4, 3
55, 42, 2, 4, 3
55, 42, 2, 4, 3
55, 42, 2, 4, 3
55, 42, 2, 4, 3
55, 42, 2, 4, 3
55, 42, 2, 4, 3
55, 42, 2, 4, 3
55, 42, 2, 4, 3
55, 42, 2, 4, 3
55, 42, 2, 4, 3
55, 42, 2, 4, 4
55, 42, 2, 4, 4
55, 42, 2, 6, 3
55, 42, 2, 6, 3
55, 42, 2, 6, 3
55, 42, 2, 6, 3
55, 42, 2, 6, 4
55, 42, 2, 6, 4
55, 42, 2, 7, 2
55, 42, 2, 7, 3
55, 42, 2, 7, 3
55, 42, 2, 7, 3
55, 42, 2, 7, 3
55, 42, 2, 7, 3
55, 42, 2, 7, 4
55, 42, 2, 12, 2
55, 42, 2, 12, 2
55, 42, 2, 13, 2
55, 42, 2, 15, 2
55, 42, 2, 15, 2
55, 42, 2, 15, 2
55, 42, 2, 16, 2
55, 42, 3, 2, 2
55, 42, 3, 4, 3
55, 42, 3, 4, 3
55, 42, 3, 4, 3
55, 42, 3, 4, 3
55, 42, 3, 4, 4
55, 42, 3, 4, 4
55, 42, 3, 4, 4
55, 42, 3, 4, 4
55, 42, 3, 5, 3
55, 42, 3, 5, 3
55, 42, 3, 5, 3
55, 42, 3, 5, 3
55, 42, 3, 5, 3
55, 42, 3, 5, 3
55, 42, 3, 5, 3
55, 42, 3, 5, 3
55, 42, 3, 5, 3
55, 42, 3, 5, 3
55, 42, 3, 5, 3
55, 42, 3, 5, 3
55, 42, 3, 5, 4
55, 42, 3, 5, 4
55, 42, 3, 7, 3
55, 42, 3, 7, 3
55, 42, 3, 7, 3
55, 42, 3, 7, 3
55, 42, 3, 7, 4
55, 42, 3, 7, 4
55, 42, 3, 8, 2
55, 42, 3, 8, 3
55, 42, 3, 8, 3
55, 42, 3, 8, 3
55, 42, 3, 8, 3
55, 42, 3, 8, 3
55, 42, 3, 8, 4
55, 42, 3, 13, 2
55, 42, 3, 13, 2
55, 42, 3, 14, 2
55, 42, 3, 16, 2
55, 42, 3, 16, 2
55, 42, 3, 16, 2
55, 35, 4, 2, 2
55, 35, 4, 2, 2
55, 35, 4, 2, 2
55, 35, 4, 3, 2
55, 35, 4, 5, 3
55, 35, 4, 5, 3
55, 35, 4, 5, 3
55, 35, 4, 5, 3
55, 35, 4, 5, 4
55, 35, 4, 5, 4
55, 35, 4, 5, 4
55, 35, 4, 5, 4
55, 35, 4, 6, 3
55, 35, 4, 6, 3
55, 35, 4, 6, 3
55, 35, 4, 6, 3
55, 35, 4, 6, 3
55, 35, 4, 6, 3
55, 35, 4, 6, 3
55, 35, 4, 6, 3
55, 35, 4, 6, 3
55, 35, 4, 6, 3
55, 35, 4, 6, 3
55, 35, 4, 6, 3
55, 35, 4, 6, 4
55, 35, 4, 6, 4
55, 35, 4, 8, 3
55, 35, 4, 8, 3
55, 35, 4, 8, 3
55, 35, 4, 8, 3
55, 35, 4, 8, 4
55, 35, 4, 8, 4
55, 35, 4, 14, 2
55, 35, 4, 14, 2
55, 35, 4, 15, 2
55, 29, 5, 3, 2
55, 29, 5, 3, 2
55, 29, 5, 3, 2
55, 29, 5, 4, 2
55, 29, 5, 6, 3
55, 29, 5, 6, 3
55, 29, 5, 6, 3
55, 29, 5, 6, 3
55, 29, 5, 6, 4
55, 29, 5, 6, 4
55, 29, 5, 6, 4
55, 29, 5, 6, 4
55, 29, 5, 7, 3
55, 29, 5, 7, 3
55, 29, 5, 7, 3
55, 29, 5, 7, 3
55, 29, 5, 7, 3
55, 29, 5, 7, 3
55, 29, 5, 7, 3
55, 29, 5, 7, 3
55, 29, 5, 7, 3
55, 29, 5, 7, 3
55, 29, 5, 7, 3
55, 29, 5, 7, 3
55, 29, 5, 7, 4
55, 29, 5, 7, 4
55, 29, 5, 15, 2
55, 29, 5, 15, 2
55, 29, 5, 16, 2
55, 29, 6, 2, 2
55, 29, 6, 4, 2
55, 29, 6, 4, 2
55, 29, 6, 4, 2
55, 29, 6, 5, 2
55, 29, 6, 7, 3
55, 29, 6, 7, 3
55, 29, 6, 7, 3
55, 29, 6, 7, 3
55, 29, 6, 7, 4
55, 29, 6, 7, 4
55, 29, 6, 7, 4
55, 29, 6, 7, 4
55, 29, 6, 8, 3
55, 29, 6, 8, 3
55, 29, 6, 8, 3
55, 29, 6, 8, 3
55, 29, 6, 8, 3
55, 29, 6, 8, 3
55, 29, 6, 8, 3
55, 29, 6, 8, 3
55, 29, 6, 8, 3
55, 29, 6, 8, 3
55, 29, 6, 8, 3
55, 29, 6, 8, 3
55, 29, 6, 8, 4
55, 29, 6, 8, 4
55, 29, 6, 16, 2
55, 29, 6, 16, 2
55, 15, 7, 2, 2
55, 15, 7, 2, 2
55, 15, 7, 3, 2
55, 15, 7, 5, 2
55, 15, 7, 5, 2
55, 15, 7, 5, 2
55, 15, 7, 6, 2
55, 15, 7, 8, 3
55, 15, 7, 8, 3
55, 15, 7, 8, 3
55, 15, 7, 8, 3
55, 15, 7, 8, 4
55, 15, 7, 8, 4
55, 15, 7, 8, 4
55, 15, 7, 8, 4
55, 7, 8, 3, 2
55, 7, 8, 3, 2
55, 7, 8, 4, 2
55, 7, 8, 6, 2
55, 7, 8, 6, 2
55, 7, 8, 6, 2
55, 7, 8, 7, 2
55, 39, 9, 0, 2
55, 39, 9, 0, 2
55, 39, 9, 0, 2
55, 39, 9, 1, 2
55, 39, 9, 10, 3
55, 39, 9, 10, 3
55, 39, 9, 10, 3
55, 39, 9, 10, 3
55, 39, 9, 10, 4
55, 39, 9, 10, 4
55, 39, 9, 10, 4
55, 39, 9, 10, 4
55, 39, 9, 11, 3
55, 39, 9, 11, 3
55, 39, 9, 11, 3
55, 39, 9, 11, 3
55, 39, 9, 11, 3
55, 39, 9, 11, 3
55, 39, 9, 11, 3
55, 39, 9, 11, 3
55, 39, 9, 11, 3
55, 39, 9, 11, 3
55, 39, 9, 11, 3
55, 39, 9, 11, 3
55, 39, 9, 11, 4
55, 39, 9, 11, 4
55, 39, 9, 13, 3
55, 39, 9, 13, 3
55, 39, 9, 13, 3
55, 39, 9, 13, 3
55, 39, 9, 13, 4
55, 39, 9, 13, 4
55, 39, 9, 14, 2
55, 39, 9, 14, 3
55, 39, 9, 14, 3
55, 39, 9, 14, 3
55, 39, 9, 14, 3
55, 39, 9, 14, 3
55, 39, 9, 14, 4
55, 39, 10, 1, 2
55, 39, 10, 1, 2
55, 39, 10, 1, 2
55, 39, 10, 9, 2
55, 39, 10, 11, 3
55, 39, 10, 11, 3
55, 39, 10, 11, 3
55, 39, 10, 11, 3
55, 39, 10, 11, 4
55, 39, 10, 11, 4
55, 39, 10, 11, 4
55, 39, 10, 11, 4
55, 39, 10, 12, 3
55, 39, 10, 12, 3
55, 39, 10, 12, 3
55, 39, 10, 12, 3
55, 39, 10, 12, 3
55, 39, 10, 12, 3
55, 39, 10, 12, 3
55, 39, 10, 12, 3
55, 39, 10, 12, 3
55, 39, 10, 12, 3
55, 39, 10, 12, 3
55, 39, 10, 12, 3
55, 39, 10, 12, 4
55, 39, 10, 12, 4
55, 39, 10, 14, 3
55, 39, 10, 14, 3
55, 39, 10, 14, 3
55, 39, 10, 14, 3
55, 39, 10, 14, 4
55, 39, 10, 14, 4
55, 39, 10, 15, 2
55, 39, 10, 15, 3
55, 39, 10, 15, 3
55, 39, 10, 15, 3
55, 39, 10, 15, 3
55, 39, 10, 15, 3
55, 39, 10, 15, 4
55, 40, 11, 0, 2
55, 40, 11, 9, 2
55, 40, 11, 9, 2
55, 40, 11, 9, 2
55, 40, 11, 10, 2
55, 40, 11, 12, 3
55, 40, 11, 12, 3
55, 40, 11, 12, 3
55, 40, 11, 12, 3
55, 40, 11, 12, 4
55, 40, 11, 12, 4
55, 40, 11, 12, 4
55, 40, 11, 12, 4
55, 40, 11, 13, 3
55, 40, 11, 13, 3
55, 40, 11, 13, 3
55, 40, 11, 13, 3
55, 40, 11, 13, 3
55, 40, 11, 13, 3
55, 40, 11, 13, 3
55, 40, 11, 13, 3
55, 40, 11, 13, 3
55, 40, 11, 13, 3
55, 40, 11, 13, 3
55, 40, 11, 13, 3
55, 40, 11, 13, 4
55, 40, 11, 13, 4
55, 40, 11, 15, 3
55, 40, 11, 15, 3
55, 40, 11, 15, 3
55, 40, 11, 15, 3
55, 40, 11, 15, 4
55, 40, 11, 15, 4
55, 40, 11, 16, 2
55, 40, 11, 16, 3
55, 40, 11, 16, 3
55, 40, 11, 16, 3
55, 40, 11, 16, 3
55, 40, 11, 16, 3
55, 40, 11, 16, 4
55, 42, 12, 0, 2
55, 42, 12, 0, 2
55, 42, 12, 1, 2
55, 42, 12, 2, 2
55, 42, 12, 2, 3
55, 42, 12, 2, 3
55, 42, 12, 2, 3
55, 42, 12, 2, 3
55, 42, 12, 2, 3
55, 42, 12, 2, 4
55, 42, 12, 10, 2
55, 42, 12, 10, 2
55, 42, 12, 10, 2
55, 42, 12, 11, 2
55, 42, 12, 13, 3
55, 42, 12, 13, 3
55, 42, 12, 13, 3
55, 42, 12, 13, 3
55, 42, 12, 13, 4
55, 42, 12, 13, 4
55, 42, 12, 13, 4
55, 42, 12, 13, 4
55, 42, 12, 14, 3
55, 42, 12, 14, 3
55, 42, 12, 14, 3
55, 42, 12, 14, 3
55, 42, 12, 14, 3
55, 42, 12, 14, 3
55, 42, 12, 14, 3
55, 42, 12, 14, 3
55, 42, 12, 14, 3
55, 42, 12, 14, 3
55, 42, 12, 14, 3
55, 42, 12, 14, 3
55, 42, 12, 14, 4
55, 42, 12, 14, 4
55, 42, 12, 16, 3
55, 42, 12, 16, 3
55, 42, 12, 16, 3
55, 42, 12, 16, 3
55, 42, 12, 16, 4
55, 42, 12, 16, 4
55, 42, 13, 1, 2
55, 42, 13, 1, 2
55, 42, 13, 2, 3
55, 42, 13, 2, 3
55, 42, 13, 2, 3
55, 42, 13, 2, 3
55, 42, 13, 2, 4
55, 42, 13, 2, 4
55, 42, 13, 3, 2
55, 42, 13, 3, 3
55, 42, 13, 3, 3
55, 42, 13, 3, 3
55, 42, 13, 3, 3
55, 42, 13, 3, 3
55, 42, 13, 3, 4
55, 42, 13, 9, 2
55, 42, 13, 11, 2
55, 42, 13, 11, 2
55, 42, 13, 11, 2
55, 42, 13, 12, 2
55, 42, 13, 14, 3
55, 42, 13, 14, 3
55, 42, 13, 14, 3
55, 42, 13, 14, 3
55, 42, 13, 14, 4
55, 42, 13, 14, 4
55, 42, 13, 14, 4
55, 42, 13, 14, 4
55, 42, 13, 15, 3
55, 42, 13, 15, 3
55, 42, 13, 15, 3
55, 42, 13, 15, 3
55, 42, 13, 15, 3
55, 42, 13, 15, 3
55, 42, 13, 15, 3
55, 42, 13, 15, 3
55, 42, 13, 15, 3
55, 42, 13, 15, 3
55, 42, 13, 15, 3
55, 42, 13, 15, 3
55, 42, 13, 15, 4
55, 42, 13, 15, 4
55, 42, 14, 3, 3
55, 42, 14, 3, 3
55, 42, 14, 3, 3
55, 42, 14, 3, 3
55, 42, 14, 3, 4
55, 42, 14, 3, 4
55, 42, 14, 4, 2
55, 42, 14, 4, 3
55, 42, 14, 4, 3
55, 42, 14, 4, 3
55, 42, 14, 4, 3
55, 42, 14, 4, 3
55, 42, 14, 4, 4
55, 42, 14, 9, 2
55, 42, 14, 9, 2
55, 42, 14, 10, 2
55, 42, 14, 12, 2
55, 42, 14, 12, 2
55, 42, 14, 12, 2
55, 42, 14, 13, 2
55, 42, 14, 15, 3
55, 42, 14, 15, 3
55, 42, 14, 15, 3
55, 42, 14, 15, 3
55, 42, 14, 15, 4
55, 42, 14, 15, 4
55, 42, 14, 15, 4
55, 42, 14, 15, 4
55, 42, 14, 16, 3
55, 42, 14, 16, 3
55, 42, 14, 16, 3
55, 42, 14, 16, 3
55, 42, 14, 16, 3
55, 42, 14, 16, 3
55, 42, 14, 16, 3
55, 42, 14, 16, 3
55, 42, 14, 16, 3
55, 42, 14, 16, 3
55, 42, 14, 16, 3
55, 42, 14, 16, 3
55, 42, 14, 16, 4
55, 42, 14, 16, 4
55, 42, 15, 2, 3
55, 42, 15, 2, 3
55, 42, 15, 2, 3
55, 42, 15, 2, 3
55, 42, 15, 2, 3
55, 42, 15, 2, 3
55, 42, 15, 2, 3
55, 42, 15, 2, 3
55, 42, 15, 2, 3
55, 42, 15, 2, 3
55, 42, 15, 2, 3
55, 42, 15, 2, 3
55, 42, 15, 2, 4
55, 42, 15, 2, 4
55, 42, 15, 4, 3
55, 42, 15, 4, 3
55, 42, 15, 4, 3
55, 42, 15, 4, 3
55, 42, 15, 4, 4
55, 42, 15, 4, 4
55, 42, 15, 5, 2
55, 42, 15, 5, 3
55, 42, 15, 5, 3
55, 42, 15, 5, 3
55, 42, 15, 5, 3
55, 42, 15, 5, 3
55, 42, 15, 5, 4
55, 42, 15, 10, 2
55, 42, 15, 10, 2
55, 42, 15, 11, 2
55, 42, 15, 13, 2
55, 42, 15, 13, 2
55, 42, 15, 13, 2
55, 42, 15, 14, 2
55, 42, 15, 16, 3
55, 42, 15, 16, 3
55, 42, 15, 16, 3
55, 42, 15, 16, 3
55, 42, 15, 16, 4
55, 42, 15, 16, 4
55, 42, 15, 16, 4
55, 42, 15, 16, 4
55, 42, 16, 2, 3
55, 42, 16, 2, 3
55, 42, 16, 2, 3
55, 42, 16, 2, 3
55, 42, 16, 2, 4
55, 42, 16, 2, 4
55, 42, 16, 2, 4
55, 42, 16, 2, 4
55, 42, 16, 3, 3
55, 42, 16, 3, 3
55, 42, 16, 3, 3
55, 42, 16, 3, 3
55, 42, 16, 3, 3
55, 42, 16, 3, 3
55, 42, 16, 3, 3
55, 42, 16, 3, 3
55, 42, 16, 3, 3
55, 42, 16, 3, 3
55, 42, 16, 3, 3
55, 42, 16, 3, 3
55, 42, 16, 3, 4
55, 42, 16, 3, 4
55, 42, 16, 5, 3
55, 42, 16, 5, 3
55, 42, 16, 5, 3
55, 42, 16, 5, 3
55, 42, 16, 5, 4
55, 42, 16, 5, 4
55, 42, 16, 6, 2
55, 42, 16, 6, 3
55, 42, 16, 6, 3
55, 42, 16, 6, 3
55, 42, 16, 6, 3
55, 42, 16, 6, 3
55, 42, 16, 6, 4
55, 42, 16, 11, 2
55, 42, 16, 11, 2
55, 42, 16, 12, 2
55, 42, 16, 14, 2
55, 42, 16, 14, 2
55, 42, 16, 14, 2
55, 42, 16, 15, 2
56, 1, 1, 0, 2
Goal
56
