CG
225
0, 224, 224, 2
0, 224, 223, 3
0, 224, 222, 3
0, 224, 221, 3
0, 224, 220, 3
0, 224, 219, 3
0, 224, 218, 2
0, 224, 217, 3
0, 224, 216, 3
0, 224, 215, 3
0, 224, 214, 3
0, 224, 213, 3
0, 224, 212, 3
0, 224, 211, 3
0, 224, 210, 3
0, 224, 209, 3
0, 224, 208, 4
0, 224, 207, 4
0, 224, 206, 4
0, 224, 205, 4
0, 224, 204, 4
0, 224, 203, 3
0, 224, 202, 4
0, 224, 201, 4
0, 224, 200, 4
0, 224, 199, 4
0, 224, 198, 4
0, 224, 197, 4
0, 224, 196, 4
0, 224, 195, 4
0, 224, 194, 3
0, 224, 193, 4
0, 224, 192, 4
0, 224, 191, 4
0, 224, 190, 4
0, 224, 189, 4
0, 224, 188, 3
0, 224, 187, 4
0, 224, 186, 4
0, 224, 185, 4
0, 224, 184, 4
0, 224, 183, 4
0, 224, 182, 4
0, 224, 181, 4
0, 224, 180, 4
0, 224, 179, 3
0, 224, 178, 4
0, 224, 177, 4
0, 224, 176, 4
0, 224, 175, 4
0, 224, 174, 4
0, 224, 173, 3
0, 224, 172, 4
0, 224, 171, 4
0, 224, 170, 4
0, 224, 169, 4
0, 224, 168, 4
0, 224, 167, 4
0, 224, 166, 4
0, 224, 165, 4
0, 224, 164, 3
0, 224, 163, 4
0, 224, 162, 4
0, 224, 161, 4
0, 224, 160, 4
0, 224, 159, 4
0, 224, 158, 3
0, 224, 157, 4
0, 224, 156, 4
0, 224, 155, 4
0, 224, 154, 4
0, 224, 153, 4
0, 224, 152, 4
0, 224, 151, 4
0, 224, 150, 4
0, 224, 149, 3
0, 224, 148, 4
0, 224, 147, 4
0, 224, 146, 4
0, 224, 145, 4
0, 224, 144, 4
0, 224, 143, 3
0, 224, 142, 4
0, 224, 141, 4
0, 224, 140, 4
0, 224, 139, 4
0, 224, 138, 4
0, 224, 137, 4
0, 224, 136, 4
0, 224, 135, 4
0, 224, 134, 2
0, 224, 133, 3
0, 224, 132, 3
0, 224, 131, 3
0, 224, 130, 3
0, 224, 129, 3
0, 224, 128, 2
0, 224, 127, 3
0, 224, 126, 3
0, 224, 125, 3
0, 224, 124, 3
0, 224, 123, 3
0, 224, 122, 3
0, 224, 121, 3
0, 224, 120, 3
0, 224, 119, 3
0, 224, 118, 4
0, 224, 117, 4
0, 224, 116, 4
0, 224, 115, 4
0, 224, 114, 4
0, 224, 113, 3
0, 224, 112, 4
0, 224, 111, 4
0, 224, 110, 4
0, 224, 109, 4
0, 224, 108, 4
0, 224, 107, 4
0, 224, 106, 4
0, 224, 105, 4
0, 224, 104, 3
0, 224, 103, 4
0, 224, 102, 4
0, 224, 101, 4
0, 224, 100, 4
0, 224, 99, 4
0, 224, 98, 3
0, 224, 97, 4
0, 224, 96, 4
0, 224, 95, 4
0, 224, 94, 4
0, 224, 93, 4
0, 224, 92, 4
0, 224, 91, 4
0, 224, 90, 4
0, 224, 89, 3
0, 224, 88, 4
0, 224, 87, 4
0, 224, 86, 4
0, 224, 85, 4
0, 224, 84, 4
0, 224, 83, 3
0, 224, 82, 4
0, 224, 81, 4
0, 224, 80, 4
0, 224, 79, 4
0, 224, 78, 4
0, 224, 77, 4
0, 224, 76, 4
0, 224, 75, 4
0, 224, 74, 3
0, 224, 73, 4
0, 224, 72, 4
0, 224, 71, 4
0, 224, 70, 4
0, 224, 69, 4
0, 224, 68, 3
0, 224, 67, 4
0, 224, 66, 4
0, 224, 65, 4
0, 224, 64, 4
0, 224, 63, 4
0, 224, 62, 4
0, 224, 61, 4
0, 224, 60, 4
0, 224, 59, 3
0, 224, 58, 4
0, 224, 57, 4
0, 224, 56, 4
0, 224, 55, 4
0, 224, 54, 4
0, 224, 53, 3
0, 224, 52, 4
0, 224, 51, 4
0, 224, 50, 4
0, 224, 49, 4
0, 224, 48, 4
0, 224, 47, 4
0, 224, 46, 4
0, 224, 45, 4
0, 224, 44, 3
0, 224, 43, 4
0, 224, 42, 4
0, 224, 41, 4
0, 224, 40, 4
0, 224, 39, 4
0, 224, 38, 3
0, 224, 37, 4
0, 224, 36, 4
0, 224, 35, 4
0, 224, 34, 4
0, 224, 33, 4
0, 224, 32, 4
0, 224, 31, 4
0, 224, 30, 3
0, 224, 29, 4
0, 224, 28, 4
0, 224, 27, 4
0, 224, 26, 4
0, 224, 25, 4
0, 224, 24, 3
0, 224, 23, 4
0, 224, 22, 4
0, 224, 21, 4
0, 224, 20, 4
0, 224, 19, 4
0, 224, 18, 4
0, 224, 17, 4
0, 224, 16, 4
0, 224, 15, 3
0, 224, 14, 4
0, 224, 13, 4
0, 224, 12, 4
0, 224, 11, 4
0, 224, 10, 4
0, 224, 9, 3
0, 224, 8, 4
0, 224, 7, 4
0, 224, 6, 4
0, 224, 5, 4
0, 224, 4, 4
0, 224, 3, 4
0, 224, 2, 4
0, 224, 1, 4
DTG
0, 2, 0, 1, 1
0, 2, 0, 15, 1
0, 3, 1, 0, 1
0, 3, 1, 7, 1
0, 3, 1, 16, 1
0, 3, 2, 3, 1
0, 3, 2, 14, 1
0, 3, 2, 17, 1
0, 3, 3, 2, 1
0, 3, 3, 4, 1
0, 3, 3, 18, 1
0, 3, 4, 3, 1
0, 3, 4, 5, 1
0, 3, 4, 19, 1
0, 3, 5, 4, 1
0, 3, 5, 6, 1
0, 3, 5, 20, 1
0, 2, 6, 5, 1
0, 2, 6, 21, 1
0, 3, 7, 1, 1
0, 3, 7, 8, 1
0, 3, 7, 22, 1
0, 3, 8, 7, 1
0, 3, 8, 9, 1
0, 3, 8, 23, 1
0, 3, 9, 8, 1
0, 3, 9, 10, 1
0, 3, 9, 24, 1
0, 3, 10, 9, 1
0, 3, 10, 11, 1
0, 3, 10, 25, 1
0, 3, 11, 10, 1
0, 3, 11, 12, 1
0, 3, 11, 26, 1
0, 3, 12, 11, 1
0, 3, 12, 13, 1
0, 3, 12, 27, 1
0, 3, 13, 12, 1
0, 3, 13, 14, 1
0, 3, 13, 28, 1
0, 3, 14, 2, 1
0, 3, 14, 13, 1
0, 3, 14, 29, 1
0, 3, 15, 0, 1
0, 3, 15, 16, 1
0, 3, 15, 105, 1
0, 4, 16, 1, 1
0, 4, 16, 15, 1
0, 4, 16, 22, 1
0, 4, 16, 106, 1
0, 4, 17, 2, 1
0, 4, 17, 18, 1
0, 4, 17, 29, 1
0, 4, 17, 107, 1
0, 4, 18, 3, 1
0, 4, 18, 17, 1
0, 4, 18, 19, 1
0, 4, 18, 108, 1
0, 4, 19, 4, 1
0, 4, 19, 18, 1
0, 4, 19, 20, 1
0, 4, 19, 109, 1
0, 4, 20, 5, 1
0, 4, 20, 19, 1
0, 4, 20, 21, 1
0, 4, 20, 110, 1
0, 3, 21, 6, 1
0, 3, 21, 20, 1
0, 3, 21, 111, 1
0, 4, 22, 7, 1
0, 4, 22, 16, 1
0, 4, 22, 23, 1
0, 4, 22, 112, 1
0, 4, 23, 8, 1
0, 4, 23, 22, 1
0, 4, 23, 24, 1
0, 4, 23, 113, 1
0, 4, 24, 9, 1
0, 4, 24, 23, 1
0, 4, 24, 25, 1
0, 4, 24, 114, 1
0, 4, 25, 10, 1
0, 4, 25, 24, 1
0, 4, 25, 26, 1
0, 4, 25, 115, 1
0, 4, 26, 11, 1
0, 4, 26, 25, 1
0, 4, 26, 27, 1
0, 4, 26, 116, 1
0, 4, 27, 12, 1
0, 4, 27, 26, 1
0, 4, 27, 28, 1
0, 4, 27, 117, 1
0, 4, 28, 13, 1
0, 4, 28, 27, 1
0, 4, 28, 29, 1
0, 4, 28, 118, 1
0, 4, 29, 14, 1
0, 4, 29, 17, 1
0, 4, 29, 28, 1
0, 4, 29, 119, 1
0, 3, 30, 31, 1
0, 3, 30, 45, 1
0, 3, 30, 210, 1
0, 4, 31, 30, 1
0, 4, 31, 37, 1
0, 4, 31, 46, 1
0, 4, 31, 211, 1
0, 4, 32, 33, 1
0, 4, 32, 44, 1
0, 4, 32, 47, 1
0, 4, 32, 212, 1
0, 4, 33, 32, 1
0, 4, 33, 34, 1
0, 4, 33, 48, 1
0, 4, 33, 213, 1
0, 4, 34, 33, 1
0, 4, 34, 35, 1
0, 4, 34, 49, 1
0, 4, 34, 214, 1
0, 4, 35, 34, 1
0, 4, 35, 36, 1
0, 4, 35, 50, 1
0, 4, 35, 215, 1
0, 3, 36, 35, 1
0, 3, 36, 51, 1
0, 3, 36, 216, 1
0, 4, 37, 31, 1
0, 4, 37, 38, 1
0, 4, 37, 52, 1
0, 4, 37, 217, 1
0, 4, 38, 37, 1
0, 4, 38, 39, 1
0, 4, 38, 53, 1
0, 4, 38, 218, 1
0, 4, 39, 38, 1
0, 4, 39, 40, 1
0, 4, 39, 54, 1
0, 4, 39, 219, 1
0, 4, 40, 39, 1
0, 4, 40, 41, 1
0, 4, 40, 55, 1
0, 4, 40, 220, 1
0, 4, 41, 40, 1
0, 4, 41, 42, 1
0, 4, 41, 56, 1
0, 4, 41, 221, 1
0, 4, 42, 41, 1
0, 4, 42, 43, 1
0, 4, 42, 57, 1
0, 4, 42, 222, 1
0, 4, 43, 42, 1
0, 4, 43, 44, 1
0, 4, 43, 58, 1
0, 4, 43, 223, 1
0, 4, 44, 32, 1
0, 4, 44, 43, 1
0, 4, 44, 59, 1
0, 4, 44, 224, 1
0, 3, 45, 30, 1
0, 3, 45, 46, 1
0, 3, 45, 60, 1
0, 4, 46, 31, 1
0, 4, 46, 45, 1
0, 4, 46, 52, 1
0, 4, 46, 61, 1
0, 4, 47, 32, 1
0, 4, 47, 48, 1
0, 4, 47, 59, 1
0, 4, 47, 62, 1
0, 4, 48, 33, 1
0, 4, 48, 47, 1
0, 4, 48, 49, 1
0, 4, 48, 63, 1
0, 4, 49, 34, 1
0, 4, 49, 48, 1
0, 4, 49, 50, 1
0, 4, 49, 64, 1
0, 4, 50, 35, 1
0, 4, 50, 49, 1
0, 4, 50, 51, 1
0, 4, 50, 65, 1
0, 3, 51, 36, 1
0, 3, 51, 50, 1
0, 3, 51, 66, 1
0, 4, 52, 37, 1
0, 4, 52, 46, 1
0, 4, 52, 53, 1
0, 4, 52, 67, 1
0, 4, 53, 38, 1
0, 4, 53, 52, 1
0, 4, 53, 54, 1
0, 4, 53, 68, 1
0, 4, 54, 39, 1
0, 4, 54, 53, 1
0, 4, 54, 55, 1
0, 4, 54, 69, 1
0, 4, 55, 40, 1
0, 4, 55, 54, 1
0, 4, 55, 56, 1
0, 4, 55, 70, 1
0, 4, 56, 41, 1
0, 4, 56, 55, 1
0, 4, 56, 57, 1
0, 4, 56, 71, 1
0, 4, 57, 42, 1
0, 4, 57, 56, 1
0, 4, 57, 58, 1
0, 4, 57, 72, 1
0, 4, 58, 43, 1
0, 4, 58, 57, 1
0, 4, 58, 59, 1
0, 4, 58, 73, 1
0, 4, 59, 44, 1
0, 4, 59, 47, 1
0, 4, 59, 58, 1
0, 4, 59, 74, 1
0, 3, 60, 45, 1
0, 3, 60, 61, 1
0, 3, 60, 75, 1
0, 4, 61, 46, 1
0, 4, 61, 60, 1
0, 4, 61, 67, 1
0, 4, 61, 76, 1
0, 4, 62, 47, 1
0, 4, 62, 63, 1
0, 4, 62, 74, 1
0, 4, 62, 77, 1
0, 4, 63, 48, 1
0, 4, 63, 62, 1
0, 4, 63, 64, 1
0, 4, 63, 78, 1
0, 4, 64, 49, 1
0, 4, 64, 63, 1
0, 4, 64, 65, 1
0, 4, 64, 79, 1
0, 4, 65, 50, 1
0, 4, 65, 64, 1
0, 4, 65, 66, 1
0, 4, 65, 80, 1
0, 3, 66, 51, 1
0, 3, 66, 65, 1
0, 3, 66, 81, 1
0, 4, 67, 52, 1
0, 4, 67, 61, 1
0, 4, 67, 68, 1
0, 4, 67, 82, 1
0, 4, 68, 53, 1
0, 4, 68, 67, 1
0, 4, 68, 69, 1
0, 4, 68, 83, 1
0, 4, 69, 54, 1
0, 4, 69, 68, 1
0, 4, 69, 70, 1
0, 4, 69, 84, 1
0, 4, 70, 55, 1
0, 4, 70, 69, 1
0, 4, 70, 71, 1
0, 4, 70, 85, 1
0, 4, 71, 56, 1
0, 4, 71, 70, 1
0, 4, 71, 72, 1
0, 4, 71, 86, 1
0, 4, 72, 57, 1
0, 4, 72, 71, 1
0, 4, 72, 73, 1
0, 4, 72, 87, 1
0, 4, 73, 58, 1
0, 4, 73, 72, 1
0, 4, 73, 74, 1
0, 4, 73, 88, 1
0, 4, 74, 59, 1
0, 4, 74, 62, 1
0, 4, 74, 73, 1
0, 4, 74, 89, 1
0, 3, 75, 60, 1
0, 3, 75, 76, 1
0, 3, 75, 90, 1
0, 4, 76, 61, 1
0, 4, 76, 75, 1
0, 4, 76, 82, 1
0, 4, 76, 91, 1
0, 4, 77, 62, 1
0, 4, 77, 78, 1
0, 4, 77, 89, 1
0, 4, 77, 92, 1
0, 4, 78, 63, 1
0, 4, 78, 77, 1
0, 4, 78, 79, 1
0, 4, 78, 93, 1
0, 4, 79, 64, 1
0, 4, 79, 78, 1
0, 4, 79, 80, 1
0, 4, 79, 94, 1
0, 4, 80, 65, 1
0, 4, 80, 79, 1
0, 4, 80, 81, 1
0, 4, 80, 95, 1
0, 3, 81, 66, 1
0, 3, 81, 80, 1
0, 3, 81, 96, 1
0, 4, 82, 67, 1
0, 4, 82, 76, 1
0, 4, 82, 83, 1
0, 4, 82, 97, 1
0, 4, 83, 68, 1
0, 4, 83, 82, 1
0, 4, 83, 84, 1
0, 4, 83, 98, 1
0, 4, 84, 69, 1
0, 4, 84, 83, 1
0, 4, 84, 85, 1
0, 4, 84, 99, 1
0, 4, 85, 70, 1
0, 4, 85, 84, 1
0, 4, 85, 86, 1
0, 4, 85, 100, 1
0, 4, 86, 71, 1
0, 4, 86, 85, 1
0, 4, 86, 87, 1
0, 4, 86, 101, 1
0, 4, 87, 72, 1
0, 4, 87, 86, 1
0, 4, 87, 88, 1
0, 4, 87, 102, 1
0, 4, 88, 73, 1
0, 4, 88, 87, 1
0, 4, 88, 89, 1
0, 4, 88, 103, 1
0, 4, 89, 74, 1
0, 4, 89, 77, 1
0, 4, 89, 88, 1
0, 4, 89, 104, 1
0, 2, 90, 75, 1
0, 2, 90, 91, 1
0, 3, 91, 76, 1
0, 3, 91, 90, 1
0, 3, 91, 97, 1
0, 3, 92, 77, 1
0, 3, 92, 93, 1
0, 3, 92, 104, 1
0, 3, 93, 78, 1
0, 3, 93, 92, 1
0, 3, 93, 94, 1
0, 3, 94, 79, 1
0, 3, 94, 93, 1
0, 3, 94, 95, 1
0, 3, 95, 80, 1
0, 3, 95, 94, 1
0, 3, 95, 96, 1
0, 2, 96, 81, 1
0, 2, 96, 95, 1
0, 3, 97, 82, 1
0, 3, 97, 91, 1
0, 3, 97, 98, 1
0, 3, 98, 83, 1
0, 3, 98, 97, 1
0, 3, 98, 99, 1
0, 3, 99, 84, 1
0, 3, 99, 98, 1
0, 3, 99, 100, 1
0, 3, 100, 85, 1
0, 3, 100, 99, 1
0, 3, 100, 101, 1
0, 3, 101, 86, 1
0, 3, 101, 100, 1
0, 3, 101, 102, 1
0, 3, 102, 87, 1
0, 3, 102, 101, 1
0, 3, 102, 103, 1
0, 3, 103, 88, 1
0, 3, 103, 102, 1
0, 3, 103, 104, 1
0, 3, 104, 89, 1
0, 3, 104, 92, 1
0, 3, 104, 103, 1
0, 3, 105, 15, 1
0, 3, 105, 106, 1
0, 3, 105, 120, 1
0, 4, 106, 16, 1
0, 4, 106, 105, 1
0, 4, 106, 112, 1
0, 4, 106, 121, 1
0, 4, 107, 17, 1
0, 4, 107, 108, 1
0, 4, 107, 119, 1
0, 4, 107, 122, 1
0, 4, 108, 18, 1
0, 4, 108, 107, 1
0, 4, 108, 109, 1
0, 4, 108, 123, 1
0, 4, 109, 19, 1
0, 4, 109, 108, 1
0, 4, 109, 110, 1
0, 4, 109, 124, 1
0, 4, 110, 20, 1
0, 4, 110, 109, 1
0, 4, 110, 111, 1
0, 4, 110, 125, 1
0, 3, 111, 21, 1
0, 3, 111, 110, 1
0, 3, 111, 126, 1
0, 4, 112, 22, 1
0, 4, 112, 106, 1
0, 4, 112, 113, 1
0, 4, 112, 127, 1
0, 4, 113, 23, 1
0, 4, 113, 112, 1
0, 4, 113, 114, 1
0, 4, 113, 128, 1
0, 4, 114, 24, 1
0, 4, 114, 113, 1
0, 4, 114, 115, 1
0, 4, 114, 129, 1
0, 4, 115, 25, 1
0, 4, 115, 114, 1
0, 4, 115, 116, 1
0, 4, 115, 130, 1
0, 4, 116, 26, 1
0, 4, 116, 115, 1
0, 4, 116, 117, 1
0, 4, 116, 131, 1
0, 4, 117, 27, 1
0, 4, 117, 116, 1
0, 4, 117, 118, 1
0, 4, 117, 132, 1
0, 4, 118, 28, 1
0, 4, 118, 117, 1
0, 4, 118, 119, 1
0, 4, 118, 133, 1
0, 4, 119, 29, 1
0, 4, 119, 107, 1
0, 4, 119, 118, 1
0, 4, 119, 134, 1
0, 3, 120, 105, 1
0, 3, 120, 121, 1
0, 3, 120, 135, 1
0, 4, 121, 106, 1
0, 4, 121, 120, 1
0, 4, 121, 127, 1
0, 4, 121, 136, 1
0, 4, 122, 107, 1
0, 4, 122, 123, 1
0, 4, 122, 134, 1
0, 4, 122, 137, 1
0, 4, 123, 108, 1
0, 4, 123, 122, 1
0, 4, 123, 124, 1
0, 4, 123, 138, 1
0, 4, 124, 109, 1
0, 4, 124, 123, 1
0, 4, 124, 125, 1
0, 4, 124, 139, 1
0, 4, 125, 110, 1
0, 4, 125, 124, 1
0, 4, 125, 126, 1
0, 4, 125, 140, 1
0, 3, 126, 111, 1
0, 3, 126, 125, 1
0, 3, 126, 141, 1
0, 4, 127, 112, 1
0, 4, 127, 121, 1
0, 4, 127, 128, 1
0, 4, 127, 142, 1
0, 4, 128, 113, 1
0, 4, 128, 127, 1
0, 4, 128, 129, 1
0, 4, 128, 143, 1
0, 4, 129, 114, 1
0, 4, 129, 128, 1
0, 4, 129, 130, 1
0, 4, 129, 144, 1
0, 4, 130, 115, 1
0, 4, 130, 129, 1
0, 4, 130, 131, 1
0, 4, 130, 145, 1
0, 4, 131, 116, 1
0, 4, 131, 130, 1
0, 4, 131, 132, 1
0, 4, 131, 146, 1
0, 4, 132, 117, 1
0, 4, 132, 131, 1
0, 4, 132, 133, 1
0, 4, 132, 147, 1
0, 4, 133, 118, 1
0, 4, 133, 132, 1
0, 4, 133, 134, 1
0, 4, 133, 148, 1
0, 4, 134, 119, 1
0, 4, 134, 122, 1
0, 4, 134, 133, 1
0, 4, 134, 149, 1
0, 3, 135, 120, 1
0, 3, 135, 136, 1
0, 3, 135, 150, 1
0, 4, 136, 121, 1
0, 4, 136, 135, 1
0, 4, 136, 142, 1
0, 4, 136, 151, 1
0, 4, 137, 122, 1
0, 4, 137, 138, 1
0, 4, 137, 149, 1
0, 4, 137, 152, 1
0, 4, 138, 123, 1
0, 4, 138, 137, 1
0, 4, 138, 139, 1
0, 4, 138, 153, 1
0, 4, 139, 124, 1
0, 4, 139, 138, 1
0, 4, 139, 140, 1
0, 4, 139, 154, 1
0, 4, 140, 125, 1
0, 4, 140, 139, 1
0, 4, 140, 141, 1
0, 4, 140, 155, 1
0, 3, 141, 126, 1
0, 3, 141, 140, 1
0, 3, 141, 156, 1
0, 4, 142, 127, 1
0, 4, 142, 136, 1
0, 4, 142, 143, 1
0, 4, 142, 157, 1
0, 4, 143, 128, 1
0, 4, 143, 142, 1
0, 4, 143, 144, 1
0, 4, 143, 158, 1
0, 4, 144, 129, 1
0, 4, 144, 143, 1
0, 4, 144, 145, 1
0, 4, 144, 159, 1
0, 4, 145, 130, 1
0, 4, 145, 144, 1
0, 4, 145, 146, 1
0, 4, 145, 160, 1
0, 4, 146, 131, 1
0, 4, 146, 145, 1
0, 4, 146, 147, 1
0, 4, 146, 161, 1
0, 4, 147, 132, 1
0, 4, 147, 146, 1
0, 4, 147, 148, 1
0, 4, 147, 162, 1
0, 4, 148, 133, 1
0, 4, 148, 147, 1
0, 4, 148, 149, 1
0, 4, 148, 163, 1
0, 4, 149, 134, 1
0, 4, 149, 137, 1
0, 4, 149, 148, 1
0, 4, 149, 164, 1
0, 3, 150, 135, 1
0, 3, 150, 151, 1
0, 3, 150, 165, 1
0, 4, 151, 136, 1
0, 4, 151, 150, 1
0, 4, 151, 157, 1
0, 4, 151, 166, 1
0, 4, 152, 137, 1
0, 4, 152, 153, 1
0, 4, 152, 164, 1
0, 4, 152, 167, 1
0, 4, 153, 138, 1
0, 4, 153, 152, 1
0, 4, 153, 154, 1
0, 4, 153, 168, 1
0, 4, 154, 139, 1
0, 4, 154, 153, 1
0, 4, 154, 155, 1
0, 4, 154, 169, 1
0, 4, 155, 140, 1
0, 4, 155, 154, 1
0, 4, 155, 156, 1
0, 4, 155, 170, 1
0, 3, 156, 141, 1
0, 3, 156, 155, 1
0, 3, 156, 171, 1
0, 4, 157, 142, 1
0, 4, 157, 151, 1
0, 4, 157, 158, 1
0, 4, 157, 172, 1
0, 4, 158, 143, 1
0, 4, 158, 157, 1
0, 4, 158, 159, 1
0, 4, 158, 173, 1
0, 4, 159, 144, 1
0, 4, 159, 158, 1
0, 4, 159, 160, 1
0, 4, 159, 174, 1
0, 4, 160, 145, 1
0, 4, 160, 159, 1
0, 4, 160, 161, 1
0, 4, 160, 175, 1
0, 4, 161, 146, 1
0, 4, 161, 160, 1
0, 4, 161, 162, 1
0, 4, 161, 176, 1
0, 4, 162, 147, 1
0, 4, 162, 161, 1
0, 4, 162, 163, 1
0, 4, 162, 177, 1
0, 4, 163, 148, 1
0, 4, 163, 162, 1
0, 4, 163, 164, 1
0, 4, 163, 178, 1
0, 4, 164, 149, 1
0, 4, 164, 152, 1
0, 4, 164, 163, 1
0, 4, 164, 179, 1
0, 3, 165, 150, 1
0, 3, 165, 166, 1
0, 3, 165, 180, 1
0, 4, 166, 151, 1
0, 4, 166, 165, 1
0, 4, 166, 172, 1
0, 4, 166, 181, 1
0, 4, 167, 152, 1
0, 4, 167, 168, 1
0, 4, 167, 179, 1
0, 4, 167, 182, 1
0, 4, 168, 153, 1
0, 4, 168, 167, 1
0, 4, 168, 169, 1
0, 4, 168, 183, 1
0, 4, 169, 154, 1
0, 4, 169, 168, 1
0, 4, 169, 170, 1
0, 4, 169, 184, 1
0, 4, 170, 155, 1
0, 4, 170, 169, 1
0, 4, 170, 171, 1
0, 4, 170, 185, 1
0, 3, 171, 156, 1
0, 3, 171, 170, 1
0, 3, 171, 186, 1
0, 4, 172, 157, 1
0, 4, 172, 166, 1
0, 4, 172, 173, 1
0, 4, 172, 187, 1
0, 4, 173, 158, 1
0, 4, 173, 172, 1
0, 4, 173, 174, 1
0, 4, 173, 188, 1
0, 4, 174, 159, 1
0, 4, 174, 173, 1
0, 4, 174, 175, 1
0, 4, 174, 189, 1
0, 4, 175, 160, 1
0, 4, 175, 174, 1
0, 4, 175, 176, 1
0, 4, 175, 190, 1
0, 4, 176, 161, 1
0, 4, 176, 175, 1
0, 4, 176, 177, 1
0, 4, 176, 191, 1
0, 4, 177, 162, 1
0, 4, 177, 176, 1
0, 4, 177, 178, 1
0, 4, 177, 192, 1
0, 4, 178, 163, 1
0, 4, 178, 177, 1
0, 4, 178, 179, 1
0, 4, 178, 193, 1
0, 4, 179, 164, 1
0, 4, 179, 167, 1
0, 4, 179, 178, 1
0, 4, 179, 194, 1
0, 3, 180, 165, 1
0, 3, 180, 181, 1
0, 3, 180, 195, 1
0, 4, 181, 166, 1
0, 4, 181, 180, 1
0, 4, 181, 187, 1
0, 4, 181, 196, 1
0, 4, 182, 167, 1
0, 4, 182, 183, 1
0, 4, 182, 194, 1
0, 4, 182, 197, 1
0, 4, 183, 168, 1
0, 4, 183, 182, 1
0, 4, 183, 184, 1
0, 4, 183, 198, 1
0, 4, 184, 169, 1
0, 4, 184, 183, 1
0, 4, 184, 185, 1
0, 4, 184, 199, 1
0, 4, 185, 170, 1
0, 4, 185, 184, 1
0, 4, 185, 186, 1
0, 4, 185, 200, 1
0, 3, 186, 171, 1
0, 3, 186, 185, 1
0, 3, 186, 201, 1
0, 4, 187, 172, 1
0, 4, 187, 181, 1
0, 4, 187, 188, 1
0, 4, 187, 202, 1
0, 4, 188, 173, 1
0, 4, 188, 187, 1
0, 4, 188, 189, 1
0, 4, 188, 203, 1
0, 4, 189, 174, 1
0, 4, 189, 188, 1
0, 4, 189, 190, 1
0, 4, 189, 204, 1
0, 4, 190, 175, 1
0, 4, 190, 189, 1
0, 4, 190, 191, 1
0, 4, 190, 205, 1
0, 4, 191, 176, 1
0, 4, 191, 190, 1
0, 4, 191, 192, 1
0, 4, 191, 206, 1
0, 4, 192, 177, 1
0, 4, 192, 191, 1
0, 4, 192, 193, 1
0, 4, 192, 207, 1
0, 4, 193, 178, 1
0, 4, 193, 192, 1
0, 4, 193, 194, 1
0, 4, 193, 208, 1
0, 4, 194, 179, 1
0, 4, 194, 182, 1
0, 4, 194, 193, 1
0, 4, 194, 209, 1
0, 3, 195, 180, 1
0, 3, 195, 196, 1
0, 3, 195, 210, 1
0, 4, 196, 181, 1
0, 4, 196, 195, 1
0, 4, 196, 202, 1
0, 4, 196, 211, 1
0, 4, 197, 182, 1
0, 4, 197, 198, 1
0, 4, 197, 209, 1
0, 4, 197, 212, 1
0, 4, 198, 183, 1
0, 4, 198, 197, 1
0, 4, 198, 199, 1
0, 4, 198, 213, 1
0, 4, 199, 184, 1
0, 4, 199, 198, 1
0, 4, 199, 200, 1
0, 4, 199, 214, 1
0, 4, 200, 185, 1
0, 4, 200, 199, 1
0, 4, 200, 201, 1
0, 4, 200, 215, 1
0, 3, 201, 186, 1
0, 3, 201, 200, 1
0, 3, 201, 216, 1
0, 4, 202, 187, 1
0, 4, 202, 196, 1
0, 4, 202, 203, 1
0, 4, 202, 217, 1
0, 4, 203, 188, 1
0, 4, 203, 202, 1
0, 4, 203, 204, 1
0, 4, 203, 218, 1
0, 4, 204, 189, 1
0, 4, 204, 203, 1
0, 4, 204, 205, 1
0, 4, 204, 219, 1
0, 4, 205, 190, 1
0, 4, 205, 204, 1
0, 4, 205, 206, 1
0, 4, 205, 220, 1
0, 4, 206, 191, 1
0, 4, 206, 205, 1
0, 4, 206, 207, 1
0, 4, 206, 221, 1
0, 4, 207, 192, 1
0, 4, 207, 206, 1
0, 4, 207, 208, 1
0, 4, 207, 222, 1
0, 4, 208, 193, 1
0, 4, 208, 207, 1
0, 4, 208, 209, 1
0, 4, 208, 223, 1
0, 4, 209, 194, 1
0, 4, 209, 197, 1
0, 4, 209, 208, 1
0, 4, 209, 224, 1
0, 3, 210, 30, 1
0, 3, 210, 195, 1
0, 3, 210, 211, 1
0, 4, 211, 31, 1
0, 4, 211, 196, 1
0, 4, 211, 210, 1
0, 4, 211, 217, 1
0, 4, 212, 32, 1
0, 4, 212, 197, 1
0, 4, 212, 213, 1
0, 4, 212, 224, 1
0, 4, 213, 33, 1
0, 4, 213, 198, 1
0, 4, 213, 212, 1
0, 4, 213, 214, 1
0, 4, 214, 34, 1
0, 4, 214, 199, 1
0, 4, 214, 213, 1
0, 4, 214, 215, 1
0, 4, 215, 35, 1
0, 4, 215, 200, 1
0, 4, 215, 214, 1
0, 4, 215, 216, 1
0, 3, 216, 36, 1
0, 3, 216, 201, 1
0, 3, 216, 215, 1
0, 4, 217, 37, 1
0, 4, 217, 202, 1
0, 4, 217, 211, 1
0, 4, 217, 218, 1
0, 4, 218, 38, 1
0, 4, 218, 203, 1
0, 4, 218, 217, 1
0, 4, 218, 219, 1
0, 4, 219, 39, 1
0, 4, 219, 204, 1
0, 4, 219, 218, 1
0, 4, 219, 220, 1
0, 4, 220, 40, 1
0, 4, 220, 205, 1
0, 4, 220, 219, 1
0, 4, 220, 221, 1
0, 4, 221, 41, 1
0, 4, 221, 206, 1
0, 4, 221, 220, 1
0, 4, 221, 222, 1
0, 4, 222, 42, 1
0, 4, 222, 207, 1
0, 4, 222, 221, 1
0, 4, 222, 223, 1
0, 4, 223, 43, 1
0, 4, 223, 208, 1
0, 4, 223, 222, 1
0, 4, 223, 224, 1
0, 4, 224, 44, 1
0, 4, 224, 209, 1
0, 4, 224, 212, 1
0, 4, 224, 223, 1
1, 4, 1, 0, 2
1, 4, 1, 0, 2
1, 4, 1, 0, 2
1, 4, 1, 0, 2
2, 4, 1, 0, 2
2, 4, 1, 0, 2
2, 4, 1, 0, 2
2, 4, 1, 0, 2
3, 4, 1, 0, 2
3, 4, 1, 0, 2
3, 4, 1, 0, 2
3, 4, 1, 0, 2
4, 4, 1, 0, 2
4, 4, 1, 0, 2
4, 4, 1, 0, 2
4, 4, 1, 0, 2
5, 4, 1, 0, 2
5, 4, 1, 0, 2
5, 4, 1, 0, 2
5, 4, 1, 0, 2
6, 4, 1, 0, 2
6, 4, 1, 0, 2
6, 4, 1, 0, 2
6, 4, 1, 0, 2
7, 4, 1, 0, 2
7, 4, 1, 0, 2
7, 4, 1, 0, 2
7, 4, 1, 0, 2
8, 4, 1, 0, 2
8, 4, 1, 0, 2
8, 4, 1, 0, 2
8, 4, 1, 0, 2
9, 3, 1, 0, 2
9, 3, 1, 0, 2
9, 3, 1, 0, 2
10, 4, 1, 0, 2
10, 4, 1, 0, 2
10, 4, 1, 0, 2
10, 4, 1, 0, 2
11, 4, 1, 0, 2
11, 4, 1, 0, 2
11, 4, 1, 0, 2
11, 4, 1, 0, 2
12, 4, 1, 0, 2
12, 4, 1, 0, 2
12, 4, 1, 0, 2
12, 4, 1, 0, 2
13, 4, 1, 0, 2
13, 4, 1, 0, 2
13, 4, 1, 0, 2
13, 4, 1, 0, 2
14, 4, 1, 0, 2
14, 4, 1, 0, 2
14, 4, 1, 0, 2
14, 4, 1, 0, 2
15, 3, 1, 0, 2
15, 3, 1, 0, 2
15, 3, 1, 0, 2
16, 4, 1, 0, 2
16, 4, 1, 0, 2
16, 4, 1, 0, 2
16, 4, 1, 0, 2
17, 4, 1, 0, 2
17, 4, 1, 0, 2
17, 4, 1, 0, 2
17, 4, 1, 0, 2
18, 4, 1, 0, 2
18, 4, 1, 0, 2
18, 4, 1, 0, 2
18, 4, 1, 0, 2
19, 4, 1, 0, 2
19, 4, 1, 0, 2
19, 4, 1, 0, 2
19, 4, 1, 0, 2
20, 4, 1, 0, 2
20, 4, 1, 0, 2
20, 4, 1, 0, 2
20, 4, 1, 0, 2
21, 4, 1, 0, 2
21, 4, 1, 0, 2
21, 4, 1, 0, 2
21, 4, 1, 0, 2
22, 4, 1, 0, 2
22, 4, 1, 0, 2
22, 4, 1, 0, 2
22, 4, 1, 0, 2
23, 4, 1, 0, 2
23, 4, 1, 0, 2
23, 4, 1, 0, 2
23, 4, 1, 0, 2
24, 3, 1, 0, 2
24, 3, 1, 0, 2
24, 3, 1, 0, 2
25, 4, 1, 0, 2
25, 4, 1, 0, 2
25, 4, 1, 0, 2
25, 4, 1, 0, 2
26, 4, 1, 0, 2
26, 4, 1, 0, 2
26, 4, 1, 0, 2
26, 4, 1, 0, 2
27, 4, 1, 0, 2
27, 4, 1, 0, 2
27, 4, 1, 0, 2
27, 4, 1, 0, 2
28, 4, 1, 0, 2
28, 4, 1, 0, 2
28, 4, 1, 0, 2
28, 4, 1, 0, 2
29, 4, 1, 0, 2
29, 4, 1, 0, 2
29, 4, 1, 0, 2
29, 4, 1, 0, 2
30, 3, 1, 0, 2
30, 3, 1, 0, 2
30, 3, 1, 0, 2
31, 4, 1, 0, 2
31, 4, 1, 0, 2
31, 4, 1, 0, 2
31, 4, 1, 0, 2
32, 4, 1, 0, 2
32, 4, 1, 0, 2
32, 4, 1, 0, 2
32, 4, 1, 0, 2
33, 4, 1, 0, 2
33, 4, 1, 0, 2
33, 4, 1, 0, 2
33, 4, 1, 0, 2
34, 4, 1, 0, 2
34, 4, 1, 0, 2
34, 4, 1, 0, 2
34, 4, 1, 0, 2
35, 4, 1, 0, 2
35, 4, 1, 0, 2
35, 4, 1, 0, 2
35, 4, 1, 0, 2
36, 4, 1, 0, 2
36, 4, 1, 0, 2
36, 4, 1, 0, 2
36, 4, 1, 0, 2
37, 4, 1, 0, 2
37, 4, 1, 0, 2
37, 4, 1, 0, 2
37, 4, 1, 0, 2
38, 3, 1, 0, 2
38, 3, 1, 0, 2
38, 3, 1, 0, 2
39, 4, 1, 0, 2
39, 4, 1, 0, 2
39, 4, 1, 0, 2
39, 4, 1, 0, 2
40, 4, 1, 0, 2
40, 4, 1, 0, 2
40, 4, 1, 0, 2
40, 4, 1, 0, 2
41, 4, 1, 0, 2
41, 4, 1, 0, 2
41, 4, 1, 0, 2
41, 4, 1, 0, 2
42, 4, 1, 0, 2
42, 4, 1, 0, 2
42, 4, 1, 0, 2
42, 4, 1, 0, 2
43, 4, 1, 0, 2
43, 4, 1, 0, 2
43, 4, 1, 0, 2
43, 4, 1, 0, 2
44, 3, 1, 0, 2
44, 3, 1, 0, 2
44, 3, 1, 0, 2
45, 4, 1, 0, 2
45, 4, 1, 0, 2
45, 4, 1, 0, 2
45, 4, 1, 0, 2
46, 4, 1, 0, 2
46, 4, 1, 0, 2
46, 4, 1, 0, 2
46, 4, 1, 0, 2
47, 4, 1, 0, 2
47, 4, 1, 0, 2
47, 4, 1, 0, 2
47, 4, 1, 0, 2
48, 4, 1, 0, 2
48, 4, 1, 0, 2
48, 4, 1, 0, 2
48, 4, 1, 0, 2
49, 4, 1, 0, 2
49, 4, 1, 0, 2
49, 4, 1, 0, 2
49, 4, 1, 0, 2
50, 4, 1, 0, 2
50, 4, 1, 0, 2
50, 4, 1, 0, 2
50, 4, 1, 0, 2
51, 4, 1, 0, 2
51, 4, 1, 0, 2
51, 4, 1, 0, 2
51, 4, 1, 0, 2
52, 4, 1, 0, 2
52, 4, 1, 0, 2
52, 4, 1, 0, 2
52, 4, 1, 0, 2
53, 3, 1, 0, 2
53, 3, 1, 0, 2
53, 3, 1, 0, 2
54, 4, 1, 0, 2
54, 4, 1, 0, 2
54, 4, 1, 0, 2
54, 4, 1, 0, 2
55, 4, 1, 0, 2
55, 4, 1, 0, 2
55, 4, 1, 0, 2
55, 4, 1, 0, 2
56, 4, 1, 0, 2
56, 4, 1, 0, 2
56, 4, 1, 0, 2
56, 4, 1, 0, 2
57, 4, 1, 0, 2
57, 4, 1, 0, 2
57, 4, 1, 0, 2
57, 4, 1, 0, 2
58, 4, 1, 0, 2
58, 4, 1, 0, 2
58, 4, 1, 0, 2
58, 4, 1, 0, 2
59, 3, 1, 0, 2
59, 3, 1, 0, 2
59, 3, 1, 0, 2
60, 4, 1, 0, 2
60, 4, 1, 0, 2
60, 4, 1, 0, 2
60, 4, 1, 0, 2
61, 4, 1, 0, 2
61, 4, 1, 0, 2
61, 4, 1, 0, 2
61, 4, 1, 0, 2
62, 4, 1, 0, 2
62, 4, 1, 0, 2
62, 4, 1, 0, 2
62, 4, 1, 0, 2
63, 4, 1, 0, 2
63, 4, 1, 0, 2
63, 4, 1, 0, 2
63, 4, 1, 0, 2
64, 4, 1, 0, 2
64, 4, 1, 0, 2
64, 4, 1, 0, 2
64, 4, 1, 0, 2
65, 4, 1, 0, 2
65, 4, 1, 0, 2
65, 4, 1, 0, 2
65, 4, 1, 0, 2
66, 4, 1, 0, 2
66, 4, 1, 0, 2
66, 4, 1, 0, 2
66, 4, 1, 0, 2
67, 4, 1, 0, 2
67, 4, 1, 0, 2
67, 4, 1, 0, 2
67, 4, 1, 0, 2
68, 3, 1, 0, 2
68, 3, 1, 0, 2
68, 3, 1, 0, 2
69, 4, 1, 0, 2
69, 4, 1, 0, 2
69, 4, 1, 0, 2
69, 4, 1, 0, 2
70, 4, 1, 0, 2
70, 4, 1, 0, 2
70, 4, 1, 0, 2
70, 4, 1, 0, 2
71, 4, 1, 0, 2
71, 4, 1, 0, 2
71, 4, 1, 0, 2
71, 4, 1, 0, 2
72, 4, 1, 0, 2
72, 4, 1, 0, 2
72, 4, 1, 0, 2
72, 4, 1, 0, 2
73, 4, 1, 0, 2
73, 4, 1, 0, 2
73, 4, 1, 0, 2
73, 4, 1, 0, 2
74, 3, 1, 0, 2
74, 3, 1, 0, 2
74, 3, 1, 0, 2
75, 4, 1, 0, 2
75, 4, 1, 0, 2
75, 4, 1, 0, 2
75, 4, 1, 0, 2
76, 4, 1, 0, 2
76, 4, 1, 0, 2
76, 4, 1, 0, 2
76, 4, 1, 0, 2
77, 4, 1, 0, 2
77, 4, 1, 0, 2
77, 4, 1, 0, 2
77, 4, 1, 0, 2
78, 4, 1, 0, 2
78, 4, 1, 0, 2
78, 4, 1, 0, 2
78, 4, 1, 0, 2
79, 4, 1, 0, 2
79, 4, 1, 0, 2
79, 4, 1, 0, 2
79, 4, 1, 0, 2
80, 4, 1, 0, 2
80, 4, 1, 0, 2
80, 4, 1, 0, 2
80, 4, 1, 0, 2
81, 4, 1, 0, 2
81, 4, 1, 0, 2
81, 4, 1, 0, 2
81, 4, 1, 0, 2
82, 4, 1, 0, 2
82, 4, 1, 0, 2
82, 4, 1, 0, 2
82, 4, 1, 0, 2
83, 3, 1, 0, 2
83, 3, 1, 0, 2
83, 3, 1, 0, 2
84, 4, 1, 0, 2
84, 4, 1, 0, 2
84, 4, 1, 0, 2
84, 4, 1, 0, 2
85, 4, 1, 0, 2
85, 4, 1, 0, 2
85, 4, 1, 0, 2
85, 4, 1, 0, 2
86, 4, 1, 0, 2
86, 4, 1, 0, 2
86, 4, 1, 0, 2
86, 4, 1, 0, 2
87, 4, 1, 0, 2
87, 4, 1, 0, 2
87, 4, 1, 0, 2
87, 4, 1, 0, 2
88, 4, 1, 0, 2
88, 4, 1, 0, 2
88, 4, 1, 0, 2
88, 4, 1, 0, 2
89, 3, 1, 0, 2
89, 3, 1, 0, 2
89, 3, 1, 0, 2
90, 4, 1, 0, 2
90, 4, 1, 0, 2
90, 4, 1, 0, 2
90, 4, 1, 0, 2
91, 4, 1, 0, 2
91, 4, 1, 0, 2
91, 4, 1, 0, 2
91, 4, 1, 0, 2
92, 4, 1, 0, 2
92, 4, 1, 0, 2
92, 4, 1, 0, 2
92, 4, 1, 0, 2
93, 4, 1, 0, 2
93, 4, 1, 0, 2
93, 4, 1, 0, 2
93, 4, 1, 0, 2
94, 4, 1, 0, 2
94, 4, 1, 0, 2
94, 4, 1, 0, 2
94, 4, 1, 0, 2
95, 4, 1, 0, 2
95, 4, 1, 0, 2
95, 4, 1, 0, 2
95, 4, 1, 0, 2
96, 4, 1, 0, 2
96, 4, 1, 0, 2
96, 4, 1, 0, 2
96, 4, 1, 0, 2
97, 4, 1, 0, 2
97, 4, 1, 0, 2
97, 4, 1, 0, 2
97, 4, 1, 0, 2
98, 3, 1, 0, 2
98, 3, 1, 0, 2
98, 3, 1, 0, 2
99, 4, 1, 0, 2
99, 4, 1, 0, 2
99, 4, 1, 0, 2
99, 4, 1, 0, 2
100, 4, 1, 0, 2
100, 4, 1, 0, 2
100, 4, 1, 0, 2
100, 4, 1, 0, 2
101, 4, 1, 0, 2
101, 4, 1, 0, 2
101, 4, 1, 0, 2
101, 4, 1, 0, 2
102, 4, 1, 0, 2
102, 4, 1, 0, 2
102, 4, 1, 0, 2
102, 4, 1, 0, 2
103, 4, 1, 0, 2
103, 4, 1, 0, 2
103, 4, 1, 0, 2
103, 4, 1, 0, 2
104, 3, 1, 0, 2
104, 3, 1, 0, 2
104, 3, 1, 0, 2
105, 4, 1, 0, 2
105, 4, 1, 0, 2
105, 4, 1, 0, 2
105, 4, 1, 0, 2
106, 4, 1, 0, 2
106, 4, 1, 0, 2
106, 4, 1, 0, 2
106, 4, 1, 0, 2
107, 4, 1, 0, 2
107, 4, 1, 0, 2
107, 4, 1, 0, 2
107, 4, 1, 0, 2
108, 4, 1, 0, 2
108, 4, 1, 0, 2
108, 4, 1, 0, 2
108, 4, 1, 0, 2
109, 4, 1, 0, 2
109, 4, 1, 0, 2
109, 4, 1, 0, 2
109, 4, 1, 0, 2
110, 4, 1, 0, 2
110, 4, 1, 0, 2
110, 4, 1, 0, 2
110, 4, 1, 0, 2
111, 4, 1, 0, 2
111, 4, 1, 0, 2
111, 4, 1, 0, 2
111, 4, 1, 0, 2
112, 4, 1, 0, 2
112, 4, 1, 0, 2
112, 4, 1, 0, 2
112, 4, 1, 0, 2
113, 3, 1, 0, 2
113, 3, 1, 0, 2
113, 3, 1, 0, 2
114, 4, 1, 0, 2
114, 4, 1, 0, 2
114, 4, 1, 0, 2
114, 4, 1, 0, 2
115, 4, 1, 0, 2
115, 4, 1, 0, 2
115, 4, 1, 0, 2
115, 4, 1, 0, 2
116, 4, 1, 0, 2
116, 4, 1, 0, 2
116, 4, 1, 0, 2
116, 4, 1, 0, 2
117, 4, 1, 0, 2
117, 4, 1, 0, 2
117, 4, 1, 0, 2
117, 4, 1, 0, 2
118, 4, 1, 0, 2
118, 4, 1, 0, 2
118, 4, 1, 0, 2
118, 4, 1, 0, 2
119, 3, 1, 0, 2
119, 3, 1, 0, 2
119, 3, 1, 0, 2
120, 3, 1, 0, 2
120, 3, 1, 0, 2
120, 3, 1, 0, 2
121, 3, 1, 0, 2
121, 3, 1, 0, 2
121, 3, 1, 0, 2
122, 3, 1, 0, 2
122, 3, 1, 0, 2
122, 3, 1, 0, 2
123, 3, 1, 0, 2
123, 3, 1, 0, 2
123, 3, 1, 0, 2
124, 3, 1, 0, 2
124, 3, 1, 0, 2
124, 3, 1, 0, 2
125, 3, 1, 0, 2
125, 3, 1, 0, 2
125, 3, 1, 0, 2
126, 3, 1, 0, 2
126, 3, 1, 0, 2
126, 3, 1, 0, 2
127, 3, 1, 0, 2
127, 3, 1, 0, 2
127, 3, 1, 0, 2
128, 2, 1, 0, 2
128, 2, 1, 0, 2
129, 3, 1, 0, 2
129, 3, 1, 0, 2
129, 3, 1, 0, 2
130, 3, 1, 0, 2
130, 3, 1, 0, 2
130, 3, 1, 0, 2
131, 3, 1, 0, 2
131, 3, 1, 0, 2
131, 3, 1, 0, 2
132, 3, 1, 0, 2
132, 3, 1, 0, 2
132, 3, 1, 0, 2
133, 3, 1, 0, 2
133, 3, 1, 0, 2
133, 3, 1, 0, 2
134, 2, 1, 0, 2
134, 2, 1, 0, 2
135, 4, 1, 0, 2
135, 4, 1, 0, 2
135, 4, 1, 0, 2
135, 4, 1, 0, 2
136, 4, 1, 0, 2
136, 4, 1, 0, 2
136, 4, 1, 0, 2
136, 4, 1, 0, 2
137, 4, 1, 0, 2
137, 4, 1, 0, 2
137, 4, 1, 0, 2
137, 4, 1, 0, 2
138, 4, 1, 0, 2
138, 4, 1, 0, 2
138, 4, 1, 0, 2
138, 4, 1, 0, 2
139, 4, 1, 0, 2
139, 4, 1, 0, 2
139, 4, 1, 0, 2
139, 4, 1, 0, 2
140, 4, 1, 0, 2
140, 4, 1, 0, 2
140, 4, 1, 0, 2
140, 4, 1, 0, 2
141, 4, 1, 0, 2
141, 4, 1, 0, 2
141, 4, 1, 0, 2
141, 4, 1, 0, 2
142, 4, 1, 0, 2
142, 4, 1, 0, 2
142, 4, 1, 0, 2
142, 4, 1, 0, 2
143, 3, 1, 0, 2
143, 3, 1, 0, 2
143, 3, 1, 0, 2
144, 4, 1, 0, 2
144, 4, 1, 0, 2
144, 4, 1, 0, 2
144, 4, 1, 0, 2
145, 4, 1, 0, 2
145, 4, 1, 0, 2
145, 4, 1, 0, 2
145, 4, 1, 0, 2
146, 4, 1, 0, 2
146, 4, 1, 0, 2
146, 4, 1, 0, 2
146, 4, 1, 0, 2
147, 4, 1, 0, 2
147, 4, 1, 0, 2
147, 4, 1, 0, 2
147, 4, 1, 0, 2
148, 4, 1, 0, 2
148, 4, 1, 0, 2
148, 4, 1, 0, 2
148, 4, 1, 0, 2
149, 3, 1, 0, 2
149, 3, 1, 0, 2
149, 3, 1, 0, 2
150, 4, 1, 0, 2
150, 4, 1, 0, 2
150, 4, 1, 0, 2
150, 4, 1, 0, 2
151, 4, 1, 0, 2
151, 4, 1, 0, 2
151, 4, 1, 0, 2
151, 4, 1, 0, 2
152, 4, 1, 0, 2
152, 4, 1, 0, 2
152, 4, 1, 0, 2
152, 4, 1, 0, 2
153, 4, 1, 0, 2
153, 4, 1, 0, 2
153, 4, 1, 0, 2
153, 4, 1, 0, 2
154, 4, 1, 0, 2
154, 4, 1, 0, 2
154, 4, 1, 0, 2
154, 4, 1, 0, 2
155, 4, 1, 0, 2
155, 4, 1, 0, 2
155, 4, 1, 0, 2
155, 4, 1, 0, 2
156, 4, 1, 0, 2
156, 4, 1, 0, 2
156, 4, 1, 0, 2
156, 4, 1, 0, 2
157, 4, 1, 0, 2
157, 4, 1, 0, 2
157, 4, 1, 0, 2
157, 4, 1, 0, 2
158, 3, 1, 0, 2
158, 3, 1, 0, 2
158, 3, 1, 0, 2
159, 4, 1, 0, 2
159, 4, 1, 0, 2
159, 4, 1, 0, 2
159, 4, 1, 0, 2
160, 4, 1, 0, 2
160, 4, 1, 0, 2
160, 4, 1, 0, 2
160, 4, 1, 0, 2
161, 4, 1, 0, 2
161, 4, 1, 0, 2
161, 4, 1, 0, 2
161, 4, 1, 0, 2
162, 4, 1, 0, 2
162, 4, 1, 0, 2
162, 4, 1, 0, 2
162, 4, 1, 0, 2
163, 4, 1, 0, 2
163, 4, 1, 0, 2
163, 4, 1, 0, 2
163, 4, 1, 0, 2
164, 3, 1, 0, 2
164, 3, 1, 0, 2
164, 3, 1, 0, 2
165, 4, 1, 0, 2
165, 4, 1, 0, 2
165, 4, 1, 0, 2
165, 4, 1, 0, 2
166, 4, 1, 0, 2
166, 4, 1, 0, 2
166, 4, 1, 0, 2
166, 4, 1, 0, 2
167, 4, 1, 0, 2
167, 4, 1, 0, 2
167, 4, 1, 0, 2
167, 4, 1, 0, 2
168, 4, 1, 0, 2
168, 4, 1, 0, 2
168, 4, 1, 0, 2
168, 4, 1, 0, 2
169, 4, 1, 0, 2
169, 4, 1, 0, 2
169, 4, 1, 0, 2
169, 4, 1, 0, 2
170, 4, 1, 0, 2
170, 4, 1, 0, 2
170, 4, 1, 0, 2
170, 4, 1, 0, 2
171, 4, 1, 0, 2
171, 4, 1, 0, 2
171, 4, 1, 0, 2
171, 4, 1, 0, 2
172, 4, 1, 0, 2
172, 4, 1, 0, 2
172, 4, 1, 0, 2
172, 4, 1, 0, 2
173, 3, 1, 0, 2
173, 3, 1, 0, 2
173, 3, 1, 0, 2
174, 4, 1, 0, 2
174, 4, 1, 0, 2
174, 4, 1, 0, 2
174, 4, 1, 0, 2
175, 4, 1, 0, 2
175, 4, 1, 0, 2
175, 4, 1, 0, 2
175, 4, 1, 0, 2
176, 4, 1, 0, 2
176, 4, 1, 0, 2
176, 4, 1, 0, 2
176, 4, 1, 0, 2
177, 4, 1, 0, 2
177, 4, 1, 0, 2
177, 4, 1, 0, 2
177, 4, 1, 0, 2
178, 4, 1, 0, 2
178, 4, 1, 0, 2
178, 4, 1, 0, 2
178, 4, 1, 0, 2
179, 3, 1, 0, 2
179, 3, 1, 0, 2
179, 3, 1, 0, 2
180, 4, 1, 0, 2
180, 4, 1, 0, 2
180, 4, 1, 0, 2
180, 4, 1, 0, 2
181, 4, 1, 0, 2
181, 4, 1, 0, 2
181, 4, 1, 0, 2
181, 4, 1, 0, 2
182, 4, 1, 0, 2
182, 4, 1, 0, 2
182, 4, 1, 0, 2
182, 4, 1, 0, 2
183, 4, 1, 0, 2
183, 4, 1, 0, 2
183, 4, 1, 0, 2
183, 4, 1, 0, 2
184, 4, 1, 0, 2
184, 4, 1, 0, 2
184, 4, 1, 0, 2
184, 4, 1, 0, 2
185, 4, 1, 0, 2
185, 4, 1, 0, 2
185, 4, 1, 0, 2
185, 4, 1, 0, 2
186, 4, 1, 0, 2
186, 4, 1, 0, 2
186, 4, 1, 0, 2
186, 4, 1, 0, 2
187, 4, 1, 0, 2
187, 4, 1, 0, 2
187, 4, 1, 0, 2
187, 4, 1, 0, 2
188, 3, 1, 0, 2
188, 3, 1, 0, 2
188, 3, 1, 0, 2
189, 4, 1, 0, 2
189, 4, 1, 0, 2
189, 4, 1, 0, 2
189, 4, 1, 0, 2
190, 4, 1, 0, 2
190, 4, 1, 0, 2
190, 4, 1, 0, 2
190, 4, 1, 0, 2
191, 4, 1, 0, 2
191, 4, 1, 0, 2
191, 4, 1, 0, 2
191, 4, 1, 0, 2
192, 4, 1, 0, 2
192, 4, 1, 0, 2
192, 4, 1, 0, 2
192, 4, 1, 0, 2
193, 4, 1, 0, 2
193, 4, 1, 0, 2
193, 4, 1, 0, 2
193, 4, 1, 0, 2
194, 3, 1, 0, 2
194, 3, 1, 0, 2
194, 3, 1, 0, 2
195, 4, 1, 0, 2
195, 4, 1, 0, 2
195, 4, 1, 0, 2
195, 4, 1, 0, 2
196, 4, 1, 0, 2
196, 4, 1, 0, 2
196, 4, 1, 0, 2
196, 4, 1, 0, 2
197, 4, 1, 0, 2
197, 4, 1, 0, 2
197, 4, 1, 0, 2
197, 4, 1, 0, 2
198, 4, 1, 0, 2
198, 4, 1, 0, 2
198, 4, 1, 0, 2
198, 4, 1, 0, 2
199, 4, 1, 0, 2
199, 4, 1, 0, 2
199, 4, 1, 0, 2
199, 4, 1, 0, 2
200, 4, 1, 0, 2
200, 4, 1, 0, 2
200, 4, 1, 0, 2
200, 4, 1, 0, 2
201, 4, 1, 0, 2
201, 4, 1, 0, 2
201, 4, 1, 0, 2
201, 4, 1, 0, 2
202, 4, 1, 0, 2
202, 4, 1, 0, 2
202, 4, 1, 0, 2
202, 4, 1, 0, 2
203, 3, 1, 0, 2
203, 3, 1, 0, 2
203, 3, 1, 0, 2
204, 4, 1, 0, 2
204, 4, 1, 0, 2
204, 4, 1, 0, 2
204, 4, 1, 0, 2
205, 4, 1, 0, 2
205, 4, 1, 0, 2
205, 4, 1, 0, 2
205, 4, 1, 0, 2
206, 4, 1, 0, 2
206, 4, 1, 0, 2
206, 4, 1, 0, 2
206, 4, 1, 0, 2
207, 4, 1, 0, 2
207, 4, 1, 0, 2
207, 4, 1, 0, 2
207, 4, 1, 0, 2
208, 4, 1, 0, 2
208, 4, 1, 0, 2
208, 4, 1, 0, 2
208, 4, 1, 0, 2
209, 3, 1, 0, 2
209, 3, 1, 0, 2
209, 3, 1, 0, 2
210, 3, 1, 0, 2
210, 3, 1, 0, 2
210, 3, 1, 0, 2
211, 3, 1, 0, 2
211, 3, 1, 0, 2
211, 3, 1, 0, 2
212, 3, 1, 0, 2
212, 3, 1, 0, 2
212, 3, 1, 0, 2
213, 3, 1, 0, 2
213, 3, 1, 0, 2
213, 3, 1, 0, 2
214, 3, 1, 0, 2
214, 3, 1, 0, 2
214, 3, 1, 0, 2
215, 3, 1, 0, 2
215, 3, 1, 0, 2
215, 3, 1, 0, 2
216, 3, 1, 0, 2
216, 3, 1, 0, 2
216, 3, 1, 0, 2
217, 3, 1, 0, 2
217, 3, 1, 0, 2
217, 3, 1, 0, 2
218, 2, 1, 0, 2
218, 2, 1, 0, 2
219, 3, 1, 0, 2
219, 3, 1, 0, 2
219, 3, 1, 0, 2
220, 3, 1, 0, 2
220, 3, 1, 0, 2
220, 3, 1, 0, 2
221, 3, 1, 0, 2
221, 3, 1, 0, 2
221, 3, 1, 0, 2
222, 3, 1, 0, 2
222, 3, 1, 0, 2
222, 3, 1, 0, 2
223, 3, 1, 0, 2
223, 3, 1, 0, 2
223, 3, 1, 0, 2
224, 2, 1, 0, 2
224, 2, 1, 0, 2
Goal
1
2
3
4
5
6
7
8
9
10
11
12
13
14
15
16
17
18
19
20
21
22
23
24
25
26
27
28
29
30
31
32
33
34
35
36
37
38
39
40
41
42
43
44
45
46
47
48
49
50
51
52
53
54
55
56
57
58
59
60
61
62
63
64
65
66
67
68
69
70
71
72
73
74
75
76
77
78
79
80
81
82
83
84
85
86
87
88
89
90
91
92
93
94
95
96
97
98
99
100
101
102
103
104
105
106
107
108
109
110
111
112
113
114
115
116
117
118
119
120
121
122
123
124
125
126
127
128
129
130
131
132
133
134
135
136
137
138
139
140
141
142
143
144
145
146
147
148
149
150
151
152
153
154
155
156
157
158
159
160
161
162
163
164
165
166
167
168
169
170
171
172
173
174
175
176
177
178
179
180
181
182
183
184
185
186
187
188
189
190
191
192
193
194
195
196
197
198
199
200
201
202
203
204
205
206
207
208
209
210
211
212
213
214
215
216
217
218
219
220
221
222
223
224
