CG
68
0, 2, 32, 6
0, 2, 56, 6
1, 2, 39, 8
1, 2, 56, 8
2, 2, 57, 16
2, 2, 64, 16
3, 2, 36, 7
3, 2, 54, 7
4, 2, 53, 15
4, 2, 64, 15
5, 2, 42, 5
5, 2, 56, 5
6, 2, 60, 13
6, 2, 64, 13
7, 2, 28, 4
7, 2, 56, 4
8, 2, 43, 12
8, 2, 64, 12
9, 2, 40, 8
9, 2, 54, 8
10, 2, 41, 8
10, 2, 56, 8
11, 2, 31, 5
11, 2, 56, 5
12, 2, 46, 13
12, 2, 64, 13
13, 2, 63, 15
13, 2, 64, 15
14, 2, 52, 7
14, 2, 54, 7
15, 2, 37, 4
15, 2, 54, 4
16, 2, 59, 12
16, 2, 64, 12
17, 2, 35, 4
17, 2, 56, 4
18, 2, 29, 4
18, 2, 56, 4
19, 2, 44, 12
19, 2, 64, 12
20, 2, 62, 14
20, 2, 64, 14
21, 2, 47, 6
21, 2, 56, 6
22, 2, 51, 7
22, 2, 56, 7
23, 2, 61, 15
23, 2, 64, 15
24, 2, 49, 7
24, 2, 54, 7
25, 2, 33, 6
25, 2, 54, 6
26, 6, 44, 12
26, 6, 49, 7
26, 6, 37, 8
26, 6, 45, 5
26, 6, 64, 12
26, 6, 54, 32
27, 5, 43, 12
27, 5, 49, 7
27, 5, 45, 5
27, 5, 64, 12
27, 5, 54, 24
28, 6, 43, 12
28, 6, 51, 7
28, 6, 42, 5
28, 6, 7, 1
28, 6, 64, 12
28, 6, 56, 24
29, 7, 44, 12
29, 7, 51, 7
29, 7, 35, 8
29, 7, 42, 5
29, 7, 18, 1
29, 7, 64, 12
29, 7, 56, 32
30, 5, 46, 13
30, 5, 52, 7
30, 5, 45, 5
30, 5, 64, 13
30, 5, 54, 27
31, 6, 46, 13
31, 6, 55, 7
31, 6, 42, 5
31, 6, 11, 1
31, 6, 64, 13
31, 6, 56, 27
32, 5, 48, 14
32, 5, 51, 21
32, 5, 0, 1
32, 5, 64, 14
32, 5, 56, 39
33, 5, 48, 14
33, 5, 49, 21
33, 5, 25, 1
33, 5, 64, 14
33, 5, 54, 39
34, 5, 53, 15
34, 5, 35, 8
34, 5, 55, 7
34, 5, 64, 15
34, 5, 56, 36
35, 7, 59, 12
35, 7, 47, 18
35, 7, 55, 21
35, 7, 42, 20
35, 7, 17, 1
35, 7, 64, 12
35, 7, 56, 79
36, 6, 53, 15
36, 6, 37, 8
36, 6, 52, 7
36, 6, 3, 1
36, 6, 64, 15
36, 6, 54, 36
37, 7, 59, 12
37, 7, 50, 18
37, 7, 52, 21
37, 7, 45, 20
37, 7, 15, 1
37, 7, 64, 12
37, 7, 54, 79
38, 4, 57, 16
38, 4, 49, 7
38, 4, 64, 16
38, 4, 54, 31
39, 5, 57, 16
39, 5, 51, 7
39, 5, 1, 1
39, 5, 64, 16
39, 5, 56, 31
40, 7, 58, 16
40, 7, 49, 14
40, 7, 50, 6
40, 7, 52, 7
40, 7, 9, 1
40, 7, 64, 16
40, 7, 54, 51
41, 7, 58, 16
41, 7, 51, 14
41, 7, 47, 6
41, 7, 55, 7
41, 7, 10, 1
41, 7, 64, 16
41, 7, 56, 51
42, 4, 60, 13
42, 4, 5, 1
42, 4, 64, 13
42, 4, 56, 35
43, 8, 27, 4
43, 8, 28, 4
43, 8, 61, 15
43, 8, 60, 13
43, 8, 8, 1
43, 8, 64, 76
43, 8, 54, 4
43, 8, 56, 4
44, 9, 26, 4
44, 9, 29, 4
44, 9, 61, 15
44, 9, 59, 24
44, 9, 60, 13
44, 9, 19, 1
44, 9, 64, 100
44, 9, 54, 4
44, 9, 56, 4
45, 4, 60, 13
45, 4, 65, 1
45, 4, 64, 13
45, 4, 54, 35
46, 8, 30, 5
46, 8, 31, 5
46, 8, 63, 15
46, 8, 60, 13
46, 8, 12, 1
46, 8, 64, 80
46, 8, 54, 5
46, 8, 56, 5
47, 4, 62, 14
47, 4, 21, 1
47, 4, 64, 14
47, 4, 56, 36
48, 6, 33, 6
48, 6, 32, 6
48, 6, 61, 45
48, 6, 64, 101
48, 6, 54, 6
48, 6, 56, 6
49, 7, 61, 15
49, 7, 50, 12
49, 7, 52, 14
49, 7, 45, 5
49, 7, 24, 1
49, 7, 64, 15
49, 7, 54, 80
50, 4, 62, 14
50, 4, 66, 1
50, 4, 64, 14
50, 4, 54, 36
51, 7, 61, 15
51, 7, 47, 12
51, 7, 55, 14
51, 7, 42, 5
51, 7, 22, 1
51, 7, 64, 15
51, 7, 56, 80
52, 4, 63, 15
52, 4, 14, 1
52, 4, 64, 15
52, 4, 54, 49
53, 8, 36, 7
53, 8, 34, 7
53, 8, 59, 24
53, 8, 63, 15
53, 8, 4, 1
53, 8, 64, 99
53, 8, 54, 7
53, 8, 56, 7
54, 12, 33, 18
54, 12, 26, 12
54, 12, 38, 24
54, 12, 36, 21
54, 12, 27, 12
54, 12, 40, 24
54, 12, 30, 15
54, 12, 49, 49
54, 12, 37, 20
54, 12, 50, 36
54, 12, 52, 49
54, 12, 45, 35
55, 4, 63, 15
55, 4, 67, 1
55, 4, 64, 15
55, 4, 56, 49
56, 12, 32, 18
56, 12, 29, 12
56, 12, 39, 24
56, 12, 34, 21
56, 12, 28, 12
56, 12, 41, 24
56, 12, 31, 15
56, 12, 51, 49
56, 12, 35, 20
56, 12, 47, 36
56, 12, 55, 49
56, 12, 42, 35
57, 7, 38, 8
57, 7, 39, 8
57, 7, 61, 15
57, 7, 2, 1
57, 7, 64, 79
57, 7, 54, 8
57, 7, 56, 8
58, 8, 40, 8
58, 8, 41, 8
58, 8, 61, 30
58, 8, 62, 14
58, 8, 63, 15
58, 8, 64, 123
58, 8, 54, 8
58, 8, 56, 8
59, 9, 37, 4
59, 9, 35, 4
59, 9, 62, 42
59, 9, 63, 45
59, 9, 60, 52
59, 9, 16, 1
59, 9, 64, 211
59, 9, 54, 4
59, 9, 56, 4
60, 6, 45, 5
60, 6, 42, 5
60, 6, 6, 1
60, 6, 64, 104
60, 6, 54, 5
60, 6, 56, 5
61, 9, 49, 7
61, 9, 51, 7
61, 9, 62, 28
61, 9, 63, 30
61, 9, 60, 13
61, 9, 23, 1
61, 9, 64, 191
61, 9, 54, 7
61, 9, 56, 7
62, 6, 50, 6
62, 6, 47, 6
62, 6, 20, 1
62, 6, 64, 98
62, 6, 54, 6
62, 6, 56, 6
63, 6, 52, 7
63, 6, 55, 7
63, 6, 13, 1
63, 6, 64, 120
63, 6, 54, 7
63, 6, 56, 7
64, 12, 48, 56
64, 12, 44, 48
64, 12, 57, 64
64, 12, 53, 60
64, 12, 43, 48
64, 12, 58, 64
64, 12, 46, 52
64, 12, 61, 120
64, 12, 59, 72
64, 12, 62, 98
64, 12, 63, 120
64, 12, 60, 104
65, 2, 45, 5
65, 2, 54, 5
66, 2, 50, 6
66, 2, 54, 6
67, 2, 55, 7
67, 2, 56, 7
DTG
0, 1, 1, 0, 2
1, 1, 1, 0, 2
2, 1, 1, 0, 2
3, 1, 1, 0, 2
4, 1, 1, 0, 2
5, 1, 1, 0, 2
6, 1, 1, 0, 2
7, 1, 1, 0, 2
8, 1, 1, 0, 2
9, 1, 1, 0, 2
10, 1, 1, 0, 2
11, 1, 1, 0, 2
12, 1, 1, 0, 2
13, 1, 1, 0, 2
14, 1, 1, 0, 2
15, 1, 1, 0, 2
16, 1, 1, 0, 2
17, 1, 1, 0, 2
18, 1, 1, 0, 2
19, 1, 1, 0, 2
20, 1, 1, 0, 2
21, 1, 1, 0, 2
22, 1, 1, 0, 2
23, 1, 1, 0, 2
24, 1, 1, 0, 2
25, 1, 1, 0, 2
26, 4, 0, 1, 2
26, 4, 0, 1, 2
26, 4, 0, 1, 2
26, 4, 0, 1, 2
26, 4, 1, 0, 2
26, 4, 1, 0, 2
26, 4, 1, 0, 2
26, 4, 1, 0, 2
27, 4, 0, 1, 2
27, 4, 0, 1, 2
27, 4, 0, 1, 2
27, 4, 0, 1, 2
27, 4, 1, 0, 2
27, 4, 1, 0, 2
27, 4, 1, 0, 2
27, 4, 1, 0, 2
28, 4, 0, 1, 2
28, 4, 0, 1, 2
28, 4, 0, 1, 2
28, 4, 0, 1, 2
28, 8, 1, 0, 3
28, 8, 1, 0, 3
28, 8, 1, 0, 3
28, 8, 1, 0, 3
28, 8, 1, 0, 3
28, 8, 1, 0, 3
28, 8, 1, 0, 3
28, 8, 1, 0, 3
29, 4, 0, 1, 2
29, 4, 0, 1, 2
29, 4, 0, 1, 2
29, 4, 0, 1, 2
29, 8, 1, 0, 3
29, 8, 1, 0, 3
29, 8, 1, 0, 3
29, 8, 1, 0, 3
29, 8, 1, 0, 3
29, 8, 1, 0, 3
29, 8, 1, 0, 3
29, 8, 1, 0, 3
30, 5, 0, 1, 2
30, 5, 0, 1, 2
30, 5, 0, 1, 2
30, 5, 0, 1, 2
30, 5, 0, 1, 2
30, 5, 1, 0, 2
30, 5, 1, 0, 2
30, 5, 1, 0, 2
30, 5, 1, 0, 2
30, 5, 1, 0, 2
31, 5, 0, 1, 2
31, 5, 0, 1, 2
31, 5, 0, 1, 2
31, 5, 0, 1, 2
31, 5, 0, 1, 2
31, 10, 1, 0, 3
31, 10, 1, 0, 3
31, 10, 1, 0, 3
31, 10, 1, 0, 3
31, 10, 1, 0, 3
31, 10, 1, 0, 3
31, 10, 1, 0, 3
31, 10, 1, 0, 3
31, 10, 1, 0, 3
31, 10, 1, 0, 3
32, 6, 0, 1, 2
32, 6, 0, 1, 2
32, 6, 0, 1, 2
32, 6, 0, 1, 2
32, 6, 0, 1, 2
32, 6, 0, 1, 2
32, 12, 1, 0, 3
32, 12, 1, 0, 3
32, 12, 1, 0, 3
32, 12, 1, 0, 3
32, 12, 1, 0, 3
32, 12, 1, 0, 3
32, 12, 1, 0, 3
32, 12, 1, 0, 3
32, 12, 1, 0, 3
32, 12, 1, 0, 3
32, 12, 1, 0, 3
32, 12, 1, 0, 3
33, 6, 0, 1, 2
33, 6, 0, 1, 2
33, 6, 0, 1, 2
33, 6, 0, 1, 2
33, 6, 0, 1, 2
33, 6, 0, 1, 2
33, 12, 1, 0, 3
33, 12, 1, 0, 3
33, 12, 1, 0, 3
33, 12, 1, 0, 3
33, 12, 1, 0, 3
33, 12, 1, 0, 3
33, 12, 1, 0, 3
33, 12, 1, 0, 3
33, 12, 1, 0, 3
33, 12, 1, 0, 3
33, 12, 1, 0, 3
33, 12, 1, 0, 3
34, 7, 0, 1, 2
34, 7, 0, 1, 2
34, 7, 0, 1, 2
34, 7, 0, 1, 2
34, 7, 0, 1, 2
34, 7, 0, 1, 2
34, 7, 0, 1, 2
34, 7, 1, 0, 2
34, 7, 1, 0, 2
34, 7, 1, 0, 2
34, 7, 1, 0, 2
34, 7, 1, 0, 2
34, 7, 1, 0, 2
34, 7, 1, 0, 2
35, 4, 0, 1, 2
35, 4, 0, 1, 2
35, 4, 0, 1, 2
35, 4, 0, 1, 2
35, 12, 1, 0, 3
35, 12, 1, 0, 3
35, 12, 1, 0, 3
35, 12, 1, 0, 3
35, 12, 1, 0, 3
35, 12, 1, 0, 3
35, 12, 1, 0, 3
35, 12, 1, 0, 3
35, 12, 1, 0, 4
35, 12, 1, 0, 4
35, 12, 1, 0, 4
35, 12, 1, 0, 4
36, 7, 0, 1, 2
36, 7, 0, 1, 2
36, 7, 0, 1, 2
36, 7, 0, 1, 2
36, 7, 0, 1, 2
36, 7, 0, 1, 2
36, 7, 0, 1, 2
36, 14, 1, 0, 3
36, 14, 1, 0, 3
36, 14, 1, 0, 3
36, 14, 1, 0, 3
36, 14, 1, 0, 3
36, 14, 1, 0, 3
36, 14, 1, 0, 3
36, 14, 1, 0, 3
36, 14, 1, 0, 3
36, 14, 1, 0, 3
36, 14, 1, 0, 3
36, 14, 1, 0, 3
36, 14, 1, 0, 3
36, 14, 1, 0, 3
37, 4, 0, 1, 2
37, 4, 0, 1, 2
37, 4, 0, 1, 2
37, 4, 0, 1, 2
37, 12, 1, 0, 3
37, 12, 1, 0, 3
37, 12, 1, 0, 3
37, 12, 1, 0, 3
37, 12, 1, 0, 3
37, 12, 1, 0, 3
37, 12, 1, 0, 3
37, 12, 1, 0, 3
37, 12, 1, 0, 4
37, 12, 1, 0, 4
37, 12, 1, 0, 4
37, 12, 1, 0, 4
38, 8, 0, 1, 2
38, 8, 0, 1, 2
38, 8, 0, 1, 2
38, 8, 0, 1, 2
38, 8, 0, 1, 2
38, 8, 0, 1, 2
38, 8, 0, 1, 2
38, 8, 0, 1, 2
38, 8, 1, 0, 2
38, 8, 1, 0, 2
38, 8, 1, 0, 2
38, 8, 1, 0, 2
38, 8, 1, 0, 2
38, 8, 1, 0, 2
38, 8, 1, 0, 2
38, 8, 1, 0, 2
39, 8, 0, 1, 2
39, 8, 0, 1, 2
39, 8, 0, 1, 2
39, 8, 0, 1, 2
39, 8, 0, 1, 2
39, 8, 0, 1, 2
39, 8, 0, 1, 2
39, 8, 0, 1, 2
39, 16, 1, 0, 3
39, 16, 1, 0, 3
39, 16, 1, 0, 3
39, 16, 1, 0, 3
39, 16, 1, 0, 3
39, 16, 1, 0, 3
39, 16, 1, 0, 3
39, 16, 1, 0, 3
39, 16, 1, 0, 3
39, 16, 1, 0, 3
39, 16, 1, 0, 3
39, 16, 1, 0, 3
39, 16, 1, 0, 3
39, 16, 1, 0, 3
39, 16, 1, 0, 3
39, 16, 1, 0, 3
40, 8, 0, 1, 2
40, 8, 0, 1, 2
40, 8, 0, 1, 2
40, 8, 0, 1, 2
40, 8, 0, 1, 2
40, 8, 0, 1, 2
40, 8, 0, 1, 2
40, 8, 0, 1, 2
40, 16, 1, 0, 3
40, 16, 1, 0, 3
40, 16, 1, 0, 3
40, 16, 1, 0, 3
40, 16, 1, 0, 3
40, 16, 1, 0, 3
40, 16, 1, 0, 3
40, 16, 1, 0, 3
40, 16, 1, 0, 3
40, 16, 1, 0, 3
40, 16, 1, 0, 3
40, 16, 1, 0, 3
40, 16, 1, 0, 3
40, 16, 1, 0, 3
40, 16, 1, 0, 3
40, 16, 1, 0, 3
41, 8, 0, 1, 2
41, 8, 0, 1, 2
41, 8, 0, 1, 2
41, 8, 0, 1, 2
41, 8, 0, 1, 2
41, 8, 0, 1, 2
41, 8, 0, 1, 2
41, 8, 0, 1, 2
41, 16, 1, 0, 3
41, 16, 1, 0, 3
41, 16, 1, 0, 3
41, 16, 1, 0, 3
41, 16, 1, 0, 3
41, 16, 1, 0, 3
41, 16, 1, 0, 3
41, 16, 1, 0, 3
41, 16, 1, 0, 3
41, 16, 1, 0, 3
41, 16, 1, 0, 3
41, 16, 1, 0, 3
41, 16, 1, 0, 3
41, 16, 1, 0, 3
41, 16, 1, 0, 3
41, 16, 1, 0, 3
42, 5, 0, 1, 2
42, 5, 0, 1, 2
42, 5, 0, 1, 2
42, 5, 0, 1, 2
42, 5, 0, 1, 2
42, 30, 1, 0, 3
42, 30, 1, 0, 3
42, 30, 1, 0, 3
42, 30, 1, 0, 3
42, 30, 1, 0, 3
42, 30, 1, 0, 3
42, 30, 1, 0, 3
42, 30, 1, 0, 3
42, 30, 1, 0, 3
42, 30, 1, 0, 3
42, 30, 1, 0, 4
42, 30, 1, 0, 4
42, 30, 1, 0, 4
42, 30, 1, 0, 4
42, 30, 1, 0, 4
42, 30, 1, 0, 4
42, 30, 1, 0, 4
42, 30, 1, 0, 4
42, 30, 1, 0, 4
42, 30, 1, 0, 4
42, 30, 1, 0, 4
42, 30, 1, 0, 4
42, 30, 1, 0, 4
42, 30, 1, 0, 4
42, 30, 1, 0, 4
42, 30, 1, 0, 4
42, 30, 1, 0, 4
42, 30, 1, 0, 4
42, 30, 1, 0, 4
42, 30, 1, 0, 4
43, 12, 0, 1, 2
43, 12, 0, 1, 2
43, 12, 0, 1, 2
43, 12, 0, 1, 2
43, 12, 0, 1, 2
43, 12, 0, 1, 2
43, 12, 0, 1, 2
43, 12, 0, 1, 2
43, 12, 0, 1, 2
43, 12, 0, 1, 2
43, 12, 0, 1, 2
43, 12, 0, 1, 2
43, 36, 1, 0, 3
43, 36, 1, 0, 3
43, 36, 1, 0, 3
43, 36, 1, 0, 3
43, 36, 1, 0, 3
43, 36, 1, 0, 3
43, 36, 1, 0, 3
43, 36, 1, 0, 3
43, 36, 1, 0, 3
43, 36, 1, 0, 3
43, 36, 1, 0, 3
43, 36, 1, 0, 3
43, 36, 1, 0, 3
43, 36, 1, 0, 3
43, 36, 1, 0, 3
43, 36, 1, 0, 3
43, 36, 1, 0, 3
43, 36, 1, 0, 3
43, 36, 1, 0, 3
43, 36, 1, 0, 3
43, 36, 1, 0, 3
43, 36, 1, 0, 3
43, 36, 1, 0, 3
43, 36, 1, 0, 3
43, 36, 1, 0, 3
43, 36, 1, 0, 3
43, 36, 1, 0, 3
43, 36, 1, 0, 3
43, 36, 1, 0, 3
43, 36, 1, 0, 3
43, 36, 1, 0, 3
43, 36, 1, 0, 3
43, 36, 1, 0, 3
43, 36, 1, 0, 3
43, 36, 1, 0, 3
43, 36, 1, 0, 3
44, 12, 0, 1, 2
44, 12, 0, 1, 2
44, 12, 0, 1, 2
44, 12, 0, 1, 2
44, 12, 0, 1, 2
44, 12, 0, 1, 2
44, 12, 0, 1, 2
44, 12, 0, 1, 2
44, 12, 0, 1, 2
44, 12, 0, 1, 2
44, 12, 0, 1, 2
44, 12, 0, 1, 2
44, 36, 1, 0, 3
44, 36, 1, 0, 3
44, 36, 1, 0, 3
44, 36, 1, 0, 3
44, 36, 1, 0, 3
44, 36, 1, 0, 3
44, 36, 1, 0, 3
44, 36, 1, 0, 3
44, 36, 1, 0, 3
44, 36, 1, 0, 3
44, 36, 1, 0, 3
44, 36, 1, 0, 3
44, 36, 1, 0, 3
44, 36, 1, 0, 3
44, 36, 1, 0, 3
44, 36, 1, 0, 3
44, 36, 1, 0, 3
44, 36, 1, 0, 3
44, 36, 1, 0, 3
44, 36, 1, 0, 3
44, 36, 1, 0, 3
44, 36, 1, 0, 3
44, 36, 1, 0, 3
44, 36, 1, 0, 3
44, 36, 1, 0, 3
44, 36, 1, 0, 3
44, 36, 1, 0, 3
44, 36, 1, 0, 3
44, 36, 1, 0, 3
44, 36, 1, 0, 3
44, 36, 1, 0, 3
44, 36, 1, 0, 3
44, 36, 1, 0, 3
44, 36, 1, 0, 3
44, 36, 1, 0, 3
44, 36, 1, 0, 3
45, 5, 0, 1, 2
45, 5, 0, 1, 2
45, 5, 0, 1, 2
45, 5, 0, 1, 2
45, 5, 0, 1, 2
45, 30, 1, 0, 3
45, 30, 1, 0, 3
45, 30, 1, 0, 3
45, 30, 1, 0, 3
45, 30, 1, 0, 3
45, 30, 1, 0, 3
45, 30, 1, 0, 3
45, 30, 1, 0, 3
45, 30, 1, 0, 3
45, 30, 1, 0, 3
45, 30, 1, 0, 4
45, 30, 1, 0, 4
45, 30, 1, 0, 4
45, 30, 1, 0, 4
45, 30, 1, 0, 4
45, 30, 1, 0, 4
45, 30, 1, 0, 4
45, 30, 1, 0, 4
45, 30, 1, 0, 4
45, 30, 1, 0, 4
45, 30, 1, 0, 4
45, 30, 1, 0, 4
45, 30, 1, 0, 4
45, 30, 1, 0, 4
45, 30, 1, 0, 4
45, 30, 1, 0, 4
45, 30, 1, 0, 4
45, 30, 1, 0, 4
45, 30, 1, 0, 4
45, 30, 1, 0, 4
46, 13, 0, 1, 2
46, 13, 0, 1, 2
46, 13, 0, 1, 2
46, 13, 0, 1, 2
46, 13, 0, 1, 2
46, 13, 0, 1, 2
46, 13, 0, 1, 2
46, 13, 0, 1, 2
46, 13, 0, 1, 2
46, 13, 0, 1, 2
46, 13, 0, 1, 2
46, 13, 0, 1, 2
46, 13, 0, 1, 2
46, 39, 1, 0, 3
46, 39, 1, 0, 3
46, 39, 1, 0, 3
46, 39, 1, 0, 3
46, 39, 1, 0, 3
46, 39, 1, 0, 3
46, 39, 1, 0, 3
46, 39, 1, 0, 3
46, 39, 1, 0, 3
46, 39, 1, 0, 3
46, 39, 1, 0, 3
46, 39, 1, 0, 3
46, 39, 1, 0, 3
46, 39, 1, 0, 3
46, 39, 1, 0, 3
46, 39, 1, 0, 3
46, 39, 1, 0, 3
46, 39, 1, 0, 3
46, 39, 1, 0, 3
46, 39, 1, 0, 3
46, 39, 1, 0, 3
46, 39, 1, 0, 3
46, 39, 1, 0, 3
46, 39, 1, 0, 3
46, 39, 1, 0, 3
46, 39, 1, 0, 3
46, 39, 1, 0, 3
46, 39, 1, 0, 3
46, 39, 1, 0, 3
46, 39, 1, 0, 3
46, 39, 1, 0, 3
46, 39, 1, 0, 3
46, 39, 1, 0, 3
46, 39, 1, 0, 3
46, 39, 1, 0, 3
46, 39, 1, 0, 3
46, 39, 1, 0, 3
46, 39, 1, 0, 3
46, 39, 1, 0, 3
47, 6, 0, 1, 2
47, 6, 0, 1, 2
47, 6, 0, 1, 2
47, 6, 0, 1, 2
47, 6, 0, 1, 2
47, 6, 0, 1, 2
47, 24, 1, 0, 3
47, 24, 1, 0, 3
47, 24, 1, 0, 3
47, 24, 1, 0, 3
47, 24, 1, 0, 3
47, 24, 1, 0, 3
47, 24, 1, 0, 3
47, 24, 1, 0, 3
47, 24, 1, 0, 3
47, 24, 1, 0, 3
47, 24, 1, 0, 3
47, 24, 1, 0, 3
47, 24, 1, 0, 4
47, 24, 1, 0, 4
47, 24, 1, 0, 4
47, 24, 1, 0, 4
47, 24, 1, 0, 4
47, 24, 1, 0, 4
47, 24, 1, 0, 4
47, 24, 1, 0, 4
47, 24, 1, 0, 4
47, 24, 1, 0, 4
47, 24, 1, 0, 4
47, 24, 1, 0, 4
48, 14, 0, 1, 2
48, 14, 0, 1, 2
48, 14, 0, 1, 2
48, 14, 0, 1, 2
48, 14, 0, 1, 2
48, 14, 0, 1, 2
48, 14, 0, 1, 2
48, 14, 0, 1, 2
48, 14, 0, 1, 2
48, 14, 0, 1, 2
48, 14, 0, 1, 2
48, 14, 0, 1, 2
48, 14, 0, 1, 2
48, 14, 0, 1, 2
48, 28, 1, 0, 2
48, 28, 1, 0, 2
48, 28, 1, 0, 2
48, 28, 1, 0, 2
48, 28, 1, 0, 2
48, 28, 1, 0, 2
48, 28, 1, 0, 2
48, 28, 1, 0, 2
48, 28, 1, 0, 2
48, 28, 1, 0, 2
48, 28, 1, 0, 2
48, 28, 1, 0, 2
48, 28, 1, 0, 2
48, 28, 1, 0, 2
48, 28, 1, 0, 3
48, 28, 1, 0, 3
48, 28, 1, 0, 3
48, 28, 1, 0, 3
48, 28, 1, 0, 3
48, 28, 1, 0, 3
48, 28, 1, 0, 3
48, 28, 1, 0, 3
48, 28, 1, 0, 3
48, 28, 1, 0, 3
48, 28, 1, 0, 3
48, 28, 1, 0, 3
48, 28, 1, 0, 3
48, 28, 1, 0, 3
49, 7, 0, 1, 2
49, 7, 0, 1, 2
49, 7, 0, 1, 2
49, 7, 0, 1, 2
49, 7, 0, 1, 2
49, 7, 0, 1, 2
49, 7, 0, 1, 2
49, 42, 1, 0, 3
49, 42, 1, 0, 3
49, 42, 1, 0, 3
49, 42, 1, 0, 3
49, 42, 1, 0, 3
49, 42, 1, 0, 3
49, 42, 1, 0, 3
49, 42, 1, 0, 3
49, 42, 1, 0, 3
49, 42, 1, 0, 3
49, 42, 1, 0, 3
49, 42, 1, 0, 3
49, 42, 1, 0, 3
49, 42, 1, 0, 3
49, 42, 1, 0, 4
49, 42, 1, 0, 4
49, 42, 1, 0, 4
49, 42, 1, 0, 4
49, 42, 1, 0, 4
49, 42, 1, 0, 4
49, 42, 1, 0, 4
49, 42, 1, 0, 4
49, 42, 1, 0, 4
49, 42, 1, 0, 4
49, 42, 1, 0, 4
49, 42, 1, 0, 4
49, 42, 1, 0, 4
49, 42, 1, 0, 4
49, 42, 1, 0, 4
49, 42, 1, 0, 4
49, 42, 1, 0, 4
49, 42, 1, 0, 4
49, 42, 1, 0, 4
49, 42, 1, 0, 4
49, 42, 1, 0, 4
49, 42, 1, 0, 4
49, 42, 1, 0, 4
49, 42, 1, 0, 4
49, 42, 1, 0, 4
49, 42, 1, 0, 4
49, 42, 1, 0, 4
49, 42, 1, 0, 4
50, 6, 0, 1, 2
50, 6, 0, 1, 2
50, 6, 0, 1, 2
50, 6, 0, 1, 2
50, 6, 0, 1, 2
50, 6, 0, 1, 2
50, 24, 1, 0, 3
50, 24, 1, 0, 3
50, 24, 1, 0, 3
50, 24, 1, 0, 3
50, 24, 1, 0, 3
50, 24, 1, 0, 3
50, 24, 1, 0, 3
50, 24, 1, 0, 3
50, 24, 1, 0, 3
50, 24, 1, 0, 3
50, 24, 1, 0, 3
50, 24, 1, 0, 3
50, 24, 1, 0, 4
50, 24, 1, 0, 4
50, 24, 1, 0, 4
50, 24, 1, 0, 4
50, 24, 1, 0, 4
50, 24, 1, 0, 4
50, 24, 1, 0, 4
50, 24, 1, 0, 4
50, 24, 1, 0, 4
50, 24, 1, 0, 4
50, 24, 1, 0, 4
50, 24, 1, 0, 4
51, 7, 0, 1, 2
51, 7, 0, 1, 2
51, 7, 0, 1, 2
51, 7, 0, 1, 2
51, 7, 0, 1, 2
51, 7, 0, 1, 2
51, 7, 0, 1, 2
51, 42, 1, 0, 3
51, 42, 1, 0, 3
51, 42, 1, 0, 3
51, 42, 1, 0, 3
51, 42, 1, 0, 3
51, 42, 1, 0, 3
51, 42, 1, 0, 3
51, 42, 1, 0, 3
51, 42, 1, 0, 3
51, 42, 1, 0, 3
51, 42, 1, 0, 3
51, 42, 1, 0, 3
51, 42, 1, 0, 3
51, 42, 1, 0, 3
51, 42, 1, 0, 4
51, 42, 1, 0, 4
51, 42, 1, 0, 4
51, 42, 1, 0, 4
51, 42, 1, 0, 4
51, 42, 1, 0, 4
51, 42, 1, 0, 4
51, 42, 1, 0, 4
51, 42, 1, 0, 4
51, 42, 1, 0, 4
51, 42, 1, 0, 4
51, 42, 1, 0, 4
51, 42, 1, 0, 4
51, 42, 1, 0, 4
51, 42, 1, 0, 4
51, 42, 1, 0, 4
51, 42, 1, 0, 4
51, 42, 1, 0, 4
51, 42, 1, 0, 4
51, 42, 1, 0, 4
51, 42, 1, 0, 4
51, 42, 1, 0, 4
51, 42, 1, 0, 4
51, 42, 1, 0, 4
51, 42, 1, 0, 4
51, 42, 1, 0, 4
51, 42, 1, 0, 4
51, 42, 1, 0, 4
52, 7, 0, 1, 2
52, 7, 0, 1, 2
52, 7, 0, 1, 2
52, 7, 0, 1, 2
52, 7, 0, 1, 2
52, 7, 0, 1, 2
52, 7, 0, 1, 2
52, 42, 1, 0, 3
52, 42, 1, 0, 3
52, 42, 1, 0, 3
52, 42, 1, 0, 3
52, 42, 1, 0, 3
52, 42, 1, 0, 3
52, 42, 1, 0, 3
52, 42, 1, 0, 3
52, 42, 1, 0, 3
52, 42, 1, 0, 3
52, 42, 1, 0, 3
52, 42, 1, 0, 3
52, 42, 1, 0, 3
52, 42, 1, 0, 3
52, 42, 1, 0, 4
52, 42, 1, 0, 4
52, 42, 1, 0, 4
52, 42, 1, 0, 4
52, 42, 1, 0, 4
52, 42, 1, 0, 4
52, 42, 1, 0, 4
52, 42, 1, 0, 4
52, 42, 1, 0, 4
52, 42, 1, 0, 4
52, 42, 1, 0, 4
52, 42, 1, 0, 4
52, 42, 1, 0, 4
52, 42, 1, 0, 4
52, 42, 1, 0, 4
52, 42, 1, 0, 4
52, 42, 1, 0, 4
52, 42, 1, 0, 4
52, 42, 1, 0, 4
52, 42, 1, 0, 4
52, 42, 1, 0, 4
52, 42, 1, 0, 4
52, 42, 1, 0, 4
52, 42, 1, 0, 4
52, 42, 1, 0, 4
52, 42, 1, 0, 4
52, 42, 1, 0, 4
52, 42, 1, 0, 4
53, 15, 0, 1, 2
53, 15, 0, 1, 2
53, 15, 0, 1, 2
53, 15, 0, 1, 2
53, 15, 0, 1, 2
53, 15, 0, 1, 2
53, 15, 0, 1, 2
53, 15, 0, 1, 2
53, 15, 0, 1, 2
53, 15, 0, 1, 2
53, 15, 0, 1, 2
53, 15, 0, 1, 2
53, 15, 0, 1, 2
53, 15, 0, 1, 2
53, 15, 0, 1, 2
53, 45, 1, 0, 3
53, 45, 1, 0, 3
53, 45, 1, 0, 3
53, 45, 1, 0, 3
53, 45, 1, 0, 3
53, 45, 1, 0, 3
53, 45, 1, 0, 3
53, 45, 1, 0, 3
53, 45, 1, 0, 3
53, 45, 1, 0, 3
53, 45, 1, 0, 3
53, 45, 1, 0, 3
53, 45, 1, 0, 3
53, 45, 1, 0, 3
53, 45, 1, 0, 3
53, 45, 1, 0, 3
53, 45, 1, 0, 3
53, 45, 1, 0, 3
53, 45, 1, 0, 3
53, 45, 1, 0, 3
53, 45, 1, 0, 3
53, 45, 1, 0, 3
53, 45, 1, 0, 3
53, 45, 1, 0, 3
53, 45, 1, 0, 3
53, 45, 1, 0, 3
53, 45, 1, 0, 3
53, 45, 1, 0, 3
53, 45, 1, 0, 3
53, 45, 1, 0, 3
53, 45, 1, 0, 3
53, 45, 1, 0, 3
53, 45, 1, 0, 3
53, 45, 1, 0, 3
53, 45, 1, 0, 3
53, 45, 1, 0, 3
53, 45, 1, 0, 3
53, 45, 1, 0, 3
53, 45, 1, 0, 3
53, 45, 1, 0, 3
53, 45, 1, 0, 3
53, 45, 1, 0, 3
53, 45, 1, 0, 3
53, 45, 1, 0, 3
53, 45, 1, 0, 3
54, 35, 0, 1, 2
54, 35, 0, 1, 3
54, 35, 0, 1, 3
54, 35, 0, 2, 3
54, 35, 0, 2, 3
54, 35, 0, 2, 3
54, 35, 0, 2, 3
54, 35, 0, 2, 3
54, 35, 0, 2, 3
54, 35, 0, 2, 4
54, 35, 0, 2, 4
54, 35, 0, 2, 4
54, 35, 0, 2, 4
54, 35, 0, 2, 4
54, 35, 0, 2, 4
54, 35, 0, 2, 4
54, 35, 0, 2, 4
54, 35, 0, 3, 3
54, 35, 0, 3, 3
54, 35, 0, 3, 3
54, 35, 0, 3, 3
54, 35, 0, 3, 4
54, 35, 0, 3, 4
54, 35, 0, 4, 2
54, 35, 0, 4, 3
54, 35, 0, 4, 3
54, 35, 0, 4, 4
54, 35, 0, 4, 4
54, 35, 0, 4, 4
54, 35, 0, 4, 4
54, 35, 0, 5, 2
54, 35, 0, 5, 2
54, 35, 0, 5, 3
54, 35, 0, 5, 3
54, 35, 0, 5, 4
54, 37, 1, 0, 2
54, 37, 1, 0, 2
54, 37, 1, 2, 2
54, 37, 1, 2, 3
54, 37, 1, 2, 3
54, 37, 1, 3, 3
54, 37, 1, 3, 3
54, 37, 1, 3, 3
54, 37, 1, 3, 3
54, 37, 1, 3, 3
54, 37, 1, 3, 3
54, 37, 1, 3, 4
54, 37, 1, 3, 4
54, 37, 1, 3, 4
54, 37, 1, 3, 4
54, 37, 1, 3, 4
54, 37, 1, 3, 4
54, 37, 1, 3, 4
54, 37, 1, 3, 4
54, 37, 1, 4, 3
54, 37, 1, 4, 3
54, 37, 1, 4, 3
54, 37, 1, 4, 3
54, 37, 1, 4, 4
54, 37, 1, 4, 4
54, 37, 1, 5, 2
54, 37, 1, 5, 3
54, 37, 1, 5, 3
54, 37, 1, 5, 4
54, 37, 1, 5, 4
54, 37, 1, 5, 4
54, 37, 1, 5, 4
54, 37, 1, 6, 2
54, 37, 1, 6, 2
54, 37, 1, 6, 3
54, 37, 1, 6, 3
54, 37, 1, 6, 4
54, 40, 2, 0, 2
54, 40, 2, 0, 2
54, 40, 2, 0, 2
54, 40, 2, 1, 2
54, 40, 2, 1, 2
54, 40, 2, 3, 2
54, 40, 2, 3, 3
54, 40, 2, 3, 3
54, 40, 2, 4, 3
54, 40, 2, 4, 3
54, 40, 2, 4, 3
54, 40, 2, 4, 3
54, 40, 2, 4, 3
54, 40, 2, 4, 3
54, 40, 2, 4, 4
54, 40, 2, 4, 4
54, 40, 2, 4, 4
54, 40, 2, 4, 4
54, 40, 2, 4, 4
54, 40, 2, 4, 4
54, 40, 2, 4, 4
54, 40, 2, 4, 4
54, 40, 2, 5, 3
54, 40, 2, 5, 3
54, 40, 2, 5, 3
54, 40, 2, 5, 3
54, 40, 2, 5, 4
54, 40, 2, 5, 4
54, 40, 2, 6, 2
54, 40, 2, 6, 3
54, 40, 2, 6, 3
54, 40, 2, 6, 4
54, 40, 2, 6, 4
54, 40, 2, 6, 4
54, 40, 2, 6, 4
54, 40, 2, 7, 2
54, 40, 2, 7, 2
54, 40, 2, 7, 3
54, 40, 2, 7, 3
54, 40, 2, 7, 4
54, 42, 3, 0, 2
54, 42, 3, 0, 2
54, 42, 3, 1, 2
54, 42, 3, 1, 2
54, 42, 3, 1, 2
54, 42, 3, 2, 2
54, 42, 3, 2, 2
54, 42, 3, 4, 2
54, 42, 3, 4, 3
54, 42, 3, 4, 3
54, 42, 3, 5, 3
54, 42, 3, 5, 3
54, 42, 3, 5, 3
54, 42, 3, 5, 3
54, 42, 3, 5, 3
54, 42, 3, 5, 3
54, 42, 3, 5, 4
54, 42, 3, 5, 4
54, 42, 3, 5, 4
54, 42, 3, 5, 4
54, 42, 3, 5, 4
54, 42, 3, 5, 4
54, 42, 3, 5, 4
54, 42, 3, 5, 4
54, 42, 3, 6, 3
54, 42, 3, 6, 3
54, 42, 3, 6, 3
54, 42, 3, 6, 3
54, 42, 3, 6, 4
54, 42, 3, 6, 4
54, 42, 3, 7, 2
54, 42, 3, 7, 3
54, 42, 3, 7, 3
54, 42, 3, 7, 4
54, 42, 3, 7, 4
54, 42, 3, 7, 4
54, 42, 3, 7, 4
54, 42, 3, 8, 2
54, 42, 3, 8, 2
54, 42, 3, 8, 3
54, 42, 3, 8, 3
54, 42, 3, 8, 4
54, 39, 4, 0, 2
54, 39, 4, 0, 2
54, 39, 4, 1, 2
54, 39, 4, 1, 2
54, 39, 4, 2, 2
54, 39, 4, 2, 2
54, 39, 4, 2, 2
54, 39, 4, 3, 2
54, 39, 4, 3, 2
54, 39, 4, 5, 2
54, 39, 4, 5, 3
54, 39, 4, 5, 3
54, 39, 4, 6, 3
54, 39, 4, 6, 3
54, 39, 4, 6, 3
54, 39, 4, 6, 3
54, 39, 4, 6, 3
54, 39, 4, 6, 3
54, 39, 4, 6, 4
54, 39, 4, 6, 4
54, 39, 4, 6, 4
54, 39, 4, 6, 4
54, 39, 4, 6, 4
54, 39, 4, 6, 4
54, 39, 4, 6, 4
54, 39, 4, 6, 4
54, 39, 4, 7, 3
54, 39, 4, 7, 3
54, 39, 4, 7, 3
54, 39, 4, 7, 3
54, 39, 4, 7, 4
54, 39, 4, 7, 4
54, 39, 4, 8, 2
54, 39, 4, 8, 3
54, 39, 4, 8, 3
54, 39, 4, 8, 4
54, 39, 4, 8, 4
54, 39, 4, 8, 4
54, 39, 4, 8, 4
54, 35, 5, 0, 2
54, 35, 5, 0, 2
54, 35, 5, 0, 2
54, 35, 5, 1, 2
54, 35, 5, 1, 2
54, 35, 5, 2, 2
54, 35, 5, 2, 2
54, 35, 5, 3, 2
54, 35, 5, 3, 2
54, 35, 5, 3, 2
54, 35, 5, 4, 2
54, 35, 5, 4, 2
54, 35, 5, 6, 2
54, 35, 5, 6, 3
54, 35, 5, 6, 3
54, 35, 5, 7, 3
54, 35, 5, 7, 3
54, 35, 5, 7, 3
54, 35, 5, 7, 3
54, 35, 5, 7, 3
54, 35, 5, 7, 3
54, 35, 5, 7, 4
54, 35, 5, 7, 4
54, 35, 5, 7, 4
54, 35, 5, 7, 4
54, 35, 5, 7, 4
54, 35, 5, 7, 4
54, 35, 5, 7, 4
54, 35, 5, 7, 4
54, 35, 5, 8, 3
54, 35, 5, 8, 3
54, 35, 5, 8, 3
54, 35, 5, 8, 3
54, 35, 5, 8, 4
54, 35, 5, 8, 4
54, 29, 6, 1, 2
54, 29, 6, 1, 2
54, 29, 6, 1, 2
54, 29, 6, 2, 2
54, 29, 6, 2, 2
54, 29, 6, 3, 2
54, 29, 6, 3, 2
54, 29, 6, 4, 2
54, 29, 6, 4, 2
54, 29, 6, 4, 2
54, 29, 6, 5, 2
54, 29, 6, 5, 2
54, 29, 6, 7, 2
54, 29, 6, 7, 3
54, 29, 6, 7, 3
54, 29, 6, 8, 3
54, 29, 6, 8, 3
54, 29, 6, 8, 3
54, 29, 6, 8, 3
54, 29, 6, 8, 3
54, 29, 6, 8, 3
54, 29, 6, 8, 4
54, 29, 6, 8, 4
54, 29, 6, 8, 4
54, 29, 6, 8, 4
54, 29, 6, 8, 4
54, 29, 6, 8, 4
54, 29, 6, 8, 4
54, 29, 6, 8, 4
54, 15, 7, 2, 2
54, 15, 7, 2, 2
54, 15, 7, 2, 2
54, 15, 7, 3, 2
54, 15, 7, 3, 2
54, 15, 7, 4, 2
54, 15, 7, 4, 2
54, 15, 7, 5, 2
54, 15, 7, 5, 2
54, 15, 7, 5, 2
54, 15, 7, 6, 2
54, 15, 7, 6, 2
54, 15, 7, 8, 2
54, 15, 7, 8, 3
54, 15, 7, 8, 3
54, 12, 8, 3, 2
54, 12, 8, 3, 2
54, 12, 8, 3, 2
54, 12, 8, 4, 2
54, 12, 8, 4, 2
54, 12, 8, 5, 2
54, 12, 8, 5, 2
54, 12, 8, 6, 2
54, 12, 8, 6, 2
54, 12, 8, 6, 2
54, 12, 8, 7, 2
54, 12, 8, 7, 2
55, 7, 0, 1, 2
55, 7, 0, 1, 2
55, 7, 0, 1, 2
55, 7, 0, 1, 2
55, 7, 0, 1, 2
55, 7, 0, 1, 2
55, 7, 0, 1, 2
55, 42, 1, 0, 3
55, 42, 1, 0, 3
55, 42, 1, 0, 3
55, 42, 1, 0, 3
55, 42, 1, 0, 3
55, 42, 1, 0, 3
55, 42, 1, 0, 3
55, 42, 1, 0, 3
55, 42, 1, 0, 3
55, 42, 1, 0, 3
55, 42, 1, 0, 3
55, 42, 1, 0, 3
55, 42, 1, 0, 3
55, 42, 1, 0, 3
55, 42, 1, 0, 4
55, 42, 1, 0, 4
55, 42, 1, 0, 4
55, 42, 1, 0, 4
55, 42, 1, 0, 4
55, 42, 1, 0, 4
55, 42, 1, 0, 4
55, 42, 1, 0, 4
55, 42, 1, 0, 4
55, 42, 1, 0, 4
55, 42, 1, 0, 4
55, 42, 1, 0, 4
55, 42, 1, 0, 4
55, 42, 1, 0, 4
55, 42, 1, 0, 4
55, 42, 1, 0, 4
55, 42, 1, 0, 4
55, 42, 1, 0, 4
55, 42, 1, 0, 4
55, 42, 1, 0, 4
55, 42, 1, 0, 4
55, 42, 1, 0, 4
55, 42, 1, 0, 4
55, 42, 1, 0, 4
55, 42, 1, 0, 4
55, 42, 1, 0, 4
55, 42, 1, 0, 4
55, 42, 1, 0, 4
56, 38, 0, 1, 3
56, 38, 0, 1, 3
56, 38, 0, 1, 3
56, 38, 0, 1, 3
56, 38, 0, 2, 2
56, 38, 0, 2, 3
56, 38, 0, 2, 3
56, 38, 0, 2, 3
56, 38, 0, 2, 3
56, 38, 0, 2, 4
56, 38, 0, 2, 4
56, 38, 0, 2, 4
56, 38, 0, 2, 4
56, 38, 0, 2, 4
56, 38, 0, 2, 4
56, 38, 0, 2, 4
56, 38, 0, 2, 4
56, 38, 0, 3, 3
56, 38, 0, 3, 3
56, 38, 0, 3, 3
56, 38, 0, 3, 3
56, 38, 0, 3, 4
56, 38, 0, 3, 4
56, 38, 0, 4, 3
56, 38, 0, 4, 3
56, 38, 0, 4, 3
56, 38, 0, 4, 3
56, 38, 0, 4, 4
56, 38, 0, 4, 4
56, 38, 0, 4, 4
56, 38, 0, 4, 4
56, 38, 0, 5, 3
56, 38, 0, 5, 3
56, 38, 0, 5, 3
56, 38, 0, 5, 3
56, 38, 0, 5, 3
56, 38, 0, 5, 3
56, 38, 0, 5, 4
56, 40, 1, 0, 2
56, 40, 1, 0, 2
56, 40, 1, 2, 3
56, 40, 1, 2, 3
56, 40, 1, 2, 3
56, 40, 1, 2, 3
56, 40, 1, 3, 2
56, 40, 1, 3, 3
56, 40, 1, 3, 3
56, 40, 1, 3, 3
56, 40, 1, 3, 3
56, 40, 1, 3, 4
56, 40, 1, 3, 4
56, 40, 1, 3, 4
56, 40, 1, 3, 4
56, 40, 1, 3, 4
56, 40, 1, 3, 4
56, 40, 1, 3, 4
56, 40, 1, 3, 4
56, 40, 1, 4, 3
56, 40, 1, 4, 3
56, 40, 1, 4, 3
56, 40, 1, 4, 3
56, 40, 1, 4, 4
56, 40, 1, 4, 4
56, 40, 1, 5, 3
56, 40, 1, 5, 3
56, 40, 1, 5, 3
56, 40, 1, 5, 3
56, 40, 1, 5, 4
56, 40, 1, 5, 4
56, 40, 1, 5, 4
56, 40, 1, 5, 4
56, 40, 1, 6, 3
56, 40, 1, 6, 3
56, 40, 1, 6, 3
56, 40, 1, 6, 3
56, 40, 1, 6, 3
56, 40, 1, 6, 3
56, 40, 1, 6, 4
56, 43, 2, 0, 2
56, 43, 2, 0, 2
56, 43, 2, 0, 2
56, 43, 2, 1, 2
56, 43, 2, 1, 2
56, 43, 2, 3, 3
56, 43, 2, 3, 3
56, 43, 2, 3, 3
56, 43, 2, 3, 3
56, 43, 2, 4, 2
56, 43, 2, 4, 3
56, 43, 2, 4, 3
56, 43, 2, 4, 3
56, 43, 2, 4, 3
56, 43, 2, 4, 4
56, 43, 2, 4, 4
56, 43, 2, 4, 4
56, 43, 2, 4, 4
56, 43, 2, 4, 4
56, 43, 2, 4, 4
56, 43, 2, 4, 4
56, 43, 2, 4, 4
56, 43, 2, 5, 3
56, 43, 2, 5, 3
56, 43, 2, 5, 3
56, 43, 2, 5, 3
56, 43, 2, 5, 4
56, 43, 2, 5, 4
56, 43, 2, 6, 3
56, 43, 2, 6, 3
56, 43, 2, 6, 3
56, 43, 2, 6, 3
56, 43, 2, 6, 4
56, 43, 2, 6, 4
56, 43, 2, 6, 4
56, 43, 2, 6, 4
56, 43, 2, 7, 3
56, 43, 2, 7, 3
56, 43, 2, 7, 3
56, 43, 2, 7, 3
56, 43, 2, 7, 3
56, 43, 2, 7, 3
56, 43, 2, 7, 4
56, 45, 3, 0, 2
56, 45, 3, 0, 2
56, 45, 3, 1, 2
56, 45, 3, 1, 2
56, 45, 3, 1, 2
56, 45, 3, 2, 2
56, 45, 3, 2, 2
56, 45, 3, 4, 3
56, 45, 3, 4, 3
56, 45, 3, 4, 3
56, 45, 3, 4, 3
56, 45, 3, 5, 2
56, 45, 3, 5, 3
56, 45, 3, 5, 3
56, 45, 3, 5, 3
56, 45, 3, 5, 3
56, 45, 3, 5, 4
56, 45, 3, 5, 4
56, 45, 3, 5, 4
56, 45, 3, 5, 4
56, 45, 3, 5, 4
56, 45, 3, 5, 4
56, 45, 3, 5, 4
56, 45, 3, 5, 4
56, 45, 3, 6, 3
56, 45, 3, 6, 3
56, 45, 3, 6, 3
56, 45, 3, 6, 3
56, 45, 3, 6, 4
56, 45, 3, 6, 4
56, 45, 3, 7, 3
56, 45, 3, 7, 3
56, 45, 3, 7, 3
56, 45, 3, 7, 3
56, 45, 3, 7, 4
56, 45, 3, 7, 4
56, 45, 3, 7, 4
56, 45, 3, 7, 4
56, 45, 3, 8, 3
56, 45, 3, 8, 3
56, 45, 3, 8, 3
56, 45, 3, 8, 3
56, 45, 3, 8, 3
56, 45, 3, 8, 3
56, 45, 3, 8, 4
56, 40, 4, 0, 2
56, 40, 4, 0, 2
56, 40, 4, 1, 2
56, 40, 4, 1, 2
56, 40, 4, 2, 2
56, 40, 4, 2, 2
56, 40, 4, 2, 2
56, 40, 4, 3, 2
56, 40, 4, 3, 2
56, 40, 4, 5, 3
56, 40, 4, 5, 3
56, 40, 4, 5, 3
56, 40, 4, 5, 3
56, 40, 4, 6, 2
56, 40, 4, 6, 3
56, 40, 4, 6, 3
56, 40, 4, 6, 3
56, 40, 4, 6, 3
56, 40, 4, 6, 4
56, 40, 4, 6, 4
56, 40, 4, 6, 4
56, 40, 4, 6, 4
56, 40, 4, 6, 4
56, 40, 4, 6, 4
56, 40, 4, 6, 4
56, 40, 4, 6, 4
56, 40, 4, 7, 3
56, 40, 4, 7, 3
56, 40, 4, 7, 3
56, 40, 4, 7, 3
56, 40, 4, 7, 4
56, 40, 4, 7, 4
56, 40, 4, 8, 3
56, 40, 4, 8, 3
56, 40, 4, 8, 3
56, 40, 4, 8, 3
56, 40, 4, 8, 4
56, 40, 4, 8, 4
56, 40, 4, 8, 4
56, 40, 4, 8, 4
56, 35, 5, 0, 2
56, 35, 5, 0, 2
56, 35, 5, 0, 2
56, 35, 5, 1, 2
56, 35, 5, 1, 2
56, 35, 5, 2, 2
56, 35, 5, 2, 2
56, 35, 5, 3, 2
56, 35, 5, 3, 2
56, 35, 5, 3, 2
56, 35, 5, 4, 2
56, 35, 5, 4, 2
56, 35, 5, 6, 3
56, 35, 5, 6, 3
56, 35, 5, 6, 3
56, 35, 5, 6, 3
56, 35, 5, 7, 2
56, 35, 5, 7, 3
56, 35, 5, 7, 3
56, 35, 5, 7, 3
56, 35, 5, 7, 3
56, 35, 5, 7, 4
56, 35, 5, 7, 4
56, 35, 5, 7, 4
56, 35, 5, 7, 4
56, 35, 5, 7, 4
56, 35, 5, 7, 4
56, 35, 5, 7, 4
56, 35, 5, 7, 4
56, 35, 5, 8, 3
56, 35, 5, 8, 3
56, 35, 5, 8, 3
56, 35, 5, 8, 3
56, 35, 5, 8, 4
56, 35, 5, 8, 4
56, 29, 6, 1, 2
56, 29, 6, 1, 2
56, 29, 6, 1, 2
56, 29, 6, 2, 2
56, 29, 6, 2, 2
56, 29, 6, 3, 2
56, 29, 6, 3, 2
56, 29, 6, 4, 2
56, 29, 6, 4, 2
56, 29, 6, 4, 2
56, 29, 6, 5, 2
56, 29, 6, 5, 2
56, 29, 6, 7, 3
56, 29, 6, 7, 3
56, 29, 6, 7, 3
56, 29, 6, 7, 3
56, 29, 6, 8, 2
56, 29, 6, 8, 3
56, 29, 6, 8, 3
56, 29, 6, 8, 3
56, 29, 6, 8, 3
56, 29, 6, 8, 4
56, 29, 6, 8, 4
56, 29, 6, 8, 4
56, 29, 6, 8, 4
56, 29, 6, 8, 4
56, 29, 6, 8, 4
56, 29, 6, 8, 4
56, 29, 6, 8, 4
56, 16, 7, 2, 2
56, 16, 7, 2, 2
56, 16, 7, 2, 2
56, 16, 7, 3, 2
56, 16, 7, 3, 2
56, 16, 7, 4, 2
56, 16, 7, 4, 2
56, 16, 7, 5, 2
56, 16, 7, 5, 2
56, 16, 7, 5, 2
56, 16, 7, 6, 2
56, 16, 7, 6, 2
56, 16, 7, 8, 3
56, 16, 7, 8, 3
56, 16, 7, 8, 3
56, 16, 7, 8, 3
56, 12, 8, 3, 2
56, 12, 8, 3, 2
56, 12, 8, 3, 2
56, 12, 8, 4, 2
56, 12, 8, 4, 2
56, 12, 8, 5, 2
56, 12, 8, 5, 2
56, 12, 8, 6, 2
56, 12, 8, 6, 2
56, 12, 8, 6, 2
56, 12, 8, 7, 2
56, 12, 8, 7, 2
57, 16, 0, 1, 2
57, 16, 0, 1, 2
57, 16, 0, 1, 2
57, 16, 0, 1, 2
57, 16, 0, 1, 2
57, 16, 0, 1, 2
57, 16, 0, 1, 2
57, 16, 0, 1, 2
57, 16, 0, 1, 2
57, 16, 0, 1, 2
57, 16, 0, 1, 2
57, 16, 0, 1, 2
57, 16, 0, 1, 2
57, 16, 0, 1, 2
57, 16, 0, 1, 2
57, 16, 0, 1, 2
57, 48, 1, 0, 3
57, 48, 1, 0, 3
57, 48, 1, 0, 3
57, 48, 1, 0, 3
57, 48, 1, 0, 3
57, 48, 1, 0, 3
57, 48, 1, 0, 3
57, 48, 1, 0, 3
57, 48, 1, 0, 3
57, 48, 1, 0, 3
57, 48, 1, 0, 3
57, 48, 1, 0, 3
57, 48, 1, 0, 3
57, 48, 1, 0, 3
57, 48, 1, 0, 3
57, 48, 1, 0, 3
57, 48, 1, 0, 3
57, 48, 1, 0, 3
57, 48, 1, 0, 3
57, 48, 1, 0, 3
57, 48, 1, 0, 3
57, 48, 1, 0, 3
57, 48, 1, 0, 3
57, 48, 1, 0, 3
57, 48, 1, 0, 3
57, 48, 1, 0, 3
57, 48, 1, 0, 3
57, 48, 1, 0, 3
57, 48, 1, 0, 3
57, 48, 1, 0, 3
57, 48, 1, 0, 3
57, 48, 1, 0, 3
57, 48, 1, 0, 3
57, 48, 1, 0, 3
57, 48, 1, 0, 3
57, 48, 1, 0, 3
57, 48, 1, 0, 3
57, 48, 1, 0, 3
57, 48, 1, 0, 3
57, 48, 1, 0, 3
57, 48, 1, 0, 3
57, 48, 1, 0, 3
57, 48, 1, 0, 3
57, 48, 1, 0, 3
57, 48, 1, 0, 3
57, 48, 1, 0, 3
57, 48, 1, 0, 3
57, 48, 1, 0, 3
58, 16, 0, 1, 2
58, 16, 0, 1, 2
58, 16, 0, 1, 2
58, 16, 0, 1, 2
58, 16, 0, 1, 2
58, 16, 0, 1, 2
58, 16, 0, 1, 2
58, 16, 0, 1, 2
58, 16, 0, 1, 2
58, 16, 0, 1, 2
58, 16, 0, 1, 2
58, 16, 0, 1, 2
58, 16, 0, 1, 2
58, 16, 0, 1, 2
58, 16, 0, 1, 2
58, 16, 0, 1, 2
58, 32, 1, 0, 2
58, 32, 1, 0, 2
58, 32, 1, 0, 2
58, 32, 1, 0, 2
58, 32, 1, 0, 2
58, 32, 1, 0, 2
58, 32, 1, 0, 2
58, 32, 1, 0, 2
58, 32, 1, 0, 2
58, 32, 1, 0, 2
58, 32, 1, 0, 2
58, 32, 1, 0, 2
58, 32, 1, 0, 2
58, 32, 1, 0, 2
58, 32, 1, 0, 2
58, 32, 1, 0, 2
58, 32, 1, 0, 3
58, 32, 1, 0, 3
58, 32, 1, 0, 3
58, 32, 1, 0, 3
58, 32, 1, 0, 3
58, 32, 1, 0, 3
58, 32, 1, 0, 3
58, 32, 1, 0, 3
58, 32, 1, 0, 3
58, 32, 1, 0, 3
58, 32, 1, 0, 3
58, 32, 1, 0, 3
58, 32, 1, 0, 3
58, 32, 1, 0, 3
58, 32, 1, 0, 3
58, 32, 1, 0, 3
59, 12, 0, 1, 2
59, 12, 0, 1, 2
59, 12, 0, 1, 2
59, 12, 0, 1, 2
59, 12, 0, 1, 2
59, 12, 0, 1, 2
59, 12, 0, 1, 2
59, 12, 0, 1, 2
59, 12, 0, 1, 2
59, 12, 0, 1, 2
59, 12, 0, 1, 2
59, 12, 0, 1, 2
59, 48, 1, 0, 3
59, 48, 1, 0, 3
59, 48, 1, 0, 3
59, 48, 1, 0, 3
59, 48, 1, 0, 3
59, 48, 1, 0, 3
59, 48, 1, 0, 3
59, 48, 1, 0, 3
59, 48, 1, 0, 3
59, 48, 1, 0, 3
59, 48, 1, 0, 3
59, 48, 1, 0, 3
59, 48, 1, 0, 3
59, 48, 1, 0, 3
59, 48, 1, 0, 3
59, 48, 1, 0, 3
59, 48, 1, 0, 3
59, 48, 1, 0, 3
59, 48, 1, 0, 3
59, 48, 1, 0, 3
59, 48, 1, 0, 3
59, 48, 1, 0, 3
59, 48, 1, 0, 3
59, 48, 1, 0, 3
59, 48, 1, 0, 3
59, 48, 1, 0, 3
59, 48, 1, 0, 3
59, 48, 1, 0, 3
59, 48, 1, 0, 3
59, 48, 1, 0, 3
59, 48, 1, 0, 3
59, 48, 1, 0, 3
59, 48, 1, 0, 3
59, 48, 1, 0, 3
59, 48, 1, 0, 3
59, 48, 1, 0, 3
59, 48, 1, 0, 4
59, 48, 1, 0, 4
59, 48, 1, 0, 4
59, 48, 1, 0, 4
59, 48, 1, 0, 4
59, 48, 1, 0, 4
59, 48, 1, 0, 4
59, 48, 1, 0, 4
59, 48, 1, 0, 4
59, 48, 1, 0, 4
59, 48, 1, 0, 4
59, 48, 1, 0, 4
60, 13, 0, 1, 2
60, 13, 0, 1, 2
60, 13, 0, 1, 2
60, 13, 0, 1, 2
60, 13, 0, 1, 2
60, 13, 0, 1, 2
60, 13, 0, 1, 2
60, 13, 0, 1, 2
60, 13, 0, 1, 2
60, 13, 0, 1, 2
60, 13, 0, 1, 2
60, 13, 0, 1, 2
60, 13, 0, 1, 2
60, 91, 1, 0, 3
60, 91, 1, 0, 3
60, 91, 1, 0, 3
60, 91, 1, 0, 3
60, 91, 1, 0, 3
60, 91, 1, 0, 3
60, 91, 1, 0, 3
60, 91, 1, 0, 3
60, 91, 1, 0, 3
60, 91, 1, 0, 3
60, 91, 1, 0, 3
60, 91, 1, 0, 3
60, 91, 1, 0, 3
60, 91, 1, 0, 3
60, 91, 1, 0, 3
60, 91, 1, 0, 3
60, 91, 1, 0, 3
60, 91, 1, 0, 3
60, 91, 1, 0, 3
60, 91, 1, 0, 3
60, 91, 1, 0, 3
60, 91, 1, 0, 3
60, 91, 1, 0, 3
60, 91, 1, 0, 3
60, 91, 1, 0, 3
60, 91, 1, 0, 3
60, 91, 1, 0, 3
60, 91, 1, 0, 3
60, 91, 1, 0, 3
60, 91, 1, 0, 3
60, 91, 1, 0, 3
60, 91, 1, 0, 3
60, 91, 1, 0, 3
60, 91, 1, 0, 3
60, 91, 1, 0, 3
60, 91, 1, 0, 3
60, 91, 1, 0, 3
60, 91, 1, 0, 3
60, 91, 1, 0, 3
60, 91, 1, 0, 4
60, 91, 1, 0, 4
60, 91, 1, 0, 4
60, 91, 1, 0, 4
60, 91, 1, 0, 4
60, 91, 1, 0, 4
60, 91, 1, 0, 4
60, 91, 1, 0, 4
60, 91, 1, 0, 4
60, 91, 1, 0, 4
60, 91, 1, 0, 4
60, 91, 1, 0, 4
60, 91, 1, 0, 4
60, 91, 1, 0, 4
60, 91, 1, 0, 4
60, 91, 1, 0, 4
60, 91, 1, 0, 4
60, 91, 1, 0, 4
60, 91, 1, 0, 4
60, 91, 1, 0, 4
60, 91, 1, 0, 4
60, 91, 1, 0, 4
60, 91, 1, 0, 4
60, 91, 1, 0, 4
60, 91, 1, 0, 4
60, 91, 1, 0, 4
60, 91, 1, 0, 4
60, 91, 1, 0, 4
60, 91, 1, 0, 4
60, 91, 1, 0, 4
60, 91, 1, 0, 4
60, 91, 1, 0, 4
60, 91, 1, 0, 4
60, 91, 1, 0, 4
60, 91, 1, 0, 4
60, 91, 1, 0, 4
60, 91, 1, 0, 4
60, 91, 1, 0, 4
60, 91, 1, 0, 4
60, 91, 1, 0, 4
60, 91, 1, 0, 4
60, 91, 1, 0, 4
60, 91, 1, 0, 4
60, 91, 1, 0, 4
60, 91, 1, 0, 4
60, 91, 1, 0, 4
60, 91, 1, 0, 4
60, 91, 1, 0, 4
60, 91, 1, 0, 4
60, 91, 1, 0, 4
60, 91, 1, 0, 4
60, 91, 1, 0, 4
61, 15, 0, 1, 2
61, 15, 0, 1, 2
61, 15, 0, 1, 2
61, 15, 0, 1, 2
61, 15, 0, 1, 2
61, 15, 0, 1, 2
61, 15, 0, 1, 2
61, 15, 0, 1, 2
61, 15, 0, 1, 2
61, 15, 0, 1, 2
61, 15, 0, 1, 2
61, 15, 0, 1, 2
61, 15, 0, 1, 2
61, 15, 0, 1, 2
61, 15, 0, 1, 2
61, 105, 1, 0, 3
61, 105, 1, 0, 3
61, 105, 1, 0, 3
61, 105, 1, 0, 3
61, 105, 1, 0, 3
61, 105, 1, 0, 3
61, 105, 1, 0, 3
61, 105, 1, 0, 3
61, 105, 1, 0, 3
61, 105, 1, 0, 3
61, 105, 1, 0, 3
61, 105, 1, 0, 3
61, 105, 1, 0, 3
61, 105, 1, 0, 3
61, 105, 1, 0, 3
61, 105, 1, 0, 3
61, 105, 1, 0, 3
61, 105, 1, 0, 3
61, 105, 1, 0, 3
61, 105, 1, 0, 3
61, 105, 1, 0, 3
61, 105, 1, 0, 3
61, 105, 1, 0, 3
61, 105, 1, 0, 3
61, 105, 1, 0, 3
61, 105, 1, 0, 3
61, 105, 1, 0, 3
61, 105, 1, 0, 3
61, 105, 1, 0, 3
61, 105, 1, 0, 3
61, 105, 1, 0, 3
61, 105, 1, 0, 3
61, 105, 1, 0, 3
61, 105, 1, 0, 3
61, 105, 1, 0, 3
61, 105, 1, 0, 3
61, 105, 1, 0, 3
61, 105, 1, 0, 3
61, 105, 1, 0, 3
61, 105, 1, 0, 3
61, 105, 1, 0, 3
61, 105, 1, 0, 3
61, 105, 1, 0, 3
61, 105, 1, 0, 3
61, 105, 1, 0, 3
61, 105, 1, 0, 4
61, 105, 1, 0, 4
61, 105, 1, 0, 4
61, 105, 1, 0, 4
61, 105, 1, 0, 4
61, 105, 1, 0, 4
61, 105, 1, 0, 4
61, 105, 1, 0, 4
61, 105, 1, 0, 4
61, 105, 1, 0, 4
61, 105, 1, 0, 4
61, 105, 1, 0, 4
61, 105, 1, 0, 4
61, 105, 1, 0, 4
61, 105, 1, 0, 4
61, 105, 1, 0, 4
61, 105, 1, 0, 4
61, 105, 1, 0, 4
61, 105, 1, 0, 4
61, 105, 1, 0, 4
61, 105, 1, 0, 4
61, 105, 1, 0, 4
61, 105, 1, 0, 4
61, 105, 1, 0, 4
61, 105, 1, 0, 4
61, 105, 1, 0, 4
61, 105, 1, 0, 4
61, 105, 1, 0, 4
61, 105, 1, 0, 4
61, 105, 1, 0, 4
61, 105, 1, 0, 4
61, 105, 1, 0, 4
61, 105, 1, 0, 4
61, 105, 1, 0, 4
61, 105, 1, 0, 4
61, 105, 1, 0, 4
61, 105, 1, 0, 4
61, 105, 1, 0, 4
61, 105, 1, 0, 4
61, 105, 1, 0, 4
61, 105, 1, 0, 4
61, 105, 1, 0, 4
61, 105, 1, 0, 4
61, 105, 1, 0, 4
61, 105, 1, 0, 4
61, 105, 1, 0, 4
61, 105, 1, 0, 4
61, 105, 1, 0, 4
61, 105, 1, 0, 4
61, 105, 1, 0, 4
61, 105, 1, 0, 4
61, 105, 1, 0, 4
61, 105, 1, 0, 4
61, 105, 1, 0, 4
61, 105, 1, 0, 4
61, 105, 1, 0, 4
61, 105, 1, 0, 4
61, 105, 1, 0, 4
61, 105, 1, 0, 4
61, 105, 1, 0, 4
62, 14, 0, 1, 2
62, 14, 0, 1, 2
62, 14, 0, 1, 2
62, 14, 0, 1, 2
62, 14, 0, 1, 2
62, 14, 0, 1, 2
62, 14, 0, 1, 2
62, 14, 0, 1, 2
62, 14, 0, 1, 2
62, 14, 0, 1, 2
62, 14, 0, 1, 2
62, 14, 0, 1, 2
62, 14, 0, 1, 2
62, 14, 0, 1, 2
62, 70, 1, 0, 3
62, 70, 1, 0, 3
62, 70, 1, 0, 3
62, 70, 1, 0, 3
62, 70, 1, 0, 3
62, 70, 1, 0, 3
62, 70, 1, 0, 3
62, 70, 1, 0, 3
62, 70, 1, 0, 3
62, 70, 1, 0, 3
62, 70, 1, 0, 3
62, 70, 1, 0, 3
62, 70, 1, 0, 3
62, 70, 1, 0, 3
62, 70, 1, 0, 3
62, 70, 1, 0, 3
62, 70, 1, 0, 3
62, 70, 1, 0, 3
62, 70, 1, 0, 3
62, 70, 1, 0, 3
62, 70, 1, 0, 3
62, 70, 1, 0, 3
62, 70, 1, 0, 3
62, 70, 1, 0, 3
62, 70, 1, 0, 3
62, 70, 1, 0, 3
62, 70, 1, 0, 3
62, 70, 1, 0, 3
62, 70, 1, 0, 3
62, 70, 1, 0, 3
62, 70, 1, 0, 3
62, 70, 1, 0, 3
62, 70, 1, 0, 3
62, 70, 1, 0, 3
62, 70, 1, 0, 3
62, 70, 1, 0, 3
62, 70, 1, 0, 3
62, 70, 1, 0, 3
62, 70, 1, 0, 3
62, 70, 1, 0, 3
62, 70, 1, 0, 3
62, 70, 1, 0, 3
62, 70, 1, 0, 4
62, 70, 1, 0, 4
62, 70, 1, 0, 4
62, 70, 1, 0, 4
62, 70, 1, 0, 4
62, 70, 1, 0, 4
62, 70, 1, 0, 4
62, 70, 1, 0, 4
62, 70, 1, 0, 4
62, 70, 1, 0, 4
62, 70, 1, 0, 4
62, 70, 1, 0, 4
62, 70, 1, 0, 4
62, 70, 1, 0, 4
62, 70, 1, 0, 4
62, 70, 1, 0, 4
62, 70, 1, 0, 4
62, 70, 1, 0, 4
62, 70, 1, 0, 4
62, 70, 1, 0, 4
62, 70, 1, 0, 4
62, 70, 1, 0, 4
62, 70, 1, 0, 4
62, 70, 1, 0, 4
62, 70, 1, 0, 4
62, 70, 1, 0, 4
62, 70, 1, 0, 4
62, 70, 1, 0, 4
63, 15, 0, 1, 2
63, 15, 0, 1, 2
63, 15, 0, 1, 2
63, 15, 0, 1, 2
63, 15, 0, 1, 2
63, 15, 0, 1, 2
63, 15, 0, 1, 2
63, 15, 0, 1, 2
63, 15, 0, 1, 2
63, 15, 0, 1, 2
63, 15, 0, 1, 2
63, 15, 0, 1, 2
63, 15, 0, 1, 2
63, 15, 0, 1, 2
63, 15, 0, 1, 2
63, 105, 1, 0, 3
63, 105, 1, 0, 3
63, 105, 1, 0, 3
63, 105, 1, 0, 3
63, 105, 1, 0, 3
63, 105, 1, 0, 3
63, 105, 1, 0, 3
63, 105, 1, 0, 3
63, 105, 1, 0, 3
63, 105, 1, 0, 3
63, 105, 1, 0, 3
63, 105, 1, 0, 3
63, 105, 1, 0, 3
63, 105, 1, 0, 3
63, 105, 1, 0, 3
63, 105, 1, 0, 3
63, 105, 1, 0, 3
63, 105, 1, 0, 3
63, 105, 1, 0, 3
63, 105, 1, 0, 3
63, 105, 1, 0, 3
63, 105, 1, 0, 3
63, 105, 1, 0, 3
63, 105, 1, 0, 3
63, 105, 1, 0, 3
63, 105, 1, 0, 3
63, 105, 1, 0, 3
63, 105, 1, 0, 3
63, 105, 1, 0, 3
63, 105, 1, 0, 3
63, 105, 1, 0, 3
63, 105, 1, 0, 3
63, 105, 1, 0, 3
63, 105, 1, 0, 3
63, 105, 1, 0, 3
63, 105, 1, 0, 3
63, 105, 1, 0, 3
63, 105, 1, 0, 3
63, 105, 1, 0, 3
63, 105, 1, 0, 3
63, 105, 1, 0, 3
63, 105, 1, 0, 3
63, 105, 1, 0, 3
63, 105, 1, 0, 3
63, 105, 1, 0, 3
63, 105, 1, 0, 4
63, 105, 1, 0, 4
63, 105, 1, 0, 4
63, 105, 1, 0, 4
63, 105, 1, 0, 4
63, 105, 1, 0, 4
63, 105, 1, 0, 4
63, 105, 1, 0, 4
63, 105, 1, 0, 4
63, 105, 1, 0, 4
63, 105, 1, 0, 4
63, 105, 1, 0, 4
63, 105, 1, 0, 4
63, 105, 1, 0, 4
63, 105, 1, 0, 4
63, 105, 1, 0, 4
63, 105, 1, 0, 4
63, 105, 1, 0, 4
63, 105, 1, 0, 4
63, 105, 1, 0, 4
63, 105, 1, 0, 4
63, 105, 1, 0, 4
63, 105, 1, 0, 4
63, 105, 1, 0, 4
63, 105, 1, 0, 4
63, 105, 1, 0, 4
63, 105, 1, 0, 4
63, 105, 1, 0, 4
63, 105, 1, 0, 4
63, 105, 1, 0, 4
63, 105, 1, 0, 4
63, 105, 1, 0, 4
63, 105, 1, 0, 4
63, 105, 1, 0, 4
63, 105, 1, 0, 4
63, 105, 1, 0, 4
63, 105, 1, 0, 4
63, 105, 1, 0, 4
63, 105, 1, 0, 4
63, 105, 1, 0, 4
63, 105, 1, 0, 4
63, 105, 1, 0, 4
63, 105, 1, 0, 4
63, 105, 1, 0, 4
63, 105, 1, 0, 4
63, 105, 1, 0, 4
63, 105, 1, 0, 4
63, 105, 1, 0, 4
63, 105, 1, 0, 4
63, 105, 1, 0, 4
63, 105, 1, 0, 4
63, 105, 1, 0, 4
63, 105, 1, 0, 4
63, 105, 1, 0, 4
63, 105, 1, 0, 4
63, 105, 1, 0, 4
63, 105, 1, 0, 4
63, 105, 1, 0, 4
63, 105, 1, 0, 4
63, 105, 1, 0, 4
64, 49, 0, 1, 2
64, 49, 0, 1, 3
64, 49, 0, 1, 3
64, 49, 0, 1, 3
64, 49, 0, 1, 3
64, 49, 0, 9, 3
64, 49, 0, 9, 3
64, 49, 0, 9, 3
64, 49, 0, 9, 3
64, 49, 0, 9, 3
64, 49, 0, 9, 3
64, 49, 0, 9, 3
64, 49, 0, 9, 3
64, 49, 0, 9, 3
64, 49, 0, 9, 4
64, 49, 0, 9, 4
64, 49, 0, 9, 4
64, 49, 0, 9, 4
64, 49, 0, 9, 4
64, 49, 0, 9, 4
64, 49, 0, 9, 4
64, 49, 0, 9, 4
64, 49, 0, 10, 2
64, 49, 0, 10, 3
64, 49, 0, 10, 3
64, 49, 0, 10, 3
64, 49, 0, 10, 3
64, 49, 0, 10, 4
64, 49, 0, 10, 4
64, 49, 0, 11, 3
64, 49, 0, 11, 3
64, 49, 0, 11, 3
64, 49, 0, 11, 3
64, 49, 0, 11, 3
64, 49, 0, 11, 3
64, 49, 0, 11, 4
64, 49, 0, 11, 4
64, 49, 0, 11, 4
64, 49, 0, 11, 4
64, 49, 0, 12, 3
64, 49, 0, 12, 3
64, 49, 0, 12, 3
64, 49, 0, 12, 3
64, 49, 0, 12, 3
64, 49, 0, 12, 3
64, 49, 0, 12, 3
64, 49, 0, 12, 3
64, 49, 0, 12, 3
64, 49, 0, 12, 4
64, 51, 1, 0, 2
64, 51, 1, 0, 2
64, 51, 1, 9, 2
64, 51, 1, 9, 3
64, 51, 1, 9, 3
64, 51, 1, 9, 3
64, 51, 1, 9, 3
64, 51, 1, 10, 3
64, 51, 1, 10, 3
64, 51, 1, 10, 3
64, 51, 1, 10, 3
64, 51, 1, 10, 3
64, 51, 1, 10, 3
64, 51, 1, 10, 3
64, 51, 1, 10, 3
64, 51, 1, 10, 3
64, 51, 1, 10, 4
64, 51, 1, 10, 4
64, 51, 1, 10, 4
64, 51, 1, 10, 4
64, 51, 1, 10, 4
64, 51, 1, 10, 4
64, 51, 1, 10, 4
64, 51, 1, 10, 4
64, 51, 1, 11, 2
64, 51, 1, 11, 3
64, 51, 1, 11, 3
64, 51, 1, 11, 3
64, 51, 1, 11, 3
64, 51, 1, 11, 4
64, 51, 1, 11, 4
64, 51, 1, 12, 3
64, 51, 1, 12, 3
64, 51, 1, 12, 3
64, 51, 1, 12, 3
64, 51, 1, 12, 3
64, 51, 1, 12, 3
64, 51, 1, 12, 4
64, 51, 1, 12, 4
64, 51, 1, 12, 4
64, 51, 1, 12, 4
64, 51, 1, 13, 3
64, 51, 1, 13, 3
64, 51, 1, 13, 3
64, 51, 1, 13, 3
64, 51, 1, 13, 3
64, 51, 1, 13, 3
64, 51, 1, 13, 3
64, 51, 1, 13, 3
64, 51, 1, 13, 3
64, 51, 1, 13, 4
64, 61, 2, 3, 2
64, 61, 2, 3, 3
64, 61, 2, 3, 3
64, 61, 2, 3, 3
64, 61, 2, 3, 3
64, 61, 2, 4, 3
64, 61, 2, 4, 3
64, 61, 2, 4, 3
64, 61, 2, 4, 3
64, 61, 2, 4, 3
64, 61, 2, 4, 3
64, 61, 2, 4, 3
64, 61, 2, 4, 3
64, 61, 2, 4, 3
64, 61, 2, 4, 4
64, 61, 2, 4, 4
64, 61, 2, 4, 4
64, 61, 2, 4, 4
64, 61, 2, 4, 4
64, 61, 2, 4, 4
64, 61, 2, 4, 4
64, 61, 2, 4, 4
64, 61, 2, 5, 2
64, 61, 2, 5, 3
64, 61, 2, 5, 3
64, 61, 2, 5, 3
64, 61, 2, 5, 3
64, 61, 2, 5, 4
64, 61, 2, 5, 4
64, 61, 2, 6, 3
64, 61, 2, 6, 3
64, 61, 2, 6, 3
64, 61, 2, 6, 3
64, 61, 2, 6, 3
64, 61, 2, 6, 3
64, 61, 2, 6, 4
64, 61, 2, 6, 4
64, 61, 2, 6, 4
64, 61, 2, 6, 4
64, 61, 2, 7, 3
64, 61, 2, 7, 3
64, 61, 2, 7, 3
64, 61, 2, 7, 3
64, 61, 2, 7, 3
64, 61, 2, 7, 3
64, 61, 2, 7, 3
64, 61, 2, 7, 3
64, 61, 2, 7, 3
64, 61, 2, 7, 4
64, 61, 2, 12, 2
64, 61, 2, 12, 2
64, 61, 2, 12, 2
64, 61, 2, 13, 2
64, 61, 2, 13, 2
64, 61, 2, 14, 2
64, 61, 2, 14, 2
64, 61, 2, 15, 2
64, 61, 2, 15, 2
64, 61, 2, 15, 2
64, 61, 2, 16, 2
64, 61, 2, 16, 2
64, 61, 3, 2, 2
64, 61, 3, 2, 2
64, 61, 3, 4, 2
64, 61, 3, 4, 3
64, 61, 3, 4, 3
64, 61, 3, 4, 3
64, 61, 3, 4, 3
64, 61, 3, 5, 3
64, 61, 3, 5, 3
64, 61, 3, 5, 3
64, 61, 3, 5, 3
64, 61, 3, 5, 3
64, 61, 3, 5, 3
64, 61, 3, 5, 3
64, 61, 3, 5, 3
64, 61, 3, 5, 3
64, 61, 3, 5, 4
64, 61, 3, 5, 4
64, 61, 3, 5, 4
64, 61, 3, 5, 4
64, 61, 3, 5, 4
64, 61, 3, 5, 4
64, 61, 3, 5, 4
64, 61, 3, 5, 4
64, 61, 3, 6, 2
64, 61, 3, 6, 3
64, 61, 3, 6, 3
64, 61, 3, 6, 3
64, 61, 3, 6, 3
64, 61, 3, 6, 4
64, 61, 3, 6, 4
64, 61, 3, 7, 3
64, 61, 3, 7, 3
64, 61, 3, 7, 3
64, 61, 3, 7, 3
64, 61, 3, 7, 3
64, 61, 3, 7, 3
64, 61, 3, 7, 4
64, 61, 3, 7, 4
64, 61, 3, 7, 4
64, 61, 3, 7, 4
64, 61, 3, 8, 3
64, 61, 3, 8, 3
64, 61, 3, 8, 3
64, 61, 3, 8, 3
64, 61, 3, 8, 3
64, 61, 3, 8, 3
64, 61, 3, 8, 3
64, 61, 3, 8, 3
64, 61, 3, 8, 3
64, 61, 3, 8, 4
64, 61, 3, 13, 2
64, 61, 3, 13, 2
64, 61, 3, 13, 2
64, 61, 3, 14, 2
64, 61, 3, 14, 2
64, 61, 3, 15, 2
64, 61, 3, 15, 2
64, 61, 3, 16, 2
64, 61, 3, 16, 2
64, 61, 3, 16, 2
64, 51, 4, 2, 2
64, 51, 4, 2, 2
64, 51, 4, 2, 2
64, 51, 4, 3, 2
64, 51, 4, 3, 2
64, 51, 4, 5, 2
64, 51, 4, 5, 3
64, 51, 4, 5, 3
64, 51, 4, 5, 3
64, 51, 4, 5, 3
64, 51, 4, 6, 3
64, 51, 4, 6, 3
64, 51, 4, 6, 3
64, 51, 4, 6, 3
64, 51, 4, 6, 3
64, 51, 4, 6, 3
64, 51, 4, 6, 3
64, 51, 4, 6, 3
64, 51, 4, 6, 3
64, 51, 4, 6, 4
64, 51, 4, 6, 4
64, 51, 4, 6, 4
64, 51, 4, 6, 4
64, 51, 4, 6, 4
64, 51, 4, 6, 4
64, 51, 4, 6, 4
64, 51, 4, 6, 4
64, 51, 4, 7, 2
64, 51, 4, 7, 3
64, 51, 4, 7, 3
64, 51, 4, 7, 3
64, 51, 4, 7, 3
64, 51, 4, 7, 4
64, 51, 4, 7, 4
64, 51, 4, 8, 3
64, 51, 4, 8, 3
64, 51, 4, 8, 3
64, 51, 4, 8, 3
64, 51, 4, 8, 3
64, 51, 4, 8, 3
64, 51, 4, 8, 4
64, 51, 4, 8, 4
64, 51, 4, 8, 4
64, 51, 4, 8, 4
64, 51, 4, 14, 2
64, 51, 4, 14, 2
64, 51, 4, 14, 2
64, 51, 4, 15, 2
64, 51, 4, 15, 2
64, 51, 4, 16, 2
64, 51, 4, 16, 2
64, 41, 5, 2, 2
64, 41, 5, 2, 2
64, 41, 5, 3, 2
64, 41, 5, 3, 2
64, 41, 5, 3, 2
64, 41, 5, 4, 2
64, 41, 5, 4, 2
64, 41, 5, 6, 2
64, 41, 5, 6, 3
64, 41, 5, 6, 3
64, 41, 5, 6, 3
64, 41, 5, 6, 3
64, 41, 5, 7, 3
64, 41, 5, 7, 3
64, 41, 5, 7, 3
64, 41, 5, 7, 3
64, 41, 5, 7, 3
64, 41, 5, 7, 3
64, 41, 5, 7, 3
64, 41, 5, 7, 3
64, 41, 5, 7, 3
64, 41, 5, 7, 4
64, 41, 5, 7, 4
64, 41, 5, 7, 4
64, 41, 5, 7, 4
64, 41, 5, 7, 4
64, 41, 5, 7, 4
64, 41, 5, 7, 4
64, 41, 5, 7, 4
64, 41, 5, 8, 2
64, 41, 5, 8, 3
64, 41, 5, 8, 3
64, 41, 5, 8, 3
64, 41, 5, 8, 3
64, 41, 5, 8, 4
64, 41, 5, 8, 4
64, 41, 5, 15, 2
64, 41, 5, 15, 2
64, 41, 5, 15, 2
64, 41, 5, 16, 2
64, 41, 5, 16, 2
64, 34, 6, 2, 2
64, 34, 6, 2, 2
64, 34, 6, 3, 2
64, 34, 6, 3, 2
64, 34, 6, 4, 2
64, 34, 6, 4, 2
64, 34, 6, 4, 2
64, 34, 6, 5, 2
64, 34, 6, 5, 2
64, 34, 6, 7, 2
64, 34, 6, 7, 3
64, 34, 6, 7, 3
64, 34, 6, 7, 3
64, 34, 6, 7, 3
64, 34, 6, 8, 3
64, 34, 6, 8, 3
64, 34, 6, 8, 3
64, 34, 6, 8, 3
64, 34, 6, 8, 3
64, 34, 6, 8, 3
64, 34, 6, 8, 3
64, 34, 6, 8, 3
64, 34, 6, 8, 3
64, 34, 6, 8, 4
64, 34, 6, 8, 4
64, 34, 6, 8, 4
64, 34, 6, 8, 4
64, 34, 6, 8, 4
64, 34, 6, 8, 4
64, 34, 6, 8, 4
64, 34, 6, 8, 4
64, 34, 6, 16, 2
64, 34, 6, 16, 2
64, 34, 6, 16, 2
64, 17, 7, 2, 2
64, 17, 7, 2, 2
64, 17, 7, 2, 2
64, 17, 7, 3, 2
64, 17, 7, 3, 2
64, 17, 7, 4, 2
64, 17, 7, 4, 2
64, 17, 7, 5, 2
64, 17, 7, 5, 2
64, 17, 7, 5, 2
64, 17, 7, 6, 2
64, 17, 7, 6, 2
64, 17, 7, 8, 2
64, 17, 7, 8, 3
64, 17, 7, 8, 3
64, 17, 7, 8, 3
64, 17, 7, 8, 3
64, 12, 8, 3, 2
64, 12, 8, 3, 2
64, 12, 8, 3, 2
64, 12, 8, 4, 2
64, 12, 8, 4, 2
64, 12, 8, 5, 2
64, 12, 8, 5, 2
64, 12, 8, 6, 2
64, 12, 8, 6, 2
64, 12, 8, 6, 2
64, 12, 8, 7, 2
64, 12, 8, 7, 2
64, 54, 9, 0, 2
64, 54, 9, 0, 2
64, 54, 9, 0, 2
64, 54, 9, 1, 2
64, 54, 9, 1, 2
64, 54, 9, 10, 2
64, 54, 9, 10, 3
64, 54, 9, 10, 3
64, 54, 9, 10, 3
64, 54, 9, 10, 3
64, 54, 9, 11, 3
64, 54, 9, 11, 3
64, 54, 9, 11, 3
64, 54, 9, 11, 3
64, 54, 9, 11, 3
64, 54, 9, 11, 3
64, 54, 9, 11, 3
64, 54, 9, 11, 3
64, 54, 9, 11, 3
64, 54, 9, 11, 4
64, 54, 9, 11, 4
64, 54, 9, 11, 4
64, 54, 9, 11, 4
64, 54, 9, 11, 4
64, 54, 9, 11, 4
64, 54, 9, 11, 4
64, 54, 9, 11, 4
64, 54, 9, 12, 2
64, 54, 9, 12, 3
64, 54, 9, 12, 3
64, 54, 9, 12, 3
64, 54, 9, 12, 3
64, 54, 9, 12, 4
64, 54, 9, 12, 4
64, 54, 9, 13, 3
64, 54, 9, 13, 3
64, 54, 9, 13, 3
64, 54, 9, 13, 3
64, 54, 9, 13, 3
64, 54, 9, 13, 3
64, 54, 9, 13, 4
64, 54, 9, 13, 4
64, 54, 9, 13, 4
64, 54, 9, 13, 4
64, 54, 9, 14, 3
64, 54, 9, 14, 3
64, 54, 9, 14, 3
64, 54, 9, 14, 3
64, 54, 9, 14, 3
64, 54, 9, 14, 3
64, 54, 9, 14, 3
64, 54, 9, 14, 3
64, 54, 9, 14, 3
64, 54, 9, 14, 4
64, 56, 10, 0, 2
64, 56, 10, 0, 2
64, 56, 10, 1, 2
64, 56, 10, 1, 2
64, 56, 10, 1, 2
64, 56, 10, 9, 2
64, 56, 10, 9, 2
64, 56, 10, 11, 2
64, 56, 10, 11, 3
64, 56, 10, 11, 3
64, 56, 10, 11, 3
64, 56, 10, 11, 3
64, 56, 10, 12, 3
64, 56, 10, 12, 3
64, 56, 10, 12, 3
64, 56, 10, 12, 3
64, 56, 10, 12, 3
64, 56, 10, 12, 3
64, 56, 10, 12, 3
64, 56, 10, 12, 3
64, 56, 10, 12, 3
64, 56, 10, 12, 4
64, 56, 10, 12, 4
64, 56, 10, 12, 4
64, 56, 10, 12, 4
64, 56, 10, 12, 4
64, 56, 10, 12, 4
64, 56, 10, 12, 4
64, 56, 10, 12, 4
64, 56, 10, 13, 2
64, 56, 10, 13, 3
64, 56, 10, 13, 3
64, 56, 10, 13, 3
64, 56, 10, 13, 3
64, 56, 10, 13, 4
64, 56, 10, 13, 4
64, 56, 10, 14, 3
64, 56, 10, 14, 3
64, 56, 10, 14, 3
64, 56, 10, 14, 3
64, 56, 10, 14, 3
64, 56, 10, 14, 3
64, 56, 10, 14, 4
64, 56, 10, 14, 4
64, 56, 10, 14, 4
64, 56, 10, 14, 4
64, 56, 10, 15, 3
64, 56, 10, 15, 3
64, 56, 10, 15, 3
64, 56, 10, 15, 3
64, 56, 10, 15, 3
64, 56, 10, 15, 3
64, 56, 10, 15, 3
64, 56, 10, 15, 3
64, 56, 10, 15, 3
64, 56, 10, 15, 4
64, 58, 11, 0, 2
64, 58, 11, 0, 2
64, 58, 11, 1, 2
64, 58, 11, 1, 2
64, 58, 11, 9, 2
64, 58, 11, 9, 2
64, 58, 11, 9, 2
64, 58, 11, 10, 2
64, 58, 11, 10, 2
64, 58, 11, 12, 2
64, 58, 11, 12, 3
64, 58, 11, 12, 3
64, 58, 11, 12, 3
64, 58, 11, 12, 3
64, 58, 11, 13, 3
64, 58, 11, 13, 3
64, 58, 11, 13, 3
64, 58, 11, 13, 3
64, 58, 11, 13, 3
64, 58, 11, 13, 3
64, 58, 11, 13, 3
64, 58, 11, 13, 3
64, 58, 11, 13, 3
64, 58, 11, 13, 4
64, 58, 11, 13, 4
64, 58, 11, 13, 4
64, 58, 11, 13, 4
64, 58, 11, 13, 4
64, 58, 11, 13, 4
64, 58, 11, 13, 4
64, 58, 11, 13, 4
64, 58, 11, 14, 2
64, 58, 11, 14, 3
64, 58, 11, 14, 3
64, 58, 11, 14, 3
64, 58, 11, 14, 3
64, 58, 11, 14, 4
64, 58, 11, 14, 4
64, 58, 11, 15, 3
64, 58, 11, 15, 3
64, 58, 11, 15, 3
64, 58, 11, 15, 3
64, 58, 11, 15, 3
64, 58, 11, 15, 3
64, 58, 11, 15, 4
64, 58, 11, 15, 4
64, 58, 11, 15, 4
64, 58, 11, 15, 4
64, 58, 11, 16, 3
64, 58, 11, 16, 3
64, 58, 11, 16, 3
64, 58, 11, 16, 3
64, 58, 11, 16, 3
64, 58, 11, 16, 3
64, 58, 11, 16, 3
64, 58, 11, 16, 3
64, 58, 11, 16, 3
64, 58, 11, 16, 4
64, 61, 12, 0, 2
64, 61, 12, 0, 2
64, 61, 12, 0, 2
64, 61, 12, 1, 2
64, 61, 12, 1, 2
64, 61, 12, 2, 3
64, 61, 12, 2, 3
64, 61, 12, 2, 3
64, 61, 12, 2, 3
64, 61, 12, 2, 3
64, 61, 12, 2, 3
64, 61, 12, 2, 3
64, 61, 12, 2, 3
64, 61, 12, 2, 3
64, 61, 12, 2, 4
64, 61, 12, 9, 2
64, 61, 12, 9, 2
64, 61, 12, 10, 2
64, 61, 12, 10, 2
64, 61, 12, 10, 2
64, 61, 12, 11, 2
64, 61, 12, 11, 2
64, 61, 12, 13, 2
64, 61, 12, 13, 3
64, 61, 12, 13, 3
64, 61, 12, 13, 3
64, 61, 12, 13, 3
64, 61, 12, 14, 3
64, 61, 12, 14, 3
64, 61, 12, 14, 3
64, 61, 12, 14, 3
64, 61, 12, 14, 3
64, 61, 12, 14, 3
64, 61, 12, 14, 3
64, 61, 12, 14, 3
64, 61, 12, 14, 3
64, 61, 12, 14, 4
64, 61, 12, 14, 4
64, 61, 12, 14, 4
64, 61, 12, 14, 4
64, 61, 12, 14, 4
64, 61, 12, 14, 4
64, 61, 12, 14, 4
64, 61, 12, 14, 4
64, 61, 12, 15, 2
64, 61, 12, 15, 3
64, 61, 12, 15, 3
64, 61, 12, 15, 3
64, 61, 12, 15, 3
64, 61, 12, 15, 4
64, 61, 12, 15, 4
64, 61, 12, 16, 3
64, 61, 12, 16, 3
64, 61, 12, 16, 3
64, 61, 12, 16, 3
64, 61, 12, 16, 3
64, 61, 12, 16, 3
64, 61, 12, 16, 4
64, 61, 12, 16, 4
64, 61, 12, 16, 4
64, 61, 12, 16, 4
64, 61, 13, 1, 2
64, 61, 13, 1, 2
64, 61, 13, 1, 2
64, 61, 13, 2, 3
64, 61, 13, 2, 3
64, 61, 13, 2, 3
64, 61, 13, 2, 3
64, 61, 13, 2, 3
64, 61, 13, 2, 3
64, 61, 13, 2, 4
64, 61, 13, 2, 4
64, 61, 13, 2, 4
64, 61, 13, 2, 4
64, 61, 13, 3, 3
64, 61, 13, 3, 3
64, 61, 13, 3, 3
64, 61, 13, 3, 3
64, 61, 13, 3, 3
64, 61, 13, 3, 3
64, 61, 13, 3, 3
64, 61, 13, 3, 3
64, 61, 13, 3, 3
64, 61, 13, 3, 4
64, 61, 13, 9, 2
64, 61, 13, 9, 2
64, 61, 13, 10, 2
64, 61, 13, 10, 2
64, 61, 13, 11, 2
64, 61, 13, 11, 2
64, 61, 13, 11, 2
64, 61, 13, 12, 2
64, 61, 13, 12, 2
64, 61, 13, 14, 2
64, 61, 13, 14, 3
64, 61, 13, 14, 3
64, 61, 13, 14, 3
64, 61, 13, 14, 3
64, 61, 13, 15, 3
64, 61, 13, 15, 3
64, 61, 13, 15, 3
64, 61, 13, 15, 3
64, 61, 13, 15, 3
64, 61, 13, 15, 3
64, 61, 13, 15, 3
64, 61, 13, 15, 3
64, 61, 13, 15, 3
64, 61, 13, 15, 4
64, 61, 13, 15, 4
64, 61, 13, 15, 4
64, 61, 13, 15, 4
64, 61, 13, 15, 4
64, 61, 13, 15, 4
64, 61, 13, 15, 4
64, 61, 13, 15, 4
64, 61, 13, 16, 2
64, 61, 13, 16, 3
64, 61, 13, 16, 3
64, 61, 13, 16, 3
64, 61, 13, 16, 3
64, 61, 13, 16, 4
64, 61, 13, 16, 4
64, 61, 14, 2, 2
64, 61, 14, 2, 3
64, 61, 14, 2, 3
64, 61, 14, 2, 3
64, 61, 14, 2, 3
64, 61, 14, 2, 4
64, 61, 14, 2, 4
64, 61, 14, 3, 3
64, 61, 14, 3, 3
64, 61, 14, 3, 3
64, 61, 14, 3, 3
64, 61, 14, 3, 3
64, 61, 14, 3, 3
64, 61, 14, 3, 4
64, 61, 14, 3, 4
64, 61, 14, 3, 4
64, 61, 14, 3, 4
64, 61, 14, 4, 3
64, 61, 14, 4, 3
64, 61, 14, 4, 3
64, 61, 14, 4, 3
64, 61, 14, 4, 3
64, 61, 14, 4, 3
64, 61, 14, 4, 3
64, 61, 14, 4, 3
64, 61, 14, 4, 3
64, 61, 14, 4, 4
64, 61, 14, 9, 2
64, 61, 14, 9, 2
64, 61, 14, 9, 2
64, 61, 14, 10, 2
64, 61, 14, 10, 2
64, 61, 14, 11, 2
64, 61, 14, 11, 2
64, 61, 14, 12, 2
64, 61, 14, 12, 2
64, 61, 14, 12, 2
64, 61, 14, 13, 2
64, 61, 14, 13, 2
64, 61, 14, 15, 2
64, 61, 14, 15, 3
64, 61, 14, 15, 3
64, 61, 14, 15, 3
64, 61, 14, 15, 3
64, 61, 14, 16, 3
64, 61, 14, 16, 3
64, 61, 14, 16, 3
64, 61, 14, 16, 3
64, 61, 14, 16, 3
64, 61, 14, 16, 3
64, 61, 14, 16, 3
64, 61, 14, 16, 3
64, 61, 14, 16, 3
64, 61, 14, 16, 4
64, 61, 14, 16, 4
64, 61, 14, 16, 4
64, 61, 14, 16, 4
64, 61, 14, 16, 4
64, 61, 14, 16, 4
64, 61, 14, 16, 4
64, 61, 14, 16, 4
64, 61, 15, 2, 3
64, 61, 15, 2, 3
64, 61, 15, 2, 3
64, 61, 15, 2, 3
64, 61, 15, 2, 3
64, 61, 15, 2, 3
64, 61, 15, 2, 3
64, 61, 15, 2, 3
64, 61, 15, 2, 3
64, 61, 15, 2, 4
64, 61, 15, 2, 4
64, 61, 15, 2, 4
64, 61, 15, 2, 4
64, 61, 15, 2, 4
64, 61, 15, 2, 4
64, 61, 15, 2, 4
64, 61, 15, 2, 4
64, 61, 15, 3, 2
64, 61, 15, 3, 3
64, 61, 15, 3, 3
64, 61, 15, 3, 3
64, 61, 15, 3, 3
64, 61, 15, 3, 4
64, 61, 15, 3, 4
64, 61, 15, 4, 3
64, 61, 15, 4, 3
64, 61, 15, 4, 3
64, 61, 15, 4, 3
64, 61, 15, 4, 3
64, 61, 15, 4, 3
64, 61, 15, 4, 4
64, 61, 15, 4, 4
64, 61, 15, 4, 4
64, 61, 15, 4, 4
64, 61, 15, 5, 3
64, 61, 15, 5, 3
64, 61, 15, 5, 3
64, 61, 15, 5, 3
64, 61, 15, 5, 3
64, 61, 15, 5, 3
64, 61, 15, 5, 3
64, 61, 15, 5, 3
64, 61, 15, 5, 3
64, 61, 15, 5, 4
64, 61, 15, 10, 2
64, 61, 15, 10, 2
64, 61, 15, 10, 2
64, 61, 15, 11, 2
64, 61, 15, 11, 2
64, 61, 15, 12, 2
64, 61, 15, 12, 2
64, 61, 15, 13, 2
64, 61, 15, 13, 2
64, 61, 15, 13, 2
64, 61, 15, 14, 2
64, 61, 15, 14, 2
64, 61, 15, 16, 2
64, 61, 15, 16, 3
64, 61, 15, 16, 3
64, 61, 15, 16, 3
64, 61, 15, 16, 3
64, 61, 16, 2, 2
64, 61, 16, 2, 3
64, 61, 16, 2, 3
64, 61, 16, 2, 3
64, 61, 16, 2, 3
64, 61, 16, 3, 3
64, 61, 16, 3, 3
64, 61, 16, 3, 3
64, 61, 16, 3, 3
64, 61, 16, 3, 3
64, 61, 16, 3, 3
64, 61, 16, 3, 3
64, 61, 16, 3, 3
64, 61, 16, 3, 3
64, 61, 16, 3, 4
64, 61, 16, 3, 4
64, 61, 16, 3, 4
64, 61, 16, 3, 4
64, 61, 16, 3, 4
64, 61, 16, 3, 4
64, 61, 16, 3, 4
64, 61, 16, 3, 4
64, 61, 16, 4, 2
64, 61, 16, 4, 3
64, 61, 16, 4, 3
64, 61, 16, 4, 3
64, 61, 16, 4, 3
64, 61, 16, 4, 4
64, 61, 16, 4, 4
64, 61, 16, 5, 3
64, 61, 16, 5, 3
64, 61, 16, 5, 3
64, 61, 16, 5, 3
64, 61, 16, 5, 3
64, 61, 16, 5, 3
64, 61, 16, 5, 4
64, 61, 16, 5, 4
64, 61, 16, 5, 4
64, 61, 16, 5, 4
64, 61, 16, 6, 3
64, 61, 16, 6, 3
64, 61, 16, 6, 3
64, 61, 16, 6, 3
64, 61, 16, 6, 3
64, 61, 16, 6, 3
64, 61, 16, 6, 3
64, 61, 16, 6, 3
64, 61, 16, 6, 3
64, 61, 16, 6, 4
64, 61, 16, 11, 2
64, 61, 16, 11, 2
64, 61, 16, 11, 2
64, 61, 16, 12, 2
64, 61, 16, 12, 2
64, 61, 16, 13, 2
64, 61, 16, 13, 2
64, 61, 16, 14, 2
64, 61, 16, 14, 2
64, 61, 16, 14, 2
64, 61, 16, 15, 2
64, 61, 16, 15, 2
65, 1, 1, 0, 2
66, 1, 1, 0, 2
67, 1, 1, 0, 2
Goal
65
66
67
