CG
144
0, 143, 143, 2
0, 143, 142, 3
0, 143, 141, 3
0, 143, 140, 2
0, 143, 139, 3
0, 143, 138, 3
0, 143, 137, 3
0, 143, 136, 3
0, 143, 135, 3
0, 143, 134, 3
0, 143, 133, 3
0, 143, 132, 3
0, 143, 131, 3
0, 143, 130, 4
0, 143, 129, 4
0, 143, 128, 3
0, 143, 127, 4
0, 143, 126, 4
0, 143, 125, 4
0, 143, 124, 4
0, 143, 123, 4
0, 143, 122, 4
0, 143, 121, 4
0, 143, 120, 4
0, 143, 119, 3
0, 143, 118, 4
0, 143, 117, 4
0, 143, 116, 3
0, 143, 115, 4
0, 143, 114, 4
0, 143, 113, 4
0, 143, 112, 4
0, 143, 111, 4
0, 143, 110, 4
0, 143, 109, 4
0, 143, 108, 4
0, 143, 107, 2
0, 143, 106, 3
0, 143, 105, 3
0, 143, 104, 2
0, 143, 103, 3
0, 143, 102, 3
0, 143, 101, 3
0, 143, 100, 3
0, 143, 99, 3
0, 143, 98, 3
0, 143, 97, 3
0, 143, 96, 3
0, 143, 95, 3
0, 143, 94, 4
0, 143, 93, 4
0, 143, 92, 3
0, 143, 91, 4
0, 143, 90, 4
0, 143, 89, 4
0, 143, 88, 4
0, 143, 87, 4
0, 143, 86, 4
0, 143, 85, 4
0, 143, 84, 4
0, 143, 83, 3
0, 143, 82, 4
0, 143, 81, 4
0, 143, 80, 3
0, 143, 79, 4
0, 143, 78, 4
0, 143, 77, 4
0, 143, 76, 4
0, 143, 75, 4
0, 143, 74, 4
0, 143, 73, 4
0, 143, 72, 4
0, 143, 71, 3
0, 143, 70, 4
0, 143, 69, 4
0, 143, 68, 3
0, 143, 67, 4
0, 143, 66, 4
0, 143, 65, 4
0, 143, 64, 4
0, 143, 63, 4
0, 143, 62, 4
0, 143, 61, 4
0, 143, 60, 4
0, 143, 59, 3
0, 143, 58, 4
0, 143, 57, 4
0, 143, 56, 3
0, 143, 55, 4
0, 143, 54, 4
0, 143, 53, 4
0, 143, 52, 4
0, 143, 51, 4
0, 143, 50, 4
0, 143, 49, 4
0, 143, 48, 4
0, 143, 47, 3
0, 143, 46, 4
0, 143, 45, 4
0, 143, 44, 3
0, 143, 43, 4
0, 143, 42, 4
0, 143, 41, 4
0, 143, 40, 4
0, 143, 39, 4
0, 143, 38, 4
0, 143, 37, 4
0, 143, 36, 3
0, 143, 35, 4
0, 143, 34, 4
0, 143, 33, 3
0, 143, 32, 4
0, 143, 31, 4
0, 143, 30, 4
0, 143, 29, 4
0, 143, 28, 4
0, 143, 27, 4
0, 143, 26, 4
0, 143, 25, 4
0, 143, 24, 3
0, 143, 23, 4
0, 143, 22, 4
0, 143, 21, 3
0, 143, 20, 4
0, 143, 19, 4
0, 143, 18, 4
0, 143, 17, 4
0, 143, 16, 4
0, 143, 15, 4
0, 143, 14, 4
0, 143, 13, 4
0, 143, 12, 3
0, 143, 11, 4
0, 143, 10, 4
0, 143, 9, 3
0, 143, 8, 4
0, 143, 7, 4
0, 143, 6, 4
0, 143, 5, 4
0, 143, 4, 4
0, 143, 3, 4
0, 143, 2, 4
0, 143, 1, 4
DTG
0, 2, 0, 1, 1
0, 2, 0, 12, 1
0, 3, 1, 0, 1
0, 3, 1, 4, 1
0, 3, 1, 13, 1
0, 3, 2, 3, 1
0, 3, 2, 11, 1
0, 3, 2, 14, 1
0, 2, 3, 2, 1
0, 2, 3, 15, 1
0, 3, 4, 1, 1
0, 3, 4, 5, 1
0, 3, 4, 16, 1
0, 3, 5, 4, 1
0, 3, 5, 6, 1
0, 3, 5, 17, 1
0, 3, 6, 5, 1
0, 3, 6, 7, 1
0, 3, 6, 18, 1
0, 3, 7, 6, 1
0, 3, 7, 8, 1
0, 3, 7, 19, 1
0, 3, 8, 7, 1
0, 3, 8, 9, 1
0, 3, 8, 20, 1
0, 3, 9, 8, 1
0, 3, 9, 10, 1
0, 3, 9, 21, 1
0, 3, 10, 9, 1
0, 3, 10, 11, 1
0, 3, 10, 22, 1
0, 3, 11, 2, 1
0, 3, 11, 10, 1
0, 3, 11, 23, 1
0, 3, 12, 0, 1
0, 3, 12, 13, 1
0, 3, 12, 48, 1
0, 4, 13, 1, 1
0, 4, 13, 12, 1
0, 4, 13, 16, 1
0, 4, 13, 49, 1
0, 4, 14, 2, 1
0, 4, 14, 15, 1
0, 4, 14, 23, 1
0, 4, 14, 50, 1
0, 3, 15, 3, 1
0, 3, 15, 14, 1
0, 3, 15, 51, 1
0, 4, 16, 4, 1
0, 4, 16, 13, 1
0, 4, 16, 17, 1
0, 4, 16, 52, 1
0, 4, 17, 5, 1
0, 4, 17, 16, 1
0, 4, 17, 18, 1
0, 4, 17, 53, 1
0, 4, 18, 6, 1
0, 4, 18, 17, 1
0, 4, 18, 19, 1
0, 4, 18, 54, 1
0, 4, 19, 7, 1
0, 4, 19, 18, 1
0, 4, 19, 20, 1
0, 4, 19, 55, 1
0, 4, 20, 8, 1
0, 4, 20, 19, 1
0, 4, 20, 21, 1
0, 4, 20, 56, 1
0, 4, 21, 9, 1
0, 4, 21, 20, 1
0, 4, 21, 22, 1
0, 4, 21, 57, 1
0, 4, 22, 10, 1
0, 4, 22, 21, 1
0, 4, 22, 23, 1
0, 4, 22, 58, 1
0, 4, 23, 11, 1
0, 4, 23, 14, 1
0, 4, 23, 22, 1
0, 4, 23, 59, 1
0, 3, 24, 25, 1
0, 3, 24, 36, 1
0, 3, 24, 132, 1
0, 4, 25, 24, 1
0, 4, 25, 28, 1
0, 4, 25, 37, 1
0, 4, 25, 133, 1
0, 4, 26, 27, 1
0, 4, 26, 35, 1
0, 4, 26, 38, 1
0, 4, 26, 134, 1
0, 3, 27, 26, 1
0, 3, 27, 39, 1
0, 3, 27, 135, 1
0, 4, 28, 25, 1
0, 4, 28, 29, 1
0, 4, 28, 40, 1
0, 4, 28, 136, 1
0, 4, 29, 28, 1
0, 4, 29, 30, 1
0, 4, 29, 41, 1
0, 4, 29, 137, 1
0, 4, 30, 29, 1
0, 4, 30, 31, 1
0, 4, 30, 42, 1
0, 4, 30, 138, 1
0, 4, 31, 30, 1
0, 4, 31, 32, 1
0, 4, 31, 43, 1
0, 4, 31, 139, 1
0, 4, 32, 31, 1
0, 4, 32, 33, 1
0, 4, 32, 44, 1
0, 4, 32, 140, 1
0, 4, 33, 32, 1
0, 4, 33, 34, 1
0, 4, 33, 45, 1
0, 4, 33, 141, 1
0, 4, 34, 33, 1
0, 4, 34, 35, 1
0, 4, 34, 46, 1
0, 4, 34, 142, 1
0, 4, 35, 26, 1
0, 4, 35, 34, 1
0, 4, 35, 47, 1
0, 4, 35, 143, 1
0, 2, 36, 24, 1
0, 2, 36, 37, 1
0, 3, 37, 25, 1
0, 3, 37, 36, 1
0, 3, 37, 40, 1
0, 3, 38, 26, 1
0, 3, 38, 39, 1
0, 3, 38, 47, 1
0, 2, 39, 27, 1
0, 2, 39, 38, 1
0, 3, 40, 28, 1
0, 3, 40, 37, 1
0, 3, 40, 41, 1
0, 3, 41, 29, 1
0, 3, 41, 40, 1
0, 3, 41, 42, 1
0, 3, 42, 30, 1
0, 3, 42, 41, 1
0, 3, 42, 43, 1
0, 3, 43, 31, 1
0, 3, 43, 42, 1
0, 3, 43, 44, 1
0, 3, 44, 32, 1
0, 3, 44, 43, 1
0, 3, 44, 45, 1
0, 3, 45, 33, 1
0, 3, 45, 44, 1
0, 3, 45, 46, 1
0, 3, 46, 34, 1
0, 3, 46, 45, 1
0, 3, 46, 47, 1
0, 3, 47, 35, 1
0, 3, 47, 38, 1
0, 3, 47, 46, 1
0, 3, 48, 12, 1
0, 3, 48, 49, 1
0, 3, 48, 60, 1
0, 4, 49, 13, 1
0, 4, 49, 48, 1
0, 4, 49, 52, 1
0, 4, 49, 61, 1
0, 4, 50, 14, 1
0, 4, 50, 51, 1
0, 4, 50, 59, 1
0, 4, 50, 62, 1
0, 3, 51, 15, 1
0, 3, 51, 50, 1
0, 3, 51, 63, 1
0, 4, 52, 16, 1
0, 4, 52, 49, 1
0, 4, 52, 53, 1
0, 4, 52, 64, 1
0, 4, 53, 17, 1
0, 4, 53, 52, 1
0, 4, 53, 54, 1
0, 4, 53, 65, 1
0, 4, 54, 18, 1
0, 4, 54, 53, 1
0, 4, 54, 55, 1
0, 4, 54, 66, 1
0, 4, 55, 19, 1
0, 4, 55, 54, 1
0, 4, 55, 56, 1
0, 4, 55, 67, 1
0, 4, 56, 20, 1
0, 4, 56, 55, 1
0, 4, 56, 57, 1
0, 4, 56, 68, 1
0, 4, 57, 21, 1
0, 4, 57, 56, 1
0, 4, 57, 58, 1
0, 4, 57, 69, 1
0, 4, 58, 22, 1
0, 4, 58, 57, 1
0, 4, 58, 59, 1
0, 4, 58, 70, 1
0, 4, 59, 23, 1
0, 4, 59, 50, 1
0, 4, 59, 58, 1
0, 4, 59, 71, 1
0, 3, 60, 48, 1
0, 3, 60, 61, 1
0, 3, 60, 72, 1
0, 4, 61, 49, 1
0, 4, 61, 60, 1
0, 4, 61, 64, 1
0, 4, 61, 73, 1
0, 4, 62, 50, 1
0, 4, 62, 63, 1
0, 4, 62, 71, 1
0, 4, 62, 74, 1
0, 3, 63, 51, 1
0, 3, 63, 62, 1
0, 3, 63, 75, 1
0, 4, 64, 52, 1
0, 4, 64, 61, 1
0, 4, 64, 65, 1
0, 4, 64, 76, 1
0, 4, 65, 53, 1
0, 4, 65, 64, 1
0, 4, 65, 66, 1
0, 4, 65, 77, 1
0, 4, 66, 54, 1
0, 4, 66, 65, 1
0, 4, 66, 67, 1
0, 4, 66, 78, 1
0, 4, 67, 55, 1
0, 4, 67, 66, 1
0, 4, 67, 68, 1
0, 4, 67, 79, 1
0, 4, 68, 56, 1
0, 4, 68, 67, 1
0, 4, 68, 69, 1
0, 4, 68, 80, 1
0, 4, 69, 57, 1
0, 4, 69, 68, 1
0, 4, 69, 70, 1
0, 4, 69, 81, 1
0, 4, 70, 58, 1
0, 4, 70, 69, 1
0, 4, 70, 71, 1
0, 4, 70, 82, 1
0, 4, 71, 59, 1
0, 4, 71, 62, 1
0, 4, 71, 70, 1
0, 4, 71, 83, 1
0, 3, 72, 60, 1
0, 3, 72, 73, 1
0, 3, 72, 84, 1
0, 4, 73, 61, 1
0, 4, 73, 72, 1
0, 4, 73, 76, 1
0, 4, 73, 85, 1
0, 4, 74, 62, 1
0, 4, 74, 75, 1
0, 4, 74, 83, 1
0, 4, 74, 86, 1
0, 3, 75, 63, 1
0, 3, 75, 74, 1
0, 3, 75, 87, 1
0, 4, 76, 64, 1
0, 4, 76, 73, 1
0, 4, 76, 77, 1
0, 4, 76, 88, 1
0, 4, 77, 65, 1
0, 4, 77, 76, 1
0, 4, 77, 78, 1
0, 4, 77, 89, 1
0, 4, 78, 66, 1
0, 4, 78, 77, 1
0, 4, 78, 79, 1
0, 4, 78, 90, 1
0, 4, 79, 67, 1
0, 4, 79, 78, 1
0, 4, 79, 80, 1
0, 4, 79, 91, 1
0, 4, 80, 68, 1
0, 4, 80, 79, 1
0, 4, 80, 81, 1
0, 4, 80, 92, 1
0, 4, 81, 69, 1
0, 4, 81, 80, 1
0, 4, 81, 82, 1
0, 4, 81, 93, 1
0, 4, 82, 70, 1
0, 4, 82, 81, 1
0, 4, 82, 83, 1
0, 4, 82, 94, 1
0, 4, 83, 71, 1
0, 4, 83, 74, 1
0, 4, 83, 82, 1
0, 4, 83, 95, 1
0, 3, 84, 72, 1
0, 3, 84, 85, 1
0, 3, 84, 96, 1
0, 4, 85, 73, 1
0, 4, 85, 84, 1
0, 4, 85, 88, 1
0, 4, 85, 97, 1
0, 4, 86, 74, 1
0, 4, 86, 87, 1
0, 4, 86, 95, 1
0, 4, 86, 98, 1
0, 3, 87, 75, 1
0, 3, 87, 86, 1
0, 3, 87, 99, 1
0, 4, 88, 76, 1
0, 4, 88, 85, 1
0, 4, 88, 89, 1
0, 4, 88, 100, 1
0, 4, 89, 77, 1
0, 4, 89, 88, 1
0, 4, 89, 90, 1
0, 4, 89, 101, 1
0, 4, 90, 78, 1
0, 4, 90, 89, 1
0, 4, 90, 91, 1
0, 4, 90, 102, 1
0, 4, 91, 79, 1
0, 4, 91, 90, 1
0, 4, 91, 92, 1
0, 4, 91, 103, 1
0, 4, 92, 80, 1
0, 4, 92, 91, 1
0, 4, 92, 93, 1
0, 4, 92, 104, 1
0, 4, 93, 81, 1
0, 4, 93, 92, 1
0, 4, 93, 94, 1
0, 4, 93, 105, 1
0, 4, 94, 82, 1
0, 4, 94, 93, 1
0, 4, 94, 95, 1
0, 4, 94, 106, 1
0, 4, 95, 83, 1
0, 4, 95, 86, 1
0, 4, 95, 94, 1
0, 4, 95, 107, 1
0, 3, 96, 84, 1
0, 3, 96, 97, 1
0, 3, 96, 108, 1
0, 4, 97, 85, 1
0, 4, 97, 96, 1
0, 4, 97, 100, 1
0, 4, 97, 109, 1
0, 4, 98, 86, 1
0, 4, 98, 99, 1
0, 4, 98, 107, 1
0, 4, 98, 110, 1
0, 3, 99, 87, 1
0, 3, 99, 98, 1
0, 3, 99, 111, 1
0, 4, 100, 88, 1
0, 4, 100, 97, 1
0, 4, 100, 101, 1
0, 4, 100, 112, 1
0, 4, 101, 89, 1
0, 4, 101, 100, 1
0, 4, 101, 102, 1
0, 4, 101, 113, 1
0, 4, 102, 90, 1
0, 4, 102, 101, 1
0, 4, 102, 103, 1
0, 4, 102, 114, 1
0, 4, 103, 91, 1
0, 4, 103, 102, 1
0, 4, 103, 104, 1
0, 4, 103, 115, 1
0, 4, 104, 92, 1
0, 4, 104, 103, 1
0, 4, 104, 105, 1
0, 4, 104, 116, 1
0, 4, 105, 93, 1
0, 4, 105, 104, 1
0, 4, 105, 106, 1
0, 4, 105, 117, 1
0, 4, 106, 94, 1
0, 4, 106, 105, 1
0, 4, 106, 107, 1
0, 4, 106, 118, 1
0, 4, 107, 95, 1
0, 4, 107, 98, 1
0, 4, 107, 106, 1
0, 4, 107, 119, 1
0, 3, 108, 96, 1
0, 3, 108, 109, 1
0, 3, 108, 120, 1
0, 4, 109, 97, 1
0, 4, 109, 108, 1
0, 4, 109, 112, 1
0, 4, 109, 121, 1
0, 4, 110, 98, 1
0, 4, 110, 111, 1
0, 4, 110, 119, 1
0, 4, 110, 122, 1
0, 3, 111, 99, 1
0, 3, 111, 110, 1
0, 3, 111, 123, 1
0, 4, 112, 100, 1
0, 4, 112, 109, 1
0, 4, 112, 113, 1
0, 4, 112, 124, 1
0, 4, 113, 101, 1
0, 4, 113, 112, 1
0, 4, 113, 114, 1
0, 4, 113, 125, 1
0, 4, 114, 102, 1
0, 4, 114, 113, 1
0, 4, 114, 115, 1
0, 4, 114, 126, 1
0, 4, 115, 103, 1
0, 4, 115, 114, 1
0, 4, 115, 116, 1
0, 4, 115, 127, 1
0, 4, 116, 104, 1
0, 4, 116, 115, 1
0, 4, 116, 117, 1
0, 4, 116, 128, 1
0, 4, 117, 105, 1
0, 4, 117, 116, 1
0, 4, 117, 118, 1
0, 4, 117, 129, 1
0, 4, 118, 106, 1
0, 4, 118, 117, 1
0, 4, 118, 119, 1
0, 4, 118, 130, 1
0, 4, 119, 107, 1
0, 4, 119, 110, 1
0, 4, 119, 118, 1
0, 4, 119, 131, 1
0, 3, 120, 108, 1
0, 3, 120, 121, 1
0, 3, 120, 132, 1
0, 4, 121, 109, 1
0, 4, 121, 120, 1
0, 4, 121, 124, 1
0, 4, 121, 133, 1
0, 4, 122, 110, 1
0, 4, 122, 123, 1
0, 4, 122, 131, 1
0, 4, 122, 134, 1
0, 3, 123, 111, 1
0, 3, 123, 122, 1
0, 3, 123, 135, 1
0, 4, 124, 112, 1
0, 4, 124, 121, 1
0, 4, 124, 125, 1
0, 4, 124, 136, 1
0, 4, 125, 113, 1
0, 4, 125, 124, 1
0, 4, 125, 126, 1
0, 4, 125, 137, 1
0, 4, 126, 114, 1
0, 4, 126, 125, 1
0, 4, 126, 127, 1
0, 4, 126, 138, 1
0, 4, 127, 115, 1
0, 4, 127, 126, 1
0, 4, 127, 128, 1
0, 4, 127, 139, 1
0, 4, 128, 116, 1
0, 4, 128, 127, 1
0, 4, 128, 129, 1
0, 4, 128, 140, 1
0, 4, 129, 117, 1
0, 4, 129, 128, 1
0, 4, 129, 130, 1
0, 4, 129, 141, 1
0, 4, 130, 118, 1
0, 4, 130, 129, 1
0, 4, 130, 131, 1
0, 4, 130, 142, 1
0, 4, 131, 119, 1
0, 4, 131, 122, 1
0, 4, 131, 130, 1
0, 4, 131, 143, 1
0, 3, 132, 24, 1
0, 3, 132, 120, 1
0, 3, 132, 133, 1
0, 4, 133, 25, 1
0, 4, 133, 121, 1
0, 4, 133, 132, 1
0, 4, 133, 136, 1
0, 4, 134, 26, 1
0, 4, 134, 122, 1
0, 4, 134, 135, 1
0, 4, 134, 143, 1
0, 3, 135, 27, 1
0, 3, 135, 123, 1
0, 3, 135, 134, 1
0, 4, 136, 28, 1
0, 4, 136, 124, 1
0, 4, 136, 133, 1
0, 4, 136, 137, 1
0, 4, 137, 29, 1
0, 4, 137, 125, 1
0, 4, 137, 136, 1
0, 4, 137, 138, 1
0, 4, 138, 30, 1
0, 4, 138, 126, 1
0, 4, 138, 137, 1
0, 4, 138, 139, 1
0, 4, 139, 31, 1
0, 4, 139, 127, 1
0, 4, 139, 138, 1
0, 4, 139, 140, 1
0, 4, 140, 32, 1
0, 4, 140, 128, 1
0, 4, 140, 139, 1
0, 4, 140, 141, 1
0, 4, 141, 33, 1
0, 4, 141, 129, 1
0, 4, 141, 140, 1
0, 4, 141, 142, 1
0, 4, 142, 34, 1
0, 4, 142, 130, 1
0, 4, 142, 141, 1
0, 4, 142, 143, 1
0, 4, 143, 35, 1
0, 4, 143, 131, 1
0, 4, 143, 134, 1
0, 4, 143, 142, 1
1, 4, 1, 0, 2
1, 4, 1, 0, 2
1, 4, 1, 0, 2
1, 4, 1, 0, 2
2, 4, 1, 0, 2
2, 4, 1, 0, 2
2, 4, 1, 0, 2
2, 4, 1, 0, 2
3, 4, 1, 0, 2
3, 4, 1, 0, 2
3, 4, 1, 0, 2
3, 4, 1, 0, 2
4, 4, 1, 0, 2
4, 4, 1, 0, 2
4, 4, 1, 0, 2
4, 4, 1, 0, 2
5, 4, 1, 0, 2
5, 4, 1, 0, 2
5, 4, 1, 0, 2
5, 4, 1, 0, 2
6, 4, 1, 0, 2
6, 4, 1, 0, 2
6, 4, 1, 0, 2
6, 4, 1, 0, 2
7, 4, 1, 0, 2
7, 4, 1, 0, 2
7, 4, 1, 0, 2
7, 4, 1, 0, 2
8, 4, 1, 0, 2
8, 4, 1, 0, 2
8, 4, 1, 0, 2
8, 4, 1, 0, 2
9, 3, 1, 0, 2
9, 3, 1, 0, 2
9, 3, 1, 0, 2
10, 4, 1, 0, 2
10, 4, 1, 0, 2
10, 4, 1, 0, 2
10, 4, 1, 0, 2
11, 4, 1, 0, 2
11, 4, 1, 0, 2
11, 4, 1, 0, 2
11, 4, 1, 0, 2
12, 3, 1, 0, 2
12, 3, 1, 0, 2
12, 3, 1, 0, 2
13, 4, 1, 0, 2
13, 4, 1, 0, 2
13, 4, 1, 0, 2
13, 4, 1, 0, 2
14, 4, 1, 0, 2
14, 4, 1, 0, 2
14, 4, 1, 0, 2
14, 4, 1, 0, 2
15, 4, 1, 0, 2
15, 4, 1, 0, 2
15, 4, 1, 0, 2
15, 4, 1, 0, 2
16, 4, 1, 0, 2
16, 4, 1, 0, 2
16, 4, 1, 0, 2
16, 4, 1, 0, 2
17, 4, 1, 0, 2
17, 4, 1, 0, 2
17, 4, 1, 0, 2
17, 4, 1, 0, 2
18, 4, 1, 0, 2
18, 4, 1, 0, 2
18, 4, 1, 0, 2
18, 4, 1, 0, 2
19, 4, 1, 0, 2
19, 4, 1, 0, 2
19, 4, 1, 0, 2
19, 4, 1, 0, 2
20, 4, 1, 0, 2
20, 4, 1, 0, 2
20, 4, 1, 0, 2
20, 4, 1, 0, 2
21, 3, 1, 0, 2
21, 3, 1, 0, 2
21, 3, 1, 0, 2
22, 4, 1, 0, 2
22, 4, 1, 0, 2
22, 4, 1, 0, 2
22, 4, 1, 0, 2
23, 4, 1, 0, 2
23, 4, 1, 0, 2
23, 4, 1, 0, 2
23, 4, 1, 0, 2
24, 3, 1, 0, 2
24, 3, 1, 0, 2
24, 3, 1, 0, 2
25, 4, 1, 0, 2
25, 4, 1, 0, 2
25, 4, 1, 0, 2
25, 4, 1, 0, 2
26, 4, 1, 0, 2
26, 4, 1, 0, 2
26, 4, 1, 0, 2
26, 4, 1, 0, 2
27, 4, 1, 0, 2
27, 4, 1, 0, 2
27, 4, 1, 0, 2
27, 4, 1, 0, 2
28, 4, 1, 0, 2
28, 4, 1, 0, 2
28, 4, 1, 0, 2
28, 4, 1, 0, 2
29, 4, 1, 0, 2
29, 4, 1, 0, 2
29, 4, 1, 0, 2
29, 4, 1, 0, 2
30, 4, 1, 0, 2
30, 4, 1, 0, 2
30, 4, 1, 0, 2
30, 4, 1, 0, 2
31, 4, 1, 0, 2
31, 4, 1, 0, 2
31, 4, 1, 0, 2
31, 4, 1, 0, 2
32, 4, 1, 0, 2
32, 4, 1, 0, 2
32, 4, 1, 0, 2
32, 4, 1, 0, 2
33, 3, 1, 0, 2
33, 3, 1, 0, 2
33, 3, 1, 0, 2
34, 4, 1, 0, 2
34, 4, 1, 0, 2
34, 4, 1, 0, 2
34, 4, 1, 0, 2
35, 4, 1, 0, 2
35, 4, 1, 0, 2
35, 4, 1, 0, 2
35, 4, 1, 0, 2
36, 3, 1, 0, 2
36, 3, 1, 0, 2
36, 3, 1, 0, 2
37, 4, 1, 0, 2
37, 4, 1, 0, 2
37, 4, 1, 0, 2
37, 4, 1, 0, 2
38, 4, 1, 0, 2
38, 4, 1, 0, 2
38, 4, 1, 0, 2
38, 4, 1, 0, 2
39, 4, 1, 0, 2
39, 4, 1, 0, 2
39, 4, 1, 0, 2
39, 4, 1, 0, 2
40, 4, 1, 0, 2
40, 4, 1, 0, 2
40, 4, 1, 0, 2
40, 4, 1, 0, 2
41, 4, 1, 0, 2
41, 4, 1, 0, 2
41, 4, 1, 0, 2
41, 4, 1, 0, 2
42, 4, 1, 0, 2
42, 4, 1, 0, 2
42, 4, 1, 0, 2
42, 4, 1, 0, 2
43, 4, 1, 0, 2
43, 4, 1, 0, 2
43, 4, 1, 0, 2
43, 4, 1, 0, 2
44, 3, 1, 0, 2
44, 3, 1, 0, 2
44, 3, 1, 0, 2
45, 4, 1, 0, 2
45, 4, 1, 0, 2
45, 4, 1, 0, 2
45, 4, 1, 0, 2
46, 4, 1, 0, 2
46, 4, 1, 0, 2
46, 4, 1, 0, 2
46, 4, 1, 0, 2
47, 3, 1, 0, 2
47, 3, 1, 0, 2
47, 3, 1, 0, 2
48, 4, 1, 0, 2
48, 4, 1, 0, 2
48, 4, 1, 0, 2
48, 4, 1, 0, 2
49, 4, 1, 0, 2
49, 4, 1, 0, 2
49, 4, 1, 0, 2
49, 4, 1, 0, 2
50, 4, 1, 0, 2
50, 4, 1, 0, 2
50, 4, 1, 0, 2
50, 4, 1, 0, 2
51, 4, 1, 0, 2
51, 4, 1, 0, 2
51, 4, 1, 0, 2
51, 4, 1, 0, 2
52, 4, 1, 0, 2
52, 4, 1, 0, 2
52, 4, 1, 0, 2
52, 4, 1, 0, 2
53, 4, 1, 0, 2
53, 4, 1, 0, 2
53, 4, 1, 0, 2
53, 4, 1, 0, 2
54, 4, 1, 0, 2
54, 4, 1, 0, 2
54, 4, 1, 0, 2
54, 4, 1, 0, 2
55, 4, 1, 0, 2
55, 4, 1, 0, 2
55, 4, 1, 0, 2
55, 4, 1, 0, 2
56, 3, 1, 0, 2
56, 3, 1, 0, 2
56, 3, 1, 0, 2
57, 4, 1, 0, 2
57, 4, 1, 0, 2
57, 4, 1, 0, 2
57, 4, 1, 0, 2
58, 4, 1, 0, 2
58, 4, 1, 0, 2
58, 4, 1, 0, 2
58, 4, 1, 0, 2
59, 3, 1, 0, 2
59, 3, 1, 0, 2
59, 3, 1, 0, 2
60, 4, 1, 0, 2
60, 4, 1, 0, 2
60, 4, 1, 0, 2
60, 4, 1, 0, 2
61, 4, 1, 0, 2
61, 4, 1, 0, 2
61, 4, 1, 0, 2
61, 4, 1, 0, 2
62, 4, 1, 0, 2
62, 4, 1, 0, 2
62, 4, 1, 0, 2
62, 4, 1, 0, 2
63, 4, 1, 0, 2
63, 4, 1, 0, 2
63, 4, 1, 0, 2
63, 4, 1, 0, 2
64, 4, 1, 0, 2
64, 4, 1, 0, 2
64, 4, 1, 0, 2
64, 4, 1, 0, 2
65, 4, 1, 0, 2
65, 4, 1, 0, 2
65, 4, 1, 0, 2
65, 4, 1, 0, 2
66, 4, 1, 0, 2
66, 4, 1, 0, 2
66, 4, 1, 0, 2
66, 4, 1, 0, 2
67, 4, 1, 0, 2
67, 4, 1, 0, 2
67, 4, 1, 0, 2
67, 4, 1, 0, 2
68, 3, 1, 0, 2
68, 3, 1, 0, 2
68, 3, 1, 0, 2
69, 4, 1, 0, 2
69, 4, 1, 0, 2
69, 4, 1, 0, 2
69, 4, 1, 0, 2
70, 4, 1, 0, 2
70, 4, 1, 0, 2
70, 4, 1, 0, 2
70, 4, 1, 0, 2
71, 3, 1, 0, 2
71, 3, 1, 0, 2
71, 3, 1, 0, 2
72, 4, 1, 0, 2
72, 4, 1, 0, 2
72, 4, 1, 0, 2
72, 4, 1, 0, 2
73, 4, 1, 0, 2
73, 4, 1, 0, 2
73, 4, 1, 0, 2
73, 4, 1, 0, 2
74, 4, 1, 0, 2
74, 4, 1, 0, 2
74, 4, 1, 0, 2
74, 4, 1, 0, 2
75, 4, 1, 0, 2
75, 4, 1, 0, 2
75, 4, 1, 0, 2
75, 4, 1, 0, 2
76, 4, 1, 0, 2
76, 4, 1, 0, 2
76, 4, 1, 0, 2
76, 4, 1, 0, 2
77, 4, 1, 0, 2
77, 4, 1, 0, 2
77, 4, 1, 0, 2
77, 4, 1, 0, 2
78, 4, 1, 0, 2
78, 4, 1, 0, 2
78, 4, 1, 0, 2
78, 4, 1, 0, 2
79, 4, 1, 0, 2
79, 4, 1, 0, 2
79, 4, 1, 0, 2
79, 4, 1, 0, 2
80, 3, 1, 0, 2
80, 3, 1, 0, 2
80, 3, 1, 0, 2
81, 4, 1, 0, 2
81, 4, 1, 0, 2
81, 4, 1, 0, 2
81, 4, 1, 0, 2
82, 4, 1, 0, 2
82, 4, 1, 0, 2
82, 4, 1, 0, 2
82, 4, 1, 0, 2
83, 3, 1, 0, 2
83, 3, 1, 0, 2
83, 3, 1, 0, 2
84, 4, 1, 0, 2
84, 4, 1, 0, 2
84, 4, 1, 0, 2
84, 4, 1, 0, 2
85, 4, 1, 0, 2
85, 4, 1, 0, 2
85, 4, 1, 0, 2
85, 4, 1, 0, 2
86, 4, 1, 0, 2
86, 4, 1, 0, 2
86, 4, 1, 0, 2
86, 4, 1, 0, 2
87, 4, 1, 0, 2
87, 4, 1, 0, 2
87, 4, 1, 0, 2
87, 4, 1, 0, 2
88, 4, 1, 0, 2
88, 4, 1, 0, 2
88, 4, 1, 0, 2
88, 4, 1, 0, 2
89, 4, 1, 0, 2
89, 4, 1, 0, 2
89, 4, 1, 0, 2
89, 4, 1, 0, 2
90, 4, 1, 0, 2
90, 4, 1, 0, 2
90, 4, 1, 0, 2
90, 4, 1, 0, 2
91, 4, 1, 0, 2
91, 4, 1, 0, 2
91, 4, 1, 0, 2
91, 4, 1, 0, 2
92, 3, 1, 0, 2
92, 3, 1, 0, 2
92, 3, 1, 0, 2
93, 4, 1, 0, 2
93, 4, 1, 0, 2
93, 4, 1, 0, 2
93, 4, 1, 0, 2
94, 4, 1, 0, 2
94, 4, 1, 0, 2
94, 4, 1, 0, 2
94, 4, 1, 0, 2
95, 3, 1, 0, 2
95, 3, 1, 0, 2
95, 3, 1, 0, 2
96, 3, 1, 0, 2
96, 3, 1, 0, 2
96, 3, 1, 0, 2
97, 3, 1, 0, 2
97, 3, 1, 0, 2
97, 3, 1, 0, 2
98, 3, 1, 0, 2
98, 3, 1, 0, 2
98, 3, 1, 0, 2
99, 3, 1, 0, 2
99, 3, 1, 0, 2
99, 3, 1, 0, 2
100, 3, 1, 0, 2
100, 3, 1, 0, 2
100, 3, 1, 0, 2
101, 3, 1, 0, 2
101, 3, 1, 0, 2
101, 3, 1, 0, 2
102, 3, 1, 0, 2
102, 3, 1, 0, 2
102, 3, 1, 0, 2
103, 3, 1, 0, 2
103, 3, 1, 0, 2
103, 3, 1, 0, 2
104, 2, 1, 0, 2
104, 2, 1, 0, 2
105, 3, 1, 0, 2
105, 3, 1, 0, 2
105, 3, 1, 0, 2
106, 3, 1, 0, 2
106, 3, 1, 0, 2
106, 3, 1, 0, 2
107, 2, 1, 0, 2
107, 2, 1, 0, 2
108, 4, 1, 0, 2
108, 4, 1, 0, 2
108, 4, 1, 0, 2
108, 4, 1, 0, 2
109, 4, 1, 0, 2
109, 4, 1, 0, 2
109, 4, 1, 0, 2
109, 4, 1, 0, 2
110, 4, 1, 0, 2
110, 4, 1, 0, 2
110, 4, 1, 0, 2
110, 4, 1, 0, 2
111, 4, 1, 0, 2
111, 4, 1, 0, 2
111, 4, 1, 0, 2
111, 4, 1, 0, 2
112, 4, 1, 0, 2
112, 4, 1, 0, 2
112, 4, 1, 0, 2
112, 4, 1, 0, 2
113, 4, 1, 0, 2
113, 4, 1, 0, 2
113, 4, 1, 0, 2
113, 4, 1, 0, 2
114, 4, 1, 0, 2
114, 4, 1, 0, 2
114, 4, 1, 0, 2
114, 4, 1, 0, 2
115, 4, 1, 0, 2
115, 4, 1, 0, 2
115, 4, 1, 0, 2
115, 4, 1, 0, 2
116, 3, 1, 0, 2
116, 3, 1, 0, 2
116, 3, 1, 0, 2
117, 4, 1, 0, 2
117, 4, 1, 0, 2
117, 4, 1, 0, 2
117, 4, 1, 0, 2
118, 4, 1, 0, 2
118, 4, 1, 0, 2
118, 4, 1, 0, 2
118, 4, 1, 0, 2
119, 3, 1, 0, 2
119, 3, 1, 0, 2
119, 3, 1, 0, 2
120, 4, 1, 0, 2
120, 4, 1, 0, 2
120, 4, 1, 0, 2
120, 4, 1, 0, 2
121, 4, 1, 0, 2
121, 4, 1, 0, 2
121, 4, 1, 0, 2
121, 4, 1, 0, 2
122, 4, 1, 0, 2
122, 4, 1, 0, 2
122, 4, 1, 0, 2
122, 4, 1, 0, 2
123, 4, 1, 0, 2
123, 4, 1, 0, 2
123, 4, 1, 0, 2
123, 4, 1, 0, 2
124, 4, 1, 0, 2
124, 4, 1, 0, 2
124, 4, 1, 0, 2
124, 4, 1, 0, 2
125, 4, 1, 0, 2
125, 4, 1, 0, 2
125, 4, 1, 0, 2
125, 4, 1, 0, 2
126, 4, 1, 0, 2
126, 4, 1, 0, 2
126, 4, 1, 0, 2
126, 4, 1, 0, 2
127, 4, 1, 0, 2
127, 4, 1, 0, 2
127, 4, 1, 0, 2
127, 4, 1, 0, 2
128, 3, 1, 0, 2
128, 3, 1, 0, 2
128, 3, 1, 0, 2
129, 4, 1, 0, 2
129, 4, 1, 0, 2
129, 4, 1, 0, 2
129, 4, 1, 0, 2
130, 4, 1, 0, 2
130, 4, 1, 0, 2
130, 4, 1, 0, 2
130, 4, 1, 0, 2
131, 3, 1, 0, 2
131, 3, 1, 0, 2
131, 3, 1, 0, 2
132, 3, 1, 0, 2
132, 3, 1, 0, 2
132, 3, 1, 0, 2
133, 3, 1, 0, 2
133, 3, 1, 0, 2
133, 3, 1, 0, 2
134, 3, 1, 0, 2
134, 3, 1, 0, 2
134, 3, 1, 0, 2
135, 3, 1, 0, 2
135, 3, 1, 0, 2
135, 3, 1, 0, 2
136, 3, 1, 0, 2
136, 3, 1, 0, 2
136, 3, 1, 0, 2
137, 3, 1, 0, 2
137, 3, 1, 0, 2
137, 3, 1, 0, 2
138, 3, 1, 0, 2
138, 3, 1, 0, 2
138, 3, 1, 0, 2
139, 3, 1, 0, 2
139, 3, 1, 0, 2
139, 3, 1, 0, 2
140, 2, 1, 0, 2
140, 2, 1, 0, 2
141, 3, 1, 0, 2
141, 3, 1, 0, 2
141, 3, 1, 0, 2
142, 3, 1, 0, 2
142, 3, 1, 0, 2
142, 3, 1, 0, 2
143, 2, 1, 0, 2
143, 2, 1, 0, 2
Goal
1
2
3
4
5
6
7
8
9
10
11
12
13
14
15
16
17
18
19
20
21
22
23
24
25
26
27
28
29
30
31
32
33
34
35
36
37
38
39
40
41
42
43
44
45
46
47
48
49
50
51
52
53
54
55
56
57
58
59
60
61
62
63
64
65
66
67
68
69
70
71
72
73
74
75
76
77
78
79
80
81
82
83
84
85
86
87
88
89
90
91
92
93
94
95
96
97
98
99
100
101
102
103
104
105
106
107
108
109
110
111
112
113
114
115
116
117
118
119
120
121
122
123
124
125
126
127
128
129
130
131
132
133
134
135
136
137
138
139
140
141
142
143
