CG
59
0, 2, 39, 7
0, 2, 42, 7
1, 2, 35, 4
1, 2, 49, 4
2, 2, 41, 8
2, 2, 42, 8
3, 2, 52, 16
3, 2, 56, 16
4, 2, 44, 8
4, 2, 49, 8
5, 2, 26, 5
5, 2, 49, 5
6, 2, 36, 13
6, 2, 56, 13
7, 2, 27, 5
7, 2, 42, 5
8, 2, 37, 13
8, 2, 56, 13
9, 2, 51, 12
9, 2, 56, 12
10, 2, 31, 4
10, 2, 42, 4
11, 2, 55, 15
11, 2, 56, 15
12, 2, 33, 4
12, 2, 49, 4
13, 2, 50, 12
13, 2, 56, 12
14, 2, 29, 4
14, 2, 42, 4
15, 2, 30, 8
15, 2, 42, 8
16, 2, 32, 8
16, 2, 49, 8
17, 2, 53, 15
17, 2, 56, 15
18, 2, 38, 7
18, 2, 42, 7
19, 2, 40, 8
19, 2, 42, 8
20, 2, 54, 16
20, 2, 56, 16
21, 2, 47, 8
21, 2, 49, 8
22, 2, 34, 8
22, 2, 49, 8
23, 2, 46, 16
23, 2, 56, 16
24, 7, 36, 13
24, 7, 40, 24
24, 7, 29, 4
24, 7, 31, 8
24, 7, 41, 24
24, 7, 56, 13
24, 7, 42, 75
25, 6, 37, 13
25, 6, 33, 4
25, 6, 35, 4
25, 6, 44, 24
25, 6, 56, 13
25, 6, 49, 47
26, 8, 36, 13
26, 8, 47, 24
26, 8, 33, 4
26, 8, 35, 8
26, 8, 44, 24
26, 8, 5, 1
26, 8, 56, 13
26, 8, 49, 75
27, 7, 37, 13
27, 7, 29, 4
27, 7, 31, 4
27, 7, 41, 24
27, 7, 7, 1
27, 7, 56, 13
27, 7, 42, 47
28, 8, 46, 16
28, 8, 40, 16
28, 8, 29, 4
28, 8, 31, 8
28, 8, 38, 7
28, 8, 39, 7
28, 8, 56, 16
28, 8, 42, 66
29, 6, 50, 12
29, 6, 38, 7
29, 6, 39, 21
29, 6, 14, 1
29, 6, 56, 12
29, 6, 42, 48
30, 9, 43, 16
30, 9, 40, 24
30, 9, 29, 4
30, 9, 31, 4
30, 9, 41, 16
30, 9, 39, 7
30, 9, 15, 1
30, 9, 56, 16
30, 9, 42, 79
31, 6, 51, 12
31, 6, 38, 14
31, 6, 39, 14
31, 6, 10, 1
31, 6, 56, 12
31, 6, 42, 52
32, 9, 43, 16
32, 9, 47, 24
32, 9, 33, 4
32, 9, 35, 4
32, 9, 44, 16
32, 9, 48, 7
32, 9, 16, 1
32, 9, 56, 16
32, 9, 49, 79
33, 6, 50, 12
33, 6, 45, 7
33, 6, 48, 21
33, 6, 12, 1
33, 6, 56, 12
33, 6, 49, 48
34, 9, 46, 16
34, 9, 47, 16
34, 9, 33, 4
34, 9, 35, 8
34, 9, 45, 7
34, 9, 48, 7
34, 9, 22, 1
34, 9, 56, 16
34, 9, 49, 66
35, 6, 51, 12
35, 6, 45, 14
35, 6, 48, 14
35, 6, 1, 1
35, 6, 56, 12
35, 6, 49, 52
36, 10, 26, 5
36, 10, 24, 5
36, 10, 54, 48
36, 10, 50, 12
36, 10, 51, 24
36, 10, 52, 48
36, 10, 6, 1
36, 10, 56, 184
36, 10, 49, 5
36, 10, 42, 5
37, 9, 25, 5
37, 9, 27, 5
37, 9, 50, 12
37, 9, 51, 12
37, 9, 52, 48
37, 9, 8, 1
37, 9, 56, 124
37, 9, 49, 5
37, 9, 42, 5
38, 4, 53, 15
38, 4, 18, 1
38, 4, 56, 15
38, 4, 42, 42
39, 4, 55, 15
39, 4, 0, 1
39, 4, 56, 15
39, 4, 42, 49
40, 6, 54, 16
40, 6, 38, 7
40, 6, 39, 7
40, 6, 19, 1
40, 6, 56, 16
40, 6, 42, 70
41, 5, 52, 16
41, 5, 38, 7
41, 5, 2, 1
41, 5, 56, 16
41, 5, 42, 63
42, 10, 28, 24
42, 10, 30, 24
42, 10, 24, 15
42, 10, 27, 15
42, 10, 40, 56
42, 10, 29, 20
42, 10, 31, 24
42, 10, 41, 56
42, 10, 38, 42
42, 10, 39, 49
43, 10, 32, 8
43, 10, 30, 8
43, 10, 54, 48
43, 10, 50, 12
43, 10, 51, 12
43, 10, 52, 32
43, 10, 55, 15
43, 10, 56, 183
43, 10, 49, 8
43, 10, 42, 8
44, 5, 52, 16
44, 5, 45, 7
44, 5, 4, 1
44, 5, 56, 16
44, 5, 49, 63
45, 4, 53, 15
45, 4, 57, 1
45, 4, 56, 15
45, 4, 49, 42
46, 11, 34, 8
46, 11, 28, 8
46, 11, 54, 32
46, 11, 50, 12
46, 11, 51, 24
46, 11, 53, 15
46, 11, 55, 15
46, 11, 23, 1
46, 11, 56, 162
46, 11, 49, 8
46, 11, 42, 8
47, 6, 54, 16
47, 6, 45, 7
47, 6, 48, 7
47, 6, 21, 1
47, 6, 56, 16
47, 6, 49, 70
48, 4, 55, 15
48, 4, 58, 1
48, 4, 56, 15
48, 4, 49, 49
49, 10, 34, 24
49, 10, 32, 24
49, 10, 26, 15
49, 10, 25, 15
49, 10, 47, 56
49, 10, 33, 20
49, 10, 35, 24
49, 10, 44, 56
49, 10, 45, 42
49, 10, 48, 49
50, 8, 33, 4
50, 8, 29, 4
50, 8, 53, 15
50, 8, 55, 45
50, 8, 13, 1
50, 8, 56, 132
50, 8, 49, 4
50, 8, 42, 4
51, 8, 35, 4
51, 8, 31, 4
51, 8, 53, 30
51, 8, 55, 30
51, 8, 9, 1
51, 8, 56, 144
51, 8, 49, 4
51, 8, 42, 4
52, 7, 44, 8
52, 7, 41, 8
52, 7, 53, 15
52, 7, 3, 1
52, 7, 56, 143
52, 7, 49, 8
52, 7, 42, 8
53, 6, 45, 7
53, 6, 38, 7
53, 6, 17, 1
53, 6, 56, 105
53, 6, 49, 7
53, 6, 42, 7
54, 8, 47, 8
54, 8, 40, 8
54, 8, 53, 15
54, 8, 55, 15
54, 8, 20, 1
54, 8, 56, 158
54, 8, 49, 8
54, 8, 42, 8
55, 6, 48, 7
55, 6, 39, 7
55, 6, 11, 1
55, 6, 56, 120
55, 6, 49, 7
55, 6, 42, 7
56, 10, 46, 64
56, 10, 43, 64
56, 10, 36, 52
56, 10, 37, 52
56, 10, 54, 128
56, 10, 50, 72
56, 10, 51, 84
56, 10, 52, 128
56, 10, 53, 105
56, 10, 55, 120
57, 2, 45, 7
57, 2, 49, 7
58, 2, 48, 7
58, 2, 49, 7
DTG
0, 1, 1, 0, 2
1, 1, 1, 0, 2
2, 1, 1, 0, 2
3, 1, 1, 0, 2
4, 1, 1, 0, 2
5, 1, 1, 0, 2
6, 1, 1, 0, 2
7, 1, 1, 0, 2
8, 1, 1, 0, 2
9, 1, 1, 0, 2
10, 1, 1, 0, 2
11, 1, 1, 0, 2
12, 1, 1, 0, 2
13, 1, 1, 0, 2
14, 1, 1, 0, 2
15, 1, 1, 0, 2
16, 1, 1, 0, 2
17, 1, 1, 0, 2
18, 1, 1, 0, 2
19, 1, 1, 0, 2
20, 1, 1, 0, 2
21, 1, 1, 0, 2
22, 1, 1, 0, 2
23, 1, 1, 0, 2
24, 5, 0, 1, 2
24, 5, 0, 1, 2
24, 5, 0, 1, 2
24, 5, 0, 1, 2
24, 5, 0, 1, 2
24, 5, 1, 0, 2
24, 5, 1, 0, 2
24, 5, 1, 0, 2
24, 5, 1, 0, 2
24, 5, 1, 0, 2
25, 5, 0, 1, 2
25, 5, 0, 1, 2
25, 5, 0, 1, 2
25, 5, 0, 1, 2
25, 5, 0, 1, 2
25, 5, 1, 0, 2
25, 5, 1, 0, 2
25, 5, 1, 0, 2
25, 5, 1, 0, 2
25, 5, 1, 0, 2
26, 5, 0, 1, 2
26, 5, 0, 1, 2
26, 5, 0, 1, 2
26, 5, 0, 1, 2
26, 5, 0, 1, 2
26, 10, 1, 0, 3
26, 10, 1, 0, 3
26, 10, 1, 0, 3
26, 10, 1, 0, 3
26, 10, 1, 0, 3
26, 10, 1, 0, 3
26, 10, 1, 0, 3
26, 10, 1, 0, 3
26, 10, 1, 0, 3
26, 10, 1, 0, 3
27, 5, 0, 1, 2
27, 5, 0, 1, 2
27, 5, 0, 1, 2
27, 5, 0, 1, 2
27, 5, 0, 1, 2
27, 10, 1, 0, 3
27, 10, 1, 0, 3
27, 10, 1, 0, 3
27, 10, 1, 0, 3
27, 10, 1, 0, 3
27, 10, 1, 0, 3
27, 10, 1, 0, 3
27, 10, 1, 0, 3
27, 10, 1, 0, 3
27, 10, 1, 0, 3
28, 8, 0, 1, 2
28, 8, 0, 1, 2
28, 8, 0, 1, 2
28, 8, 0, 1, 2
28, 8, 0, 1, 2
28, 8, 0, 1, 2
28, 8, 0, 1, 2
28, 8, 0, 1, 2
28, 8, 1, 0, 2
28, 8, 1, 0, 2
28, 8, 1, 0, 2
28, 8, 1, 0, 2
28, 8, 1, 0, 2
28, 8, 1, 0, 2
28, 8, 1, 0, 2
28, 8, 1, 0, 2
29, 4, 0, 1, 2
29, 4, 0, 1, 2
29, 4, 0, 1, 2
29, 4, 0, 1, 2
29, 16, 1, 0, 3
29, 16, 1, 0, 3
29, 16, 1, 0, 3
29, 16, 1, 0, 3
29, 16, 1, 0, 3
29, 16, 1, 0, 3
29, 16, 1, 0, 3
29, 16, 1, 0, 3
29, 16, 1, 0, 4
29, 16, 1, 0, 4
29, 16, 1, 0, 4
29, 16, 1, 0, 4
29, 16, 1, 0, 4
29, 16, 1, 0, 4
29, 16, 1, 0, 4
29, 16, 1, 0, 4
30, 8, 0, 1, 2
30, 8, 0, 1, 2
30, 8, 0, 1, 2
30, 8, 0, 1, 2
30, 8, 0, 1, 2
30, 8, 0, 1, 2
30, 8, 0, 1, 2
30, 8, 0, 1, 2
30, 16, 1, 0, 3
30, 16, 1, 0, 3
30, 16, 1, 0, 3
30, 16, 1, 0, 3
30, 16, 1, 0, 3
30, 16, 1, 0, 3
30, 16, 1, 0, 3
30, 16, 1, 0, 3
30, 16, 1, 0, 3
30, 16, 1, 0, 3
30, 16, 1, 0, 3
30, 16, 1, 0, 3
30, 16, 1, 0, 3
30, 16, 1, 0, 3
30, 16, 1, 0, 3
30, 16, 1, 0, 3
31, 4, 0, 1, 2
31, 4, 0, 1, 2
31, 4, 0, 1, 2
31, 4, 0, 1, 2
31, 20, 1, 0, 3
31, 20, 1, 0, 3
31, 20, 1, 0, 3
31, 20, 1, 0, 3
31, 20, 1, 0, 3
31, 20, 1, 0, 3
31, 20, 1, 0, 3
31, 20, 1, 0, 3
31, 20, 1, 0, 4
31, 20, 1, 0, 4
31, 20, 1, 0, 4
31, 20, 1, 0, 4
31, 20, 1, 0, 4
31, 20, 1, 0, 4
31, 20, 1, 0, 4
31, 20, 1, 0, 4
31, 20, 1, 0, 4
31, 20, 1, 0, 4
31, 20, 1, 0, 4
31, 20, 1, 0, 4
32, 8, 0, 1, 2
32, 8, 0, 1, 2
32, 8, 0, 1, 2
32, 8, 0, 1, 2
32, 8, 0, 1, 2
32, 8, 0, 1, 2
32, 8, 0, 1, 2
32, 8, 0, 1, 2
32, 16, 1, 0, 3
32, 16, 1, 0, 3
32, 16, 1, 0, 3
32, 16, 1, 0, 3
32, 16, 1, 0, 3
32, 16, 1, 0, 3
32, 16, 1, 0, 3
32, 16, 1, 0, 3
32, 16, 1, 0, 3
32, 16, 1, 0, 3
32, 16, 1, 0, 3
32, 16, 1, 0, 3
32, 16, 1, 0, 3
32, 16, 1, 0, 3
32, 16, 1, 0, 3
32, 16, 1, 0, 3
33, 4, 0, 1, 2
33, 4, 0, 1, 2
33, 4, 0, 1, 2
33, 4, 0, 1, 2
33, 16, 1, 0, 3
33, 16, 1, 0, 3
33, 16, 1, 0, 3
33, 16, 1, 0, 3
33, 16, 1, 0, 3
33, 16, 1, 0, 3
33, 16, 1, 0, 3
33, 16, 1, 0, 3
33, 16, 1, 0, 4
33, 16, 1, 0, 4
33, 16, 1, 0, 4
33, 16, 1, 0, 4
33, 16, 1, 0, 4
33, 16, 1, 0, 4
33, 16, 1, 0, 4
33, 16, 1, 0, 4
34, 8, 0, 1, 2
34, 8, 0, 1, 2
34, 8, 0, 1, 2
34, 8, 0, 1, 2
34, 8, 0, 1, 2
34, 8, 0, 1, 2
34, 8, 0, 1, 2
34, 8, 0, 1, 2
34, 16, 1, 0, 3
34, 16, 1, 0, 3
34, 16, 1, 0, 3
34, 16, 1, 0, 3
34, 16, 1, 0, 3
34, 16, 1, 0, 3
34, 16, 1, 0, 3
34, 16, 1, 0, 3
34, 16, 1, 0, 3
34, 16, 1, 0, 3
34, 16, 1, 0, 3
34, 16, 1, 0, 3
34, 16, 1, 0, 3
34, 16, 1, 0, 3
34, 16, 1, 0, 3
34, 16, 1, 0, 3
35, 4, 0, 1, 2
35, 4, 0, 1, 2
35, 4, 0, 1, 2
35, 4, 0, 1, 2
35, 20, 1, 0, 3
35, 20, 1, 0, 3
35, 20, 1, 0, 3
35, 20, 1, 0, 3
35, 20, 1, 0, 3
35, 20, 1, 0, 3
35, 20, 1, 0, 3
35, 20, 1, 0, 3
35, 20, 1, 0, 4
35, 20, 1, 0, 4
35, 20, 1, 0, 4
35, 20, 1, 0, 4
35, 20, 1, 0, 4
35, 20, 1, 0, 4
35, 20, 1, 0, 4
35, 20, 1, 0, 4
35, 20, 1, 0, 4
35, 20, 1, 0, 4
35, 20, 1, 0, 4
35, 20, 1, 0, 4
36, 13, 0, 1, 2
36, 13, 0, 1, 2
36, 13, 0, 1, 2
36, 13, 0, 1, 2
36, 13, 0, 1, 2
36, 13, 0, 1, 2
36, 13, 0, 1, 2
36, 13, 0, 1, 2
36, 13, 0, 1, 2
36, 13, 0, 1, 2
36, 13, 0, 1, 2
36, 13, 0, 1, 2
36, 13, 0, 1, 2
36, 39, 1, 0, 3
36, 39, 1, 0, 3
36, 39, 1, 0, 3
36, 39, 1, 0, 3
36, 39, 1, 0, 3
36, 39, 1, 0, 3
36, 39, 1, 0, 3
36, 39, 1, 0, 3
36, 39, 1, 0, 3
36, 39, 1, 0, 3
36, 39, 1, 0, 3
36, 39, 1, 0, 3
36, 39, 1, 0, 3
36, 39, 1, 0, 3
36, 39, 1, 0, 3
36, 39, 1, 0, 3
36, 39, 1, 0, 3
36, 39, 1, 0, 3
36, 39, 1, 0, 3
36, 39, 1, 0, 3
36, 39, 1, 0, 3
36, 39, 1, 0, 3
36, 39, 1, 0, 3
36, 39, 1, 0, 3
36, 39, 1, 0, 3
36, 39, 1, 0, 3
36, 39, 1, 0, 3
36, 39, 1, 0, 3
36, 39, 1, 0, 3
36, 39, 1, 0, 3
36, 39, 1, 0, 3
36, 39, 1, 0, 3
36, 39, 1, 0, 3
36, 39, 1, 0, 3
36, 39, 1, 0, 3
36, 39, 1, 0, 3
36, 39, 1, 0, 3
36, 39, 1, 0, 3
36, 39, 1, 0, 3
37, 13, 0, 1, 2
37, 13, 0, 1, 2
37, 13, 0, 1, 2
37, 13, 0, 1, 2
37, 13, 0, 1, 2
37, 13, 0, 1, 2
37, 13, 0, 1, 2
37, 13, 0, 1, 2
37, 13, 0, 1, 2
37, 13, 0, 1, 2
37, 13, 0, 1, 2
37, 13, 0, 1, 2
37, 13, 0, 1, 2
37, 39, 1, 0, 3
37, 39, 1, 0, 3
37, 39, 1, 0, 3
37, 39, 1, 0, 3
37, 39, 1, 0, 3
37, 39, 1, 0, 3
37, 39, 1, 0, 3
37, 39, 1, 0, 3
37, 39, 1, 0, 3
37, 39, 1, 0, 3
37, 39, 1, 0, 3
37, 39, 1, 0, 3
37, 39, 1, 0, 3
37, 39, 1, 0, 3
37, 39, 1, 0, 3
37, 39, 1, 0, 3
37, 39, 1, 0, 3
37, 39, 1, 0, 3
37, 39, 1, 0, 3
37, 39, 1, 0, 3
37, 39, 1, 0, 3
37, 39, 1, 0, 3
37, 39, 1, 0, 3
37, 39, 1, 0, 3
37, 39, 1, 0, 3
37, 39, 1, 0, 3
37, 39, 1, 0, 3
37, 39, 1, 0, 3
37, 39, 1, 0, 3
37, 39, 1, 0, 3
37, 39, 1, 0, 3
37, 39, 1, 0, 3
37, 39, 1, 0, 3
37, 39, 1, 0, 3
37, 39, 1, 0, 3
37, 39, 1, 0, 3
37, 39, 1, 0, 3
37, 39, 1, 0, 3
37, 39, 1, 0, 3
38, 7, 0, 1, 2
38, 7, 0, 1, 2
38, 7, 0, 1, 2
38, 7, 0, 1, 2
38, 7, 0, 1, 2
38, 7, 0, 1, 2
38, 7, 0, 1, 2
38, 35, 1, 0, 3
38, 35, 1, 0, 3
38, 35, 1, 0, 3
38, 35, 1, 0, 3
38, 35, 1, 0, 3
38, 35, 1, 0, 3
38, 35, 1, 0, 3
38, 35, 1, 0, 3
38, 35, 1, 0, 3
38, 35, 1, 0, 3
38, 35, 1, 0, 3
38, 35, 1, 0, 3
38, 35, 1, 0, 3
38, 35, 1, 0, 3
38, 35, 1, 0, 4
38, 35, 1, 0, 4
38, 35, 1, 0, 4
38, 35, 1, 0, 4
38, 35, 1, 0, 4
38, 35, 1, 0, 4
38, 35, 1, 0, 4
38, 35, 1, 0, 4
38, 35, 1, 0, 4
38, 35, 1, 0, 4
38, 35, 1, 0, 4
38, 35, 1, 0, 4
38, 35, 1, 0, 4
38, 35, 1, 0, 4
38, 35, 1, 0, 4
38, 35, 1, 0, 4
38, 35, 1, 0, 4
38, 35, 1, 0, 4
38, 35, 1, 0, 4
38, 35, 1, 0, 4
38, 35, 1, 0, 4
39, 7, 0, 1, 2
39, 7, 0, 1, 2
39, 7, 0, 1, 2
39, 7, 0, 1, 2
39, 7, 0, 1, 2
39, 7, 0, 1, 2
39, 7, 0, 1, 2
39, 42, 1, 0, 3
39, 42, 1, 0, 3
39, 42, 1, 0, 3
39, 42, 1, 0, 3
39, 42, 1, 0, 3
39, 42, 1, 0, 3
39, 42, 1, 0, 3
39, 42, 1, 0, 3
39, 42, 1, 0, 3
39, 42, 1, 0, 3
39, 42, 1, 0, 3
39, 42, 1, 0, 3
39, 42, 1, 0, 3
39, 42, 1, 0, 3
39, 42, 1, 0, 4
39, 42, 1, 0, 4
39, 42, 1, 0, 4
39, 42, 1, 0, 4
39, 42, 1, 0, 4
39, 42, 1, 0, 4
39, 42, 1, 0, 4
39, 42, 1, 0, 4
39, 42, 1, 0, 4
39, 42, 1, 0, 4
39, 42, 1, 0, 4
39, 42, 1, 0, 4
39, 42, 1, 0, 4
39, 42, 1, 0, 4
39, 42, 1, 0, 4
39, 42, 1, 0, 4
39, 42, 1, 0, 4
39, 42, 1, 0, 4
39, 42, 1, 0, 4
39, 42, 1, 0, 4
39, 42, 1, 0, 4
39, 42, 1, 0, 4
39, 42, 1, 0, 4
39, 42, 1, 0, 4
39, 42, 1, 0, 4
39, 42, 1, 0, 4
39, 42, 1, 0, 4
39, 42, 1, 0, 4
40, 8, 0, 1, 2
40, 8, 0, 1, 2
40, 8, 0, 1, 2
40, 8, 0, 1, 2
40, 8, 0, 1, 2
40, 8, 0, 1, 2
40, 8, 0, 1, 2
40, 8, 0, 1, 2
40, 40, 1, 0, 3
40, 40, 1, 0, 3
40, 40, 1, 0, 3
40, 40, 1, 0, 3
40, 40, 1, 0, 3
40, 40, 1, 0, 3
40, 40, 1, 0, 3
40, 40, 1, 0, 3
40, 40, 1, 0, 3
40, 40, 1, 0, 3
40, 40, 1, 0, 3
40, 40, 1, 0, 3
40, 40, 1, 0, 3
40, 40, 1, 0, 3
40, 40, 1, 0, 3
40, 40, 1, 0, 3
40, 40, 1, 0, 4
40, 40, 1, 0, 4
40, 40, 1, 0, 4
40, 40, 1, 0, 4
40, 40, 1, 0, 4
40, 40, 1, 0, 4
40, 40, 1, 0, 4
40, 40, 1, 0, 4
40, 40, 1, 0, 4
40, 40, 1, 0, 4
40, 40, 1, 0, 4
40, 40, 1, 0, 4
40, 40, 1, 0, 4
40, 40, 1, 0, 4
40, 40, 1, 0, 4
40, 40, 1, 0, 4
40, 40, 1, 0, 4
40, 40, 1, 0, 4
40, 40, 1, 0, 4
40, 40, 1, 0, 4
40, 40, 1, 0, 4
40, 40, 1, 0, 4
40, 40, 1, 0, 4
40, 40, 1, 0, 4
41, 8, 0, 1, 2
41, 8, 0, 1, 2
41, 8, 0, 1, 2
41, 8, 0, 1, 2
41, 8, 0, 1, 2
41, 8, 0, 1, 2
41, 8, 0, 1, 2
41, 8, 0, 1, 2
41, 40, 1, 0, 3
41, 40, 1, 0, 3
41, 40, 1, 0, 3
41, 40, 1, 0, 3
41, 40, 1, 0, 3
41, 40, 1, 0, 3
41, 40, 1, 0, 3
41, 40, 1, 0, 3
41, 40, 1, 0, 3
41, 40, 1, 0, 3
41, 40, 1, 0, 3
41, 40, 1, 0, 3
41, 40, 1, 0, 3
41, 40, 1, 0, 3
41, 40, 1, 0, 3
41, 40, 1, 0, 3
41, 40, 1, 0, 4
41, 40, 1, 0, 4
41, 40, 1, 0, 4
41, 40, 1, 0, 4
41, 40, 1, 0, 4
41, 40, 1, 0, 4
41, 40, 1, 0, 4
41, 40, 1, 0, 4
41, 40, 1, 0, 4
41, 40, 1, 0, 4
41, 40, 1, 0, 4
41, 40, 1, 0, 4
41, 40, 1, 0, 4
41, 40, 1, 0, 4
41, 40, 1, 0, 4
41, 40, 1, 0, 4
41, 40, 1, 0, 4
41, 40, 1, 0, 4
41, 40, 1, 0, 4
41, 40, 1, 0, 4
41, 40, 1, 0, 4
41, 40, 1, 0, 4
41, 40, 1, 0, 4
41, 40, 1, 0, 4
42, 36, 0, 1, 2
42, 36, 0, 1, 3
42, 36, 0, 1, 3
42, 36, 0, 1, 3
42, 36, 0, 1, 3
42, 36, 0, 1, 3
42, 36, 0, 1, 3
42, 36, 0, 1, 4
42, 36, 0, 1, 4
42, 36, 0, 1, 4
42, 36, 0, 1, 4
42, 36, 0, 1, 4
42, 36, 0, 1, 4
42, 36, 0, 2, 3
42, 36, 0, 2, 3
42, 36, 0, 2, 3
42, 36, 0, 2, 3
42, 36, 0, 2, 4
42, 36, 0, 2, 4
42, 36, 0, 2, 4
42, 36, 0, 2, 4
42, 36, 0, 2, 4
42, 36, 0, 2, 4
42, 36, 0, 2, 4
42, 36, 0, 4, 2
42, 36, 0, 4, 3
42, 36, 0, 4, 3
42, 36, 0, 5, 3
42, 36, 0, 5, 3
42, 36, 0, 5, 3
42, 36, 0, 5, 3
42, 36, 0, 5, 4
42, 36, 0, 5, 4
42, 36, 0, 5, 4
42, 36, 0, 5, 4
42, 36, 0, 5, 4
42, 40, 1, 0, 2
42, 40, 1, 0, 2
42, 40, 1, 0, 2
42, 40, 1, 0, 2
42, 40, 1, 2, 2
42, 40, 1, 2, 3
42, 40, 1, 2, 3
42, 40, 1, 2, 3
42, 40, 1, 2, 3
42, 40, 1, 2, 3
42, 40, 1, 2, 3
42, 40, 1, 2, 4
42, 40, 1, 2, 4
42, 40, 1, 2, 4
42, 40, 1, 2, 4
42, 40, 1, 2, 4
42, 40, 1, 2, 4
42, 40, 1, 3, 3
42, 40, 1, 3, 3
42, 40, 1, 3, 3
42, 40, 1, 3, 3
42, 40, 1, 3, 4
42, 40, 1, 3, 4
42, 40, 1, 3, 4
42, 40, 1, 3, 4
42, 40, 1, 3, 4
42, 40, 1, 3, 4
42, 40, 1, 3, 4
42, 40, 1, 5, 2
42, 40, 1, 5, 3
42, 40, 1, 5, 3
42, 40, 1, 6, 3
42, 40, 1, 6, 3
42, 40, 1, 6, 3
42, 40, 1, 6, 3
42, 40, 1, 6, 4
42, 40, 1, 6, 4
42, 40, 1, 6, 4
42, 40, 1, 6, 4
42, 40, 1, 6, 4
42, 42, 2, 0, 2
42, 42, 2, 0, 2
42, 42, 2, 1, 2
42, 42, 2, 1, 2
42, 42, 2, 1, 2
42, 42, 2, 1, 2
42, 42, 2, 3, 2
42, 42, 2, 3, 3
42, 42, 2, 3, 3
42, 42, 2, 3, 3
42, 42, 2, 3, 3
42, 42, 2, 3, 3
42, 42, 2, 3, 3
42, 42, 2, 3, 4
42, 42, 2, 3, 4
42, 42, 2, 3, 4
42, 42, 2, 3, 4
42, 42, 2, 3, 4
42, 42, 2, 3, 4
42, 42, 2, 4, 3
42, 42, 2, 4, 3
42, 42, 2, 4, 3
42, 42, 2, 4, 3
42, 42, 2, 4, 4
42, 42, 2, 4, 4
42, 42, 2, 4, 4
42, 42, 2, 4, 4
42, 42, 2, 4, 4
42, 42, 2, 4, 4
42, 42, 2, 4, 4
42, 42, 2, 6, 2
42, 42, 2, 6, 3
42, 42, 2, 6, 3
42, 42, 2, 7, 3
42, 42, 2, 7, 3
42, 42, 2, 7, 3
42, 42, 2, 7, 3
42, 42, 2, 7, 4
42, 42, 2, 7, 4
42, 42, 2, 7, 4
42, 42, 2, 7, 4
42, 42, 2, 7, 4
42, 42, 3, 1, 2
42, 42, 3, 1, 2
42, 42, 3, 2, 2
42, 42, 3, 2, 2
42, 42, 3, 2, 2
42, 42, 3, 2, 2
42, 42, 3, 4, 2
42, 42, 3, 4, 3
42, 42, 3, 4, 3
42, 42, 3, 4, 3
42, 42, 3, 4, 3
42, 42, 3, 4, 3
42, 42, 3, 4, 3
42, 42, 3, 4, 4
42, 42, 3, 4, 4
42, 42, 3, 4, 4
42, 42, 3, 4, 4
42, 42, 3, 4, 4
42, 42, 3, 4, 4
42, 42, 3, 5, 3
42, 42, 3, 5, 3
42, 42, 3, 5, 3
42, 42, 3, 5, 3
42, 42, 3, 5, 4
42, 42, 3, 5, 4
42, 42, 3, 5, 4
42, 42, 3, 5, 4
42, 42, 3, 5, 4
42, 42, 3, 5, 4
42, 42, 3, 5, 4
42, 42, 3, 7, 2
42, 42, 3, 7, 3
42, 42, 3, 7, 3
42, 42, 3, 8, 3
42, 42, 3, 8, 3
42, 42, 3, 8, 3
42, 42, 3, 8, 3
42, 42, 3, 8, 4
42, 42, 3, 8, 4
42, 42, 3, 8, 4
42, 42, 3, 8, 4
42, 42, 3, 8, 4
42, 35, 4, 0, 2
42, 35, 4, 0, 2
42, 35, 4, 2, 2
42, 35, 4, 2, 2
42, 35, 4, 3, 2
42, 35, 4, 3, 2
42, 35, 4, 3, 2
42, 35, 4, 3, 2
42, 35, 4, 5, 2
42, 35, 4, 5, 3
42, 35, 4, 5, 3
42, 35, 4, 5, 3
42, 35, 4, 5, 3
42, 35, 4, 5, 3
42, 35, 4, 5, 3
42, 35, 4, 5, 4
42, 35, 4, 5, 4
42, 35, 4, 5, 4
42, 35, 4, 5, 4
42, 35, 4, 5, 4
42, 35, 4, 5, 4
42, 35, 4, 6, 3
42, 35, 4, 6, 3
42, 35, 4, 6, 3
42, 35, 4, 6, 3
42, 35, 4, 6, 4
42, 35, 4, 6, 4
42, 35, 4, 6, 4
42, 35, 4, 6, 4
42, 35, 4, 6, 4
42, 35, 4, 6, 4
42, 35, 4, 6, 4
42, 35, 4, 8, 2
42, 35, 4, 8, 3
42, 35, 4, 8, 3
42, 34, 5, 0, 2
42, 34, 5, 0, 2
42, 34, 5, 1, 2
42, 34, 5, 1, 2
42, 34, 5, 3, 2
42, 34, 5, 3, 2
42, 34, 5, 4, 2
42, 34, 5, 4, 2
42, 34, 5, 4, 2
42, 34, 5, 4, 2
42, 34, 5, 6, 2
42, 34, 5, 6, 3
42, 34, 5, 6, 3
42, 34, 5, 6, 3
42, 34, 5, 6, 3
42, 34, 5, 6, 3
42, 34, 5, 6, 3
42, 34, 5, 6, 4
42, 34, 5, 6, 4
42, 34, 5, 6, 4
42, 34, 5, 6, 4
42, 34, 5, 6, 4
42, 34, 5, 6, 4
42, 34, 5, 7, 3
42, 34, 5, 7, 3
42, 34, 5, 7, 3
42, 34, 5, 7, 3
42, 34, 5, 7, 4
42, 34, 5, 7, 4
42, 34, 5, 7, 4
42, 34, 5, 7, 4
42, 34, 5, 7, 4
42, 34, 5, 7, 4
42, 34, 5, 7, 4
42, 34, 6, 1, 2
42, 34, 6, 1, 2
42, 34, 6, 2, 2
42, 34, 6, 2, 2
42, 34, 6, 4, 2
42, 34, 6, 4, 2
42, 34, 6, 5, 2
42, 34, 6, 5, 2
42, 34, 6, 5, 2
42, 34, 6, 5, 2
42, 34, 6, 7, 2
42, 34, 6, 7, 3
42, 34, 6, 7, 3
42, 34, 6, 7, 3
42, 34, 6, 7, 3
42, 34, 6, 7, 3
42, 34, 6, 7, 3
42, 34, 6, 7, 4
42, 34, 6, 7, 4
42, 34, 6, 7, 4
42, 34, 6, 7, 4
42, 34, 6, 7, 4
42, 34, 6, 7, 4
42, 34, 6, 8, 3
42, 34, 6, 8, 3
42, 34, 6, 8, 3
42, 34, 6, 8, 3
42, 34, 6, 8, 4
42, 34, 6, 8, 4
42, 34, 6, 8, 4
42, 34, 6, 8, 4
42, 34, 6, 8, 4
42, 34, 6, 8, 4
42, 34, 6, 8, 4
42, 23, 7, 2, 2
42, 23, 7, 2, 2
42, 23, 7, 3, 2
42, 23, 7, 3, 2
42, 23, 7, 5, 2
42, 23, 7, 5, 2
42, 23, 7, 6, 2
42, 23, 7, 6, 2
42, 23, 7, 6, 2
42, 23, 7, 6, 2
42, 23, 7, 8, 2
42, 23, 7, 8, 3
42, 23, 7, 8, 3
42, 23, 7, 8, 3
42, 23, 7, 8, 3
42, 23, 7, 8, 3
42, 23, 7, 8, 3
42, 23, 7, 8, 4
42, 23, 7, 8, 4
42, 23, 7, 8, 4
42, 23, 7, 8, 4
42, 23, 7, 8, 4
42, 23, 7, 8, 4
42, 10, 8, 3, 2
42, 10, 8, 3, 2
42, 10, 8, 4, 2
42, 10, 8, 4, 2
42, 10, 8, 6, 2
42, 10, 8, 6, 2
42, 10, 8, 7, 2
42, 10, 8, 7, 2
42, 10, 8, 7, 2
42, 10, 8, 7, 2
43, 16, 0, 1, 2
43, 16, 0, 1, 2
43, 16, 0, 1, 2
43, 16, 0, 1, 2
43, 16, 0, 1, 2
43, 16, 0, 1, 2
43, 16, 0, 1, 2
43, 16, 0, 1, 2
43, 16, 0, 1, 2
43, 16, 0, 1, 2
43, 16, 0, 1, 2
43, 16, 0, 1, 2
43, 16, 0, 1, 2
43, 16, 0, 1, 2
43, 16, 0, 1, 2
43, 16, 0, 1, 2
43, 32, 1, 0, 2
43, 32, 1, 0, 2
43, 32, 1, 0, 2
43, 32, 1, 0, 2
43, 32, 1, 0, 2
43, 32, 1, 0, 2
43, 32, 1, 0, 2
43, 32, 1, 0, 2
43, 32, 1, 0, 2
43, 32, 1, 0, 2
43, 32, 1, 0, 2
43, 32, 1, 0, 2
43, 32, 1, 0, 2
43, 32, 1, 0, 2
43, 32, 1, 0, 2
43, 32, 1, 0, 2
43, 32, 1, 0, 3
43, 32, 1, 0, 3
43, 32, 1, 0, 3
43, 32, 1, 0, 3
43, 32, 1, 0, 3
43, 32, 1, 0, 3
43, 32, 1, 0, 3
43, 32, 1, 0, 3
43, 32, 1, 0, 3
43, 32, 1, 0, 3
43, 32, 1, 0, 3
43, 32, 1, 0, 3
43, 32, 1, 0, 3
43, 32, 1, 0, 3
43, 32, 1, 0, 3
43, 32, 1, 0, 3
44, 8, 0, 1, 2
44, 8, 0, 1, 2
44, 8, 0, 1, 2
44, 8, 0, 1, 2
44, 8, 0, 1, 2
44, 8, 0, 1, 2
44, 8, 0, 1, 2
44, 8, 0, 1, 2
44, 40, 1, 0, 3
44, 40, 1, 0, 3
44, 40, 1, 0, 3
44, 40, 1, 0, 3
44, 40, 1, 0, 3
44, 40, 1, 0, 3
44, 40, 1, 0, 3
44, 40, 1, 0, 3
44, 40, 1, 0, 3
44, 40, 1, 0, 3
44, 40, 1, 0, 3
44, 40, 1, 0, 3
44, 40, 1, 0, 3
44, 40, 1, 0, 3
44, 40, 1, 0, 3
44, 40, 1, 0, 3
44, 40, 1, 0, 4
44, 40, 1, 0, 4
44, 40, 1, 0, 4
44, 40, 1, 0, 4
44, 40, 1, 0, 4
44, 40, 1, 0, 4
44, 40, 1, 0, 4
44, 40, 1, 0, 4
44, 40, 1, 0, 4
44, 40, 1, 0, 4
44, 40, 1, 0, 4
44, 40, 1, 0, 4
44, 40, 1, 0, 4
44, 40, 1, 0, 4
44, 40, 1, 0, 4
44, 40, 1, 0, 4
44, 40, 1, 0, 4
44, 40, 1, 0, 4
44, 40, 1, 0, 4
44, 40, 1, 0, 4
44, 40, 1, 0, 4
44, 40, 1, 0, 4
44, 40, 1, 0, 4
44, 40, 1, 0, 4
45, 7, 0, 1, 2
45, 7, 0, 1, 2
45, 7, 0, 1, 2
45, 7, 0, 1, 2
45, 7, 0, 1, 2
45, 7, 0, 1, 2
45, 7, 0, 1, 2
45, 35, 1, 0, 3
45, 35, 1, 0, 3
45, 35, 1, 0, 3
45, 35, 1, 0, 3
45, 35, 1, 0, 3
45, 35, 1, 0, 3
45, 35, 1, 0, 3
45, 35, 1, 0, 3
45, 35, 1, 0, 3
45, 35, 1, 0, 3
45, 35, 1, 0, 3
45, 35, 1, 0, 3
45, 35, 1, 0, 3
45, 35, 1, 0, 3
45, 35, 1, 0, 4
45, 35, 1, 0, 4
45, 35, 1, 0, 4
45, 35, 1, 0, 4
45, 35, 1, 0, 4
45, 35, 1, 0, 4
45, 35, 1, 0, 4
45, 35, 1, 0, 4
45, 35, 1, 0, 4
45, 35, 1, 0, 4
45, 35, 1, 0, 4
45, 35, 1, 0, 4
45, 35, 1, 0, 4
45, 35, 1, 0, 4
45, 35, 1, 0, 4
45, 35, 1, 0, 4
45, 35, 1, 0, 4
45, 35, 1, 0, 4
45, 35, 1, 0, 4
45, 35, 1, 0, 4
45, 35, 1, 0, 4
46, 16, 0, 1, 2
46, 16, 0, 1, 2
46, 16, 0, 1, 2
46, 16, 0, 1, 2
46, 16, 0, 1, 2
46, 16, 0, 1, 2
46, 16, 0, 1, 2
46, 16, 0, 1, 2
46, 16, 0, 1, 2
46, 16, 0, 1, 2
46, 16, 0, 1, 2
46, 16, 0, 1, 2
46, 16, 0, 1, 2
46, 16, 0, 1, 2
46, 16, 0, 1, 2
46, 16, 0, 1, 2
46, 48, 1, 0, 3
46, 48, 1, 0, 3
46, 48, 1, 0, 3
46, 48, 1, 0, 3
46, 48, 1, 0, 3
46, 48, 1, 0, 3
46, 48, 1, 0, 3
46, 48, 1, 0, 3
46, 48, 1, 0, 3
46, 48, 1, 0, 3
46, 48, 1, 0, 3
46, 48, 1, 0, 3
46, 48, 1, 0, 3
46, 48, 1, 0, 3
46, 48, 1, 0, 3
46, 48, 1, 0, 3
46, 48, 1, 0, 3
46, 48, 1, 0, 3
46, 48, 1, 0, 3
46, 48, 1, 0, 3
46, 48, 1, 0, 3
46, 48, 1, 0, 3
46, 48, 1, 0, 3
46, 48, 1, 0, 3
46, 48, 1, 0, 3
46, 48, 1, 0, 3
46, 48, 1, 0, 3
46, 48, 1, 0, 3
46, 48, 1, 0, 3
46, 48, 1, 0, 3
46, 48, 1, 0, 3
46, 48, 1, 0, 3
46, 48, 1, 0, 3
46, 48, 1, 0, 3
46, 48, 1, 0, 3
46, 48, 1, 0, 3
46, 48, 1, 0, 3
46, 48, 1, 0, 3
46, 48, 1, 0, 3
46, 48, 1, 0, 3
46, 48, 1, 0, 3
46, 48, 1, 0, 3
46, 48, 1, 0, 3
46, 48, 1, 0, 3
46, 48, 1, 0, 3
46, 48, 1, 0, 3
46, 48, 1, 0, 3
46, 48, 1, 0, 3
47, 8, 0, 1, 2
47, 8, 0, 1, 2
47, 8, 0, 1, 2
47, 8, 0, 1, 2
47, 8, 0, 1, 2
47, 8, 0, 1, 2
47, 8, 0, 1, 2
47, 8, 0, 1, 2
47, 40, 1, 0, 3
47, 40, 1, 0, 3
47, 40, 1, 0, 3
47, 40, 1, 0, 3
47, 40, 1, 0, 3
47, 40, 1, 0, 3
47, 40, 1, 0, 3
47, 40, 1, 0, 3
47, 40, 1, 0, 3
47, 40, 1, 0, 3
47, 40, 1, 0, 3
47, 40, 1, 0, 3
47, 40, 1, 0, 3
47, 40, 1, 0, 3
47, 40, 1, 0, 3
47, 40, 1, 0, 3
47, 40, 1, 0, 4
47, 40, 1, 0, 4
47, 40, 1, 0, 4
47, 40, 1, 0, 4
47, 40, 1, 0, 4
47, 40, 1, 0, 4
47, 40, 1, 0, 4
47, 40, 1, 0, 4
47, 40, 1, 0, 4
47, 40, 1, 0, 4
47, 40, 1, 0, 4
47, 40, 1, 0, 4
47, 40, 1, 0, 4
47, 40, 1, 0, 4
47, 40, 1, 0, 4
47, 40, 1, 0, 4
47, 40, 1, 0, 4
47, 40, 1, 0, 4
47, 40, 1, 0, 4
47, 40, 1, 0, 4
47, 40, 1, 0, 4
47, 40, 1, 0, 4
47, 40, 1, 0, 4
47, 40, 1, 0, 4
48, 7, 0, 1, 2
48, 7, 0, 1, 2
48, 7, 0, 1, 2
48, 7, 0, 1, 2
48, 7, 0, 1, 2
48, 7, 0, 1, 2
48, 7, 0, 1, 2
48, 42, 1, 0, 3
48, 42, 1, 0, 3
48, 42, 1, 0, 3
48, 42, 1, 0, 3
48, 42, 1, 0, 3
48, 42, 1, 0, 3
48, 42, 1, 0, 3
48, 42, 1, 0, 3
48, 42, 1, 0, 3
48, 42, 1, 0, 3
48, 42, 1, 0, 3
48, 42, 1, 0, 3
48, 42, 1, 0, 3
48, 42, 1, 0, 3
48, 42, 1, 0, 4
48, 42, 1, 0, 4
48, 42, 1, 0, 4
48, 42, 1, 0, 4
48, 42, 1, 0, 4
48, 42, 1, 0, 4
48, 42, 1, 0, 4
48, 42, 1, 0, 4
48, 42, 1, 0, 4
48, 42, 1, 0, 4
48, 42, 1, 0, 4
48, 42, 1, 0, 4
48, 42, 1, 0, 4
48, 42, 1, 0, 4
48, 42, 1, 0, 4
48, 42, 1, 0, 4
48, 42, 1, 0, 4
48, 42, 1, 0, 4
48, 42, 1, 0, 4
48, 42, 1, 0, 4
48, 42, 1, 0, 4
48, 42, 1, 0, 4
48, 42, 1, 0, 4
48, 42, 1, 0, 4
48, 42, 1, 0, 4
48, 42, 1, 0, 4
48, 42, 1, 0, 4
48, 42, 1, 0, 4
49, 37, 0, 1, 3
49, 37, 0, 1, 3
49, 37, 0, 1, 3
49, 37, 0, 1, 3
49, 37, 0, 1, 3
49, 37, 0, 1, 3
49, 37, 0, 1, 3
49, 37, 0, 1, 3
49, 37, 0, 1, 4
49, 37, 0, 1, 4
49, 37, 0, 1, 4
49, 37, 0, 1, 4
49, 37, 0, 1, 4
49, 37, 0, 1, 4
49, 37, 0, 2, 3
49, 37, 0, 2, 3
49, 37, 0, 2, 3
49, 37, 0, 2, 3
49, 37, 0, 2, 4
49, 37, 0, 2, 4
49, 37, 0, 2, 4
49, 37, 0, 2, 4
49, 37, 0, 2, 4
49, 37, 0, 2, 4
49, 37, 0, 2, 4
49, 37, 0, 4, 2
49, 37, 0, 4, 3
49, 37, 0, 4, 3
49, 37, 0, 5, 3
49, 37, 0, 5, 3
49, 37, 0, 5, 3
49, 37, 0, 5, 3
49, 37, 0, 5, 4
49, 37, 0, 5, 4
49, 37, 0, 5, 4
49, 37, 0, 5, 4
49, 37, 0, 5, 4
49, 41, 1, 0, 2
49, 41, 1, 0, 2
49, 41, 1, 0, 2
49, 41, 1, 0, 2
49, 41, 1, 2, 3
49, 41, 1, 2, 3
49, 41, 1, 2, 3
49, 41, 1, 2, 3
49, 41, 1, 2, 3
49, 41, 1, 2, 3
49, 41, 1, 2, 3
49, 41, 1, 2, 3
49, 41, 1, 2, 4
49, 41, 1, 2, 4
49, 41, 1, 2, 4
49, 41, 1, 2, 4
49, 41, 1, 2, 4
49, 41, 1, 2, 4
49, 41, 1, 3, 3
49, 41, 1, 3, 3
49, 41, 1, 3, 3
49, 41, 1, 3, 3
49, 41, 1, 3, 4
49, 41, 1, 3, 4
49, 41, 1, 3, 4
49, 41, 1, 3, 4
49, 41, 1, 3, 4
49, 41, 1, 3, 4
49, 41, 1, 3, 4
49, 41, 1, 5, 2
49, 41, 1, 5, 3
49, 41, 1, 5, 3
49, 41, 1, 6, 3
49, 41, 1, 6, 3
49, 41, 1, 6, 3
49, 41, 1, 6, 3
49, 41, 1, 6, 4
49, 41, 1, 6, 4
49, 41, 1, 6, 4
49, 41, 1, 6, 4
49, 41, 1, 6, 4
49, 43, 2, 0, 2
49, 43, 2, 0, 2
49, 43, 2, 1, 2
49, 43, 2, 1, 2
49, 43, 2, 1, 2
49, 43, 2, 1, 2
49, 43, 2, 3, 3
49, 43, 2, 3, 3
49, 43, 2, 3, 3
49, 43, 2, 3, 3
49, 43, 2, 3, 3
49, 43, 2, 3, 3
49, 43, 2, 3, 3
49, 43, 2, 3, 3
49, 43, 2, 3, 4
49, 43, 2, 3, 4
49, 43, 2, 3, 4
49, 43, 2, 3, 4
49, 43, 2, 3, 4
49, 43, 2, 3, 4
49, 43, 2, 4, 3
49, 43, 2, 4, 3
49, 43, 2, 4, 3
49, 43, 2, 4, 3
49, 43, 2, 4, 4
49, 43, 2, 4, 4
49, 43, 2, 4, 4
49, 43, 2, 4, 4
49, 43, 2, 4, 4
49, 43, 2, 4, 4
49, 43, 2, 4, 4
49, 43, 2, 6, 2
49, 43, 2, 6, 3
49, 43, 2, 6, 3
49, 43, 2, 7, 3
49, 43, 2, 7, 3
49, 43, 2, 7, 3
49, 43, 2, 7, 3
49, 43, 2, 7, 4
49, 43, 2, 7, 4
49, 43, 2, 7, 4
49, 43, 2, 7, 4
49, 43, 2, 7, 4
49, 43, 3, 1, 2
49, 43, 3, 1, 2
49, 43, 3, 2, 2
49, 43, 3, 2, 2
49, 43, 3, 2, 2
49, 43, 3, 2, 2
49, 43, 3, 4, 3
49, 43, 3, 4, 3
49, 43, 3, 4, 3
49, 43, 3, 4, 3
49, 43, 3, 4, 3
49, 43, 3, 4, 3
49, 43, 3, 4, 3
49, 43, 3, 4, 3
49, 43, 3, 4, 4
49, 43, 3, 4, 4
49, 43, 3, 4, 4
49, 43, 3, 4, 4
49, 43, 3, 4, 4
49, 43, 3, 4, 4
49, 43, 3, 5, 3
49, 43, 3, 5, 3
49, 43, 3, 5, 3
49, 43, 3, 5, 3
49, 43, 3, 5, 4
49, 43, 3, 5, 4
49, 43, 3, 5, 4
49, 43, 3, 5, 4
49, 43, 3, 5, 4
49, 43, 3, 5, 4
49, 43, 3, 5, 4
49, 43, 3, 7, 2
49, 43, 3, 7, 3
49, 43, 3, 7, 3
49, 43, 3, 8, 3
49, 43, 3, 8, 3
49, 43, 3, 8, 3
49, 43, 3, 8, 3
49, 43, 3, 8, 4
49, 43, 3, 8, 4
49, 43, 3, 8, 4
49, 43, 3, 8, 4
49, 43, 3, 8, 4
49, 36, 4, 0, 2
49, 36, 4, 0, 2
49, 36, 4, 2, 2
49, 36, 4, 2, 2
49, 36, 4, 3, 2
49, 36, 4, 3, 2
49, 36, 4, 3, 2
49, 36, 4, 3, 2
49, 36, 4, 5, 3
49, 36, 4, 5, 3
49, 36, 4, 5, 3
49, 36, 4, 5, 3
49, 36, 4, 5, 3
49, 36, 4, 5, 3
49, 36, 4, 5, 3
49, 36, 4, 5, 3
49, 36, 4, 5, 4
49, 36, 4, 5, 4
49, 36, 4, 5, 4
49, 36, 4, 5, 4
49, 36, 4, 5, 4
49, 36, 4, 5, 4
49, 36, 4, 6, 3
49, 36, 4, 6, 3
49, 36, 4, 6, 3
49, 36, 4, 6, 3
49, 36, 4, 6, 4
49, 36, 4, 6, 4
49, 36, 4, 6, 4
49, 36, 4, 6, 4
49, 36, 4, 6, 4
49, 36, 4, 6, 4
49, 36, 4, 6, 4
49, 36, 4, 8, 2
49, 36, 4, 8, 3
49, 36, 4, 8, 3
49, 35, 5, 0, 2
49, 35, 5, 0, 2
49, 35, 5, 1, 2
49, 35, 5, 1, 2
49, 35, 5, 3, 2
49, 35, 5, 3, 2
49, 35, 5, 4, 2
49, 35, 5, 4, 2
49, 35, 5, 4, 2
49, 35, 5, 4, 2
49, 35, 5, 6, 3
49, 35, 5, 6, 3
49, 35, 5, 6, 3
49, 35, 5, 6, 3
49, 35, 5, 6, 3
49, 35, 5, 6, 3
49, 35, 5, 6, 3
49, 35, 5, 6, 3
49, 35, 5, 6, 4
49, 35, 5, 6, 4
49, 35, 5, 6, 4
49, 35, 5, 6, 4
49, 35, 5, 6, 4
49, 35, 5, 6, 4
49, 35, 5, 7, 3
49, 35, 5, 7, 3
49, 35, 5, 7, 3
49, 35, 5, 7, 3
49, 35, 5, 7, 4
49, 35, 5, 7, 4
49, 35, 5, 7, 4
49, 35, 5, 7, 4
49, 35, 5, 7, 4
49, 35, 5, 7, 4
49, 35, 5, 7, 4
49, 35, 6, 1, 2
49, 35, 6, 1, 2
49, 35, 6, 2, 2
49, 35, 6, 2, 2
49, 35, 6, 4, 2
49, 35, 6, 4, 2
49, 35, 6, 5, 2
49, 35, 6, 5, 2
49, 35, 6, 5, 2
49, 35, 6, 5, 2
49, 35, 6, 7, 3
49, 35, 6, 7, 3
49, 35, 6, 7, 3
49, 35, 6, 7, 3
49, 35, 6, 7, 3
49, 35, 6, 7, 3
49, 35, 6, 7, 3
49, 35, 6, 7, 3
49, 35, 6, 7, 4
49, 35, 6, 7, 4
49, 35, 6, 7, 4
49, 35, 6, 7, 4
49, 35, 6, 7, 4
49, 35, 6, 7, 4
49, 35, 6, 8, 3
49, 35, 6, 8, 3
49, 35, 6, 8, 3
49, 35, 6, 8, 3
49, 35, 6, 8, 4
49, 35, 6, 8, 4
49, 35, 6, 8, 4
49, 35, 6, 8, 4
49, 35, 6, 8, 4
49, 35, 6, 8, 4
49, 35, 6, 8, 4
49, 24, 7, 2, 2
49, 24, 7, 2, 2
49, 24, 7, 3, 2
49, 24, 7, 3, 2
49, 24, 7, 5, 2
49, 24, 7, 5, 2
49, 24, 7, 6, 2
49, 24, 7, 6, 2
49, 24, 7, 6, 2
49, 24, 7, 6, 2
49, 24, 7, 8, 3
49, 24, 7, 8, 3
49, 24, 7, 8, 3
49, 24, 7, 8, 3
49, 24, 7, 8, 3
49, 24, 7, 8, 3
49, 24, 7, 8, 3
49, 24, 7, 8, 3
49, 24, 7, 8, 4
49, 24, 7, 8, 4
49, 24, 7, 8, 4
49, 24, 7, 8, 4
49, 24, 7, 8, 4
49, 24, 7, 8, 4
49, 10, 8, 3, 2
49, 10, 8, 3, 2
49, 10, 8, 4, 2
49, 10, 8, 4, 2
49, 10, 8, 6, 2
49, 10, 8, 6, 2
49, 10, 8, 7, 2
49, 10, 8, 7, 2
49, 10, 8, 7, 2
49, 10, 8, 7, 2
50, 12, 0, 1, 2
50, 12, 0, 1, 2
50, 12, 0, 1, 2
50, 12, 0, 1, 2
50, 12, 0, 1, 2
50, 12, 0, 1, 2
50, 12, 0, 1, 2
50, 12, 0, 1, 2
50, 12, 0, 1, 2
50, 12, 0, 1, 2
50, 12, 0, 1, 2
50, 12, 0, 1, 2
50, 60, 1, 0, 3
50, 60, 1, 0, 3
50, 60, 1, 0, 3
50, 60, 1, 0, 3
50, 60, 1, 0, 3
50, 60, 1, 0, 3
50, 60, 1, 0, 3
50, 60, 1, 0, 3
50, 60, 1, 0, 3
50, 60, 1, 0, 3
50, 60, 1, 0, 3
50, 60, 1, 0, 3
50, 60, 1, 0, 3
50, 60, 1, 0, 3
50, 60, 1, 0, 3
50, 60, 1, 0, 3
50, 60, 1, 0, 3
50, 60, 1, 0, 3
50, 60, 1, 0, 3
50, 60, 1, 0, 3
50, 60, 1, 0, 3
50, 60, 1, 0, 3
50, 60, 1, 0, 3
50, 60, 1, 0, 3
50, 60, 1, 0, 3
50, 60, 1, 0, 3
50, 60, 1, 0, 3
50, 60, 1, 0, 3
50, 60, 1, 0, 3
50, 60, 1, 0, 3
50, 60, 1, 0, 3
50, 60, 1, 0, 3
50, 60, 1, 0, 3
50, 60, 1, 0, 3
50, 60, 1, 0, 3
50, 60, 1, 0, 3
50, 60, 1, 0, 4
50, 60, 1, 0, 4
50, 60, 1, 0, 4
50, 60, 1, 0, 4
50, 60, 1, 0, 4
50, 60, 1, 0, 4
50, 60, 1, 0, 4
50, 60, 1, 0, 4
50, 60, 1, 0, 4
50, 60, 1, 0, 4
50, 60, 1, 0, 4
50, 60, 1, 0, 4
50, 60, 1, 0, 4
50, 60, 1, 0, 4
50, 60, 1, 0, 4
50, 60, 1, 0, 4
50, 60, 1, 0, 4
50, 60, 1, 0, 4
50, 60, 1, 0, 4
50, 60, 1, 0, 4
50, 60, 1, 0, 4
50, 60, 1, 0, 4
50, 60, 1, 0, 4
50, 60, 1, 0, 4
51, 12, 0, 1, 2
51, 12, 0, 1, 2
51, 12, 0, 1, 2
51, 12, 0, 1, 2
51, 12, 0, 1, 2
51, 12, 0, 1, 2
51, 12, 0, 1, 2
51, 12, 0, 1, 2
51, 12, 0, 1, 2
51, 12, 0, 1, 2
51, 12, 0, 1, 2
51, 12, 0, 1, 2
51, 72, 1, 0, 3
51, 72, 1, 0, 3
51, 72, 1, 0, 3
51, 72, 1, 0, 3
51, 72, 1, 0, 3
51, 72, 1, 0, 3
51, 72, 1, 0, 3
51, 72, 1, 0, 3
51, 72, 1, 0, 3
51, 72, 1, 0, 3
51, 72, 1, 0, 3
51, 72, 1, 0, 3
51, 72, 1, 0, 3
51, 72, 1, 0, 3
51, 72, 1, 0, 3
51, 72, 1, 0, 3
51, 72, 1, 0, 3
51, 72, 1, 0, 3
51, 72, 1, 0, 3
51, 72, 1, 0, 3
51, 72, 1, 0, 3
51, 72, 1, 0, 3
51, 72, 1, 0, 3
51, 72, 1, 0, 3
51, 72, 1, 0, 3
51, 72, 1, 0, 3
51, 72, 1, 0, 3
51, 72, 1, 0, 3
51, 72, 1, 0, 3
51, 72, 1, 0, 3
51, 72, 1, 0, 3
51, 72, 1, 0, 3
51, 72, 1, 0, 3
51, 72, 1, 0, 3
51, 72, 1, 0, 3
51, 72, 1, 0, 3
51, 72, 1, 0, 4
51, 72, 1, 0, 4
51, 72, 1, 0, 4
51, 72, 1, 0, 4
51, 72, 1, 0, 4
51, 72, 1, 0, 4
51, 72, 1, 0, 4
51, 72, 1, 0, 4
51, 72, 1, 0, 4
51, 72, 1, 0, 4
51, 72, 1, 0, 4
51, 72, 1, 0, 4
51, 72, 1, 0, 4
51, 72, 1, 0, 4
51, 72, 1, 0, 4
51, 72, 1, 0, 4
51, 72, 1, 0, 4
51, 72, 1, 0, 4
51, 72, 1, 0, 4
51, 72, 1, 0, 4
51, 72, 1, 0, 4
51, 72, 1, 0, 4
51, 72, 1, 0, 4
51, 72, 1, 0, 4
51, 72, 1, 0, 4
51, 72, 1, 0, 4
51, 72, 1, 0, 4
51, 72, 1, 0, 4
51, 72, 1, 0, 4
51, 72, 1, 0, 4
51, 72, 1, 0, 4
51, 72, 1, 0, 4
51, 72, 1, 0, 4
51, 72, 1, 0, 4
51, 72, 1, 0, 4
51, 72, 1, 0, 4
52, 16, 0, 1, 2
52, 16, 0, 1, 2
52, 16, 0, 1, 2
52, 16, 0, 1, 2
52, 16, 0, 1, 2
52, 16, 0, 1, 2
52, 16, 0, 1, 2
52, 16, 0, 1, 2
52, 16, 0, 1, 2
52, 16, 0, 1, 2
52, 16, 0, 1, 2
52, 16, 0, 1, 2
52, 16, 0, 1, 2
52, 16, 0, 1, 2
52, 16, 0, 1, 2
52, 16, 0, 1, 2
52, 96, 1, 0, 3
52, 96, 1, 0, 3
52, 96, 1, 0, 3
52, 96, 1, 0, 3
52, 96, 1, 0, 3
52, 96, 1, 0, 3
52, 96, 1, 0, 3
52, 96, 1, 0, 3
52, 96, 1, 0, 3
52, 96, 1, 0, 3
52, 96, 1, 0, 3
52, 96, 1, 0, 3
52, 96, 1, 0, 3
52, 96, 1, 0, 3
52, 96, 1, 0, 3
52, 96, 1, 0, 3
52, 96, 1, 0, 3
52, 96, 1, 0, 3
52, 96, 1, 0, 3
52, 96, 1, 0, 3
52, 96, 1, 0, 3
52, 96, 1, 0, 3
52, 96, 1, 0, 3
52, 96, 1, 0, 3
52, 96, 1, 0, 3
52, 96, 1, 0, 3
52, 96, 1, 0, 3
52, 96, 1, 0, 3
52, 96, 1, 0, 3
52, 96, 1, 0, 3
52, 96, 1, 0, 3
52, 96, 1, 0, 3
52, 96, 1, 0, 3
52, 96, 1, 0, 3
52, 96, 1, 0, 3
52, 96, 1, 0, 3
52, 96, 1, 0, 3
52, 96, 1, 0, 3
52, 96, 1, 0, 3
52, 96, 1, 0, 3
52, 96, 1, 0, 3
52, 96, 1, 0, 3
52, 96, 1, 0, 3
52, 96, 1, 0, 3
52, 96, 1, 0, 3
52, 96, 1, 0, 3
52, 96, 1, 0, 3
52, 96, 1, 0, 3
52, 96, 1, 0, 4
52, 96, 1, 0, 4
52, 96, 1, 0, 4
52, 96, 1, 0, 4
52, 96, 1, 0, 4
52, 96, 1, 0, 4
52, 96, 1, 0, 4
52, 96, 1, 0, 4
52, 96, 1, 0, 4
52, 96, 1, 0, 4
52, 96, 1, 0, 4
52, 96, 1, 0, 4
52, 96, 1, 0, 4
52, 96, 1, 0, 4
52, 96, 1, 0, 4
52, 96, 1, 0, 4
52, 96, 1, 0, 4
52, 96, 1, 0, 4
52, 96, 1, 0, 4
52, 96, 1, 0, 4
52, 96, 1, 0, 4
52, 96, 1, 0, 4
52, 96, 1, 0, 4
52, 96, 1, 0, 4
52, 96, 1, 0, 4
52, 96, 1, 0, 4
52, 96, 1, 0, 4
52, 96, 1, 0, 4
52, 96, 1, 0, 4
52, 96, 1, 0, 4
52, 96, 1, 0, 4
52, 96, 1, 0, 4
52, 96, 1, 0, 4
52, 96, 1, 0, 4
52, 96, 1, 0, 4
52, 96, 1, 0, 4
52, 96, 1, 0, 4
52, 96, 1, 0, 4
52, 96, 1, 0, 4
52, 96, 1, 0, 4
52, 96, 1, 0, 4
52, 96, 1, 0, 4
52, 96, 1, 0, 4
52, 96, 1, 0, 4
52, 96, 1, 0, 4
52, 96, 1, 0, 4
52, 96, 1, 0, 4
52, 96, 1, 0, 4
53, 15, 0, 1, 2
53, 15, 0, 1, 2
53, 15, 0, 1, 2
53, 15, 0, 1, 2
53, 15, 0, 1, 2
53, 15, 0, 1, 2
53, 15, 0, 1, 2
53, 15, 0, 1, 2
53, 15, 0, 1, 2
53, 15, 0, 1, 2
53, 15, 0, 1, 2
53, 15, 0, 1, 2
53, 15, 0, 1, 2
53, 15, 0, 1, 2
53, 15, 0, 1, 2
53, 90, 1, 0, 3
53, 90, 1, 0, 3
53, 90, 1, 0, 3
53, 90, 1, 0, 3
53, 90, 1, 0, 3
53, 90, 1, 0, 3
53, 90, 1, 0, 3
53, 90, 1, 0, 3
53, 90, 1, 0, 3
53, 90, 1, 0, 3
53, 90, 1, 0, 3
53, 90, 1, 0, 3
53, 90, 1, 0, 3
53, 90, 1, 0, 3
53, 90, 1, 0, 3
53, 90, 1, 0, 3
53, 90, 1, 0, 3
53, 90, 1, 0, 3
53, 90, 1, 0, 3
53, 90, 1, 0, 3
53, 90, 1, 0, 3
53, 90, 1, 0, 3
53, 90, 1, 0, 3
53, 90, 1, 0, 3
53, 90, 1, 0, 3
53, 90, 1, 0, 3
53, 90, 1, 0, 3
53, 90, 1, 0, 3
53, 90, 1, 0, 3
53, 90, 1, 0, 3
53, 90, 1, 0, 3
53, 90, 1, 0, 3
53, 90, 1, 0, 3
53, 90, 1, 0, 3
53, 90, 1, 0, 3
53, 90, 1, 0, 3
53, 90, 1, 0, 3
53, 90, 1, 0, 3
53, 90, 1, 0, 3
53, 90, 1, 0, 3
53, 90, 1, 0, 3
53, 90, 1, 0, 3
53, 90, 1, 0, 3
53, 90, 1, 0, 3
53, 90, 1, 0, 3
53, 90, 1, 0, 4
53, 90, 1, 0, 4
53, 90, 1, 0, 4
53, 90, 1, 0, 4
53, 90, 1, 0, 4
53, 90, 1, 0, 4
53, 90, 1, 0, 4
53, 90, 1, 0, 4
53, 90, 1, 0, 4
53, 90, 1, 0, 4
53, 90, 1, 0, 4
53, 90, 1, 0, 4
53, 90, 1, 0, 4
53, 90, 1, 0, 4
53, 90, 1, 0, 4
53, 90, 1, 0, 4
53, 90, 1, 0, 4
53, 90, 1, 0, 4
53, 90, 1, 0, 4
53, 90, 1, 0, 4
53, 90, 1, 0, 4
53, 90, 1, 0, 4
53, 90, 1, 0, 4
53, 90, 1, 0, 4
53, 90, 1, 0, 4
53, 90, 1, 0, 4
53, 90, 1, 0, 4
53, 90, 1, 0, 4
53, 90, 1, 0, 4
53, 90, 1, 0, 4
53, 90, 1, 0, 4
53, 90, 1, 0, 4
53, 90, 1, 0, 4
53, 90, 1, 0, 4
53, 90, 1, 0, 4
53, 90, 1, 0, 4
53, 90, 1, 0, 4
53, 90, 1, 0, 4
53, 90, 1, 0, 4
53, 90, 1, 0, 4
53, 90, 1, 0, 4
53, 90, 1, 0, 4
53, 90, 1, 0, 4
53, 90, 1, 0, 4
53, 90, 1, 0, 4
54, 16, 0, 1, 2
54, 16, 0, 1, 2
54, 16, 0, 1, 2
54, 16, 0, 1, 2
54, 16, 0, 1, 2
54, 16, 0, 1, 2
54, 16, 0, 1, 2
54, 16, 0, 1, 2
54, 16, 0, 1, 2
54, 16, 0, 1, 2
54, 16, 0, 1, 2
54, 16, 0, 1, 2
54, 16, 0, 1, 2
54, 16, 0, 1, 2
54, 16, 0, 1, 2
54, 16, 0, 1, 2
54, 96, 1, 0, 3
54, 96, 1, 0, 3
54, 96, 1, 0, 3
54, 96, 1, 0, 3
54, 96, 1, 0, 3
54, 96, 1, 0, 3
54, 96, 1, 0, 3
54, 96, 1, 0, 3
54, 96, 1, 0, 3
54, 96, 1, 0, 3
54, 96, 1, 0, 3
54, 96, 1, 0, 3
54, 96, 1, 0, 3
54, 96, 1, 0, 3
54, 96, 1, 0, 3
54, 96, 1, 0, 3
54, 96, 1, 0, 3
54, 96, 1, 0, 3
54, 96, 1, 0, 3
54, 96, 1, 0, 3
54, 96, 1, 0, 3
54, 96, 1, 0, 3
54, 96, 1, 0, 3
54, 96, 1, 0, 3
54, 96, 1, 0, 3
54, 96, 1, 0, 3
54, 96, 1, 0, 3
54, 96, 1, 0, 3
54, 96, 1, 0, 3
54, 96, 1, 0, 3
54, 96, 1, 0, 3
54, 96, 1, 0, 3
54, 96, 1, 0, 3
54, 96, 1, 0, 3
54, 96, 1, 0, 3
54, 96, 1, 0, 3
54, 96, 1, 0, 3
54, 96, 1, 0, 3
54, 96, 1, 0, 3
54, 96, 1, 0, 3
54, 96, 1, 0, 3
54, 96, 1, 0, 3
54, 96, 1, 0, 3
54, 96, 1, 0, 3
54, 96, 1, 0, 3
54, 96, 1, 0, 3
54, 96, 1, 0, 3
54, 96, 1, 0, 3
54, 96, 1, 0, 4
54, 96, 1, 0, 4
54, 96, 1, 0, 4
54, 96, 1, 0, 4
54, 96, 1, 0, 4
54, 96, 1, 0, 4
54, 96, 1, 0, 4
54, 96, 1, 0, 4
54, 96, 1, 0, 4
54, 96, 1, 0, 4
54, 96, 1, 0, 4
54, 96, 1, 0, 4
54, 96, 1, 0, 4
54, 96, 1, 0, 4
54, 96, 1, 0, 4
54, 96, 1, 0, 4
54, 96, 1, 0, 4
54, 96, 1, 0, 4
54, 96, 1, 0, 4
54, 96, 1, 0, 4
54, 96, 1, 0, 4
54, 96, 1, 0, 4
54, 96, 1, 0, 4
54, 96, 1, 0, 4
54, 96, 1, 0, 4
54, 96, 1, 0, 4
54, 96, 1, 0, 4
54, 96, 1, 0, 4
54, 96, 1, 0, 4
54, 96, 1, 0, 4
54, 96, 1, 0, 4
54, 96, 1, 0, 4
54, 96, 1, 0, 4
54, 96, 1, 0, 4
54, 96, 1, 0, 4
54, 96, 1, 0, 4
54, 96, 1, 0, 4
54, 96, 1, 0, 4
54, 96, 1, 0, 4
54, 96, 1, 0, 4
54, 96, 1, 0, 4
54, 96, 1, 0, 4
54, 96, 1, 0, 4
54, 96, 1, 0, 4
54, 96, 1, 0, 4
54, 96, 1, 0, 4
54, 96, 1, 0, 4
54, 96, 1, 0, 4
55, 15, 0, 1, 2
55, 15, 0, 1, 2
55, 15, 0, 1, 2
55, 15, 0, 1, 2
55, 15, 0, 1, 2
55, 15, 0, 1, 2
55, 15, 0, 1, 2
55, 15, 0, 1, 2
55, 15, 0, 1, 2
55, 15, 0, 1, 2
55, 15, 0, 1, 2
55, 15, 0, 1, 2
55, 15, 0, 1, 2
55, 15, 0, 1, 2
55, 15, 0, 1, 2
55, 105, 1, 0, 3
55, 105, 1, 0, 3
55, 105, 1, 0, 3
55, 105, 1, 0, 3
55, 105, 1, 0, 3
55, 105, 1, 0, 3
55, 105, 1, 0, 3
55, 105, 1, 0, 3
55, 105, 1, 0, 3
55, 105, 1, 0, 3
55, 105, 1, 0, 3
55, 105, 1, 0, 3
55, 105, 1, 0, 3
55, 105, 1, 0, 3
55, 105, 1, 0, 3
55, 105, 1, 0, 3
55, 105, 1, 0, 3
55, 105, 1, 0, 3
55, 105, 1, 0, 3
55, 105, 1, 0, 3
55, 105, 1, 0, 3
55, 105, 1, 0, 3
55, 105, 1, 0, 3
55, 105, 1, 0, 3
55, 105, 1, 0, 3
55, 105, 1, 0, 3
55, 105, 1, 0, 3
55, 105, 1, 0, 3
55, 105, 1, 0, 3
55, 105, 1, 0, 3
55, 105, 1, 0, 3
55, 105, 1, 0, 3
55, 105, 1, 0, 3
55, 105, 1, 0, 3
55, 105, 1, 0, 3
55, 105, 1, 0, 3
55, 105, 1, 0, 3
55, 105, 1, 0, 3
55, 105, 1, 0, 3
55, 105, 1, 0, 3
55, 105, 1, 0, 3
55, 105, 1, 0, 3
55, 105, 1, 0, 3
55, 105, 1, 0, 3
55, 105, 1, 0, 3
55, 105, 1, 0, 4
55, 105, 1, 0, 4
55, 105, 1, 0, 4
55, 105, 1, 0, 4
55, 105, 1, 0, 4
55, 105, 1, 0, 4
55, 105, 1, 0, 4
55, 105, 1, 0, 4
55, 105, 1, 0, 4
55, 105, 1, 0, 4
55, 105, 1, 0, 4
55, 105, 1, 0, 4
55, 105, 1, 0, 4
55, 105, 1, 0, 4
55, 105, 1, 0, 4
55, 105, 1, 0, 4
55, 105, 1, 0, 4
55, 105, 1, 0, 4
55, 105, 1, 0, 4
55, 105, 1, 0, 4
55, 105, 1, 0, 4
55, 105, 1, 0, 4
55, 105, 1, 0, 4
55, 105, 1, 0, 4
55, 105, 1, 0, 4
55, 105, 1, 0, 4
55, 105, 1, 0, 4
55, 105, 1, 0, 4
55, 105, 1, 0, 4
55, 105, 1, 0, 4
55, 105, 1, 0, 4
55, 105, 1, 0, 4
55, 105, 1, 0, 4
55, 105, 1, 0, 4
55, 105, 1, 0, 4
55, 105, 1, 0, 4
55, 105, 1, 0, 4
55, 105, 1, 0, 4
55, 105, 1, 0, 4
55, 105, 1, 0, 4
55, 105, 1, 0, 4
55, 105, 1, 0, 4
55, 105, 1, 0, 4
55, 105, 1, 0, 4
55, 105, 1, 0, 4
55, 105, 1, 0, 4
55, 105, 1, 0, 4
55, 105, 1, 0, 4
55, 105, 1, 0, 4
55, 105, 1, 0, 4
55, 105, 1, 0, 4
55, 105, 1, 0, 4
55, 105, 1, 0, 4
55, 105, 1, 0, 4
55, 105, 1, 0, 4
55, 105, 1, 0, 4
55, 105, 1, 0, 4
55, 105, 1, 0, 4
55, 105, 1, 0, 4
55, 105, 1, 0, 4
56, 47, 0, 1, 2
56, 47, 0, 1, 3
56, 47, 0, 1, 3
56, 47, 0, 1, 3
56, 47, 0, 1, 3
56, 47, 0, 1, 3
56, 47, 0, 1, 3
56, 47, 0, 1, 3
56, 47, 0, 1, 3
56, 47, 0, 1, 3
56, 47, 0, 1, 3
56, 47, 0, 1, 4
56, 47, 0, 1, 4
56, 47, 0, 1, 4
56, 47, 0, 1, 4
56, 47, 0, 1, 4
56, 47, 0, 1, 4
56, 47, 0, 9, 3
56, 47, 0, 9, 3
56, 47, 0, 9, 3
56, 47, 0, 9, 3
56, 47, 0, 9, 3
56, 47, 0, 9, 3
56, 47, 0, 9, 4
56, 47, 0, 9, 4
56, 47, 0, 9, 4
56, 47, 0, 9, 4
56, 47, 0, 9, 4
56, 47, 0, 9, 4
56, 47, 0, 9, 4
56, 47, 0, 11, 3
56, 47, 0, 11, 3
56, 47, 0, 11, 3
56, 47, 0, 11, 3
56, 47, 0, 11, 3
56, 47, 0, 11, 3
56, 47, 0, 12, 3
56, 47, 0, 12, 3
56, 47, 0, 12, 3
56, 47, 0, 12, 3
56, 47, 0, 12, 3
56, 47, 0, 12, 3
56, 47, 0, 12, 4
56, 47, 0, 12, 4
56, 47, 0, 12, 4
56, 47, 0, 12, 4
56, 47, 0, 12, 4
56, 51, 1, 0, 2
56, 51, 1, 0, 2
56, 51, 1, 0, 2
56, 51, 1, 0, 2
56, 51, 1, 9, 2
56, 51, 1, 9, 3
56, 51, 1, 9, 3
56, 51, 1, 9, 3
56, 51, 1, 9, 3
56, 51, 1, 9, 3
56, 51, 1, 9, 3
56, 51, 1, 9, 3
56, 51, 1, 9, 3
56, 51, 1, 9, 3
56, 51, 1, 9, 3
56, 51, 1, 9, 4
56, 51, 1, 9, 4
56, 51, 1, 9, 4
56, 51, 1, 9, 4
56, 51, 1, 9, 4
56, 51, 1, 9, 4
56, 51, 1, 10, 3
56, 51, 1, 10, 3
56, 51, 1, 10, 3
56, 51, 1, 10, 3
56, 51, 1, 10, 3
56, 51, 1, 10, 3
56, 51, 1, 10, 4
56, 51, 1, 10, 4
56, 51, 1, 10, 4
56, 51, 1, 10, 4
56, 51, 1, 10, 4
56, 51, 1, 10, 4
56, 51, 1, 10, 4
56, 51, 1, 12, 3
56, 51, 1, 12, 3
56, 51, 1, 12, 3
56, 51, 1, 12, 3
56, 51, 1, 12, 3
56, 51, 1, 12, 3
56, 51, 1, 13, 3
56, 51, 1, 13, 3
56, 51, 1, 13, 3
56, 51, 1, 13, 3
56, 51, 1, 13, 3
56, 51, 1, 13, 3
56, 51, 1, 13, 4
56, 51, 1, 13, 4
56, 51, 1, 13, 4
56, 51, 1, 13, 4
56, 51, 1, 13, 4
56, 57, 2, 3, 2
56, 57, 2, 3, 3
56, 57, 2, 3, 3
56, 57, 2, 3, 3
56, 57, 2, 3, 3
56, 57, 2, 3, 3
56, 57, 2, 3, 3
56, 57, 2, 3, 3
56, 57, 2, 3, 3
56, 57, 2, 3, 3
56, 57, 2, 3, 3
56, 57, 2, 3, 4
56, 57, 2, 3, 4
56, 57, 2, 3, 4
56, 57, 2, 3, 4
56, 57, 2, 3, 4
56, 57, 2, 3, 4
56, 57, 2, 4, 3
56, 57, 2, 4, 3
56, 57, 2, 4, 3
56, 57, 2, 4, 3
56, 57, 2, 4, 3
56, 57, 2, 4, 3
56, 57, 2, 4, 4
56, 57, 2, 4, 4
56, 57, 2, 4, 4
56, 57, 2, 4, 4
56, 57, 2, 4, 4
56, 57, 2, 4, 4
56, 57, 2, 4, 4
56, 57, 2, 6, 3
56, 57, 2, 6, 3
56, 57, 2, 6, 3
56, 57, 2, 6, 3
56, 57, 2, 6, 3
56, 57, 2, 6, 3
56, 57, 2, 7, 3
56, 57, 2, 7, 3
56, 57, 2, 7, 3
56, 57, 2, 7, 3
56, 57, 2, 7, 3
56, 57, 2, 7, 3
56, 57, 2, 7, 4
56, 57, 2, 7, 4
56, 57, 2, 7, 4
56, 57, 2, 7, 4
56, 57, 2, 7, 4
56, 57, 2, 12, 2
56, 57, 2, 12, 2
56, 57, 2, 13, 2
56, 57, 2, 13, 2
56, 57, 2, 15, 2
56, 57, 2, 15, 2
56, 57, 2, 16, 2
56, 57, 2, 16, 2
56, 57, 2, 16, 2
56, 57, 2, 16, 2
56, 57, 3, 2, 2
56, 57, 3, 2, 2
56, 57, 3, 2, 2
56, 57, 3, 2, 2
56, 57, 3, 4, 2
56, 57, 3, 4, 3
56, 57, 3, 4, 3
56, 57, 3, 4, 3
56, 57, 3, 4, 3
56, 57, 3, 4, 3
56, 57, 3, 4, 3
56, 57, 3, 4, 3
56, 57, 3, 4, 3
56, 57, 3, 4, 3
56, 57, 3, 4, 3
56, 57, 3, 4, 4
56, 57, 3, 4, 4
56, 57, 3, 4, 4
56, 57, 3, 4, 4
56, 57, 3, 4, 4
56, 57, 3, 4, 4
56, 57, 3, 5, 3
56, 57, 3, 5, 3
56, 57, 3, 5, 3
56, 57, 3, 5, 3
56, 57, 3, 5, 3
56, 57, 3, 5, 3
56, 57, 3, 5, 4
56, 57, 3, 5, 4
56, 57, 3, 5, 4
56, 57, 3, 5, 4
56, 57, 3, 5, 4
56, 57, 3, 5, 4
56, 57, 3, 5, 4
56, 57, 3, 7, 3
56, 57, 3, 7, 3
56, 57, 3, 7, 3
56, 57, 3, 7, 3
56, 57, 3, 7, 3
56, 57, 3, 7, 3
56, 57, 3, 8, 3
56, 57, 3, 8, 3
56, 57, 3, 8, 3
56, 57, 3, 8, 3
56, 57, 3, 8, 3
56, 57, 3, 8, 3
56, 57, 3, 8, 4
56, 57, 3, 8, 4
56, 57, 3, 8, 4
56, 57, 3, 8, 4
56, 57, 3, 8, 4
56, 57, 3, 13, 2
56, 57, 3, 13, 2
56, 57, 3, 14, 2
56, 57, 3, 14, 2
56, 57, 3, 16, 2
56, 57, 3, 16, 2
56, 46, 4, 2, 2
56, 46, 4, 2, 2
56, 46, 4, 3, 2
56, 46, 4, 3, 2
56, 46, 4, 3, 2
56, 46, 4, 3, 2
56, 46, 4, 5, 2
56, 46, 4, 5, 3
56, 46, 4, 5, 3
56, 46, 4, 5, 3
56, 46, 4, 5, 3
56, 46, 4, 5, 3
56, 46, 4, 5, 3
56, 46, 4, 5, 3
56, 46, 4, 5, 3
56, 46, 4, 5, 3
56, 46, 4, 5, 3
56, 46, 4, 5, 4
56, 46, 4, 5, 4
56, 46, 4, 5, 4
56, 46, 4, 5, 4
56, 46, 4, 5, 4
56, 46, 4, 5, 4
56, 46, 4, 6, 3
56, 46, 4, 6, 3
56, 46, 4, 6, 3
56, 46, 4, 6, 3
56, 46, 4, 6, 3
56, 46, 4, 6, 3
56, 46, 4, 6, 4
56, 46, 4, 6, 4
56, 46, 4, 6, 4
56, 46, 4, 6, 4
56, 46, 4, 6, 4
56, 46, 4, 6, 4
56, 46, 4, 6, 4
56, 46, 4, 8, 3
56, 46, 4, 8, 3
56, 46, 4, 8, 3
56, 46, 4, 8, 3
56, 46, 4, 8, 3
56, 46, 4, 8, 3
56, 46, 4, 14, 2
56, 46, 4, 14, 2
56, 46, 4, 15, 2
56, 46, 4, 15, 2
56, 40, 5, 3, 2
56, 40, 5, 3, 2
56, 40, 5, 4, 2
56, 40, 5, 4, 2
56, 40, 5, 4, 2
56, 40, 5, 4, 2
56, 40, 5, 6, 2
56, 40, 5, 6, 3
56, 40, 5, 6, 3
56, 40, 5, 6, 3
56, 40, 5, 6, 3
56, 40, 5, 6, 3
56, 40, 5, 6, 3
56, 40, 5, 6, 3
56, 40, 5, 6, 3
56, 40, 5, 6, 3
56, 40, 5, 6, 3
56, 40, 5, 6, 4
56, 40, 5, 6, 4
56, 40, 5, 6, 4
56, 40, 5, 6, 4
56, 40, 5, 6, 4
56, 40, 5, 6, 4
56, 40, 5, 7, 3
56, 40, 5, 7, 3
56, 40, 5, 7, 3
56, 40, 5, 7, 3
56, 40, 5, 7, 3
56, 40, 5, 7, 3
56, 40, 5, 7, 4
56, 40, 5, 7, 4
56, 40, 5, 7, 4
56, 40, 5, 7, 4
56, 40, 5, 7, 4
56, 40, 5, 7, 4
56, 40, 5, 7, 4
56, 40, 5, 15, 2
56, 40, 5, 15, 2
56, 40, 5, 16, 2
56, 40, 5, 16, 2
56, 40, 6, 2, 2
56, 40, 6, 2, 2
56, 40, 6, 4, 2
56, 40, 6, 4, 2
56, 40, 6, 5, 2
56, 40, 6, 5, 2
56, 40, 6, 5, 2
56, 40, 6, 5, 2
56, 40, 6, 7, 2
56, 40, 6, 7, 3
56, 40, 6, 7, 3
56, 40, 6, 7, 3
56, 40, 6, 7, 3
56, 40, 6, 7, 3
56, 40, 6, 7, 3
56, 40, 6, 7, 3
56, 40, 6, 7, 3
56, 40, 6, 7, 3
56, 40, 6, 7, 3
56, 40, 6, 7, 4
56, 40, 6, 7, 4
56, 40, 6, 7, 4
56, 40, 6, 7, 4
56, 40, 6, 7, 4
56, 40, 6, 7, 4
56, 40, 6, 8, 3
56, 40, 6, 8, 3
56, 40, 6, 8, 3
56, 40, 6, 8, 3
56, 40, 6, 8, 3
56, 40, 6, 8, 3
56, 40, 6, 8, 4
56, 40, 6, 8, 4
56, 40, 6, 8, 4
56, 40, 6, 8, 4
56, 40, 6, 8, 4
56, 40, 6, 8, 4
56, 40, 6, 8, 4
56, 40, 6, 16, 2
56, 40, 6, 16, 2
56, 27, 7, 2, 2
56, 27, 7, 2, 2
56, 27, 7, 3, 2
56, 27, 7, 3, 2
56, 27, 7, 5, 2
56, 27, 7, 5, 2
56, 27, 7, 6, 2
56, 27, 7, 6, 2
56, 27, 7, 6, 2
56, 27, 7, 6, 2
56, 27, 7, 8, 2
56, 27, 7, 8, 3
56, 27, 7, 8, 3
56, 27, 7, 8, 3
56, 27, 7, 8, 3
56, 27, 7, 8, 3
56, 27, 7, 8, 3
56, 27, 7, 8, 3
56, 27, 7, 8, 3
56, 27, 7, 8, 3
56, 27, 7, 8, 3
56, 27, 7, 8, 4
56, 27, 7, 8, 4
56, 27, 7, 8, 4
56, 27, 7, 8, 4
56, 27, 7, 8, 4
56, 27, 7, 8, 4
56, 10, 8, 3, 2
56, 10, 8, 3, 2
56, 10, 8, 4, 2
56, 10, 8, 4, 2
56, 10, 8, 6, 2
56, 10, 8, 6, 2
56, 10, 8, 7, 2
56, 10, 8, 7, 2
56, 10, 8, 7, 2
56, 10, 8, 7, 2
56, 53, 9, 0, 2
56, 53, 9, 0, 2
56, 53, 9, 1, 2
56, 53, 9, 1, 2
56, 53, 9, 1, 2
56, 53, 9, 1, 2
56, 53, 9, 10, 2
56, 53, 9, 10, 3
56, 53, 9, 10, 3
56, 53, 9, 10, 3
56, 53, 9, 10, 3
56, 53, 9, 10, 3
56, 53, 9, 10, 3
56, 53, 9, 10, 3
56, 53, 9, 10, 3
56, 53, 9, 10, 3
56, 53, 9, 10, 3
56, 53, 9, 10, 4
56, 53, 9, 10, 4
56, 53, 9, 10, 4
56, 53, 9, 10, 4
56, 53, 9, 10, 4
56, 53, 9, 10, 4
56, 53, 9, 11, 3
56, 53, 9, 11, 3
56, 53, 9, 11, 3
56, 53, 9, 11, 3
56, 53, 9, 11, 3
56, 53, 9, 11, 3
56, 53, 9, 11, 4
56, 53, 9, 11, 4
56, 53, 9, 11, 4
56, 53, 9, 11, 4
56, 53, 9, 11, 4
56, 53, 9, 11, 4
56, 53, 9, 11, 4
56, 53, 9, 13, 3
56, 53, 9, 13, 3
56, 53, 9, 13, 3
56, 53, 9, 13, 3
56, 53, 9, 13, 3
56, 53, 9, 13, 3
56, 53, 9, 14, 3
56, 53, 9, 14, 3
56, 53, 9, 14, 3
56, 53, 9, 14, 3
56, 53, 9, 14, 3
56, 53, 9, 14, 3
56, 53, 9, 14, 4
56, 53, 9, 14, 4
56, 53, 9, 14, 4
56, 53, 9, 14, 4
56, 53, 9, 14, 4
56, 53, 10, 1, 2
56, 53, 10, 1, 2
56, 53, 10, 9, 2
56, 53, 10, 9, 2
56, 53, 10, 9, 2
56, 53, 10, 9, 2
56, 53, 10, 11, 2
56, 53, 10, 11, 3
56, 53, 10, 11, 3
56, 53, 10, 11, 3
56, 53, 10, 11, 3
56, 53, 10, 11, 3
56, 53, 10, 11, 3
56, 53, 10, 11, 3
56, 53, 10, 11, 3
56, 53, 10, 11, 3
56, 53, 10, 11, 3
56, 53, 10, 11, 4
56, 53, 10, 11, 4
56, 53, 10, 11, 4
56, 53, 10, 11, 4
56, 53, 10, 11, 4
56, 53, 10, 11, 4
56, 53, 10, 12, 3
56, 53, 10, 12, 3
56, 53, 10, 12, 3
56, 53, 10, 12, 3
56, 53, 10, 12, 3
56, 53, 10, 12, 3
56, 53, 10, 12, 4
56, 53, 10, 12, 4
56, 53, 10, 12, 4
56, 53, 10, 12, 4
56, 53, 10, 12, 4
56, 53, 10, 12, 4
56, 53, 10, 12, 4
56, 53, 10, 14, 3
56, 53, 10, 14, 3
56, 53, 10, 14, 3
56, 53, 10, 14, 3
56, 53, 10, 14, 3
56, 53, 10, 14, 3
56, 53, 10, 15, 3
56, 53, 10, 15, 3
56, 53, 10, 15, 3
56, 53, 10, 15, 3
56, 53, 10, 15, 3
56, 53, 10, 15, 3
56, 53, 10, 15, 4
56, 53, 10, 15, 4
56, 53, 10, 15, 4
56, 53, 10, 15, 4
56, 53, 10, 15, 4
56, 55, 11, 0, 2
56, 55, 11, 0, 2
56, 55, 11, 9, 2
56, 55, 11, 9, 2
56, 55, 11, 10, 2
56, 55, 11, 10, 2
56, 55, 11, 10, 2
56, 55, 11, 10, 2
56, 55, 11, 12, 2
56, 55, 11, 12, 3
56, 55, 11, 12, 3
56, 55, 11, 12, 3
56, 55, 11, 12, 3
56, 55, 11, 12, 3
56, 55, 11, 12, 3
56, 55, 11, 12, 3
56, 55, 11, 12, 3
56, 55, 11, 12, 3
56, 55, 11, 12, 3
56, 55, 11, 12, 4
56, 55, 11, 12, 4
56, 55, 11, 12, 4
56, 55, 11, 12, 4
56, 55, 11, 12, 4
56, 55, 11, 12, 4
56, 55, 11, 13, 3
56, 55, 11, 13, 3
56, 55, 11, 13, 3
56, 55, 11, 13, 3
56, 55, 11, 13, 3
56, 55, 11, 13, 3
56, 55, 11, 13, 4
56, 55, 11, 13, 4
56, 55, 11, 13, 4
56, 55, 11, 13, 4
56, 55, 11, 13, 4
56, 55, 11, 13, 4
56, 55, 11, 13, 4
56, 55, 11, 15, 3
56, 55, 11, 15, 3
56, 55, 11, 15, 3
56, 55, 11, 15, 3
56, 55, 11, 15, 3
56, 55, 11, 15, 3
56, 55, 11, 16, 3
56, 55, 11, 16, 3
56, 55, 11, 16, 3
56, 55, 11, 16, 3
56, 55, 11, 16, 3
56, 55, 11, 16, 3
56, 55, 11, 16, 4
56, 55, 11, 16, 4
56, 55, 11, 16, 4
56, 55, 11, 16, 4
56, 55, 11, 16, 4
56, 57, 12, 0, 2
56, 57, 12, 0, 2
56, 57, 12, 1, 2
56, 57, 12, 1, 2
56, 57, 12, 2, 3
56, 57, 12, 2, 3
56, 57, 12, 2, 3
56, 57, 12, 2, 3
56, 57, 12, 2, 3
56, 57, 12, 2, 3
56, 57, 12, 2, 4
56, 57, 12, 2, 4
56, 57, 12, 2, 4
56, 57, 12, 2, 4
56, 57, 12, 2, 4
56, 57, 12, 10, 2
56, 57, 12, 10, 2
56, 57, 12, 11, 2
56, 57, 12, 11, 2
56, 57, 12, 11, 2
56, 57, 12, 11, 2
56, 57, 12, 13, 2
56, 57, 12, 13, 3
56, 57, 12, 13, 3
56, 57, 12, 13, 3
56, 57, 12, 13, 3
56, 57, 12, 13, 3
56, 57, 12, 13, 3
56, 57, 12, 13, 3
56, 57, 12, 13, 3
56, 57, 12, 13, 3
56, 57, 12, 13, 3
56, 57, 12, 13, 4
56, 57, 12, 13, 4
56, 57, 12, 13, 4
56, 57, 12, 13, 4
56, 57, 12, 13, 4
56, 57, 12, 13, 4
56, 57, 12, 14, 3
56, 57, 12, 14, 3
56, 57, 12, 14, 3
56, 57, 12, 14, 3
56, 57, 12, 14, 3
56, 57, 12, 14, 3
56, 57, 12, 14, 4
56, 57, 12, 14, 4
56, 57, 12, 14, 4
56, 57, 12, 14, 4
56, 57, 12, 14, 4
56, 57, 12, 14, 4
56, 57, 12, 14, 4
56, 57, 12, 16, 3
56, 57, 12, 16, 3
56, 57, 12, 16, 3
56, 57, 12, 16, 3
56, 57, 12, 16, 3
56, 57, 12, 16, 3
56, 57, 13, 1, 2
56, 57, 13, 1, 2
56, 57, 13, 2, 3
56, 57, 13, 2, 3
56, 57, 13, 2, 3
56, 57, 13, 2, 3
56, 57, 13, 2, 3
56, 57, 13, 2, 3
56, 57, 13, 3, 3
56, 57, 13, 3, 3
56, 57, 13, 3, 3
56, 57, 13, 3, 3
56, 57, 13, 3, 3
56, 57, 13, 3, 3
56, 57, 13, 3, 4
56, 57, 13, 3, 4
56, 57, 13, 3, 4
56, 57, 13, 3, 4
56, 57, 13, 3, 4
56, 57, 13, 9, 2
56, 57, 13, 9, 2
56, 57, 13, 11, 2
56, 57, 13, 11, 2
56, 57, 13, 12, 2
56, 57, 13, 12, 2
56, 57, 13, 12, 2
56, 57, 13, 12, 2
56, 57, 13, 14, 2
56, 57, 13, 14, 3
56, 57, 13, 14, 3
56, 57, 13, 14, 3
56, 57, 13, 14, 3
56, 57, 13, 14, 3
56, 57, 13, 14, 3
56, 57, 13, 14, 3
56, 57, 13, 14, 3
56, 57, 13, 14, 3
56, 57, 13, 14, 3
56, 57, 13, 14, 4
56, 57, 13, 14, 4
56, 57, 13, 14, 4
56, 57, 13, 14, 4
56, 57, 13, 14, 4
56, 57, 13, 14, 4
56, 57, 13, 15, 3
56, 57, 13, 15, 3
56, 57, 13, 15, 3
56, 57, 13, 15, 3
56, 57, 13, 15, 3
56, 57, 13, 15, 3
56, 57, 13, 15, 4
56, 57, 13, 15, 4
56, 57, 13, 15, 4
56, 57, 13, 15, 4
56, 57, 13, 15, 4
56, 57, 13, 15, 4
56, 57, 13, 15, 4
56, 57, 14, 3, 3
56, 57, 14, 3, 3
56, 57, 14, 3, 3
56, 57, 14, 3, 3
56, 57, 14, 3, 3
56, 57, 14, 3, 3
56, 57, 14, 4, 3
56, 57, 14, 4, 3
56, 57, 14, 4, 3
56, 57, 14, 4, 3
56, 57, 14, 4, 3
56, 57, 14, 4, 3
56, 57, 14, 4, 4
56, 57, 14, 4, 4
56, 57, 14, 4, 4
56, 57, 14, 4, 4
56, 57, 14, 4, 4
56, 57, 14, 9, 2
56, 57, 14, 9, 2
56, 57, 14, 10, 2
56, 57, 14, 10, 2
56, 57, 14, 12, 2
56, 57, 14, 12, 2
56, 57, 14, 13, 2
56, 57, 14, 13, 2
56, 57, 14, 13, 2
56, 57, 14, 13, 2
56, 57, 14, 15, 2
56, 57, 14, 15, 3
56, 57, 14, 15, 3
56, 57, 14, 15, 3
56, 57, 14, 15, 3
56, 57, 14, 15, 3
56, 57, 14, 15, 3
56, 57, 14, 15, 3
56, 57, 14, 15, 3
56, 57, 14, 15, 3
56, 57, 14, 15, 3
56, 57, 14, 15, 4
56, 57, 14, 15, 4
56, 57, 14, 15, 4
56, 57, 14, 15, 4
56, 57, 14, 15, 4
56, 57, 14, 15, 4
56, 57, 14, 16, 3
56, 57, 14, 16, 3
56, 57, 14, 16, 3
56, 57, 14, 16, 3
56, 57, 14, 16, 3
56, 57, 14, 16, 3
56, 57, 14, 16, 4
56, 57, 14, 16, 4
56, 57, 14, 16, 4
56, 57, 14, 16, 4
56, 57, 14, 16, 4
56, 57, 14, 16, 4
56, 57, 14, 16, 4
56, 57, 15, 2, 3
56, 57, 15, 2, 3
56, 57, 15, 2, 3
56, 57, 15, 2, 3
56, 57, 15, 2, 3
56, 57, 15, 2, 3
56, 57, 15, 2, 4
56, 57, 15, 2, 4
56, 57, 15, 2, 4
56, 57, 15, 2, 4
56, 57, 15, 2, 4
56, 57, 15, 2, 4
56, 57, 15, 2, 4
56, 57, 15, 4, 3
56, 57, 15, 4, 3
56, 57, 15, 4, 3
56, 57, 15, 4, 3
56, 57, 15, 4, 3
56, 57, 15, 4, 3
56, 57, 15, 5, 3
56, 57, 15, 5, 3
56, 57, 15, 5, 3
56, 57, 15, 5, 3
56, 57, 15, 5, 3
56, 57, 15, 5, 3
56, 57, 15, 5, 4
56, 57, 15, 5, 4
56, 57, 15, 5, 4
56, 57, 15, 5, 4
56, 57, 15, 5, 4
56, 57, 15, 10, 2
56, 57, 15, 10, 2
56, 57, 15, 11, 2
56, 57, 15, 11, 2
56, 57, 15, 13, 2
56, 57, 15, 13, 2
56, 57, 15, 14, 2
56, 57, 15, 14, 2
56, 57, 15, 14, 2
56, 57, 15, 14, 2
56, 57, 15, 16, 2
56, 57, 15, 16, 3
56, 57, 15, 16, 3
56, 57, 15, 16, 3
56, 57, 15, 16, 3
56, 57, 15, 16, 3
56, 57, 15, 16, 3
56, 57, 15, 16, 3
56, 57, 15, 16, 3
56, 57, 15, 16, 3
56, 57, 15, 16, 3
56, 57, 15, 16, 4
56, 57, 15, 16, 4
56, 57, 15, 16, 4
56, 57, 15, 16, 4
56, 57, 15, 16, 4
56, 57, 15, 16, 4
56, 57, 16, 2, 2
56, 57, 16, 2, 3
56, 57, 16, 2, 3
56, 57, 16, 2, 3
56, 57, 16, 2, 3
56, 57, 16, 2, 3
56, 57, 16, 2, 3
56, 57, 16, 2, 3
56, 57, 16, 2, 3
56, 57, 16, 2, 3
56, 57, 16, 2, 3
56, 57, 16, 2, 4
56, 57, 16, 2, 4
56, 57, 16, 2, 4
56, 57, 16, 2, 4
56, 57, 16, 2, 4
56, 57, 16, 2, 4
56, 57, 16, 3, 3
56, 57, 16, 3, 3
56, 57, 16, 3, 3
56, 57, 16, 3, 3
56, 57, 16, 3, 3
56, 57, 16, 3, 3
56, 57, 16, 3, 4
56, 57, 16, 3, 4
56, 57, 16, 3, 4
56, 57, 16, 3, 4
56, 57, 16, 3, 4
56, 57, 16, 3, 4
56, 57, 16, 3, 4
56, 57, 16, 5, 3
56, 57, 16, 5, 3
56, 57, 16, 5, 3
56, 57, 16, 5, 3
56, 57, 16, 5, 3
56, 57, 16, 5, 3
56, 57, 16, 6, 3
56, 57, 16, 6, 3
56, 57, 16, 6, 3
56, 57, 16, 6, 3
56, 57, 16, 6, 3
56, 57, 16, 6, 3
56, 57, 16, 6, 4
56, 57, 16, 6, 4
56, 57, 16, 6, 4
56, 57, 16, 6, 4
56, 57, 16, 6, 4
56, 57, 16, 11, 2
56, 57, 16, 11, 2
56, 57, 16, 12, 2
56, 57, 16, 12, 2
56, 57, 16, 14, 2
56, 57, 16, 14, 2
56, 57, 16, 15, 2
56, 57, 16, 15, 2
56, 57, 16, 15, 2
56, 57, 16, 15, 2
57, 1, 1, 0, 2
58, 1, 1, 0, 2
Goal
57
58
