CG
269
0, 1, 267, 244
1, 3, 0, 2
1, 3, 228, 1
1, 3, 41, 1
2, 2, 0, 4
2, 2, 3, 4
3, 2, 0, 1
3, 2, 236, 1
4, 4, 0, 1
4, 4, 5, 1
4, 4, 6, 1
4, 4, 7, 1
5, 2, 0, 1
5, 2, 166, 1
6, 2, 0, 1
6, 2, 167, 1
7, 2, 0, 1
7, 2, 168, 1
8, 2, 0, 3
8, 2, 9, 3
9, 2, 0, 1
9, 2, 10, 1
10, 2, 0, 1
10, 2, 11, 1
11, 2, 0, 1
11, 2, 190, 1
12, 2, 0, 3
12, 2, 13, 3
13, 2, 0, 1
13, 2, 194, 1
14, 5, 0, 1
14, 5, 15, 1
14, 5, 16, 1
14, 5, 17, 1
14, 5, 18, 1
15, 2, 0, 1
15, 2, 19, 1
16, 2, 0, 1
16, 2, 39, 1
17, 2, 0, 1
17, 2, 40, 1
18, 2, 0, 1
18, 2, 20, 1
19, 2, 0, 1
19, 2, 208, 1
20, 4, 0, 1
20, 4, 21, 1
20, 4, 22, 1
20, 4, 23, 1
21, 2, 0, 1
21, 2, 170, 1
22, 2, 0, 1
22, 2, 171, 1
23, 2, 0, 1
23, 2, 172, 1
24, 3, 0, 2
24, 3, 39, 1
24, 3, 209, 1
25, 3, 0, 2
25, 3, 40, 1
25, 3, 210, 1
26, 5, 0, 1
26, 5, 67, 1
26, 5, 42, 1
26, 5, 68, 1
26, 5, 69, 1
27, 2, 0, 1
27, 2, 213, 1
28, 2, 0, 1
28, 2, 174, 1
29, 2, 0, 1
29, 2, 30, 1
30, 2, 0, 1
30, 2, 31, 1
31, 2, 0, 1
31, 2, 266, 1
32, 4, 0, 1
32, 4, 33, 1
32, 4, 34, 1
32, 4, 35, 1
33, 2, 0, 1
33, 2, 175, 1
34, 2, 0, 1
34, 2, 176, 1
35, 2, 0, 1
35, 2, 177, 1
36, 2, 0, 1
36, 2, 37, 1
37, 2, 0, 1
37, 2, 266, 1
38, 3, 0, 3
38, 3, 202, 3
38, 3, 267, 2
39, 2, 0, 1
39, 2, 24, 1
40, 2, 0, 1
40, 2, 25, 1
41, 2, 0, 1
41, 2, 1, 1
42, 3, 0, 2
42, 3, 241, 2
42, 3, 267, 1
43, 3, 0, 2
43, 3, 214, 2
43, 3, 267, 1
44, 3, 0, 2
44, 3, 111, 2
44, 3, 267, 1
45, 3, 0, 2
45, 3, 112, 2
45, 3, 267, 1
46, 3, 0, 2
46, 3, 70, 2
46, 3, 267, 1
47, 3, 0, 2
47, 3, 228, 2
47, 3, 267, 1
48, 3, 0, 2
48, 3, 71, 2
48, 3, 267, 1
49, 3, 0, 2
49, 3, 242, 2
49, 3, 267, 1
50, 3, 0, 2
50, 3, 243, 2
50, 3, 267, 1
51, 3, 0, 2
51, 3, 52, 2
51, 3, 267, 1
52, 5, 0, 1
52, 5, 73, 1
52, 5, 53, 1
52, 5, 74, 1
52, 5, 54, 1
53, 3, 0, 2
53, 3, 247, 2
53, 3, 267, 1
54, 3, 0, 2
54, 3, 248, 2
54, 3, 267, 1
55, 3, 0, 2
55, 3, 196, 2
55, 3, 267, 1
56, 3, 0, 2
56, 3, 203, 2
56, 3, 267, 1
57, 3, 0, 2
57, 3, 75, 2
57, 3, 267, 1
58, 3, 0, 2
58, 3, 76, 2
58, 3, 267, 1
59, 3, 0, 2
59, 3, 78, 2
59, 3, 267, 1
60, 3, 0, 2
60, 3, 79, 2
60, 3, 267, 1
61, 3, 0, 2
61, 3, 179, 2
61, 3, 267, 1
62, 3, 0, 2
62, 3, 237, 2
62, 3, 267, 1
63, 3, 0, 2
63, 3, 205, 2
63, 3, 267, 1
64, 3, 0, 2
64, 3, 215, 2
64, 3, 267, 1
65, 3, 0, 2
65, 3, 216, 2
65, 3, 267, 1
66, 3, 0, 2
66, 3, 218, 2
66, 3, 267, 1
67, 3, 0, 3
67, 3, 253, 3
67, 3, 267, 2
68, 3, 0, 3
68, 3, 254, 3
68, 3, 267, 2
69, 3, 0, 3
69, 3, 255, 3
69, 3, 267, 2
70, 5, 0, 4
70, 5, 41, 1
70, 5, 184, 2
70, 5, 47, 1
70, 5, 267, 1
71, 5, 0, 4
71, 5, 2, 1
71, 5, 72, 2
71, 5, 4, 1
71, 5, 267, 1
72, 5, 0, 1
72, 5, 49, 1
72, 5, 80, 1
72, 5, 81, 1
72, 5, 50, 1
73, 3, 0, 3
73, 3, 249, 3
73, 3, 267, 2
74, 3, 0, 3
74, 3, 250, 3
74, 3, 267, 2
75, 4, 0, 3
75, 4, 190, 2
75, 4, 8, 1
75, 4, 267, 1
76, 5, 0, 4
76, 5, 165, 1
76, 5, 14, 1
76, 5, 77, 2
76, 5, 267, 1
77, 3, 0, 1
77, 3, 59, 1
77, 3, 60, 1
78, 3, 0, 2
78, 3, 180, 2
78, 3, 267, 1
79, 3, 0, 2
79, 3, 181, 2
79, 3, 267, 1
80, 3, 0, 3
80, 3, 244, 3
80, 3, 267, 2
81, 3, 0, 3
81, 3, 245, 3
81, 3, 267, 2
82, 4, 0, 1
82, 4, 44, 1
82, 4, 58, 1
82, 4, 83, 1
83, 3, 0, 3
83, 3, 204, 3
83, 3, 267, 2
84, 3, 0, 3
84, 3, 85, 3
84, 3, 267, 2
85, 4, 0, 1
85, 4, 45, 1
85, 4, 51, 1
85, 4, 55, 1
86, 3, 0, 3
86, 3, 87, 3
86, 3, 267, 2
87, 4, 0, 1
87, 4, 46, 1
87, 4, 88, 1
87, 4, 48, 1
88, 3, 0, 3
88, 3, 89, 3
88, 3, 267, 2
89, 3, 0, 1
89, 3, 90, 1
89, 3, 91, 1
90, 3, 0, 3
90, 3, 186, 3
90, 3, 267, 2
91, 3, 0, 3
91, 3, 113, 3
91, 3, 267, 2
92, 3, 0, 3
92, 3, 121, 3
92, 3, 267, 2
93, 3, 0, 3
93, 3, 191, 3
93, 3, 267, 2
94, 3, 0, 3
94, 3, 192, 3
94, 3, 267, 2
95, 3, 0, 3
95, 3, 122, 3
95, 3, 267, 2
96, 2, 0, 1
96, 2, 164, 1
97, 3, 0, 2
97, 3, 221, 1
97, 3, 164, 1
98, 3, 0, 3
98, 3, 185, 3
98, 3, 267, 2
99, 3, 0, 3
99, 3, 206, 3
99, 3, 267, 2
100, 5, 0, 1
100, 5, 101, 1
100, 5, 62, 1
100, 5, 102, 1
100, 5, 27, 1
101, 3, 0, 3
101, 3, 238, 3
101, 3, 267, 2
102, 3, 0, 3
102, 3, 239, 3
102, 3, 267, 2
103, 4, 0, 1
103, 4, 66, 1
103, 4, 104, 1
103, 4, 105, 1
104, 3, 0, 3
104, 3, 106, 3
104, 3, 267, 2
105, 3, 0, 3
105, 3, 124, 3
105, 3, 267, 2
106, 5, 0, 1
106, 5, 107, 1
106, 5, 108, 1
106, 5, 109, 1
106, 5, 110, 1
107, 3, 0, 3
107, 3, 261, 3
107, 3, 267, 2
108, 3, 0, 3
108, 3, 262, 3
108, 3, 267, 2
109, 3, 0, 3
109, 3, 263, 3
109, 3, 267, 2
110, 3, 0, 3
110, 3, 264, 3
110, 3, 267, 2
111, 3, 0, 3
111, 3, 125, 3
111, 3, 267, 2
112, 3, 0, 3
112, 3, 126, 3
112, 3, 267, 2
113, 3, 0, 2
113, 3, 183, 2
113, 3, 267, 1
114, 3, 0, 2
114, 3, 82, 2
114, 3, 267, 1
115, 4, 0, 3
115, 4, 228, 2
115, 4, 184, 1
115, 4, 267, 1
116, 3, 0, 2
116, 3, 200, 2
116, 3, 267, 1
117, 4, 0, 3
117, 4, 12, 1
117, 4, 118, 2
117, 4, 267, 1
118, 3, 0, 4
118, 3, 127, 4
118, 3, 267, 2
119, 4, 0, 3
119, 4, 165, 1
119, 4, 96, 2
119, 4, 267, 1
120, 3, 0, 2
120, 3, 202, 2
120, 3, 267, 1
121, 3, 0, 3
121, 3, 198, 3
121, 3, 267, 2
122, 3, 0, 3
122, 3, 123, 3
122, 3, 267, 2
123, 3, 0, 2
123, 3, 201, 2
123, 3, 267, 1
124, 3, 0, 3
124, 3, 222, 3
124, 3, 267, 2
125, 3, 0, 3
125, 3, 128, 3
125, 3, 267, 2
126, 3, 0, 3
126, 3, 223, 3
126, 3, 267, 2
127, 3, 0, 3
127, 3, 194, 3
127, 3, 267, 2
128, 3, 0, 3
128, 3, 199, 3
128, 3, 267, 2
129, 3, 0, 5
129, 3, 130, 5
129, 3, 267, 2
130, 3, 0, 3
130, 3, 131, 3
130, 3, 267, 2
131, 3, 0, 3
131, 3, 132, 3
131, 3, 267, 2
132, 4, 0, 1
132, 4, 43, 1
132, 4, 64, 1
132, 4, 65, 1
133, 5, 0, 1
133, 5, 84, 1
133, 5, 56, 1
133, 5, 57, 1
133, 5, 95, 1
134, 3, 0, 1
134, 3, 86, 1
134, 3, 92, 1
135, 3, 0, 6
135, 3, 136, 6
135, 3, 267, 2
136, 3, 0, 2
136, 3, 219, 2
136, 3, 267, 1
137, 3, 0, 3
137, 3, 138, 3
137, 3, 267, 2
138, 3, 0, 3
138, 3, 139, 3
138, 3, 267, 2
139, 3, 0, 1
139, 3, 61, 1
139, 3, 98, 1
140, 4, 0, 1
140, 4, 99, 1
140, 4, 63, 1
140, 4, 28, 1
141, 2, 0, 1
141, 2, 26, 1
142, 3, 0, 2
142, 3, 135, 2
142, 3, 267, 1
143, 3, 0, 2
143, 3, 117, 2
143, 3, 267, 1
144, 3, 0, 2
144, 3, 137, 2
144, 3, 267, 1
145, 3, 0, 2
145, 3, 100, 2
145, 3, 267, 1
146, 3, 0, 2
146, 3, 120, 2
146, 3, 267, 1
147, 3, 0, 3
147, 3, 133, 3
147, 3, 267, 2
148, 3, 0, 3
148, 3, 134, 3
148, 3, 267, 2
149, 3, 0, 1
149, 3, 93, 1
149, 3, 94, 1
150, 4, 0, 4
150, 4, 198, 1
150, 4, 195, 3
150, 4, 267, 2
151, 4, 0, 4
151, 4, 196, 1
151, 4, 152, 3
151, 4, 267, 2
152, 3, 0, 3
152, 3, 224, 3
152, 3, 267, 2
153, 3, 0, 3
153, 3, 154, 3
153, 3, 267, 2
154, 3, 0, 3
154, 3, 144, 3
154, 3, 267, 2
155, 4, 0, 5
155, 4, 114, 2
155, 4, 140, 3
155, 4, 267, 3
156, 4, 0, 5
156, 4, 199, 2
156, 4, 230, 3
156, 4, 267, 3
157, 3, 0, 7
157, 3, 158, 7
157, 3, 267, 3
158, 3, 0, 3
158, 3, 200, 3
158, 3, 267, 2
159, 6, 0, 6
159, 6, 129, 2
159, 6, 103, 2
159, 6, 29, 1
159, 6, 32, 1
159, 6, 267, 2
160, 4, 0, 6
160, 4, 203, 3
160, 4, 258, 3
160, 4, 267, 4
161, 4, 0, 6
161, 4, 204, 3
161, 4, 153, 3
161, 4, 267, 4
162, 4, 0, 5
162, 4, 201, 2
162, 4, 143, 3
162, 4, 267, 3
163, 4, 0, 6
163, 4, 157, 4
163, 4, 116, 2
163, 4, 267, 4
164, 3, 0, 2
164, 3, 97, 2
164, 3, 267, 1
165, 3, 0, 2
165, 3, 119, 2
165, 3, 267, 1
166, 4, 0, 1
166, 4, 167, 1
166, 4, 168, 1
166, 4, 169, 1
167, 4, 0, 1
167, 4, 166, 1
167, 4, 168, 1
167, 4, 169, 1
168, 4, 0, 1
168, 4, 166, 1
168, 4, 167, 1
168, 4, 169, 1
169, 2, 0, 1
169, 2, 236, 1
170, 4, 0, 1
170, 4, 171, 1
170, 4, 172, 1
170, 4, 173, 1
171, 4, 0, 1
171, 4, 170, 1
171, 4, 172, 1
171, 4, 173, 1
172, 4, 0, 1
172, 4, 170, 1
172, 4, 171, 1
172, 4, 173, 1
173, 2, 0, 1
173, 2, 211, 1
174, 4, 0, 1
174, 4, 206, 1
174, 4, 205, 1
174, 4, 207, 1
175, 4, 0, 1
175, 4, 176, 1
175, 4, 177, 1
175, 4, 178, 1
176, 4, 0, 1
176, 4, 175, 1
176, 4, 177, 1
176, 4, 178, 1
177, 4, 0, 1
177, 4, 175, 1
177, 4, 176, 1
177, 4, 178, 1
178, 2, 0, 1
178, 2, 36, 1
179, 3, 0, 1
179, 3, 185, 1
179, 3, 188, 1
180, 3, 0, 1
180, 3, 181, 1
180, 3, 182, 1
181, 3, 0, 1
181, 3, 180, 1
181, 3, 182, 1
182, 3, 0, 2
182, 3, 221, 2
182, 3, 267, 1
183, 3, 0, 1
183, 3, 186, 1
183, 3, 187, 1
184, 3, 0, 2
184, 3, 115, 2
184, 3, 267, 1
185, 3, 0, 1
185, 3, 179, 1
185, 3, 188, 1
186, 3, 0, 1
186, 3, 183, 1
186, 3, 187, 1
187, 3, 0, 2
187, 3, 220, 2
187, 3, 267, 1
188, 3, 0, 3
188, 3, 232, 3
188, 3, 267, 2
189, 3, 0, 2
189, 3, 268, 2
189, 3, 267, 1
190, 3, 0, 3
190, 3, 259, 3
190, 3, 267, 2
191, 3, 0, 1
191, 3, 192, 1
191, 3, 193, 1
192, 3, 0, 1
192, 3, 191, 1
192, 3, 193, 1
193, 3, 0, 3
193, 3, 150, 3
193, 3, 267, 2
194, 3, 0, 2
194, 3, 252, 2
194, 3, 267, 1
195, 3, 0, 1
195, 3, 197, 1
195, 3, 189, 1
196, 3, 0, 3
196, 3, 151, 3
196, 3, 267, 2
197, 3, 0, 1
197, 3, 195, 1
197, 3, 189, 1
198, 3, 0, 4
198, 3, 149, 4
198, 3, 267, 3
199, 3, 0, 4
199, 3, 156, 4
199, 3, 267, 3
200, 3, 0, 4
200, 3, 160, 4
200, 3, 267, 3
201, 3, 0, 5
201, 3, 162, 5
201, 3, 267, 4
202, 3, 0, 5
202, 3, 159, 5
202, 3, 267, 4
203, 3, 0, 5
203, 3, 163, 5
203, 3, 267, 4
204, 3, 0, 4
204, 3, 161, 4
204, 3, 267, 3
205, 4, 0, 1
205, 4, 206, 1
205, 4, 174, 1
205, 4, 207, 1
206, 4, 0, 1
206, 4, 205, 1
206, 4, 174, 1
206, 4, 207, 1
207, 3, 0, 3
207, 3, 145, 3
207, 3, 267, 2
208, 5, 0, 1
208, 5, 209, 1
208, 5, 210, 1
208, 5, 211, 1
208, 5, 212, 1
209, 5, 0, 1
209, 5, 208, 1
209, 5, 210, 1
209, 5, 211, 1
209, 5, 212, 1
210, 5, 0, 1
210, 5, 208, 1
210, 5, 209, 1
210, 5, 211, 1
210, 5, 212, 1
211, 5, 0, 1
211, 5, 208, 1
211, 5, 209, 1
211, 5, 210, 1
211, 5, 212, 1
212, 2, 0, 1
212, 2, 221, 1
213, 5, 0, 1
213, 5, 238, 1
213, 5, 237, 1
213, 5, 239, 1
213, 5, 240, 1
214, 4, 0, 1
214, 4, 215, 1
214, 4, 216, 1
214, 4, 217, 1
215, 4, 0, 1
215, 4, 214, 1
215, 4, 216, 1
215, 4, 217, 1
216, 4, 0, 1
216, 4, 214, 1
216, 4, 215, 1
216, 4, 217, 1
217, 3, 0, 2
217, 3, 266, 2
217, 3, 267, 1
218, 4, 0, 1
218, 4, 234, 1
218, 4, 222, 1
218, 4, 227, 1
219, 4, 0, 1
219, 4, 223, 1
219, 4, 224, 1
219, 4, 225, 1
220, 4, 0, 1
220, 4, 229, 1
220, 4, 235, 1
220, 4, 226, 1
221, 3, 0, 3
221, 3, 231, 3
221, 3, 267, 2
222, 4, 0, 1
222, 4, 218, 1
222, 4, 234, 1
222, 4, 227, 1
223, 4, 0, 1
223, 4, 219, 1
223, 4, 224, 1
223, 4, 225, 1
224, 4, 0, 1
224, 4, 223, 1
224, 4, 219, 1
224, 4, 225, 1
225, 3, 0, 3
225, 3, 257, 3
225, 3, 267, 2
226, 3, 0, 2
226, 3, 197, 2
226, 3, 267, 1
227, 3, 0, 3
227, 3, 266, 3
227, 3, 267, 2
228, 3, 0, 3
228, 3, 229, 3
228, 3, 267, 2
229, 4, 0, 1
229, 4, 220, 1
229, 4, 235, 1
229, 4, 226, 1
230, 4, 0, 1
230, 4, 231, 1
230, 4, 233, 1
230, 4, 232, 1
231, 4, 0, 1
231, 4, 230, 1
231, 4, 233, 1
231, 4, 232, 1
232, 4, 0, 1
232, 4, 230, 1
232, 4, 231, 1
232, 4, 233, 1
233, 3, 0, 3
233, 3, 147, 3
233, 3, 267, 2
234, 4, 0, 1
234, 4, 218, 1
234, 4, 222, 1
234, 4, 227, 1
235, 4, 0, 1
235, 4, 229, 1
235, 4, 220, 1
235, 4, 226, 1
236, 3, 0, 3
236, 3, 235, 3
236, 3, 267, 2
237, 5, 0, 1
237, 5, 238, 1
237, 5, 239, 1
237, 5, 213, 1
237, 5, 240, 1
238, 5, 0, 1
238, 5, 237, 1
238, 5, 239, 1
238, 5, 213, 1
238, 5, 240, 1
239, 5, 0, 1
239, 5, 238, 1
239, 5, 237, 1
239, 5, 213, 1
239, 5, 240, 1
240, 3, 0, 3
240, 3, 141, 3
240, 3, 267, 2
241, 5, 0, 1
241, 5, 253, 1
241, 5, 254, 1
241, 5, 255, 1
241, 5, 256, 1
242, 5, 0, 1
242, 5, 244, 1
242, 5, 245, 1
242, 5, 243, 1
242, 5, 246, 1
243, 5, 0, 1
243, 5, 242, 1
243, 5, 244, 1
243, 5, 245, 1
243, 5, 246, 1
244, 5, 0, 1
244, 5, 242, 1
244, 5, 245, 1
244, 5, 243, 1
244, 5, 246, 1
245, 5, 0, 1
245, 5, 242, 1
245, 5, 244, 1
245, 5, 243, 1
245, 5, 246, 1
246, 3, 0, 3
246, 3, 236, 3
246, 3, 267, 2
247, 5, 0, 1
247, 5, 249, 1
247, 5, 250, 1
247, 5, 248, 1
247, 5, 251, 1
248, 5, 0, 1
248, 5, 249, 1
248, 5, 247, 1
248, 5, 250, 1
248, 5, 251, 1
249, 5, 0, 1
249, 5, 247, 1
249, 5, 250, 1
249, 5, 248, 1
249, 5, 251, 1
250, 5, 0, 1
250, 5, 249, 1
250, 5, 247, 1
250, 5, 248, 1
250, 5, 251, 1
251, 3, 0, 3
251, 3, 142, 3
251, 3, 267, 2
252, 5, 0, 1
252, 5, 257, 1
252, 5, 258, 1
252, 5, 259, 1
252, 5, 260, 1
253, 5, 0, 1
253, 5, 241, 1
253, 5, 254, 1
253, 5, 255, 1
253, 5, 256, 1
254, 5, 0, 1
254, 5, 253, 1
254, 5, 241, 1
254, 5, 255, 1
254, 5, 256, 1
255, 5, 0, 1
255, 5, 253, 1
255, 5, 241, 1
255, 5, 254, 1
255, 5, 256, 1
256, 3, 0, 3
256, 3, 146, 3
256, 3, 267, 2
257, 5, 0, 1
257, 5, 258, 1
257, 5, 259, 1
257, 5, 252, 1
257, 5, 260, 1
258, 5, 0, 1
258, 5, 257, 1
258, 5, 259, 1
258, 5, 252, 1
258, 5, 260, 1
259, 5, 0, 1
259, 5, 257, 1
259, 5, 258, 1
259, 5, 252, 1
259, 5, 260, 1
260, 3, 0, 3
260, 3, 148, 3
260, 3, 267, 2
261, 5, 0, 1
261, 5, 262, 1
261, 5, 263, 1
261, 5, 264, 1
261, 5, 265, 1
262, 5, 0, 1
262, 5, 261, 1
262, 5, 263, 1
262, 5, 264, 1
262, 5, 265, 1
263, 5, 0, 1
263, 5, 261, 1
263, 5, 262, 1
263, 5, 264, 1
263, 5, 265, 1
264, 5, 0, 1
264, 5, 261, 1
264, 5, 262, 1
264, 5, 263, 1
264, 5, 265, 1
265, 3, 0, 3
265, 3, 234, 3
265, 3, 267, 2
266, 3, 0, 4
266, 3, 155, 4
266, 3, 267, 3
267, 209, 0, 244
267, 209, 38, 2
267, 209, 268, 1
267, 209, 71, 2
267, 209, 236, 4
267, 209, 76, 2
267, 209, 221, 3
267, 209, 165, 1
267, 209, 119, 2
267, 209, 201, 6
267, 209, 162, 7
267, 209, 164, 1
267, 209, 97, 1
267, 209, 135, 3
267, 209, 136, 3
267, 209, 117, 2
267, 209, 194, 3
267, 209, 202, 7
267, 209, 155, 6
267, 209, 159, 6
267, 209, 266, 6
267, 209, 196, 3
267, 209, 151, 4
267, 209, 118, 3
267, 209, 127, 4
267, 209, 203, 7
267, 209, 160, 7
267, 209, 163, 8
267, 209, 200, 6
267, 209, 198, 5
267, 209, 150, 4
267, 209, 129, 3
267, 209, 157, 6
267, 209, 130, 4
267, 209, 158, 5
267, 209, 70, 2
267, 209, 228, 4
267, 209, 204, 7
267, 209, 161, 7
267, 209, 184, 2
267, 209, 115, 2
267, 209, 75, 2
267, 209, 190, 3
267, 209, 199, 6
267, 209, 156, 6
267, 209, 128, 4
267, 209, 111, 3
267, 209, 44, 1
267, 209, 230, 2
267, 209, 96, 1
267, 209, 78, 2
267, 209, 59, 1
267, 209, 180, 1
267, 209, 79, 2
267, 209, 60, 1
267, 209, 181, 1
267, 209, 77, 1
267, 209, 182, 1
267, 209, 58, 1
267, 209, 231, 2
267, 209, 82, 1
267, 209, 233, 2
267, 209, 114, 2
267, 209, 126, 4
267, 209, 112, 3
267, 209, 45, 1
267, 209, 223, 2
267, 209, 73, 2
267, 209, 249, 2
267, 209, 53, 1
267, 209, 247, 1
267, 209, 74, 2
267, 209, 250, 2
267, 209, 54, 1
267, 209, 248, 1
267, 209, 52, 1
267, 209, 251, 2
267, 209, 142, 3
267, 209, 51, 1
267, 209, 219, 1
267, 209, 152, 4
267, 209, 55, 1
267, 209, 224, 2
267, 209, 85, 2
267, 209, 225, 2
267, 209, 84, 2
267, 209, 257, 2
267, 209, 116, 2
267, 209, 56, 1
267, 209, 258, 2
267, 209, 57, 1
267, 209, 259, 2
267, 209, 122, 4
267, 209, 123, 3
267, 209, 143, 3
267, 209, 95, 2
267, 209, 252, 1
267, 209, 133, 2
267, 209, 260, 2
267, 209, 47, 1
267, 209, 46, 1
267, 209, 229, 2
267, 209, 90, 2
267, 209, 186, 2
267, 209, 113, 3
267, 209, 91, 2
267, 209, 183, 1
267, 209, 89, 2
267, 209, 187, 1
267, 209, 88, 2
267, 209, 220, 1
267, 209, 49, 1
267, 209, 242, 1
267, 209, 80, 2
267, 209, 244, 2
267, 209, 81, 2
267, 209, 245, 2
267, 209, 50, 1
267, 209, 243, 1
267, 209, 72, 1
267, 209, 246, 2
267, 209, 48, 1
267, 209, 235, 2
267, 209, 87, 2
267, 209, 226, 1
267, 209, 86, 2
267, 209, 197, 1
267, 209, 93, 2
267, 209, 191, 2
267, 209, 94, 2
267, 209, 192, 2
267, 209, 149, 3
267, 209, 193, 2
267, 209, 121, 4
267, 209, 92, 2
267, 209, 195, 2
267, 209, 134, 2
267, 209, 189, 1
267, 209, 148, 4
267, 209, 147, 4
267, 209, 66, 1
267, 209, 218, 1
267, 209, 107, 2
267, 209, 261, 2
267, 209, 108, 2
267, 209, 262, 2
267, 209, 109, 2
267, 209, 263, 2
267, 209, 110, 2
267, 209, 264, 2
267, 209, 106, 2
267, 209, 265, 2
267, 209, 104, 2
267, 209, 234, 2
267, 209, 124, 4
267, 209, 105, 2
267, 209, 222, 2
267, 209, 103, 1
267, 209, 227, 2
267, 209, 43, 1
267, 209, 214, 1
267, 209, 64, 1
267, 209, 215, 1
267, 209, 65, 1
267, 209, 216, 1
267, 209, 132, 2
267, 209, 217, 1
267, 209, 131, 4
267, 209, 99, 2
267, 209, 206, 2
267, 209, 63, 1
267, 209, 205, 1
267, 209, 140, 2
267, 209, 207, 2
267, 209, 101, 2
267, 209, 238, 2
267, 209, 62, 1
267, 209, 237, 1
267, 209, 102, 2
267, 209, 239, 2
267, 209, 100, 1
267, 209, 240, 2
267, 209, 145, 3
267, 209, 67, 2
267, 209, 253, 2
267, 209, 42, 1
267, 209, 241, 1
267, 209, 68, 2
267, 209, 254, 2
267, 209, 69, 2
267, 209, 255, 2
267, 209, 256, 2
267, 209, 120, 2
267, 209, 146, 3
267, 209, 141, 2
267, 209, 154, 4
267, 209, 153, 4
267, 209, 137, 3
267, 209, 61, 1
267, 209, 179, 1
267, 209, 98, 2
267, 209, 185, 2
267, 209, 139, 2
267, 209, 188, 2
267, 209, 138, 4
267, 209, 144, 3
267, 209, 83, 2
267, 209, 232, 2
267, 209, 125, 4
DTG
0, 222, 0, 1, 2
0, 222, 0, 1, 2
0, 222, 0, 1, 2
0, 222, 0, 1, 2
0, 222, 0, 1, 2
0, 222, 0, 1, 2
0, 222, 0, 1, 2
0, 222, 0, 1, 2
0, 222, 0, 1, 2
0, 222, 0, 1, 2
0, 222, 0, 1, 2
0, 222, 0, 1, 2
0, 222, 0, 1, 2
0, 222, 0, 1, 2
0, 222, 0, 1, 2
0, 222, 0, 1, 2
0, 222, 0, 1, 2
0, 222, 0, 1, 2
0, 222, 0, 1, 2
0, 222, 0, 1, 2
0, 222, 0, 1, 2
0, 222, 0, 1, 2
0, 222, 0, 1, 2
0, 222, 0, 1, 2
0, 222, 0, 1, 2
0, 222, 0, 1, 2
0, 222, 0, 1, 2
0, 222, 0, 1, 2
0, 222, 0, 1, 2
0, 222, 0, 1, 2
0, 222, 0, 1, 2
0, 222, 0, 1, 2
0, 222, 0, 1, 2
0, 222, 0, 1, 2
0, 222, 0, 1, 2
0, 222, 0, 1, 2
0, 222, 0, 1, 2
0, 222, 0, 1, 2
0, 222, 0, 1, 2
0, 222, 0, 1, 2
0, 222, 0, 1, 2
0, 222, 0, 1, 2
0, 222, 0, 1, 2
0, 222, 0, 1, 2
0, 222, 0, 1, 2
0, 222, 0, 1, 2
0, 222, 0, 1, 2
0, 222, 0, 1, 2
0, 222, 0, 1, 2
0, 222, 0, 1, 2
0, 222, 0, 1, 2
0, 222, 0, 1, 2
0, 222, 0, 1, 2
0, 222, 0, 1, 2
0, 222, 0, 1, 2
0, 222, 0, 1, 2
0, 222, 0, 1, 2
0, 222, 0, 1, 2
0, 222, 0, 1, 2
0, 222, 0, 1, 2
0, 222, 0, 1, 2
0, 222, 0, 1, 2
0, 222, 0, 1, 2
0, 222, 0, 1, 2
0, 222, 0, 1, 2
0, 222, 0, 1, 2
0, 222, 0, 1, 2
0, 222, 0, 1, 2
0, 222, 0, 1, 2
0, 222, 0, 1, 2
0, 222, 0, 1, 2
0, 222, 0, 1, 2
0, 222, 0, 1, 2
0, 222, 0, 1, 2
0, 222, 0, 1, 2
0, 222, 0, 1, 2
0, 222, 0, 1, 2
0, 222, 0, 1, 2
0, 222, 0, 1, 2
0, 222, 0, 1, 2
0, 222, 0, 1, 2
0, 222, 0, 1, 2
0, 222, 0, 1, 2
0, 222, 0, 1, 2
0, 222, 0, 1, 2
0, 222, 0, 1, 2
0, 222, 0, 1, 2
0, 222, 0, 1, 2
0, 222, 0, 1, 2
0, 222, 0, 1, 2
0, 222, 0, 1, 2
0, 222, 0, 1, 2
0, 222, 0, 1, 2
0, 222, 0, 1, 2
0, 222, 0, 1, 2
0, 222, 0, 1, 2
0, 222, 0, 1, 2
0, 222, 0, 1, 2
0, 222, 0, 1, 2
0, 222, 0, 1, 2
0, 222, 0, 1, 2
0, 222, 0, 1, 2
0, 222, 0, 1, 2
0, 222, 0, 1, 2
0, 222, 0, 1, 2
0, 222, 0, 1, 2
0, 222, 0, 1, 2
0, 222, 0, 1, 2
0, 222, 0, 1, 2
0, 222, 0, 1, 2
0, 222, 0, 1, 2
0, 222, 0, 1, 2
0, 222, 0, 1, 2
0, 222, 0, 1, 2
0, 222, 0, 1, 2
0, 222, 0, 1, 2
0, 222, 0, 1, 2
0, 222, 0, 1, 2
0, 222, 0, 1, 2
0, 222, 0, 1, 2
0, 222, 0, 1, 2
0, 222, 0, 1, 2
0, 222, 0, 1, 2
0, 222, 0, 1, 2
0, 222, 0, 1, 2
0, 222, 0, 1, 2
0, 222, 0, 1, 2
0, 222, 0, 1, 2
0, 222, 0, 1, 2
0, 222, 0, 1, 2
0, 222, 0, 1, 2
0, 222, 0, 1, 2
0, 222, 0, 1, 2
0, 222, 0, 1, 2
0, 222, 0, 1, 2
0, 222, 0, 1, 2
0, 222, 0, 1, 2
0, 222, 0, 1, 2
0, 222, 0, 1, 2
0, 222, 0, 1, 2
0, 222, 0, 1, 2
0, 222, 0, 1, 2
0, 222, 0, 1, 2
0, 222, 0, 1, 2
0, 222, 0, 1, 2
0, 222, 0, 1, 2
0, 222, 0, 1, 2
0, 222, 0, 1, 2
0, 222, 0, 1, 2
0, 222, 0, 1, 2
0, 222, 0, 1, 2
0, 222, 0, 1, 2
0, 222, 0, 1, 2
0, 222, 0, 1, 2
0, 222, 0, 1, 2
0, 222, 0, 1, 2
0, 222, 0, 1, 2
0, 222, 0, 1, 2
0, 222, 0, 1, 2
0, 222, 0, 1, 2
0, 222, 0, 1, 2
0, 222, 0, 1, 2
0, 222, 0, 1, 2
0, 222, 0, 1, 2
0, 222, 0, 1, 2
0, 222, 0, 1, 2
0, 222, 0, 1, 2
0, 222, 0, 1, 2
0, 222, 0, 1, 2
0, 222, 0, 1, 2
0, 222, 0, 1, 2
0, 222, 0, 1, 2
0, 222, 0, 1, 2
0, 222, 0, 1, 2
0, 222, 0, 1, 2
0, 222, 0, 1, 2
0, 222, 0, 1, 2
0, 222, 0, 1, 2
0, 222, 0, 1, 2
0, 222, 0, 1, 2
0, 222, 0, 1, 2
0, 222, 0, 1, 2
0, 222, 0, 1, 2
0, 222, 0, 1, 2
0, 222, 0, 1, 2
0, 222, 0, 1, 2
0, 222, 0, 1, 2
0, 222, 0, 1, 2
0, 222, 0, 1, 2
0, 222, 0, 1, 2
0, 222, 0, 1, 2
0, 222, 0, 1, 2
0, 222, 0, 1, 2
0, 222, 0, 1, 2
0, 222, 0, 1, 2
0, 222, 0, 1, 2
0, 222, 0, 1, 2
0, 222, 0, 1, 2
0, 222, 0, 1, 2
0, 222, 0, 1, 2
0, 222, 0, 1, 2
0, 222, 0, 1, 3
0, 222, 0, 1, 3
0, 222, 0, 1, 3
0, 222, 0, 1, 3
0, 222, 0, 1, 3
0, 222, 0, 1, 4
0, 222, 0, 1, 4
0, 222, 0, 1, 4
0, 222, 0, 1, 4
0, 222, 0, 1, 4
0, 222, 0, 1, 4
0, 222, 0, 1, 4
0, 222, 0, 1, 4
0, 222, 0, 1, 4
0, 222, 0, 1, 5
0, 222, 0, 1, 5
0, 222, 0, 1, 5
0, 222, 0, 1, 5
0, 222, 0, 1, 5
0, 222, 0, 1, 5
0, 222, 0, 1, 5
0, 244, 1, 0, 3
0, 244, 1, 0, 3
0, 244, 1, 0, 3
0, 244, 1, 0, 3
0, 244, 1, 0, 3
0, 244, 1, 0, 3
0, 244, 1, 0, 3
0, 244, 1, 0, 3
0, 244, 1, 0, 3
0, 244, 1, 0, 3
0, 244, 1, 0, 3
0, 244, 1, 0, 3
0, 244, 1, 0, 3
0, 244, 1, 0, 3
0, 244, 1, 0, 3
0, 244, 1, 0, 3
0, 244, 1, 0, 3
0, 244, 1, 0, 3
0, 244, 1, 0, 3
0, 244, 1, 0, 3
0, 244, 1, 0, 3
0, 244, 1, 0, 3
0, 244, 1, 0, 3
0, 244, 1, 0, 3
0, 244, 1, 0, 3
0, 244, 1, 0, 3
0, 244, 1, 0, 3
0, 244, 1, 0, 3
0, 244, 1, 0, 3
0, 244, 1, 0, 3
0, 244, 1, 0, 3
0, 244, 1, 0, 3
0, 244, 1, 0, 3
0, 244, 1, 0, 3
0, 244, 1, 0, 3
0, 244, 1, 0, 3
0, 244, 1, 0, 3
0, 244, 1, 0, 3
0, 244, 1, 0, 3
0, 244, 1, 0, 3
0, 244, 1, 0, 3
0, 244, 1, 0, 3
0, 244, 1, 0, 3
0, 244, 1, 0, 3
0, 244, 1, 0, 3
0, 244, 1, 0, 3
0, 244, 1, 0, 3
0, 244, 1, 0, 3
0, 244, 1, 0, 3
0, 244, 1, 0, 3
0, 244, 1, 0, 3
0, 244, 1, 0, 3
0, 244, 1, 0, 3
0, 244, 1, 0, 3
0, 244, 1, 0, 3
0, 244, 1, 0, 3
0, 244, 1, 0, 3
0, 244, 1, 0, 3
0, 244, 1, 0, 3
0, 244, 1, 0, 3
0, 244, 1, 0, 3
0, 244, 1, 0, 3
0, 244, 1, 0, 3
0, 244, 1, 0, 3
0, 244, 1, 0, 3
0, 244, 1, 0, 3
0, 244, 1, 0, 3
0, 244, 1, 0, 3
0, 244, 1, 0, 3
0, 244, 1, 0, 3
0, 244, 1, 0, 3
0, 244, 1, 0, 3
0, 244, 1, 0, 3
0, 244, 1, 0, 3
0, 244, 1, 0, 3
0, 244, 1, 0, 3
0, 244, 1, 0, 3
0, 244, 1, 0, 3
0, 244, 1, 0, 3
0, 244, 1, 0, 3
0, 244, 1, 0, 3
0, 244, 1, 0, 3
0, 244, 1, 0, 3
0, 244, 1, 0, 3
0, 244, 1, 0, 3
0, 244, 1, 0, 3
0, 244, 1, 0, 3
0, 244, 1, 0, 3
0, 244, 1, 0, 3
0, 244, 1, 0, 3
0, 244, 1, 0, 3
0, 244, 1, 0, 3
0, 244, 1, 0, 3
0, 244, 1, 0, 3
0, 244, 1, 0, 3
0, 244, 1, 0, 3
0, 244, 1, 0, 3
0, 244, 1, 0, 3
0, 244, 1, 0, 3
0, 244, 1, 0, 3
0, 244, 1, 0, 3
0, 244, 1, 0, 3
0, 244, 1, 0, 3
0, 244, 1, 0, 3
0, 244, 1, 0, 3
0, 244, 1, 0, 3
0, 244, 1, 0, 3
0, 244, 1, 0, 3
0, 244, 1, 0, 3
0, 244, 1, 0, 3
0, 244, 1, 0, 3
0, 244, 1, 0, 3
0, 244, 1, 0, 3
0, 244, 1, 0, 3
0, 244, 1, 0, 3
0, 244, 1, 0, 3
0, 244, 1, 0, 3
0, 244, 1, 0, 3
0, 244, 1, 0, 3
0, 244, 1, 0, 3
0, 244, 1, 0, 3
0, 244, 1, 0, 3
0, 244, 1, 0, 3
0, 244, 1, 0, 3
0, 244, 1, 0, 3
0, 244, 1, 0, 3
0, 244, 1, 0, 3
0, 244, 1, 0, 3
0, 244, 1, 0, 3
0, 244, 1, 0, 3
0, 244, 1, 0, 3
0, 244, 1, 0, 3
0, 244, 1, 0, 3
0, 244, 1, 0, 3
0, 244, 1, 0, 3
0, 244, 1, 0, 3
0, 244, 1, 0, 3
0, 244, 1, 0, 3
0, 244, 1, 0, 3
0, 244, 1, 0, 3
0, 244, 1, 0, 3
0, 244, 1, 0, 3
0, 244, 1, 0, 3
0, 244, 1, 0, 3
0, 244, 1, 0, 3
0, 244, 1, 0, 3
0, 244, 1, 0, 3
0, 244, 1, 0, 3
0, 244, 1, 0, 3
0, 244, 1, 0, 3
0, 244, 1, 0, 3
0, 244, 1, 0, 3
0, 244, 1, 0, 3
0, 244, 1, 0, 3
0, 244, 1, 0, 3
0, 244, 1, 0, 3
0, 244, 1, 0, 3
0, 244, 1, 0, 3
0, 244, 1, 0, 3
0, 244, 1, 0, 3
0, 244, 1, 0, 3
0, 244, 1, 0, 3
0, 244, 1, 0, 3
0, 244, 1, 0, 3
0, 244, 1, 0, 3
0, 244, 1, 0, 3
0, 244, 1, 0, 3
0, 244, 1, 0, 3
0, 244, 1, 0, 3
0, 244, 1, 0, 3
0, 244, 1, 0, 3
0, 244, 1, 0, 3
0, 244, 1, 0, 3
0, 244, 1, 0, 3
0, 244, 1, 0, 3
0, 244, 1, 0, 3
0, 244, 1, 0, 3
0, 244, 1, 0, 3
0, 244, 1, 0, 3
0, 244, 1, 0, 3
0, 244, 1, 0, 3
0, 244, 1, 0, 3
0, 244, 1, 0, 3
0, 244, 1, 0, 3
0, 244, 1, 0, 3
0, 244, 1, 0, 3
0, 244, 1, 0, 3
0, 244, 1, 0, 3
0, 244, 1, 0, 3
0, 244, 1, 0, 3
0, 244, 1, 0, 3
0, 244, 1, 0, 3
0, 244, 1, 0, 3
0, 244, 1, 0, 3
0, 244, 1, 0, 3
0, 244, 1, 0, 3
0, 244, 1, 0, 3
0, 244, 1, 0, 3
0, 244, 1, 0, 3
0, 244, 1, 0, 3
0, 244, 1, 0, 3
0, 244, 1, 0, 3
0, 244, 1, 0, 3
0, 244, 1, 0, 3
0, 244, 1, 0, 3
0, 244, 1, 0, 3
0, 244, 1, 0, 3
0, 244, 1, 0, 3
0, 244, 1, 0, 3
0, 244, 1, 0, 3
0, 244, 1, 0, 3
0, 244, 1, 0, 3
0, 244, 1, 0, 3
0, 244, 1, 0, 3
0, 244, 1, 0, 3
0, 244, 1, 0, 3
0, 244, 1, 0, 3
0, 244, 1, 0, 3
0, 244, 1, 0, 3
0, 244, 1, 0, 3
0, 244, 1, 0, 3
0, 244, 1, 0, 3
0, 244, 1, 0, 3
0, 244, 1, 0, 3
0, 244, 1, 0, 3
0, 244, 1, 0, 3
0, 244, 1, 0, 3
0, 244, 1, 0, 3
0, 244, 1, 0, 3
0, 244, 1, 0, 3
0, 244, 1, 0, 3
0, 244, 1, 0, 3
0, 244, 1, 0, 3
0, 244, 1, 0, 3
0, 244, 1, 0, 3
0, 244, 1, 0, 3
0, 244, 1, 0, 3
0, 244, 1, 0, 3
0, 244, 1, 0, 3
0, 244, 1, 0, 3
0, 244, 1, 0, 3
0, 244, 1, 0, 3
0, 244, 1, 0, 3
0, 244, 1, 0, 3
1, 1, 0, 1, 1
1, 1, 1, 0, 2
2, 1, 0, 1, 1
2, 1, 1, 0, 2
3, 1, 0, 1, 1
3, 1, 1, 0, 2
4, 1, 0, 1, 1
4, 1, 1, 0, 2
5, 1, 0, 1, 1
5, 1, 1, 0, 2
6, 1, 0, 1, 1
6, 1, 1, 0, 2
7, 1, 0, 1, 1
7, 1, 1, 0, 2
8, 1, 0, 1, 1
8, 1, 1, 0, 2
9, 1, 0, 1, 1
9, 1, 1, 0, 2
10, 1, 0, 1, 1
10, 1, 1, 0, 2
11, 1, 0, 1, 1
11, 1, 1, 0, 2
12, 1, 0, 1, 1
12, 1, 1, 0, 2
13, 1, 0, 1, 1
13, 1, 1, 0, 2
14, 1, 0, 1, 1
14, 1, 1, 0, 2
15, 1, 0, 1, 1
15, 1, 1, 0, 2
16, 1, 0, 1, 1
16, 1, 1, 0, 2
17, 1, 0, 1, 1
17, 1, 1, 0, 2
18, 1, 0, 1, 1
18, 1, 1, 0, 2
19, 1, 0, 1, 1
19, 1, 1, 0, 2
20, 1, 0, 1, 1
20, 1, 1, 0, 2
21, 1, 0, 1, 1
21, 1, 1, 0, 2
22, 1, 0, 1, 1
22, 1, 1, 0, 2
23, 1, 0, 1, 1
23, 1, 1, 0, 2
24, 1, 0, 1, 1
24, 1, 1, 0, 2
25, 1, 0, 1, 1
25, 1, 1, 0, 2
26, 1, 0, 1, 1
26, 1, 1, 0, 2
27, 1, 0, 1, 1
27, 1, 1, 0, 2
28, 1, 0, 1, 1
28, 1, 1, 0, 2
29, 1, 0, 1, 1
29, 1, 1, 0, 2
30, 1, 0, 1, 1
30, 1, 1, 0, 2
31, 1, 0, 1, 1
31, 1, 1, 0, 2
32, 1, 0, 1, 1
32, 1, 1, 0, 2
33, 1, 0, 1, 1
33, 1, 1, 0, 2
34, 1, 0, 1, 1
34, 1, 1, 0, 2
35, 1, 0, 1, 1
35, 1, 1, 0, 2
36, 1, 0, 1, 1
36, 1, 1, 0, 2
37, 1, 0, 1, 1
37, 1, 1, 0, 2
38, 3, 0, 1, 1
38, 3, 0, 1, 2
38, 3, 0, 1, 2
39, 1, 0, 1, 1
39, 2, 1, 0, 2
39, 2, 1, 0, 2
40, 1, 0, 1, 1
40, 2, 1, 0, 2
40, 2, 1, 0, 2
41, 1, 0, 1, 1
41, 2, 1, 0, 2
41, 2, 1, 0, 2
42, 2, 0, 1, 1
42, 2, 0, 1, 2
42, 1, 1, 0, 2
43, 2, 0, 1, 1
43, 2, 0, 1, 2
43, 1, 1, 0, 2
44, 2, 0, 1, 1
44, 2, 0, 1, 2
44, 1, 1, 0, 2
45, 2, 0, 1, 1
45, 2, 0, 1, 2
45, 1, 1, 0, 2
46, 2, 0, 1, 1
46, 2, 0, 1, 2
46, 1, 1, 0, 2
47, 2, 0, 1, 1
47, 2, 0, 1, 2
47, 1, 1, 0, 2
48, 2, 0, 1, 1
48, 2, 0, 1, 2
48, 1, 1, 0, 2
49, 2, 0, 1, 1
49, 2, 0, 1, 2
49, 1, 1, 0, 2
50, 2, 0, 1, 1
50, 2, 0, 1, 2
50, 1, 1, 0, 2
51, 2, 0, 1, 1
51, 2, 0, 1, 2
51, 1, 1, 0, 2
52, 1, 0, 1, 1
52, 2, 1, 0, 2
52, 2, 1, 0, 3
53, 2, 0, 1, 1
53, 2, 0, 1, 2
53, 1, 1, 0, 2
54, 2, 0, 1, 1
54, 2, 0, 1, 2
54, 1, 1, 0, 2
55, 2, 0, 1, 1
55, 2, 0, 1, 2
55, 1, 1, 0, 2
56, 2, 0, 1, 1
56, 2, 0, 1, 2
56, 1, 1, 0, 2
57, 2, 0, 1, 1
57, 2, 0, 1, 2
57, 1, 1, 0, 2
58, 2, 0, 1, 1
58, 2, 0, 1, 2
58, 1, 1, 0, 2
59, 2, 0, 1, 1
59, 2, 0, 1, 2
59, 1, 1, 0, 2
60, 2, 0, 1, 1
60, 2, 0, 1, 2
60, 1, 1, 0, 2
61, 2, 0, 1, 1
61, 2, 0, 1, 2
61, 1, 1, 0, 2
62, 2, 0, 1, 1
62, 2, 0, 1, 2
62, 1, 1, 0, 2
63, 2, 0, 1, 1
63, 2, 0, 1, 2
63, 1, 1, 0, 2
64, 2, 0, 1, 1
64, 2, 0, 1, 2
64, 1, 1, 0, 2
65, 2, 0, 1, 1
65, 2, 0, 1, 2
65, 1, 1, 0, 2
66, 2, 0, 1, 1
66, 2, 0, 1, 2
66, 1, 1, 0, 2
67, 3, 0, 1, 1
67, 3, 0, 1, 2
67, 3, 0, 1, 2
67, 1, 1, 0, 2
68, 3, 0, 1, 1
68, 3, 0, 1, 2
68, 3, 0, 1, 2
68, 1, 1, 0, 2
69, 3, 0, 1, 1
69, 3, 0, 1, 2
69, 3, 0, 1, 2
69, 1, 1, 0, 2
70, 2, 0, 1, 1
70, 2, 0, 1, 2
70, 2, 1, 0, 2
70, 2, 1, 0, 3
71, 2, 0, 1, 1
71, 2, 0, 1, 2
71, 2, 1, 0, 2
71, 2, 1, 0, 3
72, 1, 0, 1, 1
72, 2, 1, 0, 2
72, 2, 1, 0, 3
73, 3, 0, 1, 1
73, 3, 0, 1, 2
73, 3, 0, 1, 2
73, 1, 1, 0, 2
74, 3, 0, 1, 1
74, 3, 0, 1, 2
74, 3, 0, 1, 2
74, 1, 1, 0, 2
75, 2, 0, 1, 1
75, 2, 0, 1, 2
75, 2, 1, 0, 2
75, 2, 1, 0, 3
76, 2, 0, 1, 1
76, 2, 0, 1, 2
76, 2, 1, 0, 2
76, 2, 1, 0, 3
77, 1, 0, 1, 1
77, 2, 1, 0, 2
77, 2, 1, 0, 3
78, 2, 0, 1, 1
78, 2, 0, 1, 2
78, 2, 1, 0, 2
78, 2, 1, 0, 3
79, 2, 0, 1, 1
79, 2, 0, 1, 2
79, 2, 1, 0, 2
79, 2, 1, 0, 3
80, 3, 0, 1, 1
80, 3, 0, 1, 2
80, 3, 0, 1, 2
80, 1, 1, 0, 2
81, 3, 0, 1, 1
81, 3, 0, 1, 2
81, 3, 0, 1, 2
81, 1, 1, 0, 2
82, 1, 0, 1, 1
82, 2, 1, 0, 2
82, 2, 1, 0, 3
83, 3, 0, 1, 1
83, 3, 0, 1, 2
83, 3, 0, 1, 2
83, 1, 1, 0, 2
84, 3, 0, 1, 1
84, 3, 0, 1, 2
84, 3, 0, 1, 2
84, 1, 1, 0, 2
85, 1, 0, 1, 1
85, 3, 1, 0, 2
85, 3, 1, 0, 3
85, 3, 1, 0, 3
86, 3, 0, 1, 1
86, 3, 0, 1, 2
86, 3, 0, 1, 2
86, 1, 1, 0, 2
87, 1, 0, 1, 1
87, 3, 1, 0, 2
87, 3, 1, 0, 3
87, 3, 1, 0, 3
88, 3, 0, 1, 1
88, 3, 0, 1, 2
88, 3, 0, 1, 2
88, 1, 1, 0, 2
89, 1, 0, 1, 1
89, 3, 1, 0, 2
89, 3, 1, 0, 3
89, 3, 1, 0, 3
90, 3, 0, 1, 1
90, 3, 0, 1, 2
90, 3, 0, 1, 2
90, 1, 1, 0, 2
91, 3, 0, 1, 1
91, 3, 0, 1, 2
91, 3, 0, 1, 2
91, 1, 1, 0, 2
92, 3, 0, 1, 1
92, 3, 0, 1, 2
92, 3, 0, 1, 2
92, 1, 1, 0, 2
93, 3, 0, 1, 1
93, 3, 0, 1, 2
93, 3, 0, 1, 2
93, 1, 1, 0, 2
94, 3, 0, 1, 1
94, 3, 0, 1, 2
94, 3, 0, 1, 2
94, 1, 1, 0, 2
95, 3, 0, 1, 1
95, 3, 0, 1, 2
95, 3, 0, 1, 2
95, 1, 1, 0, 2
96, 1, 0, 1, 1
96, 2, 1, 0, 2
96, 2, 1, 0, 3
97, 1, 0, 1, 1
97, 2, 1, 0, 2
97, 2, 1, 0, 3
98, 3, 0, 1, 1
98, 3, 0, 1, 2
98, 3, 0, 1, 2
98, 1, 1, 0, 2
99, 3, 0, 1, 1
99, 3, 0, 1, 2
99, 3, 0, 1, 2
99, 1, 1, 0, 2
100, 1, 0, 1, 1
100, 2, 1, 0, 2
100, 2, 1, 0, 3
101, 3, 0, 1, 1
101, 3, 0, 1, 2
101, 3, 0, 1, 2
101, 1, 1, 0, 2
102, 3, 0, 1, 1
102, 3, 0, 1, 2
102, 3, 0, 1, 2
102, 1, 1, 0, 2
103, 1, 0, 1, 1
103, 2, 1, 0, 2
103, 2, 1, 0, 3
104, 3, 0, 1, 1
104, 3, 0, 1, 2
104, 3, 0, 1, 2
104, 1, 1, 0, 2
105, 3, 0, 1, 1
105, 3, 0, 1, 2
105, 3, 0, 1, 2
105, 1, 1, 0, 2
106, 1, 0, 1, 1
106, 3, 1, 0, 2
106, 3, 1, 0, 3
106, 3, 1, 0, 3
107, 3, 0, 1, 1
107, 3, 0, 1, 2
107, 3, 0, 1, 2
107, 1, 1, 0, 2
108, 3, 0, 1, 1
108, 3, 0, 1, 2
108, 3, 0, 1, 2
108, 1, 1, 0, 2
109, 3, 0, 1, 1
109, 3, 0, 1, 2
109, 3, 0, 1, 2
109, 1, 1, 0, 2
110, 3, 0, 1, 1
110, 3, 0, 1, 2
110, 3, 0, 1, 2
110, 1, 1, 0, 2
111, 3, 0, 1, 1
111, 3, 0, 1, 2
111, 3, 0, 1, 2
111, 2, 1, 0, 2
111, 2, 1, 0, 3
112, 3, 0, 1, 1
112, 3, 0, 1, 2
112, 3, 0, 1, 2
112, 2, 1, 0, 2
112, 2, 1, 0, 3
113, 2, 0, 1, 1
113, 2, 0, 1, 2
113, 3, 1, 0, 2
113, 3, 1, 0, 3
113, 3, 1, 0, 3
114, 2, 0, 1, 1
114, 2, 0, 1, 2
114, 2, 1, 0, 2
114, 2, 1, 0, 3
115, 1, 0, 1, 1
115, 2, 1, 0, 2
115, 2, 1, 0, 3
116, 2, 0, 1, 1
116, 2, 0, 1, 2
116, 2, 1, 0, 2
116, 2, 1, 0, 3
117, 2, 0, 1, 1
117, 2, 0, 1, 2
117, 2, 1, 0, 2
117, 2, 1, 0, 3
118, 3, 0, 1, 1
118, 3, 0, 1, 2
118, 3, 0, 1, 2
118, 2, 1, 0, 2
118, 2, 1, 0, 3
119, 1, 0, 1, 1
119, 2, 1, 0, 2
119, 2, 1, 0, 3
120, 2, 0, 1, 1
120, 2, 0, 1, 2
120, 2, 1, 0, 2
120, 2, 1, 0, 3
121, 3, 0, 1, 1
121, 3, 0, 1, 2
121, 3, 0, 1, 2
121, 3, 1, 0, 2
121, 3, 1, 0, 3
121, 3, 1, 0, 3
122, 3, 0, 1, 1
122, 3, 0, 1, 2
122, 3, 0, 1, 2
122, 3, 1, 0, 2
122, 3, 1, 0, 3
122, 3, 1, 0, 3
123, 2, 0, 1, 1
123, 2, 0, 1, 2
123, 3, 1, 0, 2
123, 3, 1, 0, 3
123, 3, 1, 0, 3
124, 3, 0, 1, 1
124, 3, 0, 1, 2
124, 3, 0, 1, 2
124, 3, 1, 0, 2
124, 3, 1, 0, 3
124, 3, 1, 0, 3
125, 3, 0, 1, 1
125, 3, 0, 1, 2
125, 3, 0, 1, 2
125, 3, 1, 0, 2
125, 3, 1, 0, 3
125, 3, 1, 0, 3
126, 3, 0, 1, 1
126, 3, 0, 1, 2
126, 3, 0, 1, 2
126, 3, 1, 0, 2
126, 3, 1, 0, 3
126, 3, 1, 0, 3
127, 3, 0, 1, 1
127, 3, 0, 1, 2
127, 3, 0, 1, 2
127, 3, 1, 0, 2
127, 3, 1, 0, 3
127, 3, 1, 0, 3
128, 3, 0, 1, 1
128, 3, 0, 1, 2
128, 3, 0, 1, 2
128, 3, 1, 0, 2
128, 3, 1, 0, 3
128, 3, 1, 0, 3
129, 3, 0, 1, 1
129, 3, 0, 1, 2
129, 3, 0, 1, 2
129, 2, 1, 0, 2
129, 2, 1, 0, 3
130, 3, 0, 1, 1
130, 3, 0, 1, 2
130, 3, 0, 1, 2
130, 3, 1, 0, 2
130, 3, 1, 0, 3
130, 3, 1, 0, 3
131, 3, 0, 1, 1
131, 3, 0, 1, 2
131, 3, 0, 1, 2
131, 3, 1, 0, 2
131, 3, 1, 0, 3
131, 3, 1, 0, 3
132, 1, 0, 1, 1
132, 3, 1, 0, 2
132, 3, 1, 0, 3
132, 3, 1, 0, 3
133, 1, 0, 1, 1
133, 3, 1, 0, 2
133, 3, 1, 0, 3
133, 3, 1, 0, 3
134, 1, 0, 1, 1
134, 3, 1, 0, 2
134, 3, 1, 0, 3
134, 3, 1, 0, 3
135, 3, 0, 1, 1
135, 3, 0, 1, 2
135, 3, 0, 1, 2
135, 2, 1, 0, 2
135, 2, 1, 0, 3
136, 2, 0, 1, 1
136, 2, 0, 1, 2
136, 3, 1, 0, 2
136, 3, 1, 0, 3
136, 3, 1, 0, 3
137, 3, 0, 1, 1
137, 3, 0, 1, 2
137, 3, 0, 1, 2
137, 2, 1, 0, 2
137, 2, 1, 0, 3
138, 3, 0, 1, 1
138, 3, 0, 1, 2
138, 3, 0, 1, 2
138, 3, 1, 0, 2
138, 3, 1, 0, 3
138, 3, 1, 0, 3
139, 1, 0, 1, 1
139, 3, 1, 0, 2
139, 3, 1, 0, 3
139, 3, 1, 0, 3
140, 1, 0, 1, 1
140, 3, 1, 0, 2
140, 3, 1, 0, 3
140, 3, 1, 0, 3
141, 1, 0, 1, 1
141, 3, 1, 0, 2
141, 3, 1, 0, 3
141, 3, 1, 0, 3
142, 2, 0, 1, 1
142, 2, 0, 1, 2
142, 3, 1, 0, 2
142, 3, 1, 0, 3
142, 3, 1, 0, 3
143, 2, 0, 1, 1
143, 2, 0, 1, 2
143, 3, 1, 0, 2
143, 3, 1, 0, 3
143, 3, 1, 0, 3
144, 2, 0, 1, 1
144, 2, 0, 1, 2
144, 3, 1, 0, 2
144, 3, 1, 0, 3
144, 3, 1, 0, 3
145, 2, 0, 1, 1
145, 2, 0, 1, 2
145, 3, 1, 0, 2
145, 3, 1, 0, 3
145, 3, 1, 0, 3
146, 2, 0, 1, 1
146, 2, 0, 1, 2
146, 3, 1, 0, 2
146, 3, 1, 0, 3
146, 3, 1, 0, 3
147, 3, 0, 1, 1
147, 3, 0, 1, 2
147, 3, 0, 1, 2
147, 3, 1, 0, 2
147, 3, 1, 0, 3
147, 3, 1, 0, 3
148, 3, 0, 1, 1
148, 3, 0, 1, 2
148, 3, 0, 1, 2
148, 3, 1, 0, 2
148, 3, 1, 0, 3
148, 3, 1, 0, 3
149, 1, 0, 1, 1
149, 4, 1, 0, 2
149, 4, 1, 0, 3
149, 4, 1, 0, 3
149, 4, 1, 0, 3
150, 1, 0, 1, 1
150, 3, 1, 0, 2
150, 3, 1, 0, 3
150, 3, 1, 0, 3
151, 3, 0, 1, 1
151, 3, 0, 1, 2
151, 3, 0, 1, 2
151, 3, 1, 0, 2
151, 3, 1, 0, 3
151, 3, 1, 0, 3
152, 3, 0, 1, 1
152, 3, 0, 1, 2
152, 3, 0, 1, 2
152, 3, 1, 0, 2
152, 3, 1, 0, 3
152, 3, 1, 0, 3
153, 3, 0, 1, 1
153, 3, 0, 1, 2
153, 3, 0, 1, 2
153, 3, 1, 0, 2
153, 3, 1, 0, 3
153, 3, 1, 0, 3
154, 3, 0, 1, 1
154, 3, 0, 1, 2
154, 3, 0, 1, 2
154, 3, 1, 0, 2
154, 3, 1, 0, 3
154, 3, 1, 0, 3
155, 4, 0, 1, 1
155, 4, 0, 1, 2
155, 4, 0, 1, 2
155, 4, 0, 1, 2
155, 4, 1, 0, 2
155, 4, 1, 0, 3
155, 4, 1, 0, 3
155, 4, 1, 0, 3
156, 4, 0, 1, 1
156, 4, 0, 1, 2
156, 4, 0, 1, 2
156, 4, 0, 1, 2
156, 4, 1, 0, 2
156, 4, 1, 0, 3
156, 4, 1, 0, 3
156, 4, 1, 0, 3
157, 4, 0, 1, 1
157, 4, 0, 1, 2
157, 4, 0, 1, 2
157, 4, 0, 1, 2
157, 4, 1, 0, 2
157, 4, 1, 0, 3
157, 4, 1, 0, 3
157, 4, 1, 0, 3
158, 3, 0, 1, 1
158, 3, 0, 1, 2
158, 3, 0, 1, 2
158, 4, 1, 0, 2
158, 4, 1, 0, 3
158, 4, 1, 0, 3
158, 4, 1, 0, 3
159, 3, 0, 1, 1
159, 3, 0, 1, 2
159, 3, 0, 1, 2
159, 5, 1, 0, 2
159, 5, 1, 0, 3
159, 5, 1, 0, 3
159, 5, 1, 0, 3
159, 5, 1, 0, 3
160, 5, 0, 1, 1
160, 5, 0, 1, 2
160, 5, 0, 1, 2
160, 5, 0, 1, 2
160, 5, 0, 1, 2
160, 4, 1, 0, 2
160, 4, 1, 0, 3
160, 4, 1, 0, 3
160, 4, 1, 0, 3
161, 5, 0, 1, 1
161, 5, 0, 1, 2
161, 5, 0, 1, 2
161, 5, 0, 1, 2
161, 5, 0, 1, 2
161, 4, 1, 0, 2
161, 4, 1, 0, 3
161, 4, 1, 0, 3
161, 4, 1, 0, 3
162, 4, 0, 1, 1
162, 4, 0, 1, 2
162, 4, 0, 1, 2
162, 4, 0, 1, 2
162, 5, 1, 0, 2
162, 5, 1, 0, 3
162, 5, 1, 0, 3
162, 5, 1, 0, 3
162, 5, 1, 0, 3
163, 5, 0, 1, 1
163, 5, 0, 1, 2
163, 5, 0, 1, 2
163, 5, 0, 1, 2
163, 5, 0, 1, 2
163, 5, 1, 0, 2
163, 5, 1, 0, 3
163, 5, 1, 0, 3
163, 5, 1, 0, 3
163, 5, 1, 0, 3
164, 2, 0, 1, 1
164, 2, 0, 1, 2
164, 2, 1, 0, 2
164, 2, 1, 0, 2
165, 2, 0, 1, 1
165, 2, 0, 1, 2
165, 2, 1, 0, 2
165, 2, 1, 0, 2
166, 1, 0, 1, 3
166, 1, 1, 0, 2
167, 1, 0, 1, 3
167, 1, 1, 0, 2
168, 1, 0, 1, 3
168, 1, 1, 0, 2
169, 1, 0, 1, 1
169, 1, 1, 0, 4
170, 1, 0, 1, 3
170, 1, 1, 0, 2
171, 1, 0, 1, 3
171, 1, 1, 0, 2
172, 1, 0, 1, 3
172, 1, 1, 0, 2
173, 1, 0, 1, 1
173, 1, 1, 0, 4
174, 1, 0, 1, 3
174, 1, 1, 0, 2
175, 1, 0, 1, 3
175, 1, 1, 0, 2
176, 1, 0, 1, 3
176, 1, 1, 0, 2
177, 1, 0, 1, 3
177, 1, 1, 0, 2
178, 1, 0, 1, 1
178, 1, 1, 0, 4
179, 1, 0, 1, 2
179, 2, 1, 0, 2
179, 2, 1, 0, 3
180, 1, 0, 1, 2
180, 2, 1, 0, 2
180, 2, 1, 0, 3
181, 1, 0, 1, 2
181, 2, 1, 0, 2
181, 2, 1, 0, 3
182, 2, 0, 1, 1
182, 2, 0, 1, 2
182, 1, 1, 0, 3
183, 1, 0, 1, 2
183, 2, 1, 0, 2
183, 2, 1, 0, 3
184, 2, 0, 1, 1
184, 2, 0, 1, 2
184, 3, 1, 0, 2
184, 3, 1, 0, 2
184, 3, 1, 0, 3
185, 1, 0, 1, 2
185, 3, 1, 0, 2
185, 3, 1, 0, 3
185, 3, 1, 0, 3
186, 1, 0, 1, 2
186, 3, 1, 0, 2
186, 3, 1, 0, 3
186, 3, 1, 0, 3
187, 2, 0, 1, 1
187, 2, 0, 1, 2
187, 1, 1, 0, 3
188, 3, 0, 1, 1
188, 3, 0, 1, 2
188, 3, 0, 1, 2
188, 1, 1, 0, 3
189, 2, 0, 1, 1
189, 2, 0, 1, 2
189, 1, 1, 0, 3
190, 3, 0, 1, 1
190, 3, 0, 1, 2
190, 3, 0, 1, 2
190, 3, 1, 0, 2
190, 3, 1, 0, 2
190, 3, 1, 0, 3
191, 1, 0, 1, 2
191, 3, 1, 0, 2
191, 3, 1, 0, 3
191, 3, 1, 0, 3
192, 1, 0, 1, 2
192, 3, 1, 0, 2
192, 3, 1, 0, 3
192, 3, 1, 0, 3
193, 3, 0, 1, 1
193, 3, 0, 1, 2
193, 3, 0, 1, 2
193, 1, 1, 0, 3
194, 2, 0, 1, 1
194, 2, 0, 1, 2
194, 4, 1, 0, 2
194, 4, 1, 0, 2
194, 4, 1, 0, 3
194, 4, 1, 0, 3
195, 1, 0, 1, 2
195, 3, 1, 0, 2
195, 3, 1, 0, 3
195, 3, 1, 0, 3
196, 3, 0, 1, 1
196, 3, 0, 1, 2
196, 3, 0, 1, 2
196, 3, 1, 0, 2
196, 3, 1, 0, 2
196, 3, 1, 0, 3
197, 1, 0, 1, 2
197, 2, 1, 0, 2
197, 2, 1, 0, 3
198, 4, 0, 1, 1
198, 4, 0, 1, 2
198, 4, 0, 1, 2
198, 4, 0, 1, 2
198, 4, 1, 0, 2
198, 4, 1, 0, 2
198, 4, 1, 0, 3
198, 4, 1, 0, 3
199, 4, 0, 1, 1
199, 4, 0, 1, 2
199, 4, 0, 1, 2
199, 4, 0, 1, 2
199, 5, 1, 0, 2
199, 5, 1, 0, 2
199, 5, 1, 0, 3
199, 5, 1, 0, 3
199, 5, 1, 0, 3
200, 4, 0, 1, 1
200, 4, 0, 1, 2
200, 4, 0, 1, 2
200, 4, 0, 1, 2
200, 5, 1, 0, 2
200, 5, 1, 0, 2
200, 5, 1, 0, 3
200, 5, 1, 0, 3
200, 5, 1, 0, 3
201, 5, 0, 1, 1
201, 5, 0, 1, 2
201, 5, 0, 1, 2
201, 5, 0, 1, 2
201, 5, 0, 1, 2
201, 4, 1, 0, 2
201, 4, 1, 0, 2
201, 4, 1, 0, 3
201, 4, 1, 0, 3
202, 5, 0, 1, 1
202, 5, 0, 1, 2
202, 5, 0, 1, 2
202, 5, 0, 1, 2
202, 5, 0, 1, 2
202, 5, 1, 0, 2
202, 5, 1, 0, 2
202, 5, 1, 0, 3
202, 5, 1, 0, 3
202, 5, 1, 0, 3
203, 5, 0, 1, 1
203, 5, 0, 1, 2
203, 5, 0, 1, 2
203, 5, 0, 1, 2
203, 5, 0, 1, 2
203, 5, 1, 0, 2
203, 5, 1, 0, 2
203, 5, 1, 0, 3
203, 5, 1, 0, 3
203, 5, 1, 0, 3
204, 4, 0, 1, 1
204, 4, 0, 1, 2
204, 4, 0, 1, 2
204, 4, 0, 1, 2
204, 6, 1, 0, 2
204, 6, 1, 0, 2
204, 6, 1, 0, 3
204, 6, 1, 0, 3
204, 6, 1, 0, 3
204, 6, 1, 0, 3
205, 1, 0, 1, 3
205, 2, 1, 0, 2
205, 2, 1, 0, 3
206, 1, 0, 1, 3
206, 3, 1, 0, 2
206, 3, 1, 0, 3
206, 3, 1, 0, 3
207, 3, 0, 1, 1
207, 3, 0, 1, 2
207, 3, 0, 1, 2
207, 1, 1, 0, 4
208, 1, 0, 1, 4
208, 1, 1, 0, 2
209, 1, 0, 1, 4
209, 1, 1, 0, 2
210, 1, 0, 1, 4
210, 1, 1, 0, 2
211, 1, 0, 1, 4
211, 1, 1, 0, 2
212, 1, 0, 1, 1
212, 1, 1, 0, 5
213, 1, 0, 1, 4
213, 1, 1, 0, 2
214, 1, 0, 1, 3
214, 2, 1, 0, 2
214, 2, 1, 0, 3
215, 1, 0, 1, 3
215, 2, 1, 0, 2
215, 2, 1, 0, 3
216, 1, 0, 1, 3
216, 2, 1, 0, 2
216, 2, 1, 0, 3
217, 2, 0, 1, 1
217, 2, 0, 1, 2
217, 1, 1, 0, 4
218, 1, 0, 1, 3
218, 2, 1, 0, 2
218, 2, 1, 0, 3
219, 1, 0, 1, 3
219, 2, 1, 0, 2
219, 2, 1, 0, 3
220, 1, 0, 1, 3
220, 2, 1, 0, 2
220, 2, 1, 0, 3
221, 3, 0, 1, 1
221, 3, 0, 1, 2
221, 3, 0, 1, 2
221, 4, 1, 0, 2
221, 4, 1, 0, 2
221, 4, 1, 0, 2
221, 4, 1, 0, 3
222, 1, 0, 1, 3
222, 3, 1, 0, 2
222, 3, 1, 0, 3
222, 3, 1, 0, 3
223, 1, 0, 1, 3
223, 3, 1, 0, 2
223, 3, 1, 0, 3
223, 3, 1, 0, 3
224, 1, 0, 1, 3
224, 3, 1, 0, 2
224, 3, 1, 0, 3
224, 3, 1, 0, 3
225, 3, 0, 1, 1
225, 3, 0, 1, 2
225, 3, 0, 1, 2
225, 1, 1, 0, 4
226, 2, 0, 1, 1
226, 2, 0, 1, 2
226, 1, 1, 0, 4
227, 3, 0, 1, 1
227, 3, 0, 1, 2
227, 3, 0, 1, 2
227, 1, 1, 0, 4
228, 3, 0, 1, 1
228, 3, 0, 1, 2
228, 3, 0, 1, 2
228, 5, 1, 0, 2
228, 5, 1, 0, 2
228, 5, 1, 0, 2
228, 5, 1, 0, 3
228, 5, 1, 0, 3
229, 1, 0, 1, 3
229, 3, 1, 0, 2
229, 3, 1, 0, 3
229, 3, 1, 0, 3
230, 1, 0, 1, 3
230, 3, 1, 0, 2
230, 3, 1, 0, 3
230, 3, 1, 0, 3
231, 1, 0, 1, 3
231, 3, 1, 0, 2
231, 3, 1, 0, 3
231, 3, 1, 0, 3
232, 1, 0, 1, 3
232, 3, 1, 0, 2
232, 3, 1, 0, 3
232, 3, 1, 0, 3
233, 3, 0, 1, 1
233, 3, 0, 1, 2
233, 3, 0, 1, 2
233, 1, 1, 0, 4
234, 1, 0, 1, 3
234, 3, 1, 0, 2
234, 3, 1, 0, 3
234, 3, 1, 0, 3
235, 1, 0, 1, 3
235, 3, 1, 0, 2
235, 3, 1, 0, 3
235, 3, 1, 0, 3
236, 3, 0, 1, 1
236, 3, 0, 1, 2
236, 3, 0, 1, 2
236, 5, 1, 0, 2
236, 5, 1, 0, 2
236, 5, 1, 0, 2
236, 5, 1, 0, 3
236, 5, 1, 0, 3
237, 1, 0, 1, 4
237, 2, 1, 0, 2
237, 2, 1, 0, 3
238, 1, 0, 1, 4
238, 3, 1, 0, 2
238, 3, 1, 0, 3
238, 3, 1, 0, 3
239, 1, 0, 1, 4
239, 3, 1, 0, 2
239, 3, 1, 0, 3
239, 3, 1, 0, 3
240, 3, 0, 1, 1
240, 3, 0, 1, 2
240, 3, 0, 1, 2
240, 1, 1, 0, 5
241, 1, 0, 1, 4
241, 2, 1, 0, 2
241, 2, 1, 0, 3
242, 1, 0, 1, 4
242, 2, 1, 0, 2
242, 2, 1, 0, 3
243, 1, 0, 1, 4
243, 2, 1, 0, 2
243, 2, 1, 0, 3
244, 1, 0, 1, 4
244, 3, 1, 0, 2
244, 3, 1, 0, 3
244, 3, 1, 0, 3
245, 1, 0, 1, 4
245, 3, 1, 0, 2
245, 3, 1, 0, 3
245, 3, 1, 0, 3
246, 3, 0, 1, 1
246, 3, 0, 1, 2
246, 3, 0, 1, 2
246, 1, 1, 0, 5
247, 1, 0, 1, 4
247, 2, 1, 0, 2
247, 2, 1, 0, 3
248, 1, 0, 1, 4
248, 2, 1, 0, 2
248, 2, 1, 0, 3
249, 1, 0, 1, 4
249, 3, 1, 0, 2
249, 3, 1, 0, 3
249, 3, 1, 0, 3
250, 1, 0, 1, 4
250, 3, 1, 0, 2
250, 3, 1, 0, 3
250, 3, 1, 0, 3
251, 3, 0, 1, 1
251, 3, 0, 1, 2
251, 3, 0, 1, 2
251, 1, 1, 0, 5
252, 1, 0, 1, 4
252, 2, 1, 0, 2
252, 2, 1, 0, 3
253, 1, 0, 1, 4
253, 3, 1, 0, 2
253, 3, 1, 0, 3
253, 3, 1, 0, 3
254, 1, 0, 1, 4
254, 3, 1, 0, 2
254, 3, 1, 0, 3
254, 3, 1, 0, 3
255, 1, 0, 1, 4
255, 3, 1, 0, 2
255, 3, 1, 0, 3
255, 3, 1, 0, 3
256, 3, 0, 1, 1
256, 3, 0, 1, 2
256, 3, 0, 1, 2
256, 1, 1, 0, 5
257, 1, 0, 1, 4
257, 3, 1, 0, 2
257, 3, 1, 0, 3
257, 3, 1, 0, 3
258, 1, 0, 1, 4
258, 3, 1, 0, 2
258, 3, 1, 0, 3
258, 3, 1, 0, 3
259, 1, 0, 1, 4
259, 3, 1, 0, 2
259, 3, 1, 0, 3
259, 3, 1, 0, 3
260, 3, 0, 1, 1
260, 3, 0, 1, 2
260, 3, 0, 1, 2
260, 1, 1, 0, 5
261, 1, 0, 1, 4
261, 3, 1, 0, 2
261, 3, 1, 0, 3
261, 3, 1, 0, 3
262, 1, 0, 1, 4
262, 3, 1, 0, 2
262, 3, 1, 0, 3
262, 3, 1, 0, 3
263, 1, 0, 1, 4
263, 3, 1, 0, 2
263, 3, 1, 0, 3
263, 3, 1, 0, 3
264, 1, 0, 1, 4
264, 3, 1, 0, 2
264, 3, 1, 0, 3
264, 3, 1, 0, 3
265, 3, 0, 1, 1
265, 3, 0, 1, 2
265, 3, 0, 1, 2
265, 1, 1, 0, 5
266, 4, 0, 1, 1
266, 4, 0, 1, 2
266, 4, 0, 1, 2
266, 4, 0, 1, 2
266, 7, 1, 0, 2
266, 7, 1, 0, 2
266, 7, 1, 0, 2
266, 7, 1, 0, 2
266, 7, 1, 0, 3
266, 7, 1, 0, 3
266, 7, 1, 0, 3
267, 2, 0, 111, 2
267, 2, 0, 111, 2
267, 2, 1, 12, 2
267, 2, 1, 12, 2
267, 2, 2, 3, 2
267, 2, 2, 3, 2
267, 2, 3, 4, 2
267, 2, 3, 4, 2
267, 2, 4, 5, 2
267, 2, 4, 5, 2
267, 2, 5, 6, 2
267, 2, 5, 6, 2
267, 2, 6, 7, 2
267, 2, 6, 7, 2
267, 2, 7, 8, 2
267, 2, 7, 8, 2
267, 2, 8, 9, 2
267, 2, 8, 9, 2
267, 2, 9, 10, 2
267, 2, 9, 10, 2
267, 2, 10, 11, 2
267, 2, 10, 11, 2
267, 2, 11, 13, 2
267, 2, 11, 13, 2
267, 2, 12, 23, 2
267, 2, 12, 23, 2
267, 2, 13, 14, 2
267, 2, 13, 14, 2
267, 2, 14, 15, 2
267, 2, 14, 15, 2
267, 2, 15, 16, 2
267, 2, 15, 16, 2
267, 2, 16, 17, 2
267, 2, 16, 17, 2
267, 2, 17, 18, 2
267, 2, 17, 18, 2
267, 2, 18, 19, 2
267, 2, 18, 19, 2
267, 2, 19, 20, 2
267, 2, 19, 20, 2
267, 2, 20, 21, 2
267, 2, 20, 21, 2
267, 2, 21, 22, 2
267, 2, 21, 22, 2
267, 2, 22, 24, 2
267, 2, 22, 24, 2
267, 2, 23, 34, 2
267, 2, 23, 34, 2
267, 2, 24, 25, 2
267, 2, 24, 25, 2
267, 2, 25, 26, 2
267, 2, 25, 26, 2
267, 2, 26, 27, 2
267, 2, 26, 27, 2
267, 2, 27, 28, 2
267, 2, 27, 28, 2
267, 2, 28, 29, 2
267, 2, 28, 29, 2
267, 2, 29, 30, 2
267, 2, 29, 30, 2
267, 2, 30, 31, 2
267, 2, 30, 31, 2
267, 2, 31, 32, 2
267, 2, 31, 32, 2
267, 2, 32, 33, 2
267, 2, 32, 33, 2
267, 2, 33, 35, 2
267, 2, 33, 35, 2
267, 2, 34, 45, 2
267, 2, 34, 45, 2
267, 2, 35, 36, 2
267, 2, 35, 36, 2
267, 2, 36, 37, 2
267, 2, 36, 37, 2
267, 2, 37, 38, 2
267, 2, 37, 38, 2
267, 2, 38, 39, 2
267, 2, 38, 39, 2
267, 2, 39, 40, 2
267, 2, 39, 40, 2
267, 2, 40, 41, 2
267, 2, 40, 41, 2
267, 2, 41, 42, 2
267, 2, 41, 42, 2
267, 2, 42, 43, 2
267, 2, 42, 43, 2
267, 2, 43, 44, 2
267, 2, 43, 44, 2
267, 2, 44, 46, 2
267, 2, 44, 46, 2
267, 2, 45, 56, 2
267, 2, 45, 56, 2
267, 2, 46, 47, 2
267, 2, 46, 47, 2
267, 2, 47, 48, 2
267, 2, 47, 48, 2
267, 2, 48, 49, 2
267, 2, 48, 49, 2
267, 2, 49, 50, 2
267, 2, 49, 50, 2
267, 2, 50, 51, 2
267, 2, 50, 51, 2
267, 2, 51, 52, 2
267, 2, 51, 52, 2
267, 2, 52, 53, 2
267, 2, 52, 53, 2
267, 2, 53, 54, 2
267, 2, 53, 54, 2
267, 2, 54, 55, 2
267, 2, 54, 55, 2
267, 2, 55, 57, 2
267, 2, 55, 57, 2
267, 2, 56, 67, 2
267, 2, 56, 67, 2
267, 2, 57, 58, 2
267, 2, 57, 58, 2
267, 2, 58, 59, 2
267, 2, 58, 59, 2
267, 2, 59, 60, 2
267, 2, 59, 60, 2
267, 2, 60, 61, 2
267, 2, 60, 61, 2
267, 2, 61, 62, 2
267, 2, 61, 62, 2
267, 2, 62, 63, 2
267, 2, 62, 63, 2
267, 2, 63, 64, 2
267, 2, 63, 64, 2
267, 2, 64, 65, 2
267, 2, 64, 65, 2
267, 2, 65, 66, 2
267, 2, 65, 66, 2
267, 2, 66, 68, 2
267, 2, 66, 68, 2
267, 2, 67, 78, 2
267, 2, 67, 78, 2
267, 2, 68, 69, 2
267, 2, 68, 69, 2
267, 2, 69, 70, 2
267, 2, 69, 70, 2
267, 2, 70, 71, 2
267, 2, 70, 71, 2
267, 2, 71, 72, 2
267, 2, 71, 72, 2
267, 2, 72, 73, 2
267, 2, 72, 73, 2
267, 2, 73, 74, 2
267, 2, 73, 74, 2
267, 2, 74, 75, 2
267, 2, 74, 75, 2
267, 2, 75, 76, 2
267, 2, 75, 76, 2
267, 2, 76, 77, 2
267, 2, 76, 77, 2
267, 2, 77, 79, 2
267, 2, 77, 79, 2
267, 2, 78, 89, 2
267, 2, 78, 89, 2
267, 2, 79, 80, 2
267, 2, 79, 80, 2
267, 2, 80, 81, 2
267, 2, 80, 81, 2
267, 2, 81, 82, 2
267, 2, 81, 82, 2
267, 2, 82, 83, 2
267, 2, 82, 83, 2
267, 2, 83, 84, 2
267, 2, 83, 84, 2
267, 2, 84, 85, 2
267, 2, 84, 85, 2
267, 2, 85, 86, 2
267, 2, 85, 86, 2
267, 2, 86, 87, 2
267, 2, 86, 87, 2
267, 2, 87, 88, 2
267, 2, 87, 88, 2
267, 2, 88, 90, 2
267, 2, 88, 90, 2
267, 2, 89, 100, 2
267, 2, 89, 100, 2
267, 2, 90, 91, 2
267, 2, 90, 91, 2
267, 2, 91, 92, 2
267, 2, 91, 92, 2
267, 2, 92, 93, 2
267, 2, 92, 93, 2
267, 2, 93, 94, 2
267, 2, 93, 94, 2
267, 2, 94, 95, 2
267, 2, 94, 95, 2
267, 2, 95, 96, 2
267, 2, 95, 96, 2
267, 2, 96, 97, 2
267, 2, 96, 97, 2
267, 2, 97, 98, 2
267, 2, 97, 98, 2
267, 2, 98, 99, 2
267, 2, 98, 99, 2
267, 2, 99, 101, 2
267, 2, 99, 101, 2
267, 2, 100, 112, 2
267, 2, 100, 112, 2
267, 2, 101, 102, 2
267, 2, 101, 102, 2
267, 2, 102, 103, 2
267, 2, 102, 103, 2
267, 2, 103, 104, 2
267, 2, 103, 104, 2
267, 2, 104, 105, 2
267, 2, 104, 105, 2
267, 2, 105, 106, 2
267, 2, 105, 106, 2
267, 2, 106, 107, 2
267, 2, 106, 107, 2
267, 2, 107, 108, 2
267, 2, 107, 108, 2
267, 2, 108, 109, 2
267, 2, 108, 109, 2
267, 2, 109, 110, 2
267, 2, 109, 110, 2
267, 2, 110, 113, 2
267, 2, 110, 113, 2
267, 2, 111, 167, 2
267, 2, 111, 167, 2
267, 2, 112, 123, 2
267, 2, 112, 123, 2
267, 2, 113, 114, 2
267, 2, 113, 114, 2
267, 2, 114, 115, 2
267, 2, 114, 115, 2
267, 2, 115, 116, 2
267, 2, 115, 116, 2
267, 2, 116, 117, 2
267, 2, 116, 117, 2
267, 2, 117, 118, 2
267, 2, 117, 118, 2
267, 2, 118, 119, 2
267, 2, 118, 119, 2
267, 2, 119, 120, 2
267, 2, 119, 120, 2
267, 2, 120, 121, 2
267, 2, 120, 121, 2
267, 2, 121, 122, 2
267, 2, 121, 122, 2
267, 2, 122, 124, 2
267, 2, 122, 124, 2
267, 2, 123, 134, 2
267, 2, 123, 134, 2
267, 2, 124, 125, 2
267, 2, 124, 125, 2
267, 2, 125, 126, 2
267, 2, 125, 126, 2
267, 2, 126, 127, 2
267, 2, 126, 127, 2
267, 2, 127, 128, 2
267, 2, 127, 128, 2
267, 2, 128, 129, 2
267, 2, 128, 129, 2
267, 2, 129, 130, 2
267, 2, 129, 130, 2
267, 2, 130, 131, 2
267, 2, 130, 131, 2
267, 2, 131, 132, 2
267, 2, 131, 132, 2
267, 2, 132, 133, 2
267, 2, 132, 133, 2
267, 2, 133, 135, 2
267, 2, 133, 135, 2
267, 2, 134, 145, 2
267, 2, 134, 145, 2
267, 2, 135, 136, 2
267, 2, 135, 136, 2
267, 2, 136, 137, 2
267, 2, 136, 137, 2
267, 2, 137, 138, 2
267, 2, 137, 138, 2
267, 2, 138, 139, 2
267, 2, 138, 139, 2
267, 2, 139, 140, 2
267, 2, 139, 140, 2
267, 2, 140, 141, 2
267, 2, 140, 141, 2
267, 2, 141, 142, 2
267, 2, 141, 142, 2
267, 2, 142, 143, 2
267, 2, 142, 143, 2
267, 2, 143, 144, 2
267, 2, 143, 144, 2
267, 2, 144, 146, 2
267, 2, 144, 146, 2
267, 2, 145, 156, 2
267, 2, 145, 156, 2
267, 2, 146, 147, 2
267, 2, 146, 147, 2
267, 2, 147, 148, 2
267, 2, 147, 148, 2
267, 2, 148, 149, 2
267, 2, 148, 149, 2
267, 2, 149, 150, 2
267, 2, 149, 150, 2
267, 2, 150, 151, 2
267, 2, 150, 151, 2
267, 2, 151, 152, 2
267, 2, 151, 152, 2
267, 2, 152, 153, 2
267, 2, 152, 153, 2
267, 2, 153, 154, 2
267, 2, 153, 154, 2
267, 2, 154, 155, 2
267, 2, 154, 155, 2
267, 2, 155, 157, 2
267, 2, 155, 157, 2
267, 2, 156, 162, 2
267, 2, 156, 162, 2
267, 2, 157, 158, 2
267, 2, 157, 158, 2
267, 2, 158, 159, 2
267, 2, 158, 159, 2
267, 2, 159, 160, 2
267, 2, 159, 160, 2
267, 2, 160, 161, 2
267, 2, 160, 161, 2
267, 2, 161, 244, 2
267, 2, 161, 244, 2
267, 2, 162, 163, 2
267, 2, 162, 163, 2
267, 2, 163, 164, 2
267, 2, 163, 164, 2
267, 2, 164, 165, 2
267, 2, 164, 165, 2
267, 2, 165, 166, 2
267, 2, 165, 166, 2
267, 2, 166, 168, 2
267, 2, 166, 168, 2
267, 2, 167, 178, 2
267, 2, 167, 178, 2
267, 2, 168, 169, 2
267, 2, 168, 169, 2
267, 2, 169, 170, 2
267, 2, 169, 170, 2
267, 2, 170, 171, 2
267, 2, 170, 171, 2
267, 2, 171, 172, 2
267, 2, 171, 172, 2
267, 2, 172, 173, 2
267, 2, 172, 173, 2
267, 2, 173, 174, 2
267, 2, 173, 174, 2
267, 2, 174, 175, 2
267, 2, 174, 175, 2
267, 2, 175, 176, 2
267, 2, 175, 176, 2
267, 2, 176, 177, 2
267, 2, 176, 177, 2
267, 2, 177, 179, 2
267, 2, 177, 179, 2
267, 2, 178, 189, 2
267, 2, 178, 189, 2
267, 2, 179, 180, 2
267, 2, 179, 180, 2
267, 2, 180, 181, 2
267, 2, 180, 181, 2
267, 2, 181, 182, 2
267, 2, 181, 182, 2
267, 2, 182, 183, 2
267, 2, 182, 183, 2
267, 2, 183, 184, 2
267, 2, 183, 184, 2
267, 2, 184, 185, 2
267, 2, 184, 185, 2
267, 2, 185, 186, 2
267, 2, 185, 186, 2
267, 2, 186, 187, 2
267, 2, 186, 187, 2
267, 2, 187, 188, 2
267, 2, 187, 188, 2
267, 2, 188, 190, 2
267, 2, 188, 190, 2
267, 2, 189, 200, 2
267, 2, 189, 200, 2
267, 2, 190, 191, 2
267, 2, 190, 191, 2
267, 2, 191, 192, 2
267, 2, 191, 192, 2
267, 2, 192, 193, 2
267, 2, 192, 193, 2
267, 2, 193, 194, 2
267, 2, 193, 194, 2
267, 2, 194, 195, 2
267, 2, 194, 195, 2
267, 2, 195, 196, 2
267, 2, 195, 196, 2
267, 2, 196, 197, 2
267, 2, 196, 197, 2
267, 2, 197, 198, 2
267, 2, 197, 198, 2
267, 2, 198, 199, 2
267, 2, 198, 199, 2
267, 2, 199, 201, 2
267, 2, 199, 201, 2
267, 2, 200, 211, 2
267, 2, 200, 211, 2
267, 2, 201, 202, 2
267, 2, 201, 202, 2
267, 2, 202, 203, 2
267, 2, 202, 203, 2
267, 2, 203, 204, 2
267, 2, 203, 204, 2
267, 2, 204, 205, 2
267, 2, 204, 205, 2
267, 2, 205, 206, 2
267, 2, 205, 206, 2
267, 2, 206, 207, 2
267, 2, 206, 207, 2
267, 2, 207, 208, 2
267, 2, 207, 208, 2
267, 2, 208, 209, 2
267, 2, 208, 209, 2
267, 2, 209, 210, 2
267, 2, 209, 210, 2
267, 2, 210, 212, 2
267, 2, 210, 212, 2
267, 2, 211, 222, 2
267, 2, 211, 222, 2
267, 2, 212, 213, 2
267, 2, 212, 213, 2
267, 2, 213, 214, 2
267, 2, 213, 214, 2
267, 2, 214, 215, 2
267, 2, 214, 215, 2
267, 2, 215, 216, 2
267, 2, 215, 216, 2
267, 2, 216, 217, 2
267, 2, 216, 217, 2
267, 2, 217, 218, 2
267, 2, 217, 218, 2
267, 2, 218, 219, 2
267, 2, 218, 219, 2
267, 2, 219, 220, 2
267, 2, 219, 220, 2
267, 2, 220, 221, 2
267, 2, 220, 221, 2
267, 2, 221, 223, 2
267, 2, 221, 223, 2
267, 2, 222, 233, 2
267, 2, 222, 233, 2
267, 2, 223, 224, 2
267, 2, 223, 224, 2
267, 2, 224, 225, 2
267, 2, 224, 225, 2
267, 2, 225, 226, 2
267, 2, 225, 226, 2
267, 2, 226, 227, 2
267, 2, 226, 227, 2
267, 2, 227, 228, 2
267, 2, 227, 228, 2
267, 2, 228, 229, 2
267, 2, 228, 229, 2
267, 2, 229, 230, 2
267, 2, 229, 230, 2
267, 2, 230, 231, 2
267, 2, 230, 231, 2
267, 2, 231, 232, 2
267, 2, 231, 232, 2
267, 2, 232, 234, 2
267, 2, 232, 234, 2
267, 2, 233, 1, 2
267, 2, 233, 1, 2
267, 2, 234, 235, 2
267, 2, 234, 235, 2
267, 2, 235, 236, 2
267, 2, 235, 236, 2
267, 2, 236, 237, 2
267, 2, 236, 237, 2
267, 2, 237, 238, 2
267, 2, 237, 238, 2
267, 2, 238, 239, 2
267, 2, 238, 239, 2
267, 2, 239, 240, 2
267, 2, 239, 240, 2
267, 2, 240, 241, 2
267, 2, 240, 241, 2
267, 2, 241, 242, 2
267, 2, 241, 242, 2
267, 2, 242, 243, 2
267, 2, 242, 243, 2
267, 2, 243, 2, 2
267, 2, 243, 2, 2
268, 2, 1, 0, 2
268, 2, 1, 0, 3
Goal
1
2
3
4
5
6
7
8
9
10
11
12
13
14
15
16
17
18
19
20
21
22
23
24
25
26
27
28
29
30
31
32
33
34
35
36
37
38
39
40
41
42
43
44
45
46
47
48
49
50
51
52
53
54
55
56
57
58
59
60
61
62
63
64
65
66
67
68
69
70
71
72
73
74
75
76
77
78
79
80
81
82
83
84
85
86
87
88
89
90
91
92
93
94
95
96
97
98
99
100
101
102
103
104
105
106
107
108
109
110
111
112
113
114
115
116
117
118
119
120
121
122
123
124
125
126
127
128
129
130
131
132
133
134
135
136
137
138
139
140
141
142
143
144
145
146
147
148
149
150
151
152
153
154
155
156
157
158
159
160
161
162
163
164
165
166
167
168
169
170
171
172
173
174
175
176
177
178
179
180
181
182
183
184
185
186
187
188
189
190
191
192
193
194
195
196
197
198
199
200
201
202
203
204
205
206
207
208
209
210
211
212
213
214
215
216
217
218
219
220
221
222
223
224
225
226
227
228
229
230
231
232
233
234
235
236
237
238
239
240
241
242
243
244
245
246
247
248
249
250
251
252
253
254
255
256
257
258
259
260
261
262
263
264
265
266
267
268
