CG
269
0, 1, 267, 401
1, 2, 0, 3
1, 2, 2, 3
2, 2, 0, 1
2, 2, 3, 1
3, 2, 0, 1
3, 2, 4, 1
4, 4, 0, 1
4, 4, 5, 1
4, 4, 6, 1
4, 4, 7, 1
5, 2, 0, 1
5, 2, 166, 1
6, 2, 0, 1
6, 2, 167, 1
7, 2, 0, 1
7, 2, 168, 1
8, 3, 0, 2
8, 3, 215, 1
8, 3, 20, 1
9, 3, 0, 2
9, 3, 215, 1
9, 3, 21, 1
10, 2, 0, 1
10, 2, 170, 1
11, 2, 0, 4
11, 2, 12, 4
12, 2, 0, 1
12, 2, 194, 1
13, 2, 0, 3
13, 2, 22, 3
14, 3, 0, 1
14, 3, 15, 1
14, 3, 16, 1
15, 2, 0, 1
15, 2, 17, 1
16, 2, 0, 1
16, 2, 18, 1
17, 2, 0, 1
17, 2, 23, 1
18, 2, 0, 1
18, 2, 24, 1
19, 3, 0, 4
19, 3, 196, 4
19, 3, 267, 3
20, 2, 0, 1
20, 2, 8, 1
21, 2, 0, 1
21, 2, 9, 1
22, 3, 0, 2
22, 3, 26, 2
22, 3, 267, 1
23, 3, 0, 1
23, 3, 24, 1
23, 3, 25, 1
24, 3, 0, 1
24, 3, 23, 1
24, 3, 25, 1
25, 2, 0, 1
25, 2, 228, 1
26, 2, 0, 1
26, 2, 27, 1
27, 3, 0, 2
27, 3, 185, 2
27, 3, 267, 1
28, 3, 0, 2
28, 3, 96, 2
28, 3, 267, 1
29, 3, 0, 2
29, 3, 231, 2
29, 3, 267, 1
30, 3, 0, 2
30, 3, 232, 2
30, 3, 267, 1
31, 3, 0, 2
31, 3, 233, 2
31, 3, 267, 1
32, 3, 0, 2
32, 3, 234, 2
32, 3, 267, 1
33, 3, 0, 2
33, 3, 197, 2
33, 3, 267, 1
34, 3, 0, 2
34, 3, 198, 2
34, 3, 267, 1
35, 3, 0, 2
35, 3, 236, 2
35, 3, 267, 1
36, 3, 0, 2
36, 3, 191, 2
36, 3, 267, 1
37, 3, 0, 2
37, 3, 53, 2
37, 3, 267, 1
38, 3, 0, 2
38, 3, 195, 2
38, 3, 267, 1
39, 3, 0, 2
39, 3, 177, 2
39, 3, 267, 1
40, 3, 0, 2
40, 3, 41, 2
40, 3, 267, 1
41, 4, 0, 1
41, 4, 42, 1
41, 4, 43, 1
41, 4, 44, 1
42, 3, 0, 2
42, 3, 200, 2
42, 3, 267, 1
43, 3, 0, 2
43, 3, 201, 2
43, 3, 267, 1
44, 3, 0, 2
44, 3, 202, 2
44, 3, 267, 1
45, 3, 0, 2
45, 3, 204, 2
45, 3, 267, 1
46, 3, 0, 2
46, 3, 47, 2
46, 3, 267, 1
47, 5, 0, 1
47, 5, 48, 1
47, 5, 49, 1
47, 5, 50, 1
47, 5, 51, 1
48, 3, 0, 2
48, 3, 237, 2
48, 3, 267, 1
49, 3, 0, 2
49, 3, 238, 2
49, 3, 267, 1
50, 3, 0, 2
50, 3, 239, 2
50, 3, 267, 1
51, 3, 0, 2
51, 3, 240, 2
51, 3, 267, 1
52, 3, 0, 2
52, 3, 54, 2
52, 3, 267, 1
53, 3, 0, 2
53, 3, 242, 2
53, 3, 267, 1
54, 3, 0, 2
54, 3, 205, 2
54, 3, 267, 1
55, 3, 0, 3
55, 3, 56, 3
55, 3, 267, 2
56, 4, 0, 1
56, 4, 74, 1
56, 4, 57, 1
56, 4, 36, 1
57, 3, 0, 3
57, 3, 58, 3
57, 3, 267, 2
58, 5, 0, 1
58, 5, 59, 1
58, 5, 35, 1
58, 5, 75, 1
58, 5, 60, 1
59, 3, 0, 3
59, 3, 247, 3
59, 3, 267, 2
60, 3, 0, 3
60, 3, 248, 3
60, 3, 267, 2
61, 3, 0, 1
61, 3, 76, 1
61, 3, 62, 1
62, 3, 0, 3
62, 3, 118, 3
62, 3, 267, 2
63, 3, 0, 3
63, 3, 172, 3
63, 3, 267, 2
64, 3, 0, 3
64, 3, 97, 3
64, 3, 267, 2
65, 5, 0, 1
65, 5, 29, 1
65, 5, 30, 1
65, 5, 31, 1
65, 5, 32, 1
66, 4, 0, 1
66, 4, 33, 1
66, 4, 10, 1
66, 4, 34, 1
67, 3, 0, 3
67, 3, 193, 3
67, 3, 267, 2
68, 3, 0, 3
68, 3, 98, 3
68, 3, 267, 2
69, 5, 0, 1
69, 5, 37, 1
69, 5, 38, 1
69, 5, 39, 1
69, 5, 40, 1
70, 3, 0, 3
70, 3, 187, 3
70, 3, 267, 2
71, 3, 0, 3
71, 3, 174, 3
71, 3, 267, 2
72, 3, 0, 3
72, 3, 175, 3
72, 3, 267, 2
73, 4, 0, 1
73, 4, 45, 1
73, 4, 46, 1
73, 4, 52, 1
74, 3, 0, 4
74, 3, 119, 4
74, 3, 267, 3
75, 3, 0, 4
75, 3, 249, 4
75, 3, 267, 3
76, 3, 0, 4
76, 3, 77, 4
76, 3, 267, 3
77, 4, 0, 1
77, 4, 78, 1
77, 4, 79, 1
77, 4, 28, 1
78, 3, 0, 4
78, 3, 99, 4
78, 3, 267, 3
79, 3, 0, 4
79, 3, 80, 4
79, 3, 267, 3
80, 3, 0, 1
80, 3, 63, 1
80, 3, 64, 1
81, 3, 0, 4
81, 3, 120, 4
81, 3, 267, 3
82, 3, 0, 5
82, 3, 83, 5
82, 3, 267, 1
83, 3, 0, 2
83, 3, 230, 2
83, 3, 267, 1
84, 3, 0, 4
84, 3, 180, 4
84, 3, 267, 3
85, 3, 0, 4
85, 3, 181, 4
85, 3, 267, 3
86, 3, 0, 5
86, 3, 87, 5
86, 3, 267, 1
87, 3, 0, 3
87, 3, 208, 3
87, 3, 267, 2
88, 3, 0, 4
88, 3, 123, 4
88, 3, 267, 3
89, 3, 0, 3
89, 3, 90, 3
89, 3, 267, 1
90, 3, 0, 2
90, 3, 183, 2
90, 3, 267, 1
91, 3, 0, 4
91, 3, 131, 4
91, 3, 267, 3
92, 3, 0, 2
92, 3, 171, 2
92, 3, 267, 1
93, 3, 0, 2
93, 3, 94, 2
93, 3, 267, 1
94, 3, 0, 2
94, 3, 95, 2
94, 3, 267, 1
95, 3, 0, 2
95, 3, 266, 2
95, 3, 267, 1
96, 5, 0, 6
96, 5, 82, 2
96, 5, 65, 2
96, 5, 66, 2
96, 5, 267, 3
97, 3, 0, 3
97, 3, 173, 3
97, 3, 267, 2
98, 4, 0, 4
98, 4, 185, 3
98, 4, 13, 1
98, 4, 267, 2
99, 5, 0, 4
99, 5, 20, 1
99, 5, 21, 1
99, 5, 100, 2
99, 5, 267, 1
100, 3, 0, 3
100, 3, 215, 3
100, 3, 267, 2
101, 4, 0, 1
101, 4, 81, 1
101, 4, 91, 1
101, 4, 70, 1
102, 3, 0, 5
102, 3, 103, 5
102, 3, 267, 2
103, 3, 0, 3
103, 3, 183, 3
103, 3, 267, 2
104, 4, 0, 4
104, 4, 228, 3
104, 4, 171, 1
104, 4, 267, 2
105, 3, 0, 1
105, 3, 71, 1
105, 3, 72, 1
106, 3, 0, 5
106, 3, 220, 5
106, 3, 267, 4
107, 3, 0, 5
107, 3, 256, 5
107, 3, 267, 4
108, 3, 0, 5
108, 3, 261, 5
108, 3, 267, 4
109, 3, 0, 5
109, 3, 262, 5
109, 3, 267, 4
110, 3, 0, 5
110, 3, 263, 5
110, 3, 267, 4
111, 3, 0, 5
111, 3, 264, 5
111, 3, 267, 4
112, 3, 0, 5
112, 3, 257, 5
112, 3, 267, 4
113, 3, 0, 5
113, 3, 258, 5
113, 3, 267, 4
114, 3, 0, 5
114, 3, 259, 5
114, 3, 267, 4
115, 3, 0, 5
115, 3, 221, 5
115, 3, 267, 4
116, 3, 0, 5
116, 3, 222, 5
116, 3, 267, 4
117, 3, 0, 5
117, 3, 224, 5
117, 3, 267, 4
118, 3, 0, 4
118, 3, 190, 4
118, 3, 267, 3
119, 3, 0, 3
119, 3, 125, 3
119, 3, 267, 2
120, 3, 0, 3
120, 3, 121, 3
120, 3, 267, 2
121, 3, 0, 2
121, 3, 122, 2
121, 3, 267, 1
122, 3, 0, 4
122, 3, 189, 4
122, 3, 267, 3
123, 3, 0, 3
123, 3, 124, 3
123, 3, 267, 2
124, 3, 0, 3
124, 3, 186, 3
124, 3, 267, 2
125, 3, 0, 4
125, 3, 210, 4
125, 3, 267, 3
126, 3, 0, 2
126, 3, 61, 2
126, 3, 267, 1
127, 3, 0, 2
127, 3, 86, 2
127, 3, 267, 1
128, 4, 0, 3
128, 4, 177, 1
128, 4, 244, 2
128, 4, 267, 1
129, 3, 0, 6
129, 3, 225, 6
129, 3, 267, 5
130, 3, 0, 6
130, 3, 226, 6
130, 3, 267, 5
131, 5, 0, 6
131, 5, 184, 3
131, 5, 69, 2
131, 5, 14, 1
131, 5, 267, 3
132, 5, 0, 1
132, 5, 55, 1
132, 5, 67, 1
132, 5, 68, 1
132, 5, 88, 1
133, 3, 0, 3
133, 3, 134, 3
133, 3, 267, 2
134, 3, 0, 3
134, 3, 135, 3
134, 3, 267, 2
135, 3, 0, 3
135, 3, 105, 3
135, 3, 267, 2
136, 3, 0, 4
136, 3, 132, 4
136, 3, 267, 3
137, 4, 0, 3
137, 4, 184, 1
137, 4, 92, 2
137, 4, 267, 1
138, 3, 0, 3
138, 3, 101, 3
138, 3, 267, 2
139, 3, 0, 1
139, 3, 84, 1
139, 3, 85, 1
140, 3, 0, 3
140, 3, 209, 3
140, 3, 267, 2
141, 4, 0, 4
141, 4, 102, 2
141, 4, 89, 2
141, 4, 267, 2
142, 3, 0, 3
142, 3, 133, 3
142, 3, 267, 2
143, 4, 0, 1
143, 4, 106, 1
143, 4, 115, 1
143, 4, 116, 1
144, 5, 0, 1
144, 5, 107, 1
144, 5, 112, 1
144, 5, 113, 1
144, 5, 114, 1
145, 5, 0, 1
145, 5, 108, 1
145, 5, 109, 1
145, 5, 110, 1
145, 5, 111, 1
146, 3, 0, 4
146, 3, 141, 4
146, 3, 267, 3
147, 3, 0, 4
147, 3, 142, 4
147, 3, 267, 3
148, 4, 0, 6
148, 4, 189, 2
148, 4, 213, 4
148, 4, 267, 4
149, 3, 0, 5
149, 3, 194, 5
149, 3, 267, 4
150, 4, 0, 6
150, 4, 186, 2
150, 4, 146, 4
150, 4, 267, 4
151, 4, 0, 6
151, 4, 187, 2
151, 4, 147, 4
151, 4, 267, 4
152, 4, 0, 1
152, 4, 129, 1
152, 4, 130, 1
152, 4, 117, 1
153, 4, 0, 5
153, 4, 11, 1
153, 4, 149, 4
153, 4, 267, 3
154, 3, 0, 5
154, 3, 144, 5
154, 3, 267, 4
155, 3, 0, 5
155, 3, 145, 5
155, 3, 267, 4
156, 3, 0, 5
156, 3, 157, 5
156, 3, 267, 4
157, 3, 0, 5
157, 3, 196, 5
157, 3, 267, 4
158, 3, 0, 5
158, 3, 159, 5
158, 3, 267, 4
159, 3, 0, 5
159, 3, 266, 5
159, 3, 267, 4
160, 4, 0, 4
160, 4, 190, 1
160, 4, 178, 3
160, 4, 267, 2
161, 4, 0, 6
161, 4, 191, 2
161, 4, 140, 4
161, 4, 267, 4
162, 4, 0, 6
162, 4, 193, 3
162, 4, 251, 3
162, 4, 267, 4
163, 4, 0, 7
163, 4, 195, 5
163, 4, 243, 2
163, 4, 267, 5
164, 6, 0, 11
164, 6, 1, 1
164, 6, 73, 2
164, 6, 93, 2
164, 6, 152, 6
164, 6, 267, 7
165, 4, 0, 9
165, 4, 138, 4
165, 4, 143, 5
165, 4, 267, 7
166, 4, 0, 1
166, 4, 167, 1
166, 4, 168, 1
166, 4, 169, 1
167, 4, 0, 1
167, 4, 166, 1
167, 4, 168, 1
167, 4, 169, 1
168, 4, 0, 1
168, 4, 166, 1
168, 4, 167, 1
168, 4, 169, 1
169, 2, 0, 1
169, 2, 266, 1
170, 4, 0, 1
170, 4, 197, 1
170, 4, 198, 1
170, 4, 199, 1
171, 3, 0, 2
171, 3, 104, 2
171, 3, 267, 1
172, 3, 0, 1
172, 3, 173, 1
172, 3, 179, 1
173, 3, 0, 1
173, 3, 172, 1
173, 3, 179, 1
174, 3, 0, 1
174, 3, 175, 1
174, 3, 176, 1
175, 3, 0, 1
175, 3, 174, 1
175, 3, 176, 1
176, 3, 0, 3
176, 3, 212, 3
176, 3, 267, 2
177, 3, 0, 3
177, 3, 128, 3
177, 3, 267, 2
178, 3, 0, 1
178, 3, 192, 1
178, 3, 182, 1
179, 3, 0, 4
179, 3, 216, 4
179, 3, 267, 3
180, 3, 0, 1
180, 3, 181, 1
180, 3, 188, 1
181, 3, 0, 1
181, 3, 180, 1
181, 3, 188, 1
182, 3, 0, 4
182, 3, 268, 4
182, 3, 267, 3
183, 3, 0, 3
183, 3, 253, 3
183, 3, 267, 2
184, 3, 0, 4
184, 3, 137, 4
184, 3, 267, 3
185, 3, 0, 4
185, 3, 254, 4
185, 3, 267, 3
186, 3, 0, 4
186, 3, 150, 4
186, 3, 267, 3
187, 3, 0, 4
187, 3, 151, 4
187, 3, 267, 3
188, 3, 0, 7
188, 3, 160, 7
188, 3, 267, 6
189, 3, 0, 4
189, 3, 148, 4
189, 3, 267, 3
190, 3, 0, 5
190, 3, 139, 5
190, 3, 267, 4
191, 3, 0, 6
191, 3, 161, 6
191, 3, 267, 5
192, 3, 0, 1
192, 3, 178, 1
192, 3, 182, 1
193, 3, 0, 5
193, 3, 153, 5
193, 3, 267, 4
194, 3, 0, 6
194, 3, 162, 6
194, 3, 267, 5
195, 3, 0, 6
195, 3, 163, 6
195, 3, 267, 5
196, 3, 0, 8
196, 3, 164, 8
196, 3, 267, 7
197, 4, 0, 1
197, 4, 170, 1
197, 4, 198, 1
197, 4, 199, 1
198, 4, 0, 1
198, 4, 197, 1
198, 4, 170, 1
198, 4, 199, 1
199, 3, 0, 2
199, 3, 230, 2
199, 3, 267, 1
200, 4, 0, 1
200, 4, 201, 1
200, 4, 202, 1
200, 4, 203, 1
201, 4, 0, 1
201, 4, 200, 1
201, 4, 202, 1
201, 4, 203, 1
202, 4, 0, 1
202, 4, 200, 1
202, 4, 201, 1
202, 4, 203, 1
203, 3, 0, 2
203, 3, 245, 2
203, 3, 267, 1
204, 4, 0, 1
204, 4, 207, 1
204, 4, 205, 1
204, 4, 206, 1
205, 4, 0, 1
205, 4, 204, 1
205, 4, 207, 1
205, 4, 206, 1
206, 3, 0, 2
206, 3, 266, 2
206, 3, 267, 1
207, 4, 0, 1
207, 4, 204, 1
207, 4, 205, 1
207, 4, 206, 1
208, 4, 0, 1
208, 4, 210, 1
208, 4, 209, 1
208, 4, 211, 1
209, 4, 0, 1
209, 4, 210, 1
209, 4, 208, 1
209, 4, 211, 1
210, 4, 0, 1
210, 4, 208, 1
210, 4, 209, 1
210, 4, 211, 1
211, 3, 0, 3
211, 3, 252, 3
211, 3, 267, 2
212, 4, 0, 1
212, 4, 213, 1
212, 4, 219, 1
212, 4, 214, 1
213, 4, 0, 1
213, 4, 219, 1
213, 4, 214, 1
213, 4, 212, 1
214, 3, 0, 3
214, 3, 136, 3
214, 3, 267, 2
215, 3, 0, 4
215, 3, 217, 4
215, 3, 267, 3
216, 4, 0, 1
216, 4, 217, 1
216, 4, 229, 1
216, 4, 218, 1
217, 4, 0, 1
217, 4, 216, 1
217, 4, 229, 1
217, 4, 218, 1
218, 3, 0, 4
218, 3, 192, 4
218, 3, 267, 3
219, 4, 0, 1
219, 4, 213, 1
219, 4, 214, 1
219, 4, 212, 1
220, 4, 0, 1
220, 4, 221, 1
220, 4, 222, 1
220, 4, 223, 1
221, 4, 0, 1
221, 4, 220, 1
221, 4, 222, 1
221, 4, 223, 1
222, 4, 0, 1
222, 4, 220, 1
222, 4, 221, 1
222, 4, 223, 1
223, 3, 0, 5
223, 3, 154, 5
223, 3, 267, 4
224, 4, 0, 1
224, 4, 225, 1
224, 4, 226, 1
224, 4, 227, 1
225, 4, 0, 1
225, 4, 226, 1
225, 4, 224, 1
225, 4, 227, 1
226, 4, 0, 1
226, 4, 225, 1
226, 4, 224, 1
226, 4, 227, 1
227, 3, 0, 5
227, 3, 158, 5
227, 3, 267, 4
228, 3, 0, 3
228, 3, 219, 3
228, 3, 267, 2
229, 4, 0, 1
229, 4, 217, 1
229, 4, 216, 1
229, 4, 218, 1
230, 3, 0, 4
230, 3, 229, 4
230, 3, 267, 3
231, 5, 0, 1
231, 5, 232, 1
231, 5, 233, 1
231, 5, 234, 1
231, 5, 235, 1
232, 5, 0, 1
232, 5, 231, 1
232, 5, 233, 1
232, 5, 234, 1
232, 5, 235, 1
233, 5, 0, 1
233, 5, 231, 1
233, 5, 232, 1
233, 5, 234, 1
233, 5, 235, 1
234, 5, 0, 1
234, 5, 231, 1
234, 5, 232, 1
234, 5, 233, 1
234, 5, 235, 1
235, 3, 0, 2
235, 3, 230, 2
235, 3, 267, 1
236, 5, 0, 1
236, 5, 247, 1
236, 5, 249, 1
236, 5, 248, 1
236, 5, 250, 1
237, 5, 0, 1
237, 5, 238, 1
237, 5, 239, 1
237, 5, 240, 1
237, 5, 241, 1
238, 5, 0, 1
238, 5, 237, 1
238, 5, 239, 1
238, 5, 240, 1
238, 5, 241, 1
239, 5, 0, 1
239, 5, 237, 1
239, 5, 238, 1
239, 5, 240, 1
239, 5, 241, 1
240, 5, 0, 1
240, 5, 237, 1
240, 5, 238, 1
240, 5, 239, 1
240, 5, 241, 1
241, 3, 0, 2
241, 3, 207, 2
241, 3, 267, 1
242, 5, 0, 1
242, 5, 243, 1
242, 5, 244, 1
242, 5, 245, 1
242, 5, 246, 1
243, 5, 0, 1
243, 5, 242, 1
243, 5, 244, 1
243, 5, 245, 1
243, 5, 246, 1
244, 5, 0, 1
244, 5, 242, 1
244, 5, 243, 1
244, 5, 245, 1
244, 5, 246, 1
245, 5, 0, 1
245, 5, 242, 1
245, 5, 243, 1
245, 5, 244, 1
245, 5, 246, 1
246, 3, 0, 2
246, 3, 228, 2
246, 3, 267, 1
247, 5, 0, 1
247, 5, 236, 1
247, 5, 249, 1
247, 5, 248, 1
247, 5, 250, 1
248, 5, 0, 1
248, 5, 247, 1
248, 5, 236, 1
248, 5, 249, 1
248, 5, 250, 1
249, 5, 0, 1
249, 5, 247, 1
249, 5, 236, 1
249, 5, 248, 1
249, 5, 250, 1
250, 3, 0, 3
250, 3, 127, 3
250, 3, 267, 2
251, 5, 0, 1
251, 5, 252, 1
251, 5, 254, 1
251, 5, 253, 1
251, 5, 255, 1
252, 5, 0, 1
252, 5, 251, 1
252, 5, 254, 1
252, 5, 253, 1
252, 5, 255, 1
253, 5, 0, 1
253, 5, 252, 1
253, 5, 251, 1
253, 5, 254, 1
253, 5, 255, 1
254, 5, 0, 1
254, 5, 252, 1
254, 5, 251, 1
254, 5, 253, 1
254, 5, 255, 1
255, 3, 0, 3
255, 3, 126, 3
255, 3, 267, 2
256, 5, 0, 1
256, 5, 257, 1
256, 5, 258, 1
256, 5, 259, 1
256, 5, 260, 1
257, 5, 0, 1
257, 5, 256, 1
257, 5, 258, 1
257, 5, 259, 1
257, 5, 260, 1
258, 5, 0, 1
258, 5, 256, 1
258, 5, 257, 1
258, 5, 259, 1
258, 5, 260, 1
259, 5, 0, 1
259, 5, 256, 1
259, 5, 257, 1
259, 5, 258, 1
259, 5, 260, 1
260, 3, 0, 5
260, 3, 155, 5
260, 3, 267, 4
261, 5, 0, 1
261, 5, 262, 1
261, 5, 263, 1
261, 5, 264, 1
261, 5, 265, 1
262, 5, 0, 1
262, 5, 261, 1
262, 5, 263, 1
262, 5, 264, 1
262, 5, 265, 1
263, 5, 0, 1
263, 5, 261, 1
263, 5, 262, 1
263, 5, 264, 1
263, 5, 265, 1
264, 5, 0, 1
264, 5, 261, 1
264, 5, 262, 1
264, 5, 263, 1
264, 5, 265, 1
265, 3, 0, 5
265, 3, 156, 5
265, 3, 267, 4
266, 3, 0, 8
266, 3, 165, 8
266, 3, 267, 7
267, 240, 0, 401
267, 240, 19, 3
267, 240, 268, 3
267, 240, 96, 4
267, 240, 230, 6
267, 240, 131, 6
267, 240, 228, 5
267, 240, 82, 2
267, 240, 83, 2
267, 240, 184, 5
267, 240, 137, 4
267, 240, 186, 6
267, 240, 150, 7
267, 240, 171, 2
267, 240, 104, 3
267, 240, 86, 2
267, 240, 87, 3
267, 240, 141, 5
267, 240, 183, 5
267, 240, 102, 3
267, 240, 196, 14
267, 240, 103, 4
267, 240, 165, 14
267, 240, 164, 14
267, 240, 266, 13
267, 240, 191, 7
267, 240, 161, 9
267, 240, 195, 10
267, 240, 163, 10
267, 240, 89, 2
267, 240, 90, 2
267, 240, 177, 3
267, 240, 128, 3
267, 240, 193, 8
267, 240, 162, 9
267, 240, 153, 7
267, 240, 194, 9
267, 240, 190, 7
267, 240, 160, 8
267, 240, 99, 4
267, 240, 215, 5
267, 240, 187, 6
267, 240, 151, 7
267, 240, 98, 4
267, 240, 185, 6
267, 240, 22, 1
267, 240, 189, 7
267, 240, 148, 7
267, 240, 122, 4
267, 240, 120, 5
267, 240, 81, 3
267, 240, 213, 3
267, 240, 92, 2
267, 240, 53, 2
267, 240, 37, 1
267, 240, 242, 1
267, 240, 38, 1
267, 240, 243, 1
267, 240, 39, 1
267, 240, 244, 1
267, 240, 42, 1
267, 240, 200, 1
267, 240, 43, 1
267, 240, 201, 1
267, 240, 44, 1
267, 240, 202, 1
267, 240, 41, 1
267, 240, 203, 1
267, 240, 40, 1
267, 240, 245, 1
267, 240, 69, 1
267, 240, 246, 1
267, 240, 91, 3
267, 240, 219, 2
267, 240, 101, 2
267, 240, 214, 2
267, 240, 138, 5
267, 240, 125, 5
267, 240, 119, 5
267, 240, 74, 3
267, 240, 210, 3
267, 240, 59, 2
267, 240, 247, 2
267, 240, 35, 1
267, 240, 236, 1
267, 240, 75, 3
267, 240, 249, 3
267, 240, 60, 2
267, 240, 248, 2
267, 240, 58, 2
267, 240, 250, 2
267, 240, 127, 3
267, 240, 57, 2
267, 240, 208, 2
267, 240, 140, 5
267, 240, 36, 1
267, 240, 209, 2
267, 240, 56, 2
267, 240, 211, 2
267, 240, 55, 2
267, 240, 252, 2
267, 240, 149, 7
267, 240, 67, 2
267, 240, 251, 2
267, 240, 27, 1
267, 240, 26, 1
267, 240, 68, 2
267, 240, 254, 3
267, 240, 123, 5
267, 240, 124, 4
267, 240, 146, 6
267, 240, 88, 3
267, 240, 253, 2
267, 240, 132, 3
267, 240, 255, 2
267, 240, 100, 3
267, 240, 78, 3
267, 240, 217, 3
267, 240, 63, 2
267, 240, 172, 2
267, 240, 97, 4
267, 240, 64, 2
267, 240, 173, 2
267, 240, 80, 3
267, 240, 179, 3
267, 240, 79, 3
267, 240, 216, 3
267, 240, 29, 1
267, 240, 231, 1
267, 240, 30, 1
267, 240, 232, 1
267, 240, 31, 1
267, 240, 233, 1
267, 240, 32, 1
267, 240, 234, 1
267, 240, 65, 1
267, 240, 235, 1
267, 240, 33, 1
267, 240, 197, 1
267, 240, 34, 1
267, 240, 198, 1
267, 240, 66, 1
267, 240, 199, 1
267, 240, 28, 1
267, 240, 229, 3
267, 240, 77, 3
267, 240, 218, 3
267, 240, 76, 3
267, 240, 192, 3
267, 240, 84, 3
267, 240, 180, 3
267, 240, 85, 3
267, 240, 181, 3
267, 240, 139, 4
267, 240, 188, 6
267, 240, 118, 5
267, 240, 62, 2
267, 240, 178, 2
267, 240, 61, 1
267, 240, 182, 3
267, 240, 126, 3
267, 240, 136, 5
267, 240, 45, 1
267, 240, 204, 1
267, 240, 48, 1
267, 240, 237, 1
267, 240, 49, 1
267, 240, 238, 1
267, 240, 50, 1
267, 240, 239, 1
267, 240, 51, 1
267, 240, 240, 1
267, 240, 47, 1
267, 240, 241, 1
267, 240, 46, 1
267, 240, 207, 1
267, 240, 54, 2
267, 240, 52, 1
267, 240, 205, 1
267, 240, 73, 1
267, 240, 206, 1
267, 240, 93, 2
267, 240, 95, 2
267, 240, 94, 2
267, 240, 129, 5
267, 240, 225, 5
267, 240, 130, 5
267, 240, 226, 5
267, 240, 117, 4
267, 240, 224, 4
267, 240, 152, 5
267, 240, 227, 4
267, 240, 159, 8
267, 240, 158, 8
267, 240, 106, 4
267, 240, 220, 4
267, 240, 115, 4
267, 240, 221, 4
267, 240, 116, 4
267, 240, 222, 4
267, 240, 143, 4
267, 240, 223, 4
267, 240, 107, 4
267, 240, 256, 4
267, 240, 112, 4
267, 240, 257, 4
267, 240, 113, 4
267, 240, 258, 4
267, 240, 114, 4
267, 240, 259, 4
267, 240, 144, 4
267, 240, 260, 4
267, 240, 154, 8
267, 240, 108, 4
267, 240, 261, 4
267, 240, 109, 4
267, 240, 262, 4
267, 240, 110, 4
267, 240, 263, 4
267, 240, 111, 4
267, 240, 264, 4
267, 240, 145, 4
267, 240, 265, 4
267, 240, 157, 8
267, 240, 156, 8
267, 240, 155, 8
267, 240, 142, 5
267, 240, 147, 6
267, 240, 134, 4
267, 240, 71, 2
267, 240, 174, 2
267, 240, 72, 2
267, 240, 175, 2
267, 240, 105, 2
267, 240, 176, 2
267, 240, 135, 4
267, 240, 133, 4
267, 240, 70, 2
267, 240, 212, 2
267, 240, 121, 3
DTG
0, 222, 0, 1, 2
0, 222, 0, 1, 2
0, 222, 0, 1, 2
0, 222, 0, 1, 2
0, 222, 0, 1, 2
0, 222, 0, 1, 2
0, 222, 0, 1, 2
0, 222, 0, 1, 2
0, 222, 0, 1, 2
0, 222, 0, 1, 2
0, 222, 0, 1, 2
0, 222, 0, 1, 2
0, 222, 0, 1, 2
0, 222, 0, 1, 2
0, 222, 0, 1, 2
0, 222, 0, 1, 2
0, 222, 0, 1, 2
0, 222, 0, 1, 2
0, 222, 0, 1, 2
0, 222, 0, 1, 2
0, 222, 0, 1, 2
0, 222, 0, 1, 2
0, 222, 0, 1, 2
0, 222, 0, 1, 2
0, 222, 0, 1, 2
0, 222, 0, 1, 2
0, 222, 0, 1, 2
0, 222, 0, 1, 2
0, 222, 0, 1, 2
0, 222, 0, 1, 2
0, 222, 0, 1, 2
0, 222, 0, 1, 2
0, 222, 0, 1, 2
0, 222, 0, 1, 2
0, 222, 0, 1, 2
0, 222, 0, 1, 2
0, 222, 0, 1, 2
0, 222, 0, 1, 2
0, 222, 0, 1, 2
0, 222, 0, 1, 2
0, 222, 0, 1, 2
0, 222, 0, 1, 2
0, 222, 0, 1, 2
0, 222, 0, 1, 2
0, 222, 0, 1, 2
0, 222, 0, 1, 2
0, 222, 0, 1, 2
0, 222, 0, 1, 2
0, 222, 0, 1, 2
0, 222, 0, 1, 2
0, 222, 0, 1, 2
0, 222, 0, 1, 2
0, 222, 0, 1, 2
0, 222, 0, 1, 2
0, 222, 0, 1, 2
0, 222, 0, 1, 2
0, 222, 0, 1, 2
0, 222, 0, 1, 2
0, 222, 0, 1, 2
0, 222, 0, 1, 2
0, 222, 0, 1, 2
0, 222, 0, 1, 2
0, 222, 0, 1, 2
0, 222, 0, 1, 2
0, 222, 0, 1, 2
0, 222, 0, 1, 2
0, 222, 0, 1, 2
0, 222, 0, 1, 2
0, 222, 0, 1, 2
0, 222, 0, 1, 2
0, 222, 0, 1, 2
0, 222, 0, 1, 2
0, 222, 0, 1, 2
0, 222, 0, 1, 2
0, 222, 0, 1, 2
0, 222, 0, 1, 2
0, 222, 0, 1, 2
0, 222, 0, 1, 2
0, 222, 0, 1, 2
0, 222, 0, 1, 2
0, 222, 0, 1, 2
0, 222, 0, 1, 2
0, 222, 0, 1, 2
0, 222, 0, 1, 2
0, 222, 0, 1, 2
0, 222, 0, 1, 2
0, 222, 0, 1, 2
0, 222, 0, 1, 2
0, 222, 0, 1, 2
0, 222, 0, 1, 2
0, 222, 0, 1, 2
0, 222, 0, 1, 2
0, 222, 0, 1, 2
0, 222, 0, 1, 2
0, 222, 0, 1, 2
0, 222, 0, 1, 2
0, 222, 0, 1, 2
0, 222, 0, 1, 2
0, 222, 0, 1, 2
0, 222, 0, 1, 2
0, 222, 0, 1, 2
0, 222, 0, 1, 2
0, 222, 0, 1, 2
0, 222, 0, 1, 2
0, 222, 0, 1, 2
0, 222, 0, 1, 2
0, 222, 0, 1, 2
0, 222, 0, 1, 2
0, 222, 0, 1, 2
0, 222, 0, 1, 2
0, 222, 0, 1, 2
0, 222, 0, 1, 2
0, 222, 0, 1, 2
0, 222, 0, 1, 2
0, 222, 0, 1, 2
0, 222, 0, 1, 2
0, 222, 0, 1, 2
0, 222, 0, 1, 2
0, 222, 0, 1, 2
0, 222, 0, 1, 2
0, 222, 0, 1, 2
0, 222, 0, 1, 2
0, 222, 0, 1, 2
0, 222, 0, 1, 2
0, 222, 0, 1, 2
0, 222, 0, 1, 2
0, 222, 0, 1, 2
0, 222, 0, 1, 2
0, 222, 0, 1, 2
0, 222, 0, 1, 2
0, 222, 0, 1, 2
0, 222, 0, 1, 2
0, 222, 0, 1, 2
0, 222, 0, 1, 2
0, 222, 0, 1, 2
0, 222, 0, 1, 2
0, 222, 0, 1, 2
0, 222, 0, 1, 2
0, 222, 0, 1, 2
0, 222, 0, 1, 2
0, 222, 0, 1, 2
0, 222, 0, 1, 2
0, 222, 0, 1, 2
0, 222, 0, 1, 2
0, 222, 0, 1, 2
0, 222, 0, 1, 2
0, 222, 0, 1, 2
0, 222, 0, 1, 2
0, 222, 0, 1, 2
0, 222, 0, 1, 2
0, 222, 0, 1, 2
0, 222, 0, 1, 2
0, 222, 0, 1, 2
0, 222, 0, 1, 2
0, 222, 0, 1, 2
0, 222, 0, 1, 2
0, 222, 0, 1, 2
0, 222, 0, 1, 2
0, 222, 0, 1, 2
0, 222, 0, 1, 2
0, 222, 0, 1, 2
0, 222, 0, 1, 2
0, 222, 0, 1, 2
0, 222, 0, 1, 2
0, 222, 0, 1, 2
0, 222, 0, 1, 2
0, 222, 0, 1, 2
0, 222, 0, 1, 2
0, 222, 0, 1, 2
0, 222, 0, 1, 2
0, 222, 0, 1, 2
0, 222, 0, 1, 2
0, 222, 0, 1, 2
0, 222, 0, 1, 2
0, 222, 0, 1, 2
0, 222, 0, 1, 2
0, 222, 0, 1, 2
0, 222, 0, 1, 2
0, 222, 0, 1, 2
0, 222, 0, 1, 2
0, 222, 0, 1, 2
0, 222, 0, 1, 2
0, 222, 0, 1, 2
0, 222, 0, 1, 2
0, 222, 0, 1, 2
0, 222, 0, 1, 2
0, 222, 0, 1, 2
0, 222, 0, 1, 2
0, 222, 0, 1, 2
0, 222, 0, 1, 2
0, 222, 0, 1, 2
0, 222, 0, 1, 2
0, 222, 0, 1, 2
0, 222, 0, 1, 2
0, 222, 0, 1, 2
0, 222, 0, 1, 2
0, 222, 0, 1, 2
0, 222, 0, 1, 2
0, 222, 0, 1, 2
0, 222, 0, 1, 2
0, 222, 0, 1, 2
0, 222, 0, 1, 3
0, 222, 0, 1, 3
0, 222, 0, 1, 3
0, 222, 0, 1, 3
0, 222, 0, 1, 3
0, 222, 0, 1, 4
0, 222, 0, 1, 4
0, 222, 0, 1, 4
0, 222, 0, 1, 4
0, 222, 0, 1, 4
0, 222, 0, 1, 4
0, 222, 0, 1, 4
0, 222, 0, 1, 4
0, 222, 0, 1, 4
0, 222, 0, 1, 5
0, 222, 0, 1, 5
0, 222, 0, 1, 5
0, 222, 0, 1, 5
0, 222, 0, 1, 5
0, 222, 0, 1, 5
0, 222, 0, 1, 5
0, 401, 1, 0, 3
0, 401, 1, 0, 3
0, 401, 1, 0, 3
0, 401, 1, 0, 3
0, 401, 1, 0, 3
0, 401, 1, 0, 3
0, 401, 1, 0, 3
0, 401, 1, 0, 3
0, 401, 1, 0, 3
0, 401, 1, 0, 3
0, 401, 1, 0, 3
0, 401, 1, 0, 3
0, 401, 1, 0, 3
0, 401, 1, 0, 3
0, 401, 1, 0, 3
0, 401, 1, 0, 3
0, 401, 1, 0, 3
0, 401, 1, 0, 3
0, 401, 1, 0, 3
0, 401, 1, 0, 3
0, 401, 1, 0, 3
0, 401, 1, 0, 3
0, 401, 1, 0, 3
0, 401, 1, 0, 3
0, 401, 1, 0, 3
0, 401, 1, 0, 3
0, 401, 1, 0, 3
0, 401, 1, 0, 3
0, 401, 1, 0, 3
0, 401, 1, 0, 3
0, 401, 1, 0, 3
0, 401, 1, 0, 3
0, 401, 1, 0, 3
0, 401, 1, 0, 3
0, 401, 1, 0, 3
0, 401, 1, 0, 3
0, 401, 1, 0, 3
0, 401, 1, 0, 3
0, 401, 1, 0, 3
0, 401, 1, 0, 3
0, 401, 1, 0, 3
0, 401, 1, 0, 3
0, 401, 1, 0, 3
0, 401, 1, 0, 3
0, 401, 1, 0, 3
0, 401, 1, 0, 3
0, 401, 1, 0, 3
0, 401, 1, 0, 3
0, 401, 1, 0, 3
0, 401, 1, 0, 3
0, 401, 1, 0, 3
0, 401, 1, 0, 3
0, 401, 1, 0, 3
0, 401, 1, 0, 3
0, 401, 1, 0, 3
0, 401, 1, 0, 3
0, 401, 1, 0, 3
0, 401, 1, 0, 3
0, 401, 1, 0, 3
0, 401, 1, 0, 3
0, 401, 1, 0, 3
0, 401, 1, 0, 3
0, 401, 1, 0, 3
0, 401, 1, 0, 3
0, 401, 1, 0, 3
0, 401, 1, 0, 3
0, 401, 1, 0, 3
0, 401, 1, 0, 3
0, 401, 1, 0, 3
0, 401, 1, 0, 3
0, 401, 1, 0, 3
0, 401, 1, 0, 3
0, 401, 1, 0, 3
0, 401, 1, 0, 3
0, 401, 1, 0, 3
0, 401, 1, 0, 3
0, 401, 1, 0, 3
0, 401, 1, 0, 3
0, 401, 1, 0, 3
0, 401, 1, 0, 3
0, 401, 1, 0, 3
0, 401, 1, 0, 3
0, 401, 1, 0, 3
0, 401, 1, 0, 3
0, 401, 1, 0, 3
0, 401, 1, 0, 3
0, 401, 1, 0, 3
0, 401, 1, 0, 3
0, 401, 1, 0, 3
0, 401, 1, 0, 3
0, 401, 1, 0, 3
0, 401, 1, 0, 3
0, 401, 1, 0, 3
0, 401, 1, 0, 3
0, 401, 1, 0, 3
0, 401, 1, 0, 3
0, 401, 1, 0, 3
0, 401, 1, 0, 3
0, 401, 1, 0, 3
0, 401, 1, 0, 3
0, 401, 1, 0, 3
0, 401, 1, 0, 3
0, 401, 1, 0, 3
0, 401, 1, 0, 3
0, 401, 1, 0, 3
0, 401, 1, 0, 3
0, 401, 1, 0, 3
0, 401, 1, 0, 3
0, 401, 1, 0, 3
0, 401, 1, 0, 3
0, 401, 1, 0, 3
0, 401, 1, 0, 3
0, 401, 1, 0, 3
0, 401, 1, 0, 3
0, 401, 1, 0, 3
0, 401, 1, 0, 3
0, 401, 1, 0, 3
0, 401, 1, 0, 3
0, 401, 1, 0, 3
0, 401, 1, 0, 3
0, 401, 1, 0, 3
0, 401, 1, 0, 3
0, 401, 1, 0, 3
0, 401, 1, 0, 3
0, 401, 1, 0, 3
0, 401, 1, 0, 3
0, 401, 1, 0, 3
0, 401, 1, 0, 3
0, 401, 1, 0, 3
0, 401, 1, 0, 3
0, 401, 1, 0, 3
0, 401, 1, 0, 3
0, 401, 1, 0, 3
0, 401, 1, 0, 3
0, 401, 1, 0, 3
0, 401, 1, 0, 3
0, 401, 1, 0, 3
0, 401, 1, 0, 3
0, 401, 1, 0, 3
0, 401, 1, 0, 3
0, 401, 1, 0, 3
0, 401, 1, 0, 3
0, 401, 1, 0, 3
0, 401, 1, 0, 3
0, 401, 1, 0, 3
0, 401, 1, 0, 3
0, 401, 1, 0, 3
0, 401, 1, 0, 3
0, 401, 1, 0, 3
0, 401, 1, 0, 3
0, 401, 1, 0, 3
0, 401, 1, 0, 3
0, 401, 1, 0, 3
0, 401, 1, 0, 3
0, 401, 1, 0, 3
0, 401, 1, 0, 3
0, 401, 1, 0, 3
0, 401, 1, 0, 3
0, 401, 1, 0, 3
0, 401, 1, 0, 3
0, 401, 1, 0, 3
0, 401, 1, 0, 3
0, 401, 1, 0, 3
0, 401, 1, 0, 3
0, 401, 1, 0, 3
0, 401, 1, 0, 3
0, 401, 1, 0, 3
0, 401, 1, 0, 3
0, 401, 1, 0, 3
0, 401, 1, 0, 3
0, 401, 1, 0, 3
0, 401, 1, 0, 3
0, 401, 1, 0, 3
0, 401, 1, 0, 3
0, 401, 1, 0, 3
0, 401, 1, 0, 3
0, 401, 1, 0, 3
0, 401, 1, 0, 3
0, 401, 1, 0, 3
0, 401, 1, 0, 3
0, 401, 1, 0, 3
0, 401, 1, 0, 3
0, 401, 1, 0, 3
0, 401, 1, 0, 3
0, 401, 1, 0, 3
0, 401, 1, 0, 3
0, 401, 1, 0, 3
0, 401, 1, 0, 3
0, 401, 1, 0, 3
0, 401, 1, 0, 3
0, 401, 1, 0, 3
0, 401, 1, 0, 3
0, 401, 1, 0, 3
0, 401, 1, 0, 3
0, 401, 1, 0, 3
0, 401, 1, 0, 3
0, 401, 1, 0, 3
0, 401, 1, 0, 3
0, 401, 1, 0, 3
0, 401, 1, 0, 3
0, 401, 1, 0, 3
0, 401, 1, 0, 3
0, 401, 1, 0, 3
0, 401, 1, 0, 3
0, 401, 1, 0, 3
0, 401, 1, 0, 3
0, 401, 1, 0, 3
0, 401, 1, 0, 3
0, 401, 1, 0, 3
0, 401, 1, 0, 3
0, 401, 1, 0, 3
0, 401, 1, 0, 3
0, 401, 1, 0, 3
0, 401, 1, 0, 3
0, 401, 1, 0, 3
0, 401, 1, 0, 3
0, 401, 1, 0, 3
0, 401, 1, 0, 3
0, 401, 1, 0, 3
0, 401, 1, 0, 3
0, 401, 1, 0, 3
0, 401, 1, 0, 3
0, 401, 1, 0, 3
0, 401, 1, 0, 3
0, 401, 1, 0, 3
0, 401, 1, 0, 3
0, 401, 1, 0, 3
0, 401, 1, 0, 3
0, 401, 1, 0, 3
0, 401, 1, 0, 3
0, 401, 1, 0, 3
0, 401, 1, 0, 3
0, 401, 1, 0, 3
0, 401, 1, 0, 3
0, 401, 1, 0, 3
0, 401, 1, 0, 3
0, 401, 1, 0, 3
0, 401, 1, 0, 3
0, 401, 1, 0, 3
0, 401, 1, 0, 3
0, 401, 1, 0, 3
0, 401, 1, 0, 3
0, 401, 1, 0, 3
0, 401, 1, 0, 3
0, 401, 1, 0, 3
0, 401, 1, 0, 3
0, 401, 1, 0, 3
0, 401, 1, 0, 3
0, 401, 1, 0, 3
0, 401, 1, 0, 3
0, 401, 1, 0, 3
0, 401, 1, 0, 3
0, 401, 1, 0, 3
0, 401, 1, 0, 3
0, 401, 1, 0, 3
0, 401, 1, 0, 3
0, 401, 1, 0, 3
0, 401, 1, 0, 3
0, 401, 1, 0, 3
0, 401, 1, 0, 3
0, 401, 1, 0, 3
0, 401, 1, 0, 3
0, 401, 1, 0, 3
0, 401, 1, 0, 3
0, 401, 1, 0, 3
0, 401, 1, 0, 3
0, 401, 1, 0, 3
0, 401, 1, 0, 3
0, 401, 1, 0, 3
0, 401, 1, 0, 3
0, 401, 1, 0, 3
0, 401, 1, 0, 3
0, 401, 1, 0, 3
0, 401, 1, 0, 3
0, 401, 1, 0, 3
0, 401, 1, 0, 3
0, 401, 1, 0, 3
0, 401, 1, 0, 3
0, 401, 1, 0, 3
0, 401, 1, 0, 3
0, 401, 1, 0, 3
0, 401, 1, 0, 3
0, 401, 1, 0, 3
0, 401, 1, 0, 3
0, 401, 1, 0, 3
0, 401, 1, 0, 3
0, 401, 1, 0, 3
0, 401, 1, 0, 3
0, 401, 1, 0, 3
0, 401, 1, 0, 3
0, 401, 1, 0, 3
0, 401, 1, 0, 3
0, 401, 1, 0, 3
0, 401, 1, 0, 3
0, 401, 1, 0, 3
0, 401, 1, 0, 3
0, 401, 1, 0, 3
0, 401, 1, 0, 3
0, 401, 1, 0, 3
0, 401, 1, 0, 3
0, 401, 1, 0, 3
0, 401, 1, 0, 3
0, 401, 1, 0, 3
0, 401, 1, 0, 3
0, 401, 1, 0, 3
0, 401, 1, 0, 3
0, 401, 1, 0, 3
0, 401, 1, 0, 3
0, 401, 1, 0, 3
0, 401, 1, 0, 3
0, 401, 1, 0, 3
0, 401, 1, 0, 3
0, 401, 1, 0, 3
0, 401, 1, 0, 3
0, 401, 1, 0, 3
0, 401, 1, 0, 3
0, 401, 1, 0, 3
0, 401, 1, 0, 3
0, 401, 1, 0, 3
0, 401, 1, 0, 3
0, 401, 1, 0, 3
0, 401, 1, 0, 3
0, 401, 1, 0, 3
0, 401, 1, 0, 3
0, 401, 1, 0, 3
0, 401, 1, 0, 3
0, 401, 1, 0, 3
0, 401, 1, 0, 3
0, 401, 1, 0, 3
0, 401, 1, 0, 3
0, 401, 1, 0, 3
0, 401, 1, 0, 3
0, 401, 1, 0, 3
0, 401, 1, 0, 3
0, 401, 1, 0, 3
0, 401, 1, 0, 3
0, 401, 1, 0, 3
0, 401, 1, 0, 3
0, 401, 1, 0, 3
0, 401, 1, 0, 3
0, 401, 1, 0, 3
0, 401, 1, 0, 3
0, 401, 1, 0, 3
0, 401, 1, 0, 3
0, 401, 1, 0, 3
0, 401, 1, 0, 3
0, 401, 1, 0, 3
0, 401, 1, 0, 3
0, 401, 1, 0, 3
0, 401, 1, 0, 3
0, 401, 1, 0, 3
0, 401, 1, 0, 3
0, 401, 1, 0, 3
0, 401, 1, 0, 3
0, 401, 1, 0, 3
0, 401, 1, 0, 3
0, 401, 1, 0, 3
0, 401, 1, 0, 3
0, 401, 1, 0, 3
0, 401, 1, 0, 3
0, 401, 1, 0, 3
0, 401, 1, 0, 3
0, 401, 1, 0, 3
0, 401, 1, 0, 3
0, 401, 1, 0, 3
0, 401, 1, 0, 3
0, 401, 1, 0, 3
0, 401, 1, 0, 3
0, 401, 1, 0, 3
0, 401, 1, 0, 3
0, 401, 1, 0, 3
0, 401, 1, 0, 3
0, 401, 1, 0, 3
0, 401, 1, 0, 3
0, 401, 1, 0, 3
0, 401, 1, 0, 3
0, 401, 1, 0, 3
0, 401, 1, 0, 3
0, 401, 1, 0, 3
0, 401, 1, 0, 3
0, 401, 1, 0, 3
0, 401, 1, 0, 3
0, 401, 1, 0, 3
0, 401, 1, 0, 3
0, 401, 1, 0, 3
0, 401, 1, 0, 3
0, 401, 1, 0, 3
0, 401, 1, 0, 3
0, 401, 1, 0, 3
0, 401, 1, 0, 3
0, 401, 1, 0, 3
0, 401, 1, 0, 3
0, 401, 1, 0, 3
0, 401, 1, 0, 3
0, 401, 1, 0, 3
0, 401, 1, 0, 3
0, 401, 1, 0, 3
0, 401, 1, 0, 3
0, 401, 1, 0, 3
0, 401, 1, 0, 3
0, 401, 1, 0, 3
1, 1, 0, 1, 1
1, 1, 1, 0, 2
2, 1, 0, 1, 1
2, 1, 1, 0, 2
3, 1, 0, 1, 1
3, 1, 1, 0, 2
4, 1, 0, 1, 1
4, 1, 1, 0, 2
5, 1, 0, 1, 1
5, 1, 1, 0, 2
6, 1, 0, 1, 1
6, 1, 1, 0, 2
7, 1, 0, 1, 1
7, 1, 1, 0, 2
8, 1, 0, 1, 1
8, 1, 1, 0, 2
9, 1, 0, 1, 1
9, 1, 1, 0, 2
10, 1, 0, 1, 1
10, 1, 1, 0, 2
11, 1, 0, 1, 1
11, 1, 1, 0, 2
12, 1, 0, 1, 1
12, 1, 1, 0, 2
13, 1, 0, 1, 1
13, 1, 1, 0, 2
14, 1, 0, 1, 1
14, 1, 1, 0, 2
15, 1, 0, 1, 1
15, 1, 1, 0, 2
16, 1, 0, 1, 1
16, 1, 1, 0, 2
17, 1, 0, 1, 1
17, 1, 1, 0, 2
18, 1, 0, 1, 1
18, 1, 1, 0, 2
19, 4, 0, 1, 1
19, 4, 0, 1, 2
19, 4, 0, 1, 2
19, 4, 0, 1, 2
20, 1, 0, 1, 1
20, 2, 1, 0, 2
20, 2, 1, 0, 2
21, 1, 0, 1, 1
21, 2, 1, 0, 2
21, 2, 1, 0, 2
22, 2, 0, 1, 1
22, 2, 0, 1, 2
22, 1, 1, 0, 2
23, 1, 0, 1, 2
23, 1, 1, 0, 2
24, 1, 0, 1, 2
24, 1, 1, 0, 2
25, 1, 0, 1, 1
25, 1, 1, 0, 3
26, 1, 0, 1, 1
26, 2, 1, 0, 2
26, 2, 1, 0, 3
27, 2, 0, 1, 1
27, 2, 0, 1, 2
27, 1, 1, 0, 2
28, 2, 0, 1, 1
28, 2, 0, 1, 2
28, 1, 1, 0, 2
29, 2, 0, 1, 1
29, 2, 0, 1, 2
29, 1, 1, 0, 2
30, 2, 0, 1, 1
30, 2, 0, 1, 2
30, 1, 1, 0, 2
31, 2, 0, 1, 1
31, 2, 0, 1, 2
31, 1, 1, 0, 2
32, 2, 0, 1, 1
32, 2, 0, 1, 2
32, 1, 1, 0, 2
33, 2, 0, 1, 1
33, 2, 0, 1, 2
33, 1, 1, 0, 2
34, 2, 0, 1, 1
34, 2, 0, 1, 2
34, 1, 1, 0, 2
35, 2, 0, 1, 1
35, 2, 0, 1, 2
35, 1, 1, 0, 2
36, 2, 0, 1, 1
36, 2, 0, 1, 2
36, 1, 1, 0, 2
37, 2, 0, 1, 1
37, 2, 0, 1, 2
37, 1, 1, 0, 2
38, 2, 0, 1, 1
38, 2, 0, 1, 2
38, 1, 1, 0, 2
39, 2, 0, 1, 1
39, 2, 0, 1, 2
39, 1, 1, 0, 2
40, 2, 0, 1, 1
40, 2, 0, 1, 2
40, 1, 1, 0, 2
41, 1, 0, 1, 1
41, 2, 1, 0, 2
41, 2, 1, 0, 3
42, 2, 0, 1, 1
42, 2, 0, 1, 2
42, 1, 1, 0, 2
43, 2, 0, 1, 1
43, 2, 0, 1, 2
43, 1, 1, 0, 2
44, 2, 0, 1, 1
44, 2, 0, 1, 2
44, 1, 1, 0, 2
45, 2, 0, 1, 1
45, 2, 0, 1, 2
45, 1, 1, 0, 2
46, 2, 0, 1, 1
46, 2, 0, 1, 2
46, 1, 1, 0, 2
47, 1, 0, 1, 1
47, 2, 1, 0, 2
47, 2, 1, 0, 3
48, 2, 0, 1, 1
48, 2, 0, 1, 2
48, 1, 1, 0, 2
49, 2, 0, 1, 1
49, 2, 0, 1, 2
49, 1, 1, 0, 2
50, 2, 0, 1, 1
50, 2, 0, 1, 2
50, 1, 1, 0, 2
51, 2, 0, 1, 1
51, 2, 0, 1, 2
51, 1, 1, 0, 2
52, 2, 0, 1, 1
52, 2, 0, 1, 2
52, 1, 1, 0, 2
53, 2, 0, 1, 1
53, 2, 0, 1, 2
53, 2, 1, 0, 2
53, 2, 1, 0, 3
54, 2, 0, 1, 1
54, 2, 0, 1, 2
54, 2, 1, 0, 2
54, 2, 1, 0, 3
55, 3, 0, 1, 1
55, 3, 0, 1, 2
55, 3, 0, 1, 2
55, 1, 1, 0, 2
56, 1, 0, 1, 1
56, 3, 1, 0, 2
56, 3, 1, 0, 3
56, 3, 1, 0, 3
57, 3, 0, 1, 1
57, 3, 0, 1, 2
57, 3, 0, 1, 2
57, 1, 1, 0, 2
58, 1, 0, 1, 1
58, 3, 1, 0, 2
58, 3, 1, 0, 3
58, 3, 1, 0, 3
59, 3, 0, 1, 1
59, 3, 0, 1, 2
59, 3, 0, 1, 2
59, 1, 1, 0, 2
60, 3, 0, 1, 1
60, 3, 0, 1, 2
60, 3, 0, 1, 2
60, 1, 1, 0, 2
61, 1, 0, 1, 1
61, 2, 1, 0, 2
61, 2, 1, 0, 3
62, 3, 0, 1, 1
62, 3, 0, 1, 2
62, 3, 0, 1, 2
62, 1, 1, 0, 2
63, 3, 0, 1, 1
63, 3, 0, 1, 2
63, 3, 0, 1, 2
63, 1, 1, 0, 2
64, 3, 0, 1, 1
64, 3, 0, 1, 2
64, 3, 0, 1, 2
64, 1, 1, 0, 2
65, 1, 0, 1, 1
65, 2, 1, 0, 2
65, 2, 1, 0, 3
66, 1, 0, 1, 1
66, 2, 1, 0, 2
66, 2, 1, 0, 3
67, 3, 0, 1, 1
67, 3, 0, 1, 2
67, 3, 0, 1, 2
67, 1, 1, 0, 2
68, 3, 0, 1, 1
68, 3, 0, 1, 2
68, 3, 0, 1, 2
68, 1, 1, 0, 2
69, 1, 0, 1, 1
69, 2, 1, 0, 2
69, 2, 1, 0, 3
70, 3, 0, 1, 1
70, 3, 0, 1, 2
70, 3, 0, 1, 2
70, 1, 1, 0, 2
71, 3, 0, 1, 1
71, 3, 0, 1, 2
71, 3, 0, 1, 2
71, 1, 1, 0, 2
72, 3, 0, 1, 1
72, 3, 0, 1, 2
72, 3, 0, 1, 2
72, 1, 1, 0, 2
73, 1, 0, 1, 1
73, 2, 1, 0, 2
73, 2, 1, 0, 3
74, 4, 0, 1, 1
74, 4, 0, 1, 2
74, 4, 0, 1, 2
74, 4, 0, 1, 2
74, 1, 1, 0, 2
75, 4, 0, 1, 1
75, 4, 0, 1, 2
75, 4, 0, 1, 2
75, 4, 0, 1, 2
75, 1, 1, 0, 2
76, 4, 0, 1, 1
76, 4, 0, 1, 2
76, 4, 0, 1, 2
76, 4, 0, 1, 2
76, 1, 1, 0, 2
77, 1, 0, 1, 1
77, 4, 1, 0, 2
77, 4, 1, 0, 3
77, 4, 1, 0, 3
77, 4, 1, 0, 3
78, 4, 0, 1, 1
78, 4, 0, 1, 2
78, 4, 0, 1, 2
78, 4, 0, 1, 2
78, 1, 1, 0, 2
79, 4, 0, 1, 1
79, 4, 0, 1, 2
79, 4, 0, 1, 2
79, 4, 0, 1, 2
79, 1, 1, 0, 2
80, 1, 0, 1, 1
80, 4, 1, 0, 2
80, 4, 1, 0, 3
80, 4, 1, 0, 3
80, 4, 1, 0, 3
81, 4, 0, 1, 1
81, 4, 0, 1, 2
81, 4, 0, 1, 2
81, 4, 0, 1, 2
81, 1, 1, 0, 2
82, 2, 0, 1, 1
82, 2, 0, 1, 2
82, 2, 1, 0, 2
82, 2, 1, 0, 3
83, 2, 0, 1, 1
83, 2, 0, 1, 2
83, 2, 1, 0, 2
83, 2, 1, 0, 3
84, 4, 0, 1, 1
84, 4, 0, 1, 2
84, 4, 0, 1, 2
84, 4, 0, 1, 2
84, 1, 1, 0, 2
85, 4, 0, 1, 1
85, 4, 0, 1, 2
85, 4, 0, 1, 2
85, 4, 0, 1, 2
85, 1, 1, 0, 2
86, 2, 0, 1, 1
86, 2, 0, 1, 2
86, 2, 1, 0, 2
86, 2, 1, 0, 3
87, 3, 0, 1, 1
87, 3, 0, 1, 2
87, 3, 0, 1, 2
87, 2, 1, 0, 2
87, 2, 1, 0, 3
88, 4, 0, 1, 1
88, 4, 0, 1, 2
88, 4, 0, 1, 2
88, 4, 0, 1, 2
88, 1, 1, 0, 2
89, 2, 0, 1, 1
89, 2, 0, 1, 2
89, 2, 1, 0, 2
89, 2, 1, 0, 3
90, 2, 0, 1, 1
90, 2, 0, 1, 2
90, 2, 1, 0, 2
90, 2, 1, 0, 3
91, 4, 0, 1, 1
91, 4, 0, 1, 2
91, 4, 0, 1, 2
91, 4, 0, 1, 2
91, 1, 1, 0, 2
92, 2, 0, 1, 1
92, 2, 0, 1, 2
92, 2, 1, 0, 2
92, 2, 1, 0, 3
93, 2, 0, 1, 1
93, 2, 0, 1, 2
93, 2, 1, 0, 2
93, 2, 1, 0, 3
94, 2, 0, 1, 1
94, 2, 0, 1, 2
94, 2, 1, 0, 2
94, 2, 1, 0, 3
95, 2, 0, 1, 1
95, 2, 0, 1, 2
95, 2, 1, 0, 2
95, 2, 1, 0, 3
96, 4, 0, 1, 1
96, 4, 0, 1, 2
96, 4, 0, 1, 2
96, 4, 0, 1, 2
96, 2, 1, 0, 2
96, 2, 1, 0, 3
97, 3, 0, 1, 1
97, 3, 0, 1, 2
97, 3, 0, 1, 2
97, 3, 1, 0, 2
97, 3, 1, 0, 3
97, 3, 1, 0, 3
98, 3, 0, 1, 1
98, 3, 0, 1, 2
98, 3, 0, 1, 2
98, 3, 1, 0, 2
98, 3, 1, 0, 3
98, 3, 1, 0, 3
99, 2, 0, 1, 1
99, 2, 0, 1, 2
99, 4, 1, 0, 2
99, 4, 1, 0, 3
99, 4, 1, 0, 3
99, 4, 1, 0, 3
100, 3, 0, 1, 1
100, 3, 0, 1, 2
100, 3, 0, 1, 2
100, 2, 1, 0, 2
100, 2, 1, 0, 3
101, 1, 0, 1, 1
101, 3, 1, 0, 2
101, 3, 1, 0, 3
101, 3, 1, 0, 3
102, 3, 0, 1, 1
102, 3, 0, 1, 2
102, 3, 0, 1, 2
102, 2, 1, 0, 2
102, 2, 1, 0, 3
103, 3, 0, 1, 1
103, 3, 0, 1, 2
103, 3, 0, 1, 2
103, 3, 1, 0, 2
103, 3, 1, 0, 3
103, 3, 1, 0, 3
104, 3, 0, 1, 1
104, 3, 0, 1, 2
104, 3, 0, 1, 2
104, 2, 1, 0, 2
104, 2, 1, 0, 3
105, 1, 0, 1, 1
105, 3, 1, 0, 2
105, 3, 1, 0, 3
105, 3, 1, 0, 3
106, 5, 0, 1, 1
106, 5, 0, 1, 2
106, 5, 0, 1, 2
106, 5, 0, 1, 2
106, 5, 0, 1, 2
106, 1, 1, 0, 2
107, 5, 0, 1, 1
107, 5, 0, 1, 2
107, 5, 0, 1, 2
107, 5, 0, 1, 2
107, 5, 0, 1, 2
107, 1, 1, 0, 2
108, 5, 0, 1, 1
108, 5, 0, 1, 2
108, 5, 0, 1, 2
108, 5, 0, 1, 2
108, 5, 0, 1, 2
108, 1, 1, 0, 2
109, 5, 0, 1, 1
109, 5, 0, 1, 2
109, 5, 0, 1, 2
109, 5, 0, 1, 2
109, 5, 0, 1, 2
109, 1, 1, 0, 2
110, 5, 0, 1, 1
110, 5, 0, 1, 2
110, 5, 0, 1, 2
110, 5, 0, 1, 2
110, 5, 0, 1, 2
110, 1, 1, 0, 2
111, 5, 0, 1, 1
111, 5, 0, 1, 2
111, 5, 0, 1, 2
111, 5, 0, 1, 2
111, 5, 0, 1, 2
111, 1, 1, 0, 2
112, 5, 0, 1, 1
112, 5, 0, 1, 2
112, 5, 0, 1, 2
112, 5, 0, 1, 2
112, 5, 0, 1, 2
112, 1, 1, 0, 2
113, 5, 0, 1, 1
113, 5, 0, 1, 2
113, 5, 0, 1, 2
113, 5, 0, 1, 2
113, 5, 0, 1, 2
113, 1, 1, 0, 2
114, 5, 0, 1, 1
114, 5, 0, 1, 2
114, 5, 0, 1, 2
114, 5, 0, 1, 2
114, 5, 0, 1, 2
114, 1, 1, 0, 2
115, 5, 0, 1, 1
115, 5, 0, 1, 2
115, 5, 0, 1, 2
115, 5, 0, 1, 2
115, 5, 0, 1, 2
115, 1, 1, 0, 2
116, 5, 0, 1, 1
116, 5, 0, 1, 2
116, 5, 0, 1, 2
116, 5, 0, 1, 2
116, 5, 0, 1, 2
116, 1, 1, 0, 2
117, 5, 0, 1, 1
117, 5, 0, 1, 2
117, 5, 0, 1, 2
117, 5, 0, 1, 2
117, 5, 0, 1, 2
117, 1, 1, 0, 2
118, 4, 0, 1, 1
118, 4, 0, 1, 2
118, 4, 0, 1, 2
118, 4, 0, 1, 2
118, 3, 1, 0, 2
118, 3, 1, 0, 3
118, 3, 1, 0, 3
119, 3, 0, 1, 1
119, 3, 0, 1, 2
119, 3, 0, 1, 2
119, 4, 1, 0, 2
119, 4, 1, 0, 3
119, 4, 1, 0, 3
119, 4, 1, 0, 3
120, 3, 0, 1, 1
120, 3, 0, 1, 2
120, 3, 0, 1, 2
120, 4, 1, 0, 2
120, 4, 1, 0, 3
120, 4, 1, 0, 3
120, 4, 1, 0, 3
121, 2, 0, 1, 1
121, 2, 0, 1, 2
121, 3, 1, 0, 2
121, 3, 1, 0, 3
121, 3, 1, 0, 3
122, 4, 0, 1, 1
122, 4, 0, 1, 2
122, 4, 0, 1, 2
122, 4, 0, 1, 2
122, 2, 1, 0, 2
122, 2, 1, 0, 3
123, 3, 0, 1, 1
123, 3, 0, 1, 2
123, 3, 0, 1, 2
123, 4, 1, 0, 2
123, 4, 1, 0, 3
123, 4, 1, 0, 3
123, 4, 1, 0, 3
124, 3, 0, 1, 1
124, 3, 0, 1, 2
124, 3, 0, 1, 2
124, 3, 1, 0, 2
124, 3, 1, 0, 3
124, 3, 1, 0, 3
125, 4, 0, 1, 1
125, 4, 0, 1, 2
125, 4, 0, 1, 2
125, 4, 0, 1, 2
125, 3, 1, 0, 2
125, 3, 1, 0, 3
125, 3, 1, 0, 3
126, 2, 0, 1, 1
126, 2, 0, 1, 2
126, 3, 1, 0, 2
126, 3, 1, 0, 3
126, 3, 1, 0, 3
127, 2, 0, 1, 1
127, 2, 0, 1, 2
127, 3, 1, 0, 2
127, 3, 1, 0, 3
127, 3, 1, 0, 3
128, 1, 0, 1, 1
128, 3, 1, 0, 2
128, 3, 1, 0, 3
128, 3, 1, 0, 3
129, 6, 0, 1, 1
129, 6, 0, 1, 2
129, 6, 0, 1, 2
129, 6, 0, 1, 2
129, 6, 0, 1, 2
129, 6, 0, 1, 2
129, 1, 1, 0, 2
130, 6, 0, 1, 1
130, 6, 0, 1, 2
130, 6, 0, 1, 2
130, 6, 0, 1, 2
130, 6, 0, 1, 2
130, 6, 0, 1, 2
130, 1, 1, 0, 2
131, 4, 0, 1, 1
131, 4, 0, 1, 2
131, 4, 0, 1, 2
131, 4, 0, 1, 2
131, 4, 1, 0, 2
131, 4, 1, 0, 3
131, 4, 1, 0, 3
131, 4, 1, 0, 3
132, 1, 0, 1, 1
132, 4, 1, 0, 2
132, 4, 1, 0, 3
132, 4, 1, 0, 3
132, 4, 1, 0, 3
133, 3, 0, 1, 1
133, 3, 0, 1, 2
133, 3, 0, 1, 2
133, 3, 1, 0, 2
133, 3, 1, 0, 3
133, 3, 1, 0, 3
134, 3, 0, 1, 1
134, 3, 0, 1, 2
134, 3, 0, 1, 2
134, 3, 1, 0, 2
134, 3, 1, 0, 3
134, 3, 1, 0, 3
135, 3, 0, 1, 1
135, 3, 0, 1, 2
135, 3, 0, 1, 2
135, 3, 1, 0, 2
135, 3, 1, 0, 3
135, 3, 1, 0, 3
136, 4, 0, 1, 1
136, 4, 0, 1, 2
136, 4, 0, 1, 2
136, 4, 0, 1, 2
136, 3, 1, 0, 2
136, 3, 1, 0, 3
136, 3, 1, 0, 3
137, 1, 0, 1, 1
137, 4, 1, 0, 2
137, 4, 1, 0, 3
137, 4, 1, 0, 3
137, 4, 1, 0, 3
138, 3, 0, 1, 1
138, 3, 0, 1, 2
138, 3, 0, 1, 2
138, 4, 1, 0, 2
138, 4, 1, 0, 3
138, 4, 1, 0, 3
138, 4, 1, 0, 3
139, 1, 0, 1, 1
139, 5, 1, 0, 2
139, 5, 1, 0, 3
139, 5, 1, 0, 3
139, 5, 1, 0, 3
139, 5, 1, 0, 3
140, 3, 0, 1, 1
140, 3, 0, 1, 2
140, 3, 0, 1, 2
140, 4, 1, 0, 2
140, 4, 1, 0, 3
140, 4, 1, 0, 3
140, 4, 1, 0, 3
141, 3, 0, 1, 1
141, 3, 0, 1, 2
141, 3, 0, 1, 2
141, 4, 1, 0, 2
141, 4, 1, 0, 3
141, 4, 1, 0, 3
141, 4, 1, 0, 3
142, 3, 0, 1, 1
142, 3, 0, 1, 2
142, 3, 0, 1, 2
142, 4, 1, 0, 2
142, 4, 1, 0, 3
142, 4, 1, 0, 3
142, 4, 1, 0, 3
143, 1, 0, 1, 1
143, 5, 1, 0, 2
143, 5, 1, 0, 3
143, 5, 1, 0, 3
143, 5, 1, 0, 3
143, 5, 1, 0, 3
144, 1, 0, 1, 1
144, 5, 1, 0, 2
144, 5, 1, 0, 3
144, 5, 1, 0, 3
144, 5, 1, 0, 3
144, 5, 1, 0, 3
145, 1, 0, 1, 1
145, 5, 1, 0, 2
145, 5, 1, 0, 3
145, 5, 1, 0, 3
145, 5, 1, 0, 3
145, 5, 1, 0, 3
146, 4, 0, 1, 1
146, 4, 0, 1, 2
146, 4, 0, 1, 2
146, 4, 0, 1, 2
146, 4, 1, 0, 2
146, 4, 1, 0, 3
146, 4, 1, 0, 3
146, 4, 1, 0, 3
147, 4, 0, 1, 1
147, 4, 0, 1, 2
147, 4, 0, 1, 2
147, 4, 0, 1, 2
147, 4, 1, 0, 2
147, 4, 1, 0, 3
147, 4, 1, 0, 3
147, 4, 1, 0, 3
148, 5, 0, 1, 1
148, 5, 0, 1, 2
148, 5, 0, 1, 2
148, 5, 0, 1, 2
148, 5, 0, 1, 2
148, 4, 1, 0, 2
148, 4, 1, 0, 3
148, 4, 1, 0, 3
148, 4, 1, 0, 3
149, 5, 0, 1, 1
149, 5, 0, 1, 2
149, 5, 0, 1, 2
149, 5, 0, 1, 2
149, 5, 0, 1, 2
149, 4, 1, 0, 2
149, 4, 1, 0, 3
149, 4, 1, 0, 3
149, 4, 1, 0, 3
150, 5, 0, 1, 1
150, 5, 0, 1, 2
150, 5, 0, 1, 2
150, 5, 0, 1, 2
150, 5, 0, 1, 2
150, 4, 1, 0, 2
150, 4, 1, 0, 3
150, 4, 1, 0, 3
150, 4, 1, 0, 3
151, 5, 0, 1, 1
151, 5, 0, 1, 2
151, 5, 0, 1, 2
151, 5, 0, 1, 2
151, 5, 0, 1, 2
151, 4, 1, 0, 2
151, 4, 1, 0, 3
151, 4, 1, 0, 3
151, 4, 1, 0, 3
152, 1, 0, 1, 1
152, 6, 1, 0, 2
152, 6, 1, 0, 3
152, 6, 1, 0, 3
152, 6, 1, 0, 3
152, 6, 1, 0, 3
152, 6, 1, 0, 3
153, 4, 0, 1, 1
153, 4, 0, 1, 2
153, 4, 0, 1, 2
153, 4, 0, 1, 2
153, 5, 1, 0, 2
153, 5, 1, 0, 3
153, 5, 1, 0, 3
153, 5, 1, 0, 3
153, 5, 1, 0, 3
154, 5, 0, 1, 1
154, 5, 0, 1, 2
154, 5, 0, 1, 2
154, 5, 0, 1, 2
154, 5, 0, 1, 2
154, 5, 1, 0, 2
154, 5, 1, 0, 3
154, 5, 1, 0, 3
154, 5, 1, 0, 3
154, 5, 1, 0, 3
155, 5, 0, 1, 1
155, 5, 0, 1, 2
155, 5, 0, 1, 2
155, 5, 0, 1, 2
155, 5, 0, 1, 2
155, 5, 1, 0, 2
155, 5, 1, 0, 3
155, 5, 1, 0, 3
155, 5, 1, 0, 3
155, 5, 1, 0, 3
156, 5, 0, 1, 1
156, 5, 0, 1, 2
156, 5, 0, 1, 2
156, 5, 0, 1, 2
156, 5, 0, 1, 2
156, 5, 1, 0, 2
156, 5, 1, 0, 3
156, 5, 1, 0, 3
156, 5, 1, 0, 3
156, 5, 1, 0, 3
157, 5, 0, 1, 1
157, 5, 0, 1, 2
157, 5, 0, 1, 2
157, 5, 0, 1, 2
157, 5, 0, 1, 2
157, 5, 1, 0, 2
157, 5, 1, 0, 3
157, 5, 1, 0, 3
157, 5, 1, 0, 3
157, 5, 1, 0, 3
158, 5, 0, 1, 1
158, 5, 0, 1, 2
158, 5, 0, 1, 2
158, 5, 0, 1, 2
158, 5, 0, 1, 2
158, 5, 1, 0, 2
158, 5, 1, 0, 3
158, 5, 1, 0, 3
158, 5, 1, 0, 3
158, 5, 1, 0, 3
159, 5, 0, 1, 1
159, 5, 0, 1, 2
159, 5, 0, 1, 2
159, 5, 0, 1, 2
159, 5, 0, 1, 2
159, 5, 1, 0, 2
159, 5, 1, 0, 3
159, 5, 1, 0, 3
159, 5, 1, 0, 3
159, 5, 1, 0, 3
160, 1, 0, 1, 1
160, 7, 1, 0, 2
160, 7, 1, 0, 3
160, 7, 1, 0, 3
160, 7, 1, 0, 3
160, 7, 1, 0, 3
160, 7, 1, 0, 3
160, 7, 1, 0, 3
161, 5, 0, 1, 1
161, 5, 0, 1, 2
161, 5, 0, 1, 2
161, 5, 0, 1, 2
161, 5, 0, 1, 2
161, 6, 1, 0, 2
161, 6, 1, 0, 3
161, 6, 1, 0, 3
161, 6, 1, 0, 3
161, 6, 1, 0, 3
161, 6, 1, 0, 3
162, 5, 0, 1, 1
162, 5, 0, 1, 2
162, 5, 0, 1, 2
162, 5, 0, 1, 2
162, 5, 0, 1, 2
162, 6, 1, 0, 2
162, 6, 1, 0, 3
162, 6, 1, 0, 3
162, 6, 1, 0, 3
162, 6, 1, 0, 3
162, 6, 1, 0, 3
163, 6, 0, 1, 1
163, 6, 0, 1, 2
163, 6, 0, 1, 2
163, 6, 0, 1, 2
163, 6, 0, 1, 2
163, 6, 0, 1, 2
163, 6, 1, 0, 2
163, 6, 1, 0, 3
163, 6, 1, 0, 3
163, 6, 1, 0, 3
163, 6, 1, 0, 3
163, 6, 1, 0, 3
164, 8, 0, 1, 1
164, 8, 0, 1, 2
164, 8, 0, 1, 2
164, 8, 0, 1, 2
164, 8, 0, 1, 2
164, 8, 0, 1, 2
164, 8, 0, 1, 2
164, 8, 0, 1, 2
164, 8, 1, 0, 2
164, 8, 1, 0, 3
164, 8, 1, 0, 3
164, 8, 1, 0, 3
164, 8, 1, 0, 3
164, 8, 1, 0, 3
164, 8, 1, 0, 3
164, 8, 1, 0, 3
165, 8, 0, 1, 1
165, 8, 0, 1, 2
165, 8, 0, 1, 2
165, 8, 0, 1, 2
165, 8, 0, 1, 2
165, 8, 0, 1, 2
165, 8, 0, 1, 2
165, 8, 0, 1, 2
165, 8, 1, 0, 2
165, 8, 1, 0, 3
165, 8, 1, 0, 3
165, 8, 1, 0, 3
165, 8, 1, 0, 3
165, 8, 1, 0, 3
165, 8, 1, 0, 3
165, 8, 1, 0, 3
166, 1, 0, 1, 3
166, 1, 1, 0, 2
167, 1, 0, 1, 3
167, 1, 1, 0, 2
168, 1, 0, 1, 3
168, 1, 1, 0, 2
169, 1, 0, 1, 1
169, 1, 1, 0, 4
170, 1, 0, 1, 3
170, 1, 1, 0, 2
171, 2, 0, 1, 1
171, 2, 0, 1, 2
171, 3, 1, 0, 2
171, 3, 1, 0, 2
171, 3, 1, 0, 3
172, 1, 0, 1, 2
172, 3, 1, 0, 2
172, 3, 1, 0, 3
172, 3, 1, 0, 3
173, 1, 0, 1, 2
173, 3, 1, 0, 2
173, 3, 1, 0, 3
173, 3, 1, 0, 3
174, 1, 0, 1, 2
174, 3, 1, 0, 2
174, 3, 1, 0, 3
174, 3, 1, 0, 3
175, 1, 0, 1, 2
175, 3, 1, 0, 2
175, 3, 1, 0, 3
175, 3, 1, 0, 3
176, 3, 0, 1, 1
176, 3, 0, 1, 2
176, 3, 0, 1, 2
176, 1, 1, 0, 3
177, 3, 0, 1, 1
177, 3, 0, 1, 2
177, 3, 0, 1, 2
177, 3, 1, 0, 2
177, 3, 1, 0, 2
177, 3, 1, 0, 3
178, 1, 0, 1, 2
178, 3, 1, 0, 2
178, 3, 1, 0, 3
178, 3, 1, 0, 3
179, 4, 0, 1, 1
179, 4, 0, 1, 2
179, 4, 0, 1, 2
179, 4, 0, 1, 2
179, 1, 1, 0, 3
180, 1, 0, 1, 2
180, 4, 1, 0, 2
180, 4, 1, 0, 3
180, 4, 1, 0, 3
180, 4, 1, 0, 3
181, 1, 0, 1, 2
181, 4, 1, 0, 2
181, 4, 1, 0, 3
181, 4, 1, 0, 3
181, 4, 1, 0, 3
182, 4, 0, 1, 1
182, 4, 0, 1, 2
182, 4, 0, 1, 2
182, 4, 0, 1, 2
182, 1, 1, 0, 3
183, 3, 0, 1, 1
183, 3, 0, 1, 2
183, 3, 0, 1, 2
183, 5, 1, 0, 2
183, 5, 1, 0, 2
183, 5, 1, 0, 3
183, 5, 1, 0, 3
183, 5, 1, 0, 3
184, 4, 0, 1, 1
184, 4, 0, 1, 2
184, 4, 0, 1, 2
184, 4, 0, 1, 2
184, 4, 1, 0, 2
184, 4, 1, 0, 2
184, 4, 1, 0, 3
184, 4, 1, 0, 3
185, 4, 0, 1, 1
185, 4, 0, 1, 2
185, 4, 0, 1, 2
185, 4, 0, 1, 2
185, 5, 1, 0, 2
185, 5, 1, 0, 2
185, 5, 1, 0, 3
185, 5, 1, 0, 3
185, 5, 1, 0, 3
186, 4, 0, 1, 1
186, 4, 0, 1, 2
186, 4, 0, 1, 2
186, 4, 0, 1, 2
186, 5, 1, 0, 2
186, 5, 1, 0, 2
186, 5, 1, 0, 3
186, 5, 1, 0, 3
186, 5, 1, 0, 3
187, 4, 0, 1, 1
187, 4, 0, 1, 2
187, 4, 0, 1, 2
187, 4, 0, 1, 2
187, 5, 1, 0, 2
187, 5, 1, 0, 2
187, 5, 1, 0, 3
187, 5, 1, 0, 3
187, 5, 1, 0, 3
188, 7, 0, 1, 1
188, 7, 0, 1, 2
188, 7, 0, 1, 2
188, 7, 0, 1, 2
188, 7, 0, 1, 2
188, 7, 0, 1, 2
188, 7, 0, 1, 2
188, 1, 1, 0, 3
189, 4, 0, 1, 1
189, 4, 0, 1, 2
189, 4, 0, 1, 2
189, 4, 0, 1, 2
189, 6, 1, 0, 2
189, 6, 1, 0, 2
189, 6, 1, 0, 3
189, 6, 1, 0, 3
189, 6, 1, 0, 3
189, 6, 1, 0, 3
190, 5, 0, 1, 1
190, 5, 0, 1, 2
190, 5, 0, 1, 2
190, 5, 0, 1, 2
190, 5, 0, 1, 2
190, 5, 1, 0, 2
190, 5, 1, 0, 2
190, 5, 1, 0, 3
190, 5, 1, 0, 3
190, 5, 1, 0, 3
191, 6, 0, 1, 1
191, 6, 0, 1, 2
191, 6, 0, 1, 2
191, 6, 0, 1, 2
191, 6, 0, 1, 2
191, 6, 0, 1, 2
191, 4, 1, 0, 2
191, 4, 1, 0, 2
191, 4, 1, 0, 3
191, 4, 1, 0, 3
192, 1, 0, 1, 2
192, 4, 1, 0, 2
192, 4, 1, 0, 3
192, 4, 1, 0, 3
192, 4, 1, 0, 3
193, 5, 0, 1, 1
193, 5, 0, 1, 2
193, 5, 0, 1, 2
193, 5, 0, 1, 2
193, 5, 0, 1, 2
193, 6, 1, 0, 2
193, 6, 1, 0, 2
193, 6, 1, 0, 3
193, 6, 1, 0, 3
193, 6, 1, 0, 3
193, 6, 1, 0, 3
194, 6, 0, 1, 1
194, 6, 0, 1, 2
194, 6, 0, 1, 2
194, 6, 0, 1, 2
194, 6, 0, 1, 2
194, 6, 0, 1, 2
194, 6, 1, 0, 2
194, 6, 1, 0, 2
194, 6, 1, 0, 3
194, 6, 1, 0, 3
194, 6, 1, 0, 3
194, 6, 1, 0, 3
195, 6, 0, 1, 1
195, 6, 0, 1, 2
195, 6, 0, 1, 2
195, 6, 0, 1, 2
195, 6, 0, 1, 2
195, 6, 0, 1, 2
195, 7, 1, 0, 2
195, 7, 1, 0, 2
195, 7, 1, 0, 3
195, 7, 1, 0, 3
195, 7, 1, 0, 3
195, 7, 1, 0, 3
195, 7, 1, 0, 3
196, 8, 0, 1, 1
196, 8, 0, 1, 2
196, 8, 0, 1, 2
196, 8, 0, 1, 2
196, 8, 0, 1, 2
196, 8, 0, 1, 2
196, 8, 0, 1, 2
196, 8, 0, 1, 2
196, 9, 1, 0, 2
196, 9, 1, 0, 2
196, 9, 1, 0, 3
196, 9, 1, 0, 3
196, 9, 1, 0, 3
196, 9, 1, 0, 3
196, 9, 1, 0, 3
196, 9, 1, 0, 3
196, 9, 1, 0, 3
197, 1, 0, 1, 3
197, 2, 1, 0, 2
197, 2, 1, 0, 3
198, 1, 0, 1, 3
198, 2, 1, 0, 2
198, 2, 1, 0, 3
199, 2, 0, 1, 1
199, 2, 0, 1, 2
199, 1, 1, 0, 4
200, 1, 0, 1, 3
200, 2, 1, 0, 2
200, 2, 1, 0, 3
201, 1, 0, 1, 3
201, 2, 1, 0, 2
201, 2, 1, 0, 3
202, 1, 0, 1, 3
202, 2, 1, 0, 2
202, 2, 1, 0, 3
203, 2, 0, 1, 1
203, 2, 0, 1, 2
203, 1, 1, 0, 4
204, 1, 0, 1, 3
204, 2, 1, 0, 2
204, 2, 1, 0, 3
205, 1, 0, 1, 3
205, 2, 1, 0, 2
205, 2, 1, 0, 3
206, 2, 0, 1, 1
206, 2, 0, 1, 2
206, 1, 1, 0, 4
207, 1, 0, 1, 3
207, 2, 1, 0, 2
207, 2, 1, 0, 3
208, 1, 0, 1, 3
208, 3, 1, 0, 2
208, 3, 1, 0, 3
208, 3, 1, 0, 3
209, 1, 0, 1, 3
209, 3, 1, 0, 2
209, 3, 1, 0, 3
209, 3, 1, 0, 3
210, 1, 0, 1, 3
210, 4, 1, 0, 2
210, 4, 1, 0, 3
210, 4, 1, 0, 3
210, 4, 1, 0, 3
211, 3, 0, 1, 1
211, 3, 0, 1, 2
211, 3, 0, 1, 2
211, 1, 1, 0, 4
212, 1, 0, 1, 3
212, 3, 1, 0, 2
212, 3, 1, 0, 3
212, 3, 1, 0, 3
213, 1, 0, 1, 3
213, 4, 1, 0, 2
213, 4, 1, 0, 3
213, 4, 1, 0, 3
213, 4, 1, 0, 3
214, 3, 0, 1, 1
214, 3, 0, 1, 2
214, 3, 0, 1, 2
214, 1, 1, 0, 4
215, 4, 0, 1, 1
215, 4, 0, 1, 2
215, 4, 0, 1, 2
215, 4, 0, 1, 2
215, 5, 1, 0, 2
215, 5, 1, 0, 2
215, 5, 1, 0, 2
215, 5, 1, 0, 3
215, 5, 1, 0, 3
216, 1, 0, 1, 3
216, 4, 1, 0, 2
216, 4, 1, 0, 3
216, 4, 1, 0, 3
216, 4, 1, 0, 3
217, 1, 0, 1, 3
217, 4, 1, 0, 2
217, 4, 1, 0, 3
217, 4, 1, 0, 3
217, 4, 1, 0, 3
218, 4, 0, 1, 1
218, 4, 0, 1, 2
218, 4, 0, 1, 2
218, 4, 0, 1, 2
218, 1, 1, 0, 4
219, 1, 0, 1, 3
219, 3, 1, 0, 2
219, 3, 1, 0, 3
219, 3, 1, 0, 3
220, 1, 0, 1, 3
220, 5, 1, 0, 2
220, 5, 1, 0, 3
220, 5, 1, 0, 3
220, 5, 1, 0, 3
220, 5, 1, 0, 3
221, 1, 0, 1, 3
221, 5, 1, 0, 2
221, 5, 1, 0, 3
221, 5, 1, 0, 3
221, 5, 1, 0, 3
221, 5, 1, 0, 3
222, 1, 0, 1, 3
222, 5, 1, 0, 2
222, 5, 1, 0, 3
222, 5, 1, 0, 3
222, 5, 1, 0, 3
222, 5, 1, 0, 3
223, 5, 0, 1, 1
223, 5, 0, 1, 2
223, 5, 0, 1, 2
223, 5, 0, 1, 2
223, 5, 0, 1, 2
223, 1, 1, 0, 4
224, 1, 0, 1, 3
224, 5, 1, 0, 2
224, 5, 1, 0, 3
224, 5, 1, 0, 3
224, 5, 1, 0, 3
224, 5, 1, 0, 3
225, 1, 0, 1, 3
225, 6, 1, 0, 2
225, 6, 1, 0, 3
225, 6, 1, 0, 3
225, 6, 1, 0, 3
225, 6, 1, 0, 3
225, 6, 1, 0, 3
226, 1, 0, 1, 3
226, 6, 1, 0, 2
226, 6, 1, 0, 3
226, 6, 1, 0, 3
226, 6, 1, 0, 3
226, 6, 1, 0, 3
226, 6, 1, 0, 3
227, 5, 0, 1, 1
227, 5, 0, 1, 2
227, 5, 0, 1, 2
227, 5, 0, 1, 2
227, 5, 0, 1, 2
227, 1, 1, 0, 4
228, 3, 0, 1, 1
228, 3, 0, 1, 2
228, 3, 0, 1, 2
228, 6, 1, 0, 2
228, 6, 1, 0, 2
228, 6, 1, 0, 2
228, 6, 1, 0, 3
228, 6, 1, 0, 3
228, 6, 1, 0, 3
229, 1, 0, 1, 3
229, 4, 1, 0, 2
229, 4, 1, 0, 3
229, 4, 1, 0, 3
229, 4, 1, 0, 3
230, 4, 0, 1, 1
230, 4, 0, 1, 2
230, 4, 0, 1, 2
230, 4, 0, 1, 2
230, 6, 1, 0, 2
230, 6, 1, 0, 2
230, 6, 1, 0, 2
230, 6, 1, 0, 3
230, 6, 1, 0, 3
230, 6, 1, 0, 3
231, 1, 0, 1, 4
231, 2, 1, 0, 2
231, 2, 1, 0, 3
232, 1, 0, 1, 4
232, 2, 1, 0, 2
232, 2, 1, 0, 3
233, 1, 0, 1, 4
233, 2, 1, 0, 2
233, 2, 1, 0, 3
234, 1, 0, 1, 4
234, 2, 1, 0, 2
234, 2, 1, 0, 3
235, 2, 0, 1, 1
235, 2, 0, 1, 2
235, 1, 1, 0, 5
236, 1, 0, 1, 4
236, 2, 1, 0, 2
236, 2, 1, 0, 3
237, 1, 0, 1, 4
237, 2, 1, 0, 2
237, 2, 1, 0, 3
238, 1, 0, 1, 4
238, 2, 1, 0, 2
238, 2, 1, 0, 3
239, 1, 0, 1, 4
239, 2, 1, 0, 2
239, 2, 1, 0, 3
240, 1, 0, 1, 4
240, 2, 1, 0, 2
240, 2, 1, 0, 3
241, 2, 0, 1, 1
241, 2, 0, 1, 2
241, 1, 1, 0, 5
242, 1, 0, 1, 4
242, 2, 1, 0, 2
242, 2, 1, 0, 3
243, 1, 0, 1, 4
243, 2, 1, 0, 2
243, 2, 1, 0, 3
244, 1, 0, 1, 4
244, 2, 1, 0, 2
244, 2, 1, 0, 3
245, 1, 0, 1, 4
245, 2, 1, 0, 2
245, 2, 1, 0, 3
246, 2, 0, 1, 1
246, 2, 0, 1, 2
246, 1, 1, 0, 5
247, 1, 0, 1, 4
247, 3, 1, 0, 2
247, 3, 1, 0, 3
247, 3, 1, 0, 3
248, 1, 0, 1, 4
248, 3, 1, 0, 2
248, 3, 1, 0, 3
248, 3, 1, 0, 3
249, 1, 0, 1, 4
249, 4, 1, 0, 2
249, 4, 1, 0, 3
249, 4, 1, 0, 3
249, 4, 1, 0, 3
250, 3, 0, 1, 1
250, 3, 0, 1, 2
250, 3, 0, 1, 2
250, 1, 1, 0, 5
251, 1, 0, 1, 4
251, 3, 1, 0, 2
251, 3, 1, 0, 3
251, 3, 1, 0, 3
252, 1, 0, 1, 4
252, 3, 1, 0, 2
252, 3, 1, 0, 3
252, 3, 1, 0, 3
253, 1, 0, 1, 4
253, 3, 1, 0, 2
253, 3, 1, 0, 3
253, 3, 1, 0, 3
254, 1, 0, 1, 4
254, 4, 1, 0, 2
254, 4, 1, 0, 3
254, 4, 1, 0, 3
254, 4, 1, 0, 3
255, 3, 0, 1, 1
255, 3, 0, 1, 2
255, 3, 0, 1, 2
255, 1, 1, 0, 5
256, 1, 0, 1, 4
256, 5, 1, 0, 2
256, 5, 1, 0, 3
256, 5, 1, 0, 3
256, 5, 1, 0, 3
256, 5, 1, 0, 3
257, 1, 0, 1, 4
257, 5, 1, 0, 2
257, 5, 1, 0, 3
257, 5, 1, 0, 3
257, 5, 1, 0, 3
257, 5, 1, 0, 3
258, 1, 0, 1, 4
258, 5, 1, 0, 2
258, 5, 1, 0, 3
258, 5, 1, 0, 3
258, 5, 1, 0, 3
258, 5, 1, 0, 3
259, 1, 0, 1, 4
259, 5, 1, 0, 2
259, 5, 1, 0, 3
259, 5, 1, 0, 3
259, 5, 1, 0, 3
259, 5, 1, 0, 3
260, 5, 0, 1, 1
260, 5, 0, 1, 2
260, 5, 0, 1, 2
260, 5, 0, 1, 2
260, 5, 0, 1, 2
260, 1, 1, 0, 5
261, 1, 0, 1, 4
261, 5, 1, 0, 2
261, 5, 1, 0, 3
261, 5, 1, 0, 3
261, 5, 1, 0, 3
261, 5, 1, 0, 3
262, 1, 0, 1, 4
262, 5, 1, 0, 2
262, 5, 1, 0, 3
262, 5, 1, 0, 3
262, 5, 1, 0, 3
262, 5, 1, 0, 3
263, 1, 0, 1, 4
263, 5, 1, 0, 2
263, 5, 1, 0, 3
263, 5, 1, 0, 3
263, 5, 1, 0, 3
263, 5, 1, 0, 3
264, 1, 0, 1, 4
264, 5, 1, 0, 2
264, 5, 1, 0, 3
264, 5, 1, 0, 3
264, 5, 1, 0, 3
264, 5, 1, 0, 3
265, 5, 0, 1, 1
265, 5, 0, 1, 2
265, 5, 0, 1, 2
265, 5, 0, 1, 2
265, 5, 0, 1, 2
265, 1, 1, 0, 5
266, 8, 0, 1, 1
266, 8, 0, 1, 2
266, 8, 0, 1, 2
266, 8, 0, 1, 2
266, 8, 0, 1, 2
266, 8, 0, 1, 2
266, 8, 0, 1, 2
266, 8, 0, 1, 2
266, 10, 1, 0, 2
266, 10, 1, 0, 2
266, 10, 1, 0, 2
266, 10, 1, 0, 2
266, 10, 1, 0, 3
266, 10, 1, 0, 3
266, 10, 1, 0, 3
266, 10, 1, 0, 3
266, 10, 1, 0, 3
266, 10, 1, 0, 3
267, 2, 0, 111, 2
267, 2, 0, 111, 2
267, 2, 1, 12, 2
267, 2, 1, 12, 2
267, 2, 2, 3, 2
267, 2, 2, 3, 2
267, 2, 3, 4, 2
267, 2, 3, 4, 2
267, 2, 4, 5, 2
267, 2, 4, 5, 2
267, 2, 5, 6, 2
267, 2, 5, 6, 2
267, 2, 6, 7, 2
267, 2, 6, 7, 2
267, 2, 7, 8, 2
267, 2, 7, 8, 2
267, 2, 8, 9, 2
267, 2, 8, 9, 2
267, 2, 9, 10, 2
267, 2, 9, 10, 2
267, 2, 10, 11, 2
267, 2, 10, 11, 2
267, 2, 11, 13, 2
267, 2, 11, 13, 2
267, 2, 12, 23, 2
267, 2, 12, 23, 2
267, 2, 13, 14, 2
267, 2, 13, 14, 2
267, 2, 14, 15, 2
267, 2, 14, 15, 2
267, 2, 15, 16, 2
267, 2, 15, 16, 2
267, 2, 16, 17, 2
267, 2, 16, 17, 2
267, 2, 17, 18, 2
267, 2, 17, 18, 2
267, 2, 18, 19, 2
267, 2, 18, 19, 2
267, 2, 19, 20, 2
267, 2, 19, 20, 2
267, 2, 20, 21, 2
267, 2, 20, 21, 2
267, 2, 21, 22, 2
267, 2, 21, 22, 2
267, 2, 22, 24, 2
267, 2, 22, 24, 2
267, 2, 23, 34, 2
267, 2, 23, 34, 2
267, 2, 24, 25, 2
267, 2, 24, 25, 2
267, 2, 25, 26, 2
267, 2, 25, 26, 2
267, 2, 26, 27, 2
267, 2, 26, 27, 2
267, 2, 27, 28, 2
267, 2, 27, 28, 2
267, 2, 28, 29, 2
267, 2, 28, 29, 2
267, 2, 29, 30, 2
267, 2, 29, 30, 2
267, 2, 30, 31, 2
267, 2, 30, 31, 2
267, 2, 31, 32, 2
267, 2, 31, 32, 2
267, 2, 32, 33, 2
267, 2, 32, 33, 2
267, 2, 33, 35, 2
267, 2, 33, 35, 2
267, 2, 34, 45, 2
267, 2, 34, 45, 2
267, 2, 35, 36, 2
267, 2, 35, 36, 2
267, 2, 36, 37, 2
267, 2, 36, 37, 2
267, 2, 37, 38, 2
267, 2, 37, 38, 2
267, 2, 38, 39, 2
267, 2, 38, 39, 2
267, 2, 39, 40, 2
267, 2, 39, 40, 2
267, 2, 40, 41, 2
267, 2, 40, 41, 2
267, 2, 41, 42, 2
267, 2, 41, 42, 2
267, 2, 42, 43, 2
267, 2, 42, 43, 2
267, 2, 43, 44, 2
267, 2, 43, 44, 2
267, 2, 44, 46, 2
267, 2, 44, 46, 2
267, 2, 45, 56, 2
267, 2, 45, 56, 2
267, 2, 46, 47, 2
267, 2, 46, 47, 2
267, 2, 47, 48, 2
267, 2, 47, 48, 2
267, 2, 48, 49, 2
267, 2, 48, 49, 2
267, 2, 49, 50, 2
267, 2, 49, 50, 2
267, 2, 50, 51, 2
267, 2, 50, 51, 2
267, 2, 51, 52, 2
267, 2, 51, 52, 2
267, 2, 52, 53, 2
267, 2, 52, 53, 2
267, 2, 53, 54, 2
267, 2, 53, 54, 2
267, 2, 54, 55, 2
267, 2, 54, 55, 2
267, 2, 55, 57, 2
267, 2, 55, 57, 2
267, 2, 56, 67, 2
267, 2, 56, 67, 2
267, 2, 57, 58, 2
267, 2, 57, 58, 2
267, 2, 58, 59, 2
267, 2, 58, 59, 2
267, 2, 59, 60, 2
267, 2, 59, 60, 2
267, 2, 60, 61, 2
267, 2, 60, 61, 2
267, 2, 61, 62, 2
267, 2, 61, 62, 2
267, 2, 62, 63, 2
267, 2, 62, 63, 2
267, 2, 63, 64, 2
267, 2, 63, 64, 2
267, 2, 64, 65, 2
267, 2, 64, 65, 2
267, 2, 65, 66, 2
267, 2, 65, 66, 2
267, 2, 66, 68, 2
267, 2, 66, 68, 2
267, 2, 67, 78, 2
267, 2, 67, 78, 2
267, 2, 68, 69, 2
267, 2, 68, 69, 2
267, 2, 69, 70, 2
267, 2, 69, 70, 2
267, 2, 70, 71, 2
267, 2, 70, 71, 2
267, 2, 71, 72, 2
267, 2, 71, 72, 2
267, 2, 72, 73, 2
267, 2, 72, 73, 2
267, 2, 73, 74, 2
267, 2, 73, 74, 2
267, 2, 74, 75, 2
267, 2, 74, 75, 2
267, 2, 75, 76, 2
267, 2, 75, 76, 2
267, 2, 76, 77, 2
267, 2, 76, 77, 2
267, 2, 77, 79, 2
267, 2, 77, 79, 2
267, 2, 78, 89, 2
267, 2, 78, 89, 2
267, 2, 79, 80, 2
267, 2, 79, 80, 2
267, 2, 80, 81, 2
267, 2, 80, 81, 2
267, 2, 81, 82, 2
267, 2, 81, 82, 2
267, 2, 82, 83, 2
267, 2, 82, 83, 2
267, 2, 83, 84, 2
267, 2, 83, 84, 2
267, 2, 84, 85, 2
267, 2, 84, 85, 2
267, 2, 85, 86, 2
267, 2, 85, 86, 2
267, 2, 86, 87, 2
267, 2, 86, 87, 2
267, 2, 87, 88, 2
267, 2, 87, 88, 2
267, 2, 88, 90, 2
267, 2, 88, 90, 2
267, 2, 89, 100, 2
267, 2, 89, 100, 2
267, 2, 90, 91, 2
267, 2, 90, 91, 2
267, 2, 91, 92, 2
267, 2, 91, 92, 2
267, 2, 92, 93, 2
267, 2, 92, 93, 2
267, 2, 93, 94, 2
267, 2, 93, 94, 2
267, 2, 94, 95, 2
267, 2, 94, 95, 2
267, 2, 95, 96, 2
267, 2, 95, 96, 2
267, 2, 96, 97, 2
267, 2, 96, 97, 2
267, 2, 97, 98, 2
267, 2, 97, 98, 2
267, 2, 98, 99, 2
267, 2, 98, 99, 2
267, 2, 99, 101, 2
267, 2, 99, 101, 2
267, 2, 100, 112, 2
267, 2, 100, 112, 2
267, 2, 101, 102, 2
267, 2, 101, 102, 2
267, 2, 102, 103, 2
267, 2, 102, 103, 2
267, 2, 103, 104, 2
267, 2, 103, 104, 2
267, 2, 104, 105, 2
267, 2, 104, 105, 2
267, 2, 105, 106, 2
267, 2, 105, 106, 2
267, 2, 106, 107, 2
267, 2, 106, 107, 2
267, 2, 107, 108, 2
267, 2, 107, 108, 2
267, 2, 108, 109, 2
267, 2, 108, 109, 2
267, 2, 109, 110, 2
267, 2, 109, 110, 2
267, 2, 110, 113, 2
267, 2, 110, 113, 2
267, 2, 111, 222, 2
267, 2, 111, 222, 2
267, 2, 112, 123, 2
267, 2, 112, 123, 2
267, 2, 113, 114, 2
267, 2, 113, 114, 2
267, 2, 114, 115, 2
267, 2, 114, 115, 2
267, 2, 115, 116, 2
267, 2, 115, 116, 2
267, 2, 116, 117, 2
267, 2, 116, 117, 2
267, 2, 117, 118, 2
267, 2, 117, 118, 2
267, 2, 118, 119, 2
267, 2, 118, 119, 2
267, 2, 119, 120, 2
267, 2, 119, 120, 2
267, 2, 120, 121, 2
267, 2, 120, 121, 2
267, 2, 121, 122, 2
267, 2, 121, 122, 2
267, 2, 122, 124, 2
267, 2, 122, 124, 2
267, 2, 123, 134, 2
267, 2, 123, 134, 2
267, 2, 124, 125, 2
267, 2, 124, 125, 2
267, 2, 125, 126, 2
267, 2, 125, 126, 2
267, 2, 126, 127, 2
267, 2, 126, 127, 2
267, 2, 127, 128, 2
267, 2, 127, 128, 2
267, 2, 128, 129, 2
267, 2, 128, 129, 2
267, 2, 129, 130, 2
267, 2, 129, 130, 2
267, 2, 130, 131, 2
267, 2, 130, 131, 2
267, 2, 131, 132, 2
267, 2, 131, 132, 2
267, 2, 132, 133, 2
267, 2, 132, 133, 2
267, 2, 133, 135, 2
267, 2, 133, 135, 2
267, 2, 134, 145, 2
267, 2, 134, 145, 2
267, 2, 135, 136, 2
267, 2, 135, 136, 2
267, 2, 136, 137, 2
267, 2, 136, 137, 2
267, 2, 137, 138, 2
267, 2, 137, 138, 2
267, 2, 138, 139, 2
267, 2, 138, 139, 2
267, 2, 139, 140, 2
267, 2, 139, 140, 2
267, 2, 140, 141, 2
267, 2, 140, 141, 2
267, 2, 141, 142, 2
267, 2, 141, 142, 2
267, 2, 142, 143, 2
267, 2, 142, 143, 2
267, 2, 143, 144, 2
267, 2, 143, 144, 2
267, 2, 144, 146, 2
267, 2, 144, 146, 2
267, 2, 145, 156, 2
267, 2, 145, 156, 2
267, 2, 146, 147, 2
267, 2, 146, 147, 2
267, 2, 147, 148, 2
267, 2, 147, 148, 2
267, 2, 148, 149, 2
267, 2, 148, 149, 2
267, 2, 149, 150, 2
267, 2, 149, 150, 2
267, 2, 150, 151, 2
267, 2, 150, 151, 2
267, 2, 151, 152, 2
267, 2, 151, 152, 2
267, 2, 152, 153, 2
267, 2, 152, 153, 2
267, 2, 153, 154, 2
267, 2, 153, 154, 2
267, 2, 154, 155, 2
267, 2, 154, 155, 2
267, 2, 155, 157, 2
267, 2, 155, 157, 2
267, 2, 156, 167, 2
267, 2, 156, 167, 2
267, 2, 157, 158, 2
267, 2, 157, 158, 2
267, 2, 158, 159, 2
267, 2, 158, 159, 2
267, 2, 159, 160, 2
267, 2, 159, 160, 2
267, 2, 160, 161, 2
267, 2, 160, 161, 2
267, 2, 161, 162, 2
267, 2, 161, 162, 2
267, 2, 162, 163, 2
267, 2, 162, 163, 2
267, 2, 163, 164, 2
267, 2, 163, 164, 2
267, 2, 164, 165, 2
267, 2, 164, 165, 2
267, 2, 165, 166, 2
267, 2, 165, 166, 2
267, 2, 166, 168, 2
267, 2, 166, 168, 2
267, 2, 167, 178, 2
267, 2, 167, 178, 2
267, 2, 168, 169, 2
267, 2, 168, 169, 2
267, 2, 169, 170, 2
267, 2, 169, 170, 2
267, 2, 170, 171, 2
267, 2, 170, 171, 2
267, 2, 171, 172, 2
267, 2, 171, 172, 2
267, 2, 172, 173, 2
267, 2, 172, 173, 2
267, 2, 173, 174, 2
267, 2, 173, 174, 2
267, 2, 174, 175, 2
267, 2, 174, 175, 2
267, 2, 175, 176, 2
267, 2, 175, 176, 2
267, 2, 176, 177, 2
267, 2, 176, 177, 2
267, 2, 177, 179, 2
267, 2, 177, 179, 2
267, 2, 178, 189, 2
267, 2, 178, 189, 2
267, 2, 179, 180, 2
267, 2, 179, 180, 2
267, 2, 180, 181, 2
267, 2, 180, 181, 2
267, 2, 181, 182, 2
267, 2, 181, 182, 2
267, 2, 182, 183, 2
267, 2, 182, 183, 2
267, 2, 183, 184, 2
267, 2, 183, 184, 2
267, 2, 184, 185, 2
267, 2, 184, 185, 2
267, 2, 185, 186, 2
267, 2, 185, 186, 2
267, 2, 186, 187, 2
267, 2, 186, 187, 2
267, 2, 187, 188, 2
267, 2, 187, 188, 2
267, 2, 188, 190, 2
267, 2, 188, 190, 2
267, 2, 189, 200, 2
267, 2, 189, 200, 2
267, 2, 190, 191, 2
267, 2, 190, 191, 2
267, 2, 191, 192, 2
267, 2, 191, 192, 2
267, 2, 192, 193, 2
267, 2, 192, 193, 2
267, 2, 193, 194, 2
267, 2, 193, 194, 2
267, 2, 194, 195, 2
267, 2, 194, 195, 2
267, 2, 195, 196, 2
267, 2, 195, 196, 2
267, 2, 196, 197, 2
267, 2, 196, 197, 2
267, 2, 197, 198, 2
267, 2, 197, 198, 2
267, 2, 198, 199, 2
267, 2, 198, 199, 2
267, 2, 199, 201, 2
267, 2, 199, 201, 2
267, 2, 200, 211, 2
267, 2, 200, 211, 2
267, 2, 201, 202, 2
267, 2, 201, 202, 2
267, 2, 202, 203, 2
267, 2, 202, 203, 2
267, 2, 203, 204, 2
267, 2, 203, 204, 2
267, 2, 204, 205, 2
267, 2, 204, 205, 2
267, 2, 205, 206, 2
267, 2, 205, 206, 2
267, 2, 206, 207, 2
267, 2, 206, 207, 2
267, 2, 207, 208, 2
267, 2, 207, 208, 2
267, 2, 208, 209, 2
267, 2, 208, 209, 2
267, 2, 209, 210, 2
267, 2, 209, 210, 2
267, 2, 210, 212, 2
267, 2, 210, 212, 2
267, 2, 211, 223, 2
267, 2, 211, 223, 2
267, 2, 212, 213, 2
267, 2, 212, 213, 2
267, 2, 213, 214, 2
267, 2, 213, 214, 2
267, 2, 214, 215, 2
267, 2, 214, 215, 2
267, 2, 215, 216, 2
267, 2, 215, 216, 2
267, 2, 216, 217, 2
267, 2, 216, 217, 2
267, 2, 217, 218, 2
267, 2, 217, 218, 2
267, 2, 218, 219, 2
267, 2, 218, 219, 2
267, 2, 219, 220, 2
267, 2, 219, 220, 2
267, 2, 220, 221, 2
267, 2, 220, 221, 2
267, 2, 221, 224, 2
267, 2, 221, 224, 2
267, 2, 222, 333, 2
267, 2, 222, 333, 2
267, 2, 223, 234, 2
267, 2, 223, 234, 2
267, 2, 224, 225, 2
267, 2, 224, 225, 2
267, 2, 225, 226, 2
267, 2, 225, 226, 2
267, 2, 226, 227, 2
267, 2, 226, 227, 2
267, 2, 227, 228, 2
267, 2, 227, 228, 2
267, 2, 228, 229, 2
267, 2, 228, 229, 2
267, 2, 229, 230, 2
267, 2, 229, 230, 2
267, 2, 230, 231, 2
267, 2, 230, 231, 2
267, 2, 231, 232, 2
267, 2, 231, 232, 2
267, 2, 232, 233, 2
267, 2, 232, 233, 2
267, 2, 233, 235, 2
267, 2, 233, 235, 2
267, 2, 234, 245, 2
267, 2, 234, 245, 2
267, 2, 235, 236, 2
267, 2, 235, 236, 2
267, 2, 236, 237, 2
267, 2, 236, 237, 2
267, 2, 237, 238, 2
267, 2, 237, 238, 2
267, 2, 238, 239, 2
267, 2, 238, 239, 2
267, 2, 239, 240, 2
267, 2, 239, 240, 2
267, 2, 240, 241, 2
267, 2, 240, 241, 2
267, 2, 241, 242, 2
267, 2, 241, 242, 2
267, 2, 242, 243, 2
267, 2, 242, 243, 2
267, 2, 243, 244, 2
267, 2, 243, 244, 2
267, 2, 244, 246, 2
267, 2, 244, 246, 2
267, 2, 245, 256, 2
267, 2, 245, 256, 2
267, 2, 246, 247, 2
267, 2, 246, 247, 2
267, 2, 247, 248, 2
267, 2, 247, 248, 2
267, 2, 248, 249, 2
267, 2, 248, 249, 2
267, 2, 249, 250, 2
267, 2, 249, 250, 2
267, 2, 250, 251, 2
267, 2, 250, 251, 2
267, 2, 251, 252, 2
267, 2, 251, 252, 2
267, 2, 252, 253, 2
267, 2, 252, 253, 2
267, 2, 253, 254, 2
267, 2, 253, 254, 2
267, 2, 254, 255, 2
267, 2, 254, 255, 2
267, 2, 255, 257, 2
267, 2, 255, 257, 2
267, 2, 256, 267, 2
267, 2, 256, 267, 2
267, 2, 257, 258, 2
267, 2, 257, 258, 2
267, 2, 258, 259, 2
267, 2, 258, 259, 2
267, 2, 259, 260, 2
267, 2, 259, 260, 2
267, 2, 260, 261, 2
267, 2, 260, 261, 2
267, 2, 261, 262, 2
267, 2, 261, 262, 2
267, 2, 262, 263, 2
267, 2, 262, 263, 2
267, 2, 263, 264, 2
267, 2, 263, 264, 2
267, 2, 264, 265, 2
267, 2, 264, 265, 2
267, 2, 265, 266, 2
267, 2, 265, 266, 2
267, 2, 266, 268, 2
267, 2, 266, 268, 2
267, 2, 267, 278, 2
267, 2, 267, 278, 2
267, 2, 268, 269, 2
267, 2, 268, 269, 2
267, 2, 269, 270, 2
267, 2, 269, 270, 2
267, 2, 270, 271, 2
267, 2, 270, 271, 2
267, 2, 271, 272, 2
267, 2, 271, 272, 2
267, 2, 272, 273, 2
267, 2, 272, 273, 2
267, 2, 273, 274, 2
267, 2, 273, 274, 2
267, 2, 274, 275, 2
267, 2, 274, 275, 2
267, 2, 275, 276, 2
267, 2, 275, 276, 2
267, 2, 276, 277, 2
267, 2, 276, 277, 2
267, 2, 277, 279, 2
267, 2, 277, 279, 2
267, 2, 278, 289, 2
267, 2, 278, 289, 2
267, 2, 279, 280, 2
267, 2, 279, 280, 2
267, 2, 280, 281, 2
267, 2, 280, 281, 2
267, 2, 281, 282, 2
267, 2, 281, 282, 2
267, 2, 282, 283, 2
267, 2, 282, 283, 2
267, 2, 283, 284, 2
267, 2, 283, 284, 2
267, 2, 284, 285, 2
267, 2, 284, 285, 2
267, 2, 285, 286, 2
267, 2, 285, 286, 2
267, 2, 286, 287, 2
267, 2, 286, 287, 2
267, 2, 287, 288, 2
267, 2, 287, 288, 2
267, 2, 288, 290, 2
267, 2, 288, 290, 2
267, 2, 289, 300, 2
267, 2, 289, 300, 2
267, 2, 290, 291, 2
267, 2, 290, 291, 2
267, 2, 291, 292, 2
267, 2, 291, 292, 2
267, 2, 292, 293, 2
267, 2, 292, 293, 2
267, 2, 293, 294, 2
267, 2, 293, 294, 2
267, 2, 294, 295, 2
267, 2, 294, 295, 2
267, 2, 295, 296, 2
267, 2, 295, 296, 2
267, 2, 296, 297, 2
267, 2, 296, 297, 2
267, 2, 297, 298, 2
267, 2, 297, 298, 2
267, 2, 298, 299, 2
267, 2, 298, 299, 2
267, 2, 299, 301, 2
267, 2, 299, 301, 2
267, 2, 300, 311, 2
267, 2, 300, 311, 2
267, 2, 301, 302, 2
267, 2, 301, 302, 2
267, 2, 302, 303, 2
267, 2, 302, 303, 2
267, 2, 303, 304, 2
267, 2, 303, 304, 2
267, 2, 304, 305, 2
267, 2, 304, 305, 2
267, 2, 305, 306, 2
267, 2, 305, 306, 2
267, 2, 306, 307, 2
267, 2, 306, 307, 2
267, 2, 307, 308, 2
267, 2, 307, 308, 2
267, 2, 308, 309, 2
267, 2, 308, 309, 2
267, 2, 309, 310, 2
267, 2, 309, 310, 2
267, 2, 310, 312, 2
267, 2, 310, 312, 2
267, 2, 311, 322, 2
267, 2, 311, 322, 2
267, 2, 312, 313, 2
267, 2, 312, 313, 2
267, 2, 313, 314, 2
267, 2, 313, 314, 2
267, 2, 314, 315, 2
267, 2, 314, 315, 2
267, 2, 315, 316, 2
267, 2, 315, 316, 2
267, 2, 316, 317, 2
267, 2, 316, 317, 2
267, 2, 317, 318, 2
267, 2, 317, 318, 2
267, 2, 318, 319, 2
267, 2, 318, 319, 2
267, 2, 319, 320, 2
267, 2, 319, 320, 2
267, 2, 320, 321, 2
267, 2, 320, 321, 2
267, 2, 321, 323, 2
267, 2, 321, 323, 2
267, 2, 322, 334, 2
267, 2, 322, 334, 2
267, 2, 323, 324, 2
267, 2, 323, 324, 2
267, 2, 324, 325, 2
267, 2, 324, 325, 2
267, 2, 325, 326, 2
267, 2, 325, 326, 2
267, 2, 326, 327, 2
267, 2, 326, 327, 2
267, 2, 327, 328, 2
267, 2, 327, 328, 2
267, 2, 328, 329, 2
267, 2, 328, 329, 2
267, 2, 329, 330, 2
267, 2, 329, 330, 2
267, 2, 330, 331, 2
267, 2, 330, 331, 2
267, 2, 331, 332, 2
267, 2, 331, 332, 2
267, 2, 332, 335, 2
267, 2, 332, 335, 2
267, 2, 333, 346, 2
267, 2, 333, 346, 2
267, 2, 334, 337, 2
267, 2, 334, 337, 2
267, 2, 335, 336, 2
267, 2, 335, 336, 2
267, 2, 336, 401, 2
267, 2, 336, 401, 2
267, 2, 337, 338, 2
267, 2, 337, 338, 2
267, 2, 338, 339, 2
267, 2, 338, 339, 2
267, 2, 339, 340, 2
267, 2, 339, 340, 2
267, 2, 340, 341, 2
267, 2, 340, 341, 2
267, 2, 341, 342, 2
267, 2, 341, 342, 2
267, 2, 342, 343, 2
267, 2, 342, 343, 2
267, 2, 343, 344, 2
267, 2, 343, 344, 2
267, 2, 344, 345, 2
267, 2, 344, 345, 2
267, 2, 345, 347, 2
267, 2, 345, 347, 2
267, 2, 346, 357, 2
267, 2, 346, 357, 2
267, 2, 347, 348, 2
267, 2, 347, 348, 2
267, 2, 348, 349, 2
267, 2, 348, 349, 2
267, 2, 349, 350, 2
267, 2, 349, 350, 2
267, 2, 350, 351, 2
267, 2, 350, 351, 2
267, 2, 351, 352, 2
267, 2, 351, 352, 2
267, 2, 352, 353, 2
267, 2, 352, 353, 2
267, 2, 353, 354, 2
267, 2, 353, 354, 2
267, 2, 354, 355, 2
267, 2, 354, 355, 2
267, 2, 355, 356, 2
267, 2, 355, 356, 2
267, 2, 356, 358, 2
267, 2, 356, 358, 2
267, 2, 357, 368, 2
267, 2, 357, 368, 2
267, 2, 358, 359, 2
267, 2, 358, 359, 2
267, 2, 359, 360, 2
267, 2, 359, 360, 2
267, 2, 360, 361, 2
267, 2, 360, 361, 2
267, 2, 361, 362, 2
267, 2, 361, 362, 2
267, 2, 362, 363, 2
267, 2, 362, 363, 2
267, 2, 363, 364, 2
267, 2, 363, 364, 2
267, 2, 364, 365, 2
267, 2, 364, 365, 2
267, 2, 365, 366, 2
267, 2, 365, 366, 2
267, 2, 366, 367, 2
267, 2, 366, 367, 2
267, 2, 367, 369, 2
267, 2, 367, 369, 2
267, 2, 368, 379, 2
267, 2, 368, 379, 2
267, 2, 369, 370, 2
267, 2, 369, 370, 2
267, 2, 370, 371, 2
267, 2, 370, 371, 2
267, 2, 371, 372, 2
267, 2, 371, 372, 2
267, 2, 372, 373, 2
267, 2, 372, 373, 2
267, 2, 373, 374, 2
267, 2, 373, 374, 2
267, 2, 374, 375, 2
267, 2, 374, 375, 2
267, 2, 375, 376, 2
267, 2, 375, 376, 2
267, 2, 376, 377, 2
267, 2, 376, 377, 2
267, 2, 377, 378, 2
267, 2, 377, 378, 2
267, 2, 378, 380, 2
267, 2, 378, 380, 2
267, 2, 379, 390, 2
267, 2, 379, 390, 2
267, 2, 380, 381, 2
267, 2, 380, 381, 2
267, 2, 381, 382, 2
267, 2, 381, 382, 2
267, 2, 382, 383, 2
267, 2, 382, 383, 2
267, 2, 383, 384, 2
267, 2, 383, 384, 2
267, 2, 384, 385, 2
267, 2, 384, 385, 2
267, 2, 385, 386, 2
267, 2, 385, 386, 2
267, 2, 386, 387, 2
267, 2, 386, 387, 2
267, 2, 387, 388, 2
267, 2, 387, 388, 2
267, 2, 388, 389, 2
267, 2, 388, 389, 2
267, 2, 389, 391, 2
267, 2, 389, 391, 2
267, 2, 390, 1, 2
267, 2, 390, 1, 2
267, 2, 391, 392, 2
267, 2, 391, 392, 2
267, 2, 392, 393, 2
267, 2, 392, 393, 2
267, 2, 393, 394, 2
267, 2, 393, 394, 2
267, 2, 394, 395, 2
267, 2, 394, 395, 2
267, 2, 395, 396, 2
267, 2, 395, 396, 2
267, 2, 396, 397, 2
267, 2, 396, 397, 2
267, 2, 397, 398, 2
267, 2, 397, 398, 2
267, 2, 398, 399, 2
267, 2, 398, 399, 2
267, 2, 399, 400, 2
267, 2, 399, 400, 2
267, 2, 400, 2, 2
267, 2, 400, 2, 2
268, 4, 1, 0, 2
268, 4, 1, 0, 3
268, 4, 1, 0, 3
268, 4, 1, 0, 3
Goal
1
2
3
4
5
6
7
8
9
10
11
12
13
14
15
16
17
18
19
20
21
22
23
24
25
26
27
28
29
30
31
32
33
34
35
36
37
38
39
40
41
42
43
44
45
46
47
48
49
50
51
52
53
54
55
56
57
58
59
60
61
62
63
64
65
66
67
68
69
70
71
72
73
74
75
76
77
78
79
80
81
82
83
84
85
86
87
88
89
90
91
92
93
94
95
96
97
98
99
100
101
102
103
104
105
106
107
108
109
110
111
112
113
114
115
116
117
118
119
120
121
122
123
124
125
126
127
128
129
130
131
132
133
134
135
136
137
138
139
140
141
142
143
144
145
146
147
148
149
150
151
152
153
154
155
156
157
158
159
160
161
162
163
164
165
166
167
168
169
170
171
172
173
174
175
176
177
178
179
180
181
182
183
184
185
186
187
188
189
190
191
192
193
194
195
196
197
198
199
200
201
202
203
204
205
206
207
208
209
210
211
212
213
214
215
216
217
218
219
220
221
222
223
224
225
226
227
228
229
230
231
232
233
234
235
236
237
238
239
240
241
242
243
244
245
246
247
248
249
250
251
252
253
254
255
256
257
258
259
260
261
262
263
264
265
266
267
268
