CG
269
0, 1, 267, 403
1, 3, 0, 2
1, 3, 222, 1
1, 3, 18, 1
2, 5, 0, 1
2, 5, 3, 1
2, 5, 4, 1
2, 5, 5, 1
2, 5, 6, 1
3, 2, 0, 1
3, 2, 204, 1
4, 2, 0, 1
4, 2, 205, 1
5, 2, 0, 1
5, 2, 206, 1
6, 2, 0, 1
6, 2, 207, 1
7, 4, 0, 1
7, 4, 8, 1
7, 4, 9, 1
7, 4, 10, 1
8, 2, 0, 1
8, 2, 162, 1
9, 2, 0, 1
9, 2, 163, 1
10, 2, 0, 1
10, 2, 164, 1
11, 2, 0, 1
11, 2, 166, 1
12, 4, 0, 1
12, 4, 33, 1
12, 4, 34, 1
12, 4, 35, 1
13, 2, 0, 1
13, 2, 209, 1
14, 4, 0, 1
14, 4, 15, 1
14, 4, 19, 1
14, 4, 16, 1
15, 2, 0, 1
15, 2, 167, 1
16, 2, 0, 1
16, 2, 168, 1
17, 3, 0, 4
17, 3, 195, 4
17, 3, 267, 3
18, 2, 0, 1
18, 2, 1, 1
19, 3, 0, 2
19, 3, 199, 2
19, 3, 267, 1
20, 3, 0, 2
20, 3, 91, 2
20, 3, 267, 1
21, 3, 0, 2
21, 3, 92, 2
21, 3, 267, 1
22, 3, 0, 2
22, 3, 36, 2
22, 3, 267, 1
23, 3, 0, 2
23, 3, 173, 2
23, 3, 267, 1
24, 3, 0, 2
24, 3, 172, 2
24, 3, 267, 1
25, 3, 0, 2
25, 3, 26, 2
25, 3, 267, 1
26, 4, 0, 1
26, 4, 27, 1
26, 4, 28, 1
26, 4, 11, 1
27, 3, 0, 2
27, 3, 201, 2
27, 3, 267, 1
28, 3, 0, 2
28, 3, 202, 2
28, 3, 267, 1
29, 3, 0, 2
29, 3, 37, 2
29, 3, 267, 1
30, 3, 0, 2
30, 3, 38, 2
30, 3, 267, 1
31, 3, 0, 2
31, 3, 210, 2
31, 3, 267, 1
32, 3, 0, 2
32, 3, 211, 2
32, 3, 267, 1
33, 3, 0, 3
33, 3, 215, 3
33, 3, 267, 2
34, 3, 0, 3
34, 3, 39, 3
34, 3, 267, 2
35, 3, 0, 3
35, 3, 93, 3
35, 3, 267, 2
36, 3, 0, 2
36, 3, 238, 2
36, 3, 267, 1
37, 3, 0, 2
37, 3, 169, 2
37, 3, 267, 1
38, 3, 0, 2
38, 3, 170, 2
38, 3, 267, 1
39, 5, 0, 1
39, 5, 40, 1
39, 5, 41, 1
39, 5, 42, 1
39, 5, 13, 1
40, 3, 0, 3
40, 3, 242, 3
40, 3, 267, 2
41, 3, 0, 3
41, 3, 243, 3
41, 3, 267, 2
42, 3, 0, 3
42, 3, 244, 3
42, 3, 267, 2
43, 4, 0, 1
43, 4, 44, 1
43, 4, 31, 1
43, 4, 32, 1
44, 3, 0, 3
44, 3, 212, 3
44, 3, 267, 2
45, 3, 0, 3
45, 3, 102, 3
45, 3, 267, 2
46, 3, 0, 3
46, 3, 47, 3
46, 3, 267, 2
47, 5, 0, 1
47, 5, 62, 1
47, 5, 48, 1
47, 5, 49, 1
47, 5, 50, 1
48, 3, 0, 3
48, 3, 246, 3
48, 3, 267, 2
49, 3, 0, 3
49, 3, 247, 3
49, 3, 267, 2
50, 3, 0, 3
50, 3, 248, 3
50, 3, 267, 2
51, 3, 0, 3
51, 3, 192, 3
51, 3, 267, 2
52, 2, 0, 1
52, 2, 177, 1
53, 5, 0, 1
53, 5, 22, 1
53, 5, 23, 1
53, 5, 24, 1
53, 5, 25, 1
54, 3, 0, 2
54, 3, 172, 1
54, 3, 214, 1
55, 3, 0, 1
55, 3, 29, 1
55, 3, 30, 1
56, 3, 0, 3
56, 3, 174, 3
56, 3, 267, 2
57, 3, 0, 3
57, 3, 175, 3
57, 3, 267, 2
58, 3, 0, 3
58, 3, 219, 3
58, 3, 267, 2
59, 3, 0, 3
59, 3, 251, 3
59, 3, 267, 2
60, 3, 0, 3
60, 3, 220, 3
60, 3, 267, 2
61, 2, 0, 1
61, 2, 266, 1
62, 3, 0, 4
62, 3, 249, 4
62, 3, 267, 3
63, 3, 0, 2
63, 3, 43, 2
63, 3, 267, 1
64, 3, 0, 4
64, 3, 103, 4
64, 3, 267, 3
65, 3, 0, 4
65, 3, 66, 4
65, 3, 267, 3
66, 4, 0, 1
66, 4, 20, 1
66, 4, 46, 1
66, 4, 51, 1
67, 3, 0, 4
67, 3, 68, 4
67, 3, 267, 3
68, 4, 0, 1
68, 4, 69, 1
68, 4, 70, 1
68, 4, 71, 1
69, 3, 0, 4
69, 3, 114, 4
69, 3, 267, 3
70, 3, 0, 4
70, 3, 72, 4
70, 3, 267, 3
71, 3, 0, 4
71, 3, 104, 4
71, 3, 267, 3
72, 3, 0, 1
72, 3, 73, 1
72, 3, 45, 1
73, 3, 0, 4
73, 3, 180, 4
73, 3, 267, 3
74, 3, 0, 4
74, 3, 115, 4
74, 3, 267, 3
75, 3, 0, 4
75, 3, 191, 4
75, 3, 267, 3
76, 3, 0, 5
76, 3, 77, 5
76, 3, 267, 1
77, 3, 0, 2
77, 3, 187, 2
77, 3, 267, 1
78, 3, 0, 4
78, 3, 116, 4
78, 3, 267, 3
79, 3, 0, 4
79, 3, 107, 4
79, 3, 267, 3
80, 3, 0, 4
80, 3, 81, 4
80, 3, 267, 1
81, 3, 0, 2
81, 3, 186, 2
81, 3, 267, 1
82, 4, 0, 3
82, 4, 173, 1
82, 4, 239, 2
82, 4, 267, 1
83, 3, 0, 4
83, 3, 197, 4
83, 3, 267, 3
84, 3, 0, 4
84, 3, 252, 4
84, 3, 267, 3
85, 3, 0, 4
85, 3, 258, 4
85, 3, 267, 3
86, 3, 0, 4
86, 3, 259, 4
86, 3, 267, 3
87, 3, 0, 4
87, 3, 260, 4
87, 3, 267, 3
88, 3, 0, 4
88, 3, 253, 4
88, 3, 267, 3
89, 3, 0, 4
89, 3, 254, 4
89, 3, 267, 3
90, 3, 0, 2
90, 3, 61, 2
90, 3, 267, 1
91, 3, 0, 4
91, 3, 120, 4
91, 3, 267, 3
92, 5, 0, 6
92, 5, 176, 2
92, 5, 53, 2
92, 5, 55, 2
92, 5, 267, 3
93, 3, 0, 3
93, 3, 216, 3
93, 3, 267, 2
94, 3, 0, 5
94, 3, 185, 5
94, 3, 267, 4
95, 3, 0, 4
95, 3, 96, 4
95, 3, 267, 2
96, 3, 0, 2
96, 3, 186, 2
96, 3, 267, 1
97, 3, 0, 1
97, 3, 56, 1
97, 3, 57, 1
98, 5, 0, 1
98, 5, 84, 1
98, 5, 88, 1
98, 5, 89, 1
98, 5, 59, 1
99, 5, 0, 1
99, 5, 85, 1
99, 5, 86, 1
99, 5, 87, 1
99, 5, 100, 1
100, 3, 0, 5
100, 3, 261, 5
100, 3, 267, 4
101, 3, 0, 5
101, 3, 223, 5
101, 3, 267, 4
102, 3, 0, 4
102, 3, 181, 4
102, 3, 267, 3
103, 3, 0, 3
103, 3, 108, 3
103, 3, 267, 2
104, 5, 0, 5
104, 5, 105, 3
104, 5, 2, 1
104, 5, 7, 1
104, 5, 267, 2
105, 3, 0, 5
105, 3, 106, 5
105, 3, 267, 1
106, 3, 0, 4
106, 3, 234, 4
106, 3, 267, 3
107, 3, 0, 3
107, 3, 109, 3
107, 3, 267, 2
108, 3, 0, 4
108, 3, 121, 4
108, 3, 267, 3
109, 3, 0, 4
109, 3, 198, 4
109, 3, 267, 3
110, 3, 0, 2
110, 3, 222, 2
110, 3, 267, 1
111, 3, 0, 6
111, 3, 188, 6
111, 3, 267, 5
112, 3, 0, 2
112, 3, 187, 2
112, 3, 267, 1
113, 4, 0, 3
113, 4, 176, 1
113, 4, 52, 2
113, 4, 267, 1
114, 5, 0, 6
114, 5, 18, 1
114, 5, 183, 2
114, 5, 110, 3
114, 5, 267, 3
115, 3, 0, 4
115, 3, 194, 4
115, 3, 267, 3
116, 4, 0, 5
116, 4, 190, 1
116, 4, 117, 4
116, 4, 267, 3
117, 3, 0, 5
117, 3, 118, 5
117, 3, 267, 2
118, 3, 0, 3
118, 3, 119, 3
118, 3, 267, 2
119, 3, 0, 4
119, 3, 122, 4
119, 3, 267, 3
120, 3, 0, 4
120, 3, 228, 4
120, 3, 267, 3
121, 3, 0, 4
121, 3, 196, 4
121, 3, 267, 3
122, 3, 0, 4
122, 3, 190, 4
122, 3, 267, 3
123, 3, 0, 5
123, 3, 124, 5
123, 3, 267, 2
124, 3, 0, 2
124, 3, 63, 2
124, 3, 267, 1
125, 4, 0, 1
125, 4, 64, 1
125, 4, 21, 1
125, 4, 83, 1
126, 5, 0, 1
126, 5, 65, 1
126, 5, 75, 1
126, 5, 78, 1
126, 5, 79, 1
127, 3, 0, 1
127, 3, 67, 1
127, 3, 74, 1
128, 3, 0, 3
128, 3, 129, 3
128, 3, 267, 2
129, 3, 0, 6
129, 3, 130, 6
129, 3, 267, 2
130, 3, 0, 4
130, 3, 229, 4
130, 3, 267, 3
131, 4, 0, 4
131, 4, 237, 2
131, 4, 177, 2
131, 4, 267, 2
132, 4, 0, 1
132, 4, 58, 1
132, 4, 60, 1
132, 4, 101, 1
133, 3, 0, 3
133, 3, 98, 3
133, 3, 267, 2
134, 3, 0, 3
134, 3, 135, 3
134, 3, 267, 2
135, 3, 0, 3
135, 3, 136, 3
135, 3, 267, 2
136, 3, 0, 3
136, 3, 266, 3
136, 3, 267, 2
137, 3, 0, 4
137, 3, 125, 4
137, 3, 267, 3
138, 3, 0, 4
138, 3, 126, 4
138, 3, 267, 3
139, 3, 0, 4
139, 3, 127, 4
139, 3, 267, 3
140, 4, 0, 3
140, 4, 222, 2
140, 4, 183, 1
140, 4, 267, 1
141, 3, 0, 4
141, 3, 142, 4
141, 3, 267, 3
142, 3, 0, 4
142, 3, 143, 4
142, 3, 267, 3
143, 3, 0, 4
143, 3, 144, 4
143, 3, 267, 3
144, 3, 0, 4
144, 3, 145, 4
144, 3, 267, 3
145, 3, 0, 3
145, 3, 97, 3
145, 3, 267, 2
146, 4, 0, 4
146, 4, 80, 2
146, 4, 95, 2
146, 4, 267, 2
147, 3, 0, 3
147, 3, 99, 3
147, 3, 267, 2
148, 3, 0, 5
148, 3, 149, 5
148, 3, 267, 4
149, 3, 0, 4
149, 3, 195, 4
149, 3, 267, 3
150, 3, 0, 4
150, 3, 230, 4
150, 3, 267, 3
151, 4, 0, 5
151, 4, 76, 2
151, 4, 112, 3
151, 4, 267, 3
152, 3, 0, 4
152, 3, 146, 4
152, 3, 267, 3
153, 3, 0, 1
153, 3, 111, 1
153, 3, 94, 1
154, 4, 0, 6
154, 4, 191, 2
154, 4, 262, 4
154, 4, 267, 4
155, 4, 0, 6
155, 4, 192, 2
155, 4, 150, 4
155, 4, 267, 4
156, 4, 0, 5
156, 4, 194, 1
156, 4, 184, 4
156, 4, 267, 3
157, 6, 0, 8
157, 6, 123, 3
157, 6, 12, 1
157, 6, 134, 3
157, 6, 14, 1
157, 6, 267, 4
158, 4, 0, 7
158, 4, 137, 3
158, 4, 132, 4
158, 4, 267, 5
159, 4, 0, 7
159, 4, 196, 3
159, 4, 232, 4
159, 4, 267, 5
160, 4, 0, 7
160, 4, 197, 4
160, 4, 141, 3
160, 4, 267, 5
161, 4, 0, 9
161, 4, 198, 5
161, 4, 152, 4
161, 4, 267, 7
162, 4, 0, 1
162, 4, 163, 1
162, 4, 164, 1
162, 4, 165, 1
163, 4, 0, 1
163, 4, 162, 1
163, 4, 164, 1
163, 4, 165, 1
164, 4, 0, 1
164, 4, 162, 1
164, 4, 163, 1
164, 4, 165, 1
165, 2, 0, 1
165, 2, 234, 1
166, 4, 0, 1
166, 4, 201, 1
166, 4, 202, 1
166, 4, 203, 1
167, 4, 0, 1
167, 4, 199, 1
167, 4, 168, 1
167, 4, 200, 1
168, 4, 0, 1
168, 4, 167, 1
168, 4, 199, 1
168, 4, 200, 1
169, 3, 0, 1
169, 3, 170, 1
169, 3, 171, 1
170, 3, 0, 1
170, 3, 169, 1
170, 3, 171, 1
171, 3, 0, 2
171, 3, 237, 2
171, 3, 267, 1
172, 3, 0, 2
172, 3, 54, 2
172, 3, 267, 1
173, 3, 0, 2
173, 3, 82, 2
173, 3, 267, 1
174, 3, 0, 1
174, 3, 175, 1
174, 3, 178, 1
175, 3, 0, 1
175, 3, 174, 1
175, 3, 178, 1
176, 3, 0, 3
176, 3, 113, 3
176, 3, 267, 2
177, 3, 0, 3
177, 3, 131, 3
177, 3, 267, 2
178, 3, 0, 4
178, 3, 233, 4
178, 3, 267, 3
179, 3, 0, 3
179, 3, 268, 3
179, 3, 267, 2
180, 3, 0, 1
180, 3, 181, 1
180, 3, 182, 1
181, 3, 0, 1
181, 3, 180, 1
181, 3, 182, 1
182, 3, 0, 4
182, 3, 225, 4
182, 3, 267, 3
183, 3, 0, 4
183, 3, 140, 4
183, 3, 267, 3
184, 3, 0, 1
184, 3, 193, 1
184, 3, 179, 1
185, 3, 0, 1
185, 3, 188, 1
185, 3, 189, 1
186, 3, 0, 4
186, 3, 265, 4
186, 3, 267, 3
187, 3, 0, 4
187, 3, 154, 4
187, 3, 267, 3
188, 3, 0, 1
188, 3, 185, 1
188, 3, 189, 1
189, 3, 0, 6
189, 3, 156, 6
189, 3, 267, 5
190, 3, 0, 4
190, 3, 264, 4
190, 3, 267, 3
191, 3, 0, 4
191, 3, 151, 4
191, 3, 267, 3
192, 3, 0, 5
192, 3, 155, 5
192, 3, 267, 4
193, 3, 0, 1
193, 3, 184, 1
193, 3, 179, 1
194, 3, 0, 6
194, 3, 153, 6
194, 3, 267, 5
195, 3, 0, 6
195, 3, 157, 6
195, 3, 267, 5
196, 3, 0, 7
196, 3, 159, 7
196, 3, 267, 6
197, 3, 0, 7
197, 3, 160, 7
197, 3, 267, 6
198, 3, 0, 7
198, 3, 161, 7
198, 3, 267, 6
199, 4, 0, 1
199, 4, 167, 1
199, 4, 168, 1
199, 4, 200, 1
200, 3, 0, 2
200, 3, 90, 2
200, 3, 267, 1
201, 4, 0, 1
201, 4, 202, 1
201, 4, 166, 1
201, 4, 203, 1
202, 4, 0, 1
202, 4, 201, 1
202, 4, 166, 1
202, 4, 203, 1
203, 3, 0, 2
203, 3, 240, 2
203, 3, 267, 1
204, 5, 0, 1
204, 5, 205, 1
204, 5, 206, 1
204, 5, 207, 1
204, 5, 208, 1
205, 5, 0, 1
205, 5, 204, 1
205, 5, 206, 1
205, 5, 207, 1
205, 5, 208, 1
206, 5, 0, 1
206, 5, 204, 1
206, 5, 205, 1
206, 5, 207, 1
206, 5, 208, 1
207, 5, 0, 1
207, 5, 204, 1
207, 5, 205, 1
207, 5, 206, 1
207, 5, 208, 1
208, 2, 0, 1
208, 2, 234, 1
209, 5, 0, 1
209, 5, 242, 1
209, 5, 243, 1
209, 5, 244, 1
209, 5, 245, 1
210, 4, 0, 1
210, 4, 212, 1
210, 4, 211, 1
210, 4, 213, 1
211, 4, 0, 1
211, 4, 212, 1
211, 4, 210, 1
211, 4, 213, 1
212, 4, 0, 1
212, 4, 210, 1
212, 4, 211, 1
212, 4, 213, 1
213, 3, 0, 3
213, 3, 266, 3
213, 3, 267, 2
214, 5, 0, 1
214, 5, 238, 1
214, 5, 239, 1
214, 5, 240, 1
214, 5, 241, 1
215, 4, 0, 1
215, 4, 217, 1
215, 4, 216, 1
215, 4, 218, 1
216, 4, 0, 1
216, 4, 215, 1
216, 4, 217, 1
216, 4, 218, 1
217, 4, 0, 1
217, 4, 215, 1
217, 4, 216, 1
217, 4, 218, 1
218, 3, 0, 3
218, 3, 266, 3
218, 3, 267, 2
219, 4, 0, 1
219, 4, 220, 1
219, 4, 223, 1
219, 4, 221, 1
220, 4, 0, 1
220, 4, 219, 1
220, 4, 223, 1
220, 4, 221, 1
221, 3, 0, 3
221, 3, 133, 3
221, 3, 267, 2
222, 3, 0, 3
222, 3, 224, 3
222, 3, 267, 2
223, 4, 0, 1
223, 4, 219, 1
223, 4, 220, 1
223, 4, 221, 1
224, 4, 0, 1
224, 4, 225, 1
224, 4, 235, 1
224, 4, 226, 1
225, 4, 0, 1
225, 4, 224, 1
225, 4, 235, 1
225, 4, 226, 1
226, 3, 0, 4
226, 3, 193, 4
226, 3, 267, 3
227, 3, 0, 3
227, 3, 138, 3
227, 3, 267, 2
228, 4, 0, 1
228, 4, 229, 1
228, 4, 230, 1
228, 4, 231, 1
229, 4, 0, 1
229, 4, 228, 1
229, 4, 230, 1
229, 4, 231, 1
230, 4, 0, 1
230, 4, 228, 1
230, 4, 229, 1
230, 4, 231, 1
231, 3, 0, 4
231, 3, 263, 4
231, 3, 267, 3
232, 4, 0, 1
232, 4, 236, 1
232, 4, 227, 1
232, 4, 233, 1
233, 4, 0, 1
233, 4, 232, 1
233, 4, 236, 1
233, 4, 227, 1
234, 3, 0, 4
234, 3, 235, 4
234, 3, 267, 3
235, 4, 0, 1
235, 4, 224, 1
235, 4, 225, 1
235, 4, 226, 1
236, 4, 0, 1
236, 4, 232, 1
236, 4, 227, 1
236, 4, 233, 1
237, 3, 0, 4
237, 3, 236, 4
237, 3, 267, 3
238, 5, 0, 1
238, 5, 239, 1
238, 5, 214, 1
238, 5, 240, 1
238, 5, 241, 1
239, 5, 0, 1
239, 5, 238, 1
239, 5, 214, 1
239, 5, 240, 1
239, 5, 241, 1
240, 5, 0, 1
240, 5, 238, 1
240, 5, 239, 1
240, 5, 214, 1
240, 5, 241, 1
241, 3, 0, 2
241, 3, 237, 2
241, 3, 267, 1
242, 5, 0, 1
242, 5, 243, 1
242, 5, 244, 1
242, 5, 209, 1
242, 5, 245, 1
243, 5, 0, 1
243, 5, 242, 1
243, 5, 244, 1
243, 5, 209, 1
243, 5, 245, 1
244, 5, 0, 1
244, 5, 242, 1
244, 5, 243, 1
244, 5, 209, 1
244, 5, 245, 1
245, 3, 0, 2
245, 3, 217, 2
245, 3, 267, 1
246, 5, 0, 1
246, 5, 249, 1
246, 5, 247, 1
246, 5, 248, 1
246, 5, 250, 1
247, 5, 0, 1
247, 5, 249, 1
247, 5, 246, 1
247, 5, 248, 1
247, 5, 250, 1
248, 5, 0, 1
248, 5, 249, 1
248, 5, 246, 1
248, 5, 247, 1
248, 5, 250, 1
249, 5, 0, 1
249, 5, 246, 1
249, 5, 247, 1
249, 5, 248, 1
249, 5, 250, 1
250, 3, 0, 3
250, 3, 128, 3
250, 3, 267, 2
251, 5, 0, 1
251, 5, 252, 1
251, 5, 253, 1
251, 5, 254, 1
251, 5, 255, 1
252, 5, 0, 1
252, 5, 253, 1
252, 5, 254, 1
252, 5, 251, 1
252, 5, 255, 1
253, 5, 0, 1
253, 5, 252, 1
253, 5, 254, 1
253, 5, 251, 1
253, 5, 255, 1
254, 5, 0, 1
254, 5, 252, 1
254, 5, 253, 1
254, 5, 251, 1
254, 5, 255, 1
255, 3, 0, 4
255, 3, 147, 4
255, 3, 267, 3
256, 3, 0, 3
256, 3, 139, 3
256, 3, 267, 2
257, 3, 0, 3
257, 3, 148, 3
257, 3, 267, 2
258, 5, 0, 1
258, 5, 259, 1
258, 5, 260, 1
258, 5, 261, 1
258, 5, 257, 1
259, 5, 0, 1
259, 5, 258, 1
259, 5, 260, 1
259, 5, 261, 1
259, 5, 257, 1
260, 5, 0, 1
260, 5, 258, 1
260, 5, 259, 1
260, 5, 261, 1
260, 5, 257, 1
261, 5, 0, 1
261, 5, 258, 1
261, 5, 259, 1
261, 5, 260, 1
261, 5, 257, 1
262, 5, 0, 1
262, 5, 263, 1
262, 5, 264, 1
262, 5, 265, 1
262, 5, 256, 1
263, 5, 0, 1
263, 5, 262, 1
263, 5, 264, 1
263, 5, 265, 1
263, 5, 256, 1
264, 5, 0, 1
264, 5, 263, 1
264, 5, 262, 1
264, 5, 265, 1
264, 5, 256, 1
265, 5, 0, 1
265, 5, 263, 1
265, 5, 262, 1
265, 5, 264, 1
265, 5, 256, 1
266, 3, 0, 7
266, 3, 158, 7
266, 3, 267, 6
267, 237, 0, 403
267, 237, 17, 3
267, 237, 268, 2
267, 237, 104, 5
267, 237, 234, 6
267, 237, 92, 4
267, 237, 237, 6
267, 237, 105, 3
267, 237, 106, 4
267, 237, 176, 3
267, 237, 113, 3
267, 237, 198, 13
267, 237, 161, 13
267, 237, 177, 3
267, 237, 131, 4
267, 237, 129, 4
267, 237, 130, 5
267, 237, 146, 5
267, 237, 186, 5
267, 237, 80, 2
267, 237, 195, 11
267, 237, 81, 2
267, 237, 158, 11
267, 237, 157, 9
267, 237, 266, 12
267, 237, 192, 7
267, 237, 155, 8
267, 237, 173, 2
267, 237, 82, 2
267, 237, 95, 3
267, 237, 96, 3
267, 237, 172, 2
267, 237, 54, 1
267, 237, 191, 7
267, 237, 154, 7
267, 237, 151, 6
267, 237, 187, 5
267, 237, 194, 8
267, 237, 156, 8
267, 237, 123, 4
267, 237, 76, 2
267, 237, 124, 3
267, 237, 77, 2
267, 237, 114, 6
267, 237, 222, 4
267, 237, 197, 12
267, 237, 160, 11
267, 237, 183, 4
267, 237, 140, 4
267, 237, 116, 6
267, 237, 190, 6
267, 237, 117, 5
267, 237, 118, 4
267, 237, 196, 11
267, 237, 159, 11
267, 237, 121, 6
267, 237, 103, 5
267, 237, 64, 3
267, 237, 232, 3
267, 237, 52, 1
267, 237, 36, 2
267, 237, 22, 1
267, 237, 238, 1
267, 237, 23, 1
267, 237, 239, 1
267, 237, 24, 1
267, 237, 27, 1
267, 237, 201, 1
267, 237, 28, 1
267, 237, 202, 1
267, 237, 26, 1
267, 237, 203, 1
267, 237, 25, 1
267, 237, 240, 1
267, 237, 53, 1
267, 237, 241, 1
267, 237, 37, 2
267, 237, 29, 1
267, 237, 169, 1
267, 237, 38, 2
267, 237, 30, 1
267, 237, 170, 1
267, 237, 55, 1
267, 237, 171, 1
267, 237, 21, 1
267, 237, 236, 3
267, 237, 125, 3
267, 237, 227, 2
267, 237, 137, 5
267, 237, 120, 6
267, 237, 91, 4
267, 237, 20, 1
267, 237, 228, 3
267, 237, 62, 3
267, 237, 249, 3
267, 237, 48, 2
267, 237, 246, 2
267, 237, 49, 2
267, 237, 247, 2
267, 237, 50, 2
267, 237, 248, 2
267, 237, 47, 2
267, 237, 250, 2
267, 237, 128, 4
267, 237, 46, 2
267, 237, 229, 3
267, 237, 150, 6
267, 237, 51, 2
267, 237, 230, 3
267, 237, 66, 3
267, 237, 231, 3
267, 237, 65, 3
267, 237, 263, 3
267, 237, 112, 3
267, 237, 75, 3
267, 237, 262, 3
267, 237, 122, 6
267, 237, 119, 5
267, 237, 78, 3
267, 237, 264, 3
267, 237, 107, 5
267, 237, 109, 5
267, 237, 152, 6
267, 237, 79, 3
267, 237, 265, 3
267, 237, 126, 3
267, 237, 256, 2
267, 237, 110, 3
267, 237, 69, 3
267, 237, 224, 2
267, 237, 73, 3
267, 237, 180, 3
267, 237, 102, 5
267, 237, 45, 2
267, 237, 181, 3
267, 237, 72, 3
267, 237, 182, 3
267, 237, 70, 3
267, 237, 225, 3
267, 237, 71, 3
267, 237, 235, 3
267, 237, 68, 3
267, 237, 226, 3
267, 237, 67, 3
267, 237, 193, 3
267, 237, 111, 5
267, 237, 188, 5
267, 237, 94, 4
267, 237, 185, 4
267, 237, 153, 5
267, 237, 189, 5
267, 237, 115, 6
267, 237, 74, 3
267, 237, 184, 3
267, 237, 127, 3
267, 237, 179, 2
267, 237, 139, 5
267, 237, 138, 5
267, 237, 33, 2
267, 237, 215, 2
267, 237, 40, 2
267, 237, 242, 2
267, 237, 41, 2
267, 237, 243, 2
267, 237, 42, 2
267, 237, 244, 2
267, 237, 39, 2
267, 237, 245, 1
267, 237, 34, 2
267, 237, 217, 1
267, 237, 93, 4
267, 237, 35, 2
267, 237, 216, 2
267, 237, 218, 2
267, 237, 44, 2
267, 237, 212, 2
267, 237, 31, 1
267, 237, 210, 1
267, 237, 32, 1
267, 237, 211, 1
267, 237, 43, 1
267, 237, 213, 2
267, 237, 63, 2
267, 237, 134, 4
267, 237, 136, 4
267, 237, 135, 4
267, 237, 19, 1
267, 237, 199, 1
267, 237, 200, 1
267, 237, 61, 1
267, 237, 90, 2
267, 237, 58, 2
267, 237, 219, 2
267, 237, 60, 2
267, 237, 220, 2
267, 237, 101, 4
267, 237, 223, 4
267, 237, 132, 3
267, 237, 221, 2
267, 237, 84, 3
267, 237, 252, 3
267, 237, 88, 3
267, 237, 253, 3
267, 237, 89, 3
267, 237, 254, 3
267, 237, 59, 2
267, 237, 251, 2
267, 237, 98, 2
267, 237, 255, 3
267, 237, 133, 4
267, 237, 85, 3
267, 237, 258, 3
267, 237, 86, 3
267, 237, 259, 3
267, 237, 87, 3
267, 237, 260, 3
267, 237, 100, 4
267, 237, 261, 4
267, 237, 99, 2
267, 237, 257, 2
267, 237, 149, 7
267, 237, 148, 6
267, 237, 147, 5
267, 237, 142, 6
267, 237, 141, 5
267, 237, 144, 6
267, 237, 56, 2
267, 237, 174, 2
267, 237, 57, 2
267, 237, 175, 2
267, 237, 97, 2
267, 237, 178, 3
267, 237, 145, 5
267, 237, 143, 6
267, 237, 83, 3
267, 237, 233, 3
267, 237, 108, 5
DTG
0, 222, 0, 1, 2
0, 222, 0, 1, 2
0, 222, 0, 1, 2
0, 222, 0, 1, 2
0, 222, 0, 1, 2
0, 222, 0, 1, 2
0, 222, 0, 1, 2
0, 222, 0, 1, 2
0, 222, 0, 1, 2
0, 222, 0, 1, 2
0, 222, 0, 1, 2
0, 222, 0, 1, 2
0, 222, 0, 1, 2
0, 222, 0, 1, 2
0, 222, 0, 1, 2
0, 222, 0, 1, 2
0, 222, 0, 1, 2
0, 222, 0, 1, 2
0, 222, 0, 1, 2
0, 222, 0, 1, 2
0, 222, 0, 1, 2
0, 222, 0, 1, 2
0, 222, 0, 1, 2
0, 222, 0, 1, 2
0, 222, 0, 1, 2
0, 222, 0, 1, 2
0, 222, 0, 1, 2
0, 222, 0, 1, 2
0, 222, 0, 1, 2
0, 222, 0, 1, 2
0, 222, 0, 1, 2
0, 222, 0, 1, 2
0, 222, 0, 1, 2
0, 222, 0, 1, 2
0, 222, 0, 1, 2
0, 222, 0, 1, 2
0, 222, 0, 1, 2
0, 222, 0, 1, 2
0, 222, 0, 1, 2
0, 222, 0, 1, 2
0, 222, 0, 1, 2
0, 222, 0, 1, 2
0, 222, 0, 1, 2
0, 222, 0, 1, 2
0, 222, 0, 1, 2
0, 222, 0, 1, 2
0, 222, 0, 1, 2
0, 222, 0, 1, 2
0, 222, 0, 1, 2
0, 222, 0, 1, 2
0, 222, 0, 1, 2
0, 222, 0, 1, 2
0, 222, 0, 1, 2
0, 222, 0, 1, 2
0, 222, 0, 1, 2
0, 222, 0, 1, 2
0, 222, 0, 1, 2
0, 222, 0, 1, 2
0, 222, 0, 1, 2
0, 222, 0, 1, 2
0, 222, 0, 1, 2
0, 222, 0, 1, 2
0, 222, 0, 1, 2
0, 222, 0, 1, 2
0, 222, 0, 1, 2
0, 222, 0, 1, 2
0, 222, 0, 1, 2
0, 222, 0, 1, 2
0, 222, 0, 1, 2
0, 222, 0, 1, 2
0, 222, 0, 1, 2
0, 222, 0, 1, 2
0, 222, 0, 1, 2
0, 222, 0, 1, 2
0, 222, 0, 1, 2
0, 222, 0, 1, 2
0, 222, 0, 1, 2
0, 222, 0, 1, 2
0, 222, 0, 1, 2
0, 222, 0, 1, 2
0, 222, 0, 1, 2
0, 222, 0, 1, 2
0, 222, 0, 1, 2
0, 222, 0, 1, 2
0, 222, 0, 1, 2
0, 222, 0, 1, 2
0, 222, 0, 1, 2
0, 222, 0, 1, 2
0, 222, 0, 1, 2
0, 222, 0, 1, 2
0, 222, 0, 1, 2
0, 222, 0, 1, 2
0, 222, 0, 1, 2
0, 222, 0, 1, 2
0, 222, 0, 1, 2
0, 222, 0, 1, 2
0, 222, 0, 1, 2
0, 222, 0, 1, 2
0, 222, 0, 1, 2
0, 222, 0, 1, 2
0, 222, 0, 1, 2
0, 222, 0, 1, 2
0, 222, 0, 1, 2
0, 222, 0, 1, 2
0, 222, 0, 1, 2
0, 222, 0, 1, 2
0, 222, 0, 1, 2
0, 222, 0, 1, 2
0, 222, 0, 1, 2
0, 222, 0, 1, 2
0, 222, 0, 1, 2
0, 222, 0, 1, 2
0, 222, 0, 1, 2
0, 222, 0, 1, 2
0, 222, 0, 1, 2
0, 222, 0, 1, 2
0, 222, 0, 1, 2
0, 222, 0, 1, 2
0, 222, 0, 1, 2
0, 222, 0, 1, 2
0, 222, 0, 1, 2
0, 222, 0, 1, 2
0, 222, 0, 1, 2
0, 222, 0, 1, 2
0, 222, 0, 1, 2
0, 222, 0, 1, 2
0, 222, 0, 1, 2
0, 222, 0, 1, 2
0, 222, 0, 1, 2
0, 222, 0, 1, 2
0, 222, 0, 1, 2
0, 222, 0, 1, 2
0, 222, 0, 1, 2
0, 222, 0, 1, 2
0, 222, 0, 1, 2
0, 222, 0, 1, 2
0, 222, 0, 1, 2
0, 222, 0, 1, 2
0, 222, 0, 1, 2
0, 222, 0, 1, 2
0, 222, 0, 1, 2
0, 222, 0, 1, 2
0, 222, 0, 1, 2
0, 222, 0, 1, 2
0, 222, 0, 1, 2
0, 222, 0, 1, 2
0, 222, 0, 1, 2
0, 222, 0, 1, 2
0, 222, 0, 1, 2
0, 222, 0, 1, 2
0, 222, 0, 1, 2
0, 222, 0, 1, 2
0, 222, 0, 1, 2
0, 222, 0, 1, 2
0, 222, 0, 1, 2
0, 222, 0, 1, 2
0, 222, 0, 1, 2
0, 222, 0, 1, 2
0, 222, 0, 1, 2
0, 222, 0, 1, 2
0, 222, 0, 1, 2
0, 222, 0, 1, 2
0, 222, 0, 1, 2
0, 222, 0, 1, 2
0, 222, 0, 1, 2
0, 222, 0, 1, 2
0, 222, 0, 1, 2
0, 222, 0, 1, 2
0, 222, 0, 1, 2
0, 222, 0, 1, 2
0, 222, 0, 1, 2
0, 222, 0, 1, 2
0, 222, 0, 1, 2
0, 222, 0, 1, 2
0, 222, 0, 1, 2
0, 222, 0, 1, 2
0, 222, 0, 1, 2
0, 222, 0, 1, 2
0, 222, 0, 1, 2
0, 222, 0, 1, 2
0, 222, 0, 1, 2
0, 222, 0, 1, 2
0, 222, 0, 1, 2
0, 222, 0, 1, 2
0, 222, 0, 1, 2
0, 222, 0, 1, 2
0, 222, 0, 1, 2
0, 222, 0, 1, 2
0, 222, 0, 1, 2
0, 222, 0, 1, 2
0, 222, 0, 1, 2
0, 222, 0, 1, 2
0, 222, 0, 1, 2
0, 222, 0, 1, 2
0, 222, 0, 1, 2
0, 222, 0, 1, 2
0, 222, 0, 1, 2
0, 222, 0, 1, 2
0, 222, 0, 1, 2
0, 222, 0, 1, 2
0, 222, 0, 1, 2
0, 222, 0, 1, 3
0, 222, 0, 1, 3
0, 222, 0, 1, 3
0, 222, 0, 1, 3
0, 222, 0, 1, 3
0, 222, 0, 1, 4
0, 222, 0, 1, 4
0, 222, 0, 1, 4
0, 222, 0, 1, 4
0, 222, 0, 1, 4
0, 222, 0, 1, 4
0, 222, 0, 1, 4
0, 222, 0, 1, 4
0, 222, 0, 1, 4
0, 222, 0, 1, 5
0, 222, 0, 1, 5
0, 222, 0, 1, 5
0, 222, 0, 1, 5
0, 222, 0, 1, 5
0, 222, 0, 1, 5
0, 222, 0, 1, 5
0, 403, 1, 0, 3
0, 403, 1, 0, 3
0, 403, 1, 0, 3
0, 403, 1, 0, 3
0, 403, 1, 0, 3
0, 403, 1, 0, 3
0, 403, 1, 0, 3
0, 403, 1, 0, 3
0, 403, 1, 0, 3
0, 403, 1, 0, 3
0, 403, 1, 0, 3
0, 403, 1, 0, 3
0, 403, 1, 0, 3
0, 403, 1, 0, 3
0, 403, 1, 0, 3
0, 403, 1, 0, 3
0, 403, 1, 0, 3
0, 403, 1, 0, 3
0, 403, 1, 0, 3
0, 403, 1, 0, 3
0, 403, 1, 0, 3
0, 403, 1, 0, 3
0, 403, 1, 0, 3
0, 403, 1, 0, 3
0, 403, 1, 0, 3
0, 403, 1, 0, 3
0, 403, 1, 0, 3
0, 403, 1, 0, 3
0, 403, 1, 0, 3
0, 403, 1, 0, 3
0, 403, 1, 0, 3
0, 403, 1, 0, 3
0, 403, 1, 0, 3
0, 403, 1, 0, 3
0, 403, 1, 0, 3
0, 403, 1, 0, 3
0, 403, 1, 0, 3
0, 403, 1, 0, 3
0, 403, 1, 0, 3
0, 403, 1, 0, 3
0, 403, 1, 0, 3
0, 403, 1, 0, 3
0, 403, 1, 0, 3
0, 403, 1, 0, 3
0, 403, 1, 0, 3
0, 403, 1, 0, 3
0, 403, 1, 0, 3
0, 403, 1, 0, 3
0, 403, 1, 0, 3
0, 403, 1, 0, 3
0, 403, 1, 0, 3
0, 403, 1, 0, 3
0, 403, 1, 0, 3
0, 403, 1, 0, 3
0, 403, 1, 0, 3
0, 403, 1, 0, 3
0, 403, 1, 0, 3
0, 403, 1, 0, 3
0, 403, 1, 0, 3
0, 403, 1, 0, 3
0, 403, 1, 0, 3
0, 403, 1, 0, 3
0, 403, 1, 0, 3
0, 403, 1, 0, 3
0, 403, 1, 0, 3
0, 403, 1, 0, 3
0, 403, 1, 0, 3
0, 403, 1, 0, 3
0, 403, 1, 0, 3
0, 403, 1, 0, 3
0, 403, 1, 0, 3
0, 403, 1, 0, 3
0, 403, 1, 0, 3
0, 403, 1, 0, 3
0, 403, 1, 0, 3
0, 403, 1, 0, 3
0, 403, 1, 0, 3
0, 403, 1, 0, 3
0, 403, 1, 0, 3
0, 403, 1, 0, 3
0, 403, 1, 0, 3
0, 403, 1, 0, 3
0, 403, 1, 0, 3
0, 403, 1, 0, 3
0, 403, 1, 0, 3
0, 403, 1, 0, 3
0, 403, 1, 0, 3
0, 403, 1, 0, 3
0, 403, 1, 0, 3
0, 403, 1, 0, 3
0, 403, 1, 0, 3
0, 403, 1, 0, 3
0, 403, 1, 0, 3
0, 403, 1, 0, 3
0, 403, 1, 0, 3
0, 403, 1, 0, 3
0, 403, 1, 0, 3
0, 403, 1, 0, 3
0, 403, 1, 0, 3
0, 403, 1, 0, 3
0, 403, 1, 0, 3
0, 403, 1, 0, 3
0, 403, 1, 0, 3
0, 403, 1, 0, 3
0, 403, 1, 0, 3
0, 403, 1, 0, 3
0, 403, 1, 0, 3
0, 403, 1, 0, 3
0, 403, 1, 0, 3
0, 403, 1, 0, 3
0, 403, 1, 0, 3
0, 403, 1, 0, 3
0, 403, 1, 0, 3
0, 403, 1, 0, 3
0, 403, 1, 0, 3
0, 403, 1, 0, 3
0, 403, 1, 0, 3
0, 403, 1, 0, 3
0, 403, 1, 0, 3
0, 403, 1, 0, 3
0, 403, 1, 0, 3
0, 403, 1, 0, 3
0, 403, 1, 0, 3
0, 403, 1, 0, 3
0, 403, 1, 0, 3
0, 403, 1, 0, 3
0, 403, 1, 0, 3
0, 403, 1, 0, 3
0, 403, 1, 0, 3
0, 403, 1, 0, 3
0, 403, 1, 0, 3
0, 403, 1, 0, 3
0, 403, 1, 0, 3
0, 403, 1, 0, 3
0, 403, 1, 0, 3
0, 403, 1, 0, 3
0, 403, 1, 0, 3
0, 403, 1, 0, 3
0, 403, 1, 0, 3
0, 403, 1, 0, 3
0, 403, 1, 0, 3
0, 403, 1, 0, 3
0, 403, 1, 0, 3
0, 403, 1, 0, 3
0, 403, 1, 0, 3
0, 403, 1, 0, 3
0, 403, 1, 0, 3
0, 403, 1, 0, 3
0, 403, 1, 0, 3
0, 403, 1, 0, 3
0, 403, 1, 0, 3
0, 403, 1, 0, 3
0, 403, 1, 0, 3
0, 403, 1, 0, 3
0, 403, 1, 0, 3
0, 403, 1, 0, 3
0, 403, 1, 0, 3
0, 403, 1, 0, 3
0, 403, 1, 0, 3
0, 403, 1, 0, 3
0, 403, 1, 0, 3
0, 403, 1, 0, 3
0, 403, 1, 0, 3
0, 403, 1, 0, 3
0, 403, 1, 0, 3
0, 403, 1, 0, 3
0, 403, 1, 0, 3
0, 403, 1, 0, 3
0, 403, 1, 0, 3
0, 403, 1, 0, 3
0, 403, 1, 0, 3
0, 403, 1, 0, 3
0, 403, 1, 0, 3
0, 403, 1, 0, 3
0, 403, 1, 0, 3
0, 403, 1, 0, 3
0, 403, 1, 0, 3
0, 403, 1, 0, 3
0, 403, 1, 0, 3
0, 403, 1, 0, 3
0, 403, 1, 0, 3
0, 403, 1, 0, 3
0, 403, 1, 0, 3
0, 403, 1, 0, 3
0, 403, 1, 0, 3
0, 403, 1, 0, 3
0, 403, 1, 0, 3
0, 403, 1, 0, 3
0, 403, 1, 0, 3
0, 403, 1, 0, 3
0, 403, 1, 0, 3
0, 403, 1, 0, 3
0, 403, 1, 0, 3
0, 403, 1, 0, 3
0, 403, 1, 0, 3
0, 403, 1, 0, 3
0, 403, 1, 0, 3
0, 403, 1, 0, 3
0, 403, 1, 0, 3
0, 403, 1, 0, 3
0, 403, 1, 0, 3
0, 403, 1, 0, 3
0, 403, 1, 0, 3
0, 403, 1, 0, 3
0, 403, 1, 0, 3
0, 403, 1, 0, 3
0, 403, 1, 0, 3
0, 403, 1, 0, 3
0, 403, 1, 0, 3
0, 403, 1, 0, 3
0, 403, 1, 0, 3
0, 403, 1, 0, 3
0, 403, 1, 0, 3
0, 403, 1, 0, 3
0, 403, 1, 0, 3
0, 403, 1, 0, 3
0, 403, 1, 0, 3
0, 403, 1, 0, 3
0, 403, 1, 0, 3
0, 403, 1, 0, 3
0, 403, 1, 0, 3
0, 403, 1, 0, 3
0, 403, 1, 0, 3
0, 403, 1, 0, 3
0, 403, 1, 0, 3
0, 403, 1, 0, 3
0, 403, 1, 0, 3
0, 403, 1, 0, 3
0, 403, 1, 0, 3
0, 403, 1, 0, 3
0, 403, 1, 0, 3
0, 403, 1, 0, 3
0, 403, 1, 0, 3
0, 403, 1, 0, 3
0, 403, 1, 0, 3
0, 403, 1, 0, 3
0, 403, 1, 0, 3
0, 403, 1, 0, 3
0, 403, 1, 0, 3
0, 403, 1, 0, 3
0, 403, 1, 0, 3
0, 403, 1, 0, 3
0, 403, 1, 0, 3
0, 403, 1, 0, 3
0, 403, 1, 0, 3
0, 403, 1, 0, 3
0, 403, 1, 0, 3
0, 403, 1, 0, 3
0, 403, 1, 0, 3
0, 403, 1, 0, 3
0, 403, 1, 0, 3
0, 403, 1, 0, 3
0, 403, 1, 0, 3
0, 403, 1, 0, 3
0, 403, 1, 0, 3
0, 403, 1, 0, 3
0, 403, 1, 0, 3
0, 403, 1, 0, 3
0, 403, 1, 0, 3
0, 403, 1, 0, 3
0, 403, 1, 0, 3
0, 403, 1, 0, 3
0, 403, 1, 0, 3
0, 403, 1, 0, 3
0, 403, 1, 0, 3
0, 403, 1, 0, 3
0, 403, 1, 0, 3
0, 403, 1, 0, 3
0, 403, 1, 0, 3
0, 403, 1, 0, 3
0, 403, 1, 0, 3
0, 403, 1, 0, 3
0, 403, 1, 0, 3
0, 403, 1, 0, 3
0, 403, 1, 0, 3
0, 403, 1, 0, 3
0, 403, 1, 0, 3
0, 403, 1, 0, 3
0, 403, 1, 0, 3
0, 403, 1, 0, 3
0, 403, 1, 0, 3
0, 403, 1, 0, 3
0, 403, 1, 0, 3
0, 403, 1, 0, 3
0, 403, 1, 0, 3
0, 403, 1, 0, 3
0, 403, 1, 0, 3
0, 403, 1, 0, 3
0, 403, 1, 0, 3
0, 403, 1, 0, 3
0, 403, 1, 0, 3
0, 403, 1, 0, 3
0, 403, 1, 0, 3
0, 403, 1, 0, 3
0, 403, 1, 0, 3
0, 403, 1, 0, 3
0, 403, 1, 0, 3
0, 403, 1, 0, 3
0, 403, 1, 0, 3
0, 403, 1, 0, 3
0, 403, 1, 0, 3
0, 403, 1, 0, 3
0, 403, 1, 0, 3
0, 403, 1, 0, 3
0, 403, 1, 0, 3
0, 403, 1, 0, 3
0, 403, 1, 0, 3
0, 403, 1, 0, 3
0, 403, 1, 0, 3
0, 403, 1, 0, 3
0, 403, 1, 0, 3
0, 403, 1, 0, 3
0, 403, 1, 0, 3
0, 403, 1, 0, 3
0, 403, 1, 0, 3
0, 403, 1, 0, 3
0, 403, 1, 0, 3
0, 403, 1, 0, 3
0, 403, 1, 0, 3
0, 403, 1, 0, 3
0, 403, 1, 0, 3
0, 403, 1, 0, 3
0, 403, 1, 0, 3
0, 403, 1, 0, 3
0, 403, 1, 0, 3
0, 403, 1, 0, 3
0, 403, 1, 0, 3
0, 403, 1, 0, 3
0, 403, 1, 0, 3
0, 403, 1, 0, 3
0, 403, 1, 0, 3
0, 403, 1, 0, 3
0, 403, 1, 0, 3
0, 403, 1, 0, 3
0, 403, 1, 0, 3
0, 403, 1, 0, 3
0, 403, 1, 0, 3
0, 403, 1, 0, 3
0, 403, 1, 0, 3
0, 403, 1, 0, 3
0, 403, 1, 0, 3
0, 403, 1, 0, 3
0, 403, 1, 0, 3
0, 403, 1, 0, 3
0, 403, 1, 0, 3
0, 403, 1, 0, 3
0, 403, 1, 0, 3
0, 403, 1, 0, 3
0, 403, 1, 0, 3
0, 403, 1, 0, 3
0, 403, 1, 0, 3
0, 403, 1, 0, 3
0, 403, 1, 0, 3
0, 403, 1, 0, 3
0, 403, 1, 0, 3
0, 403, 1, 0, 3
0, 403, 1, 0, 3
0, 403, 1, 0, 3
0, 403, 1, 0, 3
0, 403, 1, 0, 3
0, 403, 1, 0, 3
0, 403, 1, 0, 3
0, 403, 1, 0, 3
0, 403, 1, 0, 3
0, 403, 1, 0, 3
0, 403, 1, 0, 3
0, 403, 1, 0, 3
0, 403, 1, 0, 3
0, 403, 1, 0, 3
0, 403, 1, 0, 3
0, 403, 1, 0, 3
0, 403, 1, 0, 3
0, 403, 1, 0, 3
0, 403, 1, 0, 3
0, 403, 1, 0, 3
0, 403, 1, 0, 3
0, 403, 1, 0, 3
0, 403, 1, 0, 3
0, 403, 1, 0, 3
0, 403, 1, 0, 3
0, 403, 1, 0, 3
0, 403, 1, 0, 3
0, 403, 1, 0, 3
0, 403, 1, 0, 3
0, 403, 1, 0, 3
0, 403, 1, 0, 3
0, 403, 1, 0, 3
0, 403, 1, 0, 3
0, 403, 1, 0, 3
0, 403, 1, 0, 3
0, 403, 1, 0, 3
0, 403, 1, 0, 3
0, 403, 1, 0, 3
0, 403, 1, 0, 3
0, 403, 1, 0, 3
0, 403, 1, 0, 3
0, 403, 1, 0, 3
0, 403, 1, 0, 3
0, 403, 1, 0, 3
0, 403, 1, 0, 3
0, 403, 1, 0, 3
0, 403, 1, 0, 3
0, 403, 1, 0, 3
1, 1, 0, 1, 1
1, 1, 1, 0, 2
2, 1, 0, 1, 1
2, 1, 1, 0, 2
3, 1, 0, 1, 1
3, 1, 1, 0, 2
4, 1, 0, 1, 1
4, 1, 1, 0, 2
5, 1, 0, 1, 1
5, 1, 1, 0, 2
6, 1, 0, 1, 1
6, 1, 1, 0, 2
7, 1, 0, 1, 1
7, 1, 1, 0, 2
8, 1, 0, 1, 1
8, 1, 1, 0, 2
9, 1, 0, 1, 1
9, 1, 1, 0, 2
10, 1, 0, 1, 1
10, 1, 1, 0, 2
11, 1, 0, 1, 1
11, 1, 1, 0, 2
12, 1, 0, 1, 1
12, 1, 1, 0, 2
13, 1, 0, 1, 1
13, 1, 1, 0, 2
14, 1, 0, 1, 1
14, 1, 1, 0, 2
15, 1, 0, 1, 1
15, 1, 1, 0, 2
16, 1, 0, 1, 1
16, 1, 1, 0, 2
17, 4, 0, 1, 1
17, 4, 0, 1, 2
17, 4, 0, 1, 2
17, 4, 0, 1, 2
18, 1, 0, 1, 1
18, 2, 1, 0, 2
18, 2, 1, 0, 2
19, 2, 0, 1, 1
19, 2, 0, 1, 2
19, 1, 1, 0, 2
20, 2, 0, 1, 1
20, 2, 0, 1, 2
20, 1, 1, 0, 2
21, 2, 0, 1, 1
21, 2, 0, 1, 2
21, 1, 1, 0, 2
22, 2, 0, 1, 1
22, 2, 0, 1, 2
22, 1, 1, 0, 2
23, 2, 0, 1, 1
23, 2, 0, 1, 2
23, 1, 1, 0, 2
24, 2, 0, 1, 1
24, 2, 0, 1, 2
24, 1, 1, 0, 2
25, 2, 0, 1, 1
25, 2, 0, 1, 2
25, 1, 1, 0, 2
26, 1, 0, 1, 1
26, 2, 1, 0, 2
26, 2, 1, 0, 3
27, 2, 0, 1, 1
27, 2, 0, 1, 2
27, 1, 1, 0, 2
28, 2, 0, 1, 1
28, 2, 0, 1, 2
28, 1, 1, 0, 2
29, 2, 0, 1, 1
29, 2, 0, 1, 2
29, 1, 1, 0, 2
30, 2, 0, 1, 1
30, 2, 0, 1, 2
30, 1, 1, 0, 2
31, 2, 0, 1, 1
31, 2, 0, 1, 2
31, 1, 1, 0, 2
32, 2, 0, 1, 1
32, 2, 0, 1, 2
32, 1, 1, 0, 2
33, 3, 0, 1, 1
33, 3, 0, 1, 2
33, 3, 0, 1, 2
33, 1, 1, 0, 2
34, 3, 0, 1, 1
34, 3, 0, 1, 2
34, 3, 0, 1, 2
34, 1, 1, 0, 2
35, 3, 0, 1, 1
35, 3, 0, 1, 2
35, 3, 0, 1, 2
35, 1, 1, 0, 2
36, 2, 0, 1, 1
36, 2, 0, 1, 2
36, 2, 1, 0, 2
36, 2, 1, 0, 3
37, 2, 0, 1, 1
37, 2, 0, 1, 2
37, 2, 1, 0, 2
37, 2, 1, 0, 3
38, 2, 0, 1, 1
38, 2, 0, 1, 2
38, 2, 1, 0, 2
38, 2, 1, 0, 3
39, 1, 0, 1, 1
39, 3, 1, 0, 2
39, 3, 1, 0, 3
39, 3, 1, 0, 3
40, 3, 0, 1, 1
40, 3, 0, 1, 2
40, 3, 0, 1, 2
40, 1, 1, 0, 2
41, 3, 0, 1, 1
41, 3, 0, 1, 2
41, 3, 0, 1, 2
41, 1, 1, 0, 2
42, 3, 0, 1, 1
42, 3, 0, 1, 2
42, 3, 0, 1, 2
42, 1, 1, 0, 2
43, 1, 0, 1, 1
43, 2, 1, 0, 2
43, 2, 1, 0, 3
44, 3, 0, 1, 1
44, 3, 0, 1, 2
44, 3, 0, 1, 2
44, 1, 1, 0, 2
45, 3, 0, 1, 1
45, 3, 0, 1, 2
45, 3, 0, 1, 2
45, 1, 1, 0, 2
46, 3, 0, 1, 1
46, 3, 0, 1, 2
46, 3, 0, 1, 2
46, 1, 1, 0, 2
47, 1, 0, 1, 1
47, 3, 1, 0, 2
47, 3, 1, 0, 3
47, 3, 1, 0, 3
48, 3, 0, 1, 1
48, 3, 0, 1, 2
48, 3, 0, 1, 2
48, 1, 1, 0, 2
49, 3, 0, 1, 1
49, 3, 0, 1, 2
49, 3, 0, 1, 2
49, 1, 1, 0, 2
50, 3, 0, 1, 1
50, 3, 0, 1, 2
50, 3, 0, 1, 2
50, 1, 1, 0, 2
51, 3, 0, 1, 1
51, 3, 0, 1, 2
51, 3, 0, 1, 2
51, 1, 1, 0, 2
52, 1, 0, 1, 1
52, 2, 1, 0, 2
52, 2, 1, 0, 3
53, 1, 0, 1, 1
53, 2, 1, 0, 2
53, 2, 1, 0, 3
54, 1, 0, 1, 1
54, 2, 1, 0, 2
54, 2, 1, 0, 3
55, 1, 0, 1, 1
55, 2, 1, 0, 2
55, 2, 1, 0, 3
56, 3, 0, 1, 1
56, 3, 0, 1, 2
56, 3, 0, 1, 2
56, 1, 1, 0, 2
57, 3, 0, 1, 1
57, 3, 0, 1, 2
57, 3, 0, 1, 2
57, 1, 1, 0, 2
58, 3, 0, 1, 1
58, 3, 0, 1, 2
58, 3, 0, 1, 2
58, 1, 1, 0, 2
59, 3, 0, 1, 1
59, 3, 0, 1, 2
59, 3, 0, 1, 2
59, 1, 1, 0, 2
60, 3, 0, 1, 1
60, 3, 0, 1, 2
60, 3, 0, 1, 2
60, 1, 1, 0, 2
61, 1, 0, 1, 1
61, 2, 1, 0, 2
61, 2, 1, 0, 3
62, 4, 0, 1, 1
62, 4, 0, 1, 2
62, 4, 0, 1, 2
62, 4, 0, 1, 2
62, 1, 1, 0, 2
63, 2, 0, 1, 1
63, 2, 0, 1, 2
63, 2, 1, 0, 2
63, 2, 1, 0, 3
64, 4, 0, 1, 1
64, 4, 0, 1, 2
64, 4, 0, 1, 2
64, 4, 0, 1, 2
64, 1, 1, 0, 2
65, 4, 0, 1, 1
65, 4, 0, 1, 2
65, 4, 0, 1, 2
65, 4, 0, 1, 2
65, 1, 1, 0, 2
66, 1, 0, 1, 1
66, 4, 1, 0, 2
66, 4, 1, 0, 3
66, 4, 1, 0, 3
66, 4, 1, 0, 3
67, 4, 0, 1, 1
67, 4, 0, 1, 2
67, 4, 0, 1, 2
67, 4, 0, 1, 2
67, 1, 1, 0, 2
68, 1, 0, 1, 1
68, 4, 1, 0, 2
68, 4, 1, 0, 3
68, 4, 1, 0, 3
68, 4, 1, 0, 3
69, 4, 0, 1, 1
69, 4, 0, 1, 2
69, 4, 0, 1, 2
69, 4, 0, 1, 2
69, 1, 1, 0, 2
70, 4, 0, 1, 1
70, 4, 0, 1, 2
70, 4, 0, 1, 2
70, 4, 0, 1, 2
70, 1, 1, 0, 2
71, 4, 0, 1, 1
71, 4, 0, 1, 2
71, 4, 0, 1, 2
71, 4, 0, 1, 2
71, 1, 1, 0, 2
72, 1, 0, 1, 1
72, 4, 1, 0, 2
72, 4, 1, 0, 3
72, 4, 1, 0, 3
72, 4, 1, 0, 3
73, 4, 0, 1, 1
73, 4, 0, 1, 2
73, 4, 0, 1, 2
73, 4, 0, 1, 2
73, 1, 1, 0, 2
74, 4, 0, 1, 1
74, 4, 0, 1, 2
74, 4, 0, 1, 2
74, 4, 0, 1, 2
74, 1, 1, 0, 2
75, 4, 0, 1, 1
75, 4, 0, 1, 2
75, 4, 0, 1, 2
75, 4, 0, 1, 2
75, 1, 1, 0, 2
76, 2, 0, 1, 1
76, 2, 0, 1, 2
76, 2, 1, 0, 2
76, 2, 1, 0, 3
77, 2, 0, 1, 1
77, 2, 0, 1, 2
77, 2, 1, 0, 2
77, 2, 1, 0, 3
78, 4, 0, 1, 1
78, 4, 0, 1, 2
78, 4, 0, 1, 2
78, 4, 0, 1, 2
78, 1, 1, 0, 2
79, 4, 0, 1, 1
79, 4, 0, 1, 2
79, 4, 0, 1, 2
79, 4, 0, 1, 2
79, 1, 1, 0, 2
80, 2, 0, 1, 1
80, 2, 0, 1, 2
80, 2, 1, 0, 2
80, 2, 1, 0, 3
81, 2, 0, 1, 1
81, 2, 0, 1, 2
81, 2, 1, 0, 2
81, 2, 1, 0, 3
82, 2, 0, 1, 1
82, 2, 0, 1, 2
82, 2, 1, 0, 2
82, 2, 1, 0, 3
83, 4, 0, 1, 1
83, 4, 0, 1, 2
83, 4, 0, 1, 2
83, 4, 0, 1, 2
83, 1, 1, 0, 2
84, 4, 0, 1, 1
84, 4, 0, 1, 2
84, 4, 0, 1, 2
84, 4, 0, 1, 2
84, 1, 1, 0, 2
85, 4, 0, 1, 1
85, 4, 0, 1, 2
85, 4, 0, 1, 2
85, 4, 0, 1, 2
85, 1, 1, 0, 2
86, 4, 0, 1, 1
86, 4, 0, 1, 2
86, 4, 0, 1, 2
86, 4, 0, 1, 2
86, 1, 1, 0, 2
87, 4, 0, 1, 1
87, 4, 0, 1, 2
87, 4, 0, 1, 2
87, 4, 0, 1, 2
87, 1, 1, 0, 2
88, 4, 0, 1, 1
88, 4, 0, 1, 2
88, 4, 0, 1, 2
88, 4, 0, 1, 2
88, 1, 1, 0, 2
89, 4, 0, 1, 1
89, 4, 0, 1, 2
89, 4, 0, 1, 2
89, 4, 0, 1, 2
89, 1, 1, 0, 2
90, 2, 0, 1, 1
90, 2, 0, 1, 2
90, 2, 1, 0, 2
90, 2, 1, 0, 3
91, 4, 0, 1, 1
91, 4, 0, 1, 2
91, 4, 0, 1, 2
91, 4, 0, 1, 2
91, 2, 1, 0, 2
91, 2, 1, 0, 3
92, 4, 0, 1, 1
92, 4, 0, 1, 2
92, 4, 0, 1, 2
92, 4, 0, 1, 2
92, 2, 1, 0, 2
92, 2, 1, 0, 3
93, 3, 0, 1, 1
93, 3, 0, 1, 2
93, 3, 0, 1, 2
93, 3, 1, 0, 2
93, 3, 1, 0, 3
93, 3, 1, 0, 3
94, 5, 0, 1, 1
94, 5, 0, 1, 2
94, 5, 0, 1, 2
94, 5, 0, 1, 2
94, 5, 0, 1, 2
94, 1, 1, 0, 2
95, 3, 0, 1, 1
95, 3, 0, 1, 2
95, 3, 0, 1, 2
95, 2, 1, 0, 2
95, 2, 1, 0, 3
96, 2, 0, 1, 1
96, 2, 0, 1, 2
96, 3, 1, 0, 2
96, 3, 1, 0, 3
96, 3, 1, 0, 3
97, 1, 0, 1, 1
97, 3, 1, 0, 2
97, 3, 1, 0, 3
97, 3, 1, 0, 3
98, 1, 0, 1, 1
98, 3, 1, 0, 2
98, 3, 1, 0, 3
98, 3, 1, 0, 3
99, 1, 0, 1, 1
99, 3, 1, 0, 2
99, 3, 1, 0, 3
99, 3, 1, 0, 3
100, 5, 0, 1, 1
100, 5, 0, 1, 2
100, 5, 0, 1, 2
100, 5, 0, 1, 2
100, 5, 0, 1, 2
100, 1, 1, 0, 2
101, 5, 0, 1, 1
101, 5, 0, 1, 2
101, 5, 0, 1, 2
101, 5, 0, 1, 2
101, 5, 0, 1, 2
101, 1, 1, 0, 2
102, 4, 0, 1, 1
102, 4, 0, 1, 2
102, 4, 0, 1, 2
102, 4, 0, 1, 2
102, 3, 1, 0, 2
102, 3, 1, 0, 3
102, 3, 1, 0, 3
103, 3, 0, 1, 1
103, 3, 0, 1, 2
103, 3, 0, 1, 2
103, 4, 1, 0, 2
103, 4, 1, 0, 3
103, 4, 1, 0, 3
103, 4, 1, 0, 3
104, 3, 0, 1, 1
104, 3, 0, 1, 2
104, 3, 0, 1, 2
104, 4, 1, 0, 2
104, 4, 1, 0, 3
104, 4, 1, 0, 3
104, 4, 1, 0, 3
105, 2, 0, 1, 1
105, 2, 0, 1, 2
105, 3, 1, 0, 2
105, 3, 1, 0, 3
105, 3, 1, 0, 3
106, 4, 0, 1, 1
106, 4, 0, 1, 2
106, 4, 0, 1, 2
106, 4, 0, 1, 2
106, 2, 1, 0, 2
106, 2, 1, 0, 3
107, 3, 0, 1, 1
107, 3, 0, 1, 2
107, 3, 0, 1, 2
107, 4, 1, 0, 2
107, 4, 1, 0, 3
107, 4, 1, 0, 3
107, 4, 1, 0, 3
108, 4, 0, 1, 1
108, 4, 0, 1, 2
108, 4, 0, 1, 2
108, 4, 0, 1, 2
108, 3, 1, 0, 2
108, 3, 1, 0, 3
108, 3, 1, 0, 3
109, 4, 0, 1, 1
109, 4, 0, 1, 2
109, 4, 0, 1, 2
109, 4, 0, 1, 2
109, 3, 1, 0, 2
109, 3, 1, 0, 3
109, 3, 1, 0, 3
110, 2, 0, 1, 1
110, 2, 0, 1, 2
110, 3, 1, 0, 2
110, 3, 1, 0, 3
110, 3, 1, 0, 3
111, 6, 0, 1, 1
111, 6, 0, 1, 2
111, 6, 0, 1, 2
111, 6, 0, 1, 2
111, 6, 0, 1, 2
111, 6, 0, 1, 2
111, 1, 1, 0, 2
112, 2, 0, 1, 1
112, 2, 0, 1, 2
112, 3, 1, 0, 2
112, 3, 1, 0, 3
112, 3, 1, 0, 3
113, 1, 0, 1, 1
113, 3, 1, 0, 2
113, 3, 1, 0, 3
113, 3, 1, 0, 3
114, 4, 0, 1, 1
114, 4, 0, 1, 2
114, 4, 0, 1, 2
114, 4, 0, 1, 2
114, 4, 1, 0, 2
114, 4, 1, 0, 3
114, 4, 1, 0, 3
114, 4, 1, 0, 3
115, 4, 0, 1, 1
115, 4, 0, 1, 2
115, 4, 0, 1, 2
115, 4, 0, 1, 2
115, 4, 1, 0, 2
115, 4, 1, 0, 3
115, 4, 1, 0, 3
115, 4, 1, 0, 3
116, 4, 0, 1, 1
116, 4, 0, 1, 2
116, 4, 0, 1, 2
116, 4, 0, 1, 2
116, 4, 1, 0, 2
116, 4, 1, 0, 3
116, 4, 1, 0, 3
116, 4, 1, 0, 3
117, 3, 0, 1, 1
117, 3, 0, 1, 2
117, 3, 0, 1, 2
117, 4, 1, 0, 2
117, 4, 1, 0, 3
117, 4, 1, 0, 3
117, 4, 1, 0, 3
118, 3, 0, 1, 1
118, 3, 0, 1, 2
118, 3, 0, 1, 2
118, 3, 1, 0, 2
118, 3, 1, 0, 3
118, 3, 1, 0, 3
119, 4, 0, 1, 1
119, 4, 0, 1, 2
119, 4, 0, 1, 2
119, 4, 0, 1, 2
119, 3, 1, 0, 2
119, 3, 1, 0, 3
119, 3, 1, 0, 3
120, 4, 0, 1, 1
120, 4, 0, 1, 2
120, 4, 0, 1, 2
120, 4, 0, 1, 2
120, 4, 1, 0, 2
120, 4, 1, 0, 3
120, 4, 1, 0, 3
120, 4, 1, 0, 3
121, 4, 0, 1, 1
121, 4, 0, 1, 2
121, 4, 0, 1, 2
121, 4, 0, 1, 2
121, 4, 1, 0, 2
121, 4, 1, 0, 3
121, 4, 1, 0, 3
121, 4, 1, 0, 3
122, 4, 0, 1, 1
122, 4, 0, 1, 2
122, 4, 0, 1, 2
122, 4, 0, 1, 2
122, 4, 1, 0, 2
122, 4, 1, 0, 3
122, 4, 1, 0, 3
122, 4, 1, 0, 3
123, 3, 0, 1, 1
123, 3, 0, 1, 2
123, 3, 0, 1, 2
123, 3, 1, 0, 2
123, 3, 1, 0, 3
123, 3, 1, 0, 3
124, 2, 0, 1, 1
124, 2, 0, 1, 2
124, 3, 1, 0, 2
124, 3, 1, 0, 3
124, 3, 1, 0, 3
125, 1, 0, 1, 1
125, 4, 1, 0, 2
125, 4, 1, 0, 3
125, 4, 1, 0, 3
125, 4, 1, 0, 3
126, 1, 0, 1, 1
126, 4, 1, 0, 2
126, 4, 1, 0, 3
126, 4, 1, 0, 3
126, 4, 1, 0, 3
127, 1, 0, 1, 1
127, 4, 1, 0, 2
127, 4, 1, 0, 3
127, 4, 1, 0, 3
127, 4, 1, 0, 3
128, 3, 0, 1, 1
128, 3, 0, 1, 2
128, 3, 0, 1, 2
128, 3, 1, 0, 2
128, 3, 1, 0, 3
128, 3, 1, 0, 3
129, 3, 0, 1, 1
129, 3, 0, 1, 2
129, 3, 0, 1, 2
129, 3, 1, 0, 2
129, 3, 1, 0, 3
129, 3, 1, 0, 3
130, 4, 0, 1, 1
130, 4, 0, 1, 2
130, 4, 0, 1, 2
130, 4, 0, 1, 2
130, 3, 1, 0, 2
130, 3, 1, 0, 3
130, 3, 1, 0, 3
131, 3, 0, 1, 1
131, 3, 0, 1, 2
131, 3, 0, 1, 2
131, 3, 1, 0, 2
131, 3, 1, 0, 3
131, 3, 1, 0, 3
132, 1, 0, 1, 1
132, 4, 1, 0, 2
132, 4, 1, 0, 3
132, 4, 1, 0, 3
132, 4, 1, 0, 3
133, 3, 0, 1, 1
133, 3, 0, 1, 2
133, 3, 0, 1, 2
133, 3, 1, 0, 2
133, 3, 1, 0, 3
133, 3, 1, 0, 3
134, 3, 0, 1, 1
134, 3, 0, 1, 2
134, 3, 0, 1, 2
134, 3, 1, 0, 2
134, 3, 1, 0, 3
134, 3, 1, 0, 3
135, 3, 0, 1, 1
135, 3, 0, 1, 2
135, 3, 0, 1, 2
135, 3, 1, 0, 2
135, 3, 1, 0, 3
135, 3, 1, 0, 3
136, 3, 0, 1, 1
136, 3, 0, 1, 2
136, 3, 0, 1, 2
136, 3, 1, 0, 2
136, 3, 1, 0, 3
136, 3, 1, 0, 3
137, 4, 0, 1, 1
137, 4, 0, 1, 2
137, 4, 0, 1, 2
137, 4, 0, 1, 2
137, 3, 1, 0, 2
137, 3, 1, 0, 3
137, 3, 1, 0, 3
138, 4, 0, 1, 1
138, 4, 0, 1, 2
138, 4, 0, 1, 2
138, 4, 0, 1, 2
138, 3, 1, 0, 2
138, 3, 1, 0, 3
138, 3, 1, 0, 3
139, 4, 0, 1, 1
139, 4, 0, 1, 2
139, 4, 0, 1, 2
139, 4, 0, 1, 2
139, 3, 1, 0, 2
139, 3, 1, 0, 3
139, 3, 1, 0, 3
140, 1, 0, 1, 1
140, 4, 1, 0, 2
140, 4, 1, 0, 3
140, 4, 1, 0, 3
140, 4, 1, 0, 3
141, 4, 0, 1, 1
141, 4, 0, 1, 2
141, 4, 0, 1, 2
141, 4, 0, 1, 2
141, 3, 1, 0, 2
141, 3, 1, 0, 3
141, 3, 1, 0, 3
142, 4, 0, 1, 1
142, 4, 0, 1, 2
142, 4, 0, 1, 2
142, 4, 0, 1, 2
142, 4, 1, 0, 2
142, 4, 1, 0, 3
142, 4, 1, 0, 3
142, 4, 1, 0, 3
143, 4, 0, 1, 1
143, 4, 0, 1, 2
143, 4, 0, 1, 2
143, 4, 0, 1, 2
143, 4, 1, 0, 2
143, 4, 1, 0, 3
143, 4, 1, 0, 3
143, 4, 1, 0, 3
144, 4, 0, 1, 1
144, 4, 0, 1, 2
144, 4, 0, 1, 2
144, 4, 0, 1, 2
144, 4, 1, 0, 2
144, 4, 1, 0, 3
144, 4, 1, 0, 3
144, 4, 1, 0, 3
145, 3, 0, 1, 1
145, 3, 0, 1, 2
145, 3, 0, 1, 2
145, 4, 1, 0, 2
145, 4, 1, 0, 3
145, 4, 1, 0, 3
145, 4, 1, 0, 3
146, 3, 0, 1, 1
146, 3, 0, 1, 2
146, 3, 0, 1, 2
146, 4, 1, 0, 2
146, 4, 1, 0, 3
146, 4, 1, 0, 3
146, 4, 1, 0, 3
147, 3, 0, 1, 1
147, 3, 0, 1, 2
147, 3, 0, 1, 2
147, 4, 1, 0, 2
147, 4, 1, 0, 3
147, 4, 1, 0, 3
147, 4, 1, 0, 3
148, 5, 0, 1, 1
148, 5, 0, 1, 2
148, 5, 0, 1, 2
148, 5, 0, 1, 2
148, 5, 0, 1, 2
148, 3, 1, 0, 2
148, 3, 1, 0, 3
148, 3, 1, 0, 3
149, 4, 0, 1, 1
149, 4, 0, 1, 2
149, 4, 0, 1, 2
149, 4, 0, 1, 2
149, 5, 1, 0, 2
149, 5, 1, 0, 3
149, 5, 1, 0, 3
149, 5, 1, 0, 3
149, 5, 1, 0, 3
150, 4, 0, 1, 1
150, 4, 0, 1, 2
150, 4, 0, 1, 2
150, 4, 0, 1, 2
150, 4, 1, 0, 2
150, 4, 1, 0, 3
150, 4, 1, 0, 3
150, 4, 1, 0, 3
151, 4, 0, 1, 1
151, 4, 0, 1, 2
151, 4, 0, 1, 2
151, 4, 0, 1, 2
151, 4, 1, 0, 2
151, 4, 1, 0, 3
151, 4, 1, 0, 3
151, 4, 1, 0, 3
152, 4, 0, 1, 1
152, 4, 0, 1, 2
152, 4, 0, 1, 2
152, 4, 0, 1, 2
152, 4, 1, 0, 2
152, 4, 1, 0, 3
152, 4, 1, 0, 3
152, 4, 1, 0, 3
153, 1, 0, 1, 1
153, 6, 1, 0, 2
153, 6, 1, 0, 3
153, 6, 1, 0, 3
153, 6, 1, 0, 3
153, 6, 1, 0, 3
153, 6, 1, 0, 3
154, 5, 0, 1, 1
154, 5, 0, 1, 2
154, 5, 0, 1, 2
154, 5, 0, 1, 2
154, 5, 0, 1, 2
154, 4, 1, 0, 2
154, 4, 1, 0, 3
154, 4, 1, 0, 3
154, 4, 1, 0, 3
155, 5, 0, 1, 1
155, 5, 0, 1, 2
155, 5, 0, 1, 2
155, 5, 0, 1, 2
155, 5, 0, 1, 2
155, 5, 1, 0, 2
155, 5, 1, 0, 3
155, 5, 1, 0, 3
155, 5, 1, 0, 3
155, 5, 1, 0, 3
156, 1, 0, 1, 1
156, 6, 1, 0, 2
156, 6, 1, 0, 3
156, 6, 1, 0, 3
156, 6, 1, 0, 3
156, 6, 1, 0, 3
156, 6, 1, 0, 3
157, 5, 0, 1, 1
157, 5, 0, 1, 2
157, 5, 0, 1, 2
157, 5, 0, 1, 2
157, 5, 0, 1, 2
157, 6, 1, 0, 2
157, 6, 1, 0, 3
157, 6, 1, 0, 3
157, 6, 1, 0, 3
157, 6, 1, 0, 3
157, 6, 1, 0, 3
158, 6, 0, 1, 1
158, 6, 0, 1, 2
158, 6, 0, 1, 2
158, 6, 0, 1, 2
158, 6, 0, 1, 2
158, 6, 0, 1, 2
158, 7, 1, 0, 2
158, 7, 1, 0, 3
158, 7, 1, 0, 3
158, 7, 1, 0, 3
158, 7, 1, 0, 3
158, 7, 1, 0, 3
158, 7, 1, 0, 3
159, 6, 0, 1, 1
159, 6, 0, 1, 2
159, 6, 0, 1, 2
159, 6, 0, 1, 2
159, 6, 0, 1, 2
159, 6, 0, 1, 2
159, 7, 1, 0, 2
159, 7, 1, 0, 3
159, 7, 1, 0, 3
159, 7, 1, 0, 3
159, 7, 1, 0, 3
159, 7, 1, 0, 3
159, 7, 1, 0, 3
160, 6, 0, 1, 1
160, 6, 0, 1, 2
160, 6, 0, 1, 2
160, 6, 0, 1, 2
160, 6, 0, 1, 2
160, 6, 0, 1, 2
160, 7, 1, 0, 2
160, 7, 1, 0, 3
160, 7, 1, 0, 3
160, 7, 1, 0, 3
160, 7, 1, 0, 3
160, 7, 1, 0, 3
160, 7, 1, 0, 3
161, 8, 0, 1, 1
161, 8, 0, 1, 2
161, 8, 0, 1, 2
161, 8, 0, 1, 2
161, 8, 0, 1, 2
161, 8, 0, 1, 2
161, 8, 0, 1, 2
161, 8, 0, 1, 2
161, 7, 1, 0, 2
161, 7, 1, 0, 3
161, 7, 1, 0, 3
161, 7, 1, 0, 3
161, 7, 1, 0, 3
161, 7, 1, 0, 3
161, 7, 1, 0, 3
162, 1, 0, 1, 3
162, 1, 1, 0, 2
163, 1, 0, 1, 3
163, 1, 1, 0, 2
164, 1, 0, 1, 3
164, 1, 1, 0, 2
165, 1, 0, 1, 1
165, 1, 1, 0, 4
166, 1, 0, 1, 3
166, 1, 1, 0, 2
167, 1, 0, 1, 3
167, 1, 1, 0, 2
168, 1, 0, 1, 3
168, 1, 1, 0, 2
169, 1, 0, 1, 2
169, 2, 1, 0, 2
169, 2, 1, 0, 3
170, 1, 0, 1, 2
170, 2, 1, 0, 2
170, 2, 1, 0, 3
171, 2, 0, 1, 1
171, 2, 0, 1, 2
171, 1, 1, 0, 3
172, 2, 0, 1, 1
172, 2, 0, 1, 2
172, 3, 1, 0, 2
172, 3, 1, 0, 2
172, 3, 1, 0, 3
173, 2, 0, 1, 1
173, 2, 0, 1, 2
173, 3, 1, 0, 2
173, 3, 1, 0, 2
173, 3, 1, 0, 3
174, 1, 0, 1, 2
174, 3, 1, 0, 2
174, 3, 1, 0, 3
174, 3, 1, 0, 3
175, 1, 0, 1, 2
175, 3, 1, 0, 2
175, 3, 1, 0, 3
175, 3, 1, 0, 3
176, 3, 0, 1, 1
176, 3, 0, 1, 2
176, 3, 0, 1, 2
176, 3, 1, 0, 2
176, 3, 1, 0, 2
176, 3, 1, 0, 3
177, 3, 0, 1, 1
177, 3, 0, 1, 2
177, 3, 0, 1, 2
177, 3, 1, 0, 2
177, 3, 1, 0, 2
177, 3, 1, 0, 3
178, 4, 0, 1, 1
178, 4, 0, 1, 2
178, 4, 0, 1, 2
178, 4, 0, 1, 2
178, 1, 1, 0, 3
179, 3, 0, 1, 1
179, 3, 0, 1, 2
179, 3, 0, 1, 2
179, 1, 1, 0, 3
180, 1, 0, 1, 2
180, 4, 1, 0, 2
180, 4, 1, 0, 3
180, 4, 1, 0, 3
180, 4, 1, 0, 3
181, 1, 0, 1, 2
181, 4, 1, 0, 2
181, 4, 1, 0, 3
181, 4, 1, 0, 3
181, 4, 1, 0, 3
182, 4, 0, 1, 1
182, 4, 0, 1, 2
182, 4, 0, 1, 2
182, 4, 0, 1, 2
182, 1, 1, 0, 3
183, 4, 0, 1, 1
183, 4, 0, 1, 2
183, 4, 0, 1, 2
183, 4, 0, 1, 2
183, 3, 1, 0, 2
183, 3, 1, 0, 2
183, 3, 1, 0, 3
184, 1, 0, 1, 2
184, 4, 1, 0, 2
184, 4, 1, 0, 3
184, 4, 1, 0, 3
184, 4, 1, 0, 3
185, 1, 0, 1, 2
185, 5, 1, 0, 2
185, 5, 1, 0, 3
185, 5, 1, 0, 3
185, 5, 1, 0, 3
185, 5, 1, 0, 3
186, 4, 0, 1, 1
186, 4, 0, 1, 2
186, 4, 0, 1, 2
186, 4, 0, 1, 2
186, 4, 1, 0, 2
186, 4, 1, 0, 2
186, 4, 1, 0, 3
186, 4, 1, 0, 3
187, 4, 0, 1, 1
187, 4, 0, 1, 2
187, 4, 0, 1, 2
187, 4, 0, 1, 2
187, 4, 1, 0, 2
187, 4, 1, 0, 2
187, 4, 1, 0, 3
187, 4, 1, 0, 3
188, 1, 0, 1, 2
188, 6, 1, 0, 2
188, 6, 1, 0, 3
188, 6, 1, 0, 3
188, 6, 1, 0, 3
188, 6, 1, 0, 3
188, 6, 1, 0, 3
189, 6, 0, 1, 1
189, 6, 0, 1, 2
189, 6, 0, 1, 2
189, 6, 0, 1, 2
189, 6, 0, 1, 2
189, 6, 0, 1, 2
189, 1, 1, 0, 3
190, 4, 0, 1, 1
190, 4, 0, 1, 2
190, 4, 0, 1, 2
190, 4, 0, 1, 2
190, 5, 1, 0, 2
190, 5, 1, 0, 2
190, 5, 1, 0, 3
190, 5, 1, 0, 3
190, 5, 1, 0, 3
191, 4, 0, 1, 1
191, 4, 0, 1, 2
191, 4, 0, 1, 2
191, 4, 0, 1, 2
191, 6, 1, 0, 2
191, 6, 1, 0, 2
191, 6, 1, 0, 3
191, 6, 1, 0, 3
191, 6, 1, 0, 3
191, 6, 1, 0, 3
192, 5, 0, 1, 1
192, 5, 0, 1, 2
192, 5, 0, 1, 2
192, 5, 0, 1, 2
192, 5, 0, 1, 2
192, 5, 1, 0, 2
192, 5, 1, 0, 2
192, 5, 1, 0, 3
192, 5, 1, 0, 3
192, 5, 1, 0, 3
193, 1, 0, 1, 2
193, 4, 1, 0, 2
193, 4, 1, 0, 3
193, 4, 1, 0, 3
193, 4, 1, 0, 3
194, 6, 0, 1, 1
194, 6, 0, 1, 2
194, 6, 0, 1, 2
194, 6, 0, 1, 2
194, 6, 0, 1, 2
194, 6, 0, 1, 2
194, 5, 1, 0, 2
194, 5, 1, 0, 2
194, 5, 1, 0, 3
194, 5, 1, 0, 3
194, 5, 1, 0, 3
195, 6, 0, 1, 1
195, 6, 0, 1, 2
195, 6, 0, 1, 2
195, 6, 0, 1, 2
195, 6, 0, 1, 2
195, 6, 0, 1, 2
195, 8, 1, 0, 2
195, 8, 1, 0, 2
195, 8, 1, 0, 3
195, 8, 1, 0, 3
195, 8, 1, 0, 3
195, 8, 1, 0, 3
195, 8, 1, 0, 3
195, 8, 1, 0, 3
196, 7, 0, 1, 1
196, 7, 0, 1, 2
196, 7, 0, 1, 2
196, 7, 0, 1, 2
196, 7, 0, 1, 2
196, 7, 0, 1, 2
196, 7, 0, 1, 2
196, 7, 1, 0, 2
196, 7, 1, 0, 2
196, 7, 1, 0, 3
196, 7, 1, 0, 3
196, 7, 1, 0, 3
196, 7, 1, 0, 3
196, 7, 1, 0, 3
197, 7, 0, 1, 1
197, 7, 0, 1, 2
197, 7, 0, 1, 2
197, 7, 0, 1, 2
197, 7, 0, 1, 2
197, 7, 0, 1, 2
197, 7, 0, 1, 2
197, 8, 1, 0, 2
197, 8, 1, 0, 2
197, 8, 1, 0, 3
197, 8, 1, 0, 3
197, 8, 1, 0, 3
197, 8, 1, 0, 3
197, 8, 1, 0, 3
197, 8, 1, 0, 3
198, 7, 0, 1, 1
198, 7, 0, 1, 2
198, 7, 0, 1, 2
198, 7, 0, 1, 2
198, 7, 0, 1, 2
198, 7, 0, 1, 2
198, 7, 0, 1, 2
198, 9, 1, 0, 2
198, 9, 1, 0, 2
198, 9, 1, 0, 3
198, 9, 1, 0, 3
198, 9, 1, 0, 3
198, 9, 1, 0, 3
198, 9, 1, 0, 3
198, 9, 1, 0, 3
198, 9, 1, 0, 3
199, 1, 0, 1, 3
199, 2, 1, 0, 2
199, 2, 1, 0, 3
200, 2, 0, 1, 1
200, 2, 0, 1, 2
200, 1, 1, 0, 4
201, 1, 0, 1, 3
201, 2, 1, 0, 2
201, 2, 1, 0, 3
202, 1, 0, 1, 3
202, 2, 1, 0, 2
202, 2, 1, 0, 3
203, 2, 0, 1, 1
203, 2, 0, 1, 2
203, 1, 1, 0, 4
204, 1, 0, 1, 4
204, 1, 1, 0, 2
205, 1, 0, 1, 4
205, 1, 1, 0, 2
206, 1, 0, 1, 4
206, 1, 1, 0, 2
207, 1, 0, 1, 4
207, 1, 1, 0, 2
208, 1, 0, 1, 1
208, 1, 1, 0, 5
209, 1, 0, 1, 4
209, 1, 1, 0, 2
210, 1, 0, 1, 3
210, 2, 1, 0, 2
210, 2, 1, 0, 3
211, 1, 0, 1, 3
211, 2, 1, 0, 2
211, 2, 1, 0, 3
212, 1, 0, 1, 3
212, 3, 1, 0, 2
212, 3, 1, 0, 3
212, 3, 1, 0, 3
213, 3, 0, 1, 1
213, 3, 0, 1, 2
213, 3, 0, 1, 2
213, 1, 1, 0, 4
214, 1, 0, 1, 4
214, 1, 1, 0, 2
215, 1, 0, 1, 3
215, 3, 1, 0, 2
215, 3, 1, 0, 3
215, 3, 1, 0, 3
216, 1, 0, 1, 3
216, 3, 1, 0, 2
216, 3, 1, 0, 3
216, 3, 1, 0, 3
217, 1, 0, 1, 3
217, 2, 1, 0, 2
217, 2, 1, 0, 3
218, 3, 0, 1, 1
218, 3, 0, 1, 2
218, 3, 0, 1, 2
218, 1, 1, 0, 4
219, 1, 0, 1, 3
219, 3, 1, 0, 2
219, 3, 1, 0, 3
219, 3, 1, 0, 3
220, 1, 0, 1, 3
220, 3, 1, 0, 2
220, 3, 1, 0, 3
220, 3, 1, 0, 3
221, 3, 0, 1, 1
221, 3, 0, 1, 2
221, 3, 0, 1, 2
221, 1, 1, 0, 4
222, 3, 0, 1, 1
222, 3, 0, 1, 2
222, 3, 0, 1, 2
222, 5, 1, 0, 2
222, 5, 1, 0, 2
222, 5, 1, 0, 2
222, 5, 1, 0, 3
222, 5, 1, 0, 3
223, 1, 0, 1, 3
223, 5, 1, 0, 2
223, 5, 1, 0, 3
223, 5, 1, 0, 3
223, 5, 1, 0, 3
223, 5, 1, 0, 3
224, 1, 0, 1, 3
224, 3, 1, 0, 2
224, 3, 1, 0, 3
224, 3, 1, 0, 3
225, 1, 0, 1, 3
225, 4, 1, 0, 2
225, 4, 1, 0, 3
225, 4, 1, 0, 3
225, 4, 1, 0, 3
226, 4, 0, 1, 1
226, 4, 0, 1, 2
226, 4, 0, 1, 2
226, 4, 0, 1, 2
226, 1, 1, 0, 4
227, 3, 0, 1, 1
227, 3, 0, 1, 2
227, 3, 0, 1, 2
227, 1, 1, 0, 4
228, 1, 0, 1, 3
228, 4, 1, 0, 2
228, 4, 1, 0, 3
228, 4, 1, 0, 3
228, 4, 1, 0, 3
229, 1, 0, 1, 3
229, 4, 1, 0, 2
229, 4, 1, 0, 3
229, 4, 1, 0, 3
229, 4, 1, 0, 3
230, 1, 0, 1, 3
230, 4, 1, 0, 2
230, 4, 1, 0, 3
230, 4, 1, 0, 3
230, 4, 1, 0, 3
231, 4, 0, 1, 1
231, 4, 0, 1, 2
231, 4, 0, 1, 2
231, 4, 0, 1, 2
231, 1, 1, 0, 4
232, 1, 0, 1, 3
232, 4, 1, 0, 2
232, 4, 1, 0, 3
232, 4, 1, 0, 3
232, 4, 1, 0, 3
233, 1, 0, 1, 3
233, 4, 1, 0, 2
233, 4, 1, 0, 3
233, 4, 1, 0, 3
233, 4, 1, 0, 3
234, 4, 0, 1, 1
234, 4, 0, 1, 2
234, 4, 0, 1, 2
234, 4, 0, 1, 2
234, 6, 1, 0, 2
234, 6, 1, 0, 2
234, 6, 1, 0, 2
234, 6, 1, 0, 3
234, 6, 1, 0, 3
234, 6, 1, 0, 3
235, 1, 0, 1, 3
235, 4, 1, 0, 2
235, 4, 1, 0, 3
235, 4, 1, 0, 3
235, 4, 1, 0, 3
236, 1, 0, 1, 3
236, 4, 1, 0, 2
236, 4, 1, 0, 3
236, 4, 1, 0, 3
236, 4, 1, 0, 3
237, 4, 0, 1, 1
237, 4, 0, 1, 2
237, 4, 0, 1, 2
237, 4, 0, 1, 2
237, 6, 1, 0, 2
237, 6, 1, 0, 2
237, 6, 1, 0, 2
237, 6, 1, 0, 3
237, 6, 1, 0, 3
237, 6, 1, 0, 3
238, 1, 0, 1, 4
238, 2, 1, 0, 2
238, 2, 1, 0, 3
239, 1, 0, 1, 4
239, 2, 1, 0, 2
239, 2, 1, 0, 3
240, 1, 0, 1, 4
240, 2, 1, 0, 2
240, 2, 1, 0, 3
241, 2, 0, 1, 1
241, 2, 0, 1, 2
241, 1, 1, 0, 5
242, 1, 0, 1, 4
242, 3, 1, 0, 2
242, 3, 1, 0, 3
242, 3, 1, 0, 3
243, 1, 0, 1, 4
243, 3, 1, 0, 2
243, 3, 1, 0, 3
243, 3, 1, 0, 3
244, 1, 0, 1, 4
244, 3, 1, 0, 2
244, 3, 1, 0, 3
244, 3, 1, 0, 3
245, 2, 0, 1, 1
245, 2, 0, 1, 2
245, 1, 1, 0, 5
246, 1, 0, 1, 4
246, 3, 1, 0, 2
246, 3, 1, 0, 3
246, 3, 1, 0, 3
247, 1, 0, 1, 4
247, 3, 1, 0, 2
247, 3, 1, 0, 3
247, 3, 1, 0, 3
248, 1, 0, 1, 4
248, 3, 1, 0, 2
248, 3, 1, 0, 3
248, 3, 1, 0, 3
249, 1, 0, 1, 4
249, 4, 1, 0, 2
249, 4, 1, 0, 3
249, 4, 1, 0, 3
249, 4, 1, 0, 3
250, 3, 0, 1, 1
250, 3, 0, 1, 2
250, 3, 0, 1, 2
250, 1, 1, 0, 5
251, 1, 0, 1, 4
251, 3, 1, 0, 2
251, 3, 1, 0, 3
251, 3, 1, 0, 3
252, 1, 0, 1, 4
252, 4, 1, 0, 2
252, 4, 1, 0, 3
252, 4, 1, 0, 3
252, 4, 1, 0, 3
253, 1, 0, 1, 4
253, 4, 1, 0, 2
253, 4, 1, 0, 3
253, 4, 1, 0, 3
253, 4, 1, 0, 3
254, 1, 0, 1, 4
254, 4, 1, 0, 2
254, 4, 1, 0, 3
254, 4, 1, 0, 3
254, 4, 1, 0, 3
255, 4, 0, 1, 1
255, 4, 0, 1, 2
255, 4, 0, 1, 2
255, 4, 0, 1, 2
255, 1, 1, 0, 5
256, 3, 0, 1, 1
256, 3, 0, 1, 2
256, 3, 0, 1, 2
256, 1, 1, 0, 5
257, 3, 0, 1, 1
257, 3, 0, 1, 2
257, 3, 0, 1, 2
257, 1, 1, 0, 5
258, 1, 0, 1, 4
258, 4, 1, 0, 2
258, 4, 1, 0, 3
258, 4, 1, 0, 3
258, 4, 1, 0, 3
259, 1, 0, 1, 4
259, 4, 1, 0, 2
259, 4, 1, 0, 3
259, 4, 1, 0, 3
259, 4, 1, 0, 3
260, 1, 0, 1, 4
260, 4, 1, 0, 2
260, 4, 1, 0, 3
260, 4, 1, 0, 3
260, 4, 1, 0, 3
261, 1, 0, 1, 4
261, 5, 1, 0, 2
261, 5, 1, 0, 3
261, 5, 1, 0, 3
261, 5, 1, 0, 3
261, 5, 1, 0, 3
262, 1, 0, 1, 4
262, 4, 1, 0, 2
262, 4, 1, 0, 3
262, 4, 1, 0, 3
262, 4, 1, 0, 3
263, 1, 0, 1, 4
263, 4, 1, 0, 2
263, 4, 1, 0, 3
263, 4, 1, 0, 3
263, 4, 1, 0, 3
264, 1, 0, 1, 4
264, 4, 1, 0, 2
264, 4, 1, 0, 3
264, 4, 1, 0, 3
264, 4, 1, 0, 3
265, 1, 0, 1, 4
265, 4, 1, 0, 2
265, 4, 1, 0, 3
265, 4, 1, 0, 3
265, 4, 1, 0, 3
266, 7, 0, 1, 1
266, 7, 0, 1, 2
266, 7, 0, 1, 2
266, 7, 0, 1, 2
266, 7, 0, 1, 2
266, 7, 0, 1, 2
266, 7, 0, 1, 2
266, 10, 1, 0, 2
266, 10, 1, 0, 2
266, 10, 1, 0, 2
266, 10, 1, 0, 2
266, 10, 1, 0, 3
266, 10, 1, 0, 3
266, 10, 1, 0, 3
266, 10, 1, 0, 3
266, 10, 1, 0, 3
266, 10, 1, 0, 3
267, 2, 0, 111, 2
267, 2, 0, 111, 2
267, 2, 1, 12, 2
267, 2, 1, 12, 2
267, 2, 2, 3, 2
267, 2, 2, 3, 2
267, 2, 3, 4, 2
267, 2, 3, 4, 2
267, 2, 4, 5, 2
267, 2, 4, 5, 2
267, 2, 5, 6, 2
267, 2, 5, 6, 2
267, 2, 6, 7, 2
267, 2, 6, 7, 2
267, 2, 7, 8, 2
267, 2, 7, 8, 2
267, 2, 8, 9, 2
267, 2, 8, 9, 2
267, 2, 9, 10, 2
267, 2, 9, 10, 2
267, 2, 10, 11, 2
267, 2, 10, 11, 2
267, 2, 11, 13, 2
267, 2, 11, 13, 2
267, 2, 12, 23, 2
267, 2, 12, 23, 2
267, 2, 13, 14, 2
267, 2, 13, 14, 2
267, 2, 14, 15, 2
267, 2, 14, 15, 2
267, 2, 15, 16, 2
267, 2, 15, 16, 2
267, 2, 16, 17, 2
267, 2, 16, 17, 2
267, 2, 17, 18, 2
267, 2, 17, 18, 2
267, 2, 18, 19, 2
267, 2, 18, 19, 2
267, 2, 19, 20, 2
267, 2, 19, 20, 2
267, 2, 20, 21, 2
267, 2, 20, 21, 2
267, 2, 21, 22, 2
267, 2, 21, 22, 2
267, 2, 22, 24, 2
267, 2, 22, 24, 2
267, 2, 23, 34, 2
267, 2, 23, 34, 2
267, 2, 24, 25, 2
267, 2, 24, 25, 2
267, 2, 25, 26, 2
267, 2, 25, 26, 2
267, 2, 26, 27, 2
267, 2, 26, 27, 2
267, 2, 27, 28, 2
267, 2, 27, 28, 2
267, 2, 28, 29, 2
267, 2, 28, 29, 2
267, 2, 29, 30, 2
267, 2, 29, 30, 2
267, 2, 30, 31, 2
267, 2, 30, 31, 2
267, 2, 31, 32, 2
267, 2, 31, 32, 2
267, 2, 32, 33, 2
267, 2, 32, 33, 2
267, 2, 33, 35, 2
267, 2, 33, 35, 2
267, 2, 34, 45, 2
267, 2, 34, 45, 2
267, 2, 35, 36, 2
267, 2, 35, 36, 2
267, 2, 36, 37, 2
267, 2, 36, 37, 2
267, 2, 37, 38, 2
267, 2, 37, 38, 2
267, 2, 38, 39, 2
267, 2, 38, 39, 2
267, 2, 39, 40, 2
267, 2, 39, 40, 2
267, 2, 40, 41, 2
267, 2, 40, 41, 2
267, 2, 41, 42, 2
267, 2, 41, 42, 2
267, 2, 42, 43, 2
267, 2, 42, 43, 2
267, 2, 43, 44, 2
267, 2, 43, 44, 2
267, 2, 44, 46, 2
267, 2, 44, 46, 2
267, 2, 45, 56, 2
267, 2, 45, 56, 2
267, 2, 46, 47, 2
267, 2, 46, 47, 2
267, 2, 47, 48, 2
267, 2, 47, 48, 2
267, 2, 48, 49, 2
267, 2, 48, 49, 2
267, 2, 49, 50, 2
267, 2, 49, 50, 2
267, 2, 50, 51, 2
267, 2, 50, 51, 2
267, 2, 51, 52, 2
267, 2, 51, 52, 2
267, 2, 52, 53, 2
267, 2, 52, 53, 2
267, 2, 53, 54, 2
267, 2, 53, 54, 2
267, 2, 54, 55, 2
267, 2, 54, 55, 2
267, 2, 55, 57, 2
267, 2, 55, 57, 2
267, 2, 56, 67, 2
267, 2, 56, 67, 2
267, 2, 57, 58, 2
267, 2, 57, 58, 2
267, 2, 58, 59, 2
267, 2, 58, 59, 2
267, 2, 59, 60, 2
267, 2, 59, 60, 2
267, 2, 60, 61, 2
267, 2, 60, 61, 2
267, 2, 61, 62, 2
267, 2, 61, 62, 2
267, 2, 62, 63, 2
267, 2, 62, 63, 2
267, 2, 63, 64, 2
267, 2, 63, 64, 2
267, 2, 64, 65, 2
267, 2, 64, 65, 2
267, 2, 65, 66, 2
267, 2, 65, 66, 2
267, 2, 66, 68, 2
267, 2, 66, 68, 2
267, 2, 67, 78, 2
267, 2, 67, 78, 2
267, 2, 68, 69, 2
267, 2, 68, 69, 2
267, 2, 69, 70, 2
267, 2, 69, 70, 2
267, 2, 70, 71, 2
267, 2, 70, 71, 2
267, 2, 71, 72, 2
267, 2, 71, 72, 2
267, 2, 72, 73, 2
267, 2, 72, 73, 2
267, 2, 73, 74, 2
267, 2, 73, 74, 2
267, 2, 74, 75, 2
267, 2, 74, 75, 2
267, 2, 75, 76, 2
267, 2, 75, 76, 2
267, 2, 76, 77, 2
267, 2, 76, 77, 2
267, 2, 77, 79, 2
267, 2, 77, 79, 2
267, 2, 78, 89, 2
267, 2, 78, 89, 2
267, 2, 79, 80, 2
267, 2, 79, 80, 2
267, 2, 80, 81, 2
267, 2, 80, 81, 2
267, 2, 81, 82, 2
267, 2, 81, 82, 2
267, 2, 82, 83, 2
267, 2, 82, 83, 2
267, 2, 83, 84, 2
267, 2, 83, 84, 2
267, 2, 84, 85, 2
267, 2, 84, 85, 2
267, 2, 85, 86, 2
267, 2, 85, 86, 2
267, 2, 86, 87, 2
267, 2, 86, 87, 2
267, 2, 87, 88, 2
267, 2, 87, 88, 2
267, 2, 88, 90, 2
267, 2, 88, 90, 2
267, 2, 89, 100, 2
267, 2, 89, 100, 2
267, 2, 90, 91, 2
267, 2, 90, 91, 2
267, 2, 91, 92, 2
267, 2, 91, 92, 2
267, 2, 92, 93, 2
267, 2, 92, 93, 2
267, 2, 93, 94, 2
267, 2, 93, 94, 2
267, 2, 94, 95, 2
267, 2, 94, 95, 2
267, 2, 95, 96, 2
267, 2, 95, 96, 2
267, 2, 96, 97, 2
267, 2, 96, 97, 2
267, 2, 97, 98, 2
267, 2, 97, 98, 2
267, 2, 98, 99, 2
267, 2, 98, 99, 2
267, 2, 99, 101, 2
267, 2, 99, 101, 2
267, 2, 100, 112, 2
267, 2, 100, 112, 2
267, 2, 101, 102, 2
267, 2, 101, 102, 2
267, 2, 102, 103, 2
267, 2, 102, 103, 2
267, 2, 103, 104, 2
267, 2, 103, 104, 2
267, 2, 104, 105, 2
267, 2, 104, 105, 2
267, 2, 105, 106, 2
267, 2, 105, 106, 2
267, 2, 106, 107, 2
267, 2, 106, 107, 2
267, 2, 107, 108, 2
267, 2, 107, 108, 2
267, 2, 108, 109, 2
267, 2, 108, 109, 2
267, 2, 109, 110, 2
267, 2, 109, 110, 2
267, 2, 110, 113, 2
267, 2, 110, 113, 2
267, 2, 111, 222, 2
267, 2, 111, 222, 2
267, 2, 112, 123, 2
267, 2, 112, 123, 2
267, 2, 113, 114, 2
267, 2, 113, 114, 2
267, 2, 114, 115, 2
267, 2, 114, 115, 2
267, 2, 115, 116, 2
267, 2, 115, 116, 2
267, 2, 116, 117, 2
267, 2, 116, 117, 2
267, 2, 117, 118, 2
267, 2, 117, 118, 2
267, 2, 118, 119, 2
267, 2, 118, 119, 2
267, 2, 119, 120, 2
267, 2, 119, 120, 2
267, 2, 120, 121, 2
267, 2, 120, 121, 2
267, 2, 121, 122, 2
267, 2, 121, 122, 2
267, 2, 122, 124, 2
267, 2, 122, 124, 2
267, 2, 123, 134, 2
267, 2, 123, 134, 2
267, 2, 124, 125, 2
267, 2, 124, 125, 2
267, 2, 125, 126, 2
267, 2, 125, 126, 2
267, 2, 126, 127, 2
267, 2, 126, 127, 2
267, 2, 127, 128, 2
267, 2, 127, 128, 2
267, 2, 128, 129, 2
267, 2, 128, 129, 2
267, 2, 129, 130, 2
267, 2, 129, 130, 2
267, 2, 130, 131, 2
267, 2, 130, 131, 2
267, 2, 131, 132, 2
267, 2, 131, 132, 2
267, 2, 132, 133, 2
267, 2, 132, 133, 2
267, 2, 133, 135, 2
267, 2, 133, 135, 2
267, 2, 134, 145, 2
267, 2, 134, 145, 2
267, 2, 135, 136, 2
267, 2, 135, 136, 2
267, 2, 136, 137, 2
267, 2, 136, 137, 2
267, 2, 137, 138, 2
267, 2, 137, 138, 2
267, 2, 138, 139, 2
267, 2, 138, 139, 2
267, 2, 139, 140, 2
267, 2, 139, 140, 2
267, 2, 140, 141, 2
267, 2, 140, 141, 2
267, 2, 141, 142, 2
267, 2, 141, 142, 2
267, 2, 142, 143, 2
267, 2, 142, 143, 2
267, 2, 143, 144, 2
267, 2, 143, 144, 2
267, 2, 144, 146, 2
267, 2, 144, 146, 2
267, 2, 145, 156, 2
267, 2, 145, 156, 2
267, 2, 146, 147, 2
267, 2, 146, 147, 2
267, 2, 147, 148, 2
267, 2, 147, 148, 2
267, 2, 148, 149, 2
267, 2, 148, 149, 2
267, 2, 149, 150, 2
267, 2, 149, 150, 2
267, 2, 150, 151, 2
267, 2, 150, 151, 2
267, 2, 151, 152, 2
267, 2, 151, 152, 2
267, 2, 152, 153, 2
267, 2, 152, 153, 2
267, 2, 153, 154, 2
267, 2, 153, 154, 2
267, 2, 154, 155, 2
267, 2, 154, 155, 2
267, 2, 155, 157, 2
267, 2, 155, 157, 2
267, 2, 156, 167, 2
267, 2, 156, 167, 2
267, 2, 157, 158, 2
267, 2, 157, 158, 2
267, 2, 158, 159, 2
267, 2, 158, 159, 2
267, 2, 159, 160, 2
267, 2, 159, 160, 2
267, 2, 160, 161, 2
267, 2, 160, 161, 2
267, 2, 161, 162, 2
267, 2, 161, 162, 2
267, 2, 162, 163, 2
267, 2, 162, 163, 2
267, 2, 163, 164, 2
267, 2, 163, 164, 2
267, 2, 164, 165, 2
267, 2, 164, 165, 2
267, 2, 165, 166, 2
267, 2, 165, 166, 2
267, 2, 166, 168, 2
267, 2, 166, 168, 2
267, 2, 167, 178, 2
267, 2, 167, 178, 2
267, 2, 168, 169, 2
267, 2, 168, 169, 2
267, 2, 169, 170, 2
267, 2, 169, 170, 2
267, 2, 170, 171, 2
267, 2, 170, 171, 2
267, 2, 171, 172, 2
267, 2, 171, 172, 2
267, 2, 172, 173, 2
267, 2, 172, 173, 2
267, 2, 173, 174, 2
267, 2, 173, 174, 2
267, 2, 174, 175, 2
267, 2, 174, 175, 2
267, 2, 175, 176, 2
267, 2, 175, 176, 2
267, 2, 176, 177, 2
267, 2, 176, 177, 2
267, 2, 177, 179, 2
267, 2, 177, 179, 2
267, 2, 178, 189, 2
267, 2, 178, 189, 2
267, 2, 179, 180, 2
267, 2, 179, 180, 2
267, 2, 180, 181, 2
267, 2, 180, 181, 2
267, 2, 181, 182, 2
267, 2, 181, 182, 2
267, 2, 182, 183, 2
267, 2, 182, 183, 2
267, 2, 183, 184, 2
267, 2, 183, 184, 2
267, 2, 184, 185, 2
267, 2, 184, 185, 2
267, 2, 185, 186, 2
267, 2, 185, 186, 2
267, 2, 186, 187, 2
267, 2, 186, 187, 2
267, 2, 187, 188, 2
267, 2, 187, 188, 2
267, 2, 188, 190, 2
267, 2, 188, 190, 2
267, 2, 189, 200, 2
267, 2, 189, 200, 2
267, 2, 190, 191, 2
267, 2, 190, 191, 2
267, 2, 191, 192, 2
267, 2, 191, 192, 2
267, 2, 192, 193, 2
267, 2, 192, 193, 2
267, 2, 193, 194, 2
267, 2, 193, 194, 2
267, 2, 194, 195, 2
267, 2, 194, 195, 2
267, 2, 195, 196, 2
267, 2, 195, 196, 2
267, 2, 196, 197, 2
267, 2, 196, 197, 2
267, 2, 197, 198, 2
267, 2, 197, 198, 2
267, 2, 198, 199, 2
267, 2, 198, 199, 2
267, 2, 199, 201, 2
267, 2, 199, 201, 2
267, 2, 200, 211, 2
267, 2, 200, 211, 2
267, 2, 201, 202, 2
267, 2, 201, 202, 2
267, 2, 202, 203, 2
267, 2, 202, 203, 2
267, 2, 203, 204, 2
267, 2, 203, 204, 2
267, 2, 204, 205, 2
267, 2, 204, 205, 2
267, 2, 205, 206, 2
267, 2, 205, 206, 2
267, 2, 206, 207, 2
267, 2, 206, 207, 2
267, 2, 207, 208, 2
267, 2, 207, 208, 2
267, 2, 208, 209, 2
267, 2, 208, 209, 2
267, 2, 209, 210, 2
267, 2, 209, 210, 2
267, 2, 210, 212, 2
267, 2, 210, 212, 2
267, 2, 211, 223, 2
267, 2, 211, 223, 2
267, 2, 212, 213, 2
267, 2, 212, 213, 2
267, 2, 213, 214, 2
267, 2, 213, 214, 2
267, 2, 214, 215, 2
267, 2, 214, 215, 2
267, 2, 215, 216, 2
267, 2, 215, 216, 2
267, 2, 216, 217, 2
267, 2, 216, 217, 2
267, 2, 217, 218, 2
267, 2, 217, 218, 2
267, 2, 218, 219, 2
267, 2, 218, 219, 2
267, 2, 219, 220, 2
267, 2, 219, 220, 2
267, 2, 220, 221, 2
267, 2, 220, 221, 2
267, 2, 221, 224, 2
267, 2, 221, 224, 2
267, 2, 222, 333, 2
267, 2, 222, 333, 2
267, 2, 223, 234, 2
267, 2, 223, 234, 2
267, 2, 224, 225, 2
267, 2, 224, 225, 2
267, 2, 225, 226, 2
267, 2, 225, 226, 2
267, 2, 226, 227, 2
267, 2, 226, 227, 2
267, 2, 227, 228, 2
267, 2, 227, 228, 2
267, 2, 228, 229, 2
267, 2, 228, 229, 2
267, 2, 229, 230, 2
267, 2, 229, 230, 2
267, 2, 230, 231, 2
267, 2, 230, 231, 2
267, 2, 231, 232, 2
267, 2, 231, 232, 2
267, 2, 232, 233, 2
267, 2, 232, 233, 2
267, 2, 233, 235, 2
267, 2, 233, 235, 2
267, 2, 234, 245, 2
267, 2, 234, 245, 2
267, 2, 235, 236, 2
267, 2, 235, 236, 2
267, 2, 236, 237, 2
267, 2, 236, 237, 2
267, 2, 237, 238, 2
267, 2, 237, 238, 2
267, 2, 238, 239, 2
267, 2, 238, 239, 2
267, 2, 239, 240, 2
267, 2, 239, 240, 2
267, 2, 240, 241, 2
267, 2, 240, 241, 2
267, 2, 241, 242, 2
267, 2, 241, 242, 2
267, 2, 242, 243, 2
267, 2, 242, 243, 2
267, 2, 243, 244, 2
267, 2, 243, 244, 2
267, 2, 244, 246, 2
267, 2, 244, 246, 2
267, 2, 245, 256, 2
267, 2, 245, 256, 2
267, 2, 246, 247, 2
267, 2, 246, 247, 2
267, 2, 247, 248, 2
267, 2, 247, 248, 2
267, 2, 248, 249, 2
267, 2, 248, 249, 2
267, 2, 249, 250, 2
267, 2, 249, 250, 2
267, 2, 250, 251, 2
267, 2, 250, 251, 2
267, 2, 251, 252, 2
267, 2, 251, 252, 2
267, 2, 252, 253, 2
267, 2, 252, 253, 2
267, 2, 253, 254, 2
267, 2, 253, 254, 2
267, 2, 254, 255, 2
267, 2, 254, 255, 2
267, 2, 255, 257, 2
267, 2, 255, 257, 2
267, 2, 256, 267, 2
267, 2, 256, 267, 2
267, 2, 257, 258, 2
267, 2, 257, 258, 2
267, 2, 258, 259, 2
267, 2, 258, 259, 2
267, 2, 259, 260, 2
267, 2, 259, 260, 2
267, 2, 260, 261, 2
267, 2, 260, 261, 2
267, 2, 261, 262, 2
267, 2, 261, 262, 2
267, 2, 262, 263, 2
267, 2, 262, 263, 2
267, 2, 263, 264, 2
267, 2, 263, 264, 2
267, 2, 264, 265, 2
267, 2, 264, 265, 2
267, 2, 265, 266, 2
267, 2, 265, 266, 2
267, 2, 266, 268, 2
267, 2, 266, 268, 2
267, 2, 267, 278, 2
267, 2, 267, 278, 2
267, 2, 268, 269, 2
267, 2, 268, 269, 2
267, 2, 269, 270, 2
267, 2, 269, 270, 2
267, 2, 270, 271, 2
267, 2, 270, 271, 2
267, 2, 271, 272, 2
267, 2, 271, 272, 2
267, 2, 272, 273, 2
267, 2, 272, 273, 2
267, 2, 273, 274, 2
267, 2, 273, 274, 2
267, 2, 274, 275, 2
267, 2, 274, 275, 2
267, 2, 275, 276, 2
267, 2, 275, 276, 2
267, 2, 276, 277, 2
267, 2, 276, 277, 2
267, 2, 277, 279, 2
267, 2, 277, 279, 2
267, 2, 278, 289, 2
267, 2, 278, 289, 2
267, 2, 279, 280, 2
267, 2, 279, 280, 2
267, 2, 280, 281, 2
267, 2, 280, 281, 2
267, 2, 281, 282, 2
267, 2, 281, 282, 2
267, 2, 282, 283, 2
267, 2, 282, 283, 2
267, 2, 283, 284, 2
267, 2, 283, 284, 2
267, 2, 284, 285, 2
267, 2, 284, 285, 2
267, 2, 285, 286, 2
267, 2, 285, 286, 2
267, 2, 286, 287, 2
267, 2, 286, 287, 2
267, 2, 287, 288, 2
267, 2, 287, 288, 2
267, 2, 288, 290, 2
267, 2, 288, 290, 2
267, 2, 289, 300, 2
267, 2, 289, 300, 2
267, 2, 290, 291, 2
267, 2, 290, 291, 2
267, 2, 291, 292, 2
267, 2, 291, 292, 2
267, 2, 292, 293, 2
267, 2, 292, 293, 2
267, 2, 293, 294, 2
267, 2, 293, 294, 2
267, 2, 294, 295, 2
267, 2, 294, 295, 2
267, 2, 295, 296, 2
267, 2, 295, 296, 2
267, 2, 296, 297, 2
267, 2, 296, 297, 2
267, 2, 297, 298, 2
267, 2, 297, 298, 2
267, 2, 298, 299, 2
267, 2, 298, 299, 2
267, 2, 299, 301, 2
267, 2, 299, 301, 2
267, 2, 300, 311, 2
267, 2, 300, 311, 2
267, 2, 301, 302, 2
267, 2, 301, 302, 2
267, 2, 302, 303, 2
267, 2, 302, 303, 2
267, 2, 303, 304, 2
267, 2, 303, 304, 2
267, 2, 304, 305, 2
267, 2, 304, 305, 2
267, 2, 305, 306, 2
267, 2, 305, 306, 2
267, 2, 306, 307, 2
267, 2, 306, 307, 2
267, 2, 307, 308, 2
267, 2, 307, 308, 2
267, 2, 308, 309, 2
267, 2, 308, 309, 2
267, 2, 309, 310, 2
267, 2, 309, 310, 2
267, 2, 310, 312, 2
267, 2, 310, 312, 2
267, 2, 311, 322, 2
267, 2, 311, 322, 2
267, 2, 312, 313, 2
267, 2, 312, 313, 2
267, 2, 313, 314, 2
267, 2, 313, 314, 2
267, 2, 314, 315, 2
267, 2, 314, 315, 2
267, 2, 315, 316, 2
267, 2, 315, 316, 2
267, 2, 316, 317, 2
267, 2, 316, 317, 2
267, 2, 317, 318, 2
267, 2, 317, 318, 2
267, 2, 318, 319, 2
267, 2, 318, 319, 2
267, 2, 319, 320, 2
267, 2, 319, 320, 2
267, 2, 320, 321, 2
267, 2, 320, 321, 2
267, 2, 321, 323, 2
267, 2, 321, 323, 2
267, 2, 322, 334, 2
267, 2, 322, 334, 2
267, 2, 323, 324, 2
267, 2, 323, 324, 2
267, 2, 324, 325, 2
267, 2, 324, 325, 2
267, 2, 325, 326, 2
267, 2, 325, 326, 2
267, 2, 326, 327, 2
267, 2, 326, 327, 2
267, 2, 327, 328, 2
267, 2, 327, 328, 2
267, 2, 328, 329, 2
267, 2, 328, 329, 2
267, 2, 329, 330, 2
267, 2, 329, 330, 2
267, 2, 330, 331, 2
267, 2, 330, 331, 2
267, 2, 331, 332, 2
267, 2, 331, 332, 2
267, 2, 332, 335, 2
267, 2, 332, 335, 2
267, 2, 333, 348, 2
267, 2, 333, 348, 2
267, 2, 334, 339, 2
267, 2, 334, 339, 2
267, 2, 335, 336, 2
267, 2, 335, 336, 2
267, 2, 336, 337, 2
267, 2, 336, 337, 2
267, 2, 337, 338, 2
267, 2, 337, 338, 2
267, 2, 338, 403, 2
267, 2, 338, 403, 2
267, 2, 339, 340, 2
267, 2, 339, 340, 2
267, 2, 340, 341, 2
267, 2, 340, 341, 2
267, 2, 341, 342, 2
267, 2, 341, 342, 2
267, 2, 342, 343, 2
267, 2, 342, 343, 2
267, 2, 343, 344, 2
267, 2, 343, 344, 2
267, 2, 344, 345, 2
267, 2, 344, 345, 2
267, 2, 345, 346, 2
267, 2, 345, 346, 2
267, 2, 346, 347, 2
267, 2, 346, 347, 2
267, 2, 347, 349, 2
267, 2, 347, 349, 2
267, 2, 348, 359, 2
267, 2, 348, 359, 2
267, 2, 349, 350, 2
267, 2, 349, 350, 2
267, 2, 350, 351, 2
267, 2, 350, 351, 2
267, 2, 351, 352, 2
267, 2, 351, 352, 2
267, 2, 352, 353, 2
267, 2, 352, 353, 2
267, 2, 353, 354, 2
267, 2, 353, 354, 2
267, 2, 354, 355, 2
267, 2, 354, 355, 2
267, 2, 355, 356, 2
267, 2, 355, 356, 2
267, 2, 356, 357, 2
267, 2, 356, 357, 2
267, 2, 357, 358, 2
267, 2, 357, 358, 2
267, 2, 358, 360, 2
267, 2, 358, 360, 2
267, 2, 359, 370, 2
267, 2, 359, 370, 2
267, 2, 360, 361, 2
267, 2, 360, 361, 2
267, 2, 361, 362, 2
267, 2, 361, 362, 2
267, 2, 362, 363, 2
267, 2, 362, 363, 2
267, 2, 363, 364, 2
267, 2, 363, 364, 2
267, 2, 364, 365, 2
267, 2, 364, 365, 2
267, 2, 365, 366, 2
267, 2, 365, 366, 2
267, 2, 366, 367, 2
267, 2, 366, 367, 2
267, 2, 367, 368, 2
267, 2, 367, 368, 2
267, 2, 368, 369, 2
267, 2, 368, 369, 2
267, 2, 369, 371, 2
267, 2, 369, 371, 2
267, 2, 370, 381, 2
267, 2, 370, 381, 2
267, 2, 371, 372, 2
267, 2, 371, 372, 2
267, 2, 372, 373, 2
267, 2, 372, 373, 2
267, 2, 373, 374, 2
267, 2, 373, 374, 2
267, 2, 374, 375, 2
267, 2, 374, 375, 2
267, 2, 375, 376, 2
267, 2, 375, 376, 2
267, 2, 376, 377, 2
267, 2, 376, 377, 2
267, 2, 377, 378, 2
267, 2, 377, 378, 2
267, 2, 378, 379, 2
267, 2, 378, 379, 2
267, 2, 379, 380, 2
267, 2, 379, 380, 2
267, 2, 380, 382, 2
267, 2, 380, 382, 2
267, 2, 381, 392, 2
267, 2, 381, 392, 2
267, 2, 382, 383, 2
267, 2, 382, 383, 2
267, 2, 383, 384, 2
267, 2, 383, 384, 2
267, 2, 384, 385, 2
267, 2, 384, 385, 2
267, 2, 385, 386, 2
267, 2, 385, 386, 2
267, 2, 386, 387, 2
267, 2, 386, 387, 2
267, 2, 387, 388, 2
267, 2, 387, 388, 2
267, 2, 388, 389, 2
267, 2, 388, 389, 2
267, 2, 389, 390, 2
267, 2, 389, 390, 2
267, 2, 390, 391, 2
267, 2, 390, 391, 2
267, 2, 391, 393, 2
267, 2, 391, 393, 2
267, 2, 392, 1, 2
267, 2, 392, 1, 2
267, 2, 393, 394, 2
267, 2, 393, 394, 2
267, 2, 394, 395, 2
267, 2, 394, 395, 2
267, 2, 395, 396, 2
267, 2, 395, 396, 2
267, 2, 396, 397, 2
267, 2, 396, 397, 2
267, 2, 397, 398, 2
267, 2, 397, 398, 2
267, 2, 398, 399, 2
267, 2, 398, 399, 2
267, 2, 399, 400, 2
267, 2, 399, 400, 2
267, 2, 400, 401, 2
267, 2, 400, 401, 2
267, 2, 401, 402, 2
267, 2, 401, 402, 2
267, 2, 402, 2, 2
267, 2, 402, 2, 2
268, 3, 1, 0, 2
268, 3, 1, 0, 3
268, 3, 1, 0, 3
Goal
1
2
3
4
5
6
7
8
9
10
11
12
13
14
15
16
17
18
19
20
21
22
23
24
25
26
27
28
29
30
31
32
33
34
35
36
37
38
39
40
41
42
43
44
45
46
47
48
49
50
51
52
53
54
55
56
57
58
59
60
61
62
63
64
65
66
67
68
69
70
71
72
73
74
75
76
77
78
79
80
81
82
83
84
85
86
87
88
89
90
91
92
93
94
95
96
97
98
99
100
101
102
103
104
105
106
107
108
109
110
111
112
113
114
115
116
117
118
119
120
121
122
123
124
125
126
127
128
129
130
131
132
133
134
135
136
137
138
139
140
141
142
143
144
145
146
147
148
149
150
151
152
153
154
155
156
157
158
159
160
161
162
163
164
165
166
167
168
169
170
171
172
173
174
175
176
177
178
179
180
181
182
183
184
185
186
187
188
189
190
191
192
193
194
195
196
197
198
199
200
201
202
203
204
205
206
207
208
209
210
211
212
213
214
215
216
217
218
219
220
221
222
223
224
225
226
227
228
229
230
231
232
233
234
235
236
237
238
239
240
241
242
243
244
245
246
247
248
249
250
251
252
253
254
255
256
257
258
259
260
261
262
263
264
265
266
267
268
