CG
269
0, 1, 267, 374
1, 2, 0, 3
1, 2, 2, 3
2, 2, 0, 1
2, 2, 3, 1
3, 2, 0, 1
3, 2, 4, 1
4, 4, 0, 1
4, 4, 5, 1
4, 4, 6, 1
4, 4, 7, 1
5, 2, 0, 1
5, 2, 162, 1
6, 2, 0, 1
6, 2, 163, 1
7, 2, 0, 1
7, 2, 164, 1
8, 3, 0, 2
8, 3, 222, 1
8, 3, 19, 1
9, 5, 0, 1
9, 5, 10, 1
9, 5, 11, 1
9, 5, 12, 1
9, 5, 13, 1
10, 2, 0, 1
10, 2, 196, 1
11, 2, 0, 1
11, 2, 197, 1
12, 2, 0, 1
12, 2, 198, 1
13, 2, 0, 1
13, 2, 199, 1
14, 2, 0, 3
14, 2, 15, 3
15, 2, 0, 1
15, 2, 16, 1
16, 2, 0, 1
16, 2, 17, 1
17, 2, 0, 1
17, 2, 186, 1
18, 3, 0, 4
18, 3, 189, 4
18, 3, 267, 3
19, 2, 0, 1
19, 2, 8, 1
20, 3, 0, 2
20, 3, 201, 2
20, 3, 267, 1
21, 3, 0, 4
21, 3, 54, 4
21, 3, 267, 1
22, 3, 0, 2
22, 3, 55, 2
22, 3, 267, 1
23, 3, 0, 2
23, 3, 170, 2
23, 3, 267, 1
24, 3, 0, 2
24, 3, 171, 2
24, 3, 267, 1
25, 3, 0, 2
25, 3, 26, 2
25, 3, 267, 1
26, 4, 0, 1
26, 4, 27, 1
26, 4, 28, 1
26, 4, 29, 1
27, 3, 0, 2
27, 3, 202, 2
27, 3, 267, 1
28, 3, 0, 2
28, 3, 203, 2
28, 3, 267, 1
29, 3, 0, 2
29, 3, 204, 2
29, 3, 267, 1
30, 3, 0, 2
30, 3, 56, 2
30, 3, 267, 1
31, 3, 0, 2
31, 3, 57, 2
31, 3, 267, 1
32, 3, 0, 2
32, 3, 206, 2
32, 3, 267, 1
33, 3, 0, 2
33, 3, 236, 2
33, 3, 267, 1
34, 3, 0, 2
34, 3, 241, 2
34, 3, 267, 1
35, 3, 0, 2
35, 3, 242, 2
35, 3, 267, 1
36, 3, 0, 2
36, 3, 243, 2
36, 3, 267, 1
37, 3, 0, 2
37, 3, 244, 2
37, 3, 267, 1
38, 3, 0, 2
38, 3, 237, 2
38, 3, 267, 1
39, 3, 0, 2
39, 3, 238, 2
39, 3, 267, 1
40, 3, 0, 2
40, 3, 239, 2
40, 3, 267, 1
41, 3, 0, 2
41, 3, 207, 2
41, 3, 267, 1
42, 3, 0, 2
42, 3, 208, 2
42, 3, 267, 1
43, 3, 0, 2
43, 3, 210, 2
43, 3, 267, 1
44, 3, 0, 2
44, 3, 45, 2
44, 3, 267, 1
45, 5, 0, 1
45, 5, 46, 1
45, 5, 47, 1
45, 5, 48, 1
45, 5, 49, 1
46, 3, 0, 2
46, 3, 246, 2
46, 3, 267, 1
47, 3, 0, 2
47, 3, 247, 2
47, 3, 267, 1
48, 3, 0, 2
48, 3, 248, 2
48, 3, 267, 1
49, 3, 0, 2
49, 3, 249, 2
49, 3, 267, 1
50, 3, 0, 2
50, 3, 58, 2
50, 3, 267, 1
51, 3, 0, 2
51, 3, 213, 2
51, 3, 267, 1
52, 3, 0, 2
52, 3, 214, 2
52, 3, 267, 1
53, 3, 0, 2
53, 3, 215, 2
53, 3, 267, 1
54, 3, 0, 2
54, 3, 180, 2
54, 3, 267, 1
55, 3, 0, 2
55, 3, 251, 2
55, 3, 267, 1
56, 3, 0, 2
56, 3, 166, 2
56, 3, 267, 1
57, 3, 0, 2
57, 3, 167, 2
57, 3, 267, 1
58, 3, 0, 2
58, 3, 211, 2
58, 3, 267, 1
59, 3, 0, 3
59, 3, 113, 3
59, 3, 267, 2
60, 3, 0, 3
60, 3, 114, 3
60, 3, 267, 2
61, 3, 0, 3
61, 3, 217, 3
61, 3, 267, 2
62, 3, 0, 3
62, 3, 218, 3
62, 3, 267, 2
63, 3, 0, 3
63, 3, 256, 3
63, 3, 267, 2
64, 3, 0, 3
64, 3, 257, 3
64, 3, 267, 2
65, 5, 0, 1
65, 5, 22, 1
65, 5, 23, 1
65, 5, 24, 1
65, 5, 25, 1
66, 3, 0, 1
66, 3, 30, 1
66, 3, 31, 1
67, 4, 0, 1
67, 4, 32, 1
67, 4, 41, 1
67, 4, 42, 1
68, 5, 0, 1
68, 5, 33, 1
68, 5, 38, 1
68, 5, 39, 1
68, 5, 40, 1
69, 5, 0, 1
69, 5, 34, 1
69, 5, 35, 1
69, 5, 36, 1
69, 5, 37, 1
70, 4, 0, 1
70, 4, 43, 1
70, 4, 44, 1
70, 4, 50, 1
71, 4, 0, 1
71, 4, 51, 1
71, 4, 52, 1
71, 4, 53, 1
72, 3, 0, 4
72, 3, 117, 4
72, 3, 267, 3
73, 3, 0, 4
73, 3, 74, 4
73, 3, 267, 3
74, 4, 0, 1
74, 4, 75, 1
74, 4, 76, 1
74, 4, 77, 1
75, 3, 0, 4
75, 3, 118, 4
75, 3, 267, 3
76, 3, 0, 4
76, 3, 78, 4
76, 3, 267, 3
77, 3, 0, 4
77, 3, 192, 4
77, 3, 267, 3
78, 5, 0, 1
78, 5, 63, 1
78, 5, 64, 1
78, 5, 79, 1
78, 5, 80, 1
79, 3, 0, 4
79, 3, 258, 4
79, 3, 267, 3
80, 3, 0, 4
80, 3, 259, 4
80, 3, 267, 3
81, 3, 0, 4
81, 3, 82, 4
81, 3, 267, 3
82, 4, 0, 1
82, 4, 83, 1
82, 4, 84, 1
82, 4, 60, 1
83, 3, 0, 4
83, 3, 119, 4
83, 3, 267, 3
84, 3, 0, 4
84, 3, 85, 4
84, 3, 267, 3
85, 3, 0, 1
85, 3, 86, 1
85, 3, 59, 1
86, 3, 0, 4
86, 3, 175, 4
86, 3, 267, 3
87, 4, 0, 3
87, 4, 222, 2
87, 4, 172, 1
87, 4, 267, 1
88, 3, 0, 5
88, 3, 89, 5
88, 3, 267, 1
89, 3, 0, 2
89, 3, 232, 2
89, 3, 267, 1
90, 3, 0, 4
90, 3, 121, 4
90, 3, 267, 3
91, 3, 0, 4
91, 3, 191, 4
91, 3, 267, 3
92, 3, 0, 5
92, 3, 93, 5
92, 3, 267, 1
93, 3, 0, 2
93, 3, 190, 2
93, 3, 267, 1
94, 3, 0, 4
94, 3, 122, 4
94, 3, 267, 3
95, 3, 0, 4
95, 3, 123, 4
95, 3, 267, 3
96, 3, 0, 4
96, 3, 125, 4
96, 3, 267, 3
97, 4, 0, 3
97, 4, 173, 1
97, 4, 98, 2
97, 4, 267, 1
98, 3, 0, 2
98, 3, 169, 2
98, 3, 267, 1
99, 4, 0, 3
99, 4, 235, 2
99, 4, 169, 1
99, 4, 267, 1
100, 4, 0, 3
100, 4, 170, 1
100, 4, 252, 2
100, 4, 267, 1
101, 4, 0, 3
101, 4, 171, 1
101, 4, 253, 2
101, 4, 267, 1
102, 3, 0, 4
102, 3, 195, 4
102, 3, 267, 3
103, 3, 0, 4
103, 3, 177, 4
103, 3, 267, 3
104, 3, 0, 4
104, 3, 178, 4
104, 3, 267, 3
105, 3, 0, 2
105, 3, 68, 2
105, 3, 267, 1
106, 3, 0, 2
106, 3, 69, 2
106, 3, 267, 1
107, 3, 0, 2
107, 3, 108, 2
107, 3, 267, 1
108, 3, 0, 2
108, 3, 189, 2
108, 3, 267, 1
109, 3, 0, 2
109, 3, 110, 2
109, 3, 267, 1
110, 3, 0, 2
110, 3, 266, 2
110, 3, 267, 1
111, 5, 0, 1
111, 5, 73, 1
111, 5, 91, 1
111, 5, 94, 1
111, 5, 95, 1
112, 4, 0, 1
112, 4, 61, 1
112, 4, 62, 1
112, 4, 20, 1
113, 3, 0, 4
113, 3, 176, 4
113, 3, 267, 3
114, 5, 0, 6
114, 5, 88, 2
114, 5, 9, 1
114, 5, 112, 3
114, 5, 267, 3
115, 3, 0, 6
115, 3, 184, 6
115, 3, 267, 5
116, 3, 0, 6
116, 3, 185, 6
116, 3, 267, 5
117, 3, 0, 4
117, 3, 126, 4
117, 3, 267, 3
118, 3, 0, 4
118, 3, 128, 4
118, 3, 267, 3
119, 5, 0, 6
119, 5, 19, 1
119, 5, 172, 2
119, 5, 120, 3
119, 5, 267, 3
120, 3, 0, 3
120, 3, 222, 3
120, 3, 267, 2
121, 3, 0, 4
121, 3, 187, 4
121, 3, 267, 3
122, 4, 0, 5
122, 4, 186, 4
122, 4, 14, 1
122, 4, 267, 3
123, 3, 0, 4
123, 3, 124, 4
123, 3, 267, 3
124, 3, 0, 3
124, 3, 193, 3
124, 3, 267, 2
125, 5, 0, 6
125, 5, 173, 2
125, 5, 65, 2
125, 5, 66, 2
125, 5, 267, 3
126, 3, 0, 4
126, 3, 127, 4
126, 3, 267, 3
127, 3, 0, 3
127, 3, 194, 3
127, 3, 267, 2
128, 3, 0, 4
128, 3, 225, 4
128, 3, 267, 3
129, 4, 0, 1
129, 4, 72, 1
129, 4, 96, 1
129, 4, 102, 1
130, 3, 0, 1
130, 3, 81, 1
130, 3, 90, 1
131, 3, 0, 3
131, 3, 132, 3
131, 3, 267, 2
132, 4, 0, 4
132, 4, 21, 1
132, 4, 133, 3
132, 4, 267, 2
133, 3, 0, 4
133, 3, 134, 4
133, 3, 267, 2
134, 3, 0, 2
134, 3, 180, 2
134, 3, 267, 1
135, 3, 0, 1
135, 3, 103, 1
135, 3, 104, 1
136, 3, 0, 3
136, 3, 137, 3
136, 3, 267, 2
137, 3, 0, 3
137, 3, 138, 3
137, 3, 267, 2
138, 3, 0, 3
138, 3, 266, 3
138, 3, 267, 2
139, 3, 0, 4
139, 3, 129, 4
139, 3, 267, 3
140, 3, 0, 3
140, 3, 111, 3
140, 3, 267, 2
141, 3, 0, 1
141, 3, 115, 1
141, 3, 116, 1
142, 3, 0, 4
142, 3, 130, 4
142, 3, 267, 3
143, 3, 0, 4
143, 3, 144, 4
143, 3, 267, 3
144, 3, 0, 7
144, 3, 145, 7
144, 3, 267, 3
145, 3, 0, 4
145, 3, 226, 4
145, 3, 267, 3
146, 3, 0, 4
146, 3, 227, 4
146, 3, 267, 3
147, 3, 0, 4
147, 3, 148, 4
147, 3, 267, 3
148, 3, 0, 4
148, 3, 149, 4
148, 3, 267, 3
149, 3, 0, 4
149, 3, 150, 4
149, 3, 267, 3
150, 3, 0, 4
150, 3, 151, 4
150, 3, 267, 3
151, 3, 0, 4
151, 3, 135, 4
151, 3, 267, 3
152, 3, 0, 5
152, 3, 190, 5
152, 3, 267, 4
153, 4, 0, 5
153, 4, 139, 3
153, 4, 67, 2
153, 4, 267, 3
154, 4, 0, 5
154, 4, 187, 1
154, 4, 181, 4
154, 4, 267, 3
155, 6, 0, 8
155, 6, 1, 1
155, 6, 70, 2
155, 6, 136, 3
155, 6, 71, 2
155, 6, 267, 4
156, 4, 0, 7
156, 4, 191, 3
156, 4, 263, 4
156, 4, 267, 5
157, 4, 0, 6
157, 4, 92, 2
157, 4, 152, 4
157, 4, 267, 4
158, 4, 0, 8
158, 4, 192, 4
158, 4, 146, 4
158, 4, 267, 6
159, 4, 0, 8
159, 4, 193, 5
159, 4, 131, 3
159, 4, 267, 6
160, 4, 0, 9
160, 4, 194, 5
160, 4, 229, 4
160, 4, 267, 7
161, 4, 0, 10
161, 4, 195, 6
161, 4, 147, 4
161, 4, 267, 8
162, 4, 0, 1
162, 4, 163, 1
162, 4, 164, 1
162, 4, 165, 1
163, 4, 0, 1
163, 4, 162, 1
163, 4, 164, 1
163, 4, 165, 1
164, 4, 0, 1
164, 4, 162, 1
164, 4, 163, 1
164, 4, 165, 1
165, 2, 0, 1
165, 2, 266, 1
166, 3, 0, 1
166, 3, 167, 1
166, 3, 168, 1
167, 3, 0, 1
167, 3, 166, 1
167, 3, 168, 1
168, 3, 0, 2
168, 3, 235, 2
168, 3, 267, 1
169, 3, 0, 2
169, 3, 99, 2
169, 3, 267, 1
170, 3, 0, 2
170, 3, 100, 2
170, 3, 267, 1
171, 3, 0, 2
171, 3, 101, 2
171, 3, 267, 1
172, 3, 0, 2
172, 3, 87, 2
172, 3, 267, 1
173, 3, 0, 2
173, 3, 97, 2
173, 3, 267, 1
174, 3, 0, 3
174, 3, 221, 3
174, 3, 267, 2
175, 3, 0, 1
175, 3, 176, 1
175, 3, 174, 1
176, 3, 0, 1
176, 3, 175, 1
176, 3, 174, 1
177, 3, 0, 1
177, 3, 178, 1
177, 3, 179, 1
178, 3, 0, 1
178, 3, 177, 1
178, 3, 179, 1
179, 3, 0, 4
179, 3, 230, 4
179, 3, 267, 3
180, 3, 0, 3
180, 3, 261, 3
180, 3, 267, 2
181, 3, 0, 1
181, 3, 188, 1
181, 3, 182, 1
182, 3, 0, 4
182, 3, 268, 4
182, 3, 267, 3
183, 3, 0, 5
183, 3, 154, 5
183, 3, 267, 4
184, 3, 0, 1
184, 3, 185, 1
184, 3, 183, 1
185, 3, 0, 1
185, 3, 184, 1
185, 3, 183, 1
186, 3, 0, 4
186, 3, 264, 4
186, 3, 267, 3
187, 3, 0, 5
187, 3, 141, 5
187, 3, 267, 4
188, 3, 0, 1
188, 3, 181, 1
188, 3, 182, 1
189, 3, 0, 5
189, 3, 155, 5
189, 3, 267, 4
190, 3, 0, 5
190, 3, 156, 5
190, 3, 267, 4
191, 3, 0, 6
191, 3, 157, 6
191, 3, 267, 5
192, 3, 0, 6
192, 3, 158, 6
192, 3, 267, 5
193, 3, 0, 8
193, 3, 159, 8
193, 3, 267, 7
194, 3, 0, 8
194, 3, 160, 8
194, 3, 267, 7
195, 3, 0, 9
195, 3, 161, 9
195, 3, 267, 8
196, 5, 0, 1
196, 5, 197, 1
196, 5, 198, 1
196, 5, 199, 1
196, 5, 200, 1
197, 5, 0, 1
197, 5, 196, 1
197, 5, 198, 1
197, 5, 199, 1
197, 5, 200, 1
198, 5, 0, 1
198, 5, 196, 1
198, 5, 197, 1
198, 5, 199, 1
198, 5, 200, 1
199, 5, 0, 1
199, 5, 196, 1
199, 5, 197, 1
199, 5, 198, 1
199, 5, 200, 1
200, 2, 0, 1
200, 2, 232, 1
201, 4, 0, 1
201, 4, 217, 1
201, 4, 218, 1
201, 4, 219, 1
202, 4, 0, 1
202, 4, 203, 1
202, 4, 204, 1
202, 4, 205, 1
203, 4, 0, 1
203, 4, 202, 1
203, 4, 204, 1
203, 4, 205, 1
204, 4, 0, 1
204, 4, 202, 1
204, 4, 203, 1
204, 4, 205, 1
205, 3, 0, 2
205, 3, 254, 2
205, 3, 267, 1
206, 4, 0, 1
206, 4, 207, 1
206, 4, 208, 1
206, 4, 209, 1
207, 4, 0, 1
207, 4, 206, 1
207, 4, 208, 1
207, 4, 209, 1
208, 4, 0, 1
208, 4, 206, 1
208, 4, 207, 1
208, 4, 209, 1
209, 3, 0, 2
209, 3, 105, 2
209, 3, 267, 1
210, 4, 0, 1
210, 4, 220, 1
210, 4, 211, 1
210, 4, 212, 1
211, 4, 0, 1
211, 4, 210, 1
211, 4, 220, 1
211, 4, 212, 1
212, 3, 0, 2
212, 3, 266, 2
212, 3, 267, 1
213, 4, 0, 1
213, 4, 214, 1
213, 4, 215, 1
213, 4, 216, 1
214, 4, 0, 1
214, 4, 213, 1
214, 4, 215, 1
214, 4, 216, 1
215, 4, 0, 1
215, 4, 213, 1
215, 4, 214, 1
215, 4, 216, 1
216, 3, 0, 2
216, 3, 109, 2
216, 3, 267, 1
217, 4, 0, 1
217, 4, 218, 1
217, 4, 201, 1
217, 4, 219, 1
218, 4, 0, 1
218, 4, 217, 1
218, 4, 201, 1
218, 4, 219, 1
219, 3, 0, 3
219, 3, 232, 3
219, 3, 267, 2
220, 4, 0, 1
220, 4, 210, 1
220, 4, 211, 1
220, 4, 212, 1
221, 4, 0, 1
221, 4, 223, 1
221, 4, 233, 1
221, 4, 224, 1
222, 3, 0, 3
222, 3, 223, 3
222, 3, 267, 2
223, 4, 0, 1
223, 4, 221, 1
223, 4, 233, 1
223, 4, 224, 1
224, 3, 0, 4
224, 3, 188, 4
224, 3, 267, 3
225, 4, 0, 1
225, 4, 226, 1
225, 4, 227, 1
225, 4, 228, 1
226, 4, 0, 1
226, 4, 225, 1
226, 4, 227, 1
226, 4, 228, 1
227, 4, 0, 1
227, 4, 225, 1
227, 4, 226, 1
227, 4, 228, 1
228, 3, 0, 4
228, 3, 262, 4
228, 3, 267, 3
229, 4, 0, 1
229, 4, 234, 1
229, 4, 231, 1
229, 4, 230, 1
230, 4, 0, 1
230, 4, 229, 1
230, 4, 234, 1
230, 4, 231, 1
231, 3, 0, 4
231, 3, 140, 4
231, 3, 267, 3
232, 3, 0, 3
232, 3, 233, 3
232, 3, 267, 2
233, 4, 0, 1
233, 4, 223, 1
233, 4, 221, 1
233, 4, 224, 1
234, 4, 0, 1
234, 4, 229, 1
234, 4, 231, 1
234, 4, 230, 1
235, 3, 0, 3
235, 3, 234, 3
235, 3, 267, 2
236, 5, 0, 1
236, 5, 237, 1
236, 5, 238, 1
236, 5, 239, 1
236, 5, 240, 1
237, 5, 0, 1
237, 5, 236, 1
237, 5, 238, 1
237, 5, 239, 1
237, 5, 240, 1
238, 5, 0, 1
238, 5, 236, 1
238, 5, 237, 1
238, 5, 239, 1
238, 5, 240, 1
239, 5, 0, 1
239, 5, 236, 1
239, 5, 237, 1
239, 5, 238, 1
239, 5, 240, 1
240, 3, 0, 2
240, 3, 106, 2
240, 3, 267, 1
241, 5, 0, 1
241, 5, 242, 1
241, 5, 243, 1
241, 5, 244, 1
241, 5, 245, 1
242, 5, 0, 1
242, 5, 241, 1
242, 5, 243, 1
242, 5, 244, 1
242, 5, 245, 1
243, 5, 0, 1
243, 5, 241, 1
243, 5, 242, 1
243, 5, 244, 1
243, 5, 245, 1
244, 5, 0, 1
244, 5, 241, 1
244, 5, 242, 1
244, 5, 243, 1
244, 5, 245, 1
245, 3, 0, 2
245, 3, 107, 2
245, 3, 267, 1
246, 5, 0, 1
246, 5, 247, 1
246, 5, 248, 1
246, 5, 249, 1
246, 5, 250, 1
247, 5, 0, 1
247, 5, 246, 1
247, 5, 248, 1
247, 5, 249, 1
247, 5, 250, 1
248, 5, 0, 1
248, 5, 246, 1
248, 5, 247, 1
248, 5, 249, 1
248, 5, 250, 1
249, 5, 0, 1
249, 5, 246, 1
249, 5, 247, 1
249, 5, 248, 1
249, 5, 250, 1
250, 3, 0, 2
250, 3, 220, 2
250, 3, 267, 1
251, 5, 0, 1
251, 5, 252, 1
251, 5, 253, 1
251, 5, 254, 1
251, 5, 255, 1
252, 5, 0, 1
252, 5, 251, 1
252, 5, 253, 1
252, 5, 254, 1
252, 5, 255, 1
253, 5, 0, 1
253, 5, 251, 1
253, 5, 252, 1
253, 5, 254, 1
253, 5, 255, 1
254, 5, 0, 1
254, 5, 251, 1
254, 5, 252, 1
254, 5, 253, 1
254, 5, 255, 1
255, 3, 0, 2
255, 3, 235, 2
255, 3, 267, 1
256, 5, 0, 1
256, 5, 257, 1
256, 5, 258, 1
256, 5, 259, 1
256, 5, 260, 1
257, 5, 0, 1
257, 5, 256, 1
257, 5, 258, 1
257, 5, 259, 1
257, 5, 260, 1
258, 5, 0, 1
258, 5, 256, 1
258, 5, 257, 1
258, 5, 259, 1
258, 5, 260, 1
259, 5, 0, 1
259, 5, 256, 1
259, 5, 257, 1
259, 5, 258, 1
259, 5, 260, 1
260, 3, 0, 4
260, 3, 143, 4
260, 3, 267, 3
261, 5, 0, 1
261, 5, 262, 1
261, 5, 263, 1
261, 5, 264, 1
261, 5, 265, 1
262, 5, 0, 1
262, 5, 263, 1
262, 5, 264, 1
262, 5, 261, 1
262, 5, 265, 1
263, 5, 0, 1
263, 5, 262, 1
263, 5, 264, 1
263, 5, 261, 1
263, 5, 265, 1
264, 5, 0, 1
264, 5, 262, 1
264, 5, 263, 1
264, 5, 261, 1
264, 5, 265, 1
265, 3, 0, 4
265, 3, 142, 4
265, 3, 267, 3
266, 3, 0, 5
266, 3, 153, 5
266, 3, 267, 4
267, 241, 0, 374
267, 241, 18, 3
267, 241, 268, 3
267, 241, 114, 5
267, 241, 232, 5
267, 241, 125, 6
267, 241, 235, 5
267, 241, 88, 2
267, 241, 89, 2
267, 241, 173, 2
267, 241, 97, 2
267, 241, 193, 13
267, 241, 159, 13
267, 241, 169, 2
267, 241, 99, 2
267, 241, 144, 6
267, 241, 145, 6
267, 241, 132, 4
267, 241, 180, 4
267, 241, 21, 1
267, 241, 189, 8
267, 241, 54, 2
267, 241, 153, 7
267, 241, 155, 8
267, 241, 266, 8
267, 241, 192, 11
267, 241, 158, 11
267, 241, 170, 2
267, 241, 100, 2
267, 241, 133, 4
267, 241, 134, 3
267, 241, 171, 2
267, 241, 101, 2
267, 241, 191, 10
267, 241, 156, 9
267, 241, 157, 9
267, 241, 190, 9
267, 241, 187, 7
267, 241, 154, 7
267, 241, 92, 2
267, 241, 93, 2
267, 241, 119, 6
267, 241, 222, 5
267, 241, 195, 16
267, 241, 161, 16
267, 241, 172, 2
267, 241, 87, 2
267, 241, 122, 6
267, 241, 186, 6
267, 241, 194, 13
267, 241, 160, 14
267, 241, 127, 5
267, 241, 117, 6
267, 241, 72, 3
267, 241, 229, 3
267, 241, 98, 2
267, 241, 55, 2
267, 241, 22, 1
267, 241, 251, 1
267, 241, 23, 1
267, 241, 252, 1
267, 241, 24, 1
267, 241, 253, 1
267, 241, 27, 1
267, 241, 202, 1
267, 241, 28, 1
267, 241, 203, 1
267, 241, 29, 1
267, 241, 204, 1
267, 241, 26, 1
267, 241, 205, 1
267, 241, 25, 1
267, 241, 254, 1
267, 241, 65, 1
267, 241, 255, 1
267, 241, 56, 2
267, 241, 30, 1
267, 241, 166, 1
267, 241, 57, 2
267, 241, 31, 1
267, 241, 167, 1
267, 241, 66, 1
267, 241, 168, 1
267, 241, 96, 3
267, 241, 234, 2
267, 241, 129, 3
267, 241, 231, 3
267, 241, 139, 5
267, 241, 128, 6
267, 241, 118, 6
267, 241, 75, 3
267, 241, 225, 3
267, 241, 63, 2
267, 241, 256, 2
267, 241, 64, 2
267, 241, 257, 2
267, 241, 79, 3
267, 241, 258, 3
267, 241, 80, 3
267, 241, 259, 3
267, 241, 78, 3
267, 241, 260, 3
267, 241, 143, 6
267, 241, 76, 3
267, 241, 226, 3
267, 241, 146, 6
267, 241, 77, 3
267, 241, 227, 3
267, 241, 74, 3
267, 241, 228, 3
267, 241, 73, 3
267, 241, 262, 3
267, 241, 152, 7
267, 241, 91, 3
267, 241, 263, 3
267, 241, 94, 3
267, 241, 264, 3
267, 241, 123, 6
267, 241, 124, 5
267, 241, 131, 4
267, 241, 95, 3
267, 241, 261, 2
267, 241, 111, 2
267, 241, 265, 3
267, 241, 120, 4
267, 241, 83, 3
267, 241, 223, 2
267, 241, 86, 3
267, 241, 175, 3
267, 241, 113, 5
267, 241, 59, 2
267, 241, 176, 3
267, 241, 85, 3
267, 241, 174, 2
267, 241, 84, 3
267, 241, 221, 2
267, 241, 61, 2
267, 241, 217, 2
267, 241, 62, 2
267, 241, 218, 2
267, 241, 20, 1
267, 241, 201, 1
267, 241, 112, 2
267, 241, 219, 2
267, 241, 60, 2
267, 241, 233, 2
267, 241, 82, 3
267, 241, 224, 3
267, 241, 81, 3
267, 241, 188, 3
267, 241, 115, 5
267, 241, 184, 5
267, 241, 116, 5
267, 241, 185, 5
267, 241, 141, 4
267, 241, 183, 4
267, 241, 121, 6
267, 241, 90, 3
267, 241, 181, 3
267, 241, 130, 3
267, 241, 182, 3
267, 241, 142, 6
267, 241, 140, 5
267, 241, 43, 1
267, 241, 210, 1
267, 241, 46, 1
267, 241, 246, 1
267, 241, 47, 1
267, 241, 247, 1
267, 241, 48, 1
267, 241, 248, 1
267, 241, 49, 1
267, 241, 249, 1
267, 241, 45, 1
267, 241, 250, 1
267, 241, 44, 1
267, 241, 220, 1
267, 241, 58, 2
267, 241, 50, 1
267, 241, 211, 1
267, 241, 70, 1
267, 241, 212, 1
267, 241, 136, 4
267, 241, 138, 4
267, 241, 137, 4
267, 241, 51, 1
267, 241, 213, 1
267, 241, 52, 1
267, 241, 214, 1
267, 241, 53, 1
267, 241, 215, 1
267, 241, 71, 1
267, 241, 216, 1
267, 241, 110, 2
267, 241, 109, 2
267, 241, 32, 1
267, 241, 206, 1
267, 241, 41, 1
267, 241, 207, 1
267, 241, 42, 1
267, 241, 208, 1
267, 241, 67, 1
267, 241, 209, 1
267, 241, 33, 1
267, 241, 236, 1
267, 241, 38, 1
267, 241, 237, 1
267, 241, 39, 1
267, 241, 238, 1
267, 241, 40, 1
267, 241, 239, 1
267, 241, 68, 1
267, 241, 240, 1
267, 241, 105, 2
267, 241, 34, 1
267, 241, 241, 1
267, 241, 35, 1
267, 241, 242, 1
267, 241, 36, 1
267, 241, 243, 1
267, 241, 37, 1
267, 241, 244, 1
267, 241, 69, 1
267, 241, 245, 1
267, 241, 108, 2
267, 241, 107, 2
267, 241, 106, 2
267, 241, 148, 6
267, 241, 147, 6
267, 241, 150, 6
267, 241, 103, 3
267, 241, 177, 3
267, 241, 104, 3
267, 241, 178, 3
267, 241, 135, 3
267, 241, 179, 3
267, 241, 151, 6
267, 241, 149, 6
267, 241, 102, 3
267, 241, 230, 3
267, 241, 126, 6
DTG
0, 222, 0, 1, 2
0, 222, 0, 1, 2
0, 222, 0, 1, 2
0, 222, 0, 1, 2
0, 222, 0, 1, 2
0, 222, 0, 1, 2
0, 222, 0, 1, 2
0, 222, 0, 1, 2
0, 222, 0, 1, 2
0, 222, 0, 1, 2
0, 222, 0, 1, 2
0, 222, 0, 1, 2
0, 222, 0, 1, 2
0, 222, 0, 1, 2
0, 222, 0, 1, 2
0, 222, 0, 1, 2
0, 222, 0, 1, 2
0, 222, 0, 1, 2
0, 222, 0, 1, 2
0, 222, 0, 1, 2
0, 222, 0, 1, 2
0, 222, 0, 1, 2
0, 222, 0, 1, 2
0, 222, 0, 1, 2
0, 222, 0, 1, 2
0, 222, 0, 1, 2
0, 222, 0, 1, 2
0, 222, 0, 1, 2
0, 222, 0, 1, 2
0, 222, 0, 1, 2
0, 222, 0, 1, 2
0, 222, 0, 1, 2
0, 222, 0, 1, 2
0, 222, 0, 1, 2
0, 222, 0, 1, 2
0, 222, 0, 1, 2
0, 222, 0, 1, 2
0, 222, 0, 1, 2
0, 222, 0, 1, 2
0, 222, 0, 1, 2
0, 222, 0, 1, 2
0, 222, 0, 1, 2
0, 222, 0, 1, 2
0, 222, 0, 1, 2
0, 222, 0, 1, 2
0, 222, 0, 1, 2
0, 222, 0, 1, 2
0, 222, 0, 1, 2
0, 222, 0, 1, 2
0, 222, 0, 1, 2
0, 222, 0, 1, 2
0, 222, 0, 1, 2
0, 222, 0, 1, 2
0, 222, 0, 1, 2
0, 222, 0, 1, 2
0, 222, 0, 1, 2
0, 222, 0, 1, 2
0, 222, 0, 1, 2
0, 222, 0, 1, 2
0, 222, 0, 1, 2
0, 222, 0, 1, 2
0, 222, 0, 1, 2
0, 222, 0, 1, 2
0, 222, 0, 1, 2
0, 222, 0, 1, 2
0, 222, 0, 1, 2
0, 222, 0, 1, 2
0, 222, 0, 1, 2
0, 222, 0, 1, 2
0, 222, 0, 1, 2
0, 222, 0, 1, 2
0, 222, 0, 1, 2
0, 222, 0, 1, 2
0, 222, 0, 1, 2
0, 222, 0, 1, 2
0, 222, 0, 1, 2
0, 222, 0, 1, 2
0, 222, 0, 1, 2
0, 222, 0, 1, 2
0, 222, 0, 1, 2
0, 222, 0, 1, 2
0, 222, 0, 1, 2
0, 222, 0, 1, 2
0, 222, 0, 1, 2
0, 222, 0, 1, 2
0, 222, 0, 1, 2
0, 222, 0, 1, 2
0, 222, 0, 1, 2
0, 222, 0, 1, 2
0, 222, 0, 1, 2
0, 222, 0, 1, 2
0, 222, 0, 1, 2
0, 222, 0, 1, 2
0, 222, 0, 1, 2
0, 222, 0, 1, 2
0, 222, 0, 1, 2
0, 222, 0, 1, 2
0, 222, 0, 1, 2
0, 222, 0, 1, 2
0, 222, 0, 1, 2
0, 222, 0, 1, 2
0, 222, 0, 1, 2
0, 222, 0, 1, 2
0, 222, 0, 1, 2
0, 222, 0, 1, 2
0, 222, 0, 1, 2
0, 222, 0, 1, 2
0, 222, 0, 1, 2
0, 222, 0, 1, 2
0, 222, 0, 1, 2
0, 222, 0, 1, 2
0, 222, 0, 1, 2
0, 222, 0, 1, 2
0, 222, 0, 1, 2
0, 222, 0, 1, 2
0, 222, 0, 1, 2
0, 222, 0, 1, 2
0, 222, 0, 1, 2
0, 222, 0, 1, 2
0, 222, 0, 1, 2
0, 222, 0, 1, 2
0, 222, 0, 1, 2
0, 222, 0, 1, 2
0, 222, 0, 1, 2
0, 222, 0, 1, 2
0, 222, 0, 1, 2
0, 222, 0, 1, 2
0, 222, 0, 1, 2
0, 222, 0, 1, 2
0, 222, 0, 1, 2
0, 222, 0, 1, 2
0, 222, 0, 1, 2
0, 222, 0, 1, 2
0, 222, 0, 1, 2
0, 222, 0, 1, 2
0, 222, 0, 1, 2
0, 222, 0, 1, 2
0, 222, 0, 1, 2
0, 222, 0, 1, 2
0, 222, 0, 1, 2
0, 222, 0, 1, 2
0, 222, 0, 1, 2
0, 222, 0, 1, 2
0, 222, 0, 1, 2
0, 222, 0, 1, 2
0, 222, 0, 1, 2
0, 222, 0, 1, 2
0, 222, 0, 1, 2
0, 222, 0, 1, 2
0, 222, 0, 1, 2
0, 222, 0, 1, 2
0, 222, 0, 1, 2
0, 222, 0, 1, 2
0, 222, 0, 1, 2
0, 222, 0, 1, 2
0, 222, 0, 1, 2
0, 222, 0, 1, 2
0, 222, 0, 1, 2
0, 222, 0, 1, 2
0, 222, 0, 1, 2
0, 222, 0, 1, 2
0, 222, 0, 1, 2
0, 222, 0, 1, 2
0, 222, 0, 1, 2
0, 222, 0, 1, 2
0, 222, 0, 1, 2
0, 222, 0, 1, 2
0, 222, 0, 1, 2
0, 222, 0, 1, 2
0, 222, 0, 1, 2
0, 222, 0, 1, 2
0, 222, 0, 1, 2
0, 222, 0, 1, 2
0, 222, 0, 1, 2
0, 222, 0, 1, 2
0, 222, 0, 1, 2
0, 222, 0, 1, 2
0, 222, 0, 1, 2
0, 222, 0, 1, 2
0, 222, 0, 1, 2
0, 222, 0, 1, 2
0, 222, 0, 1, 2
0, 222, 0, 1, 2
0, 222, 0, 1, 2
0, 222, 0, 1, 2
0, 222, 0, 1, 2
0, 222, 0, 1, 2
0, 222, 0, 1, 2
0, 222, 0, 1, 2
0, 222, 0, 1, 2
0, 222, 0, 1, 2
0, 222, 0, 1, 2
0, 222, 0, 1, 2
0, 222, 0, 1, 2
0, 222, 0, 1, 2
0, 222, 0, 1, 2
0, 222, 0, 1, 2
0, 222, 0, 1, 2
0, 222, 0, 1, 2
0, 222, 0, 1, 2
0, 222, 0, 1, 2
0, 222, 0, 1, 3
0, 222, 0, 1, 3
0, 222, 0, 1, 3
0, 222, 0, 1, 3
0, 222, 0, 1, 3
0, 222, 0, 1, 4
0, 222, 0, 1, 4
0, 222, 0, 1, 4
0, 222, 0, 1, 4
0, 222, 0, 1, 4
0, 222, 0, 1, 4
0, 222, 0, 1, 4
0, 222, 0, 1, 4
0, 222, 0, 1, 4
0, 222, 0, 1, 5
0, 222, 0, 1, 5
0, 222, 0, 1, 5
0, 222, 0, 1, 5
0, 222, 0, 1, 5
0, 222, 0, 1, 5
0, 222, 0, 1, 5
0, 374, 1, 0, 3
0, 374, 1, 0, 3
0, 374, 1, 0, 3
0, 374, 1, 0, 3
0, 374, 1, 0, 3
0, 374, 1, 0, 3
0, 374, 1, 0, 3
0, 374, 1, 0, 3
0, 374, 1, 0, 3
0, 374, 1, 0, 3
0, 374, 1, 0, 3
0, 374, 1, 0, 3
0, 374, 1, 0, 3
0, 374, 1, 0, 3
0, 374, 1, 0, 3
0, 374, 1, 0, 3
0, 374, 1, 0, 3
0, 374, 1, 0, 3
0, 374, 1, 0, 3
0, 374, 1, 0, 3
0, 374, 1, 0, 3
0, 374, 1, 0, 3
0, 374, 1, 0, 3
0, 374, 1, 0, 3
0, 374, 1, 0, 3
0, 374, 1, 0, 3
0, 374, 1, 0, 3
0, 374, 1, 0, 3
0, 374, 1, 0, 3
0, 374, 1, 0, 3
0, 374, 1, 0, 3
0, 374, 1, 0, 3
0, 374, 1, 0, 3
0, 374, 1, 0, 3
0, 374, 1, 0, 3
0, 374, 1, 0, 3
0, 374, 1, 0, 3
0, 374, 1, 0, 3
0, 374, 1, 0, 3
0, 374, 1, 0, 3
0, 374, 1, 0, 3
0, 374, 1, 0, 3
0, 374, 1, 0, 3
0, 374, 1, 0, 3
0, 374, 1, 0, 3
0, 374, 1, 0, 3
0, 374, 1, 0, 3
0, 374, 1, 0, 3
0, 374, 1, 0, 3
0, 374, 1, 0, 3
0, 374, 1, 0, 3
0, 374, 1, 0, 3
0, 374, 1, 0, 3
0, 374, 1, 0, 3
0, 374, 1, 0, 3
0, 374, 1, 0, 3
0, 374, 1, 0, 3
0, 374, 1, 0, 3
0, 374, 1, 0, 3
0, 374, 1, 0, 3
0, 374, 1, 0, 3
0, 374, 1, 0, 3
0, 374, 1, 0, 3
0, 374, 1, 0, 3
0, 374, 1, 0, 3
0, 374, 1, 0, 3
0, 374, 1, 0, 3
0, 374, 1, 0, 3
0, 374, 1, 0, 3
0, 374, 1, 0, 3
0, 374, 1, 0, 3
0, 374, 1, 0, 3
0, 374, 1, 0, 3
0, 374, 1, 0, 3
0, 374, 1, 0, 3
0, 374, 1, 0, 3
0, 374, 1, 0, 3
0, 374, 1, 0, 3
0, 374, 1, 0, 3
0, 374, 1, 0, 3
0, 374, 1, 0, 3
0, 374, 1, 0, 3
0, 374, 1, 0, 3
0, 374, 1, 0, 3
0, 374, 1, 0, 3
0, 374, 1, 0, 3
0, 374, 1, 0, 3
0, 374, 1, 0, 3
0, 374, 1, 0, 3
0, 374, 1, 0, 3
0, 374, 1, 0, 3
0, 374, 1, 0, 3
0, 374, 1, 0, 3
0, 374, 1, 0, 3
0, 374, 1, 0, 3
0, 374, 1, 0, 3
0, 374, 1, 0, 3
0, 374, 1, 0, 3
0, 374, 1, 0, 3
0, 374, 1, 0, 3
0, 374, 1, 0, 3
0, 374, 1, 0, 3
0, 374, 1, 0, 3
0, 374, 1, 0, 3
0, 374, 1, 0, 3
0, 374, 1, 0, 3
0, 374, 1, 0, 3
0, 374, 1, 0, 3
0, 374, 1, 0, 3
0, 374, 1, 0, 3
0, 374, 1, 0, 3
0, 374, 1, 0, 3
0, 374, 1, 0, 3
0, 374, 1, 0, 3
0, 374, 1, 0, 3
0, 374, 1, 0, 3
0, 374, 1, 0, 3
0, 374, 1, 0, 3
0, 374, 1, 0, 3
0, 374, 1, 0, 3
0, 374, 1, 0, 3
0, 374, 1, 0, 3
0, 374, 1, 0, 3
0, 374, 1, 0, 3
0, 374, 1, 0, 3
0, 374, 1, 0, 3
0, 374, 1, 0, 3
0, 374, 1, 0, 3
0, 374, 1, 0, 3
0, 374, 1, 0, 3
0, 374, 1, 0, 3
0, 374, 1, 0, 3
0, 374, 1, 0, 3
0, 374, 1, 0, 3
0, 374, 1, 0, 3
0, 374, 1, 0, 3
0, 374, 1, 0, 3
0, 374, 1, 0, 3
0, 374, 1, 0, 3
0, 374, 1, 0, 3
0, 374, 1, 0, 3
0, 374, 1, 0, 3
0, 374, 1, 0, 3
0, 374, 1, 0, 3
0, 374, 1, 0, 3
0, 374, 1, 0, 3
0, 374, 1, 0, 3
0, 374, 1, 0, 3
0, 374, 1, 0, 3
0, 374, 1, 0, 3
0, 374, 1, 0, 3
0, 374, 1, 0, 3
0, 374, 1, 0, 3
0, 374, 1, 0, 3
0, 374, 1, 0, 3
0, 374, 1, 0, 3
0, 374, 1, 0, 3
0, 374, 1, 0, 3
0, 374, 1, 0, 3
0, 374, 1, 0, 3
0, 374, 1, 0, 3
0, 374, 1, 0, 3
0, 374, 1, 0, 3
0, 374, 1, 0, 3
0, 374, 1, 0, 3
0, 374, 1, 0, 3
0, 374, 1, 0, 3
0, 374, 1, 0, 3
0, 374, 1, 0, 3
0, 374, 1, 0, 3
0, 374, 1, 0, 3
0, 374, 1, 0, 3
0, 374, 1, 0, 3
0, 374, 1, 0, 3
0, 374, 1, 0, 3
0, 374, 1, 0, 3
0, 374, 1, 0, 3
0, 374, 1, 0, 3
0, 374, 1, 0, 3
0, 374, 1, 0, 3
0, 374, 1, 0, 3
0, 374, 1, 0, 3
0, 374, 1, 0, 3
0, 374, 1, 0, 3
0, 374, 1, 0, 3
0, 374, 1, 0, 3
0, 374, 1, 0, 3
0, 374, 1, 0, 3
0, 374, 1, 0, 3
0, 374, 1, 0, 3
0, 374, 1, 0, 3
0, 374, 1, 0, 3
0, 374, 1, 0, 3
0, 374, 1, 0, 3
0, 374, 1, 0, 3
0, 374, 1, 0, 3
0, 374, 1, 0, 3
0, 374, 1, 0, 3
0, 374, 1, 0, 3
0, 374, 1, 0, 3
0, 374, 1, 0, 3
0, 374, 1, 0, 3
0, 374, 1, 0, 3
0, 374, 1, 0, 3
0, 374, 1, 0, 3
0, 374, 1, 0, 3
0, 374, 1, 0, 3
0, 374, 1, 0, 3
0, 374, 1, 0, 3
0, 374, 1, 0, 3
0, 374, 1, 0, 3
0, 374, 1, 0, 3
0, 374, 1, 0, 3
0, 374, 1, 0, 3
0, 374, 1, 0, 3
0, 374, 1, 0, 3
0, 374, 1, 0, 3
0, 374, 1, 0, 3
0, 374, 1, 0, 3
0, 374, 1, 0, 3
0, 374, 1, 0, 3
0, 374, 1, 0, 3
0, 374, 1, 0, 3
0, 374, 1, 0, 3
0, 374, 1, 0, 3
0, 374, 1, 0, 3
0, 374, 1, 0, 3
0, 374, 1, 0, 3
0, 374, 1, 0, 3
0, 374, 1, 0, 3
0, 374, 1, 0, 3
0, 374, 1, 0, 3
0, 374, 1, 0, 3
0, 374, 1, 0, 3
0, 374, 1, 0, 3
0, 374, 1, 0, 3
0, 374, 1, 0, 3
0, 374, 1, 0, 3
0, 374, 1, 0, 3
0, 374, 1, 0, 3
0, 374, 1, 0, 3
0, 374, 1, 0, 3
0, 374, 1, 0, 3
0, 374, 1, 0, 3
0, 374, 1, 0, 3
0, 374, 1, 0, 3
0, 374, 1, 0, 3
0, 374, 1, 0, 3
0, 374, 1, 0, 3
0, 374, 1, 0, 3
0, 374, 1, 0, 3
0, 374, 1, 0, 3
0, 374, 1, 0, 3
0, 374, 1, 0, 3
0, 374, 1, 0, 3
0, 374, 1, 0, 3
0, 374, 1, 0, 3
0, 374, 1, 0, 3
0, 374, 1, 0, 3
0, 374, 1, 0, 3
0, 374, 1, 0, 3
0, 374, 1, 0, 3
0, 374, 1, 0, 3
0, 374, 1, 0, 3
0, 374, 1, 0, 3
0, 374, 1, 0, 3
0, 374, 1, 0, 3
0, 374, 1, 0, 3
0, 374, 1, 0, 3
0, 374, 1, 0, 3
0, 374, 1, 0, 3
0, 374, 1, 0, 3
0, 374, 1, 0, 3
0, 374, 1, 0, 3
0, 374, 1, 0, 3
0, 374, 1, 0, 3
0, 374, 1, 0, 3
0, 374, 1, 0, 3
0, 374, 1, 0, 3
0, 374, 1, 0, 3
0, 374, 1, 0, 3
0, 374, 1, 0, 3
0, 374, 1, 0, 3
0, 374, 1, 0, 3
0, 374, 1, 0, 3
0, 374, 1, 0, 3
0, 374, 1, 0, 3
0, 374, 1, 0, 3
0, 374, 1, 0, 3
0, 374, 1, 0, 3
0, 374, 1, 0, 3
0, 374, 1, 0, 3
0, 374, 1, 0, 3
0, 374, 1, 0, 3
0, 374, 1, 0, 3
0, 374, 1, 0, 3
0, 374, 1, 0, 3
0, 374, 1, 0, 3
0, 374, 1, 0, 3
0, 374, 1, 0, 3
0, 374, 1, 0, 3
0, 374, 1, 0, 3
0, 374, 1, 0, 3
0, 374, 1, 0, 3
0, 374, 1, 0, 3
0, 374, 1, 0, 3
0, 374, 1, 0, 3
0, 374, 1, 0, 3
0, 374, 1, 0, 3
0, 374, 1, 0, 3
0, 374, 1, 0, 3
0, 374, 1, 0, 3
0, 374, 1, 0, 3
0, 374, 1, 0, 3
0, 374, 1, 0, 3
0, 374, 1, 0, 3
0, 374, 1, 0, 3
0, 374, 1, 0, 3
0, 374, 1, 0, 3
0, 374, 1, 0, 3
0, 374, 1, 0, 3
0, 374, 1, 0, 3
0, 374, 1, 0, 3
0, 374, 1, 0, 3
0, 374, 1, 0, 3
0, 374, 1, 0, 3
0, 374, 1, 0, 3
0, 374, 1, 0, 3
0, 374, 1, 0, 3
0, 374, 1, 0, 3
0, 374, 1, 0, 3
0, 374, 1, 0, 3
0, 374, 1, 0, 3
0, 374, 1, 0, 3
0, 374, 1, 0, 3
0, 374, 1, 0, 3
0, 374, 1, 0, 3
0, 374, 1, 0, 3
0, 374, 1, 0, 3
0, 374, 1, 0, 3
0, 374, 1, 0, 3
0, 374, 1, 0, 3
0, 374, 1, 0, 3
0, 374, 1, 0, 3
0, 374, 1, 0, 3
0, 374, 1, 0, 3
0, 374, 1, 0, 3
0, 374, 1, 0, 3
0, 374, 1, 0, 3
0, 374, 1, 0, 3
0, 374, 1, 0, 3
0, 374, 1, 0, 3
0, 374, 1, 0, 3
0, 374, 1, 0, 3
0, 374, 1, 0, 3
0, 374, 1, 0, 3
0, 374, 1, 0, 3
0, 374, 1, 0, 3
0, 374, 1, 0, 3
0, 374, 1, 0, 3
0, 374, 1, 0, 3
0, 374, 1, 0, 3
0, 374, 1, 0, 3
0, 374, 1, 0, 3
0, 374, 1, 0, 3
0, 374, 1, 0, 3
0, 374, 1, 0, 3
0, 374, 1, 0, 3
0, 374, 1, 0, 3
0, 374, 1, 0, 3
0, 374, 1, 0, 3
0, 374, 1, 0, 3
0, 374, 1, 0, 3
0, 374, 1, 0, 3
1, 1, 0, 1, 1
1, 1, 1, 0, 2
2, 1, 0, 1, 1
2, 1, 1, 0, 2
3, 1, 0, 1, 1
3, 1, 1, 0, 2
4, 1, 0, 1, 1
4, 1, 1, 0, 2
5, 1, 0, 1, 1
5, 1, 1, 0, 2
6, 1, 0, 1, 1
6, 1, 1, 0, 2
7, 1, 0, 1, 1
7, 1, 1, 0, 2
8, 1, 0, 1, 1
8, 1, 1, 0, 2
9, 1, 0, 1, 1
9, 1, 1, 0, 2
10, 1, 0, 1, 1
10, 1, 1, 0, 2
11, 1, 0, 1, 1
11, 1, 1, 0, 2
12, 1, 0, 1, 1
12, 1, 1, 0, 2
13, 1, 0, 1, 1
13, 1, 1, 0, 2
14, 1, 0, 1, 1
14, 1, 1, 0, 2
15, 1, 0, 1, 1
15, 1, 1, 0, 2
16, 1, 0, 1, 1
16, 1, 1, 0, 2
17, 1, 0, 1, 1
17, 1, 1, 0, 2
18, 4, 0, 1, 1
18, 4, 0, 1, 2
18, 4, 0, 1, 2
18, 4, 0, 1, 2
19, 1, 0, 1, 1
19, 2, 1, 0, 2
19, 2, 1, 0, 2
20, 2, 0, 1, 1
20, 2, 0, 1, 2
20, 1, 1, 0, 2
21, 2, 0, 1, 1
21, 2, 0, 1, 2
21, 1, 1, 0, 2
22, 2, 0, 1, 1
22, 2, 0, 1, 2
22, 1, 1, 0, 2
23, 2, 0, 1, 1
23, 2, 0, 1, 2
23, 1, 1, 0, 2
24, 2, 0, 1, 1
24, 2, 0, 1, 2
24, 1, 1, 0, 2
25, 2, 0, 1, 1
25, 2, 0, 1, 2
25, 1, 1, 0, 2
26, 1, 0, 1, 1
26, 2, 1, 0, 2
26, 2, 1, 0, 3
27, 2, 0, 1, 1
27, 2, 0, 1, 2
27, 1, 1, 0, 2
28, 2, 0, 1, 1
28, 2, 0, 1, 2
28, 1, 1, 0, 2
29, 2, 0, 1, 1
29, 2, 0, 1, 2
29, 1, 1, 0, 2
30, 2, 0, 1, 1
30, 2, 0, 1, 2
30, 1, 1, 0, 2
31, 2, 0, 1, 1
31, 2, 0, 1, 2
31, 1, 1, 0, 2
32, 2, 0, 1, 1
32, 2, 0, 1, 2
32, 1, 1, 0, 2
33, 2, 0, 1, 1
33, 2, 0, 1, 2
33, 1, 1, 0, 2
34, 2, 0, 1, 1
34, 2, 0, 1, 2
34, 1, 1, 0, 2
35, 2, 0, 1, 1
35, 2, 0, 1, 2
35, 1, 1, 0, 2
36, 2, 0, 1, 1
36, 2, 0, 1, 2
36, 1, 1, 0, 2
37, 2, 0, 1, 1
37, 2, 0, 1, 2
37, 1, 1, 0, 2
38, 2, 0, 1, 1
38, 2, 0, 1, 2
38, 1, 1, 0, 2
39, 2, 0, 1, 1
39, 2, 0, 1, 2
39, 1, 1, 0, 2
40, 2, 0, 1, 1
40, 2, 0, 1, 2
40, 1, 1, 0, 2
41, 2, 0, 1, 1
41, 2, 0, 1, 2
41, 1, 1, 0, 2
42, 2, 0, 1, 1
42, 2, 0, 1, 2
42, 1, 1, 0, 2
43, 2, 0, 1, 1
43, 2, 0, 1, 2
43, 1, 1, 0, 2
44, 2, 0, 1, 1
44, 2, 0, 1, 2
44, 1, 1, 0, 2
45, 1, 0, 1, 1
45, 2, 1, 0, 2
45, 2, 1, 0, 3
46, 2, 0, 1, 1
46, 2, 0, 1, 2
46, 1, 1, 0, 2
47, 2, 0, 1, 1
47, 2, 0, 1, 2
47, 1, 1, 0, 2
48, 2, 0, 1, 1
48, 2, 0, 1, 2
48, 1, 1, 0, 2
49, 2, 0, 1, 1
49, 2, 0, 1, 2
49, 1, 1, 0, 2
50, 2, 0, 1, 1
50, 2, 0, 1, 2
50, 1, 1, 0, 2
51, 2, 0, 1, 1
51, 2, 0, 1, 2
51, 1, 1, 0, 2
52, 2, 0, 1, 1
52, 2, 0, 1, 2
52, 1, 1, 0, 2
53, 2, 0, 1, 1
53, 2, 0, 1, 2
53, 1, 1, 0, 2
54, 2, 0, 1, 1
54, 2, 0, 1, 2
54, 2, 1, 0, 2
54, 2, 1, 0, 3
55, 2, 0, 1, 1
55, 2, 0, 1, 2
55, 2, 1, 0, 2
55, 2, 1, 0, 3
56, 2, 0, 1, 1
56, 2, 0, 1, 2
56, 2, 1, 0, 2
56, 2, 1, 0, 3
57, 2, 0, 1, 1
57, 2, 0, 1, 2
57, 2, 1, 0, 2
57, 2, 1, 0, 3
58, 2, 0, 1, 1
58, 2, 0, 1, 2
58, 2, 1, 0, 2
58, 2, 1, 0, 3
59, 3, 0, 1, 1
59, 3, 0, 1, 2
59, 3, 0, 1, 2
59, 1, 1, 0, 2
60, 3, 0, 1, 1
60, 3, 0, 1, 2
60, 3, 0, 1, 2
60, 1, 1, 0, 2
61, 3, 0, 1, 1
61, 3, 0, 1, 2
61, 3, 0, 1, 2
61, 1, 1, 0, 2
62, 3, 0, 1, 1
62, 3, 0, 1, 2
62, 3, 0, 1, 2
62, 1, 1, 0, 2
63, 3, 0, 1, 1
63, 3, 0, 1, 2
63, 3, 0, 1, 2
63, 1, 1, 0, 2
64, 3, 0, 1, 1
64, 3, 0, 1, 2
64, 3, 0, 1, 2
64, 1, 1, 0, 2
65, 1, 0, 1, 1
65, 2, 1, 0, 2
65, 2, 1, 0, 3
66, 1, 0, 1, 1
66, 2, 1, 0, 2
66, 2, 1, 0, 3
67, 1, 0, 1, 1
67, 2, 1, 0, 2
67, 2, 1, 0, 3
68, 1, 0, 1, 1
68, 2, 1, 0, 2
68, 2, 1, 0, 3
69, 1, 0, 1, 1
69, 2, 1, 0, 2
69, 2, 1, 0, 3
70, 1, 0, 1, 1
70, 2, 1, 0, 2
70, 2, 1, 0, 3
71, 1, 0, 1, 1
71, 2, 1, 0, 2
71, 2, 1, 0, 3
72, 4, 0, 1, 1
72, 4, 0, 1, 2
72, 4, 0, 1, 2
72, 4, 0, 1, 2
72, 1, 1, 0, 2
73, 4, 0, 1, 1
73, 4, 0, 1, 2
73, 4, 0, 1, 2
73, 4, 0, 1, 2
73, 1, 1, 0, 2
74, 1, 0, 1, 1
74, 4, 1, 0, 2
74, 4, 1, 0, 3
74, 4, 1, 0, 3
74, 4, 1, 0, 3
75, 4, 0, 1, 1
75, 4, 0, 1, 2
75, 4, 0, 1, 2
75, 4, 0, 1, 2
75, 1, 1, 0, 2
76, 4, 0, 1, 1
76, 4, 0, 1, 2
76, 4, 0, 1, 2
76, 4, 0, 1, 2
76, 1, 1, 0, 2
77, 4, 0, 1, 1
77, 4, 0, 1, 2
77, 4, 0, 1, 2
77, 4, 0, 1, 2
77, 1, 1, 0, 2
78, 1, 0, 1, 1
78, 4, 1, 0, 2
78, 4, 1, 0, 3
78, 4, 1, 0, 3
78, 4, 1, 0, 3
79, 4, 0, 1, 1
79, 4, 0, 1, 2
79, 4, 0, 1, 2
79, 4, 0, 1, 2
79, 1, 1, 0, 2
80, 4, 0, 1, 1
80, 4, 0, 1, 2
80, 4, 0, 1, 2
80, 4, 0, 1, 2
80, 1, 1, 0, 2
81, 4, 0, 1, 1
81, 4, 0, 1, 2
81, 4, 0, 1, 2
81, 4, 0, 1, 2
81, 1, 1, 0, 2
82, 1, 0, 1, 1
82, 4, 1, 0, 2
82, 4, 1, 0, 3
82, 4, 1, 0, 3
82, 4, 1, 0, 3
83, 4, 0, 1, 1
83, 4, 0, 1, 2
83, 4, 0, 1, 2
83, 4, 0, 1, 2
83, 1, 1, 0, 2
84, 4, 0, 1, 1
84, 4, 0, 1, 2
84, 4, 0, 1, 2
84, 4, 0, 1, 2
84, 1, 1, 0, 2
85, 1, 0, 1, 1
85, 4, 1, 0, 2
85, 4, 1, 0, 3
85, 4, 1, 0, 3
85, 4, 1, 0, 3
86, 4, 0, 1, 1
86, 4, 0, 1, 2
86, 4, 0, 1, 2
86, 4, 0, 1, 2
86, 1, 1, 0, 2
87, 1, 0, 1, 1
87, 2, 1, 0, 2
87, 2, 1, 0, 3
88, 2, 0, 1, 1
88, 2, 0, 1, 2
88, 2, 1, 0, 2
88, 2, 1, 0, 3
89, 2, 0, 1, 1
89, 2, 0, 1, 2
89, 2, 1, 0, 2
89, 2, 1, 0, 3
90, 4, 0, 1, 1
90, 4, 0, 1, 2
90, 4, 0, 1, 2
90, 4, 0, 1, 2
90, 1, 1, 0, 2
91, 4, 0, 1, 1
91, 4, 0, 1, 2
91, 4, 0, 1, 2
91, 4, 0, 1, 2
91, 1, 1, 0, 2
92, 2, 0, 1, 1
92, 2, 0, 1, 2
92, 2, 1, 0, 2
92, 2, 1, 0, 3
93, 2, 0, 1, 1
93, 2, 0, 1, 2
93, 2, 1, 0, 2
93, 2, 1, 0, 3
94, 4, 0, 1, 1
94, 4, 0, 1, 2
94, 4, 0, 1, 2
94, 4, 0, 1, 2
94, 1, 1, 0, 2
95, 4, 0, 1, 1
95, 4, 0, 1, 2
95, 4, 0, 1, 2
95, 4, 0, 1, 2
95, 1, 1, 0, 2
96, 4, 0, 1, 1
96, 4, 0, 1, 2
96, 4, 0, 1, 2
96, 4, 0, 1, 2
96, 1, 1, 0, 2
97, 1, 0, 1, 1
97, 2, 1, 0, 2
97, 2, 1, 0, 3
98, 2, 0, 1, 1
98, 2, 0, 1, 2
98, 2, 1, 0, 2
98, 2, 1, 0, 3
99, 2, 0, 1, 1
99, 2, 0, 1, 2
99, 2, 1, 0, 2
99, 2, 1, 0, 3
100, 2, 0, 1, 1
100, 2, 0, 1, 2
100, 2, 1, 0, 2
100, 2, 1, 0, 3
101, 1, 0, 1, 1
101, 2, 1, 0, 2
101, 2, 1, 0, 3
102, 4, 0, 1, 1
102, 4, 0, 1, 2
102, 4, 0, 1, 2
102, 4, 0, 1, 2
102, 1, 1, 0, 2
103, 4, 0, 1, 1
103, 4, 0, 1, 2
103, 4, 0, 1, 2
103, 4, 0, 1, 2
103, 1, 1, 0, 2
104, 4, 0, 1, 1
104, 4, 0, 1, 2
104, 4, 0, 1, 2
104, 4, 0, 1, 2
104, 1, 1, 0, 2
105, 2, 0, 1, 1
105, 2, 0, 1, 2
105, 2, 1, 0, 2
105, 2, 1, 0, 3
106, 2, 0, 1, 1
106, 2, 0, 1, 2
106, 2, 1, 0, 2
106, 2, 1, 0, 3
107, 2, 0, 1, 1
107, 2, 0, 1, 2
107, 2, 1, 0, 2
107, 2, 1, 0, 3
108, 2, 0, 1, 1
108, 2, 0, 1, 2
108, 2, 1, 0, 2
108, 2, 1, 0, 3
109, 2, 0, 1, 1
109, 2, 0, 1, 2
109, 2, 1, 0, 2
109, 2, 1, 0, 3
110, 2, 0, 1, 1
110, 2, 0, 1, 2
110, 2, 1, 0, 2
110, 2, 1, 0, 3
111, 1, 0, 1, 1
111, 3, 1, 0, 2
111, 3, 1, 0, 3
111, 3, 1, 0, 3
112, 1, 0, 1, 1
112, 3, 1, 0, 2
112, 3, 1, 0, 3
112, 3, 1, 0, 3
113, 4, 0, 1, 1
113, 4, 0, 1, 2
113, 4, 0, 1, 2
113, 4, 0, 1, 2
113, 3, 1, 0, 2
113, 3, 1, 0, 3
113, 3, 1, 0, 3
114, 4, 0, 1, 1
114, 4, 0, 1, 2
114, 4, 0, 1, 2
114, 4, 0, 1, 2
114, 3, 1, 0, 2
114, 3, 1, 0, 3
114, 3, 1, 0, 3
115, 6, 0, 1, 1
115, 6, 0, 1, 2
115, 6, 0, 1, 2
115, 6, 0, 1, 2
115, 6, 0, 1, 2
115, 6, 0, 1, 2
115, 1, 1, 0, 2
116, 6, 0, 1, 1
116, 6, 0, 1, 2
116, 6, 0, 1, 2
116, 6, 0, 1, 2
116, 6, 0, 1, 2
116, 6, 0, 1, 2
116, 1, 1, 0, 2
117, 4, 0, 1, 1
117, 4, 0, 1, 2
117, 4, 0, 1, 2
117, 4, 0, 1, 2
117, 4, 1, 0, 2
117, 4, 1, 0, 3
117, 4, 1, 0, 3
117, 4, 1, 0, 3
118, 4, 0, 1, 1
118, 4, 0, 1, 2
118, 4, 0, 1, 2
118, 4, 0, 1, 2
118, 4, 1, 0, 2
118, 4, 1, 0, 3
118, 4, 1, 0, 3
118, 4, 1, 0, 3
119, 4, 0, 1, 1
119, 4, 0, 1, 2
119, 4, 0, 1, 2
119, 4, 0, 1, 2
119, 4, 1, 0, 2
119, 4, 1, 0, 3
119, 4, 1, 0, 3
119, 4, 1, 0, 3
120, 3, 0, 1, 1
120, 3, 0, 1, 2
120, 3, 0, 1, 2
120, 3, 1, 0, 2
120, 3, 1, 0, 3
120, 3, 1, 0, 3
121, 4, 0, 1, 1
121, 4, 0, 1, 2
121, 4, 0, 1, 2
121, 4, 0, 1, 2
121, 4, 1, 0, 2
121, 4, 1, 0, 3
121, 4, 1, 0, 3
121, 4, 1, 0, 3
122, 4, 0, 1, 1
122, 4, 0, 1, 2
122, 4, 0, 1, 2
122, 4, 0, 1, 2
122, 4, 1, 0, 2
122, 4, 1, 0, 3
122, 4, 1, 0, 3
122, 4, 1, 0, 3
123, 4, 0, 1, 1
123, 4, 0, 1, 2
123, 4, 0, 1, 2
123, 4, 0, 1, 2
123, 4, 1, 0, 2
123, 4, 1, 0, 3
123, 4, 1, 0, 3
123, 4, 1, 0, 3
124, 3, 0, 1, 1
124, 3, 0, 1, 2
124, 3, 0, 1, 2
124, 4, 1, 0, 2
124, 4, 1, 0, 3
124, 4, 1, 0, 3
124, 4, 1, 0, 3
125, 4, 0, 1, 1
125, 4, 0, 1, 2
125, 4, 0, 1, 2
125, 4, 0, 1, 2
125, 4, 1, 0, 2
125, 4, 1, 0, 3
125, 4, 1, 0, 3
125, 4, 1, 0, 3
126, 4, 0, 1, 1
126, 4, 0, 1, 2
126, 4, 0, 1, 2
126, 4, 0, 1, 2
126, 4, 1, 0, 2
126, 4, 1, 0, 3
126, 4, 1, 0, 3
126, 4, 1, 0, 3
127, 3, 0, 1, 1
127, 3, 0, 1, 2
127, 3, 0, 1, 2
127, 4, 1, 0, 2
127, 4, 1, 0, 3
127, 4, 1, 0, 3
127, 4, 1, 0, 3
128, 4, 0, 1, 1
128, 4, 0, 1, 2
128, 4, 0, 1, 2
128, 4, 0, 1, 2
128, 4, 1, 0, 2
128, 4, 1, 0, 3
128, 4, 1, 0, 3
128, 4, 1, 0, 3
129, 1, 0, 1, 1
129, 4, 1, 0, 2
129, 4, 1, 0, 3
129, 4, 1, 0, 3
129, 4, 1, 0, 3
130, 1, 0, 1, 1
130, 4, 1, 0, 2
130, 4, 1, 0, 3
130, 4, 1, 0, 3
130, 4, 1, 0, 3
131, 3, 0, 1, 1
131, 3, 0, 1, 2
131, 3, 0, 1, 2
131, 3, 1, 0, 2
131, 3, 1, 0, 3
131, 3, 1, 0, 3
132, 3, 0, 1, 1
132, 3, 0, 1, 2
132, 3, 0, 1, 2
132, 3, 1, 0, 2
132, 3, 1, 0, 3
132, 3, 1, 0, 3
133, 3, 0, 1, 1
133, 3, 0, 1, 2
133, 3, 0, 1, 2
133, 3, 1, 0, 2
133, 3, 1, 0, 3
133, 3, 1, 0, 3
134, 2, 0, 1, 1
134, 2, 0, 1, 2
134, 3, 1, 0, 2
134, 3, 1, 0, 3
134, 3, 1, 0, 3
135, 1, 0, 1, 1
135, 4, 1, 0, 2
135, 4, 1, 0, 3
135, 4, 1, 0, 3
135, 4, 1, 0, 3
136, 3, 0, 1, 1
136, 3, 0, 1, 2
136, 3, 0, 1, 2
136, 3, 1, 0, 2
136, 3, 1, 0, 3
136, 3, 1, 0, 3
137, 3, 0, 1, 1
137, 3, 0, 1, 2
137, 3, 0, 1, 2
137, 3, 1, 0, 2
137, 3, 1, 0, 3
137, 3, 1, 0, 3
138, 3, 0, 1, 1
138, 3, 0, 1, 2
138, 3, 0, 1, 2
138, 3, 1, 0, 2
138, 3, 1, 0, 3
138, 3, 1, 0, 3
139, 4, 0, 1, 1
139, 4, 0, 1, 2
139, 4, 0, 1, 2
139, 4, 0, 1, 2
139, 3, 1, 0, 2
139, 3, 1, 0, 3
139, 3, 1, 0, 3
140, 3, 0, 1, 1
140, 3, 0, 1, 2
140, 3, 0, 1, 2
140, 4, 1, 0, 2
140, 4, 1, 0, 3
140, 4, 1, 0, 3
140, 4, 1, 0, 3
141, 1, 0, 1, 1
141, 5, 1, 0, 2
141, 5, 1, 0, 3
141, 5, 1, 0, 3
141, 5, 1, 0, 3
141, 5, 1, 0, 3
142, 4, 0, 1, 1
142, 4, 0, 1, 2
142, 4, 0, 1, 2
142, 4, 0, 1, 2
142, 4, 1, 0, 2
142, 4, 1, 0, 3
142, 4, 1, 0, 3
142, 4, 1, 0, 3
143, 4, 0, 1, 1
143, 4, 0, 1, 2
143, 4, 0, 1, 2
143, 4, 0, 1, 2
143, 4, 1, 0, 2
143, 4, 1, 0, 3
143, 4, 1, 0, 3
143, 4, 1, 0, 3
144, 4, 0, 1, 1
144, 4, 0, 1, 2
144, 4, 0, 1, 2
144, 4, 0, 1, 2
144, 4, 1, 0, 2
144, 4, 1, 0, 3
144, 4, 1, 0, 3
144, 4, 1, 0, 3
145, 4, 0, 1, 1
145, 4, 0, 1, 2
145, 4, 0, 1, 2
145, 4, 0, 1, 2
145, 4, 1, 0, 2
145, 4, 1, 0, 3
145, 4, 1, 0, 3
145, 4, 1, 0, 3
146, 4, 0, 1, 1
146, 4, 0, 1, 2
146, 4, 0, 1, 2
146, 4, 0, 1, 2
146, 4, 1, 0, 2
146, 4, 1, 0, 3
146, 4, 1, 0, 3
146, 4, 1, 0, 3
147, 4, 0, 1, 1
147, 4, 0, 1, 2
147, 4, 0, 1, 2
147, 4, 0, 1, 2
147, 4, 1, 0, 2
147, 4, 1, 0, 3
147, 4, 1, 0, 3
147, 4, 1, 0, 3
148, 4, 0, 1, 1
148, 4, 0, 1, 2
148, 4, 0, 1, 2
148, 4, 0, 1, 2
148, 4, 1, 0, 2
148, 4, 1, 0, 3
148, 4, 1, 0, 3
148, 4, 1, 0, 3
149, 4, 0, 1, 1
149, 4, 0, 1, 2
149, 4, 0, 1, 2
149, 4, 0, 1, 2
149, 4, 1, 0, 2
149, 4, 1, 0, 3
149, 4, 1, 0, 3
149, 4, 1, 0, 3
150, 4, 0, 1, 1
150, 4, 0, 1, 2
150, 4, 0, 1, 2
150, 4, 0, 1, 2
150, 4, 1, 0, 2
150, 4, 1, 0, 3
150, 4, 1, 0, 3
150, 4, 1, 0, 3
151, 4, 0, 1, 1
151, 4, 0, 1, 2
151, 4, 0, 1, 2
151, 4, 0, 1, 2
151, 4, 1, 0, 2
151, 4, 1, 0, 3
151, 4, 1, 0, 3
151, 4, 1, 0, 3
152, 5, 0, 1, 1
152, 5, 0, 1, 2
152, 5, 0, 1, 2
152, 5, 0, 1, 2
152, 5, 0, 1, 2
152, 4, 1, 0, 2
152, 4, 1, 0, 3
152, 4, 1, 0, 3
152, 4, 1, 0, 3
153, 4, 0, 1, 1
153, 4, 0, 1, 2
153, 4, 0, 1, 2
153, 4, 0, 1, 2
153, 5, 1, 0, 2
153, 5, 1, 0, 3
153, 5, 1, 0, 3
153, 5, 1, 0, 3
153, 5, 1, 0, 3
154, 1, 0, 1, 1
154, 5, 1, 0, 2
154, 5, 1, 0, 3
154, 5, 1, 0, 3
154, 5, 1, 0, 3
154, 5, 1, 0, 3
155, 5, 0, 1, 1
155, 5, 0, 1, 2
155, 5, 0, 1, 2
155, 5, 0, 1, 2
155, 5, 0, 1, 2
155, 5, 1, 0, 2
155, 5, 1, 0, 3
155, 5, 1, 0, 3
155, 5, 1, 0, 3
155, 5, 1, 0, 3
156, 6, 0, 1, 1
156, 6, 0, 1, 2
156, 6, 0, 1, 2
156, 6, 0, 1, 2
156, 6, 0, 1, 2
156, 6, 0, 1, 2
156, 5, 1, 0, 2
156, 5, 1, 0, 3
156, 5, 1, 0, 3
156, 5, 1, 0, 3
156, 5, 1, 0, 3
157, 5, 0, 1, 1
157, 5, 0, 1, 2
157, 5, 0, 1, 2
157, 5, 0, 1, 2
157, 5, 0, 1, 2
157, 6, 1, 0, 2
157, 6, 1, 0, 3
157, 6, 1, 0, 3
157, 6, 1, 0, 3
157, 6, 1, 0, 3
157, 6, 1, 0, 3
158, 7, 0, 1, 1
158, 7, 0, 1, 2
158, 7, 0, 1, 2
158, 7, 0, 1, 2
158, 7, 0, 1, 2
158, 7, 0, 1, 2
158, 7, 0, 1, 2
158, 6, 1, 0, 2
158, 6, 1, 0, 3
158, 6, 1, 0, 3
158, 6, 1, 0, 3
158, 6, 1, 0, 3
158, 6, 1, 0, 3
159, 7, 0, 1, 1
159, 7, 0, 1, 2
159, 7, 0, 1, 2
159, 7, 0, 1, 2
159, 7, 0, 1, 2
159, 7, 0, 1, 2
159, 7, 0, 1, 2
159, 8, 1, 0, 2
159, 8, 1, 0, 3
159, 8, 1, 0, 3
159, 8, 1, 0, 3
159, 8, 1, 0, 3
159, 8, 1, 0, 3
159, 8, 1, 0, 3
159, 8, 1, 0, 3
160, 8, 0, 1, 1
160, 8, 0, 1, 2
160, 8, 0, 1, 2
160, 8, 0, 1, 2
160, 8, 0, 1, 2
160, 8, 0, 1, 2
160, 8, 0, 1, 2
160, 8, 0, 1, 2
160, 8, 1, 0, 2
160, 8, 1, 0, 3
160, 8, 1, 0, 3
160, 8, 1, 0, 3
160, 8, 1, 0, 3
160, 8, 1, 0, 3
160, 8, 1, 0, 3
160, 8, 1, 0, 3
161, 9, 0, 1, 1
161, 9, 0, 1, 2
161, 9, 0, 1, 2
161, 9, 0, 1, 2
161, 9, 0, 1, 2
161, 9, 0, 1, 2
161, 9, 0, 1, 2
161, 9, 0, 1, 2
161, 9, 0, 1, 2
161, 9, 1, 0, 2
161, 9, 1, 0, 3
161, 9, 1, 0, 3
161, 9, 1, 0, 3
161, 9, 1, 0, 3
161, 9, 1, 0, 3
161, 9, 1, 0, 3
161, 9, 1, 0, 3
161, 9, 1, 0, 3
162, 1, 0, 1, 3
162, 1, 1, 0, 2
163, 1, 0, 1, 3
163, 1, 1, 0, 2
164, 1, 0, 1, 3
164, 1, 1, 0, 2
165, 1, 0, 1, 1
165, 1, 1, 0, 4
166, 1, 0, 1, 2
166, 2, 1, 0, 2
166, 2, 1, 0, 3
167, 1, 0, 1, 2
167, 2, 1, 0, 2
167, 2, 1, 0, 3
168, 2, 0, 1, 1
168, 2, 0, 1, 2
168, 1, 1, 0, 3
169, 2, 0, 1, 1
169, 2, 0, 1, 2
169, 3, 1, 0, 2
169, 3, 1, 0, 2
169, 3, 1, 0, 3
170, 2, 0, 1, 1
170, 2, 0, 1, 2
170, 3, 1, 0, 2
170, 3, 1, 0, 2
170, 3, 1, 0, 3
171, 2, 0, 1, 1
171, 2, 0, 1, 2
171, 3, 1, 0, 2
171, 3, 1, 0, 2
171, 3, 1, 0, 3
172, 2, 0, 1, 1
172, 2, 0, 1, 2
172, 3, 1, 0, 2
172, 3, 1, 0, 2
172, 3, 1, 0, 3
173, 2, 0, 1, 1
173, 2, 0, 1, 2
173, 3, 1, 0, 2
173, 3, 1, 0, 2
173, 3, 1, 0, 3
174, 3, 0, 1, 1
174, 3, 0, 1, 2
174, 3, 0, 1, 2
174, 1, 1, 0, 3
175, 1, 0, 1, 2
175, 4, 1, 0, 2
175, 4, 1, 0, 3
175, 4, 1, 0, 3
175, 4, 1, 0, 3
176, 1, 0, 1, 2
176, 4, 1, 0, 2
176, 4, 1, 0, 3
176, 4, 1, 0, 3
176, 4, 1, 0, 3
177, 1, 0, 1, 2
177, 4, 1, 0, 2
177, 4, 1, 0, 3
177, 4, 1, 0, 3
177, 4, 1, 0, 3
178, 1, 0, 1, 2
178, 4, 1, 0, 2
178, 4, 1, 0, 3
178, 4, 1, 0, 3
178, 4, 1, 0, 3
179, 4, 0, 1, 1
179, 4, 0, 1, 2
179, 4, 0, 1, 2
179, 4, 0, 1, 2
179, 1, 1, 0, 3
180, 3, 0, 1, 1
180, 3, 0, 1, 2
180, 3, 0, 1, 2
180, 4, 1, 0, 2
180, 4, 1, 0, 2
180, 4, 1, 0, 3
180, 4, 1, 0, 3
181, 1, 0, 1, 2
181, 4, 1, 0, 2
181, 4, 1, 0, 3
181, 4, 1, 0, 3
181, 4, 1, 0, 3
182, 4, 0, 1, 1
182, 4, 0, 1, 2
182, 4, 0, 1, 2
182, 4, 0, 1, 2
182, 1, 1, 0, 3
183, 5, 0, 1, 1
183, 5, 0, 1, 2
183, 5, 0, 1, 2
183, 5, 0, 1, 2
183, 5, 0, 1, 2
183, 1, 1, 0, 3
184, 1, 0, 1, 2
184, 6, 1, 0, 2
184, 6, 1, 0, 3
184, 6, 1, 0, 3
184, 6, 1, 0, 3
184, 6, 1, 0, 3
184, 6, 1, 0, 3
185, 1, 0, 1, 2
185, 6, 1, 0, 2
185, 6, 1, 0, 3
185, 6, 1, 0, 3
185, 6, 1, 0, 3
185, 6, 1, 0, 3
185, 6, 1, 0, 3
186, 4, 0, 1, 1
186, 4, 0, 1, 2
186, 4, 0, 1, 2
186, 4, 0, 1, 2
186, 5, 1, 0, 2
186, 5, 1, 0, 2
186, 5, 1, 0, 3
186, 5, 1, 0, 3
186, 5, 1, 0, 3
187, 5, 0, 1, 1
187, 5, 0, 1, 2
187, 5, 0, 1, 2
187, 5, 0, 1, 2
187, 5, 0, 1, 2
187, 5, 1, 0, 2
187, 5, 1, 0, 2
187, 5, 1, 0, 3
187, 5, 1, 0, 3
187, 5, 1, 0, 3
188, 1, 0, 1, 2
188, 4, 1, 0, 2
188, 4, 1, 0, 3
188, 4, 1, 0, 3
188, 4, 1, 0, 3
189, 5, 0, 1, 1
189, 5, 0, 1, 2
189, 5, 0, 1, 2
189, 5, 0, 1, 2
189, 5, 0, 1, 2
189, 6, 1, 0, 2
189, 6, 1, 0, 2
189, 6, 1, 0, 3
189, 6, 1, 0, 3
189, 6, 1, 0, 3
189, 6, 1, 0, 3
190, 5, 0, 1, 1
190, 5, 0, 1, 2
190, 5, 0, 1, 2
190, 5, 0, 1, 2
190, 5, 0, 1, 2
190, 7, 1, 0, 2
190, 7, 1, 0, 2
190, 7, 1, 0, 3
190, 7, 1, 0, 3
190, 7, 1, 0, 3
190, 7, 1, 0, 3
190, 7, 1, 0, 3
191, 6, 0, 1, 1
191, 6, 0, 1, 2
191, 6, 0, 1, 2
191, 6, 0, 1, 2
191, 6, 0, 1, 2
191, 6, 0, 1, 2
191, 7, 1, 0, 2
191, 7, 1, 0, 2
191, 7, 1, 0, 3
191, 7, 1, 0, 3
191, 7, 1, 0, 3
191, 7, 1, 0, 3
191, 7, 1, 0, 3
192, 6, 0, 1, 1
192, 6, 0, 1, 2
192, 6, 0, 1, 2
192, 6, 0, 1, 2
192, 6, 0, 1, 2
192, 6, 0, 1, 2
192, 8, 1, 0, 2
192, 8, 1, 0, 2
192, 8, 1, 0, 3
192, 8, 1, 0, 3
192, 8, 1, 0, 3
192, 8, 1, 0, 3
192, 8, 1, 0, 3
192, 8, 1, 0, 3
193, 8, 0, 1, 1
193, 8, 0, 1, 2
193, 8, 0, 1, 2
193, 8, 0, 1, 2
193, 8, 0, 1, 2
193, 8, 0, 1, 2
193, 8, 0, 1, 2
193, 8, 0, 1, 2
193, 8, 1, 0, 2
193, 8, 1, 0, 2
193, 8, 1, 0, 3
193, 8, 1, 0, 3
193, 8, 1, 0, 3
193, 8, 1, 0, 3
193, 8, 1, 0, 3
193, 8, 1, 0, 3
194, 8, 0, 1, 1
194, 8, 0, 1, 2
194, 8, 0, 1, 2
194, 8, 0, 1, 2
194, 8, 0, 1, 2
194, 8, 0, 1, 2
194, 8, 0, 1, 2
194, 8, 0, 1, 2
194, 8, 1, 0, 2
194, 8, 1, 0, 2
194, 8, 1, 0, 3
194, 8, 1, 0, 3
194, 8, 1, 0, 3
194, 8, 1, 0, 3
194, 8, 1, 0, 3
194, 8, 1, 0, 3
195, 9, 0, 1, 1
195, 9, 0, 1, 2
195, 9, 0, 1, 2
195, 9, 0, 1, 2
195, 9, 0, 1, 2
195, 9, 0, 1, 2
195, 9, 0, 1, 2
195, 9, 0, 1, 2
195, 9, 0, 1, 2
195, 10, 1, 0, 2
195, 10, 1, 0, 2
195, 10, 1, 0, 3
195, 10, 1, 0, 3
195, 10, 1, 0, 3
195, 10, 1, 0, 3
195, 10, 1, 0, 3
195, 10, 1, 0, 3
195, 10, 1, 0, 3
195, 10, 1, 0, 3
196, 1, 0, 1, 4
196, 1, 1, 0, 2
197, 1, 0, 1, 4
197, 1, 1, 0, 2
198, 1, 0, 1, 4
198, 1, 1, 0, 2
199, 1, 0, 1, 4
199, 1, 1, 0, 2
200, 1, 0, 1, 1
200, 1, 1, 0, 5
201, 1, 0, 1, 3
201, 2, 1, 0, 2
201, 2, 1, 0, 3
202, 1, 0, 1, 3
202, 2, 1, 0, 2
202, 2, 1, 0, 3
203, 1, 0, 1, 3
203, 2, 1, 0, 2
203, 2, 1, 0, 3
204, 1, 0, 1, 3
204, 2, 1, 0, 2
204, 2, 1, 0, 3
205, 2, 0, 1, 1
205, 2, 0, 1, 2
205, 1, 1, 0, 4
206, 1, 0, 1, 3
206, 2, 1, 0, 2
206, 2, 1, 0, 3
207, 1, 0, 1, 3
207, 2, 1, 0, 2
207, 2, 1, 0, 3
208, 1, 0, 1, 3
208, 2, 1, 0, 2
208, 2, 1, 0, 3
209, 2, 0, 1, 1
209, 2, 0, 1, 2
209, 1, 1, 0, 4
210, 1, 0, 1, 3
210, 2, 1, 0, 2
210, 2, 1, 0, 3
211, 1, 0, 1, 3
211, 2, 1, 0, 2
211, 2, 1, 0, 3
212, 2, 0, 1, 1
212, 2, 0, 1, 2
212, 1, 1, 0, 4
213, 1, 0, 1, 3
213, 2, 1, 0, 2
213, 2, 1, 0, 3
214, 1, 0, 1, 3
214, 2, 1, 0, 2
214, 2, 1, 0, 3
215, 1, 0, 1, 3
215, 2, 1, 0, 2
215, 2, 1, 0, 3
216, 2, 0, 1, 1
216, 2, 0, 1, 2
216, 1, 1, 0, 4
217, 1, 0, 1, 3
217, 3, 1, 0, 2
217, 3, 1, 0, 3
217, 3, 1, 0, 3
218, 1, 0, 1, 3
218, 3, 1, 0, 2
218, 3, 1, 0, 3
218, 3, 1, 0, 3
219, 3, 0, 1, 1
219, 3, 0, 1, 2
219, 3, 0, 1, 2
219, 1, 1, 0, 4
220, 1, 0, 1, 3
220, 2, 1, 0, 2
220, 2, 1, 0, 3
221, 1, 0, 1, 3
221, 3, 1, 0, 2
221, 3, 1, 0, 3
221, 3, 1, 0, 3
222, 3, 0, 1, 1
222, 3, 0, 1, 2
222, 3, 0, 1, 2
222, 6, 1, 0, 2
222, 6, 1, 0, 2
222, 6, 1, 0, 2
222, 6, 1, 0, 3
222, 6, 1, 0, 3
222, 6, 1, 0, 3
223, 1, 0, 1, 3
223, 3, 1, 0, 2
223, 3, 1, 0, 3
223, 3, 1, 0, 3
224, 4, 0, 1, 1
224, 4, 0, 1, 2
224, 4, 0, 1, 2
224, 4, 0, 1, 2
224, 1, 1, 0, 4
225, 1, 0, 1, 3
225, 4, 1, 0, 2
225, 4, 1, 0, 3
225, 4, 1, 0, 3
225, 4, 1, 0, 3
226, 1, 0, 1, 3
226, 4, 1, 0, 2
226, 4, 1, 0, 3
226, 4, 1, 0, 3
226, 4, 1, 0, 3
227, 1, 0, 1, 3
227, 4, 1, 0, 2
227, 4, 1, 0, 3
227, 4, 1, 0, 3
227, 4, 1, 0, 3
228, 4, 0, 1, 1
228, 4, 0, 1, 2
228, 4, 0, 1, 2
228, 4, 0, 1, 2
228, 1, 1, 0, 4
229, 1, 0, 1, 3
229, 4, 1, 0, 2
229, 4, 1, 0, 3
229, 4, 1, 0, 3
229, 4, 1, 0, 3
230, 1, 0, 1, 3
230, 4, 1, 0, 2
230, 4, 1, 0, 3
230, 4, 1, 0, 3
230, 4, 1, 0, 3
231, 4, 0, 1, 1
231, 4, 0, 1, 2
231, 4, 0, 1, 2
231, 4, 0, 1, 2
231, 1, 1, 0, 4
232, 3, 0, 1, 1
232, 3, 0, 1, 2
232, 3, 0, 1, 2
232, 6, 1, 0, 2
232, 6, 1, 0, 2
232, 6, 1, 0, 2
232, 6, 1, 0, 3
232, 6, 1, 0, 3
232, 6, 1, 0, 3
233, 1, 0, 1, 3
233, 3, 1, 0, 2
233, 3, 1, 0, 3
233, 3, 1, 0, 3
234, 1, 0, 1, 3
234, 3, 1, 0, 2
234, 3, 1, 0, 3
234, 3, 1, 0, 3
235, 3, 0, 1, 1
235, 3, 0, 1, 2
235, 3, 0, 1, 2
235, 6, 1, 0, 2
235, 6, 1, 0, 2
235, 6, 1, 0, 2
235, 6, 1, 0, 3
235, 6, 1, 0, 3
235, 6, 1, 0, 3
236, 1, 0, 1, 4
236, 2, 1, 0, 2
236, 2, 1, 0, 3
237, 1, 0, 1, 4
237, 2, 1, 0, 2
237, 2, 1, 0, 3
238, 1, 0, 1, 4
238, 2, 1, 0, 2
238, 2, 1, 0, 3
239, 1, 0, 1, 4
239, 2, 1, 0, 2
239, 2, 1, 0, 3
240, 2, 0, 1, 1
240, 2, 0, 1, 2
240, 1, 1, 0, 5
241, 1, 0, 1, 4
241, 2, 1, 0, 2
241, 2, 1, 0, 3
242, 1, 0, 1, 4
242, 2, 1, 0, 2
242, 2, 1, 0, 3
243, 1, 0, 1, 4
243, 2, 1, 0, 2
243, 2, 1, 0, 3
244, 1, 0, 1, 4
244, 2, 1, 0, 2
244, 2, 1, 0, 3
245, 2, 0, 1, 1
245, 2, 0, 1, 2
245, 1, 1, 0, 5
246, 1, 0, 1, 4
246, 2, 1, 0, 2
246, 2, 1, 0, 3
247, 1, 0, 1, 4
247, 2, 1, 0, 2
247, 2, 1, 0, 3
248, 1, 0, 1, 4
248, 2, 1, 0, 2
248, 2, 1, 0, 3
249, 1, 0, 1, 4
249, 2, 1, 0, 2
249, 2, 1, 0, 3
250, 2, 0, 1, 1
250, 2, 0, 1, 2
250, 1, 1, 0, 5
251, 1, 0, 1, 4
251, 2, 1, 0, 2
251, 2, 1, 0, 3
252, 1, 0, 1, 4
252, 2, 1, 0, 2
252, 2, 1, 0, 3
253, 1, 0, 1, 4
253, 2, 1, 0, 2
253, 2, 1, 0, 3
254, 1, 0, 1, 4
254, 2, 1, 0, 2
254, 2, 1, 0, 3
255, 2, 0, 1, 1
255, 2, 0, 1, 2
255, 1, 1, 0, 5
256, 1, 0, 1, 4
256, 3, 1, 0, 2
256, 3, 1, 0, 3
256, 3, 1, 0, 3
257, 1, 0, 1, 4
257, 3, 1, 0, 2
257, 3, 1, 0, 3
257, 3, 1, 0, 3
258, 1, 0, 1, 4
258, 4, 1, 0, 2
258, 4, 1, 0, 3
258, 4, 1, 0, 3
258, 4, 1, 0, 3
259, 1, 0, 1, 4
259, 4, 1, 0, 2
259, 4, 1, 0, 3
259, 4, 1, 0, 3
259, 4, 1, 0, 3
260, 4, 0, 1, 1
260, 4, 0, 1, 2
260, 4, 0, 1, 2
260, 4, 0, 1, 2
260, 1, 1, 0, 5
261, 1, 0, 1, 4
261, 3, 1, 0, 2
261, 3, 1, 0, 3
261, 3, 1, 0, 3
262, 1, 0, 1, 4
262, 4, 1, 0, 2
262, 4, 1, 0, 3
262, 4, 1, 0, 3
262, 4, 1, 0, 3
263, 1, 0, 1, 4
263, 4, 1, 0, 2
263, 4, 1, 0, 3
263, 4, 1, 0, 3
263, 4, 1, 0, 3
264, 1, 0, 1, 4
264, 4, 1, 0, 2
264, 4, 1, 0, 3
264, 4, 1, 0, 3
264, 4, 1, 0, 3
265, 4, 0, 1, 1
265, 4, 0, 1, 2
265, 4, 0, 1, 2
265, 4, 0, 1, 2
265, 1, 1, 0, 5
266, 5, 0, 1, 1
266, 5, 0, 1, 2
266, 5, 0, 1, 2
266, 5, 0, 1, 2
266, 5, 0, 1, 2
266, 8, 1, 0, 2
266, 8, 1, 0, 2
266, 8, 1, 0, 2
266, 8, 1, 0, 2
266, 8, 1, 0, 3
266, 8, 1, 0, 3
266, 8, 1, 0, 3
266, 8, 1, 0, 3
267, 2, 0, 111, 2
267, 2, 0, 111, 2
267, 2, 1, 12, 2
267, 2, 1, 12, 2
267, 2, 2, 3, 2
267, 2, 2, 3, 2
267, 2, 3, 4, 2
267, 2, 3, 4, 2
267, 2, 4, 5, 2
267, 2, 4, 5, 2
267, 2, 5, 6, 2
267, 2, 5, 6, 2
267, 2, 6, 7, 2
267, 2, 6, 7, 2
267, 2, 7, 8, 2
267, 2, 7, 8, 2
267, 2, 8, 9, 2
267, 2, 8, 9, 2
267, 2, 9, 10, 2
267, 2, 9, 10, 2
267, 2, 10, 11, 2
267, 2, 10, 11, 2
267, 2, 11, 13, 2
267, 2, 11, 13, 2
267, 2, 12, 23, 2
267, 2, 12, 23, 2
267, 2, 13, 14, 2
267, 2, 13, 14, 2
267, 2, 14, 15, 2
267, 2, 14, 15, 2
267, 2, 15, 16, 2
267, 2, 15, 16, 2
267, 2, 16, 17, 2
267, 2, 16, 17, 2
267, 2, 17, 18, 2
267, 2, 17, 18, 2
267, 2, 18, 19, 2
267, 2, 18, 19, 2
267, 2, 19, 20, 2
267, 2, 19, 20, 2
267, 2, 20, 21, 2
267, 2, 20, 21, 2
267, 2, 21, 22, 2
267, 2, 21, 22, 2
267, 2, 22, 24, 2
267, 2, 22, 24, 2
267, 2, 23, 34, 2
267, 2, 23, 34, 2
267, 2, 24, 25, 2
267, 2, 24, 25, 2
267, 2, 25, 26, 2
267, 2, 25, 26, 2
267, 2, 26, 27, 2
267, 2, 26, 27, 2
267, 2, 27, 28, 2
267, 2, 27, 28, 2
267, 2, 28, 29, 2
267, 2, 28, 29, 2
267, 2, 29, 30, 2
267, 2, 29, 30, 2
267, 2, 30, 31, 2
267, 2, 30, 31, 2
267, 2, 31, 32, 2
267, 2, 31, 32, 2
267, 2, 32, 33, 2
267, 2, 32, 33, 2
267, 2, 33, 35, 2
267, 2, 33, 35, 2
267, 2, 34, 45, 2
267, 2, 34, 45, 2
267, 2, 35, 36, 2
267, 2, 35, 36, 2
267, 2, 36, 37, 2
267, 2, 36, 37, 2
267, 2, 37, 38, 2
267, 2, 37, 38, 2
267, 2, 38, 39, 2
267, 2, 38, 39, 2
267, 2, 39, 40, 2
267, 2, 39, 40, 2
267, 2, 40, 41, 2
267, 2, 40, 41, 2
267, 2, 41, 42, 2
267, 2, 41, 42, 2
267, 2, 42, 43, 2
267, 2, 42, 43, 2
267, 2, 43, 44, 2
267, 2, 43, 44, 2
267, 2, 44, 46, 2
267, 2, 44, 46, 2
267, 2, 45, 56, 2
267, 2, 45, 56, 2
267, 2, 46, 47, 2
267, 2, 46, 47, 2
267, 2, 47, 48, 2
267, 2, 47, 48, 2
267, 2, 48, 49, 2
267, 2, 48, 49, 2
267, 2, 49, 50, 2
267, 2, 49, 50, 2
267, 2, 50, 51, 2
267, 2, 50, 51, 2
267, 2, 51, 52, 2
267, 2, 51, 52, 2
267, 2, 52, 53, 2
267, 2, 52, 53, 2
267, 2, 53, 54, 2
267, 2, 53, 54, 2
267, 2, 54, 55, 2
267, 2, 54, 55, 2
267, 2, 55, 57, 2
267, 2, 55, 57, 2
267, 2, 56, 67, 2
267, 2, 56, 67, 2
267, 2, 57, 58, 2
267, 2, 57, 58, 2
267, 2, 58, 59, 2
267, 2, 58, 59, 2
267, 2, 59, 60, 2
267, 2, 59, 60, 2
267, 2, 60, 61, 2
267, 2, 60, 61, 2
267, 2, 61, 62, 2
267, 2, 61, 62, 2
267, 2, 62, 63, 2
267, 2, 62, 63, 2
267, 2, 63, 64, 2
267, 2, 63, 64, 2
267, 2, 64, 65, 2
267, 2, 64, 65, 2
267, 2, 65, 66, 2
267, 2, 65, 66, 2
267, 2, 66, 68, 2
267, 2, 66, 68, 2
267, 2, 67, 78, 2
267, 2, 67, 78, 2
267, 2, 68, 69, 2
267, 2, 68, 69, 2
267, 2, 69, 70, 2
267, 2, 69, 70, 2
267, 2, 70, 71, 2
267, 2, 70, 71, 2
267, 2, 71, 72, 2
267, 2, 71, 72, 2
267, 2, 72, 73, 2
267, 2, 72, 73, 2
267, 2, 73, 74, 2
267, 2, 73, 74, 2
267, 2, 74, 75, 2
267, 2, 74, 75, 2
267, 2, 75, 76, 2
267, 2, 75, 76, 2
267, 2, 76, 77, 2
267, 2, 76, 77, 2
267, 2, 77, 79, 2
267, 2, 77, 79, 2
267, 2, 78, 89, 2
267, 2, 78, 89, 2
267, 2, 79, 80, 2
267, 2, 79, 80, 2
267, 2, 80, 81, 2
267, 2, 80, 81, 2
267, 2, 81, 82, 2
267, 2, 81, 82, 2
267, 2, 82, 83, 2
267, 2, 82, 83, 2
267, 2, 83, 84, 2
267, 2, 83, 84, 2
267, 2, 84, 85, 2
267, 2, 84, 85, 2
267, 2, 85, 86, 2
267, 2, 85, 86, 2
267, 2, 86, 87, 2
267, 2, 86, 87, 2
267, 2, 87, 88, 2
267, 2, 87, 88, 2
267, 2, 88, 90, 2
267, 2, 88, 90, 2
267, 2, 89, 100, 2
267, 2, 89, 100, 2
267, 2, 90, 91, 2
267, 2, 90, 91, 2
267, 2, 91, 92, 2
267, 2, 91, 92, 2
267, 2, 92, 93, 2
267, 2, 92, 93, 2
267, 2, 93, 94, 2
267, 2, 93, 94, 2
267, 2, 94, 95, 2
267, 2, 94, 95, 2
267, 2, 95, 96, 2
267, 2, 95, 96, 2
267, 2, 96, 97, 2
267, 2, 96, 97, 2
267, 2, 97, 98, 2
267, 2, 97, 98, 2
267, 2, 98, 99, 2
267, 2, 98, 99, 2
267, 2, 99, 101, 2
267, 2, 99, 101, 2
267, 2, 100, 112, 2
267, 2, 100, 112, 2
267, 2, 101, 102, 2
267, 2, 101, 102, 2
267, 2, 102, 103, 2
267, 2, 102, 103, 2
267, 2, 103, 104, 2
267, 2, 103, 104, 2
267, 2, 104, 105, 2
267, 2, 104, 105, 2
267, 2, 105, 106, 2
267, 2, 105, 106, 2
267, 2, 106, 107, 2
267, 2, 106, 107, 2
267, 2, 107, 108, 2
267, 2, 107, 108, 2
267, 2, 108, 109, 2
267, 2, 108, 109, 2
267, 2, 109, 110, 2
267, 2, 109, 110, 2
267, 2, 110, 113, 2
267, 2, 110, 113, 2
267, 2, 111, 222, 2
267, 2, 111, 222, 2
267, 2, 112, 123, 2
267, 2, 112, 123, 2
267, 2, 113, 114, 2
267, 2, 113, 114, 2
267, 2, 114, 115, 2
267, 2, 114, 115, 2
267, 2, 115, 116, 2
267, 2, 115, 116, 2
267, 2, 116, 117, 2
267, 2, 116, 117, 2
267, 2, 117, 118, 2
267, 2, 117, 118, 2
267, 2, 118, 119, 2
267, 2, 118, 119, 2
267, 2, 119, 120, 2
267, 2, 119, 120, 2
267, 2, 120, 121, 2
267, 2, 120, 121, 2
267, 2, 121, 122, 2
267, 2, 121, 122, 2
267, 2, 122, 124, 2
267, 2, 122, 124, 2
267, 2, 123, 134, 2
267, 2, 123, 134, 2
267, 2, 124, 125, 2
267, 2, 124, 125, 2
267, 2, 125, 126, 2
267, 2, 125, 126, 2
267, 2, 126, 127, 2
267, 2, 126, 127, 2
267, 2, 127, 128, 2
267, 2, 127, 128, 2
267, 2, 128, 129, 2
267, 2, 128, 129, 2
267, 2, 129, 130, 2
267, 2, 129, 130, 2
267, 2, 130, 131, 2
267, 2, 130, 131, 2
267, 2, 131, 132, 2
267, 2, 131, 132, 2
267, 2, 132, 133, 2
267, 2, 132, 133, 2
267, 2, 133, 135, 2
267, 2, 133, 135, 2
267, 2, 134, 145, 2
267, 2, 134, 145, 2
267, 2, 135, 136, 2
267, 2, 135, 136, 2
267, 2, 136, 137, 2
267, 2, 136, 137, 2
267, 2, 137, 138, 2
267, 2, 137, 138, 2
267, 2, 138, 139, 2
267, 2, 138, 139, 2
267, 2, 139, 140, 2
267, 2, 139, 140, 2
267, 2, 140, 141, 2
267, 2, 140, 141, 2
267, 2, 141, 142, 2
267, 2, 141, 142, 2
267, 2, 142, 143, 2
267, 2, 142, 143, 2
267, 2, 143, 144, 2
267, 2, 143, 144, 2
267, 2, 144, 146, 2
267, 2, 144, 146, 2
267, 2, 145, 156, 2
267, 2, 145, 156, 2
267, 2, 146, 147, 2
267, 2, 146, 147, 2
267, 2, 147, 148, 2
267, 2, 147, 148, 2
267, 2, 148, 149, 2
267, 2, 148, 149, 2
267, 2, 149, 150, 2
267, 2, 149, 150, 2
267, 2, 150, 151, 2
267, 2, 150, 151, 2
267, 2, 151, 152, 2
267, 2, 151, 152, 2
267, 2, 152, 153, 2
267, 2, 152, 153, 2
267, 2, 153, 154, 2
267, 2, 153, 154, 2
267, 2, 154, 155, 2
267, 2, 154, 155, 2
267, 2, 155, 157, 2
267, 2, 155, 157, 2
267, 2, 156, 167, 2
267, 2, 156, 167, 2
267, 2, 157, 158, 2
267, 2, 157, 158, 2
267, 2, 158, 159, 2
267, 2, 158, 159, 2
267, 2, 159, 160, 2
267, 2, 159, 160, 2
267, 2, 160, 161, 2
267, 2, 160, 161, 2
267, 2, 161, 162, 2
267, 2, 161, 162, 2
267, 2, 162, 163, 2
267, 2, 162, 163, 2
267, 2, 163, 164, 2
267, 2, 163, 164, 2
267, 2, 164, 165, 2
267, 2, 164, 165, 2
267, 2, 165, 166, 2
267, 2, 165, 166, 2
267, 2, 166, 168, 2
267, 2, 166, 168, 2
267, 2, 167, 178, 2
267, 2, 167, 178, 2
267, 2, 168, 169, 2
267, 2, 168, 169, 2
267, 2, 169, 170, 2
267, 2, 169, 170, 2
267, 2, 170, 171, 2
267, 2, 170, 171, 2
267, 2, 171, 172, 2
267, 2, 171, 172, 2
267, 2, 172, 173, 2
267, 2, 172, 173, 2
267, 2, 173, 174, 2
267, 2, 173, 174, 2
267, 2, 174, 175, 2
267, 2, 174, 175, 2
267, 2, 175, 176, 2
267, 2, 175, 176, 2
267, 2, 176, 177, 2
267, 2, 176, 177, 2
267, 2, 177, 179, 2
267, 2, 177, 179, 2
267, 2, 178, 189, 2
267, 2, 178, 189, 2
267, 2, 179, 180, 2
267, 2, 179, 180, 2
267, 2, 180, 181, 2
267, 2, 180, 181, 2
267, 2, 181, 182, 2
267, 2, 181, 182, 2
267, 2, 182, 183, 2
267, 2, 182, 183, 2
267, 2, 183, 184, 2
267, 2, 183, 184, 2
267, 2, 184, 185, 2
267, 2, 184, 185, 2
267, 2, 185, 186, 2
267, 2, 185, 186, 2
267, 2, 186, 187, 2
267, 2, 186, 187, 2
267, 2, 187, 188, 2
267, 2, 187, 188, 2
267, 2, 188, 190, 2
267, 2, 188, 190, 2
267, 2, 189, 200, 2
267, 2, 189, 200, 2
267, 2, 190, 191, 2
267, 2, 190, 191, 2
267, 2, 191, 192, 2
267, 2, 191, 192, 2
267, 2, 192, 193, 2
267, 2, 192, 193, 2
267, 2, 193, 194, 2
267, 2, 193, 194, 2
267, 2, 194, 195, 2
267, 2, 194, 195, 2
267, 2, 195, 196, 2
267, 2, 195, 196, 2
267, 2, 196, 197, 2
267, 2, 196, 197, 2
267, 2, 197, 198, 2
267, 2, 197, 198, 2
267, 2, 198, 199, 2
267, 2, 198, 199, 2
267, 2, 199, 201, 2
267, 2, 199, 201, 2
267, 2, 200, 211, 2
267, 2, 200, 211, 2
267, 2, 201, 202, 2
267, 2, 201, 202, 2
267, 2, 202, 203, 2
267, 2, 202, 203, 2
267, 2, 203, 204, 2
267, 2, 203, 204, 2
267, 2, 204, 205, 2
267, 2, 204, 205, 2
267, 2, 205, 206, 2
267, 2, 205, 206, 2
267, 2, 206, 207, 2
267, 2, 206, 207, 2
267, 2, 207, 208, 2
267, 2, 207, 208, 2
267, 2, 208, 209, 2
267, 2, 208, 209, 2
267, 2, 209, 210, 2
267, 2, 209, 210, 2
267, 2, 210, 212, 2
267, 2, 210, 212, 2
267, 2, 211, 223, 2
267, 2, 211, 223, 2
267, 2, 212, 213, 2
267, 2, 212, 213, 2
267, 2, 213, 214, 2
267, 2, 213, 214, 2
267, 2, 214, 215, 2
267, 2, 214, 215, 2
267, 2, 215, 216, 2
267, 2, 215, 216, 2
267, 2, 216, 217, 2
267, 2, 216, 217, 2
267, 2, 217, 218, 2
267, 2, 217, 218, 2
267, 2, 218, 219, 2
267, 2, 218, 219, 2
267, 2, 219, 220, 2
267, 2, 219, 220, 2
267, 2, 220, 221, 2
267, 2, 220, 221, 2
267, 2, 221, 224, 2
267, 2, 221, 224, 2
267, 2, 222, 308, 2
267, 2, 222, 308, 2
267, 2, 223, 234, 2
267, 2, 223, 234, 2
267, 2, 224, 225, 2
267, 2, 224, 225, 2
267, 2, 225, 226, 2
267, 2, 225, 226, 2
267, 2, 226, 227, 2
267, 2, 226, 227, 2
267, 2, 227, 228, 2
267, 2, 227, 228, 2
267, 2, 228, 229, 2
267, 2, 228, 229, 2
267, 2, 229, 230, 2
267, 2, 229, 230, 2
267, 2, 230, 231, 2
267, 2, 230, 231, 2
267, 2, 231, 232, 2
267, 2, 231, 232, 2
267, 2, 232, 233, 2
267, 2, 232, 233, 2
267, 2, 233, 235, 2
267, 2, 233, 235, 2
267, 2, 234, 245, 2
267, 2, 234, 245, 2
267, 2, 235, 236, 2
267, 2, 235, 236, 2
267, 2, 236, 237, 2
267, 2, 236, 237, 2
267, 2, 237, 238, 2
267, 2, 237, 238, 2
267, 2, 238, 239, 2
267, 2, 238, 239, 2
267, 2, 239, 240, 2
267, 2, 239, 240, 2
267, 2, 240, 241, 2
267, 2, 240, 241, 2
267, 2, 241, 242, 2
267, 2, 241, 242, 2
267, 2, 242, 243, 2
267, 2, 242, 243, 2
267, 2, 243, 244, 2
267, 2, 243, 244, 2
267, 2, 244, 246, 2
267, 2, 244, 246, 2
267, 2, 245, 256, 2
267, 2, 245, 256, 2
267, 2, 246, 247, 2
267, 2, 246, 247, 2
267, 2, 247, 248, 2
267, 2, 247, 248, 2
267, 2, 248, 249, 2
267, 2, 248, 249, 2
267, 2, 249, 250, 2
267, 2, 249, 250, 2
267, 2, 250, 251, 2
267, 2, 250, 251, 2
267, 2, 251, 252, 2
267, 2, 251, 252, 2
267, 2, 252, 253, 2
267, 2, 252, 253, 2
267, 2, 253, 254, 2
267, 2, 253, 254, 2
267, 2, 254, 255, 2
267, 2, 254, 255, 2
267, 2, 255, 257, 2
267, 2, 255, 257, 2
267, 2, 256, 267, 2
267, 2, 256, 267, 2
267, 2, 257, 258, 2
267, 2, 257, 258, 2
267, 2, 258, 259, 2
267, 2, 258, 259, 2
267, 2, 259, 260, 2
267, 2, 259, 260, 2
267, 2, 260, 261, 2
267, 2, 260, 261, 2
267, 2, 261, 262, 2
267, 2, 261, 262, 2
267, 2, 262, 263, 2
267, 2, 262, 263, 2
267, 2, 263, 264, 2
267, 2, 263, 264, 2
267, 2, 264, 265, 2
267, 2, 264, 265, 2
267, 2, 265, 266, 2
267, 2, 265, 266, 2
267, 2, 266, 268, 2
267, 2, 266, 268, 2
267, 2, 267, 278, 2
267, 2, 267, 278, 2
267, 2, 268, 269, 2
267, 2, 268, 269, 2
267, 2, 269, 270, 2
267, 2, 269, 270, 2
267, 2, 270, 271, 2
267, 2, 270, 271, 2
267, 2, 271, 272, 2
267, 2, 271, 272, 2
267, 2, 272, 273, 2
267, 2, 272, 273, 2
267, 2, 273, 274, 2
267, 2, 273, 274, 2
267, 2, 274, 275, 2
267, 2, 274, 275, 2
267, 2, 275, 276, 2
267, 2, 275, 276, 2
267, 2, 276, 277, 2
267, 2, 276, 277, 2
267, 2, 277, 279, 2
267, 2, 277, 279, 2
267, 2, 278, 289, 2
267, 2, 278, 289, 2
267, 2, 279, 280, 2
267, 2, 279, 280, 2
267, 2, 280, 281, 2
267, 2, 280, 281, 2
267, 2, 281, 282, 2
267, 2, 281, 282, 2
267, 2, 282, 283, 2
267, 2, 282, 283, 2
267, 2, 283, 284, 2
267, 2, 283, 284, 2
267, 2, 284, 285, 2
267, 2, 284, 285, 2
267, 2, 285, 286, 2
267, 2, 285, 286, 2
267, 2, 286, 287, 2
267, 2, 286, 287, 2
267, 2, 287, 288, 2
267, 2, 287, 288, 2
267, 2, 288, 290, 2
267, 2, 288, 290, 2
267, 2, 289, 300, 2
267, 2, 289, 300, 2
267, 2, 290, 291, 2
267, 2, 290, 291, 2
267, 2, 291, 292, 2
267, 2, 291, 292, 2
267, 2, 292, 293, 2
267, 2, 292, 293, 2
267, 2, 293, 294, 2
267, 2, 293, 294, 2
267, 2, 294, 295, 2
267, 2, 294, 295, 2
267, 2, 295, 296, 2
267, 2, 295, 296, 2
267, 2, 296, 297, 2
267, 2, 296, 297, 2
267, 2, 297, 298, 2
267, 2, 297, 298, 2
267, 2, 298, 299, 2
267, 2, 298, 299, 2
267, 2, 299, 301, 2
267, 2, 299, 301, 2
267, 2, 300, 306, 2
267, 2, 300, 306, 2
267, 2, 301, 302, 2
267, 2, 301, 302, 2
267, 2, 302, 303, 2
267, 2, 302, 303, 2
267, 2, 303, 304, 2
267, 2, 303, 304, 2
267, 2, 304, 305, 2
267, 2, 304, 305, 2
267, 2, 305, 374, 2
267, 2, 305, 374, 2
267, 2, 306, 307, 2
267, 2, 306, 307, 2
267, 2, 307, 309, 2
267, 2, 307, 309, 2
267, 2, 308, 319, 2
267, 2, 308, 319, 2
267, 2, 309, 310, 2
267, 2, 309, 310, 2
267, 2, 310, 311, 2
267, 2, 310, 311, 2
267, 2, 311, 312, 2
267, 2, 311, 312, 2
267, 2, 312, 313, 2
267, 2, 312, 313, 2
267, 2, 313, 314, 2
267, 2, 313, 314, 2
267, 2, 314, 315, 2
267, 2, 314, 315, 2
267, 2, 315, 316, 2
267, 2, 315, 316, 2
267, 2, 316, 317, 2
267, 2, 316, 317, 2
267, 2, 317, 318, 2
267, 2, 317, 318, 2
267, 2, 318, 320, 2
267, 2, 318, 320, 2
267, 2, 319, 330, 2
267, 2, 319, 330, 2
267, 2, 320, 321, 2
267, 2, 320, 321, 2
267, 2, 321, 322, 2
267, 2, 321, 322, 2
267, 2, 322, 323, 2
267, 2, 322, 323, 2
267, 2, 323, 324, 2
267, 2, 323, 324, 2
267, 2, 324, 325, 2
267, 2, 324, 325, 2
267, 2, 325, 326, 2
267, 2, 325, 326, 2
267, 2, 326, 327, 2
267, 2, 326, 327, 2
267, 2, 327, 328, 2
267, 2, 327, 328, 2
267, 2, 328, 329, 2
267, 2, 328, 329, 2
267, 2, 329, 331, 2
267, 2, 329, 331, 2
267, 2, 330, 341, 2
267, 2, 330, 341, 2
267, 2, 331, 332, 2
267, 2, 331, 332, 2
267, 2, 332, 333, 2
267, 2, 332, 333, 2
267, 2, 333, 334, 2
267, 2, 333, 334, 2
267, 2, 334, 335, 2
267, 2, 334, 335, 2
267, 2, 335, 336, 2
267, 2, 335, 336, 2
267, 2, 336, 337, 2
267, 2, 336, 337, 2
267, 2, 337, 338, 2
267, 2, 337, 338, 2
267, 2, 338, 339, 2
267, 2, 338, 339, 2
267, 2, 339, 340, 2
267, 2, 339, 340, 2
267, 2, 340, 342, 2
267, 2, 340, 342, 2
267, 2, 341, 352, 2
267, 2, 341, 352, 2
267, 2, 342, 343, 2
267, 2, 342, 343, 2
267, 2, 343, 344, 2
267, 2, 343, 344, 2
267, 2, 344, 345, 2
267, 2, 344, 345, 2
267, 2, 345, 346, 2
267, 2, 345, 346, 2
267, 2, 346, 347, 2
267, 2, 346, 347, 2
267, 2, 347, 348, 2
267, 2, 347, 348, 2
267, 2, 348, 349, 2
267, 2, 348, 349, 2
267, 2, 349, 350, 2
267, 2, 349, 350, 2
267, 2, 350, 351, 2
267, 2, 350, 351, 2
267, 2, 351, 353, 2
267, 2, 351, 353, 2
267, 2, 352, 363, 2
267, 2, 352, 363, 2
267, 2, 353, 354, 2
267, 2, 353, 354, 2
267, 2, 354, 355, 2
267, 2, 354, 355, 2
267, 2, 355, 356, 2
267, 2, 355, 356, 2
267, 2, 356, 357, 2
267, 2, 356, 357, 2
267, 2, 357, 358, 2
267, 2, 357, 358, 2
267, 2, 358, 359, 2
267, 2, 358, 359, 2
267, 2, 359, 360, 2
267, 2, 359, 360, 2
267, 2, 360, 361, 2
267, 2, 360, 361, 2
267, 2, 361, 362, 2
267, 2, 361, 362, 2
267, 2, 362, 364, 2
267, 2, 362, 364, 2
267, 2, 363, 1, 2
267, 2, 363, 1, 2
267, 2, 364, 365, 2
267, 2, 364, 365, 2
267, 2, 365, 366, 2
267, 2, 365, 366, 2
267, 2, 366, 367, 2
267, 2, 366, 367, 2
267, 2, 367, 368, 2
267, 2, 367, 368, 2
267, 2, 368, 369, 2
267, 2, 368, 369, 2
267, 2, 369, 370, 2
267, 2, 369, 370, 2
267, 2, 370, 371, 2
267, 2, 370, 371, 2
267, 2, 371, 372, 2
267, 2, 371, 372, 2
267, 2, 372, 373, 2
267, 2, 372, 373, 2
267, 2, 373, 2, 2
267, 2, 373, 2, 2
268, 4, 1, 0, 2
268, 4, 1, 0, 3
268, 4, 1, 0, 3
268, 4, 1, 0, 3
Goal
1
2
3
4
5
6
7
8
9
10
11
12
13
14
15
16
17
18
19
20
21
22
23
24
25
26
27
28
29
30
31
32
33
34
35
36
37
38
39
40
41
42
43
44
45
46
47
48
49
50
51
52
53
54
55
56
57
58
59
60
61
62
63
64
65
66
67
68
69
70
71
72
73
74
75
76
77
78
79
80
81
82
83
84
85
86
87
88
89
90
91
92
93
94
95
96
97
98
99
100
101
102
103
104
105
106
107
108
109
110
111
112
113
114
115
116
117
118
119
120
121
122
123
124
125
126
127
128
129
130
131
132
133
134
135
136
137
138
139
140
141
142
143
144
145
146
147
148
149
150
151
152
153
154
155
156
157
158
159
160
161
162
163
164
165
166
167
168
169
170
171
172
173
174
175
176
177
178
179
180
181
182
183
184
185
186
187
188
189
190
191
192
193
194
195
196
197
198
199
200
201
202
203
204
205
206
207
208
209
210
211
212
213
214
215
216
217
218
219
220
221
222
223
224
225
226
227
228
229
230
231
232
233
234
235
236
237
238
239
240
241
242
243
244
245
246
247
248
249
250
251
252
253
254
255
256
257
258
259
260
261
262
263
264
265
266
267
268
