CG
269
0, 1, 267, 344
1, 3, 0, 2
1, 3, 242, 1
1, 3, 42, 1
2, 2, 0, 1
2, 2, 242, 1
3, 2, 0, 4
3, 2, 4, 4
4, 2, 0, 1
4, 2, 245, 1
5, 5, 0, 1
5, 5, 6, 1
5, 5, 7, 1
5, 5, 8, 1
5, 5, 9, 1
6, 2, 0, 1
6, 2, 10, 1
7, 2, 0, 1
7, 2, 40, 1
8, 2, 0, 1
8, 2, 41, 1
9, 2, 0, 1
9, 2, 11, 1
10, 2, 0, 1
10, 2, 205, 1
11, 4, 0, 1
11, 4, 12, 1
11, 4, 13, 1
11, 4, 14, 1
12, 2, 0, 1
12, 2, 164, 1
13, 2, 0, 1
13, 2, 165, 1
14, 2, 0, 1
14, 2, 166, 1
15, 3, 0, 2
15, 3, 40, 1
15, 3, 206, 1
16, 3, 0, 2
16, 3, 41, 1
16, 3, 207, 1
17, 4, 0, 1
17, 4, 18, 1
17, 4, 19, 1
17, 4, 20, 1
18, 2, 0, 1
18, 2, 168, 1
19, 2, 0, 1
19, 2, 169, 1
20, 2, 0, 1
20, 2, 170, 1
21, 2, 0, 1
21, 2, 22, 1
22, 5, 0, 1
22, 5, 23, 1
22, 5, 24, 1
22, 5, 25, 1
22, 5, 26, 1
23, 2, 0, 1
23, 2, 210, 1
24, 2, 0, 1
24, 2, 211, 1
25, 2, 0, 1
25, 2, 212, 1
26, 2, 0, 1
26, 2, 213, 1
27, 2, 0, 1
27, 2, 28, 1
28, 5, 0, 1
28, 5, 29, 1
28, 5, 30, 1
28, 5, 31, 1
28, 5, 32, 1
29, 2, 0, 1
29, 2, 215, 1
30, 2, 0, 1
30, 2, 216, 1
31, 2, 0, 1
31, 2, 217, 1
32, 2, 0, 1
32, 2, 218, 1
33, 2, 0, 1
33, 2, 34, 1
34, 2, 0, 1
34, 2, 189, 1
35, 2, 0, 1
35, 2, 172, 1
36, 2, 0, 1
36, 2, 37, 1
37, 2, 0, 1
37, 2, 38, 1
38, 2, 0, 1
38, 2, 262, 1
39, 3, 0, 4
39, 3, 189, 4
39, 3, 267, 3
40, 2, 0, 1
40, 2, 15, 1
41, 2, 0, 1
41, 2, 16, 1
42, 2, 0, 1
42, 2, 1, 1
43, 3, 0, 2
43, 3, 203, 2
43, 3, 267, 1
44, 3, 0, 2
44, 3, 109, 2
44, 3, 267, 1
45, 3, 0, 2
45, 3, 246, 2
45, 3, 267, 1
46, 3, 0, 2
46, 3, 247, 2
46, 3, 267, 1
47, 3, 0, 2
47, 3, 248, 2
47, 3, 267, 1
48, 3, 0, 2
48, 3, 249, 2
48, 3, 267, 1
49, 3, 0, 2
49, 3, 220, 2
49, 3, 267, 1
50, 3, 0, 2
50, 3, 82, 2
50, 3, 267, 1
51, 3, 0, 2
51, 3, 204, 2
51, 3, 267, 1
52, 3, 0, 2
52, 3, 221, 2
52, 3, 267, 1
53, 3, 0, 2
53, 3, 54, 2
53, 3, 267, 1
54, 5, 0, 1
54, 5, 55, 1
54, 5, 56, 1
54, 5, 57, 1
54, 5, 58, 1
55, 3, 0, 2
55, 3, 251, 2
55, 3, 267, 1
56, 3, 0, 2
56, 3, 252, 2
56, 3, 267, 1
57, 3, 0, 2
57, 3, 253, 2
57, 3, 267, 1
58, 3, 0, 2
58, 3, 254, 2
58, 3, 267, 1
59, 3, 0, 2
59, 3, 64, 2
59, 3, 267, 1
60, 3, 0, 2
60, 3, 224, 2
60, 3, 267, 1
61, 3, 0, 2
61, 3, 65, 2
61, 3, 267, 1
62, 3, 0, 2
62, 3, 225, 2
62, 3, 267, 1
63, 3, 0, 2
63, 3, 226, 2
63, 3, 267, 1
64, 3, 0, 2
64, 3, 222, 2
64, 3, 267, 1
65, 3, 0, 2
65, 3, 262, 2
65, 3, 267, 1
66, 4, 0, 1
66, 4, 43, 1
66, 4, 51, 1
66, 4, 35, 1
67, 3, 0, 3
67, 3, 68, 3
67, 3, 267, 2
68, 4, 0, 1
68, 4, 44, 1
68, 4, 83, 1
68, 4, 69, 1
69, 3, 0, 3
69, 3, 117, 3
69, 3, 267, 2
70, 5, 0, 1
70, 5, 45, 1
70, 5, 46, 1
70, 5, 47, 1
70, 5, 48, 1
71, 3, 0, 3
71, 3, 227, 3
71, 3, 267, 2
72, 3, 0, 3
72, 3, 228, 3
72, 3, 267, 2
73, 3, 0, 3
73, 3, 118, 3
73, 3, 267, 2
74, 3, 0, 3
74, 3, 256, 3
74, 3, 267, 2
75, 3, 0, 3
75, 3, 201, 3
75, 3, 267, 2
76, 2, 0, 1
76, 2, 180, 1
77, 3, 0, 1
77, 3, 78, 1
77, 3, 50, 1
78, 3, 0, 3
78, 3, 110, 3
78, 3, 267, 2
79, 3, 0, 3
79, 3, 175, 3
79, 3, 267, 2
80, 4, 0, 1
80, 4, 52, 1
80, 4, 53, 1
80, 4, 59, 1
81, 4, 0, 1
81, 4, 60, 1
81, 4, 62, 1
81, 4, 63, 1
82, 3, 0, 3
82, 3, 176, 3
82, 3, 267, 2
83, 3, 0, 4
83, 3, 84, 4
83, 3, 267, 3
84, 3, 0, 1
84, 3, 85, 1
84, 3, 86, 1
85, 3, 0, 4
85, 3, 184, 4
85, 3, 267, 3
86, 3, 0, 4
86, 3, 128, 4
86, 3, 267, 3
87, 3, 0, 4
87, 3, 88, 4
87, 3, 267, 1
88, 3, 0, 2
88, 3, 89, 2
88, 3, 267, 1
89, 3, 0, 2
89, 3, 66, 2
89, 3, 267, 1
90, 3, 0, 4
90, 3, 129, 4
90, 3, 267, 3
91, 3, 0, 4
91, 3, 92, 4
91, 3, 267, 3
92, 4, 0, 1
92, 4, 93, 1
92, 4, 94, 1
92, 4, 95, 1
93, 3, 0, 4
93, 3, 131, 4
93, 3, 267, 3
94, 3, 0, 4
94, 3, 96, 4
94, 3, 267, 3
95, 3, 0, 4
95, 3, 198, 4
95, 3, 267, 3
96, 5, 0, 1
96, 5, 97, 1
96, 5, 98, 1
96, 5, 74, 1
96, 5, 99, 1
97, 3, 0, 4
97, 3, 263, 4
97, 3, 267, 3
98, 3, 0, 4
98, 3, 264, 4
98, 3, 267, 3
99, 3, 0, 4
99, 3, 265, 4
99, 3, 267, 3
100, 3, 0, 4
100, 3, 119, 4
100, 3, 267, 3
101, 3, 0, 4
101, 3, 122, 4
101, 3, 267, 3
102, 3, 0, 4
102, 3, 103, 4
102, 3, 267, 1
103, 3, 0, 2
103, 3, 187, 2
103, 3, 267, 1
104, 3, 0, 3
104, 3, 105, 3
104, 3, 267, 1
105, 3, 0, 2
105, 3, 187, 2
105, 3, 267, 1
106, 3, 0, 4
106, 3, 124, 4
106, 3, 267, 3
107, 3, 0, 4
107, 3, 202, 4
107, 3, 267, 3
108, 3, 0, 4
108, 3, 182, 4
108, 3, 267, 3
109, 5, 0, 6
109, 5, 42, 1
109, 5, 195, 4
109, 5, 2, 1
109, 5, 267, 3
110, 3, 0, 3
110, 3, 177, 3
110, 3, 267, 2
111, 4, 0, 1
111, 4, 90, 1
111, 4, 106, 1
111, 4, 107, 1
112, 3, 0, 3
112, 3, 191, 3
112, 3, 267, 2
113, 3, 0, 1
113, 3, 67, 1
113, 3, 73, 1
114, 4, 0, 1
114, 4, 49, 1
114, 4, 71, 1
114, 4, 72, 1
115, 3, 0, 5
115, 3, 190, 5
115, 3, 267, 4
116, 3, 0, 5
116, 3, 199, 5
116, 3, 267, 4
117, 5, 0, 6
117, 5, 3, 1
117, 5, 70, 2
117, 5, 114, 3
117, 5, 267, 3
118, 3, 0, 4
118, 3, 197, 4
118, 3, 267, 3
119, 4, 0, 4
119, 4, 194, 1
119, 4, 120, 3
119, 4, 267, 2
120, 3, 0, 4
120, 3, 121, 4
120, 3, 267, 1
121, 3, 0, 4
121, 3, 132, 4
121, 3, 267, 3
122, 3, 0, 3
122, 3, 123, 3
122, 3, 267, 2
123, 3, 0, 3
123, 3, 200, 3
123, 3, 267, 2
124, 5, 0, 5
124, 5, 179, 2
124, 5, 5, 1
124, 5, 77, 2
124, 5, 267, 2
125, 3, 0, 6
125, 3, 192, 6
125, 3, 267, 5
126, 4, 0, 3
126, 4, 179, 1
126, 4, 76, 2
126, 4, 267, 1
127, 4, 0, 3
127, 4, 236, 1
127, 4, 180, 2
127, 4, 267, 1
128, 3, 0, 4
128, 3, 185, 4
128, 3, 267, 3
129, 3, 0, 4
129, 3, 130, 4
129, 3, 267, 3
130, 3, 0, 2
130, 3, 112, 2
130, 3, 267, 1
131, 3, 0, 4
131, 3, 133, 4
131, 3, 267, 3
132, 3, 0, 4
132, 3, 134, 4
132, 3, 267, 3
133, 3, 0, 4
133, 3, 233, 4
133, 3, 267, 3
134, 3, 0, 4
134, 3, 194, 4
134, 3, 267, 3
135, 3, 0, 3
135, 3, 111, 3
135, 3, 267, 2
136, 5, 0, 1
136, 5, 91, 1
136, 5, 75, 1
136, 5, 100, 1
136, 5, 101, 1
137, 3, 0, 3
137, 3, 113, 3
137, 3, 267, 2
138, 4, 0, 4
138, 4, 102, 2
138, 4, 104, 2
138, 4, 267, 2
139, 3, 0, 3
139, 3, 140, 3
139, 3, 267, 2
140, 3, 0, 4
140, 3, 141, 4
140, 3, 267, 3
141, 3, 0, 4
141, 3, 142, 4
141, 3, 267, 3
142, 3, 0, 4
142, 3, 143, 4
142, 3, 267, 3
143, 3, 0, 4
143, 3, 144, 4
143, 3, 267, 3
144, 3, 0, 1
144, 3, 79, 1
144, 3, 108, 1
145, 6, 0, 7
145, 6, 87, 2
145, 6, 80, 2
145, 6, 36, 1
145, 6, 81, 2
145, 6, 267, 3
146, 3, 0, 4
146, 3, 136, 4
146, 3, 267, 3
147, 4, 0, 4
147, 4, 135, 3
147, 4, 17, 1
147, 4, 267, 2
148, 3, 0, 3
148, 3, 231, 3
148, 3, 267, 2
149, 3, 0, 3
149, 3, 138, 3
149, 3, 267, 2
150, 4, 0, 5
150, 4, 191, 1
150, 4, 238, 4
150, 4, 267, 3
151, 4, 0, 5
151, 4, 242, 4
151, 4, 195, 1
151, 4, 267, 3
152, 3, 0, 4
152, 3, 153, 4
152, 3, 267, 3
153, 3, 0, 7
153, 3, 154, 7
153, 3, 267, 3
154, 3, 0, 3
154, 3, 232, 3
154, 3, 267, 2
155, 3, 0, 1
155, 3, 115, 1
155, 3, 125, 1
156, 3, 0, 7
156, 3, 157, 7
156, 3, 267, 3
157, 3, 0, 4
157, 3, 199, 4
157, 3, 267, 3
158, 4, 0, 4
158, 4, 197, 1
158, 4, 181, 3
158, 4, 267, 2
159, 4, 0, 8
159, 4, 198, 4
159, 4, 148, 4
159, 4, 267, 6
160, 4, 0, 6
160, 4, 156, 5
160, 4, 116, 1
160, 4, 267, 4
161, 4, 0, 10
161, 4, 201, 6
161, 4, 259, 4
161, 4, 267, 8
162, 4, 0, 10
162, 4, 200, 6
162, 4, 149, 4
162, 4, 267, 8
163, 4, 0, 10
163, 4, 202, 7
163, 4, 139, 3
163, 4, 267, 8
164, 4, 0, 1
164, 4, 165, 1
164, 4, 166, 1
164, 4, 167, 1
165, 4, 0, 1
165, 4, 164, 1
165, 4, 166, 1
165, 4, 167, 1
166, 4, 0, 1
166, 4, 164, 1
166, 4, 165, 1
166, 4, 167, 1
167, 2, 0, 1
167, 2, 208, 1
168, 4, 0, 1
168, 4, 169, 1
168, 4, 170, 1
168, 4, 171, 1
169, 4, 0, 1
169, 4, 168, 1
169, 4, 170, 1
169, 4, 171, 1
170, 4, 0, 1
170, 4, 168, 1
170, 4, 169, 1
170, 4, 171, 1
171, 2, 0, 1
171, 2, 21, 1
172, 4, 0, 1
172, 4, 203, 1
172, 4, 204, 1
172, 4, 173, 1
173, 2, 0, 1
173, 2, 262, 1
174, 2, 0, 1
174, 2, 61, 1
175, 3, 0, 1
175, 3, 182, 1
175, 3, 183, 1
176, 3, 0, 1
176, 3, 177, 1
176, 3, 178, 1
177, 3, 0, 1
177, 3, 176, 1
177, 3, 178, 1
178, 3, 0, 3
178, 3, 236, 3
178, 3, 267, 2
179, 3, 0, 3
179, 3, 126, 3
179, 3, 267, 2
180, 3, 0, 3
180, 3, 127, 3
180, 3, 267, 2
181, 3, 0, 1
181, 3, 196, 1
181, 3, 188, 1
182, 3, 0, 1
182, 3, 175, 1
182, 3, 183, 1
183, 3, 0, 3
183, 3, 235, 3
183, 3, 267, 2
184, 3, 0, 1
184, 3, 185, 1
184, 3, 186, 1
185, 3, 0, 1
185, 3, 184, 1
185, 3, 186, 1
186, 3, 0, 4
186, 3, 240, 4
186, 3, 267, 3
187, 3, 0, 3
187, 3, 257, 3
187, 3, 267, 2
188, 3, 0, 4
188, 3, 268, 4
188, 3, 267, 3
189, 3, 0, 3
189, 3, 145, 3
189, 3, 267, 2
190, 3, 0, 1
190, 3, 192, 1
190, 3, 193, 1
191, 3, 0, 4
191, 3, 150, 4
191, 3, 267, 3
192, 3, 0, 1
192, 3, 190, 1
192, 3, 193, 1
193, 3, 0, 6
193, 3, 158, 6
193, 3, 267, 5
194, 3, 0, 4
194, 3, 260, 4
194, 3, 267, 3
195, 3, 0, 4
195, 3, 151, 4
195, 3, 267, 3
196, 3, 0, 1
196, 3, 181, 1
196, 3, 188, 1
197, 3, 0, 6
197, 3, 155, 6
197, 3, 267, 5
198, 3, 0, 6
198, 3, 159, 6
198, 3, 267, 5
199, 3, 0, 7
199, 3, 161, 7
199, 3, 267, 6
200, 3, 0, 7
200, 3, 162, 7
200, 3, 267, 6
201, 3, 0, 9
201, 3, 160, 9
201, 3, 267, 8
202, 3, 0, 8
202, 3, 163, 8
202, 3, 267, 7
203, 4, 0, 1
203, 4, 204, 1
203, 4, 172, 1
203, 4, 173, 1
204, 4, 0, 1
204, 4, 203, 1
204, 4, 172, 1
204, 4, 173, 1
205, 5, 0, 1
205, 5, 206, 1
205, 5, 207, 1
205, 5, 208, 1
205, 5, 209, 1
206, 5, 0, 1
206, 5, 205, 1
206, 5, 207, 1
206, 5, 208, 1
206, 5, 209, 1
207, 5, 0, 1
207, 5, 205, 1
207, 5, 206, 1
207, 5, 208, 1
207, 5, 209, 1
208, 5, 0, 1
208, 5, 205, 1
208, 5, 206, 1
208, 5, 207, 1
208, 5, 209, 1
209, 2, 0, 1
209, 2, 236, 1
210, 5, 0, 1
210, 5, 211, 1
210, 5, 212, 1
210, 5, 213, 1
210, 5, 214, 1
211, 5, 0, 1
211, 5, 210, 1
211, 5, 212, 1
211, 5, 213, 1
211, 5, 214, 1
212, 5, 0, 1
212, 5, 210, 1
212, 5, 211, 1
212, 5, 213, 1
212, 5, 214, 1
213, 5, 0, 1
213, 5, 210, 1
213, 5, 211, 1
213, 5, 212, 1
213, 5, 214, 1
214, 2, 0, 1
214, 2, 27, 1
215, 5, 0, 1
215, 5, 216, 1
215, 5, 217, 1
215, 5, 218, 1
215, 5, 219, 1
216, 5, 0, 1
216, 5, 215, 1
216, 5, 217, 1
216, 5, 218, 1
216, 5, 219, 1
217, 5, 0, 1
217, 5, 215, 1
217, 5, 216, 1
217, 5, 218, 1
217, 5, 219, 1
218, 5, 0, 1
218, 5, 215, 1
218, 5, 216, 1
218, 5, 217, 1
218, 5, 219, 1
219, 2, 0, 1
219, 2, 33, 1
220, 4, 0, 1
220, 4, 227, 1
220, 4, 228, 1
220, 4, 229, 1
221, 4, 0, 1
221, 4, 230, 1
221, 4, 222, 1
221, 4, 223, 1
222, 4, 0, 1
222, 4, 221, 1
222, 4, 230, 1
222, 4, 223, 1
223, 3, 0, 2
223, 3, 262, 2
223, 3, 267, 1
224, 4, 0, 1
224, 4, 225, 1
224, 4, 226, 1
224, 4, 174, 1
225, 4, 0, 1
225, 4, 224, 1
225, 4, 226, 1
225, 4, 174, 1
226, 4, 0, 1
226, 4, 224, 1
226, 4, 225, 1
226, 4, 174, 1
227, 4, 0, 1
227, 4, 220, 1
227, 4, 228, 1
227, 4, 229, 1
228, 4, 0, 1
228, 4, 220, 1
228, 4, 227, 1
228, 4, 229, 1
229, 3, 0, 3
229, 3, 245, 3
229, 3, 267, 2
230, 4, 0, 1
230, 4, 221, 1
230, 4, 222, 1
230, 4, 223, 1
231, 4, 0, 1
231, 4, 233, 1
231, 4, 232, 1
231, 4, 234, 1
232, 4, 0, 1
232, 4, 233, 1
232, 4, 231, 1
232, 4, 234, 1
233, 4, 0, 1
233, 4, 232, 1
233, 4, 231, 1
233, 4, 234, 1
234, 3, 0, 3
234, 3, 258, 3
234, 3, 267, 2
235, 4, 0, 1
235, 4, 238, 1
235, 4, 237, 1
235, 4, 239, 1
236, 3, 0, 3
236, 3, 237, 3
236, 3, 267, 2
237, 4, 0, 1
237, 4, 238, 1
237, 4, 239, 1
237, 4, 235, 1
238, 4, 0, 1
238, 4, 237, 1
238, 4, 239, 1
238, 4, 235, 1
239, 3, 0, 3
239, 3, 146, 3
239, 3, 267, 2
240, 4, 0, 1
240, 4, 243, 1
240, 4, 244, 1
240, 4, 241, 1
241, 3, 0, 4
241, 3, 196, 4
241, 3, 267, 3
242, 3, 0, 4
242, 3, 243, 4
242, 3, 267, 3
243, 4, 0, 1
243, 4, 240, 1
243, 4, 244, 1
243, 4, 241, 1
244, 4, 0, 1
244, 4, 243, 1
244, 4, 240, 1
244, 4, 241, 1
245, 3, 0, 4
245, 3, 244, 4
245, 3, 267, 3
246, 5, 0, 1
246, 5, 247, 1
246, 5, 248, 1
246, 5, 249, 1
246, 5, 250, 1
247, 5, 0, 1
247, 5, 246, 1
247, 5, 248, 1
247, 5, 249, 1
247, 5, 250, 1
248, 5, 0, 1
248, 5, 246, 1
248, 5, 247, 1
248, 5, 249, 1
248, 5, 250, 1
249, 5, 0, 1
249, 5, 246, 1
249, 5, 247, 1
249, 5, 248, 1
249, 5, 250, 1
250, 3, 0, 2
250, 3, 245, 2
250, 3, 267, 1
251, 5, 0, 1
251, 5, 252, 1
251, 5, 253, 1
251, 5, 254, 1
251, 5, 255, 1
252, 5, 0, 1
252, 5, 251, 1
252, 5, 253, 1
252, 5, 254, 1
252, 5, 255, 1
253, 5, 0, 1
253, 5, 251, 1
253, 5, 252, 1
253, 5, 254, 1
253, 5, 255, 1
254, 5, 0, 1
254, 5, 251, 1
254, 5, 252, 1
254, 5, 253, 1
254, 5, 255, 1
255, 3, 0, 2
255, 3, 230, 2
255, 3, 267, 1
256, 5, 0, 1
256, 5, 263, 1
256, 5, 264, 1
256, 5, 265, 1
256, 5, 266, 1
257, 5, 0, 1
257, 5, 258, 1
257, 5, 259, 1
257, 5, 260, 1
257, 5, 261, 1
258, 5, 0, 1
258, 5, 259, 1
258, 5, 260, 1
258, 5, 257, 1
258, 5, 261, 1
259, 5, 0, 1
259, 5, 258, 1
259, 5, 260, 1
259, 5, 257, 1
259, 5, 261, 1
260, 5, 0, 1
260, 5, 258, 1
260, 5, 259, 1
260, 5, 257, 1
260, 5, 261, 1
261, 3, 0, 3
261, 3, 137, 3
261, 3, 267, 2
262, 3, 0, 4
262, 3, 147, 4
262, 3, 267, 3
263, 5, 0, 1
263, 5, 264, 1
263, 5, 256, 1
263, 5, 265, 1
263, 5, 266, 1
264, 5, 0, 1
264, 5, 263, 1
264, 5, 256, 1
264, 5, 265, 1
264, 5, 266, 1
265, 5, 0, 1
265, 5, 263, 1
265, 5, 264, 1
265, 5, 256, 1
265, 5, 266, 1
266, 3, 0, 4
266, 3, 152, 4
266, 3, 267, 3
267, 201, 0, 344
267, 201, 39, 3
267, 201, 268, 3
267, 201, 117, 5
267, 201, 245, 6
267, 201, 124, 5
267, 201, 236, 4
267, 201, 179, 3
267, 201, 126, 3
267, 201, 200, 13
267, 201, 162, 14
267, 201, 180, 3
267, 201, 127, 3
267, 201, 153, 6
267, 201, 154, 5
267, 201, 138, 4
267, 201, 187, 4
267, 201, 102, 2
267, 201, 189, 5
267, 201, 103, 2
267, 201, 147, 5
267, 201, 145, 5
267, 201, 262, 5
267, 201, 198, 11
267, 201, 159, 11
267, 201, 104, 2
267, 201, 105, 2
267, 201, 201, 15
267, 201, 161, 14
267, 201, 160, 12
267, 201, 199, 13
267, 201, 197, 8
267, 201, 158, 7
267, 201, 87, 2
267, 201, 156, 7
267, 201, 88, 2
267, 201, 157, 6
267, 201, 109, 4
267, 201, 242, 6
267, 201, 202, 16
267, 201, 163, 15
267, 201, 195, 6
267, 201, 151, 6
267, 201, 119, 5
267, 201, 194, 6
267, 201, 120, 3
267, 201, 121, 4
267, 201, 191, 5
267, 201, 150, 6
267, 201, 112, 3
267, 201, 129, 6
267, 201, 90, 3
267, 201, 238, 3
267, 201, 76, 1
267, 201, 110, 4
267, 201, 78, 2
267, 201, 177, 2
267, 201, 82, 3
267, 201, 50, 1
267, 201, 176, 2
267, 201, 77, 1
267, 201, 178, 2
267, 201, 106, 3
267, 201, 237, 2
267, 201, 111, 2
267, 201, 239, 2
267, 201, 135, 4
267, 201, 133, 6
267, 201, 131, 6
267, 201, 93, 3
267, 201, 233, 3
267, 201, 97, 3
267, 201, 263, 3
267, 201, 98, 3
267, 201, 264, 3
267, 201, 74, 2
267, 201, 256, 2
267, 201, 99, 3
267, 201, 265, 3
267, 201, 96, 3
267, 201, 266, 3
267, 201, 152, 6
267, 201, 94, 3
267, 201, 232, 2
267, 201, 148, 5
267, 201, 95, 3
267, 201, 231, 2
267, 201, 92, 3
267, 201, 234, 2
267, 201, 91, 3
267, 201, 258, 2
267, 201, 116, 4
267, 201, 75, 2
267, 201, 259, 3
267, 201, 134, 6
267, 201, 132, 6
267, 201, 100, 3
267, 201, 260, 3
267, 201, 122, 5
267, 201, 123, 4
267, 201, 149, 5
267, 201, 101, 3
267, 201, 257, 2
267, 201, 136, 3
267, 201, 261, 2
267, 201, 44, 1
267, 201, 243, 3
267, 201, 85, 3
267, 201, 184, 3
267, 201, 128, 6
267, 201, 86, 3
267, 201, 185, 3
267, 201, 84, 3
267, 201, 186, 3
267, 201, 83, 3
267, 201, 240, 3
267, 201, 45, 1
267, 201, 246, 1
267, 201, 46, 1
267, 201, 247, 1
267, 201, 47, 1
267, 201, 248, 1
267, 201, 48, 1
267, 201, 249, 1
267, 201, 70, 1
267, 201, 250, 1
267, 201, 49, 1
267, 201, 220, 1
267, 201, 71, 2
267, 201, 227, 2
267, 201, 72, 2
267, 201, 228, 2
267, 201, 114, 2
267, 201, 229, 2
267, 201, 69, 2
267, 201, 244, 3
267, 201, 68, 2
267, 201, 241, 3
267, 201, 67, 2
267, 201, 196, 3
267, 201, 115, 4
267, 201, 190, 4
267, 201, 125, 5
267, 201, 192, 5
267, 201, 155, 5
267, 201, 193, 5
267, 201, 118, 5
267, 201, 73, 2
267, 201, 181, 2
267, 201, 113, 2
267, 201, 188, 3
267, 201, 137, 4
267, 201, 146, 5
267, 201, 52, 1
267, 201, 221, 1
267, 201, 55, 1
267, 201, 251, 1
267, 201, 56, 1
267, 201, 252, 1
267, 201, 57, 1
267, 201, 253, 1
267, 201, 58, 1
267, 201, 254, 1
267, 201, 54, 1
267, 201, 255, 1
267, 201, 53, 1
267, 201, 230, 1
267, 201, 64, 2
267, 201, 59, 1
267, 201, 222, 1
267, 201, 80, 1
267, 201, 223, 1
267, 201, 43, 1
267, 201, 203, 1
267, 201, 51, 1
267, 201, 204, 1
267, 201, 66, 1
267, 201, 89, 2
267, 201, 60, 1
267, 201, 224, 1
267, 201, 62, 1
267, 201, 225, 1
267, 201, 63, 1
267, 201, 226, 1
267, 201, 81, 1
267, 201, 65, 2
267, 201, 61, 1
267, 201, 140, 5
267, 201, 139, 4
267, 201, 142, 6
267, 201, 79, 2
267, 201, 175, 2
267, 201, 108, 3
267, 201, 182, 3
267, 201, 144, 3
267, 201, 183, 2
267, 201, 143, 6
267, 201, 141, 6
267, 201, 107, 3
267, 201, 235, 2
267, 201, 130, 4
DTG
0, 222, 0, 1, 2
0, 222, 0, 1, 2
0, 222, 0, 1, 2
0, 222, 0, 1, 2
0, 222, 0, 1, 2
0, 222, 0, 1, 2
0, 222, 0, 1, 2
0, 222, 0, 1, 2
0, 222, 0, 1, 2
0, 222, 0, 1, 2
0, 222, 0, 1, 2
0, 222, 0, 1, 2
0, 222, 0, 1, 2
0, 222, 0, 1, 2
0, 222, 0, 1, 2
0, 222, 0, 1, 2
0, 222, 0, 1, 2
0, 222, 0, 1, 2
0, 222, 0, 1, 2
0, 222, 0, 1, 2
0, 222, 0, 1, 2
0, 222, 0, 1, 2
0, 222, 0, 1, 2
0, 222, 0, 1, 2
0, 222, 0, 1, 2
0, 222, 0, 1, 2
0, 222, 0, 1, 2
0, 222, 0, 1, 2
0, 222, 0, 1, 2
0, 222, 0, 1, 2
0, 222, 0, 1, 2
0, 222, 0, 1, 2
0, 222, 0, 1, 2
0, 222, 0, 1, 2
0, 222, 0, 1, 2
0, 222, 0, 1, 2
0, 222, 0, 1, 2
0, 222, 0, 1, 2
0, 222, 0, 1, 2
0, 222, 0, 1, 2
0, 222, 0, 1, 2
0, 222, 0, 1, 2
0, 222, 0, 1, 2
0, 222, 0, 1, 2
0, 222, 0, 1, 2
0, 222, 0, 1, 2
0, 222, 0, 1, 2
0, 222, 0, 1, 2
0, 222, 0, 1, 2
0, 222, 0, 1, 2
0, 222, 0, 1, 2
0, 222, 0, 1, 2
0, 222, 0, 1, 2
0, 222, 0, 1, 2
0, 222, 0, 1, 2
0, 222, 0, 1, 2
0, 222, 0, 1, 2
0, 222, 0, 1, 2
0, 222, 0, 1, 2
0, 222, 0, 1, 2
0, 222, 0, 1, 2
0, 222, 0, 1, 2
0, 222, 0, 1, 2
0, 222, 0, 1, 2
0, 222, 0, 1, 2
0, 222, 0, 1, 2
0, 222, 0, 1, 2
0, 222, 0, 1, 2
0, 222, 0, 1, 2
0, 222, 0, 1, 2
0, 222, 0, 1, 2
0, 222, 0, 1, 2
0, 222, 0, 1, 2
0, 222, 0, 1, 2
0, 222, 0, 1, 2
0, 222, 0, 1, 2
0, 222, 0, 1, 2
0, 222, 0, 1, 2
0, 222, 0, 1, 2
0, 222, 0, 1, 2
0, 222, 0, 1, 2
0, 222, 0, 1, 2
0, 222, 0, 1, 2
0, 222, 0, 1, 2
0, 222, 0, 1, 2
0, 222, 0, 1, 2
0, 222, 0, 1, 2
0, 222, 0, 1, 2
0, 222, 0, 1, 2
0, 222, 0, 1, 2
0, 222, 0, 1, 2
0, 222, 0, 1, 2
0, 222, 0, 1, 2
0, 222, 0, 1, 2
0, 222, 0, 1, 2
0, 222, 0, 1, 2
0, 222, 0, 1, 2
0, 222, 0, 1, 2
0, 222, 0, 1, 2
0, 222, 0, 1, 2
0, 222, 0, 1, 2
0, 222, 0, 1, 2
0, 222, 0, 1, 2
0, 222, 0, 1, 2
0, 222, 0, 1, 2
0, 222, 0, 1, 2
0, 222, 0, 1, 2
0, 222, 0, 1, 2
0, 222, 0, 1, 2
0, 222, 0, 1, 2
0, 222, 0, 1, 2
0, 222, 0, 1, 2
0, 222, 0, 1, 2
0, 222, 0, 1, 2
0, 222, 0, 1, 2
0, 222, 0, 1, 2
0, 222, 0, 1, 2
0, 222, 0, 1, 2
0, 222, 0, 1, 2
0, 222, 0, 1, 2
0, 222, 0, 1, 2
0, 222, 0, 1, 2
0, 222, 0, 1, 2
0, 222, 0, 1, 2
0, 222, 0, 1, 2
0, 222, 0, 1, 2
0, 222, 0, 1, 2
0, 222, 0, 1, 2
0, 222, 0, 1, 2
0, 222, 0, 1, 2
0, 222, 0, 1, 2
0, 222, 0, 1, 2
0, 222, 0, 1, 2
0, 222, 0, 1, 2
0, 222, 0, 1, 2
0, 222, 0, 1, 2
0, 222, 0, 1, 2
0, 222, 0, 1, 2
0, 222, 0, 1, 2
0, 222, 0, 1, 2
0, 222, 0, 1, 2
0, 222, 0, 1, 2
0, 222, 0, 1, 2
0, 222, 0, 1, 2
0, 222, 0, 1, 2
0, 222, 0, 1, 2
0, 222, 0, 1, 2
0, 222, 0, 1, 2
0, 222, 0, 1, 2
0, 222, 0, 1, 2
0, 222, 0, 1, 2
0, 222, 0, 1, 2
0, 222, 0, 1, 2
0, 222, 0, 1, 2
0, 222, 0, 1, 2
0, 222, 0, 1, 2
0, 222, 0, 1, 2
0, 222, 0, 1, 2
0, 222, 0, 1, 2
0, 222, 0, 1, 2
0, 222, 0, 1, 2
0, 222, 0, 1, 2
0, 222, 0, 1, 2
0, 222, 0, 1, 2
0, 222, 0, 1, 2
0, 222, 0, 1, 2
0, 222, 0, 1, 2
0, 222, 0, 1, 2
0, 222, 0, 1, 2
0, 222, 0, 1, 2
0, 222, 0, 1, 2
0, 222, 0, 1, 2
0, 222, 0, 1, 2
0, 222, 0, 1, 2
0, 222, 0, 1, 2
0, 222, 0, 1, 2
0, 222, 0, 1, 2
0, 222, 0, 1, 2
0, 222, 0, 1, 2
0, 222, 0, 1, 2
0, 222, 0, 1, 2
0, 222, 0, 1, 2
0, 222, 0, 1, 2
0, 222, 0, 1, 2
0, 222, 0, 1, 2
0, 222, 0, 1, 2
0, 222, 0, 1, 2
0, 222, 0, 1, 2
0, 222, 0, 1, 2
0, 222, 0, 1, 2
0, 222, 0, 1, 2
0, 222, 0, 1, 2
0, 222, 0, 1, 2
0, 222, 0, 1, 2
0, 222, 0, 1, 2
0, 222, 0, 1, 2
0, 222, 0, 1, 2
0, 222, 0, 1, 2
0, 222, 0, 1, 2
0, 222, 0, 1, 2
0, 222, 0, 1, 2
0, 222, 0, 1, 3
0, 222, 0, 1, 3
0, 222, 0, 1, 3
0, 222, 0, 1, 3
0, 222, 0, 1, 3
0, 222, 0, 1, 4
0, 222, 0, 1, 4
0, 222, 0, 1, 4
0, 222, 0, 1, 4
0, 222, 0, 1, 4
0, 222, 0, 1, 4
0, 222, 0, 1, 4
0, 222, 0, 1, 4
0, 222, 0, 1, 4
0, 222, 0, 1, 5
0, 222, 0, 1, 5
0, 222, 0, 1, 5
0, 222, 0, 1, 5
0, 222, 0, 1, 5
0, 222, 0, 1, 5
0, 222, 0, 1, 5
0, 344, 1, 0, 3
0, 344, 1, 0, 3
0, 344, 1, 0, 3
0, 344, 1, 0, 3
0, 344, 1, 0, 3
0, 344, 1, 0, 3
0, 344, 1, 0, 3
0, 344, 1, 0, 3
0, 344, 1, 0, 3
0, 344, 1, 0, 3
0, 344, 1, 0, 3
0, 344, 1, 0, 3
0, 344, 1, 0, 3
0, 344, 1, 0, 3
0, 344, 1, 0, 3
0, 344, 1, 0, 3
0, 344, 1, 0, 3
0, 344, 1, 0, 3
0, 344, 1, 0, 3
0, 344, 1, 0, 3
0, 344, 1, 0, 3
0, 344, 1, 0, 3
0, 344, 1, 0, 3
0, 344, 1, 0, 3
0, 344, 1, 0, 3
0, 344, 1, 0, 3
0, 344, 1, 0, 3
0, 344, 1, 0, 3
0, 344, 1, 0, 3
0, 344, 1, 0, 3
0, 344, 1, 0, 3
0, 344, 1, 0, 3
0, 344, 1, 0, 3
0, 344, 1, 0, 3
0, 344, 1, 0, 3
0, 344, 1, 0, 3
0, 344, 1, 0, 3
0, 344, 1, 0, 3
0, 344, 1, 0, 3
0, 344, 1, 0, 3
0, 344, 1, 0, 3
0, 344, 1, 0, 3
0, 344, 1, 0, 3
0, 344, 1, 0, 3
0, 344, 1, 0, 3
0, 344, 1, 0, 3
0, 344, 1, 0, 3
0, 344, 1, 0, 3
0, 344, 1, 0, 3
0, 344, 1, 0, 3
0, 344, 1, 0, 3
0, 344, 1, 0, 3
0, 344, 1, 0, 3
0, 344, 1, 0, 3
0, 344, 1, 0, 3
0, 344, 1, 0, 3
0, 344, 1, 0, 3
0, 344, 1, 0, 3
0, 344, 1, 0, 3
0, 344, 1, 0, 3
0, 344, 1, 0, 3
0, 344, 1, 0, 3
0, 344, 1, 0, 3
0, 344, 1, 0, 3
0, 344, 1, 0, 3
0, 344, 1, 0, 3
0, 344, 1, 0, 3
0, 344, 1, 0, 3
0, 344, 1, 0, 3
0, 344, 1, 0, 3
0, 344, 1, 0, 3
0, 344, 1, 0, 3
0, 344, 1, 0, 3
0, 344, 1, 0, 3
0, 344, 1, 0, 3
0, 344, 1, 0, 3
0, 344, 1, 0, 3
0, 344, 1, 0, 3
0, 344, 1, 0, 3
0, 344, 1, 0, 3
0, 344, 1, 0, 3
0, 344, 1, 0, 3
0, 344, 1, 0, 3
0, 344, 1, 0, 3
0, 344, 1, 0, 3
0, 344, 1, 0, 3
0, 344, 1, 0, 3
0, 344, 1, 0, 3
0, 344, 1, 0, 3
0, 344, 1, 0, 3
0, 344, 1, 0, 3
0, 344, 1, 0, 3
0, 344, 1, 0, 3
0, 344, 1, 0, 3
0, 344, 1, 0, 3
0, 344, 1, 0, 3
0, 344, 1, 0, 3
0, 344, 1, 0, 3
0, 344, 1, 0, 3
0, 344, 1, 0, 3
0, 344, 1, 0, 3
0, 344, 1, 0, 3
0, 344, 1, 0, 3
0, 344, 1, 0, 3
0, 344, 1, 0, 3
0, 344, 1, 0, 3
0, 344, 1, 0, 3
0, 344, 1, 0, 3
0, 344, 1, 0, 3
0, 344, 1, 0, 3
0, 344, 1, 0, 3
0, 344, 1, 0, 3
0, 344, 1, 0, 3
0, 344, 1, 0, 3
0, 344, 1, 0, 3
0, 344, 1, 0, 3
0, 344, 1, 0, 3
0, 344, 1, 0, 3
0, 344, 1, 0, 3
0, 344, 1, 0, 3
0, 344, 1, 0, 3
0, 344, 1, 0, 3
0, 344, 1, 0, 3
0, 344, 1, 0, 3
0, 344, 1, 0, 3
0, 344, 1, 0, 3
0, 344, 1, 0, 3
0, 344, 1, 0, 3
0, 344, 1, 0, 3
0, 344, 1, 0, 3
0, 344, 1, 0, 3
0, 344, 1, 0, 3
0, 344, 1, 0, 3
0, 344, 1, 0, 3
0, 344, 1, 0, 3
0, 344, 1, 0, 3
0, 344, 1, 0, 3
0, 344, 1, 0, 3
0, 344, 1, 0, 3
0, 344, 1, 0, 3
0, 344, 1, 0, 3
0, 344, 1, 0, 3
0, 344, 1, 0, 3
0, 344, 1, 0, 3
0, 344, 1, 0, 3
0, 344, 1, 0, 3
0, 344, 1, 0, 3
0, 344, 1, 0, 3
0, 344, 1, 0, 3
0, 344, 1, 0, 3
0, 344, 1, 0, 3
0, 344, 1, 0, 3
0, 344, 1, 0, 3
0, 344, 1, 0, 3
0, 344, 1, 0, 3
0, 344, 1, 0, 3
0, 344, 1, 0, 3
0, 344, 1, 0, 3
0, 344, 1, 0, 3
0, 344, 1, 0, 3
0, 344, 1, 0, 3
0, 344, 1, 0, 3
0, 344, 1, 0, 3
0, 344, 1, 0, 3
0, 344, 1, 0, 3
0, 344, 1, 0, 3
0, 344, 1, 0, 3
0, 344, 1, 0, 3
0, 344, 1, 0, 3
0, 344, 1, 0, 3
0, 344, 1, 0, 3
0, 344, 1, 0, 3
0, 344, 1, 0, 3
0, 344, 1, 0, 3
0, 344, 1, 0, 3
0, 344, 1, 0, 3
0, 344, 1, 0, 3
0, 344, 1, 0, 3
0, 344, 1, 0, 3
0, 344, 1, 0, 3
0, 344, 1, 0, 3
0, 344, 1, 0, 3
0, 344, 1, 0, 3
0, 344, 1, 0, 3
0, 344, 1, 0, 3
0, 344, 1, 0, 3
0, 344, 1, 0, 3
0, 344, 1, 0, 3
0, 344, 1, 0, 3
0, 344, 1, 0, 3
0, 344, 1, 0, 3
0, 344, 1, 0, 3
0, 344, 1, 0, 3
0, 344, 1, 0, 3
0, 344, 1, 0, 3
0, 344, 1, 0, 3
0, 344, 1, 0, 3
0, 344, 1, 0, 3
0, 344, 1, 0, 3
0, 344, 1, 0, 3
0, 344, 1, 0, 3
0, 344, 1, 0, 3
0, 344, 1, 0, 3
0, 344, 1, 0, 3
0, 344, 1, 0, 3
0, 344, 1, 0, 3
0, 344, 1, 0, 3
0, 344, 1, 0, 3
0, 344, 1, 0, 3
0, 344, 1, 0, 3
0, 344, 1, 0, 3
0, 344, 1, 0, 3
0, 344, 1, 0, 3
0, 344, 1, 0, 3
0, 344, 1, 0, 3
0, 344, 1, 0, 3
0, 344, 1, 0, 3
0, 344, 1, 0, 3
0, 344, 1, 0, 3
0, 344, 1, 0, 3
0, 344, 1, 0, 3
0, 344, 1, 0, 3
0, 344, 1, 0, 3
0, 344, 1, 0, 3
0, 344, 1, 0, 3
0, 344, 1, 0, 3
0, 344, 1, 0, 3
0, 344, 1, 0, 3
0, 344, 1, 0, 3
0, 344, 1, 0, 3
0, 344, 1, 0, 3
0, 344, 1, 0, 3
0, 344, 1, 0, 3
0, 344, 1, 0, 3
0, 344, 1, 0, 3
0, 344, 1, 0, 3
0, 344, 1, 0, 3
0, 344, 1, 0, 3
0, 344, 1, 0, 3
0, 344, 1, 0, 3
0, 344, 1, 0, 3
0, 344, 1, 0, 3
0, 344, 1, 0, 3
0, 344, 1, 0, 3
0, 344, 1, 0, 3
0, 344, 1, 0, 3
0, 344, 1, 0, 3
0, 344, 1, 0, 3
0, 344, 1, 0, 3
0, 344, 1, 0, 3
0, 344, 1, 0, 3
0, 344, 1, 0, 3
0, 344, 1, 0, 3
0, 344, 1, 0, 3
0, 344, 1, 0, 3
0, 344, 1, 0, 3
0, 344, 1, 0, 3
0, 344, 1, 0, 3
0, 344, 1, 0, 3
0, 344, 1, 0, 3
0, 344, 1, 0, 3
0, 344, 1, 0, 3
0, 344, 1, 0, 3
0, 344, 1, 0, 3
0, 344, 1, 0, 3
0, 344, 1, 0, 3
0, 344, 1, 0, 3
0, 344, 1, 0, 3
0, 344, 1, 0, 3
0, 344, 1, 0, 3
0, 344, 1, 0, 3
0, 344, 1, 0, 3
0, 344, 1, 0, 3
0, 344, 1, 0, 3
0, 344, 1, 0, 3
0, 344, 1, 0, 3
0, 344, 1, 0, 3
0, 344, 1, 0, 3
0, 344, 1, 0, 3
0, 344, 1, 0, 3
0, 344, 1, 0, 3
0, 344, 1, 0, 3
0, 344, 1, 0, 3
0, 344, 1, 0, 3
0, 344, 1, 0, 3
0, 344, 1, 0, 3
0, 344, 1, 0, 3
0, 344, 1, 0, 3
0, 344, 1, 0, 3
0, 344, 1, 0, 3
0, 344, 1, 0, 3
0, 344, 1, 0, 3
0, 344, 1, 0, 3
0, 344, 1, 0, 3
0, 344, 1, 0, 3
0, 344, 1, 0, 3
0, 344, 1, 0, 3
0, 344, 1, 0, 3
0, 344, 1, 0, 3
0, 344, 1, 0, 3
0, 344, 1, 0, 3
0, 344, 1, 0, 3
0, 344, 1, 0, 3
0, 344, 1, 0, 3
0, 344, 1, 0, 3
0, 344, 1, 0, 3
0, 344, 1, 0, 3
0, 344, 1, 0, 3
0, 344, 1, 0, 3
0, 344, 1, 0, 3
0, 344, 1, 0, 3
0, 344, 1, 0, 3
0, 344, 1, 0, 3
0, 344, 1, 0, 3
0, 344, 1, 0, 3
0, 344, 1, 0, 3
0, 344, 1, 0, 3
0, 344, 1, 0, 3
0, 344, 1, 0, 3
0, 344, 1, 0, 3
0, 344, 1, 0, 3
0, 344, 1, 0, 3
0, 344, 1, 0, 3
0, 344, 1, 0, 3
0, 344, 1, 0, 3
0, 344, 1, 0, 3
0, 344, 1, 0, 3
0, 344, 1, 0, 3
0, 344, 1, 0, 3
0, 344, 1, 0, 3
0, 344, 1, 0, 3
0, 344, 1, 0, 3
0, 344, 1, 0, 3
0, 344, 1, 0, 3
0, 344, 1, 0, 3
0, 344, 1, 0, 3
0, 344, 1, 0, 3
0, 344, 1, 0, 3
0, 344, 1, 0, 3
0, 344, 1, 0, 3
0, 344, 1, 0, 3
0, 344, 1, 0, 3
0, 344, 1, 0, 3
0, 344, 1, 0, 3
1, 1, 0, 1, 1
1, 1, 1, 0, 2
2, 1, 0, 1, 1
2, 1, 1, 0, 2
3, 1, 0, 1, 1
3, 1, 1, 0, 2
4, 1, 0, 1, 1
4, 1, 1, 0, 2
5, 1, 0, 1, 1
5, 1, 1, 0, 2
6, 1, 0, 1, 1
6, 1, 1, 0, 2
7, 1, 0, 1, 1
7, 1, 1, 0, 2
8, 1, 0, 1, 1
8, 1, 1, 0, 2
9, 1, 0, 1, 1
9, 1, 1, 0, 2
10, 1, 0, 1, 1
10, 1, 1, 0, 2
11, 1, 0, 1, 1
11, 1, 1, 0, 2
12, 1, 0, 1, 1
12, 1, 1, 0, 2
13, 1, 0, 1, 1
13, 1, 1, 0, 2
14, 1, 0, 1, 1
14, 1, 1, 0, 2
15, 1, 0, 1, 1
15, 1, 1, 0, 2
16, 1, 0, 1, 1
16, 1, 1, 0, 2
17, 1, 0, 1, 1
17, 1, 1, 0, 2
18, 1, 0, 1, 1
18, 1, 1, 0, 2
19, 1, 0, 1, 1
19, 1, 1, 0, 2
20, 1, 0, 1, 1
20, 1, 1, 0, 2
21, 1, 0, 1, 1
21, 1, 1, 0, 2
22, 1, 0, 1, 1
22, 1, 1, 0, 2
23, 1, 0, 1, 1
23, 1, 1, 0, 2
24, 1, 0, 1, 1
24, 1, 1, 0, 2
25, 1, 0, 1, 1
25, 1, 1, 0, 2
26, 1, 0, 1, 1
26, 1, 1, 0, 2
27, 1, 0, 1, 1
27, 1, 1, 0, 2
28, 1, 0, 1, 1
28, 1, 1, 0, 2
29, 1, 0, 1, 1
29, 1, 1, 0, 2
30, 1, 0, 1, 1
30, 1, 1, 0, 2
31, 1, 0, 1, 1
31, 1, 1, 0, 2
32, 1, 0, 1, 1
32, 1, 1, 0, 2
33, 1, 0, 1, 1
33, 1, 1, 0, 2
34, 1, 0, 1, 1
34, 1, 1, 0, 2
35, 1, 0, 1, 1
35, 1, 1, 0, 2
36, 1, 0, 1, 1
36, 1, 1, 0, 2
37, 1, 0, 1, 1
37, 1, 1, 0, 2
38, 1, 0, 1, 1
38, 1, 1, 0, 2
39, 4, 0, 1, 1
39, 4, 0, 1, 2
39, 4, 0, 1, 2
39, 4, 0, 1, 2
40, 1, 0, 1, 1
40, 2, 1, 0, 2
40, 2, 1, 0, 2
41, 1, 0, 1, 1
41, 2, 1, 0, 2
41, 2, 1, 0, 2
42, 1, 0, 1, 1
42, 2, 1, 0, 2
42, 2, 1, 0, 2
43, 2, 0, 1, 1
43, 2, 0, 1, 2
43, 1, 1, 0, 2
44, 2, 0, 1, 1
44, 2, 0, 1, 2
44, 1, 1, 0, 2
45, 2, 0, 1, 1
45, 2, 0, 1, 2
45, 1, 1, 0, 2
46, 2, 0, 1, 1
46, 2, 0, 1, 2
46, 1, 1, 0, 2
47, 2, 0, 1, 1
47, 2, 0, 1, 2
47, 1, 1, 0, 2
48, 2, 0, 1, 1
48, 2, 0, 1, 2
48, 1, 1, 0, 2
49, 2, 0, 1, 1
49, 2, 0, 1, 2
49, 1, 1, 0, 2
50, 2, 0, 1, 1
50, 2, 0, 1, 2
50, 1, 1, 0, 2
51, 2, 0, 1, 1
51, 2, 0, 1, 2
51, 1, 1, 0, 2
52, 2, 0, 1, 1
52, 2, 0, 1, 2
52, 1, 1, 0, 2
53, 2, 0, 1, 1
53, 2, 0, 1, 2
53, 1, 1, 0, 2
54, 1, 0, 1, 1
54, 2, 1, 0, 2
54, 2, 1, 0, 3
55, 2, 0, 1, 1
55, 2, 0, 1, 2
55, 1, 1, 0, 2
56, 2, 0, 1, 1
56, 2, 0, 1, 2
56, 1, 1, 0, 2
57, 2, 0, 1, 1
57, 2, 0, 1, 2
57, 1, 1, 0, 2
58, 2, 0, 1, 1
58, 2, 0, 1, 2
58, 1, 1, 0, 2
59, 2, 0, 1, 1
59, 2, 0, 1, 2
59, 1, 1, 0, 2
60, 2, 0, 1, 1
60, 2, 0, 1, 2
60, 1, 1, 0, 2
61, 2, 0, 1, 1
61, 2, 0, 1, 2
61, 1, 1, 0, 2
62, 2, 0, 1, 1
62, 2, 0, 1, 2
62, 1, 1, 0, 2
63, 2, 0, 1, 1
63, 2, 0, 1, 2
63, 1, 1, 0, 2
64, 2, 0, 1, 1
64, 2, 0, 1, 2
64, 2, 1, 0, 2
64, 2, 1, 0, 3
65, 2, 0, 1, 1
65, 2, 0, 1, 2
65, 2, 1, 0, 2
65, 2, 1, 0, 3
66, 1, 0, 1, 1
66, 2, 1, 0, 2
66, 2, 1, 0, 3
67, 3, 0, 1, 1
67, 3, 0, 1, 2
67, 3, 0, 1, 2
67, 1, 1, 0, 2
68, 1, 0, 1, 1
68, 3, 1, 0, 2
68, 3, 1, 0, 3
68, 3, 1, 0, 3
69, 3, 0, 1, 1
69, 3, 0, 1, 2
69, 3, 0, 1, 2
69, 1, 1, 0, 2
70, 1, 0, 1, 1
70, 2, 1, 0, 2
70, 2, 1, 0, 3
71, 3, 0, 1, 1
71, 3, 0, 1, 2
71, 3, 0, 1, 2
71, 1, 1, 0, 2
72, 3, 0, 1, 1
72, 3, 0, 1, 2
72, 3, 0, 1, 2
72, 1, 1, 0, 2
73, 3, 0, 1, 1
73, 3, 0, 1, 2
73, 3, 0, 1, 2
73, 1, 1, 0, 2
74, 3, 0, 1, 1
74, 3, 0, 1, 2
74, 3, 0, 1, 2
74, 1, 1, 0, 2
75, 3, 0, 1, 1
75, 3, 0, 1, 2
75, 3, 0, 1, 2
75, 1, 1, 0, 2
76, 1, 0, 1, 1
76, 2, 1, 0, 2
76, 2, 1, 0, 3
77, 1, 0, 1, 1
77, 2, 1, 0, 2
77, 2, 1, 0, 3
78, 3, 0, 1, 1
78, 3, 0, 1, 2
78, 3, 0, 1, 2
78, 1, 1, 0, 2
79, 3, 0, 1, 1
79, 3, 0, 1, 2
79, 3, 0, 1, 2
79, 1, 1, 0, 2
80, 1, 0, 1, 1
80, 2, 1, 0, 2
80, 2, 1, 0, 3
81, 1, 0, 1, 1
81, 2, 1, 0, 2
81, 2, 1, 0, 3
82, 3, 0, 1, 1
82, 3, 0, 1, 2
82, 3, 0, 1, 2
82, 2, 1, 0, 2
82, 2, 1, 0, 3
83, 4, 0, 1, 1
83, 4, 0, 1, 2
83, 4, 0, 1, 2
83, 4, 0, 1, 2
83, 1, 1, 0, 2
84, 1, 0, 1, 1
84, 4, 1, 0, 2
84, 4, 1, 0, 3
84, 4, 1, 0, 3
84, 4, 1, 0, 3
85, 4, 0, 1, 1
85, 4, 0, 1, 2
85, 4, 0, 1, 2
85, 4, 0, 1, 2
85, 1, 1, 0, 2
86, 4, 0, 1, 1
86, 4, 0, 1, 2
86, 4, 0, 1, 2
86, 4, 0, 1, 2
86, 1, 1, 0, 2
87, 2, 0, 1, 1
87, 2, 0, 1, 2
87, 2, 1, 0, 2
87, 2, 1, 0, 3
88, 2, 0, 1, 1
88, 2, 0, 1, 2
88, 2, 1, 0, 2
88, 2, 1, 0, 3
89, 2, 0, 1, 1
89, 2, 0, 1, 2
89, 2, 1, 0, 2
89, 2, 1, 0, 3
90, 4, 0, 1, 1
90, 4, 0, 1, 2
90, 4, 0, 1, 2
90, 4, 0, 1, 2
90, 1, 1, 0, 2
91, 4, 0, 1, 1
91, 4, 0, 1, 2
91, 4, 0, 1, 2
91, 4, 0, 1, 2
91, 1, 1, 0, 2
92, 1, 0, 1, 1
92, 4, 1, 0, 2
92, 4, 1, 0, 3
92, 4, 1, 0, 3
92, 4, 1, 0, 3
93, 4, 0, 1, 1
93, 4, 0, 1, 2
93, 4, 0, 1, 2
93, 4, 0, 1, 2
93, 1, 1, 0, 2
94, 4, 0, 1, 1
94, 4, 0, 1, 2
94, 4, 0, 1, 2
94, 4, 0, 1, 2
94, 1, 1, 0, 2
95, 4, 0, 1, 1
95, 4, 0, 1, 2
95, 4, 0, 1, 2
95, 4, 0, 1, 2
95, 1, 1, 0, 2
96, 1, 0, 1, 1
96, 4, 1, 0, 2
96, 4, 1, 0, 3
96, 4, 1, 0, 3
96, 4, 1, 0, 3
97, 4, 0, 1, 1
97, 4, 0, 1, 2
97, 4, 0, 1, 2
97, 4, 0, 1, 2
97, 1, 1, 0, 2
98, 4, 0, 1, 1
98, 4, 0, 1, 2
98, 4, 0, 1, 2
98, 4, 0, 1, 2
98, 1, 1, 0, 2
99, 4, 0, 1, 1
99, 4, 0, 1, 2
99, 4, 0, 1, 2
99, 4, 0, 1, 2
99, 1, 1, 0, 2
100, 4, 0, 1, 1
100, 4, 0, 1, 2
100, 4, 0, 1, 2
100, 4, 0, 1, 2
100, 1, 1, 0, 2
101, 4, 0, 1, 1
101, 4, 0, 1, 2
101, 4, 0, 1, 2
101, 4, 0, 1, 2
101, 1, 1, 0, 2
102, 2, 0, 1, 1
102, 2, 0, 1, 2
102, 2, 1, 0, 2
102, 2, 1, 0, 3
103, 2, 0, 1, 1
103, 2, 0, 1, 2
103, 2, 1, 0, 2
103, 2, 1, 0, 3
104, 2, 0, 1, 1
104, 2, 0, 1, 2
104, 2, 1, 0, 2
104, 2, 1, 0, 3
105, 2, 0, 1, 1
105, 2, 0, 1, 2
105, 2, 1, 0, 2
105, 2, 1, 0, 3
106, 4, 0, 1, 1
106, 4, 0, 1, 2
106, 4, 0, 1, 2
106, 4, 0, 1, 2
106, 1, 1, 0, 2
107, 4, 0, 1, 1
107, 4, 0, 1, 2
107, 4, 0, 1, 2
107, 4, 0, 1, 2
107, 1, 1, 0, 2
108, 4, 0, 1, 1
108, 4, 0, 1, 2
108, 4, 0, 1, 2
108, 4, 0, 1, 2
108, 1, 1, 0, 2
109, 4, 0, 1, 1
109, 4, 0, 1, 2
109, 4, 0, 1, 2
109, 4, 0, 1, 2
109, 2, 1, 0, 2
109, 2, 1, 0, 3
110, 3, 0, 1, 1
110, 3, 0, 1, 2
110, 3, 0, 1, 2
110, 3, 1, 0, 2
110, 3, 1, 0, 3
110, 3, 1, 0, 3
111, 1, 0, 1, 1
111, 3, 1, 0, 2
111, 3, 1, 0, 3
111, 3, 1, 0, 3
112, 3, 0, 1, 1
112, 3, 0, 1, 2
112, 3, 0, 1, 2
112, 2, 1, 0, 2
112, 2, 1, 0, 3
113, 1, 0, 1, 1
113, 3, 1, 0, 2
113, 3, 1, 0, 3
113, 3, 1, 0, 3
114, 1, 0, 1, 1
114, 3, 1, 0, 2
114, 3, 1, 0, 3
114, 3, 1, 0, 3
115, 5, 0, 1, 1
115, 5, 0, 1, 2
115, 5, 0, 1, 2
115, 5, 0, 1, 2
115, 5, 0, 1, 2
115, 1, 1, 0, 2
116, 5, 0, 1, 1
116, 5, 0, 1, 2
116, 5, 0, 1, 2
116, 5, 0, 1, 2
116, 5, 0, 1, 2
116, 1, 1, 0, 2
117, 4, 0, 1, 1
117, 4, 0, 1, 2
117, 4, 0, 1, 2
117, 4, 0, 1, 2
117, 3, 1, 0, 2
117, 3, 1, 0, 3
117, 3, 1, 0, 3
118, 4, 0, 1, 1
118, 4, 0, 1, 2
118, 4, 0, 1, 2
118, 4, 0, 1, 2
118, 3, 1, 0, 2
118, 3, 1, 0, 3
118, 3, 1, 0, 3
119, 3, 0, 1, 1
119, 3, 0, 1, 2
119, 3, 0, 1, 2
119, 4, 1, 0, 2
119, 4, 1, 0, 3
119, 4, 1, 0, 3
119, 4, 1, 0, 3
120, 2, 0, 1, 1
120, 2, 0, 1, 2
120, 3, 1, 0, 2
120, 3, 1, 0, 3
120, 3, 1, 0, 3
121, 4, 0, 1, 1
121, 4, 0, 1, 2
121, 4, 0, 1, 2
121, 4, 0, 1, 2
121, 2, 1, 0, 2
121, 2, 1, 0, 3
122, 3, 0, 1, 1
122, 3, 0, 1, 2
122, 3, 0, 1, 2
122, 4, 1, 0, 2
122, 4, 1, 0, 3
122, 4, 1, 0, 3
122, 4, 1, 0, 3
123, 3, 0, 1, 1
123, 3, 0, 1, 2
123, 3, 0, 1, 2
123, 3, 1, 0, 2
123, 3, 1, 0, 3
123, 3, 1, 0, 3
124, 3, 0, 1, 1
124, 3, 0, 1, 2
124, 3, 0, 1, 2
124, 4, 1, 0, 2
124, 4, 1, 0, 3
124, 4, 1, 0, 3
124, 4, 1, 0, 3
125, 6, 0, 1, 1
125, 6, 0, 1, 2
125, 6, 0, 1, 2
125, 6, 0, 1, 2
125, 6, 0, 1, 2
125, 6, 0, 1, 2
125, 1, 1, 0, 2
126, 1, 0, 1, 1
126, 3, 1, 0, 2
126, 3, 1, 0, 3
126, 3, 1, 0, 3
127, 2, 0, 1, 1
127, 2, 0, 1, 2
127, 3, 1, 0, 2
127, 3, 1, 0, 3
127, 3, 1, 0, 3
128, 4, 0, 1, 1
128, 4, 0, 1, 2
128, 4, 0, 1, 2
128, 4, 0, 1, 2
128, 4, 1, 0, 2
128, 4, 1, 0, 3
128, 4, 1, 0, 3
128, 4, 1, 0, 3
129, 4, 0, 1, 1
129, 4, 0, 1, 2
129, 4, 0, 1, 2
129, 4, 0, 1, 2
129, 4, 1, 0, 2
129, 4, 1, 0, 3
129, 4, 1, 0, 3
129, 4, 1, 0, 3
130, 2, 0, 1, 1
130, 2, 0, 1, 2
130, 4, 1, 0, 2
130, 4, 1, 0, 3
130, 4, 1, 0, 3
130, 4, 1, 0, 3
131, 4, 0, 1, 1
131, 4, 0, 1, 2
131, 4, 0, 1, 2
131, 4, 0, 1, 2
131, 4, 1, 0, 2
131, 4, 1, 0, 3
131, 4, 1, 0, 3
131, 4, 1, 0, 3
132, 4, 0, 1, 1
132, 4, 0, 1, 2
132, 4, 0, 1, 2
132, 4, 0, 1, 2
132, 4, 1, 0, 2
132, 4, 1, 0, 3
132, 4, 1, 0, 3
132, 4, 1, 0, 3
133, 4, 0, 1, 1
133, 4, 0, 1, 2
133, 4, 0, 1, 2
133, 4, 0, 1, 2
133, 4, 1, 0, 2
133, 4, 1, 0, 3
133, 4, 1, 0, 3
133, 4, 1, 0, 3
134, 4, 0, 1, 1
134, 4, 0, 1, 2
134, 4, 0, 1, 2
134, 4, 0, 1, 2
134, 4, 1, 0, 2
134, 4, 1, 0, 3
134, 4, 1, 0, 3
134, 4, 1, 0, 3
135, 3, 0, 1, 1
135, 3, 0, 1, 2
135, 3, 0, 1, 2
135, 3, 1, 0, 2
135, 3, 1, 0, 3
135, 3, 1, 0, 3
136, 1, 0, 1, 1
136, 4, 1, 0, 2
136, 4, 1, 0, 3
136, 4, 1, 0, 3
136, 4, 1, 0, 3
137, 3, 0, 1, 1
137, 3, 0, 1, 2
137, 3, 0, 1, 2
137, 3, 1, 0, 2
137, 3, 1, 0, 3
137, 3, 1, 0, 3
138, 3, 0, 1, 1
138, 3, 0, 1, 2
138, 3, 0, 1, 2
138, 3, 1, 0, 2
138, 3, 1, 0, 3
138, 3, 1, 0, 3
139, 3, 0, 1, 1
139, 3, 0, 1, 2
139, 3, 0, 1, 2
139, 3, 1, 0, 2
139, 3, 1, 0, 3
139, 3, 1, 0, 3
140, 4, 0, 1, 1
140, 4, 0, 1, 2
140, 4, 0, 1, 2
140, 4, 0, 1, 2
140, 3, 1, 0, 2
140, 3, 1, 0, 3
140, 3, 1, 0, 3
141, 4, 0, 1, 1
141, 4, 0, 1, 2
141, 4, 0, 1, 2
141, 4, 0, 1, 2
141, 4, 1, 0, 2
141, 4, 1, 0, 3
141, 4, 1, 0, 3
141, 4, 1, 0, 3
142, 4, 0, 1, 1
142, 4, 0, 1, 2
142, 4, 0, 1, 2
142, 4, 0, 1, 2
142, 4, 1, 0, 2
142, 4, 1, 0, 3
142, 4, 1, 0, 3
142, 4, 1, 0, 3
143, 4, 0, 1, 1
143, 4, 0, 1, 2
143, 4, 0, 1, 2
143, 4, 0, 1, 2
143, 4, 1, 0, 2
143, 4, 1, 0, 3
143, 4, 1, 0, 3
143, 4, 1, 0, 3
144, 1, 0, 1, 1
144, 4, 1, 0, 2
144, 4, 1, 0, 3
144, 4, 1, 0, 3
144, 4, 1, 0, 3
145, 4, 0, 1, 1
145, 4, 0, 1, 2
145, 4, 0, 1, 2
145, 4, 0, 1, 2
145, 3, 1, 0, 2
145, 3, 1, 0, 3
145, 3, 1, 0, 3
146, 4, 0, 1, 1
146, 4, 0, 1, 2
146, 4, 0, 1, 2
146, 4, 0, 1, 2
146, 3, 1, 0, 2
146, 3, 1, 0, 3
146, 3, 1, 0, 3
147, 3, 0, 1, 1
147, 3, 0, 1, 2
147, 3, 0, 1, 2
147, 4, 1, 0, 2
147, 4, 1, 0, 3
147, 4, 1, 0, 3
147, 4, 1, 0, 3
148, 3, 0, 1, 1
148, 3, 0, 1, 2
148, 3, 0, 1, 2
148, 4, 1, 0, 2
148, 4, 1, 0, 3
148, 4, 1, 0, 3
148, 4, 1, 0, 3
149, 3, 0, 1, 1
149, 3, 0, 1, 2
149, 3, 0, 1, 2
149, 4, 1, 0, 2
149, 4, 1, 0, 3
149, 4, 1, 0, 3
149, 4, 1, 0, 3
150, 4, 0, 1, 1
150, 4, 0, 1, 2
150, 4, 0, 1, 2
150, 4, 0, 1, 2
150, 4, 1, 0, 2
150, 4, 1, 0, 3
150, 4, 1, 0, 3
150, 4, 1, 0, 3
151, 1, 0, 1, 1
151, 4, 1, 0, 2
151, 4, 1, 0, 3
151, 4, 1, 0, 3
151, 4, 1, 0, 3
152, 4, 0, 1, 1
152, 4, 0, 1, 2
152, 4, 0, 1, 2
152, 4, 0, 1, 2
152, 4, 1, 0, 2
152, 4, 1, 0, 3
152, 4, 1, 0, 3
152, 4, 1, 0, 3
153, 4, 0, 1, 1
153, 4, 0, 1, 2
153, 4, 0, 1, 2
153, 4, 0, 1, 2
153, 4, 1, 0, 2
153, 4, 1, 0, 3
153, 4, 1, 0, 3
153, 4, 1, 0, 3
154, 3, 0, 1, 1
154, 3, 0, 1, 2
154, 3, 0, 1, 2
154, 4, 1, 0, 2
154, 4, 1, 0, 3
154, 4, 1, 0, 3
154, 4, 1, 0, 3
155, 1, 0, 1, 1
155, 6, 1, 0, 2
155, 6, 1, 0, 3
155, 6, 1, 0, 3
155, 6, 1, 0, 3
155, 6, 1, 0, 3
155, 6, 1, 0, 3
156, 4, 0, 1, 1
156, 4, 0, 1, 2
156, 4, 0, 1, 2
156, 4, 0, 1, 2
156, 5, 1, 0, 2
156, 5, 1, 0, 3
156, 5, 1, 0, 3
156, 5, 1, 0, 3
156, 5, 1, 0, 3
157, 4, 0, 1, 1
157, 4, 0, 1, 2
157, 4, 0, 1, 2
157, 4, 0, 1, 2
157, 4, 1, 0, 2
157, 4, 1, 0, 3
157, 4, 1, 0, 3
157, 4, 1, 0, 3
158, 1, 0, 1, 1
158, 6, 1, 0, 2
158, 6, 1, 0, 3
158, 6, 1, 0, 3
158, 6, 1, 0, 3
158, 6, 1, 0, 3
158, 6, 1, 0, 3
159, 7, 0, 1, 1
159, 7, 0, 1, 2
159, 7, 0, 1, 2
159, 7, 0, 1, 2
159, 7, 0, 1, 2
159, 7, 0, 1, 2
159, 7, 0, 1, 2
159, 6, 1, 0, 2
159, 6, 1, 0, 3
159, 6, 1, 0, 3
159, 6, 1, 0, 3
159, 6, 1, 0, 3
159, 6, 1, 0, 3
160, 5, 0, 1, 1
160, 5, 0, 1, 2
160, 5, 0, 1, 2
160, 5, 0, 1, 2
160, 5, 0, 1, 2
160, 9, 1, 0, 2
160, 9, 1, 0, 3
160, 9, 1, 0, 3
160, 9, 1, 0, 3
160, 9, 1, 0, 3
160, 9, 1, 0, 3
160, 9, 1, 0, 3
160, 9, 1, 0, 3
160, 9, 1, 0, 3
161, 9, 0, 1, 1
161, 9, 0, 1, 2
161, 9, 0, 1, 2
161, 9, 0, 1, 2
161, 9, 0, 1, 2
161, 9, 0, 1, 2
161, 9, 0, 1, 2
161, 9, 0, 1, 2
161, 9, 0, 1, 2
161, 7, 1, 0, 2
161, 7, 1, 0, 3
161, 7, 1, 0, 3
161, 7, 1, 0, 3
161, 7, 1, 0, 3
161, 7, 1, 0, 3
161, 7, 1, 0, 3
162, 9, 0, 1, 1
162, 9, 0, 1, 2
162, 9, 0, 1, 2
162, 9, 0, 1, 2
162, 9, 0, 1, 2
162, 9, 0, 1, 2
162, 9, 0, 1, 2
162, 9, 0, 1, 2
162, 9, 0, 1, 2
162, 7, 1, 0, 2
162, 7, 1, 0, 3
162, 7, 1, 0, 3
162, 7, 1, 0, 3
162, 7, 1, 0, 3
162, 7, 1, 0, 3
162, 7, 1, 0, 3
163, 9, 0, 1, 1
163, 9, 0, 1, 2
163, 9, 0, 1, 2
163, 9, 0, 1, 2
163, 9, 0, 1, 2
163, 9, 0, 1, 2
163, 9, 0, 1, 2
163, 9, 0, 1, 2
163, 9, 0, 1, 2
163, 8, 1, 0, 2
163, 8, 1, 0, 3
163, 8, 1, 0, 3
163, 8, 1, 0, 3
163, 8, 1, 0, 3
163, 8, 1, 0, 3
163, 8, 1, 0, 3
163, 8, 1, 0, 3
164, 1, 0, 1, 3
164, 1, 1, 0, 2
165, 1, 0, 1, 3
165, 1, 1, 0, 2
166, 1, 0, 1, 3
166, 1, 1, 0, 2
167, 1, 0, 1, 1
167, 1, 1, 0, 4
168, 1, 0, 1, 3
168, 1, 1, 0, 2
169, 1, 0, 1, 3
169, 1, 1, 0, 2
170, 1, 0, 1, 3
170, 1, 1, 0, 2
171, 1, 0, 1, 1
171, 1, 1, 0, 4
172, 1, 0, 1, 3
172, 1, 1, 0, 2
173, 1, 0, 1, 1
173, 1, 1, 0, 4
174, 1, 0, 1, 1
174, 1, 1, 0, 4
175, 1, 0, 1, 2
175, 3, 1, 0, 2
175, 3, 1, 0, 3
175, 3, 1, 0, 3
176, 1, 0, 1, 2
176, 3, 1, 0, 2
176, 3, 1, 0, 3
176, 3, 1, 0, 3
177, 1, 0, 1, 2
177, 3, 1, 0, 2
177, 3, 1, 0, 3
177, 3, 1, 0, 3
178, 3, 0, 1, 1
178, 3, 0, 1, 2
178, 3, 0, 1, 2
178, 1, 1, 0, 3
179, 3, 0, 1, 1
179, 3, 0, 1, 2
179, 3, 0, 1, 2
179, 3, 1, 0, 2
179, 3, 1, 0, 2
179, 3, 1, 0, 3
180, 3, 0, 1, 1
180, 3, 0, 1, 2
180, 3, 0, 1, 2
180, 3, 1, 0, 2
180, 3, 1, 0, 2
180, 3, 1, 0, 3
181, 1, 0, 1, 2
181, 3, 1, 0, 2
181, 3, 1, 0, 3
181, 3, 1, 0, 3
182, 1, 0, 1, 2
182, 4, 1, 0, 2
182, 4, 1, 0, 3
182, 4, 1, 0, 3
182, 4, 1, 0, 3
183, 3, 0, 1, 1
183, 3, 0, 1, 2
183, 3, 0, 1, 2
183, 1, 1, 0, 3
184, 1, 0, 1, 2
184, 4, 1, 0, 2
184, 4, 1, 0, 3
184, 4, 1, 0, 3
184, 4, 1, 0, 3
185, 1, 0, 1, 2
185, 4, 1, 0, 2
185, 4, 1, 0, 3
185, 4, 1, 0, 3
185, 4, 1, 0, 3
186, 4, 0, 1, 1
186, 4, 0, 1, 2
186, 4, 0, 1, 2
186, 4, 0, 1, 2
186, 1, 1, 0, 3
187, 3, 0, 1, 1
187, 3, 0, 1, 2
187, 3, 0, 1, 2
187, 4, 1, 0, 2
187, 4, 1, 0, 2
187, 4, 1, 0, 3
187, 4, 1, 0, 3
188, 4, 0, 1, 1
188, 4, 0, 1, 2
188, 4, 0, 1, 2
188, 4, 0, 1, 2
188, 1, 1, 0, 3
189, 3, 0, 1, 1
189, 3, 0, 1, 2
189, 3, 0, 1, 2
189, 5, 1, 0, 2
189, 5, 1, 0, 2
189, 5, 1, 0, 3
189, 5, 1, 0, 3
189, 5, 1, 0, 3
190, 1, 0, 1, 2
190, 5, 1, 0, 2
190, 5, 1, 0, 3
190, 5, 1, 0, 3
190, 5, 1, 0, 3
190, 5, 1, 0, 3
191, 4, 0, 1, 1
191, 4, 0, 1, 2
191, 4, 0, 1, 2
191, 4, 0, 1, 2
191, 4, 1, 0, 2
191, 4, 1, 0, 2
191, 4, 1, 0, 3
191, 4, 1, 0, 3
192, 1, 0, 1, 2
192, 6, 1, 0, 2
192, 6, 1, 0, 3
192, 6, 1, 0, 3
192, 6, 1, 0, 3
192, 6, 1, 0, 3
192, 6, 1, 0, 3
193, 6, 0, 1, 1
193, 6, 0, 1, 2
193, 6, 0, 1, 2
193, 6, 0, 1, 2
193, 6, 0, 1, 2
193, 6, 0, 1, 2
193, 1, 1, 0, 3
194, 4, 0, 1, 1
194, 4, 0, 1, 2
194, 4, 0, 1, 2
194, 4, 0, 1, 2
194, 5, 1, 0, 2
194, 5, 1, 0, 2
194, 5, 1, 0, 3
194, 5, 1, 0, 3
194, 5, 1, 0, 3
195, 4, 0, 1, 1
195, 4, 0, 1, 2
195, 4, 0, 1, 2
195, 4, 0, 1, 2
195, 5, 1, 0, 2
195, 5, 1, 0, 2
195, 5, 1, 0, 3
195, 5, 1, 0, 3
195, 5, 1, 0, 3
196, 1, 0, 1, 2
196, 4, 1, 0, 2
196, 4, 1, 0, 3
196, 4, 1, 0, 3
196, 4, 1, 0, 3
197, 6, 0, 1, 1
197, 6, 0, 1, 2
197, 6, 0, 1, 2
197, 6, 0, 1, 2
197, 6, 0, 1, 2
197, 6, 0, 1, 2
197, 5, 1, 0, 2
197, 5, 1, 0, 2
197, 5, 1, 0, 3
197, 5, 1, 0, 3
197, 5, 1, 0, 3
198, 6, 0, 1, 1
198, 6, 0, 1, 2
198, 6, 0, 1, 2
198, 6, 0, 1, 2
198, 6, 0, 1, 2
198, 6, 0, 1, 2
198, 8, 1, 0, 2
198, 8, 1, 0, 2
198, 8, 1, 0, 3
198, 8, 1, 0, 3
198, 8, 1, 0, 3
198, 8, 1, 0, 3
198, 8, 1, 0, 3
198, 8, 1, 0, 3
199, 7, 0, 1, 1
199, 7, 0, 1, 2
199, 7, 0, 1, 2
199, 7, 0, 1, 2
199, 7, 0, 1, 2
199, 7, 0, 1, 2
199, 7, 0, 1, 2
199, 9, 1, 0, 2
199, 9, 1, 0, 2
199, 9, 1, 0, 3
199, 9, 1, 0, 3
199, 9, 1, 0, 3
199, 9, 1, 0, 3
199, 9, 1, 0, 3
199, 9, 1, 0, 3
199, 9, 1, 0, 3
200, 7, 0, 1, 1
200, 7, 0, 1, 2
200, 7, 0, 1, 2
200, 7, 0, 1, 2
200, 7, 0, 1, 2
200, 7, 0, 1, 2
200, 7, 0, 1, 2
200, 9, 1, 0, 2
200, 9, 1, 0, 2
200, 9, 1, 0, 3
200, 9, 1, 0, 3
200, 9, 1, 0, 3
200, 9, 1, 0, 3
200, 9, 1, 0, 3
200, 9, 1, 0, 3
200, 9, 1, 0, 3
201, 9, 0, 1, 1
201, 9, 0, 1, 2
201, 9, 0, 1, 2
201, 9, 0, 1, 2
201, 9, 0, 1, 2
201, 9, 0, 1, 2
201, 9, 0, 1, 2
201, 9, 0, 1, 2
201, 9, 0, 1, 2
201, 9, 1, 0, 2
201, 9, 1, 0, 2
201, 9, 1, 0, 3
201, 9, 1, 0, 3
201, 9, 1, 0, 3
201, 9, 1, 0, 3
201, 9, 1, 0, 3
201, 9, 1, 0, 3
201, 9, 1, 0, 3
202, 8, 0, 1, 1
202, 8, 0, 1, 2
202, 8, 0, 1, 2
202, 8, 0, 1, 2
202, 8, 0, 1, 2
202, 8, 0, 1, 2
202, 8, 0, 1, 2
202, 8, 0, 1, 2
202, 11, 1, 0, 2
202, 11, 1, 0, 2
202, 11, 1, 0, 3
202, 11, 1, 0, 3
202, 11, 1, 0, 3
202, 11, 1, 0, 3
202, 11, 1, 0, 3
202, 11, 1, 0, 3
202, 11, 1, 0, 3
202, 11, 1, 0, 3
202, 11, 1, 0, 3
203, 1, 0, 1, 3
203, 2, 1, 0, 2
203, 2, 1, 0, 3
204, 1, 0, 1, 3
204, 2, 1, 0, 2
204, 2, 1, 0, 3
205, 1, 0, 1, 4
205, 1, 1, 0, 2
206, 1, 0, 1, 4
206, 1, 1, 0, 2
207, 1, 0, 1, 4
207, 1, 1, 0, 2
208, 1, 0, 1, 4
208, 1, 1, 0, 2
209, 1, 0, 1, 1
209, 1, 1, 0, 5
210, 1, 0, 1, 4
210, 1, 1, 0, 2
211, 1, 0, 1, 4
211, 1, 1, 0, 2
212, 1, 0, 1, 4
212, 1, 1, 0, 2
213, 1, 0, 1, 4
213, 1, 1, 0, 2
214, 1, 0, 1, 1
214, 1, 1, 0, 5
215, 1, 0, 1, 4
215, 1, 1, 0, 2
216, 1, 0, 1, 4
216, 1, 1, 0, 2
217, 1, 0, 1, 4
217, 1, 1, 0, 2
218, 1, 0, 1, 4
218, 1, 1, 0, 2
219, 1, 0, 1, 1
219, 1, 1, 0, 5
220, 1, 0, 1, 3
220, 2, 1, 0, 2
220, 2, 1, 0, 3
221, 1, 0, 1, 3
221, 2, 1, 0, 2
221, 2, 1, 0, 3
222, 1, 0, 1, 3
222, 2, 1, 0, 2
222, 2, 1, 0, 3
223, 2, 0, 1, 1
223, 2, 0, 1, 2
223, 1, 1, 0, 4
224, 1, 0, 1, 3
224, 2, 1, 0, 2
224, 2, 1, 0, 3
225, 1, 0, 1, 3
225, 2, 1, 0, 2
225, 2, 1, 0, 3
226, 1, 0, 1, 3
226, 2, 1, 0, 2
226, 2, 1, 0, 3
227, 1, 0, 1, 3
227, 3, 1, 0, 2
227, 3, 1, 0, 3
227, 3, 1, 0, 3
228, 1, 0, 1, 3
228, 3, 1, 0, 2
228, 3, 1, 0, 3
228, 3, 1, 0, 3
229, 3, 0, 1, 1
229, 3, 0, 1, 2
229, 3, 0, 1, 2
229, 1, 1, 0, 4
230, 1, 0, 1, 3
230, 2, 1, 0, 2
230, 2, 1, 0, 3
231, 1, 0, 1, 3
231, 3, 1, 0, 2
231, 3, 1, 0, 3
231, 3, 1, 0, 3
232, 1, 0, 1, 3
232, 3, 1, 0, 2
232, 3, 1, 0, 3
232, 3, 1, 0, 3
233, 1, 0, 1, 3
233, 4, 1, 0, 2
233, 4, 1, 0, 3
233, 4, 1, 0, 3
233, 4, 1, 0, 3
234, 3, 0, 1, 1
234, 3, 0, 1, 2
234, 3, 0, 1, 2
234, 1, 1, 0, 4
235, 1, 0, 1, 3
235, 3, 1, 0, 2
235, 3, 1, 0, 3
235, 3, 1, 0, 3
236, 3, 0, 1, 1
236, 3, 0, 1, 2
236, 3, 0, 1, 2
236, 5, 1, 0, 2
236, 5, 1, 0, 2
236, 5, 1, 0, 2
236, 5, 1, 0, 3
236, 5, 1, 0, 3
237, 1, 0, 1, 3
237, 3, 1, 0, 2
237, 3, 1, 0, 3
237, 3, 1, 0, 3
238, 1, 0, 1, 3
238, 4, 1, 0, 2
238, 4, 1, 0, 3
238, 4, 1, 0, 3
238, 4, 1, 0, 3
239, 3, 0, 1, 1
239, 3, 0, 1, 2
239, 3, 0, 1, 2
239, 1, 1, 0, 4
240, 1, 0, 1, 3
240, 4, 1, 0, 2
240, 4, 1, 0, 3
240, 4, 1, 0, 3
240, 4, 1, 0, 3
241, 4, 0, 1, 1
241, 4, 0, 1, 2
241, 4, 0, 1, 2
241, 4, 0, 1, 2
241, 1, 1, 0, 4
242, 4, 0, 1, 1
242, 4, 0, 1, 2
242, 4, 0, 1, 2
242, 4, 0, 1, 2
242, 6, 1, 0, 2
242, 6, 1, 0, 2
242, 6, 1, 0, 2
242, 6, 1, 0, 3
242, 6, 1, 0, 3
242, 6, 1, 0, 3
243, 1, 0, 1, 3
243, 4, 1, 0, 2
243, 4, 1, 0, 3
243, 4, 1, 0, 3
243, 4, 1, 0, 3
244, 1, 0, 1, 3
244, 4, 1, 0, 2
244, 4, 1, 0, 3
244, 4, 1, 0, 3
244, 4, 1, 0, 3
245, 4, 0, 1, 1
245, 4, 0, 1, 2
245, 4, 0, 1, 2
245, 4, 0, 1, 2
245, 6, 1, 0, 2
245, 6, 1, 0, 2
245, 6, 1, 0, 2
245, 6, 1, 0, 3
245, 6, 1, 0, 3
245, 6, 1, 0, 3
246, 1, 0, 1, 4
246, 2, 1, 0, 2
246, 2, 1, 0, 3
247, 1, 0, 1, 4
247, 2, 1, 0, 2
247, 2, 1, 0, 3
248, 1, 0, 1, 4
248, 2, 1, 0, 2
248, 2, 1, 0, 3
249, 1, 0, 1, 4
249, 2, 1, 0, 2
249, 2, 1, 0, 3
250, 2, 0, 1, 1
250, 2, 0, 1, 2
250, 1, 1, 0, 5
251, 1, 0, 1, 4
251, 2, 1, 0, 2
251, 2, 1, 0, 3
252, 1, 0, 1, 4
252, 2, 1, 0, 2
252, 2, 1, 0, 3
253, 1, 0, 1, 4
253, 2, 1, 0, 2
253, 2, 1, 0, 3
254, 1, 0, 1, 4
254, 2, 1, 0, 2
254, 2, 1, 0, 3
255, 2, 0, 1, 1
255, 2, 0, 1, 2
255, 1, 1, 0, 5
256, 1, 0, 1, 4
256, 3, 1, 0, 2
256, 3, 1, 0, 3
256, 3, 1, 0, 3
257, 1, 0, 1, 4
257, 3, 1, 0, 2
257, 3, 1, 0, 3
257, 3, 1, 0, 3
258, 1, 0, 1, 4
258, 3, 1, 0, 2
258, 3, 1, 0, 3
258, 3, 1, 0, 3
259, 1, 0, 1, 4
259, 4, 1, 0, 2
259, 4, 1, 0, 3
259, 4, 1, 0, 3
259, 4, 1, 0, 3
260, 1, 0, 1, 4
260, 4, 1, 0, 2
260, 4, 1, 0, 3
260, 4, 1, 0, 3
260, 4, 1, 0, 3
261, 3, 0, 1, 1
261, 3, 0, 1, 2
261, 3, 0, 1, 2
261, 1, 1, 0, 5
262, 4, 0, 1, 1
262, 4, 0, 1, 2
262, 4, 0, 1, 2
262, 4, 0, 1, 2
262, 6, 1, 0, 2
262, 6, 1, 0, 2
262, 6, 1, 0, 2
262, 6, 1, 0, 2
262, 6, 1, 0, 3
262, 6, 1, 0, 3
263, 1, 0, 1, 4
263, 4, 1, 0, 2
263, 4, 1, 0, 3
263, 4, 1, 0, 3
263, 4, 1, 0, 3
264, 1, 0, 1, 4
264, 4, 1, 0, 2
264, 4, 1, 0, 3
264, 4, 1, 0, 3
264, 4, 1, 0, 3
265, 1, 0, 1, 4
265, 4, 1, 0, 2
265, 4, 1, 0, 3
265, 4, 1, 0, 3
265, 4, 1, 0, 3
266, 4, 0, 1, 1
266, 4, 0, 1, 2
266, 4, 0, 1, 2
266, 4, 0, 1, 2
266, 1, 1, 0, 5
267, 2, 0, 111, 2
267, 2, 0, 111, 2
267, 2, 1, 12, 2
267, 2, 1, 12, 2
267, 2, 2, 3, 2
267, 2, 2, 3, 2
267, 2, 3, 4, 2
267, 2, 3, 4, 2
267, 2, 4, 5, 2
267, 2, 4, 5, 2
267, 2, 5, 6, 2
267, 2, 5, 6, 2
267, 2, 6, 7, 2
267, 2, 6, 7, 2
267, 2, 7, 8, 2
267, 2, 7, 8, 2
267, 2, 8, 9, 2
267, 2, 8, 9, 2
267, 2, 9, 10, 2
267, 2, 9, 10, 2
267, 2, 10, 11, 2
267, 2, 10, 11, 2
267, 2, 11, 13, 2
267, 2, 11, 13, 2
267, 2, 12, 23, 2
267, 2, 12, 23, 2
267, 2, 13, 14, 2
267, 2, 13, 14, 2
267, 2, 14, 15, 2
267, 2, 14, 15, 2
267, 2, 15, 16, 2
267, 2, 15, 16, 2
267, 2, 16, 17, 2
267, 2, 16, 17, 2
267, 2, 17, 18, 2
267, 2, 17, 18, 2
267, 2, 18, 19, 2
267, 2, 18, 19, 2
267, 2, 19, 20, 2
267, 2, 19, 20, 2
267, 2, 20, 21, 2
267, 2, 20, 21, 2
267, 2, 21, 22, 2
267, 2, 21, 22, 2
267, 2, 22, 24, 2
267, 2, 22, 24, 2
267, 2, 23, 34, 2
267, 2, 23, 34, 2
267, 2, 24, 25, 2
267, 2, 24, 25, 2
267, 2, 25, 26, 2
267, 2, 25, 26, 2
267, 2, 26, 27, 2
267, 2, 26, 27, 2
267, 2, 27, 28, 2
267, 2, 27, 28, 2
267, 2, 28, 29, 2
267, 2, 28, 29, 2
267, 2, 29, 30, 2
267, 2, 29, 30, 2
267, 2, 30, 31, 2
267, 2, 30, 31, 2
267, 2, 31, 32, 2
267, 2, 31, 32, 2
267, 2, 32, 33, 2
267, 2, 32, 33, 2
267, 2, 33, 35, 2
267, 2, 33, 35, 2
267, 2, 34, 45, 2
267, 2, 34, 45, 2
267, 2, 35, 36, 2
267, 2, 35, 36, 2
267, 2, 36, 37, 2
267, 2, 36, 37, 2
267, 2, 37, 38, 2
267, 2, 37, 38, 2
267, 2, 38, 39, 2
267, 2, 38, 39, 2
267, 2, 39, 40, 2
267, 2, 39, 40, 2
267, 2, 40, 41, 2
267, 2, 40, 41, 2
267, 2, 41, 42, 2
267, 2, 41, 42, 2
267, 2, 42, 43, 2
267, 2, 42, 43, 2
267, 2, 43, 44, 2
267, 2, 43, 44, 2
267, 2, 44, 46, 2
267, 2, 44, 46, 2
267, 2, 45, 56, 2
267, 2, 45, 56, 2
267, 2, 46, 47, 2
267, 2, 46, 47, 2
267, 2, 47, 48, 2
267, 2, 47, 48, 2
267, 2, 48, 49, 2
267, 2, 48, 49, 2
267, 2, 49, 50, 2
267, 2, 49, 50, 2
267, 2, 50, 51, 2
267, 2, 50, 51, 2
267, 2, 51, 52, 2
267, 2, 51, 52, 2
267, 2, 52, 53, 2
267, 2, 52, 53, 2
267, 2, 53, 54, 2
267, 2, 53, 54, 2
267, 2, 54, 55, 2
267, 2, 54, 55, 2
267, 2, 55, 57, 2
267, 2, 55, 57, 2
267, 2, 56, 67, 2
267, 2, 56, 67, 2
267, 2, 57, 58, 2
267, 2, 57, 58, 2
267, 2, 58, 59, 2
267, 2, 58, 59, 2
267, 2, 59, 60, 2
267, 2, 59, 60, 2
267, 2, 60, 61, 2
267, 2, 60, 61, 2
267, 2, 61, 62, 2
267, 2, 61, 62, 2
267, 2, 62, 63, 2
267, 2, 62, 63, 2
267, 2, 63, 64, 2
267, 2, 63, 64, 2
267, 2, 64, 65, 2
267, 2, 64, 65, 2
267, 2, 65, 66, 2
267, 2, 65, 66, 2
267, 2, 66, 68, 2
267, 2, 66, 68, 2
267, 2, 67, 78, 2
267, 2, 67, 78, 2
267, 2, 68, 69, 2
267, 2, 68, 69, 2
267, 2, 69, 70, 2
267, 2, 69, 70, 2
267, 2, 70, 71, 2
267, 2, 70, 71, 2
267, 2, 71, 72, 2
267, 2, 71, 72, 2
267, 2, 72, 73, 2
267, 2, 72, 73, 2
267, 2, 73, 74, 2
267, 2, 73, 74, 2
267, 2, 74, 75, 2
267, 2, 74, 75, 2
267, 2, 75, 76, 2
267, 2, 75, 76, 2
267, 2, 76, 77, 2
267, 2, 76, 77, 2
267, 2, 77, 79, 2
267, 2, 77, 79, 2
267, 2, 78, 89, 2
267, 2, 78, 89, 2
267, 2, 79, 80, 2
267, 2, 79, 80, 2
267, 2, 80, 81, 2
267, 2, 80, 81, 2
267, 2, 81, 82, 2
267, 2, 81, 82, 2
267, 2, 82, 83, 2
267, 2, 82, 83, 2
267, 2, 83, 84, 2
267, 2, 83, 84, 2
267, 2, 84, 85, 2
267, 2, 84, 85, 2
267, 2, 85, 86, 2
267, 2, 85, 86, 2
267, 2, 86, 87, 2
267, 2, 86, 87, 2
267, 2, 87, 88, 2
267, 2, 87, 88, 2
267, 2, 88, 90, 2
267, 2, 88, 90, 2
267, 2, 89, 100, 2
267, 2, 89, 100, 2
267, 2, 90, 91, 2
267, 2, 90, 91, 2
267, 2, 91, 92, 2
267, 2, 91, 92, 2
267, 2, 92, 93, 2
267, 2, 92, 93, 2
267, 2, 93, 94, 2
267, 2, 93, 94, 2
267, 2, 94, 95, 2
267, 2, 94, 95, 2
267, 2, 95, 96, 2
267, 2, 95, 96, 2
267, 2, 96, 97, 2
267, 2, 96, 97, 2
267, 2, 97, 98, 2
267, 2, 97, 98, 2
267, 2, 98, 99, 2
267, 2, 98, 99, 2
267, 2, 99, 101, 2
267, 2, 99, 101, 2
267, 2, 100, 112, 2
267, 2, 100, 112, 2
267, 2, 101, 102, 2
267, 2, 101, 102, 2
267, 2, 102, 103, 2
267, 2, 102, 103, 2
267, 2, 103, 104, 2
267, 2, 103, 104, 2
267, 2, 104, 105, 2
267, 2, 104, 105, 2
267, 2, 105, 106, 2
267, 2, 105, 106, 2
267, 2, 106, 107, 2
267, 2, 106, 107, 2
267, 2, 107, 108, 2
267, 2, 107, 108, 2
267, 2, 108, 109, 2
267, 2, 108, 109, 2
267, 2, 109, 110, 2
267, 2, 109, 110, 2
267, 2, 110, 113, 2
267, 2, 110, 113, 2
267, 2, 111, 222, 2
267, 2, 111, 222, 2
267, 2, 112, 123, 2
267, 2, 112, 123, 2
267, 2, 113, 114, 2
267, 2, 113, 114, 2
267, 2, 114, 115, 2
267, 2, 114, 115, 2
267, 2, 115, 116, 2
267, 2, 115, 116, 2
267, 2, 116, 117, 2
267, 2, 116, 117, 2
267, 2, 117, 118, 2
267, 2, 117, 118, 2
267, 2, 118, 119, 2
267, 2, 118, 119, 2
267, 2, 119, 120, 2
267, 2, 119, 120, 2
267, 2, 120, 121, 2
267, 2, 120, 121, 2
267, 2, 121, 122, 2
267, 2, 121, 122, 2
267, 2, 122, 124, 2
267, 2, 122, 124, 2
267, 2, 123, 134, 2
267, 2, 123, 134, 2
267, 2, 124, 125, 2
267, 2, 124, 125, 2
267, 2, 125, 126, 2
267, 2, 125, 126, 2
267, 2, 126, 127, 2
267, 2, 126, 127, 2
267, 2, 127, 128, 2
267, 2, 127, 128, 2
267, 2, 128, 129, 2
267, 2, 128, 129, 2
267, 2, 129, 130, 2
267, 2, 129, 130, 2
267, 2, 130, 131, 2
267, 2, 130, 131, 2
267, 2, 131, 132, 2
267, 2, 131, 132, 2
267, 2, 132, 133, 2
267, 2, 132, 133, 2
267, 2, 133, 135, 2
267, 2, 133, 135, 2
267, 2, 134, 145, 2
267, 2, 134, 145, 2
267, 2, 135, 136, 2
267, 2, 135, 136, 2
267, 2, 136, 137, 2
267, 2, 136, 137, 2
267, 2, 137, 138, 2
267, 2, 137, 138, 2
267, 2, 138, 139, 2
267, 2, 138, 139, 2
267, 2, 139, 140, 2
267, 2, 139, 140, 2
267, 2, 140, 141, 2
267, 2, 140, 141, 2
267, 2, 141, 142, 2
267, 2, 141, 142, 2
267, 2, 142, 143, 2
267, 2, 142, 143, 2
267, 2, 143, 144, 2
267, 2, 143, 144, 2
267, 2, 144, 146, 2
267, 2, 144, 146, 2
267, 2, 145, 156, 2
267, 2, 145, 156, 2
267, 2, 146, 147, 2
267, 2, 146, 147, 2
267, 2, 147, 148, 2
267, 2, 147, 148, 2
267, 2, 148, 149, 2
267, 2, 148, 149, 2
267, 2, 149, 150, 2
267, 2, 149, 150, 2
267, 2, 150, 151, 2
267, 2, 150, 151, 2
267, 2, 151, 152, 2
267, 2, 151, 152, 2
267, 2, 152, 153, 2
267, 2, 152, 153, 2
267, 2, 153, 154, 2
267, 2, 153, 154, 2
267, 2, 154, 155, 2
267, 2, 154, 155, 2
267, 2, 155, 157, 2
267, 2, 155, 157, 2
267, 2, 156, 167, 2
267, 2, 156, 167, 2
267, 2, 157, 158, 2
267, 2, 157, 158, 2
267, 2, 158, 159, 2
267, 2, 158, 159, 2
267, 2, 159, 160, 2
267, 2, 159, 160, 2
267, 2, 160, 161, 2
267, 2, 160, 161, 2
267, 2, 161, 162, 2
267, 2, 161, 162, 2
267, 2, 162, 163, 2
267, 2, 162, 163, 2
267, 2, 163, 164, 2
267, 2, 163, 164, 2
267, 2, 164, 165, 2
267, 2, 164, 165, 2
267, 2, 165, 166, 2
267, 2, 165, 166, 2
267, 2, 166, 168, 2
267, 2, 166, 168, 2
267, 2, 167, 178, 2
267, 2, 167, 178, 2
267, 2, 168, 169, 2
267, 2, 168, 169, 2
267, 2, 169, 170, 2
267, 2, 169, 170, 2
267, 2, 170, 171, 2
267, 2, 170, 171, 2
267, 2, 171, 172, 2
267, 2, 171, 172, 2
267, 2, 172, 173, 2
267, 2, 172, 173, 2
267, 2, 173, 174, 2
267, 2, 173, 174, 2
267, 2, 174, 175, 2
267, 2, 174, 175, 2
267, 2, 175, 176, 2
267, 2, 175, 176, 2
267, 2, 176, 177, 2
267, 2, 176, 177, 2
267, 2, 177, 179, 2
267, 2, 177, 179, 2
267, 2, 178, 189, 2
267, 2, 178, 189, 2
267, 2, 179, 180, 2
267, 2, 179, 180, 2
267, 2, 180, 181, 2
267, 2, 180, 181, 2
267, 2, 181, 182, 2
267, 2, 181, 182, 2
267, 2, 182, 183, 2
267, 2, 182, 183, 2
267, 2, 183, 184, 2
267, 2, 183, 184, 2
267, 2, 184, 185, 2
267, 2, 184, 185, 2
267, 2, 185, 186, 2
267, 2, 185, 186, 2
267, 2, 186, 187, 2
267, 2, 186, 187, 2
267, 2, 187, 188, 2
267, 2, 187, 188, 2
267, 2, 188, 190, 2
267, 2, 188, 190, 2
267, 2, 189, 200, 2
267, 2, 189, 200, 2
267, 2, 190, 191, 2
267, 2, 190, 191, 2
267, 2, 191, 192, 2
267, 2, 191, 192, 2
267, 2, 192, 193, 2
267, 2, 192, 193, 2
267, 2, 193, 194, 2
267, 2, 193, 194, 2
267, 2, 194, 195, 2
267, 2, 194, 195, 2
267, 2, 195, 196, 2
267, 2, 195, 196, 2
267, 2, 196, 197, 2
267, 2, 196, 197, 2
267, 2, 197, 198, 2
267, 2, 197, 198, 2
267, 2, 198, 199, 2
267, 2, 198, 199, 2
267, 2, 199, 201, 2
267, 2, 199, 201, 2
267, 2, 200, 211, 2
267, 2, 200, 211, 2
267, 2, 201, 202, 2
267, 2, 201, 202, 2
267, 2, 202, 203, 2
267, 2, 202, 203, 2
267, 2, 203, 204, 2
267, 2, 203, 204, 2
267, 2, 204, 205, 2
267, 2, 204, 205, 2
267, 2, 205, 206, 2
267, 2, 205, 206, 2
267, 2, 206, 207, 2
267, 2, 206, 207, 2
267, 2, 207, 208, 2
267, 2, 207, 208, 2
267, 2, 208, 209, 2
267, 2, 208, 209, 2
267, 2, 209, 210, 2
267, 2, 209, 210, 2
267, 2, 210, 212, 2
267, 2, 210, 212, 2
267, 2, 211, 223, 2
267, 2, 211, 223, 2
267, 2, 212, 213, 2
267, 2, 212, 213, 2
267, 2, 213, 214, 2
267, 2, 213, 214, 2
267, 2, 214, 215, 2
267, 2, 214, 215, 2
267, 2, 215, 216, 2
267, 2, 215, 216, 2
267, 2, 216, 217, 2
267, 2, 216, 217, 2
267, 2, 217, 218, 2
267, 2, 217, 218, 2
267, 2, 218, 219, 2
267, 2, 218, 219, 2
267, 2, 219, 220, 2
267, 2, 219, 220, 2
267, 2, 220, 221, 2
267, 2, 220, 221, 2
267, 2, 221, 224, 2
267, 2, 221, 224, 2
267, 2, 222, 278, 2
267, 2, 222, 278, 2
267, 2, 223, 234, 2
267, 2, 223, 234, 2
267, 2, 224, 225, 2
267, 2, 224, 225, 2
267, 2, 225, 226, 2
267, 2, 225, 226, 2
267, 2, 226, 227, 2
267, 2, 226, 227, 2
267, 2, 227, 228, 2
267, 2, 227, 228, 2
267, 2, 228, 229, 2
267, 2, 228, 229, 2
267, 2, 229, 230, 2
267, 2, 229, 230, 2
267, 2, 230, 231, 2
267, 2, 230, 231, 2
267, 2, 231, 232, 2
267, 2, 231, 232, 2
267, 2, 232, 233, 2
267, 2, 232, 233, 2
267, 2, 233, 235, 2
267, 2, 233, 235, 2
267, 2, 234, 245, 2
267, 2, 234, 245, 2
267, 2, 235, 236, 2
267, 2, 235, 236, 2
267, 2, 236, 237, 2
267, 2, 236, 237, 2
267, 2, 237, 238, 2
267, 2, 237, 238, 2
267, 2, 238, 239, 2
267, 2, 238, 239, 2
267, 2, 239, 240, 2
267, 2, 239, 240, 2
267, 2, 240, 241, 2
267, 2, 240, 241, 2
267, 2, 241, 242, 2
267, 2, 241, 242, 2
267, 2, 242, 243, 2
267, 2, 242, 243, 2
267, 2, 243, 244, 2
267, 2, 243, 244, 2
267, 2, 244, 246, 2
267, 2, 244, 246, 2
267, 2, 245, 256, 2
267, 2, 245, 256, 2
267, 2, 246, 247, 2
267, 2, 246, 247, 2
267, 2, 247, 248, 2
267, 2, 247, 248, 2
267, 2, 248, 249, 2
267, 2, 248, 249, 2
267, 2, 249, 250, 2
267, 2, 249, 250, 2
267, 2, 250, 251, 2
267, 2, 250, 251, 2
267, 2, 251, 252, 2
267, 2, 251, 252, 2
267, 2, 252, 253, 2
267, 2, 252, 253, 2
267, 2, 253, 254, 2
267, 2, 253, 254, 2
267, 2, 254, 255, 2
267, 2, 254, 255, 2
267, 2, 255, 257, 2
267, 2, 255, 257, 2
267, 2, 256, 267, 2
267, 2, 256, 267, 2
267, 2, 257, 258, 2
267, 2, 257, 258, 2
267, 2, 258, 259, 2
267, 2, 258, 259, 2
267, 2, 259, 260, 2
267, 2, 259, 260, 2
267, 2, 260, 261, 2
267, 2, 260, 261, 2
267, 2, 261, 262, 2
267, 2, 261, 262, 2
267, 2, 262, 263, 2
267, 2, 262, 263, 2
267, 2, 263, 264, 2
267, 2, 263, 264, 2
267, 2, 264, 265, 2
267, 2, 264, 265, 2
267, 2, 265, 266, 2
267, 2, 265, 266, 2
267, 2, 266, 268, 2
267, 2, 266, 268, 2
267, 2, 267, 273, 2
267, 2, 267, 273, 2
267, 2, 268, 269, 2
267, 2, 268, 269, 2
267, 2, 269, 270, 2
267, 2, 269, 270, 2
267, 2, 270, 271, 2
267, 2, 270, 271, 2
267, 2, 271, 272, 2
267, 2, 271, 272, 2
267, 2, 272, 344, 2
267, 2, 272, 344, 2
267, 2, 273, 274, 2
267, 2, 273, 274, 2
267, 2, 274, 275, 2
267, 2, 274, 275, 2
267, 2, 275, 276, 2
267, 2, 275, 276, 2
267, 2, 276, 277, 2
267, 2, 276, 277, 2
267, 2, 277, 279, 2
267, 2, 277, 279, 2
267, 2, 278, 289, 2
267, 2, 278, 289, 2
267, 2, 279, 280, 2
267, 2, 279, 280, 2
267, 2, 280, 281, 2
267, 2, 280, 281, 2
267, 2, 281, 282, 2
267, 2, 281, 282, 2
267, 2, 282, 283, 2
267, 2, 282, 283, 2
267, 2, 283, 284, 2
267, 2, 283, 284, 2
267, 2, 284, 285, 2
267, 2, 284, 285, 2
267, 2, 285, 286, 2
267, 2, 285, 286, 2
267, 2, 286, 287, 2
267, 2, 286, 287, 2
267, 2, 287, 288, 2
267, 2, 287, 288, 2
267, 2, 288, 290, 2
267, 2, 288, 290, 2
267, 2, 289, 300, 2
267, 2, 289, 300, 2
267, 2, 290, 291, 2
267, 2, 290, 291, 2
267, 2, 291, 292, 2
267, 2, 291, 292, 2
267, 2, 292, 293, 2
267, 2, 292, 293, 2
267, 2, 293, 294, 2
267, 2, 293, 294, 2
267, 2, 294, 295, 2
267, 2, 294, 295, 2
267, 2, 295, 296, 2
267, 2, 295, 296, 2
267, 2, 296, 297, 2
267, 2, 296, 297, 2
267, 2, 297, 298, 2
267, 2, 297, 298, 2
267, 2, 298, 299, 2
267, 2, 298, 299, 2
267, 2, 299, 301, 2
267, 2, 299, 301, 2
267, 2, 300, 311, 2
267, 2, 300, 311, 2
267, 2, 301, 302, 2
267, 2, 301, 302, 2
267, 2, 302, 303, 2
267, 2, 302, 303, 2
267, 2, 303, 304, 2
267, 2, 303, 304, 2
267, 2, 304, 305, 2
267, 2, 304, 305, 2
267, 2, 305, 306, 2
267, 2, 305, 306, 2
267, 2, 306, 307, 2
267, 2, 306, 307, 2
267, 2, 307, 308, 2
267, 2, 307, 308, 2
267, 2, 308, 309, 2
267, 2, 308, 309, 2
267, 2, 309, 310, 2
267, 2, 309, 310, 2
267, 2, 310, 312, 2
267, 2, 310, 312, 2
267, 2, 311, 322, 2
267, 2, 311, 322, 2
267, 2, 312, 313, 2
267, 2, 312, 313, 2
267, 2, 313, 314, 2
267, 2, 313, 314, 2
267, 2, 314, 315, 2
267, 2, 314, 315, 2
267, 2, 315, 316, 2
267, 2, 315, 316, 2
267, 2, 316, 317, 2
267, 2, 316, 317, 2
267, 2, 317, 318, 2
267, 2, 317, 318, 2
267, 2, 318, 319, 2
267, 2, 318, 319, 2
267, 2, 319, 320, 2
267, 2, 319, 320, 2
267, 2, 320, 321, 2
267, 2, 320, 321, 2
267, 2, 321, 323, 2
267, 2, 321, 323, 2
267, 2, 322, 333, 2
267, 2, 322, 333, 2
267, 2, 323, 324, 2
267, 2, 323, 324, 2
267, 2, 324, 325, 2
267, 2, 324, 325, 2
267, 2, 325, 326, 2
267, 2, 325, 326, 2
267, 2, 326, 327, 2
267, 2, 326, 327, 2
267, 2, 327, 328, 2
267, 2, 327, 328, 2
267, 2, 328, 329, 2
267, 2, 328, 329, 2
267, 2, 329, 330, 2
267, 2, 329, 330, 2
267, 2, 330, 331, 2
267, 2, 330, 331, 2
267, 2, 331, 332, 2
267, 2, 331, 332, 2
267, 2, 332, 334, 2
267, 2, 332, 334, 2
267, 2, 333, 1, 2
267, 2, 333, 1, 2
267, 2, 334, 335, 2
267, 2, 334, 335, 2
267, 2, 335, 336, 2
267, 2, 335, 336, 2
267, 2, 336, 337, 2
267, 2, 336, 337, 2
267, 2, 337, 338, 2
267, 2, 337, 338, 2
267, 2, 338, 339, 2
267, 2, 338, 339, 2
267, 2, 339, 340, 2
267, 2, 339, 340, 2
267, 2, 340, 341, 2
267, 2, 340, 341, 2
267, 2, 341, 342, 2
267, 2, 341, 342, 2
267, 2, 342, 343, 2
267, 2, 342, 343, 2
267, 2, 343, 2, 2
267, 2, 343, 2, 2
268, 4, 1, 0, 2
268, 4, 1, 0, 3
268, 4, 1, 0, 3
268, 4, 1, 0, 3
Goal
1
2
3
4
5
6
7
8
9
10
11
12
13
14
15
16
17
18
19
20
21
22
23
24
25
26
27
28
29
30
31
32
33
34
35
36
37
38
39
40
41
42
43
44
45
46
47
48
49
50
51
52
53
54
55
56
57
58
59
60
61
62
63
64
65
66
67
68
69
70
71
72
73
74
75
76
77
78
79
80
81
82
83
84
85
86
87
88
89
90
91
92
93
94
95
96
97
98
99
100
101
102
103
104
105
106
107
108
109
110
111
112
113
114
115
116
117
118
119
120
121
122
123
124
125
126
127
128
129
130
131
132
133
134
135
136
137
138
139
140
141
142
143
144
145
146
147
148
149
150
151
152
153
154
155
156
157
158
159
160
161
162
163
164
165
166
167
168
169
170
171
172
173
174
175
176
177
178
179
180
181
182
183
184
185
186
187
188
189
190
191
192
193
194
195
196
197
198
199
200
201
202
203
204
205
206
207
208
209
210
211
212
213
214
215
216
217
218
219
220
221
222
223
224
225
226
227
228
229
230
231
232
233
234
235
236
237
238
239
240
241
242
243
244
245
246
247
248
249
250
251
252
253
254
255
256
257
258
259
260
261
262
263
264
265
266
267
268
