CG
269
0, 1, 267, 331
1, 3, 0, 2
1, 3, 237, 1
1, 3, 33, 1
2, 2, 0, 1
2, 2, 167, 1
3, 5, 0, 1
3, 5, 4, 1
3, 5, 5, 1
3, 5, 6, 1
3, 5, 7, 1
4, 2, 0, 1
4, 2, 8, 1
5, 2, 0, 1
5, 2, 31, 1
6, 2, 0, 1
6, 2, 32, 1
7, 2, 0, 1
7, 2, 9, 1
8, 2, 0, 1
8, 2, 204, 1
9, 4, 0, 1
9, 4, 10, 1
9, 4, 11, 1
9, 4, 12, 1
10, 2, 0, 1
10, 2, 168, 1
11, 2, 0, 1
11, 2, 169, 1
12, 2, 0, 1
12, 2, 170, 1
13, 3, 0, 2
13, 3, 31, 1
13, 3, 205, 1
14, 3, 0, 2
14, 3, 32, 1
14, 3, 206, 1
15, 5, 0, 1
15, 5, 34, 1
15, 5, 35, 1
15, 5, 36, 1
15, 5, 37, 1
16, 2, 0, 1
16, 2, 209, 1
17, 4, 0, 1
17, 4, 18, 1
17, 4, 19, 1
17, 4, 20, 1
18, 2, 0, 1
18, 2, 172, 1
19, 2, 0, 1
19, 2, 21, 1
20, 2, 0, 1
20, 2, 22, 1
21, 5, 0, 1
21, 5, 23, 1
21, 5, 24, 1
21, 5, 25, 1
21, 5, 26, 1
22, 2, 0, 1
22, 2, 173, 1
23, 2, 0, 1
23, 2, 210, 1
24, 2, 0, 1
24, 2, 211, 1
25, 2, 0, 1
25, 2, 212, 1
26, 2, 0, 1
26, 2, 213, 1
27, 2, 0, 1
27, 2, 28, 1
28, 2, 0, 1
28, 2, 29, 1
29, 2, 0, 1
29, 2, 266, 1
30, 3, 0, 3
30, 3, 191, 3
30, 3, 267, 2
31, 2, 0, 1
31, 2, 13, 1
32, 2, 0, 1
32, 2, 14, 1
33, 2, 0, 1
33, 2, 1, 1
34, 3, 0, 2
34, 3, 247, 2
34, 3, 267, 1
35, 3, 0, 2
35, 3, 248, 2
35, 3, 267, 1
36, 3, 0, 2
36, 3, 249, 2
36, 3, 267, 1
37, 3, 0, 2
37, 3, 250, 2
37, 3, 267, 1
38, 3, 0, 2
38, 3, 251, 2
38, 3, 267, 1
39, 3, 0, 2
39, 3, 252, 2
39, 3, 267, 1
40, 3, 0, 2
40, 3, 253, 2
40, 3, 267, 1
41, 3, 0, 2
41, 3, 254, 2
41, 3, 267, 1
42, 3, 0, 2
42, 3, 201, 2
42, 3, 267, 1
43, 3, 0, 2
43, 3, 202, 2
43, 3, 267, 1
44, 3, 0, 2
44, 3, 45, 2
44, 3, 267, 1
45, 5, 0, 1
45, 5, 62, 1
45, 5, 63, 1
45, 5, 83, 1
45, 5, 84, 1
46, 3, 0, 2
46, 3, 47, 2
46, 3, 267, 1
47, 2, 0, 1
47, 2, 48, 1
48, 3, 0, 1
48, 3, 49, 1
48, 3, 166, 1
49, 3, 0, 1
49, 3, 48, 1
49, 3, 166, 1
50, 3, 0, 2
50, 3, 51, 2
50, 3, 267, 1
51, 2, 0, 1
51, 2, 49, 1
52, 3, 0, 2
52, 3, 215, 2
52, 3, 267, 1
53, 3, 0, 2
53, 3, 243, 2
53, 3, 267, 1
54, 3, 0, 2
54, 3, 64, 2
54, 3, 267, 1
55, 3, 0, 2
55, 3, 244, 2
55, 3, 267, 1
56, 3, 0, 2
56, 3, 245, 2
56, 3, 267, 1
57, 3, 0, 2
57, 3, 216, 2
57, 3, 267, 1
58, 3, 0, 2
58, 3, 217, 2
58, 3, 267, 1
59, 3, 0, 2
59, 3, 219, 2
59, 3, 267, 1
60, 3, 0, 2
60, 3, 220, 2
60, 3, 267, 1
61, 3, 0, 2
61, 3, 221, 2
61, 3, 267, 1
62, 3, 0, 3
62, 3, 257, 3
62, 3, 267, 2
63, 3, 0, 3
63, 3, 258, 3
63, 3, 267, 2
64, 3, 0, 2
64, 3, 191, 2
64, 3, 267, 1
65, 3, 0, 3
65, 3, 224, 3
65, 3, 267, 2
66, 3, 0, 3
66, 3, 116, 3
66, 3, 267, 2
67, 3, 0, 3
67, 3, 68, 3
67, 3, 267, 2
68, 4, 0, 1
68, 4, 69, 1
68, 4, 44, 1
68, 4, 85, 1
69, 3, 0, 3
69, 3, 117, 3
69, 3, 267, 2
70, 3, 0, 3
70, 3, 118, 3
70, 3, 267, 2
71, 3, 0, 3
71, 3, 119, 3
71, 3, 267, 2
72, 5, 0, 1
72, 5, 38, 1
72, 5, 39, 1
72, 5, 40, 1
72, 5, 41, 1
73, 4, 0, 1
73, 4, 42, 1
73, 4, 43, 1
73, 4, 2, 1
74, 3, 0, 3
74, 3, 120, 3
74, 3, 267, 2
75, 3, 0, 1
75, 3, 46, 1
75, 3, 50, 1
76, 3, 0, 3
76, 3, 199, 3
76, 3, 267, 2
77, 3, 0, 3
77, 3, 177, 3
77, 3, 267, 2
78, 4, 0, 1
78, 4, 52, 1
78, 4, 57, 1
78, 4, 58, 1
79, 5, 0, 1
79, 5, 53, 1
79, 5, 16, 1
79, 5, 55, 1
79, 5, 56, 1
80, 2, 0, 1
80, 2, 15, 1
81, 3, 0, 3
81, 3, 225, 3
81, 3, 267, 2
82, 3, 0, 3
82, 3, 222, 3
82, 3, 267, 2
83, 3, 0, 4
83, 3, 259, 4
83, 3, 267, 3
84, 3, 0, 4
84, 3, 260, 4
84, 3, 267, 3
85, 3, 0, 4
85, 3, 184, 4
85, 3, 267, 3
86, 3, 0, 4
86, 3, 87, 4
86, 3, 267, 3
87, 4, 0, 1
87, 4, 88, 1
87, 4, 89, 1
87, 4, 71, 1
88, 3, 0, 4
88, 3, 122, 4
88, 3, 267, 3
89, 3, 0, 4
89, 3, 90, 4
89, 3, 267, 3
90, 3, 0, 1
90, 3, 91, 1
90, 3, 70, 1
91, 3, 0, 4
91, 3, 181, 4
91, 3, 267, 3
92, 3, 0, 2
92, 3, 237, 2
92, 3, 267, 1
93, 3, 0, 5
93, 3, 94, 5
93, 3, 267, 1
94, 3, 0, 2
94, 3, 242, 2
94, 3, 267, 1
95, 3, 0, 4
95, 3, 128, 4
95, 3, 267, 3
96, 3, 0, 4
96, 3, 183, 4
96, 3, 267, 3
97, 3, 0, 4
97, 3, 196, 4
97, 3, 267, 3
98, 3, 0, 4
98, 3, 129, 4
98, 3, 267, 3
99, 3, 0, 4
99, 3, 100, 4
99, 3, 267, 1
100, 3, 0, 2
100, 3, 192, 2
100, 3, 267, 1
101, 3, 0, 3
101, 3, 102, 3
101, 3, 267, 1
102, 3, 0, 3
102, 3, 192, 3
102, 3, 267, 2
103, 3, 0, 4
103, 3, 134, 4
103, 3, 267, 3
104, 3, 0, 4
104, 3, 178, 4
104, 3, 267, 3
105, 3, 0, 2
105, 3, 79, 2
105, 3, 267, 1
106, 4, 0, 1
106, 4, 65, 1
106, 4, 59, 1
106, 4, 81, 1
107, 5, 0, 1
107, 5, 67, 1
107, 5, 97, 1
107, 5, 98, 1
107, 5, 74, 1
108, 3, 0, 5
108, 3, 186, 5
108, 3, 267, 4
109, 3, 0, 6
109, 3, 110, 6
109, 3, 267, 2
110, 3, 0, 3
110, 3, 198, 3
110, 3, 267, 2
111, 3, 0, 3
111, 3, 198, 3
111, 3, 267, 2
112, 3, 0, 1
112, 3, 77, 1
112, 3, 104, 1
113, 4, 0, 1
113, 4, 60, 1
113, 4, 61, 1
113, 4, 82, 1
114, 3, 0, 3
114, 3, 115, 3
114, 3, 267, 2
115, 3, 0, 3
115, 3, 266, 3
115, 3, 267, 2
116, 3, 0, 4
116, 3, 135, 4
116, 3, 267, 3
117, 3, 0, 4
117, 3, 137, 4
117, 3, 267, 3
118, 3, 0, 4
118, 3, 182, 4
118, 3, 267, 3
119, 5, 0, 6
119, 5, 93, 2
119, 5, 72, 2
119, 5, 73, 2
119, 5, 267, 3
120, 3, 0, 4
120, 3, 121, 4
120, 3, 267, 3
121, 3, 0, 2
121, 3, 189, 2
121, 3, 267, 1
122, 5, 0, 5
122, 5, 33, 1
122, 5, 197, 2
122, 5, 92, 2
122, 5, 267, 2
123, 3, 0, 4
123, 3, 124, 4
123, 3, 267, 3
124, 3, 0, 1
124, 3, 86, 1
124, 3, 95, 1
125, 4, 0, 5
125, 4, 184, 1
125, 4, 126, 4
125, 4, 267, 3
126, 3, 0, 3
126, 3, 228, 3
126, 3, 267, 2
127, 3, 0, 2
127, 3, 200, 2
127, 3, 267, 1
128, 3, 0, 4
128, 3, 195, 4
128, 3, 267, 3
129, 4, 0, 5
129, 4, 188, 2
129, 4, 130, 3
129, 4, 267, 3
130, 3, 0, 5
130, 3, 131, 5
130, 3, 267, 2
131, 3, 0, 3
131, 3, 132, 3
131, 3, 267, 2
132, 3, 0, 3
132, 3, 133, 3
132, 3, 267, 2
133, 3, 0, 3
133, 3, 188, 3
133, 3, 267, 2
134, 5, 0, 6
134, 5, 194, 3
134, 5, 3, 1
134, 5, 75, 2
134, 5, 267, 3
135, 3, 0, 4
135, 3, 136, 4
135, 3, 267, 3
136, 3, 0, 3
136, 3, 193, 3
136, 3, 267, 2
137, 3, 0, 4
137, 3, 230, 4
137, 3, 267, 3
138, 3, 0, 5
138, 3, 139, 5
138, 3, 267, 2
139, 3, 0, 3
139, 3, 140, 3
139, 3, 267, 2
140, 3, 0, 3
140, 3, 106, 3
140, 3, 267, 2
141, 4, 0, 1
141, 4, 66, 1
141, 4, 103, 1
141, 4, 76, 1
142, 3, 0, 3
142, 3, 143, 3
142, 3, 267, 2
143, 3, 0, 4
143, 3, 144, 4
143, 3, 267, 3
144, 3, 0, 3
144, 3, 145, 3
144, 3, 267, 2
145, 3, 0, 4
145, 3, 146, 4
145, 3, 267, 3
146, 3, 0, 3
146, 3, 112, 3
146, 3, 267, 2
147, 3, 0, 3
147, 3, 107, 3
147, 3, 267, 2
148, 3, 0, 1
148, 3, 108, 1
148, 3, 96, 1
149, 3, 0, 6
149, 3, 150, 6
149, 3, 267, 2
150, 3, 0, 3
150, 3, 229, 3
150, 3, 267, 2
151, 4, 0, 4
151, 4, 109, 2
151, 4, 111, 2
151, 4, 267, 2
152, 4, 0, 4
152, 4, 99, 2
152, 4, 101, 2
152, 4, 267, 2
153, 3, 0, 4
153, 3, 141, 4
153, 3, 267, 3
154, 4, 0, 3
154, 4, 195, 1
154, 4, 176, 2
154, 4, 267, 1
155, 3, 0, 4
155, 3, 149, 4
155, 3, 267, 3
156, 3, 0, 4
156, 3, 152, 4
156, 3, 267, 3
157, 6, 0, 8
157, 6, 138, 3
157, 6, 17, 1
157, 6, 27, 1
157, 6, 113, 3
157, 6, 267, 4
158, 4, 0, 6
158, 4, 153, 4
158, 4, 78, 2
158, 4, 267, 4
159, 4, 0, 4
159, 4, 193, 1
159, 4, 232, 3
159, 4, 267, 2
160, 4, 0, 6
160, 4, 189, 2
160, 4, 156, 4
160, 4, 267, 4
161, 4, 0, 4
161, 4, 194, 1
161, 4, 127, 3
161, 4, 267, 2
162, 4, 0, 6
162, 4, 196, 2
162, 4, 264, 4
162, 4, 267, 4
163, 4, 0, 3
163, 4, 237, 2
163, 4, 197, 1
163, 4, 267, 1
164, 4, 0, 8
164, 4, 199, 5
164, 4, 142, 3
164, 4, 267, 6
165, 4, 0, 10
165, 4, 240, 3
165, 4, 200, 7
165, 4, 267, 8
166, 3, 0, 2
166, 3, 240, 2
166, 3, 267, 1
167, 4, 0, 1
167, 4, 201, 1
167, 4, 202, 1
167, 4, 203, 1
168, 4, 0, 1
168, 4, 169, 1
168, 4, 170, 1
168, 4, 171, 1
169, 4, 0, 1
169, 4, 168, 1
169, 4, 170, 1
169, 4, 171, 1
170, 4, 0, 1
170, 4, 168, 1
170, 4, 169, 1
170, 4, 171, 1
171, 2, 0, 1
171, 2, 207, 1
172, 4, 0, 1
172, 4, 174, 1
172, 4, 173, 1
172, 4, 175, 1
173, 4, 0, 1
173, 4, 172, 1
173, 4, 174, 1
173, 4, 175, 1
174, 4, 0, 1
174, 4, 172, 1
174, 4, 173, 1
174, 4, 175, 1
175, 2, 0, 1
175, 2, 266, 1
176, 3, 0, 1
176, 3, 190, 1
176, 3, 185, 1
177, 3, 0, 1
177, 3, 178, 1
177, 3, 179, 1
178, 3, 0, 1
178, 3, 177, 1
178, 3, 179, 1
179, 3, 0, 4
179, 3, 234, 4
179, 3, 267, 3
180, 3, 0, 3
180, 3, 233, 3
180, 3, 267, 2
181, 3, 0, 1
181, 3, 182, 1
181, 3, 180, 1
182, 3, 0, 1
182, 3, 181, 1
182, 3, 180, 1
183, 3, 0, 1
183, 3, 186, 1
183, 3, 187, 1
184, 3, 0, 2
184, 3, 125, 2
184, 3, 267, 1
185, 3, 0, 4
185, 3, 268, 4
185, 3, 267, 3
186, 3, 0, 1
186, 3, 183, 1
186, 3, 187, 1
187, 3, 0, 5
187, 3, 154, 5
187, 3, 267, 4
188, 3, 0, 3
188, 3, 262, 3
188, 3, 267, 2
189, 3, 0, 4
189, 3, 160, 4
189, 3, 267, 3
190, 3, 0, 1
190, 3, 176, 1
190, 3, 185, 1
191, 3, 0, 4
191, 3, 157, 4
191, 3, 267, 3
192, 3, 0, 4
192, 3, 265, 4
192, 3, 267, 3
193, 3, 0, 5
193, 3, 159, 5
193, 3, 267, 4
194, 3, 0, 5
194, 3, 161, 5
194, 3, 267, 4
195, 3, 0, 5
195, 3, 148, 5
195, 3, 267, 4
196, 3, 0, 4
196, 3, 151, 4
196, 3, 267, 3
197, 3, 0, 7
197, 3, 163, 7
197, 3, 267, 6
198, 3, 0, 5
198, 3, 162, 5
198, 3, 267, 4
199, 3, 0, 6
199, 3, 164, 6
199, 3, 267, 5
200, 3, 0, 8
200, 3, 165, 8
200, 3, 267, 7
201, 4, 0, 1
201, 4, 202, 1
201, 4, 167, 1
201, 4, 203, 1
202, 4, 0, 1
202, 4, 201, 1
202, 4, 167, 1
202, 4, 203, 1
203, 3, 0, 2
203, 3, 242, 2
203, 3, 267, 1
204, 5, 0, 1
204, 5, 205, 1
204, 5, 206, 1
204, 5, 207, 1
204, 5, 208, 1
205, 5, 0, 1
205, 5, 204, 1
205, 5, 206, 1
205, 5, 207, 1
205, 5, 208, 1
206, 5, 0, 1
206, 5, 204, 1
206, 5, 205, 1
206, 5, 207, 1
206, 5, 208, 1
207, 5, 0, 1
207, 5, 204, 1
207, 5, 205, 1
207, 5, 206, 1
207, 5, 208, 1
208, 2, 0, 1
208, 2, 240, 1
209, 5, 0, 1
209, 5, 243, 1
209, 5, 244, 1
209, 5, 245, 1
209, 5, 246, 1
210, 5, 0, 1
210, 5, 211, 1
210, 5, 212, 1
210, 5, 213, 1
210, 5, 214, 1
211, 5, 0, 1
211, 5, 210, 1
211, 5, 212, 1
211, 5, 213, 1
211, 5, 214, 1
212, 5, 0, 1
212, 5, 210, 1
212, 5, 211, 1
212, 5, 213, 1
212, 5, 214, 1
213, 5, 0, 1
213, 5, 210, 1
213, 5, 211, 1
213, 5, 212, 1
213, 5, 214, 1
214, 2, 0, 1
214, 2, 174, 1
215, 4, 0, 1
215, 4, 216, 1
215, 4, 217, 1
215, 4, 218, 1
216, 4, 0, 1
216, 4, 215, 1
216, 4, 217, 1
216, 4, 218, 1
217, 4, 0, 1
217, 4, 215, 1
217, 4, 216, 1
217, 4, 218, 1
218, 3, 0, 2
218, 3, 105, 2
218, 3, 267, 1
219, 4, 0, 1
219, 4, 224, 1
219, 4, 225, 1
219, 4, 226, 1
220, 4, 0, 1
220, 4, 221, 1
220, 4, 222, 1
220, 4, 223, 1
221, 4, 0, 1
221, 4, 220, 1
221, 4, 222, 1
221, 4, 223, 1
222, 4, 0, 1
222, 4, 220, 1
222, 4, 221, 1
222, 4, 223, 1
223, 3, 0, 2
223, 3, 114, 2
223, 3, 267, 1
224, 4, 0, 1
224, 4, 219, 1
224, 4, 225, 1
224, 4, 226, 1
225, 4, 0, 1
225, 4, 224, 1
225, 4, 219, 1
225, 4, 226, 1
226, 3, 0, 3
226, 3, 266, 3
226, 3, 267, 2
227, 2, 0, 1
227, 2, 54, 1
228, 4, 0, 1
228, 4, 230, 1
228, 4, 229, 1
228, 4, 231, 1
229, 4, 0, 1
229, 4, 230, 1
229, 4, 228, 1
229, 4, 231, 1
230, 4, 0, 1
230, 4, 229, 1
230, 4, 228, 1
230, 4, 231, 1
231, 3, 0, 4
231, 3, 263, 4
231, 3, 267, 3
232, 4, 0, 1
232, 4, 241, 1
232, 4, 236, 1
232, 4, 234, 1
233, 4, 0, 1
233, 4, 238, 1
233, 4, 239, 1
233, 4, 235, 1
234, 4, 0, 1
234, 4, 232, 1
234, 4, 241, 1
234, 4, 236, 1
235, 3, 0, 3
235, 3, 190, 3
235, 3, 267, 2
236, 3, 0, 4
236, 3, 147, 4
236, 3, 267, 3
237, 3, 0, 4
237, 3, 238, 4
237, 3, 267, 3
238, 4, 0, 1
238, 4, 233, 1
238, 4, 239, 1
238, 4, 235, 1
239, 4, 0, 1
239, 4, 238, 1
239, 4, 233, 1
239, 4, 235, 1
240, 3, 0, 4
240, 3, 241, 4
240, 3, 267, 3
241, 4, 0, 1
241, 4, 232, 1
241, 4, 236, 1
241, 4, 234, 1
242, 3, 0, 3
242, 3, 239, 3
242, 3, 267, 2
243, 5, 0, 1
243, 5, 209, 1
243, 5, 244, 1
243, 5, 245, 1
243, 5, 246, 1
244, 5, 0, 1
244, 5, 243, 1
244, 5, 209, 1
244, 5, 245, 1
244, 5, 246, 1
245, 5, 0, 1
245, 5, 243, 1
245, 5, 209, 1
245, 5, 244, 1
245, 5, 246, 1
246, 3, 0, 2
246, 3, 80, 2
246, 3, 267, 1
247, 5, 0, 1
247, 5, 248, 1
247, 5, 249, 1
247, 5, 250, 1
247, 5, 227, 1
248, 5, 0, 1
248, 5, 247, 1
248, 5, 249, 1
248, 5, 250, 1
248, 5, 227, 1
249, 5, 0, 1
249, 5, 247, 1
249, 5, 248, 1
249, 5, 250, 1
249, 5, 227, 1
250, 5, 0, 1
250, 5, 247, 1
250, 5, 248, 1
250, 5, 249, 1
250, 5, 227, 1
251, 5, 0, 1
251, 5, 252, 1
251, 5, 253, 1
251, 5, 254, 1
251, 5, 255, 1
252, 5, 0, 1
252, 5, 251, 1
252, 5, 253, 1
252, 5, 254, 1
252, 5, 255, 1
253, 5, 0, 1
253, 5, 251, 1
253, 5, 252, 1
253, 5, 254, 1
253, 5, 255, 1
254, 5, 0, 1
254, 5, 251, 1
254, 5, 252, 1
254, 5, 253, 1
254, 5, 255, 1
255, 3, 0, 2
255, 3, 242, 2
255, 3, 267, 1
256, 3, 0, 2
256, 3, 123, 2
256, 3, 267, 1
257, 5, 0, 1
257, 5, 258, 1
257, 5, 259, 1
257, 5, 260, 1
257, 5, 261, 1
258, 5, 0, 1
258, 5, 257, 1
258, 5, 259, 1
258, 5, 260, 1
258, 5, 261, 1
259, 5, 0, 1
259, 5, 257, 1
259, 5, 258, 1
259, 5, 260, 1
259, 5, 261, 1
260, 5, 0, 1
260, 5, 257, 1
260, 5, 258, 1
260, 5, 259, 1
260, 5, 261, 1
261, 3, 0, 4
261, 3, 155, 4
261, 3, 267, 3
262, 5, 0, 1
262, 5, 263, 1
262, 5, 264, 1
262, 5, 265, 1
262, 5, 256, 1
263, 5, 0, 1
263, 5, 264, 1
263, 5, 262, 1
263, 5, 265, 1
263, 5, 256, 1
264, 5, 0, 1
264, 5, 263, 1
264, 5, 262, 1
264, 5, 265, 1
264, 5, 256, 1
265, 5, 0, 1
265, 5, 263, 1
265, 5, 264, 1
265, 5, 262, 1
265, 5, 256, 1
266, 3, 0, 4
266, 3, 158, 4
266, 3, 267, 3
267, 213, 0, 331
267, 213, 30, 2
267, 213, 268, 3
267, 213, 119, 5
267, 213, 242, 5
267, 213, 134, 6
267, 213, 240, 6
267, 213, 93, 2
267, 213, 94, 2
267, 213, 194, 6
267, 213, 161, 6
267, 213, 189, 5
267, 213, 160, 7
267, 213, 200, 14
267, 213, 165, 15
267, 213, 149, 5
267, 213, 150, 4
267, 213, 152, 5
267, 213, 192, 6
267, 213, 99, 2
267, 213, 191, 6
267, 213, 100, 2
267, 213, 158, 7
267, 213, 157, 7
267, 213, 266, 7
267, 213, 184, 4
267, 213, 125, 4
267, 213, 101, 2
267, 213, 102, 3
267, 213, 196, 7
267, 213, 162, 8
267, 213, 151, 5
267, 213, 198, 8
267, 213, 195, 7
267, 213, 154, 5
267, 213, 138, 4
267, 213, 109, 3
267, 213, 139, 4
267, 213, 110, 4
267, 213, 122, 5
267, 213, 237, 5
267, 213, 199, 11
267, 213, 164, 11
267, 213, 197, 7
267, 213, 163, 7
267, 213, 129, 6
267, 213, 188, 5
267, 213, 130, 4
267, 213, 131, 4
267, 213, 193, 6
267, 213, 159, 6
267, 213, 136, 5
267, 213, 116, 5
267, 213, 66, 2
267, 213, 232, 2
267, 213, 127, 3
267, 213, 47, 1
267, 213, 46, 1
267, 213, 51, 1
267, 213, 50, 1
267, 213, 75, 1
267, 213, 166, 1
267, 213, 103, 3
267, 213, 241, 3
267, 213, 141, 3
267, 213, 236, 3
267, 213, 153, 6
267, 213, 137, 6
267, 213, 117, 5
267, 213, 69, 2
267, 213, 230, 3
267, 213, 62, 2
267, 213, 257, 2
267, 213, 63, 2
267, 213, 258, 2
267, 213, 83, 3
267, 213, 259, 3
267, 213, 84, 3
267, 213, 260, 3
267, 213, 45, 1
267, 213, 261, 3
267, 213, 155, 6
267, 213, 44, 1
267, 213, 229, 2
267, 213, 126, 5
267, 213, 85, 3
267, 213, 228, 2
267, 213, 68, 2
267, 213, 231, 3
267, 213, 67, 2
267, 213, 263, 3
267, 213, 111, 3
267, 213, 97, 3
267, 213, 264, 3
267, 213, 133, 4
267, 213, 132, 4
267, 213, 98, 3
267, 213, 262, 2
267, 213, 120, 5
267, 213, 121, 4
267, 213, 156, 6
267, 213, 74, 2
267, 213, 265, 3
267, 213, 107, 2
267, 213, 256, 1
267, 213, 92, 2
267, 213, 88, 3
267, 213, 238, 3
267, 213, 91, 3
267, 213, 181, 3
267, 213, 118, 5
267, 213, 70, 2
267, 213, 182, 3
267, 213, 90, 3
267, 213, 180, 2
267, 213, 89, 3
267, 213, 233, 2
267, 213, 38, 1
267, 213, 251, 1
267, 213, 39, 1
267, 213, 252, 1
267, 213, 40, 1
267, 213, 253, 1
267, 213, 41, 1
267, 213, 254, 1
267, 213, 72, 1
267, 213, 255, 1
267, 213, 42, 1
267, 213, 201, 1
267, 213, 43, 1
267, 213, 202, 1
267, 213, 73, 1
267, 213, 203, 1
267, 213, 71, 2
267, 213, 239, 2
267, 213, 87, 3
267, 213, 235, 2
267, 213, 86, 3
267, 213, 190, 2
267, 213, 108, 4
267, 213, 186, 4
267, 213, 96, 3
267, 213, 183, 3
267, 213, 148, 4
267, 213, 187, 4
267, 213, 128, 6
267, 213, 95, 3
267, 213, 176, 1
267, 213, 124, 3
267, 213, 185, 3
267, 213, 123, 4
267, 213, 147, 5
267, 213, 65, 2
267, 213, 224, 2
267, 213, 59, 1
267, 213, 219, 1
267, 213, 81, 2
267, 213, 225, 2
267, 213, 106, 2
267, 213, 226, 2
267, 213, 140, 4
267, 213, 60, 1
267, 213, 220, 1
267, 213, 61, 1
267, 213, 221, 1
267, 213, 82, 2
267, 213, 222, 2
267, 213, 113, 2
267, 213, 223, 1
267, 213, 115, 4
267, 213, 114, 3
267, 213, 52, 1
267, 213, 215, 1
267, 213, 57, 1
267, 213, 216, 1
267, 213, 58, 1
267, 213, 217, 1
267, 213, 78, 1
267, 213, 218, 1
267, 213, 53, 1
267, 213, 243, 1
267, 213, 55, 1
267, 213, 244, 1
267, 213, 56, 1
267, 213, 245, 1
267, 213, 79, 1
267, 213, 246, 1
267, 213, 105, 2
267, 213, 34, 1
267, 213, 247, 1
267, 213, 35, 1
267, 213, 248, 1
267, 213, 36, 1
267, 213, 249, 1
267, 213, 37, 1
267, 213, 250, 1
267, 213, 64, 2
267, 213, 54, 1
267, 213, 80, 1
267, 213, 143, 5
267, 213, 142, 4
267, 213, 145, 5
267, 213, 77, 2
267, 213, 177, 2
267, 213, 104, 3
267, 213, 178, 3
267, 213, 112, 2
267, 213, 179, 3
267, 213, 146, 5
267, 213, 144, 5
267, 213, 76, 2
267, 213, 234, 3
267, 213, 135, 6
DTG
0, 222, 0, 1, 2
0, 222, 0, 1, 2
0, 222, 0, 1, 2
0, 222, 0, 1, 2
0, 222, 0, 1, 2
0, 222, 0, 1, 2
0, 222, 0, 1, 2
0, 222, 0, 1, 2
0, 222, 0, 1, 2
0, 222, 0, 1, 2
0, 222, 0, 1, 2
0, 222, 0, 1, 2
0, 222, 0, 1, 2
0, 222, 0, 1, 2
0, 222, 0, 1, 2
0, 222, 0, 1, 2
0, 222, 0, 1, 2
0, 222, 0, 1, 2
0, 222, 0, 1, 2
0, 222, 0, 1, 2
0, 222, 0, 1, 2
0, 222, 0, 1, 2
0, 222, 0, 1, 2
0, 222, 0, 1, 2
0, 222, 0, 1, 2
0, 222, 0, 1, 2
0, 222, 0, 1, 2
0, 222, 0, 1, 2
0, 222, 0, 1, 2
0, 222, 0, 1, 2
0, 222, 0, 1, 2
0, 222, 0, 1, 2
0, 222, 0, 1, 2
0, 222, 0, 1, 2
0, 222, 0, 1, 2
0, 222, 0, 1, 2
0, 222, 0, 1, 2
0, 222, 0, 1, 2
0, 222, 0, 1, 2
0, 222, 0, 1, 2
0, 222, 0, 1, 2
0, 222, 0, 1, 2
0, 222, 0, 1, 2
0, 222, 0, 1, 2
0, 222, 0, 1, 2
0, 222, 0, 1, 2
0, 222, 0, 1, 2
0, 222, 0, 1, 2
0, 222, 0, 1, 2
0, 222, 0, 1, 2
0, 222, 0, 1, 2
0, 222, 0, 1, 2
0, 222, 0, 1, 2
0, 222, 0, 1, 2
0, 222, 0, 1, 2
0, 222, 0, 1, 2
0, 222, 0, 1, 2
0, 222, 0, 1, 2
0, 222, 0, 1, 2
0, 222, 0, 1, 2
0, 222, 0, 1, 2
0, 222, 0, 1, 2
0, 222, 0, 1, 2
0, 222, 0, 1, 2
0, 222, 0, 1, 2
0, 222, 0, 1, 2
0, 222, 0, 1, 2
0, 222, 0, 1, 2
0, 222, 0, 1, 2
0, 222, 0, 1, 2
0, 222, 0, 1, 2
0, 222, 0, 1, 2
0, 222, 0, 1, 2
0, 222, 0, 1, 2
0, 222, 0, 1, 2
0, 222, 0, 1, 2
0, 222, 0, 1, 2
0, 222, 0, 1, 2
0, 222, 0, 1, 2
0, 222, 0, 1, 2
0, 222, 0, 1, 2
0, 222, 0, 1, 2
0, 222, 0, 1, 2
0, 222, 0, 1, 2
0, 222, 0, 1, 2
0, 222, 0, 1, 2
0, 222, 0, 1, 2
0, 222, 0, 1, 2
0, 222, 0, 1, 2
0, 222, 0, 1, 2
0, 222, 0, 1, 2
0, 222, 0, 1, 2
0, 222, 0, 1, 2
0, 222, 0, 1, 2
0, 222, 0, 1, 2
0, 222, 0, 1, 2
0, 222, 0, 1, 2
0, 222, 0, 1, 2
0, 222, 0, 1, 2
0, 222, 0, 1, 2
0, 222, 0, 1, 2
0, 222, 0, 1, 2
0, 222, 0, 1, 2
0, 222, 0, 1, 2
0, 222, 0, 1, 2
0, 222, 0, 1, 2
0, 222, 0, 1, 2
0, 222, 0, 1, 2
0, 222, 0, 1, 2
0, 222, 0, 1, 2
0, 222, 0, 1, 2
0, 222, 0, 1, 2
0, 222, 0, 1, 2
0, 222, 0, 1, 2
0, 222, 0, 1, 2
0, 222, 0, 1, 2
0, 222, 0, 1, 2
0, 222, 0, 1, 2
0, 222, 0, 1, 2
0, 222, 0, 1, 2
0, 222, 0, 1, 2
0, 222, 0, 1, 2
0, 222, 0, 1, 2
0, 222, 0, 1, 2
0, 222, 0, 1, 2
0, 222, 0, 1, 2
0, 222, 0, 1, 2
0, 222, 0, 1, 2
0, 222, 0, 1, 2
0, 222, 0, 1, 2
0, 222, 0, 1, 2
0, 222, 0, 1, 2
0, 222, 0, 1, 2
0, 222, 0, 1, 2
0, 222, 0, 1, 2
0, 222, 0, 1, 2
0, 222, 0, 1, 2
0, 222, 0, 1, 2
0, 222, 0, 1, 2
0, 222, 0, 1, 2
0, 222, 0, 1, 2
0, 222, 0, 1, 2
0, 222, 0, 1, 2
0, 222, 0, 1, 2
0, 222, 0, 1, 2
0, 222, 0, 1, 2
0, 222, 0, 1, 2
0, 222, 0, 1, 2
0, 222, 0, 1, 2
0, 222, 0, 1, 2
0, 222, 0, 1, 2
0, 222, 0, 1, 2
0, 222, 0, 1, 2
0, 222, 0, 1, 2
0, 222, 0, 1, 2
0, 222, 0, 1, 2
0, 222, 0, 1, 2
0, 222, 0, 1, 2
0, 222, 0, 1, 2
0, 222, 0, 1, 2
0, 222, 0, 1, 2
0, 222, 0, 1, 2
0, 222, 0, 1, 2
0, 222, 0, 1, 2
0, 222, 0, 1, 2
0, 222, 0, 1, 2
0, 222, 0, 1, 2
0, 222, 0, 1, 2
0, 222, 0, 1, 2
0, 222, 0, 1, 2
0, 222, 0, 1, 2
0, 222, 0, 1, 2
0, 222, 0, 1, 2
0, 222, 0, 1, 2
0, 222, 0, 1, 2
0, 222, 0, 1, 2
0, 222, 0, 1, 2
0, 222, 0, 1, 2
0, 222, 0, 1, 2
0, 222, 0, 1, 2
0, 222, 0, 1, 2
0, 222, 0, 1, 2
0, 222, 0, 1, 2
0, 222, 0, 1, 2
0, 222, 0, 1, 2
0, 222, 0, 1, 2
0, 222, 0, 1, 2
0, 222, 0, 1, 2
0, 222, 0, 1, 2
0, 222, 0, 1, 2
0, 222, 0, 1, 2
0, 222, 0, 1, 2
0, 222, 0, 1, 2
0, 222, 0, 1, 2
0, 222, 0, 1, 2
0, 222, 0, 1, 2
0, 222, 0, 1, 2
0, 222, 0, 1, 2
0, 222, 0, 1, 2
0, 222, 0, 1, 2
0, 222, 0, 1, 2
0, 222, 0, 1, 3
0, 222, 0, 1, 3
0, 222, 0, 1, 3
0, 222, 0, 1, 3
0, 222, 0, 1, 3
0, 222, 0, 1, 4
0, 222, 0, 1, 4
0, 222, 0, 1, 4
0, 222, 0, 1, 4
0, 222, 0, 1, 4
0, 222, 0, 1, 4
0, 222, 0, 1, 4
0, 222, 0, 1, 4
0, 222, 0, 1, 4
0, 222, 0, 1, 5
0, 222, 0, 1, 5
0, 222, 0, 1, 5
0, 222, 0, 1, 5
0, 222, 0, 1, 5
0, 222, 0, 1, 5
0, 222, 0, 1, 5
0, 331, 1, 0, 3
0, 331, 1, 0, 3
0, 331, 1, 0, 3
0, 331, 1, 0, 3
0, 331, 1, 0, 3
0, 331, 1, 0, 3
0, 331, 1, 0, 3
0, 331, 1, 0, 3
0, 331, 1, 0, 3
0, 331, 1, 0, 3
0, 331, 1, 0, 3
0, 331, 1, 0, 3
0, 331, 1, 0, 3
0, 331, 1, 0, 3
0, 331, 1, 0, 3
0, 331, 1, 0, 3
0, 331, 1, 0, 3
0, 331, 1, 0, 3
0, 331, 1, 0, 3
0, 331, 1, 0, 3
0, 331, 1, 0, 3
0, 331, 1, 0, 3
0, 331, 1, 0, 3
0, 331, 1, 0, 3
0, 331, 1, 0, 3
0, 331, 1, 0, 3
0, 331, 1, 0, 3
0, 331, 1, 0, 3
0, 331, 1, 0, 3
0, 331, 1, 0, 3
0, 331, 1, 0, 3
0, 331, 1, 0, 3
0, 331, 1, 0, 3
0, 331, 1, 0, 3
0, 331, 1, 0, 3
0, 331, 1, 0, 3
0, 331, 1, 0, 3
0, 331, 1, 0, 3
0, 331, 1, 0, 3
0, 331, 1, 0, 3
0, 331, 1, 0, 3
0, 331, 1, 0, 3
0, 331, 1, 0, 3
0, 331, 1, 0, 3
0, 331, 1, 0, 3
0, 331, 1, 0, 3
0, 331, 1, 0, 3
0, 331, 1, 0, 3
0, 331, 1, 0, 3
0, 331, 1, 0, 3
0, 331, 1, 0, 3
0, 331, 1, 0, 3
0, 331, 1, 0, 3
0, 331, 1, 0, 3
0, 331, 1, 0, 3
0, 331, 1, 0, 3
0, 331, 1, 0, 3
0, 331, 1, 0, 3
0, 331, 1, 0, 3
0, 331, 1, 0, 3
0, 331, 1, 0, 3
0, 331, 1, 0, 3
0, 331, 1, 0, 3
0, 331, 1, 0, 3
0, 331, 1, 0, 3
0, 331, 1, 0, 3
0, 331, 1, 0, 3
0, 331, 1, 0, 3
0, 331, 1, 0, 3
0, 331, 1, 0, 3
0, 331, 1, 0, 3
0, 331, 1, 0, 3
0, 331, 1, 0, 3
0, 331, 1, 0, 3
0, 331, 1, 0, 3
0, 331, 1, 0, 3
0, 331, 1, 0, 3
0, 331, 1, 0, 3
0, 331, 1, 0, 3
0, 331, 1, 0, 3
0, 331, 1, 0, 3
0, 331, 1, 0, 3
0, 331, 1, 0, 3
0, 331, 1, 0, 3
0, 331, 1, 0, 3
0, 331, 1, 0, 3
0, 331, 1, 0, 3
0, 331, 1, 0, 3
0, 331, 1, 0, 3
0, 331, 1, 0, 3
0, 331, 1, 0, 3
0, 331, 1, 0, 3
0, 331, 1, 0, 3
0, 331, 1, 0, 3
0, 331, 1, 0, 3
0, 331, 1, 0, 3
0, 331, 1, 0, 3
0, 331, 1, 0, 3
0, 331, 1, 0, 3
0, 331, 1, 0, 3
0, 331, 1, 0, 3
0, 331, 1, 0, 3
0, 331, 1, 0, 3
0, 331, 1, 0, 3
0, 331, 1, 0, 3
0, 331, 1, 0, 3
0, 331, 1, 0, 3
0, 331, 1, 0, 3
0, 331, 1, 0, 3
0, 331, 1, 0, 3
0, 331, 1, 0, 3
0, 331, 1, 0, 3
0, 331, 1, 0, 3
0, 331, 1, 0, 3
0, 331, 1, 0, 3
0, 331, 1, 0, 3
0, 331, 1, 0, 3
0, 331, 1, 0, 3
0, 331, 1, 0, 3
0, 331, 1, 0, 3
0, 331, 1, 0, 3
0, 331, 1, 0, 3
0, 331, 1, 0, 3
0, 331, 1, 0, 3
0, 331, 1, 0, 3
0, 331, 1, 0, 3
0, 331, 1, 0, 3
0, 331, 1, 0, 3
0, 331, 1, 0, 3
0, 331, 1, 0, 3
0, 331, 1, 0, 3
0, 331, 1, 0, 3
0, 331, 1, 0, 3
0, 331, 1, 0, 3
0, 331, 1, 0, 3
0, 331, 1, 0, 3
0, 331, 1, 0, 3
0, 331, 1, 0, 3
0, 331, 1, 0, 3
0, 331, 1, 0, 3
0, 331, 1, 0, 3
0, 331, 1, 0, 3
0, 331, 1, 0, 3
0, 331, 1, 0, 3
0, 331, 1, 0, 3
0, 331, 1, 0, 3
0, 331, 1, 0, 3
0, 331, 1, 0, 3
0, 331, 1, 0, 3
0, 331, 1, 0, 3
0, 331, 1, 0, 3
0, 331, 1, 0, 3
0, 331, 1, 0, 3
0, 331, 1, 0, 3
0, 331, 1, 0, 3
0, 331, 1, 0, 3
0, 331, 1, 0, 3
0, 331, 1, 0, 3
0, 331, 1, 0, 3
0, 331, 1, 0, 3
0, 331, 1, 0, 3
0, 331, 1, 0, 3
0, 331, 1, 0, 3
0, 331, 1, 0, 3
0, 331, 1, 0, 3
0, 331, 1, 0, 3
0, 331, 1, 0, 3
0, 331, 1, 0, 3
0, 331, 1, 0, 3
0, 331, 1, 0, 3
0, 331, 1, 0, 3
0, 331, 1, 0, 3
0, 331, 1, 0, 3
0, 331, 1, 0, 3
0, 331, 1, 0, 3
0, 331, 1, 0, 3
0, 331, 1, 0, 3
0, 331, 1, 0, 3
0, 331, 1, 0, 3
0, 331, 1, 0, 3
0, 331, 1, 0, 3
0, 331, 1, 0, 3
0, 331, 1, 0, 3
0, 331, 1, 0, 3
0, 331, 1, 0, 3
0, 331, 1, 0, 3
0, 331, 1, 0, 3
0, 331, 1, 0, 3
0, 331, 1, 0, 3
0, 331, 1, 0, 3
0, 331, 1, 0, 3
0, 331, 1, 0, 3
0, 331, 1, 0, 3
0, 331, 1, 0, 3
0, 331, 1, 0, 3
0, 331, 1, 0, 3
0, 331, 1, 0, 3
0, 331, 1, 0, 3
0, 331, 1, 0, 3
0, 331, 1, 0, 3
0, 331, 1, 0, 3
0, 331, 1, 0, 3
0, 331, 1, 0, 3
0, 331, 1, 0, 3
0, 331, 1, 0, 3
0, 331, 1, 0, 3
0, 331, 1, 0, 3
0, 331, 1, 0, 3
0, 331, 1, 0, 3
0, 331, 1, 0, 3
0, 331, 1, 0, 3
0, 331, 1, 0, 3
0, 331, 1, 0, 3
0, 331, 1, 0, 3
0, 331, 1, 0, 3
0, 331, 1, 0, 3
0, 331, 1, 0, 3
0, 331, 1, 0, 3
0, 331, 1, 0, 3
0, 331, 1, 0, 3
0, 331, 1, 0, 3
0, 331, 1, 0, 3
0, 331, 1, 0, 3
0, 331, 1, 0, 3
0, 331, 1, 0, 3
0, 331, 1, 0, 3
0, 331, 1, 0, 3
0, 331, 1, 0, 3
0, 331, 1, 0, 3
0, 331, 1, 0, 3
0, 331, 1, 0, 3
0, 331, 1, 0, 3
0, 331, 1, 0, 3
0, 331, 1, 0, 3
0, 331, 1, 0, 3
0, 331, 1, 0, 3
0, 331, 1, 0, 3
0, 331, 1, 0, 3
0, 331, 1, 0, 3
0, 331, 1, 0, 3
0, 331, 1, 0, 3
0, 331, 1, 0, 3
0, 331, 1, 0, 3
0, 331, 1, 0, 3
0, 331, 1, 0, 3
0, 331, 1, 0, 3
0, 331, 1, 0, 3
0, 331, 1, 0, 3
0, 331, 1, 0, 3
0, 331, 1, 0, 3
0, 331, 1, 0, 3
0, 331, 1, 0, 3
0, 331, 1, 0, 3
0, 331, 1, 0, 3
0, 331, 1, 0, 3
0, 331, 1, 0, 3
0, 331, 1, 0, 3
0, 331, 1, 0, 3
0, 331, 1, 0, 3
0, 331, 1, 0, 3
0, 331, 1, 0, 3
0, 331, 1, 0, 3
0, 331, 1, 0, 3
0, 331, 1, 0, 3
0, 331, 1, 0, 3
0, 331, 1, 0, 3
0, 331, 1, 0, 3
0, 331, 1, 0, 3
0, 331, 1, 0, 3
0, 331, 1, 0, 3
0, 331, 1, 0, 3
0, 331, 1, 0, 3
0, 331, 1, 0, 3
0, 331, 1, 0, 3
0, 331, 1, 0, 3
0, 331, 1, 0, 3
0, 331, 1, 0, 3
0, 331, 1, 0, 3
0, 331, 1, 0, 3
0, 331, 1, 0, 3
0, 331, 1, 0, 3
0, 331, 1, 0, 3
0, 331, 1, 0, 3
0, 331, 1, 0, 3
0, 331, 1, 0, 3
0, 331, 1, 0, 3
0, 331, 1, 0, 3
0, 331, 1, 0, 3
0, 331, 1, 0, 3
0, 331, 1, 0, 3
0, 331, 1, 0, 3
0, 331, 1, 0, 3
0, 331, 1, 0, 3
0, 331, 1, 0, 3
0, 331, 1, 0, 3
0, 331, 1, 0, 3
0, 331, 1, 0, 3
0, 331, 1, 0, 3
0, 331, 1, 0, 3
0, 331, 1, 0, 3
0, 331, 1, 0, 3
0, 331, 1, 0, 3
0, 331, 1, 0, 3
0, 331, 1, 0, 3
0, 331, 1, 0, 3
0, 331, 1, 0, 3
0, 331, 1, 0, 3
0, 331, 1, 0, 3
0, 331, 1, 0, 3
0, 331, 1, 0, 3
0, 331, 1, 0, 3
0, 331, 1, 0, 3
0, 331, 1, 0, 3
0, 331, 1, 0, 3
0, 331, 1, 0, 3
0, 331, 1, 0, 3
0, 331, 1, 0, 3
0, 331, 1, 0, 3
0, 331, 1, 0, 3
0, 331, 1, 0, 3
0, 331, 1, 0, 3
0, 331, 1, 0, 3
0, 331, 1, 0, 3
0, 331, 1, 0, 3
0, 331, 1, 0, 3
0, 331, 1, 0, 3
0, 331, 1, 0, 3
0, 331, 1, 0, 3
0, 331, 1, 0, 3
0, 331, 1, 0, 3
0, 331, 1, 0, 3
1, 1, 0, 1, 1
1, 1, 1, 0, 2
2, 1, 0, 1, 1
2, 1, 1, 0, 2
3, 1, 0, 1, 1
3, 1, 1, 0, 2
4, 1, 0, 1, 1
4, 1, 1, 0, 2
5, 1, 0, 1, 1
5, 1, 1, 0, 2
6, 1, 0, 1, 1
6, 1, 1, 0, 2
7, 1, 0, 1, 1
7, 1, 1, 0, 2
8, 1, 0, 1, 1
8, 1, 1, 0, 2
9, 1, 0, 1, 1
9, 1, 1, 0, 2
10, 1, 0, 1, 1
10, 1, 1, 0, 2
11, 1, 0, 1, 1
11, 1, 1, 0, 2
12, 1, 0, 1, 1
12, 1, 1, 0, 2
13, 1, 0, 1, 1
13, 1, 1, 0, 2
14, 1, 0, 1, 1
14, 1, 1, 0, 2
15, 1, 0, 1, 1
15, 1, 1, 0, 2
16, 1, 0, 1, 1
16, 1, 1, 0, 2
17, 1, 0, 1, 1
17, 1, 1, 0, 2
18, 1, 0, 1, 1
18, 1, 1, 0, 2
19, 1, 0, 1, 1
19, 1, 1, 0, 2
20, 1, 0, 1, 1
20, 1, 1, 0, 2
21, 1, 0, 1, 1
21, 1, 1, 0, 2
22, 1, 0, 1, 1
22, 1, 1, 0, 2
23, 1, 0, 1, 1
23, 1, 1, 0, 2
24, 1, 0, 1, 1
24, 1, 1, 0, 2
25, 1, 0, 1, 1
25, 1, 1, 0, 2
26, 1, 0, 1, 1
26, 1, 1, 0, 2
27, 1, 0, 1, 1
27, 1, 1, 0, 2
28, 1, 0, 1, 1
28, 1, 1, 0, 2
29, 1, 0, 1, 1
29, 1, 1, 0, 2
30, 3, 0, 1, 1
30, 3, 0, 1, 2
30, 3, 0, 1, 2
31, 1, 0, 1, 1
31, 2, 1, 0, 2
31, 2, 1, 0, 2
32, 1, 0, 1, 1
32, 2, 1, 0, 2
32, 2, 1, 0, 2
33, 1, 0, 1, 1
33, 2, 1, 0, 2
33, 2, 1, 0, 2
34, 2, 0, 1, 1
34, 2, 0, 1, 2
34, 1, 1, 0, 2
35, 2, 0, 1, 1
35, 2, 0, 1, 2
35, 1, 1, 0, 2
36, 2, 0, 1, 1
36, 2, 0, 1, 2
36, 1, 1, 0, 2
37, 2, 0, 1, 1
37, 2, 0, 1, 2
37, 1, 1, 0, 2
38, 2, 0, 1, 1
38, 2, 0, 1, 2
38, 1, 1, 0, 2
39, 2, 0, 1, 1
39, 2, 0, 1, 2
39, 1, 1, 0, 2
40, 2, 0, 1, 1
40, 2, 0, 1, 2
40, 1, 1, 0, 2
41, 2, 0, 1, 1
41, 2, 0, 1, 2
41, 1, 1, 0, 2
42, 2, 0, 1, 1
42, 2, 0, 1, 2
42, 1, 1, 0, 2
43, 2, 0, 1, 1
43, 2, 0, 1, 2
43, 1, 1, 0, 2
44, 2, 0, 1, 1
44, 2, 0, 1, 2
44, 1, 1, 0, 2
45, 1, 0, 1, 1
45, 2, 1, 0, 2
45, 2, 1, 0, 3
46, 2, 0, 1, 1
46, 2, 0, 1, 2
46, 1, 1, 0, 2
47, 1, 0, 1, 1
47, 2, 1, 0, 2
47, 2, 1, 0, 3
48, 1, 0, 1, 2
48, 1, 1, 0, 2
49, 1, 0, 1, 2
49, 1, 1, 0, 2
50, 2, 0, 1, 1
50, 2, 0, 1, 2
50, 1, 1, 0, 2
51, 1, 0, 1, 1
51, 2, 1, 0, 2
51, 2, 1, 0, 3
52, 2, 0, 1, 1
52, 2, 0, 1, 2
52, 1, 1, 0, 2
53, 2, 0, 1, 1
53, 2, 0, 1, 2
53, 1, 1, 0, 2
54, 2, 0, 1, 1
54, 2, 0, 1, 2
54, 1, 1, 0, 2
55, 2, 0, 1, 1
55, 2, 0, 1, 2
55, 1, 1, 0, 2
56, 2, 0, 1, 1
56, 2, 0, 1, 2
56, 1, 1, 0, 2
57, 2, 0, 1, 1
57, 2, 0, 1, 2
57, 1, 1, 0, 2
58, 2, 0, 1, 1
58, 2, 0, 1, 2
58, 1, 1, 0, 2
59, 2, 0, 1, 1
59, 2, 0, 1, 2
59, 1, 1, 0, 2
60, 2, 0, 1, 1
60, 2, 0, 1, 2
60, 1, 1, 0, 2
61, 2, 0, 1, 1
61, 2, 0, 1, 2
61, 1, 1, 0, 2
62, 3, 0, 1, 1
62, 3, 0, 1, 2
62, 3, 0, 1, 2
62, 1, 1, 0, 2
63, 3, 0, 1, 1
63, 3, 0, 1, 2
63, 3, 0, 1, 2
63, 1, 1, 0, 2
64, 2, 0, 1, 1
64, 2, 0, 1, 2
64, 2, 1, 0, 2
64, 2, 1, 0, 3
65, 3, 0, 1, 1
65, 3, 0, 1, 2
65, 3, 0, 1, 2
65, 1, 1, 0, 2
66, 3, 0, 1, 1
66, 3, 0, 1, 2
66, 3, 0, 1, 2
66, 1, 1, 0, 2
67, 3, 0, 1, 1
67, 3, 0, 1, 2
67, 3, 0, 1, 2
67, 1, 1, 0, 2
68, 1, 0, 1, 1
68, 3, 1, 0, 2
68, 3, 1, 0, 3
68, 3, 1, 0, 3
69, 3, 0, 1, 1
69, 3, 0, 1, 2
69, 3, 0, 1, 2
69, 1, 1, 0, 2
70, 3, 0, 1, 1
70, 3, 0, 1, 2
70, 3, 0, 1, 2
70, 1, 1, 0, 2
71, 3, 0, 1, 1
71, 3, 0, 1, 2
71, 3, 0, 1, 2
71, 1, 1, 0, 2
72, 1, 0, 1, 1
72, 2, 1, 0, 2
72, 2, 1, 0, 3
73, 1, 0, 1, 1
73, 2, 1, 0, 2
73, 2, 1, 0, 3
74, 3, 0, 1, 1
74, 3, 0, 1, 2
74, 3, 0, 1, 2
74, 1, 1, 0, 2
75, 1, 0, 1, 1
75, 2, 1, 0, 2
75, 2, 1, 0, 3
76, 3, 0, 1, 1
76, 3, 0, 1, 2
76, 3, 0, 1, 2
76, 1, 1, 0, 2
77, 3, 0, 1, 1
77, 3, 0, 1, 2
77, 3, 0, 1, 2
77, 1, 1, 0, 2
78, 1, 0, 1, 1
78, 2, 1, 0, 2
78, 2, 1, 0, 3
79, 1, 0, 1, 1
79, 2, 1, 0, 2
79, 2, 1, 0, 3
80, 1, 0, 1, 1
80, 2, 1, 0, 2
80, 2, 1, 0, 3
81, 3, 0, 1, 1
81, 3, 0, 1, 2
81, 3, 0, 1, 2
81, 1, 1, 0, 2
82, 3, 0, 1, 1
82, 3, 0, 1, 2
82, 3, 0, 1, 2
82, 1, 1, 0, 2
83, 4, 0, 1, 1
83, 4, 0, 1, 2
83, 4, 0, 1, 2
83, 4, 0, 1, 2
83, 1, 1, 0, 2
84, 4, 0, 1, 1
84, 4, 0, 1, 2
84, 4, 0, 1, 2
84, 4, 0, 1, 2
84, 1, 1, 0, 2
85, 4, 0, 1, 1
85, 4, 0, 1, 2
85, 4, 0, 1, 2
85, 4, 0, 1, 2
85, 1, 1, 0, 2
86, 4, 0, 1, 1
86, 4, 0, 1, 2
86, 4, 0, 1, 2
86, 4, 0, 1, 2
86, 1, 1, 0, 2
87, 1, 0, 1, 1
87, 4, 1, 0, 2
87, 4, 1, 0, 3
87, 4, 1, 0, 3
87, 4, 1, 0, 3
88, 4, 0, 1, 1
88, 4, 0, 1, 2
88, 4, 0, 1, 2
88, 4, 0, 1, 2
88, 1, 1, 0, 2
89, 4, 0, 1, 1
89, 4, 0, 1, 2
89, 4, 0, 1, 2
89, 4, 0, 1, 2
89, 1, 1, 0, 2
90, 1, 0, 1, 1
90, 4, 1, 0, 2
90, 4, 1, 0, 3
90, 4, 1, 0, 3
90, 4, 1, 0, 3
91, 4, 0, 1, 1
91, 4, 0, 1, 2
91, 4, 0, 1, 2
91, 4, 0, 1, 2
91, 1, 1, 0, 2
92, 2, 0, 1, 1
92, 2, 0, 1, 2
92, 2, 1, 0, 2
92, 2, 1, 0, 3
93, 2, 0, 1, 1
93, 2, 0, 1, 2
93, 2, 1, 0, 2
93, 2, 1, 0, 3
94, 2, 0, 1, 1
94, 2, 0, 1, 2
94, 2, 1, 0, 2
94, 2, 1, 0, 3
95, 4, 0, 1, 1
95, 4, 0, 1, 2
95, 4, 0, 1, 2
95, 4, 0, 1, 2
95, 1, 1, 0, 2
96, 4, 0, 1, 1
96, 4, 0, 1, 2
96, 4, 0, 1, 2
96, 4, 0, 1, 2
96, 1, 1, 0, 2
97, 4, 0, 1, 1
97, 4, 0, 1, 2
97, 4, 0, 1, 2
97, 4, 0, 1, 2
97, 1, 1, 0, 2
98, 4, 0, 1, 1
98, 4, 0, 1, 2
98, 4, 0, 1, 2
98, 4, 0, 1, 2
98, 1, 1, 0, 2
99, 2, 0, 1, 1
99, 2, 0, 1, 2
99, 2, 1, 0, 2
99, 2, 1, 0, 3
100, 2, 0, 1, 1
100, 2, 0, 1, 2
100, 2, 1, 0, 2
100, 2, 1, 0, 3
101, 2, 0, 1, 1
101, 2, 0, 1, 2
101, 2, 1, 0, 2
101, 2, 1, 0, 3
102, 3, 0, 1, 1
102, 3, 0, 1, 2
102, 3, 0, 1, 2
102, 2, 1, 0, 2
102, 2, 1, 0, 3
103, 4, 0, 1, 1
103, 4, 0, 1, 2
103, 4, 0, 1, 2
103, 4, 0, 1, 2
103, 1, 1, 0, 2
104, 4, 0, 1, 1
104, 4, 0, 1, 2
104, 4, 0, 1, 2
104, 4, 0, 1, 2
104, 1, 1, 0, 2
105, 2, 0, 1, 1
105, 2, 0, 1, 2
105, 2, 1, 0, 2
105, 2, 1, 0, 3
106, 1, 0, 1, 1
106, 3, 1, 0, 2
106, 3, 1, 0, 3
106, 3, 1, 0, 3
107, 1, 0, 1, 1
107, 3, 1, 0, 2
107, 3, 1, 0, 3
107, 3, 1, 0, 3
108, 5, 0, 1, 1
108, 5, 0, 1, 2
108, 5, 0, 1, 2
108, 5, 0, 1, 2
108, 5, 0, 1, 2
108, 1, 1, 0, 2
109, 3, 0, 1, 1
109, 3, 0, 1, 2
109, 3, 0, 1, 2
109, 2, 1, 0, 2
109, 2, 1, 0, 3
110, 3, 0, 1, 1
110, 3, 0, 1, 2
110, 3, 0, 1, 2
110, 3, 1, 0, 2
110, 3, 1, 0, 3
110, 3, 1, 0, 3
111, 3, 0, 1, 1
111, 3, 0, 1, 2
111, 3, 0, 1, 2
111, 2, 1, 0, 2
111, 2, 1, 0, 3
112, 1, 0, 1, 1
112, 3, 1, 0, 2
112, 3, 1, 0, 3
112, 3, 1, 0, 3
113, 1, 0, 1, 1
113, 3, 1, 0, 2
113, 3, 1, 0, 3
113, 3, 1, 0, 3
114, 3, 0, 1, 1
114, 3, 0, 1, 2
114, 3, 0, 1, 2
114, 2, 1, 0, 2
114, 2, 1, 0, 3
115, 3, 0, 1, 1
115, 3, 0, 1, 2
115, 3, 0, 1, 2
115, 3, 1, 0, 2
115, 3, 1, 0, 3
115, 3, 1, 0, 3
116, 4, 0, 1, 1
116, 4, 0, 1, 2
116, 4, 0, 1, 2
116, 4, 0, 1, 2
116, 3, 1, 0, 2
116, 3, 1, 0, 3
116, 3, 1, 0, 3
117, 4, 0, 1, 1
117, 4, 0, 1, 2
117, 4, 0, 1, 2
117, 4, 0, 1, 2
117, 3, 1, 0, 2
117, 3, 1, 0, 3
117, 3, 1, 0, 3
118, 4, 0, 1, 1
118, 4, 0, 1, 2
118, 4, 0, 1, 2
118, 4, 0, 1, 2
118, 3, 1, 0, 2
118, 3, 1, 0, 3
118, 3, 1, 0, 3
119, 4, 0, 1, 1
119, 4, 0, 1, 2
119, 4, 0, 1, 2
119, 4, 0, 1, 2
119, 3, 1, 0, 2
119, 3, 1, 0, 3
119, 3, 1, 0, 3
120, 4, 0, 1, 1
120, 4, 0, 1, 2
120, 4, 0, 1, 2
120, 4, 0, 1, 2
120, 3, 1, 0, 2
120, 3, 1, 0, 3
120, 3, 1, 0, 3
121, 2, 0, 1, 1
121, 2, 0, 1, 2
121, 4, 1, 0, 2
121, 4, 1, 0, 3
121, 4, 1, 0, 3
121, 4, 1, 0, 3
122, 3, 0, 1, 1
122, 3, 0, 1, 2
122, 3, 0, 1, 2
122, 4, 1, 0, 2
122, 4, 1, 0, 3
122, 4, 1, 0, 3
122, 4, 1, 0, 3
123, 4, 0, 1, 1
123, 4, 0, 1, 2
123, 4, 0, 1, 2
123, 4, 0, 1, 2
123, 2, 1, 0, 2
123, 2, 1, 0, 3
124, 1, 0, 1, 1
124, 4, 1, 0, 2
124, 4, 1, 0, 3
124, 4, 1, 0, 3
124, 4, 1, 0, 3
125, 4, 0, 1, 1
125, 4, 0, 1, 2
125, 4, 0, 1, 2
125, 4, 0, 1, 2
125, 2, 1, 0, 2
125, 2, 1, 0, 3
126, 3, 0, 1, 1
126, 3, 0, 1, 2
126, 3, 0, 1, 2
126, 4, 1, 0, 2
126, 4, 1, 0, 3
126, 4, 1, 0, 3
126, 4, 1, 0, 3
127, 2, 0, 1, 1
127, 2, 0, 1, 2
127, 3, 1, 0, 2
127, 3, 1, 0, 3
127, 3, 1, 0, 3
128, 4, 0, 1, 1
128, 4, 0, 1, 2
128, 4, 0, 1, 2
128, 4, 0, 1, 2
128, 4, 1, 0, 2
128, 4, 1, 0, 3
128, 4, 1, 0, 3
128, 4, 1, 0, 3
129, 4, 0, 1, 1
129, 4, 0, 1, 2
129, 4, 0, 1, 2
129, 4, 0, 1, 2
129, 4, 1, 0, 2
129, 4, 1, 0, 3
129, 4, 1, 0, 3
129, 4, 1, 0, 3
130, 3, 0, 1, 1
130, 3, 0, 1, 2
130, 3, 0, 1, 2
130, 3, 1, 0, 2
130, 3, 1, 0, 3
130, 3, 1, 0, 3
131, 3, 0, 1, 1
131, 3, 0, 1, 2
131, 3, 0, 1, 2
131, 3, 1, 0, 2
131, 3, 1, 0, 3
131, 3, 1, 0, 3
132, 3, 0, 1, 1
132, 3, 0, 1, 2
132, 3, 0, 1, 2
132, 3, 1, 0, 2
132, 3, 1, 0, 3
132, 3, 1, 0, 3
133, 3, 0, 1, 1
133, 3, 0, 1, 2
133, 3, 0, 1, 2
133, 3, 1, 0, 2
133, 3, 1, 0, 3
133, 3, 1, 0, 3
134, 4, 0, 1, 1
134, 4, 0, 1, 2
134, 4, 0, 1, 2
134, 4, 0, 1, 2
134, 4, 1, 0, 2
134, 4, 1, 0, 3
134, 4, 1, 0, 3
134, 4, 1, 0, 3
135, 4, 0, 1, 1
135, 4, 0, 1, 2
135, 4, 0, 1, 2
135, 4, 0, 1, 2
135, 4, 1, 0, 2
135, 4, 1, 0, 3
135, 4, 1, 0, 3
135, 4, 1, 0, 3
136, 3, 0, 1, 1
136, 3, 0, 1, 2
136, 3, 0, 1, 2
136, 4, 1, 0, 2
136, 4, 1, 0, 3
136, 4, 1, 0, 3
136, 4, 1, 0, 3
137, 4, 0, 1, 1
137, 4, 0, 1, 2
137, 4, 0, 1, 2
137, 4, 0, 1, 2
137, 4, 1, 0, 2
137, 4, 1, 0, 3
137, 4, 1, 0, 3
137, 4, 1, 0, 3
138, 3, 0, 1, 1
138, 3, 0, 1, 2
138, 3, 0, 1, 2
138, 3, 1, 0, 2
138, 3, 1, 0, 3
138, 3, 1, 0, 3
139, 3, 0, 1, 1
139, 3, 0, 1, 2
139, 3, 0, 1, 2
139, 3, 1, 0, 2
139, 3, 1, 0, 3
139, 3, 1, 0, 3
140, 3, 0, 1, 1
140, 3, 0, 1, 2
140, 3, 0, 1, 2
140, 3, 1, 0, 2
140, 3, 1, 0, 3
140, 3, 1, 0, 3
141, 1, 0, 1, 1
141, 4, 1, 0, 2
141, 4, 1, 0, 3
141, 4, 1, 0, 3
141, 4, 1, 0, 3
142, 3, 0, 1, 1
142, 3, 0, 1, 2
142, 3, 0, 1, 2
142, 3, 1, 0, 2
142, 3, 1, 0, 3
142, 3, 1, 0, 3
143, 4, 0, 1, 1
143, 4, 0, 1, 2
143, 4, 0, 1, 2
143, 4, 0, 1, 2
143, 3, 1, 0, 2
143, 3, 1, 0, 3
143, 3, 1, 0, 3
144, 3, 0, 1, 1
144, 3, 0, 1, 2
144, 3, 0, 1, 2
144, 4, 1, 0, 2
144, 4, 1, 0, 3
144, 4, 1, 0, 3
144, 4, 1, 0, 3
145, 4, 0, 1, 1
145, 4, 0, 1, 2
145, 4, 0, 1, 2
145, 4, 0, 1, 2
145, 3, 1, 0, 2
145, 3, 1, 0, 3
145, 3, 1, 0, 3
146, 3, 0, 1, 1
146, 3, 0, 1, 2
146, 3, 0, 1, 2
146, 4, 1, 0, 2
146, 4, 1, 0, 3
146, 4, 1, 0, 3
146, 4, 1, 0, 3
147, 3, 0, 1, 1
147, 3, 0, 1, 2
147, 3, 0, 1, 2
147, 4, 1, 0, 2
147, 4, 1, 0, 3
147, 4, 1, 0, 3
147, 4, 1, 0, 3
148, 1, 0, 1, 1
148, 5, 1, 0, 2
148, 5, 1, 0, 3
148, 5, 1, 0, 3
148, 5, 1, 0, 3
148, 5, 1, 0, 3
149, 3, 0, 1, 1
149, 3, 0, 1, 2
149, 3, 0, 1, 2
149, 4, 1, 0, 2
149, 4, 1, 0, 3
149, 4, 1, 0, 3
149, 4, 1, 0, 3
150, 3, 0, 1, 1
150, 3, 0, 1, 2
150, 3, 0, 1, 2
150, 3, 1, 0, 2
150, 3, 1, 0, 3
150, 3, 1, 0, 3
151, 3, 0, 1, 1
151, 3, 0, 1, 2
151, 3, 0, 1, 2
151, 4, 1, 0, 2
151, 4, 1, 0, 3
151, 4, 1, 0, 3
151, 4, 1, 0, 3
152, 3, 0, 1, 1
152, 3, 0, 1, 2
152, 3, 0, 1, 2
152, 4, 1, 0, 2
152, 4, 1, 0, 3
152, 4, 1, 0, 3
152, 4, 1, 0, 3
153, 4, 0, 1, 1
153, 4, 0, 1, 2
153, 4, 0, 1, 2
153, 4, 0, 1, 2
153, 4, 1, 0, 2
153, 4, 1, 0, 3
153, 4, 1, 0, 3
153, 4, 1, 0, 3
154, 1, 0, 1, 1
154, 5, 1, 0, 2
154, 5, 1, 0, 3
154, 5, 1, 0, 3
154, 5, 1, 0, 3
154, 5, 1, 0, 3
155, 4, 0, 1, 1
155, 4, 0, 1, 2
155, 4, 0, 1, 2
155, 4, 0, 1, 2
155, 4, 1, 0, 2
155, 4, 1, 0, 3
155, 4, 1, 0, 3
155, 4, 1, 0, 3
156, 4, 0, 1, 1
156, 4, 0, 1, 2
156, 4, 0, 1, 2
156, 4, 0, 1, 2
156, 4, 1, 0, 2
156, 4, 1, 0, 3
156, 4, 1, 0, 3
156, 4, 1, 0, 3
157, 5, 0, 1, 1
157, 5, 0, 1, 2
157, 5, 0, 1, 2
157, 5, 0, 1, 2
157, 5, 0, 1, 2
157, 4, 1, 0, 2
157, 4, 1, 0, 3
157, 4, 1, 0, 3
157, 4, 1, 0, 3
158, 5, 0, 1, 1
158, 5, 0, 1, 2
158, 5, 0, 1, 2
158, 5, 0, 1, 2
158, 5, 0, 1, 2
158, 4, 1, 0, 2
158, 4, 1, 0, 3
158, 4, 1, 0, 3
158, 4, 1, 0, 3
159, 3, 0, 1, 1
159, 3, 0, 1, 2
159, 3, 0, 1, 2
159, 5, 1, 0, 2
159, 5, 1, 0, 3
159, 5, 1, 0, 3
159, 5, 1, 0, 3
159, 5, 1, 0, 3
160, 5, 0, 1, 1
160, 5, 0, 1, 2
160, 5, 0, 1, 2
160, 5, 0, 1, 2
160, 5, 0, 1, 2
160, 4, 1, 0, 2
160, 4, 1, 0, 3
160, 4, 1, 0, 3
160, 4, 1, 0, 3
161, 1, 0, 1, 1
161, 5, 1, 0, 2
161, 5, 1, 0, 3
161, 5, 1, 0, 3
161, 5, 1, 0, 3
161, 5, 1, 0, 3
162, 5, 0, 1, 1
162, 5, 0, 1, 2
162, 5, 0, 1, 2
162, 5, 0, 1, 2
162, 5, 0, 1, 2
162, 5, 1, 0, 2
162, 5, 1, 0, 3
162, 5, 1, 0, 3
162, 5, 1, 0, 3
162, 5, 1, 0, 3
163, 1, 0, 1, 1
163, 7, 1, 0, 2
163, 7, 1, 0, 3
163, 7, 1, 0, 3
163, 7, 1, 0, 3
163, 7, 1, 0, 3
163, 7, 1, 0, 3
163, 7, 1, 0, 3
164, 7, 0, 1, 1
164, 7, 0, 1, 2
164, 7, 0, 1, 2
164, 7, 0, 1, 2
164, 7, 0, 1, 2
164, 7, 0, 1, 2
164, 7, 0, 1, 2
164, 6, 1, 0, 2
164, 6, 1, 0, 3
164, 6, 1, 0, 3
164, 6, 1, 0, 3
164, 6, 1, 0, 3
164, 6, 1, 0, 3
165, 9, 0, 1, 1
165, 9, 0, 1, 2
165, 9, 0, 1, 2
165, 9, 0, 1, 2
165, 9, 0, 1, 2
165, 9, 0, 1, 2
165, 9, 0, 1, 2
165, 9, 0, 1, 2
165, 9, 0, 1, 2
165, 8, 1, 0, 2
165, 8, 1, 0, 3
165, 8, 1, 0, 3
165, 8, 1, 0, 3
165, 8, 1, 0, 3
165, 8, 1, 0, 3
165, 8, 1, 0, 3
165, 8, 1, 0, 3
166, 2, 0, 1, 1
166, 2, 0, 1, 2
166, 1, 1, 0, 3
167, 1, 0, 1, 3
167, 1, 1, 0, 2
168, 1, 0, 1, 3
168, 1, 1, 0, 2
169, 1, 0, 1, 3
169, 1, 1, 0, 2
170, 1, 0, 1, 3
170, 1, 1, 0, 2
171, 1, 0, 1, 1
171, 1, 1, 0, 4
172, 1, 0, 1, 3
172, 1, 1, 0, 2
173, 1, 0, 1, 3
173, 1, 1, 0, 2
174, 1, 0, 1, 3
174, 1, 1, 0, 2
175, 1, 0, 1, 1
175, 1, 1, 0, 4
176, 1, 0, 1, 2
176, 2, 1, 0, 2
176, 2, 1, 0, 3
177, 1, 0, 1, 2
177, 3, 1, 0, 2
177, 3, 1, 0, 3
177, 3, 1, 0, 3
178, 1, 0, 1, 2
178, 4, 1, 0, 2
178, 4, 1, 0, 3
178, 4, 1, 0, 3
178, 4, 1, 0, 3
179, 4, 0, 1, 1
179, 4, 0, 1, 2
179, 4, 0, 1, 2
179, 4, 0, 1, 2
179, 1, 1, 0, 3
180, 3, 0, 1, 1
180, 3, 0, 1, 2
180, 3, 0, 1, 2
180, 1, 1, 0, 3
181, 1, 0, 1, 2
181, 4, 1, 0, 2
181, 4, 1, 0, 3
181, 4, 1, 0, 3
181, 4, 1, 0, 3
182, 1, 0, 1, 2
182, 4, 1, 0, 2
182, 4, 1, 0, 3
182, 4, 1, 0, 3
182, 4, 1, 0, 3
183, 1, 0, 1, 2
183, 4, 1, 0, 2
183, 4, 1, 0, 3
183, 4, 1, 0, 3
183, 4, 1, 0, 3
184, 2, 0, 1, 1
184, 2, 0, 1, 2
184, 5, 1, 0, 2
184, 5, 1, 0, 2
184, 5, 1, 0, 3
184, 5, 1, 0, 3
184, 5, 1, 0, 3
185, 4, 0, 1, 1
185, 4, 0, 1, 2
185, 4, 0, 1, 2
185, 4, 0, 1, 2
185, 1, 1, 0, 3
186, 1, 0, 1, 2
186, 5, 1, 0, 2
186, 5, 1, 0, 3
186, 5, 1, 0, 3
186, 5, 1, 0, 3
186, 5, 1, 0, 3
187, 5, 0, 1, 1
187, 5, 0, 1, 2
187, 5, 0, 1, 2
187, 5, 0, 1, 2
187, 5, 0, 1, 2
187, 1, 1, 0, 3
188, 3, 0, 1, 1
188, 3, 0, 1, 2
188, 3, 0, 1, 2
188, 5, 1, 0, 2
188, 5, 1, 0, 2
188, 5, 1, 0, 3
188, 5, 1, 0, 3
188, 5, 1, 0, 3
189, 4, 0, 1, 1
189, 4, 0, 1, 2
189, 4, 0, 1, 2
189, 4, 0, 1, 2
189, 4, 1, 0, 2
189, 4, 1, 0, 2
189, 4, 1, 0, 3
189, 4, 1, 0, 3
190, 1, 0, 1, 2
190, 3, 1, 0, 2
190, 3, 1, 0, 3
190, 3, 1, 0, 3
191, 4, 0, 1, 1
191, 4, 0, 1, 2
191, 4, 0, 1, 2
191, 4, 0, 1, 2
191, 5, 1, 0, 2
191, 5, 1, 0, 2
191, 5, 1, 0, 3
191, 5, 1, 0, 3
191, 5, 1, 0, 3
192, 4, 0, 1, 1
192, 4, 0, 1, 2
192, 4, 0, 1, 2
192, 4, 0, 1, 2
192, 5, 1, 0, 2
192, 5, 1, 0, 2
192, 5, 1, 0, 3
192, 5, 1, 0, 3
192, 5, 1, 0, 3
193, 5, 0, 1, 1
193, 5, 0, 1, 2
193, 5, 0, 1, 2
193, 5, 0, 1, 2
193, 5, 0, 1, 2
193, 4, 1, 0, 2
193, 4, 1, 0, 2
193, 4, 1, 0, 3
193, 4, 1, 0, 3
194, 5, 0, 1, 1
194, 5, 0, 1, 2
194, 5, 0, 1, 2
194, 5, 0, 1, 2
194, 5, 0, 1, 2
194, 4, 1, 0, 2
194, 4, 1, 0, 2
194, 4, 1, 0, 3
194, 4, 1, 0, 3
195, 5, 0, 1, 1
195, 5, 0, 1, 2
195, 5, 0, 1, 2
195, 5, 0, 1, 2
195, 5, 0, 1, 2
195, 5, 1, 0, 2
195, 5, 1, 0, 2
195, 5, 1, 0, 3
195, 5, 1, 0, 3
195, 5, 1, 0, 3
196, 4, 0, 1, 1
196, 4, 0, 1, 2
196, 4, 0, 1, 2
196, 4, 0, 1, 2
196, 6, 1, 0, 2
196, 6, 1, 0, 2
196, 6, 1, 0, 3
196, 6, 1, 0, 3
196, 6, 1, 0, 3
196, 6, 1, 0, 3
197, 7, 0, 1, 1
197, 7, 0, 1, 2
197, 7, 0, 1, 2
197, 7, 0, 1, 2
197, 7, 0, 1, 2
197, 7, 0, 1, 2
197, 7, 0, 1, 2
197, 3, 1, 0, 2
197, 3, 1, 0, 2
197, 3, 1, 0, 3
198, 5, 0, 1, 1
198, 5, 0, 1, 2
198, 5, 0, 1, 2
198, 5, 0, 1, 2
198, 5, 0, 1, 2
198, 6, 1, 0, 2
198, 6, 1, 0, 2
198, 6, 1, 0, 3
198, 6, 1, 0, 3
198, 6, 1, 0, 3
198, 6, 1, 0, 3
199, 6, 0, 1, 1
199, 6, 0, 1, 2
199, 6, 0, 1, 2
199, 6, 0, 1, 2
199, 6, 0, 1, 2
199, 6, 0, 1, 2
199, 8, 1, 0, 2
199, 8, 1, 0, 2
199, 8, 1, 0, 3
199, 8, 1, 0, 3
199, 8, 1, 0, 3
199, 8, 1, 0, 3
199, 8, 1, 0, 3
199, 8, 1, 0, 3
200, 8, 0, 1, 1
200, 8, 0, 1, 2
200, 8, 0, 1, 2
200, 8, 0, 1, 2
200, 8, 0, 1, 2
200, 8, 0, 1, 2
200, 8, 0, 1, 2
200, 8, 0, 1, 2
200, 9, 1, 0, 2
200, 9, 1, 0, 2
200, 9, 1, 0, 3
200, 9, 1, 0, 3
200, 9, 1, 0, 3
200, 9, 1, 0, 3
200, 9, 1, 0, 3
200, 9, 1, 0, 3
200, 9, 1, 0, 3
201, 1, 0, 1, 3
201, 2, 1, 0, 2
201, 2, 1, 0, 3
202, 1, 0, 1, 3
202, 2, 1, 0, 2
202, 2, 1, 0, 3
203, 2, 0, 1, 1
203, 2, 0, 1, 2
203, 1, 1, 0, 4
204, 1, 0, 1, 4
204, 1, 1, 0, 2
205, 1, 0, 1, 4
205, 1, 1, 0, 2
206, 1, 0, 1, 4
206, 1, 1, 0, 2
207, 1, 0, 1, 4
207, 1, 1, 0, 2
208, 1, 0, 1, 1
208, 1, 1, 0, 5
209, 1, 0, 1, 4
209, 1, 1, 0, 2
210, 1, 0, 1, 4
210, 1, 1, 0, 2
211, 1, 0, 1, 4
211, 1, 1, 0, 2
212, 1, 0, 1, 4
212, 1, 1, 0, 2
213, 1, 0, 1, 4
213, 1, 1, 0, 2
214, 1, 0, 1, 1
214, 1, 1, 0, 5
215, 1, 0, 1, 3
215, 2, 1, 0, 2
215, 2, 1, 0, 3
216, 1, 0, 1, 3
216, 2, 1, 0, 2
216, 2, 1, 0, 3
217, 1, 0, 1, 3
217, 2, 1, 0, 2
217, 2, 1, 0, 3
218, 2, 0, 1, 1
218, 2, 0, 1, 2
218, 1, 1, 0, 4
219, 1, 0, 1, 3
219, 2, 1, 0, 2
219, 2, 1, 0, 3
220, 1, 0, 1, 3
220, 2, 1, 0, 2
220, 2, 1, 0, 3
221, 1, 0, 1, 3
221, 2, 1, 0, 2
221, 2, 1, 0, 3
222, 1, 0, 1, 3
222, 3, 1, 0, 2
222, 3, 1, 0, 3
222, 3, 1, 0, 3
223, 2, 0, 1, 1
223, 2, 0, 1, 2
223, 1, 1, 0, 4
224, 1, 0, 1, 3
224, 3, 1, 0, 2
224, 3, 1, 0, 3
224, 3, 1, 0, 3
225, 1, 0, 1, 3
225, 3, 1, 0, 2
225, 3, 1, 0, 3
225, 3, 1, 0, 3
226, 3, 0, 1, 1
226, 3, 0, 1, 2
226, 3, 0, 1, 2
226, 1, 1, 0, 4
227, 1, 0, 1, 1
227, 1, 1, 0, 5
228, 1, 0, 1, 3
228, 3, 1, 0, 2
228, 3, 1, 0, 3
228, 3, 1, 0, 3
229, 1, 0, 1, 3
229, 3, 1, 0, 2
229, 3, 1, 0, 3
229, 3, 1, 0, 3
230, 1, 0, 1, 3
230, 4, 1, 0, 2
230, 4, 1, 0, 3
230, 4, 1, 0, 3
230, 4, 1, 0, 3
231, 4, 0, 1, 1
231, 4, 0, 1, 2
231, 4, 0, 1, 2
231, 4, 0, 1, 2
231, 1, 1, 0, 4
232, 1, 0, 1, 3
232, 3, 1, 0, 2
232, 3, 1, 0, 3
232, 3, 1, 0, 3
233, 1, 0, 1, 3
233, 3, 1, 0, 2
233, 3, 1, 0, 3
233, 3, 1, 0, 3
234, 1, 0, 1, 3
234, 4, 1, 0, 2
234, 4, 1, 0, 3
234, 4, 1, 0, 3
234, 4, 1, 0, 3
235, 3, 0, 1, 1
235, 3, 0, 1, 2
235, 3, 0, 1, 2
235, 1, 1, 0, 4
236, 4, 0, 1, 1
236, 4, 0, 1, 2
236, 4, 0, 1, 2
236, 4, 0, 1, 2
236, 1, 1, 0, 4
237, 4, 0, 1, 1
237, 4, 0, 1, 2
237, 4, 0, 1, 2
237, 4, 0, 1, 2
237, 5, 1, 0, 2
237, 5, 1, 0, 2
237, 5, 1, 0, 2
237, 5, 1, 0, 3
237, 5, 1, 0, 3
238, 1, 0, 1, 3
238, 4, 1, 0, 2
238, 4, 1, 0, 3
238, 4, 1, 0, 3
238, 4, 1, 0, 3
239, 1, 0, 1, 3
239, 3, 1, 0, 2
239, 3, 1, 0, 3
239, 3, 1, 0, 3
240, 4, 0, 1, 1
240, 4, 0, 1, 2
240, 4, 0, 1, 2
240, 4, 0, 1, 2
240, 6, 1, 0, 2
240, 6, 1, 0, 2
240, 6, 1, 0, 2
240, 6, 1, 0, 3
240, 6, 1, 0, 3
240, 6, 1, 0, 3
241, 1, 0, 1, 3
241, 4, 1, 0, 2
241, 4, 1, 0, 3
241, 4, 1, 0, 3
241, 4, 1, 0, 3
242, 3, 0, 1, 1
242, 3, 0, 1, 2
242, 3, 0, 1, 2
242, 6, 1, 0, 2
242, 6, 1, 0, 2
242, 6, 1, 0, 2
242, 6, 1, 0, 3
242, 6, 1, 0, 3
242, 6, 1, 0, 3
243, 1, 0, 1, 4
243, 2, 1, 0, 2
243, 2, 1, 0, 3
244, 1, 0, 1, 4
244, 2, 1, 0, 2
244, 2, 1, 0, 3
245, 1, 0, 1, 4
245, 2, 1, 0, 2
245, 2, 1, 0, 3
246, 2, 0, 1, 1
246, 2, 0, 1, 2
246, 1, 1, 0, 5
247, 1, 0, 1, 4
247, 2, 1, 0, 2
247, 2, 1, 0, 3
248, 1, 0, 1, 4
248, 2, 1, 0, 2
248, 2, 1, 0, 3
249, 1, 0, 1, 4
249, 2, 1, 0, 2
249, 2, 1, 0, 3
250, 1, 0, 1, 4
250, 2, 1, 0, 2
250, 2, 1, 0, 3
251, 1, 0, 1, 4
251, 2, 1, 0, 2
251, 2, 1, 0, 3
252, 1, 0, 1, 4
252, 2, 1, 0, 2
252, 2, 1, 0, 3
253, 1, 0, 1, 4
253, 2, 1, 0, 2
253, 2, 1, 0, 3
254, 1, 0, 1, 4
254, 2, 1, 0, 2
254, 2, 1, 0, 3
255, 2, 0, 1, 1
255, 2, 0, 1, 2
255, 1, 1, 0, 5
256, 2, 0, 1, 1
256, 2, 0, 1, 2
256, 1, 1, 0, 5
257, 1, 0, 1, 4
257, 3, 1, 0, 2
257, 3, 1, 0, 3
257, 3, 1, 0, 3
258, 1, 0, 1, 4
258, 3, 1, 0, 2
258, 3, 1, 0, 3
258, 3, 1, 0, 3
259, 1, 0, 1, 4
259, 4, 1, 0, 2
259, 4, 1, 0, 3
259, 4, 1, 0, 3
259, 4, 1, 0, 3
260, 1, 0, 1, 4
260, 4, 1, 0, 2
260, 4, 1, 0, 3
260, 4, 1, 0, 3
260, 4, 1, 0, 3
261, 4, 0, 1, 1
261, 4, 0, 1, 2
261, 4, 0, 1, 2
261, 4, 0, 1, 2
261, 1, 1, 0, 5
262, 1, 0, 1, 4
262, 3, 1, 0, 2
262, 3, 1, 0, 3
262, 3, 1, 0, 3
263, 1, 0, 1, 4
263, 4, 1, 0, 2
263, 4, 1, 0, 3
263, 4, 1, 0, 3
263, 4, 1, 0, 3
264, 1, 0, 1, 4
264, 4, 1, 0, 2
264, 4, 1, 0, 3
264, 4, 1, 0, 3
264, 4, 1, 0, 3
265, 1, 0, 1, 4
265, 4, 1, 0, 2
265, 4, 1, 0, 3
265, 4, 1, 0, 3
265, 4, 1, 0, 3
266, 4, 0, 1, 1
266, 4, 0, 1, 2
266, 4, 0, 1, 2
266, 4, 0, 1, 2
266, 8, 1, 0, 2
266, 8, 1, 0, 2
266, 8, 1, 0, 2
266, 8, 1, 0, 2
266, 8, 1, 0, 3
266, 8, 1, 0, 3
266, 8, 1, 0, 3
266, 8, 1, 0, 3
267, 2, 0, 111, 2
267, 2, 0, 111, 2
267, 2, 1, 12, 2
267, 2, 1, 12, 2
267, 2, 2, 3, 2
267, 2, 2, 3, 2
267, 2, 3, 4, 2
267, 2, 3, 4, 2
267, 2, 4, 5, 2
267, 2, 4, 5, 2
267, 2, 5, 6, 2
267, 2, 5, 6, 2
267, 2, 6, 7, 2
267, 2, 6, 7, 2
267, 2, 7, 8, 2
267, 2, 7, 8, 2
267, 2, 8, 9, 2
267, 2, 8, 9, 2
267, 2, 9, 10, 2
267, 2, 9, 10, 2
267, 2, 10, 11, 2
267, 2, 10, 11, 2
267, 2, 11, 13, 2
267, 2, 11, 13, 2
267, 2, 12, 23, 2
267, 2, 12, 23, 2
267, 2, 13, 14, 2
267, 2, 13, 14, 2
267, 2, 14, 15, 2
267, 2, 14, 15, 2
267, 2, 15, 16, 2
267, 2, 15, 16, 2
267, 2, 16, 17, 2
267, 2, 16, 17, 2
267, 2, 17, 18, 2
267, 2, 17, 18, 2
267, 2, 18, 19, 2
267, 2, 18, 19, 2
267, 2, 19, 20, 2
267, 2, 19, 20, 2
267, 2, 20, 21, 2
267, 2, 20, 21, 2
267, 2, 21, 22, 2
267, 2, 21, 22, 2
267, 2, 22, 24, 2
267, 2, 22, 24, 2
267, 2, 23, 34, 2
267, 2, 23, 34, 2
267, 2, 24, 25, 2
267, 2, 24, 25, 2
267, 2, 25, 26, 2
267, 2, 25, 26, 2
267, 2, 26, 27, 2
267, 2, 26, 27, 2
267, 2, 27, 28, 2
267, 2, 27, 28, 2
267, 2, 28, 29, 2
267, 2, 28, 29, 2
267, 2, 29, 30, 2
267, 2, 29, 30, 2
267, 2, 30, 31, 2
267, 2, 30, 31, 2
267, 2, 31, 32, 2
267, 2, 31, 32, 2
267, 2, 32, 33, 2
267, 2, 32, 33, 2
267, 2, 33, 35, 2
267, 2, 33, 35, 2
267, 2, 34, 45, 2
267, 2, 34, 45, 2
267, 2, 35, 36, 2
267, 2, 35, 36, 2
267, 2, 36, 37, 2
267, 2, 36, 37, 2
267, 2, 37, 38, 2
267, 2, 37, 38, 2
267, 2, 38, 39, 2
267, 2, 38, 39, 2
267, 2, 39, 40, 2
267, 2, 39, 40, 2
267, 2, 40, 41, 2
267, 2, 40, 41, 2
267, 2, 41, 42, 2
267, 2, 41, 42, 2
267, 2, 42, 43, 2
267, 2, 42, 43, 2
267, 2, 43, 44, 2
267, 2, 43, 44, 2
267, 2, 44, 46, 2
267, 2, 44, 46, 2
267, 2, 45, 56, 2
267, 2, 45, 56, 2
267, 2, 46, 47, 2
267, 2, 46, 47, 2
267, 2, 47, 48, 2
267, 2, 47, 48, 2
267, 2, 48, 49, 2
267, 2, 48, 49, 2
267, 2, 49, 50, 2
267, 2, 49, 50, 2
267, 2, 50, 51, 2
267, 2, 50, 51, 2
267, 2, 51, 52, 2
267, 2, 51, 52, 2
267, 2, 52, 53, 2
267, 2, 52, 53, 2
267, 2, 53, 54, 2
267, 2, 53, 54, 2
267, 2, 54, 55, 2
267, 2, 54, 55, 2
267, 2, 55, 57, 2
267, 2, 55, 57, 2
267, 2, 56, 67, 2
267, 2, 56, 67, 2
267, 2, 57, 58, 2
267, 2, 57, 58, 2
267, 2, 58, 59, 2
267, 2, 58, 59, 2
267, 2, 59, 60, 2
267, 2, 59, 60, 2
267, 2, 60, 61, 2
267, 2, 60, 61, 2
267, 2, 61, 62, 2
267, 2, 61, 62, 2
267, 2, 62, 63, 2
267, 2, 62, 63, 2
267, 2, 63, 64, 2
267, 2, 63, 64, 2
267, 2, 64, 65, 2
267, 2, 64, 65, 2
267, 2, 65, 66, 2
267, 2, 65, 66, 2
267, 2, 66, 68, 2
267, 2, 66, 68, 2
267, 2, 67, 78, 2
267, 2, 67, 78, 2
267, 2, 68, 69, 2
267, 2, 68, 69, 2
267, 2, 69, 70, 2
267, 2, 69, 70, 2
267, 2, 70, 71, 2
267, 2, 70, 71, 2
267, 2, 71, 72, 2
267, 2, 71, 72, 2
267, 2, 72, 73, 2
267, 2, 72, 73, 2
267, 2, 73, 74, 2
267, 2, 73, 74, 2
267, 2, 74, 75, 2
267, 2, 74, 75, 2
267, 2, 75, 76, 2
267, 2, 75, 76, 2
267, 2, 76, 77, 2
267, 2, 76, 77, 2
267, 2, 77, 79, 2
267, 2, 77, 79, 2
267, 2, 78, 89, 2
267, 2, 78, 89, 2
267, 2, 79, 80, 2
267, 2, 79, 80, 2
267, 2, 80, 81, 2
267, 2, 80, 81, 2
267, 2, 81, 82, 2
267, 2, 81, 82, 2
267, 2, 82, 83, 2
267, 2, 82, 83, 2
267, 2, 83, 84, 2
267, 2, 83, 84, 2
267, 2, 84, 85, 2
267, 2, 84, 85, 2
267, 2, 85, 86, 2
267, 2, 85, 86, 2
267, 2, 86, 87, 2
267, 2, 86, 87, 2
267, 2, 87, 88, 2
267, 2, 87, 88, 2
267, 2, 88, 90, 2
267, 2, 88, 90, 2
267, 2, 89, 100, 2
267, 2, 89, 100, 2
267, 2, 90, 91, 2
267, 2, 90, 91, 2
267, 2, 91, 92, 2
267, 2, 91, 92, 2
267, 2, 92, 93, 2
267, 2, 92, 93, 2
267, 2, 93, 94, 2
267, 2, 93, 94, 2
267, 2, 94, 95, 2
267, 2, 94, 95, 2
267, 2, 95, 96, 2
267, 2, 95, 96, 2
267, 2, 96, 97, 2
267, 2, 96, 97, 2
267, 2, 97, 98, 2
267, 2, 97, 98, 2
267, 2, 98, 99, 2
267, 2, 98, 99, 2
267, 2, 99, 101, 2
267, 2, 99, 101, 2
267, 2, 100, 112, 2
267, 2, 100, 112, 2
267, 2, 101, 102, 2
267, 2, 101, 102, 2
267, 2, 102, 103, 2
267, 2, 102, 103, 2
267, 2, 103, 104, 2
267, 2, 103, 104, 2
267, 2, 104, 105, 2
267, 2, 104, 105, 2
267, 2, 105, 106, 2
267, 2, 105, 106, 2
267, 2, 106, 107, 2
267, 2, 106, 107, 2
267, 2, 107, 108, 2
267, 2, 107, 108, 2
267, 2, 108, 109, 2
267, 2, 108, 109, 2
267, 2, 109, 110, 2
267, 2, 109, 110, 2
267, 2, 110, 113, 2
267, 2, 110, 113, 2
267, 2, 111, 222, 2
267, 2, 111, 222, 2
267, 2, 112, 123, 2
267, 2, 112, 123, 2
267, 2, 113, 114, 2
267, 2, 113, 114, 2
267, 2, 114, 115, 2
267, 2, 114, 115, 2
267, 2, 115, 116, 2
267, 2, 115, 116, 2
267, 2, 116, 117, 2
267, 2, 116, 117, 2
267, 2, 117, 118, 2
267, 2, 117, 118, 2
267, 2, 118, 119, 2
267, 2, 118, 119, 2
267, 2, 119, 120, 2
267, 2, 119, 120, 2
267, 2, 120, 121, 2
267, 2, 120, 121, 2
267, 2, 121, 122, 2
267, 2, 121, 122, 2
267, 2, 122, 124, 2
267, 2, 122, 124, 2
267, 2, 123, 134, 2
267, 2, 123, 134, 2
267, 2, 124, 125, 2
267, 2, 124, 125, 2
267, 2, 125, 126, 2
267, 2, 125, 126, 2
267, 2, 126, 127, 2
267, 2, 126, 127, 2
267, 2, 127, 128, 2
267, 2, 127, 128, 2
267, 2, 128, 129, 2
267, 2, 128, 129, 2
267, 2, 129, 130, 2
267, 2, 129, 130, 2
267, 2, 130, 131, 2
267, 2, 130, 131, 2
267, 2, 131, 132, 2
267, 2, 131, 132, 2
267, 2, 132, 133, 2
267, 2, 132, 133, 2
267, 2, 133, 135, 2
267, 2, 133, 135, 2
267, 2, 134, 145, 2
267, 2, 134, 145, 2
267, 2, 135, 136, 2
267, 2, 135, 136, 2
267, 2, 136, 137, 2
267, 2, 136, 137, 2
267, 2, 137, 138, 2
267, 2, 137, 138, 2
267, 2, 138, 139, 2
267, 2, 138, 139, 2
267, 2, 139, 140, 2
267, 2, 139, 140, 2
267, 2, 140, 141, 2
267, 2, 140, 141, 2
267, 2, 141, 142, 2
267, 2, 141, 142, 2
267, 2, 142, 143, 2
267, 2, 142, 143, 2
267, 2, 143, 144, 2
267, 2, 143, 144, 2
267, 2, 144, 146, 2
267, 2, 144, 146, 2
267, 2, 145, 156, 2
267, 2, 145, 156, 2
267, 2, 146, 147, 2
267, 2, 146, 147, 2
267, 2, 147, 148, 2
267, 2, 147, 148, 2
267, 2, 148, 149, 2
267, 2, 148, 149, 2
267, 2, 149, 150, 2
267, 2, 149, 150, 2
267, 2, 150, 151, 2
267, 2, 150, 151, 2
267, 2, 151, 152, 2
267, 2, 151, 152, 2
267, 2, 152, 153, 2
267, 2, 152, 153, 2
267, 2, 153, 154, 2
267, 2, 153, 154, 2
267, 2, 154, 155, 2
267, 2, 154, 155, 2
267, 2, 155, 157, 2
267, 2, 155, 157, 2
267, 2, 156, 167, 2
267, 2, 156, 167, 2
267, 2, 157, 158, 2
267, 2, 157, 158, 2
267, 2, 158, 159, 2
267, 2, 158, 159, 2
267, 2, 159, 160, 2
267, 2, 159, 160, 2
267, 2, 160, 161, 2
267, 2, 160, 161, 2
267, 2, 161, 162, 2
267, 2, 161, 162, 2
267, 2, 162, 163, 2
267, 2, 162, 163, 2
267, 2, 163, 164, 2
267, 2, 163, 164, 2
267, 2, 164, 165, 2
267, 2, 164, 165, 2
267, 2, 165, 166, 2
267, 2, 165, 166, 2
267, 2, 166, 168, 2
267, 2, 166, 168, 2
267, 2, 167, 178, 2
267, 2, 167, 178, 2
267, 2, 168, 169, 2
267, 2, 168, 169, 2
267, 2, 169, 170, 2
267, 2, 169, 170, 2
267, 2, 170, 171, 2
267, 2, 170, 171, 2
267, 2, 171, 172, 2
267, 2, 171, 172, 2
267, 2, 172, 173, 2
267, 2, 172, 173, 2
267, 2, 173, 174, 2
267, 2, 173, 174, 2
267, 2, 174, 175, 2
267, 2, 174, 175, 2
267, 2, 175, 176, 2
267, 2, 175, 176, 2
267, 2, 176, 177, 2
267, 2, 176, 177, 2
267, 2, 177, 179, 2
267, 2, 177, 179, 2
267, 2, 178, 189, 2
267, 2, 178, 189, 2
267, 2, 179, 180, 2
267, 2, 179, 180, 2
267, 2, 180, 181, 2
267, 2, 180, 181, 2
267, 2, 181, 182, 2
267, 2, 181, 182, 2
267, 2, 182, 183, 2
267, 2, 182, 183, 2
267, 2, 183, 184, 2
267, 2, 183, 184, 2
267, 2, 184, 185, 2
267, 2, 184, 185, 2
267, 2, 185, 186, 2
267, 2, 185, 186, 2
267, 2, 186, 187, 2
267, 2, 186, 187, 2
267, 2, 187, 188, 2
267, 2, 187, 188, 2
267, 2, 188, 190, 2
267, 2, 188, 190, 2
267, 2, 189, 200, 2
267, 2, 189, 200, 2
267, 2, 190, 191, 2
267, 2, 190, 191, 2
267, 2, 191, 192, 2
267, 2, 191, 192, 2
267, 2, 192, 193, 2
267, 2, 192, 193, 2
267, 2, 193, 194, 2
267, 2, 193, 194, 2
267, 2, 194, 195, 2
267, 2, 194, 195, 2
267, 2, 195, 196, 2
267, 2, 195, 196, 2
267, 2, 196, 197, 2
267, 2, 196, 197, 2
267, 2, 197, 198, 2
267, 2, 197, 198, 2
267, 2, 198, 199, 2
267, 2, 198, 199, 2
267, 2, 199, 201, 2
267, 2, 199, 201, 2
267, 2, 200, 211, 2
267, 2, 200, 211, 2
267, 2, 201, 202, 2
267, 2, 201, 202, 2
267, 2, 202, 203, 2
267, 2, 202, 203, 2
267, 2, 203, 204, 2
267, 2, 203, 204, 2
267, 2, 204, 205, 2
267, 2, 204, 205, 2
267, 2, 205, 206, 2
267, 2, 205, 206, 2
267, 2, 206, 207, 2
267, 2, 206, 207, 2
267, 2, 207, 208, 2
267, 2, 207, 208, 2
267, 2, 208, 209, 2
267, 2, 208, 209, 2
267, 2, 209, 210, 2
267, 2, 209, 210, 2
267, 2, 210, 212, 2
267, 2, 210, 212, 2
267, 2, 211, 223, 2
267, 2, 211, 223, 2
267, 2, 212, 213, 2
267, 2, 212, 213, 2
267, 2, 213, 214, 2
267, 2, 213, 214, 2
267, 2, 214, 215, 2
267, 2, 214, 215, 2
267, 2, 215, 216, 2
267, 2, 215, 216, 2
267, 2, 216, 217, 2
267, 2, 216, 217, 2
267, 2, 217, 218, 2
267, 2, 217, 218, 2
267, 2, 218, 219, 2
267, 2, 218, 219, 2
267, 2, 219, 220, 2
267, 2, 219, 220, 2
267, 2, 220, 221, 2
267, 2, 220, 221, 2
267, 2, 221, 224, 2
267, 2, 221, 224, 2
267, 2, 222, 265, 2
267, 2, 222, 265, 2
267, 2, 223, 234, 2
267, 2, 223, 234, 2
267, 2, 224, 225, 2
267, 2, 224, 225, 2
267, 2, 225, 226, 2
267, 2, 225, 226, 2
267, 2, 226, 227, 2
267, 2, 226, 227, 2
267, 2, 227, 228, 2
267, 2, 227, 228, 2
267, 2, 228, 229, 2
267, 2, 228, 229, 2
267, 2, 229, 230, 2
267, 2, 229, 230, 2
267, 2, 230, 231, 2
267, 2, 230, 231, 2
267, 2, 231, 232, 2
267, 2, 231, 232, 2
267, 2, 232, 233, 2
267, 2, 232, 233, 2
267, 2, 233, 235, 2
267, 2, 233, 235, 2
267, 2, 234, 245, 2
267, 2, 234, 245, 2
267, 2, 235, 236, 2
267, 2, 235, 236, 2
267, 2, 236, 237, 2
267, 2, 236, 237, 2
267, 2, 237, 238, 2
267, 2, 237, 238, 2
267, 2, 238, 239, 2
267, 2, 238, 239, 2
267, 2, 239, 240, 2
267, 2, 239, 240, 2
267, 2, 240, 241, 2
267, 2, 240, 241, 2
267, 2, 241, 242, 2
267, 2, 241, 242, 2
267, 2, 242, 243, 2
267, 2, 242, 243, 2
267, 2, 243, 244, 2
267, 2, 243, 244, 2
267, 2, 244, 246, 2
267, 2, 244, 246, 2
267, 2, 245, 256, 2
267, 2, 245, 256, 2
267, 2, 246, 247, 2
267, 2, 246, 247, 2
267, 2, 247, 248, 2
267, 2, 247, 248, 2
267, 2, 248, 249, 2
267, 2, 248, 249, 2
267, 2, 249, 250, 2
267, 2, 249, 250, 2
267, 2, 250, 251, 2
267, 2, 250, 251, 2
267, 2, 251, 252, 2
267, 2, 251, 252, 2
267, 2, 252, 253, 2
267, 2, 252, 253, 2
267, 2, 253, 254, 2
267, 2, 253, 254, 2
267, 2, 254, 255, 2
267, 2, 254, 255, 2
267, 2, 255, 257, 2
267, 2, 255, 257, 2
267, 2, 256, 259, 2
267, 2, 256, 259, 2
267, 2, 257, 258, 2
267, 2, 257, 258, 2
267, 2, 258, 331, 2
267, 2, 258, 331, 2
267, 2, 259, 260, 2
267, 2, 259, 260, 2
267, 2, 260, 261, 2
267, 2, 260, 261, 2
267, 2, 261, 262, 2
267, 2, 261, 262, 2
267, 2, 262, 263, 2
267, 2, 262, 263, 2
267, 2, 263, 264, 2
267, 2, 263, 264, 2
267, 2, 264, 266, 2
267, 2, 264, 266, 2
267, 2, 265, 276, 2
267, 2, 265, 276, 2
267, 2, 266, 267, 2
267, 2, 266, 267, 2
267, 2, 267, 268, 2
267, 2, 267, 268, 2
267, 2, 268, 269, 2
267, 2, 268, 269, 2
267, 2, 269, 270, 2
267, 2, 269, 270, 2
267, 2, 270, 271, 2
267, 2, 270, 271, 2
267, 2, 271, 272, 2
267, 2, 271, 272, 2
267, 2, 272, 273, 2
267, 2, 272, 273, 2
267, 2, 273, 274, 2
267, 2, 273, 274, 2
267, 2, 274, 275, 2
267, 2, 274, 275, 2
267, 2, 275, 277, 2
267, 2, 275, 277, 2
267, 2, 276, 287, 2
267, 2, 276, 287, 2
267, 2, 277, 278, 2
267, 2, 277, 278, 2
267, 2, 278, 279, 2
267, 2, 278, 279, 2
267, 2, 279, 280, 2
267, 2, 279, 280, 2
267, 2, 280, 281, 2
267, 2, 280, 281, 2
267, 2, 281, 282, 2
267, 2, 281, 282, 2
267, 2, 282, 283, 2
267, 2, 282, 283, 2
267, 2, 283, 284, 2
267, 2, 283, 284, 2
267, 2, 284, 285, 2
267, 2, 284, 285, 2
267, 2, 285, 286, 2
267, 2, 285, 286, 2
267, 2, 286, 288, 2
267, 2, 286, 288, 2
267, 2, 287, 298, 2
267, 2, 287, 298, 2
267, 2, 288, 289, 2
267, 2, 288, 289, 2
267, 2, 289, 290, 2
267, 2, 289, 290, 2
267, 2, 290, 291, 2
267, 2, 290, 291, 2
267, 2, 291, 292, 2
267, 2, 291, 292, 2
267, 2, 292, 293, 2
267, 2, 292, 293, 2
267, 2, 293, 294, 2
267, 2, 293, 294, 2
267, 2, 294, 295, 2
267, 2, 294, 295, 2
267, 2, 295, 296, 2
267, 2, 295, 296, 2
267, 2, 296, 297, 2
267, 2, 296, 297, 2
267, 2, 297, 299, 2
267, 2, 297, 299, 2
267, 2, 298, 309, 2
267, 2, 298, 309, 2
267, 2, 299, 300, 2
267, 2, 299, 300, 2
267, 2, 300, 301, 2
267, 2, 300, 301, 2
267, 2, 301, 302, 2
267, 2, 301, 302, 2
267, 2, 302, 303, 2
267, 2, 302, 303, 2
267, 2, 303, 304, 2
267, 2, 303, 304, 2
267, 2, 304, 305, 2
267, 2, 304, 305, 2
267, 2, 305, 306, 2
267, 2, 305, 306, 2
267, 2, 306, 307, 2
267, 2, 306, 307, 2
267, 2, 307, 308, 2
267, 2, 307, 308, 2
267, 2, 308, 310, 2
267, 2, 308, 310, 2
267, 2, 309, 320, 2
267, 2, 309, 320, 2
267, 2, 310, 311, 2
267, 2, 310, 311, 2
267, 2, 311, 312, 2
267, 2, 311, 312, 2
267, 2, 312, 313, 2
267, 2, 312, 313, 2
267, 2, 313, 314, 2
267, 2, 313, 314, 2
267, 2, 314, 315, 2
267, 2, 314, 315, 2
267, 2, 315, 316, 2
267, 2, 315, 316, 2
267, 2, 316, 317, 2
267, 2, 316, 317, 2
267, 2, 317, 318, 2
267, 2, 317, 318, 2
267, 2, 318, 319, 2
267, 2, 318, 319, 2
267, 2, 319, 321, 2
267, 2, 319, 321, 2
267, 2, 320, 1, 2
267, 2, 320, 1, 2
267, 2, 321, 322, 2
267, 2, 321, 322, 2
267, 2, 322, 323, 2
267, 2, 322, 323, 2
267, 2, 323, 324, 2
267, 2, 323, 324, 2
267, 2, 324, 325, 2
267, 2, 324, 325, 2
267, 2, 325, 326, 2
267, 2, 325, 326, 2
267, 2, 326, 327, 2
267, 2, 326, 327, 2
267, 2, 327, 328, 2
267, 2, 327, 328, 2
267, 2, 328, 329, 2
267, 2, 328, 329, 2
267, 2, 329, 330, 2
267, 2, 329, 330, 2
267, 2, 330, 2, 2
267, 2, 330, 2, 2
268, 4, 1, 0, 2
268, 4, 1, 0, 3
268, 4, 1, 0, 3
268, 4, 1, 0, 3
Goal
1
2
3
4
5
6
7
8
9
10
11
12
13
14
15
16
17
18
19
20
21
22
23
24
25
26
27
28
29
30
31
32
33
34
35
36
37
38
39
40
41
42
43
44
45
46
47
48
49
50
51
52
53
54
55
56
57
58
59
60
61
62
63
64
65
66
67
68
69
70
71
72
73
74
75
76
77
78
79
80
81
82
83
84
85
86
87
88
89
90
91
92
93
94
95
96
97
98
99
100
101
102
103
104
105
106
107
108
109
110
111
112
113
114
115
116
117
118
119
120
121
122
123
124
125
126
127
128
129
130
131
132
133
134
135
136
137
138
139
140
141
142
143
144
145
146
147
148
149
150
151
152
153
154
155
156
157
158
159
160
161
162
163
164
165
166
167
168
169
170
171
172
173
174
175
176
177
178
179
180
181
182
183
184
185
186
187
188
189
190
191
192
193
194
195
196
197
198
199
200
201
202
203
204
205
206
207
208
209
210
211
212
213
214
215
216
217
218
219
220
221
222
223
224
225
226
227
228
229
230
231
232
233
234
235
236
237
238
239
240
241
242
243
244
245
246
247
248
249
250
251
252
253
254
255
256
257
258
259
260
261
262
263
264
265
266
267
268
