CG
269
0, 1, 267, 374
1, 3, 0, 2
1, 3, 252, 1
1, 3, 51, 1
2, 5, 0, 1
2, 5, 3, 1
2, 5, 4, 1
2, 5, 5, 1
2, 5, 6, 1
3, 2, 0, 1
3, 2, 212, 1
4, 2, 0, 1
4, 2, 213, 1
5, 2, 0, 1
5, 2, 214, 1
6, 2, 0, 1
6, 2, 215, 1
7, 4, 0, 1
7, 4, 8, 1
7, 4, 9, 1
7, 4, 10, 1
8, 2, 0, 1
8, 2, 166, 1
9, 2, 0, 1
9, 2, 167, 1
10, 2, 0, 1
10, 2, 168, 1
11, 5, 0, 1
11, 5, 12, 1
11, 5, 52, 1
11, 5, 13, 1
11, 5, 53, 1
12, 2, 0, 1
12, 2, 54, 1
13, 2, 0, 1
13, 2, 165, 1
14, 2, 0, 1
14, 2, 170, 1
15, 3, 0, 1
15, 3, 55, 1
15, 3, 56, 1
16, 4, 0, 1
16, 4, 17, 1
16, 4, 18, 1
16, 4, 19, 1
17, 2, 0, 1
17, 2, 171, 1
18, 2, 0, 1
18, 2, 172, 1
19, 2, 0, 1
19, 2, 173, 1
20, 2, 0, 1
20, 2, 21, 1
21, 5, 0, 1
21, 5, 22, 1
21, 5, 23, 1
21, 5, 24, 1
21, 5, 25, 1
22, 2, 0, 1
22, 2, 217, 1
23, 2, 0, 1
23, 2, 218, 1
24, 2, 0, 1
24, 2, 219, 1
25, 2, 0, 1
25, 2, 220, 1
26, 2, 0, 1
26, 2, 27, 1
27, 5, 0, 1
27, 5, 28, 1
27, 5, 29, 1
27, 5, 30, 1
27, 5, 31, 1
28, 2, 0, 1
28, 2, 222, 1
29, 2, 0, 1
29, 2, 223, 1
30, 2, 0, 1
30, 2, 224, 1
31, 2, 0, 1
31, 2, 225, 1
32, 2, 0, 1
32, 2, 33, 1
33, 2, 0, 1
33, 2, 196, 1
34, 4, 0, 1
34, 4, 35, 1
34, 4, 36, 1
34, 4, 37, 1
35, 2, 0, 1
35, 2, 175, 1
36, 2, 0, 1
36, 2, 38, 1
37, 2, 0, 1
37, 2, 39, 1
38, 5, 0, 1
38, 5, 40, 1
38, 5, 41, 1
38, 5, 42, 1
38, 5, 43, 1
39, 2, 0, 1
39, 2, 176, 1
40, 2, 0, 1
40, 2, 227, 1
41, 2, 0, 1
41, 2, 228, 1
42, 2, 0, 1
42, 2, 229, 1
43, 2, 0, 1
43, 2, 230, 1
44, 4, 0, 1
44, 4, 45, 1
44, 4, 46, 1
44, 4, 47, 1
45, 2, 0, 1
45, 2, 179, 1
46, 2, 0, 1
46, 2, 180, 1
47, 2, 0, 1
47, 2, 181, 1
48, 2, 0, 1
48, 2, 49, 1
49, 2, 0, 1
49, 2, 266, 1
50, 3, 0, 3
50, 3, 196, 3
50, 3, 267, 2
51, 2, 0, 1
51, 2, 1, 1
52, 3, 0, 2
52, 3, 189, 2
52, 3, 267, 1
53, 3, 0, 2
53, 3, 57, 2
53, 3, 267, 1
54, 3, 0, 2
54, 3, 254, 2
54, 3, 267, 1
55, 3, 0, 2
55, 3, 58, 2
55, 3, 267, 1
56, 3, 0, 2
56, 3, 59, 2
56, 3, 267, 1
57, 4, 0, 1
57, 4, 60, 1
57, 4, 14, 1
57, 4, 61, 1
58, 2, 0, 1
58, 2, 62, 1
59, 2, 0, 1
59, 2, 63, 1
60, 3, 0, 2
60, 3, 210, 2
60, 3, 267, 1
61, 3, 0, 2
61, 3, 211, 2
61, 3, 267, 1
62, 3, 0, 1
62, 3, 63, 1
62, 3, 164, 1
63, 3, 0, 1
63, 3, 62, 1
63, 3, 164, 1
64, 3, 0, 2
64, 3, 92, 2
64, 3, 267, 1
65, 3, 0, 2
65, 3, 66, 2
65, 3, 267, 1
66, 3, 0, 1
66, 3, 81, 1
66, 3, 70, 1
67, 3, 0, 2
67, 3, 256, 2
67, 3, 267, 1
68, 3, 0, 4
68, 3, 71, 4
68, 3, 267, 1
69, 3, 0, 2
69, 3, 232, 2
69, 3, 267, 1
70, 3, 0, 3
70, 3, 106, 3
70, 3, 267, 2
71, 3, 0, 2
71, 3, 197, 2
71, 3, 267, 1
72, 3, 0, 3
72, 3, 236, 3
72, 3, 267, 2
73, 3, 0, 3
73, 3, 74, 3
73, 3, 267, 2
74, 4, 0, 1
74, 4, 75, 1
74, 4, 93, 1
74, 4, 94, 1
75, 3, 0, 3
75, 3, 82, 3
75, 3, 267, 2
76, 3, 0, 3
76, 3, 77, 3
76, 3, 267, 2
77, 4, 0, 1
77, 4, 83, 1
77, 4, 65, 1
77, 4, 84, 1
78, 3, 0, 3
78, 3, 258, 3
78, 3, 267, 2
79, 3, 0, 3
79, 3, 85, 3
79, 3, 267, 2
80, 3, 0, 3
80, 3, 237, 3
80, 3, 267, 2
81, 3, 0, 4
81, 3, 186, 4
81, 3, 267, 3
82, 3, 0, 2
82, 3, 107, 2
82, 3, 267, 1
83, 3, 0, 4
83, 3, 127, 4
83, 3, 267, 3
84, 3, 0, 4
84, 3, 128, 4
84, 3, 267, 3
85, 5, 0, 4
85, 5, 184, 2
85, 5, 11, 1
85, 5, 15, 1
85, 5, 267, 1
86, 4, 0, 3
86, 4, 252, 2
86, 4, 185, 1
86, 4, 267, 1
87, 3, 0, 4
87, 3, 108, 4
87, 3, 267, 3
88, 3, 0, 4
88, 3, 260, 4
88, 3, 267, 3
89, 3, 0, 4
89, 3, 261, 4
89, 3, 267, 3
90, 4, 0, 3
90, 4, 165, 1
90, 4, 255, 2
90, 4, 267, 1
91, 3, 0, 4
91, 3, 209, 4
91, 3, 267, 3
92, 3, 0, 4
92, 3, 111, 4
92, 3, 267, 3
93, 3, 0, 5
93, 3, 95, 5
93, 3, 267, 4
94, 3, 0, 5
94, 3, 206, 5
94, 3, 267, 4
95, 5, 0, 1
95, 5, 78, 1
95, 5, 67, 1
95, 5, 88, 1
95, 5, 89, 1
96, 4, 0, 1
96, 4, 72, 1
96, 4, 69, 1
96, 4, 80, 1
97, 3, 0, 5
97, 3, 208, 5
97, 3, 267, 4
98, 3, 0, 5
98, 3, 129, 5
98, 3, 267, 4
99, 3, 0, 5
99, 3, 112, 5
99, 3, 267, 4
100, 4, 0, 4
100, 4, 189, 3
100, 4, 233, 1
100, 4, 267, 2
101, 3, 0, 5
101, 3, 191, 5
101, 3, 267, 4
102, 3, 0, 5
102, 3, 192, 5
102, 3, 267, 4
103, 3, 0, 3
103, 3, 104, 3
103, 3, 267, 2
104, 3, 0, 2
104, 3, 105, 2
104, 3, 267, 1
105, 3, 0, 3
105, 3, 266, 3
105, 3, 267, 2
106, 3, 0, 4
106, 3, 187, 4
106, 3, 267, 3
107, 3, 0, 5
107, 3, 244, 5
107, 3, 267, 4
108, 3, 0, 3
108, 3, 202, 3
108, 3, 267, 2
109, 3, 0, 2
109, 3, 205, 2
109, 3, 267, 1
110, 3, 0, 2
110, 3, 193, 2
110, 3, 267, 1
111, 3, 0, 4
111, 3, 130, 4
111, 3, 267, 3
112, 3, 0, 3
112, 3, 113, 3
112, 3, 267, 2
113, 3, 0, 4
113, 3, 203, 4
113, 3, 267, 3
114, 3, 0, 5
114, 3, 115, 5
114, 3, 267, 2
115, 3, 0, 3
115, 3, 116, 3
115, 3, 267, 2
116, 3, 0, 3
116, 3, 96, 3
116, 3, 267, 2
117, 4, 0, 1
117, 4, 64, 1
117, 4, 79, 1
117, 4, 91, 1
118, 3, 0, 3
118, 3, 252, 3
118, 3, 267, 2
119, 3, 0, 7
119, 3, 198, 7
119, 3, 267, 6
120, 3, 0, 7
120, 3, 199, 7
120, 3, 267, 6
121, 3, 0, 5
121, 3, 122, 5
121, 3, 267, 2
122, 3, 0, 3
122, 3, 123, 3
122, 3, 267, 2
123, 3, 0, 3
123, 3, 110, 3
123, 3, 267, 2
124, 4, 0, 4
124, 4, 184, 1
124, 4, 125, 3
124, 4, 267, 2
125, 3, 0, 3
125, 3, 204, 3
125, 3, 267, 2
126, 3, 0, 1
126, 3, 101, 1
126, 3, 102, 1
127, 5, 0, 7
127, 5, 185, 3
127, 5, 51, 1
127, 5, 118, 3
127, 5, 267, 4
128, 5, 0, 7
128, 5, 135, 5
128, 5, 2, 1
128, 5, 7, 1
128, 5, 267, 4
129, 4, 0, 5
129, 4, 193, 2
129, 4, 121, 3
129, 4, 267, 3
130, 3, 0, 5
130, 3, 207, 5
130, 3, 267, 4
131, 3, 0, 3
131, 3, 197, 3
131, 3, 267, 2
132, 3, 0, 4
132, 3, 133, 4
132, 3, 267, 3
133, 3, 0, 5
133, 3, 134, 5
133, 3, 267, 4
134, 3, 0, 4
134, 3, 126, 4
134, 3, 267, 3
135, 3, 0, 8
135, 3, 136, 8
135, 3, 267, 4
136, 3, 0, 2
136, 3, 243, 2
136, 3, 267, 1
137, 5, 0, 1
137, 5, 73, 1
137, 5, 97, 1
137, 5, 98, 1
137, 5, 99, 1
138, 3, 0, 1
138, 3, 76, 1
138, 3, 87, 1
139, 3, 0, 5
139, 3, 140, 5
139, 3, 267, 4
140, 3, 0, 6
140, 3, 141, 6
140, 3, 267, 2
141, 3, 0, 4
141, 3, 240, 4
141, 3, 267, 3
142, 3, 0, 5
142, 3, 245, 5
142, 3, 267, 4
143, 3, 0, 5
143, 3, 144, 5
143, 3, 267, 4
144, 4, 0, 5
144, 4, 68, 1
144, 4, 145, 4
144, 4, 267, 3
145, 3, 0, 4
145, 3, 131, 4
145, 3, 267, 2
146, 3, 0, 4
146, 3, 117, 4
146, 3, 267, 3
147, 3, 0, 5
147, 3, 148, 5
147, 3, 267, 4
148, 3, 0, 3
148, 3, 132, 3
148, 3, 267, 2
149, 6, 0, 7
149, 6, 114, 3
149, 6, 34, 1
149, 6, 103, 2
149, 6, 44, 1
149, 6, 267, 3
150, 4, 0, 5
150, 4, 146, 4
150, 4, 16, 1
150, 4, 267, 3
151, 3, 0, 7
151, 3, 152, 7
151, 3, 267, 3
152, 3, 0, 5
152, 3, 205, 5
152, 3, 267, 4
153, 3, 0, 5
153, 3, 137, 5
153, 3, 267, 4
154, 3, 0, 5
154, 3, 138, 5
154, 3, 267, 4
155, 3, 0, 1
155, 3, 119, 1
155, 3, 120, 1
156, 4, 0, 5
156, 4, 203, 2
156, 4, 143, 3
156, 4, 267, 3
157, 4, 0, 6
157, 4, 206, 3
157, 4, 142, 3
157, 4, 267, 4
158, 4, 0, 8
158, 4, 151, 5
158, 4, 109, 3
158, 4, 267, 6
159, 4, 0, 7
159, 4, 250, 3
159, 4, 204, 4
159, 4, 267, 5
160, 4, 0, 8
160, 4, 207, 3
160, 4, 247, 5
160, 4, 267, 6
161, 4, 0, 6
161, 4, 202, 1
161, 4, 194, 5
161, 4, 267, 4
162, 4, 0, 8
162, 4, 208, 5
162, 4, 259, 3
162, 4, 267, 6
163, 4, 0, 8
163, 4, 209, 4
163, 4, 147, 4
163, 4, 267, 6
164, 3, 0, 2
164, 3, 250, 2
164, 3, 267, 1
165, 3, 0, 2
165, 3, 90, 2
165, 3, 267, 1
166, 4, 0, 1
166, 4, 167, 1
166, 4, 168, 1
166, 4, 169, 1
167, 4, 0, 1
167, 4, 166, 1
167, 4, 168, 1
167, 4, 169, 1
168, 4, 0, 1
168, 4, 166, 1
168, 4, 167, 1
168, 4, 169, 1
169, 2, 0, 1
169, 2, 243, 1
170, 4, 0, 1
170, 4, 210, 1
170, 4, 211, 1
170, 4, 183, 1
171, 4, 0, 1
171, 4, 172, 1
171, 4, 173, 1
171, 4, 174, 1
172, 4, 0, 1
172, 4, 171, 1
172, 4, 173, 1
172, 4, 174, 1
173, 4, 0, 1
173, 4, 171, 1
173, 4, 172, 1
173, 4, 174, 1
174, 2, 0, 1
174, 2, 20, 1
175, 4, 0, 1
175, 4, 177, 1
175, 4, 176, 1
175, 4, 178, 1
176, 4, 0, 1
176, 4, 175, 1
176, 4, 177, 1
176, 4, 178, 1
177, 4, 0, 1
177, 4, 175, 1
177, 4, 176, 1
177, 4, 178, 1
178, 2, 0, 1
178, 2, 266, 1
179, 4, 0, 1
179, 4, 180, 1
179, 4, 181, 1
179, 4, 182, 1
180, 4, 0, 1
180, 4, 179, 1
180, 4, 181, 1
180, 4, 182, 1
181, 4, 0, 1
181, 4, 179, 1
181, 4, 180, 1
181, 4, 182, 1
182, 2, 0, 1
182, 2, 48, 1
183, 2, 0, 1
183, 2, 234, 1
184, 3, 0, 3
184, 3, 124, 3
184, 3, 267, 2
185, 3, 0, 2
185, 3, 86, 2
185, 3, 267, 1
186, 3, 0, 1
186, 3, 187, 1
186, 3, 188, 1
187, 3, 0, 1
187, 3, 186, 1
187, 3, 188, 1
188, 3, 0, 4
188, 3, 241, 4
188, 3, 267, 3
189, 3, 0, 2
189, 3, 100, 2
189, 3, 267, 1
190, 3, 0, 4
190, 3, 242, 4
190, 3, 267, 3
191, 3, 0, 1
191, 3, 192, 1
191, 3, 190, 1
192, 3, 0, 1
192, 3, 191, 1
192, 3, 190, 1
193, 3, 0, 4
193, 3, 263, 4
193, 3, 267, 3
194, 3, 0, 1
194, 3, 200, 1
194, 3, 195, 1
195, 3, 0, 5
195, 3, 268, 5
195, 3, 267, 4
196, 3, 0, 5
196, 3, 149, 5
196, 3, 267, 4
197, 3, 0, 4
197, 3, 264, 4
197, 3, 267, 3
198, 3, 0, 1
198, 3, 199, 1
198, 3, 201, 1
199, 3, 0, 1
199, 3, 198, 1
199, 3, 201, 1
200, 3, 0, 1
200, 3, 194, 1
200, 3, 195, 1
201, 3, 0, 8
201, 3, 161, 8
201, 3, 267, 7
202, 3, 0, 7
202, 3, 155, 7
202, 3, 267, 6
203, 3, 0, 6
203, 3, 156, 6
203, 3, 267, 5
204, 3, 0, 6
204, 3, 159, 6
204, 3, 267, 5
205, 3, 0, 7
205, 3, 162, 7
205, 3, 267, 6
206, 3, 0, 6
206, 3, 157, 6
206, 3, 267, 5
207, 3, 0, 7
207, 3, 160, 7
207, 3, 267, 6
208, 3, 0, 5
208, 3, 158, 5
208, 3, 267, 4
209, 3, 0, 7
209, 3, 163, 7
209, 3, 267, 6
210, 4, 0, 1
210, 4, 170, 1
210, 4, 211, 1
210, 4, 183, 1
211, 4, 0, 1
211, 4, 210, 1
211, 4, 170, 1
211, 4, 183, 1
212, 5, 0, 1
212, 5, 213, 1
212, 5, 214, 1
212, 5, 215, 1
212, 5, 216, 1
213, 5, 0, 1
213, 5, 212, 1
213, 5, 214, 1
213, 5, 215, 1
213, 5, 216, 1
214, 5, 0, 1
214, 5, 212, 1
214, 5, 213, 1
214, 5, 215, 1
214, 5, 216, 1
215, 5, 0, 1
215, 5, 212, 1
215, 5, 213, 1
215, 5, 214, 1
215, 5, 216, 1
216, 2, 0, 1
216, 2, 243, 1
217, 5, 0, 1
217, 5, 218, 1
217, 5, 219, 1
217, 5, 220, 1
217, 5, 221, 1
218, 5, 0, 1
218, 5, 217, 1
218, 5, 219, 1
218, 5, 220, 1
218, 5, 221, 1
219, 5, 0, 1
219, 5, 217, 1
219, 5, 218, 1
219, 5, 220, 1
219, 5, 221, 1
220, 5, 0, 1
220, 5, 217, 1
220, 5, 218, 1
220, 5, 219, 1
220, 5, 221, 1
221, 2, 0, 1
221, 2, 26, 1
222, 5, 0, 1
222, 5, 223, 1
222, 5, 224, 1
222, 5, 225, 1
222, 5, 226, 1
223, 5, 0, 1
223, 5, 222, 1
223, 5, 224, 1
223, 5, 225, 1
223, 5, 226, 1
224, 5, 0, 1
224, 5, 222, 1
224, 5, 223, 1
224, 5, 225, 1
224, 5, 226, 1
225, 5, 0, 1
225, 5, 222, 1
225, 5, 223, 1
225, 5, 224, 1
225, 5, 226, 1
226, 2, 0, 1
226, 2, 32, 1
227, 5, 0, 1
227, 5, 228, 1
227, 5, 229, 1
227, 5, 230, 1
227, 5, 231, 1
228, 5, 0, 1
228, 5, 227, 1
228, 5, 229, 1
228, 5, 230, 1
228, 5, 231, 1
229, 5, 0, 1
229, 5, 227, 1
229, 5, 228, 1
229, 5, 230, 1
229, 5, 231, 1
230, 5, 0, 1
230, 5, 227, 1
230, 5, 228, 1
230, 5, 229, 1
230, 5, 231, 1
231, 2, 0, 1
231, 2, 177, 1
232, 4, 0, 1
232, 4, 236, 1
232, 4, 237, 1
232, 4, 238, 1
233, 5, 0, 1
233, 5, 254, 1
233, 5, 255, 1
233, 5, 234, 1
233, 5, 235, 1
234, 5, 0, 1
234, 5, 254, 1
234, 5, 233, 1
234, 5, 255, 1
234, 5, 235, 1
235, 2, 0, 1
235, 2, 250, 1
236, 4, 0, 1
236, 4, 232, 1
236, 4, 237, 1
236, 4, 238, 1
237, 4, 0, 1
237, 4, 236, 1
237, 4, 232, 1
237, 4, 238, 1
238, 3, 0, 3
238, 3, 266, 3
238, 3, 267, 2
239, 3, 0, 2
239, 3, 257, 2
239, 3, 267, 1
240, 4, 0, 1
240, 4, 244, 1
240, 4, 245, 1
240, 4, 239, 1
241, 4, 0, 1
241, 4, 253, 1
241, 4, 248, 1
241, 4, 246, 1
242, 4, 0, 1
242, 4, 247, 1
242, 4, 251, 1
242, 4, 249, 1
243, 3, 0, 5
243, 3, 248, 5
243, 3, 267, 4
244, 4, 0, 1
244, 4, 240, 1
244, 4, 245, 1
244, 4, 239, 1
245, 4, 0, 1
245, 4, 244, 1
245, 4, 240, 1
245, 4, 239, 1
246, 3, 0, 4
246, 3, 200, 4
246, 3, 267, 3
247, 4, 0, 1
247, 4, 251, 1
247, 4, 249, 1
247, 4, 242, 1
248, 4, 0, 1
248, 4, 253, 1
248, 4, 241, 1
248, 4, 246, 1
249, 3, 0, 5
249, 3, 153, 5
249, 3, 267, 4
250, 3, 0, 4
250, 3, 251, 4
250, 3, 267, 3
251, 4, 0, 1
251, 4, 247, 1
251, 4, 249, 1
251, 4, 242, 1
252, 3, 0, 5
252, 3, 253, 5
252, 3, 267, 4
253, 4, 0, 1
253, 4, 241, 1
253, 4, 248, 1
253, 4, 246, 1
254, 5, 0, 1
254, 5, 233, 1
254, 5, 255, 1
254, 5, 234, 1
254, 5, 235, 1
255, 5, 0, 1
255, 5, 254, 1
255, 5, 233, 1
255, 5, 234, 1
255, 5, 235, 1
256, 5, 0, 1
256, 5, 258, 1
256, 5, 260, 1
256, 5, 261, 1
256, 5, 262, 1
257, 5, 0, 1
257, 5, 259, 1
257, 5, 263, 1
257, 5, 264, 1
257, 5, 265, 1
258, 5, 0, 1
258, 5, 256, 1
258, 5, 260, 1
258, 5, 261, 1
258, 5, 262, 1
259, 5, 0, 1
259, 5, 257, 1
259, 5, 263, 1
259, 5, 264, 1
259, 5, 265, 1
260, 5, 0, 1
260, 5, 258, 1
260, 5, 256, 1
260, 5, 261, 1
260, 5, 262, 1
261, 5, 0, 1
261, 5, 258, 1
261, 5, 256, 1
261, 5, 260, 1
261, 5, 262, 1
262, 3, 0, 3
262, 3, 139, 3
262, 3, 267, 2
263, 5, 0, 1
263, 5, 257, 1
263, 5, 259, 1
263, 5, 264, 1
263, 5, 265, 1
264, 5, 0, 1
264, 5, 257, 1
264, 5, 259, 1
264, 5, 263, 1
264, 5, 265, 1
265, 3, 0, 5
265, 3, 154, 5
265, 3, 267, 4
266, 3, 0, 5
266, 3, 150, 5
266, 3, 267, 4
267, 175, 0, 374
267, 175, 50, 2
267, 175, 268, 4
267, 175, 128, 7
267, 175, 243, 5
267, 175, 85, 3
267, 175, 250, 6
267, 175, 135, 8
267, 175, 136, 5
267, 175, 184, 3
267, 175, 124, 4
267, 175, 203, 9
267, 175, 156, 8
267, 175, 204, 10
267, 175, 159, 10
267, 175, 140, 6
267, 175, 141, 5
267, 175, 144, 7
267, 175, 197, 6
267, 175, 68, 1
267, 175, 196, 6
267, 175, 71, 2
267, 175, 150, 7
267, 175, 149, 7
267, 175, 266, 8
267, 175, 206, 11
267, 175, 157, 9
267, 175, 189, 4
267, 175, 100, 3
267, 175, 145, 5
267, 175, 131, 4
267, 175, 165, 1
267, 175, 90, 2
267, 175, 208, 12
267, 175, 162, 12
267, 175, 158, 10
267, 175, 205, 11
267, 175, 202, 8
267, 175, 161, 11
267, 175, 114, 4
267, 175, 151, 7
267, 175, 115, 4
267, 175, 152, 7
267, 175, 127, 7
267, 175, 252, 7
267, 175, 209, 12
267, 175, 163, 12
267, 175, 185, 3
267, 175, 86, 2
267, 175, 129, 7
267, 175, 193, 5
267, 175, 121, 4
267, 175, 122, 4
267, 175, 207, 12
267, 175, 160, 12
267, 175, 130, 7
267, 175, 92, 4
267, 175, 64, 1
267, 175, 247, 4
267, 175, 125, 4
267, 175, 54, 1
267, 175, 254, 1
267, 175, 52, 1
267, 175, 255, 1
267, 175, 60, 1
267, 175, 210, 1
267, 175, 61, 1
267, 175, 211, 1
267, 175, 57, 1
267, 175, 53, 1
267, 175, 58, 1
267, 175, 55, 1
267, 175, 59, 1
267, 175, 56, 1
267, 175, 164, 1
267, 175, 79, 2
267, 175, 251, 3
267, 175, 117, 3
267, 175, 249, 4
267, 175, 146, 6
267, 175, 107, 5
267, 175, 82, 3
267, 175, 75, 2
267, 175, 244, 4
267, 175, 78, 2
267, 175, 258, 2
267, 175, 67, 1
267, 175, 256, 1
267, 175, 88, 3
267, 175, 260, 3
267, 175, 89, 3
267, 175, 261, 3
267, 175, 95, 4
267, 175, 262, 2
267, 175, 139, 6
267, 175, 93, 4
267, 175, 240, 3
267, 175, 142, 6
267, 175, 94, 4
267, 175, 245, 4
267, 175, 74, 2
267, 175, 239, 1
267, 175, 73, 2
267, 175, 257, 1
267, 175, 109, 3
267, 175, 97, 4
267, 175, 259, 2
267, 175, 110, 3
267, 175, 123, 4
267, 175, 98, 4
267, 175, 263, 3
267, 175, 112, 6
267, 175, 113, 5
267, 175, 143, 6
267, 175, 99, 4
267, 175, 264, 3
267, 175, 137, 4
267, 175, 265, 4
267, 175, 118, 4
267, 175, 83, 3
267, 175, 253, 4
267, 175, 81, 3
267, 175, 186, 3
267, 175, 106, 5
267, 175, 70, 2
267, 175, 187, 3
267, 175, 66, 1
267, 175, 188, 3
267, 175, 65, 1
267, 175, 241, 3
267, 175, 84, 3
267, 175, 248, 4
267, 175, 77, 2
267, 175, 246, 3
267, 175, 76, 2
267, 175, 200, 3
267, 175, 119, 6
267, 175, 198, 6
267, 175, 120, 6
267, 175, 199, 6
267, 175, 155, 6
267, 175, 201, 7
267, 175, 108, 5
267, 175, 87, 3
267, 175, 194, 4
267, 175, 138, 4
267, 175, 195, 4
267, 175, 154, 8
267, 175, 153, 8
267, 175, 72, 2
267, 175, 236, 2
267, 175, 69, 1
267, 175, 232, 1
267, 175, 80, 2
267, 175, 237, 2
267, 175, 96, 2
267, 175, 238, 2
267, 175, 116, 4
267, 175, 103, 3
267, 175, 105, 3
267, 175, 104, 3
267, 175, 148, 6
267, 175, 147, 7
267, 175, 133, 7
267, 175, 101, 4
267, 175, 191, 4
267, 175, 102, 4
267, 175, 192, 4
267, 175, 126, 3
267, 175, 190, 3
267, 175, 134, 7
267, 175, 132, 5
267, 175, 91, 3
267, 175, 242, 3
267, 175, 111, 6
DTG
0, 222, 0, 1, 2
0, 222, 0, 1, 2
0, 222, 0, 1, 2
0, 222, 0, 1, 2
0, 222, 0, 1, 2
0, 222, 0, 1, 2
0, 222, 0, 1, 2
0, 222, 0, 1, 2
0, 222, 0, 1, 2
0, 222, 0, 1, 2
0, 222, 0, 1, 2
0, 222, 0, 1, 2
0, 222, 0, 1, 2
0, 222, 0, 1, 2
0, 222, 0, 1, 2
0, 222, 0, 1, 2
0, 222, 0, 1, 2
0, 222, 0, 1, 2
0, 222, 0, 1, 2
0, 222, 0, 1, 2
0, 222, 0, 1, 2
0, 222, 0, 1, 2
0, 222, 0, 1, 2
0, 222, 0, 1, 2
0, 222, 0, 1, 2
0, 222, 0, 1, 2
0, 222, 0, 1, 2
0, 222, 0, 1, 2
0, 222, 0, 1, 2
0, 222, 0, 1, 2
0, 222, 0, 1, 2
0, 222, 0, 1, 2
0, 222, 0, 1, 2
0, 222, 0, 1, 2
0, 222, 0, 1, 2
0, 222, 0, 1, 2
0, 222, 0, 1, 2
0, 222, 0, 1, 2
0, 222, 0, 1, 2
0, 222, 0, 1, 2
0, 222, 0, 1, 2
0, 222, 0, 1, 2
0, 222, 0, 1, 2
0, 222, 0, 1, 2
0, 222, 0, 1, 2
0, 222, 0, 1, 2
0, 222, 0, 1, 2
0, 222, 0, 1, 2
0, 222, 0, 1, 2
0, 222, 0, 1, 2
0, 222, 0, 1, 2
0, 222, 0, 1, 2
0, 222, 0, 1, 2
0, 222, 0, 1, 2
0, 222, 0, 1, 2
0, 222, 0, 1, 2
0, 222, 0, 1, 2
0, 222, 0, 1, 2
0, 222, 0, 1, 2
0, 222, 0, 1, 2
0, 222, 0, 1, 2
0, 222, 0, 1, 2
0, 222, 0, 1, 2
0, 222, 0, 1, 2
0, 222, 0, 1, 2
0, 222, 0, 1, 2
0, 222, 0, 1, 2
0, 222, 0, 1, 2
0, 222, 0, 1, 2
0, 222, 0, 1, 2
0, 222, 0, 1, 2
0, 222, 0, 1, 2
0, 222, 0, 1, 2
0, 222, 0, 1, 2
0, 222, 0, 1, 2
0, 222, 0, 1, 2
0, 222, 0, 1, 2
0, 222, 0, 1, 2
0, 222, 0, 1, 2
0, 222, 0, 1, 2
0, 222, 0, 1, 2
0, 222, 0, 1, 2
0, 222, 0, 1, 2
0, 222, 0, 1, 2
0, 222, 0, 1, 2
0, 222, 0, 1, 2
0, 222, 0, 1, 2
0, 222, 0, 1, 2
0, 222, 0, 1, 2
0, 222, 0, 1, 2
0, 222, 0, 1, 2
0, 222, 0, 1, 2
0, 222, 0, 1, 2
0, 222, 0, 1, 2
0, 222, 0, 1, 2
0, 222, 0, 1, 2
0, 222, 0, 1, 2
0, 222, 0, 1, 2
0, 222, 0, 1, 2
0, 222, 0, 1, 2
0, 222, 0, 1, 2
0, 222, 0, 1, 2
0, 222, 0, 1, 2
0, 222, 0, 1, 2
0, 222, 0, 1, 2
0, 222, 0, 1, 2
0, 222, 0, 1, 2
0, 222, 0, 1, 2
0, 222, 0, 1, 2
0, 222, 0, 1, 2
0, 222, 0, 1, 2
0, 222, 0, 1, 2
0, 222, 0, 1, 2
0, 222, 0, 1, 2
0, 222, 0, 1, 2
0, 222, 0, 1, 2
0, 222, 0, 1, 2
0, 222, 0, 1, 2
0, 222, 0, 1, 2
0, 222, 0, 1, 2
0, 222, 0, 1, 2
0, 222, 0, 1, 2
0, 222, 0, 1, 2
0, 222, 0, 1, 2
0, 222, 0, 1, 2
0, 222, 0, 1, 2
0, 222, 0, 1, 2
0, 222, 0, 1, 2
0, 222, 0, 1, 2
0, 222, 0, 1, 2
0, 222, 0, 1, 2
0, 222, 0, 1, 2
0, 222, 0, 1, 2
0, 222, 0, 1, 2
0, 222, 0, 1, 2
0, 222, 0, 1, 2
0, 222, 0, 1, 2
0, 222, 0, 1, 2
0, 222, 0, 1, 2
0, 222, 0, 1, 2
0, 222, 0, 1, 2
0, 222, 0, 1, 2
0, 222, 0, 1, 2
0, 222, 0, 1, 2
0, 222, 0, 1, 2
0, 222, 0, 1, 2
0, 222, 0, 1, 2
0, 222, 0, 1, 2
0, 222, 0, 1, 2
0, 222, 0, 1, 2
0, 222, 0, 1, 2
0, 222, 0, 1, 2
0, 222, 0, 1, 2
0, 222, 0, 1, 2
0, 222, 0, 1, 2
0, 222, 0, 1, 2
0, 222, 0, 1, 2
0, 222, 0, 1, 2
0, 222, 0, 1, 2
0, 222, 0, 1, 2
0, 222, 0, 1, 2
0, 222, 0, 1, 2
0, 222, 0, 1, 2
0, 222, 0, 1, 2
0, 222, 0, 1, 2
0, 222, 0, 1, 2
0, 222, 0, 1, 2
0, 222, 0, 1, 2
0, 222, 0, 1, 2
0, 222, 0, 1, 2
0, 222, 0, 1, 2
0, 222, 0, 1, 2
0, 222, 0, 1, 2
0, 222, 0, 1, 2
0, 222, 0, 1, 2
0, 222, 0, 1, 2
0, 222, 0, 1, 2
0, 222, 0, 1, 2
0, 222, 0, 1, 2
0, 222, 0, 1, 2
0, 222, 0, 1, 2
0, 222, 0, 1, 2
0, 222, 0, 1, 2
0, 222, 0, 1, 2
0, 222, 0, 1, 2
0, 222, 0, 1, 2
0, 222, 0, 1, 2
0, 222, 0, 1, 2
0, 222, 0, 1, 2
0, 222, 0, 1, 2
0, 222, 0, 1, 2
0, 222, 0, 1, 2
0, 222, 0, 1, 2
0, 222, 0, 1, 2
0, 222, 0, 1, 2
0, 222, 0, 1, 2
0, 222, 0, 1, 2
0, 222, 0, 1, 2
0, 222, 0, 1, 2
0, 222, 0, 1, 2
0, 222, 0, 1, 2
0, 222, 0, 1, 3
0, 222, 0, 1, 3
0, 222, 0, 1, 3
0, 222, 0, 1, 3
0, 222, 0, 1, 3
0, 222, 0, 1, 4
0, 222, 0, 1, 4
0, 222, 0, 1, 4
0, 222, 0, 1, 4
0, 222, 0, 1, 4
0, 222, 0, 1, 4
0, 222, 0, 1, 4
0, 222, 0, 1, 4
0, 222, 0, 1, 4
0, 222, 0, 1, 5
0, 222, 0, 1, 5
0, 222, 0, 1, 5
0, 222, 0, 1, 5
0, 222, 0, 1, 5
0, 222, 0, 1, 5
0, 222, 0, 1, 5
0, 374, 1, 0, 3
0, 374, 1, 0, 3
0, 374, 1, 0, 3
0, 374, 1, 0, 3
0, 374, 1, 0, 3
0, 374, 1, 0, 3
0, 374, 1, 0, 3
0, 374, 1, 0, 3
0, 374, 1, 0, 3
0, 374, 1, 0, 3
0, 374, 1, 0, 3
0, 374, 1, 0, 3
0, 374, 1, 0, 3
0, 374, 1, 0, 3
0, 374, 1, 0, 3
0, 374, 1, 0, 3
0, 374, 1, 0, 3
0, 374, 1, 0, 3
0, 374, 1, 0, 3
0, 374, 1, 0, 3
0, 374, 1, 0, 3
0, 374, 1, 0, 3
0, 374, 1, 0, 3
0, 374, 1, 0, 3
0, 374, 1, 0, 3
0, 374, 1, 0, 3
0, 374, 1, 0, 3
0, 374, 1, 0, 3
0, 374, 1, 0, 3
0, 374, 1, 0, 3
0, 374, 1, 0, 3
0, 374, 1, 0, 3
0, 374, 1, 0, 3
0, 374, 1, 0, 3
0, 374, 1, 0, 3
0, 374, 1, 0, 3
0, 374, 1, 0, 3
0, 374, 1, 0, 3
0, 374, 1, 0, 3
0, 374, 1, 0, 3
0, 374, 1, 0, 3
0, 374, 1, 0, 3
0, 374, 1, 0, 3
0, 374, 1, 0, 3
0, 374, 1, 0, 3
0, 374, 1, 0, 3
0, 374, 1, 0, 3
0, 374, 1, 0, 3
0, 374, 1, 0, 3
0, 374, 1, 0, 3
0, 374, 1, 0, 3
0, 374, 1, 0, 3
0, 374, 1, 0, 3
0, 374, 1, 0, 3
0, 374, 1, 0, 3
0, 374, 1, 0, 3
0, 374, 1, 0, 3
0, 374, 1, 0, 3
0, 374, 1, 0, 3
0, 374, 1, 0, 3
0, 374, 1, 0, 3
0, 374, 1, 0, 3
0, 374, 1, 0, 3
0, 374, 1, 0, 3
0, 374, 1, 0, 3
0, 374, 1, 0, 3
0, 374, 1, 0, 3
0, 374, 1, 0, 3
0, 374, 1, 0, 3
0, 374, 1, 0, 3
0, 374, 1, 0, 3
0, 374, 1, 0, 3
0, 374, 1, 0, 3
0, 374, 1, 0, 3
0, 374, 1, 0, 3
0, 374, 1, 0, 3
0, 374, 1, 0, 3
0, 374, 1, 0, 3
0, 374, 1, 0, 3
0, 374, 1, 0, 3
0, 374, 1, 0, 3
0, 374, 1, 0, 3
0, 374, 1, 0, 3
0, 374, 1, 0, 3
0, 374, 1, 0, 3
0, 374, 1, 0, 3
0, 374, 1, 0, 3
0, 374, 1, 0, 3
0, 374, 1, 0, 3
0, 374, 1, 0, 3
0, 374, 1, 0, 3
0, 374, 1, 0, 3
0, 374, 1, 0, 3
0, 374, 1, 0, 3
0, 374, 1, 0, 3
0, 374, 1, 0, 3
0, 374, 1, 0, 3
0, 374, 1, 0, 3
0, 374, 1, 0, 3
0, 374, 1, 0, 3
0, 374, 1, 0, 3
0, 374, 1, 0, 3
0, 374, 1, 0, 3
0, 374, 1, 0, 3
0, 374, 1, 0, 3
0, 374, 1, 0, 3
0, 374, 1, 0, 3
0, 374, 1, 0, 3
0, 374, 1, 0, 3
0, 374, 1, 0, 3
0, 374, 1, 0, 3
0, 374, 1, 0, 3
0, 374, 1, 0, 3
0, 374, 1, 0, 3
0, 374, 1, 0, 3
0, 374, 1, 0, 3
0, 374, 1, 0, 3
0, 374, 1, 0, 3
0, 374, 1, 0, 3
0, 374, 1, 0, 3
0, 374, 1, 0, 3
0, 374, 1, 0, 3
0, 374, 1, 0, 3
0, 374, 1, 0, 3
0, 374, 1, 0, 3
0, 374, 1, 0, 3
0, 374, 1, 0, 3
0, 374, 1, 0, 3
0, 374, 1, 0, 3
0, 374, 1, 0, 3
0, 374, 1, 0, 3
0, 374, 1, 0, 3
0, 374, 1, 0, 3
0, 374, 1, 0, 3
0, 374, 1, 0, 3
0, 374, 1, 0, 3
0, 374, 1, 0, 3
0, 374, 1, 0, 3
0, 374, 1, 0, 3
0, 374, 1, 0, 3
0, 374, 1, 0, 3
0, 374, 1, 0, 3
0, 374, 1, 0, 3
0, 374, 1, 0, 3
0, 374, 1, 0, 3
0, 374, 1, 0, 3
0, 374, 1, 0, 3
0, 374, 1, 0, 3
0, 374, 1, 0, 3
0, 374, 1, 0, 3
0, 374, 1, 0, 3
0, 374, 1, 0, 3
0, 374, 1, 0, 3
0, 374, 1, 0, 3
0, 374, 1, 0, 3
0, 374, 1, 0, 3
0, 374, 1, 0, 3
0, 374, 1, 0, 3
0, 374, 1, 0, 3
0, 374, 1, 0, 3
0, 374, 1, 0, 3
0, 374, 1, 0, 3
0, 374, 1, 0, 3
0, 374, 1, 0, 3
0, 374, 1, 0, 3
0, 374, 1, 0, 3
0, 374, 1, 0, 3
0, 374, 1, 0, 3
0, 374, 1, 0, 3
0, 374, 1, 0, 3
0, 374, 1, 0, 3
0, 374, 1, 0, 3
0, 374, 1, 0, 3
0, 374, 1, 0, 3
0, 374, 1, 0, 3
0, 374, 1, 0, 3
0, 374, 1, 0, 3
0, 374, 1, 0, 3
0, 374, 1, 0, 3
0, 374, 1, 0, 3
0, 374, 1, 0, 3
0, 374, 1, 0, 3
0, 374, 1, 0, 3
0, 374, 1, 0, 3
0, 374, 1, 0, 3
0, 374, 1, 0, 3
0, 374, 1, 0, 3
0, 374, 1, 0, 3
0, 374, 1, 0, 3
0, 374, 1, 0, 3
0, 374, 1, 0, 3
0, 374, 1, 0, 3
0, 374, 1, 0, 3
0, 374, 1, 0, 3
0, 374, 1, 0, 3
0, 374, 1, 0, 3
0, 374, 1, 0, 3
0, 374, 1, 0, 3
0, 374, 1, 0, 3
0, 374, 1, 0, 3
0, 374, 1, 0, 3
0, 374, 1, 0, 3
0, 374, 1, 0, 3
0, 374, 1, 0, 3
0, 374, 1, 0, 3
0, 374, 1, 0, 3
0, 374, 1, 0, 3
0, 374, 1, 0, 3
0, 374, 1, 0, 3
0, 374, 1, 0, 3
0, 374, 1, 0, 3
0, 374, 1, 0, 3
0, 374, 1, 0, 3
0, 374, 1, 0, 3
0, 374, 1, 0, 3
0, 374, 1, 0, 3
0, 374, 1, 0, 3
0, 374, 1, 0, 3
0, 374, 1, 0, 3
0, 374, 1, 0, 3
0, 374, 1, 0, 3
0, 374, 1, 0, 3
0, 374, 1, 0, 3
0, 374, 1, 0, 3
0, 374, 1, 0, 3
0, 374, 1, 0, 3
0, 374, 1, 0, 3
0, 374, 1, 0, 3
0, 374, 1, 0, 3
0, 374, 1, 0, 3
0, 374, 1, 0, 3
0, 374, 1, 0, 3
0, 374, 1, 0, 3
0, 374, 1, 0, 3
0, 374, 1, 0, 3
0, 374, 1, 0, 3
0, 374, 1, 0, 3
0, 374, 1, 0, 3
0, 374, 1, 0, 3
0, 374, 1, 0, 3
0, 374, 1, 0, 3
0, 374, 1, 0, 3
0, 374, 1, 0, 3
0, 374, 1, 0, 3
0, 374, 1, 0, 3
0, 374, 1, 0, 3
0, 374, 1, 0, 3
0, 374, 1, 0, 3
0, 374, 1, 0, 3
0, 374, 1, 0, 3
0, 374, 1, 0, 3
0, 374, 1, 0, 3
0, 374, 1, 0, 3
0, 374, 1, 0, 3
0, 374, 1, 0, 3
0, 374, 1, 0, 3
0, 374, 1, 0, 3
0, 374, 1, 0, 3
0, 374, 1, 0, 3
0, 374, 1, 0, 3
0, 374, 1, 0, 3
0, 374, 1, 0, 3
0, 374, 1, 0, 3
0, 374, 1, 0, 3
0, 374, 1, 0, 3
0, 374, 1, 0, 3
0, 374, 1, 0, 3
0, 374, 1, 0, 3
0, 374, 1, 0, 3
0, 374, 1, 0, 3
0, 374, 1, 0, 3
0, 374, 1, 0, 3
0, 374, 1, 0, 3
0, 374, 1, 0, 3
0, 374, 1, 0, 3
0, 374, 1, 0, 3
0, 374, 1, 0, 3
0, 374, 1, 0, 3
0, 374, 1, 0, 3
0, 374, 1, 0, 3
0, 374, 1, 0, 3
0, 374, 1, 0, 3
0, 374, 1, 0, 3
0, 374, 1, 0, 3
0, 374, 1, 0, 3
0, 374, 1, 0, 3
0, 374, 1, 0, 3
0, 374, 1, 0, 3
0, 374, 1, 0, 3
0, 374, 1, 0, 3
0, 374, 1, 0, 3
0, 374, 1, 0, 3
0, 374, 1, 0, 3
0, 374, 1, 0, 3
0, 374, 1, 0, 3
0, 374, 1, 0, 3
0, 374, 1, 0, 3
0, 374, 1, 0, 3
0, 374, 1, 0, 3
0, 374, 1, 0, 3
0, 374, 1, 0, 3
0, 374, 1, 0, 3
0, 374, 1, 0, 3
0, 374, 1, 0, 3
0, 374, 1, 0, 3
0, 374, 1, 0, 3
0, 374, 1, 0, 3
0, 374, 1, 0, 3
0, 374, 1, 0, 3
0, 374, 1, 0, 3
0, 374, 1, 0, 3
0, 374, 1, 0, 3
0, 374, 1, 0, 3
0, 374, 1, 0, 3
0, 374, 1, 0, 3
0, 374, 1, 0, 3
0, 374, 1, 0, 3
0, 374, 1, 0, 3
0, 374, 1, 0, 3
0, 374, 1, 0, 3
0, 374, 1, 0, 3
0, 374, 1, 0, 3
0, 374, 1, 0, 3
0, 374, 1, 0, 3
0, 374, 1, 0, 3
0, 374, 1, 0, 3
0, 374, 1, 0, 3
0, 374, 1, 0, 3
0, 374, 1, 0, 3
0, 374, 1, 0, 3
0, 374, 1, 0, 3
0, 374, 1, 0, 3
0, 374, 1, 0, 3
0, 374, 1, 0, 3
0, 374, 1, 0, 3
0, 374, 1, 0, 3
0, 374, 1, 0, 3
0, 374, 1, 0, 3
0, 374, 1, 0, 3
0, 374, 1, 0, 3
0, 374, 1, 0, 3
0, 374, 1, 0, 3
0, 374, 1, 0, 3
0, 374, 1, 0, 3
0, 374, 1, 0, 3
0, 374, 1, 0, 3
0, 374, 1, 0, 3
0, 374, 1, 0, 3
0, 374, 1, 0, 3
0, 374, 1, 0, 3
0, 374, 1, 0, 3
0, 374, 1, 0, 3
0, 374, 1, 0, 3
0, 374, 1, 0, 3
0, 374, 1, 0, 3
0, 374, 1, 0, 3
0, 374, 1, 0, 3
0, 374, 1, 0, 3
0, 374, 1, 0, 3
0, 374, 1, 0, 3
0, 374, 1, 0, 3
0, 374, 1, 0, 3
0, 374, 1, 0, 3
0, 374, 1, 0, 3
0, 374, 1, 0, 3
0, 374, 1, 0, 3
0, 374, 1, 0, 3
0, 374, 1, 0, 3
0, 374, 1, 0, 3
0, 374, 1, 0, 3
0, 374, 1, 0, 3
0, 374, 1, 0, 3
0, 374, 1, 0, 3
0, 374, 1, 0, 3
1, 1, 0, 1, 1
1, 1, 1, 0, 2
2, 1, 0, 1, 1
2, 1, 1, 0, 2
3, 1, 0, 1, 1
3, 1, 1, 0, 2
4, 1, 0, 1, 1
4, 1, 1, 0, 2
5, 1, 0, 1, 1
5, 1, 1, 0, 2
6, 1, 0, 1, 1
6, 1, 1, 0, 2
7, 1, 0, 1, 1
7, 1, 1, 0, 2
8, 1, 0, 1, 1
8, 1, 1, 0, 2
9, 1, 0, 1, 1
9, 1, 1, 0, 2
10, 1, 0, 1, 1
10, 1, 1, 0, 2
11, 1, 0, 1, 1
11, 1, 1, 0, 2
12, 1, 0, 1, 1
12, 1, 1, 0, 2
13, 1, 0, 1, 1
13, 1, 1, 0, 2
14, 1, 0, 1, 1
14, 1, 1, 0, 2
15, 1, 0, 1, 1
15, 1, 1, 0, 2
16, 1, 0, 1, 1
16, 1, 1, 0, 2
17, 1, 0, 1, 1
17, 1, 1, 0, 2
18, 1, 0, 1, 1
18, 1, 1, 0, 2
19, 1, 0, 1, 1
19, 1, 1, 0, 2
20, 1, 0, 1, 1
20, 1, 1, 0, 2
21, 1, 0, 1, 1
21, 1, 1, 0, 2
22, 1, 0, 1, 1
22, 1, 1, 0, 2
23, 1, 0, 1, 1
23, 1, 1, 0, 2
24, 1, 0, 1, 1
24, 1, 1, 0, 2
25, 1, 0, 1, 1
25, 1, 1, 0, 2
26, 1, 0, 1, 1
26, 1, 1, 0, 2
27, 1, 0, 1, 1
27, 1, 1, 0, 2
28, 1, 0, 1, 1
28, 1, 1, 0, 2
29, 1, 0, 1, 1
29, 1, 1, 0, 2
30, 1, 0, 1, 1
30, 1, 1, 0, 2
31, 1, 0, 1, 1
31, 1, 1, 0, 2
32, 1, 0, 1, 1
32, 1, 1, 0, 2
33, 1, 0, 1, 1
33, 1, 1, 0, 2
34, 1, 0, 1, 1
34, 1, 1, 0, 2
35, 1, 0, 1, 1
35, 1, 1, 0, 2
36, 1, 0, 1, 1
36, 1, 1, 0, 2
37, 1, 0, 1, 1
37, 1, 1, 0, 2
38, 1, 0, 1, 1
38, 1, 1, 0, 2
39, 1, 0, 1, 1
39, 1, 1, 0, 2
40, 1, 0, 1, 1
40, 1, 1, 0, 2
41, 1, 0, 1, 1
41, 1, 1, 0, 2
42, 1, 0, 1, 1
42, 1, 1, 0, 2
43, 1, 0, 1, 1
43, 1, 1, 0, 2
44, 1, 0, 1, 1
44, 1, 1, 0, 2
45, 1, 0, 1, 1
45, 1, 1, 0, 2
46, 1, 0, 1, 1
46, 1, 1, 0, 2
47, 1, 0, 1, 1
47, 1, 1, 0, 2
48, 1, 0, 1, 1
48, 1, 1, 0, 2
49, 1, 0, 1, 1
49, 1, 1, 0, 2
50, 3, 0, 1, 1
50, 3, 0, 1, 2
50, 3, 0, 1, 2
51, 1, 0, 1, 1
51, 2, 1, 0, 2
51, 2, 1, 0, 2
52, 2, 0, 1, 1
52, 2, 0, 1, 2
52, 1, 1, 0, 2
53, 2, 0, 1, 1
53, 2, 0, 1, 2
53, 1, 1, 0, 2
54, 2, 0, 1, 1
54, 2, 0, 1, 2
54, 1, 1, 0, 2
55, 2, 0, 1, 1
55, 2, 0, 1, 2
55, 1, 1, 0, 2
56, 2, 0, 1, 1
56, 2, 0, 1, 2
56, 1, 1, 0, 2
57, 1, 0, 1, 1
57, 2, 1, 0, 2
57, 2, 1, 0, 3
58, 1, 0, 1, 1
58, 2, 1, 0, 2
58, 2, 1, 0, 3
59, 1, 0, 1, 1
59, 2, 1, 0, 2
59, 2, 1, 0, 3
60, 2, 0, 1, 1
60, 2, 0, 1, 2
60, 1, 1, 0, 2
61, 2, 0, 1, 1
61, 2, 0, 1, 2
61, 1, 1, 0, 2
62, 1, 0, 1, 2
62, 1, 1, 0, 2
63, 1, 0, 1, 2
63, 1, 1, 0, 2
64, 2, 0, 1, 1
64, 2, 0, 1, 2
64, 1, 1, 0, 2
65, 2, 0, 1, 1
65, 2, 0, 1, 2
65, 1, 1, 0, 2
66, 1, 0, 1, 1
66, 2, 1, 0, 2
66, 2, 1, 0, 3
67, 2, 0, 1, 1
67, 2, 0, 1, 2
67, 1, 1, 0, 2
68, 2, 0, 1, 1
68, 2, 0, 1, 2
68, 1, 1, 0, 2
69, 2, 0, 1, 1
69, 2, 0, 1, 2
69, 1, 1, 0, 2
70, 3, 0, 1, 1
70, 3, 0, 1, 2
70, 3, 0, 1, 2
70, 1, 1, 0, 2
71, 2, 0, 1, 1
71, 2, 0, 1, 2
71, 2, 1, 0, 2
71, 2, 1, 0, 3
72, 3, 0, 1, 1
72, 3, 0, 1, 2
72, 3, 0, 1, 2
72, 1, 1, 0, 2
73, 3, 0, 1, 1
73, 3, 0, 1, 2
73, 3, 0, 1, 2
73, 1, 1, 0, 2
74, 1, 0, 1, 1
74, 3, 1, 0, 2
74, 3, 1, 0, 3
74, 3, 1, 0, 3
75, 3, 0, 1, 1
75, 3, 0, 1, 2
75, 3, 0, 1, 2
75, 1, 1, 0, 2
76, 3, 0, 1, 1
76, 3, 0, 1, 2
76, 3, 0, 1, 2
76, 1, 1, 0, 2
77, 1, 0, 1, 1
77, 3, 1, 0, 2
77, 3, 1, 0, 3
77, 3, 1, 0, 3
78, 3, 0, 1, 1
78, 3, 0, 1, 2
78, 3, 0, 1, 2
78, 1, 1, 0, 2
79, 3, 0, 1, 1
79, 3, 0, 1, 2
79, 3, 0, 1, 2
79, 1, 1, 0, 2
80, 3, 0, 1, 1
80, 3, 0, 1, 2
80, 3, 0, 1, 2
80, 1, 1, 0, 2
81, 4, 0, 1, 1
81, 4, 0, 1, 2
81, 4, 0, 1, 2
81, 4, 0, 1, 2
81, 1, 1, 0, 2
82, 2, 0, 1, 1
82, 2, 0, 1, 2
82, 3, 1, 0, 2
82, 3, 1, 0, 3
82, 3, 1, 0, 3
83, 4, 0, 1, 1
83, 4, 0, 1, 2
83, 4, 0, 1, 2
83, 4, 0, 1, 2
83, 1, 1, 0, 2
84, 4, 0, 1, 1
84, 4, 0, 1, 2
84, 4, 0, 1, 2
84, 4, 0, 1, 2
84, 1, 1, 0, 2
85, 2, 0, 1, 1
85, 2, 0, 1, 2
85, 3, 1, 0, 2
85, 3, 1, 0, 3
85, 3, 1, 0, 3
86, 2, 0, 1, 1
86, 2, 0, 1, 2
86, 2, 1, 0, 2
86, 2, 1, 0, 3
87, 4, 0, 1, 1
87, 4, 0, 1, 2
87, 4, 0, 1, 2
87, 4, 0, 1, 2
87, 1, 1, 0, 2
88, 4, 0, 1, 1
88, 4, 0, 1, 2
88, 4, 0, 1, 2
88, 4, 0, 1, 2
88, 1, 1, 0, 2
89, 4, 0, 1, 1
89, 4, 0, 1, 2
89, 4, 0, 1, 2
89, 4, 0, 1, 2
89, 1, 1, 0, 2
90, 1, 0, 1, 1
90, 2, 1, 0, 2
90, 2, 1, 0, 3
91, 4, 0, 1, 1
91, 4, 0, 1, 2
91, 4, 0, 1, 2
91, 4, 0, 1, 2
91, 1, 1, 0, 2
92, 4, 0, 1, 1
92, 4, 0, 1, 2
92, 4, 0, 1, 2
92, 4, 0, 1, 2
92, 2, 1, 0, 2
92, 2, 1, 0, 3
93, 5, 0, 1, 1
93, 5, 0, 1, 2
93, 5, 0, 1, 2
93, 5, 0, 1, 2
93, 5, 0, 1, 2
93, 1, 1, 0, 2
94, 5, 0, 1, 1
94, 5, 0, 1, 2
94, 5, 0, 1, 2
94, 5, 0, 1, 2
94, 5, 0, 1, 2
94, 1, 1, 0, 2
95, 1, 0, 1, 1
95, 5, 1, 0, 2
95, 5, 1, 0, 3
95, 5, 1, 0, 3
95, 5, 1, 0, 3
95, 5, 1, 0, 3
96, 1, 0, 1, 1
96, 3, 1, 0, 2
96, 3, 1, 0, 3
96, 3, 1, 0, 3
97, 5, 0, 1, 1
97, 5, 0, 1, 2
97, 5, 0, 1, 2
97, 5, 0, 1, 2
97, 5, 0, 1, 2
97, 1, 1, 0, 2
98, 5, 0, 1, 1
98, 5, 0, 1, 2
98, 5, 0, 1, 2
98, 5, 0, 1, 2
98, 5, 0, 1, 2
98, 1, 1, 0, 2
99, 5, 0, 1, 1
99, 5, 0, 1, 2
99, 5, 0, 1, 2
99, 5, 0, 1, 2
99, 5, 0, 1, 2
99, 1, 1, 0, 2
100, 3, 0, 1, 1
100, 3, 0, 1, 2
100, 3, 0, 1, 2
100, 2, 1, 0, 2
100, 2, 1, 0, 3
101, 5, 0, 1, 1
101, 5, 0, 1, 2
101, 5, 0, 1, 2
101, 5, 0, 1, 2
101, 5, 0, 1, 2
101, 1, 1, 0, 2
102, 5, 0, 1, 1
102, 5, 0, 1, 2
102, 5, 0, 1, 2
102, 5, 0, 1, 2
102, 5, 0, 1, 2
102, 1, 1, 0, 2
103, 3, 0, 1, 1
103, 3, 0, 1, 2
103, 3, 0, 1, 2
103, 2, 1, 0, 2
103, 2, 1, 0, 3
104, 2, 0, 1, 1
104, 2, 0, 1, 2
104, 3, 1, 0, 2
104, 3, 1, 0, 3
104, 3, 1, 0, 3
105, 3, 0, 1, 1
105, 3, 0, 1, 2
105, 3, 0, 1, 2
105, 2, 1, 0, 2
105, 2, 1, 0, 3
106, 4, 0, 1, 1
106, 4, 0, 1, 2
106, 4, 0, 1, 2
106, 4, 0, 1, 2
106, 3, 1, 0, 2
106, 3, 1, 0, 3
106, 3, 1, 0, 3
107, 5, 0, 1, 1
107, 5, 0, 1, 2
107, 5, 0, 1, 2
107, 5, 0, 1, 2
107, 5, 0, 1, 2
107, 2, 1, 0, 2
107, 2, 1, 0, 3
108, 3, 0, 1, 1
108, 3, 0, 1, 2
108, 3, 0, 1, 2
108, 4, 1, 0, 2
108, 4, 1, 0, 3
108, 4, 1, 0, 3
108, 4, 1, 0, 3
109, 2, 0, 1, 1
109, 2, 0, 1, 2
109, 3, 1, 0, 2
109, 3, 1, 0, 3
109, 3, 1, 0, 3
110, 2, 0, 1, 1
110, 2, 0, 1, 2
110, 3, 1, 0, 2
110, 3, 1, 0, 3
110, 3, 1, 0, 3
111, 4, 0, 1, 1
111, 4, 0, 1, 2
111, 4, 0, 1, 2
111, 4, 0, 1, 2
111, 4, 1, 0, 2
111, 4, 1, 0, 3
111, 4, 1, 0, 3
111, 4, 1, 0, 3
112, 3, 0, 1, 1
112, 3, 0, 1, 2
112, 3, 0, 1, 2
112, 5, 1, 0, 2
112, 5, 1, 0, 3
112, 5, 1, 0, 3
112, 5, 1, 0, 3
112, 5, 1, 0, 3
113, 4, 0, 1, 1
113, 4, 0, 1, 2
113, 4, 0, 1, 2
113, 4, 0, 1, 2
113, 3, 1, 0, 2
113, 3, 1, 0, 3
113, 3, 1, 0, 3
114, 3, 0, 1, 1
114, 3, 0, 1, 2
114, 3, 0, 1, 2
114, 3, 1, 0, 2
114, 3, 1, 0, 3
114, 3, 1, 0, 3
115, 3, 0, 1, 1
115, 3, 0, 1, 2
115, 3, 0, 1, 2
115, 3, 1, 0, 2
115, 3, 1, 0, 3
115, 3, 1, 0, 3
116, 3, 0, 1, 1
116, 3, 0, 1, 2
116, 3, 0, 1, 2
116, 3, 1, 0, 2
116, 3, 1, 0, 3
116, 3, 1, 0, 3
117, 1, 0, 1, 1
117, 4, 1, 0, 2
117, 4, 1, 0, 3
117, 4, 1, 0, 3
117, 4, 1, 0, 3
118, 3, 0, 1, 1
118, 3, 0, 1, 2
118, 3, 0, 1, 2
118, 3, 1, 0, 2
118, 3, 1, 0, 3
118, 3, 1, 0, 3
119, 7, 0, 1, 1
119, 7, 0, 1, 2
119, 7, 0, 1, 2
119, 7, 0, 1, 2
119, 7, 0, 1, 2
119, 7, 0, 1, 2
119, 7, 0, 1, 2
119, 1, 1, 0, 2
120, 7, 0, 1, 1
120, 7, 0, 1, 2
120, 7, 0, 1, 2
120, 7, 0, 1, 2
120, 7, 0, 1, 2
120, 7, 0, 1, 2
120, 7, 0, 1, 2
120, 1, 1, 0, 2
121, 3, 0, 1, 1
121, 3, 0, 1, 2
121, 3, 0, 1, 2
121, 3, 1, 0, 2
121, 3, 1, 0, 3
121, 3, 1, 0, 3
122, 3, 0, 1, 1
122, 3, 0, 1, 2
122, 3, 0, 1, 2
122, 3, 1, 0, 2
122, 3, 1, 0, 3
122, 3, 1, 0, 3
123, 3, 0, 1, 1
123, 3, 0, 1, 2
123, 3, 0, 1, 2
123, 3, 1, 0, 2
123, 3, 1, 0, 3
123, 3, 1, 0, 3
124, 1, 0, 1, 1
124, 3, 1, 0, 2
124, 3, 1, 0, 3
124, 3, 1, 0, 3
125, 3, 0, 1, 1
125, 3, 0, 1, 2
125, 3, 0, 1, 2
125, 3, 1, 0, 2
125, 3, 1, 0, 3
125, 3, 1, 0, 3
126, 1, 0, 1, 1
126, 4, 1, 0, 2
126, 4, 1, 0, 3
126, 4, 1, 0, 3
126, 4, 1, 0, 3
127, 5, 0, 1, 1
127, 5, 0, 1, 2
127, 5, 0, 1, 2
127, 5, 0, 1, 2
127, 5, 0, 1, 2
127, 4, 1, 0, 2
127, 4, 1, 0, 3
127, 4, 1, 0, 3
127, 4, 1, 0, 3
128, 5, 0, 1, 1
128, 5, 0, 1, 2
128, 5, 0, 1, 2
128, 5, 0, 1, 2
128, 5, 0, 1, 2
128, 4, 1, 0, 2
128, 4, 1, 0, 3
128, 4, 1, 0, 3
128, 4, 1, 0, 3
129, 4, 0, 1, 1
129, 4, 0, 1, 2
129, 4, 0, 1, 2
129, 4, 0, 1, 2
129, 5, 1, 0, 2
129, 5, 1, 0, 3
129, 5, 1, 0, 3
129, 5, 1, 0, 3
129, 5, 1, 0, 3
130, 5, 0, 1, 1
130, 5, 0, 1, 2
130, 5, 0, 1, 2
130, 5, 0, 1, 2
130, 5, 0, 1, 2
130, 4, 1, 0, 2
130, 4, 1, 0, 3
130, 4, 1, 0, 3
130, 4, 1, 0, 3
131, 3, 0, 1, 1
131, 3, 0, 1, 2
131, 3, 0, 1, 2
131, 3, 1, 0, 2
131, 3, 1, 0, 3
131, 3, 1, 0, 3
132, 4, 0, 1, 1
132, 4, 0, 1, 2
132, 4, 0, 1, 2
132, 4, 0, 1, 2
132, 3, 1, 0, 2
132, 3, 1, 0, 3
132, 3, 1, 0, 3
133, 5, 0, 1, 1
133, 5, 0, 1, 2
133, 5, 0, 1, 2
133, 5, 0, 1, 2
133, 5, 0, 1, 2
133, 4, 1, 0, 2
133, 4, 1, 0, 3
133, 4, 1, 0, 3
133, 4, 1, 0, 3
134, 4, 0, 1, 1
134, 4, 0, 1, 2
134, 4, 0, 1, 2
134, 4, 0, 1, 2
134, 5, 1, 0, 2
134, 5, 1, 0, 3
134, 5, 1, 0, 3
134, 5, 1, 0, 3
134, 5, 1, 0, 3
135, 5, 0, 1, 1
135, 5, 0, 1, 2
135, 5, 0, 1, 2
135, 5, 0, 1, 2
135, 5, 0, 1, 2
135, 5, 1, 0, 2
135, 5, 1, 0, 3
135, 5, 1, 0, 3
135, 5, 1, 0, 3
135, 5, 1, 0, 3
136, 2, 0, 1, 1
136, 2, 0, 1, 2
136, 5, 1, 0, 2
136, 5, 1, 0, 3
136, 5, 1, 0, 3
136, 5, 1, 0, 3
136, 5, 1, 0, 3
137, 1, 0, 1, 1
137, 5, 1, 0, 2
137, 5, 1, 0, 3
137, 5, 1, 0, 3
137, 5, 1, 0, 3
137, 5, 1, 0, 3
138, 1, 0, 1, 1
138, 5, 1, 0, 2
138, 5, 1, 0, 3
138, 5, 1, 0, 3
138, 5, 1, 0, 3
138, 5, 1, 0, 3
139, 5, 0, 1, 1
139, 5, 0, 1, 2
139, 5, 0, 1, 2
139, 5, 0, 1, 2
139, 5, 0, 1, 2
139, 3, 1, 0, 2
139, 3, 1, 0, 3
139, 3, 1, 0, 3
140, 3, 0, 1, 1
140, 3, 0, 1, 2
140, 3, 0, 1, 2
140, 5, 1, 0, 2
140, 5, 1, 0, 3
140, 5, 1, 0, 3
140, 5, 1, 0, 3
140, 5, 1, 0, 3
141, 4, 0, 1, 1
141, 4, 0, 1, 2
141, 4, 0, 1, 2
141, 4, 0, 1, 2
141, 3, 1, 0, 2
141, 3, 1, 0, 3
141, 3, 1, 0, 3
142, 5, 0, 1, 1
142, 5, 0, 1, 2
142, 5, 0, 1, 2
142, 5, 0, 1, 2
142, 5, 0, 1, 2
142, 3, 1, 0, 2
142, 3, 1, 0, 3
142, 3, 1, 0, 3
143, 5, 0, 1, 1
143, 5, 0, 1, 2
143, 5, 0, 1, 2
143, 5, 0, 1, 2
143, 5, 0, 1, 2
143, 3, 1, 0, 2
143, 3, 1, 0, 3
143, 3, 1, 0, 3
144, 4, 0, 1, 1
144, 4, 0, 1, 2
144, 4, 0, 1, 2
144, 4, 0, 1, 2
144, 5, 1, 0, 2
144, 5, 1, 0, 3
144, 5, 1, 0, 3
144, 5, 1, 0, 3
144, 5, 1, 0, 3
145, 3, 0, 1, 1
145, 3, 0, 1, 2
145, 3, 0, 1, 2
145, 4, 1, 0, 2
145, 4, 1, 0, 3
145, 4, 1, 0, 3
145, 4, 1, 0, 3
146, 4, 0, 1, 1
146, 4, 0, 1, 2
146, 4, 0, 1, 2
146, 4, 0, 1, 2
146, 4, 1, 0, 2
146, 4, 1, 0, 3
146, 4, 1, 0, 3
146, 4, 1, 0, 3
147, 5, 0, 1, 1
147, 5, 0, 1, 2
147, 5, 0, 1, 2
147, 5, 0, 1, 2
147, 5, 0, 1, 2
147, 4, 1, 0, 2
147, 4, 1, 0, 3
147, 4, 1, 0, 3
147, 4, 1, 0, 3
148, 3, 0, 1, 1
148, 3, 0, 1, 2
148, 3, 0, 1, 2
148, 5, 1, 0, 2
148, 5, 1, 0, 3
148, 5, 1, 0, 3
148, 5, 1, 0, 3
148, 5, 1, 0, 3
149, 4, 0, 1, 1
149, 4, 0, 1, 2
149, 4, 0, 1, 2
149, 4, 0, 1, 2
149, 5, 1, 0, 2
149, 5, 1, 0, 3
149, 5, 1, 0, 3
149, 5, 1, 0, 3
149, 5, 1, 0, 3
150, 4, 0, 1, 1
150, 4, 0, 1, 2
150, 4, 0, 1, 2
150, 4, 0, 1, 2
150, 5, 1, 0, 2
150, 5, 1, 0, 3
150, 5, 1, 0, 3
150, 5, 1, 0, 3
150, 5, 1, 0, 3
151, 4, 0, 1, 1
151, 4, 0, 1, 2
151, 4, 0, 1, 2
151, 4, 0, 1, 2
151, 5, 1, 0, 2
151, 5, 1, 0, 3
151, 5, 1, 0, 3
151, 5, 1, 0, 3
151, 5, 1, 0, 3
152, 5, 0, 1, 1
152, 5, 0, 1, 2
152, 5, 0, 1, 2
152, 5, 0, 1, 2
152, 5, 0, 1, 2
152, 4, 1, 0, 2
152, 4, 1, 0, 3
152, 4, 1, 0, 3
152, 4, 1, 0, 3
153, 5, 0, 1, 1
153, 5, 0, 1, 2
153, 5, 0, 1, 2
153, 5, 0, 1, 2
153, 5, 0, 1, 2
153, 5, 1, 0, 2
153, 5, 1, 0, 3
153, 5, 1, 0, 3
153, 5, 1, 0, 3
153, 5, 1, 0, 3
154, 5, 0, 1, 1
154, 5, 0, 1, 2
154, 5, 0, 1, 2
154, 5, 0, 1, 2
154, 5, 0, 1, 2
154, 5, 1, 0, 2
154, 5, 1, 0, 3
154, 5, 1, 0, 3
154, 5, 1, 0, 3
154, 5, 1, 0, 3
155, 1, 0, 1, 1
155, 7, 1, 0, 2
155, 7, 1, 0, 3
155, 7, 1, 0, 3
155, 7, 1, 0, 3
155, 7, 1, 0, 3
155, 7, 1, 0, 3
155, 7, 1, 0, 3
156, 4, 0, 1, 1
156, 4, 0, 1, 2
156, 4, 0, 1, 2
156, 4, 0, 1, 2
156, 6, 1, 0, 2
156, 6, 1, 0, 3
156, 6, 1, 0, 3
156, 6, 1, 0, 3
156, 6, 1, 0, 3
156, 6, 1, 0, 3
157, 5, 0, 1, 1
157, 5, 0, 1, 2
157, 5, 0, 1, 2
157, 5, 0, 1, 2
157, 5, 0, 1, 2
157, 6, 1, 0, 2
157, 6, 1, 0, 3
157, 6, 1, 0, 3
157, 6, 1, 0, 3
157, 6, 1, 0, 3
157, 6, 1, 0, 3
158, 7, 0, 1, 1
158, 7, 0, 1, 2
158, 7, 0, 1, 2
158, 7, 0, 1, 2
158, 7, 0, 1, 2
158, 7, 0, 1, 2
158, 7, 0, 1, 2
158, 5, 1, 0, 2
158, 5, 1, 0, 3
158, 5, 1, 0, 3
158, 5, 1, 0, 3
158, 5, 1, 0, 3
159, 6, 0, 1, 1
159, 6, 0, 1, 2
159, 6, 0, 1, 2
159, 6, 0, 1, 2
159, 6, 0, 1, 2
159, 6, 0, 1, 2
159, 6, 1, 0, 2
159, 6, 1, 0, 3
159, 6, 1, 0, 3
159, 6, 1, 0, 3
159, 6, 1, 0, 3
159, 6, 1, 0, 3
160, 7, 0, 1, 1
160, 7, 0, 1, 2
160, 7, 0, 1, 2
160, 7, 0, 1, 2
160, 7, 0, 1, 2
160, 7, 0, 1, 2
160, 7, 0, 1, 2
160, 7, 1, 0, 2
160, 7, 1, 0, 3
160, 7, 1, 0, 3
160, 7, 1, 0, 3
160, 7, 1, 0, 3
160, 7, 1, 0, 3
160, 7, 1, 0, 3
161, 1, 0, 1, 1
161, 8, 1, 0, 2
161, 8, 1, 0, 3
161, 8, 1, 0, 3
161, 8, 1, 0, 3
161, 8, 1, 0, 3
161, 8, 1, 0, 3
161, 8, 1, 0, 3
161, 8, 1, 0, 3
162, 7, 0, 1, 1
162, 7, 0, 1, 2
162, 7, 0, 1, 2
162, 7, 0, 1, 2
162, 7, 0, 1, 2
162, 7, 0, 1, 2
162, 7, 0, 1, 2
162, 7, 1, 0, 2
162, 7, 1, 0, 3
162, 7, 1, 0, 3
162, 7, 1, 0, 3
162, 7, 1, 0, 3
162, 7, 1, 0, 3
162, 7, 1, 0, 3
163, 7, 0, 1, 1
163, 7, 0, 1, 2
163, 7, 0, 1, 2
163, 7, 0, 1, 2
163, 7, 0, 1, 2
163, 7, 0, 1, 2
163, 7, 0, 1, 2
163, 7, 1, 0, 2
163, 7, 1, 0, 3
163, 7, 1, 0, 3
163, 7, 1, 0, 3
163, 7, 1, 0, 3
163, 7, 1, 0, 3
163, 7, 1, 0, 3
164, 2, 0, 1, 1
164, 2, 0, 1, 2
164, 1, 1, 0, 3
165, 2, 0, 1, 1
165, 2, 0, 1, 2
165, 2, 1, 0, 2
165, 2, 1, 0, 2
166, 1, 0, 1, 3
166, 1, 1, 0, 2
167, 1, 0, 1, 3
167, 1, 1, 0, 2
168, 1, 0, 1, 3
168, 1, 1, 0, 2
169, 1, 0, 1, 1
169, 1, 1, 0, 4
170, 1, 0, 1, 3
170, 1, 1, 0, 2
171, 1, 0, 1, 3
171, 1, 1, 0, 2
172, 1, 0, 1, 3
172, 1, 1, 0, 2
173, 1, 0, 1, 3
173, 1, 1, 0, 2
174, 1, 0, 1, 1
174, 1, 1, 0, 4
175, 1, 0, 1, 3
175, 1, 1, 0, 2
176, 1, 0, 1, 3
176, 1, 1, 0, 2
177, 1, 0, 1, 3
177, 1, 1, 0, 2
178, 1, 0, 1, 1
178, 1, 1, 0, 4
179, 1, 0, 1, 3
179, 1, 1, 0, 2
180, 1, 0, 1, 3
180, 1, 1, 0, 2
181, 1, 0, 1, 3
181, 1, 1, 0, 2
182, 1, 0, 1, 1
182, 1, 1, 0, 4
183, 1, 0, 1, 1
183, 1, 1, 0, 4
184, 3, 0, 1, 1
184, 3, 0, 1, 2
184, 3, 0, 1, 2
184, 3, 1, 0, 2
184, 3, 1, 0, 2
184, 3, 1, 0, 3
185, 2, 0, 1, 1
185, 2, 0, 1, 2
185, 4, 1, 0, 2
185, 4, 1, 0, 2
185, 4, 1, 0, 3
185, 4, 1, 0, 3
186, 1, 0, 1, 2
186, 4, 1, 0, 2
186, 4, 1, 0, 3
186, 4, 1, 0, 3
186, 4, 1, 0, 3
187, 1, 0, 1, 2
187, 4, 1, 0, 2
187, 4, 1, 0, 3
187, 4, 1, 0, 3
187, 4, 1, 0, 3
188, 4, 0, 1, 1
188, 4, 0, 1, 2
188, 4, 0, 1, 2
188, 4, 0, 1, 2
188, 1, 1, 0, 3
189, 2, 0, 1, 1
189, 2, 0, 1, 2
189, 5, 1, 0, 2
189, 5, 1, 0, 2
189, 5, 1, 0, 3
189, 5, 1, 0, 3
189, 5, 1, 0, 3
190, 4, 0, 1, 1
190, 4, 0, 1, 2
190, 4, 0, 1, 2
190, 4, 0, 1, 2
190, 1, 1, 0, 3
191, 1, 0, 1, 2
191, 5, 1, 0, 2
191, 5, 1, 0, 3
191, 5, 1, 0, 3
191, 5, 1, 0, 3
191, 5, 1, 0, 3
192, 1, 0, 1, 2
192, 5, 1, 0, 2
192, 5, 1, 0, 3
192, 5, 1, 0, 3
192, 5, 1, 0, 3
192, 5, 1, 0, 3
193, 4, 0, 1, 1
193, 4, 0, 1, 2
193, 4, 0, 1, 2
193, 4, 0, 1, 2
193, 4, 1, 0, 2
193, 4, 1, 0, 2
193, 4, 1, 0, 3
193, 4, 1, 0, 3
194, 1, 0, 1, 2
194, 5, 1, 0, 2
194, 5, 1, 0, 3
194, 5, 1, 0, 3
194, 5, 1, 0, 3
194, 5, 1, 0, 3
195, 5, 0, 1, 1
195, 5, 0, 1, 2
195, 5, 0, 1, 2
195, 5, 0, 1, 2
195, 5, 0, 1, 2
195, 1, 1, 0, 3
196, 5, 0, 1, 1
196, 5, 0, 1, 2
196, 5, 0, 1, 2
196, 5, 0, 1, 2
196, 5, 0, 1, 2
196, 4, 1, 0, 2
196, 4, 1, 0, 2
196, 4, 1, 0, 3
196, 4, 1, 0, 3
197, 4, 0, 1, 1
197, 4, 0, 1, 2
197, 4, 0, 1, 2
197, 4, 0, 1, 2
197, 5, 1, 0, 2
197, 5, 1, 0, 2
197, 5, 1, 0, 3
197, 5, 1, 0, 3
197, 5, 1, 0, 3
198, 1, 0, 1, 2
198, 7, 1, 0, 2
198, 7, 1, 0, 3
198, 7, 1, 0, 3
198, 7, 1, 0, 3
198, 7, 1, 0, 3
198, 7, 1, 0, 3
198, 7, 1, 0, 3
199, 1, 0, 1, 2
199, 7, 1, 0, 2
199, 7, 1, 0, 3
199, 7, 1, 0, 3
199, 7, 1, 0, 3
199, 7, 1, 0, 3
199, 7, 1, 0, 3
199, 7, 1, 0, 3
200, 1, 0, 1, 2
200, 4, 1, 0, 2
200, 4, 1, 0, 3
200, 4, 1, 0, 3
200, 4, 1, 0, 3
201, 8, 0, 1, 1
201, 8, 0, 1, 2
201, 8, 0, 1, 2
201, 8, 0, 1, 2
201, 8, 0, 1, 2
201, 8, 0, 1, 2
201, 8, 0, 1, 2
201, 8, 0, 1, 2
201, 1, 1, 0, 3
202, 7, 0, 1, 1
202, 7, 0, 1, 2
202, 7, 0, 1, 2
202, 7, 0, 1, 2
202, 7, 0, 1, 2
202, 7, 0, 1, 2
202, 7, 0, 1, 2
202, 4, 1, 0, 2
202, 4, 1, 0, 2
202, 4, 1, 0, 3
202, 4, 1, 0, 3
203, 6, 0, 1, 1
203, 6, 0, 1, 2
203, 6, 0, 1, 2
203, 6, 0, 1, 2
203, 6, 0, 1, 2
203, 6, 0, 1, 2
203, 6, 1, 0, 2
203, 6, 1, 0, 2
203, 6, 1, 0, 3
203, 6, 1, 0, 3
203, 6, 1, 0, 3
203, 6, 1, 0, 3
204, 6, 0, 1, 1
204, 6, 0, 1, 2
204, 6, 0, 1, 2
204, 6, 0, 1, 2
204, 6, 0, 1, 2
204, 6, 0, 1, 2
204, 7, 1, 0, 2
204, 7, 1, 0, 2
204, 7, 1, 0, 3
204, 7, 1, 0, 3
204, 7, 1, 0, 3
204, 7, 1, 0, 3
204, 7, 1, 0, 3
205, 7, 0, 1, 1
205, 7, 0, 1, 2
205, 7, 0, 1, 2
205, 7, 0, 1, 2
205, 7, 0, 1, 2
205, 7, 0, 1, 2
205, 7, 0, 1, 2
205, 7, 1, 0, 2
205, 7, 1, 0, 2
205, 7, 1, 0, 3
205, 7, 1, 0, 3
205, 7, 1, 0, 3
205, 7, 1, 0, 3
205, 7, 1, 0, 3
206, 6, 0, 1, 1
206, 6, 0, 1, 2
206, 6, 0, 1, 2
206, 6, 0, 1, 2
206, 6, 0, 1, 2
206, 6, 0, 1, 2
206, 8, 1, 0, 2
206, 8, 1, 0, 2
206, 8, 1, 0, 3
206, 8, 1, 0, 3
206, 8, 1, 0, 3
206, 8, 1, 0, 3
206, 8, 1, 0, 3
206, 8, 1, 0, 3
207, 7, 0, 1, 1
207, 7, 0, 1, 2
207, 7, 0, 1, 2
207, 7, 0, 1, 2
207, 7, 0, 1, 2
207, 7, 0, 1, 2
207, 7, 0, 1, 2
207, 8, 1, 0, 2
207, 8, 1, 0, 2
207, 8, 1, 0, 3
207, 8, 1, 0, 3
207, 8, 1, 0, 3
207, 8, 1, 0, 3
207, 8, 1, 0, 3
207, 8, 1, 0, 3
208, 5, 0, 1, 1
208, 5, 0, 1, 2
208, 5, 0, 1, 2
208, 5, 0, 1, 2
208, 5, 0, 1, 2
208, 10, 1, 0, 2
208, 10, 1, 0, 2
208, 10, 1, 0, 3
208, 10, 1, 0, 3
208, 10, 1, 0, 3
208, 10, 1, 0, 3
208, 10, 1, 0, 3
208, 10, 1, 0, 3
208, 10, 1, 0, 3
208, 10, 1, 0, 3
209, 7, 0, 1, 1
209, 7, 0, 1, 2
209, 7, 0, 1, 2
209, 7, 0, 1, 2
209, 7, 0, 1, 2
209, 7, 0, 1, 2
209, 7, 0, 1, 2
209, 8, 1, 0, 2
209, 8, 1, 0, 2
209, 8, 1, 0, 3
209, 8, 1, 0, 3
209, 8, 1, 0, 3
209, 8, 1, 0, 3
209, 8, 1, 0, 3
209, 8, 1, 0, 3
210, 1, 0, 1, 3
210, 2, 1, 0, 2
210, 2, 1, 0, 3
211, 1, 0, 1, 3
211, 2, 1, 0, 2
211, 2, 1, 0, 3
212, 1, 0, 1, 4
212, 1, 1, 0, 2
213, 1, 0, 1, 4
213, 1, 1, 0, 2
214, 1, 0, 1, 4
214, 1, 1, 0, 2
215, 1, 0, 1, 4
215, 1, 1, 0, 2
216, 1, 0, 1, 1
216, 1, 1, 0, 5
217, 1, 0, 1, 4
217, 1, 1, 0, 2
218, 1, 0, 1, 4
218, 1, 1, 0, 2
219, 1, 0, 1, 4
219, 1, 1, 0, 2
220, 1, 0, 1, 4
220, 1, 1, 0, 2
221, 1, 0, 1, 1
221, 1, 1, 0, 5
222, 1, 0, 1, 4
222, 1, 1, 0, 2
223, 1, 0, 1, 4
223, 1, 1, 0, 2
224, 1, 0, 1, 4
224, 1, 1, 0, 2
225, 1, 0, 1, 4
225, 1, 1, 0, 2
226, 1, 0, 1, 1
226, 1, 1, 0, 5
227, 1, 0, 1, 4
227, 1, 1, 0, 2
228, 1, 0, 1, 4
228, 1, 1, 0, 2
229, 1, 0, 1, 4
229, 1, 1, 0, 2
230, 1, 0, 1, 4
230, 1, 1, 0, 2
231, 1, 0, 1, 1
231, 1, 1, 0, 5
232, 1, 0, 1, 3
232, 2, 1, 0, 2
232, 2, 1, 0, 3
233, 1, 0, 1, 4
233, 1, 1, 0, 2
234, 1, 0, 1, 4
234, 1, 1, 0, 2
235, 1, 0, 1, 1
235, 1, 1, 0, 5
236, 1, 0, 1, 3
236, 3, 1, 0, 2
236, 3, 1, 0, 3
236, 3, 1, 0, 3
237, 1, 0, 1, 3
237, 3, 1, 0, 2
237, 3, 1, 0, 3
237, 3, 1, 0, 3
238, 3, 0, 1, 1
238, 3, 0, 1, 2
238, 3, 0, 1, 2
238, 1, 1, 0, 4
239, 2, 0, 1, 1
239, 2, 0, 1, 2
239, 1, 1, 0, 4
240, 1, 0, 1, 3
240, 4, 1, 0, 2
240, 4, 1, 0, 3
240, 4, 1, 0, 3
240, 4, 1, 0, 3
241, 1, 0, 1, 3
241, 4, 1, 0, 2
241, 4, 1, 0, 3
241, 4, 1, 0, 3
241, 4, 1, 0, 3
242, 1, 0, 1, 3
242, 4, 1, 0, 2
242, 4, 1, 0, 3
242, 4, 1, 0, 3
242, 4, 1, 0, 3
243, 5, 0, 1, 1
243, 5, 0, 1, 2
243, 5, 0, 1, 2
243, 5, 0, 1, 2
243, 5, 0, 1, 2
243, 4, 1, 0, 2
243, 4, 1, 0, 2
243, 4, 1, 0, 2
243, 4, 1, 0, 3
244, 1, 0, 1, 3
244, 5, 1, 0, 2
244, 5, 1, 0, 3
244, 5, 1, 0, 3
244, 5, 1, 0, 3
244, 5, 1, 0, 3
245, 1, 0, 1, 3
245, 5, 1, 0, 2
245, 5, 1, 0, 3
245, 5, 1, 0, 3
245, 5, 1, 0, 3
245, 5, 1, 0, 3
246, 4, 0, 1, 1
246, 4, 0, 1, 2
246, 4, 0, 1, 2
246, 4, 0, 1, 2
246, 1, 1, 0, 4
247, 1, 0, 1, 3
247, 5, 1, 0, 2
247, 5, 1, 0, 3
247, 5, 1, 0, 3
247, 5, 1, 0, 3
247, 5, 1, 0, 3
248, 1, 0, 1, 3
248, 5, 1, 0, 2
248, 5, 1, 0, 3
248, 5, 1, 0, 3
248, 5, 1, 0, 3
248, 5, 1, 0, 3
249, 5, 0, 1, 1
249, 5, 0, 1, 2
249, 5, 0, 1, 2
249, 5, 0, 1, 2
249, 5, 0, 1, 2
249, 1, 1, 0, 4
250, 4, 0, 1, 1
250, 4, 0, 1, 2
250, 4, 0, 1, 2
250, 4, 0, 1, 2
250, 6, 1, 0, 2
250, 6, 1, 0, 2
250, 6, 1, 0, 2
250, 6, 1, 0, 3
250, 6, 1, 0, 3
250, 6, 1, 0, 3
251, 1, 0, 1, 3
251, 4, 1, 0, 2
251, 4, 1, 0, 3
251, 4, 1, 0, 3
251, 4, 1, 0, 3
252, 5, 0, 1, 1
252, 5, 0, 1, 2
252, 5, 0, 1, 2
252, 5, 0, 1, 2
252, 5, 0, 1, 2
252, 6, 1, 0, 2
252, 6, 1, 0, 2
252, 6, 1, 0, 2
252, 6, 1, 0, 3
252, 6, 1, 0, 3
252, 6, 1, 0, 3
253, 1, 0, 1, 3
253, 5, 1, 0, 2
253, 5, 1, 0, 3
253, 5, 1, 0, 3
253, 5, 1, 0, 3
253, 5, 1, 0, 3
254, 1, 0, 1, 4
254, 2, 1, 0, 2
254, 2, 1, 0, 3
255, 1, 0, 1, 4
255, 2, 1, 0, 2
255, 2, 1, 0, 3
256, 1, 0, 1, 4
256, 2, 1, 0, 2
256, 2, 1, 0, 3
257, 1, 0, 1, 4
257, 2, 1, 0, 2
257, 2, 1, 0, 3
258, 1, 0, 1, 4
258, 3, 1, 0, 2
258, 3, 1, 0, 3
258, 3, 1, 0, 3
259, 1, 0, 1, 4
259, 3, 1, 0, 2
259, 3, 1, 0, 3
259, 3, 1, 0, 3
260, 1, 0, 1, 4
260, 4, 1, 0, 2
260, 4, 1, 0, 3
260, 4, 1, 0, 3
260, 4, 1, 0, 3
261, 1, 0, 1, 4
261, 4, 1, 0, 2
261, 4, 1, 0, 3
261, 4, 1, 0, 3
261, 4, 1, 0, 3
262, 3, 0, 1, 1
262, 3, 0, 1, 2
262, 3, 0, 1, 2
262, 1, 1, 0, 5
263, 1, 0, 1, 4
263, 4, 1, 0, 2
263, 4, 1, 0, 3
263, 4, 1, 0, 3
263, 4, 1, 0, 3
264, 1, 0, 1, 4
264, 4, 1, 0, 2
264, 4, 1, 0, 3
264, 4, 1, 0, 3
264, 4, 1, 0, 3
265, 5, 0, 1, 1
265, 5, 0, 1, 2
265, 5, 0, 1, 2
265, 5, 0, 1, 2
265, 5, 0, 1, 2
265, 1, 1, 0, 5
266, 5, 0, 1, 1
266, 5, 0, 1, 2
266, 5, 0, 1, 2
266, 5, 0, 1, 2
266, 5, 0, 1, 2
266, 8, 1, 0, 2
266, 8, 1, 0, 2
266, 8, 1, 0, 2
266, 8, 1, 0, 2
266, 8, 1, 0, 3
266, 8, 1, 0, 3
266, 8, 1, 0, 3
266, 8, 1, 0, 3
267, 2, 0, 111, 2
267, 2, 0, 111, 2
267, 2, 1, 12, 2
267, 2, 1, 12, 2
267, 2, 2, 3, 2
267, 2, 2, 3, 2
267, 2, 3, 4, 2
267, 2, 3, 4, 2
267, 2, 4, 5, 2
267, 2, 4, 5, 2
267, 2, 5, 6, 2
267, 2, 5, 6, 2
267, 2, 6, 7, 2
267, 2, 6, 7, 2
267, 2, 7, 8, 2
267, 2, 7, 8, 2
267, 2, 8, 9, 2
267, 2, 8, 9, 2
267, 2, 9, 10, 2
267, 2, 9, 10, 2
267, 2, 10, 11, 2
267, 2, 10, 11, 2
267, 2, 11, 13, 2
267, 2, 11, 13, 2
267, 2, 12, 23, 2
267, 2, 12, 23, 2
267, 2, 13, 14, 2
267, 2, 13, 14, 2
267, 2, 14, 15, 2
267, 2, 14, 15, 2
267, 2, 15, 16, 2
267, 2, 15, 16, 2
267, 2, 16, 17, 2
267, 2, 16, 17, 2
267, 2, 17, 18, 2
267, 2, 17, 18, 2
267, 2, 18, 19, 2
267, 2, 18, 19, 2
267, 2, 19, 20, 2
267, 2, 19, 20, 2
267, 2, 20, 21, 2
267, 2, 20, 21, 2
267, 2, 21, 22, 2
267, 2, 21, 22, 2
267, 2, 22, 24, 2
267, 2, 22, 24, 2
267, 2, 23, 34, 2
267, 2, 23, 34, 2
267, 2, 24, 25, 2
267, 2, 24, 25, 2
267, 2, 25, 26, 2
267, 2, 25, 26, 2
267, 2, 26, 27, 2
267, 2, 26, 27, 2
267, 2, 27, 28, 2
267, 2, 27, 28, 2
267, 2, 28, 29, 2
267, 2, 28, 29, 2
267, 2, 29, 30, 2
267, 2, 29, 30, 2
267, 2, 30, 31, 2
267, 2, 30, 31, 2
267, 2, 31, 32, 2
267, 2, 31, 32, 2
267, 2, 32, 33, 2
267, 2, 32, 33, 2
267, 2, 33, 35, 2
267, 2, 33, 35, 2
267, 2, 34, 45, 2
267, 2, 34, 45, 2
267, 2, 35, 36, 2
267, 2, 35, 36, 2
267, 2, 36, 37, 2
267, 2, 36, 37, 2
267, 2, 37, 38, 2
267, 2, 37, 38, 2
267, 2, 38, 39, 2
267, 2, 38, 39, 2
267, 2, 39, 40, 2
267, 2, 39, 40, 2
267, 2, 40, 41, 2
267, 2, 40, 41, 2
267, 2, 41, 42, 2
267, 2, 41, 42, 2
267, 2, 42, 43, 2
267, 2, 42, 43, 2
267, 2, 43, 44, 2
267, 2, 43, 44, 2
267, 2, 44, 46, 2
267, 2, 44, 46, 2
267, 2, 45, 56, 2
267, 2, 45, 56, 2
267, 2, 46, 47, 2
267, 2, 46, 47, 2
267, 2, 47, 48, 2
267, 2, 47, 48, 2
267, 2, 48, 49, 2
267, 2, 48, 49, 2
267, 2, 49, 50, 2
267, 2, 49, 50, 2
267, 2, 50, 51, 2
267, 2, 50, 51, 2
267, 2, 51, 52, 2
267, 2, 51, 52, 2
267, 2, 52, 53, 2
267, 2, 52, 53, 2
267, 2, 53, 54, 2
267, 2, 53, 54, 2
267, 2, 54, 55, 2
267, 2, 54, 55, 2
267, 2, 55, 57, 2
267, 2, 55, 57, 2
267, 2, 56, 67, 2
267, 2, 56, 67, 2
267, 2, 57, 58, 2
267, 2, 57, 58, 2
267, 2, 58, 59, 2
267, 2, 58, 59, 2
267, 2, 59, 60, 2
267, 2, 59, 60, 2
267, 2, 60, 61, 2
267, 2, 60, 61, 2
267, 2, 61, 62, 2
267, 2, 61, 62, 2
267, 2, 62, 63, 2
267, 2, 62, 63, 2
267, 2, 63, 64, 2
267, 2, 63, 64, 2
267, 2, 64, 65, 2
267, 2, 64, 65, 2
267, 2, 65, 66, 2
267, 2, 65, 66, 2
267, 2, 66, 68, 2
267, 2, 66, 68, 2
267, 2, 67, 78, 2
267, 2, 67, 78, 2
267, 2, 68, 69, 2
267, 2, 68, 69, 2
267, 2, 69, 70, 2
267, 2, 69, 70, 2
267, 2, 70, 71, 2
267, 2, 70, 71, 2
267, 2, 71, 72, 2
267, 2, 71, 72, 2
267, 2, 72, 73, 2
267, 2, 72, 73, 2
267, 2, 73, 74, 2
267, 2, 73, 74, 2
267, 2, 74, 75, 2
267, 2, 74, 75, 2
267, 2, 75, 76, 2
267, 2, 75, 76, 2
267, 2, 76, 77, 2
267, 2, 76, 77, 2
267, 2, 77, 79, 2
267, 2, 77, 79, 2
267, 2, 78, 89, 2
267, 2, 78, 89, 2
267, 2, 79, 80, 2
267, 2, 79, 80, 2
267, 2, 80, 81, 2
267, 2, 80, 81, 2
267, 2, 81, 82, 2
267, 2, 81, 82, 2
267, 2, 82, 83, 2
267, 2, 82, 83, 2
267, 2, 83, 84, 2
267, 2, 83, 84, 2
267, 2, 84, 85, 2
267, 2, 84, 85, 2
267, 2, 85, 86, 2
267, 2, 85, 86, 2
267, 2, 86, 87, 2
267, 2, 86, 87, 2
267, 2, 87, 88, 2
267, 2, 87, 88, 2
267, 2, 88, 90, 2
267, 2, 88, 90, 2
267, 2, 89, 100, 2
267, 2, 89, 100, 2
267, 2, 90, 91, 2
267, 2, 90, 91, 2
267, 2, 91, 92, 2
267, 2, 91, 92, 2
267, 2, 92, 93, 2
267, 2, 92, 93, 2
267, 2, 93, 94, 2
267, 2, 93, 94, 2
267, 2, 94, 95, 2
267, 2, 94, 95, 2
267, 2, 95, 96, 2
267, 2, 95, 96, 2
267, 2, 96, 97, 2
267, 2, 96, 97, 2
267, 2, 97, 98, 2
267, 2, 97, 98, 2
267, 2, 98, 99, 2
267, 2, 98, 99, 2
267, 2, 99, 101, 2
267, 2, 99, 101, 2
267, 2, 100, 112, 2
267, 2, 100, 112, 2
267, 2, 101, 102, 2
267, 2, 101, 102, 2
267, 2, 102, 103, 2
267, 2, 102, 103, 2
267, 2, 103, 104, 2
267, 2, 103, 104, 2
267, 2, 104, 105, 2
267, 2, 104, 105, 2
267, 2, 105, 106, 2
267, 2, 105, 106, 2
267, 2, 106, 107, 2
267, 2, 106, 107, 2
267, 2, 107, 108, 2
267, 2, 107, 108, 2
267, 2, 108, 109, 2
267, 2, 108, 109, 2
267, 2, 109, 110, 2
267, 2, 109, 110, 2
267, 2, 110, 113, 2
267, 2, 110, 113, 2
267, 2, 111, 222, 2
267, 2, 111, 222, 2
267, 2, 112, 123, 2
267, 2, 112, 123, 2
267, 2, 113, 114, 2
267, 2, 113, 114, 2
267, 2, 114, 115, 2
267, 2, 114, 115, 2
267, 2, 115, 116, 2
267, 2, 115, 116, 2
267, 2, 116, 117, 2
267, 2, 116, 117, 2
267, 2, 117, 118, 2
267, 2, 117, 118, 2
267, 2, 118, 119, 2
267, 2, 118, 119, 2
267, 2, 119, 120, 2
267, 2, 119, 120, 2
267, 2, 120, 121, 2
267, 2, 120, 121, 2
267, 2, 121, 122, 2
267, 2, 121, 122, 2
267, 2, 122, 124, 2
267, 2, 122, 124, 2
267, 2, 123, 134, 2
267, 2, 123, 134, 2
267, 2, 124, 125, 2
267, 2, 124, 125, 2
267, 2, 125, 126, 2
267, 2, 125, 126, 2
267, 2, 126, 127, 2
267, 2, 126, 127, 2
267, 2, 127, 128, 2
267, 2, 127, 128, 2
267, 2, 128, 129, 2
267, 2, 128, 129, 2
267, 2, 129, 130, 2
267, 2, 129, 130, 2
267, 2, 130, 131, 2
267, 2, 130, 131, 2
267, 2, 131, 132, 2
267, 2, 131, 132, 2
267, 2, 132, 133, 2
267, 2, 132, 133, 2
267, 2, 133, 135, 2
267, 2, 133, 135, 2
267, 2, 134, 145, 2
267, 2, 134, 145, 2
267, 2, 135, 136, 2
267, 2, 135, 136, 2
267, 2, 136, 137, 2
267, 2, 136, 137, 2
267, 2, 137, 138, 2
267, 2, 137, 138, 2
267, 2, 138, 139, 2
267, 2, 138, 139, 2
267, 2, 139, 140, 2
267, 2, 139, 140, 2
267, 2, 140, 141, 2
267, 2, 140, 141, 2
267, 2, 141, 142, 2
267, 2, 141, 142, 2
267, 2, 142, 143, 2
267, 2, 142, 143, 2
267, 2, 143, 144, 2
267, 2, 143, 144, 2
267, 2, 144, 146, 2
267, 2, 144, 146, 2
267, 2, 145, 156, 2
267, 2, 145, 156, 2
267, 2, 146, 147, 2
267, 2, 146, 147, 2
267, 2, 147, 148, 2
267, 2, 147, 148, 2
267, 2, 148, 149, 2
267, 2, 148, 149, 2
267, 2, 149, 150, 2
267, 2, 149, 150, 2
267, 2, 150, 151, 2
267, 2, 150, 151, 2
267, 2, 151, 152, 2
267, 2, 151, 152, 2
267, 2, 152, 153, 2
267, 2, 152, 153, 2
267, 2, 153, 154, 2
267, 2, 153, 154, 2
267, 2, 154, 155, 2
267, 2, 154, 155, 2
267, 2, 155, 157, 2
267, 2, 155, 157, 2
267, 2, 156, 167, 2
267, 2, 156, 167, 2
267, 2, 157, 158, 2
267, 2, 157, 158, 2
267, 2, 158, 159, 2
267, 2, 158, 159, 2
267, 2, 159, 160, 2
267, 2, 159, 160, 2
267, 2, 160, 161, 2
267, 2, 160, 161, 2
267, 2, 161, 162, 2
267, 2, 161, 162, 2
267, 2, 162, 163, 2
267, 2, 162, 163, 2
267, 2, 163, 164, 2
267, 2, 163, 164, 2
267, 2, 164, 165, 2
267, 2, 164, 165, 2
267, 2, 165, 166, 2
267, 2, 165, 166, 2
267, 2, 166, 168, 2
267, 2, 166, 168, 2
267, 2, 167, 178, 2
267, 2, 167, 178, 2
267, 2, 168, 169, 2
267, 2, 168, 169, 2
267, 2, 169, 170, 2
267, 2, 169, 170, 2
267, 2, 170, 171, 2
267, 2, 170, 171, 2
267, 2, 171, 172, 2
267, 2, 171, 172, 2
267, 2, 172, 173, 2
267, 2, 172, 173, 2
267, 2, 173, 174, 2
267, 2, 173, 174, 2
267, 2, 174, 175, 2
267, 2, 174, 175, 2
267, 2, 175, 176, 2
267, 2, 175, 176, 2
267, 2, 176, 177, 2
267, 2, 176, 177, 2
267, 2, 177, 179, 2
267, 2, 177, 179, 2
267, 2, 178, 189, 2
267, 2, 178, 189, 2
267, 2, 179, 180, 2
267, 2, 179, 180, 2
267, 2, 180, 181, 2
267, 2, 180, 181, 2
267, 2, 181, 182, 2
267, 2, 181, 182, 2
267, 2, 182, 183, 2
267, 2, 182, 183, 2
267, 2, 183, 184, 2
267, 2, 183, 184, 2
267, 2, 184, 185, 2
267, 2, 184, 185, 2
267, 2, 185, 186, 2
267, 2, 185, 186, 2
267, 2, 186, 187, 2
267, 2, 186, 187, 2
267, 2, 187, 188, 2
267, 2, 187, 188, 2
267, 2, 188, 190, 2
267, 2, 188, 190, 2
267, 2, 189, 200, 2
267, 2, 189, 200, 2
267, 2, 190, 191, 2
267, 2, 190, 191, 2
267, 2, 191, 192, 2
267, 2, 191, 192, 2
267, 2, 192, 193, 2
267, 2, 192, 193, 2
267, 2, 193, 194, 2
267, 2, 193, 194, 2
267, 2, 194, 195, 2
267, 2, 194, 195, 2
267, 2, 195, 196, 2
267, 2, 195, 196, 2
267, 2, 196, 197, 2
267, 2, 196, 197, 2
267, 2, 197, 198, 2
267, 2, 197, 198, 2
267, 2, 198, 199, 2
267, 2, 198, 199, 2
267, 2, 199, 201, 2
267, 2, 199, 201, 2
267, 2, 200, 211, 2
267, 2, 200, 211, 2
267, 2, 201, 202, 2
267, 2, 201, 202, 2
267, 2, 202, 203, 2
267, 2, 202, 203, 2
267, 2, 203, 204, 2
267, 2, 203, 204, 2
267, 2, 204, 205, 2
267, 2, 204, 205, 2
267, 2, 205, 206, 2
267, 2, 205, 206, 2
267, 2, 206, 207, 2
267, 2, 206, 207, 2
267, 2, 207, 208, 2
267, 2, 207, 208, 2
267, 2, 208, 209, 2
267, 2, 208, 209, 2
267, 2, 209, 210, 2
267, 2, 209, 210, 2
267, 2, 210, 212, 2
267, 2, 210, 212, 2
267, 2, 211, 223, 2
267, 2, 211, 223, 2
267, 2, 212, 213, 2
267, 2, 212, 213, 2
267, 2, 213, 214, 2
267, 2, 213, 214, 2
267, 2, 214, 215, 2
267, 2, 214, 215, 2
267, 2, 215, 216, 2
267, 2, 215, 216, 2
267, 2, 216, 217, 2
267, 2, 216, 217, 2
267, 2, 217, 218, 2
267, 2, 217, 218, 2
267, 2, 218, 219, 2
267, 2, 218, 219, 2
267, 2, 219, 220, 2
267, 2, 219, 220, 2
267, 2, 220, 221, 2
267, 2, 220, 221, 2
267, 2, 221, 224, 2
267, 2, 221, 224, 2
267, 2, 222, 308, 2
267, 2, 222, 308, 2
267, 2, 223, 234, 2
267, 2, 223, 234, 2
267, 2, 224, 225, 2
267, 2, 224, 225, 2
267, 2, 225, 226, 2
267, 2, 225, 226, 2
267, 2, 226, 227, 2
267, 2, 226, 227, 2
267, 2, 227, 228, 2
267, 2, 227, 228, 2
267, 2, 228, 229, 2
267, 2, 228, 229, 2
267, 2, 229, 230, 2
267, 2, 229, 230, 2
267, 2, 230, 231, 2
267, 2, 230, 231, 2
267, 2, 231, 232, 2
267, 2, 231, 232, 2
267, 2, 232, 233, 2
267, 2, 232, 233, 2
267, 2, 233, 235, 2
267, 2, 233, 235, 2
267, 2, 234, 245, 2
267, 2, 234, 245, 2
267, 2, 235, 236, 2
267, 2, 235, 236, 2
267, 2, 236, 237, 2
267, 2, 236, 237, 2
267, 2, 237, 238, 2
267, 2, 237, 238, 2
267, 2, 238, 239, 2
267, 2, 238, 239, 2
267, 2, 239, 240, 2
267, 2, 239, 240, 2
267, 2, 240, 241, 2
267, 2, 240, 241, 2
267, 2, 241, 242, 2
267, 2, 241, 242, 2
267, 2, 242, 243, 2
267, 2, 242, 243, 2
267, 2, 243, 244, 2
267, 2, 243, 244, 2
267, 2, 244, 246, 2
267, 2, 244, 246, 2
267, 2, 245, 256, 2
267, 2, 245, 256, 2
267, 2, 246, 247, 2
267, 2, 246, 247, 2
267, 2, 247, 248, 2
267, 2, 247, 248, 2
267, 2, 248, 249, 2
267, 2, 248, 249, 2
267, 2, 249, 250, 2
267, 2, 249, 250, 2
267, 2, 250, 251, 2
267, 2, 250, 251, 2
267, 2, 251, 252, 2
267, 2, 251, 252, 2
267, 2, 252, 253, 2
267, 2, 252, 253, 2
267, 2, 253, 254, 2
267, 2, 253, 254, 2
267, 2, 254, 255, 2
267, 2, 254, 255, 2
267, 2, 255, 257, 2
267, 2, 255, 257, 2
267, 2, 256, 267, 2
267, 2, 256, 267, 2
267, 2, 257, 258, 2
267, 2, 257, 258, 2
267, 2, 258, 259, 2
267, 2, 258, 259, 2
267, 2, 259, 260, 2
267, 2, 259, 260, 2
267, 2, 260, 261, 2
267, 2, 260, 261, 2
267, 2, 261, 262, 2
267, 2, 261, 262, 2
267, 2, 262, 263, 2
267, 2, 262, 263, 2
267, 2, 263, 264, 2
267, 2, 263, 264, 2
267, 2, 264, 265, 2
267, 2, 264, 265, 2
267, 2, 265, 266, 2
267, 2, 265, 266, 2
267, 2, 266, 268, 2
267, 2, 266, 268, 2
267, 2, 267, 278, 2
267, 2, 267, 278, 2
267, 2, 268, 269, 2
267, 2, 268, 269, 2
267, 2, 269, 270, 2
267, 2, 269, 270, 2
267, 2, 270, 271, 2
267, 2, 270, 271, 2
267, 2, 271, 272, 2
267, 2, 271, 272, 2
267, 2, 272, 273, 2
267, 2, 272, 273, 2
267, 2, 273, 274, 2
267, 2, 273, 274, 2
267, 2, 274, 275, 2
267, 2, 274, 275, 2
267, 2, 275, 276, 2
267, 2, 275, 276, 2
267, 2, 276, 277, 2
267, 2, 276, 277, 2
267, 2, 277, 279, 2
267, 2, 277, 279, 2
267, 2, 278, 289, 2
267, 2, 278, 289, 2
267, 2, 279, 280, 2
267, 2, 279, 280, 2
267, 2, 280, 281, 2
267, 2, 280, 281, 2
267, 2, 281, 282, 2
267, 2, 281, 282, 2
267, 2, 282, 283, 2
267, 2, 282, 283, 2
267, 2, 283, 284, 2
267, 2, 283, 284, 2
267, 2, 284, 285, 2
267, 2, 284, 285, 2
267, 2, 285, 286, 2
267, 2, 285, 286, 2
267, 2, 286, 287, 2
267, 2, 286, 287, 2
267, 2, 287, 288, 2
267, 2, 287, 288, 2
267, 2, 288, 290, 2
267, 2, 288, 290, 2
267, 2, 289, 300, 2
267, 2, 289, 300, 2
267, 2, 290, 291, 2
267, 2, 290, 291, 2
267, 2, 291, 292, 2
267, 2, 291, 292, 2
267, 2, 292, 293, 2
267, 2, 292, 293, 2
267, 2, 293, 294, 2
267, 2, 293, 294, 2
267, 2, 294, 295, 2
267, 2, 294, 295, 2
267, 2, 295, 296, 2
267, 2, 295, 296, 2
267, 2, 296, 297, 2
267, 2, 296, 297, 2
267, 2, 297, 298, 2
267, 2, 297, 298, 2
267, 2, 298, 299, 2
267, 2, 298, 299, 2
267, 2, 299, 301, 2
267, 2, 299, 301, 2
267, 2, 300, 306, 2
267, 2, 300, 306, 2
267, 2, 301, 302, 2
267, 2, 301, 302, 2
267, 2, 302, 303, 2
267, 2, 302, 303, 2
267, 2, 303, 304, 2
267, 2, 303, 304, 2
267, 2, 304, 305, 2
267, 2, 304, 305, 2
267, 2, 305, 374, 2
267, 2, 305, 374, 2
267, 2, 306, 307, 2
267, 2, 306, 307, 2
267, 2, 307, 309, 2
267, 2, 307, 309, 2
267, 2, 308, 319, 2
267, 2, 308, 319, 2
267, 2, 309, 310, 2
267, 2, 309, 310, 2
267, 2, 310, 311, 2
267, 2, 310, 311, 2
267, 2, 311, 312, 2
267, 2, 311, 312, 2
267, 2, 312, 313, 2
267, 2, 312, 313, 2
267, 2, 313, 314, 2
267, 2, 313, 314, 2
267, 2, 314, 315, 2
267, 2, 314, 315, 2
267, 2, 315, 316, 2
267, 2, 315, 316, 2
267, 2, 316, 317, 2
267, 2, 316, 317, 2
267, 2, 317, 318, 2
267, 2, 317, 318, 2
267, 2, 318, 320, 2
267, 2, 318, 320, 2
267, 2, 319, 330, 2
267, 2, 319, 330, 2
267, 2, 320, 321, 2
267, 2, 320, 321, 2
267, 2, 321, 322, 2
267, 2, 321, 322, 2
267, 2, 322, 323, 2
267, 2, 322, 323, 2
267, 2, 323, 324, 2
267, 2, 323, 324, 2
267, 2, 324, 325, 2
267, 2, 324, 325, 2
267, 2, 325, 326, 2
267, 2, 325, 326, 2
267, 2, 326, 327, 2
267, 2, 326, 327, 2
267, 2, 327, 328, 2
267, 2, 327, 328, 2
267, 2, 328, 329, 2
267, 2, 328, 329, 2
267, 2, 329, 331, 2
267, 2, 329, 331, 2
267, 2, 330, 341, 2
267, 2, 330, 341, 2
267, 2, 331, 332, 2
267, 2, 331, 332, 2
267, 2, 332, 333, 2
267, 2, 332, 333, 2
267, 2, 333, 334, 2
267, 2, 333, 334, 2
267, 2, 334, 335, 2
267, 2, 334, 335, 2
267, 2, 335, 336, 2
267, 2, 335, 336, 2
267, 2, 336, 337, 2
267, 2, 336, 337, 2
267, 2, 337, 338, 2
267, 2, 337, 338, 2
267, 2, 338, 339, 2
267, 2, 338, 339, 2
267, 2, 339, 340, 2
267, 2, 339, 340, 2
267, 2, 340, 342, 2
267, 2, 340, 342, 2
267, 2, 341, 352, 2
267, 2, 341, 352, 2
267, 2, 342, 343, 2
267, 2, 342, 343, 2
267, 2, 343, 344, 2
267, 2, 343, 344, 2
267, 2, 344, 345, 2
267, 2, 344, 345, 2
267, 2, 345, 346, 2
267, 2, 345, 346, 2
267, 2, 346, 347, 2
267, 2, 346, 347, 2
267, 2, 347, 348, 2
267, 2, 347, 348, 2
267, 2, 348, 349, 2
267, 2, 348, 349, 2
267, 2, 349, 350, 2
267, 2, 349, 350, 2
267, 2, 350, 351, 2
267, 2, 350, 351, 2
267, 2, 351, 353, 2
267, 2, 351, 353, 2
267, 2, 352, 363, 2
267, 2, 352, 363, 2
267, 2, 353, 354, 2
267, 2, 353, 354, 2
267, 2, 354, 355, 2
267, 2, 354, 355, 2
267, 2, 355, 356, 2
267, 2, 355, 356, 2
267, 2, 356, 357, 2
267, 2, 356, 357, 2
267, 2, 357, 358, 2
267, 2, 357, 358, 2
267, 2, 358, 359, 2
267, 2, 358, 359, 2
267, 2, 359, 360, 2
267, 2, 359, 360, 2
267, 2, 360, 361, 2
267, 2, 360, 361, 2
267, 2, 361, 362, 2
267, 2, 361, 362, 2
267, 2, 362, 364, 2
267, 2, 362, 364, 2
267, 2, 363, 1, 2
267, 2, 363, 1, 2
267, 2, 364, 365, 2
267, 2, 364, 365, 2
267, 2, 365, 366, 2
267, 2, 365, 366, 2
267, 2, 366, 367, 2
267, 2, 366, 367, 2
267, 2, 367, 368, 2
267, 2, 367, 368, 2
267, 2, 368, 369, 2
267, 2, 368, 369, 2
267, 2, 369, 370, 2
267, 2, 369, 370, 2
267, 2, 370, 371, 2
267, 2, 370, 371, 2
267, 2, 371, 372, 2
267, 2, 371, 372, 2
267, 2, 372, 373, 2
267, 2, 372, 373, 2
267, 2, 373, 2, 2
267, 2, 373, 2, 2
268, 5, 1, 0, 2
268, 5, 1, 0, 3
268, 5, 1, 0, 3
268, 5, 1, 0, 3
268, 5, 1, 0, 3
Goal
1
2
3
4
5
6
7
8
9
10
11
12
13
14
15
16
17
18
19
20
21
22
23
24
25
26
27
28
29
30
31
32
33
34
35
36
37
38
39
40
41
42
43
44
45
46
47
48
49
50
51
52
53
54
55
56
57
58
59
60
61
62
63
64
65
66
67
68
69
70
71
72
73
74
75
76
77
78
79
80
81
82
83
84
85
86
87
88
89
90
91
92
93
94
95
96
97
98
99
100
101
102
103
104
105
106
107
108
109
110
111
112
113
114
115
116
117
118
119
120
121
122
123
124
125
126
127
128
129
130
131
132
133
134
135
136
137
138
139
140
141
142
143
144
145
146
147
148
149
150
151
152
153
154
155
156
157
158
159
160
161
162
163
164
165
166
167
168
169
170
171
172
173
174
175
176
177
178
179
180
181
182
183
184
185
186
187
188
189
190
191
192
193
194
195
196
197
198
199
200
201
202
203
204
205
206
207
208
209
210
211
212
213
214
215
216
217
218
219
220
221
222
223
224
225
226
227
228
229
230
231
232
233
234
235
236
237
238
239
240
241
242
243
244
245
246
247
248
249
250
251
252
253
254
255
256
257
258
259
260
261
262
263
264
265
266
267
268
