CG
269
0, 1, 267, 337
1, 2, 0, 1
1, 2, 221, 1
2, 4, 0, 1
2, 4, 3, 1
2, 4, 4, 1
2, 4, 5, 1
3, 2, 0, 1
3, 2, 164, 1
4, 2, 0, 1
4, 2, 165, 1
5, 2, 0, 1
5, 2, 166, 1
6, 2, 0, 2
6, 2, 7, 2
7, 2, 0, 1
7, 2, 185, 1
8, 3, 0, 1
8, 3, 9, 1
8, 3, 10, 1
9, 2, 0, 1
9, 2, 11, 1
10, 2, 0, 1
10, 2, 12, 1
11, 2, 0, 1
11, 2, 21, 1
12, 2, 0, 1
12, 2, 22, 1
13, 4, 0, 1
13, 4, 14, 1
13, 4, 24, 1
13, 4, 15, 1
14, 2, 0, 1
14, 2, 168, 1
15, 2, 0, 1
15, 2, 25, 1
16, 2, 0, 1
16, 2, 200, 1
17, 2, 0, 1
17, 2, 18, 1
18, 2, 0, 1
18, 2, 19, 1
19, 2, 0, 1
19, 2, 266, 1
20, 3, 0, 3
20, 3, 193, 3
20, 3, 267, 2
21, 3, 0, 1
21, 3, 22, 1
21, 3, 23, 1
22, 3, 0, 1
22, 3, 21, 1
22, 3, 23, 1
23, 2, 0, 1
23, 2, 230, 1
24, 3, 0, 2
24, 3, 26, 2
24, 3, 267, 1
25, 3, 0, 2
25, 3, 198, 2
25, 3, 267, 1
26, 5, 0, 1
26, 5, 27, 1
26, 5, 28, 1
26, 5, 16, 1
26, 5, 29, 1
27, 3, 0, 2
27, 3, 233, 2
27, 3, 267, 1
28, 3, 0, 2
28, 3, 234, 2
28, 3, 267, 1
29, 3, 0, 2
29, 3, 235, 2
29, 3, 267, 1
30, 3, 0, 2
30, 3, 31, 2
30, 3, 267, 1
31, 3, 0, 1
31, 3, 48, 1
31, 3, 32, 1
32, 3, 0, 2
32, 3, 87, 2
32, 3, 267, 1
33, 3, 0, 5
33, 3, 34, 5
33, 3, 267, 1
34, 2, 0, 1
34, 2, 232, 1
35, 3, 0, 2
35, 3, 236, 2
35, 3, 267, 1
36, 3, 0, 2
36, 3, 237, 2
36, 3, 267, 1
37, 3, 0, 2
37, 3, 180, 2
37, 3, 267, 1
38, 3, 0, 2
38, 3, 49, 2
38, 3, 267, 1
39, 3, 0, 2
39, 3, 169, 2
39, 3, 267, 1
40, 3, 0, 2
40, 3, 170, 2
40, 3, 267, 1
41, 3, 0, 2
41, 3, 42, 2
41, 3, 267, 1
42, 4, 0, 1
42, 4, 43, 1
42, 4, 44, 1
42, 4, 45, 1
43, 3, 0, 2
43, 3, 201, 2
43, 3, 267, 1
44, 3, 0, 2
44, 3, 202, 2
44, 3, 267, 1
45, 3, 0, 2
45, 3, 203, 2
45, 3, 267, 1
46, 3, 0, 2
46, 3, 205, 2
46, 3, 267, 1
47, 3, 0, 2
47, 3, 206, 2
47, 3, 267, 1
48, 3, 0, 3
48, 3, 177, 3
48, 3, 267, 2
49, 3, 0, 2
49, 3, 241, 2
49, 3, 267, 1
50, 3, 0, 3
50, 3, 213, 3
50, 3, 267, 2
51, 3, 0, 3
51, 3, 52, 3
51, 3, 267, 2
52, 4, 0, 1
52, 4, 53, 1
52, 4, 54, 1
52, 4, 55, 1
53, 3, 0, 3
53, 3, 107, 3
53, 3, 267, 2
54, 3, 0, 3
54, 3, 56, 3
54, 3, 267, 2
55, 3, 0, 3
55, 3, 194, 3
55, 3, 267, 2
56, 5, 0, 1
56, 5, 88, 1
56, 5, 89, 1
56, 5, 57, 1
56, 5, 58, 1
57, 3, 0, 3
57, 3, 251, 3
57, 3, 267, 2
58, 3, 0, 3
58, 3, 252, 3
58, 3, 267, 2
59, 3, 0, 3
59, 3, 60, 3
59, 3, 267, 2
60, 4, 0, 1
60, 4, 61, 1
60, 4, 30, 1
60, 4, 62, 1
61, 3, 0, 3
61, 3, 108, 3
61, 3, 267, 2
62, 3, 0, 3
62, 3, 90, 3
62, 3, 267, 2
63, 5, 0, 1
63, 5, 35, 1
63, 5, 64, 1
63, 5, 36, 1
63, 5, 65, 1
64, 3, 0, 3
64, 3, 238, 3
64, 3, 267, 2
65, 3, 0, 3
65, 3, 239, 3
65, 3, 267, 2
66, 3, 0, 3
66, 3, 109, 3
66, 3, 267, 2
67, 3, 0, 3
67, 3, 124, 3
67, 3, 267, 2
68, 3, 0, 3
68, 3, 110, 3
68, 3, 267, 2
69, 3, 0, 3
69, 3, 111, 3
69, 3, 267, 2
70, 5, 0, 1
70, 5, 38, 1
70, 5, 39, 1
70, 5, 40, 1
70, 5, 41, 1
71, 3, 0, 3
71, 3, 187, 3
71, 3, 267, 2
72, 3, 0, 3
72, 3, 217, 3
72, 3, 267, 2
73, 3, 0, 3
73, 3, 256, 3
73, 3, 267, 2
74, 3, 0, 3
74, 3, 261, 3
74, 3, 267, 2
75, 3, 0, 3
75, 3, 262, 3
75, 3, 267, 2
76, 3, 0, 3
76, 3, 263, 3
76, 3, 267, 2
77, 3, 0, 3
77, 3, 264, 3
77, 3, 267, 2
78, 3, 0, 3
78, 3, 257, 3
78, 3, 267, 2
79, 3, 0, 3
79, 3, 258, 3
79, 3, 267, 2
80, 3, 0, 3
80, 3, 259, 3
80, 3, 267, 2
81, 3, 0, 3
81, 3, 218, 3
81, 3, 267, 2
82, 3, 0, 3
82, 3, 219, 3
82, 3, 267, 2
83, 3, 0, 3
83, 3, 214, 3
83, 3, 267, 2
84, 3, 0, 3
84, 3, 215, 3
84, 3, 267, 2
85, 4, 0, 1
85, 4, 46, 1
85, 4, 47, 1
85, 4, 86, 1
86, 3, 0, 3
86, 3, 207, 3
86, 3, 267, 2
87, 3, 0, 3
87, 3, 178, 3
87, 3, 267, 2
88, 3, 0, 4
88, 3, 253, 4
88, 3, 267, 3
89, 3, 0, 4
89, 3, 254, 4
89, 3, 267, 3
90, 5, 0, 4
90, 5, 33, 1
90, 5, 63, 2
90, 5, 2, 1
90, 5, 267, 1
91, 3, 0, 4
91, 3, 133, 4
91, 3, 267, 3
92, 4, 0, 3
92, 4, 221, 2
92, 4, 171, 1
92, 4, 267, 1
93, 4, 0, 3
93, 4, 221, 2
93, 4, 172, 1
93, 4, 267, 1
94, 4, 0, 3
94, 4, 180, 1
94, 4, 246, 2
94, 4, 267, 1
95, 3, 0, 4
95, 3, 96, 4
95, 3, 267, 1
96, 3, 0, 2
96, 3, 97, 2
96, 3, 267, 1
97, 3, 0, 2
97, 3, 98, 2
97, 3, 267, 1
98, 3, 0, 2
98, 3, 184, 2
98, 3, 267, 1
99, 4, 0, 3
99, 4, 173, 1
99, 4, 100, 2
99, 4, 267, 1
100, 3, 0, 2
100, 3, 188, 2
100, 3, 267, 1
101, 4, 0, 3
101, 4, 169, 1
101, 4, 242, 2
101, 4, 267, 1
102, 4, 0, 3
102, 4, 170, 1
102, 4, 243, 2
102, 4, 267, 1
103, 3, 0, 4
103, 3, 181, 4
103, 3, 267, 3
104, 3, 0, 4
104, 3, 182, 4
104, 3, 267, 3
105, 3, 0, 2
105, 3, 106, 2
105, 3, 267, 1
106, 3, 0, 2
106, 3, 266, 2
106, 3, 267, 1
107, 3, 0, 3
107, 3, 112, 3
107, 3, 267, 2
108, 5, 0, 5
108, 5, 171, 2
108, 5, 172, 2
108, 5, 1, 1
108, 5, 267, 2
109, 3, 0, 3
109, 3, 195, 3
109, 3, 267, 2
110, 3, 0, 3
110, 3, 125, 3
110, 3, 267, 2
111, 5, 0, 5
111, 5, 173, 2
111, 5, 70, 2
111, 5, 8, 1
111, 5, 267, 2
112, 3, 0, 3
112, 3, 222, 3
112, 3, 267, 2
113, 4, 0, 1
113, 4, 50, 1
113, 4, 83, 1
113, 4, 84, 1
114, 5, 0, 1
114, 5, 51, 1
114, 5, 37, 1
114, 5, 67, 1
114, 5, 68, 1
115, 3, 0, 3
115, 3, 186, 3
115, 3, 267, 2
116, 3, 0, 3
116, 3, 117, 3
116, 3, 267, 2
117, 3, 0, 3
117, 3, 118, 3
117, 3, 267, 2
118, 3, 0, 3
118, 3, 119, 3
118, 3, 267, 2
119, 3, 0, 3
119, 3, 120, 3
119, 3, 267, 2
120, 3, 0, 1
120, 3, 103, 1
120, 3, 104, 1
121, 4, 0, 1
121, 4, 72, 1
121, 4, 81, 1
121, 4, 82, 1
122, 5, 0, 1
122, 5, 73, 1
122, 5, 78, 1
122, 5, 79, 1
122, 5, 80, 1
123, 5, 0, 1
123, 5, 74, 1
123, 5, 75, 1
123, 5, 76, 1
123, 5, 77, 1
124, 4, 0, 5
124, 4, 184, 3
124, 4, 95, 2
124, 4, 267, 3
125, 3, 0, 4
125, 3, 197, 4
125, 3, 267, 3
126, 3, 0, 4
126, 3, 127, 4
126, 3, 267, 3
127, 4, 0, 1
127, 4, 91, 1
127, 4, 69, 1
127, 4, 71, 1
128, 3, 0, 4
128, 3, 129, 4
128, 3, 267, 3
129, 3, 0, 1
129, 3, 59, 1
129, 3, 66, 1
130, 3, 0, 6
130, 3, 131, 6
130, 3, 267, 3
131, 3, 0, 3
131, 3, 185, 3
131, 3, 267, 2
132, 3, 0, 2
132, 3, 116, 2
132, 3, 267, 1
133, 3, 0, 4
133, 3, 134, 4
133, 3, 267, 3
134, 3, 0, 3
134, 3, 135, 3
134, 3, 267, 2
135, 3, 0, 4
135, 3, 189, 4
135, 3, 267, 3
136, 3, 0, 5
136, 3, 137, 5
136, 3, 267, 2
137, 3, 0, 3
137, 3, 138, 3
137, 3, 267, 2
138, 3, 0, 3
138, 3, 113, 3
138, 3, 267, 2
139, 3, 0, 3
139, 3, 114, 3
139, 3, 267, 2
140, 3, 0, 6
140, 3, 141, 6
140, 3, 267, 2
141, 3, 0, 3
141, 3, 186, 3
141, 3, 267, 2
142, 3, 0, 3
142, 3, 122, 3
142, 3, 267, 2
143, 3, 0, 3
143, 3, 123, 3
143, 3, 267, 2
144, 3, 0, 3
144, 3, 145, 3
144, 3, 267, 2
145, 3, 0, 3
145, 3, 193, 3
145, 3, 267, 2
146, 3, 0, 8
146, 3, 191, 8
146, 3, 267, 7
147, 3, 0, 4
147, 3, 148, 4
147, 3, 267, 3
148, 3, 0, 6
148, 3, 149, 6
148, 3, 267, 2
149, 3, 0, 3
149, 3, 223, 3
149, 3, 267, 2
150, 3, 0, 4
150, 3, 224, 4
150, 3, 267, 3
151, 3, 0, 4
151, 3, 152, 4
151, 3, 267, 3
152, 4, 0, 3
152, 4, 130, 2
152, 4, 6, 1
152, 4, 267, 1
153, 4, 0, 4
153, 4, 187, 1
153, 4, 132, 3
153, 4, 267, 2
154, 4, 0, 5
154, 4, 189, 2
154, 4, 211, 3
154, 4, 267, 3
155, 3, 0, 10
155, 3, 196, 10
155, 3, 267, 9
156, 4, 0, 5
156, 4, 140, 3
156, 4, 115, 2
156, 4, 267, 3
157, 4, 0, 5
157, 4, 230, 3
157, 4, 188, 2
157, 4, 267, 3
158, 6, 0, 7
158, 6, 136, 3
158, 6, 13, 1
158, 6, 17, 1
158, 6, 85, 2
158, 6, 267, 3
159, 4, 0, 5
159, 4, 126, 2
159, 4, 121, 3
159, 4, 267, 3
160, 3, 0, 1
160, 3, 146, 1
160, 3, 155, 1
161, 4, 0, 6
161, 4, 194, 3
161, 4, 150, 3
161, 4, 267, 4
162, 4, 0, 3
162, 4, 195, 1
162, 4, 174, 2
162, 4, 267, 1
163, 4, 0, 5
163, 4, 197, 2
163, 4, 151, 3
163, 4, 267, 3
164, 4, 0, 1
164, 4, 165, 1
164, 4, 166, 1
164, 4, 167, 1
165, 4, 0, 1
165, 4, 164, 1
165, 4, 166, 1
165, 4, 167, 1
166, 4, 0, 1
166, 4, 164, 1
166, 4, 165, 1
166, 4, 167, 1
167, 2, 0, 1
167, 2, 232, 1
168, 4, 0, 1
168, 4, 175, 1
168, 4, 198, 1
168, 4, 199, 1
169, 3, 0, 2
169, 3, 101, 2
169, 3, 267, 1
170, 3, 0, 2
170, 3, 102, 2
170, 3, 267, 1
171, 3, 0, 2
171, 3, 92, 2
171, 3, 267, 1
172, 3, 0, 2
172, 3, 93, 2
172, 3, 267, 1
173, 3, 0, 2
173, 3, 99, 2
173, 3, 267, 1
174, 3, 0, 1
174, 3, 190, 1
174, 3, 183, 1
175, 4, 0, 1
175, 4, 168, 1
175, 4, 198, 1
175, 4, 199, 1
176, 3, 0, 2
176, 3, 209, 2
176, 3, 267, 1
177, 3, 0, 1
177, 3, 178, 1
177, 3, 179, 1
178, 3, 0, 1
178, 3, 177, 1
178, 3, 179, 1
179, 3, 0, 4
179, 3, 227, 4
179, 3, 267, 3
180, 3, 0, 4
180, 3, 156, 4
180, 3, 267, 3
181, 3, 0, 1
181, 3, 182, 1
181, 3, 176, 1
182, 3, 0, 1
182, 3, 181, 1
182, 3, 176, 1
183, 3, 0, 4
183, 3, 268, 4
183, 3, 267, 3
184, 3, 0, 3
184, 3, 248, 3
184, 3, 267, 2
185, 3, 0, 4
185, 3, 250, 4
185, 3, 267, 3
186, 3, 0, 2
186, 3, 94, 2
186, 3, 267, 1
187, 3, 0, 4
187, 3, 153, 4
187, 3, 267, 3
188, 3, 0, 4
188, 3, 157, 4
188, 3, 267, 3
189, 3, 0, 4
189, 3, 154, 4
189, 3, 267, 3
190, 3, 0, 1
190, 3, 174, 1
190, 3, 183, 1
191, 3, 0, 1
191, 3, 196, 1
191, 3, 192, 1
192, 3, 0, 8
192, 3, 162, 8
192, 3, 267, 7
193, 3, 0, 6
193, 3, 158, 6
193, 3, 267, 5
194, 3, 0, 6
194, 3, 161, 6
194, 3, 267, 5
195, 3, 0, 8
195, 3, 160, 8
195, 3, 267, 7
196, 3, 0, 1
196, 3, 191, 1
196, 3, 192, 1
197, 3, 0, 7
197, 3, 163, 7
197, 3, 267, 6
198, 4, 0, 1
198, 4, 168, 1
198, 4, 175, 1
198, 4, 199, 1
199, 3, 0, 2
199, 3, 266, 2
199, 3, 267, 1
200, 5, 0, 1
200, 5, 233, 1
200, 5, 234, 1
200, 5, 235, 1
200, 5, 210, 1
201, 4, 0, 1
201, 4, 202, 1
201, 4, 203, 1
201, 4, 204, 1
202, 4, 0, 1
202, 4, 201, 1
202, 4, 203, 1
202, 4, 204, 1
203, 4, 0, 1
203, 4, 201, 1
203, 4, 202, 1
203, 4, 204, 1
204, 3, 0, 2
204, 3, 244, 2
204, 3, 267, 1
205, 4, 0, 1
205, 4, 206, 1
205, 4, 207, 1
205, 4, 208, 1
206, 4, 0, 1
206, 4, 205, 1
206, 4, 207, 1
206, 4, 208, 1
207, 4, 0, 1
207, 4, 205, 1
207, 4, 206, 1
207, 4, 208, 1
208, 3, 0, 2
208, 3, 105, 2
208, 3, 267, 1
209, 4, 0, 1
209, 4, 211, 1
209, 4, 229, 1
209, 4, 212, 1
210, 2, 0, 1
210, 2, 175, 1
211, 4, 0, 1
211, 4, 229, 1
211, 4, 212, 1
211, 4, 209, 1
212, 3, 0, 3
212, 3, 139, 3
212, 3, 267, 2
213, 4, 0, 1
213, 4, 214, 1
213, 4, 215, 1
213, 4, 216, 1
214, 4, 0, 1
214, 4, 213, 1
214, 4, 215, 1
214, 4, 216, 1
215, 4, 0, 1
215, 4, 213, 1
215, 4, 214, 1
215, 4, 216, 1
216, 3, 0, 3
216, 3, 266, 3
216, 3, 267, 2
217, 4, 0, 1
217, 4, 218, 1
217, 4, 219, 1
217, 4, 220, 1
218, 4, 0, 1
218, 4, 217, 1
218, 4, 219, 1
218, 4, 220, 1
219, 4, 0, 1
219, 4, 217, 1
219, 4, 218, 1
219, 4, 220, 1
220, 3, 0, 3
220, 3, 142, 3
220, 3, 267, 2
221, 3, 0, 3
221, 3, 226, 3
221, 3, 267, 2
222, 4, 0, 1
222, 4, 223, 1
222, 4, 224, 1
222, 4, 225, 1
223, 4, 0, 1
223, 4, 222, 1
223, 4, 224, 1
223, 4, 225, 1
224, 4, 0, 1
224, 4, 222, 1
224, 4, 223, 1
224, 4, 225, 1
225, 3, 0, 3
225, 3, 247, 3
225, 3, 267, 2
226, 4, 0, 1
226, 4, 227, 1
226, 4, 231, 1
226, 4, 228, 1
227, 4, 0, 1
227, 4, 226, 1
227, 4, 231, 1
227, 4, 228, 1
228, 3, 0, 4
228, 3, 190, 4
228, 3, 267, 3
229, 4, 0, 1
229, 4, 211, 1
229, 4, 212, 1
229, 4, 209, 1
230, 3, 0, 3
230, 3, 229, 3
230, 3, 267, 2
231, 4, 0, 1
231, 4, 226, 1
231, 4, 227, 1
231, 4, 228, 1
232, 3, 0, 4
232, 3, 231, 4
232, 3, 267, 3
233, 5, 0, 1
233, 5, 234, 1
233, 5, 200, 1
233, 5, 235, 1
233, 5, 210, 1
234, 5, 0, 1
234, 5, 233, 1
234, 5, 200, 1
234, 5, 235, 1
234, 5, 210, 1
235, 5, 0, 1
235, 5, 233, 1
235, 5, 234, 1
235, 5, 200, 1
235, 5, 210, 1
236, 5, 0, 1
236, 5, 238, 1
236, 5, 237, 1
236, 5, 239, 1
236, 5, 240, 1
237, 5, 0, 1
237, 5, 236, 1
237, 5, 238, 1
237, 5, 239, 1
237, 5, 240, 1
238, 5, 0, 1
238, 5, 236, 1
238, 5, 237, 1
238, 5, 239, 1
238, 5, 240, 1
239, 5, 0, 1
239, 5, 236, 1
239, 5, 238, 1
239, 5, 237, 1
239, 5, 240, 1
240, 3, 0, 3
240, 3, 232, 3
240, 3, 267, 2
241, 5, 0, 1
241, 5, 242, 1
241, 5, 243, 1
241, 5, 244, 1
241, 5, 245, 1
242, 5, 0, 1
242, 5, 241, 1
242, 5, 243, 1
242, 5, 244, 1
242, 5, 245, 1
243, 5, 0, 1
243, 5, 241, 1
243, 5, 242, 1
243, 5, 244, 1
243, 5, 245, 1
244, 5, 0, 1
244, 5, 241, 1
244, 5, 242, 1
244, 5, 243, 1
244, 5, 245, 1
245, 3, 0, 2
245, 3, 230, 2
245, 3, 267, 1
246, 5, 0, 1
246, 5, 247, 1
246, 5, 248, 1
246, 5, 250, 1
246, 5, 249, 1
247, 5, 0, 1
247, 5, 246, 1
247, 5, 248, 1
247, 5, 250, 1
247, 5, 249, 1
248, 5, 0, 1
248, 5, 247, 1
248, 5, 246, 1
248, 5, 250, 1
248, 5, 249, 1
249, 3, 0, 2
249, 3, 128, 2
249, 3, 267, 1
250, 5, 0, 1
250, 5, 247, 1
250, 5, 246, 1
250, 5, 248, 1
250, 5, 249, 1
251, 5, 0, 1
251, 5, 253, 1
251, 5, 254, 1
251, 5, 252, 1
251, 5, 255, 1
252, 5, 0, 1
252, 5, 253, 1
252, 5, 254, 1
252, 5, 251, 1
252, 5, 255, 1
253, 5, 0, 1
253, 5, 254, 1
253, 5, 251, 1
253, 5, 252, 1
253, 5, 255, 1
254, 5, 0, 1
254, 5, 253, 1
254, 5, 251, 1
254, 5, 252, 1
254, 5, 255, 1
255, 3, 0, 3
255, 3, 147, 3
255, 3, 267, 2
256, 5, 0, 1
256, 5, 257, 1
256, 5, 258, 1
256, 5, 259, 1
256, 5, 260, 1
257, 5, 0, 1
257, 5, 256, 1
257, 5, 258, 1
257, 5, 259, 1
257, 5, 260, 1
258, 5, 0, 1
258, 5, 256, 1
258, 5, 257, 1
258, 5, 259, 1
258, 5, 260, 1
259, 5, 0, 1
259, 5, 256, 1
259, 5, 257, 1
259, 5, 258, 1
259, 5, 260, 1
260, 3, 0, 3
260, 3, 143, 3
260, 3, 267, 2
261, 5, 0, 1
261, 5, 262, 1
261, 5, 263, 1
261, 5, 264, 1
261, 5, 265, 1
262, 5, 0, 1
262, 5, 261, 1
262, 5, 263, 1
262, 5, 264, 1
262, 5, 265, 1
263, 5, 0, 1
263, 5, 261, 1
263, 5, 262, 1
263, 5, 264, 1
263, 5, 265, 1
264, 5, 0, 1
264, 5, 261, 1
264, 5, 262, 1
264, 5, 263, 1
264, 5, 265, 1
265, 3, 0, 3
265, 3, 144, 3
265, 3, 267, 2
266, 3, 0, 6
266, 3, 159, 6
266, 3, 267, 5
267, 238, 0, 337
267, 238, 20, 2
267, 238, 268, 3
267, 238, 90, 3
267, 238, 232, 5
267, 238, 111, 4
267, 238, 230, 5
267, 238, 33, 1
267, 238, 34, 1
267, 238, 173, 2
267, 238, 99, 2
267, 238, 197, 10
267, 238, 163, 9
267, 238, 188, 5
267, 238, 157, 6
267, 238, 148, 5
267, 238, 149, 4
267, 238, 152, 4
267, 238, 185, 5
267, 238, 130, 4
267, 238, 193, 9
267, 238, 131, 5
267, 238, 159, 8
267, 238, 158, 8
267, 238, 266, 9
267, 238, 194, 9
267, 238, 161, 9
267, 238, 169, 2
267, 238, 101, 2
267, 238, 170, 2
267, 238, 102, 2
267, 238, 180, 4
267, 238, 94, 2
267, 238, 156, 6
267, 238, 186, 5
267, 238, 195, 9
267, 238, 162, 8
267, 238, 136, 4
267, 238, 140, 4
267, 238, 137, 4
267, 238, 141, 4
267, 238, 108, 4
267, 238, 221, 4
267, 238, 187, 5
267, 238, 153, 5
267, 238, 171, 2
267, 238, 92, 2
267, 238, 172, 2
267, 238, 93, 2
267, 238, 124, 5
267, 238, 184, 5
267, 238, 95, 2
267, 238, 96, 2
267, 238, 189, 7
267, 238, 154, 6
267, 238, 135, 5
267, 238, 133, 6
267, 238, 91, 3
267, 238, 211, 2
267, 238, 100, 2
267, 238, 49, 2
267, 238, 38, 1
267, 238, 241, 1
267, 238, 39, 1
267, 238, 242, 1
267, 238, 40, 1
267, 238, 243, 1
267, 238, 43, 1
267, 238, 201, 1
267, 238, 44, 1
267, 238, 202, 1
267, 238, 45, 1
267, 238, 203, 1
267, 238, 42, 1
267, 238, 204, 1
267, 238, 41, 1
267, 238, 244, 1
267, 238, 70, 1
267, 238, 245, 1
267, 238, 69, 2
267, 238, 229, 2
267, 238, 127, 3
267, 238, 212, 2
267, 238, 126, 4
267, 238, 112, 4
267, 238, 107, 4
267, 238, 53, 2
267, 238, 222, 2
267, 238, 88, 3
267, 238, 253, 3
267, 238, 89, 3
267, 238, 254, 3
267, 238, 57, 2
267, 238, 251, 2
267, 238, 58, 2
267, 238, 252, 2
267, 238, 56, 2
267, 238, 255, 2
267, 238, 147, 5
267, 238, 54, 2
267, 238, 223, 2
267, 238, 150, 5
267, 238, 55, 2
267, 238, 224, 3
267, 238, 52, 2
267, 238, 225, 2
267, 238, 51, 2
267, 238, 247, 2
267, 238, 115, 3
267, 238, 37, 1
267, 238, 246, 1
267, 238, 98, 2
267, 238, 97, 2
267, 238, 67, 2
267, 238, 248, 2
267, 238, 110, 4
267, 238, 125, 5
267, 238, 151, 5
267, 238, 68, 2
267, 238, 250, 3
267, 238, 114, 2
267, 238, 249, 1
267, 238, 61, 2
267, 238, 226, 2
267, 238, 48, 2
267, 238, 177, 2
267, 238, 87, 3
267, 238, 32, 1
267, 238, 178, 2
267, 238, 31, 1
267, 238, 179, 3
267, 238, 30, 1
267, 238, 227, 3
267, 238, 35, 1
267, 238, 236, 1
267, 238, 64, 2
267, 238, 238, 2
267, 238, 36, 1
267, 238, 237, 1
267, 238, 65, 2
267, 238, 239, 2
267, 238, 63, 1
267, 238, 240, 2
267, 238, 62, 2
267, 238, 231, 3
267, 238, 60, 2
267, 238, 228, 3
267, 238, 59, 2
267, 238, 190, 3
267, 238, 146, 7
267, 238, 191, 7
267, 238, 155, 9
267, 238, 196, 9
267, 238, 160, 7
267, 238, 192, 7
267, 238, 109, 4
267, 238, 66, 2
267, 238, 174, 1
267, 238, 129, 3
267, 238, 183, 3
267, 238, 128, 4
267, 238, 139, 4
267, 238, 27, 1
267, 238, 233, 1
267, 238, 28, 1
267, 238, 234, 1
267, 238, 29, 1
267, 238, 235, 1
267, 238, 26, 1
267, 238, 24, 1
267, 238, 25, 1
267, 238, 198, 1
267, 238, 199, 1
267, 238, 50, 2
267, 238, 213, 2
267, 238, 83, 2
267, 238, 214, 2
267, 238, 84, 2
267, 238, 215, 2
267, 238, 113, 2
267, 238, 216, 2
267, 238, 138, 4
267, 238, 46, 1
267, 238, 205, 1
267, 238, 47, 1
267, 238, 206, 1
267, 238, 86, 2
267, 238, 207, 2
267, 238, 85, 1
267, 238, 208, 1
267, 238, 106, 2
267, 238, 105, 2
267, 238, 72, 2
267, 238, 217, 2
267, 238, 81, 2
267, 238, 218, 2
267, 238, 82, 2
267, 238, 219, 2
267, 238, 121, 2
267, 238, 220, 2
267, 238, 73, 2
267, 238, 256, 2
267, 238, 78, 2
267, 238, 257, 2
267, 238, 79, 2
267, 238, 258, 2
267, 238, 80, 2
267, 238, 259, 2
267, 238, 122, 2
267, 238, 260, 2
267, 238, 142, 4
267, 238, 74, 2
267, 238, 261, 2
267, 238, 75, 2
267, 238, 262, 2
267, 238, 76, 2
267, 238, 263, 2
267, 238, 77, 2
267, 238, 264, 2
267, 238, 123, 2
267, 238, 265, 2
267, 238, 145, 4
267, 238, 144, 4
267, 238, 143, 4
267, 238, 116, 3
267, 238, 132, 3
267, 238, 118, 4
267, 238, 103, 3
267, 238, 181, 3
267, 238, 104, 3
267, 238, 182, 3
267, 238, 120, 2
267, 238, 176, 1
267, 238, 119, 4
267, 238, 117, 4
267, 238, 71, 2
267, 238, 209, 1
267, 238, 134, 5
DTG
0, 222, 0, 1, 2
0, 222, 0, 1, 2
0, 222, 0, 1, 2
0, 222, 0, 1, 2
0, 222, 0, 1, 2
0, 222, 0, 1, 2
0, 222, 0, 1, 2
0, 222, 0, 1, 2
0, 222, 0, 1, 2
0, 222, 0, 1, 2
0, 222, 0, 1, 2
0, 222, 0, 1, 2
0, 222, 0, 1, 2
0, 222, 0, 1, 2
0, 222, 0, 1, 2
0, 222, 0, 1, 2
0, 222, 0, 1, 2
0, 222, 0, 1, 2
0, 222, 0, 1, 2
0, 222, 0, 1, 2
0, 222, 0, 1, 2
0, 222, 0, 1, 2
0, 222, 0, 1, 2
0, 222, 0, 1, 2
0, 222, 0, 1, 2
0, 222, 0, 1, 2
0, 222, 0, 1, 2
0, 222, 0, 1, 2
0, 222, 0, 1, 2
0, 222, 0, 1, 2
0, 222, 0, 1, 2
0, 222, 0, 1, 2
0, 222, 0, 1, 2
0, 222, 0, 1, 2
0, 222, 0, 1, 2
0, 222, 0, 1, 2
0, 222, 0, 1, 2
0, 222, 0, 1, 2
0, 222, 0, 1, 2
0, 222, 0, 1, 2
0, 222, 0, 1, 2
0, 222, 0, 1, 2
0, 222, 0, 1, 2
0, 222, 0, 1, 2
0, 222, 0, 1, 2
0, 222, 0, 1, 2
0, 222, 0, 1, 2
0, 222, 0, 1, 2
0, 222, 0, 1, 2
0, 222, 0, 1, 2
0, 222, 0, 1, 2
0, 222, 0, 1, 2
0, 222, 0, 1, 2
0, 222, 0, 1, 2
0, 222, 0, 1, 2
0, 222, 0, 1, 2
0, 222, 0, 1, 2
0, 222, 0, 1, 2
0, 222, 0, 1, 2
0, 222, 0, 1, 2
0, 222, 0, 1, 2
0, 222, 0, 1, 2
0, 222, 0, 1, 2
0, 222, 0, 1, 2
0, 222, 0, 1, 2
0, 222, 0, 1, 2
0, 222, 0, 1, 2
0, 222, 0, 1, 2
0, 222, 0, 1, 2
0, 222, 0, 1, 2
0, 222, 0, 1, 2
0, 222, 0, 1, 2
0, 222, 0, 1, 2
0, 222, 0, 1, 2
0, 222, 0, 1, 2
0, 222, 0, 1, 2
0, 222, 0, 1, 2
0, 222, 0, 1, 2
0, 222, 0, 1, 2
0, 222, 0, 1, 2
0, 222, 0, 1, 2
0, 222, 0, 1, 2
0, 222, 0, 1, 2
0, 222, 0, 1, 2
0, 222, 0, 1, 2
0, 222, 0, 1, 2
0, 222, 0, 1, 2
0, 222, 0, 1, 2
0, 222, 0, 1, 2
0, 222, 0, 1, 2
0, 222, 0, 1, 2
0, 222, 0, 1, 2
0, 222, 0, 1, 2
0, 222, 0, 1, 2
0, 222, 0, 1, 2
0, 222, 0, 1, 2
0, 222, 0, 1, 2
0, 222, 0, 1, 2
0, 222, 0, 1, 2
0, 222, 0, 1, 2
0, 222, 0, 1, 2
0, 222, 0, 1, 2
0, 222, 0, 1, 2
0, 222, 0, 1, 2
0, 222, 0, 1, 2
0, 222, 0, 1, 2
0, 222, 0, 1, 2
0, 222, 0, 1, 2
0, 222, 0, 1, 2
0, 222, 0, 1, 2
0, 222, 0, 1, 2
0, 222, 0, 1, 2
0, 222, 0, 1, 2
0, 222, 0, 1, 2
0, 222, 0, 1, 2
0, 222, 0, 1, 2
0, 222, 0, 1, 2
0, 222, 0, 1, 2
0, 222, 0, 1, 2
0, 222, 0, 1, 2
0, 222, 0, 1, 2
0, 222, 0, 1, 2
0, 222, 0, 1, 2
0, 222, 0, 1, 2
0, 222, 0, 1, 2
0, 222, 0, 1, 2
0, 222, 0, 1, 2
0, 222, 0, 1, 2
0, 222, 0, 1, 2
0, 222, 0, 1, 2
0, 222, 0, 1, 2
0, 222, 0, 1, 2
0, 222, 0, 1, 2
0, 222, 0, 1, 2
0, 222, 0, 1, 2
0, 222, 0, 1, 2
0, 222, 0, 1, 2
0, 222, 0, 1, 2
0, 222, 0, 1, 2
0, 222, 0, 1, 2
0, 222, 0, 1, 2
0, 222, 0, 1, 2
0, 222, 0, 1, 2
0, 222, 0, 1, 2
0, 222, 0, 1, 2
0, 222, 0, 1, 2
0, 222, 0, 1, 2
0, 222, 0, 1, 2
0, 222, 0, 1, 2
0, 222, 0, 1, 2
0, 222, 0, 1, 2
0, 222, 0, 1, 2
0, 222, 0, 1, 2
0, 222, 0, 1, 2
0, 222, 0, 1, 2
0, 222, 0, 1, 2
0, 222, 0, 1, 2
0, 222, 0, 1, 2
0, 222, 0, 1, 2
0, 222, 0, 1, 2
0, 222, 0, 1, 2
0, 222, 0, 1, 2
0, 222, 0, 1, 2
0, 222, 0, 1, 2
0, 222, 0, 1, 2
0, 222, 0, 1, 2
0, 222, 0, 1, 2
0, 222, 0, 1, 2
0, 222, 0, 1, 2
0, 222, 0, 1, 2
0, 222, 0, 1, 2
0, 222, 0, 1, 2
0, 222, 0, 1, 2
0, 222, 0, 1, 2
0, 222, 0, 1, 2
0, 222, 0, 1, 2
0, 222, 0, 1, 2
0, 222, 0, 1, 2
0, 222, 0, 1, 2
0, 222, 0, 1, 2
0, 222, 0, 1, 2
0, 222, 0, 1, 2
0, 222, 0, 1, 2
0, 222, 0, 1, 2
0, 222, 0, 1, 2
0, 222, 0, 1, 2
0, 222, 0, 1, 2
0, 222, 0, 1, 2
0, 222, 0, 1, 2
0, 222, 0, 1, 2
0, 222, 0, 1, 2
0, 222, 0, 1, 2
0, 222, 0, 1, 2
0, 222, 0, 1, 2
0, 222, 0, 1, 2
0, 222, 0, 1, 2
0, 222, 0, 1, 2
0, 222, 0, 1, 2
0, 222, 0, 1, 2
0, 222, 0, 1, 2
0, 222, 0, 1, 2
0, 222, 0, 1, 3
0, 222, 0, 1, 3
0, 222, 0, 1, 3
0, 222, 0, 1, 3
0, 222, 0, 1, 3
0, 222, 0, 1, 4
0, 222, 0, 1, 4
0, 222, 0, 1, 4
0, 222, 0, 1, 4
0, 222, 0, 1, 4
0, 222, 0, 1, 4
0, 222, 0, 1, 4
0, 222, 0, 1, 4
0, 222, 0, 1, 4
0, 222, 0, 1, 5
0, 222, 0, 1, 5
0, 222, 0, 1, 5
0, 222, 0, 1, 5
0, 222, 0, 1, 5
0, 222, 0, 1, 5
0, 222, 0, 1, 5
0, 337, 1, 0, 3
0, 337, 1, 0, 3
0, 337, 1, 0, 3
0, 337, 1, 0, 3
0, 337, 1, 0, 3
0, 337, 1, 0, 3
0, 337, 1, 0, 3
0, 337, 1, 0, 3
0, 337, 1, 0, 3
0, 337, 1, 0, 3
0, 337, 1, 0, 3
0, 337, 1, 0, 3
0, 337, 1, 0, 3
0, 337, 1, 0, 3
0, 337, 1, 0, 3
0, 337, 1, 0, 3
0, 337, 1, 0, 3
0, 337, 1, 0, 3
0, 337, 1, 0, 3
0, 337, 1, 0, 3
0, 337, 1, 0, 3
0, 337, 1, 0, 3
0, 337, 1, 0, 3
0, 337, 1, 0, 3
0, 337, 1, 0, 3
0, 337, 1, 0, 3
0, 337, 1, 0, 3
0, 337, 1, 0, 3
0, 337, 1, 0, 3
0, 337, 1, 0, 3
0, 337, 1, 0, 3
0, 337, 1, 0, 3
0, 337, 1, 0, 3
0, 337, 1, 0, 3
0, 337, 1, 0, 3
0, 337, 1, 0, 3
0, 337, 1, 0, 3
0, 337, 1, 0, 3
0, 337, 1, 0, 3
0, 337, 1, 0, 3
0, 337, 1, 0, 3
0, 337, 1, 0, 3
0, 337, 1, 0, 3
0, 337, 1, 0, 3
0, 337, 1, 0, 3
0, 337, 1, 0, 3
0, 337, 1, 0, 3
0, 337, 1, 0, 3
0, 337, 1, 0, 3
0, 337, 1, 0, 3
0, 337, 1, 0, 3
0, 337, 1, 0, 3
0, 337, 1, 0, 3
0, 337, 1, 0, 3
0, 337, 1, 0, 3
0, 337, 1, 0, 3
0, 337, 1, 0, 3
0, 337, 1, 0, 3
0, 337, 1, 0, 3
0, 337, 1, 0, 3
0, 337, 1, 0, 3
0, 337, 1, 0, 3
0, 337, 1, 0, 3
0, 337, 1, 0, 3
0, 337, 1, 0, 3
0, 337, 1, 0, 3
0, 337, 1, 0, 3
0, 337, 1, 0, 3
0, 337, 1, 0, 3
0, 337, 1, 0, 3
0, 337, 1, 0, 3
0, 337, 1, 0, 3
0, 337, 1, 0, 3
0, 337, 1, 0, 3
0, 337, 1, 0, 3
0, 337, 1, 0, 3
0, 337, 1, 0, 3
0, 337, 1, 0, 3
0, 337, 1, 0, 3
0, 337, 1, 0, 3
0, 337, 1, 0, 3
0, 337, 1, 0, 3
0, 337, 1, 0, 3
0, 337, 1, 0, 3
0, 337, 1, 0, 3
0, 337, 1, 0, 3
0, 337, 1, 0, 3
0, 337, 1, 0, 3
0, 337, 1, 0, 3
0, 337, 1, 0, 3
0, 337, 1, 0, 3
0, 337, 1, 0, 3
0, 337, 1, 0, 3
0, 337, 1, 0, 3
0, 337, 1, 0, 3
0, 337, 1, 0, 3
0, 337, 1, 0, 3
0, 337, 1, 0, 3
0, 337, 1, 0, 3
0, 337, 1, 0, 3
0, 337, 1, 0, 3
0, 337, 1, 0, 3
0, 337, 1, 0, 3
0, 337, 1, 0, 3
0, 337, 1, 0, 3
0, 337, 1, 0, 3
0, 337, 1, 0, 3
0, 337, 1, 0, 3
0, 337, 1, 0, 3
0, 337, 1, 0, 3
0, 337, 1, 0, 3
0, 337, 1, 0, 3
0, 337, 1, 0, 3
0, 337, 1, 0, 3
0, 337, 1, 0, 3
0, 337, 1, 0, 3
0, 337, 1, 0, 3
0, 337, 1, 0, 3
0, 337, 1, 0, 3
0, 337, 1, 0, 3
0, 337, 1, 0, 3
0, 337, 1, 0, 3
0, 337, 1, 0, 3
0, 337, 1, 0, 3
0, 337, 1, 0, 3
0, 337, 1, 0, 3
0, 337, 1, 0, 3
0, 337, 1, 0, 3
0, 337, 1, 0, 3
0, 337, 1, 0, 3
0, 337, 1, 0, 3
0, 337, 1, 0, 3
0, 337, 1, 0, 3
0, 337, 1, 0, 3
0, 337, 1, 0, 3
0, 337, 1, 0, 3
0, 337, 1, 0, 3
0, 337, 1, 0, 3
0, 337, 1, 0, 3
0, 337, 1, 0, 3
0, 337, 1, 0, 3
0, 337, 1, 0, 3
0, 337, 1, 0, 3
0, 337, 1, 0, 3
0, 337, 1, 0, 3
0, 337, 1, 0, 3
0, 337, 1, 0, 3
0, 337, 1, 0, 3
0, 337, 1, 0, 3
0, 337, 1, 0, 3
0, 337, 1, 0, 3
0, 337, 1, 0, 3
0, 337, 1, 0, 3
0, 337, 1, 0, 3
0, 337, 1, 0, 3
0, 337, 1, 0, 3
0, 337, 1, 0, 3
0, 337, 1, 0, 3
0, 337, 1, 0, 3
0, 337, 1, 0, 3
0, 337, 1, 0, 3
0, 337, 1, 0, 3
0, 337, 1, 0, 3
0, 337, 1, 0, 3
0, 337, 1, 0, 3
0, 337, 1, 0, 3
0, 337, 1, 0, 3
0, 337, 1, 0, 3
0, 337, 1, 0, 3
0, 337, 1, 0, 3
0, 337, 1, 0, 3
0, 337, 1, 0, 3
0, 337, 1, 0, 3
0, 337, 1, 0, 3
0, 337, 1, 0, 3
0, 337, 1, 0, 3
0, 337, 1, 0, 3
0, 337, 1, 0, 3
0, 337, 1, 0, 3
0, 337, 1, 0, 3
0, 337, 1, 0, 3
0, 337, 1, 0, 3
0, 337, 1, 0, 3
0, 337, 1, 0, 3
0, 337, 1, 0, 3
0, 337, 1, 0, 3
0, 337, 1, 0, 3
0, 337, 1, 0, 3
0, 337, 1, 0, 3
0, 337, 1, 0, 3
0, 337, 1, 0, 3
0, 337, 1, 0, 3
0, 337, 1, 0, 3
0, 337, 1, 0, 3
0, 337, 1, 0, 3
0, 337, 1, 0, 3
0, 337, 1, 0, 3
0, 337, 1, 0, 3
0, 337, 1, 0, 3
0, 337, 1, 0, 3
0, 337, 1, 0, 3
0, 337, 1, 0, 3
0, 337, 1, 0, 3
0, 337, 1, 0, 3
0, 337, 1, 0, 3
0, 337, 1, 0, 3
0, 337, 1, 0, 3
0, 337, 1, 0, 3
0, 337, 1, 0, 3
0, 337, 1, 0, 3
0, 337, 1, 0, 3
0, 337, 1, 0, 3
0, 337, 1, 0, 3
0, 337, 1, 0, 3
0, 337, 1, 0, 3
0, 337, 1, 0, 3
0, 337, 1, 0, 3
0, 337, 1, 0, 3
0, 337, 1, 0, 3
0, 337, 1, 0, 3
0, 337, 1, 0, 3
0, 337, 1, 0, 3
0, 337, 1, 0, 3
0, 337, 1, 0, 3
0, 337, 1, 0, 3
0, 337, 1, 0, 3
0, 337, 1, 0, 3
0, 337, 1, 0, 3
0, 337, 1, 0, 3
0, 337, 1, 0, 3
0, 337, 1, 0, 3
0, 337, 1, 0, 3
0, 337, 1, 0, 3
0, 337, 1, 0, 3
0, 337, 1, 0, 3
0, 337, 1, 0, 3
0, 337, 1, 0, 3
0, 337, 1, 0, 3
0, 337, 1, 0, 3
0, 337, 1, 0, 3
0, 337, 1, 0, 3
0, 337, 1, 0, 3
0, 337, 1, 0, 3
0, 337, 1, 0, 3
0, 337, 1, 0, 3
0, 337, 1, 0, 3
0, 337, 1, 0, 3
0, 337, 1, 0, 3
0, 337, 1, 0, 3
0, 337, 1, 0, 3
0, 337, 1, 0, 3
0, 337, 1, 0, 3
0, 337, 1, 0, 3
0, 337, 1, 0, 3
0, 337, 1, 0, 3
0, 337, 1, 0, 3
0, 337, 1, 0, 3
0, 337, 1, 0, 3
0, 337, 1, 0, 3
0, 337, 1, 0, 3
0, 337, 1, 0, 3
0, 337, 1, 0, 3
0, 337, 1, 0, 3
0, 337, 1, 0, 3
0, 337, 1, 0, 3
0, 337, 1, 0, 3
0, 337, 1, 0, 3
0, 337, 1, 0, 3
0, 337, 1, 0, 3
0, 337, 1, 0, 3
0, 337, 1, 0, 3
0, 337, 1, 0, 3
0, 337, 1, 0, 3
0, 337, 1, 0, 3
0, 337, 1, 0, 3
0, 337, 1, 0, 3
0, 337, 1, 0, 3
0, 337, 1, 0, 3
0, 337, 1, 0, 3
0, 337, 1, 0, 3
0, 337, 1, 0, 3
0, 337, 1, 0, 3
0, 337, 1, 0, 3
0, 337, 1, 0, 3
0, 337, 1, 0, 3
0, 337, 1, 0, 3
0, 337, 1, 0, 3
0, 337, 1, 0, 3
0, 337, 1, 0, 3
0, 337, 1, 0, 3
0, 337, 1, 0, 3
0, 337, 1, 0, 3
0, 337, 1, 0, 3
0, 337, 1, 0, 3
0, 337, 1, 0, 3
0, 337, 1, 0, 3
0, 337, 1, 0, 3
0, 337, 1, 0, 3
0, 337, 1, 0, 3
0, 337, 1, 0, 3
0, 337, 1, 0, 3
0, 337, 1, 0, 3
0, 337, 1, 0, 3
0, 337, 1, 0, 3
0, 337, 1, 0, 3
0, 337, 1, 0, 3
0, 337, 1, 0, 3
0, 337, 1, 0, 3
0, 337, 1, 0, 3
0, 337, 1, 0, 3
0, 337, 1, 0, 3
0, 337, 1, 0, 3
0, 337, 1, 0, 3
0, 337, 1, 0, 3
0, 337, 1, 0, 3
0, 337, 1, 0, 3
0, 337, 1, 0, 3
0, 337, 1, 0, 3
0, 337, 1, 0, 3
0, 337, 1, 0, 3
0, 337, 1, 0, 3
0, 337, 1, 0, 3
0, 337, 1, 0, 3
0, 337, 1, 0, 3
0, 337, 1, 0, 3
0, 337, 1, 0, 3
0, 337, 1, 0, 3
0, 337, 1, 0, 3
0, 337, 1, 0, 3
0, 337, 1, 0, 3
0, 337, 1, 0, 3
0, 337, 1, 0, 3
0, 337, 1, 0, 3
0, 337, 1, 0, 3
0, 337, 1, 0, 3
0, 337, 1, 0, 3
0, 337, 1, 0, 3
1, 1, 0, 1, 1
1, 1, 1, 0, 2
2, 1, 0, 1, 1
2, 1, 1, 0, 2
3, 1, 0, 1, 1
3, 1, 1, 0, 2
4, 1, 0, 1, 1
4, 1, 1, 0, 2
5, 1, 0, 1, 1
5, 1, 1, 0, 2
6, 1, 0, 1, 1
6, 1, 1, 0, 2
7, 1, 0, 1, 1
7, 1, 1, 0, 2
8, 1, 0, 1, 1
8, 1, 1, 0, 2
9, 1, 0, 1, 1
9, 1, 1, 0, 2
10, 1, 0, 1, 1
10, 1, 1, 0, 2
11, 1, 0, 1, 1
11, 1, 1, 0, 2
12, 1, 0, 1, 1
12, 1, 1, 0, 2
13, 1, 0, 1, 1
13, 1, 1, 0, 2
14, 1, 0, 1, 1
14, 1, 1, 0, 2
15, 1, 0, 1, 1
15, 1, 1, 0, 2
16, 1, 0, 1, 1
16, 1, 1, 0, 2
17, 1, 0, 1, 1
17, 1, 1, 0, 2
18, 1, 0, 1, 1
18, 1, 1, 0, 2
19, 1, 0, 1, 1
19, 1, 1, 0, 2
20, 3, 0, 1, 1
20, 3, 0, 1, 2
20, 3, 0, 1, 2
21, 1, 0, 1, 2
21, 1, 1, 0, 2
22, 1, 0, 1, 2
22, 1, 1, 0, 2
23, 1, 0, 1, 1
23, 1, 1, 0, 3
24, 2, 0, 1, 1
24, 2, 0, 1, 2
24, 1, 1, 0, 2
25, 2, 0, 1, 1
25, 2, 0, 1, 2
25, 1, 1, 0, 2
26, 1, 0, 1, 1
26, 2, 1, 0, 2
26, 2, 1, 0, 3
27, 2, 0, 1, 1
27, 2, 0, 1, 2
27, 1, 1, 0, 2
28, 2, 0, 1, 1
28, 2, 0, 1, 2
28, 1, 1, 0, 2
29, 2, 0, 1, 1
29, 2, 0, 1, 2
29, 1, 1, 0, 2
30, 2, 0, 1, 1
30, 2, 0, 1, 2
30, 1, 1, 0, 2
31, 1, 0, 1, 1
31, 2, 1, 0, 2
31, 2, 1, 0, 3
32, 2, 0, 1, 1
32, 2, 0, 1, 2
32, 1, 1, 0, 2
33, 2, 0, 1, 1
33, 2, 0, 1, 2
33, 1, 1, 0, 2
34, 1, 0, 1, 1
34, 2, 1, 0, 2
34, 2, 1, 0, 3
35, 2, 0, 1, 1
35, 2, 0, 1, 2
35, 1, 1, 0, 2
36, 2, 0, 1, 1
36, 2, 0, 1, 2
36, 1, 1, 0, 2
37, 2, 0, 1, 1
37, 2, 0, 1, 2
37, 1, 1, 0, 2
38, 2, 0, 1, 1
38, 2, 0, 1, 2
38, 1, 1, 0, 2
39, 2, 0, 1, 1
39, 2, 0, 1, 2
39, 1, 1, 0, 2
40, 2, 0, 1, 1
40, 2, 0, 1, 2
40, 1, 1, 0, 2
41, 2, 0, 1, 1
41, 2, 0, 1, 2
41, 1, 1, 0, 2
42, 1, 0, 1, 1
42, 2, 1, 0, 2
42, 2, 1, 0, 3
43, 2, 0, 1, 1
43, 2, 0, 1, 2
43, 1, 1, 0, 2
44, 2, 0, 1, 1
44, 2, 0, 1, 2
44, 1, 1, 0, 2
45, 2, 0, 1, 1
45, 2, 0, 1, 2
45, 1, 1, 0, 2
46, 2, 0, 1, 1
46, 2, 0, 1, 2
46, 1, 1, 0, 2
47, 2, 0, 1, 1
47, 2, 0, 1, 2
47, 1, 1, 0, 2
48, 3, 0, 1, 1
48, 3, 0, 1, 2
48, 3, 0, 1, 2
48, 1, 1, 0, 2
49, 2, 0, 1, 1
49, 2, 0, 1, 2
49, 2, 1, 0, 2
49, 2, 1, 0, 3
50, 3, 0, 1, 1
50, 3, 0, 1, 2
50, 3, 0, 1, 2
50, 1, 1, 0, 2
51, 3, 0, 1, 1
51, 3, 0, 1, 2
51, 3, 0, 1, 2
51, 1, 1, 0, 2
52, 1, 0, 1, 1
52, 3, 1, 0, 2
52, 3, 1, 0, 3
52, 3, 1, 0, 3
53, 3, 0, 1, 1
53, 3, 0, 1, 2
53, 3, 0, 1, 2
53, 1, 1, 0, 2
54, 3, 0, 1, 1
54, 3, 0, 1, 2
54, 3, 0, 1, 2
54, 1, 1, 0, 2
55, 3, 0, 1, 1
55, 3, 0, 1, 2
55, 3, 0, 1, 2
55, 1, 1, 0, 2
56, 1, 0, 1, 1
56, 3, 1, 0, 2
56, 3, 1, 0, 3
56, 3, 1, 0, 3
57, 3, 0, 1, 1
57, 3, 0, 1, 2
57, 3, 0, 1, 2
57, 1, 1, 0, 2
58, 3, 0, 1, 1
58, 3, 0, 1, 2
58, 3, 0, 1, 2
58, 1, 1, 0, 2
59, 3, 0, 1, 1
59, 3, 0, 1, 2
59, 3, 0, 1, 2
59, 1, 1, 0, 2
60, 1, 0, 1, 1
60, 3, 1, 0, 2
60, 3, 1, 0, 3
60, 3, 1, 0, 3
61, 3, 0, 1, 1
61, 3, 0, 1, 2
61, 3, 0, 1, 2
61, 1, 1, 0, 2
62, 3, 0, 1, 1
62, 3, 0, 1, 2
62, 3, 0, 1, 2
62, 1, 1, 0, 2
63, 1, 0, 1, 1
63, 2, 1, 0, 2
63, 2, 1, 0, 3
64, 3, 0, 1, 1
64, 3, 0, 1, 2
64, 3, 0, 1, 2
64, 1, 1, 0, 2
65, 3, 0, 1, 1
65, 3, 0, 1, 2
65, 3, 0, 1, 2
65, 1, 1, 0, 2
66, 3, 0, 1, 1
66, 3, 0, 1, 2
66, 3, 0, 1, 2
66, 1, 1, 0, 2
67, 3, 0, 1, 1
67, 3, 0, 1, 2
67, 3, 0, 1, 2
67, 1, 1, 0, 2
68, 3, 0, 1, 1
68, 3, 0, 1, 2
68, 3, 0, 1, 2
68, 1, 1, 0, 2
69, 3, 0, 1, 1
69, 3, 0, 1, 2
69, 3, 0, 1, 2
69, 1, 1, 0, 2
70, 1, 0, 1, 1
70, 2, 1, 0, 2
70, 2, 1, 0, 3
71, 3, 0, 1, 1
71, 3, 0, 1, 2
71, 3, 0, 1, 2
71, 1, 1, 0, 2
72, 3, 0, 1, 1
72, 3, 0, 1, 2
72, 3, 0, 1, 2
72, 1, 1, 0, 2
73, 3, 0, 1, 1
73, 3, 0, 1, 2
73, 3, 0, 1, 2
73, 1, 1, 0, 2
74, 3, 0, 1, 1
74, 3, 0, 1, 2
74, 3, 0, 1, 2
74, 1, 1, 0, 2
75, 3, 0, 1, 1
75, 3, 0, 1, 2
75, 3, 0, 1, 2
75, 1, 1, 0, 2
76, 3, 0, 1, 1
76, 3, 0, 1, 2
76, 3, 0, 1, 2
76, 1, 1, 0, 2
77, 3, 0, 1, 1
77, 3, 0, 1, 2
77, 3, 0, 1, 2
77, 1, 1, 0, 2
78, 3, 0, 1, 1
78, 3, 0, 1, 2
78, 3, 0, 1, 2
78, 1, 1, 0, 2
79, 3, 0, 1, 1
79, 3, 0, 1, 2
79, 3, 0, 1, 2
79, 1, 1, 0, 2
80, 3, 0, 1, 1
80, 3, 0, 1, 2
80, 3, 0, 1, 2
80, 1, 1, 0, 2
81, 3, 0, 1, 1
81, 3, 0, 1, 2
81, 3, 0, 1, 2
81, 1, 1, 0, 2
82, 3, 0, 1, 1
82, 3, 0, 1, 2
82, 3, 0, 1, 2
82, 1, 1, 0, 2
83, 3, 0, 1, 1
83, 3, 0, 1, 2
83, 3, 0, 1, 2
83, 1, 1, 0, 2
84, 3, 0, 1, 1
84, 3, 0, 1, 2
84, 3, 0, 1, 2
84, 1, 1, 0, 2
85, 1, 0, 1, 1
85, 2, 1, 0, 2
85, 2, 1, 0, 3
86, 3, 0, 1, 1
86, 3, 0, 1, 2
86, 3, 0, 1, 2
86, 1, 1, 0, 2
87, 3, 0, 1, 1
87, 3, 0, 1, 2
87, 3, 0, 1, 2
87, 2, 1, 0, 2
87, 2, 1, 0, 3
88, 4, 0, 1, 1
88, 4, 0, 1, 2
88, 4, 0, 1, 2
88, 4, 0, 1, 2
88, 1, 1, 0, 2
89, 4, 0, 1, 1
89, 4, 0, 1, 2
89, 4, 0, 1, 2
89, 4, 0, 1, 2
89, 1, 1, 0, 2
90, 2, 0, 1, 1
90, 2, 0, 1, 2
90, 3, 1, 0, 2
90, 3, 1, 0, 3
90, 3, 1, 0, 3
91, 4, 0, 1, 1
91, 4, 0, 1, 2
91, 4, 0, 1, 2
91, 4, 0, 1, 2
91, 1, 1, 0, 2
92, 2, 0, 1, 1
92, 2, 0, 1, 2
92, 2, 1, 0, 2
92, 2, 1, 0, 3
93, 1, 0, 1, 1
93, 2, 1, 0, 2
93, 2, 1, 0, 3
94, 2, 0, 1, 1
94, 2, 0, 1, 2
94, 2, 1, 0, 2
94, 2, 1, 0, 3
95, 2, 0, 1, 1
95, 2, 0, 1, 2
95, 2, 1, 0, 2
95, 2, 1, 0, 3
96, 2, 0, 1, 1
96, 2, 0, 1, 2
96, 2, 1, 0, 2
96, 2, 1, 0, 3
97, 2, 0, 1, 1
97, 2, 0, 1, 2
97, 2, 1, 0, 2
97, 2, 1, 0, 3
98, 2, 0, 1, 1
98, 2, 0, 1, 2
98, 2, 1, 0, 2
98, 2, 1, 0, 3
99, 1, 0, 1, 1
99, 2, 1, 0, 2
99, 2, 1, 0, 3
100, 2, 0, 1, 1
100, 2, 0, 1, 2
100, 2, 1, 0, 2
100, 2, 1, 0, 3
101, 2, 0, 1, 1
101, 2, 0, 1, 2
101, 2, 1, 0, 2
101, 2, 1, 0, 3
102, 1, 0, 1, 1
102, 2, 1, 0, 2
102, 2, 1, 0, 3
103, 4, 0, 1, 1
103, 4, 0, 1, 2
103, 4, 0, 1, 2
103, 4, 0, 1, 2
103, 1, 1, 0, 2
104, 4, 0, 1, 1
104, 4, 0, 1, 2
104, 4, 0, 1, 2
104, 4, 0, 1, 2
104, 1, 1, 0, 2
105, 2, 0, 1, 1
105, 2, 0, 1, 2
105, 2, 1, 0, 2
105, 2, 1, 0, 3
106, 2, 0, 1, 1
106, 2, 0, 1, 2
106, 2, 1, 0, 2
106, 2, 1, 0, 3
107, 3, 0, 1, 1
107, 3, 0, 1, 2
107, 3, 0, 1, 2
107, 3, 1, 0, 2
107, 3, 1, 0, 3
107, 3, 1, 0, 3
108, 3, 0, 1, 1
108, 3, 0, 1, 2
108, 3, 0, 1, 2
108, 3, 1, 0, 2
108, 3, 1, 0, 3
108, 3, 1, 0, 3
109, 3, 0, 1, 1
109, 3, 0, 1, 2
109, 3, 0, 1, 2
109, 3, 1, 0, 2
109, 3, 1, 0, 3
109, 3, 1, 0, 3
110, 3, 0, 1, 1
110, 3, 0, 1, 2
110, 3, 0, 1, 2
110, 3, 1, 0, 2
110, 3, 1, 0, 3
110, 3, 1, 0, 3
111, 3, 0, 1, 1
111, 3, 0, 1, 2
111, 3, 0, 1, 2
111, 3, 1, 0, 2
111, 3, 1, 0, 3
111, 3, 1, 0, 3
112, 3, 0, 1, 1
112, 3, 0, 1, 2
112, 3, 0, 1, 2
112, 3, 1, 0, 2
112, 3, 1, 0, 3
112, 3, 1, 0, 3
113, 1, 0, 1, 1
113, 3, 1, 0, 2
113, 3, 1, 0, 3
113, 3, 1, 0, 3
114, 1, 0, 1, 1
114, 3, 1, 0, 2
114, 3, 1, 0, 3
114, 3, 1, 0, 3
115, 3, 0, 1, 1
115, 3, 0, 1, 2
115, 3, 0, 1, 2
115, 2, 1, 0, 2
115, 2, 1, 0, 3
116, 3, 0, 1, 1
116, 3, 0, 1, 2
116, 3, 0, 1, 2
116, 2, 1, 0, 2
116, 2, 1, 0, 3
117, 3, 0, 1, 1
117, 3, 0, 1, 2
117, 3, 0, 1, 2
117, 3, 1, 0, 2
117, 3, 1, 0, 3
117, 3, 1, 0, 3
118, 3, 0, 1, 1
118, 3, 0, 1, 2
118, 3, 0, 1, 2
118, 3, 1, 0, 2
118, 3, 1, 0, 3
118, 3, 1, 0, 3
119, 3, 0, 1, 1
119, 3, 0, 1, 2
119, 3, 0, 1, 2
119, 3, 1, 0, 2
119, 3, 1, 0, 3
119, 3, 1, 0, 3
120, 1, 0, 1, 1
120, 3, 1, 0, 2
120, 3, 1, 0, 3
120, 3, 1, 0, 3
121, 1, 0, 1, 1
121, 3, 1, 0, 2
121, 3, 1, 0, 3
121, 3, 1, 0, 3
122, 1, 0, 1, 1
122, 3, 1, 0, 2
122, 3, 1, 0, 3
122, 3, 1, 0, 3
123, 1, 0, 1, 1
123, 3, 1, 0, 2
123, 3, 1, 0, 3
123, 3, 1, 0, 3
124, 4, 0, 1, 1
124, 4, 0, 1, 2
124, 4, 0, 1, 2
124, 4, 0, 1, 2
124, 3, 1, 0, 2
124, 3, 1, 0, 3
124, 3, 1, 0, 3
125, 4, 0, 1, 1
125, 4, 0, 1, 2
125, 4, 0, 1, 2
125, 4, 0, 1, 2
125, 3, 1, 0, 2
125, 3, 1, 0, 3
125, 3, 1, 0, 3
126, 4, 0, 1, 1
126, 4, 0, 1, 2
126, 4, 0, 1, 2
126, 4, 0, 1, 2
126, 2, 1, 0, 2
126, 2, 1, 0, 3
127, 1, 0, 1, 1
127, 4, 1, 0, 2
127, 4, 1, 0, 3
127, 4, 1, 0, 3
127, 4, 1, 0, 3
128, 4, 0, 1, 1
128, 4, 0, 1, 2
128, 4, 0, 1, 2
128, 4, 0, 1, 2
128, 2, 1, 0, 2
128, 2, 1, 0, 3
129, 1, 0, 1, 1
129, 4, 1, 0, 2
129, 4, 1, 0, 3
129, 4, 1, 0, 3
129, 4, 1, 0, 3
130, 4, 0, 1, 1
130, 4, 0, 1, 2
130, 4, 0, 1, 2
130, 4, 0, 1, 2
130, 2, 1, 0, 2
130, 2, 1, 0, 3
131, 3, 0, 1, 1
131, 3, 0, 1, 2
131, 3, 0, 1, 2
131, 4, 1, 0, 2
131, 4, 1, 0, 3
131, 4, 1, 0, 3
131, 4, 1, 0, 3
132, 2, 0, 1, 1
132, 2, 0, 1, 2
132, 3, 1, 0, 2
132, 3, 1, 0, 3
132, 3, 1, 0, 3
133, 4, 0, 1, 1
133, 4, 0, 1, 2
133, 4, 0, 1, 2
133, 4, 0, 1, 2
133, 4, 1, 0, 2
133, 4, 1, 0, 3
133, 4, 1, 0, 3
133, 4, 1, 0, 3
134, 3, 0, 1, 1
134, 3, 0, 1, 2
134, 3, 0, 1, 2
134, 4, 1, 0, 2
134, 4, 1, 0, 3
134, 4, 1, 0, 3
134, 4, 1, 0, 3
135, 4, 0, 1, 1
135, 4, 0, 1, 2
135, 4, 0, 1, 2
135, 4, 0, 1, 2
135, 3, 1, 0, 2
135, 3, 1, 0, 3
135, 3, 1, 0, 3
136, 3, 0, 1, 1
136, 3, 0, 1, 2
136, 3, 0, 1, 2
136, 3, 1, 0, 2
136, 3, 1, 0, 3
136, 3, 1, 0, 3
137, 3, 0, 1, 1
137, 3, 0, 1, 2
137, 3, 0, 1, 2
137, 3, 1, 0, 2
137, 3, 1, 0, 3
137, 3, 1, 0, 3
138, 3, 0, 1, 1
138, 3, 0, 1, 2
138, 3, 0, 1, 2
138, 3, 1, 0, 2
138, 3, 1, 0, 3
138, 3, 1, 0, 3
139, 3, 0, 1, 1
139, 3, 0, 1, 2
139, 3, 0, 1, 2
139, 3, 1, 0, 2
139, 3, 1, 0, 3
139, 3, 1, 0, 3
140, 3, 0, 1, 1
140, 3, 0, 1, 2
140, 3, 0, 1, 2
140, 3, 1, 0, 2
140, 3, 1, 0, 3
140, 3, 1, 0, 3
141, 3, 0, 1, 1
141, 3, 0, 1, 2
141, 3, 0, 1, 2
141, 3, 1, 0, 2
141, 3, 1, 0, 3
141, 3, 1, 0, 3
142, 3, 0, 1, 1
142, 3, 0, 1, 2
142, 3, 0, 1, 2
142, 3, 1, 0, 2
142, 3, 1, 0, 3
142, 3, 1, 0, 3
143, 3, 0, 1, 1
143, 3, 0, 1, 2
143, 3, 0, 1, 2
143, 3, 1, 0, 2
143, 3, 1, 0, 3
143, 3, 1, 0, 3
144, 3, 0, 1, 1
144, 3, 0, 1, 2
144, 3, 0, 1, 2
144, 3, 1, 0, 2
144, 3, 1, 0, 3
144, 3, 1, 0, 3
145, 3, 0, 1, 1
145, 3, 0, 1, 2
145, 3, 0, 1, 2
145, 3, 1, 0, 2
145, 3, 1, 0, 3
145, 3, 1, 0, 3
146, 8, 0, 1, 1
146, 8, 0, 1, 2
146, 8, 0, 1, 2
146, 8, 0, 1, 2
146, 8, 0, 1, 2
146, 8, 0, 1, 2
146, 8, 0, 1, 2
146, 8, 0, 1, 2
146, 1, 1, 0, 2
147, 4, 0, 1, 1
147, 4, 0, 1, 2
147, 4, 0, 1, 2
147, 4, 0, 1, 2
147, 3, 1, 0, 2
147, 3, 1, 0, 3
147, 3, 1, 0, 3
148, 3, 0, 1, 1
148, 3, 0, 1, 2
148, 3, 0, 1, 2
148, 4, 1, 0, 2
148, 4, 1, 0, 3
148, 4, 1, 0, 3
148, 4, 1, 0, 3
149, 3, 0, 1, 1
149, 3, 0, 1, 2
149, 3, 0, 1, 2
149, 3, 1, 0, 2
149, 3, 1, 0, 3
149, 3, 1, 0, 3
150, 4, 0, 1, 1
150, 4, 0, 1, 2
150, 4, 0, 1, 2
150, 4, 0, 1, 2
150, 3, 1, 0, 2
150, 3, 1, 0, 3
150, 3, 1, 0, 3
151, 4, 0, 1, 1
151, 4, 0, 1, 2
151, 4, 0, 1, 2
151, 4, 0, 1, 2
151, 3, 1, 0, 2
151, 3, 1, 0, 3
151, 3, 1, 0, 3
152, 2, 0, 1, 1
152, 2, 0, 1, 2
152, 4, 1, 0, 2
152, 4, 1, 0, 3
152, 4, 1, 0, 3
152, 4, 1, 0, 3
153, 3, 0, 1, 1
153, 3, 0, 1, 2
153, 3, 0, 1, 2
153, 4, 1, 0, 2
153, 4, 1, 0, 3
153, 4, 1, 0, 3
153, 4, 1, 0, 3
154, 4, 0, 1, 1
154, 4, 0, 1, 2
154, 4, 0, 1, 2
154, 4, 0, 1, 2
154, 4, 1, 0, 2
154, 4, 1, 0, 3
154, 4, 1, 0, 3
154, 4, 1, 0, 3
155, 10, 0, 1, 1
155, 10, 0, 1, 2
155, 10, 0, 1, 2
155, 10, 0, 1, 2
155, 10, 0, 1, 2
155, 10, 0, 1, 2
155, 10, 0, 1, 2
155, 10, 0, 1, 2
155, 10, 0, 1, 2
155, 10, 0, 1, 2
155, 1, 1, 0, 2
156, 4, 0, 1, 1
156, 4, 0, 1, 2
156, 4, 0, 1, 2
156, 4, 0, 1, 2
156, 4, 1, 0, 2
156, 4, 1, 0, 3
156, 4, 1, 0, 3
156, 4, 1, 0, 3
157, 4, 0, 1, 1
157, 4, 0, 1, 2
157, 4, 0, 1, 2
157, 4, 0, 1, 2
157, 4, 1, 0, 2
157, 4, 1, 0, 3
157, 4, 1, 0, 3
157, 4, 1, 0, 3
158, 4, 0, 1, 1
158, 4, 0, 1, 2
158, 4, 0, 1, 2
158, 4, 0, 1, 2
158, 6, 1, 0, 2
158, 6, 1, 0, 3
158, 6, 1, 0, 3
158, 6, 1, 0, 3
158, 6, 1, 0, 3
158, 6, 1, 0, 3
159, 4, 0, 1, 1
159, 4, 0, 1, 2
159, 4, 0, 1, 2
159, 4, 0, 1, 2
159, 6, 1, 0, 2
159, 6, 1, 0, 3
159, 6, 1, 0, 3
159, 6, 1, 0, 3
159, 6, 1, 0, 3
159, 6, 1, 0, 3
160, 1, 0, 1, 1
160, 8, 1, 0, 2
160, 8, 1, 0, 3
160, 8, 1, 0, 3
160, 8, 1, 0, 3
160, 8, 1, 0, 3
160, 8, 1, 0, 3
160, 8, 1, 0, 3
160, 8, 1, 0, 3
161, 5, 0, 1, 1
161, 5, 0, 1, 2
161, 5, 0, 1, 2
161, 5, 0, 1, 2
161, 5, 0, 1, 2
161, 6, 1, 0, 2
161, 6, 1, 0, 3
161, 6, 1, 0, 3
161, 6, 1, 0, 3
161, 6, 1, 0, 3
161, 6, 1, 0, 3
162, 1, 0, 1, 1
162, 8, 1, 0, 2
162, 8, 1, 0, 3
162, 8, 1, 0, 3
162, 8, 1, 0, 3
162, 8, 1, 0, 3
162, 8, 1, 0, 3
162, 8, 1, 0, 3
162, 8, 1, 0, 3
163, 4, 0, 1, 1
163, 4, 0, 1, 2
163, 4, 0, 1, 2
163, 4, 0, 1, 2
163, 7, 1, 0, 2
163, 7, 1, 0, 3
163, 7, 1, 0, 3
163, 7, 1, 0, 3
163, 7, 1, 0, 3
163, 7, 1, 0, 3
163, 7, 1, 0, 3
164, 1, 0, 1, 3
164, 1, 1, 0, 2
165, 1, 0, 1, 3
165, 1, 1, 0, 2
166, 1, 0, 1, 3
166, 1, 1, 0, 2
167, 1, 0, 1, 1
167, 1, 1, 0, 4
168, 1, 0, 1, 3
168, 1, 1, 0, 2
169, 2, 0, 1, 1
169, 2, 0, 1, 2
169, 3, 1, 0, 2
169, 3, 1, 0, 2
169, 3, 1, 0, 3
170, 2, 0, 1, 1
170, 2, 0, 1, 2
170, 3, 1, 0, 2
170, 3, 1, 0, 2
170, 3, 1, 0, 3
171, 2, 0, 1, 1
171, 2, 0, 1, 2
171, 3, 1, 0, 2
171, 3, 1, 0, 2
171, 3, 1, 0, 3
172, 2, 0, 1, 1
172, 2, 0, 1, 2
172, 3, 1, 0, 2
172, 3, 1, 0, 2
172, 3, 1, 0, 3
173, 2, 0, 1, 1
173, 2, 0, 1, 2
173, 3, 1, 0, 2
173, 3, 1, 0, 2
173, 3, 1, 0, 3
174, 1, 0, 1, 2
174, 2, 1, 0, 2
174, 2, 1, 0, 3
175, 1, 0, 1, 3
175, 1, 1, 0, 2
176, 2, 0, 1, 1
176, 2, 0, 1, 2
176, 1, 1, 0, 3
177, 1, 0, 1, 2
177, 3, 1, 0, 2
177, 3, 1, 0, 3
177, 3, 1, 0, 3
178, 1, 0, 1, 2
178, 3, 1, 0, 2
178, 3, 1, 0, 3
178, 3, 1, 0, 3
179, 4, 0, 1, 1
179, 4, 0, 1, 2
179, 4, 0, 1, 2
179, 4, 0, 1, 2
179, 1, 1, 0, 3
180, 4, 0, 1, 1
180, 4, 0, 1, 2
180, 4, 0, 1, 2
180, 4, 0, 1, 2
180, 3, 1, 0, 2
180, 3, 1, 0, 2
180, 3, 1, 0, 3
181, 1, 0, 1, 2
181, 4, 1, 0, 2
181, 4, 1, 0, 3
181, 4, 1, 0, 3
181, 4, 1, 0, 3
182, 1, 0, 1, 2
182, 4, 1, 0, 2
182, 4, 1, 0, 3
182, 4, 1, 0, 3
182, 4, 1, 0, 3
183, 4, 0, 1, 1
183, 4, 0, 1, 2
183, 4, 0, 1, 2
183, 4, 0, 1, 2
183, 1, 1, 0, 3
184, 3, 0, 1, 1
184, 3, 0, 1, 2
184, 3, 0, 1, 2
184, 5, 1, 0, 2
184, 5, 1, 0, 2
184, 5, 1, 0, 3
184, 5, 1, 0, 3
184, 5, 1, 0, 3
185, 4, 0, 1, 1
185, 4, 0, 1, 2
185, 4, 0, 1, 2
185, 4, 0, 1, 2
185, 4, 1, 0, 2
185, 4, 1, 0, 2
185, 4, 1, 0, 3
185, 4, 1, 0, 3
186, 2, 0, 1, 1
186, 2, 0, 1, 2
186, 6, 1, 0, 2
186, 6, 1, 0, 2
186, 6, 1, 0, 3
186, 6, 1, 0, 3
186, 6, 1, 0, 3
186, 6, 1, 0, 3
187, 4, 0, 1, 1
187, 4, 0, 1, 2
187, 4, 0, 1, 2
187, 4, 0, 1, 2
187, 4, 1, 0, 2
187, 4, 1, 0, 2
187, 4, 1, 0, 3
187, 4, 1, 0, 3
188, 4, 0, 1, 1
188, 4, 0, 1, 2
188, 4, 0, 1, 2
188, 4, 0, 1, 2
188, 4, 1, 0, 2
188, 4, 1, 0, 2
188, 4, 1, 0, 3
188, 4, 1, 0, 3
189, 4, 0, 1, 1
189, 4, 0, 1, 2
189, 4, 0, 1, 2
189, 4, 0, 1, 2
189, 6, 1, 0, 2
189, 6, 1, 0, 2
189, 6, 1, 0, 3
189, 6, 1, 0, 3
189, 6, 1, 0, 3
189, 6, 1, 0, 3
190, 1, 0, 1, 2
190, 4, 1, 0, 2
190, 4, 1, 0, 3
190, 4, 1, 0, 3
190, 4, 1, 0, 3
191, 1, 0, 1, 2
191, 8, 1, 0, 2
191, 8, 1, 0, 3
191, 8, 1, 0, 3
191, 8, 1, 0, 3
191, 8, 1, 0, 3
191, 8, 1, 0, 3
191, 8, 1, 0, 3
191, 8, 1, 0, 3
192, 8, 0, 1, 1
192, 8, 0, 1, 2
192, 8, 0, 1, 2
192, 8, 0, 1, 2
192, 8, 0, 1, 2
192, 8, 0, 1, 2
192, 8, 0, 1, 2
192, 8, 0, 1, 2
192, 1, 1, 0, 3
193, 6, 0, 1, 1
193, 6, 0, 1, 2
193, 6, 0, 1, 2
193, 6, 0, 1, 2
193, 6, 0, 1, 2
193, 6, 0, 1, 2
193, 6, 1, 0, 2
193, 6, 1, 0, 2
193, 6, 1, 0, 3
193, 6, 1, 0, 3
193, 6, 1, 0, 3
193, 6, 1, 0, 3
194, 6, 0, 1, 1
194, 6, 0, 1, 2
194, 6, 0, 1, 2
194, 6, 0, 1, 2
194, 6, 0, 1, 2
194, 6, 0, 1, 2
194, 6, 1, 0, 2
194, 6, 1, 0, 2
194, 6, 1, 0, 3
194, 6, 1, 0, 3
194, 6, 1, 0, 3
194, 6, 1, 0, 3
195, 8, 0, 1, 1
195, 8, 0, 1, 2
195, 8, 0, 1, 2
195, 8, 0, 1, 2
195, 8, 0, 1, 2
195, 8, 0, 1, 2
195, 8, 0, 1, 2
195, 8, 0, 1, 2
195, 4, 1, 0, 2
195, 4, 1, 0, 2
195, 4, 1, 0, 3
195, 4, 1, 0, 3
196, 1, 0, 1, 2
196, 10, 1, 0, 2
196, 10, 1, 0, 3
196, 10, 1, 0, 3
196, 10, 1, 0, 3
196, 10, 1, 0, 3
196, 10, 1, 0, 3
196, 10, 1, 0, 3
196, 10, 1, 0, 3
196, 10, 1, 0, 3
196, 10, 1, 0, 3
197, 7, 0, 1, 1
197, 7, 0, 1, 2
197, 7, 0, 1, 2
197, 7, 0, 1, 2
197, 7, 0, 1, 2
197, 7, 0, 1, 2
197, 7, 0, 1, 2
197, 6, 1, 0, 2
197, 6, 1, 0, 2
197, 6, 1, 0, 3
197, 6, 1, 0, 3
197, 6, 1, 0, 3
197, 6, 1, 0, 3
198, 1, 0, 1, 3
198, 2, 1, 0, 2
198, 2, 1, 0, 3
199, 2, 0, 1, 1
199, 2, 0, 1, 2
199, 1, 1, 0, 4
200, 1, 0, 1, 4
200, 1, 1, 0, 2
201, 1, 0, 1, 3
201, 2, 1, 0, 2
201, 2, 1, 0, 3
202, 1, 0, 1, 3
202, 2, 1, 0, 2
202, 2, 1, 0, 3
203, 1, 0, 1, 3
203, 2, 1, 0, 2
203, 2, 1, 0, 3
204, 2, 0, 1, 1
204, 2, 0, 1, 2
204, 1, 1, 0, 4
205, 1, 0, 1, 3
205, 2, 1, 0, 2
205, 2, 1, 0, 3
206, 1, 0, 1, 3
206, 2, 1, 0, 2
206, 2, 1, 0, 3
207, 1, 0, 1, 3
207, 3, 1, 0, 2
207, 3, 1, 0, 3
207, 3, 1, 0, 3
208, 2, 0, 1, 1
208, 2, 0, 1, 2
208, 1, 1, 0, 4
209, 1, 0, 1, 3
209, 2, 1, 0, 2
209, 2, 1, 0, 3
210, 1, 0, 1, 1
210, 1, 1, 0, 5
211, 1, 0, 1, 3
211, 3, 1, 0, 2
211, 3, 1, 0, 3
211, 3, 1, 0, 3
212, 3, 0, 1, 1
212, 3, 0, 1, 2
212, 3, 0, 1, 2
212, 1, 1, 0, 4
213, 1, 0, 1, 3
213, 3, 1, 0, 2
213, 3, 1, 0, 3
213, 3, 1, 0, 3
214, 1, 0, 1, 3
214, 3, 1, 0, 2
214, 3, 1, 0, 3
214, 3, 1, 0, 3
215, 1, 0, 1, 3
215, 3, 1, 0, 2
215, 3, 1, 0, 3
215, 3, 1, 0, 3
216, 3, 0, 1, 1
216, 3, 0, 1, 2
216, 3, 0, 1, 2
216, 1, 1, 0, 4
217, 1, 0, 1, 3
217, 3, 1, 0, 2
217, 3, 1, 0, 3
217, 3, 1, 0, 3
218, 1, 0, 1, 3
218, 3, 1, 0, 2
218, 3, 1, 0, 3
218, 3, 1, 0, 3
219, 1, 0, 1, 3
219, 3, 1, 0, 2
219, 3, 1, 0, 3
219, 3, 1, 0, 3
220, 3, 0, 1, 1
220, 3, 0, 1, 2
220, 3, 0, 1, 2
220, 1, 1, 0, 4
221, 3, 0, 1, 1
221, 3, 0, 1, 2
221, 3, 0, 1, 2
221, 5, 1, 0, 2
221, 5, 1, 0, 2
221, 5, 1, 0, 2
221, 5, 1, 0, 3
221, 5, 1, 0, 3
222, 1, 0, 1, 3
222, 3, 1, 0, 2
222, 3, 1, 0, 3
222, 3, 1, 0, 3
223, 1, 0, 1, 3
223, 3, 1, 0, 2
223, 3, 1, 0, 3
223, 3, 1, 0, 3
224, 1, 0, 1, 3
224, 4, 1, 0, 2
224, 4, 1, 0, 3
224, 4, 1, 0, 3
224, 4, 1, 0, 3
225, 3, 0, 1, 1
225, 3, 0, 1, 2
225, 3, 0, 1, 2
225, 1, 1, 0, 4
226, 1, 0, 1, 3
226, 3, 1, 0, 2
226, 3, 1, 0, 3
226, 3, 1, 0, 3
227, 1, 0, 1, 3
227, 4, 1, 0, 2
227, 4, 1, 0, 3
227, 4, 1, 0, 3
227, 4, 1, 0, 3
228, 4, 0, 1, 1
228, 4, 0, 1, 2
228, 4, 0, 1, 2
228, 4, 0, 1, 2
228, 1, 1, 0, 4
229, 1, 0, 1, 3
229, 3, 1, 0, 2
229, 3, 1, 0, 3
229, 3, 1, 0, 3
230, 3, 0, 1, 1
230, 3, 0, 1, 2
230, 3, 0, 1, 2
230, 6, 1, 0, 2
230, 6, 1, 0, 2
230, 6, 1, 0, 2
230, 6, 1, 0, 3
230, 6, 1, 0, 3
230, 6, 1, 0, 3
231, 1, 0, 1, 3
231, 4, 1, 0, 2
231, 4, 1, 0, 3
231, 4, 1, 0, 3
231, 4, 1, 0, 3
232, 4, 0, 1, 1
232, 4, 0, 1, 2
232, 4, 0, 1, 2
232, 4, 0, 1, 2
232, 5, 1, 0, 2
232, 5, 1, 0, 2
232, 5, 1, 0, 2
232, 5, 1, 0, 3
232, 5, 1, 0, 3
233, 1, 0, 1, 4
233, 2, 1, 0, 2
233, 2, 1, 0, 3
234, 1, 0, 1, 4
234, 2, 1, 0, 2
234, 2, 1, 0, 3
235, 1, 0, 1, 4
235, 2, 1, 0, 2
235, 2, 1, 0, 3
236, 1, 0, 1, 4
236, 2, 1, 0, 2
236, 2, 1, 0, 3
237, 1, 0, 1, 4
237, 2, 1, 0, 2
237, 2, 1, 0, 3
238, 1, 0, 1, 4
238, 3, 1, 0, 2
238, 3, 1, 0, 3
238, 3, 1, 0, 3
239, 1, 0, 1, 4
239, 3, 1, 0, 2
239, 3, 1, 0, 3
239, 3, 1, 0, 3
240, 3, 0, 1, 1
240, 3, 0, 1, 2
240, 3, 0, 1, 2
240, 1, 1, 0, 5
241, 1, 0, 1, 4
241, 2, 1, 0, 2
241, 2, 1, 0, 3
242, 1, 0, 1, 4
242, 2, 1, 0, 2
242, 2, 1, 0, 3
243, 1, 0, 1, 4
243, 2, 1, 0, 2
243, 2, 1, 0, 3
244, 1, 0, 1, 4
244, 2, 1, 0, 2
244, 2, 1, 0, 3
245, 2, 0, 1, 1
245, 2, 0, 1, 2
245, 1, 1, 0, 5
246, 1, 0, 1, 4
246, 2, 1, 0, 2
246, 2, 1, 0, 3
247, 1, 0, 1, 4
247, 3, 1, 0, 2
247, 3, 1, 0, 3
247, 3, 1, 0, 3
248, 1, 0, 1, 4
248, 3, 1, 0, 2
248, 3, 1, 0, 3
248, 3, 1, 0, 3
249, 2, 0, 1, 1
249, 2, 0, 1, 2
249, 1, 1, 0, 5
250, 1, 0, 1, 4
250, 4, 1, 0, 2
250, 4, 1, 0, 3
250, 4, 1, 0, 3
250, 4, 1, 0, 3
251, 1, 0, 1, 4
251, 3, 1, 0, 2
251, 3, 1, 0, 3
251, 3, 1, 0, 3
252, 1, 0, 1, 4
252, 3, 1, 0, 2
252, 3, 1, 0, 3
252, 3, 1, 0, 3
253, 1, 0, 1, 4
253, 4, 1, 0, 2
253, 4, 1, 0, 3
253, 4, 1, 0, 3
253, 4, 1, 0, 3
254, 1, 0, 1, 4
254, 4, 1, 0, 2
254, 4, 1, 0, 3
254, 4, 1, 0, 3
254, 4, 1, 0, 3
255, 3, 0, 1, 1
255, 3, 0, 1, 2
255, 3, 0, 1, 2
255, 1, 1, 0, 5
256, 1, 0, 1, 4
256, 3, 1, 0, 2
256, 3, 1, 0, 3
256, 3, 1, 0, 3
257, 1, 0, 1, 4
257, 3, 1, 0, 2
257, 3, 1, 0, 3
257, 3, 1, 0, 3
258, 1, 0, 1, 4
258, 3, 1, 0, 2
258, 3, 1, 0, 3
258, 3, 1, 0, 3
259, 1, 0, 1, 4
259, 3, 1, 0, 2
259, 3, 1, 0, 3
259, 3, 1, 0, 3
260, 3, 0, 1, 1
260, 3, 0, 1, 2
260, 3, 0, 1, 2
260, 1, 1, 0, 5
261, 1, 0, 1, 4
261, 3, 1, 0, 2
261, 3, 1, 0, 3
261, 3, 1, 0, 3
262, 1, 0, 1, 4
262, 3, 1, 0, 2
262, 3, 1, 0, 3
262, 3, 1, 0, 3
263, 1, 0, 1, 4
263, 3, 1, 0, 2
263, 3, 1, 0, 3
263, 3, 1, 0, 3
264, 1, 0, 1, 4
264, 3, 1, 0, 2
264, 3, 1, 0, 3
264, 3, 1, 0, 3
265, 3, 0, 1, 1
265, 3, 0, 1, 2
265, 3, 0, 1, 2
265, 1, 1, 0, 5
266, 6, 0, 1, 1
266, 6, 0, 1, 2
266, 6, 0, 1, 2
266, 6, 0, 1, 2
266, 6, 0, 1, 2
266, 6, 0, 1, 2
266, 8, 1, 0, 2
266, 8, 1, 0, 2
266, 8, 1, 0, 2
266, 8, 1, 0, 2
266, 8, 1, 0, 3
266, 8, 1, 0, 3
266, 8, 1, 0, 3
266, 8, 1, 0, 3
267, 2, 0, 111, 2
267, 2, 0, 111, 2
267, 2, 1, 12, 2
267, 2, 1, 12, 2
267, 2, 2, 3, 2
267, 2, 2, 3, 2
267, 2, 3, 4, 2
267, 2, 3, 4, 2
267, 2, 4, 5, 2
267, 2, 4, 5, 2
267, 2, 5, 6, 2
267, 2, 5, 6, 2
267, 2, 6, 7, 2
267, 2, 6, 7, 2
267, 2, 7, 8, 2
267, 2, 7, 8, 2
267, 2, 8, 9, 2
267, 2, 8, 9, 2
267, 2, 9, 10, 2
267, 2, 9, 10, 2
267, 2, 10, 11, 2
267, 2, 10, 11, 2
267, 2, 11, 13, 2
267, 2, 11, 13, 2
267, 2, 12, 23, 2
267, 2, 12, 23, 2
267, 2, 13, 14, 2
267, 2, 13, 14, 2
267, 2, 14, 15, 2
267, 2, 14, 15, 2
267, 2, 15, 16, 2
267, 2, 15, 16, 2
267, 2, 16, 17, 2
267, 2, 16, 17, 2
267, 2, 17, 18, 2
267, 2, 17, 18, 2
267, 2, 18, 19, 2
267, 2, 18, 19, 2
267, 2, 19, 20, 2
267, 2, 19, 20, 2
267, 2, 20, 21, 2
267, 2, 20, 21, 2
267, 2, 21, 22, 2
267, 2, 21, 22, 2
267, 2, 22, 24, 2
267, 2, 22, 24, 2
267, 2, 23, 34, 2
267, 2, 23, 34, 2
267, 2, 24, 25, 2
267, 2, 24, 25, 2
267, 2, 25, 26, 2
267, 2, 25, 26, 2
267, 2, 26, 27, 2
267, 2, 26, 27, 2
267, 2, 27, 28, 2
267, 2, 27, 28, 2
267, 2, 28, 29, 2
267, 2, 28, 29, 2
267, 2, 29, 30, 2
267, 2, 29, 30, 2
267, 2, 30, 31, 2
267, 2, 30, 31, 2
267, 2, 31, 32, 2
267, 2, 31, 32, 2
267, 2, 32, 33, 2
267, 2, 32, 33, 2
267, 2, 33, 35, 2
267, 2, 33, 35, 2
267, 2, 34, 45, 2
267, 2, 34, 45, 2
267, 2, 35, 36, 2
267, 2, 35, 36, 2
267, 2, 36, 37, 2
267, 2, 36, 37, 2
267, 2, 37, 38, 2
267, 2, 37, 38, 2
267, 2, 38, 39, 2
267, 2, 38, 39, 2
267, 2, 39, 40, 2
267, 2, 39, 40, 2
267, 2, 40, 41, 2
267, 2, 40, 41, 2
267, 2, 41, 42, 2
267, 2, 41, 42, 2
267, 2, 42, 43, 2
267, 2, 42, 43, 2
267, 2, 43, 44, 2
267, 2, 43, 44, 2
267, 2, 44, 46, 2
267, 2, 44, 46, 2
267, 2, 45, 56, 2
267, 2, 45, 56, 2
267, 2, 46, 47, 2
267, 2, 46, 47, 2
267, 2, 47, 48, 2
267, 2, 47, 48, 2
267, 2, 48, 49, 2
267, 2, 48, 49, 2
267, 2, 49, 50, 2
267, 2, 49, 50, 2
267, 2, 50, 51, 2
267, 2, 50, 51, 2
267, 2, 51, 52, 2
267, 2, 51, 52, 2
267, 2, 52, 53, 2
267, 2, 52, 53, 2
267, 2, 53, 54, 2
267, 2, 53, 54, 2
267, 2, 54, 55, 2
267, 2, 54, 55, 2
267, 2, 55, 57, 2
267, 2, 55, 57, 2
267, 2, 56, 67, 2
267, 2, 56, 67, 2
267, 2, 57, 58, 2
267, 2, 57, 58, 2
267, 2, 58, 59, 2
267, 2, 58, 59, 2
267, 2, 59, 60, 2
267, 2, 59, 60, 2
267, 2, 60, 61, 2
267, 2, 60, 61, 2
267, 2, 61, 62, 2
267, 2, 61, 62, 2
267, 2, 62, 63, 2
267, 2, 62, 63, 2
267, 2, 63, 64, 2
267, 2, 63, 64, 2
267, 2, 64, 65, 2
267, 2, 64, 65, 2
267, 2, 65, 66, 2
267, 2, 65, 66, 2
267, 2, 66, 68, 2
267, 2, 66, 68, 2
267, 2, 67, 78, 2
267, 2, 67, 78, 2
267, 2, 68, 69, 2
267, 2, 68, 69, 2
267, 2, 69, 70, 2
267, 2, 69, 70, 2
267, 2, 70, 71, 2
267, 2, 70, 71, 2
267, 2, 71, 72, 2
267, 2, 71, 72, 2
267, 2, 72, 73, 2
267, 2, 72, 73, 2
267, 2, 73, 74, 2
267, 2, 73, 74, 2
267, 2, 74, 75, 2
267, 2, 74, 75, 2
267, 2, 75, 76, 2
267, 2, 75, 76, 2
267, 2, 76, 77, 2
267, 2, 76, 77, 2
267, 2, 77, 79, 2
267, 2, 77, 79, 2
267, 2, 78, 89, 2
267, 2, 78, 89, 2
267, 2, 79, 80, 2
267, 2, 79, 80, 2
267, 2, 80, 81, 2
267, 2, 80, 81, 2
267, 2, 81, 82, 2
267, 2, 81, 82, 2
267, 2, 82, 83, 2
267, 2, 82, 83, 2
267, 2, 83, 84, 2
267, 2, 83, 84, 2
267, 2, 84, 85, 2
267, 2, 84, 85, 2
267, 2, 85, 86, 2
267, 2, 85, 86, 2
267, 2, 86, 87, 2
267, 2, 86, 87, 2
267, 2, 87, 88, 2
267, 2, 87, 88, 2
267, 2, 88, 90, 2
267, 2, 88, 90, 2
267, 2, 89, 100, 2
267, 2, 89, 100, 2
267, 2, 90, 91, 2
267, 2, 90, 91, 2
267, 2, 91, 92, 2
267, 2, 91, 92, 2
267, 2, 92, 93, 2
267, 2, 92, 93, 2
267, 2, 93, 94, 2
267, 2, 93, 94, 2
267, 2, 94, 95, 2
267, 2, 94, 95, 2
267, 2, 95, 96, 2
267, 2, 95, 96, 2
267, 2, 96, 97, 2
267, 2, 96, 97, 2
267, 2, 97, 98, 2
267, 2, 97, 98, 2
267, 2, 98, 99, 2
267, 2, 98, 99, 2
267, 2, 99, 101, 2
267, 2, 99, 101, 2
267, 2, 100, 112, 2
267, 2, 100, 112, 2
267, 2, 101, 102, 2
267, 2, 101, 102, 2
267, 2, 102, 103, 2
267, 2, 102, 103, 2
267, 2, 103, 104, 2
267, 2, 103, 104, 2
267, 2, 104, 105, 2
267, 2, 104, 105, 2
267, 2, 105, 106, 2
267, 2, 105, 106, 2
267, 2, 106, 107, 2
267, 2, 106, 107, 2
267, 2, 107, 108, 2
267, 2, 107, 108, 2
267, 2, 108, 109, 2
267, 2, 108, 109, 2
267, 2, 109, 110, 2
267, 2, 109, 110, 2
267, 2, 110, 113, 2
267, 2, 110, 113, 2
267, 2, 111, 222, 2
267, 2, 111, 222, 2
267, 2, 112, 123, 2
267, 2, 112, 123, 2
267, 2, 113, 114, 2
267, 2, 113, 114, 2
267, 2, 114, 115, 2
267, 2, 114, 115, 2
267, 2, 115, 116, 2
267, 2, 115, 116, 2
267, 2, 116, 117, 2
267, 2, 116, 117, 2
267, 2, 117, 118, 2
267, 2, 117, 118, 2
267, 2, 118, 119, 2
267, 2, 118, 119, 2
267, 2, 119, 120, 2
267, 2, 119, 120, 2
267, 2, 120, 121, 2
267, 2, 120, 121, 2
267, 2, 121, 122, 2
267, 2, 121, 122, 2
267, 2, 122, 124, 2
267, 2, 122, 124, 2
267, 2, 123, 134, 2
267, 2, 123, 134, 2
267, 2, 124, 125, 2
267, 2, 124, 125, 2
267, 2, 125, 126, 2
267, 2, 125, 126, 2
267, 2, 126, 127, 2
267, 2, 126, 127, 2
267, 2, 127, 128, 2
267, 2, 127, 128, 2
267, 2, 128, 129, 2
267, 2, 128, 129, 2
267, 2, 129, 130, 2
267, 2, 129, 130, 2
267, 2, 130, 131, 2
267, 2, 130, 131, 2
267, 2, 131, 132, 2
267, 2, 131, 132, 2
267, 2, 132, 133, 2
267, 2, 132, 133, 2
267, 2, 133, 135, 2
267, 2, 133, 135, 2
267, 2, 134, 145, 2
267, 2, 134, 145, 2
267, 2, 135, 136, 2
267, 2, 135, 136, 2
267, 2, 136, 137, 2
267, 2, 136, 137, 2
267, 2, 137, 138, 2
267, 2, 137, 138, 2
267, 2, 138, 139, 2
267, 2, 138, 139, 2
267, 2, 139, 140, 2
267, 2, 139, 140, 2
267, 2, 140, 141, 2
267, 2, 140, 141, 2
267, 2, 141, 142, 2
267, 2, 141, 142, 2
267, 2, 142, 143, 2
267, 2, 142, 143, 2
267, 2, 143, 144, 2
267, 2, 143, 144, 2
267, 2, 144, 146, 2
267, 2, 144, 146, 2
267, 2, 145, 156, 2
267, 2, 145, 156, 2
267, 2, 146, 147, 2
267, 2, 146, 147, 2
267, 2, 147, 148, 2
267, 2, 147, 148, 2
267, 2, 148, 149, 2
267, 2, 148, 149, 2
267, 2, 149, 150, 2
267, 2, 149, 150, 2
267, 2, 150, 151, 2
267, 2, 150, 151, 2
267, 2, 151, 152, 2
267, 2, 151, 152, 2
267, 2, 152, 153, 2
267, 2, 152, 153, 2
267, 2, 153, 154, 2
267, 2, 153, 154, 2
267, 2, 154, 155, 2
267, 2, 154, 155, 2
267, 2, 155, 157, 2
267, 2, 155, 157, 2
267, 2, 156, 167, 2
267, 2, 156, 167, 2
267, 2, 157, 158, 2
267, 2, 157, 158, 2
267, 2, 158, 159, 2
267, 2, 158, 159, 2
267, 2, 159, 160, 2
267, 2, 159, 160, 2
267, 2, 160, 161, 2
267, 2, 160, 161, 2
267, 2, 161, 162, 2
267, 2, 161, 162, 2
267, 2, 162, 163, 2
267, 2, 162, 163, 2
267, 2, 163, 164, 2
267, 2, 163, 164, 2
267, 2, 164, 165, 2
267, 2, 164, 165, 2
267, 2, 165, 166, 2
267, 2, 165, 166, 2
267, 2, 166, 168, 2
267, 2, 166, 168, 2
267, 2, 167, 178, 2
267, 2, 167, 178, 2
267, 2, 168, 169, 2
267, 2, 168, 169, 2
267, 2, 169, 170, 2
267, 2, 169, 170, 2
267, 2, 170, 171, 2
267, 2, 170, 171, 2
267, 2, 171, 172, 2
267, 2, 171, 172, 2
267, 2, 172, 173, 2
267, 2, 172, 173, 2
267, 2, 173, 174, 2
267, 2, 173, 174, 2
267, 2, 174, 175, 2
267, 2, 174, 175, 2
267, 2, 175, 176, 2
267, 2, 175, 176, 2
267, 2, 176, 177, 2
267, 2, 176, 177, 2
267, 2, 177, 179, 2
267, 2, 177, 179, 2
267, 2, 178, 189, 2
267, 2, 178, 189, 2
267, 2, 179, 180, 2
267, 2, 179, 180, 2
267, 2, 180, 181, 2
267, 2, 180, 181, 2
267, 2, 181, 182, 2
267, 2, 181, 182, 2
267, 2, 182, 183, 2
267, 2, 182, 183, 2
267, 2, 183, 184, 2
267, 2, 183, 184, 2
267, 2, 184, 185, 2
267, 2, 184, 185, 2
267, 2, 185, 186, 2
267, 2, 185, 186, 2
267, 2, 186, 187, 2
267, 2, 186, 187, 2
267, 2, 187, 188, 2
267, 2, 187, 188, 2
267, 2, 188, 190, 2
267, 2, 188, 190, 2
267, 2, 189, 200, 2
267, 2, 189, 200, 2
267, 2, 190, 191, 2
267, 2, 190, 191, 2
267, 2, 191, 192, 2
267, 2, 191, 192, 2
267, 2, 192, 193, 2
267, 2, 192, 193, 2
267, 2, 193, 194, 2
267, 2, 193, 194, 2
267, 2, 194, 195, 2
267, 2, 194, 195, 2
267, 2, 195, 196, 2
267, 2, 195, 196, 2
267, 2, 196, 197, 2
267, 2, 196, 197, 2
267, 2, 197, 198, 2
267, 2, 197, 198, 2
267, 2, 198, 199, 2
267, 2, 198, 199, 2
267, 2, 199, 201, 2
267, 2, 199, 201, 2
267, 2, 200, 211, 2
267, 2, 200, 211, 2
267, 2, 201, 202, 2
267, 2, 201, 202, 2
267, 2, 202, 203, 2
267, 2, 202, 203, 2
267, 2, 203, 204, 2
267, 2, 203, 204, 2
267, 2, 204, 205, 2
267, 2, 204, 205, 2
267, 2, 205, 206, 2
267, 2, 205, 206, 2
267, 2, 206, 207, 2
267, 2, 206, 207, 2
267, 2, 207, 208, 2
267, 2, 207, 208, 2
267, 2, 208, 209, 2
267, 2, 208, 209, 2
267, 2, 209, 210, 2
267, 2, 209, 210, 2
267, 2, 210, 212, 2
267, 2, 210, 212, 2
267, 2, 211, 223, 2
267, 2, 211, 223, 2
267, 2, 212, 213, 2
267, 2, 212, 213, 2
267, 2, 213, 214, 2
267, 2, 213, 214, 2
267, 2, 214, 215, 2
267, 2, 214, 215, 2
267, 2, 215, 216, 2
267, 2, 215, 216, 2
267, 2, 216, 217, 2
267, 2, 216, 217, 2
267, 2, 217, 218, 2
267, 2, 217, 218, 2
267, 2, 218, 219, 2
267, 2, 218, 219, 2
267, 2, 219, 220, 2
267, 2, 219, 220, 2
267, 2, 220, 221, 2
267, 2, 220, 221, 2
267, 2, 221, 224, 2
267, 2, 221, 224, 2
267, 2, 222, 271, 2
267, 2, 222, 271, 2
267, 2, 223, 234, 2
267, 2, 223, 234, 2
267, 2, 224, 225, 2
267, 2, 224, 225, 2
267, 2, 225, 226, 2
267, 2, 225, 226, 2
267, 2, 226, 227, 2
267, 2, 226, 227, 2
267, 2, 227, 228, 2
267, 2, 227, 228, 2
267, 2, 228, 229, 2
267, 2, 228, 229, 2
267, 2, 229, 230, 2
267, 2, 229, 230, 2
267, 2, 230, 231, 2
267, 2, 230, 231, 2
267, 2, 231, 232, 2
267, 2, 231, 232, 2
267, 2, 232, 233, 2
267, 2, 232, 233, 2
267, 2, 233, 235, 2
267, 2, 233, 235, 2
267, 2, 234, 245, 2
267, 2, 234, 245, 2
267, 2, 235, 236, 2
267, 2, 235, 236, 2
267, 2, 236, 237, 2
267, 2, 236, 237, 2
267, 2, 237, 238, 2
267, 2, 237, 238, 2
267, 2, 238, 239, 2
267, 2, 238, 239, 2
267, 2, 239, 240, 2
267, 2, 239, 240, 2
267, 2, 240, 241, 2
267, 2, 240, 241, 2
267, 2, 241, 242, 2
267, 2, 241, 242, 2
267, 2, 242, 243, 2
267, 2, 242, 243, 2
267, 2, 243, 244, 2
267, 2, 243, 244, 2
267, 2, 244, 246, 2
267, 2, 244, 246, 2
267, 2, 245, 256, 2
267, 2, 245, 256, 2
267, 2, 246, 247, 2
267, 2, 246, 247, 2
267, 2, 247, 248, 2
267, 2, 247, 248, 2
267, 2, 248, 249, 2
267, 2, 248, 249, 2
267, 2, 249, 250, 2
267, 2, 249, 250, 2
267, 2, 250, 251, 2
267, 2, 250, 251, 2
267, 2, 251, 252, 2
267, 2, 251, 252, 2
267, 2, 252, 253, 2
267, 2, 252, 253, 2
267, 2, 253, 254, 2
267, 2, 253, 254, 2
267, 2, 254, 255, 2
267, 2, 254, 255, 2
267, 2, 255, 257, 2
267, 2, 255, 257, 2
267, 2, 256, 265, 2
267, 2, 256, 265, 2
267, 2, 257, 258, 2
267, 2, 257, 258, 2
267, 2, 258, 259, 2
267, 2, 258, 259, 2
267, 2, 259, 260, 2
267, 2, 259, 260, 2
267, 2, 260, 261, 2
267, 2, 260, 261, 2
267, 2, 261, 262, 2
267, 2, 261, 262, 2
267, 2, 262, 263, 2
267, 2, 262, 263, 2
267, 2, 263, 264, 2
267, 2, 263, 264, 2
267, 2, 264, 337, 2
267, 2, 264, 337, 2
267, 2, 265, 266, 2
267, 2, 265, 266, 2
267, 2, 266, 267, 2
267, 2, 266, 267, 2
267, 2, 267, 268, 2
267, 2, 267, 268, 2
267, 2, 268, 269, 2
267, 2, 268, 269, 2
267, 2, 269, 270, 2
267, 2, 269, 270, 2
267, 2, 270, 272, 2
267, 2, 270, 272, 2
267, 2, 271, 282, 2
267, 2, 271, 282, 2
267, 2, 272, 273, 2
267, 2, 272, 273, 2
267, 2, 273, 274, 2
267, 2, 273, 274, 2
267, 2, 274, 275, 2
267, 2, 274, 275, 2
267, 2, 275, 276, 2
267, 2, 275, 276, 2
267, 2, 276, 277, 2
267, 2, 276, 277, 2
267, 2, 277, 278, 2
267, 2, 277, 278, 2
267, 2, 278, 279, 2
267, 2, 278, 279, 2
267, 2, 279, 280, 2
267, 2, 279, 280, 2
267, 2, 280, 281, 2
267, 2, 280, 281, 2
267, 2, 281, 283, 2
267, 2, 281, 283, 2
267, 2, 282, 293, 2
267, 2, 282, 293, 2
267, 2, 283, 284, 2
267, 2, 283, 284, 2
267, 2, 284, 285, 2
267, 2, 284, 285, 2
267, 2, 285, 286, 2
267, 2, 285, 286, 2
267, 2, 286, 287, 2
267, 2, 286, 287, 2
267, 2, 287, 288, 2
267, 2, 287, 288, 2
267, 2, 288, 289, 2
267, 2, 288, 289, 2
267, 2, 289, 290, 2
267, 2, 289, 290, 2
267, 2, 290, 291, 2
267, 2, 290, 291, 2
267, 2, 291, 292, 2
267, 2, 291, 292, 2
267, 2, 292, 294, 2
267, 2, 292, 294, 2
267, 2, 293, 304, 2
267, 2, 293, 304, 2
267, 2, 294, 295, 2
267, 2, 294, 295, 2
267, 2, 295, 296, 2
267, 2, 295, 296, 2
267, 2, 296, 297, 2
267, 2, 296, 297, 2
267, 2, 297, 298, 2
267, 2, 297, 298, 2
267, 2, 298, 299, 2
267, 2, 298, 299, 2
267, 2, 299, 300, 2
267, 2, 299, 300, 2
267, 2, 300, 301, 2
267, 2, 300, 301, 2
267, 2, 301, 302, 2
267, 2, 301, 302, 2
267, 2, 302, 303, 2
267, 2, 302, 303, 2
267, 2, 303, 305, 2
267, 2, 303, 305, 2
267, 2, 304, 315, 2
267, 2, 304, 315, 2
267, 2, 305, 306, 2
267, 2, 305, 306, 2
267, 2, 306, 307, 2
267, 2, 306, 307, 2
267, 2, 307, 308, 2
267, 2, 307, 308, 2
267, 2, 308, 309, 2
267, 2, 308, 309, 2
267, 2, 309, 310, 2
267, 2, 309, 310, 2
267, 2, 310, 311, 2
267, 2, 310, 311, 2
267, 2, 311, 312, 2
267, 2, 311, 312, 2
267, 2, 312, 313, 2
267, 2, 312, 313, 2
267, 2, 313, 314, 2
267, 2, 313, 314, 2
267, 2, 314, 316, 2
267, 2, 314, 316, 2
267, 2, 315, 326, 2
267, 2, 315, 326, 2
267, 2, 316, 317, 2
267, 2, 316, 317, 2
267, 2, 317, 318, 2
267, 2, 317, 318, 2
267, 2, 318, 319, 2
267, 2, 318, 319, 2
267, 2, 319, 320, 2
267, 2, 319, 320, 2
267, 2, 320, 321, 2
267, 2, 320, 321, 2
267, 2, 321, 322, 2
267, 2, 321, 322, 2
267, 2, 322, 323, 2
267, 2, 322, 323, 2
267, 2, 323, 324, 2
267, 2, 323, 324, 2
267, 2, 324, 325, 2
267, 2, 324, 325, 2
267, 2, 325, 327, 2
267, 2, 325, 327, 2
267, 2, 326, 1, 2
267, 2, 326, 1, 2
267, 2, 327, 328, 2
267, 2, 327, 328, 2
267, 2, 328, 329, 2
267, 2, 328, 329, 2
267, 2, 329, 330, 2
267, 2, 329, 330, 2
267, 2, 330, 331, 2
267, 2, 330, 331, 2
267, 2, 331, 332, 2
267, 2, 331, 332, 2
267, 2, 332, 333, 2
267, 2, 332, 333, 2
267, 2, 333, 334, 2
267, 2, 333, 334, 2
267, 2, 334, 335, 2
267, 2, 334, 335, 2
267, 2, 335, 336, 2
267, 2, 335, 336, 2
267, 2, 336, 2, 2
267, 2, 336, 2, 2
268, 4, 1, 0, 2
268, 4, 1, 0, 3
268, 4, 1, 0, 3
268, 4, 1, 0, 3
Goal
1
2
3
4
5
6
7
8
9
10
11
12
13
14
15
16
17
18
19
20
21
22
23
24
25
26
27
28
29
30
31
32
33
34
35
36
37
38
39
40
41
42
43
44
45
46
47
48
49
50
51
52
53
54
55
56
57
58
59
60
61
62
63
64
65
66
67
68
69
70
71
72
73
74
75
76
77
78
79
80
81
82
83
84
85
86
87
88
89
90
91
92
93
94
95
96
97
98
99
100
101
102
103
104
105
106
107
108
109
110
111
112
113
114
115
116
117
118
119
120
121
122
123
124
125
126
127
128
129
130
131
132
133
134
135
136
137
138
139
140
141
142
143
144
145
146
147
148
149
150
151
152
153
154
155
156
157
158
159
160
161
162
163
164
165
166
167
168
169
170
171
172
173
174
175
176
177
178
179
180
181
182
183
184
185
186
187
188
189
190
191
192
193
194
195
196
197
198
199
200
201
202
203
204
205
206
207
208
209
210
211
212
213
214
215
216
217
218
219
220
221
222
223
224
225
226
227
228
229
230
231
232
233
234
235
236
237
238
239
240
241
242
243
244
245
246
247
248
249
250
251
252
253
254
255
256
257
258
259
260
261
262
263
264
265
266
267
268
