CG
269
0, 1, 267, 336
1, 2, 0, 3
1, 2, 2, 3
2, 2, 0, 1
2, 2, 3, 1
3, 2, 0, 1
3, 2, 4, 1
4, 4, 0, 1
4, 4, 5, 1
4, 4, 6, 1
4, 4, 7, 1
5, 2, 0, 1
5, 2, 166, 1
6, 2, 0, 1
6, 2, 167, 1
7, 2, 0, 1
7, 2, 168, 1
8, 3, 0, 2
8, 3, 211, 1
8, 3, 22, 1
9, 4, 0, 1
9, 4, 10, 1
9, 4, 11, 1
9, 4, 12, 1
10, 2, 0, 1
10, 2, 170, 1
11, 2, 0, 1
11, 2, 171, 1
12, 2, 0, 1
12, 2, 172, 1
13, 3, 0, 1
13, 3, 14, 1
13, 3, 15, 1
14, 2, 0, 1
14, 2, 16, 1
15, 2, 0, 1
15, 2, 17, 1
16, 2, 0, 1
16, 2, 23, 1
17, 2, 0, 1
17, 2, 24, 1
18, 2, 0, 1
18, 2, 174, 1
19, 2, 0, 1
19, 2, 203, 1
20, 2, 0, 1
20, 2, 204, 1
21, 3, 0, 3
21, 3, 198, 3
21, 3, 267, 2
22, 2, 0, 1
22, 2, 8, 1
23, 3, 0, 1
23, 3, 24, 1
23, 3, 25, 1
24, 3, 0, 1
24, 3, 23, 1
24, 3, 25, 1
25, 2, 0, 1
25, 2, 230, 1
26, 3, 0, 2
26, 3, 27, 2
26, 3, 267, 1
27, 3, 0, 1
27, 3, 48, 1
27, 3, 49, 1
28, 3, 0, 2
28, 3, 101, 2
28, 3, 267, 1
29, 3, 0, 2
29, 3, 236, 2
29, 3, 267, 1
30, 3, 0, 2
30, 3, 237, 2
30, 3, 267, 1
31, 3, 0, 2
31, 3, 238, 2
31, 3, 267, 1
32, 3, 0, 2
32, 3, 239, 2
32, 3, 267, 1
33, 3, 0, 2
33, 3, 195, 2
33, 3, 267, 1
34, 3, 0, 2
34, 3, 81, 2
34, 3, 267, 1
35, 3, 0, 2
35, 3, 192, 2
35, 3, 267, 1
36, 3, 0, 2
36, 3, 205, 2
36, 3, 267, 1
37, 3, 0, 2
37, 3, 206, 2
37, 3, 267, 1
38, 3, 0, 2
38, 3, 241, 2
38, 3, 267, 1
39, 3, 0, 2
39, 3, 246, 2
39, 3, 267, 1
40, 3, 0, 2
40, 3, 242, 2
40, 3, 267, 1
41, 3, 0, 2
41, 3, 42, 2
41, 3, 267, 1
42, 5, 0, 1
42, 5, 19, 1
42, 5, 43, 1
42, 5, 20, 1
42, 5, 44, 1
43, 3, 0, 2
43, 3, 233, 2
43, 3, 267, 1
44, 3, 0, 2
44, 3, 234, 2
44, 3, 267, 1
45, 3, 0, 2
45, 3, 50, 2
45, 3, 267, 1
46, 3, 0, 2
46, 3, 207, 2
46, 3, 267, 1
47, 3, 0, 2
47, 3, 208, 2
47, 3, 267, 1
48, 3, 0, 3
48, 3, 178, 3
48, 3, 267, 2
49, 3, 0, 3
49, 3, 102, 3
49, 3, 267, 2
50, 3, 0, 2
50, 3, 202, 2
50, 3, 267, 1
51, 3, 0, 3
51, 3, 52, 3
51, 3, 267, 2
52, 4, 0, 1
52, 4, 53, 1
52, 4, 82, 1
52, 4, 83, 1
53, 3, 0, 3
53, 3, 103, 3
53, 3, 267, 2
54, 3, 0, 3
54, 3, 55, 3
54, 3, 267, 2
55, 4, 0, 1
55, 4, 84, 1
55, 4, 26, 1
55, 4, 28, 1
56, 5, 0, 1
56, 5, 29, 1
56, 5, 30, 1
56, 5, 31, 1
56, 5, 32, 1
57, 3, 0, 3
57, 3, 122, 3
57, 3, 267, 2
58, 3, 0, 3
58, 3, 257, 3
58, 3, 267, 2
59, 3, 0, 3
59, 3, 258, 3
59, 3, 267, 2
60, 3, 0, 3
60, 3, 259, 3
60, 3, 267, 2
61, 3, 0, 3
61, 3, 260, 3
61, 3, 267, 2
62, 2, 0, 1
62, 2, 165, 1
63, 3, 0, 2
63, 3, 230, 1
63, 3, 165, 1
64, 3, 0, 3
64, 3, 181, 3
64, 3, 267, 2
65, 3, 0, 3
65, 3, 66, 3
65, 3, 267, 2
66, 4, 0, 1
66, 4, 67, 1
66, 4, 68, 1
66, 4, 36, 1
67, 3, 0, 3
67, 3, 215, 3
67, 3, 267, 2
68, 3, 0, 3
68, 3, 216, 3
68, 3, 267, 2
69, 3, 0, 3
69, 3, 201, 3
69, 3, 267, 2
70, 3, 0, 3
70, 3, 180, 3
70, 3, 267, 2
71, 3, 0, 3
71, 3, 248, 3
71, 3, 267, 2
72, 3, 0, 3
72, 3, 249, 3
72, 3, 267, 2
73, 3, 0, 3
73, 3, 250, 3
73, 3, 267, 2
74, 3, 0, 3
74, 3, 243, 3
74, 3, 267, 2
75, 3, 0, 3
75, 3, 244, 3
75, 3, 267, 2
76, 3, 0, 3
76, 3, 218, 3
76, 3, 267, 2
77, 3, 0, 3
77, 3, 219, 3
77, 3, 267, 2
78, 4, 0, 1
78, 4, 18, 1
78, 4, 41, 1
78, 4, 45, 1
79, 4, 0, 1
79, 4, 46, 1
79, 4, 80, 1
79, 4, 47, 1
80, 3, 0, 3
80, 3, 209, 3
80, 3, 267, 2
81, 3, 0, 3
81, 3, 252, 3
81, 3, 267, 2
82, 3, 0, 4
82, 3, 85, 4
82, 3, 267, 3
83, 3, 0, 4
83, 3, 200, 4
83, 3, 267, 3
84, 3, 0, 4
84, 3, 123, 4
84, 3, 267, 3
85, 5, 0, 1
85, 5, 58, 1
85, 5, 59, 1
85, 5, 60, 1
85, 5, 61, 1
86, 3, 0, 4
86, 3, 124, 4
86, 3, 267, 3
87, 4, 0, 3
87, 4, 211, 2
87, 4, 175, 1
87, 4, 267, 1
88, 3, 0, 2
88, 3, 211, 2
88, 3, 267, 1
89, 3, 0, 2
89, 3, 105, 2
89, 3, 267, 1
90, 3, 0, 2
90, 3, 196, 2
90, 3, 267, 1
91, 3, 0, 4
91, 3, 126, 4
91, 3, 267, 3
92, 3, 0, 2
92, 3, 93, 2
92, 3, 267, 1
93, 3, 0, 3
93, 3, 190, 3
93, 3, 267, 2
94, 3, 0, 4
94, 3, 106, 4
94, 3, 267, 3
95, 3, 0, 3
95, 3, 96, 3
95, 3, 267, 1
96, 3, 0, 2
96, 3, 191, 2
96, 3, 267, 1
97, 3, 0, 4
97, 3, 131, 4
97, 3, 267, 3
98, 4, 0, 3
98, 4, 181, 1
98, 4, 247, 2
98, 4, 267, 1
99, 3, 0, 4
99, 3, 185, 4
99, 3, 267, 3
100, 3, 0, 2
100, 3, 266, 2
100, 3, 267, 1
101, 5, 0, 6
101, 5, 108, 3
101, 5, 56, 2
101, 5, 9, 1
101, 5, 267, 3
102, 3, 0, 3
102, 3, 179, 3
102, 3, 267, 2
103, 3, 0, 3
103, 3, 104, 3
103, 3, 267, 2
104, 3, 0, 2
104, 3, 212, 2
104, 3, 267, 1
105, 3, 0, 7
105, 3, 127, 7
105, 3, 267, 3
106, 3, 0, 2
106, 3, 107, 2
106, 3, 267, 1
107, 3, 0, 3
107, 3, 187, 3
107, 3, 267, 2
108, 3, 0, 6
108, 3, 109, 6
108, 3, 267, 2
109, 3, 0, 3
109, 3, 232, 3
109, 3, 267, 2
110, 4, 0, 1
110, 4, 86, 1
110, 4, 97, 1
110, 4, 69, 1
111, 3, 0, 5
111, 3, 188, 5
111, 3, 267, 4
112, 3, 0, 5
112, 3, 189, 5
112, 3, 267, 4
113, 3, 0, 5
113, 3, 114, 5
113, 3, 267, 2
114, 3, 0, 2
114, 3, 92, 2
114, 3, 267, 1
115, 5, 0, 1
115, 5, 34, 1
115, 5, 35, 1
115, 5, 64, 1
115, 5, 65, 1
116, 3, 0, 3
116, 3, 117, 3
116, 3, 267, 2
117, 3, 0, 3
117, 3, 118, 3
117, 3, 267, 2
118, 3, 0, 1
118, 3, 70, 1
118, 3, 99, 1
119, 4, 0, 1
119, 4, 37, 1
119, 4, 76, 1
119, 4, 77, 1
120, 5, 0, 1
120, 5, 38, 1
120, 5, 74, 1
120, 5, 40, 1
120, 5, 75, 1
121, 5, 0, 1
121, 5, 71, 1
121, 5, 39, 1
121, 5, 72, 1
121, 5, 73, 1
122, 3, 0, 4
122, 3, 197, 4
122, 3, 267, 3
123, 5, 0, 5
123, 5, 22, 1
123, 5, 175, 2
123, 5, 88, 2
123, 5, 267, 2
124, 3, 0, 3
124, 3, 125, 3
124, 3, 267, 2
125, 3, 0, 3
125, 3, 128, 3
125, 3, 267, 2
126, 4, 0, 4
126, 4, 190, 2
126, 4, 113, 2
126, 4, 267, 2
127, 3, 0, 3
127, 3, 222, 3
127, 3, 267, 2
128, 3, 0, 4
128, 3, 199, 4
128, 3, 267, 3
129, 4, 0, 3
129, 4, 182, 1
129, 4, 62, 2
129, 4, 267, 1
130, 3, 0, 2
130, 3, 100, 2
130, 3, 267, 1
131, 5, 0, 6
131, 5, 182, 2
131, 5, 115, 3
131, 5, 13, 1
131, 5, 267, 3
132, 3, 0, 3
132, 3, 110, 3
132, 3, 267, 2
133, 5, 0, 1
133, 5, 51, 1
133, 5, 33, 1
133, 5, 91, 1
133, 5, 94, 1
134, 3, 0, 1
134, 3, 54, 1
134, 3, 57, 1
135, 3, 0, 3
135, 3, 223, 3
135, 3, 267, 2
136, 3, 0, 6
136, 3, 137, 6
136, 3, 267, 2
137, 3, 0, 3
137, 3, 196, 3
137, 3, 267, 2
138, 3, 0, 5
138, 3, 139, 5
138, 3, 267, 2
139, 3, 0, 3
139, 3, 191, 3
139, 3, 267, 2
140, 3, 0, 3
140, 3, 120, 3
140, 3, 267, 2
141, 3, 0, 3
141, 3, 121, 3
141, 3, 267, 2
142, 3, 0, 3
142, 3, 143, 3
142, 3, 267, 2
143, 3, 0, 3
143, 3, 198, 3
143, 3, 267, 2
144, 3, 0, 3
144, 3, 145, 3
144, 3, 267, 2
145, 3, 0, 3
145, 3, 146, 3
145, 3, 267, 2
146, 3, 0, 3
146, 3, 266, 3
146, 3, 267, 2
147, 3, 0, 4
147, 3, 134, 4
147, 3, 267, 3
148, 4, 0, 5
148, 4, 187, 1
148, 4, 149, 4
148, 4, 267, 3
149, 3, 0, 4
149, 3, 150, 4
149, 3, 267, 3
150, 4, 0, 5
150, 4, 138, 3
150, 4, 95, 2
150, 4, 267, 3
151, 3, 0, 4
151, 3, 152, 4
151, 3, 267, 3
152, 3, 0, 2
152, 3, 116, 2
152, 3, 267, 1
153, 3, 0, 1
153, 3, 111, 1
153, 3, 112, 1
154, 3, 0, 3
154, 3, 151, 3
154, 3, 267, 2
155, 3, 0, 4
155, 3, 133, 4
155, 3, 267, 3
156, 4, 0, 5
156, 4, 192, 2
156, 4, 253, 3
156, 4, 267, 3
157, 4, 0, 5
157, 4, 136, 3
157, 4, 90, 2
157, 4, 267, 3
158, 6, 0, 8
158, 6, 1, 1
158, 6, 78, 2
158, 6, 144, 3
158, 6, 79, 2
158, 6, 267, 4
159, 4, 0, 4
159, 4, 197, 1
159, 4, 183, 3
159, 4, 267, 2
160, 4, 0, 6
160, 4, 195, 2
160, 4, 264, 4
160, 4, 267, 4
161, 4, 0, 9
161, 4, 199, 5
161, 4, 225, 4
161, 4, 267, 7
162, 4, 0, 6
162, 4, 132, 3
162, 4, 119, 3
162, 4, 267, 4
163, 4, 0, 6
163, 4, 200, 3
163, 4, 135, 3
163, 4, 267, 4
164, 4, 0, 9
164, 4, 201, 5
164, 4, 154, 4
164, 4, 267, 7
165, 3, 0, 2
165, 3, 63, 2
165, 3, 267, 1
166, 4, 0, 1
166, 4, 167, 1
166, 4, 168, 1
166, 4, 169, 1
167, 4, 0, 1
167, 4, 166, 1
167, 4, 168, 1
167, 4, 169, 1
168, 4, 0, 1
168, 4, 166, 1
168, 4, 167, 1
168, 4, 169, 1
169, 2, 0, 1
169, 2, 266, 1
170, 4, 0, 1
170, 4, 171, 1
170, 4, 172, 1
170, 4, 173, 1
171, 4, 0, 1
171, 4, 170, 1
171, 4, 172, 1
171, 4, 173, 1
172, 4, 0, 1
172, 4, 170, 1
172, 4, 171, 1
172, 4, 173, 1
173, 2, 0, 1
173, 2, 232, 1
174, 4, 0, 1
174, 4, 214, 1
174, 4, 202, 1
174, 4, 176, 1
175, 3, 0, 2
175, 3, 87, 2
175, 3, 267, 1
176, 2, 0, 1
176, 2, 266, 1
177, 3, 0, 2
177, 3, 213, 2
177, 3, 267, 1
178, 3, 0, 1
178, 3, 179, 1
178, 3, 184, 1
179, 3, 0, 1
179, 3, 178, 1
179, 3, 184, 1
180, 3, 0, 1
180, 3, 185, 1
180, 3, 177, 1
181, 3, 0, 2
181, 3, 98, 2
181, 3, 267, 1
182, 3, 0, 3
182, 3, 129, 3
182, 3, 267, 2
183, 3, 0, 1
183, 3, 193, 1
183, 3, 186, 1
184, 3, 0, 4
184, 3, 226, 4
184, 3, 267, 3
185, 3, 0, 1
185, 3, 180, 1
185, 3, 177, 1
186, 3, 0, 3
186, 3, 268, 3
186, 3, 267, 2
187, 3, 0, 3
187, 3, 148, 3
187, 3, 267, 2
188, 3, 0, 1
188, 3, 189, 1
188, 3, 194, 1
189, 3, 0, 1
189, 3, 188, 1
189, 3, 194, 1
190, 3, 0, 3
190, 3, 261, 3
190, 3, 267, 2
191, 3, 0, 3
191, 3, 263, 3
191, 3, 267, 2
192, 3, 0, 4
192, 3, 156, 4
192, 3, 267, 3
193, 3, 0, 1
193, 3, 183, 1
193, 3, 186, 1
194, 3, 0, 6
194, 3, 159, 6
194, 3, 267, 5
195, 3, 0, 5
195, 3, 157, 5
195, 3, 267, 4
196, 3, 0, 5
196, 3, 160, 5
196, 3, 267, 4
197, 3, 0, 5
197, 3, 153, 5
197, 3, 267, 4
198, 3, 0, 5
198, 3, 158, 5
198, 3, 267, 4
199, 3, 0, 4
199, 3, 161, 4
199, 3, 267, 3
200, 3, 0, 6
200, 3, 163, 6
200, 3, 267, 5
201, 3, 0, 7
201, 3, 164, 7
201, 3, 267, 6
202, 4, 0, 1
202, 4, 174, 1
202, 4, 214, 1
202, 4, 176, 1
203, 5, 0, 1
203, 5, 233, 1
203, 5, 204, 1
203, 5, 234, 1
203, 5, 235, 1
204, 5, 0, 1
204, 5, 203, 1
204, 5, 233, 1
204, 5, 234, 1
204, 5, 235, 1
205, 4, 0, 1
205, 4, 215, 1
205, 4, 216, 1
205, 4, 217, 1
206, 4, 0, 1
206, 4, 218, 1
206, 4, 219, 1
206, 4, 220, 1
207, 4, 0, 1
207, 4, 209, 1
207, 4, 208, 1
207, 4, 210, 1
208, 4, 0, 1
208, 4, 207, 1
208, 4, 209, 1
208, 4, 210, 1
209, 4, 0, 1
209, 4, 207, 1
209, 4, 208, 1
209, 4, 210, 1
210, 3, 0, 3
210, 3, 130, 3
210, 3, 267, 2
211, 3, 0, 2
211, 3, 221, 2
211, 3, 267, 1
212, 4, 0, 1
212, 4, 222, 1
212, 4, 223, 1
212, 4, 224, 1
213, 4, 0, 1
213, 4, 225, 1
213, 4, 231, 1
213, 4, 228, 1
214, 4, 0, 1
214, 4, 174, 1
214, 4, 202, 1
214, 4, 176, 1
215, 4, 0, 1
215, 4, 216, 1
215, 4, 205, 1
215, 4, 217, 1
216, 4, 0, 1
216, 4, 215, 1
216, 4, 205, 1
216, 4, 217, 1
217, 3, 0, 3
217, 3, 254, 3
217, 3, 267, 2
218, 4, 0, 1
218, 4, 206, 1
218, 4, 219, 1
218, 4, 220, 1
219, 4, 0, 1
219, 4, 206, 1
219, 4, 218, 1
219, 4, 220, 1
220, 3, 0, 3
220, 3, 140, 3
220, 3, 267, 2
221, 4, 0, 1
221, 4, 226, 1
221, 4, 229, 1
221, 4, 227, 1
222, 4, 0, 1
222, 4, 212, 1
222, 4, 223, 1
222, 4, 224, 1
223, 4, 0, 1
223, 4, 212, 1
223, 4, 222, 1
223, 4, 224, 1
224, 3, 0, 3
224, 3, 262, 3
224, 3, 267, 2
225, 4, 0, 1
225, 4, 231, 1
225, 4, 228, 1
225, 4, 213, 1
226, 4, 0, 1
226, 4, 221, 1
226, 4, 229, 1
226, 4, 227, 1
227, 3, 0, 3
227, 3, 193, 3
227, 3, 267, 2
228, 3, 0, 4
228, 3, 155, 4
228, 3, 267, 3
229, 4, 0, 1
229, 4, 221, 1
229, 4, 226, 1
229, 4, 227, 1
230, 3, 0, 4
230, 3, 231, 4
230, 3, 267, 3
231, 4, 0, 1
231, 4, 225, 1
231, 4, 228, 1
231, 4, 213, 1
232, 3, 0, 3
232, 3, 229, 3
232, 3, 267, 2
233, 5, 0, 1
233, 5, 203, 1
233, 5, 204, 1
233, 5, 234, 1
233, 5, 235, 1
234, 5, 0, 1
234, 5, 203, 1
234, 5, 233, 1
234, 5, 204, 1
234, 5, 235, 1
235, 3, 0, 2
235, 3, 214, 2
235, 3, 267, 1
236, 5, 0, 1
236, 5, 237, 1
236, 5, 238, 1
236, 5, 239, 1
236, 5, 240, 1
237, 5, 0, 1
237, 5, 236, 1
237, 5, 238, 1
237, 5, 239, 1
237, 5, 240, 1
238, 5, 0, 1
238, 5, 236, 1
238, 5, 237, 1
238, 5, 239, 1
238, 5, 240, 1
239, 5, 0, 1
239, 5, 236, 1
239, 5, 237, 1
239, 5, 238, 1
239, 5, 240, 1
240, 3, 0, 2
240, 3, 232, 2
240, 3, 267, 1
241, 5, 0, 1
241, 5, 243, 1
241, 5, 242, 1
241, 5, 244, 1
241, 5, 245, 1
242, 5, 0, 1
242, 5, 241, 1
242, 5, 243, 1
242, 5, 244, 1
242, 5, 245, 1
243, 5, 0, 1
243, 5, 241, 1
243, 5, 242, 1
243, 5, 244, 1
243, 5, 245, 1
244, 5, 0, 1
244, 5, 241, 1
244, 5, 243, 1
244, 5, 242, 1
244, 5, 245, 1
245, 3, 0, 3
245, 3, 141, 3
245, 3, 267, 2
246, 5, 0, 1
246, 5, 248, 1
246, 5, 249, 1
246, 5, 250, 1
246, 5, 251, 1
247, 5, 0, 1
247, 5, 252, 1
247, 5, 253, 1
247, 5, 254, 1
247, 5, 255, 1
248, 5, 0, 1
248, 5, 246, 1
248, 5, 249, 1
248, 5, 250, 1
248, 5, 251, 1
249, 5, 0, 1
249, 5, 248, 1
249, 5, 246, 1
249, 5, 250, 1
249, 5, 251, 1
250, 5, 0, 1
250, 5, 248, 1
250, 5, 246, 1
250, 5, 249, 1
250, 5, 251, 1
251, 3, 0, 3
251, 3, 142, 3
251, 3, 267, 2
252, 5, 0, 1
252, 5, 253, 1
252, 5, 247, 1
252, 5, 254, 1
252, 5, 255, 1
253, 5, 0, 1
253, 5, 252, 1
253, 5, 247, 1
253, 5, 254, 1
253, 5, 255, 1
254, 5, 0, 1
254, 5, 252, 1
254, 5, 253, 1
254, 5, 247, 1
254, 5, 255, 1
255, 3, 0, 2
255, 3, 230, 2
255, 3, 267, 1
256, 3, 0, 2
256, 3, 89, 2
256, 3, 267, 1
257, 5, 0, 1
257, 5, 258, 1
257, 5, 259, 1
257, 5, 260, 1
257, 5, 256, 1
258, 5, 0, 1
258, 5, 257, 1
258, 5, 259, 1
258, 5, 260, 1
258, 5, 256, 1
259, 5, 0, 1
259, 5, 257, 1
259, 5, 258, 1
259, 5, 260, 1
259, 5, 256, 1
260, 5, 0, 1
260, 5, 257, 1
260, 5, 258, 1
260, 5, 259, 1
260, 5, 256, 1
261, 5, 0, 1
261, 5, 262, 1
261, 5, 264, 1
261, 5, 263, 1
261, 5, 265, 1
262, 5, 0, 1
262, 5, 264, 1
262, 5, 261, 1
262, 5, 263, 1
262, 5, 265, 1
263, 5, 0, 1
263, 5, 262, 1
263, 5, 264, 1
263, 5, 261, 1
263, 5, 265, 1
264, 5, 0, 1
264, 5, 262, 1
264, 5, 261, 1
264, 5, 263, 1
264, 5, 265, 1
265, 3, 0, 3
265, 3, 147, 3
265, 3, 267, 2
266, 3, 0, 6
266, 3, 162, 6
266, 3, 267, 5
267, 232, 0, 336
267, 232, 21, 2
267, 232, 268, 2
267, 232, 101, 4
267, 232, 232, 5
267, 232, 131, 6
267, 232, 230, 4
267, 232, 108, 4
267, 232, 109, 4
267, 232, 182, 3
267, 232, 129, 3
267, 232, 187, 4
267, 232, 148, 5
267, 232, 165, 1
267, 232, 63, 1
267, 232, 105, 4
267, 232, 127, 5
267, 232, 150, 6
267, 232, 191, 5
267, 232, 138, 4
267, 232, 198, 8
267, 232, 139, 4
267, 232, 162, 9
267, 232, 158, 8
267, 232, 266, 8
267, 232, 200, 10
267, 232, 163, 9
267, 232, 192, 5
267, 232, 156, 6
267, 232, 95, 2
267, 232, 96, 2
267, 232, 181, 3
267, 232, 98, 2
267, 232, 195, 6
267, 232, 160, 8
267, 232, 157, 7
267, 232, 196, 7
267, 232, 197, 7
267, 232, 159, 7
267, 232, 136, 4
267, 232, 137, 4
267, 232, 123, 5
267, 232, 211, 3
267, 232, 201, 12
267, 232, 164, 13
267, 232, 175, 2
267, 232, 87, 2
267, 232, 126, 5
267, 232, 190, 5
267, 232, 113, 3
267, 232, 114, 3
267, 232, 199, 10
267, 232, 161, 10
267, 232, 128, 5
267, 232, 124, 5
267, 232, 86, 3
267, 232, 225, 3
267, 232, 62, 1
267, 232, 81, 3
267, 232, 34, 1
267, 232, 252, 2
267, 232, 35, 1
267, 232, 253, 2
267, 232, 64, 2
267, 232, 247, 1
267, 232, 67, 2
267, 232, 215, 2
267, 232, 68, 2
267, 232, 216, 2
267, 232, 36, 1
267, 232, 205, 1
267, 232, 66, 2
267, 232, 217, 2
267, 232, 65, 2
267, 232, 254, 2
267, 232, 115, 2
267, 232, 255, 1
267, 232, 97, 3
267, 232, 231, 3
267, 232, 110, 2
267, 232, 228, 3
267, 232, 132, 4
267, 232, 104, 3
267, 232, 103, 4
267, 232, 53, 2
267, 232, 212, 1
267, 232, 58, 2
267, 232, 257, 2
267, 232, 59, 2
267, 232, 258, 2
267, 232, 60, 2
267, 232, 259, 2
267, 232, 61, 2
267, 232, 260, 2
267, 232, 85, 3
267, 232, 256, 1
267, 232, 89, 2
267, 232, 82, 3
267, 232, 222, 2
267, 232, 135, 4
267, 232, 83, 3
267, 232, 223, 2
267, 232, 52, 2
267, 232, 224, 2
267, 232, 51, 2
267, 232, 262, 2
267, 232, 90, 2
267, 232, 33, 1
267, 232, 264, 3
267, 232, 93, 3
267, 232, 92, 2
267, 232, 91, 3
267, 232, 261, 2
267, 232, 106, 4
267, 232, 107, 3
267, 232, 149, 6
267, 232, 94, 3
267, 232, 263, 2
267, 232, 133, 3
267, 232, 265, 2
267, 232, 88, 2
267, 232, 84, 3
267, 232, 221, 1
267, 232, 48, 2
267, 232, 178, 2
267, 232, 102, 4
267, 232, 49, 2
267, 232, 179, 2
267, 232, 27, 1
267, 232, 184, 3
267, 232, 26, 1
267, 232, 226, 3
267, 232, 29, 1
267, 232, 236, 1
267, 232, 30, 1
267, 232, 237, 1
267, 232, 31, 1
267, 232, 238, 1
267, 232, 32, 1
267, 232, 239, 1
267, 232, 56, 1
267, 232, 240, 1
267, 232, 28, 1
267, 232, 229, 2
267, 232, 55, 2
267, 232, 227, 2
267, 232, 54, 2
267, 232, 193, 2
267, 232, 111, 4
267, 232, 188, 4
267, 232, 112, 4
267, 232, 189, 4
267, 232, 153, 4
267, 232, 194, 5
267, 232, 122, 5
267, 232, 57, 2
267, 232, 183, 2
267, 232, 134, 3
267, 232, 186, 2
267, 232, 147, 5
267, 232, 155, 6
267, 232, 43, 1
267, 232, 233, 1
267, 232, 44, 1
267, 232, 234, 1
267, 232, 42, 1
267, 232, 235, 1
267, 232, 41, 1
267, 232, 214, 1
267, 232, 50, 2
267, 232, 45, 1
267, 232, 202, 1
267, 232, 78, 1
267, 232, 144, 4
267, 232, 146, 4
267, 232, 145, 4
267, 232, 46, 1
267, 232, 207, 1
267, 232, 80, 2
267, 232, 209, 2
267, 232, 47, 1
267, 232, 208, 1
267, 232, 79, 1
267, 232, 210, 2
267, 232, 100, 2
267, 232, 130, 3
267, 232, 37, 1
267, 232, 206, 1
267, 232, 76, 2
267, 232, 218, 2
267, 232, 77, 2
267, 232, 219, 2
267, 232, 119, 2
267, 232, 220, 2
267, 232, 38, 1
267, 232, 241, 1
267, 232, 74, 2
267, 232, 243, 2
267, 232, 40, 1
267, 232, 242, 1
267, 232, 75, 2
267, 232, 244, 2
267, 232, 120, 2
267, 232, 245, 2
267, 232, 140, 4
267, 232, 71, 2
267, 232, 248, 2
267, 232, 39, 1
267, 232, 246, 1
267, 232, 72, 2
267, 232, 249, 2
267, 232, 73, 2
267, 232, 250, 2
267, 232, 121, 2
267, 232, 251, 2
267, 232, 143, 4
267, 232, 142, 4
267, 232, 141, 4
267, 232, 151, 5
267, 232, 154, 5
267, 232, 116, 3
267, 232, 70, 2
267, 232, 180, 2
267, 232, 99, 3
267, 232, 185, 3
267, 232, 118, 2
267, 232, 177, 1
267, 232, 117, 4
267, 232, 152, 4
267, 232, 69, 2
267, 232, 213, 1
267, 232, 125, 4
DTG
0, 222, 0, 1, 2
0, 222, 0, 1, 2
0, 222, 0, 1, 2
0, 222, 0, 1, 2
0, 222, 0, 1, 2
0, 222, 0, 1, 2
0, 222, 0, 1, 2
0, 222, 0, 1, 2
0, 222, 0, 1, 2
0, 222, 0, 1, 2
0, 222, 0, 1, 2
0, 222, 0, 1, 2
0, 222, 0, 1, 2
0, 222, 0, 1, 2
0, 222, 0, 1, 2
0, 222, 0, 1, 2
0, 222, 0, 1, 2
0, 222, 0, 1, 2
0, 222, 0, 1, 2
0, 222, 0, 1, 2
0, 222, 0, 1, 2
0, 222, 0, 1, 2
0, 222, 0, 1, 2
0, 222, 0, 1, 2
0, 222, 0, 1, 2
0, 222, 0, 1, 2
0, 222, 0, 1, 2
0, 222, 0, 1, 2
0, 222, 0, 1, 2
0, 222, 0, 1, 2
0, 222, 0, 1, 2
0, 222, 0, 1, 2
0, 222, 0, 1, 2
0, 222, 0, 1, 2
0, 222, 0, 1, 2
0, 222, 0, 1, 2
0, 222, 0, 1, 2
0, 222, 0, 1, 2
0, 222, 0, 1, 2
0, 222, 0, 1, 2
0, 222, 0, 1, 2
0, 222, 0, 1, 2
0, 222, 0, 1, 2
0, 222, 0, 1, 2
0, 222, 0, 1, 2
0, 222, 0, 1, 2
0, 222, 0, 1, 2
0, 222, 0, 1, 2
0, 222, 0, 1, 2
0, 222, 0, 1, 2
0, 222, 0, 1, 2
0, 222, 0, 1, 2
0, 222, 0, 1, 2
0, 222, 0, 1, 2
0, 222, 0, 1, 2
0, 222, 0, 1, 2
0, 222, 0, 1, 2
0, 222, 0, 1, 2
0, 222, 0, 1, 2
0, 222, 0, 1, 2
0, 222, 0, 1, 2
0, 222, 0, 1, 2
0, 222, 0, 1, 2
0, 222, 0, 1, 2
0, 222, 0, 1, 2
0, 222, 0, 1, 2
0, 222, 0, 1, 2
0, 222, 0, 1, 2
0, 222, 0, 1, 2
0, 222, 0, 1, 2
0, 222, 0, 1, 2
0, 222, 0, 1, 2
0, 222, 0, 1, 2
0, 222, 0, 1, 2
0, 222, 0, 1, 2
0, 222, 0, 1, 2
0, 222, 0, 1, 2
0, 222, 0, 1, 2
0, 222, 0, 1, 2
0, 222, 0, 1, 2
0, 222, 0, 1, 2
0, 222, 0, 1, 2
0, 222, 0, 1, 2
0, 222, 0, 1, 2
0, 222, 0, 1, 2
0, 222, 0, 1, 2
0, 222, 0, 1, 2
0, 222, 0, 1, 2
0, 222, 0, 1, 2
0, 222, 0, 1, 2
0, 222, 0, 1, 2
0, 222, 0, 1, 2
0, 222, 0, 1, 2
0, 222, 0, 1, 2
0, 222, 0, 1, 2
0, 222, 0, 1, 2
0, 222, 0, 1, 2
0, 222, 0, 1, 2
0, 222, 0, 1, 2
0, 222, 0, 1, 2
0, 222, 0, 1, 2
0, 222, 0, 1, 2
0, 222, 0, 1, 2
0, 222, 0, 1, 2
0, 222, 0, 1, 2
0, 222, 0, 1, 2
0, 222, 0, 1, 2
0, 222, 0, 1, 2
0, 222, 0, 1, 2
0, 222, 0, 1, 2
0, 222, 0, 1, 2
0, 222, 0, 1, 2
0, 222, 0, 1, 2
0, 222, 0, 1, 2
0, 222, 0, 1, 2
0, 222, 0, 1, 2
0, 222, 0, 1, 2
0, 222, 0, 1, 2
0, 222, 0, 1, 2
0, 222, 0, 1, 2
0, 222, 0, 1, 2
0, 222, 0, 1, 2
0, 222, 0, 1, 2
0, 222, 0, 1, 2
0, 222, 0, 1, 2
0, 222, 0, 1, 2
0, 222, 0, 1, 2
0, 222, 0, 1, 2
0, 222, 0, 1, 2
0, 222, 0, 1, 2
0, 222, 0, 1, 2
0, 222, 0, 1, 2
0, 222, 0, 1, 2
0, 222, 0, 1, 2
0, 222, 0, 1, 2
0, 222, 0, 1, 2
0, 222, 0, 1, 2
0, 222, 0, 1, 2
0, 222, 0, 1, 2
0, 222, 0, 1, 2
0, 222, 0, 1, 2
0, 222, 0, 1, 2
0, 222, 0, 1, 2
0, 222, 0, 1, 2
0, 222, 0, 1, 2
0, 222, 0, 1, 2
0, 222, 0, 1, 2
0, 222, 0, 1, 2
0, 222, 0, 1, 2
0, 222, 0, 1, 2
0, 222, 0, 1, 2
0, 222, 0, 1, 2
0, 222, 0, 1, 2
0, 222, 0, 1, 2
0, 222, 0, 1, 2
0, 222, 0, 1, 2
0, 222, 0, 1, 2
0, 222, 0, 1, 2
0, 222, 0, 1, 2
0, 222, 0, 1, 2
0, 222, 0, 1, 2
0, 222, 0, 1, 2
0, 222, 0, 1, 2
0, 222, 0, 1, 2
0, 222, 0, 1, 2
0, 222, 0, 1, 2
0, 222, 0, 1, 2
0, 222, 0, 1, 2
0, 222, 0, 1, 2
0, 222, 0, 1, 2
0, 222, 0, 1, 2
0, 222, 0, 1, 2
0, 222, 0, 1, 2
0, 222, 0, 1, 2
0, 222, 0, 1, 2
0, 222, 0, 1, 2
0, 222, 0, 1, 2
0, 222, 0, 1, 2
0, 222, 0, 1, 2
0, 222, 0, 1, 2
0, 222, 0, 1, 2
0, 222, 0, 1, 2
0, 222, 0, 1, 2
0, 222, 0, 1, 2
0, 222, 0, 1, 2
0, 222, 0, 1, 2
0, 222, 0, 1, 2
0, 222, 0, 1, 2
0, 222, 0, 1, 2
0, 222, 0, 1, 2
0, 222, 0, 1, 2
0, 222, 0, 1, 2
0, 222, 0, 1, 2
0, 222, 0, 1, 2
0, 222, 0, 1, 2
0, 222, 0, 1, 2
0, 222, 0, 1, 2
0, 222, 0, 1, 2
0, 222, 0, 1, 2
0, 222, 0, 1, 2
0, 222, 0, 1, 2
0, 222, 0, 1, 3
0, 222, 0, 1, 3
0, 222, 0, 1, 3
0, 222, 0, 1, 3
0, 222, 0, 1, 3
0, 222, 0, 1, 4
0, 222, 0, 1, 4
0, 222, 0, 1, 4
0, 222, 0, 1, 4
0, 222, 0, 1, 4
0, 222, 0, 1, 4
0, 222, 0, 1, 4
0, 222, 0, 1, 4
0, 222, 0, 1, 4
0, 222, 0, 1, 5
0, 222, 0, 1, 5
0, 222, 0, 1, 5
0, 222, 0, 1, 5
0, 222, 0, 1, 5
0, 222, 0, 1, 5
0, 222, 0, 1, 5
0, 336, 1, 0, 3
0, 336, 1, 0, 3
0, 336, 1, 0, 3
0, 336, 1, 0, 3
0, 336, 1, 0, 3
0, 336, 1, 0, 3
0, 336, 1, 0, 3
0, 336, 1, 0, 3
0, 336, 1, 0, 3
0, 336, 1, 0, 3
0, 336, 1, 0, 3
0, 336, 1, 0, 3
0, 336, 1, 0, 3
0, 336, 1, 0, 3
0, 336, 1, 0, 3
0, 336, 1, 0, 3
0, 336, 1, 0, 3
0, 336, 1, 0, 3
0, 336, 1, 0, 3
0, 336, 1, 0, 3
0, 336, 1, 0, 3
0, 336, 1, 0, 3
0, 336, 1, 0, 3
0, 336, 1, 0, 3
0, 336, 1, 0, 3
0, 336, 1, 0, 3
0, 336, 1, 0, 3
0, 336, 1, 0, 3
0, 336, 1, 0, 3
0, 336, 1, 0, 3
0, 336, 1, 0, 3
0, 336, 1, 0, 3
0, 336, 1, 0, 3
0, 336, 1, 0, 3
0, 336, 1, 0, 3
0, 336, 1, 0, 3
0, 336, 1, 0, 3
0, 336, 1, 0, 3
0, 336, 1, 0, 3
0, 336, 1, 0, 3
0, 336, 1, 0, 3
0, 336, 1, 0, 3
0, 336, 1, 0, 3
0, 336, 1, 0, 3
0, 336, 1, 0, 3
0, 336, 1, 0, 3
0, 336, 1, 0, 3
0, 336, 1, 0, 3
0, 336, 1, 0, 3
0, 336, 1, 0, 3
0, 336, 1, 0, 3
0, 336, 1, 0, 3
0, 336, 1, 0, 3
0, 336, 1, 0, 3
0, 336, 1, 0, 3
0, 336, 1, 0, 3
0, 336, 1, 0, 3
0, 336, 1, 0, 3
0, 336, 1, 0, 3
0, 336, 1, 0, 3
0, 336, 1, 0, 3
0, 336, 1, 0, 3
0, 336, 1, 0, 3
0, 336, 1, 0, 3
0, 336, 1, 0, 3
0, 336, 1, 0, 3
0, 336, 1, 0, 3
0, 336, 1, 0, 3
0, 336, 1, 0, 3
0, 336, 1, 0, 3
0, 336, 1, 0, 3
0, 336, 1, 0, 3
0, 336, 1, 0, 3
0, 336, 1, 0, 3
0, 336, 1, 0, 3
0, 336, 1, 0, 3
0, 336, 1, 0, 3
0, 336, 1, 0, 3
0, 336, 1, 0, 3
0, 336, 1, 0, 3
0, 336, 1, 0, 3
0, 336, 1, 0, 3
0, 336, 1, 0, 3
0, 336, 1, 0, 3
0, 336, 1, 0, 3
0, 336, 1, 0, 3
0, 336, 1, 0, 3
0, 336, 1, 0, 3
0, 336, 1, 0, 3
0, 336, 1, 0, 3
0, 336, 1, 0, 3
0, 336, 1, 0, 3
0, 336, 1, 0, 3
0, 336, 1, 0, 3
0, 336, 1, 0, 3
0, 336, 1, 0, 3
0, 336, 1, 0, 3
0, 336, 1, 0, 3
0, 336, 1, 0, 3
0, 336, 1, 0, 3
0, 336, 1, 0, 3
0, 336, 1, 0, 3
0, 336, 1, 0, 3
0, 336, 1, 0, 3
0, 336, 1, 0, 3
0, 336, 1, 0, 3
0, 336, 1, 0, 3
0, 336, 1, 0, 3
0, 336, 1, 0, 3
0, 336, 1, 0, 3
0, 336, 1, 0, 3
0, 336, 1, 0, 3
0, 336, 1, 0, 3
0, 336, 1, 0, 3
0, 336, 1, 0, 3
0, 336, 1, 0, 3
0, 336, 1, 0, 3
0, 336, 1, 0, 3
0, 336, 1, 0, 3
0, 336, 1, 0, 3
0, 336, 1, 0, 3
0, 336, 1, 0, 3
0, 336, 1, 0, 3
0, 336, 1, 0, 3
0, 336, 1, 0, 3
0, 336, 1, 0, 3
0, 336, 1, 0, 3
0, 336, 1, 0, 3
0, 336, 1, 0, 3
0, 336, 1, 0, 3
0, 336, 1, 0, 3
0, 336, 1, 0, 3
0, 336, 1, 0, 3
0, 336, 1, 0, 3
0, 336, 1, 0, 3
0, 336, 1, 0, 3
0, 336, 1, 0, 3
0, 336, 1, 0, 3
0, 336, 1, 0, 3
0, 336, 1, 0, 3
0, 336, 1, 0, 3
0, 336, 1, 0, 3
0, 336, 1, 0, 3
0, 336, 1, 0, 3
0, 336, 1, 0, 3
0, 336, 1, 0, 3
0, 336, 1, 0, 3
0, 336, 1, 0, 3
0, 336, 1, 0, 3
0, 336, 1, 0, 3
0, 336, 1, 0, 3
0, 336, 1, 0, 3
0, 336, 1, 0, 3
0, 336, 1, 0, 3
0, 336, 1, 0, 3
0, 336, 1, 0, 3
0, 336, 1, 0, 3
0, 336, 1, 0, 3
0, 336, 1, 0, 3
0, 336, 1, 0, 3
0, 336, 1, 0, 3
0, 336, 1, 0, 3
0, 336, 1, 0, 3
0, 336, 1, 0, 3
0, 336, 1, 0, 3
0, 336, 1, 0, 3
0, 336, 1, 0, 3
0, 336, 1, 0, 3
0, 336, 1, 0, 3
0, 336, 1, 0, 3
0, 336, 1, 0, 3
0, 336, 1, 0, 3
0, 336, 1, 0, 3
0, 336, 1, 0, 3
0, 336, 1, 0, 3
0, 336, 1, 0, 3
0, 336, 1, 0, 3
0, 336, 1, 0, 3
0, 336, 1, 0, 3
0, 336, 1, 0, 3
0, 336, 1, 0, 3
0, 336, 1, 0, 3
0, 336, 1, 0, 3
0, 336, 1, 0, 3
0, 336, 1, 0, 3
0, 336, 1, 0, 3
0, 336, 1, 0, 3
0, 336, 1, 0, 3
0, 336, 1, 0, 3
0, 336, 1, 0, 3
0, 336, 1, 0, 3
0, 336, 1, 0, 3
0, 336, 1, 0, 3
0, 336, 1, 0, 3
0, 336, 1, 0, 3
0, 336, 1, 0, 3
0, 336, 1, 0, 3
0, 336, 1, 0, 3
0, 336, 1, 0, 3
0, 336, 1, 0, 3
0, 336, 1, 0, 3
0, 336, 1, 0, 3
0, 336, 1, 0, 3
0, 336, 1, 0, 3
0, 336, 1, 0, 3
0, 336, 1, 0, 3
0, 336, 1, 0, 3
0, 336, 1, 0, 3
0, 336, 1, 0, 3
0, 336, 1, 0, 3
0, 336, 1, 0, 3
0, 336, 1, 0, 3
0, 336, 1, 0, 3
0, 336, 1, 0, 3
0, 336, 1, 0, 3
0, 336, 1, 0, 3
0, 336, 1, 0, 3
0, 336, 1, 0, 3
0, 336, 1, 0, 3
0, 336, 1, 0, 3
0, 336, 1, 0, 3
0, 336, 1, 0, 3
0, 336, 1, 0, 3
0, 336, 1, 0, 3
0, 336, 1, 0, 3
0, 336, 1, 0, 3
0, 336, 1, 0, 3
0, 336, 1, 0, 3
0, 336, 1, 0, 3
0, 336, 1, 0, 3
0, 336, 1, 0, 3
0, 336, 1, 0, 3
0, 336, 1, 0, 3
0, 336, 1, 0, 3
0, 336, 1, 0, 3
0, 336, 1, 0, 3
0, 336, 1, 0, 3
0, 336, 1, 0, 3
0, 336, 1, 0, 3
0, 336, 1, 0, 3
0, 336, 1, 0, 3
0, 336, 1, 0, 3
0, 336, 1, 0, 3
0, 336, 1, 0, 3
0, 336, 1, 0, 3
0, 336, 1, 0, 3
0, 336, 1, 0, 3
0, 336, 1, 0, 3
0, 336, 1, 0, 3
0, 336, 1, 0, 3
0, 336, 1, 0, 3
0, 336, 1, 0, 3
0, 336, 1, 0, 3
0, 336, 1, 0, 3
0, 336, 1, 0, 3
0, 336, 1, 0, 3
0, 336, 1, 0, 3
0, 336, 1, 0, 3
0, 336, 1, 0, 3
0, 336, 1, 0, 3
0, 336, 1, 0, 3
0, 336, 1, 0, 3
0, 336, 1, 0, 3
0, 336, 1, 0, 3
0, 336, 1, 0, 3
0, 336, 1, 0, 3
0, 336, 1, 0, 3
0, 336, 1, 0, 3
0, 336, 1, 0, 3
0, 336, 1, 0, 3
0, 336, 1, 0, 3
0, 336, 1, 0, 3
0, 336, 1, 0, 3
0, 336, 1, 0, 3
0, 336, 1, 0, 3
0, 336, 1, 0, 3
0, 336, 1, 0, 3
0, 336, 1, 0, 3
0, 336, 1, 0, 3
0, 336, 1, 0, 3
0, 336, 1, 0, 3
0, 336, 1, 0, 3
0, 336, 1, 0, 3
0, 336, 1, 0, 3
0, 336, 1, 0, 3
0, 336, 1, 0, 3
0, 336, 1, 0, 3
0, 336, 1, 0, 3
0, 336, 1, 0, 3
0, 336, 1, 0, 3
0, 336, 1, 0, 3
0, 336, 1, 0, 3
0, 336, 1, 0, 3
0, 336, 1, 0, 3
0, 336, 1, 0, 3
0, 336, 1, 0, 3
0, 336, 1, 0, 3
0, 336, 1, 0, 3
0, 336, 1, 0, 3
0, 336, 1, 0, 3
0, 336, 1, 0, 3
0, 336, 1, 0, 3
0, 336, 1, 0, 3
0, 336, 1, 0, 3
0, 336, 1, 0, 3
0, 336, 1, 0, 3
0, 336, 1, 0, 3
0, 336, 1, 0, 3
0, 336, 1, 0, 3
0, 336, 1, 0, 3
0, 336, 1, 0, 3
0, 336, 1, 0, 3
0, 336, 1, 0, 3
0, 336, 1, 0, 3
0, 336, 1, 0, 3
0, 336, 1, 0, 3
0, 336, 1, 0, 3
0, 336, 1, 0, 3
0, 336, 1, 0, 3
0, 336, 1, 0, 3
0, 336, 1, 0, 3
0, 336, 1, 0, 3
0, 336, 1, 0, 3
0, 336, 1, 0, 3
0, 336, 1, 0, 3
0, 336, 1, 0, 3
0, 336, 1, 0, 3
0, 336, 1, 0, 3
0, 336, 1, 0, 3
0, 336, 1, 0, 3
0, 336, 1, 0, 3
0, 336, 1, 0, 3
0, 336, 1, 0, 3
0, 336, 1, 0, 3
0, 336, 1, 0, 3
0, 336, 1, 0, 3
1, 1, 0, 1, 1
1, 1, 1, 0, 2
2, 1, 0, 1, 1
2, 1, 1, 0, 2
3, 1, 0, 1, 1
3, 1, 1, 0, 2
4, 1, 0, 1, 1
4, 1, 1, 0, 2
5, 1, 0, 1, 1
5, 1, 1, 0, 2
6, 1, 0, 1, 1
6, 1, 1, 0, 2
7, 1, 0, 1, 1
7, 1, 1, 0, 2
8, 1, 0, 1, 1
8, 1, 1, 0, 2
9, 1, 0, 1, 1
9, 1, 1, 0, 2
10, 1, 0, 1, 1
10, 1, 1, 0, 2
11, 1, 0, 1, 1
11, 1, 1, 0, 2
12, 1, 0, 1, 1
12, 1, 1, 0, 2
13, 1, 0, 1, 1
13, 1, 1, 0, 2
14, 1, 0, 1, 1
14, 1, 1, 0, 2
15, 1, 0, 1, 1
15, 1, 1, 0, 2
16, 1, 0, 1, 1
16, 1, 1, 0, 2
17, 1, 0, 1, 1
17, 1, 1, 0, 2
18, 1, 0, 1, 1
18, 1, 1, 0, 2
19, 1, 0, 1, 1
19, 1, 1, 0, 2
20, 1, 0, 1, 1
20, 1, 1, 0, 2
21, 3, 0, 1, 1
21, 3, 0, 1, 2
21, 3, 0, 1, 2
22, 1, 0, 1, 1
22, 2, 1, 0, 2
22, 2, 1, 0, 2
23, 1, 0, 1, 2
23, 1, 1, 0, 2
24, 1, 0, 1, 2
24, 1, 1, 0, 2
25, 1, 0, 1, 1
25, 1, 1, 0, 3
26, 2, 0, 1, 1
26, 2, 0, 1, 2
26, 1, 1, 0, 2
27, 1, 0, 1, 1
27, 2, 1, 0, 2
27, 2, 1, 0, 3
28, 2, 0, 1, 1
28, 2, 0, 1, 2
28, 1, 1, 0, 2
29, 2, 0, 1, 1
29, 2, 0, 1, 2
29, 1, 1, 0, 2
30, 2, 0, 1, 1
30, 2, 0, 1, 2
30, 1, 1, 0, 2
31, 2, 0, 1, 1
31, 2, 0, 1, 2
31, 1, 1, 0, 2
32, 2, 0, 1, 1
32, 2, 0, 1, 2
32, 1, 1, 0, 2
33, 2, 0, 1, 1
33, 2, 0, 1, 2
33, 1, 1, 0, 2
34, 2, 0, 1, 1
34, 2, 0, 1, 2
34, 1, 1, 0, 2
35, 2, 0, 1, 1
35, 2, 0, 1, 2
35, 1, 1, 0, 2
36, 2, 0, 1, 1
36, 2, 0, 1, 2
36, 1, 1, 0, 2
37, 2, 0, 1, 1
37, 2, 0, 1, 2
37, 1, 1, 0, 2
38, 2, 0, 1, 1
38, 2, 0, 1, 2
38, 1, 1, 0, 2
39, 2, 0, 1, 1
39, 2, 0, 1, 2
39, 1, 1, 0, 2
40, 2, 0, 1, 1
40, 2, 0, 1, 2
40, 1, 1, 0, 2
41, 2, 0, 1, 1
41, 2, 0, 1, 2
41, 1, 1, 0, 2
42, 1, 0, 1, 1
42, 2, 1, 0, 2
42, 2, 1, 0, 3
43, 2, 0, 1, 1
43, 2, 0, 1, 2
43, 1, 1, 0, 2
44, 2, 0, 1, 1
44, 2, 0, 1, 2
44, 1, 1, 0, 2
45, 2, 0, 1, 1
45, 2, 0, 1, 2
45, 1, 1, 0, 2
46, 2, 0, 1, 1
46, 2, 0, 1, 2
46, 1, 1, 0, 2
47, 2, 0, 1, 1
47, 2, 0, 1, 2
47, 1, 1, 0, 2
48, 3, 0, 1, 1
48, 3, 0, 1, 2
48, 3, 0, 1, 2
48, 1, 1, 0, 2
49, 3, 0, 1, 1
49, 3, 0, 1, 2
49, 3, 0, 1, 2
49, 1, 1, 0, 2
50, 2, 0, 1, 1
50, 2, 0, 1, 2
50, 2, 1, 0, 2
50, 2, 1, 0, 3
51, 3, 0, 1, 1
51, 3, 0, 1, 2
51, 3, 0, 1, 2
51, 1, 1, 0, 2
52, 1, 0, 1, 1
52, 3, 1, 0, 2
52, 3, 1, 0, 3
52, 3, 1, 0, 3
53, 3, 0, 1, 1
53, 3, 0, 1, 2
53, 3, 0, 1, 2
53, 1, 1, 0, 2
54, 3, 0, 1, 1
54, 3, 0, 1, 2
54, 3, 0, 1, 2
54, 1, 1, 0, 2
55, 1, 0, 1, 1
55, 3, 1, 0, 2
55, 3, 1, 0, 3
55, 3, 1, 0, 3
56, 1, 0, 1, 1
56, 2, 1, 0, 2
56, 2, 1, 0, 3
57, 3, 0, 1, 1
57, 3, 0, 1, 2
57, 3, 0, 1, 2
57, 1, 1, 0, 2
58, 3, 0, 1, 1
58, 3, 0, 1, 2
58, 3, 0, 1, 2
58, 1, 1, 0, 2
59, 3, 0, 1, 1
59, 3, 0, 1, 2
59, 3, 0, 1, 2
59, 1, 1, 0, 2
60, 3, 0, 1, 1
60, 3, 0, 1, 2
60, 3, 0, 1, 2
60, 1, 1, 0, 2
61, 3, 0, 1, 1
61, 3, 0, 1, 2
61, 3, 0, 1, 2
61, 1, 1, 0, 2
62, 1, 0, 1, 1
62, 2, 1, 0, 2
62, 2, 1, 0, 3
63, 1, 0, 1, 1
63, 2, 1, 0, 2
63, 2, 1, 0, 3
64, 3, 0, 1, 1
64, 3, 0, 1, 2
64, 3, 0, 1, 2
64, 1, 1, 0, 2
65, 3, 0, 1, 1
65, 3, 0, 1, 2
65, 3, 0, 1, 2
65, 1, 1, 0, 2
66, 1, 0, 1, 1
66, 3, 1, 0, 2
66, 3, 1, 0, 3
66, 3, 1, 0, 3
67, 3, 0, 1, 1
67, 3, 0, 1, 2
67, 3, 0, 1, 2
67, 1, 1, 0, 2
68, 3, 0, 1, 1
68, 3, 0, 1, 2
68, 3, 0, 1, 2
68, 1, 1, 0, 2
69, 3, 0, 1, 1
69, 3, 0, 1, 2
69, 3, 0, 1, 2
69, 1, 1, 0, 2
70, 3, 0, 1, 1
70, 3, 0, 1, 2
70, 3, 0, 1, 2
70, 1, 1, 0, 2
71, 3, 0, 1, 1
71, 3, 0, 1, 2
71, 3, 0, 1, 2
71, 1, 1, 0, 2
72, 3, 0, 1, 1
72, 3, 0, 1, 2
72, 3, 0, 1, 2
72, 1, 1, 0, 2
73, 3, 0, 1, 1
73, 3, 0, 1, 2
73, 3, 0, 1, 2
73, 1, 1, 0, 2
74, 3, 0, 1, 1
74, 3, 0, 1, 2
74, 3, 0, 1, 2
74, 1, 1, 0, 2
75, 3, 0, 1, 1
75, 3, 0, 1, 2
75, 3, 0, 1, 2
75, 1, 1, 0, 2
76, 3, 0, 1, 1
76, 3, 0, 1, 2
76, 3, 0, 1, 2
76, 1, 1, 0, 2
77, 3, 0, 1, 1
77, 3, 0, 1, 2
77, 3, 0, 1, 2
77, 1, 1, 0, 2
78, 1, 0, 1, 1
78, 2, 1, 0, 2
78, 2, 1, 0, 3
79, 1, 0, 1, 1
79, 2, 1, 0, 2
79, 2, 1, 0, 3
80, 3, 0, 1, 1
80, 3, 0, 1, 2
80, 3, 0, 1, 2
80, 1, 1, 0, 2
81, 3, 0, 1, 1
81, 3, 0, 1, 2
81, 3, 0, 1, 2
81, 2, 1, 0, 2
81, 2, 1, 0, 3
82, 4, 0, 1, 1
82, 4, 0, 1, 2
82, 4, 0, 1, 2
82, 4, 0, 1, 2
82, 1, 1, 0, 2
83, 4, 0, 1, 1
83, 4, 0, 1, 2
83, 4, 0, 1, 2
83, 4, 0, 1, 2
83, 1, 1, 0, 2
84, 4, 0, 1, 1
84, 4, 0, 1, 2
84, 4, 0, 1, 2
84, 4, 0, 1, 2
84, 1, 1, 0, 2
85, 1, 0, 1, 1
85, 4, 1, 0, 2
85, 4, 1, 0, 3
85, 4, 1, 0, 3
85, 4, 1, 0, 3
86, 4, 0, 1, 1
86, 4, 0, 1, 2
86, 4, 0, 1, 2
86, 4, 0, 1, 2
86, 1, 1, 0, 2
87, 1, 0, 1, 1
87, 2, 1, 0, 2
87, 2, 1, 0, 3
88, 2, 0, 1, 1
88, 2, 0, 1, 2
88, 2, 1, 0, 2
88, 2, 1, 0, 3
89, 2, 0, 1, 1
89, 2, 0, 1, 2
89, 2, 1, 0, 2
89, 2, 1, 0, 3
90, 2, 0, 1, 1
90, 2, 0, 1, 2
90, 2, 1, 0, 2
90, 2, 1, 0, 3
91, 4, 0, 1, 1
91, 4, 0, 1, 2
91, 4, 0, 1, 2
91, 4, 0, 1, 2
91, 1, 1, 0, 2
92, 2, 0, 1, 1
92, 2, 0, 1, 2
92, 2, 1, 0, 2
92, 2, 1, 0, 3
93, 3, 0, 1, 1
93, 3, 0, 1, 2
93, 3, 0, 1, 2
93, 2, 1, 0, 2
93, 2, 1, 0, 3
94, 4, 0, 1, 1
94, 4, 0, 1, 2
94, 4, 0, 1, 2
94, 4, 0, 1, 2
94, 1, 1, 0, 2
95, 2, 0, 1, 1
95, 2, 0, 1, 2
95, 2, 1, 0, 2
95, 2, 1, 0, 3
96, 2, 0, 1, 1
96, 2, 0, 1, 2
96, 2, 1, 0, 2
96, 2, 1, 0, 3
97, 4, 0, 1, 1
97, 4, 0, 1, 2
97, 4, 0, 1, 2
97, 4, 0, 1, 2
97, 1, 1, 0, 2
98, 1, 0, 1, 1
98, 2, 1, 0, 2
98, 2, 1, 0, 3
99, 4, 0, 1, 1
99, 4, 0, 1, 2
99, 4, 0, 1, 2
99, 4, 0, 1, 2
99, 1, 1, 0, 2
100, 2, 0, 1, 1
100, 2, 0, 1, 2
100, 2, 1, 0, 2
100, 2, 1, 0, 3
101, 4, 0, 1, 1
101, 4, 0, 1, 2
101, 4, 0, 1, 2
101, 4, 0, 1, 2
101, 2, 1, 0, 2
101, 2, 1, 0, 3
102, 3, 0, 1, 1
102, 3, 0, 1, 2
102, 3, 0, 1, 2
102, 3, 1, 0, 2
102, 3, 1, 0, 3
102, 3, 1, 0, 3
103, 3, 0, 1, 1
103, 3, 0, 1, 2
103, 3, 0, 1, 2
103, 3, 1, 0, 2
103, 3, 1, 0, 3
103, 3, 1, 0, 3
104, 2, 0, 1, 1
104, 2, 0, 1, 2
104, 3, 1, 0, 2
104, 3, 1, 0, 3
104, 3, 1, 0, 3
105, 4, 0, 1, 1
105, 4, 0, 1, 2
105, 4, 0, 1, 2
105, 4, 0, 1, 2
105, 2, 1, 0, 2
105, 2, 1, 0, 3
106, 2, 0, 1, 1
106, 2, 0, 1, 2
106, 4, 1, 0, 2
106, 4, 1, 0, 3
106, 4, 1, 0, 3
106, 4, 1, 0, 3
107, 3, 0, 1, 1
107, 3, 0, 1, 2
107, 3, 0, 1, 2
107, 2, 1, 0, 2
107, 2, 1, 0, 3
108, 3, 0, 1, 1
108, 3, 0, 1, 2
108, 3, 0, 1, 2
108, 3, 1, 0, 2
108, 3, 1, 0, 3
108, 3, 1, 0, 3
109, 3, 0, 1, 1
109, 3, 0, 1, 2
109, 3, 0, 1, 2
109, 3, 1, 0, 2
109, 3, 1, 0, 3
109, 3, 1, 0, 3
110, 1, 0, 1, 1
110, 3, 1, 0, 2
110, 3, 1, 0, 3
110, 3, 1, 0, 3
111, 5, 0, 1, 1
111, 5, 0, 1, 2
111, 5, 0, 1, 2
111, 5, 0, 1, 2
111, 5, 0, 1, 2
111, 1, 1, 0, 2
112, 5, 0, 1, 1
112, 5, 0, 1, 2
112, 5, 0, 1, 2
112, 5, 0, 1, 2
112, 5, 0, 1, 2
112, 1, 1, 0, 2
113, 3, 0, 1, 1
113, 3, 0, 1, 2
113, 3, 0, 1, 2
113, 2, 1, 0, 2
113, 2, 1, 0, 3
114, 2, 0, 1, 1
114, 2, 0, 1, 2
114, 3, 1, 0, 2
114, 3, 1, 0, 3
114, 3, 1, 0, 3
115, 1, 0, 1, 1
115, 3, 1, 0, 2
115, 3, 1, 0, 3
115, 3, 1, 0, 3
116, 3, 0, 1, 1
116, 3, 0, 1, 2
116, 3, 0, 1, 2
116, 2, 1, 0, 2
116, 2, 1, 0, 3
117, 3, 0, 1, 1
117, 3, 0, 1, 2
117, 3, 0, 1, 2
117, 3, 1, 0, 2
117, 3, 1, 0, 3
117, 3, 1, 0, 3
118, 1, 0, 1, 1
118, 3, 1, 0, 2
118, 3, 1, 0, 3
118, 3, 1, 0, 3
119, 1, 0, 1, 1
119, 3, 1, 0, 2
119, 3, 1, 0, 3
119, 3, 1, 0, 3
120, 1, 0, 1, 1
120, 3, 1, 0, 2
120, 3, 1, 0, 3
120, 3, 1, 0, 3
121, 1, 0, 1, 1
121, 3, 1, 0, 2
121, 3, 1, 0, 3
121, 3, 1, 0, 3
122, 4, 0, 1, 1
122, 4, 0, 1, 2
122, 4, 0, 1, 2
122, 4, 0, 1, 2
122, 3, 1, 0, 2
122, 3, 1, 0, 3
122, 3, 1, 0, 3
123, 3, 0, 1, 1
123, 3, 0, 1, 2
123, 3, 0, 1, 2
123, 4, 1, 0, 2
123, 4, 1, 0, 3
123, 4, 1, 0, 3
123, 4, 1, 0, 3
124, 3, 0, 1, 1
124, 3, 0, 1, 2
124, 3, 0, 1, 2
124, 4, 1, 0, 2
124, 4, 1, 0, 3
124, 4, 1, 0, 3
124, 4, 1, 0, 3
125, 3, 0, 1, 1
125, 3, 0, 1, 2
125, 3, 0, 1, 2
125, 3, 1, 0, 2
125, 3, 1, 0, 3
125, 3, 1, 0, 3
126, 3, 0, 1, 1
126, 3, 0, 1, 2
126, 3, 0, 1, 2
126, 4, 1, 0, 2
126, 4, 1, 0, 3
126, 4, 1, 0, 3
126, 4, 1, 0, 3
127, 3, 0, 1, 1
127, 3, 0, 1, 2
127, 3, 0, 1, 2
127, 4, 1, 0, 2
127, 4, 1, 0, 3
127, 4, 1, 0, 3
127, 4, 1, 0, 3
128, 4, 0, 1, 1
128, 4, 0, 1, 2
128, 4, 0, 1, 2
128, 4, 0, 1, 2
128, 3, 1, 0, 2
128, 3, 1, 0, 3
128, 3, 1, 0, 3
129, 1, 0, 1, 1
129, 3, 1, 0, 2
129, 3, 1, 0, 3
129, 3, 1, 0, 3
130, 2, 0, 1, 1
130, 2, 0, 1, 2
130, 3, 1, 0, 2
130, 3, 1, 0, 3
130, 3, 1, 0, 3
131, 4, 0, 1, 1
131, 4, 0, 1, 2
131, 4, 0, 1, 2
131, 4, 0, 1, 2
131, 4, 1, 0, 2
131, 4, 1, 0, 3
131, 4, 1, 0, 3
131, 4, 1, 0, 3
132, 3, 0, 1, 1
132, 3, 0, 1, 2
132, 3, 0, 1, 2
132, 3, 1, 0, 2
132, 3, 1, 0, 3
132, 3, 1, 0, 3
133, 1, 0, 1, 1
133, 4, 1, 0, 2
133, 4, 1, 0, 3
133, 4, 1, 0, 3
133, 4, 1, 0, 3
134, 1, 0, 1, 1
134, 4, 1, 0, 2
134, 4, 1, 0, 3
134, 4, 1, 0, 3
134, 4, 1, 0, 3
135, 3, 0, 1, 1
135, 3, 0, 1, 2
135, 3, 0, 1, 2
135, 3, 1, 0, 2
135, 3, 1, 0, 3
135, 3, 1, 0, 3
136, 3, 0, 1, 1
136, 3, 0, 1, 2
136, 3, 0, 1, 2
136, 3, 1, 0, 2
136, 3, 1, 0, 3
136, 3, 1, 0, 3
137, 3, 0, 1, 1
137, 3, 0, 1, 2
137, 3, 0, 1, 2
137, 3, 1, 0, 2
137, 3, 1, 0, 3
137, 3, 1, 0, 3
138, 3, 0, 1, 1
138, 3, 0, 1, 2
138, 3, 0, 1, 2
138, 3, 1, 0, 2
138, 3, 1, 0, 3
138, 3, 1, 0, 3
139, 3, 0, 1, 1
139, 3, 0, 1, 2
139, 3, 0, 1, 2
139, 3, 1, 0, 2
139, 3, 1, 0, 3
139, 3, 1, 0, 3
140, 3, 0, 1, 1
140, 3, 0, 1, 2
140, 3, 0, 1, 2
140, 3, 1, 0, 2
140, 3, 1, 0, 3
140, 3, 1, 0, 3
141, 3, 0, 1, 1
141, 3, 0, 1, 2
141, 3, 0, 1, 2
141, 3, 1, 0, 2
141, 3, 1, 0, 3
141, 3, 1, 0, 3
142, 3, 0, 1, 1
142, 3, 0, 1, 2
142, 3, 0, 1, 2
142, 3, 1, 0, 2
142, 3, 1, 0, 3
142, 3, 1, 0, 3
143, 3, 0, 1, 1
143, 3, 0, 1, 2
143, 3, 0, 1, 2
143, 3, 1, 0, 2
143, 3, 1, 0, 3
143, 3, 1, 0, 3
144, 3, 0, 1, 1
144, 3, 0, 1, 2
144, 3, 0, 1, 2
144, 3, 1, 0, 2
144, 3, 1, 0, 3
144, 3, 1, 0, 3
145, 3, 0, 1, 1
145, 3, 0, 1, 2
145, 3, 0, 1, 2
145, 3, 1, 0, 2
145, 3, 1, 0, 3
145, 3, 1, 0, 3
146, 3, 0, 1, 1
146, 3, 0, 1, 2
146, 3, 0, 1, 2
146, 3, 1, 0, 2
146, 3, 1, 0, 3
146, 3, 1, 0, 3
147, 4, 0, 1, 1
147, 4, 0, 1, 2
147, 4, 0, 1, 2
147, 4, 0, 1, 2
147, 3, 1, 0, 2
147, 3, 1, 0, 3
147, 3, 1, 0, 3
148, 4, 0, 1, 1
148, 4, 0, 1, 2
148, 4, 0, 1, 2
148, 4, 0, 1, 2
148, 3, 1, 0, 2
148, 3, 1, 0, 3
148, 3, 1, 0, 3
149, 4, 0, 1, 1
149, 4, 0, 1, 2
149, 4, 0, 1, 2
149, 4, 0, 1, 2
149, 4, 1, 0, 2
149, 4, 1, 0, 3
149, 4, 1, 0, 3
149, 4, 1, 0, 3
150, 4, 0, 1, 1
150, 4, 0, 1, 2
150, 4, 0, 1, 2
150, 4, 0, 1, 2
150, 4, 1, 0, 2
150, 4, 1, 0, 3
150, 4, 1, 0, 3
150, 4, 1, 0, 3
151, 4, 0, 1, 1
151, 4, 0, 1, 2
151, 4, 0, 1, 2
151, 4, 0, 1, 2
151, 3, 1, 0, 2
151, 3, 1, 0, 3
151, 3, 1, 0, 3
152, 2, 0, 1, 1
152, 2, 0, 1, 2
152, 4, 1, 0, 2
152, 4, 1, 0, 3
152, 4, 1, 0, 3
152, 4, 1, 0, 3
153, 1, 0, 1, 1
153, 5, 1, 0, 2
153, 5, 1, 0, 3
153, 5, 1, 0, 3
153, 5, 1, 0, 3
153, 5, 1, 0, 3
154, 3, 0, 1, 1
154, 3, 0, 1, 2
154, 3, 0, 1, 2
154, 4, 1, 0, 2
154, 4, 1, 0, 3
154, 4, 1, 0, 3
154, 4, 1, 0, 3
155, 4, 0, 1, 1
155, 4, 0, 1, 2
155, 4, 0, 1, 2
155, 4, 0, 1, 2
155, 4, 1, 0, 2
155, 4, 1, 0, 3
155, 4, 1, 0, 3
155, 4, 1, 0, 3
156, 4, 0, 1, 1
156, 4, 0, 1, 2
156, 4, 0, 1, 2
156, 4, 0, 1, 2
156, 4, 1, 0, 2
156, 4, 1, 0, 3
156, 4, 1, 0, 3
156, 4, 1, 0, 3
157, 4, 0, 1, 1
157, 4, 0, 1, 2
157, 4, 0, 1, 2
157, 4, 0, 1, 2
157, 5, 1, 0, 2
157, 5, 1, 0, 3
157, 5, 1, 0, 3
157, 5, 1, 0, 3
157, 5, 1, 0, 3
158, 5, 0, 1, 1
158, 5, 0, 1, 2
158, 5, 0, 1, 2
158, 5, 0, 1, 2
158, 5, 0, 1, 2
158, 5, 1, 0, 2
158, 5, 1, 0, 3
158, 5, 1, 0, 3
158, 5, 1, 0, 3
158, 5, 1, 0, 3
159, 1, 0, 1, 1
159, 6, 1, 0, 2
159, 6, 1, 0, 3
159, 6, 1, 0, 3
159, 6, 1, 0, 3
159, 6, 1, 0, 3
159, 6, 1, 0, 3
160, 5, 0, 1, 1
160, 5, 0, 1, 2
160, 5, 0, 1, 2
160, 5, 0, 1, 2
160, 5, 0, 1, 2
160, 5, 1, 0, 2
160, 5, 1, 0, 3
160, 5, 1, 0, 3
160, 5, 1, 0, 3
160, 5, 1, 0, 3
161, 8, 0, 1, 1
161, 8, 0, 1, 2
161, 8, 0, 1, 2
161, 8, 0, 1, 2
161, 8, 0, 1, 2
161, 8, 0, 1, 2
161, 8, 0, 1, 2
161, 8, 0, 1, 2
161, 4, 1, 0, 2
161, 4, 1, 0, 3
161, 4, 1, 0, 3
161, 4, 1, 0, 3
162, 5, 0, 1, 1
162, 5, 0, 1, 2
162, 5, 0, 1, 2
162, 5, 0, 1, 2
162, 5, 0, 1, 2
162, 6, 1, 0, 2
162, 6, 1, 0, 3
162, 6, 1, 0, 3
162, 6, 1, 0, 3
162, 6, 1, 0, 3
162, 6, 1, 0, 3
163, 5, 0, 1, 1
163, 5, 0, 1, 2
163, 5, 0, 1, 2
163, 5, 0, 1, 2
163, 5, 0, 1, 2
163, 6, 1, 0, 2
163, 6, 1, 0, 3
163, 6, 1, 0, 3
163, 6, 1, 0, 3
163, 6, 1, 0, 3
163, 6, 1, 0, 3
164, 8, 0, 1, 1
164, 8, 0, 1, 2
164, 8, 0, 1, 2
164, 8, 0, 1, 2
164, 8, 0, 1, 2
164, 8, 0, 1, 2
164, 8, 0, 1, 2
164, 8, 0, 1, 2
164, 7, 1, 0, 2
164, 7, 1, 0, 3
164, 7, 1, 0, 3
164, 7, 1, 0, 3
164, 7, 1, 0, 3
164, 7, 1, 0, 3
164, 7, 1, 0, 3
165, 2, 0, 1, 1
165, 2, 0, 1, 2
165, 2, 1, 0, 2
165, 2, 1, 0, 2
166, 1, 0, 1, 3
166, 1, 1, 0, 2
167, 1, 0, 1, 3
167, 1, 1, 0, 2
168, 1, 0, 1, 3
168, 1, 1, 0, 2
169, 1, 0, 1, 1
169, 1, 1, 0, 4
170, 1, 0, 1, 3
170, 1, 1, 0, 2
171, 1, 0, 1, 3
171, 1, 1, 0, 2
172, 1, 0, 1, 3
172, 1, 1, 0, 2
173, 1, 0, 1, 1
173, 1, 1, 0, 4
174, 1, 0, 1, 3
174, 1, 1, 0, 2
175, 2, 0, 1, 1
175, 2, 0, 1, 2
175, 3, 1, 0, 2
175, 3, 1, 0, 2
175, 3, 1, 0, 3
176, 1, 0, 1, 1
176, 1, 1, 0, 4
177, 2, 0, 1, 1
177, 2, 0, 1, 2
177, 1, 1, 0, 3
178, 1, 0, 1, 2
178, 3, 1, 0, 2
178, 3, 1, 0, 3
178, 3, 1, 0, 3
179, 1, 0, 1, 2
179, 3, 1, 0, 2
179, 3, 1, 0, 3
179, 3, 1, 0, 3
180, 1, 0, 1, 2
180, 3, 1, 0, 2
180, 3, 1, 0, 3
180, 3, 1, 0, 3
181, 2, 0, 1, 1
181, 2, 0, 1, 2
181, 4, 1, 0, 2
181, 4, 1, 0, 2
181, 4, 1, 0, 3
181, 4, 1, 0, 3
182, 3, 0, 1, 1
182, 3, 0, 1, 2
182, 3, 0, 1, 2
182, 3, 1, 0, 2
182, 3, 1, 0, 2
182, 3, 1, 0, 3
183, 1, 0, 1, 2
183, 3, 1, 0, 2
183, 3, 1, 0, 3
183, 3, 1, 0, 3
184, 4, 0, 1, 1
184, 4, 0, 1, 2
184, 4, 0, 1, 2
184, 4, 0, 1, 2
184, 1, 1, 0, 3
185, 1, 0, 1, 2
185, 4, 1, 0, 2
185, 4, 1, 0, 3
185, 4, 1, 0, 3
185, 4, 1, 0, 3
186, 3, 0, 1, 1
186, 3, 0, 1, 2
186, 3, 0, 1, 2
186, 1, 1, 0, 3
187, 3, 0, 1, 1
187, 3, 0, 1, 2
187, 3, 0, 1, 2
187, 4, 1, 0, 2
187, 4, 1, 0, 2
187, 4, 1, 0, 3
187, 4, 1, 0, 3
188, 1, 0, 1, 2
188, 5, 1, 0, 2
188, 5, 1, 0, 3
188, 5, 1, 0, 3
188, 5, 1, 0, 3
188, 5, 1, 0, 3
189, 1, 0, 1, 2
189, 5, 1, 0, 2
189, 5, 1, 0, 3
189, 5, 1, 0, 3
189, 5, 1, 0, 3
189, 5, 1, 0, 3
190, 3, 0, 1, 1
190, 3, 0, 1, 2
190, 3, 0, 1, 2
190, 5, 1, 0, 2
190, 5, 1, 0, 2
190, 5, 1, 0, 3
190, 5, 1, 0, 3
190, 5, 1, 0, 3
191, 3, 0, 1, 1
191, 3, 0, 1, 2
191, 3, 0, 1, 2
191, 5, 1, 0, 2
191, 5, 1, 0, 2
191, 5, 1, 0, 3
191, 5, 1, 0, 3
191, 5, 1, 0, 3
192, 4, 0, 1, 1
192, 4, 0, 1, 2
192, 4, 0, 1, 2
192, 4, 0, 1, 2
192, 4, 1, 0, 2
192, 4, 1, 0, 2
192, 4, 1, 0, 3
192, 4, 1, 0, 3
193, 1, 0, 1, 2
193, 3, 1, 0, 2
193, 3, 1, 0, 3
193, 3, 1, 0, 3
194, 6, 0, 1, 1
194, 6, 0, 1, 2
194, 6, 0, 1, 2
194, 6, 0, 1, 2
194, 6, 0, 1, 2
194, 6, 0, 1, 2
194, 1, 1, 0, 3
195, 5, 0, 1, 1
195, 5, 0, 1, 2
195, 5, 0, 1, 2
195, 5, 0, 1, 2
195, 5, 0, 1, 2
195, 4, 1, 0, 2
195, 4, 1, 0, 2
195, 4, 1, 0, 3
195, 4, 1, 0, 3
196, 5, 0, 1, 1
196, 5, 0, 1, 2
196, 5, 0, 1, 2
196, 5, 0, 1, 2
196, 5, 0, 1, 2
196, 5, 1, 0, 2
196, 5, 1, 0, 2
196, 5, 1, 0, 3
196, 5, 1, 0, 3
196, 5, 1, 0, 3
197, 5, 0, 1, 1
197, 5, 0, 1, 2
197, 5, 0, 1, 2
197, 5, 0, 1, 2
197, 5, 0, 1, 2
197, 5, 1, 0, 2
197, 5, 1, 0, 2
197, 5, 1, 0, 3
197, 5, 1, 0, 3
197, 5, 1, 0, 3
198, 5, 0, 1, 1
198, 5, 0, 1, 2
198, 5, 0, 1, 2
198, 5, 0, 1, 2
198, 5, 0, 1, 2
198, 6, 1, 0, 2
198, 6, 1, 0, 2
198, 6, 1, 0, 3
198, 6, 1, 0, 3
198, 6, 1, 0, 3
198, 6, 1, 0, 3
199, 4, 0, 1, 1
199, 4, 0, 1, 2
199, 4, 0, 1, 2
199, 4, 0, 1, 2
199, 9, 1, 0, 2
199, 9, 1, 0, 2
199, 9, 1, 0, 3
199, 9, 1, 0, 3
199, 9, 1, 0, 3
199, 9, 1, 0, 3
199, 9, 1, 0, 3
199, 9, 1, 0, 3
199, 9, 1, 0, 3
200, 6, 0, 1, 1
200, 6, 0, 1, 2
200, 6, 0, 1, 2
200, 6, 0, 1, 2
200, 6, 0, 1, 2
200, 6, 0, 1, 2
200, 7, 1, 0, 2
200, 7, 1, 0, 2
200, 7, 1, 0, 3
200, 7, 1, 0, 3
200, 7, 1, 0, 3
200, 7, 1, 0, 3
200, 7, 1, 0, 3
201, 7, 0, 1, 1
201, 7, 0, 1, 2
201, 7, 0, 1, 2
201, 7, 0, 1, 2
201, 7, 0, 1, 2
201, 7, 0, 1, 2
201, 7, 0, 1, 2
201, 8, 1, 0, 2
201, 8, 1, 0, 2
201, 8, 1, 0, 3
201, 8, 1, 0, 3
201, 8, 1, 0, 3
201, 8, 1, 0, 3
201, 8, 1, 0, 3
201, 8, 1, 0, 3
202, 1, 0, 1, 3
202, 2, 1, 0, 2
202, 2, 1, 0, 3
203, 1, 0, 1, 4
203, 1, 1, 0, 2
204, 1, 0, 1, 4
204, 1, 1, 0, 2
205, 1, 0, 1, 3
205, 2, 1, 0, 2
205, 2, 1, 0, 3
206, 1, 0, 1, 3
206, 2, 1, 0, 2
206, 2, 1, 0, 3
207, 1, 0, 1, 3
207, 2, 1, 0, 2
207, 2, 1, 0, 3
208, 1, 0, 1, 3
208, 2, 1, 0, 2
208, 2, 1, 0, 3
209, 1, 0, 1, 3
209, 3, 1, 0, 2
209, 3, 1, 0, 3
209, 3, 1, 0, 3
210, 3, 0, 1, 1
210, 3, 0, 1, 2
210, 3, 0, 1, 2
210, 1, 1, 0, 4
211, 2, 0, 1, 1
211, 2, 0, 1, 2
211, 5, 1, 0, 2
211, 5, 1, 0, 2
211, 5, 1, 0, 2
211, 5, 1, 0, 3
211, 5, 1, 0, 3
212, 1, 0, 1, 3
212, 2, 1, 0, 2
212, 2, 1, 0, 3
213, 1, 0, 1, 3
213, 2, 1, 0, 2
213, 2, 1, 0, 3
214, 1, 0, 1, 3
214, 2, 1, 0, 2
214, 2, 1, 0, 3
215, 1, 0, 1, 3
215, 3, 1, 0, 2
215, 3, 1, 0, 3
215, 3, 1, 0, 3
216, 1, 0, 1, 3
216, 3, 1, 0, 2
216, 3, 1, 0, 3
216, 3, 1, 0, 3
217, 3, 0, 1, 1
217, 3, 0, 1, 2
217, 3, 0, 1, 2
217, 1, 1, 0, 4
218, 1, 0, 1, 3
218, 3, 1, 0, 2
218, 3, 1, 0, 3
218, 3, 1, 0, 3
219, 1, 0, 1, 3
219, 3, 1, 0, 2
219, 3, 1, 0, 3
219, 3, 1, 0, 3
220, 3, 0, 1, 1
220, 3, 0, 1, 2
220, 3, 0, 1, 2
220, 1, 1, 0, 4
221, 1, 0, 1, 3
221, 2, 1, 0, 2
221, 2, 1, 0, 3
222, 1, 0, 1, 3
222, 3, 1, 0, 2
222, 3, 1, 0, 3
222, 3, 1, 0, 3
223, 1, 0, 1, 3
223, 3, 1, 0, 2
223, 3, 1, 0, 3
223, 3, 1, 0, 3
224, 3, 0, 1, 1
224, 3, 0, 1, 2
224, 3, 0, 1, 2
224, 1, 1, 0, 4
225, 1, 0, 1, 3
225, 4, 1, 0, 2
225, 4, 1, 0, 3
225, 4, 1, 0, 3
225, 4, 1, 0, 3
226, 1, 0, 1, 3
226, 4, 1, 0, 2
226, 4, 1, 0, 3
226, 4, 1, 0, 3
226, 4, 1, 0, 3
227, 3, 0, 1, 1
227, 3, 0, 1, 2
227, 3, 0, 1, 2
227, 1, 1, 0, 4
228, 4, 0, 1, 1
228, 4, 0, 1, 2
228, 4, 0, 1, 2
228, 4, 0, 1, 2
228, 1, 1, 0, 4
229, 1, 0, 1, 3
229, 3, 1, 0, 2
229, 3, 1, 0, 3
229, 3, 1, 0, 3
230, 4, 0, 1, 1
230, 4, 0, 1, 2
230, 4, 0, 1, 2
230, 4, 0, 1, 2
230, 4, 1, 0, 2
230, 4, 1, 0, 2
230, 4, 1, 0, 2
230, 4, 1, 0, 3
231, 1, 0, 1, 3
231, 4, 1, 0, 2
231, 4, 1, 0, 3
231, 4, 1, 0, 3
231, 4, 1, 0, 3
232, 3, 0, 1, 1
232, 3, 0, 1, 2
232, 3, 0, 1, 2
232, 6, 1, 0, 2
232, 6, 1, 0, 2
232, 6, 1, 0, 2
232, 6, 1, 0, 3
232, 6, 1, 0, 3
232, 6, 1, 0, 3
233, 1, 0, 1, 4
233, 2, 1, 0, 2
233, 2, 1, 0, 3
234, 1, 0, 1, 4
234, 2, 1, 0, 2
234, 2, 1, 0, 3
235, 2, 0, 1, 1
235, 2, 0, 1, 2
235, 1, 1, 0, 5
236, 1, 0, 1, 4
236, 2, 1, 0, 2
236, 2, 1, 0, 3
237, 1, 0, 1, 4
237, 2, 1, 0, 2
237, 2, 1, 0, 3
238, 1, 0, 1, 4
238, 2, 1, 0, 2
238, 2, 1, 0, 3
239, 1, 0, 1, 4
239, 2, 1, 0, 2
239, 2, 1, 0, 3
240, 2, 0, 1, 1
240, 2, 0, 1, 2
240, 1, 1, 0, 5
241, 1, 0, 1, 4
241, 2, 1, 0, 2
241, 2, 1, 0, 3
242, 1, 0, 1, 4
242, 2, 1, 0, 2
242, 2, 1, 0, 3
243, 1, 0, 1, 4
243, 3, 1, 0, 2
243, 3, 1, 0, 3
243, 3, 1, 0, 3
244, 1, 0, 1, 4
244, 3, 1, 0, 2
244, 3, 1, 0, 3
244, 3, 1, 0, 3
245, 3, 0, 1, 1
245, 3, 0, 1, 2
245, 3, 0, 1, 2
245, 1, 1, 0, 5
246, 1, 0, 1, 4
246, 2, 1, 0, 2
246, 2, 1, 0, 3
247, 1, 0, 1, 4
247, 2, 1, 0, 2
247, 2, 1, 0, 3
248, 1, 0, 1, 4
248, 3, 1, 0, 2
248, 3, 1, 0, 3
248, 3, 1, 0, 3
249, 1, 0, 1, 4
249, 3, 1, 0, 2
249, 3, 1, 0, 3
249, 3, 1, 0, 3
250, 1, 0, 1, 4
250, 3, 1, 0, 2
250, 3, 1, 0, 3
250, 3, 1, 0, 3
251, 3, 0, 1, 1
251, 3, 0, 1, 2
251, 3, 0, 1, 2
251, 1, 1, 0, 5
252, 1, 0, 1, 4
252, 3, 1, 0, 2
252, 3, 1, 0, 3
252, 3, 1, 0, 3
253, 1, 0, 1, 4
253, 3, 1, 0, 2
253, 3, 1, 0, 3
253, 3, 1, 0, 3
254, 1, 0, 1, 4
254, 3, 1, 0, 2
254, 3, 1, 0, 3
254, 3, 1, 0, 3
255, 2, 0, 1, 1
255, 2, 0, 1, 2
255, 1, 1, 0, 5
256, 2, 0, 1, 1
256, 2, 0, 1, 2
256, 1, 1, 0, 5
257, 1, 0, 1, 4
257, 3, 1, 0, 2
257, 3, 1, 0, 3
257, 3, 1, 0, 3
258, 1, 0, 1, 4
258, 3, 1, 0, 2
258, 3, 1, 0, 3
258, 3, 1, 0, 3
259, 1, 0, 1, 4
259, 3, 1, 0, 2
259, 3, 1, 0, 3
259, 3, 1, 0, 3
260, 1, 0, 1, 4
260, 3, 1, 0, 2
260, 3, 1, 0, 3
260, 3, 1, 0, 3
261, 1, 0, 1, 4
261, 3, 1, 0, 2
261, 3, 1, 0, 3
261, 3, 1, 0, 3
262, 1, 0, 1, 4
262, 3, 1, 0, 2
262, 3, 1, 0, 3
262, 3, 1, 0, 3
263, 1, 0, 1, 4
263, 3, 1, 0, 2
263, 3, 1, 0, 3
263, 3, 1, 0, 3
264, 1, 0, 1, 4
264, 4, 1, 0, 2
264, 4, 1, 0, 3
264, 4, 1, 0, 3
264, 4, 1, 0, 3
265, 3, 0, 1, 1
265, 3, 0, 1, 2
265, 3, 0, 1, 2
265, 1, 1, 0, 5
266, 6, 0, 1, 1
266, 6, 0, 1, 2
266, 6, 0, 1, 2
266, 6, 0, 1, 2
266, 6, 0, 1, 2
266, 6, 0, 1, 2
266, 7, 1, 0, 2
266, 7, 1, 0, 2
266, 7, 1, 0, 2
266, 7, 1, 0, 2
266, 7, 1, 0, 3
266, 7, 1, 0, 3
266, 7, 1, 0, 3
267, 2, 0, 111, 2
267, 2, 0, 111, 2
267, 2, 1, 12, 2
267, 2, 1, 12, 2
267, 2, 2, 3, 2
267, 2, 2, 3, 2
267, 2, 3, 4, 2
267, 2, 3, 4, 2
267, 2, 4, 5, 2
267, 2, 4, 5, 2
267, 2, 5, 6, 2
267, 2, 5, 6, 2
267, 2, 6, 7, 2
267, 2, 6, 7, 2
267, 2, 7, 8, 2
267, 2, 7, 8, 2
267, 2, 8, 9, 2
267, 2, 8, 9, 2
267, 2, 9, 10, 2
267, 2, 9, 10, 2
267, 2, 10, 11, 2
267, 2, 10, 11, 2
267, 2, 11, 13, 2
267, 2, 11, 13, 2
267, 2, 12, 23, 2
267, 2, 12, 23, 2
267, 2, 13, 14, 2
267, 2, 13, 14, 2
267, 2, 14, 15, 2
267, 2, 14, 15, 2
267, 2, 15, 16, 2
267, 2, 15, 16, 2
267, 2, 16, 17, 2
267, 2, 16, 17, 2
267, 2, 17, 18, 2
267, 2, 17, 18, 2
267, 2, 18, 19, 2
267, 2, 18, 19, 2
267, 2, 19, 20, 2
267, 2, 19, 20, 2
267, 2, 20, 21, 2
267, 2, 20, 21, 2
267, 2, 21, 22, 2
267, 2, 21, 22, 2
267, 2, 22, 24, 2
267, 2, 22, 24, 2
267, 2, 23, 34, 2
267, 2, 23, 34, 2
267, 2, 24, 25, 2
267, 2, 24, 25, 2
267, 2, 25, 26, 2
267, 2, 25, 26, 2
267, 2, 26, 27, 2
267, 2, 26, 27, 2
267, 2, 27, 28, 2
267, 2, 27, 28, 2
267, 2, 28, 29, 2
267, 2, 28, 29, 2
267, 2, 29, 30, 2
267, 2, 29, 30, 2
267, 2, 30, 31, 2
267, 2, 30, 31, 2
267, 2, 31, 32, 2
267, 2, 31, 32, 2
267, 2, 32, 33, 2
267, 2, 32, 33, 2
267, 2, 33, 35, 2
267, 2, 33, 35, 2
267, 2, 34, 45, 2
267, 2, 34, 45, 2
267, 2, 35, 36, 2
267, 2, 35, 36, 2
267, 2, 36, 37, 2
267, 2, 36, 37, 2
267, 2, 37, 38, 2
267, 2, 37, 38, 2
267, 2, 38, 39, 2
267, 2, 38, 39, 2
267, 2, 39, 40, 2
267, 2, 39, 40, 2
267, 2, 40, 41, 2
267, 2, 40, 41, 2
267, 2, 41, 42, 2
267, 2, 41, 42, 2
267, 2, 42, 43, 2
267, 2, 42, 43, 2
267, 2, 43, 44, 2
267, 2, 43, 44, 2
267, 2, 44, 46, 2
267, 2, 44, 46, 2
267, 2, 45, 56, 2
267, 2, 45, 56, 2
267, 2, 46, 47, 2
267, 2, 46, 47, 2
267, 2, 47, 48, 2
267, 2, 47, 48, 2
267, 2, 48, 49, 2
267, 2, 48, 49, 2
267, 2, 49, 50, 2
267, 2, 49, 50, 2
267, 2, 50, 51, 2
267, 2, 50, 51, 2
267, 2, 51, 52, 2
267, 2, 51, 52, 2
267, 2, 52, 53, 2
267, 2, 52, 53, 2
267, 2, 53, 54, 2
267, 2, 53, 54, 2
267, 2, 54, 55, 2
267, 2, 54, 55, 2
267, 2, 55, 57, 2
267, 2, 55, 57, 2
267, 2, 56, 67, 2
267, 2, 56, 67, 2
267, 2, 57, 58, 2
267, 2, 57, 58, 2
267, 2, 58, 59, 2
267, 2, 58, 59, 2
267, 2, 59, 60, 2
267, 2, 59, 60, 2
267, 2, 60, 61, 2
267, 2, 60, 61, 2
267, 2, 61, 62, 2
267, 2, 61, 62, 2
267, 2, 62, 63, 2
267, 2, 62, 63, 2
267, 2, 63, 64, 2
267, 2, 63, 64, 2
267, 2, 64, 65, 2
267, 2, 64, 65, 2
267, 2, 65, 66, 2
267, 2, 65, 66, 2
267, 2, 66, 68, 2
267, 2, 66, 68, 2
267, 2, 67, 78, 2
267, 2, 67, 78, 2
267, 2, 68, 69, 2
267, 2, 68, 69, 2
267, 2, 69, 70, 2
267, 2, 69, 70, 2
267, 2, 70, 71, 2
267, 2, 70, 71, 2
267, 2, 71, 72, 2
267, 2, 71, 72, 2
267, 2, 72, 73, 2
267, 2, 72, 73, 2
267, 2, 73, 74, 2
267, 2, 73, 74, 2
267, 2, 74, 75, 2
267, 2, 74, 75, 2
267, 2, 75, 76, 2
267, 2, 75, 76, 2
267, 2, 76, 77, 2
267, 2, 76, 77, 2
267, 2, 77, 79, 2
267, 2, 77, 79, 2
267, 2, 78, 89, 2
267, 2, 78, 89, 2
267, 2, 79, 80, 2
267, 2, 79, 80, 2
267, 2, 80, 81, 2
267, 2, 80, 81, 2
267, 2, 81, 82, 2
267, 2, 81, 82, 2
267, 2, 82, 83, 2
267, 2, 82, 83, 2
267, 2, 83, 84, 2
267, 2, 83, 84, 2
267, 2, 84, 85, 2
267, 2, 84, 85, 2
267, 2, 85, 86, 2
267, 2, 85, 86, 2
267, 2, 86, 87, 2
267, 2, 86, 87, 2
267, 2, 87, 88, 2
267, 2, 87, 88, 2
267, 2, 88, 90, 2
267, 2, 88, 90, 2
267, 2, 89, 100, 2
267, 2, 89, 100, 2
267, 2, 90, 91, 2
267, 2, 90, 91, 2
267, 2, 91, 92, 2
267, 2, 91, 92, 2
267, 2, 92, 93, 2
267, 2, 92, 93, 2
267, 2, 93, 94, 2
267, 2, 93, 94, 2
267, 2, 94, 95, 2
267, 2, 94, 95, 2
267, 2, 95, 96, 2
267, 2, 95, 96, 2
267, 2, 96, 97, 2
267, 2, 96, 97, 2
267, 2, 97, 98, 2
267, 2, 97, 98, 2
267, 2, 98, 99, 2
267, 2, 98, 99, 2
267, 2, 99, 101, 2
267, 2, 99, 101, 2
267, 2, 100, 112, 2
267, 2, 100, 112, 2
267, 2, 101, 102, 2
267, 2, 101, 102, 2
267, 2, 102, 103, 2
267, 2, 102, 103, 2
267, 2, 103, 104, 2
267, 2, 103, 104, 2
267, 2, 104, 105, 2
267, 2, 104, 105, 2
267, 2, 105, 106, 2
267, 2, 105, 106, 2
267, 2, 106, 107, 2
267, 2, 106, 107, 2
267, 2, 107, 108, 2
267, 2, 107, 108, 2
267, 2, 108, 109, 2
267, 2, 108, 109, 2
267, 2, 109, 110, 2
267, 2, 109, 110, 2
267, 2, 110, 113, 2
267, 2, 110, 113, 2
267, 2, 111, 222, 2
267, 2, 111, 222, 2
267, 2, 112, 123, 2
267, 2, 112, 123, 2
267, 2, 113, 114, 2
267, 2, 113, 114, 2
267, 2, 114, 115, 2
267, 2, 114, 115, 2
267, 2, 115, 116, 2
267, 2, 115, 116, 2
267, 2, 116, 117, 2
267, 2, 116, 117, 2
267, 2, 117, 118, 2
267, 2, 117, 118, 2
267, 2, 118, 119, 2
267, 2, 118, 119, 2
267, 2, 119, 120, 2
267, 2, 119, 120, 2
267, 2, 120, 121, 2
267, 2, 120, 121, 2
267, 2, 121, 122, 2
267, 2, 121, 122, 2
267, 2, 122, 124, 2
267, 2, 122, 124, 2
267, 2, 123, 134, 2
267, 2, 123, 134, 2
267, 2, 124, 125, 2
267, 2, 124, 125, 2
267, 2, 125, 126, 2
267, 2, 125, 126, 2
267, 2, 126, 127, 2
267, 2, 126, 127, 2
267, 2, 127, 128, 2
267, 2, 127, 128, 2
267, 2, 128, 129, 2
267, 2, 128, 129, 2
267, 2, 129, 130, 2
267, 2, 129, 130, 2
267, 2, 130, 131, 2
267, 2, 130, 131, 2
267, 2, 131, 132, 2
267, 2, 131, 132, 2
267, 2, 132, 133, 2
267, 2, 132, 133, 2
267, 2, 133, 135, 2
267, 2, 133, 135, 2
267, 2, 134, 145, 2
267, 2, 134, 145, 2
267, 2, 135, 136, 2
267, 2, 135, 136, 2
267, 2, 136, 137, 2
267, 2, 136, 137, 2
267, 2, 137, 138, 2
267, 2, 137, 138, 2
267, 2, 138, 139, 2
267, 2, 138, 139, 2
267, 2, 139, 140, 2
267, 2, 139, 140, 2
267, 2, 140, 141, 2
267, 2, 140, 141, 2
267, 2, 141, 142, 2
267, 2, 141, 142, 2
267, 2, 142, 143, 2
267, 2, 142, 143, 2
267, 2, 143, 144, 2
267, 2, 143, 144, 2
267, 2, 144, 146, 2
267, 2, 144, 146, 2
267, 2, 145, 156, 2
267, 2, 145, 156, 2
267, 2, 146, 147, 2
267, 2, 146, 147, 2
267, 2, 147, 148, 2
267, 2, 147, 148, 2
267, 2, 148, 149, 2
267, 2, 148, 149, 2
267, 2, 149, 150, 2
267, 2, 149, 150, 2
267, 2, 150, 151, 2
267, 2, 150, 151, 2
267, 2, 151, 152, 2
267, 2, 151, 152, 2
267, 2, 152, 153, 2
267, 2, 152, 153, 2
267, 2, 153, 154, 2
267, 2, 153, 154, 2
267, 2, 154, 155, 2
267, 2, 154, 155, 2
267, 2, 155, 157, 2
267, 2, 155, 157, 2
267, 2, 156, 167, 2
267, 2, 156, 167, 2
267, 2, 157, 158, 2
267, 2, 157, 158, 2
267, 2, 158, 159, 2
267, 2, 158, 159, 2
267, 2, 159, 160, 2
267, 2, 159, 160, 2
267, 2, 160, 161, 2
267, 2, 160, 161, 2
267, 2, 161, 162, 2
267, 2, 161, 162, 2
267, 2, 162, 163, 2
267, 2, 162, 163, 2
267, 2, 163, 164, 2
267, 2, 163, 164, 2
267, 2, 164, 165, 2
267, 2, 164, 165, 2
267, 2, 165, 166, 2
267, 2, 165, 166, 2
267, 2, 166, 168, 2
267, 2, 166, 168, 2
267, 2, 167, 178, 2
267, 2, 167, 178, 2
267, 2, 168, 169, 2
267, 2, 168, 169, 2
267, 2, 169, 170, 2
267, 2, 169, 170, 2
267, 2, 170, 171, 2
267, 2, 170, 171, 2
267, 2, 171, 172, 2
267, 2, 171, 172, 2
267, 2, 172, 173, 2
267, 2, 172, 173, 2
267, 2, 173, 174, 2
267, 2, 173, 174, 2
267, 2, 174, 175, 2
267, 2, 174, 175, 2
267, 2, 175, 176, 2
267, 2, 175, 176, 2
267, 2, 176, 177, 2
267, 2, 176, 177, 2
267, 2, 177, 179, 2
267, 2, 177, 179, 2
267, 2, 178, 189, 2
267, 2, 178, 189, 2
267, 2, 179, 180, 2
267, 2, 179, 180, 2
267, 2, 180, 181, 2
267, 2, 180, 181, 2
267, 2, 181, 182, 2
267, 2, 181, 182, 2
267, 2, 182, 183, 2
267, 2, 182, 183, 2
267, 2, 183, 184, 2
267, 2, 183, 184, 2
267, 2, 184, 185, 2
267, 2, 184, 185, 2
267, 2, 185, 186, 2
267, 2, 185, 186, 2
267, 2, 186, 187, 2
267, 2, 186, 187, 2
267, 2, 187, 188, 2
267, 2, 187, 188, 2
267, 2, 188, 190, 2
267, 2, 188, 190, 2
267, 2, 189, 200, 2
267, 2, 189, 200, 2
267, 2, 190, 191, 2
267, 2, 190, 191, 2
267, 2, 191, 192, 2
267, 2, 191, 192, 2
267, 2, 192, 193, 2
267, 2, 192, 193, 2
267, 2, 193, 194, 2
267, 2, 193, 194, 2
267, 2, 194, 195, 2
267, 2, 194, 195, 2
267, 2, 195, 196, 2
267, 2, 195, 196, 2
267, 2, 196, 197, 2
267, 2, 196, 197, 2
267, 2, 197, 198, 2
267, 2, 197, 198, 2
267, 2, 198, 199, 2
267, 2, 198, 199, 2
267, 2, 199, 201, 2
267, 2, 199, 201, 2
267, 2, 200, 211, 2
267, 2, 200, 211, 2
267, 2, 201, 202, 2
267, 2, 201, 202, 2
267, 2, 202, 203, 2
267, 2, 202, 203, 2
267, 2, 203, 204, 2
267, 2, 203, 204, 2
267, 2, 204, 205, 2
267, 2, 204, 205, 2
267, 2, 205, 206, 2
267, 2, 205, 206, 2
267, 2, 206, 207, 2
267, 2, 206, 207, 2
267, 2, 207, 208, 2
267, 2, 207, 208, 2
267, 2, 208, 209, 2
267, 2, 208, 209, 2
267, 2, 209, 210, 2
267, 2, 209, 210, 2
267, 2, 210, 212, 2
267, 2, 210, 212, 2
267, 2, 211, 223, 2
267, 2, 211, 223, 2
267, 2, 212, 213, 2
267, 2, 212, 213, 2
267, 2, 213, 214, 2
267, 2, 213, 214, 2
267, 2, 214, 215, 2
267, 2, 214, 215, 2
267, 2, 215, 216, 2
267, 2, 215, 216, 2
267, 2, 216, 217, 2
267, 2, 216, 217, 2
267, 2, 217, 218, 2
267, 2, 217, 218, 2
267, 2, 218, 219, 2
267, 2, 218, 219, 2
267, 2, 219, 220, 2
267, 2, 219, 220, 2
267, 2, 220, 221, 2
267, 2, 220, 221, 2
267, 2, 221, 224, 2
267, 2, 221, 224, 2
267, 2, 222, 270, 2
267, 2, 222, 270, 2
267, 2, 223, 234, 2
267, 2, 223, 234, 2
267, 2, 224, 225, 2
267, 2, 224, 225, 2
267, 2, 225, 226, 2
267, 2, 225, 226, 2
267, 2, 226, 227, 2
267, 2, 226, 227, 2
267, 2, 227, 228, 2
267, 2, 227, 228, 2
267, 2, 228, 229, 2
267, 2, 228, 229, 2
267, 2, 229, 230, 2
267, 2, 229, 230, 2
267, 2, 230, 231, 2
267, 2, 230, 231, 2
267, 2, 231, 232, 2
267, 2, 231, 232, 2
267, 2, 232, 233, 2
267, 2, 232, 233, 2
267, 2, 233, 235, 2
267, 2, 233, 235, 2
267, 2, 234, 245, 2
267, 2, 234, 245, 2
267, 2, 235, 236, 2
267, 2, 235, 236, 2
267, 2, 236, 237, 2
267, 2, 236, 237, 2
267, 2, 237, 238, 2
267, 2, 237, 238, 2
267, 2, 238, 239, 2
267, 2, 238, 239, 2
267, 2, 239, 240, 2
267, 2, 239, 240, 2
267, 2, 240, 241, 2
267, 2, 240, 241, 2
267, 2, 241, 242, 2
267, 2, 241, 242, 2
267, 2, 242, 243, 2
267, 2, 242, 243, 2
267, 2, 243, 244, 2
267, 2, 243, 244, 2
267, 2, 244, 246, 2
267, 2, 244, 246, 2
267, 2, 245, 256, 2
267, 2, 245, 256, 2
267, 2, 246, 247, 2
267, 2, 246, 247, 2
267, 2, 247, 248, 2
267, 2, 247, 248, 2
267, 2, 248, 249, 2
267, 2, 248, 249, 2
267, 2, 249, 250, 2
267, 2, 249, 250, 2
267, 2, 250, 251, 2
267, 2, 250, 251, 2
267, 2, 251, 252, 2
267, 2, 251, 252, 2
267, 2, 252, 253, 2
267, 2, 252, 253, 2
267, 2, 253, 254, 2
267, 2, 253, 254, 2
267, 2, 254, 255, 2
267, 2, 254, 255, 2
267, 2, 255, 257, 2
267, 2, 255, 257, 2
267, 2, 256, 264, 2
267, 2, 256, 264, 2
267, 2, 257, 258, 2
267, 2, 257, 258, 2
267, 2, 258, 259, 2
267, 2, 258, 259, 2
267, 2, 259, 260, 2
267, 2, 259, 260, 2
267, 2, 260, 261, 2
267, 2, 260, 261, 2
267, 2, 261, 262, 2
267, 2, 261, 262, 2
267, 2, 262, 263, 2
267, 2, 262, 263, 2
267, 2, 263, 336, 2
267, 2, 263, 336, 2
267, 2, 264, 265, 2
267, 2, 264, 265, 2
267, 2, 265, 266, 2
267, 2, 265, 266, 2
267, 2, 266, 267, 2
267, 2, 266, 267, 2
267, 2, 267, 268, 2
267, 2, 267, 268, 2
267, 2, 268, 269, 2
267, 2, 268, 269, 2
267, 2, 269, 271, 2
267, 2, 269, 271, 2
267, 2, 270, 281, 2
267, 2, 270, 281, 2
267, 2, 271, 272, 2
267, 2, 271, 272, 2
267, 2, 272, 273, 2
267, 2, 272, 273, 2
267, 2, 273, 274, 2
267, 2, 273, 274, 2
267, 2, 274, 275, 2
267, 2, 274, 275, 2
267, 2, 275, 276, 2
267, 2, 275, 276, 2
267, 2, 276, 277, 2
267, 2, 276, 277, 2
267, 2, 277, 278, 2
267, 2, 277, 278, 2
267, 2, 278, 279, 2
267, 2, 278, 279, 2
267, 2, 279, 280, 2
267, 2, 279, 280, 2
267, 2, 280, 282, 2
267, 2, 280, 282, 2
267, 2, 281, 292, 2
267, 2, 281, 292, 2
267, 2, 282, 283, 2
267, 2, 282, 283, 2
267, 2, 283, 284, 2
267, 2, 283, 284, 2
267, 2, 284, 285, 2
267, 2, 284, 285, 2
267, 2, 285, 286, 2
267, 2, 285, 286, 2
267, 2, 286, 287, 2
267, 2, 286, 287, 2
267, 2, 287, 288, 2
267, 2, 287, 288, 2
267, 2, 288, 289, 2
267, 2, 288, 289, 2
267, 2, 289, 290, 2
267, 2, 289, 290, 2
267, 2, 290, 291, 2
267, 2, 290, 291, 2
267, 2, 291, 293, 2
267, 2, 291, 293, 2
267, 2, 292, 303, 2
267, 2, 292, 303, 2
267, 2, 293, 294, 2
267, 2, 293, 294, 2
267, 2, 294, 295, 2
267, 2, 294, 295, 2
267, 2, 295, 296, 2
267, 2, 295, 296, 2
267, 2, 296, 297, 2
267, 2, 296, 297, 2
267, 2, 297, 298, 2
267, 2, 297, 298, 2
267, 2, 298, 299, 2
267, 2, 298, 299, 2
267, 2, 299, 300, 2
267, 2, 299, 300, 2
267, 2, 300, 301, 2
267, 2, 300, 301, 2
267, 2, 301, 302, 2
267, 2, 301, 302, 2
267, 2, 302, 304, 2
267, 2, 302, 304, 2
267, 2, 303, 314, 2
267, 2, 303, 314, 2
267, 2, 304, 305, 2
267, 2, 304, 305, 2
267, 2, 305, 306, 2
267, 2, 305, 306, 2
267, 2, 306, 307, 2
267, 2, 306, 307, 2
267, 2, 307, 308, 2
267, 2, 307, 308, 2
267, 2, 308, 309, 2
267, 2, 308, 309, 2
267, 2, 309, 310, 2
267, 2, 309, 310, 2
267, 2, 310, 311, 2
267, 2, 310, 311, 2
267, 2, 311, 312, 2
267, 2, 311, 312, 2
267, 2, 312, 313, 2
267, 2, 312, 313, 2
267, 2, 313, 315, 2
267, 2, 313, 315, 2
267, 2, 314, 325, 2
267, 2, 314, 325, 2
267, 2, 315, 316, 2
267, 2, 315, 316, 2
267, 2, 316, 317, 2
267, 2, 316, 317, 2
267, 2, 317, 318, 2
267, 2, 317, 318, 2
267, 2, 318, 319, 2
267, 2, 318, 319, 2
267, 2, 319, 320, 2
267, 2, 319, 320, 2
267, 2, 320, 321, 2
267, 2, 320, 321, 2
267, 2, 321, 322, 2
267, 2, 321, 322, 2
267, 2, 322, 323, 2
267, 2, 322, 323, 2
267, 2, 323, 324, 2
267, 2, 323, 324, 2
267, 2, 324, 326, 2
267, 2, 324, 326, 2
267, 2, 325, 1, 2
267, 2, 325, 1, 2
267, 2, 326, 327, 2
267, 2, 326, 327, 2
267, 2, 327, 328, 2
267, 2, 327, 328, 2
267, 2, 328, 329, 2
267, 2, 328, 329, 2
267, 2, 329, 330, 2
267, 2, 329, 330, 2
267, 2, 330, 331, 2
267, 2, 330, 331, 2
267, 2, 331, 332, 2
267, 2, 331, 332, 2
267, 2, 332, 333, 2
267, 2, 332, 333, 2
267, 2, 333, 334, 2
267, 2, 333, 334, 2
267, 2, 334, 335, 2
267, 2, 334, 335, 2
267, 2, 335, 2, 2
267, 2, 335, 2, 2
268, 3, 1, 0, 2
268, 3, 1, 0, 3
268, 3, 1, 0, 3
Goal
1
2
3
4
5
6
7
8
9
10
11
12
13
14
15
16
17
18
19
20
21
22
23
24
25
26
27
28
29
30
31
32
33
34
35
36
37
38
39
40
41
42
43
44
45
46
47
48
49
50
51
52
53
54
55
56
57
58
59
60
61
62
63
64
65
66
67
68
69
70
71
72
73
74
75
76
77
78
79
80
81
82
83
84
85
86
87
88
89
90
91
92
93
94
95
96
97
98
99
100
101
102
103
104
105
106
107
108
109
110
111
112
113
114
115
116
117
118
119
120
121
122
123
124
125
126
127
128
129
130
131
132
133
134
135
136
137
138
139
140
141
142
143
144
145
146
147
148
149
150
151
152
153
154
155
156
157
158
159
160
161
162
163
164
165
166
167
168
169
170
171
172
173
174
175
176
177
178
179
180
181
182
183
184
185
186
187
188
189
190
191
192
193
194
195
196
197
198
199
200
201
202
203
204
205
206
207
208
209
210
211
212
213
214
215
216
217
218
219
220
221
222
223
224
225
226
227
228
229
230
231
232
233
234
235
236
237
238
239
240
241
242
243
244
245
246
247
248
249
250
251
252
253
254
255
256
257
258
259
260
261
262
263
264
265
266
267
268
