CG
269
0, 1, 267, 390
1, 2, 0, 3
1, 2, 2, 3
2, 2, 0, 1
2, 2, 3, 1
3, 2, 0, 1
3, 2, 4, 1
4, 4, 0, 1
4, 4, 5, 1
4, 4, 6, 1
4, 4, 7, 1
5, 2, 0, 1
5, 2, 165, 1
6, 2, 0, 1
6, 2, 166, 1
7, 2, 0, 1
7, 2, 167, 1
8, 2, 0, 1
8, 2, 219, 1
9, 2, 0, 4
9, 2, 10, 4
10, 2, 0, 1
10, 2, 222, 1
11, 2, 0, 1
11, 2, 200, 1
12, 3, 0, 2
12, 3, 31, 1
12, 3, 13, 1
13, 2, 0, 1
13, 2, 28, 1
14, 3, 0, 2
14, 3, 235, 1
14, 3, 28, 1
15, 5, 0, 1
15, 5, 16, 1
15, 5, 17, 1
15, 5, 18, 1
15, 5, 19, 1
16, 2, 0, 1
16, 2, 20, 1
17, 2, 0, 1
17, 2, 29, 1
18, 2, 0, 1
18, 2, 30, 1
19, 2, 0, 1
19, 2, 21, 1
20, 2, 0, 1
20, 2, 201, 1
21, 4, 0, 1
21, 4, 22, 1
21, 4, 23, 1
21, 4, 24, 1
22, 2, 0, 1
22, 2, 169, 1
23, 2, 0, 1
23, 2, 170, 1
24, 2, 0, 1
24, 2, 171, 1
25, 3, 0, 2
25, 3, 29, 1
25, 3, 202, 1
26, 3, 0, 2
26, 3, 30, 1
26, 3, 203, 1
27, 3, 0, 4
27, 3, 198, 4
27, 3, 267, 3
28, 2, 0, 1
28, 2, 14, 1
29, 2, 0, 1
29, 2, 25, 1
30, 2, 0, 1
30, 2, 26, 1
31, 2, 0, 1
31, 2, 12, 1
32, 3, 0, 2
32, 3, 238, 2
32, 3, 267, 1
33, 3, 0, 2
33, 3, 239, 2
33, 3, 267, 1
34, 3, 0, 2
34, 3, 240, 2
34, 3, 267, 1
35, 3, 0, 2
35, 3, 96, 2
35, 3, 267, 1
36, 3, 0, 3
36, 3, 46, 3
36, 3, 267, 1
37, 3, 0, 2
37, 3, 97, 2
37, 3, 267, 1
38, 3, 0, 2
38, 3, 206, 2
38, 3, 267, 1
39, 3, 0, 2
39, 3, 241, 2
39, 3, 267, 1
40, 3, 0, 2
40, 3, 242, 2
40, 3, 267, 1
41, 3, 0, 2
41, 3, 243, 2
41, 3, 267, 1
42, 3, 0, 2
42, 3, 98, 2
42, 3, 267, 1
43, 3, 0, 2
43, 3, 207, 2
43, 3, 267, 1
44, 3, 0, 2
44, 3, 208, 2
44, 3, 267, 1
45, 3, 0, 2
45, 3, 209, 2
45, 3, 267, 1
46, 3, 0, 2
46, 3, 191, 2
46, 3, 267, 1
47, 3, 0, 3
47, 3, 113, 3
47, 3, 267, 2
48, 5, 0, 1
48, 5, 32, 1
48, 5, 11, 1
48, 5, 33, 1
48, 5, 34, 1
49, 4, 0, 1
49, 4, 50, 1
49, 4, 51, 1
49, 4, 52, 1
50, 3, 0, 3
50, 3, 216, 3
50, 3, 267, 2
51, 3, 0, 3
51, 3, 217, 3
51, 3, 267, 2
52, 3, 0, 3
52, 3, 218, 3
52, 3, 267, 2
53, 3, 0, 3
53, 3, 99, 3
53, 3, 267, 2
54, 3, 0, 3
54, 3, 55, 3
54, 3, 267, 2
55, 5, 0, 1
55, 5, 56, 1
55, 5, 71, 1
55, 5, 72, 1
55, 5, 73, 1
56, 3, 0, 3
56, 3, 246, 3
56, 3, 267, 2
57, 3, 0, 3
57, 3, 197, 3
57, 3, 267, 2
58, 2, 0, 3
58, 2, 59, 3
59, 3, 0, 2
59, 3, 60, 2
59, 3, 267, 1
60, 3, 0, 2
60, 3, 61, 2
60, 3, 267, 1
61, 3, 0, 2
61, 3, 188, 2
61, 3, 267, 1
62, 3, 0, 3
62, 3, 100, 3
62, 3, 267, 2
63, 3, 0, 3
63, 3, 114, 3
63, 3, 267, 2
64, 3, 0, 3
64, 3, 173, 3
64, 3, 267, 2
65, 3, 0, 3
65, 3, 212, 3
65, 3, 267, 2
66, 3, 0, 3
66, 3, 247, 3
66, 3, 267, 2
67, 3, 0, 3
67, 3, 248, 3
67, 3, 267, 2
68, 3, 0, 3
68, 3, 249, 3
68, 3, 267, 2
69, 3, 0, 3
69, 3, 244, 3
69, 3, 267, 2
70, 4, 0, 1
70, 4, 43, 1
70, 4, 44, 1
70, 4, 45, 1
71, 3, 0, 4
71, 3, 254, 4
71, 3, 267, 3
72, 3, 0, 4
72, 3, 255, 4
72, 3, 267, 3
73, 3, 0, 4
73, 3, 256, 4
73, 3, 267, 3
74, 3, 0, 4
74, 3, 102, 4
74, 3, 267, 3
75, 3, 0, 4
75, 3, 76, 4
75, 3, 267, 3
76, 4, 0, 1
76, 4, 47, 1
76, 4, 54, 1
76, 4, 77, 1
77, 3, 0, 4
77, 3, 184, 4
77, 3, 267, 3
78, 3, 0, 4
78, 3, 79, 4
78, 3, 267, 3
79, 4, 0, 1
79, 4, 80, 1
79, 4, 81, 1
79, 4, 82, 1
80, 3, 0, 4
80, 3, 129, 4
80, 3, 267, 3
81, 3, 0, 4
81, 3, 83, 4
81, 3, 267, 3
82, 3, 0, 4
82, 3, 115, 4
82, 3, 267, 3
83, 3, 0, 1
83, 3, 84, 1
83, 3, 85, 1
84, 3, 0, 4
84, 3, 179, 4
84, 3, 267, 3
85, 3, 0, 4
85, 3, 130, 4
85, 3, 267, 3
86, 3, 0, 4
86, 3, 131, 4
86, 3, 267, 3
87, 3, 0, 4
87, 3, 194, 4
87, 3, 267, 3
88, 3, 0, 4
88, 3, 176, 4
88, 3, 267, 3
89, 3, 0, 4
89, 3, 250, 4
89, 3, 267, 3
90, 3, 0, 4
90, 3, 213, 4
90, 3, 267, 3
91, 3, 0, 4
91, 3, 233, 4
91, 3, 267, 3
92, 3, 0, 4
92, 3, 93, 4
92, 3, 267, 3
93, 5, 0, 1
93, 5, 39, 1
93, 5, 69, 1
93, 5, 40, 1
93, 5, 41, 1
94, 3, 0, 2
94, 3, 95, 2
94, 3, 267, 1
95, 3, 0, 2
95, 3, 266, 2
95, 3, 267, 1
96, 3, 0, 4
96, 3, 116, 4
96, 3, 267, 3
97, 3, 0, 4
97, 3, 182, 4
97, 3, 267, 3
98, 3, 0, 4
98, 3, 234, 4
98, 3, 267, 3
99, 3, 0, 3
99, 3, 192, 3
99, 3, 267, 2
100, 5, 0, 5
100, 5, 31, 1
100, 5, 15, 1
100, 5, 101, 3
100, 5, 267, 2
101, 3, 0, 1
101, 3, 63, 1
101, 3, 37, 1
102, 3, 0, 2
102, 3, 103, 2
102, 3, 267, 1
103, 3, 0, 4
103, 3, 117, 4
103, 3, 267, 3
104, 4, 0, 1
104, 4, 74, 1
104, 4, 62, 1
104, 4, 87, 1
105, 3, 0, 1
105, 3, 78, 1
105, 3, 53, 1
106, 3, 0, 5
106, 3, 187, 5
106, 3, 267, 4
107, 5, 0, 1
107, 5, 67, 1
107, 5, 108, 1
107, 5, 89, 1
107, 5, 68, 1
108, 3, 0, 5
108, 3, 252, 5
108, 3, 267, 4
109, 3, 0, 5
109, 3, 262, 5
109, 3, 267, 4
110, 3, 0, 5
110, 3, 263, 5
110, 3, 267, 4
111, 3, 0, 5
111, 3, 264, 5
111, 3, 267, 4
112, 3, 0, 3
112, 3, 118, 3
112, 3, 267, 2
113, 3, 0, 4
113, 3, 132, 4
113, 3, 267, 3
114, 3, 0, 4
114, 3, 183, 4
114, 3, 267, 3
115, 5, 0, 5
115, 5, 9, 1
115, 5, 48, 2
115, 5, 49, 2
115, 5, 267, 2
116, 3, 0, 3
116, 3, 199, 3
116, 3, 267, 2
117, 3, 0, 3
117, 3, 195, 3
117, 3, 267, 2
118, 3, 0, 4
118, 3, 266, 4
118, 3, 267, 3
119, 4, 0, 3
119, 4, 219, 2
119, 4, 185, 1
119, 4, 267, 1
120, 4, 0, 3
120, 4, 219, 2
120, 4, 174, 1
120, 4, 267, 1
121, 3, 0, 6
121, 3, 189, 6
121, 3, 267, 5
122, 3, 0, 2
122, 3, 123, 2
122, 3, 267, 1
123, 3, 0, 7
123, 3, 133, 7
123, 3, 267, 3
124, 4, 0, 5
124, 4, 184, 1
124, 4, 125, 4
124, 4, 267, 3
125, 3, 0, 3
125, 3, 220, 3
125, 3, 267, 2
126, 3, 0, 5
126, 3, 127, 5
126, 3, 267, 1
127, 3, 0, 3
127, 3, 196, 3
127, 3, 267, 2
128, 3, 0, 2
128, 3, 112, 2
128, 3, 267, 1
129, 5, 0, 6
129, 5, 185, 3
129, 5, 174, 2
129, 5, 8, 1
129, 5, 267, 3
130, 3, 0, 4
130, 3, 180, 4
130, 3, 267, 3
131, 4, 0, 5
131, 4, 188, 3
131, 4, 58, 2
131, 4, 267, 3
132, 3, 0, 4
132, 3, 224, 4
132, 3, 267, 3
133, 3, 0, 4
133, 3, 225, 4
133, 3, 267, 3
134, 3, 0, 3
134, 3, 104, 3
134, 3, 267, 2
135, 5, 0, 1
135, 5, 75, 1
135, 5, 57, 1
135, 5, 86, 1
135, 5, 35, 1
136, 3, 0, 5
136, 3, 137, 5
136, 3, 267, 2
137, 3, 0, 3
137, 3, 191, 3
137, 3, 267, 2
138, 3, 0, 1
138, 3, 88, 1
138, 3, 64, 1
139, 4, 0, 1
139, 4, 65, 1
139, 4, 38, 1
139, 4, 90, 1
140, 4, 0, 1
140, 4, 91, 1
140, 4, 92, 1
140, 4, 42, 1
141, 3, 0, 4
141, 3, 135, 4
141, 3, 267, 3
142, 3, 0, 4
142, 3, 143, 4
142, 3, 267, 3
143, 4, 0, 4
143, 4, 136, 3
143, 4, 36, 1
143, 4, 267, 2
144, 3, 0, 4
144, 3, 145, 4
144, 3, 267, 3
145, 3, 0, 3
145, 3, 146, 3
145, 3, 267, 2
146, 3, 0, 4
146, 3, 147, 4
146, 3, 267, 3
147, 3, 0, 4
147, 3, 138, 4
147, 3, 267, 3
148, 3, 0, 4
148, 3, 149, 4
148, 3, 267, 3
149, 3, 0, 5
149, 3, 198, 5
149, 3, 267, 4
150, 3, 0, 3
150, 3, 105, 3
150, 3, 267, 2
151, 3, 0, 3
151, 3, 144, 3
151, 3, 267, 2
152, 5, 0, 1
152, 5, 66, 1
152, 5, 109, 1
152, 5, 110, 1
152, 5, 111, 1
153, 3, 0, 1
153, 3, 106, 1
153, 3, 121, 1
154, 3, 0, 5
154, 3, 152, 5
154, 3, 267, 4
155, 3, 0, 3
155, 3, 107, 3
155, 3, 267, 2
156, 4, 0, 4
156, 4, 192, 1
156, 4, 175, 3
156, 4, 267, 2
157, 3, 0, 5
157, 3, 196, 5
157, 3, 267, 4
158, 4, 0, 6
158, 4, 194, 2
158, 4, 151, 4
158, 4, 267, 4
159, 6, 0, 10
159, 6, 1, 1
159, 6, 140, 4
159, 6, 128, 3
159, 6, 70, 2
159, 6, 267, 6
160, 4, 0, 6
160, 4, 195, 2
160, 4, 227, 4
160, 4, 267, 4
161, 4, 0, 8
161, 4, 197, 4
161, 4, 259, 4
161, 4, 267, 6
162, 4, 0, 7
162, 4, 134, 3
162, 4, 139, 4
162, 4, 267, 5
163, 4, 0, 8
163, 4, 126, 3
163, 4, 157, 5
163, 4, 267, 6
164, 4, 0, 10
164, 4, 199, 7
164, 4, 142, 3
164, 4, 267, 8
165, 4, 0, 1
165, 4, 166, 1
165, 4, 167, 1
165, 4, 168, 1
166, 4, 0, 1
166, 4, 165, 1
166, 4, 167, 1
166, 4, 168, 1
167, 4, 0, 1
167, 4, 165, 1
167, 4, 166, 1
167, 4, 168, 1
168, 2, 0, 1
168, 2, 266, 1
169, 4, 0, 1
169, 4, 170, 1
169, 4, 171, 1
169, 4, 172, 1
170, 4, 0, 1
170, 4, 169, 1
170, 4, 171, 1
170, 4, 172, 1
171, 4, 0, 1
171, 4, 169, 1
171, 4, 170, 1
171, 4, 172, 1
172, 2, 0, 1
172, 2, 204, 1
173, 3, 0, 1
173, 3, 176, 1
173, 3, 177, 1
174, 3, 0, 3
174, 3, 120, 3
174, 3, 267, 2
175, 3, 0, 1
175, 3, 193, 1
175, 3, 186, 1
176, 3, 0, 1
176, 3, 173, 1
176, 3, 177, 1
177, 3, 0, 3
177, 3, 221, 3
177, 3, 267, 2
178, 3, 0, 3
178, 3, 235, 3
178, 3, 267, 2
179, 3, 0, 1
179, 3, 180, 1
179, 3, 181, 1
180, 3, 0, 1
180, 3, 179, 1
180, 3, 181, 1
181, 3, 0, 4
181, 3, 229, 4
181, 3, 267, 3
182, 3, 0, 1
182, 3, 183, 1
182, 3, 178, 1
183, 3, 0, 1
183, 3, 182, 1
183, 3, 178, 1
184, 3, 0, 2
184, 3, 124, 2
184, 3, 267, 1
185, 3, 0, 3
185, 3, 119, 3
185, 3, 267, 2
186, 3, 0, 4
186, 3, 268, 4
186, 3, 267, 3
187, 3, 0, 1
187, 3, 189, 1
187, 3, 190, 1
188, 3, 0, 3
188, 3, 253, 3
188, 3, 267, 2
189, 3, 0, 1
189, 3, 187, 1
189, 3, 190, 1
190, 3, 0, 6
190, 3, 156, 6
190, 3, 267, 5
191, 3, 0, 4
191, 3, 260, 4
191, 3, 267, 3
192, 3, 0, 6
192, 3, 153, 6
192, 3, 267, 5
193, 3, 0, 1
193, 3, 175, 1
193, 3, 186, 1
194, 3, 0, 5
194, 3, 158, 5
194, 3, 267, 4
195, 3, 0, 6
195, 3, 160, 6
195, 3, 267, 5
196, 3, 0, 5
196, 3, 161, 5
196, 3, 267, 4
197, 3, 0, 6
197, 3, 163, 6
197, 3, 267, 5
198, 3, 0, 5
198, 3, 159, 5
198, 3, 267, 4
199, 3, 0, 10
199, 3, 164, 10
199, 3, 267, 9
200, 5, 0, 1
200, 5, 238, 1
200, 5, 239, 1
200, 5, 240, 1
200, 5, 211, 1
201, 5, 0, 1
201, 5, 202, 1
201, 5, 203, 1
201, 5, 204, 1
201, 5, 205, 1
202, 5, 0, 1
202, 5, 201, 1
202, 5, 203, 1
202, 5, 204, 1
202, 5, 205, 1
203, 5, 0, 1
203, 5, 201, 1
203, 5, 202, 1
203, 5, 204, 1
203, 5, 205, 1
204, 5, 0, 1
204, 5, 201, 1
204, 5, 202, 1
204, 5, 203, 1
204, 5, 205, 1
205, 2, 0, 1
205, 2, 235, 1
206, 4, 0, 1
206, 4, 212, 1
206, 4, 213, 1
206, 4, 214, 1
207, 4, 0, 1
207, 4, 208, 1
207, 4, 209, 1
207, 4, 210, 1
208, 4, 0, 1
208, 4, 207, 1
208, 4, 209, 1
208, 4, 210, 1
209, 4, 0, 1
209, 4, 207, 1
209, 4, 208, 1
209, 4, 210, 1
210, 3, 0, 2
210, 3, 94, 2
210, 3, 267, 1
211, 2, 0, 1
211, 2, 222, 1
212, 4, 0, 1
212, 4, 206, 1
212, 4, 213, 1
212, 4, 214, 1
213, 4, 0, 1
213, 4, 212, 1
213, 4, 206, 1
213, 4, 214, 1
214, 3, 0, 4
214, 3, 154, 4
214, 3, 267, 3
215, 3, 0, 2
215, 3, 222, 2
215, 3, 267, 1
216, 4, 0, 1
216, 4, 217, 1
216, 4, 218, 1
216, 4, 215, 1
217, 4, 0, 1
217, 4, 216, 1
217, 4, 218, 1
217, 4, 215, 1
218, 4, 0, 1
218, 4, 216, 1
218, 4, 217, 1
218, 4, 215, 1
219, 3, 0, 3
219, 3, 223, 3
219, 3, 267, 2
220, 4, 0, 1
220, 4, 224, 1
220, 4, 225, 1
220, 4, 226, 1
221, 4, 0, 1
221, 4, 227, 1
221, 4, 236, 1
221, 4, 228, 1
222, 3, 0, 4
222, 3, 230, 4
222, 3, 267, 3
223, 4, 0, 1
223, 4, 229, 1
223, 4, 230, 1
223, 4, 231, 1
224, 4, 0, 1
224, 4, 225, 1
224, 4, 220, 1
224, 4, 226, 1
225, 4, 0, 1
225, 4, 224, 1
225, 4, 220, 1
225, 4, 226, 1
226, 3, 0, 4
226, 3, 258, 4
226, 3, 267, 3
227, 4, 0, 1
227, 4, 236, 1
227, 4, 228, 1
227, 4, 221, 1
228, 3, 0, 3
228, 3, 141, 3
228, 3, 267, 2
229, 4, 0, 1
229, 4, 223, 1
229, 4, 230, 1
229, 4, 231, 1
230, 4, 0, 1
230, 4, 223, 1
230, 4, 229, 1
230, 4, 231, 1
231, 3, 0, 4
231, 3, 193, 4
231, 3, 267, 3
232, 3, 0, 3
232, 3, 266, 3
232, 3, 267, 2
233, 4, 0, 1
233, 4, 237, 1
233, 4, 234, 1
233, 4, 232, 1
234, 4, 0, 1
234, 4, 233, 1
234, 4, 237, 1
234, 4, 232, 1
235, 3, 0, 4
235, 3, 236, 4
235, 3, 267, 3
236, 4, 0, 1
236, 4, 227, 1
236, 4, 228, 1
236, 4, 221, 1
237, 4, 0, 1
237, 4, 233, 1
237, 4, 234, 1
237, 4, 232, 1
238, 5, 0, 1
238, 5, 200, 1
238, 5, 239, 1
238, 5, 240, 1
238, 5, 211, 1
239, 5, 0, 1
239, 5, 238, 1
239, 5, 200, 1
239, 5, 240, 1
239, 5, 211, 1
240, 5, 0, 1
240, 5, 238, 1
240, 5, 200, 1
240, 5, 239, 1
240, 5, 211, 1
241, 5, 0, 1
241, 5, 244, 1
241, 5, 242, 1
241, 5, 243, 1
241, 5, 245, 1
242, 5, 0, 1
242, 5, 241, 1
242, 5, 244, 1
242, 5, 243, 1
242, 5, 245, 1
243, 5, 0, 1
243, 5, 241, 1
243, 5, 244, 1
243, 5, 242, 1
243, 5, 245, 1
244, 5, 0, 1
244, 5, 241, 1
244, 5, 242, 1
244, 5, 243, 1
244, 5, 245, 1
245, 3, 0, 3
245, 3, 237, 3
245, 3, 267, 2
246, 5, 0, 1
246, 5, 254, 1
246, 5, 255, 1
246, 5, 256, 1
246, 5, 257, 1
247, 5, 0, 1
247, 5, 262, 1
247, 5, 263, 1
247, 5, 264, 1
247, 5, 265, 1
248, 5, 0, 1
248, 5, 252, 1
248, 5, 250, 1
248, 5, 249, 1
248, 5, 251, 1
249, 5, 0, 1
249, 5, 248, 1
249, 5, 252, 1
249, 5, 250, 1
249, 5, 251, 1
250, 5, 0, 1
250, 5, 248, 1
250, 5, 252, 1
250, 5, 249, 1
250, 5, 251, 1
251, 3, 0, 3
251, 3, 148, 3
251, 3, 267, 2
252, 5, 0, 1
252, 5, 248, 1
252, 5, 250, 1
252, 5, 249, 1
252, 5, 251, 1
253, 5, 0, 1
253, 5, 258, 1
253, 5, 259, 1
253, 5, 260, 1
253, 5, 261, 1
254, 5, 0, 1
254, 5, 246, 1
254, 5, 255, 1
254, 5, 256, 1
254, 5, 257, 1
255, 5, 0, 1
255, 5, 246, 1
255, 5, 254, 1
255, 5, 256, 1
255, 5, 257, 1
256, 5, 0, 1
256, 5, 246, 1
256, 5, 254, 1
256, 5, 255, 1
256, 5, 257, 1
257, 3, 0, 3
257, 3, 122, 3
257, 3, 267, 2
258, 5, 0, 1
258, 5, 259, 1
258, 5, 253, 1
258, 5, 260, 1
258, 5, 261, 1
259, 5, 0, 1
259, 5, 258, 1
259, 5, 253, 1
259, 5, 260, 1
259, 5, 261, 1
260, 5, 0, 1
260, 5, 258, 1
260, 5, 259, 1
260, 5, 253, 1
260, 5, 261, 1
261, 3, 0, 4
261, 3, 150, 4
261, 3, 267, 3
262, 5, 0, 1
262, 5, 247, 1
262, 5, 263, 1
262, 5, 264, 1
262, 5, 265, 1
263, 5, 0, 1
263, 5, 247, 1
263, 5, 262, 1
263, 5, 264, 1
263, 5, 265, 1
264, 5, 0, 1
264, 5, 247, 1
264, 5, 262, 1
264, 5, 263, 1
264, 5, 265, 1
265, 3, 0, 5
265, 3, 155, 5
265, 3, 267, 4
266, 3, 0, 6
266, 3, 162, 6
266, 3, 267, 5
267, 223, 0, 390
267, 223, 27, 3
267, 223, 268, 3
267, 223, 115, 5
267, 223, 222, 4
267, 223, 100, 4
267, 223, 235, 5
267, 223, 199, 17
267, 223, 164, 17
267, 223, 123, 4
267, 223, 133, 6
267, 223, 143, 5
267, 223, 191, 6
267, 223, 136, 4
267, 223, 198, 11
267, 223, 137, 4
267, 223, 162, 10
267, 223, 159, 10
267, 223, 266, 11
267, 223, 184, 4
267, 223, 124, 4
267, 223, 36, 1
267, 223, 46, 2
267, 223, 197, 10
267, 223, 161, 10
267, 223, 163, 11
267, 223, 196, 10
267, 223, 192, 7
267, 223, 156, 7
267, 223, 126, 3
267, 223, 127, 3
267, 223, 129, 6
267, 223, 219, 4
267, 223, 194, 8
267, 223, 158, 8
267, 223, 185, 4
267, 223, 119, 3
267, 223, 174, 3
267, 223, 120, 3
267, 223, 131, 6
267, 223, 188, 5
267, 223, 58, 1
267, 223, 59, 1
267, 223, 195, 8
267, 223, 160, 9
267, 223, 117, 5
267, 223, 102, 4
267, 223, 74, 3
267, 223, 227, 3
267, 223, 114, 5
267, 223, 63, 2
267, 223, 183, 3
267, 223, 97, 4
267, 223, 37, 1
267, 223, 182, 3
267, 223, 101, 2
267, 223, 178, 2
267, 223, 62, 2
267, 223, 236, 3
267, 223, 104, 2
267, 223, 228, 2
267, 223, 134, 4
267, 223, 132, 6
267, 223, 113, 5
267, 223, 47, 2
267, 223, 224, 3
267, 223, 56, 2
267, 223, 246, 2
267, 223, 71, 3
267, 223, 254, 3
267, 223, 72, 3
267, 223, 255, 3
267, 223, 73, 3
267, 223, 256, 3
267, 223, 55, 2
267, 223, 257, 2
267, 223, 122, 3
267, 223, 54, 2
267, 223, 225, 3
267, 223, 125, 5
267, 223, 77, 3
267, 223, 220, 2
267, 223, 76, 3
267, 223, 226, 3
267, 223, 75, 3
267, 223, 258, 3
267, 223, 157, 8
267, 223, 57, 2
267, 223, 259, 3
267, 223, 61, 2
267, 223, 60, 2
267, 223, 86, 3
267, 223, 253, 2
267, 223, 96, 4
267, 223, 116, 5
267, 223, 142, 5
267, 223, 35, 1
267, 223, 260, 3
267, 223, 135, 3
267, 223, 261, 3
267, 223, 80, 3
267, 223, 223, 2
267, 223, 84, 3
267, 223, 179, 3
267, 223, 130, 6
267, 223, 85, 3
267, 223, 180, 3
267, 223, 83, 3
267, 223, 181, 3
267, 223, 81, 3
267, 223, 229, 3
267, 223, 32, 1
267, 223, 238, 1
267, 223, 33, 1
267, 223, 239, 1
267, 223, 34, 1
267, 223, 240, 1
267, 223, 48, 1
267, 223, 50, 2
267, 223, 216, 2
267, 223, 51, 2
267, 223, 217, 2
267, 223, 52, 2
267, 223, 218, 2
267, 223, 49, 1
267, 223, 215, 1
267, 223, 82, 3
267, 223, 230, 3
267, 223, 79, 3
267, 223, 231, 3
267, 223, 78, 3
267, 223, 193, 3
267, 223, 106, 4
267, 223, 187, 4
267, 223, 121, 5
267, 223, 189, 5
267, 223, 153, 5
267, 223, 190, 5
267, 223, 99, 4
267, 223, 53, 2
267, 223, 175, 2
267, 223, 105, 2
267, 223, 186, 3
267, 223, 150, 5
267, 223, 141, 5
267, 223, 91, 3
267, 223, 233, 3
267, 223, 39, 1
267, 223, 241, 1
267, 223, 69, 2
267, 223, 244, 2
267, 223, 40, 1
267, 223, 242, 1
267, 223, 41, 1
267, 223, 243, 1
267, 223, 93, 3
267, 223, 245, 2
267, 223, 92, 3
267, 223, 237, 2
267, 223, 98, 4
267, 223, 42, 1
267, 223, 234, 3
267, 223, 140, 3
267, 223, 232, 2
267, 223, 128, 3
267, 223, 118, 5
267, 223, 112, 3
267, 223, 43, 1
267, 223, 207, 1
267, 223, 44, 1
267, 223, 208, 1
267, 223, 45, 1
267, 223, 209, 1
267, 223, 70, 1
267, 223, 210, 1
267, 223, 95, 2
267, 223, 94, 2
267, 223, 65, 2
267, 223, 212, 2
267, 223, 38, 1
267, 223, 206, 1
267, 223, 90, 3
267, 223, 213, 3
267, 223, 139, 3
267, 223, 214, 3
267, 223, 66, 2
267, 223, 247, 2
267, 223, 109, 4
267, 223, 262, 4
267, 223, 110, 4
267, 223, 263, 4
267, 223, 111, 4
267, 223, 264, 4
267, 223, 152, 4
267, 223, 265, 4
267, 223, 154, 7
267, 223, 67, 2
267, 223, 248, 2
267, 223, 108, 4
267, 223, 252, 4
267, 223, 89, 3
267, 223, 250, 3
267, 223, 68, 2
267, 223, 249, 2
267, 223, 107, 2
267, 223, 251, 2
267, 223, 149, 7
267, 223, 148, 5
267, 223, 155, 6
267, 223, 144, 5
267, 223, 151, 5
267, 223, 146, 5
267, 223, 88, 3
267, 223, 176, 3
267, 223, 64, 2
267, 223, 173, 2
267, 223, 138, 3
267, 223, 177, 2
267, 223, 147, 6
267, 223, 145, 5
267, 223, 87, 3
267, 223, 221, 2
267, 223, 103, 4
DTG
0, 222, 0, 1, 2
0, 222, 0, 1, 2
0, 222, 0, 1, 2
0, 222, 0, 1, 2
0, 222, 0, 1, 2
0, 222, 0, 1, 2
0, 222, 0, 1, 2
0, 222, 0, 1, 2
0, 222, 0, 1, 2
0, 222, 0, 1, 2
0, 222, 0, 1, 2
0, 222, 0, 1, 2
0, 222, 0, 1, 2
0, 222, 0, 1, 2
0, 222, 0, 1, 2
0, 222, 0, 1, 2
0, 222, 0, 1, 2
0, 222, 0, 1, 2
0, 222, 0, 1, 2
0, 222, 0, 1, 2
0, 222, 0, 1, 2
0, 222, 0, 1, 2
0, 222, 0, 1, 2
0, 222, 0, 1, 2
0, 222, 0, 1, 2
0, 222, 0, 1, 2
0, 222, 0, 1, 2
0, 222, 0, 1, 2
0, 222, 0, 1, 2
0, 222, 0, 1, 2
0, 222, 0, 1, 2
0, 222, 0, 1, 2
0, 222, 0, 1, 2
0, 222, 0, 1, 2
0, 222, 0, 1, 2
0, 222, 0, 1, 2
0, 222, 0, 1, 2
0, 222, 0, 1, 2
0, 222, 0, 1, 2
0, 222, 0, 1, 2
0, 222, 0, 1, 2
0, 222, 0, 1, 2
0, 222, 0, 1, 2
0, 222, 0, 1, 2
0, 222, 0, 1, 2
0, 222, 0, 1, 2
0, 222, 0, 1, 2
0, 222, 0, 1, 2
0, 222, 0, 1, 2
0, 222, 0, 1, 2
0, 222, 0, 1, 2
0, 222, 0, 1, 2
0, 222, 0, 1, 2
0, 222, 0, 1, 2
0, 222, 0, 1, 2
0, 222, 0, 1, 2
0, 222, 0, 1, 2
0, 222, 0, 1, 2
0, 222, 0, 1, 2
0, 222, 0, 1, 2
0, 222, 0, 1, 2
0, 222, 0, 1, 2
0, 222, 0, 1, 2
0, 222, 0, 1, 2
0, 222, 0, 1, 2
0, 222, 0, 1, 2
0, 222, 0, 1, 2
0, 222, 0, 1, 2
0, 222, 0, 1, 2
0, 222, 0, 1, 2
0, 222, 0, 1, 2
0, 222, 0, 1, 2
0, 222, 0, 1, 2
0, 222, 0, 1, 2
0, 222, 0, 1, 2
0, 222, 0, 1, 2
0, 222, 0, 1, 2
0, 222, 0, 1, 2
0, 222, 0, 1, 2
0, 222, 0, 1, 2
0, 222, 0, 1, 2
0, 222, 0, 1, 2
0, 222, 0, 1, 2
0, 222, 0, 1, 2
0, 222, 0, 1, 2
0, 222, 0, 1, 2
0, 222, 0, 1, 2
0, 222, 0, 1, 2
0, 222, 0, 1, 2
0, 222, 0, 1, 2
0, 222, 0, 1, 2
0, 222, 0, 1, 2
0, 222, 0, 1, 2
0, 222, 0, 1, 2
0, 222, 0, 1, 2
0, 222, 0, 1, 2
0, 222, 0, 1, 2
0, 222, 0, 1, 2
0, 222, 0, 1, 2
0, 222, 0, 1, 2
0, 222, 0, 1, 2
0, 222, 0, 1, 2
0, 222, 0, 1, 2
0, 222, 0, 1, 2
0, 222, 0, 1, 2
0, 222, 0, 1, 2
0, 222, 0, 1, 2
0, 222, 0, 1, 2
0, 222, 0, 1, 2
0, 222, 0, 1, 2
0, 222, 0, 1, 2
0, 222, 0, 1, 2
0, 222, 0, 1, 2
0, 222, 0, 1, 2
0, 222, 0, 1, 2
0, 222, 0, 1, 2
0, 222, 0, 1, 2
0, 222, 0, 1, 2
0, 222, 0, 1, 2
0, 222, 0, 1, 2
0, 222, 0, 1, 2
0, 222, 0, 1, 2
0, 222, 0, 1, 2
0, 222, 0, 1, 2
0, 222, 0, 1, 2
0, 222, 0, 1, 2
0, 222, 0, 1, 2
0, 222, 0, 1, 2
0, 222, 0, 1, 2
0, 222, 0, 1, 2
0, 222, 0, 1, 2
0, 222, 0, 1, 2
0, 222, 0, 1, 2
0, 222, 0, 1, 2
0, 222, 0, 1, 2
0, 222, 0, 1, 2
0, 222, 0, 1, 2
0, 222, 0, 1, 2
0, 222, 0, 1, 2
0, 222, 0, 1, 2
0, 222, 0, 1, 2
0, 222, 0, 1, 2
0, 222, 0, 1, 2
0, 222, 0, 1, 2
0, 222, 0, 1, 2
0, 222, 0, 1, 2
0, 222, 0, 1, 2
0, 222, 0, 1, 2
0, 222, 0, 1, 2
0, 222, 0, 1, 2
0, 222, 0, 1, 2
0, 222, 0, 1, 2
0, 222, 0, 1, 2
0, 222, 0, 1, 2
0, 222, 0, 1, 2
0, 222, 0, 1, 2
0, 222, 0, 1, 2
0, 222, 0, 1, 2
0, 222, 0, 1, 2
0, 222, 0, 1, 2
0, 222, 0, 1, 2
0, 222, 0, 1, 2
0, 222, 0, 1, 2
0, 222, 0, 1, 2
0, 222, 0, 1, 2
0, 222, 0, 1, 2
0, 222, 0, 1, 2
0, 222, 0, 1, 2
0, 222, 0, 1, 2
0, 222, 0, 1, 2
0, 222, 0, 1, 2
0, 222, 0, 1, 2
0, 222, 0, 1, 2
0, 222, 0, 1, 2
0, 222, 0, 1, 2
0, 222, 0, 1, 2
0, 222, 0, 1, 2
0, 222, 0, 1, 2
0, 222, 0, 1, 2
0, 222, 0, 1, 2
0, 222, 0, 1, 2
0, 222, 0, 1, 2
0, 222, 0, 1, 2
0, 222, 0, 1, 2
0, 222, 0, 1, 2
0, 222, 0, 1, 2
0, 222, 0, 1, 2
0, 222, 0, 1, 2
0, 222, 0, 1, 2
0, 222, 0, 1, 2
0, 222, 0, 1, 2
0, 222, 0, 1, 2
0, 222, 0, 1, 2
0, 222, 0, 1, 2
0, 222, 0, 1, 2
0, 222, 0, 1, 2
0, 222, 0, 1, 2
0, 222, 0, 1, 2
0, 222, 0, 1, 2
0, 222, 0, 1, 2
0, 222, 0, 1, 2
0, 222, 0, 1, 3
0, 222, 0, 1, 3
0, 222, 0, 1, 3
0, 222, 0, 1, 3
0, 222, 0, 1, 3
0, 222, 0, 1, 4
0, 222, 0, 1, 4
0, 222, 0, 1, 4
0, 222, 0, 1, 4
0, 222, 0, 1, 4
0, 222, 0, 1, 4
0, 222, 0, 1, 4
0, 222, 0, 1, 4
0, 222, 0, 1, 4
0, 222, 0, 1, 5
0, 222, 0, 1, 5
0, 222, 0, 1, 5
0, 222, 0, 1, 5
0, 222, 0, 1, 5
0, 222, 0, 1, 5
0, 222, 0, 1, 5
0, 390, 1, 0, 3
0, 390, 1, 0, 3
0, 390, 1, 0, 3
0, 390, 1, 0, 3
0, 390, 1, 0, 3
0, 390, 1, 0, 3
0, 390, 1, 0, 3
0, 390, 1, 0, 3
0, 390, 1, 0, 3
0, 390, 1, 0, 3
0, 390, 1, 0, 3
0, 390, 1, 0, 3
0, 390, 1, 0, 3
0, 390, 1, 0, 3
0, 390, 1, 0, 3
0, 390, 1, 0, 3
0, 390, 1, 0, 3
0, 390, 1, 0, 3
0, 390, 1, 0, 3
0, 390, 1, 0, 3
0, 390, 1, 0, 3
0, 390, 1, 0, 3
0, 390, 1, 0, 3
0, 390, 1, 0, 3
0, 390, 1, 0, 3
0, 390, 1, 0, 3
0, 390, 1, 0, 3
0, 390, 1, 0, 3
0, 390, 1, 0, 3
0, 390, 1, 0, 3
0, 390, 1, 0, 3
0, 390, 1, 0, 3
0, 390, 1, 0, 3
0, 390, 1, 0, 3
0, 390, 1, 0, 3
0, 390, 1, 0, 3
0, 390, 1, 0, 3
0, 390, 1, 0, 3
0, 390, 1, 0, 3
0, 390, 1, 0, 3
0, 390, 1, 0, 3
0, 390, 1, 0, 3
0, 390, 1, 0, 3
0, 390, 1, 0, 3
0, 390, 1, 0, 3
0, 390, 1, 0, 3
0, 390, 1, 0, 3
0, 390, 1, 0, 3
0, 390, 1, 0, 3
0, 390, 1, 0, 3
0, 390, 1, 0, 3
0, 390, 1, 0, 3
0, 390, 1, 0, 3
0, 390, 1, 0, 3
0, 390, 1, 0, 3
0, 390, 1, 0, 3
0, 390, 1, 0, 3
0, 390, 1, 0, 3
0, 390, 1, 0, 3
0, 390, 1, 0, 3
0, 390, 1, 0, 3
0, 390, 1, 0, 3
0, 390, 1, 0, 3
0, 390, 1, 0, 3
0, 390, 1, 0, 3
0, 390, 1, 0, 3
0, 390, 1, 0, 3
0, 390, 1, 0, 3
0, 390, 1, 0, 3
0, 390, 1, 0, 3
0, 390, 1, 0, 3
0, 390, 1, 0, 3
0, 390, 1, 0, 3
0, 390, 1, 0, 3
0, 390, 1, 0, 3
0, 390, 1, 0, 3
0, 390, 1, 0, 3
0, 390, 1, 0, 3
0, 390, 1, 0, 3
0, 390, 1, 0, 3
0, 390, 1, 0, 3
0, 390, 1, 0, 3
0, 390, 1, 0, 3
0, 390, 1, 0, 3
0, 390, 1, 0, 3
0, 390, 1, 0, 3
0, 390, 1, 0, 3
0, 390, 1, 0, 3
0, 390, 1, 0, 3
0, 390, 1, 0, 3
0, 390, 1, 0, 3
0, 390, 1, 0, 3
0, 390, 1, 0, 3
0, 390, 1, 0, 3
0, 390, 1, 0, 3
0, 390, 1, 0, 3
0, 390, 1, 0, 3
0, 390, 1, 0, 3
0, 390, 1, 0, 3
0, 390, 1, 0, 3
0, 390, 1, 0, 3
0, 390, 1, 0, 3
0, 390, 1, 0, 3
0, 390, 1, 0, 3
0, 390, 1, 0, 3
0, 390, 1, 0, 3
0, 390, 1, 0, 3
0, 390, 1, 0, 3
0, 390, 1, 0, 3
0, 390, 1, 0, 3
0, 390, 1, 0, 3
0, 390, 1, 0, 3
0, 390, 1, 0, 3
0, 390, 1, 0, 3
0, 390, 1, 0, 3
0, 390, 1, 0, 3
0, 390, 1, 0, 3
0, 390, 1, 0, 3
0, 390, 1, 0, 3
0, 390, 1, 0, 3
0, 390, 1, 0, 3
0, 390, 1, 0, 3
0, 390, 1, 0, 3
0, 390, 1, 0, 3
0, 390, 1, 0, 3
0, 390, 1, 0, 3
0, 390, 1, 0, 3
0, 390, 1, 0, 3
0, 390, 1, 0, 3
0, 390, 1, 0, 3
0, 390, 1, 0, 3
0, 390, 1, 0, 3
0, 390, 1, 0, 3
0, 390, 1, 0, 3
0, 390, 1, 0, 3
0, 390, 1, 0, 3
0, 390, 1, 0, 3
0, 390, 1, 0, 3
0, 390, 1, 0, 3
0, 390, 1, 0, 3
0, 390, 1, 0, 3
0, 390, 1, 0, 3
0, 390, 1, 0, 3
0, 390, 1, 0, 3
0, 390, 1, 0, 3
0, 390, 1, 0, 3
0, 390, 1, 0, 3
0, 390, 1, 0, 3
0, 390, 1, 0, 3
0, 390, 1, 0, 3
0, 390, 1, 0, 3
0, 390, 1, 0, 3
0, 390, 1, 0, 3
0, 390, 1, 0, 3
0, 390, 1, 0, 3
0, 390, 1, 0, 3
0, 390, 1, 0, 3
0, 390, 1, 0, 3
0, 390, 1, 0, 3
0, 390, 1, 0, 3
0, 390, 1, 0, 3
0, 390, 1, 0, 3
0, 390, 1, 0, 3
0, 390, 1, 0, 3
0, 390, 1, 0, 3
0, 390, 1, 0, 3
0, 390, 1, 0, 3
0, 390, 1, 0, 3
0, 390, 1, 0, 3
0, 390, 1, 0, 3
0, 390, 1, 0, 3
0, 390, 1, 0, 3
0, 390, 1, 0, 3
0, 390, 1, 0, 3
0, 390, 1, 0, 3
0, 390, 1, 0, 3
0, 390, 1, 0, 3
0, 390, 1, 0, 3
0, 390, 1, 0, 3
0, 390, 1, 0, 3
0, 390, 1, 0, 3
0, 390, 1, 0, 3
0, 390, 1, 0, 3
0, 390, 1, 0, 3
0, 390, 1, 0, 3
0, 390, 1, 0, 3
0, 390, 1, 0, 3
0, 390, 1, 0, 3
0, 390, 1, 0, 3
0, 390, 1, 0, 3
0, 390, 1, 0, 3
0, 390, 1, 0, 3
0, 390, 1, 0, 3
0, 390, 1, 0, 3
0, 390, 1, 0, 3
0, 390, 1, 0, 3
0, 390, 1, 0, 3
0, 390, 1, 0, 3
0, 390, 1, 0, 3
0, 390, 1, 0, 3
0, 390, 1, 0, 3
0, 390, 1, 0, 3
0, 390, 1, 0, 3
0, 390, 1, 0, 3
0, 390, 1, 0, 3
0, 390, 1, 0, 3
0, 390, 1, 0, 3
0, 390, 1, 0, 3
0, 390, 1, 0, 3
0, 390, 1, 0, 3
0, 390, 1, 0, 3
0, 390, 1, 0, 3
0, 390, 1, 0, 3
0, 390, 1, 0, 3
0, 390, 1, 0, 3
0, 390, 1, 0, 3
0, 390, 1, 0, 3
0, 390, 1, 0, 3
0, 390, 1, 0, 3
0, 390, 1, 0, 3
0, 390, 1, 0, 3
0, 390, 1, 0, 3
0, 390, 1, 0, 3
0, 390, 1, 0, 3
0, 390, 1, 0, 3
0, 390, 1, 0, 3
0, 390, 1, 0, 3
0, 390, 1, 0, 3
0, 390, 1, 0, 3
0, 390, 1, 0, 3
0, 390, 1, 0, 3
0, 390, 1, 0, 3
0, 390, 1, 0, 3
0, 390, 1, 0, 3
0, 390, 1, 0, 3
0, 390, 1, 0, 3
0, 390, 1, 0, 3
0, 390, 1, 0, 3
0, 390, 1, 0, 3
0, 390, 1, 0, 3
0, 390, 1, 0, 3
0, 390, 1, 0, 3
0, 390, 1, 0, 3
0, 390, 1, 0, 3
0, 390, 1, 0, 3
0, 390, 1, 0, 3
0, 390, 1, 0, 3
0, 390, 1, 0, 3
0, 390, 1, 0, 3
0, 390, 1, 0, 3
0, 390, 1, 0, 3
0, 390, 1, 0, 3
0, 390, 1, 0, 3
0, 390, 1, 0, 3
0, 390, 1, 0, 3
0, 390, 1, 0, 3
0, 390, 1, 0, 3
0, 390, 1, 0, 3
0, 390, 1, 0, 3
0, 390, 1, 0, 3
0, 390, 1, 0, 3
0, 390, 1, 0, 3
0, 390, 1, 0, 3
0, 390, 1, 0, 3
0, 390, 1, 0, 3
0, 390, 1, 0, 3
0, 390, 1, 0, 3
0, 390, 1, 0, 3
0, 390, 1, 0, 3
0, 390, 1, 0, 3
0, 390, 1, 0, 3
0, 390, 1, 0, 3
0, 390, 1, 0, 3
0, 390, 1, 0, 3
0, 390, 1, 0, 3
0, 390, 1, 0, 3
0, 390, 1, 0, 3
0, 390, 1, 0, 3
0, 390, 1, 0, 3
0, 390, 1, 0, 3
0, 390, 1, 0, 3
0, 390, 1, 0, 3
0, 390, 1, 0, 3
0, 390, 1, 0, 3
0, 390, 1, 0, 3
0, 390, 1, 0, 3
0, 390, 1, 0, 3
0, 390, 1, 0, 3
0, 390, 1, 0, 3
0, 390, 1, 0, 3
0, 390, 1, 0, 3
0, 390, 1, 0, 3
0, 390, 1, 0, 3
0, 390, 1, 0, 3
0, 390, 1, 0, 3
0, 390, 1, 0, 3
0, 390, 1, 0, 3
0, 390, 1, 0, 3
0, 390, 1, 0, 3
0, 390, 1, 0, 3
0, 390, 1, 0, 3
0, 390, 1, 0, 3
0, 390, 1, 0, 3
0, 390, 1, 0, 3
0, 390, 1, 0, 3
0, 390, 1, 0, 3
0, 390, 1, 0, 3
0, 390, 1, 0, 3
0, 390, 1, 0, 3
0, 390, 1, 0, 3
0, 390, 1, 0, 3
0, 390, 1, 0, 3
0, 390, 1, 0, 3
0, 390, 1, 0, 3
0, 390, 1, 0, 3
0, 390, 1, 0, 3
0, 390, 1, 0, 3
0, 390, 1, 0, 3
0, 390, 1, 0, 3
0, 390, 1, 0, 3
0, 390, 1, 0, 3
0, 390, 1, 0, 3
0, 390, 1, 0, 3
0, 390, 1, 0, 3
0, 390, 1, 0, 3
0, 390, 1, 0, 3
0, 390, 1, 0, 3
0, 390, 1, 0, 3
0, 390, 1, 0, 3
0, 390, 1, 0, 3
0, 390, 1, 0, 3
0, 390, 1, 0, 3
0, 390, 1, 0, 3
0, 390, 1, 0, 3
0, 390, 1, 0, 3
0, 390, 1, 0, 3
0, 390, 1, 0, 3
0, 390, 1, 0, 3
0, 390, 1, 0, 3
0, 390, 1, 0, 3
0, 390, 1, 0, 3
0, 390, 1, 0, 3
0, 390, 1, 0, 3
0, 390, 1, 0, 3
0, 390, 1, 0, 3
0, 390, 1, 0, 3
0, 390, 1, 0, 3
0, 390, 1, 0, 3
0, 390, 1, 0, 3
0, 390, 1, 0, 3
0, 390, 1, 0, 3
0, 390, 1, 0, 3
0, 390, 1, 0, 3
0, 390, 1, 0, 3
0, 390, 1, 0, 3
0, 390, 1, 0, 3
0, 390, 1, 0, 3
0, 390, 1, 0, 3
0, 390, 1, 0, 3
0, 390, 1, 0, 3
0, 390, 1, 0, 3
0, 390, 1, 0, 3
0, 390, 1, 0, 3
0, 390, 1, 0, 3
0, 390, 1, 0, 3
0, 390, 1, 0, 3
0, 390, 1, 0, 3
0, 390, 1, 0, 3
0, 390, 1, 0, 3
0, 390, 1, 0, 3
0, 390, 1, 0, 3
0, 390, 1, 0, 3
0, 390, 1, 0, 3
0, 390, 1, 0, 3
0, 390, 1, 0, 3
0, 390, 1, 0, 3
0, 390, 1, 0, 3
0, 390, 1, 0, 3
0, 390, 1, 0, 3
0, 390, 1, 0, 3
0, 390, 1, 0, 3
0, 390, 1, 0, 3
0, 390, 1, 0, 3
0, 390, 1, 0, 3
0, 390, 1, 0, 3
0, 390, 1, 0, 3
0, 390, 1, 0, 3
0, 390, 1, 0, 3
0, 390, 1, 0, 3
0, 390, 1, 0, 3
1, 1, 0, 1, 1
1, 1, 1, 0, 2
2, 1, 0, 1, 1
2, 1, 1, 0, 2
3, 1, 0, 1, 1
3, 1, 1, 0, 2
4, 1, 0, 1, 1
4, 1, 1, 0, 2
5, 1, 0, 1, 1
5, 1, 1, 0, 2
6, 1, 0, 1, 1
6, 1, 1, 0, 2
7, 1, 0, 1, 1
7, 1, 1, 0, 2
8, 1, 0, 1, 1
8, 1, 1, 0, 2
9, 1, 0, 1, 1
9, 1, 1, 0, 2
10, 1, 0, 1, 1
10, 1, 1, 0, 2
11, 1, 0, 1, 1
11, 1, 1, 0, 2
12, 1, 0, 1, 1
12, 1, 1, 0, 2
13, 1, 0, 1, 1
13, 1, 1, 0, 2
14, 1, 0, 1, 1
14, 1, 1, 0, 2
15, 1, 0, 1, 1
15, 1, 1, 0, 2
16, 1, 0, 1, 1
16, 1, 1, 0, 2
17, 1, 0, 1, 1
17, 1, 1, 0, 2
18, 1, 0, 1, 1
18, 1, 1, 0, 2
19, 1, 0, 1, 1
19, 1, 1, 0, 2
20, 1, 0, 1, 1
20, 1, 1, 0, 2
21, 1, 0, 1, 1
21, 1, 1, 0, 2
22, 1, 0, 1, 1
22, 1, 1, 0, 2
23, 1, 0, 1, 1
23, 1, 1, 0, 2
24, 1, 0, 1, 1
24, 1, 1, 0, 2
25, 1, 0, 1, 1
25, 1, 1, 0, 2
26, 1, 0, 1, 1
26, 1, 1, 0, 2
27, 4, 0, 1, 1
27, 4, 0, 1, 2
27, 4, 0, 1, 2
27, 4, 0, 1, 2
28, 1, 0, 1, 1
28, 2, 1, 0, 2
28, 2, 1, 0, 2
29, 1, 0, 1, 1
29, 2, 1, 0, 2
29, 2, 1, 0, 2
30, 1, 0, 1, 1
30, 2, 1, 0, 2
30, 2, 1, 0, 2
31, 1, 0, 1, 1
31, 2, 1, 0, 2
31, 2, 1, 0, 2
32, 2, 0, 1, 1
32, 2, 0, 1, 2
32, 1, 1, 0, 2
33, 2, 0, 1, 1
33, 2, 0, 1, 2
33, 1, 1, 0, 2
34, 2, 0, 1, 1
34, 2, 0, 1, 2
34, 1, 1, 0, 2
35, 2, 0, 1, 1
35, 2, 0, 1, 2
35, 1, 1, 0, 2
36, 2, 0, 1, 1
36, 2, 0, 1, 2
36, 1, 1, 0, 2
37, 2, 0, 1, 1
37, 2, 0, 1, 2
37, 1, 1, 0, 2
38, 2, 0, 1, 1
38, 2, 0, 1, 2
38, 1, 1, 0, 2
39, 2, 0, 1, 1
39, 2, 0, 1, 2
39, 1, 1, 0, 2
40, 2, 0, 1, 1
40, 2, 0, 1, 2
40, 1, 1, 0, 2
41, 2, 0, 1, 1
41, 2, 0, 1, 2
41, 1, 1, 0, 2
42, 2, 0, 1, 1
42, 2, 0, 1, 2
42, 1, 1, 0, 2
43, 2, 0, 1, 1
43, 2, 0, 1, 2
43, 1, 1, 0, 2
44, 2, 0, 1, 1
44, 2, 0, 1, 2
44, 1, 1, 0, 2
45, 2, 0, 1, 1
45, 2, 0, 1, 2
45, 1, 1, 0, 2
46, 2, 0, 1, 1
46, 2, 0, 1, 2
46, 2, 1, 0, 2
46, 2, 1, 0, 3
47, 3, 0, 1, 1
47, 3, 0, 1, 2
47, 3, 0, 1, 2
47, 1, 1, 0, 2
48, 1, 0, 1, 1
48, 2, 1, 0, 2
48, 2, 1, 0, 3
49, 1, 0, 1, 1
49, 2, 1, 0, 2
49, 2, 1, 0, 3
50, 3, 0, 1, 1
50, 3, 0, 1, 2
50, 3, 0, 1, 2
50, 1, 1, 0, 2
51, 3, 0, 1, 1
51, 3, 0, 1, 2
51, 3, 0, 1, 2
51, 1, 1, 0, 2
52, 3, 0, 1, 1
52, 3, 0, 1, 2
52, 3, 0, 1, 2
52, 1, 1, 0, 2
53, 3, 0, 1, 1
53, 3, 0, 1, 2
53, 3, 0, 1, 2
53, 1, 1, 0, 2
54, 3, 0, 1, 1
54, 3, 0, 1, 2
54, 3, 0, 1, 2
54, 1, 1, 0, 2
55, 1, 0, 1, 1
55, 3, 1, 0, 2
55, 3, 1, 0, 3
55, 3, 1, 0, 3
56, 3, 0, 1, 1
56, 3, 0, 1, 2
56, 3, 0, 1, 2
56, 1, 1, 0, 2
57, 3, 0, 1, 1
57, 3, 0, 1, 2
57, 3, 0, 1, 2
57, 1, 1, 0, 2
58, 1, 0, 1, 1
58, 2, 1, 0, 2
58, 2, 1, 0, 3
59, 2, 0, 1, 1
59, 2, 0, 1, 2
59, 1, 1, 0, 2
60, 2, 0, 1, 1
60, 2, 0, 1, 2
60, 2, 1, 0, 2
60, 2, 1, 0, 3
61, 2, 0, 1, 1
61, 2, 0, 1, 2
61, 2, 1, 0, 2
61, 2, 1, 0, 3
62, 3, 0, 1, 1
62, 3, 0, 1, 2
62, 3, 0, 1, 2
62, 1, 1, 0, 2
63, 3, 0, 1, 1
63, 3, 0, 1, 2
63, 3, 0, 1, 2
63, 1, 1, 0, 2
64, 3, 0, 1, 1
64, 3, 0, 1, 2
64, 3, 0, 1, 2
64, 1, 1, 0, 2
65, 3, 0, 1, 1
65, 3, 0, 1, 2
65, 3, 0, 1, 2
65, 1, 1, 0, 2
66, 3, 0, 1, 1
66, 3, 0, 1, 2
66, 3, 0, 1, 2
66, 1, 1, 0, 2
67, 3, 0, 1, 1
67, 3, 0, 1, 2
67, 3, 0, 1, 2
67, 1, 1, 0, 2
68, 3, 0, 1, 1
68, 3, 0, 1, 2
68, 3, 0, 1, 2
68, 1, 1, 0, 2
69, 3, 0, 1, 1
69, 3, 0, 1, 2
69, 3, 0, 1, 2
69, 1, 1, 0, 2
70, 1, 0, 1, 1
70, 2, 1, 0, 2
70, 2, 1, 0, 3
71, 4, 0, 1, 1
71, 4, 0, 1, 2
71, 4, 0, 1, 2
71, 4, 0, 1, 2
71, 1, 1, 0, 2
72, 4, 0, 1, 1
72, 4, 0, 1, 2
72, 4, 0, 1, 2
72, 4, 0, 1, 2
72, 1, 1, 0, 2
73, 4, 0, 1, 1
73, 4, 0, 1, 2
73, 4, 0, 1, 2
73, 4, 0, 1, 2
73, 1, 1, 0, 2
74, 4, 0, 1, 1
74, 4, 0, 1, 2
74, 4, 0, 1, 2
74, 4, 0, 1, 2
74, 1, 1, 0, 2
75, 4, 0, 1, 1
75, 4, 0, 1, 2
75, 4, 0, 1, 2
75, 4, 0, 1, 2
75, 1, 1, 0, 2
76, 1, 0, 1, 1
76, 4, 1, 0, 2
76, 4, 1, 0, 3
76, 4, 1, 0, 3
76, 4, 1, 0, 3
77, 4, 0, 1, 1
77, 4, 0, 1, 2
77, 4, 0, 1, 2
77, 4, 0, 1, 2
77, 1, 1, 0, 2
78, 4, 0, 1, 1
78, 4, 0, 1, 2
78, 4, 0, 1, 2
78, 4, 0, 1, 2
78, 1, 1, 0, 2
79, 1, 0, 1, 1
79, 4, 1, 0, 2
79, 4, 1, 0, 3
79, 4, 1, 0, 3
79, 4, 1, 0, 3
80, 4, 0, 1, 1
80, 4, 0, 1, 2
80, 4, 0, 1, 2
80, 4, 0, 1, 2
80, 1, 1, 0, 2
81, 4, 0, 1, 1
81, 4, 0, 1, 2
81, 4, 0, 1, 2
81, 4, 0, 1, 2
81, 1, 1, 0, 2
82, 4, 0, 1, 1
82, 4, 0, 1, 2
82, 4, 0, 1, 2
82, 4, 0, 1, 2
82, 1, 1, 0, 2
83, 1, 0, 1, 1
83, 4, 1, 0, 2
83, 4, 1, 0, 3
83, 4, 1, 0, 3
83, 4, 1, 0, 3
84, 4, 0, 1, 1
84, 4, 0, 1, 2
84, 4, 0, 1, 2
84, 4, 0, 1, 2
84, 1, 1, 0, 2
85, 4, 0, 1, 1
85, 4, 0, 1, 2
85, 4, 0, 1, 2
85, 4, 0, 1, 2
85, 1, 1, 0, 2
86, 4, 0, 1, 1
86, 4, 0, 1, 2
86, 4, 0, 1, 2
86, 4, 0, 1, 2
86, 1, 1, 0, 2
87, 4, 0, 1, 1
87, 4, 0, 1, 2
87, 4, 0, 1, 2
87, 4, 0, 1, 2
87, 1, 1, 0, 2
88, 4, 0, 1, 1
88, 4, 0, 1, 2
88, 4, 0, 1, 2
88, 4, 0, 1, 2
88, 1, 1, 0, 2
89, 4, 0, 1, 1
89, 4, 0, 1, 2
89, 4, 0, 1, 2
89, 4, 0, 1, 2
89, 1, 1, 0, 2
90, 4, 0, 1, 1
90, 4, 0, 1, 2
90, 4, 0, 1, 2
90, 4, 0, 1, 2
90, 1, 1, 0, 2
91, 4, 0, 1, 1
91, 4, 0, 1, 2
91, 4, 0, 1, 2
91, 4, 0, 1, 2
91, 1, 1, 0, 2
92, 4, 0, 1, 1
92, 4, 0, 1, 2
92, 4, 0, 1, 2
92, 4, 0, 1, 2
92, 1, 1, 0, 2
93, 1, 0, 1, 1
93, 4, 1, 0, 2
93, 4, 1, 0, 3
93, 4, 1, 0, 3
93, 4, 1, 0, 3
94, 2, 0, 1, 1
94, 2, 0, 1, 2
94, 2, 1, 0, 2
94, 2, 1, 0, 3
95, 2, 0, 1, 1
95, 2, 0, 1, 2
95, 2, 1, 0, 2
95, 2, 1, 0, 3
96, 4, 0, 1, 1
96, 4, 0, 1, 2
96, 4, 0, 1, 2
96, 4, 0, 1, 2
96, 2, 1, 0, 2
96, 2, 1, 0, 3
97, 4, 0, 1, 1
97, 4, 0, 1, 2
97, 4, 0, 1, 2
97, 4, 0, 1, 2
97, 2, 1, 0, 2
97, 2, 1, 0, 3
98, 4, 0, 1, 1
98, 4, 0, 1, 2
98, 4, 0, 1, 2
98, 4, 0, 1, 2
98, 2, 1, 0, 2
98, 2, 1, 0, 3
99, 3, 0, 1, 1
99, 3, 0, 1, 2
99, 3, 0, 1, 2
99, 3, 1, 0, 2
99, 3, 1, 0, 3
99, 3, 1, 0, 3
100, 3, 0, 1, 1
100, 3, 0, 1, 2
100, 3, 0, 1, 2
100, 3, 1, 0, 2
100, 3, 1, 0, 3
100, 3, 1, 0, 3
101, 1, 0, 1, 1
101, 3, 1, 0, 2
101, 3, 1, 0, 3
101, 3, 1, 0, 3
102, 2, 0, 1, 1
102, 2, 0, 1, 2
102, 4, 1, 0, 2
102, 4, 1, 0, 3
102, 4, 1, 0, 3
102, 4, 1, 0, 3
103, 4, 0, 1, 1
103, 4, 0, 1, 2
103, 4, 0, 1, 2
103, 4, 0, 1, 2
103, 2, 1, 0, 2
103, 2, 1, 0, 3
104, 1, 0, 1, 1
104, 3, 1, 0, 2
104, 3, 1, 0, 3
104, 3, 1, 0, 3
105, 1, 0, 1, 1
105, 3, 1, 0, 2
105, 3, 1, 0, 3
105, 3, 1, 0, 3
106, 5, 0, 1, 1
106, 5, 0, 1, 2
106, 5, 0, 1, 2
106, 5, 0, 1, 2
106, 5, 0, 1, 2
106, 1, 1, 0, 2
107, 1, 0, 1, 1
107, 3, 1, 0, 2
107, 3, 1, 0, 3
107, 3, 1, 0, 3
108, 5, 0, 1, 1
108, 5, 0, 1, 2
108, 5, 0, 1, 2
108, 5, 0, 1, 2
108, 5, 0, 1, 2
108, 1, 1, 0, 2
109, 5, 0, 1, 1
109, 5, 0, 1, 2
109, 5, 0, 1, 2
109, 5, 0, 1, 2
109, 5, 0, 1, 2
109, 1, 1, 0, 2
110, 5, 0, 1, 1
110, 5, 0, 1, 2
110, 5, 0, 1, 2
110, 5, 0, 1, 2
110, 5, 0, 1, 2
110, 1, 1, 0, 2
111, 5, 0, 1, 1
111, 5, 0, 1, 2
111, 5, 0, 1, 2
111, 5, 0, 1, 2
111, 5, 0, 1, 2
111, 1, 1, 0, 2
112, 3, 0, 1, 1
112, 3, 0, 1, 2
112, 3, 0, 1, 2
112, 2, 1, 0, 2
112, 2, 1, 0, 3
113, 4, 0, 1, 1
113, 4, 0, 1, 2
113, 4, 0, 1, 2
113, 4, 0, 1, 2
113, 3, 1, 0, 2
113, 3, 1, 0, 3
113, 3, 1, 0, 3
114, 4, 0, 1, 1
114, 4, 0, 1, 2
114, 4, 0, 1, 2
114, 4, 0, 1, 2
114, 3, 1, 0, 2
114, 3, 1, 0, 3
114, 3, 1, 0, 3
115, 3, 0, 1, 1
115, 3, 0, 1, 2
115, 3, 0, 1, 2
115, 4, 1, 0, 2
115, 4, 1, 0, 3
115, 4, 1, 0, 3
115, 4, 1, 0, 3
116, 3, 0, 1, 1
116, 3, 0, 1, 2
116, 3, 0, 1, 2
116, 4, 1, 0, 2
116, 4, 1, 0, 3
116, 4, 1, 0, 3
116, 4, 1, 0, 3
117, 3, 0, 1, 1
117, 3, 0, 1, 2
117, 3, 0, 1, 2
117, 4, 1, 0, 2
117, 4, 1, 0, 3
117, 4, 1, 0, 3
117, 4, 1, 0, 3
118, 4, 0, 1, 1
118, 4, 0, 1, 2
118, 4, 0, 1, 2
118, 4, 0, 1, 2
118, 3, 1, 0, 2
118, 3, 1, 0, 3
118, 3, 1, 0, 3
119, 2, 0, 1, 1
119, 2, 0, 1, 2
119, 3, 1, 0, 2
119, 3, 1, 0, 3
119, 3, 1, 0, 3
120, 1, 0, 1, 1
120, 3, 1, 0, 2
120, 3, 1, 0, 3
120, 3, 1, 0, 3
121, 6, 0, 1, 1
121, 6, 0, 1, 2
121, 6, 0, 1, 2
121, 6, 0, 1, 2
121, 6, 0, 1, 2
121, 6, 0, 1, 2
121, 1, 1, 0, 2
122, 2, 0, 1, 1
122, 2, 0, 1, 2
122, 3, 1, 0, 2
122, 3, 1, 0, 3
122, 3, 1, 0, 3
123, 4, 0, 1, 1
123, 4, 0, 1, 2
123, 4, 0, 1, 2
123, 4, 0, 1, 2
123, 2, 1, 0, 2
123, 2, 1, 0, 3
124, 4, 0, 1, 1
124, 4, 0, 1, 2
124, 4, 0, 1, 2
124, 4, 0, 1, 2
124, 2, 1, 0, 2
124, 2, 1, 0, 3
125, 3, 0, 1, 1
125, 3, 0, 1, 2
125, 3, 0, 1, 2
125, 4, 1, 0, 2
125, 4, 1, 0, 3
125, 4, 1, 0, 3
125, 4, 1, 0, 3
126, 2, 0, 1, 1
126, 2, 0, 1, 2
126, 3, 1, 0, 2
126, 3, 1, 0, 3
126, 3, 1, 0, 3
127, 3, 0, 1, 1
127, 3, 0, 1, 2
127, 3, 0, 1, 2
127, 2, 1, 0, 2
127, 2, 1, 0, 3
128, 2, 0, 1, 1
128, 2, 0, 1, 2
128, 3, 1, 0, 2
128, 3, 1, 0, 3
128, 3, 1, 0, 3
129, 4, 0, 1, 1
129, 4, 0, 1, 2
129, 4, 0, 1, 2
129, 4, 0, 1, 2
129, 4, 1, 0, 2
129, 4, 1, 0, 3
129, 4, 1, 0, 3
129, 4, 1, 0, 3
130, 4, 0, 1, 1
130, 4, 0, 1, 2
130, 4, 0, 1, 2
130, 4, 0, 1, 2
130, 4, 1, 0, 2
130, 4, 1, 0, 3
130, 4, 1, 0, 3
130, 4, 1, 0, 3
131, 4, 0, 1, 1
131, 4, 0, 1, 2
131, 4, 0, 1, 2
131, 4, 0, 1, 2
131, 4, 1, 0, 2
131, 4, 1, 0, 3
131, 4, 1, 0, 3
131, 4, 1, 0, 3
132, 4, 0, 1, 1
132, 4, 0, 1, 2
132, 4, 0, 1, 2
132, 4, 0, 1, 2
132, 4, 1, 0, 2
132, 4, 1, 0, 3
132, 4, 1, 0, 3
132, 4, 1, 0, 3
133, 4, 0, 1, 1
133, 4, 0, 1, 2
133, 4, 0, 1, 2
133, 4, 0, 1, 2
133, 4, 1, 0, 2
133, 4, 1, 0, 3
133, 4, 1, 0, 3
133, 4, 1, 0, 3
134, 3, 0, 1, 1
134, 3, 0, 1, 2
134, 3, 0, 1, 2
134, 3, 1, 0, 2
134, 3, 1, 0, 3
134, 3, 1, 0, 3
135, 1, 0, 1, 1
135, 4, 1, 0, 2
135, 4, 1, 0, 3
135, 4, 1, 0, 3
135, 4, 1, 0, 3
136, 3, 0, 1, 1
136, 3, 0, 1, 2
136, 3, 0, 1, 2
136, 3, 1, 0, 2
136, 3, 1, 0, 3
136, 3, 1, 0, 3
137, 3, 0, 1, 1
137, 3, 0, 1, 2
137, 3, 0, 1, 2
137, 3, 1, 0, 2
137, 3, 1, 0, 3
137, 3, 1, 0, 3
138, 1, 0, 1, 1
138, 4, 1, 0, 2
138, 4, 1, 0, 3
138, 4, 1, 0, 3
138, 4, 1, 0, 3
139, 1, 0, 1, 1
139, 4, 1, 0, 2
139, 4, 1, 0, 3
139, 4, 1, 0, 3
139, 4, 1, 0, 3
140, 1, 0, 1, 1
140, 4, 1, 0, 2
140, 4, 1, 0, 3
140, 4, 1, 0, 3
140, 4, 1, 0, 3
141, 4, 0, 1, 1
141, 4, 0, 1, 2
141, 4, 0, 1, 2
141, 4, 0, 1, 2
141, 3, 1, 0, 2
141, 3, 1, 0, 3
141, 3, 1, 0, 3
142, 4, 0, 1, 1
142, 4, 0, 1, 2
142, 4, 0, 1, 2
142, 4, 0, 1, 2
142, 3, 1, 0, 2
142, 3, 1, 0, 3
142, 3, 1, 0, 3
143, 3, 0, 1, 1
143, 3, 0, 1, 2
143, 3, 0, 1, 2
143, 4, 1, 0, 2
143, 4, 1, 0, 3
143, 4, 1, 0, 3
143, 4, 1, 0, 3
144, 4, 0, 1, 1
144, 4, 0, 1, 2
144, 4, 0, 1, 2
144, 4, 0, 1, 2
144, 3, 1, 0, 2
144, 3, 1, 0, 3
144, 3, 1, 0, 3
145, 3, 0, 1, 1
145, 3, 0, 1, 2
145, 3, 0, 1, 2
145, 4, 1, 0, 2
145, 4, 1, 0, 3
145, 4, 1, 0, 3
145, 4, 1, 0, 3
146, 4, 0, 1, 1
146, 4, 0, 1, 2
146, 4, 0, 1, 2
146, 4, 0, 1, 2
146, 3, 1, 0, 2
146, 3, 1, 0, 3
146, 3, 1, 0, 3
147, 4, 0, 1, 1
147, 4, 0, 1, 2
147, 4, 0, 1, 2
147, 4, 0, 1, 2
147, 4, 1, 0, 2
147, 4, 1, 0, 3
147, 4, 1, 0, 3
147, 4, 1, 0, 3
148, 4, 0, 1, 1
148, 4, 0, 1, 2
148, 4, 0, 1, 2
148, 4, 0, 1, 2
148, 3, 1, 0, 2
148, 3, 1, 0, 3
148, 3, 1, 0, 3
149, 5, 0, 1, 1
149, 5, 0, 1, 2
149, 5, 0, 1, 2
149, 5, 0, 1, 2
149, 5, 0, 1, 2
149, 4, 1, 0, 2
149, 4, 1, 0, 3
149, 4, 1, 0, 3
149, 4, 1, 0, 3
150, 3, 0, 1, 1
150, 3, 0, 1, 2
150, 3, 0, 1, 2
150, 4, 1, 0, 2
150, 4, 1, 0, 3
150, 4, 1, 0, 3
150, 4, 1, 0, 3
151, 3, 0, 1, 1
151, 3, 0, 1, 2
151, 3, 0, 1, 2
151, 4, 1, 0, 2
151, 4, 1, 0, 3
151, 4, 1, 0, 3
151, 4, 1, 0, 3
152, 1, 0, 1, 1
152, 5, 1, 0, 2
152, 5, 1, 0, 3
152, 5, 1, 0, 3
152, 5, 1, 0, 3
152, 5, 1, 0, 3
153, 1, 0, 1, 1
153, 6, 1, 0, 2
153, 6, 1, 0, 3
153, 6, 1, 0, 3
153, 6, 1, 0, 3
153, 6, 1, 0, 3
153, 6, 1, 0, 3
154, 5, 0, 1, 1
154, 5, 0, 1, 2
154, 5, 0, 1, 2
154, 5, 0, 1, 2
154, 5, 0, 1, 2
154, 4, 1, 0, 2
154, 4, 1, 0, 3
154, 4, 1, 0, 3
154, 4, 1, 0, 3
155, 3, 0, 1, 1
155, 3, 0, 1, 2
155, 3, 0, 1, 2
155, 5, 1, 0, 2
155, 5, 1, 0, 3
155, 5, 1, 0, 3
155, 5, 1, 0, 3
155, 5, 1, 0, 3
156, 1, 0, 1, 1
156, 6, 1, 0, 2
156, 6, 1, 0, 3
156, 6, 1, 0, 3
156, 6, 1, 0, 3
156, 6, 1, 0, 3
156, 6, 1, 0, 3
157, 5, 0, 1, 1
157, 5, 0, 1, 2
157, 5, 0, 1, 2
157, 5, 0, 1, 2
157, 5, 0, 1, 2
157, 5, 1, 0, 2
157, 5, 1, 0, 3
157, 5, 1, 0, 3
157, 5, 1, 0, 3
157, 5, 1, 0, 3
158, 5, 0, 1, 1
158, 5, 0, 1, 2
158, 5, 0, 1, 2
158, 5, 0, 1, 2
158, 5, 0, 1, 2
158, 5, 1, 0, 2
158, 5, 1, 0, 3
158, 5, 1, 0, 3
158, 5, 1, 0, 3
158, 5, 1, 0, 3
159, 7, 0, 1, 1
159, 7, 0, 1, 2
159, 7, 0, 1, 2
159, 7, 0, 1, 2
159, 7, 0, 1, 2
159, 7, 0, 1, 2
159, 7, 0, 1, 2
159, 5, 1, 0, 2
159, 5, 1, 0, 3
159, 5, 1, 0, 3
159, 5, 1, 0, 3
159, 5, 1, 0, 3
160, 5, 0, 1, 1
160, 5, 0, 1, 2
160, 5, 0, 1, 2
160, 5, 0, 1, 2
160, 5, 0, 1, 2
160, 6, 1, 0, 2
160, 6, 1, 0, 3
160, 6, 1, 0, 3
160, 6, 1, 0, 3
160, 6, 1, 0, 3
160, 6, 1, 0, 3
161, 7, 0, 1, 1
161, 7, 0, 1, 2
161, 7, 0, 1, 2
161, 7, 0, 1, 2
161, 7, 0, 1, 2
161, 7, 0, 1, 2
161, 7, 0, 1, 2
161, 5, 1, 0, 2
161, 5, 1, 0, 3
161, 5, 1, 0, 3
161, 5, 1, 0, 3
161, 5, 1, 0, 3
162, 6, 0, 1, 1
162, 6, 0, 1, 2
162, 6, 0, 1, 2
162, 6, 0, 1, 2
162, 6, 0, 1, 2
162, 6, 0, 1, 2
162, 6, 1, 0, 2
162, 6, 1, 0, 3
162, 6, 1, 0, 3
162, 6, 1, 0, 3
162, 6, 1, 0, 3
162, 6, 1, 0, 3
163, 7, 0, 1, 1
163, 7, 0, 1, 2
163, 7, 0, 1, 2
163, 7, 0, 1, 2
163, 7, 0, 1, 2
163, 7, 0, 1, 2
163, 7, 0, 1, 2
163, 6, 1, 0, 2
163, 6, 1, 0, 3
163, 6, 1, 0, 3
163, 6, 1, 0, 3
163, 6, 1, 0, 3
163, 6, 1, 0, 3
164, 9, 0, 1, 1
164, 9, 0, 1, 2
164, 9, 0, 1, 2
164, 9, 0, 1, 2
164, 9, 0, 1, 2
164, 9, 0, 1, 2
164, 9, 0, 1, 2
164, 9, 0, 1, 2
164, 9, 0, 1, 2
164, 10, 1, 0, 2
164, 10, 1, 0, 3
164, 10, 1, 0, 3
164, 10, 1, 0, 3
164, 10, 1, 0, 3
164, 10, 1, 0, 3
164, 10, 1, 0, 3
164, 10, 1, 0, 3
164, 10, 1, 0, 3
164, 10, 1, 0, 3
165, 1, 0, 1, 3
165, 1, 1, 0, 2
166, 1, 0, 1, 3
166, 1, 1, 0, 2
167, 1, 0, 1, 3
167, 1, 1, 0, 2
168, 1, 0, 1, 1
168, 1, 1, 0, 4
169, 1, 0, 1, 3
169, 1, 1, 0, 2
170, 1, 0, 1, 3
170, 1, 1, 0, 2
171, 1, 0, 1, 3
171, 1, 1, 0, 2
172, 1, 0, 1, 1
172, 1, 1, 0, 4
173, 1, 0, 1, 2
173, 3, 1, 0, 2
173, 3, 1, 0, 3
173, 3, 1, 0, 3
174, 3, 0, 1, 1
174, 3, 0, 1, 2
174, 3, 0, 1, 2
174, 3, 1, 0, 2
174, 3, 1, 0, 2
174, 3, 1, 0, 3
175, 1, 0, 1, 2
175, 3, 1, 0, 2
175, 3, 1, 0, 3
175, 3, 1, 0, 3
176, 1, 0, 1, 2
176, 4, 1, 0, 2
176, 4, 1, 0, 3
176, 4, 1, 0, 3
176, 4, 1, 0, 3
177, 3, 0, 1, 1
177, 3, 0, 1, 2
177, 3, 0, 1, 2
177, 1, 1, 0, 3
178, 3, 0, 1, 1
178, 3, 0, 1, 2
178, 3, 0, 1, 2
178, 1, 1, 0, 3
179, 1, 0, 1, 2
179, 4, 1, 0, 2
179, 4, 1, 0, 3
179, 4, 1, 0, 3
179, 4, 1, 0, 3
180, 1, 0, 1, 2
180, 4, 1, 0, 2
180, 4, 1, 0, 3
180, 4, 1, 0, 3
180, 4, 1, 0, 3
181, 4, 0, 1, 1
181, 4, 0, 1, 2
181, 4, 0, 1, 2
181, 4, 0, 1, 2
181, 1, 1, 0, 3
182, 1, 0, 1, 2
182, 4, 1, 0, 2
182, 4, 1, 0, 3
182, 4, 1, 0, 3
182, 4, 1, 0, 3
183, 1, 0, 1, 2
183, 4, 1, 0, 2
183, 4, 1, 0, 3
183, 4, 1, 0, 3
183, 4, 1, 0, 3
184, 2, 0, 1, 1
184, 2, 0, 1, 2
184, 5, 1, 0, 2
184, 5, 1, 0, 2
184, 5, 1, 0, 3
184, 5, 1, 0, 3
184, 5, 1, 0, 3
185, 3, 0, 1, 1
185, 3, 0, 1, 2
185, 3, 0, 1, 2
185, 4, 1, 0, 2
185, 4, 1, 0, 2
185, 4, 1, 0, 3
185, 4, 1, 0, 3
186, 4, 0, 1, 1
186, 4, 0, 1, 2
186, 4, 0, 1, 2
186, 4, 0, 1, 2
186, 1, 1, 0, 3
187, 1, 0, 1, 2
187, 5, 1, 0, 2
187, 5, 1, 0, 3
187, 5, 1, 0, 3
187, 5, 1, 0, 3
187, 5, 1, 0, 3
188, 3, 0, 1, 1
188, 3, 0, 1, 2
188, 3, 0, 1, 2
188, 5, 1, 0, 2
188, 5, 1, 0, 2
188, 5, 1, 0, 3
188, 5, 1, 0, 3
188, 5, 1, 0, 3
189, 1, 0, 1, 2
189, 6, 1, 0, 2
189, 6, 1, 0, 3
189, 6, 1, 0, 3
189, 6, 1, 0, 3
189, 6, 1, 0, 3
189, 6, 1, 0, 3
190, 6, 0, 1, 1
190, 6, 0, 1, 2
190, 6, 0, 1, 2
190, 6, 0, 1, 2
190, 6, 0, 1, 2
190, 6, 0, 1, 2
190, 1, 1, 0, 3
191, 4, 0, 1, 1
191, 4, 0, 1, 2
191, 4, 0, 1, 2
191, 4, 0, 1, 2
191, 5, 1, 0, 2
191, 5, 1, 0, 2
191, 5, 1, 0, 3
191, 5, 1, 0, 3
191, 5, 1, 0, 3
192, 6, 0, 1, 1
192, 6, 0, 1, 2
192, 6, 0, 1, 2
192, 6, 0, 1, 2
192, 6, 0, 1, 2
192, 6, 0, 1, 2
192, 4, 1, 0, 2
192, 4, 1, 0, 2
192, 4, 1, 0, 3
192, 4, 1, 0, 3
193, 1, 0, 1, 2
193, 4, 1, 0, 2
193, 4, 1, 0, 3
193, 4, 1, 0, 3
193, 4, 1, 0, 3
194, 5, 0, 1, 1
194, 5, 0, 1, 2
194, 5, 0, 1, 2
194, 5, 0, 1, 2
194, 5, 0, 1, 2
194, 6, 1, 0, 2
194, 6, 1, 0, 2
194, 6, 1, 0, 3
194, 6, 1, 0, 3
194, 6, 1, 0, 3
194, 6, 1, 0, 3
195, 6, 0, 1, 1
195, 6, 0, 1, 2
195, 6, 0, 1, 2
195, 6, 0, 1, 2
195, 6, 0, 1, 2
195, 6, 0, 1, 2
195, 5, 1, 0, 2
195, 5, 1, 0, 2
195, 5, 1, 0, 3
195, 5, 1, 0, 3
195, 5, 1, 0, 3
196, 5, 0, 1, 1
196, 5, 0, 1, 2
196, 5, 0, 1, 2
196, 5, 0, 1, 2
196, 5, 0, 1, 2
196, 8, 1, 0, 2
196, 8, 1, 0, 2
196, 8, 1, 0, 3
196, 8, 1, 0, 3
196, 8, 1, 0, 3
196, 8, 1, 0, 3
196, 8, 1, 0, 3
196, 8, 1, 0, 3
197, 6, 0, 1, 1
197, 6, 0, 1, 2
197, 6, 0, 1, 2
197, 6, 0, 1, 2
197, 6, 0, 1, 2
197, 6, 0, 1, 2
197, 7, 1, 0, 2
197, 7, 1, 0, 2
197, 7, 1, 0, 3
197, 7, 1, 0, 3
197, 7, 1, 0, 3
197, 7, 1, 0, 3
197, 7, 1, 0, 3
198, 5, 0, 1, 1
198, 5, 0, 1, 2
198, 5, 0, 1, 2
198, 5, 0, 1, 2
198, 5, 0, 1, 2
198, 9, 1, 0, 2
198, 9, 1, 0, 2
198, 9, 1, 0, 3
198, 9, 1, 0, 3
198, 9, 1, 0, 3
198, 9, 1, 0, 3
198, 9, 1, 0, 3
198, 9, 1, 0, 3
198, 9, 1, 0, 3
199, 10, 0, 1, 1
199, 10, 0, 1, 2
199, 10, 0, 1, 2
199, 10, 0, 1, 2
199, 10, 0, 1, 2
199, 10, 0, 1, 2
199, 10, 0, 1, 2
199, 10, 0, 1, 2
199, 10, 0, 1, 2
199, 10, 0, 1, 2
199, 10, 1, 0, 2
199, 10, 1, 0, 2
199, 10, 1, 0, 3
199, 10, 1, 0, 3
199, 10, 1, 0, 3
199, 10, 1, 0, 3
199, 10, 1, 0, 3
199, 10, 1, 0, 3
199, 10, 1, 0, 3
199, 10, 1, 0, 3
200, 1, 0, 1, 4
200, 1, 1, 0, 2
201, 1, 0, 1, 4
201, 1, 1, 0, 2
202, 1, 0, 1, 4
202, 1, 1, 0, 2
203, 1, 0, 1, 4
203, 1, 1, 0, 2
204, 1, 0, 1, 4
204, 1, 1, 0, 2
205, 1, 0, 1, 1
205, 1, 1, 0, 5
206, 1, 0, 1, 3
206, 2, 1, 0, 2
206, 2, 1, 0, 3
207, 1, 0, 1, 3
207, 2, 1, 0, 2
207, 2, 1, 0, 3
208, 1, 0, 1, 3
208, 2, 1, 0, 2
208, 2, 1, 0, 3
209, 1, 0, 1, 3
209, 2, 1, 0, 2
209, 2, 1, 0, 3
210, 2, 0, 1, 1
210, 2, 0, 1, 2
210, 1, 1, 0, 4
211, 1, 0, 1, 1
211, 1, 1, 0, 5
212, 1, 0, 1, 3
212, 3, 1, 0, 2
212, 3, 1, 0, 3
212, 3, 1, 0, 3
213, 1, 0, 1, 3
213, 4, 1, 0, 2
213, 4, 1, 0, 3
213, 4, 1, 0, 3
213, 4, 1, 0, 3
214, 4, 0, 1, 1
214, 4, 0, 1, 2
214, 4, 0, 1, 2
214, 4, 0, 1, 2
214, 1, 1, 0, 4
215, 2, 0, 1, 1
215, 2, 0, 1, 2
215, 1, 1, 0, 4
216, 1, 0, 1, 3
216, 3, 1, 0, 2
216, 3, 1, 0, 3
216, 3, 1, 0, 3
217, 1, 0, 1, 3
217, 3, 1, 0, 2
217, 3, 1, 0, 3
217, 3, 1, 0, 3
218, 1, 0, 1, 3
218, 3, 1, 0, 2
218, 3, 1, 0, 3
218, 3, 1, 0, 3
219, 3, 0, 1, 1
219, 3, 0, 1, 2
219, 3, 0, 1, 2
219, 5, 1, 0, 2
219, 5, 1, 0, 2
219, 5, 1, 0, 2
219, 5, 1, 0, 3
219, 5, 1, 0, 3
220, 1, 0, 1, 3
220, 3, 1, 0, 2
220, 3, 1, 0, 3
220, 3, 1, 0, 3
221, 1, 0, 1, 3
221, 3, 1, 0, 2
221, 3, 1, 0, 3
221, 3, 1, 0, 3
222, 4, 0, 1, 1
222, 4, 0, 1, 2
222, 4, 0, 1, 2
222, 4, 0, 1, 2
222, 4, 1, 0, 2
222, 4, 1, 0, 2
222, 4, 1, 0, 2
222, 4, 1, 0, 3
223, 1, 0, 1, 3
223, 3, 1, 0, 2
223, 3, 1, 0, 3
223, 3, 1, 0, 3
224, 1, 0, 1, 3
224, 4, 1, 0, 2
224, 4, 1, 0, 3
224, 4, 1, 0, 3
224, 4, 1, 0, 3
225, 1, 0, 1, 3
225, 4, 1, 0, 2
225, 4, 1, 0, 3
225, 4, 1, 0, 3
225, 4, 1, 0, 3
226, 4, 0, 1, 1
226, 4, 0, 1, 2
226, 4, 0, 1, 2
226, 4, 0, 1, 2
226, 1, 1, 0, 4
227, 1, 0, 1, 3
227, 4, 1, 0, 2
227, 4, 1, 0, 3
227, 4, 1, 0, 3
227, 4, 1, 0, 3
228, 3, 0, 1, 1
228, 3, 0, 1, 2
228, 3, 0, 1, 2
228, 1, 1, 0, 4
229, 1, 0, 1, 3
229, 4, 1, 0, 2
229, 4, 1, 0, 3
229, 4, 1, 0, 3
229, 4, 1, 0, 3
230, 1, 0, 1, 3
230, 4, 1, 0, 2
230, 4, 1, 0, 3
230, 4, 1, 0, 3
230, 4, 1, 0, 3
231, 4, 0, 1, 1
231, 4, 0, 1, 2
231, 4, 0, 1, 2
231, 4, 0, 1, 2
231, 1, 1, 0, 4
232, 3, 0, 1, 1
232, 3, 0, 1, 2
232, 3, 0, 1, 2
232, 1, 1, 0, 4
233, 1, 0, 1, 3
233, 4, 1, 0, 2
233, 4, 1, 0, 3
233, 4, 1, 0, 3
233, 4, 1, 0, 3
234, 1, 0, 1, 3
234, 4, 1, 0, 2
234, 4, 1, 0, 3
234, 4, 1, 0, 3
234, 4, 1, 0, 3
235, 4, 0, 1, 1
235, 4, 0, 1, 2
235, 4, 0, 1, 2
235, 4, 0, 1, 2
235, 5, 1, 0, 2
235, 5, 1, 0, 2
235, 5, 1, 0, 2
235, 5, 1, 0, 3
235, 5, 1, 0, 3
236, 1, 0, 1, 3
236, 4, 1, 0, 2
236, 4, 1, 0, 3
236, 4, 1, 0, 3
236, 4, 1, 0, 3
237, 1, 0, 1, 3
237, 3, 1, 0, 2
237, 3, 1, 0, 3
237, 3, 1, 0, 3
238, 1, 0, 1, 4
238, 2, 1, 0, 2
238, 2, 1, 0, 3
239, 1, 0, 1, 4
239, 2, 1, 0, 2
239, 2, 1, 0, 3
240, 1, 0, 1, 4
240, 2, 1, 0, 2
240, 2, 1, 0, 3
241, 1, 0, 1, 4
241, 2, 1, 0, 2
241, 2, 1, 0, 3
242, 1, 0, 1, 4
242, 2, 1, 0, 2
242, 2, 1, 0, 3
243, 1, 0, 1, 4
243, 2, 1, 0, 2
243, 2, 1, 0, 3
244, 1, 0, 1, 4
244, 3, 1, 0, 2
244, 3, 1, 0, 3
244, 3, 1, 0, 3
245, 3, 0, 1, 1
245, 3, 0, 1, 2
245, 3, 0, 1, 2
245, 1, 1, 0, 5
246, 1, 0, 1, 4
246, 3, 1, 0, 2
246, 3, 1, 0, 3
246, 3, 1, 0, 3
247, 1, 0, 1, 4
247, 3, 1, 0, 2
247, 3, 1, 0, 3
247, 3, 1, 0, 3
248, 1, 0, 1, 4
248, 3, 1, 0, 2
248, 3, 1, 0, 3
248, 3, 1, 0, 3
249, 1, 0, 1, 4
249, 3, 1, 0, 2
249, 3, 1, 0, 3
249, 3, 1, 0, 3
250, 1, 0, 1, 4
250, 4, 1, 0, 2
250, 4, 1, 0, 3
250, 4, 1, 0, 3
250, 4, 1, 0, 3
251, 3, 0, 1, 1
251, 3, 0, 1, 2
251, 3, 0, 1, 2
251, 1, 1, 0, 5
252, 1, 0, 1, 4
252, 5, 1, 0, 2
252, 5, 1, 0, 3
252, 5, 1, 0, 3
252, 5, 1, 0, 3
252, 5, 1, 0, 3
253, 1, 0, 1, 4
253, 3, 1, 0, 2
253, 3, 1, 0, 3
253, 3, 1, 0, 3
254, 1, 0, 1, 4
254, 4, 1, 0, 2
254, 4, 1, 0, 3
254, 4, 1, 0, 3
254, 4, 1, 0, 3
255, 1, 0, 1, 4
255, 4, 1, 0, 2
255, 4, 1, 0, 3
255, 4, 1, 0, 3
255, 4, 1, 0, 3
256, 1, 0, 1, 4
256, 4, 1, 0, 2
256, 4, 1, 0, 3
256, 4, 1, 0, 3
256, 4, 1, 0, 3
257, 3, 0, 1, 1
257, 3, 0, 1, 2
257, 3, 0, 1, 2
257, 1, 1, 0, 5
258, 1, 0, 1, 4
258, 4, 1, 0, 2
258, 4, 1, 0, 3
258, 4, 1, 0, 3
258, 4, 1, 0, 3
259, 1, 0, 1, 4
259, 4, 1, 0, 2
259, 4, 1, 0, 3
259, 4, 1, 0, 3
259, 4, 1, 0, 3
260, 1, 0, 1, 4
260, 4, 1, 0, 2
260, 4, 1, 0, 3
260, 4, 1, 0, 3
260, 4, 1, 0, 3
261, 4, 0, 1, 1
261, 4, 0, 1, 2
261, 4, 0, 1, 2
261, 4, 0, 1, 2
261, 1, 1, 0, 5
262, 1, 0, 1, 4
262, 5, 1, 0, 2
262, 5, 1, 0, 3
262, 5, 1, 0, 3
262, 5, 1, 0, 3
262, 5, 1, 0, 3
263, 1, 0, 1, 4
263, 5, 1, 0, 2
263, 5, 1, 0, 3
263, 5, 1, 0, 3
263, 5, 1, 0, 3
263, 5, 1, 0, 3
264, 1, 0, 1, 4
264, 5, 1, 0, 2
264, 5, 1, 0, 3
264, 5, 1, 0, 3
264, 5, 1, 0, 3
264, 5, 1, 0, 3
265, 5, 0, 1, 1
265, 5, 0, 1, 2
265, 5, 0, 1, 2
265, 5, 0, 1, 2
265, 5, 0, 1, 2
265, 1, 1, 0, 5
266, 6, 0, 1, 1
266, 6, 0, 1, 2
266, 6, 0, 1, 2
266, 6, 0, 1, 2
266, 6, 0, 1, 2
266, 6, 0, 1, 2
266, 10, 1, 0, 2
266, 10, 1, 0, 2
266, 10, 1, 0, 2
266, 10, 1, 0, 2
266, 10, 1, 0, 3
266, 10, 1, 0, 3
266, 10, 1, 0, 3
266, 10, 1, 0, 3
266, 10, 1, 0, 3
266, 10, 1, 0, 3
267, 2, 0, 111, 2
267, 2, 0, 111, 2
267, 2, 1, 12, 2
267, 2, 1, 12, 2
267, 2, 2, 3, 2
267, 2, 2, 3, 2
267, 2, 3, 4, 2
267, 2, 3, 4, 2
267, 2, 4, 5, 2
267, 2, 4, 5, 2
267, 2, 5, 6, 2
267, 2, 5, 6, 2
267, 2, 6, 7, 2
267, 2, 6, 7, 2
267, 2, 7, 8, 2
267, 2, 7, 8, 2
267, 2, 8, 9, 2
267, 2, 8, 9, 2
267, 2, 9, 10, 2
267, 2, 9, 10, 2
267, 2, 10, 11, 2
267, 2, 10, 11, 2
267, 2, 11, 13, 2
267, 2, 11, 13, 2
267, 2, 12, 23, 2
267, 2, 12, 23, 2
267, 2, 13, 14, 2
267, 2, 13, 14, 2
267, 2, 14, 15, 2
267, 2, 14, 15, 2
267, 2, 15, 16, 2
267, 2, 15, 16, 2
267, 2, 16, 17, 2
267, 2, 16, 17, 2
267, 2, 17, 18, 2
267, 2, 17, 18, 2
267, 2, 18, 19, 2
267, 2, 18, 19, 2
267, 2, 19, 20, 2
267, 2, 19, 20, 2
267, 2, 20, 21, 2
267, 2, 20, 21, 2
267, 2, 21, 22, 2
267, 2, 21, 22, 2
267, 2, 22, 24, 2
267, 2, 22, 24, 2
267, 2, 23, 34, 2
267, 2, 23, 34, 2
267, 2, 24, 25, 2
267, 2, 24, 25, 2
267, 2, 25, 26, 2
267, 2, 25, 26, 2
267, 2, 26, 27, 2
267, 2, 26, 27, 2
267, 2, 27, 28, 2
267, 2, 27, 28, 2
267, 2, 28, 29, 2
267, 2, 28, 29, 2
267, 2, 29, 30, 2
267, 2, 29, 30, 2
267, 2, 30, 31, 2
267, 2, 30, 31, 2
267, 2, 31, 32, 2
267, 2, 31, 32, 2
267, 2, 32, 33, 2
267, 2, 32, 33, 2
267, 2, 33, 35, 2
267, 2, 33, 35, 2
267, 2, 34, 45, 2
267, 2, 34, 45, 2
267, 2, 35, 36, 2
267, 2, 35, 36, 2
267, 2, 36, 37, 2
267, 2, 36, 37, 2
267, 2, 37, 38, 2
267, 2, 37, 38, 2
267, 2, 38, 39, 2
267, 2, 38, 39, 2
267, 2, 39, 40, 2
267, 2, 39, 40, 2
267, 2, 40, 41, 2
267, 2, 40, 41, 2
267, 2, 41, 42, 2
267, 2, 41, 42, 2
267, 2, 42, 43, 2
267, 2, 42, 43, 2
267, 2, 43, 44, 2
267, 2, 43, 44, 2
267, 2, 44, 46, 2
267, 2, 44, 46, 2
267, 2, 45, 56, 2
267, 2, 45, 56, 2
267, 2, 46, 47, 2
267, 2, 46, 47, 2
267, 2, 47, 48, 2
267, 2, 47, 48, 2
267, 2, 48, 49, 2
267, 2, 48, 49, 2
267, 2, 49, 50, 2
267, 2, 49, 50, 2
267, 2, 50, 51, 2
267, 2, 50, 51, 2
267, 2, 51, 52, 2
267, 2, 51, 52, 2
267, 2, 52, 53, 2
267, 2, 52, 53, 2
267, 2, 53, 54, 2
267, 2, 53, 54, 2
267, 2, 54, 55, 2
267, 2, 54, 55, 2
267, 2, 55, 57, 2
267, 2, 55, 57, 2
267, 2, 56, 67, 2
267, 2, 56, 67, 2
267, 2, 57, 58, 2
267, 2, 57, 58, 2
267, 2, 58, 59, 2
267, 2, 58, 59, 2
267, 2, 59, 60, 2
267, 2, 59, 60, 2
267, 2, 60, 61, 2
267, 2, 60, 61, 2
267, 2, 61, 62, 2
267, 2, 61, 62, 2
267, 2, 62, 63, 2
267, 2, 62, 63, 2
267, 2, 63, 64, 2
267, 2, 63, 64, 2
267, 2, 64, 65, 2
267, 2, 64, 65, 2
267, 2, 65, 66, 2
267, 2, 65, 66, 2
267, 2, 66, 68, 2
267, 2, 66, 68, 2
267, 2, 67, 78, 2
267, 2, 67, 78, 2
267, 2, 68, 69, 2
267, 2, 68, 69, 2
267, 2, 69, 70, 2
267, 2, 69, 70, 2
267, 2, 70, 71, 2
267, 2, 70, 71, 2
267, 2, 71, 72, 2
267, 2, 71, 72, 2
267, 2, 72, 73, 2
267, 2, 72, 73, 2
267, 2, 73, 74, 2
267, 2, 73, 74, 2
267, 2, 74, 75, 2
267, 2, 74, 75, 2
267, 2, 75, 76, 2
267, 2, 75, 76, 2
267, 2, 76, 77, 2
267, 2, 76, 77, 2
267, 2, 77, 79, 2
267, 2, 77, 79, 2
267, 2, 78, 89, 2
267, 2, 78, 89, 2
267, 2, 79, 80, 2
267, 2, 79, 80, 2
267, 2, 80, 81, 2
267, 2, 80, 81, 2
267, 2, 81, 82, 2
267, 2, 81, 82, 2
267, 2, 82, 83, 2
267, 2, 82, 83, 2
267, 2, 83, 84, 2
267, 2, 83, 84, 2
267, 2, 84, 85, 2
267, 2, 84, 85, 2
267, 2, 85, 86, 2
267, 2, 85, 86, 2
267, 2, 86, 87, 2
267, 2, 86, 87, 2
267, 2, 87, 88, 2
267, 2, 87, 88, 2
267, 2, 88, 90, 2
267, 2, 88, 90, 2
267, 2, 89, 100, 2
267, 2, 89, 100, 2
267, 2, 90, 91, 2
267, 2, 90, 91, 2
267, 2, 91, 92, 2
267, 2, 91, 92, 2
267, 2, 92, 93, 2
267, 2, 92, 93, 2
267, 2, 93, 94, 2
267, 2, 93, 94, 2
267, 2, 94, 95, 2
267, 2, 94, 95, 2
267, 2, 95, 96, 2
267, 2, 95, 96, 2
267, 2, 96, 97, 2
267, 2, 96, 97, 2
267, 2, 97, 98, 2
267, 2, 97, 98, 2
267, 2, 98, 99, 2
267, 2, 98, 99, 2
267, 2, 99, 101, 2
267, 2, 99, 101, 2
267, 2, 100, 112, 2
267, 2, 100, 112, 2
267, 2, 101, 102, 2
267, 2, 101, 102, 2
267, 2, 102, 103, 2
267, 2, 102, 103, 2
267, 2, 103, 104, 2
267, 2, 103, 104, 2
267, 2, 104, 105, 2
267, 2, 104, 105, 2
267, 2, 105, 106, 2
267, 2, 105, 106, 2
267, 2, 106, 107, 2
267, 2, 106, 107, 2
267, 2, 107, 108, 2
267, 2, 107, 108, 2
267, 2, 108, 109, 2
267, 2, 108, 109, 2
267, 2, 109, 110, 2
267, 2, 109, 110, 2
267, 2, 110, 113, 2
267, 2, 110, 113, 2
267, 2, 111, 222, 2
267, 2, 111, 222, 2
267, 2, 112, 123, 2
267, 2, 112, 123, 2
267, 2, 113, 114, 2
267, 2, 113, 114, 2
267, 2, 114, 115, 2
267, 2, 114, 115, 2
267, 2, 115, 116, 2
267, 2, 115, 116, 2
267, 2, 116, 117, 2
267, 2, 116, 117, 2
267, 2, 117, 118, 2
267, 2, 117, 118, 2
267, 2, 118, 119, 2
267, 2, 118, 119, 2
267, 2, 119, 120, 2
267, 2, 119, 120, 2
267, 2, 120, 121, 2
267, 2, 120, 121, 2
267, 2, 121, 122, 2
267, 2, 121, 122, 2
267, 2, 122, 124, 2
267, 2, 122, 124, 2
267, 2, 123, 134, 2
267, 2, 123, 134, 2
267, 2, 124, 125, 2
267, 2, 124, 125, 2
267, 2, 125, 126, 2
267, 2, 125, 126, 2
267, 2, 126, 127, 2
267, 2, 126, 127, 2
267, 2, 127, 128, 2
267, 2, 127, 128, 2
267, 2, 128, 129, 2
267, 2, 128, 129, 2
267, 2, 129, 130, 2
267, 2, 129, 130, 2
267, 2, 130, 131, 2
267, 2, 130, 131, 2
267, 2, 131, 132, 2
267, 2, 131, 132, 2
267, 2, 132, 133, 2
267, 2, 132, 133, 2
267, 2, 133, 135, 2
267, 2, 133, 135, 2
267, 2, 134, 145, 2
267, 2, 134, 145, 2
267, 2, 135, 136, 2
267, 2, 135, 136, 2
267, 2, 136, 137, 2
267, 2, 136, 137, 2
267, 2, 137, 138, 2
267, 2, 137, 138, 2
267, 2, 138, 139, 2
267, 2, 138, 139, 2
267, 2, 139, 140, 2
267, 2, 139, 140, 2
267, 2, 140, 141, 2
267, 2, 140, 141, 2
267, 2, 141, 142, 2
267, 2, 141, 142, 2
267, 2, 142, 143, 2
267, 2, 142, 143, 2
267, 2, 143, 144, 2
267, 2, 143, 144, 2
267, 2, 144, 146, 2
267, 2, 144, 146, 2
267, 2, 145, 156, 2
267, 2, 145, 156, 2
267, 2, 146, 147, 2
267, 2, 146, 147, 2
267, 2, 147, 148, 2
267, 2, 147, 148, 2
267, 2, 148, 149, 2
267, 2, 148, 149, 2
267, 2, 149, 150, 2
267, 2, 149, 150, 2
267, 2, 150, 151, 2
267, 2, 150, 151, 2
267, 2, 151, 152, 2
267, 2, 151, 152, 2
267, 2, 152, 153, 2
267, 2, 152, 153, 2
267, 2, 153, 154, 2
267, 2, 153, 154, 2
267, 2, 154, 155, 2
267, 2, 154, 155, 2
267, 2, 155, 157, 2
267, 2, 155, 157, 2
267, 2, 156, 167, 2
267, 2, 156, 167, 2
267, 2, 157, 158, 2
267, 2, 157, 158, 2
267, 2, 158, 159, 2
267, 2, 158, 159, 2
267, 2, 159, 160, 2
267, 2, 159, 160, 2
267, 2, 160, 161, 2
267, 2, 160, 161, 2
267, 2, 161, 162, 2
267, 2, 161, 162, 2
267, 2, 162, 163, 2
267, 2, 162, 163, 2
267, 2, 163, 164, 2
267, 2, 163, 164, 2
267, 2, 164, 165, 2
267, 2, 164, 165, 2
267, 2, 165, 166, 2
267, 2, 165, 166, 2
267, 2, 166, 168, 2
267, 2, 166, 168, 2
267, 2, 167, 178, 2
267, 2, 167, 178, 2
267, 2, 168, 169, 2
267, 2, 168, 169, 2
267, 2, 169, 170, 2
267, 2, 169, 170, 2
267, 2, 170, 171, 2
267, 2, 170, 171, 2
267, 2, 171, 172, 2
267, 2, 171, 172, 2
267, 2, 172, 173, 2
267, 2, 172, 173, 2
267, 2, 173, 174, 2
267, 2, 173, 174, 2
267, 2, 174, 175, 2
267, 2, 174, 175, 2
267, 2, 175, 176, 2
267, 2, 175, 176, 2
267, 2, 176, 177, 2
267, 2, 176, 177, 2
267, 2, 177, 179, 2
267, 2, 177, 179, 2
267, 2, 178, 189, 2
267, 2, 178, 189, 2
267, 2, 179, 180, 2
267, 2, 179, 180, 2
267, 2, 180, 181, 2
267, 2, 180, 181, 2
267, 2, 181, 182, 2
267, 2, 181, 182, 2
267, 2, 182, 183, 2
267, 2, 182, 183, 2
267, 2, 183, 184, 2
267, 2, 183, 184, 2
267, 2, 184, 185, 2
267, 2, 184, 185, 2
267, 2, 185, 186, 2
267, 2, 185, 186, 2
267, 2, 186, 187, 2
267, 2, 186, 187, 2
267, 2, 187, 188, 2
267, 2, 187, 188, 2
267, 2, 188, 190, 2
267, 2, 188, 190, 2
267, 2, 189, 200, 2
267, 2, 189, 200, 2
267, 2, 190, 191, 2
267, 2, 190, 191, 2
267, 2, 191, 192, 2
267, 2, 191, 192, 2
267, 2, 192, 193, 2
267, 2, 192, 193, 2
267, 2, 193, 194, 2
267, 2, 193, 194, 2
267, 2, 194, 195, 2
267, 2, 194, 195, 2
267, 2, 195, 196, 2
267, 2, 195, 196, 2
267, 2, 196, 197, 2
267, 2, 196, 197, 2
267, 2, 197, 198, 2
267, 2, 197, 198, 2
267, 2, 198, 199, 2
267, 2, 198, 199, 2
267, 2, 199, 201, 2
267, 2, 199, 201, 2
267, 2, 200, 211, 2
267, 2, 200, 211, 2
267, 2, 201, 202, 2
267, 2, 201, 202, 2
267, 2, 202, 203, 2
267, 2, 202, 203, 2
267, 2, 203, 204, 2
267, 2, 203, 204, 2
267, 2, 204, 205, 2
267, 2, 204, 205, 2
267, 2, 205, 206, 2
267, 2, 205, 206, 2
267, 2, 206, 207, 2
267, 2, 206, 207, 2
267, 2, 207, 208, 2
267, 2, 207, 208, 2
267, 2, 208, 209, 2
267, 2, 208, 209, 2
267, 2, 209, 210, 2
267, 2, 209, 210, 2
267, 2, 210, 212, 2
267, 2, 210, 212, 2
267, 2, 211, 223, 2
267, 2, 211, 223, 2
267, 2, 212, 213, 2
267, 2, 212, 213, 2
267, 2, 213, 214, 2
267, 2, 213, 214, 2
267, 2, 214, 215, 2
267, 2, 214, 215, 2
267, 2, 215, 216, 2
267, 2, 215, 216, 2
267, 2, 216, 217, 2
267, 2, 216, 217, 2
267, 2, 217, 218, 2
267, 2, 217, 218, 2
267, 2, 218, 219, 2
267, 2, 218, 219, 2
267, 2, 219, 220, 2
267, 2, 219, 220, 2
267, 2, 220, 221, 2
267, 2, 220, 221, 2
267, 2, 221, 224, 2
267, 2, 221, 224, 2
267, 2, 222, 324, 2
267, 2, 222, 324, 2
267, 2, 223, 234, 2
267, 2, 223, 234, 2
267, 2, 224, 225, 2
267, 2, 224, 225, 2
267, 2, 225, 226, 2
267, 2, 225, 226, 2
267, 2, 226, 227, 2
267, 2, 226, 227, 2
267, 2, 227, 228, 2
267, 2, 227, 228, 2
267, 2, 228, 229, 2
267, 2, 228, 229, 2
267, 2, 229, 230, 2
267, 2, 229, 230, 2
267, 2, 230, 231, 2
267, 2, 230, 231, 2
267, 2, 231, 232, 2
267, 2, 231, 232, 2
267, 2, 232, 233, 2
267, 2, 232, 233, 2
267, 2, 233, 235, 2
267, 2, 233, 235, 2
267, 2, 234, 245, 2
267, 2, 234, 245, 2
267, 2, 235, 236, 2
267, 2, 235, 236, 2
267, 2, 236, 237, 2
267, 2, 236, 237, 2
267, 2, 237, 238, 2
267, 2, 237, 238, 2
267, 2, 238, 239, 2
267, 2, 238, 239, 2
267, 2, 239, 240, 2
267, 2, 239, 240, 2
267, 2, 240, 241, 2
267, 2, 240, 241, 2
267, 2, 241, 242, 2
267, 2, 241, 242, 2
267, 2, 242, 243, 2
267, 2, 242, 243, 2
267, 2, 243, 244, 2
267, 2, 243, 244, 2
267, 2, 244, 246, 2
267, 2, 244, 246, 2
267, 2, 245, 256, 2
267, 2, 245, 256, 2
267, 2, 246, 247, 2
267, 2, 246, 247, 2
267, 2, 247, 248, 2
267, 2, 247, 248, 2
267, 2, 248, 249, 2
267, 2, 248, 249, 2
267, 2, 249, 250, 2
267, 2, 249, 250, 2
267, 2, 250, 251, 2
267, 2, 250, 251, 2
267, 2, 251, 252, 2
267, 2, 251, 252, 2
267, 2, 252, 253, 2
267, 2, 252, 253, 2
267, 2, 253, 254, 2
267, 2, 253, 254, 2
267, 2, 254, 255, 2
267, 2, 254, 255, 2
267, 2, 255, 257, 2
267, 2, 255, 257, 2
267, 2, 256, 267, 2
267, 2, 256, 267, 2
267, 2, 257, 258, 2
267, 2, 257, 258, 2
267, 2, 258, 259, 2
267, 2, 258, 259, 2
267, 2, 259, 260, 2
267, 2, 259, 260, 2
267, 2, 260, 261, 2
267, 2, 260, 261, 2
267, 2, 261, 262, 2
267, 2, 261, 262, 2
267, 2, 262, 263, 2
267, 2, 262, 263, 2
267, 2, 263, 264, 2
267, 2, 263, 264, 2
267, 2, 264, 265, 2
267, 2, 264, 265, 2
267, 2, 265, 266, 2
267, 2, 265, 266, 2
267, 2, 266, 268, 2
267, 2, 266, 268, 2
267, 2, 267, 278, 2
267, 2, 267, 278, 2
267, 2, 268, 269, 2
267, 2, 268, 269, 2
267, 2, 269, 270, 2
267, 2, 269, 270, 2
267, 2, 270, 271, 2
267, 2, 270, 271, 2
267, 2, 271, 272, 2
267, 2, 271, 272, 2
267, 2, 272, 273, 2
267, 2, 272, 273, 2
267, 2, 273, 274, 2
267, 2, 273, 274, 2
267, 2, 274, 275, 2
267, 2, 274, 275, 2
267, 2, 275, 276, 2
267, 2, 275, 276, 2
267, 2, 276, 277, 2
267, 2, 276, 277, 2
267, 2, 277, 279, 2
267, 2, 277, 279, 2
267, 2, 278, 289, 2
267, 2, 278, 289, 2
267, 2, 279, 280, 2
267, 2, 279, 280, 2
267, 2, 280, 281, 2
267, 2, 280, 281, 2
267, 2, 281, 282, 2
267, 2, 281, 282, 2
267, 2, 282, 283, 2
267, 2, 282, 283, 2
267, 2, 283, 284, 2
267, 2, 283, 284, 2
267, 2, 284, 285, 2
267, 2, 284, 285, 2
267, 2, 285, 286, 2
267, 2, 285, 286, 2
267, 2, 286, 287, 2
267, 2, 286, 287, 2
267, 2, 287, 288, 2
267, 2, 287, 288, 2
267, 2, 288, 290, 2
267, 2, 288, 290, 2
267, 2, 289, 300, 2
267, 2, 289, 300, 2
267, 2, 290, 291, 2
267, 2, 290, 291, 2
267, 2, 291, 292, 2
267, 2, 291, 292, 2
267, 2, 292, 293, 2
267, 2, 292, 293, 2
267, 2, 293, 294, 2
267, 2, 293, 294, 2
267, 2, 294, 295, 2
267, 2, 294, 295, 2
267, 2, 295, 296, 2
267, 2, 295, 296, 2
267, 2, 296, 297, 2
267, 2, 296, 297, 2
267, 2, 297, 298, 2
267, 2, 297, 298, 2
267, 2, 298, 299, 2
267, 2, 298, 299, 2
267, 2, 299, 301, 2
267, 2, 299, 301, 2
267, 2, 300, 311, 2
267, 2, 300, 311, 2
267, 2, 301, 302, 2
267, 2, 301, 302, 2
267, 2, 302, 303, 2
267, 2, 302, 303, 2
267, 2, 303, 304, 2
267, 2, 303, 304, 2
267, 2, 304, 305, 2
267, 2, 304, 305, 2
267, 2, 305, 306, 2
267, 2, 305, 306, 2
267, 2, 306, 307, 2
267, 2, 306, 307, 2
267, 2, 307, 308, 2
267, 2, 307, 308, 2
267, 2, 308, 309, 2
267, 2, 308, 309, 2
267, 2, 309, 310, 2
267, 2, 309, 310, 2
267, 2, 310, 312, 2
267, 2, 310, 312, 2
267, 2, 311, 322, 2
267, 2, 311, 322, 2
267, 2, 312, 313, 2
267, 2, 312, 313, 2
267, 2, 313, 314, 2
267, 2, 313, 314, 2
267, 2, 314, 315, 2
267, 2, 314, 315, 2
267, 2, 315, 316, 2
267, 2, 315, 316, 2
267, 2, 316, 317, 2
267, 2, 316, 317, 2
267, 2, 317, 318, 2
267, 2, 317, 318, 2
267, 2, 318, 319, 2
267, 2, 318, 319, 2
267, 2, 319, 320, 2
267, 2, 319, 320, 2
267, 2, 320, 321, 2
267, 2, 320, 321, 2
267, 2, 321, 323, 2
267, 2, 321, 323, 2
267, 2, 322, 325, 2
267, 2, 322, 325, 2
267, 2, 323, 390, 2
267, 2, 323, 390, 2
267, 2, 324, 335, 2
267, 2, 324, 335, 2
267, 2, 325, 326, 2
267, 2, 325, 326, 2
267, 2, 326, 327, 2
267, 2, 326, 327, 2
267, 2, 327, 328, 2
267, 2, 327, 328, 2
267, 2, 328, 329, 2
267, 2, 328, 329, 2
267, 2, 329, 330, 2
267, 2, 329, 330, 2
267, 2, 330, 331, 2
267, 2, 330, 331, 2
267, 2, 331, 332, 2
267, 2, 331, 332, 2
267, 2, 332, 333, 2
267, 2, 332, 333, 2
267, 2, 333, 334, 2
267, 2, 333, 334, 2
267, 2, 334, 336, 2
267, 2, 334, 336, 2
267, 2, 335, 346, 2
267, 2, 335, 346, 2
267, 2, 336, 337, 2
267, 2, 336, 337, 2
267, 2, 337, 338, 2
267, 2, 337, 338, 2
267, 2, 338, 339, 2
267, 2, 338, 339, 2
267, 2, 339, 340, 2
267, 2, 339, 340, 2
267, 2, 340, 341, 2
267, 2, 340, 341, 2
267, 2, 341, 342, 2
267, 2, 341, 342, 2
267, 2, 342, 343, 2
267, 2, 342, 343, 2
267, 2, 343, 344, 2
267, 2, 343, 344, 2
267, 2, 344, 345, 2
267, 2, 344, 345, 2
267, 2, 345, 347, 2
267, 2, 345, 347, 2
267, 2, 346, 357, 2
267, 2, 346, 357, 2
267, 2, 347, 348, 2
267, 2, 347, 348, 2
267, 2, 348, 349, 2
267, 2, 348, 349, 2
267, 2, 349, 350, 2
267, 2, 349, 350, 2
267, 2, 350, 351, 2
267, 2, 350, 351, 2
267, 2, 351, 352, 2
267, 2, 351, 352, 2
267, 2, 352, 353, 2
267, 2, 352, 353, 2
267, 2, 353, 354, 2
267, 2, 353, 354, 2
267, 2, 354, 355, 2
267, 2, 354, 355, 2
267, 2, 355, 356, 2
267, 2, 355, 356, 2
267, 2, 356, 358, 2
267, 2, 356, 358, 2
267, 2, 357, 368, 2
267, 2, 357, 368, 2
267, 2, 358, 359, 2
267, 2, 358, 359, 2
267, 2, 359, 360, 2
267, 2, 359, 360, 2
267, 2, 360, 361, 2
267, 2, 360, 361, 2
267, 2, 361, 362, 2
267, 2, 361, 362, 2
267, 2, 362, 363, 2
267, 2, 362, 363, 2
267, 2, 363, 364, 2
267, 2, 363, 364, 2
267, 2, 364, 365, 2
267, 2, 364, 365, 2
267, 2, 365, 366, 2
267, 2, 365, 366, 2
267, 2, 366, 367, 2
267, 2, 366, 367, 2
267, 2, 367, 369, 2
267, 2, 367, 369, 2
267, 2, 368, 379, 2
267, 2, 368, 379, 2
267, 2, 369, 370, 2
267, 2, 369, 370, 2
267, 2, 370, 371, 2
267, 2, 370, 371, 2
267, 2, 371, 372, 2
267, 2, 371, 372, 2
267, 2, 372, 373, 2
267, 2, 372, 373, 2
267, 2, 373, 374, 2
267, 2, 373, 374, 2
267, 2, 374, 375, 2
267, 2, 374, 375, 2
267, 2, 375, 376, 2
267, 2, 375, 376, 2
267, 2, 376, 377, 2
267, 2, 376, 377, 2
267, 2, 377, 378, 2
267, 2, 377, 378, 2
267, 2, 378, 380, 2
267, 2, 378, 380, 2
267, 2, 379, 1, 2
267, 2, 379, 1, 2
267, 2, 380, 381, 2
267, 2, 380, 381, 2
267, 2, 381, 382, 2
267, 2, 381, 382, 2
267, 2, 382, 383, 2
267, 2, 382, 383, 2
267, 2, 383, 384, 2
267, 2, 383, 384, 2
267, 2, 384, 385, 2
267, 2, 384, 385, 2
267, 2, 385, 386, 2
267, 2, 385, 386, 2
267, 2, 386, 387, 2
267, 2, 386, 387, 2
267, 2, 387, 388, 2
267, 2, 387, 388, 2
267, 2, 388, 389, 2
267, 2, 388, 389, 2
267, 2, 389, 2, 2
267, 2, 389, 2, 2
268, 4, 1, 0, 2
268, 4, 1, 0, 3
268, 4, 1, 0, 3
268, 4, 1, 0, 3
Goal
1
2
3
4
5
6
7
8
9
10
11
12
13
14
15
16
17
18
19
20
21
22
23
24
25
26
27
28
29
30
31
32
33
34
35
36
37
38
39
40
41
42
43
44
45
46
47
48
49
50
51
52
53
54
55
56
57
58
59
60
61
62
63
64
65
66
67
68
69
70
71
72
73
74
75
76
77
78
79
80
81
82
83
84
85
86
87
88
89
90
91
92
93
94
95
96
97
98
99
100
101
102
103
104
105
106
107
108
109
110
111
112
113
114
115
116
117
118
119
120
121
122
123
124
125
126
127
128
129
130
131
132
133
134
135
136
137
138
139
140
141
142
143
144
145
146
147
148
149
150
151
152
153
154
155
156
157
158
159
160
161
162
163
164
165
166
167
168
169
170
171
172
173
174
175
176
177
178
179
180
181
182
183
184
185
186
187
188
189
190
191
192
193
194
195
196
197
198
199
200
201
202
203
204
205
206
207
208
209
210
211
212
213
214
215
216
217
218
219
220
221
222
223
224
225
226
227
228
229
230
231
232
233
234
235
236
237
238
239
240
241
242
243
244
245
246
247
248
249
250
251
252
253
254
255
256
257
258
259
260
261
262
263
264
265
266
267
268
