CG
269
0, 1, 267, 282
1, 2, 0, 3
1, 2, 2, 3
2, 2, 0, 1
2, 2, 3, 1
3, 2, 0, 1
3, 2, 4, 1
4, 4, 0, 1
4, 4, 5, 1
4, 4, 6, 1
4, 4, 7, 1
5, 2, 0, 1
5, 2, 165, 1
6, 2, 0, 1
6, 2, 166, 1
7, 2, 0, 1
7, 2, 167, 1
8, 3, 0, 2
8, 3, 219, 1
8, 3, 35, 1
9, 2, 0, 1
9, 2, 219, 1
10, 5, 0, 1
10, 5, 11, 1
10, 5, 12, 1
10, 5, 13, 1
10, 5, 14, 1
11, 2, 0, 1
11, 2, 204, 1
12, 2, 0, 1
12, 2, 205, 1
13, 2, 0, 1
13, 2, 206, 1
14, 2, 0, 1
14, 2, 207, 1
15, 2, 0, 2
15, 2, 68, 2
16, 2, 0, 1
16, 2, 17, 1
17, 4, 0, 1
17, 4, 36, 1
17, 4, 18, 1
17, 4, 37, 1
18, 2, 0, 1
18, 2, 169, 1
19, 3, 0, 1
19, 3, 20, 1
19, 3, 21, 1
20, 2, 0, 1
20, 2, 22, 1
21, 2, 0, 1
21, 2, 23, 1
22, 2, 0, 1
22, 2, 38, 1
23, 2, 0, 1
23, 2, 39, 1
24, 4, 0, 1
24, 4, 41, 1
24, 4, 42, 1
24, 4, 43, 1
25, 2, 0, 1
25, 2, 26, 1
26, 5, 0, 1
26, 5, 27, 1
26, 5, 69, 1
26, 5, 44, 1
26, 5, 45, 1
27, 2, 0, 1
27, 2, 209, 1
28, 2, 0, 1
28, 2, 29, 1
29, 2, 0, 1
29, 2, 30, 1
30, 2, 0, 1
30, 2, 266, 1
31, 2, 0, 1
31, 2, 170, 1
32, 2, 0, 1
32, 2, 171, 1
33, 3, 0, 3
33, 3, 191, 3
33, 3, 267, 2
34, 2, 0, 1
34, 2, 225, 1
35, 2, 0, 1
35, 2, 8, 1
36, 3, 0, 2
36, 3, 199, 2
36, 3, 267, 1
37, 3, 0, 2
37, 3, 200, 2
37, 3, 267, 1
38, 3, 0, 1
38, 3, 39, 1
38, 3, 40, 1
39, 3, 0, 1
39, 3, 38, 1
39, 3, 40, 1
40, 2, 0, 1
40, 2, 240, 1
41, 3, 0, 2
41, 3, 210, 2
41, 3, 267, 1
42, 3, 0, 2
42, 3, 211, 2
42, 3, 267, 1
43, 3, 0, 2
43, 3, 212, 2
43, 3, 267, 1
44, 3, 0, 2
44, 3, 243, 2
44, 3, 267, 1
45, 3, 0, 2
45, 3, 244, 2
45, 3, 267, 1
46, 3, 0, 2
46, 3, 98, 2
46, 3, 267, 1
47, 3, 0, 2
47, 3, 99, 2
47, 3, 267, 1
48, 3, 0, 2
48, 3, 49, 2
48, 3, 267, 1
49, 4, 0, 1
49, 4, 50, 1
49, 4, 51, 1
49, 4, 52, 1
50, 3, 0, 2
50, 3, 70, 2
50, 3, 267, 1
51, 3, 0, 2
51, 3, 53, 2
51, 3, 267, 1
52, 3, 0, 2
52, 3, 100, 2
52, 3, 267, 1
53, 3, 0, 1
53, 3, 54, 1
53, 3, 71, 1
54, 3, 0, 2
54, 3, 172, 2
54, 3, 267, 1
55, 3, 0, 2
55, 3, 214, 2
55, 3, 267, 1
56, 3, 0, 2
56, 3, 72, 2
56, 3, 267, 1
57, 3, 0, 2
57, 3, 58, 2
57, 3, 267, 1
58, 5, 0, 1
58, 5, 59, 1
58, 5, 73, 1
58, 5, 74, 1
58, 5, 60, 1
59, 3, 0, 2
59, 3, 247, 2
59, 3, 267, 1
60, 3, 0, 2
60, 3, 248, 2
60, 3, 267, 1
61, 3, 0, 2
61, 3, 196, 2
61, 3, 267, 1
62, 3, 0, 2
62, 3, 101, 2
62, 3, 267, 1
63, 3, 0, 2
63, 3, 64, 2
63, 3, 267, 1
64, 2, 0, 1
64, 2, 215, 1
65, 3, 0, 2
65, 3, 181, 2
65, 3, 267, 1
66, 3, 0, 2
66, 3, 173, 2
66, 3, 267, 1
67, 3, 0, 2
67, 3, 252, 2
67, 3, 267, 1
68, 3, 0, 3
68, 3, 185, 3
68, 3, 267, 2
69, 3, 0, 3
69, 3, 245, 3
69, 3, 267, 2
70, 5, 0, 4
70, 5, 195, 2
70, 5, 35, 1
70, 5, 9, 1
70, 5, 267, 1
71, 3, 0, 3
71, 3, 117, 3
71, 3, 267, 2
72, 3, 0, 2
72, 3, 183, 2
72, 3, 267, 1
73, 3, 0, 3
73, 3, 249, 3
73, 3, 267, 2
74, 3, 0, 3
74, 3, 250, 3
74, 3, 267, 2
75, 3, 0, 3
75, 3, 76, 3
75, 3, 267, 2
76, 4, 0, 1
76, 4, 47, 1
76, 4, 57, 1
76, 4, 61, 1
77, 2, 0, 4
77, 2, 34, 4
78, 4, 0, 1
78, 4, 79, 1
78, 4, 55, 1
78, 4, 80, 1
79, 3, 0, 3
79, 3, 222, 3
79, 3, 267, 2
80, 3, 0, 3
80, 3, 223, 3
80, 3, 267, 2
81, 3, 0, 3
81, 3, 179, 3
81, 3, 267, 2
82, 3, 0, 3
82, 3, 197, 3
82, 3, 267, 2
83, 3, 0, 3
83, 3, 133, 3
83, 3, 267, 2
84, 3, 0, 3
84, 3, 118, 3
84, 3, 267, 2
85, 5, 0, 1
85, 5, 63, 1
85, 5, 65, 1
85, 5, 66, 1
85, 5, 16, 1
86, 3, 0, 2
86, 3, 173, 1
86, 3, 217, 1
87, 3, 0, 3
87, 3, 180, 3
87, 3, 267, 2
88, 5, 0, 1
88, 5, 89, 1
88, 5, 90, 1
88, 5, 91, 1
88, 5, 67, 1
89, 3, 0, 3
89, 3, 258, 3
89, 3, 267, 2
90, 3, 0, 3
90, 3, 259, 3
90, 3, 267, 2
91, 3, 0, 3
91, 3, 260, 3
91, 3, 267, 2
92, 3, 0, 3
92, 3, 262, 3
92, 3, 267, 2
93, 3, 0, 3
93, 3, 263, 3
93, 3, 267, 2
94, 3, 0, 3
94, 3, 102, 3
94, 3, 267, 2
95, 4, 0, 1
95, 4, 31, 1
95, 4, 32, 1
95, 4, 96, 1
96, 3, 0, 3
96, 3, 202, 3
96, 3, 267, 2
97, 2, 0, 1
97, 2, 266, 1
98, 3, 0, 3
98, 3, 103, 3
98, 3, 267, 2
99, 3, 0, 3
99, 3, 138, 3
99, 3, 267, 2
100, 5, 0, 5
100, 5, 77, 2
100, 5, 10, 1
100, 5, 78, 2
100, 5, 267, 2
101, 5, 0, 5
101, 5, 186, 2
101, 5, 85, 2
101, 5, 19, 1
101, 5, 267, 2
102, 3, 0, 2
102, 3, 218, 2
102, 3, 267, 1
103, 3, 0, 2
103, 3, 104, 2
103, 3, 267, 1
104, 3, 0, 2
104, 3, 187, 2
104, 3, 267, 1
105, 3, 0, 4
105, 3, 106, 4
105, 3, 267, 1
106, 3, 0, 2
106, 3, 185, 2
106, 3, 267, 1
107, 3, 0, 4
107, 3, 192, 4
107, 3, 267, 3
108, 3, 0, 2
108, 3, 119, 2
108, 3, 267, 1
109, 3, 0, 4
109, 3, 184, 4
109, 3, 267, 3
110, 3, 0, 2
110, 3, 88, 2
110, 3, 267, 1
111, 3, 0, 4
111, 3, 231, 4
111, 3, 267, 3
112, 3, 0, 4
112, 3, 113, 4
112, 3, 267, 3
113, 5, 0, 1
113, 5, 92, 1
113, 5, 114, 1
113, 5, 93, 1
113, 5, 115, 1
114, 3, 0, 4
114, 3, 264, 4
114, 3, 267, 3
115, 3, 0, 4
115, 3, 265, 4
115, 3, 267, 3
116, 3, 0, 2
116, 3, 97, 2
116, 3, 267, 1
117, 3, 0, 3
117, 3, 175, 3
117, 3, 267, 2
118, 3, 0, 3
118, 3, 139, 3
118, 3, 267, 2
119, 3, 0, 4
119, 3, 140, 4
119, 3, 267, 3
120, 3, 0, 3
120, 3, 121, 3
120, 3, 267, 2
121, 4, 0, 1
121, 4, 46, 1
121, 4, 62, 1
121, 4, 107, 1
122, 5, 0, 1
122, 5, 75, 1
122, 5, 82, 1
122, 5, 83, 1
122, 5, 84, 1
123, 3, 0, 1
123, 3, 48, 1
123, 3, 56, 1
124, 3, 0, 1
124, 3, 125, 1
124, 3, 81, 1
125, 3, 0, 5
125, 3, 188, 5
125, 3, 267, 4
126, 3, 0, 6
126, 3, 141, 6
126, 3, 267, 2
127, 3, 0, 3
127, 3, 230, 3
127, 3, 267, 2
128, 3, 0, 3
128, 3, 198, 3
128, 3, 267, 2
129, 3, 0, 3
129, 3, 194, 3
129, 3, 267, 2
130, 3, 0, 2
130, 3, 181, 1
130, 3, 216, 1
131, 3, 0, 1
131, 3, 109, 1
131, 3, 87, 1
132, 2, 0, 1
132, 2, 191, 1
133, 4, 0, 5
133, 4, 182, 2
133, 4, 134, 3
133, 4, 267, 3
134, 3, 0, 5
134, 3, 135, 5
134, 3, 267, 2
135, 3, 0, 3
135, 3, 136, 3
135, 3, 267, 2
136, 3, 0, 3
136, 3, 137, 3
136, 3, 267, 2
137, 3, 0, 2
137, 3, 182, 2
137, 3, 267, 1
138, 3, 0, 4
138, 3, 236, 4
138, 3, 267, 3
139, 3, 0, 4
139, 3, 193, 4
139, 3, 267, 3
140, 3, 0, 3
140, 3, 131, 3
140, 3, 267, 2
141, 3, 0, 4
141, 3, 237, 4
141, 3, 267, 3
142, 3, 0, 2
142, 3, 126, 2
142, 3, 267, 1
143, 4, 0, 3
143, 4, 105, 2
143, 4, 15, 1
143, 4, 267, 1
144, 3, 0, 4
144, 3, 145, 4
144, 3, 267, 3
145, 3, 0, 2
145, 3, 108, 2
145, 3, 267, 1
146, 3, 0, 3
146, 3, 122, 3
146, 3, 267, 2
147, 3, 0, 3
147, 3, 123, 3
147, 3, 267, 2
148, 3, 0, 3
148, 3, 132, 3
148, 3, 267, 2
149, 4, 0, 1
149, 4, 111, 1
149, 4, 112, 1
149, 4, 94, 1
150, 4, 0, 3
150, 4, 186, 1
150, 4, 129, 2
150, 4, 267, 1
151, 4, 0, 3
151, 4, 192, 1
151, 4, 144, 2
151, 4, 267, 1
152, 4, 0, 6
152, 4, 187, 2
152, 4, 234, 4
152, 4, 267, 4
153, 4, 0, 6
153, 4, 193, 2
153, 4, 154, 4
153, 4, 267, 4
154, 3, 0, 3
154, 3, 143, 3
154, 3, 267, 2
155, 4, 0, 3
155, 4, 183, 1
155, 4, 174, 2
155, 4, 267, 1
156, 3, 0, 7
156, 3, 157, 7
156, 3, 267, 3
157, 3, 0, 5
157, 3, 198, 5
157, 3, 267, 4
158, 4, 0, 5
158, 4, 240, 2
158, 4, 194, 3
158, 4, 267, 3
159, 4, 0, 6
159, 4, 219, 2
159, 4, 195, 4
159, 4, 267, 4
160, 4, 0, 3
160, 4, 120, 2
160, 4, 24, 1
160, 4, 267, 1
161, 4, 0, 5
161, 4, 196, 3
161, 4, 127, 2
161, 4, 267, 3
162, 6, 0, 8
162, 6, 1, 1
162, 6, 149, 4
162, 6, 28, 1
162, 6, 95, 2
162, 6, 267, 4
163, 4, 0, 6
163, 4, 156, 4
163, 4, 128, 2
163, 4, 267, 4
164, 4, 0, 7
164, 4, 197, 5
164, 4, 253, 2
164, 4, 267, 5
165, 4, 0, 1
165, 4, 166, 1
165, 4, 167, 1
165, 4, 168, 1
166, 4, 0, 1
166, 4, 165, 1
166, 4, 167, 1
166, 4, 168, 1
167, 4, 0, 1
167, 4, 165, 1
167, 4, 166, 1
167, 4, 168, 1
168, 2, 0, 1
168, 2, 266, 1
169, 4, 0, 1
169, 4, 199, 1
169, 4, 200, 1
169, 4, 201, 1
170, 4, 0, 1
170, 4, 171, 1
170, 4, 202, 1
170, 4, 203, 1
171, 4, 0, 1
171, 4, 170, 1
171, 4, 202, 1
171, 4, 203, 1
172, 3, 0, 1
172, 3, 175, 1
172, 3, 176, 1
173, 3, 0, 2
173, 3, 86, 2
173, 3, 267, 1
174, 3, 0, 1
174, 3, 190, 1
174, 3, 177, 1
175, 3, 0, 1
175, 3, 172, 1
175, 3, 176, 1
176, 3, 0, 2
176, 3, 220, 2
176, 3, 267, 1
177, 3, 0, 2
177, 3, 268, 2
177, 3, 267, 1
178, 3, 0, 2
178, 3, 221, 2
178, 3, 267, 1
179, 3, 0, 1
179, 3, 188, 1
179, 3, 189, 1
180, 3, 0, 1
180, 3, 184, 1
180, 3, 178, 1
181, 3, 0, 3
181, 3, 130, 3
181, 3, 267, 2
182, 3, 0, 2
182, 3, 254, 2
182, 3, 267, 1
183, 3, 0, 3
183, 3, 124, 3
183, 3, 267, 2
184, 3, 0, 1
184, 3, 180, 1
184, 3, 178, 1
185, 3, 0, 2
185, 3, 255, 2
185, 3, 267, 1
186, 3, 0, 4
186, 3, 150, 4
186, 3, 267, 3
187, 3, 0, 3
187, 3, 152, 3
187, 3, 267, 2
188, 3, 0, 1
188, 3, 179, 1
188, 3, 189, 1
189, 3, 0, 5
189, 3, 155, 5
189, 3, 267, 4
190, 3, 0, 1
190, 3, 174, 1
190, 3, 177, 1
191, 3, 0, 5
191, 3, 162, 5
191, 3, 267, 4
192, 3, 0, 4
192, 3, 151, 4
192, 3, 267, 3
193, 3, 0, 3
193, 3, 153, 3
193, 3, 267, 2
194, 3, 0, 4
194, 3, 158, 4
194, 3, 267, 3
195, 3, 0, 4
195, 3, 159, 4
195, 3, 267, 3
196, 3, 0, 5
196, 3, 161, 5
196, 3, 267, 4
197, 3, 0, 6
197, 3, 163, 6
197, 3, 267, 5
198, 3, 0, 7
198, 3, 164, 7
198, 3, 267, 6
199, 4, 0, 1
199, 4, 169, 1
199, 4, 200, 1
199, 4, 201, 1
200, 4, 0, 1
200, 4, 199, 1
200, 4, 169, 1
200, 4, 201, 1
201, 3, 0, 2
201, 3, 241, 2
201, 3, 267, 1
202, 4, 0, 1
202, 4, 170, 1
202, 4, 171, 1
202, 4, 203, 1
203, 3, 0, 2
203, 3, 116, 2
203, 3, 267, 1
204, 5, 0, 1
204, 5, 205, 1
204, 5, 206, 1
204, 5, 207, 1
204, 5, 208, 1
205, 5, 0, 1
205, 5, 204, 1
205, 5, 206, 1
205, 5, 207, 1
205, 5, 208, 1
206, 5, 0, 1
206, 5, 204, 1
206, 5, 205, 1
206, 5, 207, 1
206, 5, 208, 1
207, 5, 0, 1
207, 5, 204, 1
207, 5, 205, 1
207, 5, 206, 1
207, 5, 208, 1
208, 2, 0, 1
208, 2, 225, 1
209, 5, 0, 1
209, 5, 245, 1
209, 5, 243, 1
209, 5, 244, 1
209, 5, 246, 1
210, 4, 0, 1
210, 4, 211, 1
210, 4, 212, 1
210, 4, 213, 1
211, 4, 0, 1
211, 4, 210, 1
211, 4, 212, 1
211, 4, 213, 1
212, 4, 0, 1
212, 4, 210, 1
212, 4, 211, 1
212, 4, 213, 1
213, 3, 0, 2
213, 3, 110, 2
213, 3, 267, 1
214, 4, 0, 1
214, 4, 222, 1
214, 4, 223, 1
214, 4, 224, 1
215, 5, 0, 1
215, 5, 216, 1
215, 5, 217, 1
215, 5, 241, 1
215, 5, 242, 1
216, 5, 0, 1
216, 5, 215, 1
216, 5, 217, 1
216, 5, 241, 1
216, 5, 242, 1
217, 5, 0, 1
217, 5, 215, 1
217, 5, 216, 1
217, 5, 241, 1
217, 5, 242, 1
218, 4, 0, 1
218, 4, 231, 1
218, 4, 232, 1
218, 4, 233, 1
219, 3, 0, 3
219, 3, 227, 3
219, 3, 267, 2
220, 4, 0, 1
220, 4, 227, 1
220, 4, 226, 1
220, 4, 228, 1
221, 4, 0, 1
221, 4, 234, 1
221, 4, 239, 1
221, 4, 235, 1
222, 4, 0, 1
222, 4, 214, 1
222, 4, 223, 1
222, 4, 224, 1
223, 4, 0, 1
223, 4, 222, 1
223, 4, 214, 1
223, 4, 224, 1
224, 3, 0, 2
224, 3, 225, 2
224, 3, 267, 1
225, 3, 0, 2
225, 3, 226, 2
225, 3, 267, 1
226, 4, 0, 1
226, 4, 227, 1
226, 4, 220, 1
226, 4, 228, 1
227, 4, 0, 1
227, 4, 220, 1
227, 4, 226, 1
227, 4, 228, 1
228, 3, 0, 3
228, 3, 190, 3
228, 3, 267, 2
229, 2, 0, 1
229, 2, 25, 1
230, 4, 0, 1
230, 4, 236, 1
230, 4, 237, 1
230, 4, 238, 1
231, 4, 0, 1
231, 4, 232, 1
231, 4, 218, 1
231, 4, 233, 1
232, 4, 0, 1
232, 4, 231, 1
232, 4, 218, 1
232, 4, 233, 1
233, 3, 0, 4
233, 3, 266, 4
233, 3, 267, 3
234, 4, 0, 1
234, 4, 239, 1
234, 4, 235, 1
234, 4, 221, 1
235, 3, 0, 3
235, 3, 146, 3
235, 3, 267, 2
236, 4, 0, 1
236, 4, 237, 1
236, 4, 230, 1
236, 4, 238, 1
237, 4, 0, 1
237, 4, 236, 1
237, 4, 230, 1
237, 4, 238, 1
238, 3, 0, 4
238, 3, 256, 4
238, 3, 267, 3
239, 4, 0, 1
239, 4, 234, 1
239, 4, 235, 1
239, 4, 221, 1
240, 3, 0, 3
240, 3, 239, 3
240, 3, 267, 2
241, 5, 0, 1
241, 5, 215, 1
241, 5, 216, 1
241, 5, 217, 1
241, 5, 242, 1
242, 3, 0, 2
242, 3, 240, 2
242, 3, 267, 1
243, 5, 0, 1
243, 5, 209, 1
243, 5, 245, 1
243, 5, 244, 1
243, 5, 246, 1
244, 5, 0, 1
244, 5, 209, 1
244, 5, 245, 1
244, 5, 243, 1
244, 5, 246, 1
245, 5, 0, 1
245, 5, 209, 1
245, 5, 243, 1
245, 5, 244, 1
245, 5, 246, 1
246, 3, 0, 3
246, 3, 148, 3
246, 3, 267, 2
247, 5, 0, 1
247, 5, 249, 1
247, 5, 250, 1
247, 5, 248, 1
247, 5, 251, 1
248, 5, 0, 1
248, 5, 247, 1
248, 5, 249, 1
248, 5, 250, 1
248, 5, 251, 1
249, 5, 0, 1
249, 5, 247, 1
249, 5, 250, 1
249, 5, 248, 1
249, 5, 251, 1
250, 5, 0, 1
250, 5, 247, 1
250, 5, 249, 1
250, 5, 248, 1
250, 5, 251, 1
251, 3, 0, 3
251, 3, 142, 3
251, 3, 267, 2
252, 5, 0, 1
252, 5, 258, 1
252, 5, 259, 1
252, 5, 260, 1
252, 5, 229, 1
253, 5, 0, 1
253, 5, 256, 1
253, 5, 254, 1
253, 5, 255, 1
253, 5, 257, 1
254, 5, 0, 1
254, 5, 256, 1
254, 5, 253, 1
254, 5, 255, 1
254, 5, 257, 1
255, 5, 0, 1
255, 5, 256, 1
255, 5, 253, 1
255, 5, 254, 1
255, 5, 257, 1
256, 5, 0, 1
256, 5, 253, 1
256, 5, 254, 1
256, 5, 255, 1
256, 5, 257, 1
257, 3, 0, 3
257, 3, 147, 3
257, 3, 267, 2
258, 5, 0, 1
258, 5, 259, 1
258, 5, 260, 1
258, 5, 252, 1
258, 5, 229, 1
259, 5, 0, 1
259, 5, 258, 1
259, 5, 260, 1
259, 5, 252, 1
259, 5, 229, 1
260, 5, 0, 1
260, 5, 258, 1
260, 5, 259, 1
260, 5, 252, 1
260, 5, 229, 1
261, 3, 0, 2
261, 3, 232, 2
261, 3, 267, 1
262, 5, 0, 1
262, 5, 264, 1
262, 5, 263, 1
262, 5, 265, 1
262, 5, 261, 1
263, 5, 0, 1
263, 5, 262, 1
263, 5, 264, 1
263, 5, 265, 1
263, 5, 261, 1
264, 5, 0, 1
264, 5, 262, 1
264, 5, 263, 1
264, 5, 265, 1
264, 5, 261, 1
265, 5, 0, 1
265, 5, 262, 1
265, 5, 264, 1
265, 5, 263, 1
265, 5, 261, 1
266, 3, 0, 6
266, 3, 160, 6
266, 3, 267, 5
267, 214, 0, 282
267, 214, 33, 2
267, 214, 268, 1
267, 214, 100, 3
267, 214, 225, 2
267, 214, 101, 3
267, 214, 240, 4
267, 214, 77, 1
267, 214, 186, 4
267, 214, 150, 4
267, 214, 193, 6
267, 214, 153, 6
267, 214, 194, 7
267, 214, 158, 6
267, 214, 126, 3
267, 214, 141, 5
267, 214, 143, 3
267, 214, 185, 4
267, 214, 105, 2
267, 214, 191, 6
267, 214, 106, 2
267, 214, 160, 6
267, 214, 162, 8
267, 214, 266, 8
267, 214, 196, 7
267, 214, 161, 7
267, 214, 181, 3
267, 214, 130, 2
267, 214, 68, 2
267, 214, 173, 2
267, 214, 86, 1
267, 214, 197, 11
267, 214, 164, 11
267, 214, 163, 9
267, 214, 198, 12
267, 214, 183, 3
267, 214, 155, 5
267, 214, 156, 6
267, 214, 157, 7
267, 214, 70, 2
267, 214, 219, 3
267, 214, 192, 6
267, 214, 151, 4
267, 214, 195, 7
267, 214, 159, 7
267, 214, 133, 5
267, 214, 182, 3
267, 214, 134, 4
267, 214, 135, 4
267, 214, 187, 4
267, 214, 152, 6
267, 214, 104, 2
267, 214, 98, 3
267, 214, 46, 1
267, 214, 234, 3
267, 214, 129, 3
267, 214, 64, 1
267, 214, 63, 1
267, 214, 65, 1
267, 214, 66, 1
267, 214, 36, 1
267, 214, 199, 1
267, 214, 37, 1
267, 214, 200, 1
267, 214, 201, 1
267, 214, 241, 1
267, 214, 85, 1
267, 214, 242, 1
267, 214, 62, 1
267, 214, 239, 2
267, 214, 121, 2
267, 214, 235, 2
267, 214, 120, 3
267, 214, 138, 5
267, 214, 99, 3
267, 214, 47, 1
267, 214, 236, 3
267, 214, 59, 1
267, 214, 247, 1
267, 214, 73, 2
267, 214, 249, 2
267, 214, 74, 2
267, 214, 250, 2
267, 214, 60, 1
267, 214, 248, 1
267, 214, 58, 1
267, 214, 251, 2
267, 214, 142, 3
267, 214, 57, 1
267, 214, 237, 3
267, 214, 127, 3
267, 214, 61, 1
267, 214, 230, 2
267, 214, 76, 2
267, 214, 238, 3
267, 214, 75, 2
267, 214, 256, 3
267, 214, 128, 3
267, 214, 82, 2
267, 214, 253, 1
267, 214, 137, 3
267, 214, 136, 4
267, 214, 83, 2
267, 214, 254, 1
267, 214, 118, 4
267, 214, 139, 5
267, 214, 154, 5
267, 214, 84, 2
267, 214, 255, 1
267, 214, 122, 2
267, 214, 257, 2
267, 214, 50, 1
267, 214, 227, 2
267, 214, 54, 1
267, 214, 172, 1
267, 214, 117, 4
267, 214, 71, 2
267, 214, 175, 2
267, 214, 53, 1
267, 214, 176, 1
267, 214, 51, 1
267, 214, 220, 1
267, 214, 79, 2
267, 214, 222, 2
267, 214, 55, 1
267, 214, 214, 1
267, 214, 80, 2
267, 214, 223, 2
267, 214, 78, 1
267, 214, 224, 1
267, 214, 52, 1
267, 214, 226, 1
267, 214, 49, 1
267, 214, 228, 2
267, 214, 48, 1
267, 214, 190, 2
267, 214, 125, 4
267, 214, 188, 4
267, 214, 81, 2
267, 214, 179, 2
267, 214, 124, 2
267, 214, 189, 4
267, 214, 72, 2
267, 214, 56, 1
267, 214, 174, 1
267, 214, 123, 2
267, 214, 177, 1
267, 214, 147, 4
267, 214, 146, 4
267, 214, 111, 3
267, 214, 231, 3
267, 214, 92, 2
267, 214, 262, 2
267, 214, 114, 3
267, 214, 264, 3
267, 214, 93, 2
267, 214, 263, 2
267, 214, 115, 3
267, 214, 265, 3
267, 214, 113, 3
267, 214, 261, 1
267, 214, 112, 3
267, 214, 232, 1
267, 214, 102, 3
267, 214, 94, 2
267, 214, 218, 1
267, 214, 149, 3
267, 214, 233, 3
267, 214, 96, 2
267, 214, 202, 2
267, 214, 95, 1
267, 214, 203, 1
267, 214, 97, 1
267, 214, 116, 2
267, 214, 41, 1
267, 214, 210, 1
267, 214, 42, 1
267, 214, 211, 1
267, 214, 43, 1
267, 214, 212, 1
267, 214, 213, 1
267, 214, 89, 2
267, 214, 258, 2
267, 214, 90, 2
267, 214, 259, 2
267, 214, 91, 2
267, 214, 260, 2
267, 214, 67, 1
267, 214, 252, 1
267, 214, 88, 1
267, 214, 110, 2
267, 214, 69, 2
267, 214, 245, 2
267, 214, 44, 1
267, 214, 243, 1
267, 214, 45, 1
267, 214, 244, 1
267, 214, 246, 2
267, 214, 132, 2
267, 214, 148, 4
267, 214, 145, 4
267, 214, 144, 4
267, 214, 119, 4
267, 214, 109, 3
267, 214, 184, 3
267, 214, 87, 2
267, 214, 180, 2
267, 214, 131, 2
267, 214, 178, 1
267, 214, 140, 5
267, 214, 108, 2
267, 214, 107, 3
267, 214, 221, 1
267, 214, 103, 3
DTG
0, 222, 0, 1, 2
0, 222, 0, 1, 2
0, 222, 0, 1, 2
0, 222, 0, 1, 2
0, 222, 0, 1, 2
0, 222, 0, 1, 2
0, 222, 0, 1, 2
0, 222, 0, 1, 2
0, 222, 0, 1, 2
0, 222, 0, 1, 2
0, 222, 0, 1, 2
0, 222, 0, 1, 2
0, 222, 0, 1, 2
0, 222, 0, 1, 2
0, 222, 0, 1, 2
0, 222, 0, 1, 2
0, 222, 0, 1, 2
0, 222, 0, 1, 2
0, 222, 0, 1, 2
0, 222, 0, 1, 2
0, 222, 0, 1, 2
0, 222, 0, 1, 2
0, 222, 0, 1, 2
0, 222, 0, 1, 2
0, 222, 0, 1, 2
0, 222, 0, 1, 2
0, 222, 0, 1, 2
0, 222, 0, 1, 2
0, 222, 0, 1, 2
0, 222, 0, 1, 2
0, 222, 0, 1, 2
0, 222, 0, 1, 2
0, 222, 0, 1, 2
0, 222, 0, 1, 2
0, 222, 0, 1, 2
0, 222, 0, 1, 2
0, 222, 0, 1, 2
0, 222, 0, 1, 2
0, 222, 0, 1, 2
0, 222, 0, 1, 2
0, 222, 0, 1, 2
0, 222, 0, 1, 2
0, 222, 0, 1, 2
0, 222, 0, 1, 2
0, 222, 0, 1, 2
0, 222, 0, 1, 2
0, 222, 0, 1, 2
0, 222, 0, 1, 2
0, 222, 0, 1, 2
0, 222, 0, 1, 2
0, 222, 0, 1, 2
0, 222, 0, 1, 2
0, 222, 0, 1, 2
0, 222, 0, 1, 2
0, 222, 0, 1, 2
0, 222, 0, 1, 2
0, 222, 0, 1, 2
0, 222, 0, 1, 2
0, 222, 0, 1, 2
0, 222, 0, 1, 2
0, 222, 0, 1, 2
0, 222, 0, 1, 2
0, 222, 0, 1, 2
0, 222, 0, 1, 2
0, 222, 0, 1, 2
0, 222, 0, 1, 2
0, 222, 0, 1, 2
0, 222, 0, 1, 2
0, 222, 0, 1, 2
0, 222, 0, 1, 2
0, 222, 0, 1, 2
0, 222, 0, 1, 2
0, 222, 0, 1, 2
0, 222, 0, 1, 2
0, 222, 0, 1, 2
0, 222, 0, 1, 2
0, 222, 0, 1, 2
0, 222, 0, 1, 2
0, 222, 0, 1, 2
0, 222, 0, 1, 2
0, 222, 0, 1, 2
0, 222, 0, 1, 2
0, 222, 0, 1, 2
0, 222, 0, 1, 2
0, 222, 0, 1, 2
0, 222, 0, 1, 2
0, 222, 0, 1, 2
0, 222, 0, 1, 2
0, 222, 0, 1, 2
0, 222, 0, 1, 2
0, 222, 0, 1, 2
0, 222, 0, 1, 2
0, 222, 0, 1, 2
0, 222, 0, 1, 2
0, 222, 0, 1, 2
0, 222, 0, 1, 2
0, 222, 0, 1, 2
0, 222, 0, 1, 2
0, 222, 0, 1, 2
0, 222, 0, 1, 2
0, 222, 0, 1, 2
0, 222, 0, 1, 2
0, 222, 0, 1, 2
0, 222, 0, 1, 2
0, 222, 0, 1, 2
0, 222, 0, 1, 2
0, 222, 0, 1, 2
0, 222, 0, 1, 2
0, 222, 0, 1, 2
0, 222, 0, 1, 2
0, 222, 0, 1, 2
0, 222, 0, 1, 2
0, 222, 0, 1, 2
0, 222, 0, 1, 2
0, 222, 0, 1, 2
0, 222, 0, 1, 2
0, 222, 0, 1, 2
0, 222, 0, 1, 2
0, 222, 0, 1, 2
0, 222, 0, 1, 2
0, 222, 0, 1, 2
0, 222, 0, 1, 2
0, 222, 0, 1, 2
0, 222, 0, 1, 2
0, 222, 0, 1, 2
0, 222, 0, 1, 2
0, 222, 0, 1, 2
0, 222, 0, 1, 2
0, 222, 0, 1, 2
0, 222, 0, 1, 2
0, 222, 0, 1, 2
0, 222, 0, 1, 2
0, 222, 0, 1, 2
0, 222, 0, 1, 2
0, 222, 0, 1, 2
0, 222, 0, 1, 2
0, 222, 0, 1, 2
0, 222, 0, 1, 2
0, 222, 0, 1, 2
0, 222, 0, 1, 2
0, 222, 0, 1, 2
0, 222, 0, 1, 2
0, 222, 0, 1, 2
0, 222, 0, 1, 2
0, 222, 0, 1, 2
0, 222, 0, 1, 2
0, 222, 0, 1, 2
0, 222, 0, 1, 2
0, 222, 0, 1, 2
0, 222, 0, 1, 2
0, 222, 0, 1, 2
0, 222, 0, 1, 2
0, 222, 0, 1, 2
0, 222, 0, 1, 2
0, 222, 0, 1, 2
0, 222, 0, 1, 2
0, 222, 0, 1, 2
0, 222, 0, 1, 2
0, 222, 0, 1, 2
0, 222, 0, 1, 2
0, 222, 0, 1, 2
0, 222, 0, 1, 2
0, 222, 0, 1, 2
0, 222, 0, 1, 2
0, 222, 0, 1, 2
0, 222, 0, 1, 2
0, 222, 0, 1, 2
0, 222, 0, 1, 2
0, 222, 0, 1, 2
0, 222, 0, 1, 2
0, 222, 0, 1, 2
0, 222, 0, 1, 2
0, 222, 0, 1, 2
0, 222, 0, 1, 2
0, 222, 0, 1, 2
0, 222, 0, 1, 2
0, 222, 0, 1, 2
0, 222, 0, 1, 2
0, 222, 0, 1, 2
0, 222, 0, 1, 2
0, 222, 0, 1, 2
0, 222, 0, 1, 2
0, 222, 0, 1, 2
0, 222, 0, 1, 2
0, 222, 0, 1, 2
0, 222, 0, 1, 2
0, 222, 0, 1, 2
0, 222, 0, 1, 2
0, 222, 0, 1, 2
0, 222, 0, 1, 2
0, 222, 0, 1, 2
0, 222, 0, 1, 2
0, 222, 0, 1, 2
0, 222, 0, 1, 2
0, 222, 0, 1, 2
0, 222, 0, 1, 2
0, 222, 0, 1, 2
0, 222, 0, 1, 2
0, 222, 0, 1, 2
0, 222, 0, 1, 2
0, 222, 0, 1, 2
0, 222, 0, 1, 3
0, 222, 0, 1, 3
0, 222, 0, 1, 3
0, 222, 0, 1, 3
0, 222, 0, 1, 3
0, 222, 0, 1, 4
0, 222, 0, 1, 4
0, 222, 0, 1, 4
0, 222, 0, 1, 4
0, 222, 0, 1, 4
0, 222, 0, 1, 4
0, 222, 0, 1, 4
0, 222, 0, 1, 4
0, 222, 0, 1, 4
0, 222, 0, 1, 5
0, 222, 0, 1, 5
0, 222, 0, 1, 5
0, 222, 0, 1, 5
0, 222, 0, 1, 5
0, 222, 0, 1, 5
0, 222, 0, 1, 5
0, 282, 1, 0, 3
0, 282, 1, 0, 3
0, 282, 1, 0, 3
0, 282, 1, 0, 3
0, 282, 1, 0, 3
0, 282, 1, 0, 3
0, 282, 1, 0, 3
0, 282, 1, 0, 3
0, 282, 1, 0, 3
0, 282, 1, 0, 3
0, 282, 1, 0, 3
0, 282, 1, 0, 3
0, 282, 1, 0, 3
0, 282, 1, 0, 3
0, 282, 1, 0, 3
0, 282, 1, 0, 3
0, 282, 1, 0, 3
0, 282, 1, 0, 3
0, 282, 1, 0, 3
0, 282, 1, 0, 3
0, 282, 1, 0, 3
0, 282, 1, 0, 3
0, 282, 1, 0, 3
0, 282, 1, 0, 3
0, 282, 1, 0, 3
0, 282, 1, 0, 3
0, 282, 1, 0, 3
0, 282, 1, 0, 3
0, 282, 1, 0, 3
0, 282, 1, 0, 3
0, 282, 1, 0, 3
0, 282, 1, 0, 3
0, 282, 1, 0, 3
0, 282, 1, 0, 3
0, 282, 1, 0, 3
0, 282, 1, 0, 3
0, 282, 1, 0, 3
0, 282, 1, 0, 3
0, 282, 1, 0, 3
0, 282, 1, 0, 3
0, 282, 1, 0, 3
0, 282, 1, 0, 3
0, 282, 1, 0, 3
0, 282, 1, 0, 3
0, 282, 1, 0, 3
0, 282, 1, 0, 3
0, 282, 1, 0, 3
0, 282, 1, 0, 3
0, 282, 1, 0, 3
0, 282, 1, 0, 3
0, 282, 1, 0, 3
0, 282, 1, 0, 3
0, 282, 1, 0, 3
0, 282, 1, 0, 3
0, 282, 1, 0, 3
0, 282, 1, 0, 3
0, 282, 1, 0, 3
0, 282, 1, 0, 3
0, 282, 1, 0, 3
0, 282, 1, 0, 3
0, 282, 1, 0, 3
0, 282, 1, 0, 3
0, 282, 1, 0, 3
0, 282, 1, 0, 3
0, 282, 1, 0, 3
0, 282, 1, 0, 3
0, 282, 1, 0, 3
0, 282, 1, 0, 3
0, 282, 1, 0, 3
0, 282, 1, 0, 3
0, 282, 1, 0, 3
0, 282, 1, 0, 3
0, 282, 1, 0, 3
0, 282, 1, 0, 3
0, 282, 1, 0, 3
0, 282, 1, 0, 3
0, 282, 1, 0, 3
0, 282, 1, 0, 3
0, 282, 1, 0, 3
0, 282, 1, 0, 3
0, 282, 1, 0, 3
0, 282, 1, 0, 3
0, 282, 1, 0, 3
0, 282, 1, 0, 3
0, 282, 1, 0, 3
0, 282, 1, 0, 3
0, 282, 1, 0, 3
0, 282, 1, 0, 3
0, 282, 1, 0, 3
0, 282, 1, 0, 3
0, 282, 1, 0, 3
0, 282, 1, 0, 3
0, 282, 1, 0, 3
0, 282, 1, 0, 3
0, 282, 1, 0, 3
0, 282, 1, 0, 3
0, 282, 1, 0, 3
0, 282, 1, 0, 3
0, 282, 1, 0, 3
0, 282, 1, 0, 3
0, 282, 1, 0, 3
0, 282, 1, 0, 3
0, 282, 1, 0, 3
0, 282, 1, 0, 3
0, 282, 1, 0, 3
0, 282, 1, 0, 3
0, 282, 1, 0, 3
0, 282, 1, 0, 3
0, 282, 1, 0, 3
0, 282, 1, 0, 3
0, 282, 1, 0, 3
0, 282, 1, 0, 3
0, 282, 1, 0, 3
0, 282, 1, 0, 3
0, 282, 1, 0, 3
0, 282, 1, 0, 3
0, 282, 1, 0, 3
0, 282, 1, 0, 3
0, 282, 1, 0, 3
0, 282, 1, 0, 3
0, 282, 1, 0, 3
0, 282, 1, 0, 3
0, 282, 1, 0, 3
0, 282, 1, 0, 3
0, 282, 1, 0, 3
0, 282, 1, 0, 3
0, 282, 1, 0, 3
0, 282, 1, 0, 3
0, 282, 1, 0, 3
0, 282, 1, 0, 3
0, 282, 1, 0, 3
0, 282, 1, 0, 3
0, 282, 1, 0, 3
0, 282, 1, 0, 3
0, 282, 1, 0, 3
0, 282, 1, 0, 3
0, 282, 1, 0, 3
0, 282, 1, 0, 3
0, 282, 1, 0, 3
0, 282, 1, 0, 3
0, 282, 1, 0, 3
0, 282, 1, 0, 3
0, 282, 1, 0, 3
0, 282, 1, 0, 3
0, 282, 1, 0, 3
0, 282, 1, 0, 3
0, 282, 1, 0, 3
0, 282, 1, 0, 3
0, 282, 1, 0, 3
0, 282, 1, 0, 3
0, 282, 1, 0, 3
0, 282, 1, 0, 3
0, 282, 1, 0, 3
0, 282, 1, 0, 3
0, 282, 1, 0, 3
0, 282, 1, 0, 3
0, 282, 1, 0, 3
0, 282, 1, 0, 3
0, 282, 1, 0, 3
0, 282, 1, 0, 3
0, 282, 1, 0, 3
0, 282, 1, 0, 3
0, 282, 1, 0, 3
0, 282, 1, 0, 3
0, 282, 1, 0, 3
0, 282, 1, 0, 3
0, 282, 1, 0, 3
0, 282, 1, 0, 3
0, 282, 1, 0, 3
0, 282, 1, 0, 3
0, 282, 1, 0, 3
0, 282, 1, 0, 3
0, 282, 1, 0, 3
0, 282, 1, 0, 3
0, 282, 1, 0, 3
0, 282, 1, 0, 3
0, 282, 1, 0, 3
0, 282, 1, 0, 3
0, 282, 1, 0, 3
0, 282, 1, 0, 3
0, 282, 1, 0, 3
0, 282, 1, 0, 3
0, 282, 1, 0, 3
0, 282, 1, 0, 3
0, 282, 1, 0, 3
0, 282, 1, 0, 3
0, 282, 1, 0, 3
0, 282, 1, 0, 3
0, 282, 1, 0, 3
0, 282, 1, 0, 3
0, 282, 1, 0, 3
0, 282, 1, 0, 3
0, 282, 1, 0, 3
0, 282, 1, 0, 3
0, 282, 1, 0, 3
0, 282, 1, 0, 3
0, 282, 1, 0, 3
0, 282, 1, 0, 3
0, 282, 1, 0, 3
0, 282, 1, 0, 3
0, 282, 1, 0, 3
0, 282, 1, 0, 3
0, 282, 1, 0, 3
0, 282, 1, 0, 3
0, 282, 1, 0, 3
0, 282, 1, 0, 3
0, 282, 1, 0, 3
0, 282, 1, 0, 3
0, 282, 1, 0, 3
0, 282, 1, 0, 3
0, 282, 1, 0, 3
0, 282, 1, 0, 3
0, 282, 1, 0, 3
0, 282, 1, 0, 3
0, 282, 1, 0, 3
0, 282, 1, 0, 3
0, 282, 1, 0, 3
0, 282, 1, 0, 3
0, 282, 1, 0, 3
0, 282, 1, 0, 3
0, 282, 1, 0, 3
0, 282, 1, 0, 3
0, 282, 1, 0, 3
0, 282, 1, 0, 3
0, 282, 1, 0, 3
0, 282, 1, 0, 3
0, 282, 1, 0, 3
0, 282, 1, 0, 3
0, 282, 1, 0, 3
0, 282, 1, 0, 3
0, 282, 1, 0, 3
0, 282, 1, 0, 3
0, 282, 1, 0, 3
0, 282, 1, 0, 3
0, 282, 1, 0, 3
0, 282, 1, 0, 3
0, 282, 1, 0, 3
0, 282, 1, 0, 3
0, 282, 1, 0, 3
0, 282, 1, 0, 3
0, 282, 1, 0, 3
0, 282, 1, 0, 3
0, 282, 1, 0, 3
0, 282, 1, 0, 3
0, 282, 1, 0, 3
0, 282, 1, 0, 3
0, 282, 1, 0, 3
0, 282, 1, 0, 3
0, 282, 1, 0, 3
0, 282, 1, 0, 3
0, 282, 1, 0, 3
0, 282, 1, 0, 3
0, 282, 1, 0, 3
0, 282, 1, 0, 3
0, 282, 1, 0, 3
0, 282, 1, 0, 3
0, 282, 1, 0, 3
0, 282, 1, 0, 3
0, 282, 1, 0, 3
0, 282, 1, 0, 3
0, 282, 1, 0, 3
0, 282, 1, 0, 3
0, 282, 1, 0, 3
0, 282, 1, 0, 3
0, 282, 1, 0, 3
0, 282, 1, 0, 3
0, 282, 1, 0, 3
0, 282, 1, 0, 3
0, 282, 1, 0, 3
0, 282, 1, 0, 3
0, 282, 1, 0, 3
0, 282, 1, 0, 3
0, 282, 1, 0, 3
0, 282, 1, 0, 3
0, 282, 1, 0, 3
0, 282, 1, 0, 3
0, 282, 1, 0, 3
0, 282, 1, 0, 3
0, 282, 1, 0, 3
0, 282, 1, 0, 3
0, 282, 1, 0, 3
0, 282, 1, 0, 3
1, 1, 0, 1, 1
1, 1, 1, 0, 2
2, 1, 0, 1, 1
2, 1, 1, 0, 2
3, 1, 0, 1, 1
3, 1, 1, 0, 2
4, 1, 0, 1, 1
4, 1, 1, 0, 2
5, 1, 0, 1, 1
5, 1, 1, 0, 2
6, 1, 0, 1, 1
6, 1, 1, 0, 2
7, 1, 0, 1, 1
7, 1, 1, 0, 2
8, 1, 0, 1, 1
8, 1, 1, 0, 2
9, 1, 0, 1, 1
9, 1, 1, 0, 2
10, 1, 0, 1, 1
10, 1, 1, 0, 2
11, 1, 0, 1, 1
11, 1, 1, 0, 2
12, 1, 0, 1, 1
12, 1, 1, 0, 2
13, 1, 0, 1, 1
13, 1, 1, 0, 2
14, 1, 0, 1, 1
14, 1, 1, 0, 2
15, 1, 0, 1, 1
15, 1, 1, 0, 2
16, 1, 0, 1, 1
16, 1, 1, 0, 2
17, 1, 0, 1, 1
17, 1, 1, 0, 2
18, 1, 0, 1, 1
18, 1, 1, 0, 2
19, 1, 0, 1, 1
19, 1, 1, 0, 2
20, 1, 0, 1, 1
20, 1, 1, 0, 2
21, 1, 0, 1, 1
21, 1, 1, 0, 2
22, 1, 0, 1, 1
22, 1, 1, 0, 2
23, 1, 0, 1, 1
23, 1, 1, 0, 2
24, 1, 0, 1, 1
24, 1, 1, 0, 2
25, 1, 0, 1, 1
25, 1, 1, 0, 2
26, 1, 0, 1, 1
26, 1, 1, 0, 2
27, 1, 0, 1, 1
27, 1, 1, 0, 2
28, 1, 0, 1, 1
28, 1, 1, 0, 2
29, 1, 0, 1, 1
29, 1, 1, 0, 2
30, 1, 0, 1, 1
30, 1, 1, 0, 2
31, 1, 0, 1, 1
31, 1, 1, 0, 2
32, 1, 0, 1, 1
32, 1, 1, 0, 2
33, 3, 0, 1, 1
33, 3, 0, 1, 2
33, 3, 0, 1, 2
34, 1, 0, 1, 1
34, 1, 1, 0, 2
35, 1, 0, 1, 1
35, 2, 1, 0, 2
35, 2, 1, 0, 2
36, 2, 0, 1, 1
36, 2, 0, 1, 2
36, 1, 1, 0, 2
37, 2, 0, 1, 1
37, 2, 0, 1, 2
37, 1, 1, 0, 2
38, 1, 0, 1, 2
38, 1, 1, 0, 2
39, 1, 0, 1, 2
39, 1, 1, 0, 2
40, 1, 0, 1, 1
40, 1, 1, 0, 3
41, 2, 0, 1, 1
41, 2, 0, 1, 2
41, 1, 1, 0, 2
42, 2, 0, 1, 1
42, 2, 0, 1, 2
42, 1, 1, 0, 2
43, 2, 0, 1, 1
43, 2, 0, 1, 2
43, 1, 1, 0, 2
44, 2, 0, 1, 1
44, 2, 0, 1, 2
44, 1, 1, 0, 2
45, 2, 0, 1, 1
45, 2, 0, 1, 2
45, 1, 1, 0, 2
46, 2, 0, 1, 1
46, 2, 0, 1, 2
46, 1, 1, 0, 2
47, 2, 0, 1, 1
47, 2, 0, 1, 2
47, 1, 1, 0, 2
48, 2, 0, 1, 1
48, 2, 0, 1, 2
48, 1, 1, 0, 2
49, 1, 0, 1, 1
49, 2, 1, 0, 2
49, 2, 1, 0, 3
50, 2, 0, 1, 1
50, 2, 0, 1, 2
50, 1, 1, 0, 2
51, 2, 0, 1, 1
51, 2, 0, 1, 2
51, 1, 1, 0, 2
52, 2, 0, 1, 1
52, 2, 0, 1, 2
52, 1, 1, 0, 2
53, 1, 0, 1, 1
53, 2, 1, 0, 2
53, 2, 1, 0, 3
54, 2, 0, 1, 1
54, 2, 0, 1, 2
54, 1, 1, 0, 2
55, 2, 0, 1, 1
55, 2, 0, 1, 2
55, 1, 1, 0, 2
56, 2, 0, 1, 1
56, 2, 0, 1, 2
56, 1, 1, 0, 2
57, 2, 0, 1, 1
57, 2, 0, 1, 2
57, 1, 1, 0, 2
58, 1, 0, 1, 1
58, 2, 1, 0, 2
58, 2, 1, 0, 3
59, 2, 0, 1, 1
59, 2, 0, 1, 2
59, 1, 1, 0, 2
60, 2, 0, 1, 1
60, 2, 0, 1, 2
60, 1, 1, 0, 2
61, 2, 0, 1, 1
61, 2, 0, 1, 2
61, 1, 1, 0, 2
62, 2, 0, 1, 1
62, 2, 0, 1, 2
62, 1, 1, 0, 2
63, 2, 0, 1, 1
63, 2, 0, 1, 2
63, 1, 1, 0, 2
64, 1, 0, 1, 1
64, 2, 1, 0, 2
64, 2, 1, 0, 3
65, 2, 0, 1, 1
65, 2, 0, 1, 2
65, 1, 1, 0, 2
66, 2, 0, 1, 1
66, 2, 0, 1, 2
66, 1, 1, 0, 2
67, 2, 0, 1, 1
67, 2, 0, 1, 2
67, 1, 1, 0, 2
68, 3, 0, 1, 1
68, 3, 0, 1, 2
68, 3, 0, 1, 2
68, 1, 1, 0, 2
69, 3, 0, 1, 1
69, 3, 0, 1, 2
69, 3, 0, 1, 2
69, 1, 1, 0, 2
70, 2, 0, 1, 1
70, 2, 0, 1, 2
70, 2, 1, 0, 2
70, 2, 1, 0, 3
71, 3, 0, 1, 1
71, 3, 0, 1, 2
71, 3, 0, 1, 2
71, 1, 1, 0, 2
72, 2, 0, 1, 1
72, 2, 0, 1, 2
72, 2, 1, 0, 2
72, 2, 1, 0, 3
73, 3, 0, 1, 1
73, 3, 0, 1, 2
73, 3, 0, 1, 2
73, 1, 1, 0, 2
74, 3, 0, 1, 1
74, 3, 0, 1, 2
74, 3, 0, 1, 2
74, 1, 1, 0, 2
75, 3, 0, 1, 1
75, 3, 0, 1, 2
75, 3, 0, 1, 2
75, 1, 1, 0, 2
76, 1, 0, 1, 1
76, 3, 1, 0, 2
76, 3, 1, 0, 3
76, 3, 1, 0, 3
77, 1, 0, 1, 1
77, 2, 1, 0, 2
77, 2, 1, 0, 3
78, 1, 0, 1, 1
78, 2, 1, 0, 2
78, 2, 1, 0, 3
79, 3, 0, 1, 1
79, 3, 0, 1, 2
79, 3, 0, 1, 2
79, 1, 1, 0, 2
80, 3, 0, 1, 1
80, 3, 0, 1, 2
80, 3, 0, 1, 2
80, 1, 1, 0, 2
81, 3, 0, 1, 1
81, 3, 0, 1, 2
81, 3, 0, 1, 2
81, 1, 1, 0, 2
82, 3, 0, 1, 1
82, 3, 0, 1, 2
82, 3, 0, 1, 2
82, 1, 1, 0, 2
83, 3, 0, 1, 1
83, 3, 0, 1, 2
83, 3, 0, 1, 2
83, 1, 1, 0, 2
84, 3, 0, 1, 1
84, 3, 0, 1, 2
84, 3, 0, 1, 2
84, 1, 1, 0, 2
85, 1, 0, 1, 1
85, 2, 1, 0, 2
85, 2, 1, 0, 3
86, 1, 0, 1, 1
86, 2, 1, 0, 2
86, 2, 1, 0, 3
87, 3, 0, 1, 1
87, 3, 0, 1, 2
87, 3, 0, 1, 2
87, 1, 1, 0, 2
88, 1, 0, 1, 1
88, 2, 1, 0, 2
88, 2, 1, 0, 3
89, 3, 0, 1, 1
89, 3, 0, 1, 2
89, 3, 0, 1, 2
89, 1, 1, 0, 2
90, 3, 0, 1, 1
90, 3, 0, 1, 2
90, 3, 0, 1, 2
90, 1, 1, 0, 2
91, 3, 0, 1, 1
91, 3, 0, 1, 2
91, 3, 0, 1, 2
91, 1, 1, 0, 2
92, 3, 0, 1, 1
92, 3, 0, 1, 2
92, 3, 0, 1, 2
92, 1, 1, 0, 2
93, 3, 0, 1, 1
93, 3, 0, 1, 2
93, 3, 0, 1, 2
93, 1, 1, 0, 2
94, 3, 0, 1, 1
94, 3, 0, 1, 2
94, 3, 0, 1, 2
94, 1, 1, 0, 2
95, 1, 0, 1, 1
95, 2, 1, 0, 2
95, 2, 1, 0, 3
96, 3, 0, 1, 1
96, 3, 0, 1, 2
96, 3, 0, 1, 2
96, 1, 1, 0, 2
97, 1, 0, 1, 1
97, 2, 1, 0, 2
97, 2, 1, 0, 3
98, 3, 0, 1, 1
98, 3, 0, 1, 2
98, 3, 0, 1, 2
98, 2, 1, 0, 2
98, 2, 1, 0, 3
99, 3, 0, 1, 1
99, 3, 0, 1, 2
99, 3, 0, 1, 2
99, 2, 1, 0, 2
99, 2, 1, 0, 3
100, 3, 0, 1, 1
100, 3, 0, 1, 2
100, 3, 0, 1, 2
100, 2, 1, 0, 2
100, 2, 1, 0, 3
101, 3, 0, 1, 1
101, 3, 0, 1, 2
101, 3, 0, 1, 2
101, 2, 1, 0, 2
101, 2, 1, 0, 3
102, 2, 0, 1, 1
102, 2, 0, 1, 2
102, 3, 1, 0, 2
102, 3, 1, 0, 3
102, 3, 1, 0, 3
103, 2, 0, 1, 1
103, 2, 0, 1, 2
103, 3, 1, 0, 2
103, 3, 1, 0, 3
103, 3, 1, 0, 3
104, 2, 0, 1, 1
104, 2, 0, 1, 2
104, 2, 1, 0, 2
104, 2, 1, 0, 3
105, 2, 0, 1, 1
105, 2, 0, 1, 2
105, 2, 1, 0, 2
105, 2, 1, 0, 3
106, 2, 0, 1, 1
106, 2, 0, 1, 2
106, 2, 1, 0, 2
106, 2, 1, 0, 3
107, 4, 0, 1, 1
107, 4, 0, 1, 2
107, 4, 0, 1, 2
107, 4, 0, 1, 2
107, 1, 1, 0, 2
108, 2, 0, 1, 1
108, 2, 0, 1, 2
108, 2, 1, 0, 2
108, 2, 1, 0, 3
109, 4, 0, 1, 1
109, 4, 0, 1, 2
109, 4, 0, 1, 2
109, 4, 0, 1, 2
109, 1, 1, 0, 2
110, 2, 0, 1, 1
110, 2, 0, 1, 2
110, 2, 1, 0, 2
110, 2, 1, 0, 3
111, 4, 0, 1, 1
111, 4, 0, 1, 2
111, 4, 0, 1, 2
111, 4, 0, 1, 2
111, 1, 1, 0, 2
112, 4, 0, 1, 1
112, 4, 0, 1, 2
112, 4, 0, 1, 2
112, 4, 0, 1, 2
112, 1, 1, 0, 2
113, 1, 0, 1, 1
113, 4, 1, 0, 2
113, 4, 1, 0, 3
113, 4, 1, 0, 3
113, 4, 1, 0, 3
114, 4, 0, 1, 1
114, 4, 0, 1, 2
114, 4, 0, 1, 2
114, 4, 0, 1, 2
114, 1, 1, 0, 2
115, 4, 0, 1, 1
115, 4, 0, 1, 2
115, 4, 0, 1, 2
115, 4, 0, 1, 2
115, 1, 1, 0, 2
116, 2, 0, 1, 1
116, 2, 0, 1, 2
116, 2, 1, 0, 2
116, 2, 1, 0, 3
117, 3, 0, 1, 1
117, 3, 0, 1, 2
117, 3, 0, 1, 2
117, 3, 1, 0, 2
117, 3, 1, 0, 3
117, 3, 1, 0, 3
118, 3, 0, 1, 1
118, 3, 0, 1, 2
118, 3, 0, 1, 2
118, 3, 1, 0, 2
118, 3, 1, 0, 3
118, 3, 1, 0, 3
119, 4, 0, 1, 1
119, 4, 0, 1, 2
119, 4, 0, 1, 2
119, 4, 0, 1, 2
119, 2, 1, 0, 2
119, 2, 1, 0, 3
120, 3, 0, 1, 1
120, 3, 0, 1, 2
120, 3, 0, 1, 2
120, 2, 1, 0, 2
120, 2, 1, 0, 3
121, 1, 0, 1, 1
121, 3, 1, 0, 2
121, 3, 1, 0, 3
121, 3, 1, 0, 3
122, 1, 0, 1, 1
122, 3, 1, 0, 2
122, 3, 1, 0, 3
122, 3, 1, 0, 3
123, 1, 0, 1, 1
123, 3, 1, 0, 2
123, 3, 1, 0, 3
123, 3, 1, 0, 3
124, 1, 0, 1, 1
124, 3, 1, 0, 2
124, 3, 1, 0, 3
124, 3, 1, 0, 3
125, 5, 0, 1, 1
125, 5, 0, 1, 2
125, 5, 0, 1, 2
125, 5, 0, 1, 2
125, 5, 0, 1, 2
125, 1, 1, 0, 2
126, 3, 0, 1, 1
126, 3, 0, 1, 2
126, 3, 0, 1, 2
126, 2, 1, 0, 2
126, 2, 1, 0, 3
127, 3, 0, 1, 1
127, 3, 0, 1, 2
127, 3, 0, 1, 2
127, 2, 1, 0, 2
127, 2, 1, 0, 3
128, 3, 0, 1, 1
128, 3, 0, 1, 2
128, 3, 0, 1, 2
128, 2, 1, 0, 2
128, 2, 1, 0, 3
129, 3, 0, 1, 1
129, 3, 0, 1, 2
129, 3, 0, 1, 2
129, 2, 1, 0, 2
129, 2, 1, 0, 3
130, 1, 0, 1, 1
130, 3, 1, 0, 2
130, 3, 1, 0, 3
130, 3, 1, 0, 3
131, 1, 0, 1, 1
131, 3, 1, 0, 2
131, 3, 1, 0, 3
131, 3, 1, 0, 3
132, 1, 0, 1, 1
132, 3, 1, 0, 2
132, 3, 1, 0, 3
132, 3, 1, 0, 3
133, 4, 0, 1, 1
133, 4, 0, 1, 2
133, 4, 0, 1, 2
133, 4, 0, 1, 2
133, 3, 1, 0, 2
133, 3, 1, 0, 3
133, 3, 1, 0, 3
134, 3, 0, 1, 1
134, 3, 0, 1, 2
134, 3, 0, 1, 2
134, 3, 1, 0, 2
134, 3, 1, 0, 3
134, 3, 1, 0, 3
135, 3, 0, 1, 1
135, 3, 0, 1, 2
135, 3, 0, 1, 2
135, 3, 1, 0, 2
135, 3, 1, 0, 3
135, 3, 1, 0, 3
136, 3, 0, 1, 1
136, 3, 0, 1, 2
136, 3, 0, 1, 2
136, 3, 1, 0, 2
136, 3, 1, 0, 3
136, 3, 1, 0, 3
137, 2, 0, 1, 1
137, 2, 0, 1, 2
137, 3, 1, 0, 2
137, 3, 1, 0, 3
137, 3, 1, 0, 3
138, 4, 0, 1, 1
138, 4, 0, 1, 2
138, 4, 0, 1, 2
138, 4, 0, 1, 2
138, 3, 1, 0, 2
138, 3, 1, 0, 3
138, 3, 1, 0, 3
139, 4, 0, 1, 1
139, 4, 0, 1, 2
139, 4, 0, 1, 2
139, 4, 0, 1, 2
139, 3, 1, 0, 2
139, 3, 1, 0, 3
139, 3, 1, 0, 3
140, 3, 0, 1, 1
140, 3, 0, 1, 2
140, 3, 0, 1, 2
140, 4, 1, 0, 2
140, 4, 1, 0, 3
140, 4, 1, 0, 3
140, 4, 1, 0, 3
141, 4, 0, 1, 1
141, 4, 0, 1, 2
141, 4, 0, 1, 2
141, 4, 0, 1, 2
141, 3, 1, 0, 2
141, 3, 1, 0, 3
141, 3, 1, 0, 3
142, 2, 0, 1, 1
142, 2, 0, 1, 2
142, 3, 1, 0, 2
142, 3, 1, 0, 3
142, 3, 1, 0, 3
143, 2, 0, 1, 1
143, 2, 0, 1, 2
143, 3, 1, 0, 2
143, 3, 1, 0, 3
143, 3, 1, 0, 3
144, 4, 0, 1, 1
144, 4, 0, 1, 2
144, 4, 0, 1, 2
144, 4, 0, 1, 2
144, 2, 1, 0, 2
144, 2, 1, 0, 3
145, 2, 0, 1, 1
145, 2, 0, 1, 2
145, 4, 1, 0, 2
145, 4, 1, 0, 3
145, 4, 1, 0, 3
145, 4, 1, 0, 3
146, 3, 0, 1, 1
146, 3, 0, 1, 2
146, 3, 0, 1, 2
146, 3, 1, 0, 2
146, 3, 1, 0, 3
146, 3, 1, 0, 3
147, 3, 0, 1, 1
147, 3, 0, 1, 2
147, 3, 0, 1, 2
147, 3, 1, 0, 2
147, 3, 1, 0, 3
147, 3, 1, 0, 3
148, 3, 0, 1, 1
148, 3, 0, 1, 2
148, 3, 0, 1, 2
148, 3, 1, 0, 2
148, 3, 1, 0, 3
148, 3, 1, 0, 3
149, 1, 0, 1, 1
149, 4, 1, 0, 2
149, 4, 1, 0, 3
149, 4, 1, 0, 3
149, 4, 1, 0, 3
150, 1, 0, 1, 1
150, 4, 1, 0, 2
150, 4, 1, 0, 3
150, 4, 1, 0, 3
150, 4, 1, 0, 3
151, 2, 0, 1, 1
151, 2, 0, 1, 2
151, 4, 1, 0, 2
151, 4, 1, 0, 3
151, 4, 1, 0, 3
151, 4, 1, 0, 3
152, 5, 0, 1, 1
152, 5, 0, 1, 2
152, 5, 0, 1, 2
152, 5, 0, 1, 2
152, 5, 0, 1, 2
152, 3, 1, 0, 2
152, 3, 1, 0, 3
152, 3, 1, 0, 3
153, 5, 0, 1, 1
153, 5, 0, 1, 2
153, 5, 0, 1, 2
153, 5, 0, 1, 2
153, 5, 0, 1, 2
153, 3, 1, 0, 2
153, 3, 1, 0, 3
153, 3, 1, 0, 3
154, 3, 0, 1, 1
154, 3, 0, 1, 2
154, 3, 0, 1, 2
154, 4, 1, 0, 2
154, 4, 1, 0, 3
154, 4, 1, 0, 3
154, 4, 1, 0, 3
155, 1, 0, 1, 1
155, 5, 1, 0, 2
155, 5, 1, 0, 3
155, 5, 1, 0, 3
155, 5, 1, 0, 3
155, 5, 1, 0, 3
156, 4, 0, 1, 1
156, 4, 0, 1, 2
156, 4, 0, 1, 2
156, 4, 0, 1, 2
156, 4, 1, 0, 2
156, 4, 1, 0, 3
156, 4, 1, 0, 3
156, 4, 1, 0, 3
157, 5, 0, 1, 1
157, 5, 0, 1, 2
157, 5, 0, 1, 2
157, 5, 0, 1, 2
157, 5, 0, 1, 2
157, 4, 1, 0, 2
157, 4, 1, 0, 3
157, 4, 1, 0, 3
157, 4, 1, 0, 3
158, 4, 0, 1, 1
158, 4, 0, 1, 2
158, 4, 0, 1, 2
158, 4, 0, 1, 2
158, 4, 1, 0, 2
158, 4, 1, 0, 3
158, 4, 1, 0, 3
158, 4, 1, 0, 3
159, 5, 0, 1, 1
159, 5, 0, 1, 2
159, 5, 0, 1, 2
159, 5, 0, 1, 2
159, 5, 0, 1, 2
159, 4, 1, 0, 2
159, 4, 1, 0, 3
159, 4, 1, 0, 3
159, 4, 1, 0, 3
160, 2, 0, 1, 1
160, 2, 0, 1, 2
160, 6, 1, 0, 2
160, 6, 1, 0, 3
160, 6, 1, 0, 3
160, 6, 1, 0, 3
160, 6, 1, 0, 3
160, 6, 1, 0, 3
161, 4, 0, 1, 1
161, 4, 0, 1, 2
161, 4, 0, 1, 2
161, 4, 0, 1, 2
161, 5, 1, 0, 2
161, 5, 1, 0, 3
161, 5, 1, 0, 3
161, 5, 1, 0, 3
161, 5, 1, 0, 3
162, 5, 0, 1, 1
162, 5, 0, 1, 2
162, 5, 0, 1, 2
162, 5, 0, 1, 2
162, 5, 0, 1, 2
162, 5, 1, 0, 2
162, 5, 1, 0, 3
162, 5, 1, 0, 3
162, 5, 1, 0, 3
162, 5, 1, 0, 3
163, 5, 0, 1, 1
163, 5, 0, 1, 2
163, 5, 0, 1, 2
163, 5, 0, 1, 2
163, 5, 0, 1, 2
163, 6, 1, 0, 2
163, 6, 1, 0, 3
163, 6, 1, 0, 3
163, 6, 1, 0, 3
163, 6, 1, 0, 3
163, 6, 1, 0, 3
164, 6, 0, 1, 1
164, 6, 0, 1, 2
164, 6, 0, 1, 2
164, 6, 0, 1, 2
164, 6, 0, 1, 2
164, 6, 0, 1, 2
164, 7, 1, 0, 2
164, 7, 1, 0, 3
164, 7, 1, 0, 3
164, 7, 1, 0, 3
164, 7, 1, 0, 3
164, 7, 1, 0, 3
164, 7, 1, 0, 3
165, 1, 0, 1, 3
165, 1, 1, 0, 2
166, 1, 0, 1, 3
166, 1, 1, 0, 2
167, 1, 0, 1, 3
167, 1, 1, 0, 2
168, 1, 0, 1, 1
168, 1, 1, 0, 4
169, 1, 0, 1, 3
169, 1, 1, 0, 2
170, 1, 0, 1, 3
170, 1, 1, 0, 2
171, 1, 0, 1, 3
171, 1, 1, 0, 2
172, 1, 0, 1, 2
172, 2, 1, 0, 2
172, 2, 1, 0, 3
173, 2, 0, 1, 1
173, 2, 0, 1, 2
173, 3, 1, 0, 2
173, 3, 1, 0, 2
173, 3, 1, 0, 3
174, 1, 0, 1, 2
174, 2, 1, 0, 2
174, 2, 1, 0, 3
175, 1, 0, 1, 2
175, 3, 1, 0, 2
175, 3, 1, 0, 3
175, 3, 1, 0, 3
176, 2, 0, 1, 1
176, 2, 0, 1, 2
176, 1, 1, 0, 3
177, 2, 0, 1, 1
177, 2, 0, 1, 2
177, 1, 1, 0, 3
178, 2, 0, 1, 1
178, 2, 0, 1, 2
178, 1, 1, 0, 3
179, 1, 0, 1, 2
179, 3, 1, 0, 2
179, 3, 1, 0, 3
179, 3, 1, 0, 3
180, 1, 0, 1, 2
180, 3, 1, 0, 2
180, 3, 1, 0, 3
180, 3, 1, 0, 3
181, 3, 0, 1, 1
181, 3, 0, 1, 2
181, 3, 0, 1, 2
181, 3, 1, 0, 2
181, 3, 1, 0, 2
181, 3, 1, 0, 3
182, 2, 0, 1, 1
182, 2, 0, 1, 2
182, 4, 1, 0, 2
182, 4, 1, 0, 2
182, 4, 1, 0, 3
182, 4, 1, 0, 3
183, 3, 0, 1, 1
183, 3, 0, 1, 2
183, 3, 0, 1, 2
183, 3, 1, 0, 2
183, 3, 1, 0, 2
183, 3, 1, 0, 3
184, 1, 0, 1, 2
184, 4, 1, 0, 2
184, 4, 1, 0, 3
184, 4, 1, 0, 3
184, 4, 1, 0, 3
185, 2, 0, 1, 1
185, 2, 0, 1, 2
185, 5, 1, 0, 2
185, 5, 1, 0, 2
185, 5, 1, 0, 3
185, 5, 1, 0, 3
185, 5, 1, 0, 3
186, 4, 0, 1, 1
186, 4, 0, 1, 2
186, 4, 0, 1, 2
186, 4, 0, 1, 2
186, 3, 1, 0, 2
186, 3, 1, 0, 2
186, 3, 1, 0, 3
187, 3, 0, 1, 1
187, 3, 0, 1, 2
187, 3, 0, 1, 2
187, 4, 1, 0, 2
187, 4, 1, 0, 2
187, 4, 1, 0, 3
187, 4, 1, 0, 3
188, 1, 0, 1, 2
188, 5, 1, 0, 2
188, 5, 1, 0, 3
188, 5, 1, 0, 3
188, 5, 1, 0, 3
188, 5, 1, 0, 3
189, 5, 0, 1, 1
189, 5, 0, 1, 2
189, 5, 0, 1, 2
189, 5, 0, 1, 2
189, 5, 0, 1, 2
189, 1, 1, 0, 3
190, 1, 0, 1, 2
190, 3, 1, 0, 2
190, 3, 1, 0, 3
190, 3, 1, 0, 3
191, 5, 0, 1, 1
191, 5, 0, 1, 2
191, 5, 0, 1, 2
191, 5, 0, 1, 2
191, 5, 0, 1, 2
191, 4, 1, 0, 2
191, 4, 1, 0, 2
191, 4, 1, 0, 3
191, 4, 1, 0, 3
192, 4, 0, 1, 1
192, 4, 0, 1, 2
192, 4, 0, 1, 2
192, 4, 0, 1, 2
192, 5, 1, 0, 2
192, 5, 1, 0, 2
192, 5, 1, 0, 3
192, 5, 1, 0, 3
192, 5, 1, 0, 3
193, 3, 0, 1, 1
193, 3, 0, 1, 2
193, 3, 0, 1, 2
193, 6, 1, 0, 2
193, 6, 1, 0, 2
193, 6, 1, 0, 3
193, 6, 1, 0, 3
193, 6, 1, 0, 3
193, 6, 1, 0, 3
194, 4, 0, 1, 1
194, 4, 0, 1, 2
194, 4, 0, 1, 2
194, 4, 0, 1, 2
194, 6, 1, 0, 2
194, 6, 1, 0, 2
194, 6, 1, 0, 3
194, 6, 1, 0, 3
194, 6, 1, 0, 3
194, 6, 1, 0, 3
195, 4, 0, 1, 1
195, 4, 0, 1, 2
195, 4, 0, 1, 2
195, 4, 0, 1, 2
195, 6, 1, 0, 2
195, 6, 1, 0, 2
195, 6, 1, 0, 3
195, 6, 1, 0, 3
195, 6, 1, 0, 3
195, 6, 1, 0, 3
196, 5, 0, 1, 1
196, 5, 0, 1, 2
196, 5, 0, 1, 2
196, 5, 0, 1, 2
196, 5, 0, 1, 2
196, 5, 1, 0, 2
196, 5, 1, 0, 2
196, 5, 1, 0, 3
196, 5, 1, 0, 3
196, 5, 1, 0, 3
197, 6, 0, 1, 1
197, 6, 0, 1, 2
197, 6, 0, 1, 2
197, 6, 0, 1, 2
197, 6, 0, 1, 2
197, 6, 0, 1, 2
197, 8, 1, 0, 2
197, 8, 1, 0, 2
197, 8, 1, 0, 3
197, 8, 1, 0, 3
197, 8, 1, 0, 3
197, 8, 1, 0, 3
197, 8, 1, 0, 3
197, 8, 1, 0, 3
198, 7, 0, 1, 1
198, 7, 0, 1, 2
198, 7, 0, 1, 2
198, 7, 0, 1, 2
198, 7, 0, 1, 2
198, 7, 0, 1, 2
198, 7, 0, 1, 2
198, 8, 1, 0, 2
198, 8, 1, 0, 2
198, 8, 1, 0, 3
198, 8, 1, 0, 3
198, 8, 1, 0, 3
198, 8, 1, 0, 3
198, 8, 1, 0, 3
198, 8, 1, 0, 3
199, 1, 0, 1, 3
199, 2, 1, 0, 2
199, 2, 1, 0, 3
200, 1, 0, 1, 3
200, 2, 1, 0, 2
200, 2, 1, 0, 3
201, 2, 0, 1, 1
201, 2, 0, 1, 2
201, 1, 1, 0, 4
202, 1, 0, 1, 3
202, 3, 1, 0, 2
202, 3, 1, 0, 3
202, 3, 1, 0, 3
203, 2, 0, 1, 1
203, 2, 0, 1, 2
203, 1, 1, 0, 4
204, 1, 0, 1, 4
204, 1, 1, 0, 2
205, 1, 0, 1, 4
205, 1, 1, 0, 2
206, 1, 0, 1, 4
206, 1, 1, 0, 2
207, 1, 0, 1, 4
207, 1, 1, 0, 2
208, 1, 0, 1, 1
208, 1, 1, 0, 5
209, 1, 0, 1, 4
209, 1, 1, 0, 2
210, 1, 0, 1, 3
210, 2, 1, 0, 2
210, 2, 1, 0, 3
211, 1, 0, 1, 3
211, 2, 1, 0, 2
211, 2, 1, 0, 3
212, 1, 0, 1, 3
212, 2, 1, 0, 2
212, 2, 1, 0, 3
213, 2, 0, 1, 1
213, 2, 0, 1, 2
213, 1, 1, 0, 4
214, 1, 0, 1, 3
214, 2, 1, 0, 2
214, 2, 1, 0, 3
215, 1, 0, 1, 4
215, 1, 1, 0, 2
216, 1, 0, 1, 4
216, 1, 1, 0, 2
217, 1, 0, 1, 4
217, 1, 1, 0, 2
218, 1, 0, 1, 3
218, 2, 1, 0, 2
218, 2, 1, 0, 3
219, 3, 0, 1, 1
219, 3, 0, 1, 2
219, 3, 0, 1, 2
219, 4, 1, 0, 2
219, 4, 1, 0, 2
219, 4, 1, 0, 2
219, 4, 1, 0, 3
220, 1, 0, 1, 3
220, 2, 1, 0, 2
220, 2, 1, 0, 3
221, 1, 0, 1, 3
221, 2, 1, 0, 2
221, 2, 1, 0, 3
222, 1, 0, 1, 3
222, 3, 1, 0, 2
222, 3, 1, 0, 3
222, 3, 1, 0, 3
223, 1, 0, 1, 3
223, 3, 1, 0, 2
223, 3, 1, 0, 3
223, 3, 1, 0, 3
224, 2, 0, 1, 1
224, 2, 0, 1, 2
224, 1, 1, 0, 4
225, 2, 0, 1, 1
225, 2, 0, 1, 2
225, 4, 1, 0, 2
225, 4, 1, 0, 2
225, 4, 1, 0, 2
225, 4, 1, 0, 3
226, 1, 0, 1, 3
226, 2, 1, 0, 2
226, 2, 1, 0, 3
227, 1, 0, 1, 3
227, 3, 1, 0, 2
227, 3, 1, 0, 3
227, 3, 1, 0, 3
228, 3, 0, 1, 1
228, 3, 0, 1, 2
228, 3, 0, 1, 2
228, 1, 1, 0, 4
229, 1, 0, 1, 1
229, 1, 1, 0, 5
230, 1, 0, 1, 3
230, 3, 1, 0, 2
230, 3, 1, 0, 3
230, 3, 1, 0, 3
231, 1, 0, 1, 3
231, 4, 1, 0, 2
231, 4, 1, 0, 3
231, 4, 1, 0, 3
231, 4, 1, 0, 3
232, 1, 0, 1, 3
232, 2, 1, 0, 2
232, 2, 1, 0, 3
233, 4, 0, 1, 1
233, 4, 0, 1, 2
233, 4, 0, 1, 2
233, 4, 0, 1, 2
233, 1, 1, 0, 4
234, 1, 0, 1, 3
234, 4, 1, 0, 2
234, 4, 1, 0, 3
234, 4, 1, 0, 3
234, 4, 1, 0, 3
235, 3, 0, 1, 1
235, 3, 0, 1, 2
235, 3, 0, 1, 2
235, 1, 1, 0, 4
236, 1, 0, 1, 3
236, 4, 1, 0, 2
236, 4, 1, 0, 3
236, 4, 1, 0, 3
236, 4, 1, 0, 3
237, 1, 0, 1, 3
237, 4, 1, 0, 2
237, 4, 1, 0, 3
237, 4, 1, 0, 3
237, 4, 1, 0, 3
238, 4, 0, 1, 1
238, 4, 0, 1, 2
238, 4, 0, 1, 2
238, 4, 0, 1, 2
238, 1, 1, 0, 4
239, 1, 0, 1, 3
239, 3, 1, 0, 2
239, 3, 1, 0, 3
239, 3, 1, 0, 3
240, 3, 0, 1, 1
240, 3, 0, 1, 2
240, 3, 0, 1, 2
240, 5, 1, 0, 2
240, 5, 1, 0, 2
240, 5, 1, 0, 2
240, 5, 1, 0, 3
240, 5, 1, 0, 3
241, 1, 0, 1, 4
241, 2, 1, 0, 2
241, 2, 1, 0, 3
242, 2, 0, 1, 1
242, 2, 0, 1, 2
242, 1, 1, 0, 5
243, 1, 0, 1, 4
243, 2, 1, 0, 2
243, 2, 1, 0, 3
244, 1, 0, 1, 4
244, 2, 1, 0, 2
244, 2, 1, 0, 3
245, 1, 0, 1, 4
245, 3, 1, 0, 2
245, 3, 1, 0, 3
245, 3, 1, 0, 3
246, 3, 0, 1, 1
246, 3, 0, 1, 2
246, 3, 0, 1, 2
246, 1, 1, 0, 5
247, 1, 0, 1, 4
247, 2, 1, 0, 2
247, 2, 1, 0, 3
248, 1, 0, 1, 4
248, 2, 1, 0, 2
248, 2, 1, 0, 3
249, 1, 0, 1, 4
249, 3, 1, 0, 2
249, 3, 1, 0, 3
249, 3, 1, 0, 3
250, 1, 0, 1, 4
250, 3, 1, 0, 2
250, 3, 1, 0, 3
250, 3, 1, 0, 3
251, 3, 0, 1, 1
251, 3, 0, 1, 2
251, 3, 0, 1, 2
251, 1, 1, 0, 5
252, 1, 0, 1, 4
252, 2, 1, 0, 2
252, 2, 1, 0, 3
253, 1, 0, 1, 4
253, 2, 1, 0, 2
253, 2, 1, 0, 3
254, 1, 0, 1, 4
254, 2, 1, 0, 2
254, 2, 1, 0, 3
255, 1, 0, 1, 4
255, 2, 1, 0, 2
255, 2, 1, 0, 3
256, 1, 0, 1, 4
256, 4, 1, 0, 2
256, 4, 1, 0, 3
256, 4, 1, 0, 3
256, 4, 1, 0, 3
257, 3, 0, 1, 1
257, 3, 0, 1, 2
257, 3, 0, 1, 2
257, 1, 1, 0, 5
258, 1, 0, 1, 4
258, 3, 1, 0, 2
258, 3, 1, 0, 3
258, 3, 1, 0, 3
259, 1, 0, 1, 4
259, 3, 1, 0, 2
259, 3, 1, 0, 3
259, 3, 1, 0, 3
260, 1, 0, 1, 4
260, 3, 1, 0, 2
260, 3, 1, 0, 3
260, 3, 1, 0, 3
261, 2, 0, 1, 1
261, 2, 0, 1, 2
261, 1, 1, 0, 5
262, 1, 0, 1, 4
262, 3, 1, 0, 2
262, 3, 1, 0, 3
262, 3, 1, 0, 3
263, 1, 0, 1, 4
263, 3, 1, 0, 2
263, 3, 1, 0, 3
263, 3, 1, 0, 3
264, 1, 0, 1, 4
264, 4, 1, 0, 2
264, 4, 1, 0, 3
264, 4, 1, 0, 3
264, 4, 1, 0, 3
265, 1, 0, 1, 4
265, 4, 1, 0, 2
265, 4, 1, 0, 3
265, 4, 1, 0, 3
265, 4, 1, 0, 3
266, 6, 0, 1, 1
266, 6, 0, 1, 2
266, 6, 0, 1, 2
266, 6, 0, 1, 2
266, 6, 0, 1, 2
266, 6, 0, 1, 2
266, 7, 1, 0, 2
266, 7, 1, 0, 2
266, 7, 1, 0, 2
266, 7, 1, 0, 2
266, 7, 1, 0, 3
266, 7, 1, 0, 3
266, 7, 1, 0, 3
267, 2, 0, 111, 2
267, 2, 0, 111, 2
267, 2, 1, 12, 2
267, 2, 1, 12, 2
267, 2, 2, 3, 2
267, 2, 2, 3, 2
267, 2, 3, 4, 2
267, 2, 3, 4, 2
267, 2, 4, 5, 2
267, 2, 4, 5, 2
267, 2, 5, 6, 2
267, 2, 5, 6, 2
267, 2, 6, 7, 2
267, 2, 6, 7, 2
267, 2, 7, 8, 2
267, 2, 7, 8, 2
267, 2, 8, 9, 2
267, 2, 8, 9, 2
267, 2, 9, 10, 2
267, 2, 9, 10, 2
267, 2, 10, 11, 2
267, 2, 10, 11, 2
267, 2, 11, 13, 2
267, 2, 11, 13, 2
267, 2, 12, 23, 2
267, 2, 12, 23, 2
267, 2, 13, 14, 2
267, 2, 13, 14, 2
267, 2, 14, 15, 2
267, 2, 14, 15, 2
267, 2, 15, 16, 2
267, 2, 15, 16, 2
267, 2, 16, 17, 2
267, 2, 16, 17, 2
267, 2, 17, 18, 2
267, 2, 17, 18, 2
267, 2, 18, 19, 2
267, 2, 18, 19, 2
267, 2, 19, 20, 2
267, 2, 19, 20, 2
267, 2, 20, 21, 2
267, 2, 20, 21, 2
267, 2, 21, 22, 2
267, 2, 21, 22, 2
267, 2, 22, 24, 2
267, 2, 22, 24, 2
267, 2, 23, 34, 2
267, 2, 23, 34, 2
267, 2, 24, 25, 2
267, 2, 24, 25, 2
267, 2, 25, 26, 2
267, 2, 25, 26, 2
267, 2, 26, 27, 2
267, 2, 26, 27, 2
267, 2, 27, 28, 2
267, 2, 27, 28, 2
267, 2, 28, 29, 2
267, 2, 28, 29, 2
267, 2, 29, 30, 2
267, 2, 29, 30, 2
267, 2, 30, 31, 2
267, 2, 30, 31, 2
267, 2, 31, 32, 2
267, 2, 31, 32, 2
267, 2, 32, 33, 2
267, 2, 32, 33, 2
267, 2, 33, 35, 2
267, 2, 33, 35, 2
267, 2, 34, 45, 2
267, 2, 34, 45, 2
267, 2, 35, 36, 2
267, 2, 35, 36, 2
267, 2, 36, 37, 2
267, 2, 36, 37, 2
267, 2, 37, 38, 2
267, 2, 37, 38, 2
267, 2, 38, 39, 2
267, 2, 38, 39, 2
267, 2, 39, 40, 2
267, 2, 39, 40, 2
267, 2, 40, 41, 2
267, 2, 40, 41, 2
267, 2, 41, 42, 2
267, 2, 41, 42, 2
267, 2, 42, 43, 2
267, 2, 42, 43, 2
267, 2, 43, 44, 2
267, 2, 43, 44, 2
267, 2, 44, 46, 2
267, 2, 44, 46, 2
267, 2, 45, 56, 2
267, 2, 45, 56, 2
267, 2, 46, 47, 2
267, 2, 46, 47, 2
267, 2, 47, 48, 2
267, 2, 47, 48, 2
267, 2, 48, 49, 2
267, 2, 48, 49, 2
267, 2, 49, 50, 2
267, 2, 49, 50, 2
267, 2, 50, 51, 2
267, 2, 50, 51, 2
267, 2, 51, 52, 2
267, 2, 51, 52, 2
267, 2, 52, 53, 2
267, 2, 52, 53, 2
267, 2, 53, 54, 2
267, 2, 53, 54, 2
267, 2, 54, 55, 2
267, 2, 54, 55, 2
267, 2, 55, 57, 2
267, 2, 55, 57, 2
267, 2, 56, 67, 2
267, 2, 56, 67, 2
267, 2, 57, 58, 2
267, 2, 57, 58, 2
267, 2, 58, 59, 2
267, 2, 58, 59, 2
267, 2, 59, 60, 2
267, 2, 59, 60, 2
267, 2, 60, 61, 2
267, 2, 60, 61, 2
267, 2, 61, 62, 2
267, 2, 61, 62, 2
267, 2, 62, 63, 2
267, 2, 62, 63, 2
267, 2, 63, 64, 2
267, 2, 63, 64, 2
267, 2, 64, 65, 2
267, 2, 64, 65, 2
267, 2, 65, 66, 2
267, 2, 65, 66, 2
267, 2, 66, 68, 2
267, 2, 66, 68, 2
267, 2, 67, 78, 2
267, 2, 67, 78, 2
267, 2, 68, 69, 2
267, 2, 68, 69, 2
267, 2, 69, 70, 2
267, 2, 69, 70, 2
267, 2, 70, 71, 2
267, 2, 70, 71, 2
267, 2, 71, 72, 2
267, 2, 71, 72, 2
267, 2, 72, 73, 2
267, 2, 72, 73, 2
267, 2, 73, 74, 2
267, 2, 73, 74, 2
267, 2, 74, 75, 2
267, 2, 74, 75, 2
267, 2, 75, 76, 2
267, 2, 75, 76, 2
267, 2, 76, 77, 2
267, 2, 76, 77, 2
267, 2, 77, 79, 2
267, 2, 77, 79, 2
267, 2, 78, 89, 2
267, 2, 78, 89, 2
267, 2, 79, 80, 2
267, 2, 79, 80, 2
267, 2, 80, 81, 2
267, 2, 80, 81, 2
267, 2, 81, 82, 2
267, 2, 81, 82, 2
267, 2, 82, 83, 2
267, 2, 82, 83, 2
267, 2, 83, 84, 2
267, 2, 83, 84, 2
267, 2, 84, 85, 2
267, 2, 84, 85, 2
267, 2, 85, 86, 2
267, 2, 85, 86, 2
267, 2, 86, 87, 2
267, 2, 86, 87, 2
267, 2, 87, 88, 2
267, 2, 87, 88, 2
267, 2, 88, 90, 2
267, 2, 88, 90, 2
267, 2, 89, 100, 2
267, 2, 89, 100, 2
267, 2, 90, 91, 2
267, 2, 90, 91, 2
267, 2, 91, 92, 2
267, 2, 91, 92, 2
267, 2, 92, 93, 2
267, 2, 92, 93, 2
267, 2, 93, 94, 2
267, 2, 93, 94, 2
267, 2, 94, 95, 2
267, 2, 94, 95, 2
267, 2, 95, 96, 2
267, 2, 95, 96, 2
267, 2, 96, 97, 2
267, 2, 96, 97, 2
267, 2, 97, 98, 2
267, 2, 97, 98, 2
267, 2, 98, 99, 2
267, 2, 98, 99, 2
267, 2, 99, 101, 2
267, 2, 99, 101, 2
267, 2, 100, 112, 2
267, 2, 100, 112, 2
267, 2, 101, 102, 2
267, 2, 101, 102, 2
267, 2, 102, 103, 2
267, 2, 102, 103, 2
267, 2, 103, 104, 2
267, 2, 103, 104, 2
267, 2, 104, 105, 2
267, 2, 104, 105, 2
267, 2, 105, 106, 2
267, 2, 105, 106, 2
267, 2, 106, 107, 2
267, 2, 106, 107, 2
267, 2, 107, 108, 2
267, 2, 107, 108, 2
267, 2, 108, 109, 2
267, 2, 108, 109, 2
267, 2, 109, 110, 2
267, 2, 109, 110, 2
267, 2, 110, 113, 2
267, 2, 110, 113, 2
267, 2, 111, 205, 2
267, 2, 111, 205, 2
267, 2, 112, 123, 2
267, 2, 112, 123, 2
267, 2, 113, 114, 2
267, 2, 113, 114, 2
267, 2, 114, 115, 2
267, 2, 114, 115, 2
267, 2, 115, 116, 2
267, 2, 115, 116, 2
267, 2, 116, 117, 2
267, 2, 116, 117, 2
267, 2, 117, 118, 2
267, 2, 117, 118, 2
267, 2, 118, 119, 2
267, 2, 118, 119, 2
267, 2, 119, 120, 2
267, 2, 119, 120, 2
267, 2, 120, 121, 2
267, 2, 120, 121, 2
267, 2, 121, 122, 2
267, 2, 121, 122, 2
267, 2, 122, 124, 2
267, 2, 122, 124, 2
267, 2, 123, 134, 2
267, 2, 123, 134, 2
267, 2, 124, 125, 2
267, 2, 124, 125, 2
267, 2, 125, 126, 2
267, 2, 125, 126, 2
267, 2, 126, 127, 2
267, 2, 126, 127, 2
267, 2, 127, 128, 2
267, 2, 127, 128, 2
267, 2, 128, 129, 2
267, 2, 128, 129, 2
267, 2, 129, 130, 2
267, 2, 129, 130, 2
267, 2, 130, 131, 2
267, 2, 130, 131, 2
267, 2, 131, 132, 2
267, 2, 131, 132, 2
267, 2, 132, 133, 2
267, 2, 132, 133, 2
267, 2, 133, 135, 2
267, 2, 133, 135, 2
267, 2, 134, 145, 2
267, 2, 134, 145, 2
267, 2, 135, 136, 2
267, 2, 135, 136, 2
267, 2, 136, 137, 2
267, 2, 136, 137, 2
267, 2, 137, 138, 2
267, 2, 137, 138, 2
267, 2, 138, 139, 2
267, 2, 138, 139, 2
267, 2, 139, 140, 2
267, 2, 139, 140, 2
267, 2, 140, 141, 2
267, 2, 140, 141, 2
267, 2, 141, 142, 2
267, 2, 141, 142, 2
267, 2, 142, 143, 2
267, 2, 142, 143, 2
267, 2, 143, 144, 2
267, 2, 143, 144, 2
267, 2, 144, 146, 2
267, 2, 144, 146, 2
267, 2, 145, 156, 2
267, 2, 145, 156, 2
267, 2, 146, 147, 2
267, 2, 146, 147, 2
267, 2, 147, 148, 2
267, 2, 147, 148, 2
267, 2, 148, 149, 2
267, 2, 148, 149, 2
267, 2, 149, 150, 2
267, 2, 149, 150, 2
267, 2, 150, 151, 2
267, 2, 150, 151, 2
267, 2, 151, 152, 2
267, 2, 151, 152, 2
267, 2, 152, 153, 2
267, 2, 152, 153, 2
267, 2, 153, 154, 2
267, 2, 153, 154, 2
267, 2, 154, 155, 2
267, 2, 154, 155, 2
267, 2, 155, 157, 2
267, 2, 155, 157, 2
267, 2, 156, 167, 2
267, 2, 156, 167, 2
267, 2, 157, 158, 2
267, 2, 157, 158, 2
267, 2, 158, 159, 2
267, 2, 158, 159, 2
267, 2, 159, 160, 2
267, 2, 159, 160, 2
267, 2, 160, 161, 2
267, 2, 160, 161, 2
267, 2, 161, 162, 2
267, 2, 161, 162, 2
267, 2, 162, 163, 2
267, 2, 162, 163, 2
267, 2, 163, 164, 2
267, 2, 163, 164, 2
267, 2, 164, 165, 2
267, 2, 164, 165, 2
267, 2, 165, 166, 2
267, 2, 165, 166, 2
267, 2, 166, 168, 2
267, 2, 166, 168, 2
267, 2, 167, 178, 2
267, 2, 167, 178, 2
267, 2, 168, 169, 2
267, 2, 168, 169, 2
267, 2, 169, 170, 2
267, 2, 169, 170, 2
267, 2, 170, 171, 2
267, 2, 170, 171, 2
267, 2, 171, 172, 2
267, 2, 171, 172, 2
267, 2, 172, 173, 2
267, 2, 172, 173, 2
267, 2, 173, 174, 2
267, 2, 173, 174, 2
267, 2, 174, 175, 2
267, 2, 174, 175, 2
267, 2, 175, 176, 2
267, 2, 175, 176, 2
267, 2, 176, 177, 2
267, 2, 176, 177, 2
267, 2, 177, 179, 2
267, 2, 177, 179, 2
267, 2, 178, 189, 2
267, 2, 178, 189, 2
267, 2, 179, 180, 2
267, 2, 179, 180, 2
267, 2, 180, 181, 2
267, 2, 180, 181, 2
267, 2, 181, 182, 2
267, 2, 181, 182, 2
267, 2, 182, 183, 2
267, 2, 182, 183, 2
267, 2, 183, 184, 2
267, 2, 183, 184, 2
267, 2, 184, 185, 2
267, 2, 184, 185, 2
267, 2, 185, 186, 2
267, 2, 185, 186, 2
267, 2, 186, 187, 2
267, 2, 186, 187, 2
267, 2, 187, 188, 2
267, 2, 187, 188, 2
267, 2, 188, 190, 2
267, 2, 188, 190, 2
267, 2, 189, 200, 2
267, 2, 189, 200, 2
267, 2, 190, 191, 2
267, 2, 190, 191, 2
267, 2, 191, 192, 2
267, 2, 191, 192, 2
267, 2, 192, 193, 2
267, 2, 192, 193, 2
267, 2, 193, 194, 2
267, 2, 193, 194, 2
267, 2, 194, 195, 2
267, 2, 194, 195, 2
267, 2, 195, 196, 2
267, 2, 195, 196, 2
267, 2, 196, 197, 2
267, 2, 196, 197, 2
267, 2, 197, 198, 2
267, 2, 197, 198, 2
267, 2, 198, 199, 2
267, 2, 198, 199, 2
267, 2, 199, 201, 2
267, 2, 199, 201, 2
267, 2, 200, 204, 2
267, 2, 200, 204, 2
267, 2, 201, 202, 2
267, 2, 201, 202, 2
267, 2, 202, 203, 2
267, 2, 202, 203, 2
267, 2, 203, 282, 2
267, 2, 203, 282, 2
267, 2, 204, 206, 2
267, 2, 204, 206, 2
267, 2, 205, 216, 2
267, 2, 205, 216, 2
267, 2, 206, 207, 2
267, 2, 206, 207, 2
267, 2, 207, 208, 2
267, 2, 207, 208, 2
267, 2, 208, 209, 2
267, 2, 208, 209, 2
267, 2, 209, 210, 2
267, 2, 209, 210, 2
267, 2, 210, 211, 2
267, 2, 210, 211, 2
267, 2, 211, 212, 2
267, 2, 211, 212, 2
267, 2, 212, 213, 2
267, 2, 212, 213, 2
267, 2, 213, 214, 2
267, 2, 213, 214, 2
267, 2, 214, 215, 2
267, 2, 214, 215, 2
267, 2, 215, 217, 2
267, 2, 215, 217, 2
267, 2, 216, 227, 2
267, 2, 216, 227, 2
267, 2, 217, 218, 2
267, 2, 217, 218, 2
267, 2, 218, 219, 2
267, 2, 218, 219, 2
267, 2, 219, 220, 2
267, 2, 219, 220, 2
267, 2, 220, 221, 2
267, 2, 220, 221, 2
267, 2, 221, 222, 2
267, 2, 221, 222, 2
267, 2, 222, 223, 2
267, 2, 222, 223, 2
267, 2, 223, 224, 2
267, 2, 223, 224, 2
267, 2, 224, 225, 2
267, 2, 224, 225, 2
267, 2, 225, 226, 2
267, 2, 225, 226, 2
267, 2, 226, 228, 2
267, 2, 226, 228, 2
267, 2, 227, 238, 2
267, 2, 227, 238, 2
267, 2, 228, 229, 2
267, 2, 228, 229, 2
267, 2, 229, 230, 2
267, 2, 229, 230, 2
267, 2, 230, 231, 2
267, 2, 230, 231, 2
267, 2, 231, 232, 2
267, 2, 231, 232, 2
267, 2, 232, 233, 2
267, 2, 232, 233, 2
267, 2, 233, 234, 2
267, 2, 233, 234, 2
267, 2, 234, 235, 2
267, 2, 234, 235, 2
267, 2, 235, 236, 2
267, 2, 235, 236, 2
267, 2, 236, 237, 2
267, 2, 236, 237, 2
267, 2, 237, 239, 2
267, 2, 237, 239, 2
267, 2, 238, 249, 2
267, 2, 238, 249, 2
267, 2, 239, 240, 2
267, 2, 239, 240, 2
267, 2, 240, 241, 2
267, 2, 240, 241, 2
267, 2, 241, 242, 2
267, 2, 241, 242, 2
267, 2, 242, 243, 2
267, 2, 242, 243, 2
267, 2, 243, 244, 2
267, 2, 243, 244, 2
267, 2, 244, 245, 2
267, 2, 244, 245, 2
267, 2, 245, 246, 2
267, 2, 245, 246, 2
267, 2, 246, 247, 2
267, 2, 246, 247, 2
267, 2, 247, 248, 2
267, 2, 247, 248, 2
267, 2, 248, 250, 2
267, 2, 248, 250, 2
267, 2, 249, 260, 2
267, 2, 249, 260, 2
267, 2, 250, 251, 2
267, 2, 250, 251, 2
267, 2, 251, 252, 2
267, 2, 251, 252, 2
267, 2, 252, 253, 2
267, 2, 252, 253, 2
267, 2, 253, 254, 2
267, 2, 253, 254, 2
267, 2, 254, 255, 2
267, 2, 254, 255, 2
267, 2, 255, 256, 2
267, 2, 255, 256, 2
267, 2, 256, 257, 2
267, 2, 256, 257, 2
267, 2, 257, 258, 2
267, 2, 257, 258, 2
267, 2, 258, 259, 2
267, 2, 258, 259, 2
267, 2, 259, 261, 2
267, 2, 259, 261, 2
267, 2, 260, 271, 2
267, 2, 260, 271, 2
267, 2, 261, 262, 2
267, 2, 261, 262, 2
267, 2, 262, 263, 2
267, 2, 262, 263, 2
267, 2, 263, 264, 2
267, 2, 263, 264, 2
267, 2, 264, 265, 2
267, 2, 264, 265, 2
267, 2, 265, 266, 2
267, 2, 265, 266, 2
267, 2, 266, 267, 2
267, 2, 266, 267, 2
267, 2, 267, 268, 2
267, 2, 267, 268, 2
267, 2, 268, 269, 2
267, 2, 268, 269, 2
267, 2, 269, 270, 2
267, 2, 269, 270, 2
267, 2, 270, 272, 2
267, 2, 270, 272, 2
267, 2, 271, 1, 2
267, 2, 271, 1, 2
267, 2, 272, 273, 2
267, 2, 272, 273, 2
267, 2, 273, 274, 2
267, 2, 273, 274, 2
267, 2, 274, 275, 2
267, 2, 274, 275, 2
267, 2, 275, 276, 2
267, 2, 275, 276, 2
267, 2, 276, 277, 2
267, 2, 276, 277, 2
267, 2, 277, 278, 2
267, 2, 277, 278, 2
267, 2, 278, 279, 2
267, 2, 278, 279, 2
267, 2, 279, 280, 2
267, 2, 279, 280, 2
267, 2, 280, 281, 2
267, 2, 280, 281, 2
267, 2, 281, 2, 2
267, 2, 281, 2, 2
268, 2, 1, 0, 2
268, 2, 1, 0, 3
Goal
1
2
3
4
5
6
7
8
9
10
11
12
13
14
15
16
17
18
19
20
21
22
23
24
25
26
27
28
29
30
31
32
33
34
35
36
37
38
39
40
41
42
43
44
45
46
47
48
49
50
51
52
53
54
55
56
57
58
59
60
61
62
63
64
65
66
67
68
69
70
71
72
73
74
75
76
77
78
79
80
81
82
83
84
85
86
87
88
89
90
91
92
93
94
95
96
97
98
99
100
101
102
103
104
105
106
107
108
109
110
111
112
113
114
115
116
117
118
119
120
121
122
123
124
125
126
127
128
129
130
131
132
133
134
135
136
137
138
139
140
141
142
143
144
145
146
147
148
149
150
151
152
153
154
155
156
157
158
159
160
161
162
163
164
165
166
167
168
169
170
171
172
173
174
175
176
177
178
179
180
181
182
183
184
185
186
187
188
189
190
191
192
193
194
195
196
197
198
199
200
201
202
203
204
205
206
207
208
209
210
211
212
213
214
215
216
217
218
219
220
221
222
223
224
225
226
227
228
229
230
231
232
233
234
235
236
237
238
239
240
241
242
243
244
245
246
247
248
249
250
251
252
253
254
255
256
257
258
259
260
261
262
263
264
265
266
267
268
