CG
289
0, 288, 288, 2
0, 288, 287, 3
0, 288, 286, 3
0, 288, 285, 3
0, 288, 284, 3
0, 288, 283, 3
0, 288, 282, 3
0, 288, 281, 3
0, 288, 280, 2
0, 288, 279, 3
0, 288, 278, 3
0, 288, 277, 3
0, 288, 276, 3
0, 288, 275, 3
0, 288, 274, 3
0, 288, 273, 3
0, 288, 272, 3
0, 288, 271, 3
0, 288, 270, 4
0, 288, 269, 4
0, 288, 268, 4
0, 288, 267, 4
0, 288, 266, 4
0, 288, 265, 4
0, 288, 264, 4
0, 288, 263, 3
0, 288, 262, 4
0, 288, 261, 4
0, 288, 260, 4
0, 288, 259, 4
0, 288, 258, 4
0, 288, 257, 4
0, 288, 256, 4
0, 288, 255, 4
0, 288, 254, 3
0, 288, 253, 4
0, 288, 252, 4
0, 288, 251, 4
0, 288, 250, 4
0, 288, 249, 4
0, 288, 248, 4
0, 288, 247, 4
0, 288, 246, 3
0, 288, 245, 4
0, 288, 244, 4
0, 288, 243, 4
0, 288, 242, 4
0, 288, 241, 4
0, 288, 240, 4
0, 288, 239, 4
0, 288, 238, 4
0, 288, 237, 3
0, 288, 236, 4
0, 288, 235, 4
0, 288, 234, 4
0, 288, 233, 4
0, 288, 232, 4
0, 288, 231, 4
0, 288, 230, 4
0, 288, 229, 3
0, 288, 228, 4
0, 288, 227, 4
0, 288, 226, 4
0, 288, 225, 4
0, 288, 224, 4
0, 288, 223, 4
0, 288, 222, 4
0, 288, 221, 4
0, 288, 220, 3
0, 288, 219, 4
0, 288, 218, 4
0, 288, 217, 4
0, 288, 216, 4
0, 288, 215, 4
0, 288, 214, 4
0, 288, 213, 4
0, 288, 212, 3
0, 288, 211, 4
0, 288, 210, 4
0, 288, 209, 4
0, 288, 208, 4
0, 288, 207, 4
0, 288, 206, 4
0, 288, 205, 4
0, 288, 204, 4
0, 288, 203, 3
0, 288, 202, 4
0, 288, 201, 4
0, 288, 200, 4
0, 288, 199, 4
0, 288, 198, 4
0, 288, 197, 4
0, 288, 196, 4
0, 288, 195, 3
0, 288, 194, 4
0, 288, 193, 4
0, 288, 192, 4
0, 288, 191, 4
0, 288, 190, 4
0, 288, 189, 4
0, 288, 188, 4
0, 288, 187, 4
0, 288, 186, 3
0, 288, 185, 4
0, 288, 184, 4
0, 288, 183, 4
0, 288, 182, 4
0, 288, 181, 4
0, 288, 180, 4
0, 288, 179, 4
0, 288, 178, 3
0, 288, 177, 4
0, 288, 176, 4
0, 288, 175, 4
0, 288, 174, 4
0, 288, 173, 4
0, 288, 172, 4
0, 288, 171, 4
0, 288, 170, 4
0, 288, 169, 3
0, 288, 168, 4
0, 288, 167, 4
0, 288, 166, 4
0, 288, 165, 4
0, 288, 164, 4
0, 288, 163, 4
0, 288, 162, 4
0, 288, 161, 3
0, 288, 160, 4
0, 288, 159, 4
0, 288, 158, 4
0, 288, 157, 4
0, 288, 156, 4
0, 288, 155, 4
0, 288, 154, 4
0, 288, 153, 4
0, 288, 152, 2
0, 288, 151, 3
0, 288, 150, 3
0, 288, 149, 3
0, 288, 148, 3
0, 288, 147, 3
0, 288, 146, 3
0, 288, 145, 3
0, 288, 144, 2
0, 288, 143, 3
0, 288, 142, 3
0, 288, 141, 3
0, 288, 140, 3
0, 288, 139, 3
0, 288, 138, 3
0, 288, 137, 3
0, 288, 136, 3
0, 288, 135, 3
0, 288, 134, 4
0, 288, 133, 4
0, 288, 132, 4
0, 288, 131, 4
0, 288, 130, 4
0, 288, 129, 4
0, 288, 128, 4
0, 288, 127, 3
0, 288, 126, 4
0, 288, 125, 4
0, 288, 124, 4
0, 288, 123, 4
0, 288, 122, 4
0, 288, 121, 4
0, 288, 120, 4
0, 288, 119, 4
0, 288, 118, 3
0, 288, 117, 4
0, 288, 116, 4
0, 288, 115, 4
0, 288, 114, 4
0, 288, 113, 4
0, 288, 112, 4
0, 288, 111, 4
0, 288, 110, 3
0, 288, 109, 4
0, 288, 108, 4
0, 288, 107, 4
0, 288, 106, 4
0, 288, 105, 4
0, 288, 104, 4
0, 288, 103, 4
0, 288, 102, 4
0, 288, 101, 3
0, 288, 100, 4
0, 288, 99, 4
0, 288, 98, 4
0, 288, 97, 4
0, 288, 96, 4
0, 288, 95, 4
0, 288, 94, 4
0, 288, 93, 3
0, 288, 92, 4
0, 288, 91, 4
0, 288, 90, 4
0, 288, 89, 4
0, 288, 88, 4
0, 288, 87, 4
0, 288, 86, 4
0, 288, 85, 4
0, 288, 84, 3
0, 288, 83, 4
0, 288, 82, 4
0, 288, 81, 4
0, 288, 80, 4
0, 288, 79, 4
0, 288, 78, 4
0, 288, 77, 4
0, 288, 76, 3
0, 288, 75, 4
0, 288, 74, 4
0, 288, 73, 4
0, 288, 72, 4
0, 288, 71, 4
0, 288, 70, 4
0, 288, 69, 4
0, 288, 68, 4
0, 288, 67, 3
0, 288, 66, 4
0, 288, 65, 4
0, 288, 64, 4
0, 288, 63, 4
0, 288, 62, 4
0, 288, 61, 4
0, 288, 60, 4
0, 288, 59, 3
0, 288, 58, 4
0, 288, 57, 4
0, 288, 56, 4
0, 288, 55, 4
0, 288, 54, 4
0, 288, 53, 4
0, 288, 52, 4
0, 288, 51, 4
0, 288, 50, 3
0, 288, 49, 4
0, 288, 48, 4
0, 288, 47, 4
0, 288, 46, 4
0, 288, 45, 4
0, 288, 44, 4
0, 288, 43, 4
0, 288, 42, 3
0, 288, 41, 4
0, 288, 40, 4
0, 288, 39, 4
0, 288, 38, 4
0, 288, 37, 4
0, 288, 36, 4
0, 288, 35, 4
0, 288, 34, 4
0, 288, 33, 3
0, 288, 32, 4
0, 288, 31, 4
0, 288, 30, 4
0, 288, 29, 4
0, 288, 28, 4
0, 288, 27, 4
0, 288, 26, 4
0, 288, 25, 3
0, 288, 24, 4
0, 288, 23, 4
0, 288, 22, 4
0, 288, 21, 4
0, 288, 20, 4
0, 288, 19, 4
0, 288, 18, 4
0, 288, 17, 3
0, 288, 16, 4
0, 288, 15, 4
0, 288, 14, 4
0, 288, 13, 4
0, 288, 12, 4
0, 288, 11, 4
0, 288, 10, 4
0, 288, 9, 3
0, 288, 8, 4
0, 288, 7, 4
0, 288, 6, 4
0, 288, 5, 4
0, 288, 4, 4
0, 288, 3, 4
0, 288, 2, 4
0, 288, 1, 4
DTG
0, 2, 0, 1, 1
0, 2, 0, 17, 1
0, 3, 1, 0, 1
0, 3, 1, 9, 1
0, 3, 1, 18, 1
0, 3, 2, 3, 1
0, 3, 2, 16, 1
0, 3, 2, 19, 1
0, 3, 3, 2, 1
0, 3, 3, 4, 1
0, 3, 3, 20, 1
0, 3, 4, 3, 1
0, 3, 4, 5, 1
0, 3, 4, 21, 1
0, 3, 5, 4, 1
0, 3, 5, 6, 1
0, 3, 5, 22, 1
0, 3, 6, 5, 1
0, 3, 6, 7, 1
0, 3, 6, 23, 1
0, 3, 7, 6, 1
0, 3, 7, 8, 1
0, 3, 7, 24, 1
0, 2, 8, 7, 1
0, 2, 8, 25, 1
0, 3, 9, 1, 1
0, 3, 9, 10, 1
0, 3, 9, 26, 1
0, 3, 10, 9, 1
0, 3, 10, 11, 1
0, 3, 10, 27, 1
0, 3, 11, 10, 1
0, 3, 11, 12, 1
0, 3, 11, 28, 1
0, 3, 12, 11, 1
0, 3, 12, 13, 1
0, 3, 12, 29, 1
0, 3, 13, 12, 1
0, 3, 13, 14, 1
0, 3, 13, 30, 1
0, 3, 14, 13, 1
0, 3, 14, 15, 1
0, 3, 14, 31, 1
0, 3, 15, 14, 1
0, 3, 15, 16, 1
0, 3, 15, 32, 1
0, 3, 16, 2, 1
0, 3, 16, 15, 1
0, 3, 16, 33, 1
0, 3, 17, 0, 1
0, 3, 17, 18, 1
0, 3, 17, 153, 1
0, 4, 18, 1, 1
0, 4, 18, 17, 1
0, 4, 18, 26, 1
0, 4, 18, 154, 1
0, 4, 19, 2, 1
0, 4, 19, 20, 1
0, 4, 19, 33, 1
0, 4, 19, 155, 1
0, 4, 20, 3, 1
0, 4, 20, 19, 1
0, 4, 20, 21, 1
0, 4, 20, 156, 1
0, 4, 21, 4, 1
0, 4, 21, 20, 1
0, 4, 21, 22, 1
0, 4, 21, 157, 1
0, 4, 22, 5, 1
0, 4, 22, 21, 1
0, 4, 22, 23, 1
0, 4, 22, 158, 1
0, 4, 23, 6, 1
0, 4, 23, 22, 1
0, 4, 23, 24, 1
0, 4, 23, 159, 1
0, 4, 24, 7, 1
0, 4, 24, 23, 1
0, 4, 24, 25, 1
0, 4, 24, 160, 1
0, 3, 25, 8, 1
0, 3, 25, 24, 1
0, 3, 25, 161, 1
0, 4, 26, 9, 1
0, 4, 26, 18, 1
0, 4, 26, 27, 1
0, 4, 26, 162, 1
0, 4, 27, 10, 1
0, 4, 27, 26, 1
0, 4, 27, 28, 1
0, 4, 27, 163, 1
0, 4, 28, 11, 1
0, 4, 28, 27, 1
0, 4, 28, 29, 1
0, 4, 28, 164, 1
0, 4, 29, 12, 1
0, 4, 29, 28, 1
0, 4, 29, 30, 1
0, 4, 29, 165, 1
0, 4, 30, 13, 1
0, 4, 30, 29, 1
0, 4, 30, 31, 1
0, 4, 30, 166, 1
0, 4, 31, 14, 1
0, 4, 31, 30, 1
0, 4, 31, 32, 1
0, 4, 31, 167, 1
0, 4, 32, 15, 1
0, 4, 32, 31, 1
0, 4, 32, 33, 1
0, 4, 32, 168, 1
0, 4, 33, 16, 1
0, 4, 33, 19, 1
0, 4, 33, 32, 1
0, 4, 33, 169, 1
0, 3, 34, 35, 1
0, 3, 34, 51, 1
0, 3, 34, 272, 1
0, 4, 35, 34, 1
0, 4, 35, 43, 1
0, 4, 35, 52, 1
0, 4, 35, 273, 1
0, 4, 36, 37, 1
0, 4, 36, 50, 1
0, 4, 36, 53, 1
0, 4, 36, 274, 1
0, 4, 37, 36, 1
0, 4, 37, 38, 1
0, 4, 37, 54, 1
0, 4, 37, 275, 1
0, 4, 38, 37, 1
0, 4, 38, 39, 1
0, 4, 38, 55, 1
0, 4, 38, 276, 1
0, 4, 39, 38, 1
0, 4, 39, 40, 1
0, 4, 39, 56, 1
0, 4, 39, 277, 1
0, 4, 40, 39, 1
0, 4, 40, 41, 1
0, 4, 40, 57, 1
0, 4, 40, 278, 1
0, 4, 41, 40, 1
0, 4, 41, 42, 1
0, 4, 41, 58, 1
0, 4, 41, 279, 1
0, 3, 42, 41, 1
0, 3, 42, 59, 1
0, 3, 42, 280, 1
0, 4, 43, 35, 1
0, 4, 43, 44, 1
0, 4, 43, 60, 1
0, 4, 43, 281, 1
0, 4, 44, 43, 1
0, 4, 44, 45, 1
0, 4, 44, 61, 1
0, 4, 44, 282, 1
0, 4, 45, 44, 1
0, 4, 45, 46, 1
0, 4, 45, 62, 1
0, 4, 45, 283, 1
0, 4, 46, 45, 1
0, 4, 46, 47, 1
0, 4, 46, 63, 1
0, 4, 46, 284, 1
0, 4, 47, 46, 1
0, 4, 47, 48, 1
0, 4, 47, 64, 1
0, 4, 47, 285, 1
0, 4, 48, 47, 1
0, 4, 48, 49, 1
0, 4, 48, 65, 1
0, 4, 48, 286, 1
0, 4, 49, 48, 1
0, 4, 49, 50, 1
0, 4, 49, 66, 1
0, 4, 49, 287, 1
0, 4, 50, 36, 1
0, 4, 50, 49, 1
0, 4, 50, 67, 1
0, 4, 50, 288, 1
0, 3, 51, 34, 1
0, 3, 51, 52, 1
0, 3, 51, 68, 1
0, 4, 52, 35, 1
0, 4, 52, 51, 1
0, 4, 52, 60, 1
0, 4, 52, 69, 1
0, 4, 53, 36, 1
0, 4, 53, 54, 1
0, 4, 53, 67, 1
0, 4, 53, 70, 1
0, 4, 54, 37, 1
0, 4, 54, 53, 1
0, 4, 54, 55, 1
0, 4, 54, 71, 1
0, 4, 55, 38, 1
0, 4, 55, 54, 1
0, 4, 55, 56, 1
0, 4, 55, 72, 1
0, 4, 56, 39, 1
0, 4, 56, 55, 1
0, 4, 56, 57, 1
0, 4, 56, 73, 1
0, 4, 57, 40, 1
0, 4, 57, 56, 1
0, 4, 57, 58, 1
0, 4, 57, 74, 1
0, 4, 58, 41, 1
0, 4, 58, 57, 1
0, 4, 58, 59, 1
0, 4, 58, 75, 1
0, 3, 59, 42, 1
0, 3, 59, 58, 1
0, 3, 59, 76, 1
0, 4, 60, 43, 1
0, 4, 60, 52, 1
0, 4, 60, 61, 1
0, 4, 60, 77, 1
0, 4, 61, 44, 1
0, 4, 61, 60, 1
0, 4, 61, 62, 1
0, 4, 61, 78, 1
0, 4, 62, 45, 1
0, 4, 62, 61, 1
0, 4, 62, 63, 1
0, 4, 62, 79, 1
0, 4, 63, 46, 1
0, 4, 63, 62, 1
0, 4, 63, 64, 1
0, 4, 63, 80, 1
0, 4, 64, 47, 1
0, 4, 64, 63, 1
0, 4, 64, 65, 1
0, 4, 64, 81, 1
0, 4, 65, 48, 1
0, 4, 65, 64, 1
0, 4, 65, 66, 1
0, 4, 65, 82, 1
0, 4, 66, 49, 1
0, 4, 66, 65, 1
0, 4, 66, 67, 1
0, 4, 66, 83, 1
0, 4, 67, 50, 1
0, 4, 67, 53, 1
0, 4, 67, 66, 1
0, 4, 67, 84, 1
0, 3, 68, 51, 1
0, 3, 68, 69, 1
0, 3, 68, 85, 1
0, 4, 69, 52, 1
0, 4, 69, 68, 1
0, 4, 69, 77, 1
0, 4, 69, 86, 1
0, 4, 70, 53, 1
0, 4, 70, 71, 1
0, 4, 70, 84, 1
0, 4, 70, 87, 1
0, 4, 71, 54, 1
0, 4, 71, 70, 1
0, 4, 71, 72, 1
0, 4, 71, 88, 1
0, 4, 72, 55, 1
0, 4, 72, 71, 1
0, 4, 72, 73, 1
0, 4, 72, 89, 1
0, 4, 73, 56, 1
0, 4, 73, 72, 1
0, 4, 73, 74, 1
0, 4, 73, 90, 1
0, 4, 74, 57, 1
0, 4, 74, 73, 1
0, 4, 74, 75, 1
0, 4, 74, 91, 1
0, 4, 75, 58, 1
0, 4, 75, 74, 1
0, 4, 75, 76, 1
0, 4, 75, 92, 1
0, 3, 76, 59, 1
0, 3, 76, 75, 1
0, 3, 76, 93, 1
0, 4, 77, 60, 1
0, 4, 77, 69, 1
0, 4, 77, 78, 1
0, 4, 77, 94, 1
0, 4, 78, 61, 1
0, 4, 78, 77, 1
0, 4, 78, 79, 1
0, 4, 78, 95, 1
0, 4, 79, 62, 1
0, 4, 79, 78, 1
0, 4, 79, 80, 1
0, 4, 79, 96, 1
0, 4, 80, 63, 1
0, 4, 80, 79, 1
0, 4, 80, 81, 1
0, 4, 80, 97, 1
0, 4, 81, 64, 1
0, 4, 81, 80, 1
0, 4, 81, 82, 1
0, 4, 81, 98, 1
0, 4, 82, 65, 1
0, 4, 82, 81, 1
0, 4, 82, 83, 1
0, 4, 82, 99, 1
0, 4, 83, 66, 1
0, 4, 83, 82, 1
0, 4, 83, 84, 1
0, 4, 83, 100, 1
0, 4, 84, 67, 1
0, 4, 84, 70, 1
0, 4, 84, 83, 1
0, 4, 84, 101, 1
0, 3, 85, 68, 1
0, 3, 85, 86, 1
0, 3, 85, 102, 1
0, 4, 86, 69, 1
0, 4, 86, 85, 1
0, 4, 86, 94, 1
0, 4, 86, 103, 1
0, 4, 87, 70, 1
0, 4, 87, 88, 1
0, 4, 87, 101, 1
0, 4, 87, 104, 1
0, 4, 88, 71, 1
0, 4, 88, 87, 1
0, 4, 88, 89, 1
0, 4, 88, 105, 1
0, 4, 89, 72, 1
0, 4, 89, 88, 1
0, 4, 89, 90, 1
0, 4, 89, 106, 1
0, 4, 90, 73, 1
0, 4, 90, 89, 1
0, 4, 90, 91, 1
0, 4, 90, 107, 1
0, 4, 91, 74, 1
0, 4, 91, 90, 1
0, 4, 91, 92, 1
0, 4, 91, 108, 1
0, 4, 92, 75, 1
0, 4, 92, 91, 1
0, 4, 92, 93, 1
0, 4, 92, 109, 1
0, 3, 93, 76, 1
0, 3, 93, 92, 1
0, 3, 93, 110, 1
0, 4, 94, 77, 1
0, 4, 94, 86, 1
0, 4, 94, 95, 1
0, 4, 94, 111, 1
0, 4, 95, 78, 1
0, 4, 95, 94, 1
0, 4, 95, 96, 1
0, 4, 95, 112, 1
0, 4, 96, 79, 1
0, 4, 96, 95, 1
0, 4, 96, 97, 1
0, 4, 96, 113, 1
0, 4, 97, 80, 1
0, 4, 97, 96, 1
0, 4, 97, 98, 1
0, 4, 97, 114, 1
0, 4, 98, 81, 1
0, 4, 98, 97, 1
0, 4, 98, 99, 1
0, 4, 98, 115, 1
0, 4, 99, 82, 1
0, 4, 99, 98, 1
0, 4, 99, 100, 1
0, 4, 99, 116, 1
0, 4, 100, 83, 1
0, 4, 100, 99, 1
0, 4, 100, 101, 1
0, 4, 100, 117, 1
0, 4, 101, 84, 1
0, 4, 101, 87, 1
0, 4, 101, 100, 1
0, 4, 101, 118, 1
0, 3, 102, 85, 1
0, 3, 102, 103, 1
0, 3, 102, 119, 1
0, 4, 103, 86, 1
0, 4, 103, 102, 1
0, 4, 103, 111, 1
0, 4, 103, 120, 1
0, 4, 104, 87, 1
0, 4, 104, 105, 1
0, 4, 104, 118, 1
0, 4, 104, 121, 1
0, 4, 105, 88, 1
0, 4, 105, 104, 1
0, 4, 105, 106, 1
0, 4, 105, 122, 1
0, 4, 106, 89, 1
0, 4, 106, 105, 1
0, 4, 106, 107, 1
0, 4, 106, 123, 1
0, 4, 107, 90, 1
0, 4, 107, 106, 1
0, 4, 107, 108, 1
0, 4, 107, 124, 1
0, 4, 108, 91, 1
0, 4, 108, 107, 1
0, 4, 108, 109, 1
0, 4, 108, 125, 1
0, 4, 109, 92, 1
0, 4, 109, 108, 1
0, 4, 109, 110, 1
0, 4, 109, 126, 1
0, 3, 110, 93, 1
0, 3, 110, 109, 1
0, 3, 110, 127, 1
0, 4, 111, 94, 1
0, 4, 111, 103, 1
0, 4, 111, 112, 1
0, 4, 111, 128, 1
0, 4, 112, 95, 1
0, 4, 112, 111, 1
0, 4, 112, 113, 1
0, 4, 112, 129, 1
0, 4, 113, 96, 1
0, 4, 113, 112, 1
0, 4, 113, 114, 1
0, 4, 113, 130, 1
0, 4, 114, 97, 1
0, 4, 114, 113, 1
0, 4, 114, 115, 1
0, 4, 114, 131, 1
0, 4, 115, 98, 1
0, 4, 115, 114, 1
0, 4, 115, 116, 1
0, 4, 115, 132, 1
0, 4, 116, 99, 1
0, 4, 116, 115, 1
0, 4, 116, 117, 1
0, 4, 116, 133, 1
0, 4, 117, 100, 1
0, 4, 117, 116, 1
0, 4, 117, 118, 1
0, 4, 117, 134, 1
0, 4, 118, 101, 1
0, 4, 118, 104, 1
0, 4, 118, 117, 1
0, 4, 118, 135, 1
0, 3, 119, 102, 1
0, 3, 119, 120, 1
0, 3, 119, 136, 1
0, 4, 120, 103, 1
0, 4, 120, 119, 1
0, 4, 120, 128, 1
0, 4, 120, 137, 1
0, 4, 121, 104, 1
0, 4, 121, 122, 1
0, 4, 121, 135, 1
0, 4, 121, 138, 1
0, 4, 122, 105, 1
0, 4, 122, 121, 1
0, 4, 122, 123, 1
0, 4, 122, 139, 1
0, 4, 123, 106, 1
0, 4, 123, 122, 1
0, 4, 123, 124, 1
0, 4, 123, 140, 1
0, 4, 124, 107, 1
0, 4, 124, 123, 1
0, 4, 124, 125, 1
0, 4, 124, 141, 1
0, 4, 125, 108, 1
0, 4, 125, 124, 1
0, 4, 125, 126, 1
0, 4, 125, 142, 1
0, 4, 126, 109, 1
0, 4, 126, 125, 1
0, 4, 126, 127, 1
0, 4, 126, 143, 1
0, 3, 127, 110, 1
0, 3, 127, 126, 1
0, 3, 127, 144, 1
0, 4, 128, 111, 1
0, 4, 128, 120, 1
0, 4, 128, 129, 1
0, 4, 128, 145, 1
0, 4, 129, 112, 1
0, 4, 129, 128, 1
0, 4, 129, 130, 1
0, 4, 129, 146, 1
0, 4, 130, 113, 1
0, 4, 130, 129, 1
0, 4, 130, 131, 1
0, 4, 130, 147, 1
0, 4, 131, 114, 1
0, 4, 131, 130, 1
0, 4, 131, 132, 1
0, 4, 131, 148, 1
0, 4, 132, 115, 1
0, 4, 132, 131, 1
0, 4, 132, 133, 1
0, 4, 132, 149, 1
0, 4, 133, 116, 1
0, 4, 133, 132, 1
0, 4, 133, 134, 1
0, 4, 133, 150, 1
0, 4, 134, 117, 1
0, 4, 134, 133, 1
0, 4, 134, 135, 1
0, 4, 134, 151, 1
0, 4, 135, 118, 1
0, 4, 135, 121, 1
0, 4, 135, 134, 1
0, 4, 135, 152, 1
0, 2, 136, 119, 1
0, 2, 136, 137, 1
0, 3, 137, 120, 1
0, 3, 137, 136, 1
0, 3, 137, 145, 1
0, 3, 138, 121, 1
0, 3, 138, 139, 1
0, 3, 138, 152, 1
0, 3, 139, 122, 1
0, 3, 139, 138, 1
0, 3, 139, 140, 1
0, 3, 140, 123, 1
0, 3, 140, 139, 1
0, 3, 140, 141, 1
0, 3, 141, 124, 1
0, 3, 141, 140, 1
0, 3, 141, 142, 1
0, 3, 142, 125, 1
0, 3, 142, 141, 1
0, 3, 142, 143, 1
0, 3, 143, 126, 1
0, 3, 143, 142, 1
0, 3, 143, 144, 1
0, 2, 144, 127, 1
0, 2, 144, 143, 1
0, 3, 145, 128, 1
0, 3, 145, 137, 1
0, 3, 145, 146, 1
0, 3, 146, 129, 1
0, 3, 146, 145, 1
0, 3, 146, 147, 1
0, 3, 147, 130, 1
0, 3, 147, 146, 1
0, 3, 147, 148, 1
0, 3, 148, 131, 1
0, 3, 148, 147, 1
0, 3, 148, 149, 1
0, 3, 149, 132, 1
0, 3, 149, 148, 1
0, 3, 149, 150, 1
0, 3, 150, 133, 1
0, 3, 150, 149, 1
0, 3, 150, 151, 1
0, 3, 151, 134, 1
0, 3, 151, 150, 1
0, 3, 151, 152, 1
0, 3, 152, 135, 1
0, 3, 152, 138, 1
0, 3, 152, 151, 1
0, 3, 153, 17, 1
0, 3, 153, 154, 1
0, 3, 153, 170, 1
0, 4, 154, 18, 1
0, 4, 154, 153, 1
0, 4, 154, 162, 1
0, 4, 154, 171, 1
0, 4, 155, 19, 1
0, 4, 155, 156, 1
0, 4, 155, 169, 1
0, 4, 155, 172, 1
0, 4, 156, 20, 1
0, 4, 156, 155, 1
0, 4, 156, 157, 1
0, 4, 156, 173, 1
0, 4, 157, 21, 1
0, 4, 157, 156, 1
0, 4, 157, 158, 1
0, 4, 157, 174, 1
0, 4, 158, 22, 1
0, 4, 158, 157, 1
0, 4, 158, 159, 1
0, 4, 158, 175, 1
0, 4, 159, 23, 1
0, 4, 159, 158, 1
0, 4, 159, 160, 1
0, 4, 159, 176, 1
0, 4, 160, 24, 1
0, 4, 160, 159, 1
0, 4, 160, 161, 1
0, 4, 160, 177, 1
0, 3, 161, 25, 1
0, 3, 161, 160, 1
0, 3, 161, 178, 1
0, 4, 162, 26, 1
0, 4, 162, 154, 1
0, 4, 162, 163, 1
0, 4, 162, 179, 1
0, 4, 163, 27, 1
0, 4, 163, 162, 1
0, 4, 163, 164, 1
0, 4, 163, 180, 1
0, 4, 164, 28, 1
0, 4, 164, 163, 1
0, 4, 164, 165, 1
0, 4, 164, 181, 1
0, 4, 165, 29, 1
0, 4, 165, 164, 1
0, 4, 165, 166, 1
0, 4, 165, 182, 1
0, 4, 166, 30, 1
0, 4, 166, 165, 1
0, 4, 166, 167, 1
0, 4, 166, 183, 1
0, 4, 167, 31, 1
0, 4, 167, 166, 1
0, 4, 167, 168, 1
0, 4, 167, 184, 1
0, 4, 168, 32, 1
0, 4, 168, 167, 1
0, 4, 168, 169, 1
0, 4, 168, 185, 1
0, 4, 169, 33, 1
0, 4, 169, 155, 1
0, 4, 169, 168, 1
0, 4, 169, 186, 1
0, 3, 170, 153, 1
0, 3, 170, 171, 1
0, 3, 170, 187, 1
0, 4, 171, 154, 1
0, 4, 171, 170, 1
0, 4, 171, 179, 1
0, 4, 171, 188, 1
0, 4, 172, 155, 1
0, 4, 172, 173, 1
0, 4, 172, 186, 1
0, 4, 172, 189, 1
0, 4, 173, 156, 1
0, 4, 173, 172, 1
0, 4, 173, 174, 1
0, 4, 173, 190, 1
0, 4, 174, 157, 1
0, 4, 174, 173, 1
0, 4, 174, 175, 1
0, 4, 174, 191, 1
0, 4, 175, 158, 1
0, 4, 175, 174, 1
0, 4, 175, 176, 1
0, 4, 175, 192, 1
0, 4, 176, 159, 1
0, 4, 176, 175, 1
0, 4, 176, 177, 1
0, 4, 176, 193, 1
0, 4, 177, 160, 1
0, 4, 177, 176, 1
0, 4, 177, 178, 1
0, 4, 177, 194, 1
0, 3, 178, 161, 1
0, 3, 178, 177, 1
0, 3, 178, 195, 1
0, 4, 179, 162, 1
0, 4, 179, 171, 1
0, 4, 179, 180, 1
0, 4, 179, 196, 1
0, 4, 180, 163, 1
0, 4, 180, 179, 1
0, 4, 180, 181, 1
0, 4, 180, 197, 1
0, 4, 181, 164, 1
0, 4, 181, 180, 1
0, 4, 181, 182, 1
0, 4, 181, 198, 1
0, 4, 182, 165, 1
0, 4, 182, 181, 1
0, 4, 182, 183, 1
0, 4, 182, 199, 1
0, 4, 183, 166, 1
0, 4, 183, 182, 1
0, 4, 183, 184, 1
0, 4, 183, 200, 1
0, 4, 184, 167, 1
0, 4, 184, 183, 1
0, 4, 184, 185, 1
0, 4, 184, 201, 1
0, 4, 185, 168, 1
0, 4, 185, 184, 1
0, 4, 185, 186, 1
0, 4, 185, 202, 1
0, 4, 186, 169, 1
0, 4, 186, 172, 1
0, 4, 186, 185, 1
0, 4, 186, 203, 1
0, 3, 187, 170, 1
0, 3, 187, 188, 1
0, 3, 187, 204, 1
0, 4, 188, 171, 1
0, 4, 188, 187, 1
0, 4, 188, 196, 1
0, 4, 188, 205, 1
0, 4, 189, 172, 1
0, 4, 189, 190, 1
0, 4, 189, 203, 1
0, 4, 189, 206, 1
0, 4, 190, 173, 1
0, 4, 190, 189, 1
0, 4, 190, 191, 1
0, 4, 190, 207, 1
0, 4, 191, 174, 1
0, 4, 191, 190, 1
0, 4, 191, 192, 1
0, 4, 191, 208, 1
0, 4, 192, 175, 1
0, 4, 192, 191, 1
0, 4, 192, 193, 1
0, 4, 192, 209, 1
0, 4, 193, 176, 1
0, 4, 193, 192, 1
0, 4, 193, 194, 1
0, 4, 193, 210, 1
0, 4, 194, 177, 1
0, 4, 194, 193, 1
0, 4, 194, 195, 1
0, 4, 194, 211, 1
0, 3, 195, 178, 1
0, 3, 195, 194, 1
0, 3, 195, 212, 1
0, 4, 196, 179, 1
0, 4, 196, 188, 1
0, 4, 196, 197, 1
0, 4, 196, 213, 1
0, 4, 197, 180, 1
0, 4, 197, 196, 1
0, 4, 197, 198, 1
0, 4, 197, 214, 1
0, 4, 198, 181, 1
0, 4, 198, 197, 1
0, 4, 198, 199, 1
0, 4, 198, 215, 1
0, 4, 199, 182, 1
0, 4, 199, 198, 1
0, 4, 199, 200, 1
0, 4, 199, 216, 1
0, 4, 200, 183, 1
0, 4, 200, 199, 1
0, 4, 200, 201, 1
0, 4, 200, 217, 1
0, 4, 201, 184, 1
0, 4, 201, 200, 1
0, 4, 201, 202, 1
0, 4, 201, 218, 1
0, 4, 202, 185, 1
0, 4, 202, 201, 1
0, 4, 202, 203, 1
0, 4, 202, 219, 1
0, 4, 203, 186, 1
0, 4, 203, 189, 1
0, 4, 203, 202, 1
0, 4, 203, 220, 1
0, 3, 204, 187, 1
0, 3, 204, 205, 1
0, 3, 204, 221, 1
0, 4, 205, 188, 1
0, 4, 205, 204, 1
0, 4, 205, 213, 1
0, 4, 205, 222, 1
0, 4, 206, 189, 1
0, 4, 206, 207, 1
0, 4, 206, 220, 1
0, 4, 206, 223, 1
0, 4, 207, 190, 1
0, 4, 207, 206, 1
0, 4, 207, 208, 1
0, 4, 207, 224, 1
0, 4, 208, 191, 1
0, 4, 208, 207, 1
0, 4, 208, 209, 1
0, 4, 208, 225, 1
0, 4, 209, 192, 1
0, 4, 209, 208, 1
0, 4, 209, 210, 1
0, 4, 209, 226, 1
0, 4, 210, 193, 1
0, 4, 210, 209, 1
0, 4, 210, 211, 1
0, 4, 210, 227, 1
0, 4, 211, 194, 1
0, 4, 211, 210, 1
0, 4, 211, 212, 1
0, 4, 211, 228, 1
0, 3, 212, 195, 1
0, 3, 212, 211, 1
0, 3, 212, 229, 1
0, 4, 213, 196, 1
0, 4, 213, 205, 1
0, 4, 213, 214, 1
0, 4, 213, 230, 1
0, 4, 214, 197, 1
0, 4, 214, 213, 1
0, 4, 214, 215, 1
0, 4, 214, 231, 1
0, 4, 215, 198, 1
0, 4, 215, 214, 1
0, 4, 215, 216, 1
0, 4, 215, 232, 1
0, 4, 216, 199, 1
0, 4, 216, 215, 1
0, 4, 216, 217, 1
0, 4, 216, 233, 1
0, 4, 217, 200, 1
0, 4, 217, 216, 1
0, 4, 217, 218, 1
0, 4, 217, 234, 1
0, 4, 218, 201, 1
0, 4, 218, 217, 1
0, 4, 218, 219, 1
0, 4, 218, 235, 1
0, 4, 219, 202, 1
0, 4, 219, 218, 1
0, 4, 219, 220, 1
0, 4, 219, 236, 1
0, 4, 220, 203, 1
0, 4, 220, 206, 1
0, 4, 220, 219, 1
0, 4, 220, 237, 1
0, 3, 221, 204, 1
0, 3, 221, 222, 1
0, 3, 221, 238, 1
0, 4, 222, 205, 1
0, 4, 222, 221, 1
0, 4, 222, 230, 1
0, 4, 222, 239, 1
0, 4, 223, 206, 1
0, 4, 223, 224, 1
0, 4, 223, 237, 1
0, 4, 223, 240, 1
0, 4, 224, 207, 1
0, 4, 224, 223, 1
0, 4, 224, 225, 1
0, 4, 224, 241, 1
0, 4, 225, 208, 1
0, 4, 225, 224, 1
0, 4, 225, 226, 1
0, 4, 225, 242, 1
0, 4, 226, 209, 1
0, 4, 226, 225, 1
0, 4, 226, 227, 1
0, 4, 226, 243, 1
0, 4, 227, 210, 1
0, 4, 227, 226, 1
0, 4, 227, 228, 1
0, 4, 227, 244, 1
0, 4, 228, 211, 1
0, 4, 228, 227, 1
0, 4, 228, 229, 1
0, 4, 228, 245, 1
0, 3, 229, 212, 1
0, 3, 229, 228, 1
0, 3, 229, 246, 1
0, 4, 230, 213, 1
0, 4, 230, 222, 1
0, 4, 230, 231, 1
0, 4, 230, 247, 1
0, 4, 231, 214, 1
0, 4, 231, 230, 1
0, 4, 231, 232, 1
0, 4, 231, 248, 1
0, 4, 232, 215, 1
0, 4, 232, 231, 1
0, 4, 232, 233, 1
0, 4, 232, 249, 1
0, 4, 233, 216, 1
0, 4, 233, 232, 1
0, 4, 233, 234, 1
0, 4, 233, 250, 1
0, 4, 234, 217, 1
0, 4, 234, 233, 1
0, 4, 234, 235, 1
0, 4, 234, 251, 1
0, 4, 235, 218, 1
0, 4, 235, 234, 1
0, 4, 235, 236, 1
0, 4, 235, 252, 1
0, 4, 236, 219, 1
0, 4, 236, 235, 1
0, 4, 236, 237, 1
0, 4, 236, 253, 1
0, 4, 237, 220, 1
0, 4, 237, 223, 1
0, 4, 237, 236, 1
0, 4, 237, 254, 1
0, 3, 238, 221, 1
0, 3, 238, 239, 1
0, 3, 238, 255, 1
0, 4, 239, 222, 1
0, 4, 239, 238, 1
0, 4, 239, 247, 1
0, 4, 239, 256, 1
0, 4, 240, 223, 1
0, 4, 240, 241, 1
0, 4, 240, 254, 1
0, 4, 240, 257, 1
0, 4, 241, 224, 1
0, 4, 241, 240, 1
0, 4, 241, 242, 1
0, 4, 241, 258, 1
0, 4, 242, 225, 1
0, 4, 242, 241, 1
0, 4, 242, 243, 1
0, 4, 242, 259, 1
0, 4, 243, 226, 1
0, 4, 243, 242, 1
0, 4, 243, 244, 1
0, 4, 243, 260, 1
0, 4, 244, 227, 1
0, 4, 244, 243, 1
0, 4, 244, 245, 1
0, 4, 244, 261, 1
0, 4, 245, 228, 1
0, 4, 245, 244, 1
0, 4, 245, 246, 1
0, 4, 245, 262, 1
0, 3, 246, 229, 1
0, 3, 246, 245, 1
0, 3, 246, 263, 1
0, 4, 247, 230, 1
0, 4, 247, 239, 1
0, 4, 247, 248, 1
0, 4, 247, 264, 1
0, 4, 248, 231, 1
0, 4, 248, 247, 1
0, 4, 248, 249, 1
0, 4, 248, 265, 1
0, 4, 249, 232, 1
0, 4, 249, 248, 1
0, 4, 249, 250, 1
0, 4, 249, 266, 1
0, 4, 250, 233, 1
0, 4, 250, 249, 1
0, 4, 250, 251, 1
0, 4, 250, 267, 1
0, 4, 251, 234, 1
0, 4, 251, 250, 1
0, 4, 251, 252, 1
0, 4, 251, 268, 1
0, 4, 252, 235, 1
0, 4, 252, 251, 1
0, 4, 252, 253, 1
0, 4, 252, 269, 1
0, 4, 253, 236, 1
0, 4, 253, 252, 1
0, 4, 253, 254, 1
0, 4, 253, 270, 1
0, 4, 254, 237, 1
0, 4, 254, 240, 1
0, 4, 254, 253, 1
0, 4, 254, 271, 1
0, 3, 255, 238, 1
0, 3, 255, 256, 1
0, 3, 255, 272, 1
0, 4, 256, 239, 1
0, 4, 256, 255, 1
0, 4, 256, 264, 1
0, 4, 256, 273, 1
0, 4, 257, 240, 1
0, 4, 257, 258, 1
0, 4, 257, 271, 1
0, 4, 257, 274, 1
0, 4, 258, 241, 1
0, 4, 258, 257, 1
0, 4, 258, 259, 1
0, 4, 258, 275, 1
0, 4, 259, 242, 1
0, 4, 259, 258, 1
0, 4, 259, 260, 1
0, 4, 259, 276, 1
0, 4, 260, 243, 1
0, 4, 260, 259, 1
0, 4, 260, 261, 1
0, 4, 260, 277, 1
0, 4, 261, 244, 1
0, 4, 261, 260, 1
0, 4, 261, 262, 1
0, 4, 261, 278, 1
0, 4, 262, 245, 1
0, 4, 262, 261, 1
0, 4, 262, 263, 1
0, 4, 262, 279, 1
0, 3, 263, 246, 1
0, 3, 263, 262, 1
0, 3, 263, 280, 1
0, 4, 264, 247, 1
0, 4, 264, 256, 1
0, 4, 264, 265, 1
0, 4, 264, 281, 1
0, 4, 265, 248, 1
0, 4, 265, 264, 1
0, 4, 265, 266, 1
0, 4, 265, 282, 1
0, 4, 266, 249, 1
0, 4, 266, 265, 1
0, 4, 266, 267, 1
0, 4, 266, 283, 1
0, 4, 267, 250, 1
0, 4, 267, 266, 1
0, 4, 267, 268, 1
0, 4, 267, 284, 1
0, 4, 268, 251, 1
0, 4, 268, 267, 1
0, 4, 268, 269, 1
0, 4, 268, 285, 1
0, 4, 269, 252, 1
0, 4, 269, 268, 1
0, 4, 269, 270, 1
0, 4, 269, 286, 1
0, 4, 270, 253, 1
0, 4, 270, 269, 1
0, 4, 270, 271, 1
0, 4, 270, 287, 1
0, 4, 271, 254, 1
0, 4, 271, 257, 1
0, 4, 271, 270, 1
0, 4, 271, 288, 1
0, 3, 272, 34, 1
0, 3, 272, 255, 1
0, 3, 272, 273, 1
0, 4, 273, 35, 1
0, 4, 273, 256, 1
0, 4, 273, 272, 1
0, 4, 273, 281, 1
0, 4, 274, 36, 1
0, 4, 274, 257, 1
0, 4, 274, 275, 1
0, 4, 274, 288, 1
0, 4, 275, 37, 1
0, 4, 275, 258, 1
0, 4, 275, 274, 1
0, 4, 275, 276, 1
0, 4, 276, 38, 1
0, 4, 276, 259, 1
0, 4, 276, 275, 1
0, 4, 276, 277, 1
0, 4, 277, 39, 1
0, 4, 277, 260, 1
0, 4, 277, 276, 1
0, 4, 277, 278, 1
0, 4, 278, 40, 1
0, 4, 278, 261, 1
0, 4, 278, 277, 1
0, 4, 278, 279, 1
0, 4, 279, 41, 1
0, 4, 279, 262, 1
0, 4, 279, 278, 1
0, 4, 279, 280, 1
0, 3, 280, 42, 1
0, 3, 280, 263, 1
0, 3, 280, 279, 1
0, 4, 281, 43, 1
0, 4, 281, 264, 1
0, 4, 281, 273, 1
0, 4, 281, 282, 1
0, 4, 282, 44, 1
0, 4, 282, 265, 1
0, 4, 282, 281, 1
0, 4, 282, 283, 1
0, 4, 283, 45, 1
0, 4, 283, 266, 1
0, 4, 283, 282, 1
0, 4, 283, 284, 1
0, 4, 284, 46, 1
0, 4, 284, 267, 1
0, 4, 284, 283, 1
0, 4, 284, 285, 1
0, 4, 285, 47, 1
0, 4, 285, 268, 1
0, 4, 285, 284, 1
0, 4, 285, 286, 1
0, 4, 286, 48, 1
0, 4, 286, 269, 1
0, 4, 286, 285, 1
0, 4, 286, 287, 1
0, 4, 287, 49, 1
0, 4, 287, 270, 1
0, 4, 287, 286, 1
0, 4, 287, 288, 1
0, 4, 288, 50, 1
0, 4, 288, 271, 1
0, 4, 288, 274, 1
0, 4, 288, 287, 1
1, 4, 1, 0, 2
1, 4, 1, 0, 2
1, 4, 1, 0, 2
1, 4, 1, 0, 2
2, 4, 1, 0, 2
2, 4, 1, 0, 2
2, 4, 1, 0, 2
2, 4, 1, 0, 2
3, 4, 1, 0, 2
3, 4, 1, 0, 2
3, 4, 1, 0, 2
3, 4, 1, 0, 2
4, 4, 1, 0, 2
4, 4, 1, 0, 2
4, 4, 1, 0, 2
4, 4, 1, 0, 2
5, 4, 1, 0, 2
5, 4, 1, 0, 2
5, 4, 1, 0, 2
5, 4, 1, 0, 2
6, 4, 1, 0, 2
6, 4, 1, 0, 2
6, 4, 1, 0, 2
6, 4, 1, 0, 2
7, 4, 1, 0, 2
7, 4, 1, 0, 2
7, 4, 1, 0, 2
7, 4, 1, 0, 2
8, 4, 1, 0, 2
8, 4, 1, 0, 2
8, 4, 1, 0, 2
8, 4, 1, 0, 2
9, 3, 1, 0, 2
9, 3, 1, 0, 2
9, 3, 1, 0, 2
10, 4, 1, 0, 2
10, 4, 1, 0, 2
10, 4, 1, 0, 2
10, 4, 1, 0, 2
11, 4, 1, 0, 2
11, 4, 1, 0, 2
11, 4, 1, 0, 2
11, 4, 1, 0, 2
12, 4, 1, 0, 2
12, 4, 1, 0, 2
12, 4, 1, 0, 2
12, 4, 1, 0, 2
13, 4, 1, 0, 2
13, 4, 1, 0, 2
13, 4, 1, 0, 2
13, 4, 1, 0, 2
14, 4, 1, 0, 2
14, 4, 1, 0, 2
14, 4, 1, 0, 2
14, 4, 1, 0, 2
15, 4, 1, 0, 2
15, 4, 1, 0, 2
15, 4, 1, 0, 2
15, 4, 1, 0, 2
16, 4, 1, 0, 2
16, 4, 1, 0, 2
16, 4, 1, 0, 2
16, 4, 1, 0, 2
17, 3, 1, 0, 2
17, 3, 1, 0, 2
17, 3, 1, 0, 2
18, 4, 1, 0, 2
18, 4, 1, 0, 2
18, 4, 1, 0, 2
18, 4, 1, 0, 2
19, 4, 1, 0, 2
19, 4, 1, 0, 2
19, 4, 1, 0, 2
19, 4, 1, 0, 2
20, 4, 1, 0, 2
20, 4, 1, 0, 2
20, 4, 1, 0, 2
20, 4, 1, 0, 2
21, 4, 1, 0, 2
21, 4, 1, 0, 2
21, 4, 1, 0, 2
21, 4, 1, 0, 2
22, 4, 1, 0, 2
22, 4, 1, 0, 2
22, 4, 1, 0, 2
22, 4, 1, 0, 2
23, 4, 1, 0, 2
23, 4, 1, 0, 2
23, 4, 1, 0, 2
23, 4, 1, 0, 2
24, 4, 1, 0, 2
24, 4, 1, 0, 2
24, 4, 1, 0, 2
24, 4, 1, 0, 2
25, 3, 1, 0, 2
25, 3, 1, 0, 2
25, 3, 1, 0, 2
26, 4, 1, 0, 2
26, 4, 1, 0, 2
26, 4, 1, 0, 2
26, 4, 1, 0, 2
27, 4, 1, 0, 2
27, 4, 1, 0, 2
27, 4, 1, 0, 2
27, 4, 1, 0, 2
28, 4, 1, 0, 2
28, 4, 1, 0, 2
28, 4, 1, 0, 2
28, 4, 1, 0, 2
29, 4, 1, 0, 2
29, 4, 1, 0, 2
29, 4, 1, 0, 2
29, 4, 1, 0, 2
30, 4, 1, 0, 2
30, 4, 1, 0, 2
30, 4, 1, 0, 2
30, 4, 1, 0, 2
31, 4, 1, 0, 2
31, 4, 1, 0, 2
31, 4, 1, 0, 2
31, 4, 1, 0, 2
32, 4, 1, 0, 2
32, 4, 1, 0, 2
32, 4, 1, 0, 2
32, 4, 1, 0, 2
33, 3, 1, 0, 2
33, 3, 1, 0, 2
33, 3, 1, 0, 2
34, 4, 1, 0, 2
34, 4, 1, 0, 2
34, 4, 1, 0, 2
34, 4, 1, 0, 2
35, 4, 1, 0, 2
35, 4, 1, 0, 2
35, 4, 1, 0, 2
35, 4, 1, 0, 2
36, 4, 1, 0, 2
36, 4, 1, 0, 2
36, 4, 1, 0, 2
36, 4, 1, 0, 2
37, 4, 1, 0, 2
37, 4, 1, 0, 2
37, 4, 1, 0, 2
37, 4, 1, 0, 2
38, 4, 1, 0, 2
38, 4, 1, 0, 2
38, 4, 1, 0, 2
38, 4, 1, 0, 2
39, 4, 1, 0, 2
39, 4, 1, 0, 2
39, 4, 1, 0, 2
39, 4, 1, 0, 2
40, 4, 1, 0, 2
40, 4, 1, 0, 2
40, 4, 1, 0, 2
40, 4, 1, 0, 2
41, 4, 1, 0, 2
41, 4, 1, 0, 2
41, 4, 1, 0, 2
41, 4, 1, 0, 2
42, 3, 1, 0, 2
42, 3, 1, 0, 2
42, 3, 1, 0, 2
43, 4, 1, 0, 2
43, 4, 1, 0, 2
43, 4, 1, 0, 2
43, 4, 1, 0, 2
44, 4, 1, 0, 2
44, 4, 1, 0, 2
44, 4, 1, 0, 2
44, 4, 1, 0, 2
45, 4, 1, 0, 2
45, 4, 1, 0, 2
45, 4, 1, 0, 2
45, 4, 1, 0, 2
46, 4, 1, 0, 2
46, 4, 1, 0, 2
46, 4, 1, 0, 2
46, 4, 1, 0, 2
47, 4, 1, 0, 2
47, 4, 1, 0, 2
47, 4, 1, 0, 2
47, 4, 1, 0, 2
48, 4, 1, 0, 2
48, 4, 1, 0, 2
48, 4, 1, 0, 2
48, 4, 1, 0, 2
49, 4, 1, 0, 2
49, 4, 1, 0, 2
49, 4, 1, 0, 2
49, 4, 1, 0, 2
50, 3, 1, 0, 2
50, 3, 1, 0, 2
50, 3, 1, 0, 2
51, 4, 1, 0, 2
51, 4, 1, 0, 2
51, 4, 1, 0, 2
51, 4, 1, 0, 2
52, 4, 1, 0, 2
52, 4, 1, 0, 2
52, 4, 1, 0, 2
52, 4, 1, 0, 2
53, 4, 1, 0, 2
53, 4, 1, 0, 2
53, 4, 1, 0, 2
53, 4, 1, 0, 2
54, 4, 1, 0, 2
54, 4, 1, 0, 2
54, 4, 1, 0, 2
54, 4, 1, 0, 2
55, 4, 1, 0, 2
55, 4, 1, 0, 2
55, 4, 1, 0, 2
55, 4, 1, 0, 2
56, 4, 1, 0, 2
56, 4, 1, 0, 2
56, 4, 1, 0, 2
56, 4, 1, 0, 2
57, 4, 1, 0, 2
57, 4, 1, 0, 2
57, 4, 1, 0, 2
57, 4, 1, 0, 2
58, 4, 1, 0, 2
58, 4, 1, 0, 2
58, 4, 1, 0, 2
58, 4, 1, 0, 2
59, 3, 1, 0, 2
59, 3, 1, 0, 2
59, 3, 1, 0, 2
60, 4, 1, 0, 2
60, 4, 1, 0, 2
60, 4, 1, 0, 2
60, 4, 1, 0, 2
61, 4, 1, 0, 2
61, 4, 1, 0, 2
61, 4, 1, 0, 2
61, 4, 1, 0, 2
62, 4, 1, 0, 2
62, 4, 1, 0, 2
62, 4, 1, 0, 2
62, 4, 1, 0, 2
63, 4, 1, 0, 2
63, 4, 1, 0, 2
63, 4, 1, 0, 2
63, 4, 1, 0, 2
64, 4, 1, 0, 2
64, 4, 1, 0, 2
64, 4, 1, 0, 2
64, 4, 1, 0, 2
65, 4, 1, 0, 2
65, 4, 1, 0, 2
65, 4, 1, 0, 2
65, 4, 1, 0, 2
66, 4, 1, 0, 2
66, 4, 1, 0, 2
66, 4, 1, 0, 2
66, 4, 1, 0, 2
67, 3, 1, 0, 2
67, 3, 1, 0, 2
67, 3, 1, 0, 2
68, 4, 1, 0, 2
68, 4, 1, 0, 2
68, 4, 1, 0, 2
68, 4, 1, 0, 2
69, 4, 1, 0, 2
69, 4, 1, 0, 2
69, 4, 1, 0, 2
69, 4, 1, 0, 2
70, 4, 1, 0, 2
70, 4, 1, 0, 2
70, 4, 1, 0, 2
70, 4, 1, 0, 2
71, 4, 1, 0, 2
71, 4, 1, 0, 2
71, 4, 1, 0, 2
71, 4, 1, 0, 2
72, 4, 1, 0, 2
72, 4, 1, 0, 2
72, 4, 1, 0, 2
72, 4, 1, 0, 2
73, 4, 1, 0, 2
73, 4, 1, 0, 2
73, 4, 1, 0, 2
73, 4, 1, 0, 2
74, 4, 1, 0, 2
74, 4, 1, 0, 2
74, 4, 1, 0, 2
74, 4, 1, 0, 2
75, 4, 1, 0, 2
75, 4, 1, 0, 2
75, 4, 1, 0, 2
75, 4, 1, 0, 2
76, 3, 1, 0, 2
76, 3, 1, 0, 2
76, 3, 1, 0, 2
77, 4, 1, 0, 2
77, 4, 1, 0, 2
77, 4, 1, 0, 2
77, 4, 1, 0, 2
78, 4, 1, 0, 2
78, 4, 1, 0, 2
78, 4, 1, 0, 2
78, 4, 1, 0, 2
79, 4, 1, 0, 2
79, 4, 1, 0, 2
79, 4, 1, 0, 2
79, 4, 1, 0, 2
80, 4, 1, 0, 2
80, 4, 1, 0, 2
80, 4, 1, 0, 2
80, 4, 1, 0, 2
81, 4, 1, 0, 2
81, 4, 1, 0, 2
81, 4, 1, 0, 2
81, 4, 1, 0, 2
82, 4, 1, 0, 2
82, 4, 1, 0, 2
82, 4, 1, 0, 2
82, 4, 1, 0, 2
83, 4, 1, 0, 2
83, 4, 1, 0, 2
83, 4, 1, 0, 2
83, 4, 1, 0, 2
84, 3, 1, 0, 2
84, 3, 1, 0, 2
84, 3, 1, 0, 2
85, 4, 1, 0, 2
85, 4, 1, 0, 2
85, 4, 1, 0, 2
85, 4, 1, 0, 2
86, 4, 1, 0, 2
86, 4, 1, 0, 2
86, 4, 1, 0, 2
86, 4, 1, 0, 2
87, 4, 1, 0, 2
87, 4, 1, 0, 2
87, 4, 1, 0, 2
87, 4, 1, 0, 2
88, 4, 1, 0, 2
88, 4, 1, 0, 2
88, 4, 1, 0, 2
88, 4, 1, 0, 2
89, 4, 1, 0, 2
89, 4, 1, 0, 2
89, 4, 1, 0, 2
89, 4, 1, 0, 2
90, 4, 1, 0, 2
90, 4, 1, 0, 2
90, 4, 1, 0, 2
90, 4, 1, 0, 2
91, 4, 1, 0, 2
91, 4, 1, 0, 2
91, 4, 1, 0, 2
91, 4, 1, 0, 2
92, 4, 1, 0, 2
92, 4, 1, 0, 2
92, 4, 1, 0, 2
92, 4, 1, 0, 2
93, 3, 1, 0, 2
93, 3, 1, 0, 2
93, 3, 1, 0, 2
94, 4, 1, 0, 2
94, 4, 1, 0, 2
94, 4, 1, 0, 2
94, 4, 1, 0, 2
95, 4, 1, 0, 2
95, 4, 1, 0, 2
95, 4, 1, 0, 2
95, 4, 1, 0, 2
96, 4, 1, 0, 2
96, 4, 1, 0, 2
96, 4, 1, 0, 2
96, 4, 1, 0, 2
97, 4, 1, 0, 2
97, 4, 1, 0, 2
97, 4, 1, 0, 2
97, 4, 1, 0, 2
98, 4, 1, 0, 2
98, 4, 1, 0, 2
98, 4, 1, 0, 2
98, 4, 1, 0, 2
99, 4, 1, 0, 2
99, 4, 1, 0, 2
99, 4, 1, 0, 2
99, 4, 1, 0, 2
100, 4, 1, 0, 2
100, 4, 1, 0, 2
100, 4, 1, 0, 2
100, 4, 1, 0, 2
101, 3, 1, 0, 2
101, 3, 1, 0, 2
101, 3, 1, 0, 2
102, 4, 1, 0, 2
102, 4, 1, 0, 2
102, 4, 1, 0, 2
102, 4, 1, 0, 2
103, 4, 1, 0, 2
103, 4, 1, 0, 2
103, 4, 1, 0, 2
103, 4, 1, 0, 2
104, 4, 1, 0, 2
104, 4, 1, 0, 2
104, 4, 1, 0, 2
104, 4, 1, 0, 2
105, 4, 1, 0, 2
105, 4, 1, 0, 2
105, 4, 1, 0, 2
105, 4, 1, 0, 2
106, 4, 1, 0, 2
106, 4, 1, 0, 2
106, 4, 1, 0, 2
106, 4, 1, 0, 2
107, 4, 1, 0, 2
107, 4, 1, 0, 2
107, 4, 1, 0, 2
107, 4, 1, 0, 2
108, 4, 1, 0, 2
108, 4, 1, 0, 2
108, 4, 1, 0, 2
108, 4, 1, 0, 2
109, 4, 1, 0, 2
109, 4, 1, 0, 2
109, 4, 1, 0, 2
109, 4, 1, 0, 2
110, 3, 1, 0, 2
110, 3, 1, 0, 2
110, 3, 1, 0, 2
111, 4, 1, 0, 2
111, 4, 1, 0, 2
111, 4, 1, 0, 2
111, 4, 1, 0, 2
112, 4, 1, 0, 2
112, 4, 1, 0, 2
112, 4, 1, 0, 2
112, 4, 1, 0, 2
113, 4, 1, 0, 2
113, 4, 1, 0, 2
113, 4, 1, 0, 2
113, 4, 1, 0, 2
114, 4, 1, 0, 2
114, 4, 1, 0, 2
114, 4, 1, 0, 2
114, 4, 1, 0, 2
115, 4, 1, 0, 2
115, 4, 1, 0, 2
115, 4, 1, 0, 2
115, 4, 1, 0, 2
116, 4, 1, 0, 2
116, 4, 1, 0, 2
116, 4, 1, 0, 2
116, 4, 1, 0, 2
117, 4, 1, 0, 2
117, 4, 1, 0, 2
117, 4, 1, 0, 2
117, 4, 1, 0, 2
118, 3, 1, 0, 2
118, 3, 1, 0, 2
118, 3, 1, 0, 2
119, 4, 1, 0, 2
119, 4, 1, 0, 2
119, 4, 1, 0, 2
119, 4, 1, 0, 2
120, 4, 1, 0, 2
120, 4, 1, 0, 2
120, 4, 1, 0, 2
120, 4, 1, 0, 2
121, 4, 1, 0, 2
121, 4, 1, 0, 2
121, 4, 1, 0, 2
121, 4, 1, 0, 2
122, 4, 1, 0, 2
122, 4, 1, 0, 2
122, 4, 1, 0, 2
122, 4, 1, 0, 2
123, 4, 1, 0, 2
123, 4, 1, 0, 2
123, 4, 1, 0, 2
123, 4, 1, 0, 2
124, 4, 1, 0, 2
124, 4, 1, 0, 2
124, 4, 1, 0, 2
124, 4, 1, 0, 2
125, 4, 1, 0, 2
125, 4, 1, 0, 2
125, 4, 1, 0, 2
125, 4, 1, 0, 2
126, 4, 1, 0, 2
126, 4, 1, 0, 2
126, 4, 1, 0, 2
126, 4, 1, 0, 2
127, 3, 1, 0, 2
127, 3, 1, 0, 2
127, 3, 1, 0, 2
128, 4, 1, 0, 2
128, 4, 1, 0, 2
128, 4, 1, 0, 2
128, 4, 1, 0, 2
129, 4, 1, 0, 2
129, 4, 1, 0, 2
129, 4, 1, 0, 2
129, 4, 1, 0, 2
130, 4, 1, 0, 2
130, 4, 1, 0, 2
130, 4, 1, 0, 2
130, 4, 1, 0, 2
131, 4, 1, 0, 2
131, 4, 1, 0, 2
131, 4, 1, 0, 2
131, 4, 1, 0, 2
132, 4, 1, 0, 2
132, 4, 1, 0, 2
132, 4, 1, 0, 2
132, 4, 1, 0, 2
133, 4, 1, 0, 2
133, 4, 1, 0, 2
133, 4, 1, 0, 2
133, 4, 1, 0, 2
134, 4, 1, 0, 2
134, 4, 1, 0, 2
134, 4, 1, 0, 2
134, 4, 1, 0, 2
135, 3, 1, 0, 2
135, 3, 1, 0, 2
135, 3, 1, 0, 2
136, 3, 1, 0, 2
136, 3, 1, 0, 2
136, 3, 1, 0, 2
137, 3, 1, 0, 2
137, 3, 1, 0, 2
137, 3, 1, 0, 2
138, 3, 1, 0, 2
138, 3, 1, 0, 2
138, 3, 1, 0, 2
139, 3, 1, 0, 2
139, 3, 1, 0, 2
139, 3, 1, 0, 2
140, 3, 1, 0, 2
140, 3, 1, 0, 2
140, 3, 1, 0, 2
141, 3, 1, 0, 2
141, 3, 1, 0, 2
141, 3, 1, 0, 2
142, 3, 1, 0, 2
142, 3, 1, 0, 2
142, 3, 1, 0, 2
143, 3, 1, 0, 2
143, 3, 1, 0, 2
143, 3, 1, 0, 2
144, 2, 1, 0, 2
144, 2, 1, 0, 2
145, 3, 1, 0, 2
145, 3, 1, 0, 2
145, 3, 1, 0, 2
146, 3, 1, 0, 2
146, 3, 1, 0, 2
146, 3, 1, 0, 2
147, 3, 1, 0, 2
147, 3, 1, 0, 2
147, 3, 1, 0, 2
148, 3, 1, 0, 2
148, 3, 1, 0, 2
148, 3, 1, 0, 2
149, 3, 1, 0, 2
149, 3, 1, 0, 2
149, 3, 1, 0, 2
150, 3, 1, 0, 2
150, 3, 1, 0, 2
150, 3, 1, 0, 2
151, 3, 1, 0, 2
151, 3, 1, 0, 2
151, 3, 1, 0, 2
152, 2, 1, 0, 2
152, 2, 1, 0, 2
153, 4, 1, 0, 2
153, 4, 1, 0, 2
153, 4, 1, 0, 2
153, 4, 1, 0, 2
154, 4, 1, 0, 2
154, 4, 1, 0, 2
154, 4, 1, 0, 2
154, 4, 1, 0, 2
155, 4, 1, 0, 2
155, 4, 1, 0, 2
155, 4, 1, 0, 2
155, 4, 1, 0, 2
156, 4, 1, 0, 2
156, 4, 1, 0, 2
156, 4, 1, 0, 2
156, 4, 1, 0, 2
157, 4, 1, 0, 2
157, 4, 1, 0, 2
157, 4, 1, 0, 2
157, 4, 1, 0, 2
158, 4, 1, 0, 2
158, 4, 1, 0, 2
158, 4, 1, 0, 2
158, 4, 1, 0, 2
159, 4, 1, 0, 2
159, 4, 1, 0, 2
159, 4, 1, 0, 2
159, 4, 1, 0, 2
160, 4, 1, 0, 2
160, 4, 1, 0, 2
160, 4, 1, 0, 2
160, 4, 1, 0, 2
161, 3, 1, 0, 2
161, 3, 1, 0, 2
161, 3, 1, 0, 2
162, 4, 1, 0, 2
162, 4, 1, 0, 2
162, 4, 1, 0, 2
162, 4, 1, 0, 2
163, 4, 1, 0, 2
163, 4, 1, 0, 2
163, 4, 1, 0, 2
163, 4, 1, 0, 2
164, 4, 1, 0, 2
164, 4, 1, 0, 2
164, 4, 1, 0, 2
164, 4, 1, 0, 2
165, 4, 1, 0, 2
165, 4, 1, 0, 2
165, 4, 1, 0, 2
165, 4, 1, 0, 2
166, 4, 1, 0, 2
166, 4, 1, 0, 2
166, 4, 1, 0, 2
166, 4, 1, 0, 2
167, 4, 1, 0, 2
167, 4, 1, 0, 2
167, 4, 1, 0, 2
167, 4, 1, 0, 2
168, 4, 1, 0, 2
168, 4, 1, 0, 2
168, 4, 1, 0, 2
168, 4, 1, 0, 2
169, 3, 1, 0, 2
169, 3, 1, 0, 2
169, 3, 1, 0, 2
170, 4, 1, 0, 2
170, 4, 1, 0, 2
170, 4, 1, 0, 2
170, 4, 1, 0, 2
171, 4, 1, 0, 2
171, 4, 1, 0, 2
171, 4, 1, 0, 2
171, 4, 1, 0, 2
172, 4, 1, 0, 2
172, 4, 1, 0, 2
172, 4, 1, 0, 2
172, 4, 1, 0, 2
173, 4, 1, 0, 2
173, 4, 1, 0, 2
173, 4, 1, 0, 2
173, 4, 1, 0, 2
174, 4, 1, 0, 2
174, 4, 1, 0, 2
174, 4, 1, 0, 2
174, 4, 1, 0, 2
175, 4, 1, 0, 2
175, 4, 1, 0, 2
175, 4, 1, 0, 2
175, 4, 1, 0, 2
176, 4, 1, 0, 2
176, 4, 1, 0, 2
176, 4, 1, 0, 2
176, 4, 1, 0, 2
177, 4, 1, 0, 2
177, 4, 1, 0, 2
177, 4, 1, 0, 2
177, 4, 1, 0, 2
178, 3, 1, 0, 2
178, 3, 1, 0, 2
178, 3, 1, 0, 2
179, 4, 1, 0, 2
179, 4, 1, 0, 2
179, 4, 1, 0, 2
179, 4, 1, 0, 2
180, 4, 1, 0, 2
180, 4, 1, 0, 2
180, 4, 1, 0, 2
180, 4, 1, 0, 2
181, 4, 1, 0, 2
181, 4, 1, 0, 2
181, 4, 1, 0, 2
181, 4, 1, 0, 2
182, 4, 1, 0, 2
182, 4, 1, 0, 2
182, 4, 1, 0, 2
182, 4, 1, 0, 2
183, 4, 1, 0, 2
183, 4, 1, 0, 2
183, 4, 1, 0, 2
183, 4, 1, 0, 2
184, 4, 1, 0, 2
184, 4, 1, 0, 2
184, 4, 1, 0, 2
184, 4, 1, 0, 2
185, 4, 1, 0, 2
185, 4, 1, 0, 2
185, 4, 1, 0, 2
185, 4, 1, 0, 2
186, 3, 1, 0, 2
186, 3, 1, 0, 2
186, 3, 1, 0, 2
187, 4, 1, 0, 2
187, 4, 1, 0, 2
187, 4, 1, 0, 2
187, 4, 1, 0, 2
188, 4, 1, 0, 2
188, 4, 1, 0, 2
188, 4, 1, 0, 2
188, 4, 1, 0, 2
189, 4, 1, 0, 2
189, 4, 1, 0, 2
189, 4, 1, 0, 2
189, 4, 1, 0, 2
190, 4, 1, 0, 2
190, 4, 1, 0, 2
190, 4, 1, 0, 2
190, 4, 1, 0, 2
191, 4, 1, 0, 2
191, 4, 1, 0, 2
191, 4, 1, 0, 2
191, 4, 1, 0, 2
192, 4, 1, 0, 2
192, 4, 1, 0, 2
192, 4, 1, 0, 2
192, 4, 1, 0, 2
193, 4, 1, 0, 2
193, 4, 1, 0, 2
193, 4, 1, 0, 2
193, 4, 1, 0, 2
194, 4, 1, 0, 2
194, 4, 1, 0, 2
194, 4, 1, 0, 2
194, 4, 1, 0, 2
195, 3, 1, 0, 2
195, 3, 1, 0, 2
195, 3, 1, 0, 2
196, 4, 1, 0, 2
196, 4, 1, 0, 2
196, 4, 1, 0, 2
196, 4, 1, 0, 2
197, 4, 1, 0, 2
197, 4, 1, 0, 2
197, 4, 1, 0, 2
197, 4, 1, 0, 2
198, 4, 1, 0, 2
198, 4, 1, 0, 2
198, 4, 1, 0, 2
198, 4, 1, 0, 2
199, 4, 1, 0, 2
199, 4, 1, 0, 2
199, 4, 1, 0, 2
199, 4, 1, 0, 2
200, 4, 1, 0, 2
200, 4, 1, 0, 2
200, 4, 1, 0, 2
200, 4, 1, 0, 2
201, 4, 1, 0, 2
201, 4, 1, 0, 2
201, 4, 1, 0, 2
201, 4, 1, 0, 2
202, 4, 1, 0, 2
202, 4, 1, 0, 2
202, 4, 1, 0, 2
202, 4, 1, 0, 2
203, 3, 1, 0, 2
203, 3, 1, 0, 2
203, 3, 1, 0, 2
204, 4, 1, 0, 2
204, 4, 1, 0, 2
204, 4, 1, 0, 2
204, 4, 1, 0, 2
205, 4, 1, 0, 2
205, 4, 1, 0, 2
205, 4, 1, 0, 2
205, 4, 1, 0, 2
206, 4, 1, 0, 2
206, 4, 1, 0, 2
206, 4, 1, 0, 2
206, 4, 1, 0, 2
207, 4, 1, 0, 2
207, 4, 1, 0, 2
207, 4, 1, 0, 2
207, 4, 1, 0, 2
208, 4, 1, 0, 2
208, 4, 1, 0, 2
208, 4, 1, 0, 2
208, 4, 1, 0, 2
209, 4, 1, 0, 2
209, 4, 1, 0, 2
209, 4, 1, 0, 2
209, 4, 1, 0, 2
210, 4, 1, 0, 2
210, 4, 1, 0, 2
210, 4, 1, 0, 2
210, 4, 1, 0, 2
211, 4, 1, 0, 2
211, 4, 1, 0, 2
211, 4, 1, 0, 2
211, 4, 1, 0, 2
212, 3, 1, 0, 2
212, 3, 1, 0, 2
212, 3, 1, 0, 2
213, 4, 1, 0, 2
213, 4, 1, 0, 2
213, 4, 1, 0, 2
213, 4, 1, 0, 2
214, 4, 1, 0, 2
214, 4, 1, 0, 2
214, 4, 1, 0, 2
214, 4, 1, 0, 2
215, 4, 1, 0, 2
215, 4, 1, 0, 2
215, 4, 1, 0, 2
215, 4, 1, 0, 2
216, 4, 1, 0, 2
216, 4, 1, 0, 2
216, 4, 1, 0, 2
216, 4, 1, 0, 2
217, 4, 1, 0, 2
217, 4, 1, 0, 2
217, 4, 1, 0, 2
217, 4, 1, 0, 2
218, 4, 1, 0, 2
218, 4, 1, 0, 2
218, 4, 1, 0, 2
218, 4, 1, 0, 2
219, 4, 1, 0, 2
219, 4, 1, 0, 2
219, 4, 1, 0, 2
219, 4, 1, 0, 2
220, 3, 1, 0, 2
220, 3, 1, 0, 2
220, 3, 1, 0, 2
221, 4, 1, 0, 2
221, 4, 1, 0, 2
221, 4, 1, 0, 2
221, 4, 1, 0, 2
222, 4, 1, 0, 2
222, 4, 1, 0, 2
222, 4, 1, 0, 2
222, 4, 1, 0, 2
223, 4, 1, 0, 2
223, 4, 1, 0, 2
223, 4, 1, 0, 2
223, 4, 1, 0, 2
224, 4, 1, 0, 2
224, 4, 1, 0, 2
224, 4, 1, 0, 2
224, 4, 1, 0, 2
225, 4, 1, 0, 2
225, 4, 1, 0, 2
225, 4, 1, 0, 2
225, 4, 1, 0, 2
226, 4, 1, 0, 2
226, 4, 1, 0, 2
226, 4, 1, 0, 2
226, 4, 1, 0, 2
227, 4, 1, 0, 2
227, 4, 1, 0, 2
227, 4, 1, 0, 2
227, 4, 1, 0, 2
228, 4, 1, 0, 2
228, 4, 1, 0, 2
228, 4, 1, 0, 2
228, 4, 1, 0, 2
229, 3, 1, 0, 2
229, 3, 1, 0, 2
229, 3, 1, 0, 2
230, 4, 1, 0, 2
230, 4, 1, 0, 2
230, 4, 1, 0, 2
230, 4, 1, 0, 2
231, 4, 1, 0, 2
231, 4, 1, 0, 2
231, 4, 1, 0, 2
231, 4, 1, 0, 2
232, 4, 1, 0, 2
232, 4, 1, 0, 2
232, 4, 1, 0, 2
232, 4, 1, 0, 2
233, 4, 1, 0, 2
233, 4, 1, 0, 2
233, 4, 1, 0, 2
233, 4, 1, 0, 2
234, 4, 1, 0, 2
234, 4, 1, 0, 2
234, 4, 1, 0, 2
234, 4, 1, 0, 2
235, 4, 1, 0, 2
235, 4, 1, 0, 2
235, 4, 1, 0, 2
235, 4, 1, 0, 2
236, 4, 1, 0, 2
236, 4, 1, 0, 2
236, 4, 1, 0, 2
236, 4, 1, 0, 2
237, 3, 1, 0, 2
237, 3, 1, 0, 2
237, 3, 1, 0, 2
238, 4, 1, 0, 2
238, 4, 1, 0, 2
238, 4, 1, 0, 2
238, 4, 1, 0, 2
239, 4, 1, 0, 2
239, 4, 1, 0, 2
239, 4, 1, 0, 2
239, 4, 1, 0, 2
240, 4, 1, 0, 2
240, 4, 1, 0, 2
240, 4, 1, 0, 2
240, 4, 1, 0, 2
241, 4, 1, 0, 2
241, 4, 1, 0, 2
241, 4, 1, 0, 2
241, 4, 1, 0, 2
242, 4, 1, 0, 2
242, 4, 1, 0, 2
242, 4, 1, 0, 2
242, 4, 1, 0, 2
243, 4, 1, 0, 2
243, 4, 1, 0, 2
243, 4, 1, 0, 2
243, 4, 1, 0, 2
244, 4, 1, 0, 2
244, 4, 1, 0, 2
244, 4, 1, 0, 2
244, 4, 1, 0, 2
245, 4, 1, 0, 2
245, 4, 1, 0, 2
245, 4, 1, 0, 2
245, 4, 1, 0, 2
246, 3, 1, 0, 2
246, 3, 1, 0, 2
246, 3, 1, 0, 2
247, 4, 1, 0, 2
247, 4, 1, 0, 2
247, 4, 1, 0, 2
247, 4, 1, 0, 2
248, 4, 1, 0, 2
248, 4, 1, 0, 2
248, 4, 1, 0, 2
248, 4, 1, 0, 2
249, 4, 1, 0, 2
249, 4, 1, 0, 2
249, 4, 1, 0, 2
249, 4, 1, 0, 2
250, 4, 1, 0, 2
250, 4, 1, 0, 2
250, 4, 1, 0, 2
250, 4, 1, 0, 2
251, 4, 1, 0, 2
251, 4, 1, 0, 2
251, 4, 1, 0, 2
251, 4, 1, 0, 2
252, 4, 1, 0, 2
252, 4, 1, 0, 2
252, 4, 1, 0, 2
252, 4, 1, 0, 2
253, 4, 1, 0, 2
253, 4, 1, 0, 2
253, 4, 1, 0, 2
253, 4, 1, 0, 2
254, 3, 1, 0, 2
254, 3, 1, 0, 2
254, 3, 1, 0, 2
255, 4, 1, 0, 2
255, 4, 1, 0, 2
255, 4, 1, 0, 2
255, 4, 1, 0, 2
256, 4, 1, 0, 2
256, 4, 1, 0, 2
256, 4, 1, 0, 2
256, 4, 1, 0, 2
257, 4, 1, 0, 2
257, 4, 1, 0, 2
257, 4, 1, 0, 2
257, 4, 1, 0, 2
258, 4, 1, 0, 2
258, 4, 1, 0, 2
258, 4, 1, 0, 2
258, 4, 1, 0, 2
259, 4, 1, 0, 2
259, 4, 1, 0, 2
259, 4, 1, 0, 2
259, 4, 1, 0, 2
260, 4, 1, 0, 2
260, 4, 1, 0, 2
260, 4, 1, 0, 2
260, 4, 1, 0, 2
261, 4, 1, 0, 2
261, 4, 1, 0, 2
261, 4, 1, 0, 2
261, 4, 1, 0, 2
262, 4, 1, 0, 2
262, 4, 1, 0, 2
262, 4, 1, 0, 2
262, 4, 1, 0, 2
263, 3, 1, 0, 2
263, 3, 1, 0, 2
263, 3, 1, 0, 2
264, 4, 1, 0, 2
264, 4, 1, 0, 2
264, 4, 1, 0, 2
264, 4, 1, 0, 2
265, 4, 1, 0, 2
265, 4, 1, 0, 2
265, 4, 1, 0, 2
265, 4, 1, 0, 2
266, 4, 1, 0, 2
266, 4, 1, 0, 2
266, 4, 1, 0, 2
266, 4, 1, 0, 2
267, 4, 1, 0, 2
267, 4, 1, 0, 2
267, 4, 1, 0, 2
267, 4, 1, 0, 2
268, 4, 1, 0, 2
268, 4, 1, 0, 2
268, 4, 1, 0, 2
268, 4, 1, 0, 2
269, 4, 1, 0, 2
269, 4, 1, 0, 2
269, 4, 1, 0, 2
269, 4, 1, 0, 2
270, 4, 1, 0, 2
270, 4, 1, 0, 2
270, 4, 1, 0, 2
270, 4, 1, 0, 2
271, 3, 1, 0, 2
271, 3, 1, 0, 2
271, 3, 1, 0, 2
272, 3, 1, 0, 2
272, 3, 1, 0, 2
272, 3, 1, 0, 2
273, 3, 1, 0, 2
273, 3, 1, 0, 2
273, 3, 1, 0, 2
274, 3, 1, 0, 2
274, 3, 1, 0, 2
274, 3, 1, 0, 2
275, 3, 1, 0, 2
275, 3, 1, 0, 2
275, 3, 1, 0, 2
276, 3, 1, 0, 2
276, 3, 1, 0, 2
276, 3, 1, 0, 2
277, 3, 1, 0, 2
277, 3, 1, 0, 2
277, 3, 1, 0, 2
278, 3, 1, 0, 2
278, 3, 1, 0, 2
278, 3, 1, 0, 2
279, 3, 1, 0, 2
279, 3, 1, 0, 2
279, 3, 1, 0, 2
280, 2, 1, 0, 2
280, 2, 1, 0, 2
281, 3, 1, 0, 2
281, 3, 1, 0, 2
281, 3, 1, 0, 2
282, 3, 1, 0, 2
282, 3, 1, 0, 2
282, 3, 1, 0, 2
283, 3, 1, 0, 2
283, 3, 1, 0, 2
283, 3, 1, 0, 2
284, 3, 1, 0, 2
284, 3, 1, 0, 2
284, 3, 1, 0, 2
285, 3, 1, 0, 2
285, 3, 1, 0, 2
285, 3, 1, 0, 2
286, 3, 1, 0, 2
286, 3, 1, 0, 2
286, 3, 1, 0, 2
287, 3, 1, 0, 2
287, 3, 1, 0, 2
287, 3, 1, 0, 2
288, 2, 1, 0, 2
288, 2, 1, 0, 2
Goal
1
2
3
4
5
6
7
8
9
10
11
12
13
14
15
16
17
18
19
20
21
22
23
24
25
26
27
28
29
30
31
32
33
34
35
36
37
38
39
40
41
42
43
44
45
46
47
48
49
50
51
52
53
54
55
56
57
58
59
60
61
62
63
64
65
66
67
68
69
70
71
72
73
74
75
76
77
78
79
80
81
82
83
84
85
86
87
88
89
90
91
92
93
94
95
96
97
98
99
100
101
102
103
104
105
106
107
108
109
110
111
112
113
114
115
116
117
118
119
120
121
122
123
124
125
126
127
128
129
130
131
132
133
134
135
136
137
138
139
140
141
142
143
144
145
146
147
148
149
150
151
152
153
154
155
156
157
158
159
160
161
162
163
164
165
166
167
168
169
170
171
172
173
174
175
176
177
178
179
180
181
182
183
184
185
186
187
188
189
190
191
192
193
194
195
196
197
198
199
200
201
202
203
204
205
206
207
208
209
210
211
212
213
214
215
216
217
218
219
220
221
222
223
224
225
226
227
228
229
230
231
232
233
234
235
236
237
238
239
240
241
242
243
244
245
246
247
248
249
250
251
252
253
254
255
256
257
258
259
260
261
262
263
264
265
266
267
268
269
270
271
272
273
274
275
276
277
278
279
280
281
282
283
284
285
286
287
288
