CG
51
0, 2, 41, 25
0, 2, 25, 25
1, 2, 50, 25
1, 2, 25, 25
2, 2, 50, 25
2, 2, 25, 25
3, 2, 46, 25
3, 2, 25, 25
4, 2, 40, 25
4, 2, 25, 25
5, 2, 49, 25
5, 2, 25, 25
6, 2, 42, 25
6, 2, 25, 25
7, 2, 42, 25
7, 2, 25, 25
8, 2, 43, 25
8, 2, 25, 25
9, 2, 44, 25
9, 2, 25, 25
10, 2, 30, 25
10, 2, 25, 25
11, 2, 45, 25
11, 2, 25, 25
12, 2, 45, 25
12, 2, 25, 25
13, 2, 31, 25
13, 2, 25, 25
14, 2, 33, 25
14, 2, 25, 25
15, 2, 47, 25
15, 2, 25, 25
16, 2, 47, 25
16, 2, 25, 25
17, 3, 29, 25
17, 3, 48, 25
17, 3, 25, 50
18, 3, 40, 25
18, 3, 46, 25
18, 3, 25, 50
19, 3, 44, 25
19, 3, 39, 25
19, 3, 25, 50
20, 3, 32, 25
20, 3, 34, 25
20, 3, 25, 50
21, 3, 36, 25
21, 3, 37, 25
21, 3, 25, 50
22, 4, 27, 25
22, 4, 28, 25
22, 4, 49, 25
22, 4, 25, 75
23, 4, 43, 25
23, 4, 35, 25
23, 4, 48, 25
23, 4, 25, 75
24, 5, 26, 25
24, 5, 41, 25
24, 5, 50, 25
24, 5, 38, 25
24, 5, 25, 100
25, 25, 26, 50
25, 25, 40, 50
25, 25, 41, 50
25, 25, 27, 50
25, 25, 42, 50
25, 25, 43, 50
25, 25, 28, 50
25, 25, 44, 50
25, 25, 29, 50
25, 25, 30, 50
25, 25, 45, 50
25, 25, 46, 50
25, 25, 31, 50
25, 25, 32, 50
25, 25, 33, 50
25, 25, 47, 50
25, 25, 34, 50
25, 25, 35, 50
25, 25, 50, 50
25, 25, 36, 50
25, 25, 48, 50
25, 25, 49, 50
25, 25, 37, 50
25, 25, 38, 50
25, 25, 39, 50
26, 2, 24, 1
26, 2, 25, 50
27, 2, 22, 1
27, 2, 25, 50
28, 2, 22, 1
28, 2, 25, 50
29, 2, 17, 1
29, 2, 25, 50
30, 2, 10, 1
30, 2, 25, 50
31, 2, 13, 1
31, 2, 25, 50
32, 2, 20, 1
32, 2, 25, 50
33, 2, 14, 1
33, 2, 25, 50
34, 2, 20, 1
34, 2, 25, 50
35, 2, 23, 1
35, 2, 25, 50
36, 2, 21, 1
36, 2, 25, 50
37, 2, 21, 1
37, 2, 25, 50
38, 2, 24, 1
38, 2, 25, 50
39, 2, 19, 1
39, 2, 25, 50
40, 3, 18, 1
40, 3, 4, 1
40, 3, 25, 50
41, 3, 0, 1
41, 3, 24, 1
41, 3, 25, 50
42, 3, 6, 1
42, 3, 7, 1
42, 3, 25, 50
43, 3, 8, 1
43, 3, 23, 1
43, 3, 25, 50
44, 3, 19, 1
44, 3, 9, 1
44, 3, 25, 50
45, 3, 11, 1
45, 3, 12, 1
45, 3, 25, 50
46, 3, 3, 1
46, 3, 18, 1
46, 3, 25, 50
47, 3, 15, 1
47, 3, 16, 1
47, 3, 25, 50
48, 3, 17, 1
48, 3, 23, 1
48, 3, 25, 50
49, 3, 5, 1
49, 3, 22, 1
49, 3, 25, 50
50, 4, 24, 1
50, 4, 1, 1
50, 4, 2, 1
50, 4, 25, 50
DTG
0, 1, 1, 0, 2
1, 1, 1, 0, 2
2, 1, 1, 0, 2
3, 1, 1, 0, 2
4, 1, 1, 0, 2
5, 1, 1, 0, 2
6, 1, 1, 0, 2
7, 1, 1, 0, 2
8, 1, 1, 0, 2
9, 1, 1, 0, 2
10, 1, 1, 0, 2
11, 1, 1, 0, 2
12, 1, 1, 0, 2
13, 1, 1, 0, 2
14, 1, 1, 0, 2
15, 1, 1, 0, 2
16, 1, 1, 0, 2
17, 1, 1, 0, 3
18, 1, 1, 0, 3
19, 1, 1, 0, 3
20, 1, 1, 0, 3
21, 1, 1, 0, 3
22, 1, 1, 0, 4
23, 1, 1, 0, 4
24, 1, 1, 0, 5
25, 26, 0, 1, 1
25, 26, 0, 1, 3
25, 26, 0, 1, 3
25, 26, 0, 1, 3
25, 26, 0, 1, 3
25, 26, 0, 1, 3
25, 26, 0, 1, 3
25, 26, 0, 1, 3
25, 26, 0, 1, 3
25, 26, 0, 1, 3
25, 26, 0, 1, 3
25, 26, 0, 1, 3
25, 26, 0, 1, 3
25, 26, 0, 1, 3
25, 26, 0, 1, 3
25, 26, 0, 1, 4
25, 26, 0, 1, 4
25, 26, 0, 1, 4
25, 26, 0, 1, 4
25, 26, 0, 1, 4
25, 26, 0, 1, 4
25, 26, 0, 1, 4
25, 26, 0, 1, 4
25, 26, 0, 1, 4
25, 26, 0, 1, 4
25, 26, 0, 1, 5
25, 51, 1, 0, 2
25, 51, 1, 0, 2
25, 51, 1, 0, 2
25, 51, 1, 0, 2
25, 51, 1, 0, 2
25, 51, 1, 0, 2
25, 51, 1, 0, 2
25, 51, 1, 0, 2
25, 51, 1, 0, 2
25, 51, 1, 0, 2
25, 51, 1, 0, 2
25, 51, 1, 0, 2
25, 51, 1, 0, 2
25, 51, 1, 0, 2
25, 51, 1, 0, 2
25, 51, 1, 0, 2
25, 51, 1, 0, 2
25, 51, 1, 0, 2
25, 51, 1, 0, 2
25, 51, 1, 0, 2
25, 51, 1, 0, 2
25, 51, 1, 0, 2
25, 51, 1, 0, 2
25, 51, 1, 0, 2
25, 51, 1, 0, 2
25, 51, 1, 12, 1
25, 51, 1, 12, 3
25, 51, 1, 12, 3
25, 51, 1, 12, 3
25, 51, 1, 12, 3
25, 51, 1, 12, 3
25, 51, 1, 12, 3
25, 51, 1, 12, 3
25, 51, 1, 12, 3
25, 51, 1, 12, 3
25, 51, 1, 12, 3
25, 51, 1, 12, 3
25, 51, 1, 12, 3
25, 51, 1, 12, 3
25, 51, 1, 12, 3
25, 51, 1, 12, 4
25, 51, 1, 12, 4
25, 51, 1, 12, 4
25, 51, 1, 12, 4
25, 51, 1, 12, 4
25, 51, 1, 12, 4
25, 51, 1, 12, 4
25, 51, 1, 12, 4
25, 51, 1, 12, 4
25, 51, 1, 12, 4
25, 51, 1, 12, 5
25, 51, 2, 3, 1
25, 51, 2, 3, 3
25, 51, 2, 3, 3
25, 51, 2, 3, 3
25, 51, 2, 3, 3
25, 51, 2, 3, 3
25, 51, 2, 3, 3
25, 51, 2, 3, 3
25, 51, 2, 3, 3
25, 51, 2, 3, 3
25, 51, 2, 3, 3
25, 51, 2, 3, 3
25, 51, 2, 3, 3
25, 51, 2, 3, 3
25, 51, 2, 3, 3
25, 51, 2, 3, 4
25, 51, 2, 3, 4
25, 51, 2, 3, 4
25, 51, 2, 3, 4
25, 51, 2, 3, 4
25, 51, 2, 3, 4
25, 51, 2, 3, 4
25, 51, 2, 3, 4
25, 51, 2, 3, 4
25, 51, 2, 3, 4
25, 51, 2, 3, 5
25, 51, 2, 25, 2
25, 51, 2, 25, 2
25, 51, 2, 25, 2
25, 51, 2, 25, 2
25, 51, 2, 25, 2
25, 51, 2, 25, 2
25, 51, 2, 25, 2
25, 51, 2, 25, 2
25, 51, 2, 25, 2
25, 51, 2, 25, 2
25, 51, 2, 25, 2
25, 51, 2, 25, 2
25, 51, 2, 25, 2
25, 51, 2, 25, 2
25, 51, 2, 25, 2
25, 51, 2, 25, 2
25, 51, 2, 25, 2
25, 51, 2, 25, 2
25, 51, 2, 25, 2
25, 51, 2, 25, 2
25, 51, 2, 25, 2
25, 51, 2, 25, 2
25, 51, 2, 25, 2
25, 51, 2, 25, 2
25, 51, 2, 25, 2
25, 51, 3, 2, 2
25, 51, 3, 2, 2
25, 51, 3, 2, 2
25, 51, 3, 2, 2
25, 51, 3, 2, 2
25, 51, 3, 2, 2
25, 51, 3, 2, 2
25, 51, 3, 2, 2
25, 51, 3, 2, 2
25, 51, 3, 2, 2
25, 51, 3, 2, 2
25, 51, 3, 2, 2
25, 51, 3, 2, 2
25, 51, 3, 2, 2
25, 51, 3, 2, 2
25, 51, 3, 2, 2
25, 51, 3, 2, 2
25, 51, 3, 2, 2
25, 51, 3, 2, 2
25, 51, 3, 2, 2
25, 51, 3, 2, 2
25, 51, 3, 2, 2
25, 51, 3, 2, 2
25, 51, 3, 2, 2
25, 51, 3, 2, 2
25, 51, 3, 4, 1
25, 51, 3, 4, 3
25, 51, 3, 4, 3
25, 51, 3, 4, 3
25, 51, 3, 4, 3
25, 51, 3, 4, 3
25, 51, 3, 4, 3
25, 51, 3, 4, 3
25, 51, 3, 4, 3
25, 51, 3, 4, 3
25, 51, 3, 4, 3
25, 51, 3, 4, 3
25, 51, 3, 4, 3
25, 51, 3, 4, 3
25, 51, 3, 4, 3
25, 51, 3, 4, 4
25, 51, 3, 4, 4
25, 51, 3, 4, 4
25, 51, 3, 4, 4
25, 51, 3, 4, 4
25, 51, 3, 4, 4
25, 51, 3, 4, 4
25, 51, 3, 4, 4
25, 51, 3, 4, 4
25, 51, 3, 4, 4
25, 51, 3, 4, 5
25, 51, 4, 3, 2
25, 51, 4, 3, 2
25, 51, 4, 3, 2
25, 51, 4, 3, 2
25, 51, 4, 3, 2
25, 51, 4, 3, 2
25, 51, 4, 3, 2
25, 51, 4, 3, 2
25, 51, 4, 3, 2
25, 51, 4, 3, 2
25, 51, 4, 3, 2
25, 51, 4, 3, 2
25, 51, 4, 3, 2
25, 51, 4, 3, 2
25, 51, 4, 3, 2
25, 51, 4, 3, 2
25, 51, 4, 3, 2
25, 51, 4, 3, 2
25, 51, 4, 3, 2
25, 51, 4, 3, 2
25, 51, 4, 3, 2
25, 51, 4, 3, 2
25, 51, 4, 3, 2
25, 51, 4, 3, 2
25, 51, 4, 3, 2
25, 51, 4, 5, 1
25, 51, 4, 5, 3
25, 51, 4, 5, 3
25, 51, 4, 5, 3
25, 51, 4, 5, 3
25, 51, 4, 5, 3
25, 51, 4, 5, 3
25, 51, 4, 5, 3
25, 51, 4, 5, 3
25, 51, 4, 5, 3
25, 51, 4, 5, 3
25, 51, 4, 5, 3
25, 51, 4, 5, 3
25, 51, 4, 5, 3
25, 51, 4, 5, 3
25, 51, 4, 5, 4
25, 51, 4, 5, 4
25, 51, 4, 5, 4
25, 51, 4, 5, 4
25, 51, 4, 5, 4
25, 51, 4, 5, 4
25, 51, 4, 5, 4
25, 51, 4, 5, 4
25, 51, 4, 5, 4
25, 51, 4, 5, 4
25, 51, 4, 5, 5
25, 51, 5, 4, 2
25, 51, 5, 4, 2
25, 51, 5, 4, 2
25, 51, 5, 4, 2
25, 51, 5, 4, 2
25, 51, 5, 4, 2
25, 51, 5, 4, 2
25, 51, 5, 4, 2
25, 51, 5, 4, 2
25, 51, 5, 4, 2
25, 51, 5, 4, 2
25, 51, 5, 4, 2
25, 51, 5, 4, 2
25, 51, 5, 4, 2
25, 51, 5, 4, 2
25, 51, 5, 4, 2
25, 51, 5, 4, 2
25, 51, 5, 4, 2
25, 51, 5, 4, 2
25, 51, 5, 4, 2
25, 51, 5, 4, 2
25, 51, 5, 4, 2
25, 51, 5, 4, 2
25, 51, 5, 4, 2
25, 51, 5, 4, 2
25, 51, 5, 6, 1
25, 51, 5, 6, 3
25, 51, 5, 6, 3
25, 51, 5, 6, 3
25, 51, 5, 6, 3
25, 51, 5, 6, 3
25, 51, 5, 6, 3
25, 51, 5, 6, 3
25, 51, 5, 6, 3
25, 51, 5, 6, 3
25, 51, 5, 6, 3
25, 51, 5, 6, 3
25, 51, 5, 6, 3
25, 51, 5, 6, 3
25, 51, 5, 6, 3
25, 51, 5, 6, 4
25, 51, 5, 6, 4
25, 51, 5, 6, 4
25, 51, 5, 6, 4
25, 51, 5, 6, 4
25, 51, 5, 6, 4
25, 51, 5, 6, 4
25, 51, 5, 6, 4
25, 51, 5, 6, 4
25, 51, 5, 6, 4
25, 51, 5, 6, 5
25, 51, 6, 5, 2
25, 51, 6, 5, 2
25, 51, 6, 5, 2
25, 51, 6, 5, 2
25, 51, 6, 5, 2
25, 51, 6, 5, 2
25, 51, 6, 5, 2
25, 51, 6, 5, 2
25, 51, 6, 5, 2
25, 51, 6, 5, 2
25, 51, 6, 5, 2
25, 51, 6, 5, 2
25, 51, 6, 5, 2
25, 51, 6, 5, 2
25, 51, 6, 5, 2
25, 51, 6, 5, 2
25, 51, 6, 5, 2
25, 51, 6, 5, 2
25, 51, 6, 5, 2
25, 51, 6, 5, 2
25, 51, 6, 5, 2
25, 51, 6, 5, 2
25, 51, 6, 5, 2
25, 51, 6, 5, 2
25, 51, 6, 5, 2
25, 51, 6, 7, 1
25, 51, 6, 7, 3
25, 51, 6, 7, 3
25, 51, 6, 7, 3
25, 51, 6, 7, 3
25, 51, 6, 7, 3
25, 51, 6, 7, 3
25, 51, 6, 7, 3
25, 51, 6, 7, 3
25, 51, 6, 7, 3
25, 51, 6, 7, 3
25, 51, 6, 7, 3
25, 51, 6, 7, 3
25, 51, 6, 7, 3
25, 51, 6, 7, 3
25, 51, 6, 7, 4
25, 51, 6, 7, 4
25, 51, 6, 7, 4
25, 51, 6, 7, 4
25, 51, 6, 7, 4
25, 51, 6, 7, 4
25, 51, 6, 7, 4
25, 51, 6, 7, 4
25, 51, 6, 7, 4
25, 51, 6, 7, 4
25, 51, 6, 7, 5
25, 51, 7, 6, 2
25, 51, 7, 6, 2
25, 51, 7, 6, 2
25, 51, 7, 6, 2
25, 51, 7, 6, 2
25, 51, 7, 6, 2
25, 51, 7, 6, 2
25, 51, 7, 6, 2
25, 51, 7, 6, 2
25, 51, 7, 6, 2
25, 51, 7, 6, 2
25, 51, 7, 6, 2
25, 51, 7, 6, 2
25, 51, 7, 6, 2
25, 51, 7, 6, 2
25, 51, 7, 6, 2
25, 51, 7, 6, 2
25, 51, 7, 6, 2
25, 51, 7, 6, 2
25, 51, 7, 6, 2
25, 51, 7, 6, 2
25, 51, 7, 6, 2
25, 51, 7, 6, 2
25, 51, 7, 6, 2
25, 51, 7, 6, 2
25, 51, 7, 8, 1
25, 51, 7, 8, 3
25, 51, 7, 8, 3
25, 51, 7, 8, 3
25, 51, 7, 8, 3
25, 51, 7, 8, 3
25, 51, 7, 8, 3
25, 51, 7, 8, 3
25, 51, 7, 8, 3
25, 51, 7, 8, 3
25, 51, 7, 8, 3
25, 51, 7, 8, 3
25, 51, 7, 8, 3
25, 51, 7, 8, 3
25, 51, 7, 8, 3
25, 51, 7, 8, 4
25, 51, 7, 8, 4
25, 51, 7, 8, 4
25, 51, 7, 8, 4
25, 51, 7, 8, 4
25, 51, 7, 8, 4
25, 51, 7, 8, 4
25, 51, 7, 8, 4
25, 51, 7, 8, 4
25, 51, 7, 8, 4
25, 51, 7, 8, 5
25, 51, 8, 7, 2
25, 51, 8, 7, 2
25, 51, 8, 7, 2
25, 51, 8, 7, 2
25, 51, 8, 7, 2
25, 51, 8, 7, 2
25, 51, 8, 7, 2
25, 51, 8, 7, 2
25, 51, 8, 7, 2
25, 51, 8, 7, 2
25, 51, 8, 7, 2
25, 51, 8, 7, 2
25, 51, 8, 7, 2
25, 51, 8, 7, 2
25, 51, 8, 7, 2
25, 51, 8, 7, 2
25, 51, 8, 7, 2
25, 51, 8, 7, 2
25, 51, 8, 7, 2
25, 51, 8, 7, 2
25, 51, 8, 7, 2
25, 51, 8, 7, 2
25, 51, 8, 7, 2
25, 51, 8, 7, 2
25, 51, 8, 7, 2
25, 51, 8, 9, 1
25, 51, 8, 9, 3
25, 51, 8, 9, 3
25, 51, 8, 9, 3
25, 51, 8, 9, 3
25, 51, 8, 9, 3
25, 51, 8, 9, 3
25, 51, 8, 9, 3
25, 51, 8, 9, 3
25, 51, 8, 9, 3
25, 51, 8, 9, 3
25, 51, 8, 9, 3
25, 51, 8, 9, 3
25, 51, 8, 9, 3
25, 51, 8, 9, 3
25, 51, 8, 9, 4
25, 51, 8, 9, 4
25, 51, 8, 9, 4
25, 51, 8, 9, 4
25, 51, 8, 9, 4
25, 51, 8, 9, 4
25, 51, 8, 9, 4
25, 51, 8, 9, 4
25, 51, 8, 9, 4
25, 51, 8, 9, 4
25, 51, 8, 9, 5
25, 51, 9, 8, 2
25, 51, 9, 8, 2
25, 51, 9, 8, 2
25, 51, 9, 8, 2
25, 51, 9, 8, 2
25, 51, 9, 8, 2
25, 51, 9, 8, 2
25, 51, 9, 8, 2
25, 51, 9, 8, 2
25, 51, 9, 8, 2
25, 51, 9, 8, 2
25, 51, 9, 8, 2
25, 51, 9, 8, 2
25, 51, 9, 8, 2
25, 51, 9, 8, 2
25, 51, 9, 8, 2
25, 51, 9, 8, 2
25, 51, 9, 8, 2
25, 51, 9, 8, 2
25, 51, 9, 8, 2
25, 51, 9, 8, 2
25, 51, 9, 8, 2
25, 51, 9, 8, 2
25, 51, 9, 8, 2
25, 51, 9, 8, 2
25, 51, 9, 10, 1
25, 51, 9, 10, 3
25, 51, 9, 10, 3
25, 51, 9, 10, 3
25, 51, 9, 10, 3
25, 51, 9, 10, 3
25, 51, 9, 10, 3
25, 51, 9, 10, 3
25, 51, 9, 10, 3
25, 51, 9, 10, 3
25, 51, 9, 10, 3
25, 51, 9, 10, 3
25, 51, 9, 10, 3
25, 51, 9, 10, 3
25, 51, 9, 10, 3
25, 51, 9, 10, 4
25, 51, 9, 10, 4
25, 51, 9, 10, 4
25, 51, 9, 10, 4
25, 51, 9, 10, 4
25, 51, 9, 10, 4
25, 51, 9, 10, 4
25, 51, 9, 10, 4
25, 51, 9, 10, 4
25, 51, 9, 10, 4
25, 51, 9, 10, 5
25, 51, 10, 9, 2
25, 51, 10, 9, 2
25, 51, 10, 9, 2
25, 51, 10, 9, 2
25, 51, 10, 9, 2
25, 51, 10, 9, 2
25, 51, 10, 9, 2
25, 51, 10, 9, 2
25, 51, 10, 9, 2
25, 51, 10, 9, 2
25, 51, 10, 9, 2
25, 51, 10, 9, 2
25, 51, 10, 9, 2
25, 51, 10, 9, 2
25, 51, 10, 9, 2
25, 51, 10, 9, 2
25, 51, 10, 9, 2
25, 51, 10, 9, 2
25, 51, 10, 9, 2
25, 51, 10, 9, 2
25, 51, 10, 9, 2
25, 51, 10, 9, 2
25, 51, 10, 9, 2
25, 51, 10, 9, 2
25, 51, 10, 9, 2
25, 51, 10, 11, 1
25, 51, 10, 11, 3
25, 51, 10, 11, 3
25, 51, 10, 11, 3
25, 51, 10, 11, 3
25, 51, 10, 11, 3
25, 51, 10, 11, 3
25, 51, 10, 11, 3
25, 51, 10, 11, 3
25, 51, 10, 11, 3
25, 51, 10, 11, 3
25, 51, 10, 11, 3
25, 51, 10, 11, 3
25, 51, 10, 11, 3
25, 51, 10, 11, 3
25, 51, 10, 11, 4
25, 51, 10, 11, 4
25, 51, 10, 11, 4
25, 51, 10, 11, 4
25, 51, 10, 11, 4
25, 51, 10, 11, 4
25, 51, 10, 11, 4
25, 51, 10, 11, 4
25, 51, 10, 11, 4
25, 51, 10, 11, 4
25, 51, 10, 11, 5
25, 51, 11, 10, 2
25, 51, 11, 10, 2
25, 51, 11, 10, 2
25, 51, 11, 10, 2
25, 51, 11, 10, 2
25, 51, 11, 10, 2
25, 51, 11, 10, 2
25, 51, 11, 10, 2
25, 51, 11, 10, 2
25, 51, 11, 10, 2
25, 51, 11, 10, 2
25, 51, 11, 10, 2
25, 51, 11, 10, 2
25, 51, 11, 10, 2
25, 51, 11, 10, 2
25, 51, 11, 10, 2
25, 51, 11, 10, 2
25, 51, 11, 10, 2
25, 51, 11, 10, 2
25, 51, 11, 10, 2
25, 51, 11, 10, 2
25, 51, 11, 10, 2
25, 51, 11, 10, 2
25, 51, 11, 10, 2
25, 51, 11, 10, 2
25, 51, 11, 13, 1
25, 51, 11, 13, 3
25, 51, 11, 13, 3
25, 51, 11, 13, 3
25, 51, 11, 13, 3
25, 51, 11, 13, 3
25, 51, 11, 13, 3
25, 51, 11, 13, 3
25, 51, 11, 13, 3
25, 51, 11, 13, 3
25, 51, 11, 13, 3
25, 51, 11, 13, 3
25, 51, 11, 13, 3
25, 51, 11, 13, 3
25, 51, 11, 13, 3
25, 51, 11, 13, 4
25, 51, 11, 13, 4
25, 51, 11, 13, 4
25, 51, 11, 13, 4
25, 51, 11, 13, 4
25, 51, 11, 13, 4
25, 51, 11, 13, 4
25, 51, 11, 13, 4
25, 51, 11, 13, 4
25, 51, 11, 13, 4
25, 51, 11, 13, 5
25, 51, 12, 1, 2
25, 51, 12, 1, 2
25, 51, 12, 1, 2
25, 51, 12, 1, 2
25, 51, 12, 1, 2
25, 51, 12, 1, 2
25, 51, 12, 1, 2
25, 51, 12, 1, 2
25, 51, 12, 1, 2
25, 51, 12, 1, 2
25, 51, 12, 1, 2
25, 51, 12, 1, 2
25, 51, 12, 1, 2
25, 51, 12, 1, 2
25, 51, 12, 1, 2
25, 51, 12, 1, 2
25, 51, 12, 1, 2
25, 51, 12, 1, 2
25, 51, 12, 1, 2
25, 51, 12, 1, 2
25, 51, 12, 1, 2
25, 51, 12, 1, 2
25, 51, 12, 1, 2
25, 51, 12, 1, 2
25, 51, 12, 1, 2
25, 51, 12, 19, 1
25, 51, 12, 19, 3
25, 51, 12, 19, 3
25, 51, 12, 19, 3
25, 51, 12, 19, 3
25, 51, 12, 19, 3
25, 51, 12, 19, 3
25, 51, 12, 19, 3
25, 51, 12, 19, 3
25, 51, 12, 19, 3
25, 51, 12, 19, 3
25, 51, 12, 19, 3
25, 51, 12, 19, 3
25, 51, 12, 19, 3
25, 51, 12, 19, 3
25, 51, 12, 19, 4
25, 51, 12, 19, 4
25, 51, 12, 19, 4
25, 51, 12, 19, 4
25, 51, 12, 19, 4
25, 51, 12, 19, 4
25, 51, 12, 19, 4
25, 51, 12, 19, 4
25, 51, 12, 19, 4
25, 51, 12, 19, 4
25, 51, 12, 19, 5
25, 51, 13, 11, 2
25, 51, 13, 11, 2
25, 51, 13, 11, 2
25, 51, 13, 11, 2
25, 51, 13, 11, 2
25, 51, 13, 11, 2
25, 51, 13, 11, 2
25, 51, 13, 11, 2
25, 51, 13, 11, 2
25, 51, 13, 11, 2
25, 51, 13, 11, 2
25, 51, 13, 11, 2
25, 51, 13, 11, 2
25, 51, 13, 11, 2
25, 51, 13, 11, 2
25, 51, 13, 11, 2
25, 51, 13, 11, 2
25, 51, 13, 11, 2
25, 51, 13, 11, 2
25, 51, 13, 11, 2
25, 51, 13, 11, 2
25, 51, 13, 11, 2
25, 51, 13, 11, 2
25, 51, 13, 11, 2
25, 51, 13, 11, 2
25, 51, 13, 14, 1
25, 51, 13, 14, 3
25, 51, 13, 14, 3
25, 51, 13, 14, 3
25, 51, 13, 14, 3
25, 51, 13, 14, 3
25, 51, 13, 14, 3
25, 51, 13, 14, 3
25, 51, 13, 14, 3
25, 51, 13, 14, 3
25, 51, 13, 14, 3
25, 51, 13, 14, 3
25, 51, 13, 14, 3
25, 51, 13, 14, 3
25, 51, 13, 14, 3
25, 51, 13, 14, 4
25, 51, 13, 14, 4
25, 51, 13, 14, 4
25, 51, 13, 14, 4
25, 51, 13, 14, 4
25, 51, 13, 14, 4
25, 51, 13, 14, 4
25, 51, 13, 14, 4
25, 51, 13, 14, 4
25, 51, 13, 14, 4
25, 51, 13, 14, 5
25, 51, 14, 13, 2
25, 51, 14, 13, 2
25, 51, 14, 13, 2
25, 51, 14, 13, 2
25, 51, 14, 13, 2
25, 51, 14, 13, 2
25, 51, 14, 13, 2
25, 51, 14, 13, 2
25, 51, 14, 13, 2
25, 51, 14, 13, 2
25, 51, 14, 13, 2
25, 51, 14, 13, 2
25, 51, 14, 13, 2
25, 51, 14, 13, 2
25, 51, 14, 13, 2
25, 51, 14, 13, 2
25, 51, 14, 13, 2
25, 51, 14, 13, 2
25, 51, 14, 13, 2
25, 51, 14, 13, 2
25, 51, 14, 13, 2
25, 51, 14, 13, 2
25, 51, 14, 13, 2
25, 51, 14, 13, 2
25, 51, 14, 13, 2
25, 51, 14, 15, 1
25, 51, 14, 15, 3
25, 51, 14, 15, 3
25, 51, 14, 15, 3
25, 51, 14, 15, 3
25, 51, 14, 15, 3
25, 51, 14, 15, 3
25, 51, 14, 15, 3
25, 51, 14, 15, 3
25, 51, 14, 15, 3
25, 51, 14, 15, 3
25, 51, 14, 15, 3
25, 51, 14, 15, 3
25, 51, 14, 15, 3
25, 51, 14, 15, 3
25, 51, 14, 15, 4
25, 51, 14, 15, 4
25, 51, 14, 15, 4
25, 51, 14, 15, 4
25, 51, 14, 15, 4
25, 51, 14, 15, 4
25, 51, 14, 15, 4
25, 51, 14, 15, 4
25, 51, 14, 15, 4
25, 51, 14, 15, 4
25, 51, 14, 15, 5
25, 51, 15, 14, 2
25, 51, 15, 14, 2
25, 51, 15, 14, 2
25, 51, 15, 14, 2
25, 51, 15, 14, 2
25, 51, 15, 14, 2
25, 51, 15, 14, 2
25, 51, 15, 14, 2
25, 51, 15, 14, 2
25, 51, 15, 14, 2
25, 51, 15, 14, 2
25, 51, 15, 14, 2
25, 51, 15, 14, 2
25, 51, 15, 14, 2
25, 51, 15, 14, 2
25, 51, 15, 14, 2
25, 51, 15, 14, 2
25, 51, 15, 14, 2
25, 51, 15, 14, 2
25, 51, 15, 14, 2
25, 51, 15, 14, 2
25, 51, 15, 14, 2
25, 51, 15, 14, 2
25, 51, 15, 14, 2
25, 51, 15, 14, 2
25, 51, 15, 16, 1
25, 51, 15, 16, 3
25, 51, 15, 16, 3
25, 51, 15, 16, 3
25, 51, 15, 16, 3
25, 51, 15, 16, 3
25, 51, 15, 16, 3
25, 51, 15, 16, 3
25, 51, 15, 16, 3
25, 51, 15, 16, 3
25, 51, 15, 16, 3
25, 51, 15, 16, 3
25, 51, 15, 16, 3
25, 51, 15, 16, 3
25, 51, 15, 16, 3
25, 51, 15, 16, 4
25, 51, 15, 16, 4
25, 51, 15, 16, 4
25, 51, 15, 16, 4
25, 51, 15, 16, 4
25, 51, 15, 16, 4
25, 51, 15, 16, 4
25, 51, 15, 16, 4
25, 51, 15, 16, 4
25, 51, 15, 16, 4
25, 51, 15, 16, 5
25, 51, 16, 15, 2
25, 51, 16, 15, 2
25, 51, 16, 15, 2
25, 51, 16, 15, 2
25, 51, 16, 15, 2
25, 51, 16, 15, 2
25, 51, 16, 15, 2
25, 51, 16, 15, 2
25, 51, 16, 15, 2
25, 51, 16, 15, 2
25, 51, 16, 15, 2
25, 51, 16, 15, 2
25, 51, 16, 15, 2
25, 51, 16, 15, 2
25, 51, 16, 15, 2
25, 51, 16, 15, 2
25, 51, 16, 15, 2
25, 51, 16, 15, 2
25, 51, 16, 15, 2
25, 51, 16, 15, 2
25, 51, 16, 15, 2
25, 51, 16, 15, 2
25, 51, 16, 15, 2
25, 51, 16, 15, 2
25, 51, 16, 15, 2
25, 51, 16, 17, 1
25, 51, 16, 17, 3
25, 51, 16, 17, 3
25, 51, 16, 17, 3
25, 51, 16, 17, 3
25, 51, 16, 17, 3
25, 51, 16, 17, 3
25, 51, 16, 17, 3
25, 51, 16, 17, 3
25, 51, 16, 17, 3
25, 51, 16, 17, 3
25, 51, 16, 17, 3
25, 51, 16, 17, 3
25, 51, 16, 17, 3
25, 51, 16, 17, 3
25, 51, 16, 17, 4
25, 51, 16, 17, 4
25, 51, 16, 17, 4
25, 51, 16, 17, 4
25, 51, 16, 17, 4
25, 51, 16, 17, 4
25, 51, 16, 17, 4
25, 51, 16, 17, 4
25, 51, 16, 17, 4
25, 51, 16, 17, 4
25, 51, 16, 17, 5
25, 51, 17, 16, 2
25, 51, 17, 16, 2
25, 51, 17, 16, 2
25, 51, 17, 16, 2
25, 51, 17, 16, 2
25, 51, 17, 16, 2
25, 51, 17, 16, 2
25, 51, 17, 16, 2
25, 51, 17, 16, 2
25, 51, 17, 16, 2
25, 51, 17, 16, 2
25, 51, 17, 16, 2
25, 51, 17, 16, 2
25, 51, 17, 16, 2
25, 51, 17, 16, 2
25, 51, 17, 16, 2
25, 51, 17, 16, 2
25, 51, 17, 16, 2
25, 51, 17, 16, 2
25, 51, 17, 16, 2
25, 51, 17, 16, 2
25, 51, 17, 16, 2
25, 51, 17, 16, 2
25, 51, 17, 16, 2
25, 51, 17, 16, 2
25, 51, 17, 18, 1
25, 51, 17, 18, 3
25, 51, 17, 18, 3
25, 51, 17, 18, 3
25, 51, 17, 18, 3
25, 51, 17, 18, 3
25, 51, 17, 18, 3
25, 51, 17, 18, 3
25, 51, 17, 18, 3
25, 51, 17, 18, 3
25, 51, 17, 18, 3
25, 51, 17, 18, 3
25, 51, 17, 18, 3
25, 51, 17, 18, 3
25, 51, 17, 18, 3
25, 51, 17, 18, 4
25, 51, 17, 18, 4
25, 51, 17, 18, 4
25, 51, 17, 18, 4
25, 51, 17, 18, 4
25, 51, 17, 18, 4
25, 51, 17, 18, 4
25, 51, 17, 18, 4
25, 51, 17, 18, 4
25, 51, 17, 18, 4
25, 51, 17, 18, 5
25, 25, 18, 17, 2
25, 25, 18, 17, 2
25, 25, 18, 17, 2
25, 25, 18, 17, 2
25, 25, 18, 17, 2
25, 25, 18, 17, 2
25, 25, 18, 17, 2
25, 25, 18, 17, 2
25, 25, 18, 17, 2
25, 25, 18, 17, 2
25, 25, 18, 17, 2
25, 25, 18, 17, 2
25, 25, 18, 17, 2
25, 25, 18, 17, 2
25, 25, 18, 17, 2
25, 25, 18, 17, 2
25, 25, 18, 17, 2
25, 25, 18, 17, 2
25, 25, 18, 17, 2
25, 25, 18, 17, 2
25, 25, 18, 17, 2
25, 25, 18, 17, 2
25, 25, 18, 17, 2
25, 25, 18, 17, 2
25, 25, 18, 17, 2
25, 51, 19, 12, 2
25, 51, 19, 12, 2
25, 51, 19, 12, 2
25, 51, 19, 12, 2
25, 51, 19, 12, 2
25, 51, 19, 12, 2
25, 51, 19, 12, 2
25, 51, 19, 12, 2
25, 51, 19, 12, 2
25, 51, 19, 12, 2
25, 51, 19, 12, 2
25, 51, 19, 12, 2
25, 51, 19, 12, 2
25, 51, 19, 12, 2
25, 51, 19, 12, 2
25, 51, 19, 12, 2
25, 51, 19, 12, 2
25, 51, 19, 12, 2
25, 51, 19, 12, 2
25, 51, 19, 12, 2
25, 51, 19, 12, 2
25, 51, 19, 12, 2
25, 51, 19, 12, 2
25, 51, 19, 12, 2
25, 51, 19, 12, 2
25, 51, 19, 20, 1
25, 51, 19, 20, 3
25, 51, 19, 20, 3
25, 51, 19, 20, 3
25, 51, 19, 20, 3
25, 51, 19, 20, 3
25, 51, 19, 20, 3
25, 51, 19, 20, 3
25, 51, 19, 20, 3
25, 51, 19, 20, 3
25, 51, 19, 20, 3
25, 51, 19, 20, 3
25, 51, 19, 20, 3
25, 51, 19, 20, 3
25, 51, 19, 20, 3
25, 51, 19, 20, 4
25, 51, 19, 20, 4
25, 51, 19, 20, 4
25, 51, 19, 20, 4
25, 51, 19, 20, 4
25, 51, 19, 20, 4
25, 51, 19, 20, 4
25, 51, 19, 20, 4
25, 51, 19, 20, 4
25, 51, 19, 20, 4
25, 51, 19, 20, 5
25, 51, 20, 19, 2
25, 51, 20, 19, 2
25, 51, 20, 19, 2
25, 51, 20, 19, 2
25, 51, 20, 19, 2
25, 51, 20, 19, 2
25, 51, 20, 19, 2
25, 51, 20, 19, 2
25, 51, 20, 19, 2
25, 51, 20, 19, 2
25, 51, 20, 19, 2
25, 51, 20, 19, 2
25, 51, 20, 19, 2
25, 51, 20, 19, 2
25, 51, 20, 19, 2
25, 51, 20, 19, 2
25, 51, 20, 19, 2
25, 51, 20, 19, 2
25, 51, 20, 19, 2
25, 51, 20, 19, 2
25, 51, 20, 19, 2
25, 51, 20, 19, 2
25, 51, 20, 19, 2
25, 51, 20, 19, 2
25, 51, 20, 19, 2
25, 51, 20, 21, 1
25, 51, 20, 21, 3
25, 51, 20, 21, 3
25, 51, 20, 21, 3
25, 51, 20, 21, 3
25, 51, 20, 21, 3
25, 51, 20, 21, 3
25, 51, 20, 21, 3
25, 51, 20, 21, 3
25, 51, 20, 21, 3
25, 51, 20, 21, 3
25, 51, 20, 21, 3
25, 51, 20, 21, 3
25, 51, 20, 21, 3
25, 51, 20, 21, 3
25, 51, 20, 21, 4
25, 51, 20, 21, 4
25, 51, 20, 21, 4
25, 51, 20, 21, 4
25, 51, 20, 21, 4
25, 51, 20, 21, 4
25, 51, 20, 21, 4
25, 51, 20, 21, 4
25, 51, 20, 21, 4
25, 51, 20, 21, 4
25, 51, 20, 21, 5
25, 51, 21, 20, 2
25, 51, 21, 20, 2
25, 51, 21, 20, 2
25, 51, 21, 20, 2
25, 51, 21, 20, 2
25, 51, 21, 20, 2
25, 51, 21, 20, 2
25, 51, 21, 20, 2
25, 51, 21, 20, 2
25, 51, 21, 20, 2
25, 51, 21, 20, 2
25, 51, 21, 20, 2
25, 51, 21, 20, 2
25, 51, 21, 20, 2
25, 51, 21, 20, 2
25, 51, 21, 20, 2
25, 51, 21, 20, 2
25, 51, 21, 20, 2
25, 51, 21, 20, 2
25, 51, 21, 20, 2
25, 51, 21, 20, 2
25, 51, 21, 20, 2
25, 51, 21, 20, 2
25, 51, 21, 20, 2
25, 51, 21, 20, 2
25, 51, 21, 22, 1
25, 51, 21, 22, 3
25, 51, 21, 22, 3
25, 51, 21, 22, 3
25, 51, 21, 22, 3
25, 51, 21, 22, 3
25, 51, 21, 22, 3
25, 51, 21, 22, 3
25, 51, 21, 22, 3
25, 51, 21, 22, 3
25, 51, 21, 22, 3
25, 51, 21, 22, 3
25, 51, 21, 22, 3
25, 51, 21, 22, 3
25, 51, 21, 22, 3
25, 51, 21, 22, 4
25, 51, 21, 22, 4
25, 51, 21, 22, 4
25, 51, 21, 22, 4
25, 51, 21, 22, 4
25, 51, 21, 22, 4
25, 51, 21, 22, 4
25, 51, 21, 22, 4
25, 51, 21, 22, 4
25, 51, 21, 22, 4
25, 51, 21, 22, 5
25, 51, 22, 21, 2
25, 51, 22, 21, 2
25, 51, 22, 21, 2
25, 51, 22, 21, 2
25, 51, 22, 21, 2
25, 51, 22, 21, 2
25, 51, 22, 21, 2
25, 51, 22, 21, 2
25, 51, 22, 21, 2
25, 51, 22, 21, 2
25, 51, 22, 21, 2
25, 51, 22, 21, 2
25, 51, 22, 21, 2
25, 51, 22, 21, 2
25, 51, 22, 21, 2
25, 51, 22, 21, 2
25, 51, 22, 21, 2
25, 51, 22, 21, 2
25, 51, 22, 21, 2
25, 51, 22, 21, 2
25, 51, 22, 21, 2
25, 51, 22, 21, 2
25, 51, 22, 21, 2
25, 51, 22, 21, 2
25, 51, 22, 21, 2
25, 51, 22, 23, 1
25, 51, 22, 23, 3
25, 51, 22, 23, 3
25, 51, 22, 23, 3
25, 51, 22, 23, 3
25, 51, 22, 23, 3
25, 51, 22, 23, 3
25, 51, 22, 23, 3
25, 51, 22, 23, 3
25, 51, 22, 23, 3
25, 51, 22, 23, 3
25, 51, 22, 23, 3
25, 51, 22, 23, 3
25, 51, 22, 23, 3
25, 51, 22, 23, 3
25, 51, 22, 23, 4
25, 51, 22, 23, 4
25, 51, 22, 23, 4
25, 51, 22, 23, 4
25, 51, 22, 23, 4
25, 51, 22, 23, 4
25, 51, 22, 23, 4
25, 51, 22, 23, 4
25, 51, 22, 23, 4
25, 51, 22, 23, 4
25, 51, 22, 23, 5
25, 51, 23, 22, 2
25, 51, 23, 22, 2
25, 51, 23, 22, 2
25, 51, 23, 22, 2
25, 51, 23, 22, 2
25, 51, 23, 22, 2
25, 51, 23, 22, 2
25, 51, 23, 22, 2
25, 51, 23, 22, 2
25, 51, 23, 22, 2
25, 51, 23, 22, 2
25, 51, 23, 22, 2
25, 51, 23, 22, 2
25, 51, 23, 22, 2
25, 51, 23, 22, 2
25, 51, 23, 22, 2
25, 51, 23, 22, 2
25, 51, 23, 22, 2
25, 51, 23, 22, 2
25, 51, 23, 22, 2
25, 51, 23, 22, 2
25, 51, 23, 22, 2
25, 51, 23, 22, 2
25, 51, 23, 22, 2
25, 51, 23, 22, 2
25, 51, 23, 24, 1
25, 51, 23, 24, 3
25, 51, 23, 24, 3
25, 51, 23, 24, 3
25, 51, 23, 24, 3
25, 51, 23, 24, 3
25, 51, 23, 24, 3
25, 51, 23, 24, 3
25, 51, 23, 24, 3
25, 51, 23, 24, 3
25, 51, 23, 24, 3
25, 51, 23, 24, 3
25, 51, 23, 24, 3
25, 51, 23, 24, 3
25, 51, 23, 24, 3
25, 51, 23, 24, 4
25, 51, 23, 24, 4
25, 51, 23, 24, 4
25, 51, 23, 24, 4
25, 51, 23, 24, 4
25, 51, 23, 24, 4
25, 51, 23, 24, 4
25, 51, 23, 24, 4
25, 51, 23, 24, 4
25, 51, 23, 24, 4
25, 51, 23, 24, 5
25, 51, 24, 23, 2
25, 51, 24, 23, 2
25, 51, 24, 23, 2
25, 51, 24, 23, 2
25, 51, 24, 23, 2
25, 51, 24, 23, 2
25, 51, 24, 23, 2
25, 51, 24, 23, 2
25, 51, 24, 23, 2
25, 51, 24, 23, 2
25, 51, 24, 23, 2
25, 51, 24, 23, 2
25, 51, 24, 23, 2
25, 51, 24, 23, 2
25, 51, 24, 23, 2
25, 51, 24, 23, 2
25, 51, 24, 23, 2
25, 51, 24, 23, 2
25, 51, 24, 23, 2
25, 51, 24, 23, 2
25, 51, 24, 23, 2
25, 51, 24, 23, 2
25, 51, 24, 23, 2
25, 51, 24, 23, 2
25, 51, 24, 23, 2
25, 51, 24, 25, 1
25, 51, 24, 25, 3
25, 51, 24, 25, 3
25, 51, 24, 25, 3
25, 51, 24, 25, 3
25, 51, 24, 25, 3
25, 51, 24, 25, 3
25, 51, 24, 25, 3
25, 51, 24, 25, 3
25, 51, 24, 25, 3
25, 51, 24, 25, 3
25, 51, 24, 25, 3
25, 51, 24, 25, 3
25, 51, 24, 25, 3
25, 51, 24, 25, 3
25, 51, 24, 25, 4
25, 51, 24, 25, 4
25, 51, 24, 25, 4
25, 51, 24, 25, 4
25, 51, 24, 25, 4
25, 51, 24, 25, 4
25, 51, 24, 25, 4
25, 51, 24, 25, 4
25, 51, 24, 25, 4
25, 51, 24, 25, 4
25, 51, 24, 25, 5
25, 51, 25, 2, 1
25, 51, 25, 2, 3
25, 51, 25, 2, 3
25, 51, 25, 2, 3
25, 51, 25, 2, 3
25, 51, 25, 2, 3
25, 51, 25, 2, 3
25, 51, 25, 2, 3
25, 51, 25, 2, 3
25, 51, 25, 2, 3
25, 51, 25, 2, 3
25, 51, 25, 2, 3
25, 51, 25, 2, 3
25, 51, 25, 2, 3
25, 51, 25, 2, 3
25, 51, 25, 2, 4
25, 51, 25, 2, 4
25, 51, 25, 2, 4
25, 51, 25, 2, 4
25, 51, 25, 2, 4
25, 51, 25, 2, 4
25, 51, 25, 2, 4
25, 51, 25, 2, 4
25, 51, 25, 2, 4
25, 51, 25, 2, 4
25, 51, 25, 2, 5
25, 51, 25, 24, 2
25, 51, 25, 24, 2
25, 51, 25, 24, 2
25, 51, 25, 24, 2
25, 51, 25, 24, 2
25, 51, 25, 24, 2
25, 51, 25, 24, 2
25, 51, 25, 24, 2
25, 51, 25, 24, 2
25, 51, 25, 24, 2
25, 51, 25, 24, 2
25, 51, 25, 24, 2
25, 51, 25, 24, 2
25, 51, 25, 24, 2
25, 51, 25, 24, 2
25, 51, 25, 24, 2
25, 51, 25, 24, 2
25, 51, 25, 24, 2
25, 51, 25, 24, 2
25, 51, 25, 24, 2
25, 51, 25, 24, 2
25, 51, 25, 24, 2
25, 51, 25, 24, 2
25, 51, 25, 24, 2
25, 51, 25, 24, 2
26, 25, 1, 0, 3
26, 25, 1, 0, 3
26, 25, 1, 0, 3
26, 25, 1, 0, 3
26, 25, 1, 0, 3
26, 25, 1, 0, 3
26, 25, 1, 0, 3
26, 25, 1, 0, 3
26, 25, 1, 0, 3
26, 25, 1, 0, 3
26, 25, 1, 0, 3
26, 25, 1, 0, 3
26, 25, 1, 0, 3
26, 25, 1, 0, 3
26, 25, 1, 0, 3
26, 25, 1, 0, 3
26, 25, 1, 0, 3
26, 25, 1, 0, 3
26, 25, 1, 0, 3
26, 25, 1, 0, 3
26, 25, 1, 0, 3
26, 25, 1, 0, 3
26, 25, 1, 0, 3
26, 25, 1, 0, 3
26, 25, 1, 0, 3
26, 25, 2, 1, 2
26, 25, 2, 1, 2
26, 25, 2, 1, 2
26, 25, 2, 1, 2
26, 25, 2, 1, 2
26, 25, 2, 1, 2
26, 25, 2, 1, 2
26, 25, 2, 1, 2
26, 25, 2, 1, 2
26, 25, 2, 1, 2
26, 25, 2, 1, 2
26, 25, 2, 1, 2
26, 25, 2, 1, 2
26, 25, 2, 1, 2
26, 25, 2, 1, 2
26, 25, 2, 1, 2
26, 25, 2, 1, 2
26, 25, 2, 1, 2
26, 25, 2, 1, 2
26, 25, 2, 1, 2
26, 25, 2, 1, 2
26, 25, 2, 1, 2
26, 25, 2, 1, 2
26, 25, 2, 1, 2
26, 25, 2, 1, 2
27, 25, 1, 0, 3
27, 25, 1, 0, 3
27, 25, 1, 0, 3
27, 25, 1, 0, 3
27, 25, 1, 0, 3
27, 25, 1, 0, 3
27, 25, 1, 0, 3
27, 25, 1, 0, 3
27, 25, 1, 0, 3
27, 25, 1, 0, 3
27, 25, 1, 0, 3
27, 25, 1, 0, 3
27, 25, 1, 0, 3
27, 25, 1, 0, 3
27, 25, 1, 0, 3
27, 25, 1, 0, 3
27, 25, 1, 0, 3
27, 25, 1, 0, 3
27, 25, 1, 0, 3
27, 25, 1, 0, 3
27, 25, 1, 0, 3
27, 25, 1, 0, 3
27, 25, 1, 0, 3
27, 25, 1, 0, 3
27, 25, 1, 0, 3
27, 25, 2, 1, 2
27, 25, 2, 1, 2
27, 25, 2, 1, 2
27, 25, 2, 1, 2
27, 25, 2, 1, 2
27, 25, 2, 1, 2
27, 25, 2, 1, 2
27, 25, 2, 1, 2
27, 25, 2, 1, 2
27, 25, 2, 1, 2
27, 25, 2, 1, 2
27, 25, 2, 1, 2
27, 25, 2, 1, 2
27, 25, 2, 1, 2
27, 25, 2, 1, 2
27, 25, 2, 1, 2
27, 25, 2, 1, 2
27, 25, 2, 1, 2
27, 25, 2, 1, 2
27, 25, 2, 1, 2
27, 25, 2, 1, 2
27, 25, 2, 1, 2
27, 25, 2, 1, 2
27, 25, 2, 1, 2
27, 25, 2, 1, 2
28, 25, 1, 0, 3
28, 25, 1, 0, 3
28, 25, 1, 0, 3
28, 25, 1, 0, 3
28, 25, 1, 0, 3
28, 25, 1, 0, 3
28, 25, 1, 0, 3
28, 25, 1, 0, 3
28, 25, 1, 0, 3
28, 25, 1, 0, 3
28, 25, 1, 0, 3
28, 25, 1, 0, 3
28, 25, 1, 0, 3
28, 25, 1, 0, 3
28, 25, 1, 0, 3
28, 25, 1, 0, 3
28, 25, 1, 0, 3
28, 25, 1, 0, 3
28, 25, 1, 0, 3
28, 25, 1, 0, 3
28, 25, 1, 0, 3
28, 25, 1, 0, 3
28, 25, 1, 0, 3
28, 25, 1, 0, 3
28, 25, 1, 0, 3
28, 25, 2, 1, 2
28, 25, 2, 1, 2
28, 25, 2, 1, 2
28, 25, 2, 1, 2
28, 25, 2, 1, 2
28, 25, 2, 1, 2
28, 25, 2, 1, 2
28, 25, 2, 1, 2
28, 25, 2, 1, 2
28, 25, 2, 1, 2
28, 25, 2, 1, 2
28, 25, 2, 1, 2
28, 25, 2, 1, 2
28, 25, 2, 1, 2
28, 25, 2, 1, 2
28, 25, 2, 1, 2
28, 25, 2, 1, 2
28, 25, 2, 1, 2
28, 25, 2, 1, 2
28, 25, 2, 1, 2
28, 25, 2, 1, 2
28, 25, 2, 1, 2
28, 25, 2, 1, 2
28, 25, 2, 1, 2
28, 25, 2, 1, 2
29, 25, 1, 0, 3
29, 25, 1, 0, 3
29, 25, 1, 0, 3
29, 25, 1, 0, 3
29, 25, 1, 0, 3
29, 25, 1, 0, 3
29, 25, 1, 0, 3
29, 25, 1, 0, 3
29, 25, 1, 0, 3
29, 25, 1, 0, 3
29, 25, 1, 0, 3
29, 25, 1, 0, 3
29, 25, 1, 0, 3
29, 25, 1, 0, 3
29, 25, 1, 0, 3
29, 25, 1, 0, 3
29, 25, 1, 0, 3
29, 25, 1, 0, 3
29, 25, 1, 0, 3
29, 25, 1, 0, 3
29, 25, 1, 0, 3
29, 25, 1, 0, 3
29, 25, 1, 0, 3
29, 25, 1, 0, 3
29, 25, 1, 0, 3
29, 25, 2, 1, 2
29, 25, 2, 1, 2
29, 25, 2, 1, 2
29, 25, 2, 1, 2
29, 25, 2, 1, 2
29, 25, 2, 1, 2
29, 25, 2, 1, 2
29, 25, 2, 1, 2
29, 25, 2, 1, 2
29, 25, 2, 1, 2
29, 25, 2, 1, 2
29, 25, 2, 1, 2
29, 25, 2, 1, 2
29, 25, 2, 1, 2
29, 25, 2, 1, 2
29, 25, 2, 1, 2
29, 25, 2, 1, 2
29, 25, 2, 1, 2
29, 25, 2, 1, 2
29, 25, 2, 1, 2
29, 25, 2, 1, 2
29, 25, 2, 1, 2
29, 25, 2, 1, 2
29, 25, 2, 1, 2
29, 25, 2, 1, 2
30, 25, 1, 0, 3
30, 25, 1, 0, 3
30, 25, 1, 0, 3
30, 25, 1, 0, 3
30, 25, 1, 0, 3
30, 25, 1, 0, 3
30, 25, 1, 0, 3
30, 25, 1, 0, 3
30, 25, 1, 0, 3
30, 25, 1, 0, 3
30, 25, 1, 0, 3
30, 25, 1, 0, 3
30, 25, 1, 0, 3
30, 25, 1, 0, 3
30, 25, 1, 0, 3
30, 25, 1, 0, 3
30, 25, 1, 0, 3
30, 25, 1, 0, 3
30, 25, 1, 0, 3
30, 25, 1, 0, 3
30, 25, 1, 0, 3
30, 25, 1, 0, 3
30, 25, 1, 0, 3
30, 25, 1, 0, 3
30, 25, 1, 0, 3
30, 25, 2, 1, 2
30, 25, 2, 1, 2
30, 25, 2, 1, 2
30, 25, 2, 1, 2
30, 25, 2, 1, 2
30, 25, 2, 1, 2
30, 25, 2, 1, 2
30, 25, 2, 1, 2
30, 25, 2, 1, 2
30, 25, 2, 1, 2
30, 25, 2, 1, 2
30, 25, 2, 1, 2
30, 25, 2, 1, 2
30, 25, 2, 1, 2
30, 25, 2, 1, 2
30, 25, 2, 1, 2
30, 25, 2, 1, 2
30, 25, 2, 1, 2
30, 25, 2, 1, 2
30, 25, 2, 1, 2
30, 25, 2, 1, 2
30, 25, 2, 1, 2
30, 25, 2, 1, 2
30, 25, 2, 1, 2
30, 25, 2, 1, 2
31, 25, 1, 0, 3
31, 25, 1, 0, 3
31, 25, 1, 0, 3
31, 25, 1, 0, 3
31, 25, 1, 0, 3
31, 25, 1, 0, 3
31, 25, 1, 0, 3
31, 25, 1, 0, 3
31, 25, 1, 0, 3
31, 25, 1, 0, 3
31, 25, 1, 0, 3
31, 25, 1, 0, 3
31, 25, 1, 0, 3
31, 25, 1, 0, 3
31, 25, 1, 0, 3
31, 25, 1, 0, 3
31, 25, 1, 0, 3
31, 25, 1, 0, 3
31, 25, 1, 0, 3
31, 25, 1, 0, 3
31, 25, 1, 0, 3
31, 25, 1, 0, 3
31, 25, 1, 0, 3
31, 25, 1, 0, 3
31, 25, 1, 0, 3
31, 25, 2, 1, 2
31, 25, 2, 1, 2
31, 25, 2, 1, 2
31, 25, 2, 1, 2
31, 25, 2, 1, 2
31, 25, 2, 1, 2
31, 25, 2, 1, 2
31, 25, 2, 1, 2
31, 25, 2, 1, 2
31, 25, 2, 1, 2
31, 25, 2, 1, 2
31, 25, 2, 1, 2
31, 25, 2, 1, 2
31, 25, 2, 1, 2
31, 25, 2, 1, 2
31, 25, 2, 1, 2
31, 25, 2, 1, 2
31, 25, 2, 1, 2
31, 25, 2, 1, 2
31, 25, 2, 1, 2
31, 25, 2, 1, 2
31, 25, 2, 1, 2
31, 25, 2, 1, 2
31, 25, 2, 1, 2
31, 25, 2, 1, 2
32, 25, 1, 0, 3
32, 25, 1, 0, 3
32, 25, 1, 0, 3
32, 25, 1, 0, 3
32, 25, 1, 0, 3
32, 25, 1, 0, 3
32, 25, 1, 0, 3
32, 25, 1, 0, 3
32, 25, 1, 0, 3
32, 25, 1, 0, 3
32, 25, 1, 0, 3
32, 25, 1, 0, 3
32, 25, 1, 0, 3
32, 25, 1, 0, 3
32, 25, 1, 0, 3
32, 25, 1, 0, 3
32, 25, 1, 0, 3
32, 25, 1, 0, 3
32, 25, 1, 0, 3
32, 25, 1, 0, 3
32, 25, 1, 0, 3
32, 25, 1, 0, 3
32, 25, 1, 0, 3
32, 25, 1, 0, 3
32, 25, 1, 0, 3
32, 25, 2, 1, 2
32, 25, 2, 1, 2
32, 25, 2, 1, 2
32, 25, 2, 1, 2
32, 25, 2, 1, 2
32, 25, 2, 1, 2
32, 25, 2, 1, 2
32, 25, 2, 1, 2
32, 25, 2, 1, 2
32, 25, 2, 1, 2
32, 25, 2, 1, 2
32, 25, 2, 1, 2
32, 25, 2, 1, 2
32, 25, 2, 1, 2
32, 25, 2, 1, 2
32, 25, 2, 1, 2
32, 25, 2, 1, 2
32, 25, 2, 1, 2
32, 25, 2, 1, 2
32, 25, 2, 1, 2
32, 25, 2, 1, 2
32, 25, 2, 1, 2
32, 25, 2, 1, 2
32, 25, 2, 1, 2
32, 25, 2, 1, 2
33, 25, 1, 0, 3
33, 25, 1, 0, 3
33, 25, 1, 0, 3
33, 25, 1, 0, 3
33, 25, 1, 0, 3
33, 25, 1, 0, 3
33, 25, 1, 0, 3
33, 25, 1, 0, 3
33, 25, 1, 0, 3
33, 25, 1, 0, 3
33, 25, 1, 0, 3
33, 25, 1, 0, 3
33, 25, 1, 0, 3
33, 25, 1, 0, 3
33, 25, 1, 0, 3
33, 25, 1, 0, 3
33, 25, 1, 0, 3
33, 25, 1, 0, 3
33, 25, 1, 0, 3
33, 25, 1, 0, 3
33, 25, 1, 0, 3
33, 25, 1, 0, 3
33, 25, 1, 0, 3
33, 25, 1, 0, 3
33, 25, 1, 0, 3
33, 25, 2, 1, 2
33, 25, 2, 1, 2
33, 25, 2, 1, 2
33, 25, 2, 1, 2
33, 25, 2, 1, 2
33, 25, 2, 1, 2
33, 25, 2, 1, 2
33, 25, 2, 1, 2
33, 25, 2, 1, 2
33, 25, 2, 1, 2
33, 25, 2, 1, 2
33, 25, 2, 1, 2
33, 25, 2, 1, 2
33, 25, 2, 1, 2
33, 25, 2, 1, 2
33, 25, 2, 1, 2
33, 25, 2, 1, 2
33, 25, 2, 1, 2
33, 25, 2, 1, 2
33, 25, 2, 1, 2
33, 25, 2, 1, 2
33, 25, 2, 1, 2
33, 25, 2, 1, 2
33, 25, 2, 1, 2
33, 25, 2, 1, 2
34, 25, 1, 0, 3
34, 25, 1, 0, 3
34, 25, 1, 0, 3
34, 25, 1, 0, 3
34, 25, 1, 0, 3
34, 25, 1, 0, 3
34, 25, 1, 0, 3
34, 25, 1, 0, 3
34, 25, 1, 0, 3
34, 25, 1, 0, 3
34, 25, 1, 0, 3
34, 25, 1, 0, 3
34, 25, 1, 0, 3
34, 25, 1, 0, 3
34, 25, 1, 0, 3
34, 25, 1, 0, 3
34, 25, 1, 0, 3
34, 25, 1, 0, 3
34, 25, 1, 0, 3
34, 25, 1, 0, 3
34, 25, 1, 0, 3
34, 25, 1, 0, 3
34, 25, 1, 0, 3
34, 25, 1, 0, 3
34, 25, 1, 0, 3
34, 25, 2, 1, 2
34, 25, 2, 1, 2
34, 25, 2, 1, 2
34, 25, 2, 1, 2
34, 25, 2, 1, 2
34, 25, 2, 1, 2
34, 25, 2, 1, 2
34, 25, 2, 1, 2
34, 25, 2, 1, 2
34, 25, 2, 1, 2
34, 25, 2, 1, 2
34, 25, 2, 1, 2
34, 25, 2, 1, 2
34, 25, 2, 1, 2
34, 25, 2, 1, 2
34, 25, 2, 1, 2
34, 25, 2, 1, 2
34, 25, 2, 1, 2
34, 25, 2, 1, 2
34, 25, 2, 1, 2
34, 25, 2, 1, 2
34, 25, 2, 1, 2
34, 25, 2, 1, 2
34, 25, 2, 1, 2
34, 25, 2, 1, 2
35, 25, 1, 0, 3
35, 25, 1, 0, 3
35, 25, 1, 0, 3
35, 25, 1, 0, 3
35, 25, 1, 0, 3
35, 25, 1, 0, 3
35, 25, 1, 0, 3
35, 25, 1, 0, 3
35, 25, 1, 0, 3
35, 25, 1, 0, 3
35, 25, 1, 0, 3
35, 25, 1, 0, 3
35, 25, 1, 0, 3
35, 25, 1, 0, 3
35, 25, 1, 0, 3
35, 25, 1, 0, 3
35, 25, 1, 0, 3
35, 25, 1, 0, 3
35, 25, 1, 0, 3
35, 25, 1, 0, 3
35, 25, 1, 0, 3
35, 25, 1, 0, 3
35, 25, 1, 0, 3
35, 25, 1, 0, 3
35, 25, 1, 0, 3
35, 25, 2, 1, 2
35, 25, 2, 1, 2
35, 25, 2, 1, 2
35, 25, 2, 1, 2
35, 25, 2, 1, 2
35, 25, 2, 1, 2
35, 25, 2, 1, 2
35, 25, 2, 1, 2
35, 25, 2, 1, 2
35, 25, 2, 1, 2
35, 25, 2, 1, 2
35, 25, 2, 1, 2
35, 25, 2, 1, 2
35, 25, 2, 1, 2
35, 25, 2, 1, 2
35, 25, 2, 1, 2
35, 25, 2, 1, 2
35, 25, 2, 1, 2
35, 25, 2, 1, 2
35, 25, 2, 1, 2
35, 25, 2, 1, 2
35, 25, 2, 1, 2
35, 25, 2, 1, 2
35, 25, 2, 1, 2
35, 25, 2, 1, 2
36, 25, 1, 0, 3
36, 25, 1, 0, 3
36, 25, 1, 0, 3
36, 25, 1, 0, 3
36, 25, 1, 0, 3
36, 25, 1, 0, 3
36, 25, 1, 0, 3
36, 25, 1, 0, 3
36, 25, 1, 0, 3
36, 25, 1, 0, 3
36, 25, 1, 0, 3
36, 25, 1, 0, 3
36, 25, 1, 0, 3
36, 25, 1, 0, 3
36, 25, 1, 0, 3
36, 25, 1, 0, 3
36, 25, 1, 0, 3
36, 25, 1, 0, 3
36, 25, 1, 0, 3
36, 25, 1, 0, 3
36, 25, 1, 0, 3
36, 25, 1, 0, 3
36, 25, 1, 0, 3
36, 25, 1, 0, 3
36, 25, 1, 0, 3
36, 25, 2, 1, 2
36, 25, 2, 1, 2
36, 25, 2, 1, 2
36, 25, 2, 1, 2
36, 25, 2, 1, 2
36, 25, 2, 1, 2
36, 25, 2, 1, 2
36, 25, 2, 1, 2
36, 25, 2, 1, 2
36, 25, 2, 1, 2
36, 25, 2, 1, 2
36, 25, 2, 1, 2
36, 25, 2, 1, 2
36, 25, 2, 1, 2
36, 25, 2, 1, 2
36, 25, 2, 1, 2
36, 25, 2, 1, 2
36, 25, 2, 1, 2
36, 25, 2, 1, 2
36, 25, 2, 1, 2
36, 25, 2, 1, 2
36, 25, 2, 1, 2
36, 25, 2, 1, 2
36, 25, 2, 1, 2
36, 25, 2, 1, 2
37, 25, 1, 0, 3
37, 25, 1, 0, 3
37, 25, 1, 0, 3
37, 25, 1, 0, 3
37, 25, 1, 0, 3
37, 25, 1, 0, 3
37, 25, 1, 0, 3
37, 25, 1, 0, 3
37, 25, 1, 0, 3
37, 25, 1, 0, 3
37, 25, 1, 0, 3
37, 25, 1, 0, 3
37, 25, 1, 0, 3
37, 25, 1, 0, 3
37, 25, 1, 0, 3
37, 25, 1, 0, 3
37, 25, 1, 0, 3
37, 25, 1, 0, 3
37, 25, 1, 0, 3
37, 25, 1, 0, 3
37, 25, 1, 0, 3
37, 25, 1, 0, 3
37, 25, 1, 0, 3
37, 25, 1, 0, 3
37, 25, 1, 0, 3
37, 25, 2, 1, 2
37, 25, 2, 1, 2
37, 25, 2, 1, 2
37, 25, 2, 1, 2
37, 25, 2, 1, 2
37, 25, 2, 1, 2
37, 25, 2, 1, 2
37, 25, 2, 1, 2
37, 25, 2, 1, 2
37, 25, 2, 1, 2
37, 25, 2, 1, 2
37, 25, 2, 1, 2
37, 25, 2, 1, 2
37, 25, 2, 1, 2
37, 25, 2, 1, 2
37, 25, 2, 1, 2
37, 25, 2, 1, 2
37, 25, 2, 1, 2
37, 25, 2, 1, 2
37, 25, 2, 1, 2
37, 25, 2, 1, 2
37, 25, 2, 1, 2
37, 25, 2, 1, 2
37, 25, 2, 1, 2
37, 25, 2, 1, 2
38, 25, 1, 0, 3
38, 25, 1, 0, 3
38, 25, 1, 0, 3
38, 25, 1, 0, 3
38, 25, 1, 0, 3
38, 25, 1, 0, 3
38, 25, 1, 0, 3
38, 25, 1, 0, 3
38, 25, 1, 0, 3
38, 25, 1, 0, 3
38, 25, 1, 0, 3
38, 25, 1, 0, 3
38, 25, 1, 0, 3
38, 25, 1, 0, 3
38, 25, 1, 0, 3
38, 25, 1, 0, 3
38, 25, 1, 0, 3
38, 25, 1, 0, 3
38, 25, 1, 0, 3
38, 25, 1, 0, 3
38, 25, 1, 0, 3
38, 25, 1, 0, 3
38, 25, 1, 0, 3
38, 25, 1, 0, 3
38, 25, 1, 0, 3
38, 25, 2, 1, 2
38, 25, 2, 1, 2
38, 25, 2, 1, 2
38, 25, 2, 1, 2
38, 25, 2, 1, 2
38, 25, 2, 1, 2
38, 25, 2, 1, 2
38, 25, 2, 1, 2
38, 25, 2, 1, 2
38, 25, 2, 1, 2
38, 25, 2, 1, 2
38, 25, 2, 1, 2
38, 25, 2, 1, 2
38, 25, 2, 1, 2
38, 25, 2, 1, 2
38, 25, 2, 1, 2
38, 25, 2, 1, 2
38, 25, 2, 1, 2
38, 25, 2, 1, 2
38, 25, 2, 1, 2
38, 25, 2, 1, 2
38, 25, 2, 1, 2
38, 25, 2, 1, 2
38, 25, 2, 1, 2
38, 25, 2, 1, 2
39, 25, 1, 0, 3
39, 25, 1, 0, 3
39, 25, 1, 0, 3
39, 25, 1, 0, 3
39, 25, 1, 0, 3
39, 25, 1, 0, 3
39, 25, 1, 0, 3
39, 25, 1, 0, 3
39, 25, 1, 0, 3
39, 25, 1, 0, 3
39, 25, 1, 0, 3
39, 25, 1, 0, 3
39, 25, 1, 0, 3
39, 25, 1, 0, 3
39, 25, 1, 0, 3
39, 25, 1, 0, 3
39, 25, 1, 0, 3
39, 25, 1, 0, 3
39, 25, 1, 0, 3
39, 25, 1, 0, 3
39, 25, 1, 0, 3
39, 25, 1, 0, 3
39, 25, 1, 0, 3
39, 25, 1, 0, 3
39, 25, 1, 0, 3
39, 25, 2, 1, 2
39, 25, 2, 1, 2
39, 25, 2, 1, 2
39, 25, 2, 1, 2
39, 25, 2, 1, 2
39, 25, 2, 1, 2
39, 25, 2, 1, 2
39, 25, 2, 1, 2
39, 25, 2, 1, 2
39, 25, 2, 1, 2
39, 25, 2, 1, 2
39, 25, 2, 1, 2
39, 25, 2, 1, 2
39, 25, 2, 1, 2
39, 25, 2, 1, 2
39, 25, 2, 1, 2
39, 25, 2, 1, 2
39, 25, 2, 1, 2
39, 25, 2, 1, 2
39, 25, 2, 1, 2
39, 25, 2, 1, 2
39, 25, 2, 1, 2
39, 25, 2, 1, 2
39, 25, 2, 1, 2
39, 25, 2, 1, 2
40, 25, 1, 0, 4
40, 25, 1, 0, 4
40, 25, 1, 0, 4
40, 25, 1, 0, 4
40, 25, 1, 0, 4
40, 25, 1, 0, 4
40, 25, 1, 0, 4
40, 25, 1, 0, 4
40, 25, 1, 0, 4
40, 25, 1, 0, 4
40, 25, 1, 0, 4
40, 25, 1, 0, 4
40, 25, 1, 0, 4
40, 25, 1, 0, 4
40, 25, 1, 0, 4
40, 25, 1, 0, 4
40, 25, 1, 0, 4
40, 25, 1, 0, 4
40, 25, 1, 0, 4
40, 25, 1, 0, 4
40, 25, 1, 0, 4
40, 25, 1, 0, 4
40, 25, 1, 0, 4
40, 25, 1, 0, 4
40, 25, 1, 0, 4
40, 25, 2, 1, 2
40, 25, 2, 1, 2
40, 25, 2, 1, 2
40, 25, 2, 1, 2
40, 25, 2, 1, 2
40, 25, 2, 1, 2
40, 25, 2, 1, 2
40, 25, 2, 1, 2
40, 25, 2, 1, 2
40, 25, 2, 1, 2
40, 25, 2, 1, 2
40, 25, 2, 1, 2
40, 25, 2, 1, 2
40, 25, 2, 1, 2
40, 25, 2, 1, 2
40, 25, 2, 1, 2
40, 25, 2, 1, 2
40, 25, 2, 1, 2
40, 25, 2, 1, 2
40, 25, 2, 1, 2
40, 25, 2, 1, 2
40, 25, 2, 1, 2
40, 25, 2, 1, 2
40, 25, 2, 1, 2
40, 25, 2, 1, 2
41, 25, 1, 0, 4
41, 25, 1, 0, 4
41, 25, 1, 0, 4
41, 25, 1, 0, 4
41, 25, 1, 0, 4
41, 25, 1, 0, 4
41, 25, 1, 0, 4
41, 25, 1, 0, 4
41, 25, 1, 0, 4
41, 25, 1, 0, 4
41, 25, 1, 0, 4
41, 25, 1, 0, 4
41, 25, 1, 0, 4
41, 25, 1, 0, 4
41, 25, 1, 0, 4
41, 25, 1, 0, 4
41, 25, 1, 0, 4
41, 25, 1, 0, 4
41, 25, 1, 0, 4
41, 25, 1, 0, 4
41, 25, 1, 0, 4
41, 25, 1, 0, 4
41, 25, 1, 0, 4
41, 25, 1, 0, 4
41, 25, 1, 0, 4
41, 25, 2, 1, 2
41, 25, 2, 1, 2
41, 25, 2, 1, 2
41, 25, 2, 1, 2
41, 25, 2, 1, 2
41, 25, 2, 1, 2
41, 25, 2, 1, 2
41, 25, 2, 1, 2
41, 25, 2, 1, 2
41, 25, 2, 1, 2
41, 25, 2, 1, 2
41, 25, 2, 1, 2
41, 25, 2, 1, 2
41, 25, 2, 1, 2
41, 25, 2, 1, 2
41, 25, 2, 1, 2
41, 25, 2, 1, 2
41, 25, 2, 1, 2
41, 25, 2, 1, 2
41, 25, 2, 1, 2
41, 25, 2, 1, 2
41, 25, 2, 1, 2
41, 25, 2, 1, 2
41, 25, 2, 1, 2
41, 25, 2, 1, 2
42, 25, 1, 0, 4
42, 25, 1, 0, 4
42, 25, 1, 0, 4
42, 25, 1, 0, 4
42, 25, 1, 0, 4
42, 25, 1, 0, 4
42, 25, 1, 0, 4
42, 25, 1, 0, 4
42, 25, 1, 0, 4
42, 25, 1, 0, 4
42, 25, 1, 0, 4
42, 25, 1, 0, 4
42, 25, 1, 0, 4
42, 25, 1, 0, 4
42, 25, 1, 0, 4
42, 25, 1, 0, 4
42, 25, 1, 0, 4
42, 25, 1, 0, 4
42, 25, 1, 0, 4
42, 25, 1, 0, 4
42, 25, 1, 0, 4
42, 25, 1, 0, 4
42, 25, 1, 0, 4
42, 25, 1, 0, 4
42, 25, 1, 0, 4
42, 25, 2, 1, 2
42, 25, 2, 1, 2
42, 25, 2, 1, 2
42, 25, 2, 1, 2
42, 25, 2, 1, 2
42, 25, 2, 1, 2
42, 25, 2, 1, 2
42, 25, 2, 1, 2
42, 25, 2, 1, 2
42, 25, 2, 1, 2
42, 25, 2, 1, 2
42, 25, 2, 1, 2
42, 25, 2, 1, 2
42, 25, 2, 1, 2
42, 25, 2, 1, 2
42, 25, 2, 1, 2
42, 25, 2, 1, 2
42, 25, 2, 1, 2
42, 25, 2, 1, 2
42, 25, 2, 1, 2
42, 25, 2, 1, 2
42, 25, 2, 1, 2
42, 25, 2, 1, 2
42, 25, 2, 1, 2
42, 25, 2, 1, 2
43, 25, 1, 0, 4
43, 25, 1, 0, 4
43, 25, 1, 0, 4
43, 25, 1, 0, 4
43, 25, 1, 0, 4
43, 25, 1, 0, 4
43, 25, 1, 0, 4
43, 25, 1, 0, 4
43, 25, 1, 0, 4
43, 25, 1, 0, 4
43, 25, 1, 0, 4
43, 25, 1, 0, 4
43, 25, 1, 0, 4
43, 25, 1, 0, 4
43, 25, 1, 0, 4
43, 25, 1, 0, 4
43, 25, 1, 0, 4
43, 25, 1, 0, 4
43, 25, 1, 0, 4
43, 25, 1, 0, 4
43, 25, 1, 0, 4
43, 25, 1, 0, 4
43, 25, 1, 0, 4
43, 25, 1, 0, 4
43, 25, 1, 0, 4
43, 25, 2, 1, 2
43, 25, 2, 1, 2
43, 25, 2, 1, 2
43, 25, 2, 1, 2
43, 25, 2, 1, 2
43, 25, 2, 1, 2
43, 25, 2, 1, 2
43, 25, 2, 1, 2
43, 25, 2, 1, 2
43, 25, 2, 1, 2
43, 25, 2, 1, 2
43, 25, 2, 1, 2
43, 25, 2, 1, 2
43, 25, 2, 1, 2
43, 25, 2, 1, 2
43, 25, 2, 1, 2
43, 25, 2, 1, 2
43, 25, 2, 1, 2
43, 25, 2, 1, 2
43, 25, 2, 1, 2
43, 25, 2, 1, 2
43, 25, 2, 1, 2
43, 25, 2, 1, 2
43, 25, 2, 1, 2
43, 25, 2, 1, 2
44, 25, 1, 0, 4
44, 25, 1, 0, 4
44, 25, 1, 0, 4
44, 25, 1, 0, 4
44, 25, 1, 0, 4
44, 25, 1, 0, 4
44, 25, 1, 0, 4
44, 25, 1, 0, 4
44, 25, 1, 0, 4
44, 25, 1, 0, 4
44, 25, 1, 0, 4
44, 25, 1, 0, 4
44, 25, 1, 0, 4
44, 25, 1, 0, 4
44, 25, 1, 0, 4
44, 25, 1, 0, 4
44, 25, 1, 0, 4
44, 25, 1, 0, 4
44, 25, 1, 0, 4
44, 25, 1, 0, 4
44, 25, 1, 0, 4
44, 25, 1, 0, 4
44, 25, 1, 0, 4
44, 25, 1, 0, 4
44, 25, 1, 0, 4
44, 25, 2, 1, 2
44, 25, 2, 1, 2
44, 25, 2, 1, 2
44, 25, 2, 1, 2
44, 25, 2, 1, 2
44, 25, 2, 1, 2
44, 25, 2, 1, 2
44, 25, 2, 1, 2
44, 25, 2, 1, 2
44, 25, 2, 1, 2
44, 25, 2, 1, 2
44, 25, 2, 1, 2
44, 25, 2, 1, 2
44, 25, 2, 1, 2
44, 25, 2, 1, 2
44, 25, 2, 1, 2
44, 25, 2, 1, 2
44, 25, 2, 1, 2
44, 25, 2, 1, 2
44, 25, 2, 1, 2
44, 25, 2, 1, 2
44, 25, 2, 1, 2
44, 25, 2, 1, 2
44, 25, 2, 1, 2
44, 25, 2, 1, 2
45, 25, 1, 0, 4
45, 25, 1, 0, 4
45, 25, 1, 0, 4
45, 25, 1, 0, 4
45, 25, 1, 0, 4
45, 25, 1, 0, 4
45, 25, 1, 0, 4
45, 25, 1, 0, 4
45, 25, 1, 0, 4
45, 25, 1, 0, 4
45, 25, 1, 0, 4
45, 25, 1, 0, 4
45, 25, 1, 0, 4
45, 25, 1, 0, 4
45, 25, 1, 0, 4
45, 25, 1, 0, 4
45, 25, 1, 0, 4
45, 25, 1, 0, 4
45, 25, 1, 0, 4
45, 25, 1, 0, 4
45, 25, 1, 0, 4
45, 25, 1, 0, 4
45, 25, 1, 0, 4
45, 25, 1, 0, 4
45, 25, 1, 0, 4
45, 25, 2, 1, 2
45, 25, 2, 1, 2
45, 25, 2, 1, 2
45, 25, 2, 1, 2
45, 25, 2, 1, 2
45, 25, 2, 1, 2
45, 25, 2, 1, 2
45, 25, 2, 1, 2
45, 25, 2, 1, 2
45, 25, 2, 1, 2
45, 25, 2, 1, 2
45, 25, 2, 1, 2
45, 25, 2, 1, 2
45, 25, 2, 1, 2
45, 25, 2, 1, 2
45, 25, 2, 1, 2
45, 25, 2, 1, 2
45, 25, 2, 1, 2
45, 25, 2, 1, 2
45, 25, 2, 1, 2
45, 25, 2, 1, 2
45, 25, 2, 1, 2
45, 25, 2, 1, 2
45, 25, 2, 1, 2
45, 25, 2, 1, 2
46, 25, 1, 0, 4
46, 25, 1, 0, 4
46, 25, 1, 0, 4
46, 25, 1, 0, 4
46, 25, 1, 0, 4
46, 25, 1, 0, 4
46, 25, 1, 0, 4
46, 25, 1, 0, 4
46, 25, 1, 0, 4
46, 25, 1, 0, 4
46, 25, 1, 0, 4
46, 25, 1, 0, 4
46, 25, 1, 0, 4
46, 25, 1, 0, 4
46, 25, 1, 0, 4
46, 25, 1, 0, 4
46, 25, 1, 0, 4
46, 25, 1, 0, 4
46, 25, 1, 0, 4
46, 25, 1, 0, 4
46, 25, 1, 0, 4
46, 25, 1, 0, 4
46, 25, 1, 0, 4
46, 25, 1, 0, 4
46, 25, 1, 0, 4
46, 25, 2, 1, 2
46, 25, 2, 1, 2
46, 25, 2, 1, 2
46, 25, 2, 1, 2
46, 25, 2, 1, 2
46, 25, 2, 1, 2
46, 25, 2, 1, 2
46, 25, 2, 1, 2
46, 25, 2, 1, 2
46, 25, 2, 1, 2
46, 25, 2, 1, 2
46, 25, 2, 1, 2
46, 25, 2, 1, 2
46, 25, 2, 1, 2
46, 25, 2, 1, 2
46, 25, 2, 1, 2
46, 25, 2, 1, 2
46, 25, 2, 1, 2
46, 25, 2, 1, 2
46, 25, 2, 1, 2
46, 25, 2, 1, 2
46, 25, 2, 1, 2
46, 25, 2, 1, 2
46, 25, 2, 1, 2
46, 25, 2, 1, 2
47, 25, 1, 0, 4
47, 25, 1, 0, 4
47, 25, 1, 0, 4
47, 25, 1, 0, 4
47, 25, 1, 0, 4
47, 25, 1, 0, 4
47, 25, 1, 0, 4
47, 25, 1, 0, 4
47, 25, 1, 0, 4
47, 25, 1, 0, 4
47, 25, 1, 0, 4
47, 25, 1, 0, 4
47, 25, 1, 0, 4
47, 25, 1, 0, 4
47, 25, 1, 0, 4
47, 25, 1, 0, 4
47, 25, 1, 0, 4
47, 25, 1, 0, 4
47, 25, 1, 0, 4
47, 25, 1, 0, 4
47, 25, 1, 0, 4
47, 25, 1, 0, 4
47, 25, 1, 0, 4
47, 25, 1, 0, 4
47, 25, 1, 0, 4
47, 25, 2, 1, 2
47, 25, 2, 1, 2
47, 25, 2, 1, 2
47, 25, 2, 1, 2
47, 25, 2, 1, 2
47, 25, 2, 1, 2
47, 25, 2, 1, 2
47, 25, 2, 1, 2
47, 25, 2, 1, 2
47, 25, 2, 1, 2
47, 25, 2, 1, 2
47, 25, 2, 1, 2
47, 25, 2, 1, 2
47, 25, 2, 1, 2
47, 25, 2, 1, 2
47, 25, 2, 1, 2
47, 25, 2, 1, 2
47, 25, 2, 1, 2
47, 25, 2, 1, 2
47, 25, 2, 1, 2
47, 25, 2, 1, 2
47, 25, 2, 1, 2
47, 25, 2, 1, 2
47, 25, 2, 1, 2
47, 25, 2, 1, 2
48, 25, 1, 0, 4
48, 25, 1, 0, 4
48, 25, 1, 0, 4
48, 25, 1, 0, 4
48, 25, 1, 0, 4
48, 25, 1, 0, 4
48, 25, 1, 0, 4
48, 25, 1, 0, 4
48, 25, 1, 0, 4
48, 25, 1, 0, 4
48, 25, 1, 0, 4
48, 25, 1, 0, 4
48, 25, 1, 0, 4
48, 25, 1, 0, 4
48, 25, 1, 0, 4
48, 25, 1, 0, 4
48, 25, 1, 0, 4
48, 25, 1, 0, 4
48, 25, 1, 0, 4
48, 25, 1, 0, 4
48, 25, 1, 0, 4
48, 25, 1, 0, 4
48, 25, 1, 0, 4
48, 25, 1, 0, 4
48, 25, 1, 0, 4
48, 25, 2, 1, 2
48, 25, 2, 1, 2
48, 25, 2, 1, 2
48, 25, 2, 1, 2
48, 25, 2, 1, 2
48, 25, 2, 1, 2
48, 25, 2, 1, 2
48, 25, 2, 1, 2
48, 25, 2, 1, 2
48, 25, 2, 1, 2
48, 25, 2, 1, 2
48, 25, 2, 1, 2
48, 25, 2, 1, 2
48, 25, 2, 1, 2
48, 25, 2, 1, 2
48, 25, 2, 1, 2
48, 25, 2, 1, 2
48, 25, 2, 1, 2
48, 25, 2, 1, 2
48, 25, 2, 1, 2
48, 25, 2, 1, 2
48, 25, 2, 1, 2
48, 25, 2, 1, 2
48, 25, 2, 1, 2
48, 25, 2, 1, 2
49, 25, 1, 0, 4
49, 25, 1, 0, 4
49, 25, 1, 0, 4
49, 25, 1, 0, 4
49, 25, 1, 0, 4
49, 25, 1, 0, 4
49, 25, 1, 0, 4
49, 25, 1, 0, 4
49, 25, 1, 0, 4
49, 25, 1, 0, 4
49, 25, 1, 0, 4
49, 25, 1, 0, 4
49, 25, 1, 0, 4
49, 25, 1, 0, 4
49, 25, 1, 0, 4
49, 25, 1, 0, 4
49, 25, 1, 0, 4
49, 25, 1, 0, 4
49, 25, 1, 0, 4
49, 25, 1, 0, 4
49, 25, 1, 0, 4
49, 25, 1, 0, 4
49, 25, 1, 0, 4
49, 25, 1, 0, 4
49, 25, 1, 0, 4
49, 25, 2, 1, 2
49, 25, 2, 1, 2
49, 25, 2, 1, 2
49, 25, 2, 1, 2
49, 25, 2, 1, 2
49, 25, 2, 1, 2
49, 25, 2, 1, 2
49, 25, 2, 1, 2
49, 25, 2, 1, 2
49, 25, 2, 1, 2
49, 25, 2, 1, 2
49, 25, 2, 1, 2
49, 25, 2, 1, 2
49, 25, 2, 1, 2
49, 25, 2, 1, 2
49, 25, 2, 1, 2
49, 25, 2, 1, 2
49, 25, 2, 1, 2
49, 25, 2, 1, 2
49, 25, 2, 1, 2
49, 25, 2, 1, 2
49, 25, 2, 1, 2
49, 25, 2, 1, 2
49, 25, 2, 1, 2
49, 25, 2, 1, 2
50, 25, 1, 0, 5
50, 25, 1, 0, 5
50, 25, 1, 0, 5
50, 25, 1, 0, 5
50, 25, 1, 0, 5
50, 25, 1, 0, 5
50, 25, 1, 0, 5
50, 25, 1, 0, 5
50, 25, 1, 0, 5
50, 25, 1, 0, 5
50, 25, 1, 0, 5
50, 25, 1, 0, 5
50, 25, 1, 0, 5
50, 25, 1, 0, 5
50, 25, 1, 0, 5
50, 25, 1, 0, 5
50, 25, 1, 0, 5
50, 25, 1, 0, 5
50, 25, 1, 0, 5
50, 25, 1, 0, 5
50, 25, 1, 0, 5
50, 25, 1, 0, 5
50, 25, 1, 0, 5
50, 25, 1, 0, 5
50, 25, 1, 0, 5
50, 25, 2, 1, 2
50, 25, 2, 1, 2
50, 25, 2, 1, 2
50, 25, 2, 1, 2
50, 25, 2, 1, 2
50, 25, 2, 1, 2
50, 25, 2, 1, 2
50, 25, 2, 1, 2
50, 25, 2, 1, 2
50, 25, 2, 1, 2
50, 25, 2, 1, 2
50, 25, 2, 1, 2
50, 25, 2, 1, 2
50, 25, 2, 1, 2
50, 25, 2, 1, 2
50, 25, 2, 1, 2
50, 25, 2, 1, 2
50, 25, 2, 1, 2
50, 25, 2, 1, 2
50, 25, 2, 1, 2
50, 25, 2, 1, 2
50, 25, 2, 1, 2
50, 25, 2, 1, 2
50, 25, 2, 1, 2
50, 25, 2, 1, 2
Goal
26
27
28
29
30
31
32
33
34
35
36
37
38
39
40
41
42
43
44
45
46
47
48
49
50
