CG
269
0, 1, 267, 254
1, 3, 0, 2
1, 3, 200, 1
1, 3, 26, 1
2, 2, 0, 1
2, 2, 201, 1
3, 2, 0, 1
3, 2, 202, 1
4, 2, 0, 1
4, 2, 203, 1
5, 4, 0, 1
5, 4, 6, 1
5, 4, 7, 1
5, 4, 8, 1
6, 2, 0, 1
6, 2, 164, 1
7, 2, 0, 1
7, 2, 165, 1
8, 2, 0, 1
8, 2, 166, 1
9, 2, 0, 1
9, 2, 192, 1
10, 2, 0, 3
10, 2, 11, 3
11, 2, 0, 1
11, 2, 190, 1
12, 3, 0, 2
12, 3, 27, 1
12, 3, 13, 1
13, 2, 0, 1
13, 2, 25, 1
14, 3, 0, 2
14, 3, 233, 1
14, 3, 25, 1
15, 2, 0, 1
15, 2, 16, 1
16, 2, 0, 1
16, 2, 17, 1
17, 2, 0, 1
17, 2, 266, 1
18, 4, 0, 1
18, 4, 19, 1
18, 4, 20, 1
18, 4, 21, 1
19, 2, 0, 1
19, 2, 168, 1
20, 2, 0, 1
20, 2, 169, 1
21, 2, 0, 1
21, 2, 170, 1
22, 2, 0, 1
22, 2, 23, 1
23, 2, 0, 1
23, 2, 266, 1
24, 3, 0, 3
24, 3, 197, 3
24, 3, 267, 2
25, 2, 0, 1
25, 2, 14, 1
26, 2, 0, 1
26, 2, 1, 1
27, 2, 0, 1
27, 2, 12, 1
28, 3, 0, 2
28, 3, 204, 2
28, 3, 267, 1
29, 3, 0, 2
29, 3, 100, 2
29, 3, 267, 1
30, 3, 0, 2
30, 3, 234, 2
30, 3, 267, 1
31, 3, 0, 2
31, 3, 54, 2
31, 3, 267, 1
32, 3, 0, 2
32, 3, 194, 2
32, 3, 267, 1
33, 3, 0, 2
33, 3, 176, 2
33, 3, 267, 1
34, 3, 0, 2
34, 3, 35, 2
34, 3, 267, 1
35, 4, 0, 1
35, 4, 36, 1
35, 4, 37, 1
35, 4, 38, 1
36, 3, 0, 2
36, 3, 208, 2
36, 3, 267, 1
37, 3, 0, 2
37, 3, 209, 2
37, 3, 267, 1
38, 3, 0, 2
38, 3, 210, 2
38, 3, 267, 1
39, 3, 0, 2
39, 3, 55, 2
39, 3, 267, 1
40, 3, 0, 2
40, 3, 56, 2
40, 3, 267, 1
41, 3, 0, 2
41, 3, 212, 2
41, 3, 267, 1
42, 3, 0, 2
42, 3, 236, 2
42, 3, 267, 1
43, 3, 0, 2
43, 3, 241, 2
43, 3, 267, 1
44, 3, 0, 2
44, 3, 242, 2
44, 3, 267, 1
45, 3, 0, 2
45, 3, 243, 2
45, 3, 267, 1
46, 3, 0, 2
46, 3, 244, 2
46, 3, 267, 1
47, 3, 0, 2
47, 3, 237, 2
47, 3, 267, 1
48, 3, 0, 2
48, 3, 238, 2
48, 3, 267, 1
49, 3, 0, 2
49, 3, 239, 2
49, 3, 267, 1
50, 3, 0, 2
50, 3, 213, 2
50, 3, 267, 1
51, 3, 0, 2
51, 3, 214, 2
51, 3, 267, 1
52, 3, 0, 2
52, 3, 205, 2
52, 3, 267, 1
53, 3, 0, 2
53, 3, 206, 2
53, 3, 267, 1
54, 3, 0, 2
54, 3, 246, 2
54, 3, 267, 1
55, 3, 0, 2
55, 3, 172, 2
55, 3, 267, 1
56, 3, 0, 2
56, 3, 173, 2
56, 3, 267, 1
57, 4, 0, 1
57, 4, 28, 1
57, 4, 52, 1
57, 4, 53, 1
58, 3, 0, 3
58, 3, 101, 3
58, 3, 267, 2
59, 3, 0, 3
59, 3, 60, 3
59, 3, 267, 2
60, 4, 0, 1
60, 4, 29, 1
60, 4, 61, 1
60, 4, 62, 1
61, 3, 0, 3
61, 3, 63, 3
61, 3, 267, 2
62, 3, 0, 3
62, 3, 198, 3
62, 3, 267, 2
63, 5, 0, 1
63, 5, 64, 1
63, 5, 65, 1
63, 5, 66, 1
63, 5, 67, 1
64, 3, 0, 3
64, 3, 252, 3
64, 3, 267, 2
65, 3, 0, 3
65, 3, 253, 3
65, 3, 267, 2
66, 3, 0, 3
66, 3, 254, 3
66, 3, 267, 2
67, 3, 0, 3
67, 3, 255, 3
67, 3, 267, 2
68, 3, 0, 1
68, 3, 69, 1
68, 3, 70, 1
69, 3, 0, 3
69, 3, 71, 3
69, 3, 267, 2
70, 3, 0, 3
70, 3, 102, 3
70, 3, 267, 2
71, 4, 0, 1
71, 4, 72, 1
71, 4, 73, 1
71, 4, 74, 1
72, 3, 0, 3
72, 3, 125, 3
72, 3, 267, 2
73, 3, 0, 3
73, 3, 75, 3
73, 3, 267, 2
74, 3, 0, 3
74, 3, 126, 3
74, 3, 267, 2
75, 3, 0, 1
75, 3, 76, 1
75, 3, 77, 1
76, 3, 0, 3
76, 3, 177, 3
76, 3, 267, 2
77, 3, 0, 3
77, 3, 103, 3
77, 3, 267, 2
78, 5, 0, 1
78, 5, 30, 1
78, 5, 2, 1
78, 5, 3, 1
78, 5, 4, 1
79, 3, 0, 3
79, 3, 193, 3
79, 3, 267, 2
80, 3, 0, 3
80, 3, 127, 3
80, 3, 267, 2
81, 2, 0, 1
81, 2, 182, 1
82, 3, 0, 3
82, 3, 104, 3
82, 3, 267, 2
83, 3, 0, 3
83, 3, 128, 3
83, 3, 267, 2
84, 5, 0, 1
84, 5, 31, 1
84, 5, 32, 1
84, 5, 33, 1
84, 5, 34, 1
85, 3, 0, 1
85, 3, 39, 1
85, 3, 40, 1
86, 3, 0, 3
86, 3, 199, 3
86, 3, 267, 2
87, 3, 0, 3
87, 3, 179, 3
87, 3, 267, 2
88, 3, 0, 3
88, 3, 180, 3
88, 3, 267, 2
89, 4, 0, 1
89, 4, 41, 1
89, 4, 50, 1
89, 4, 51, 1
90, 5, 0, 1
90, 5, 42, 1
90, 5, 47, 1
90, 5, 48, 1
90, 5, 49, 1
91, 5, 0, 1
91, 5, 43, 1
91, 5, 44, 1
91, 5, 45, 1
91, 5, 46, 1
92, 3, 0, 3
92, 3, 219, 3
92, 3, 267, 2
93, 3, 0, 3
93, 3, 94, 3
93, 3, 267, 2
94, 5, 0, 1
94, 5, 95, 1
94, 5, 96, 1
94, 5, 97, 1
94, 5, 98, 1
95, 3, 0, 3
95, 3, 257, 3
95, 3, 267, 2
96, 3, 0, 3
96, 3, 258, 3
96, 3, 267, 2
97, 3, 0, 3
97, 3, 259, 3
97, 3, 267, 2
98, 3, 0, 3
98, 3, 260, 3
98, 3, 267, 2
99, 3, 0, 3
99, 3, 129, 3
99, 3, 267, 2
100, 3, 0, 3
100, 3, 130, 3
100, 3, 267, 2
101, 3, 0, 2
101, 3, 105, 2
101, 3, 267, 1
102, 3, 0, 2
102, 3, 191, 2
102, 3, 267, 1
103, 3, 0, 2
103, 3, 175, 2
103, 3, 267, 1
104, 3, 0, 2
104, 3, 106, 2
104, 3, 267, 1
105, 3, 0, 3
105, 3, 107, 3
105, 3, 267, 2
106, 3, 0, 3
106, 3, 195, 3
106, 3, 267, 2
107, 3, 0, 2
107, 3, 184, 2
107, 3, 267, 1
108, 3, 0, 4
108, 3, 109, 4
108, 3, 267, 1
109, 3, 0, 2
109, 3, 110, 2
109, 3, 267, 1
110, 3, 0, 2
110, 3, 57, 2
110, 3, 267, 1
111, 3, 0, 2
111, 3, 68, 2
111, 3, 267, 1
112, 3, 0, 2
112, 3, 200, 2
112, 3, 267, 1
113, 3, 0, 5
113, 3, 114, 5
113, 3, 267, 1
114, 3, 0, 2
114, 3, 232, 2
114, 3, 267, 1
115, 3, 0, 4
115, 3, 188, 4
115, 3, 267, 3
116, 3, 0, 4
116, 3, 189, 4
116, 3, 267, 3
117, 3, 0, 4
117, 3, 118, 4
117, 3, 267, 1
118, 3, 0, 2
118, 3, 119, 2
118, 3, 267, 1
119, 3, 0, 2
119, 3, 81, 2
119, 3, 267, 1
120, 4, 0, 3
120, 4, 176, 1
120, 4, 248, 2
120, 4, 267, 1
121, 3, 0, 2
121, 3, 90, 2
121, 3, 267, 1
122, 3, 0, 2
122, 3, 91, 2
122, 3, 267, 1
123, 3, 0, 2
123, 3, 124, 2
123, 3, 267, 1
124, 3, 0, 2
124, 3, 197, 2
124, 3, 267, 1
125, 5, 0, 5
125, 5, 26, 1
125, 5, 183, 2
125, 5, 112, 2
125, 5, 267, 2
126, 5, 0, 5
126, 5, 113, 2
126, 5, 78, 2
126, 5, 5, 1
126, 5, 267, 2
127, 4, 0, 4
127, 4, 182, 2
127, 4, 117, 2
127, 4, 267, 2
128, 5, 0, 5
128, 5, 27, 1
128, 5, 84, 2
128, 5, 85, 2
128, 5, 267, 2
129, 3, 0, 3
129, 3, 220, 3
129, 3, 267, 2
130, 3, 0, 3
130, 3, 222, 3
130, 3, 267, 2
131, 4, 0, 1
131, 4, 58, 1
131, 4, 83, 1
131, 4, 86, 1
132, 5, 0, 1
132, 5, 59, 1
132, 5, 79, 1
132, 5, 80, 1
132, 5, 82, 1
133, 3, 0, 2
133, 3, 200, 1
133, 3, 183, 1
134, 3, 0, 6
134, 3, 135, 6
134, 3, 267, 2
135, 3, 0, 3
135, 3, 223, 3
135, 3, 267, 2
136, 3, 0, 4
136, 3, 137, 4
136, 3, 267, 2
137, 3, 0, 3
137, 3, 190, 3
137, 3, 267, 2
138, 3, 0, 3
138, 3, 139, 3
138, 3, 267, 2
139, 3, 0, 2
139, 3, 140, 2
139, 3, 267, 1
140, 3, 0, 3
140, 3, 141, 3
140, 3, 267, 2
141, 3, 0, 1
141, 3, 87, 1
141, 3, 88, 1
142, 4, 0, 1
142, 4, 92, 1
142, 4, 93, 1
142, 4, 99, 1
143, 3, 0, 2
143, 3, 134, 2
143, 3, 267, 1
144, 4, 0, 3
144, 4, 10, 1
144, 4, 136, 2
144, 4, 267, 1
145, 3, 0, 2
145, 3, 138, 2
145, 3, 267, 1
146, 3, 0, 3
146, 3, 131, 3
146, 3, 267, 2
147, 4, 0, 4
147, 4, 184, 1
147, 4, 226, 3
147, 4, 267, 2
148, 3, 0, 3
148, 3, 132, 3
148, 3, 267, 2
149, 3, 0, 1
149, 3, 115, 1
149, 3, 116, 1
150, 4, 0, 4
150, 4, 191, 1
150, 4, 185, 3
150, 4, 267, 2
151, 3, 0, 3
151, 3, 224, 3
151, 3, 267, 2
152, 4, 0, 4
152, 4, 153, 3
152, 4, 9, 1
152, 4, 267, 2
153, 3, 0, 6
153, 3, 154, 6
153, 3, 267, 2
154, 3, 0, 3
154, 3, 192, 3
154, 3, 267, 2
155, 4, 0, 4
155, 4, 193, 1
155, 4, 262, 3
155, 4, 267, 2
156, 3, 0, 3
156, 3, 144, 3
156, 3, 267, 2
157, 4, 0, 4
157, 4, 194, 2
157, 4, 247, 2
157, 4, 267, 2
158, 3, 0, 3
158, 3, 145, 3
158, 3, 267, 2
159, 4, 0, 5
159, 4, 195, 2
159, 4, 156, 3
159, 4, 267, 3
160, 6, 0, 7
160, 6, 108, 2
160, 6, 142, 3
160, 6, 15, 1
160, 6, 18, 1
160, 6, 267, 3
161, 4, 0, 5
161, 4, 146, 3
161, 4, 89, 2
161, 4, 267, 3
162, 4, 0, 5
162, 4, 198, 2
162, 4, 151, 3
162, 4, 267, 3
163, 4, 0, 6
163, 4, 199, 3
163, 4, 158, 3
163, 4, 267, 4
164, 4, 0, 1
164, 4, 165, 1
164, 4, 166, 1
164, 4, 167, 1
165, 4, 0, 1
165, 4, 164, 1
165, 4, 166, 1
165, 4, 167, 1
166, 4, 0, 1
166, 4, 164, 1
166, 4, 165, 1
166, 4, 167, 1
167, 2, 0, 1
167, 2, 232, 1
168, 4, 0, 1
168, 4, 169, 1
168, 4, 170, 1
168, 4, 171, 1
169, 4, 0, 1
169, 4, 168, 1
169, 4, 170, 1
169, 4, 171, 1
170, 4, 0, 1
170, 4, 168, 1
170, 4, 169, 1
170, 4, 171, 1
171, 2, 0, 1
171, 2, 22, 1
172, 3, 0, 1
172, 3, 173, 1
172, 3, 174, 1
173, 3, 0, 1
173, 3, 172, 1
173, 3, 174, 1
174, 3, 0, 2
174, 3, 233, 2
174, 3, 267, 1
175, 3, 0, 1
175, 3, 177, 1
175, 3, 178, 1
176, 3, 0, 2
176, 3, 120, 2
176, 3, 267, 1
177, 3, 0, 1
177, 3, 175, 1
177, 3, 178, 1
178, 3, 0, 3
178, 3, 217, 3
178, 3, 267, 2
179, 3, 0, 1
179, 3, 180, 1
179, 3, 181, 1
180, 3, 0, 1
180, 3, 179, 1
180, 3, 181, 1
181, 3, 0, 3
181, 3, 227, 3
181, 3, 267, 2
182, 3, 0, 3
182, 3, 264, 3
182, 3, 267, 2
183, 3, 0, 3
183, 3, 133, 3
183, 3, 267, 2
184, 3, 0, 3
184, 3, 147, 3
184, 3, 267, 2
185, 3, 0, 1
185, 3, 196, 1
185, 3, 186, 1
186, 3, 0, 3
186, 3, 268, 3
186, 3, 267, 2
187, 3, 0, 3
187, 3, 150, 3
187, 3, 267, 2
188, 3, 0, 1
188, 3, 189, 1
188, 3, 187, 1
189, 3, 0, 1
189, 3, 188, 1
189, 3, 187, 1
190, 3, 0, 3
190, 3, 265, 3
190, 3, 267, 2
191, 3, 0, 4
191, 3, 149, 4
191, 3, 267, 3
192, 3, 0, 3
192, 3, 155, 3
192, 3, 267, 2
193, 3, 0, 3
193, 3, 152, 3
193, 3, 267, 2
194, 3, 0, 3
194, 3, 157, 3
194, 3, 267, 2
195, 3, 0, 3
195, 3, 159, 3
195, 3, 267, 2
196, 3, 0, 1
196, 3, 185, 1
196, 3, 186, 1
197, 3, 0, 4
197, 3, 160, 4
197, 3, 267, 3
198, 3, 0, 4
198, 3, 162, 4
198, 3, 267, 3
199, 3, 0, 4
199, 3, 163, 4
199, 3, 267, 3
200, 3, 0, 2
200, 3, 216, 2
200, 3, 267, 1
201, 5, 0, 1
201, 5, 234, 1
201, 5, 202, 1
201, 5, 203, 1
201, 5, 235, 1
202, 5, 0, 1
202, 5, 234, 1
202, 5, 201, 1
202, 5, 203, 1
202, 5, 235, 1
203, 5, 0, 1
203, 5, 234, 1
203, 5, 201, 1
203, 5, 202, 1
203, 5, 235, 1
204, 4, 0, 1
204, 4, 205, 1
204, 4, 206, 1
204, 4, 207, 1
205, 4, 0, 1
205, 4, 204, 1
205, 4, 206, 1
205, 4, 207, 1
206, 4, 0, 1
206, 4, 204, 1
206, 4, 205, 1
206, 4, 207, 1
207, 3, 0, 2
207, 3, 266, 2
207, 3, 267, 1
208, 4, 0, 1
208, 4, 209, 1
208, 4, 210, 1
208, 4, 211, 1
209, 4, 0, 1
209, 4, 208, 1
209, 4, 210, 1
209, 4, 211, 1
210, 4, 0, 1
210, 4, 208, 1
210, 4, 209, 1
210, 4, 211, 1
211, 3, 0, 2
211, 3, 249, 2
211, 3, 267, 1
212, 4, 0, 1
212, 4, 213, 1
212, 4, 214, 1
212, 4, 215, 1
213, 4, 0, 1
213, 4, 212, 1
213, 4, 214, 1
213, 4, 215, 1
214, 4, 0, 1
214, 4, 212, 1
214, 4, 213, 1
214, 4, 215, 1
215, 3, 0, 2
215, 3, 121, 2
215, 3, 267, 1
216, 4, 0, 1
216, 4, 217, 1
216, 4, 229, 1
216, 4, 218, 1
217, 4, 0, 1
217, 4, 216, 1
217, 4, 229, 1
217, 4, 218, 1
218, 3, 0, 3
218, 3, 196, 3
218, 3, 267, 2
219, 4, 0, 1
219, 4, 230, 1
219, 4, 220, 1
219, 4, 221, 1
220, 4, 0, 1
220, 4, 219, 1
220, 4, 230, 1
220, 4, 221, 1
221, 3, 0, 3
221, 3, 266, 3
221, 3, 267, 2
222, 4, 0, 1
222, 4, 223, 1
222, 4, 224, 1
222, 4, 225, 1
223, 4, 0, 1
223, 4, 222, 1
223, 4, 224, 1
223, 4, 225, 1
224, 4, 0, 1
224, 4, 222, 1
224, 4, 223, 1
224, 4, 225, 1
225, 3, 0, 3
225, 3, 263, 3
225, 3, 267, 2
226, 4, 0, 1
226, 4, 231, 1
226, 4, 228, 1
226, 4, 227, 1
227, 4, 0, 1
227, 4, 226, 1
227, 4, 231, 1
227, 4, 228, 1
228, 3, 0, 3
228, 3, 148, 3
228, 3, 267, 2
229, 4, 0, 1
229, 4, 216, 1
229, 4, 217, 1
229, 4, 218, 1
230, 4, 0, 1
230, 4, 219, 1
230, 4, 220, 1
230, 4, 221, 1
231, 4, 0, 1
231, 4, 226, 1
231, 4, 228, 1
231, 4, 227, 1
232, 3, 0, 3
232, 3, 229, 3
232, 3, 267, 2
233, 3, 0, 3
233, 3, 231, 3
233, 3, 267, 2
234, 5, 0, 1
234, 5, 201, 1
234, 5, 202, 1
234, 5, 203, 1
234, 5, 235, 1
235, 3, 0, 2
235, 3, 232, 2
235, 3, 267, 1
236, 5, 0, 1
236, 5, 237, 1
236, 5, 238, 1
236, 5, 239, 1
236, 5, 240, 1
237, 5, 0, 1
237, 5, 236, 1
237, 5, 238, 1
237, 5, 239, 1
237, 5, 240, 1
238, 5, 0, 1
238, 5, 236, 1
238, 5, 237, 1
238, 5, 239, 1
238, 5, 240, 1
239, 5, 0, 1
239, 5, 236, 1
239, 5, 237, 1
239, 5, 238, 1
239, 5, 240, 1
240, 3, 0, 2
240, 3, 122, 2
240, 3, 267, 1
241, 5, 0, 1
241, 5, 242, 1
241, 5, 243, 1
241, 5, 244, 1
241, 5, 245, 1
242, 5, 0, 1
242, 5, 241, 1
242, 5, 243, 1
242, 5, 244, 1
242, 5, 245, 1
243, 5, 0, 1
243, 5, 241, 1
243, 5, 242, 1
243, 5, 244, 1
243, 5, 245, 1
244, 5, 0, 1
244, 5, 241, 1
244, 5, 242, 1
244, 5, 243, 1
244, 5, 245, 1
245, 3, 0, 2
245, 3, 123, 2
245, 3, 267, 1
246, 5, 0, 1
246, 5, 247, 1
246, 5, 248, 1
246, 5, 249, 1
246, 5, 250, 1
247, 5, 0, 1
247, 5, 246, 1
247, 5, 248, 1
247, 5, 249, 1
247, 5, 250, 1
248, 5, 0, 1
248, 5, 246, 1
248, 5, 247, 1
248, 5, 249, 1
248, 5, 250, 1
249, 5, 0, 1
249, 5, 246, 1
249, 5, 247, 1
249, 5, 248, 1
249, 5, 250, 1
250, 3, 0, 2
250, 3, 233, 2
250, 3, 267, 1
251, 3, 0, 2
251, 3, 111, 2
251, 3, 267, 1
252, 5, 0, 1
252, 5, 253, 1
252, 5, 254, 1
252, 5, 255, 1
252, 5, 256, 1
253, 5, 0, 1
253, 5, 252, 1
253, 5, 254, 1
253, 5, 255, 1
253, 5, 256, 1
254, 5, 0, 1
254, 5, 252, 1
254, 5, 253, 1
254, 5, 255, 1
254, 5, 256, 1
255, 5, 0, 1
255, 5, 252, 1
255, 5, 253, 1
255, 5, 254, 1
255, 5, 256, 1
256, 3, 0, 3
256, 3, 143, 3
256, 3, 267, 2
257, 5, 0, 1
257, 5, 258, 1
257, 5, 259, 1
257, 5, 260, 1
257, 5, 261, 1
258, 5, 0, 1
258, 5, 257, 1
258, 5, 259, 1
258, 5, 260, 1
258, 5, 261, 1
259, 5, 0, 1
259, 5, 257, 1
259, 5, 258, 1
259, 5, 260, 1
259, 5, 261, 1
260, 5, 0, 1
260, 5, 257, 1
260, 5, 258, 1
260, 5, 259, 1
260, 5, 261, 1
261, 3, 0, 3
261, 3, 230, 3
261, 3, 267, 2
262, 5, 0, 1
262, 5, 263, 1
262, 5, 264, 1
262, 5, 265, 1
262, 5, 251, 1
263, 5, 0, 1
263, 5, 262, 1
263, 5, 264, 1
263, 5, 265, 1
263, 5, 251, 1
264, 5, 0, 1
264, 5, 263, 1
264, 5, 262, 1
264, 5, 265, 1
264, 5, 251, 1
265, 5, 0, 1
265, 5, 263, 1
265, 5, 262, 1
265, 5, 264, 1
265, 5, 251, 1
266, 3, 0, 4
266, 3, 161, 4
266, 3, 267, 3
267, 231, 0, 254
267, 231, 24, 2
267, 231, 268, 2
267, 231, 126, 4
267, 231, 232, 4
267, 231, 128, 4
267, 231, 233, 4
267, 231, 113, 2
267, 231, 114, 2
267, 231, 195, 5
267, 231, 159, 5
267, 231, 134, 3
267, 231, 135, 4
267, 231, 144, 3
267, 231, 190, 4
267, 231, 197, 6
267, 231, 161, 6
267, 231, 160, 6
267, 231, 266, 6
267, 231, 198, 6
267, 231, 162, 6
267, 231, 194, 4
267, 231, 157, 4
267, 231, 136, 3
267, 231, 137, 4
267, 231, 176, 2
267, 231, 120, 2
267, 231, 193, 4
267, 231, 155, 4
267, 231, 152, 4
267, 231, 192, 4
267, 231, 191, 4
267, 231, 150, 4
267, 231, 108, 2
267, 231, 153, 4
267, 231, 109, 2
267, 231, 154, 4
267, 231, 125, 4
267, 231, 200, 2
267, 231, 199, 7
267, 231, 163, 7
267, 231, 183, 3
267, 231, 133, 2
267, 231, 127, 4
267, 231, 182, 3
267, 231, 117, 2
267, 231, 118, 2
267, 231, 184, 3
267, 231, 147, 4
267, 231, 107, 3
267, 231, 101, 3
267, 231, 58, 2
267, 231, 226, 2
267, 231, 54, 2
267, 231, 31, 1
267, 231, 246, 1
267, 231, 32, 1
267, 231, 247, 1
267, 231, 33, 1
267, 231, 248, 1
267, 231, 36, 1
267, 231, 208, 1
267, 231, 37, 1
267, 231, 209, 1
267, 231, 38, 1
267, 231, 210, 1
267, 231, 35, 1
267, 231, 211, 1
267, 231, 34, 1
267, 231, 249, 1
267, 231, 84, 1
267, 231, 250, 1
267, 231, 55, 2
267, 231, 39, 1
267, 231, 172, 1
267, 231, 56, 2
267, 231, 40, 1
267, 231, 173, 1
267, 231, 85, 1
267, 231, 174, 1
267, 231, 83, 2
267, 231, 231, 2
267, 231, 131, 2
267, 231, 228, 2
267, 231, 146, 4
267, 231, 130, 4
267, 231, 100, 3
267, 231, 29, 1
267, 231, 222, 2
267, 231, 64, 2
267, 231, 252, 2
267, 231, 65, 2
267, 231, 253, 2
267, 231, 66, 2
267, 231, 254, 2
267, 231, 67, 2
267, 231, 255, 2
267, 231, 63, 2
267, 231, 256, 2
267, 231, 143, 3
267, 231, 61, 2
267, 231, 223, 2
267, 231, 151, 4
267, 231, 62, 2
267, 231, 224, 2
267, 231, 60, 2
267, 231, 225, 2
267, 231, 59, 2
267, 231, 263, 2
267, 231, 79, 2
267, 231, 262, 2
267, 231, 81, 1
267, 231, 119, 2
267, 231, 80, 2
267, 231, 264, 2
267, 231, 104, 3
267, 231, 106, 3
267, 231, 156, 4
267, 231, 82, 2
267, 231, 265, 2
267, 231, 132, 2
267, 231, 251, 1
267, 231, 112, 2
267, 231, 72, 2
267, 231, 216, 1
267, 231, 76, 2
267, 231, 177, 2
267, 231, 103, 3
267, 231, 77, 2
267, 231, 175, 1
267, 231, 75, 2
267, 231, 178, 2
267, 231, 73, 2
267, 231, 217, 2
267, 231, 30, 1
267, 231, 234, 1
267, 231, 78, 1
267, 231, 235, 1
267, 231, 74, 2
267, 231, 229, 2
267, 231, 71, 2
267, 231, 218, 2
267, 231, 69, 2
267, 231, 196, 2
267, 231, 115, 3
267, 231, 188, 3
267, 231, 116, 3
267, 231, 189, 3
267, 231, 149, 3
267, 231, 187, 2
267, 231, 102, 3
267, 231, 70, 2
267, 231, 185, 2
267, 231, 68, 1
267, 231, 186, 2
267, 231, 111, 2
267, 231, 148, 4
267, 231, 92, 2
267, 231, 219, 2
267, 231, 95, 2
267, 231, 257, 2
267, 231, 96, 2
267, 231, 258, 2
267, 231, 97, 2
267, 231, 259, 2
267, 231, 98, 2
267, 231, 260, 2
267, 231, 94, 2
267, 231, 261, 2
267, 231, 93, 2
267, 231, 230, 2
267, 231, 129, 4
267, 231, 99, 2
267, 231, 220, 2
267, 231, 142, 2
267, 231, 221, 2
267, 231, 28, 1
267, 231, 204, 1
267, 231, 52, 1
267, 231, 205, 1
267, 231, 53, 1
267, 231, 206, 1
267, 231, 57, 1
267, 231, 207, 1
267, 231, 110, 2
267, 231, 41, 1
267, 231, 212, 1
267, 231, 50, 1
267, 231, 213, 1
267, 231, 51, 1
267, 231, 214, 1
267, 231, 89, 1
267, 231, 215, 1
267, 231, 42, 1
267, 231, 236, 1
267, 231, 47, 1
267, 231, 237, 1
267, 231, 48, 1
267, 231, 238, 1
267, 231, 49, 1
267, 231, 239, 1
267, 231, 90, 1
267, 231, 240, 1
267, 231, 121, 2
267, 231, 43, 1
267, 231, 241, 1
267, 231, 44, 1
267, 231, 242, 1
267, 231, 45, 1
267, 231, 243, 1
267, 231, 46, 1
267, 231, 244, 1
267, 231, 91, 1
267, 231, 245, 1
267, 231, 124, 2
267, 231, 123, 2
267, 231, 122, 2
267, 231, 145, 3
267, 231, 158, 4
267, 231, 139, 3
267, 231, 87, 2
267, 231, 179, 2
267, 231, 88, 2
267, 231, 180, 2
267, 231, 141, 2
267, 231, 181, 2
267, 231, 140, 3
267, 231, 138, 3
267, 231, 86, 2
267, 231, 227, 2
267, 231, 105, 3
DTG
0, 222, 0, 1, 2
0, 222, 0, 1, 2
0, 222, 0, 1, 2
0, 222, 0, 1, 2
0, 222, 0, 1, 2
0, 222, 0, 1, 2
0, 222, 0, 1, 2
0, 222, 0, 1, 2
0, 222, 0, 1, 2
0, 222, 0, 1, 2
0, 222, 0, 1, 2
0, 222, 0, 1, 2
0, 222, 0, 1, 2
0, 222, 0, 1, 2
0, 222, 0, 1, 2
0, 222, 0, 1, 2
0, 222, 0, 1, 2
0, 222, 0, 1, 2
0, 222, 0, 1, 2
0, 222, 0, 1, 2
0, 222, 0, 1, 2
0, 222, 0, 1, 2
0, 222, 0, 1, 2
0, 222, 0, 1, 2
0, 222, 0, 1, 2
0, 222, 0, 1, 2
0, 222, 0, 1, 2
0, 222, 0, 1, 2
0, 222, 0, 1, 2
0, 222, 0, 1, 2
0, 222, 0, 1, 2
0, 222, 0, 1, 2
0, 222, 0, 1, 2
0, 222, 0, 1, 2
0, 222, 0, 1, 2
0, 222, 0, 1, 2
0, 222, 0, 1, 2
0, 222, 0, 1, 2
0, 222, 0, 1, 2
0, 222, 0, 1, 2
0, 222, 0, 1, 2
0, 222, 0, 1, 2
0, 222, 0, 1, 2
0, 222, 0, 1, 2
0, 222, 0, 1, 2
0, 222, 0, 1, 2
0, 222, 0, 1, 2
0, 222, 0, 1, 2
0, 222, 0, 1, 2
0, 222, 0, 1, 2
0, 222, 0, 1, 2
0, 222, 0, 1, 2
0, 222, 0, 1, 2
0, 222, 0, 1, 2
0, 222, 0, 1, 2
0, 222, 0, 1, 2
0, 222, 0, 1, 2
0, 222, 0, 1, 2
0, 222, 0, 1, 2
0, 222, 0, 1, 2
0, 222, 0, 1, 2
0, 222, 0, 1, 2
0, 222, 0, 1, 2
0, 222, 0, 1, 2
0, 222, 0, 1, 2
0, 222, 0, 1, 2
0, 222, 0, 1, 2
0, 222, 0, 1, 2
0, 222, 0, 1, 2
0, 222, 0, 1, 2
0, 222, 0, 1, 2
0, 222, 0, 1, 2
0, 222, 0, 1, 2
0, 222, 0, 1, 2
0, 222, 0, 1, 2
0, 222, 0, 1, 2
0, 222, 0, 1, 2
0, 222, 0, 1, 2
0, 222, 0, 1, 2
0, 222, 0, 1, 2
0, 222, 0, 1, 2
0, 222, 0, 1, 2
0, 222, 0, 1, 2
0, 222, 0, 1, 2
0, 222, 0, 1, 2
0, 222, 0, 1, 2
0, 222, 0, 1, 2
0, 222, 0, 1, 2
0, 222, 0, 1, 2
0, 222, 0, 1, 2
0, 222, 0, 1, 2
0, 222, 0, 1, 2
0, 222, 0, 1, 2
0, 222, 0, 1, 2
0, 222, 0, 1, 2
0, 222, 0, 1, 2
0, 222, 0, 1, 2
0, 222, 0, 1, 2
0, 222, 0, 1, 2
0, 222, 0, 1, 2
0, 222, 0, 1, 2
0, 222, 0, 1, 2
0, 222, 0, 1, 2
0, 222, 0, 1, 2
0, 222, 0, 1, 2
0, 222, 0, 1, 2
0, 222, 0, 1, 2
0, 222, 0, 1, 2
0, 222, 0, 1, 2
0, 222, 0, 1, 2
0, 222, 0, 1, 2
0, 222, 0, 1, 2
0, 222, 0, 1, 2
0, 222, 0, 1, 2
0, 222, 0, 1, 2
0, 222, 0, 1, 2
0, 222, 0, 1, 2
0, 222, 0, 1, 2
0, 222, 0, 1, 2
0, 222, 0, 1, 2
0, 222, 0, 1, 2
0, 222, 0, 1, 2
0, 222, 0, 1, 2
0, 222, 0, 1, 2
0, 222, 0, 1, 2
0, 222, 0, 1, 2
0, 222, 0, 1, 2
0, 222, 0, 1, 2
0, 222, 0, 1, 2
0, 222, 0, 1, 2
0, 222, 0, 1, 2
0, 222, 0, 1, 2
0, 222, 0, 1, 2
0, 222, 0, 1, 2
0, 222, 0, 1, 2
0, 222, 0, 1, 2
0, 222, 0, 1, 2
0, 222, 0, 1, 2
0, 222, 0, 1, 2
0, 222, 0, 1, 2
0, 222, 0, 1, 2
0, 222, 0, 1, 2
0, 222, 0, 1, 2
0, 222, 0, 1, 2
0, 222, 0, 1, 2
0, 222, 0, 1, 2
0, 222, 0, 1, 2
0, 222, 0, 1, 2
0, 222, 0, 1, 2
0, 222, 0, 1, 2
0, 222, 0, 1, 2
0, 222, 0, 1, 2
0, 222, 0, 1, 2
0, 222, 0, 1, 2
0, 222, 0, 1, 2
0, 222, 0, 1, 2
0, 222, 0, 1, 2
0, 222, 0, 1, 2
0, 222, 0, 1, 2
0, 222, 0, 1, 2
0, 222, 0, 1, 2
0, 222, 0, 1, 2
0, 222, 0, 1, 2
0, 222, 0, 1, 2
0, 222, 0, 1, 2
0, 222, 0, 1, 2
0, 222, 0, 1, 2
0, 222, 0, 1, 2
0, 222, 0, 1, 2
0, 222, 0, 1, 2
0, 222, 0, 1, 2
0, 222, 0, 1, 2
0, 222, 0, 1, 2
0, 222, 0, 1, 2
0, 222, 0, 1, 2
0, 222, 0, 1, 2
0, 222, 0, 1, 2
0, 222, 0, 1, 2
0, 222, 0, 1, 2
0, 222, 0, 1, 2
0, 222, 0, 1, 2
0, 222, 0, 1, 2
0, 222, 0, 1, 2
0, 222, 0, 1, 2
0, 222, 0, 1, 2
0, 222, 0, 1, 2
0, 222, 0, 1, 2
0, 222, 0, 1, 2
0, 222, 0, 1, 2
0, 222, 0, 1, 2
0, 222, 0, 1, 2
0, 222, 0, 1, 2
0, 222, 0, 1, 2
0, 222, 0, 1, 2
0, 222, 0, 1, 2
0, 222, 0, 1, 2
0, 222, 0, 1, 2
0, 222, 0, 1, 2
0, 222, 0, 1, 2
0, 222, 0, 1, 2
0, 222, 0, 1, 2
0, 222, 0, 1, 3
0, 222, 0, 1, 3
0, 222, 0, 1, 3
0, 222, 0, 1, 3
0, 222, 0, 1, 3
0, 222, 0, 1, 4
0, 222, 0, 1, 4
0, 222, 0, 1, 4
0, 222, 0, 1, 4
0, 222, 0, 1, 4
0, 222, 0, 1, 4
0, 222, 0, 1, 4
0, 222, 0, 1, 4
0, 222, 0, 1, 4
0, 222, 0, 1, 5
0, 222, 0, 1, 5
0, 222, 0, 1, 5
0, 222, 0, 1, 5
0, 222, 0, 1, 5
0, 222, 0, 1, 5
0, 222, 0, 1, 5
0, 254, 1, 0, 3
0, 254, 1, 0, 3
0, 254, 1, 0, 3
0, 254, 1, 0, 3
0, 254, 1, 0, 3
0, 254, 1, 0, 3
0, 254, 1, 0, 3
0, 254, 1, 0, 3
0, 254, 1, 0, 3
0, 254, 1, 0, 3
0, 254, 1, 0, 3
0, 254, 1, 0, 3
0, 254, 1, 0, 3
0, 254, 1, 0, 3
0, 254, 1, 0, 3
0, 254, 1, 0, 3
0, 254, 1, 0, 3
0, 254, 1, 0, 3
0, 254, 1, 0, 3
0, 254, 1, 0, 3
0, 254, 1, 0, 3
0, 254, 1, 0, 3
0, 254, 1, 0, 3
0, 254, 1, 0, 3
0, 254, 1, 0, 3
0, 254, 1, 0, 3
0, 254, 1, 0, 3
0, 254, 1, 0, 3
0, 254, 1, 0, 3
0, 254, 1, 0, 3
0, 254, 1, 0, 3
0, 254, 1, 0, 3
0, 254, 1, 0, 3
0, 254, 1, 0, 3
0, 254, 1, 0, 3
0, 254, 1, 0, 3
0, 254, 1, 0, 3
0, 254, 1, 0, 3
0, 254, 1, 0, 3
0, 254, 1, 0, 3
0, 254, 1, 0, 3
0, 254, 1, 0, 3
0, 254, 1, 0, 3
0, 254, 1, 0, 3
0, 254, 1, 0, 3
0, 254, 1, 0, 3
0, 254, 1, 0, 3
0, 254, 1, 0, 3
0, 254, 1, 0, 3
0, 254, 1, 0, 3
0, 254, 1, 0, 3
0, 254, 1, 0, 3
0, 254, 1, 0, 3
0, 254, 1, 0, 3
0, 254, 1, 0, 3
0, 254, 1, 0, 3
0, 254, 1, 0, 3
0, 254, 1, 0, 3
0, 254, 1, 0, 3
0, 254, 1, 0, 3
0, 254, 1, 0, 3
0, 254, 1, 0, 3
0, 254, 1, 0, 3
0, 254, 1, 0, 3
0, 254, 1, 0, 3
0, 254, 1, 0, 3
0, 254, 1, 0, 3
0, 254, 1, 0, 3
0, 254, 1, 0, 3
0, 254, 1, 0, 3
0, 254, 1, 0, 3
0, 254, 1, 0, 3
0, 254, 1, 0, 3
0, 254, 1, 0, 3
0, 254, 1, 0, 3
0, 254, 1, 0, 3
0, 254, 1, 0, 3
0, 254, 1, 0, 3
0, 254, 1, 0, 3
0, 254, 1, 0, 3
0, 254, 1, 0, 3
0, 254, 1, 0, 3
0, 254, 1, 0, 3
0, 254, 1, 0, 3
0, 254, 1, 0, 3
0, 254, 1, 0, 3
0, 254, 1, 0, 3
0, 254, 1, 0, 3
0, 254, 1, 0, 3
0, 254, 1, 0, 3
0, 254, 1, 0, 3
0, 254, 1, 0, 3
0, 254, 1, 0, 3
0, 254, 1, 0, 3
0, 254, 1, 0, 3
0, 254, 1, 0, 3
0, 254, 1, 0, 3
0, 254, 1, 0, 3
0, 254, 1, 0, 3
0, 254, 1, 0, 3
0, 254, 1, 0, 3
0, 254, 1, 0, 3
0, 254, 1, 0, 3
0, 254, 1, 0, 3
0, 254, 1, 0, 3
0, 254, 1, 0, 3
0, 254, 1, 0, 3
0, 254, 1, 0, 3
0, 254, 1, 0, 3
0, 254, 1, 0, 3
0, 254, 1, 0, 3
0, 254, 1, 0, 3
0, 254, 1, 0, 3
0, 254, 1, 0, 3
0, 254, 1, 0, 3
0, 254, 1, 0, 3
0, 254, 1, 0, 3
0, 254, 1, 0, 3
0, 254, 1, 0, 3
0, 254, 1, 0, 3
0, 254, 1, 0, 3
0, 254, 1, 0, 3
0, 254, 1, 0, 3
0, 254, 1, 0, 3
0, 254, 1, 0, 3
0, 254, 1, 0, 3
0, 254, 1, 0, 3
0, 254, 1, 0, 3
0, 254, 1, 0, 3
0, 254, 1, 0, 3
0, 254, 1, 0, 3
0, 254, 1, 0, 3
0, 254, 1, 0, 3
0, 254, 1, 0, 3
0, 254, 1, 0, 3
0, 254, 1, 0, 3
0, 254, 1, 0, 3
0, 254, 1, 0, 3
0, 254, 1, 0, 3
0, 254, 1, 0, 3
0, 254, 1, 0, 3
0, 254, 1, 0, 3
0, 254, 1, 0, 3
0, 254, 1, 0, 3
0, 254, 1, 0, 3
0, 254, 1, 0, 3
0, 254, 1, 0, 3
0, 254, 1, 0, 3
0, 254, 1, 0, 3
0, 254, 1, 0, 3
0, 254, 1, 0, 3
0, 254, 1, 0, 3
0, 254, 1, 0, 3
0, 254, 1, 0, 3
0, 254, 1, 0, 3
0, 254, 1, 0, 3
0, 254, 1, 0, 3
0, 254, 1, 0, 3
0, 254, 1, 0, 3
0, 254, 1, 0, 3
0, 254, 1, 0, 3
0, 254, 1, 0, 3
0, 254, 1, 0, 3
0, 254, 1, 0, 3
0, 254, 1, 0, 3
0, 254, 1, 0, 3
0, 254, 1, 0, 3
0, 254, 1, 0, 3
0, 254, 1, 0, 3
0, 254, 1, 0, 3
0, 254, 1, 0, 3
0, 254, 1, 0, 3
0, 254, 1, 0, 3
0, 254, 1, 0, 3
0, 254, 1, 0, 3
0, 254, 1, 0, 3
0, 254, 1, 0, 3
0, 254, 1, 0, 3
0, 254, 1, 0, 3
0, 254, 1, 0, 3
0, 254, 1, 0, 3
0, 254, 1, 0, 3
0, 254, 1, 0, 3
0, 254, 1, 0, 3
0, 254, 1, 0, 3
0, 254, 1, 0, 3
0, 254, 1, 0, 3
0, 254, 1, 0, 3
0, 254, 1, 0, 3
0, 254, 1, 0, 3
0, 254, 1, 0, 3
0, 254, 1, 0, 3
0, 254, 1, 0, 3
0, 254, 1, 0, 3
0, 254, 1, 0, 3
0, 254, 1, 0, 3
0, 254, 1, 0, 3
0, 254, 1, 0, 3
0, 254, 1, 0, 3
0, 254, 1, 0, 3
0, 254, 1, 0, 3
0, 254, 1, 0, 3
0, 254, 1, 0, 3
0, 254, 1, 0, 3
0, 254, 1, 0, 3
0, 254, 1, 0, 3
0, 254, 1, 0, 3
0, 254, 1, 0, 3
0, 254, 1, 0, 3
0, 254, 1, 0, 3
0, 254, 1, 0, 3
0, 254, 1, 0, 3
0, 254, 1, 0, 3
0, 254, 1, 0, 3
0, 254, 1, 0, 3
0, 254, 1, 0, 3
0, 254, 1, 0, 3
0, 254, 1, 0, 3
0, 254, 1, 0, 3
0, 254, 1, 0, 3
0, 254, 1, 0, 3
0, 254, 1, 0, 3
0, 254, 1, 0, 3
0, 254, 1, 0, 3
0, 254, 1, 0, 3
0, 254, 1, 0, 3
0, 254, 1, 0, 3
0, 254, 1, 0, 3
0, 254, 1, 0, 3
0, 254, 1, 0, 3
0, 254, 1, 0, 3
0, 254, 1, 0, 3
0, 254, 1, 0, 3
0, 254, 1, 0, 3
0, 254, 1, 0, 3
0, 254, 1, 0, 3
0, 254, 1, 0, 3
0, 254, 1, 0, 3
0, 254, 1, 0, 3
0, 254, 1, 0, 3
0, 254, 1, 0, 3
0, 254, 1, 0, 3
0, 254, 1, 0, 3
0, 254, 1, 0, 3
0, 254, 1, 0, 3
0, 254, 1, 0, 3
0, 254, 1, 0, 3
0, 254, 1, 0, 3
0, 254, 1, 0, 3
0, 254, 1, 0, 3
0, 254, 1, 0, 3
0, 254, 1, 0, 3
0, 254, 1, 0, 3
0, 254, 1, 0, 3
1, 1, 0, 1, 1
1, 1, 1, 0, 2
2, 1, 0, 1, 1
2, 1, 1, 0, 2
3, 1, 0, 1, 1
3, 1, 1, 0, 2
4, 1, 0, 1, 1
4, 1, 1, 0, 2
5, 1, 0, 1, 1
5, 1, 1, 0, 2
6, 1, 0, 1, 1
6, 1, 1, 0, 2
7, 1, 0, 1, 1
7, 1, 1, 0, 2
8, 1, 0, 1, 1
8, 1, 1, 0, 2
9, 1, 0, 1, 1
9, 1, 1, 0, 2
10, 1, 0, 1, 1
10, 1, 1, 0, 2
11, 1, 0, 1, 1
11, 1, 1, 0, 2
12, 1, 0, 1, 1
12, 1, 1, 0, 2
13, 1, 0, 1, 1
13, 1, 1, 0, 2
14, 1, 0, 1, 1
14, 1, 1, 0, 2
15, 1, 0, 1, 1
15, 1, 1, 0, 2
16, 1, 0, 1, 1
16, 1, 1, 0, 2
17, 1, 0, 1, 1
17, 1, 1, 0, 2
18, 1, 0, 1, 1
18, 1, 1, 0, 2
19, 1, 0, 1, 1
19, 1, 1, 0, 2
20, 1, 0, 1, 1
20, 1, 1, 0, 2
21, 1, 0, 1, 1
21, 1, 1, 0, 2
22, 1, 0, 1, 1
22, 1, 1, 0, 2
23, 1, 0, 1, 1
23, 1, 1, 0, 2
24, 3, 0, 1, 1
24, 3, 0, 1, 2
24, 3, 0, 1, 2
25, 1, 0, 1, 1
25, 2, 1, 0, 2
25, 2, 1, 0, 2
26, 1, 0, 1, 1
26, 2, 1, 0, 2
26, 2, 1, 0, 2
27, 1, 0, 1, 1
27, 2, 1, 0, 2
27, 2, 1, 0, 2
28, 2, 0, 1, 1
28, 2, 0, 1, 2
28, 1, 1, 0, 2
29, 2, 0, 1, 1
29, 2, 0, 1, 2
29, 1, 1, 0, 2
30, 2, 0, 1, 1
30, 2, 0, 1, 2
30, 1, 1, 0, 2
31, 2, 0, 1, 1
31, 2, 0, 1, 2
31, 1, 1, 0, 2
32, 2, 0, 1, 1
32, 2, 0, 1, 2
32, 1, 1, 0, 2
33, 2, 0, 1, 1
33, 2, 0, 1, 2
33, 1, 1, 0, 2
34, 2, 0, 1, 1
34, 2, 0, 1, 2
34, 1, 1, 0, 2
35, 1, 0, 1, 1
35, 2, 1, 0, 2
35, 2, 1, 0, 3
36, 2, 0, 1, 1
36, 2, 0, 1, 2
36, 1, 1, 0, 2
37, 2, 0, 1, 1
37, 2, 0, 1, 2
37, 1, 1, 0, 2
38, 2, 0, 1, 1
38, 2, 0, 1, 2
38, 1, 1, 0, 2
39, 2, 0, 1, 1
39, 2, 0, 1, 2
39, 1, 1, 0, 2
40, 2, 0, 1, 1
40, 2, 0, 1, 2
40, 1, 1, 0, 2
41, 2, 0, 1, 1
41, 2, 0, 1, 2
41, 1, 1, 0, 2
42, 2, 0, 1, 1
42, 2, 0, 1, 2
42, 1, 1, 0, 2
43, 2, 0, 1, 1
43, 2, 0, 1, 2
43, 1, 1, 0, 2
44, 2, 0, 1, 1
44, 2, 0, 1, 2
44, 1, 1, 0, 2
45, 2, 0, 1, 1
45, 2, 0, 1, 2
45, 1, 1, 0, 2
46, 2, 0, 1, 1
46, 2, 0, 1, 2
46, 1, 1, 0, 2
47, 2, 0, 1, 1
47, 2, 0, 1, 2
47, 1, 1, 0, 2
48, 2, 0, 1, 1
48, 2, 0, 1, 2
48, 1, 1, 0, 2
49, 2, 0, 1, 1
49, 2, 0, 1, 2
49, 1, 1, 0, 2
50, 2, 0, 1, 1
50, 2, 0, 1, 2
50, 1, 1, 0, 2
51, 2, 0, 1, 1
51, 2, 0, 1, 2
51, 1, 1, 0, 2
52, 2, 0, 1, 1
52, 2, 0, 1, 2
52, 1, 1, 0, 2
53, 2, 0, 1, 1
53, 2, 0, 1, 2
53, 1, 1, 0, 2
54, 2, 0, 1, 1
54, 2, 0, 1, 2
54, 2, 1, 0, 2
54, 2, 1, 0, 3
55, 2, 0, 1, 1
55, 2, 0, 1, 2
55, 2, 1, 0, 2
55, 2, 1, 0, 3
56, 2, 0, 1, 1
56, 2, 0, 1, 2
56, 2, 1, 0, 2
56, 2, 1, 0, 3
57, 1, 0, 1, 1
57, 2, 1, 0, 2
57, 2, 1, 0, 3
58, 3, 0, 1, 1
58, 3, 0, 1, 2
58, 3, 0, 1, 2
58, 1, 1, 0, 2
59, 3, 0, 1, 1
59, 3, 0, 1, 2
59, 3, 0, 1, 2
59, 1, 1, 0, 2
60, 1, 0, 1, 1
60, 3, 1, 0, 2
60, 3, 1, 0, 3
60, 3, 1, 0, 3
61, 3, 0, 1, 1
61, 3, 0, 1, 2
61, 3, 0, 1, 2
61, 1, 1, 0, 2
62, 3, 0, 1, 1
62, 3, 0, 1, 2
62, 3, 0, 1, 2
62, 1, 1, 0, 2
63, 1, 0, 1, 1
63, 3, 1, 0, 2
63, 3, 1, 0, 3
63, 3, 1, 0, 3
64, 3, 0, 1, 1
64, 3, 0, 1, 2
64, 3, 0, 1, 2
64, 1, 1, 0, 2
65, 3, 0, 1, 1
65, 3, 0, 1, 2
65, 3, 0, 1, 2
65, 1, 1, 0, 2
66, 3, 0, 1, 1
66, 3, 0, 1, 2
66, 3, 0, 1, 2
66, 1, 1, 0, 2
67, 3, 0, 1, 1
67, 3, 0, 1, 2
67, 3, 0, 1, 2
67, 1, 1, 0, 2
68, 1, 0, 1, 1
68, 2, 1, 0, 2
68, 2, 1, 0, 3
69, 3, 0, 1, 1
69, 3, 0, 1, 2
69, 3, 0, 1, 2
69, 1, 1, 0, 2
70, 3, 0, 1, 1
70, 3, 0, 1, 2
70, 3, 0, 1, 2
70, 1, 1, 0, 2
71, 1, 0, 1, 1
71, 3, 1, 0, 2
71, 3, 1, 0, 3
71, 3, 1, 0, 3
72, 3, 0, 1, 1
72, 3, 0, 1, 2
72, 3, 0, 1, 2
72, 1, 1, 0, 2
73, 3, 0, 1, 1
73, 3, 0, 1, 2
73, 3, 0, 1, 2
73, 1, 1, 0, 2
74, 3, 0, 1, 1
74, 3, 0, 1, 2
74, 3, 0, 1, 2
74, 1, 1, 0, 2
75, 1, 0, 1, 1
75, 3, 1, 0, 2
75, 3, 1, 0, 3
75, 3, 1, 0, 3
76, 3, 0, 1, 1
76, 3, 0, 1, 2
76, 3, 0, 1, 2
76, 1, 1, 0, 2
77, 3, 0, 1, 1
77, 3, 0, 1, 2
77, 3, 0, 1, 2
77, 1, 1, 0, 2
78, 1, 0, 1, 1
78, 2, 1, 0, 2
78, 2, 1, 0, 3
79, 3, 0, 1, 1
79, 3, 0, 1, 2
79, 3, 0, 1, 2
79, 1, 1, 0, 2
80, 3, 0, 1, 1
80, 3, 0, 1, 2
80, 3, 0, 1, 2
80, 1, 1, 0, 2
81, 1, 0, 1, 1
81, 2, 1, 0, 2
81, 2, 1, 0, 3
82, 3, 0, 1, 1
82, 3, 0, 1, 2
82, 3, 0, 1, 2
82, 1, 1, 0, 2
83, 3, 0, 1, 1
83, 3, 0, 1, 2
83, 3, 0, 1, 2
83, 1, 1, 0, 2
84, 1, 0, 1, 1
84, 2, 1, 0, 2
84, 2, 1, 0, 3
85, 1, 0, 1, 1
85, 2, 1, 0, 2
85, 2, 1, 0, 3
86, 3, 0, 1, 1
86, 3, 0, 1, 2
86, 3, 0, 1, 2
86, 1, 1, 0, 2
87, 3, 0, 1, 1
87, 3, 0, 1, 2
87, 3, 0, 1, 2
87, 1, 1, 0, 2
88, 3, 0, 1, 1
88, 3, 0, 1, 2
88, 3, 0, 1, 2
88, 1, 1, 0, 2
89, 1, 0, 1, 1
89, 2, 1, 0, 2
89, 2, 1, 0, 3
90, 1, 0, 1, 1
90, 2, 1, 0, 2
90, 2, 1, 0, 3
91, 1, 0, 1, 1
91, 2, 1, 0, 2
91, 2, 1, 0, 3
92, 3, 0, 1, 1
92, 3, 0, 1, 2
92, 3, 0, 1, 2
92, 1, 1, 0, 2
93, 3, 0, 1, 1
93, 3, 0, 1, 2
93, 3, 0, 1, 2
93, 1, 1, 0, 2
94, 1, 0, 1, 1
94, 3, 1, 0, 2
94, 3, 1, 0, 3
94, 3, 1, 0, 3
95, 3, 0, 1, 1
95, 3, 0, 1, 2
95, 3, 0, 1, 2
95, 1, 1, 0, 2
96, 3, 0, 1, 1
96, 3, 0, 1, 2
96, 3, 0, 1, 2
96, 1, 1, 0, 2
97, 3, 0, 1, 1
97, 3, 0, 1, 2
97, 3, 0, 1, 2
97, 1, 1, 0, 2
98, 3, 0, 1, 1
98, 3, 0, 1, 2
98, 3, 0, 1, 2
98, 1, 1, 0, 2
99, 3, 0, 1, 1
99, 3, 0, 1, 2
99, 3, 0, 1, 2
99, 1, 1, 0, 2
100, 3, 0, 1, 1
100, 3, 0, 1, 2
100, 3, 0, 1, 2
100, 2, 1, 0, 2
100, 2, 1, 0, 3
101, 2, 0, 1, 1
101, 2, 0, 1, 2
101, 3, 1, 0, 2
101, 3, 1, 0, 3
101, 3, 1, 0, 3
102, 2, 0, 1, 1
102, 2, 0, 1, 2
102, 3, 1, 0, 2
102, 3, 1, 0, 3
102, 3, 1, 0, 3
103, 2, 0, 1, 1
103, 2, 0, 1, 2
103, 3, 1, 0, 2
103, 3, 1, 0, 3
103, 3, 1, 0, 3
104, 2, 0, 1, 1
104, 2, 0, 1, 2
104, 3, 1, 0, 2
104, 3, 1, 0, 3
104, 3, 1, 0, 3
105, 3, 0, 1, 1
105, 3, 0, 1, 2
105, 3, 0, 1, 2
105, 2, 1, 0, 2
105, 2, 1, 0, 3
106, 3, 0, 1, 1
106, 3, 0, 1, 2
106, 3, 0, 1, 2
106, 2, 1, 0, 2
106, 2, 1, 0, 3
107, 2, 0, 1, 1
107, 2, 0, 1, 2
107, 3, 1, 0, 2
107, 3, 1, 0, 3
107, 3, 1, 0, 3
108, 2, 0, 1, 1
108, 2, 0, 1, 2
108, 2, 1, 0, 2
108, 2, 1, 0, 3
109, 2, 0, 1, 1
109, 2, 0, 1, 2
109, 2, 1, 0, 2
109, 2, 1, 0, 3
110, 2, 0, 1, 1
110, 2, 0, 1, 2
110, 2, 1, 0, 2
110, 2, 1, 0, 3
111, 2, 0, 1, 1
111, 2, 0, 1, 2
111, 2, 1, 0, 2
111, 2, 1, 0, 3
112, 2, 0, 1, 1
112, 2, 0, 1, 2
112, 2, 1, 0, 2
112, 2, 1, 0, 3
113, 2, 0, 1, 1
113, 2, 0, 1, 2
113, 2, 1, 0, 2
113, 2, 1, 0, 3
114, 2, 0, 1, 1
114, 2, 0, 1, 2
114, 2, 1, 0, 2
114, 2, 1, 0, 3
115, 4, 0, 1, 1
115, 4, 0, 1, 2
115, 4, 0, 1, 2
115, 4, 0, 1, 2
115, 1, 1, 0, 2
116, 4, 0, 1, 1
116, 4, 0, 1, 2
116, 4, 0, 1, 2
116, 4, 0, 1, 2
116, 1, 1, 0, 2
117, 2, 0, 1, 1
117, 2, 0, 1, 2
117, 2, 1, 0, 2
117, 2, 1, 0, 3
118, 2, 0, 1, 1
118, 2, 0, 1, 2
118, 2, 1, 0, 2
118, 2, 1, 0, 3
119, 2, 0, 1, 1
119, 2, 0, 1, 2
119, 2, 1, 0, 2
119, 2, 1, 0, 3
120, 1, 0, 1, 1
120, 2, 1, 0, 2
120, 2, 1, 0, 3
121, 2, 0, 1, 1
121, 2, 0, 1, 2
121, 2, 1, 0, 2
121, 2, 1, 0, 3
122, 2, 0, 1, 1
122, 2, 0, 1, 2
122, 2, 1, 0, 2
122, 2, 1, 0, 3
123, 2, 0, 1, 1
123, 2, 0, 1, 2
123, 2, 1, 0, 2
123, 2, 1, 0, 3
124, 2, 0, 1, 1
124, 2, 0, 1, 2
124, 2, 1, 0, 2
124, 2, 1, 0, 3
125, 3, 0, 1, 1
125, 3, 0, 1, 2
125, 3, 0, 1, 2
125, 3, 1, 0, 2
125, 3, 1, 0, 3
125, 3, 1, 0, 3
126, 3, 0, 1, 1
126, 3, 0, 1, 2
126, 3, 0, 1, 2
126, 3, 1, 0, 2
126, 3, 1, 0, 3
126, 3, 1, 0, 3
127, 3, 0, 1, 1
127, 3, 0, 1, 2
127, 3, 0, 1, 2
127, 3, 1, 0, 2
127, 3, 1, 0, 3
127, 3, 1, 0, 3
128, 3, 0, 1, 1
128, 3, 0, 1, 2
128, 3, 0, 1, 2
128, 3, 1, 0, 2
128, 3, 1, 0, 3
128, 3, 1, 0, 3
129, 3, 0, 1, 1
129, 3, 0, 1, 2
129, 3, 0, 1, 2
129, 3, 1, 0, 2
129, 3, 1, 0, 3
129, 3, 1, 0, 3
130, 3, 0, 1, 1
130, 3, 0, 1, 2
130, 3, 0, 1, 2
130, 3, 1, 0, 2
130, 3, 1, 0, 3
130, 3, 1, 0, 3
131, 1, 0, 1, 1
131, 3, 1, 0, 2
131, 3, 1, 0, 3
131, 3, 1, 0, 3
132, 1, 0, 1, 1
132, 3, 1, 0, 2
132, 3, 1, 0, 3
132, 3, 1, 0, 3
133, 1, 0, 1, 1
133, 3, 1, 0, 2
133, 3, 1, 0, 3
133, 3, 1, 0, 3
134, 3, 0, 1, 1
134, 3, 0, 1, 2
134, 3, 0, 1, 2
134, 2, 1, 0, 2
134, 2, 1, 0, 3
135, 3, 0, 1, 1
135, 3, 0, 1, 2
135, 3, 0, 1, 2
135, 3, 1, 0, 2
135, 3, 1, 0, 3
135, 3, 1, 0, 3
136, 3, 0, 1, 1
136, 3, 0, 1, 2
136, 3, 0, 1, 2
136, 2, 1, 0, 2
136, 2, 1, 0, 3
137, 3, 0, 1, 1
137, 3, 0, 1, 2
137, 3, 0, 1, 2
137, 3, 1, 0, 2
137, 3, 1, 0, 3
137, 3, 1, 0, 3
138, 3, 0, 1, 1
138, 3, 0, 1, 2
138, 3, 0, 1, 2
138, 2, 1, 0, 2
138, 2, 1, 0, 3
139, 2, 0, 1, 1
139, 2, 0, 1, 2
139, 3, 1, 0, 2
139, 3, 1, 0, 3
139, 3, 1, 0, 3
140, 3, 0, 1, 1
140, 3, 0, 1, 2
140, 3, 0, 1, 2
140, 2, 1, 0, 2
140, 2, 1, 0, 3
141, 1, 0, 1, 1
141, 3, 1, 0, 2
141, 3, 1, 0, 3
141, 3, 1, 0, 3
142, 1, 0, 1, 1
142, 3, 1, 0, 2
142, 3, 1, 0, 3
142, 3, 1, 0, 3
143, 2, 0, 1, 1
143, 2, 0, 1, 2
143, 3, 1, 0, 2
143, 3, 1, 0, 3
143, 3, 1, 0, 3
144, 2, 0, 1, 1
144, 2, 0, 1, 2
144, 3, 1, 0, 2
144, 3, 1, 0, 3
144, 3, 1, 0, 3
145, 2, 0, 1, 1
145, 2, 0, 1, 2
145, 3, 1, 0, 2
145, 3, 1, 0, 3
145, 3, 1, 0, 3
146, 3, 0, 1, 1
146, 3, 0, 1, 2
146, 3, 0, 1, 2
146, 3, 1, 0, 2
146, 3, 1, 0, 3
146, 3, 1, 0, 3
147, 3, 0, 1, 1
147, 3, 0, 1, 2
147, 3, 0, 1, 2
147, 3, 1, 0, 2
147, 3, 1, 0, 3
147, 3, 1, 0, 3
148, 3, 0, 1, 1
148, 3, 0, 1, 2
148, 3, 0, 1, 2
148, 3, 1, 0, 2
148, 3, 1, 0, 3
148, 3, 1, 0, 3
149, 1, 0, 1, 1
149, 4, 1, 0, 2
149, 4, 1, 0, 3
149, 4, 1, 0, 3
149, 4, 1, 0, 3
150, 1, 0, 1, 1
150, 3, 1, 0, 2
150, 3, 1, 0, 3
150, 3, 1, 0, 3
151, 3, 0, 1, 1
151, 3, 0, 1, 2
151, 3, 0, 1, 2
151, 3, 1, 0, 2
151, 3, 1, 0, 3
151, 3, 1, 0, 3
152, 3, 0, 1, 1
152, 3, 0, 1, 2
152, 3, 0, 1, 2
152, 3, 1, 0, 2
152, 3, 1, 0, 3
152, 3, 1, 0, 3
153, 3, 0, 1, 1
153, 3, 0, 1, 2
153, 3, 0, 1, 2
153, 3, 1, 0, 2
153, 3, 1, 0, 3
153, 3, 1, 0, 3
154, 3, 0, 1, 1
154, 3, 0, 1, 2
154, 3, 0, 1, 2
154, 3, 1, 0, 2
154, 3, 1, 0, 3
154, 3, 1, 0, 3
155, 3, 0, 1, 1
155, 3, 0, 1, 2
155, 3, 0, 1, 2
155, 3, 1, 0, 2
155, 3, 1, 0, 3
155, 3, 1, 0, 3
156, 3, 0, 1, 1
156, 3, 0, 1, 2
156, 3, 0, 1, 2
156, 3, 1, 0, 2
156, 3, 1, 0, 3
156, 3, 1, 0, 3
157, 3, 0, 1, 1
157, 3, 0, 1, 2
157, 3, 0, 1, 2
157, 3, 1, 0, 2
157, 3, 1, 0, 3
157, 3, 1, 0, 3
158, 3, 0, 1, 1
158, 3, 0, 1, 2
158, 3, 0, 1, 2
158, 3, 1, 0, 2
158, 3, 1, 0, 3
158, 3, 1, 0, 3
159, 4, 0, 1, 1
159, 4, 0, 1, 2
159, 4, 0, 1, 2
159, 4, 0, 1, 2
159, 3, 1, 0, 2
159, 3, 1, 0, 3
159, 3, 1, 0, 3
160, 4, 0, 1, 1
160, 4, 0, 1, 2
160, 4, 0, 1, 2
160, 4, 0, 1, 2
160, 4, 1, 0, 2
160, 4, 1, 0, 3
160, 4, 1, 0, 3
160, 4, 1, 0, 3
161, 4, 0, 1, 1
161, 4, 0, 1, 2
161, 4, 0, 1, 2
161, 4, 0, 1, 2
161, 4, 1, 0, 2
161, 4, 1, 0, 3
161, 4, 1, 0, 3
161, 4, 1, 0, 3
162, 4, 0, 1, 1
162, 4, 0, 1, 2
162, 4, 0, 1, 2
162, 4, 0, 1, 2
162, 4, 1, 0, 2
162, 4, 1, 0, 3
162, 4, 1, 0, 3
162, 4, 1, 0, 3
163, 5, 0, 1, 1
163, 5, 0, 1, 2
163, 5, 0, 1, 2
163, 5, 0, 1, 2
163, 5, 0, 1, 2
163, 4, 1, 0, 2
163, 4, 1, 0, 3
163, 4, 1, 0, 3
163, 4, 1, 0, 3
164, 1, 0, 1, 3
164, 1, 1, 0, 2
165, 1, 0, 1, 3
165, 1, 1, 0, 2
166, 1, 0, 1, 3
166, 1, 1, 0, 2
167, 1, 0, 1, 1
167, 1, 1, 0, 4
168, 1, 0, 1, 3
168, 1, 1, 0, 2
169, 1, 0, 1, 3
169, 1, 1, 0, 2
170, 1, 0, 1, 3
170, 1, 1, 0, 2
171, 1, 0, 1, 1
171, 1, 1, 0, 4
172, 1, 0, 1, 2
172, 2, 1, 0, 2
172, 2, 1, 0, 3
173, 1, 0, 1, 2
173, 2, 1, 0, 2
173, 2, 1, 0, 3
174, 2, 0, 1, 1
174, 2, 0, 1, 2
174, 1, 1, 0, 3
175, 1, 0, 1, 2
175, 2, 1, 0, 2
175, 2, 1, 0, 3
176, 2, 0, 1, 1
176, 2, 0, 1, 2
176, 3, 1, 0, 2
176, 3, 1, 0, 2
176, 3, 1, 0, 3
177, 1, 0, 1, 2
177, 3, 1, 0, 2
177, 3, 1, 0, 3
177, 3, 1, 0, 3
178, 3, 0, 1, 1
178, 3, 0, 1, 2
178, 3, 0, 1, 2
178, 1, 1, 0, 3
179, 1, 0, 1, 2
179, 3, 1, 0, 2
179, 3, 1, 0, 3
179, 3, 1, 0, 3
180, 1, 0, 1, 2
180, 3, 1, 0, 2
180, 3, 1, 0, 3
180, 3, 1, 0, 3
181, 3, 0, 1, 1
181, 3, 0, 1, 2
181, 3, 0, 1, 2
181, 1, 1, 0, 3
182, 3, 0, 1, 1
182, 3, 0, 1, 2
182, 3, 0, 1, 2
182, 3, 1, 0, 2
182, 3, 1, 0, 2
182, 3, 1, 0, 3
183, 3, 0, 1, 1
183, 3, 0, 1, 2
183, 3, 0, 1, 2
183, 3, 1, 0, 2
183, 3, 1, 0, 2
183, 3, 1, 0, 3
184, 3, 0, 1, 1
184, 3, 0, 1, 2
184, 3, 0, 1, 2
184, 3, 1, 0, 2
184, 3, 1, 0, 2
184, 3, 1, 0, 3
185, 1, 0, 1, 2
185, 3, 1, 0, 2
185, 3, 1, 0, 3
185, 3, 1, 0, 3
186, 3, 0, 1, 1
186, 3, 0, 1, 2
186, 3, 0, 1, 2
186, 1, 1, 0, 3
187, 3, 0, 1, 1
187, 3, 0, 1, 2
187, 3, 0, 1, 2
187, 1, 1, 0, 3
188, 1, 0, 1, 2
188, 4, 1, 0, 2
188, 4, 1, 0, 3
188, 4, 1, 0, 3
188, 4, 1, 0, 3
189, 1, 0, 1, 2
189, 4, 1, 0, 2
189, 4, 1, 0, 3
189, 4, 1, 0, 3
189, 4, 1, 0, 3
190, 3, 0, 1, 1
190, 3, 0, 1, 2
190, 3, 0, 1, 2
190, 4, 1, 0, 2
190, 4, 1, 0, 2
190, 4, 1, 0, 3
190, 4, 1, 0, 3
191, 4, 0, 1, 1
191, 4, 0, 1, 2
191, 4, 0, 1, 2
191, 4, 0, 1, 2
191, 3, 1, 0, 2
191, 3, 1, 0, 2
191, 3, 1, 0, 3
192, 3, 0, 1, 1
192, 3, 0, 1, 2
192, 3, 0, 1, 2
192, 4, 1, 0, 2
192, 4, 1, 0, 2
192, 4, 1, 0, 3
192, 4, 1, 0, 3
193, 3, 0, 1, 1
193, 3, 0, 1, 2
193, 3, 0, 1, 2
193, 4, 1, 0, 2
193, 4, 1, 0, 2
193, 4, 1, 0, 3
193, 4, 1, 0, 3
194, 3, 0, 1, 1
194, 3, 0, 1, 2
194, 3, 0, 1, 2
194, 4, 1, 0, 2
194, 4, 1, 0, 2
194, 4, 1, 0, 3
194, 4, 1, 0, 3
195, 3, 0, 1, 1
195, 3, 0, 1, 2
195, 3, 0, 1, 2
195, 5, 1, 0, 2
195, 5, 1, 0, 2
195, 5, 1, 0, 3
195, 5, 1, 0, 3
195, 5, 1, 0, 3
196, 1, 0, 1, 2
196, 3, 1, 0, 2
196, 3, 1, 0, 3
196, 3, 1, 0, 3
197, 4, 0, 1, 1
197, 4, 0, 1, 2
197, 4, 0, 1, 2
197, 4, 0, 1, 2
197, 5, 1, 0, 2
197, 5, 1, 0, 2
197, 5, 1, 0, 3
197, 5, 1, 0, 3
197, 5, 1, 0, 3
198, 4, 0, 1, 1
198, 4, 0, 1, 2
198, 4, 0, 1, 2
198, 4, 0, 1, 2
198, 5, 1, 0, 2
198, 5, 1, 0, 2
198, 5, 1, 0, 3
198, 5, 1, 0, 3
198, 5, 1, 0, 3
199, 4, 0, 1, 1
199, 4, 0, 1, 2
199, 4, 0, 1, 2
199, 4, 0, 1, 2
199, 6, 1, 0, 2
199, 6, 1, 0, 2
199, 6, 1, 0, 3
199, 6, 1, 0, 3
199, 6, 1, 0, 3
199, 6, 1, 0, 3
200, 2, 0, 1, 1
200, 2, 0, 1, 2
200, 4, 1, 0, 2
200, 4, 1, 0, 2
200, 4, 1, 0, 2
200, 4, 1, 0, 3
201, 1, 0, 1, 4
201, 1, 1, 0, 2
202, 1, 0, 1, 4
202, 1, 1, 0, 2
203, 1, 0, 1, 4
203, 1, 1, 0, 2
204, 1, 0, 1, 3
204, 2, 1, 0, 2
204, 2, 1, 0, 3
205, 1, 0, 1, 3
205, 2, 1, 0, 2
205, 2, 1, 0, 3
206, 1, 0, 1, 3
206, 2, 1, 0, 2
206, 2, 1, 0, 3
207, 2, 0, 1, 1
207, 2, 0, 1, 2
207, 1, 1, 0, 4
208, 1, 0, 1, 3
208, 2, 1, 0, 2
208, 2, 1, 0, 3
209, 1, 0, 1, 3
209, 2, 1, 0, 2
209, 2, 1, 0, 3
210, 1, 0, 1, 3
210, 2, 1, 0, 2
210, 2, 1, 0, 3
211, 2, 0, 1, 1
211, 2, 0, 1, 2
211, 1, 1, 0, 4
212, 1, 0, 1, 3
212, 2, 1, 0, 2
212, 2, 1, 0, 3
213, 1, 0, 1, 3
213, 2, 1, 0, 2
213, 2, 1, 0, 3
214, 1, 0, 1, 3
214, 2, 1, 0, 2
214, 2, 1, 0, 3
215, 2, 0, 1, 1
215, 2, 0, 1, 2
215, 1, 1, 0, 4
216, 1, 0, 1, 3
216, 2, 1, 0, 2
216, 2, 1, 0, 3
217, 1, 0, 1, 3
217, 3, 1, 0, 2
217, 3, 1, 0, 3
217, 3, 1, 0, 3
218, 3, 0, 1, 1
218, 3, 0, 1, 2
218, 3, 0, 1, 2
218, 1, 1, 0, 4
219, 1, 0, 1, 3
219, 3, 1, 0, 2
219, 3, 1, 0, 3
219, 3, 1, 0, 3
220, 1, 0, 1, 3
220, 3, 1, 0, 2
220, 3, 1, 0, 3
220, 3, 1, 0, 3
221, 3, 0, 1, 1
221, 3, 0, 1, 2
221, 3, 0, 1, 2
221, 1, 1, 0, 4
222, 1, 0, 1, 3
222, 3, 1, 0, 2
222, 3, 1, 0, 3
222, 3, 1, 0, 3
223, 1, 0, 1, 3
223, 3, 1, 0, 2
223, 3, 1, 0, 3
223, 3, 1, 0, 3
224, 1, 0, 1, 3
224, 3, 1, 0, 2
224, 3, 1, 0, 3
224, 3, 1, 0, 3
225, 3, 0, 1, 1
225, 3, 0, 1, 2
225, 3, 0, 1, 2
225, 1, 1, 0, 4
226, 1, 0, 1, 3
226, 3, 1, 0, 2
226, 3, 1, 0, 3
226, 3, 1, 0, 3
227, 1, 0, 1, 3
227, 3, 1, 0, 2
227, 3, 1, 0, 3
227, 3, 1, 0, 3
228, 3, 0, 1, 1
228, 3, 0, 1, 2
228, 3, 0, 1, 2
228, 1, 1, 0, 4
229, 1, 0, 1, 3
229, 3, 1, 0, 2
229, 3, 1, 0, 3
229, 3, 1, 0, 3
230, 1, 0, 1, 3
230, 3, 1, 0, 2
230, 3, 1, 0, 3
230, 3, 1, 0, 3
231, 1, 0, 1, 3
231, 3, 1, 0, 2
231, 3, 1, 0, 3
231, 3, 1, 0, 3
232, 3, 0, 1, 1
232, 3, 0, 1, 2
232, 3, 0, 1, 2
232, 5, 1, 0, 2
232, 5, 1, 0, 2
232, 5, 1, 0, 2
232, 5, 1, 0, 3
232, 5, 1, 0, 3
233, 3, 0, 1, 1
233, 3, 0, 1, 2
233, 3, 0, 1, 2
233, 5, 1, 0, 2
233, 5, 1, 0, 2
233, 5, 1, 0, 2
233, 5, 1, 0, 3
233, 5, 1, 0, 3
234, 1, 0, 1, 4
234, 2, 1, 0, 2
234, 2, 1, 0, 3
235, 2, 0, 1, 1
235, 2, 0, 1, 2
235, 1, 1, 0, 5
236, 1, 0, 1, 4
236, 2, 1, 0, 2
236, 2, 1, 0, 3
237, 1, 0, 1, 4
237, 2, 1, 0, 2
237, 2, 1, 0, 3
238, 1, 0, 1, 4
238, 2, 1, 0, 2
238, 2, 1, 0, 3
239, 1, 0, 1, 4
239, 2, 1, 0, 2
239, 2, 1, 0, 3
240, 2, 0, 1, 1
240, 2, 0, 1, 2
240, 1, 1, 0, 5
241, 1, 0, 1, 4
241, 2, 1, 0, 2
241, 2, 1, 0, 3
242, 1, 0, 1, 4
242, 2, 1, 0, 2
242, 2, 1, 0, 3
243, 1, 0, 1, 4
243, 2, 1, 0, 2
243, 2, 1, 0, 3
244, 1, 0, 1, 4
244, 2, 1, 0, 2
244, 2, 1, 0, 3
245, 2, 0, 1, 1
245, 2, 0, 1, 2
245, 1, 1, 0, 5
246, 1, 0, 1, 4
246, 2, 1, 0, 2
246, 2, 1, 0, 3
247, 1, 0, 1, 4
247, 2, 1, 0, 2
247, 2, 1, 0, 3
248, 1, 0, 1, 4
248, 2, 1, 0, 2
248, 2, 1, 0, 3
249, 1, 0, 1, 4
249, 2, 1, 0, 2
249, 2, 1, 0, 3
250, 2, 0, 1, 1
250, 2, 0, 1, 2
250, 1, 1, 0, 5
251, 2, 0, 1, 1
251, 2, 0, 1, 2
251, 1, 1, 0, 5
252, 1, 0, 1, 4
252, 3, 1, 0, 2
252, 3, 1, 0, 3
252, 3, 1, 0, 3
253, 1, 0, 1, 4
253, 3, 1, 0, 2
253, 3, 1, 0, 3
253, 3, 1, 0, 3
254, 1, 0, 1, 4
254, 3, 1, 0, 2
254, 3, 1, 0, 3
254, 3, 1, 0, 3
255, 1, 0, 1, 4
255, 3, 1, 0, 2
255, 3, 1, 0, 3
255, 3, 1, 0, 3
256, 3, 0, 1, 1
256, 3, 0, 1, 2
256, 3, 0, 1, 2
256, 1, 1, 0, 5
257, 1, 0, 1, 4
257, 3, 1, 0, 2
257, 3, 1, 0, 3
257, 3, 1, 0, 3
258, 1, 0, 1, 4
258, 3, 1, 0, 2
258, 3, 1, 0, 3
258, 3, 1, 0, 3
259, 1, 0, 1, 4
259, 3, 1, 0, 2
259, 3, 1, 0, 3
259, 3, 1, 0, 3
260, 1, 0, 1, 4
260, 3, 1, 0, 2
260, 3, 1, 0, 3
260, 3, 1, 0, 3
261, 3, 0, 1, 1
261, 3, 0, 1, 2
261, 3, 0, 1, 2
261, 1, 1, 0, 5
262, 1, 0, 1, 4
262, 3, 1, 0, 2
262, 3, 1, 0, 3
262, 3, 1, 0, 3
263, 1, 0, 1, 4
263, 3, 1, 0, 2
263, 3, 1, 0, 3
263, 3, 1, 0, 3
264, 1, 0, 1, 4
264, 3, 1, 0, 2
264, 3, 1, 0, 3
264, 3, 1, 0, 3
265, 1, 0, 1, 4
265, 3, 1, 0, 2
265, 3, 1, 0, 3
265, 3, 1, 0, 3
266, 4, 0, 1, 1
266, 4, 0, 1, 2
266, 4, 0, 1, 2
266, 4, 0, 1, 2
266, 7, 1, 0, 2
266, 7, 1, 0, 2
266, 7, 1, 0, 2
266, 7, 1, 0, 2
266, 7, 1, 0, 3
266, 7, 1, 0, 3
266, 7, 1, 0, 3
267, 2, 0, 111, 2
267, 2, 0, 111, 2
267, 2, 1, 12, 2
267, 2, 1, 12, 2
267, 2, 2, 3, 2
267, 2, 2, 3, 2
267, 2, 3, 4, 2
267, 2, 3, 4, 2
267, 2, 4, 5, 2
267, 2, 4, 5, 2
267, 2, 5, 6, 2
267, 2, 5, 6, 2
267, 2, 6, 7, 2
267, 2, 6, 7, 2
267, 2, 7, 8, 2
267, 2, 7, 8, 2
267, 2, 8, 9, 2
267, 2, 8, 9, 2
267, 2, 9, 10, 2
267, 2, 9, 10, 2
267, 2, 10, 11, 2
267, 2, 10, 11, 2
267, 2, 11, 13, 2
267, 2, 11, 13, 2
267, 2, 12, 23, 2
267, 2, 12, 23, 2
267, 2, 13, 14, 2
267, 2, 13, 14, 2
267, 2, 14, 15, 2
267, 2, 14, 15, 2
267, 2, 15, 16, 2
267, 2, 15, 16, 2
267, 2, 16, 17, 2
267, 2, 16, 17, 2
267, 2, 17, 18, 2
267, 2, 17, 18, 2
267, 2, 18, 19, 2
267, 2, 18, 19, 2
267, 2, 19, 20, 2
267, 2, 19, 20, 2
267, 2, 20, 21, 2
267, 2, 20, 21, 2
267, 2, 21, 22, 2
267, 2, 21, 22, 2
267, 2, 22, 24, 2
267, 2, 22, 24, 2
267, 2, 23, 34, 2
267, 2, 23, 34, 2
267, 2, 24, 25, 2
267, 2, 24, 25, 2
267, 2, 25, 26, 2
267, 2, 25, 26, 2
267, 2, 26, 27, 2
267, 2, 26, 27, 2
267, 2, 27, 28, 2
267, 2, 27, 28, 2
267, 2, 28, 29, 2
267, 2, 28, 29, 2
267, 2, 29, 30, 2
267, 2, 29, 30, 2
267, 2, 30, 31, 2
267, 2, 30, 31, 2
267, 2, 31, 32, 2
267, 2, 31, 32, 2
267, 2, 32, 33, 2
267, 2, 32, 33, 2
267, 2, 33, 35, 2
267, 2, 33, 35, 2
267, 2, 34, 45, 2
267, 2, 34, 45, 2
267, 2, 35, 36, 2
267, 2, 35, 36, 2
267, 2, 36, 37, 2
267, 2, 36, 37, 2
267, 2, 37, 38, 2
267, 2, 37, 38, 2
267, 2, 38, 39, 2
267, 2, 38, 39, 2
267, 2, 39, 40, 2
267, 2, 39, 40, 2
267, 2, 40, 41, 2
267, 2, 40, 41, 2
267, 2, 41, 42, 2
267, 2, 41, 42, 2
267, 2, 42, 43, 2
267, 2, 42, 43, 2
267, 2, 43, 44, 2
267, 2, 43, 44, 2
267, 2, 44, 46, 2
267, 2, 44, 46, 2
267, 2, 45, 56, 2
267, 2, 45, 56, 2
267, 2, 46, 47, 2
267, 2, 46, 47, 2
267, 2, 47, 48, 2
267, 2, 47, 48, 2
267, 2, 48, 49, 2
267, 2, 48, 49, 2
267, 2, 49, 50, 2
267, 2, 49, 50, 2
267, 2, 50, 51, 2
267, 2, 50, 51, 2
267, 2, 51, 52, 2
267, 2, 51, 52, 2
267, 2, 52, 53, 2
267, 2, 52, 53, 2
267, 2, 53, 54, 2
267, 2, 53, 54, 2
267, 2, 54, 55, 2
267, 2, 54, 55, 2
267, 2, 55, 57, 2
267, 2, 55, 57, 2
267, 2, 56, 67, 2
267, 2, 56, 67, 2
267, 2, 57, 58, 2
267, 2, 57, 58, 2
267, 2, 58, 59, 2
267, 2, 58, 59, 2
267, 2, 59, 60, 2
267, 2, 59, 60, 2
267, 2, 60, 61, 2
267, 2, 60, 61, 2
267, 2, 61, 62, 2
267, 2, 61, 62, 2
267, 2, 62, 63, 2
267, 2, 62, 63, 2
267, 2, 63, 64, 2
267, 2, 63, 64, 2
267, 2, 64, 65, 2
267, 2, 64, 65, 2
267, 2, 65, 66, 2
267, 2, 65, 66, 2
267, 2, 66, 68, 2
267, 2, 66, 68, 2
267, 2, 67, 78, 2
267, 2, 67, 78, 2
267, 2, 68, 69, 2
267, 2, 68, 69, 2
267, 2, 69, 70, 2
267, 2, 69, 70, 2
267, 2, 70, 71, 2
267, 2, 70, 71, 2
267, 2, 71, 72, 2
267, 2, 71, 72, 2
267, 2, 72, 73, 2
267, 2, 72, 73, 2
267, 2, 73, 74, 2
267, 2, 73, 74, 2
267, 2, 74, 75, 2
267, 2, 74, 75, 2
267, 2, 75, 76, 2
267, 2, 75, 76, 2
267, 2, 76, 77, 2
267, 2, 76, 77, 2
267, 2, 77, 79, 2
267, 2, 77, 79, 2
267, 2, 78, 89, 2
267, 2, 78, 89, 2
267, 2, 79, 80, 2
267, 2, 79, 80, 2
267, 2, 80, 81, 2
267, 2, 80, 81, 2
267, 2, 81, 82, 2
267, 2, 81, 82, 2
267, 2, 82, 83, 2
267, 2, 82, 83, 2
267, 2, 83, 84, 2
267, 2, 83, 84, 2
267, 2, 84, 85, 2
267, 2, 84, 85, 2
267, 2, 85, 86, 2
267, 2, 85, 86, 2
267, 2, 86, 87, 2
267, 2, 86, 87, 2
267, 2, 87, 88, 2
267, 2, 87, 88, 2
267, 2, 88, 90, 2
267, 2, 88, 90, 2
267, 2, 89, 100, 2
267, 2, 89, 100, 2
267, 2, 90, 91, 2
267, 2, 90, 91, 2
267, 2, 91, 92, 2
267, 2, 91, 92, 2
267, 2, 92, 93, 2
267, 2, 92, 93, 2
267, 2, 93, 94, 2
267, 2, 93, 94, 2
267, 2, 94, 95, 2
267, 2, 94, 95, 2
267, 2, 95, 96, 2
267, 2, 95, 96, 2
267, 2, 96, 97, 2
267, 2, 96, 97, 2
267, 2, 97, 98, 2
267, 2, 97, 98, 2
267, 2, 98, 99, 2
267, 2, 98, 99, 2
267, 2, 99, 101, 2
267, 2, 99, 101, 2
267, 2, 100, 112, 2
267, 2, 100, 112, 2
267, 2, 101, 102, 2
267, 2, 101, 102, 2
267, 2, 102, 103, 2
267, 2, 102, 103, 2
267, 2, 103, 104, 2
267, 2, 103, 104, 2
267, 2, 104, 105, 2
267, 2, 104, 105, 2
267, 2, 105, 106, 2
267, 2, 105, 106, 2
267, 2, 106, 107, 2
267, 2, 106, 107, 2
267, 2, 107, 108, 2
267, 2, 107, 108, 2
267, 2, 108, 109, 2
267, 2, 108, 109, 2
267, 2, 109, 110, 2
267, 2, 109, 110, 2
267, 2, 110, 113, 2
267, 2, 110, 113, 2
267, 2, 111, 177, 2
267, 2, 111, 177, 2
267, 2, 112, 123, 2
267, 2, 112, 123, 2
267, 2, 113, 114, 2
267, 2, 113, 114, 2
267, 2, 114, 115, 2
267, 2, 114, 115, 2
267, 2, 115, 116, 2
267, 2, 115, 116, 2
267, 2, 116, 117, 2
267, 2, 116, 117, 2
267, 2, 117, 118, 2
267, 2, 117, 118, 2
267, 2, 118, 119, 2
267, 2, 118, 119, 2
267, 2, 119, 120, 2
267, 2, 119, 120, 2
267, 2, 120, 121, 2
267, 2, 120, 121, 2
267, 2, 121, 122, 2
267, 2, 121, 122, 2
267, 2, 122, 124, 2
267, 2, 122, 124, 2
267, 2, 123, 134, 2
267, 2, 123, 134, 2
267, 2, 124, 125, 2
267, 2, 124, 125, 2
267, 2, 125, 126, 2
267, 2, 125, 126, 2
267, 2, 126, 127, 2
267, 2, 126, 127, 2
267, 2, 127, 128, 2
267, 2, 127, 128, 2
267, 2, 128, 129, 2
267, 2, 128, 129, 2
267, 2, 129, 130, 2
267, 2, 129, 130, 2
267, 2, 130, 131, 2
267, 2, 130, 131, 2
267, 2, 131, 132, 2
267, 2, 131, 132, 2
267, 2, 132, 133, 2
267, 2, 132, 133, 2
267, 2, 133, 135, 2
267, 2, 133, 135, 2
267, 2, 134, 145, 2
267, 2, 134, 145, 2
267, 2, 135, 136, 2
267, 2, 135, 136, 2
267, 2, 136, 137, 2
267, 2, 136, 137, 2
267, 2, 137, 138, 2
267, 2, 137, 138, 2
267, 2, 138, 139, 2
267, 2, 138, 139, 2
267, 2, 139, 140, 2
267, 2, 139, 140, 2
267, 2, 140, 141, 2
267, 2, 140, 141, 2
267, 2, 141, 142, 2
267, 2, 141, 142, 2
267, 2, 142, 143, 2
267, 2, 142, 143, 2
267, 2, 143, 144, 2
267, 2, 143, 144, 2
267, 2, 144, 146, 2
267, 2, 144, 146, 2
267, 2, 145, 156, 2
267, 2, 145, 156, 2
267, 2, 146, 147, 2
267, 2, 146, 147, 2
267, 2, 147, 148, 2
267, 2, 147, 148, 2
267, 2, 148, 149, 2
267, 2, 148, 149, 2
267, 2, 149, 150, 2
267, 2, 149, 150, 2
267, 2, 150, 151, 2
267, 2, 150, 151, 2
267, 2, 151, 152, 2
267, 2, 151, 152, 2
267, 2, 152, 153, 2
267, 2, 152, 153, 2
267, 2, 153, 154, 2
267, 2, 153, 154, 2
267, 2, 154, 155, 2
267, 2, 154, 155, 2
267, 2, 155, 157, 2
267, 2, 155, 157, 2
267, 2, 156, 167, 2
267, 2, 156, 167, 2
267, 2, 157, 158, 2
267, 2, 157, 158, 2
267, 2, 158, 159, 2
267, 2, 158, 159, 2
267, 2, 159, 160, 2
267, 2, 159, 160, 2
267, 2, 160, 161, 2
267, 2, 160, 161, 2
267, 2, 161, 162, 2
267, 2, 161, 162, 2
267, 2, 162, 163, 2
267, 2, 162, 163, 2
267, 2, 163, 164, 2
267, 2, 163, 164, 2
267, 2, 164, 165, 2
267, 2, 164, 165, 2
267, 2, 165, 166, 2
267, 2, 165, 166, 2
267, 2, 166, 168, 2
267, 2, 166, 168, 2
267, 2, 167, 173, 2
267, 2, 167, 173, 2
267, 2, 168, 169, 2
267, 2, 168, 169, 2
267, 2, 169, 170, 2
267, 2, 169, 170, 2
267, 2, 170, 171, 2
267, 2, 170, 171, 2
267, 2, 171, 172, 2
267, 2, 171, 172, 2
267, 2, 172, 254, 2
267, 2, 172, 254, 2
267, 2, 173, 174, 2
267, 2, 173, 174, 2
267, 2, 174, 175, 2
267, 2, 174, 175, 2
267, 2, 175, 176, 2
267, 2, 175, 176, 2
267, 2, 176, 178, 2
267, 2, 176, 178, 2
267, 2, 177, 188, 2
267, 2, 177, 188, 2
267, 2, 178, 179, 2
267, 2, 178, 179, 2
267, 2, 179, 180, 2
267, 2, 179, 180, 2
267, 2, 180, 181, 2
267, 2, 180, 181, 2
267, 2, 181, 182, 2
267, 2, 181, 182, 2
267, 2, 182, 183, 2
267, 2, 182, 183, 2
267, 2, 183, 184, 2
267, 2, 183, 184, 2
267, 2, 184, 185, 2
267, 2, 184, 185, 2
267, 2, 185, 186, 2
267, 2, 185, 186, 2
267, 2, 186, 187, 2
267, 2, 186, 187, 2
267, 2, 187, 189, 2
267, 2, 187, 189, 2
267, 2, 188, 199, 2
267, 2, 188, 199, 2
267, 2, 189, 190, 2
267, 2, 189, 190, 2
267, 2, 190, 191, 2
267, 2, 190, 191, 2
267, 2, 191, 192, 2
267, 2, 191, 192, 2
267, 2, 192, 193, 2
267, 2, 192, 193, 2
267, 2, 193, 194, 2
267, 2, 193, 194, 2
267, 2, 194, 195, 2
267, 2, 194, 195, 2
267, 2, 195, 196, 2
267, 2, 195, 196, 2
267, 2, 196, 197, 2
267, 2, 196, 197, 2
267, 2, 197, 198, 2
267, 2, 197, 198, 2
267, 2, 198, 200, 2
267, 2, 198, 200, 2
267, 2, 199, 210, 2
267, 2, 199, 210, 2
267, 2, 200, 201, 2
267, 2, 200, 201, 2
267, 2, 201, 202, 2
267, 2, 201, 202, 2
267, 2, 202, 203, 2
267, 2, 202, 203, 2
267, 2, 203, 204, 2
267, 2, 203, 204, 2
267, 2, 204, 205, 2
267, 2, 204, 205, 2
267, 2, 205, 206, 2
267, 2, 205, 206, 2
267, 2, 206, 207, 2
267, 2, 206, 207, 2
267, 2, 207, 208, 2
267, 2, 207, 208, 2
267, 2, 208, 209, 2
267, 2, 208, 209, 2
267, 2, 209, 211, 2
267, 2, 209, 211, 2
267, 2, 210, 221, 2
267, 2, 210, 221, 2
267, 2, 211, 212, 2
267, 2, 211, 212, 2
267, 2, 212, 213, 2
267, 2, 212, 213, 2
267, 2, 213, 214, 2
267, 2, 213, 214, 2
267, 2, 214, 215, 2
267, 2, 214, 215, 2
267, 2, 215, 216, 2
267, 2, 215, 216, 2
267, 2, 216, 217, 2
267, 2, 216, 217, 2
267, 2, 217, 218, 2
267, 2, 217, 218, 2
267, 2, 218, 219, 2
267, 2, 218, 219, 2
267, 2, 219, 220, 2
267, 2, 219, 220, 2
267, 2, 220, 222, 2
267, 2, 220, 222, 2
267, 2, 221, 232, 2
267, 2, 221, 232, 2
267, 2, 222, 223, 2
267, 2, 222, 223, 2
267, 2, 223, 224, 2
267, 2, 223, 224, 2
267, 2, 224, 225, 2
267, 2, 224, 225, 2
267, 2, 225, 226, 2
267, 2, 225, 226, 2
267, 2, 226, 227, 2
267, 2, 226, 227, 2
267, 2, 227, 228, 2
267, 2, 227, 228, 2
267, 2, 228, 229, 2
267, 2, 228, 229, 2
267, 2, 229, 230, 2
267, 2, 229, 230, 2
267, 2, 230, 231, 2
267, 2, 230, 231, 2
267, 2, 231, 233, 2
267, 2, 231, 233, 2
267, 2, 232, 243, 2
267, 2, 232, 243, 2
267, 2, 233, 234, 2
267, 2, 233, 234, 2
267, 2, 234, 235, 2
267, 2, 234, 235, 2
267, 2, 235, 236, 2
267, 2, 235, 236, 2
267, 2, 236, 237, 2
267, 2, 236, 237, 2
267, 2, 237, 238, 2
267, 2, 237, 238, 2
267, 2, 238, 239, 2
267, 2, 238, 239, 2
267, 2, 239, 240, 2
267, 2, 239, 240, 2
267, 2, 240, 241, 2
267, 2, 240, 241, 2
267, 2, 241, 242, 2
267, 2, 241, 242, 2
267, 2, 242, 244, 2
267, 2, 242, 244, 2
267, 2, 243, 1, 2
267, 2, 243, 1, 2
267, 2, 244, 245, 2
267, 2, 244, 245, 2
267, 2, 245, 246, 2
267, 2, 245, 246, 2
267, 2, 246, 247, 2
267, 2, 246, 247, 2
267, 2, 247, 248, 2
267, 2, 247, 248, 2
267, 2, 248, 249, 2
267, 2, 248, 249, 2
267, 2, 249, 250, 2
267, 2, 249, 250, 2
267, 2, 250, 251, 2
267, 2, 250, 251, 2
267, 2, 251, 252, 2
267, 2, 251, 252, 2
267, 2, 252, 253, 2
267, 2, 252, 253, 2
267, 2, 253, 2, 2
267, 2, 253, 2, 2
268, 3, 1, 0, 2
268, 3, 1, 0, 3
268, 3, 1, 0, 3
Goal
1
2
3
4
5
6
7
8
9
10
11
12
13
14
15
16
17
18
19
20
21
22
23
24
25
26
27
28
29
30
31
32
33
34
35
36
37
38
39
40
41
42
43
44
45
46
47
48
49
50
51
52
53
54
55
56
57
58
59
60
61
62
63
64
65
66
67
68
69
70
71
72
73
74
75
76
77
78
79
80
81
82
83
84
85
86
87
88
89
90
91
92
93
94
95
96
97
98
99
100
101
102
103
104
105
106
107
108
109
110
111
112
113
114
115
116
117
118
119
120
121
122
123
124
125
126
127
128
129
130
131
132
133
134
135
136
137
138
139
140
141
142
143
144
145
146
147
148
149
150
151
152
153
154
155
156
157
158
159
160
161
162
163
164
165
166
167
168
169
170
171
172
173
174
175
176
177
178
179
180
181
182
183
184
185
186
187
188
189
190
191
192
193
194
195
196
197
198
199
200
201
202
203
204
205
206
207
208
209
210
211
212
213
214
215
216
217
218
219
220
221
222
223
224
225
226
227
228
229
230
231
232
233
234
235
236
237
238
239
240
241
242
243
244
245
246
247
248
249
250
251
252
253
254
255
256
257
258
259
260
261
262
263
264
265
266
267
268
