CG
8
0, 5, 4, 160
0, 5, 5, 160
0, 5, 6, 160
0, 5, 7, 160
0, 5, 3, 640
1, 5, 4, 160
1, 5, 5, 160
1, 5, 6, 160
1, 5, 7, 160
1, 5, 2, 640
2, 4, 4, 160
2, 4, 5, 160
2, 4, 6, 160
2, 4, 7, 160
3, 4, 4, 160
3, 4, 5, 160
3, 4, 6, 160
3, 4, 7, 160
4, 2, 2, 160
4, 2, 3, 160
5, 2, 2, 160
5, 2, 3, 160
6, 2, 2, 160
6, 2, 3, 160
7, 2, 2, 160
7, 2, 3, 160
DTG
0, 2, 0, 6, 1
0, 2, 0, 9, 1
0, 2, 1, 2, 1
0, 2, 1, 11, 1
0, 2, 2, 1, 1
0, 2, 2, 9, 1
0, 4, 3, 4, 1
0, 4, 3, 5, 1
0, 4, 3, 6, 1
0, 4, 3, 7, 1
0, 4, 4, 3, 1
0, 4, 4, 5, 1
0, 4, 4, 7, 1
0, 4, 4, 8, 1
0, 5, 5, 3, 1
0, 5, 5, 4, 1
0, 5, 5, 6, 1
0, 5, 5, 7, 1
0, 5, 5, 9, 1
0, 5, 6, 0, 1
0, 5, 6, 3, 1
0, 5, 6, 5, 1
0, 5, 6, 7, 1
0, 5, 6, 9, 1
0, 5, 7, 3, 1
0, 5, 7, 4, 1
0, 5, 7, 5, 1
0, 5, 7, 6, 1
0, 5, 7, 9, 1
0, 1, 8, 4, 1
0, 5, 9, 0, 1
0, 5, 9, 2, 1
0, 5, 9, 5, 1
0, 5, 9, 6, 1
0, 5, 9, 7, 1
0, 4, 10, 13, 1
0, 4, 10, 14, 1
0, 4, 10, 15, 1
0, 4, 10, 16, 1
0, 4, 11, 1, 1
0, 4, 11, 12, 1
0, 4, 11, 17, 1
0, 4, 11, 18, 1
0, 3, 12, 11, 1
0, 3, 12, 17, 1
0, 3, 12, 18, 1
0, 3, 13, 10, 1
0, 3, 13, 16, 1
0, 3, 13, 17, 1
0, 1, 14, 10, 1
0, 2, 15, 10, 1
0, 2, 15, 19, 1
0, 2, 16, 10, 1
0, 2, 16, 13, 1
0, 4, 17, 11, 1
0, 4, 17, 12, 1
0, 4, 17, 13, 1
0, 4, 17, 18, 1
0, 3, 18, 11, 1
0, 3, 18, 12, 1
0, 3, 18, 17, 1
0, 1, 19, 15, 1
1, 2, 0, 6, 1
1, 2, 0, 9, 1
1, 2, 1, 2, 1
1, 2, 1, 11, 1
1, 2, 2, 1, 1
1, 2, 2, 9, 1
1, 4, 3, 4, 1
1, 4, 3, 5, 1
1, 4, 3, 6, 1
1, 4, 3, 7, 1
1, 4, 4, 3, 1
1, 4, 4, 5, 1
1, 4, 4, 7, 1
1, 4, 4, 8, 1
1, 5, 5, 3, 1
1, 5, 5, 4, 1
1, 5, 5, 6, 1
1, 5, 5, 7, 1
1, 5, 5, 9, 1
1, 5, 6, 0, 1
1, 5, 6, 3, 1
1, 5, 6, 5, 1
1, 5, 6, 7, 1
1, 5, 6, 9, 1
1, 5, 7, 3, 1
1, 5, 7, 4, 1
1, 5, 7, 5, 1
1, 5, 7, 6, 1
1, 5, 7, 9, 1
1, 1, 8, 4, 1
1, 5, 9, 0, 1
1, 5, 9, 2, 1
1, 5, 9, 5, 1
1, 5, 9, 6, 1
1, 5, 9, 7, 1
1, 4, 10, 13, 1
1, 4, 10, 14, 1
1, 4, 10, 15, 1
1, 4, 10, 16, 1
1, 4, 11, 1, 1
1, 4, 11, 12, 1
1, 4, 11, 17, 1
1, 4, 11, 18, 1
1, 3, 12, 11, 1
1, 3, 12, 17, 1
1, 3, 12, 18, 1
1, 3, 13, 10, 1
1, 3, 13, 16, 1
1, 3, 13, 17, 1
1, 1, 14, 10, 1
1, 2, 15, 10, 1
1, 2, 15, 19, 1
1, 2, 16, 10, 1
1, 2, 16, 13, 1
1, 4, 17, 11, 1
1, 4, 17, 12, 1
1, 4, 17, 13, 1
1, 4, 17, 18, 1
1, 3, 18, 11, 1
1, 3, 18, 12, 1
1, 3, 18, 17, 1
1, 1, 19, 15, 1
2, 80, 0, 1, 3
2, 80, 0, 1, 3
2, 80, 0, 1, 3
2, 80, 0, 1, 3
2, 80, 0, 1, 3
2, 80, 0, 1, 3
2, 80, 0, 1, 3
2, 80, 0, 1, 3
2, 80, 0, 1, 3
2, 80, 0, 1, 3
2, 80, 0, 1, 3
2, 80, 0, 1, 3
2, 80, 0, 1, 3
2, 80, 0, 1, 3
2, 80, 0, 1, 3
2, 80, 0, 1, 3
2, 80, 0, 1, 3
2, 80, 0, 1, 3
2, 80, 0, 1, 3
2, 80, 0, 1, 3
2, 80, 0, 1, 3
2, 80, 0, 1, 3
2, 80, 0, 1, 3
2, 80, 0, 1, 3
2, 80, 0, 1, 3
2, 80, 0, 1, 3
2, 80, 0, 1, 3
2, 80, 0, 1, 3
2, 80, 0, 1, 3
2, 80, 0, 1, 3
2, 80, 0, 1, 3
2, 80, 0, 1, 3
2, 80, 0, 1, 3
2, 80, 0, 1, 3
2, 80, 0, 1, 3
2, 80, 0, 1, 3
2, 80, 0, 1, 3
2, 80, 0, 1, 3
2, 80, 0, 1, 3
2, 80, 0, 1, 3
2, 80, 0, 1, 3
2, 80, 0, 1, 3
2, 80, 0, 1, 3
2, 80, 0, 1, 3
2, 80, 0, 1, 3
2, 80, 0, 1, 3
2, 80, 0, 1, 3
2, 80, 0, 1, 3
2, 80, 0, 1, 3
2, 80, 0, 1, 3
2, 80, 0, 1, 3
2, 80, 0, 1, 3
2, 80, 0, 1, 3
2, 80, 0, 1, 3
2, 80, 0, 1, 3
2, 80, 0, 1, 3
2, 80, 0, 1, 3
2, 80, 0, 1, 3
2, 80, 0, 1, 3
2, 80, 0, 1, 3
2, 80, 0, 1, 3
2, 80, 0, 1, 3
2, 80, 0, 1, 3
2, 80, 0, 1, 3
2, 80, 0, 1, 3
2, 80, 0, 1, 3
2, 80, 0, 1, 3
2, 80, 0, 1, 3
2, 80, 0, 1, 3
2, 80, 0, 1, 3
2, 80, 0, 1, 3
2, 80, 0, 1, 3
2, 80, 0, 1, 3
2, 80, 0, 1, 3
2, 80, 0, 1, 3
2, 80, 0, 1, 3
2, 80, 0, 1, 3
2, 80, 0, 1, 3
2, 80, 0, 1, 3
2, 80, 0, 1, 3
2, 160, 1, 0, 3
2, 160, 1, 0, 3
2, 160, 1, 0, 3
2, 160, 1, 0, 3
2, 160, 1, 0, 3
2, 160, 1, 0, 3
2, 160, 1, 0, 3
2, 160, 1, 0, 3
2, 160, 1, 0, 3
2, 160, 1, 0, 3
2, 160, 1, 0, 3
2, 160, 1, 0, 3
2, 160, 1, 0, 3
2, 160, 1, 0, 3
2, 160, 1, 0, 3
2, 160, 1, 0, 3
2, 160, 1, 0, 3
2, 160, 1, 0, 3
2, 160, 1, 0, 3
2, 160, 1, 0, 3
2, 160, 1, 0, 3
2, 160, 1, 0, 3
2, 160, 1, 0, 3
2, 160, 1, 0, 3
2, 160, 1, 0, 3
2, 160, 1, 0, 3
2, 160, 1, 0, 3
2, 160, 1, 0, 3
2, 160, 1, 0, 3
2, 160, 1, 0, 3
2, 160, 1, 0, 3
2, 160, 1, 0, 3
2, 160, 1, 0, 3
2, 160, 1, 0, 3
2, 160, 1, 0, 3
2, 160, 1, 0, 3
2, 160, 1, 0, 3
2, 160, 1, 0, 3
2, 160, 1, 0, 3
2, 160, 1, 0, 3
2, 160, 1, 0, 3
2, 160, 1, 0, 3
2, 160, 1, 0, 3
2, 160, 1, 0, 3
2, 160, 1, 0, 3
2, 160, 1, 0, 3
2, 160, 1, 0, 3
2, 160, 1, 0, 3
2, 160, 1, 0, 3
2, 160, 1, 0, 3
2, 160, 1, 0, 3
2, 160, 1, 0, 3
2, 160, 1, 0, 3
2, 160, 1, 0, 3
2, 160, 1, 0, 3
2, 160, 1, 0, 3
2, 160, 1, 0, 3
2, 160, 1, 0, 3
2, 160, 1, 0, 3
2, 160, 1, 0, 3
2, 160, 1, 0, 3
2, 160, 1, 0, 3
2, 160, 1, 0, 3
2, 160, 1, 0, 3
2, 160, 1, 0, 3
2, 160, 1, 0, 3
2, 160, 1, 0, 3
2, 160, 1, 0, 3
2, 160, 1, 0, 3
2, 160, 1, 0, 3
2, 160, 1, 0, 3
2, 160, 1, 0, 3
2, 160, 1, 0, 3
2, 160, 1, 0, 3
2, 160, 1, 0, 3
2, 160, 1, 0, 3
2, 160, 1, 0, 3
2, 160, 1, 0, 3
2, 160, 1, 0, 3
2, 160, 1, 0, 3
2, 160, 1, 2, 3
2, 160, 1, 2, 3
2, 160, 1, 2, 3
2, 160, 1, 2, 3
2, 160, 1, 2, 3
2, 160, 1, 2, 3
2, 160, 1, 2, 3
2, 160, 1, 2, 3
2, 160, 1, 2, 3
2, 160, 1, 2, 3
2, 160, 1, 2, 3
2, 160, 1, 2, 3
2, 160, 1, 2, 3
2, 160, 1, 2, 3
2, 160, 1, 2, 3
2, 160, 1, 2, 3
2, 160, 1, 2, 3
2, 160, 1, 2, 3
2, 160, 1, 2, 3
2, 160, 1, 2, 3
2, 160, 1, 2, 3
2, 160, 1, 2, 3
2, 160, 1, 2, 3
2, 160, 1, 2, 3
2, 160, 1, 2, 3
2, 160, 1, 2, 3
2, 160, 1, 2, 3
2, 160, 1, 2, 3
2, 160, 1, 2, 3
2, 160, 1, 2, 3
2, 160, 1, 2, 3
2, 160, 1, 2, 3
2, 160, 1, 2, 3
2, 160, 1, 2, 3
2, 160, 1, 2, 3
2, 160, 1, 2, 3
2, 160, 1, 2, 3
2, 160, 1, 2, 3
2, 160, 1, 2, 3
2, 160, 1, 2, 3
2, 160, 1, 2, 3
2, 160, 1, 2, 3
2, 160, 1, 2, 3
2, 160, 1, 2, 3
2, 160, 1, 2, 3
2, 160, 1, 2, 3
2, 160, 1, 2, 3
2, 160, 1, 2, 3
2, 160, 1, 2, 3
2, 160, 1, 2, 3
2, 160, 1, 2, 3
2, 160, 1, 2, 3
2, 160, 1, 2, 3
2, 160, 1, 2, 3
2, 160, 1, 2, 3
2, 160, 1, 2, 3
2, 160, 1, 2, 3
2, 160, 1, 2, 3
2, 160, 1, 2, 3
2, 160, 1, 2, 3
2, 160, 1, 2, 3
2, 160, 1, 2, 3
2, 160, 1, 2, 3
2, 160, 1, 2, 3
2, 160, 1, 2, 3
2, 160, 1, 2, 3
2, 160, 1, 2, 3
2, 160, 1, 2, 3
2, 160, 1, 2, 3
2, 160, 1, 2, 3
2, 160, 1, 2, 3
2, 160, 1, 2, 3
2, 160, 1, 2, 3
2, 160, 1, 2, 3
2, 160, 1, 2, 3
2, 160, 1, 2, 3
2, 160, 1, 2, 3
2, 160, 1, 2, 3
2, 160, 1, 2, 3
2, 160, 1, 2, 3
2, 160, 2, 1, 3
2, 160, 2, 1, 3
2, 160, 2, 1, 3
2, 160, 2, 1, 3
2, 160, 2, 1, 3
2, 160, 2, 1, 3
2, 160, 2, 1, 3
2, 160, 2, 1, 3
2, 160, 2, 1, 3
2, 160, 2, 1, 3
2, 160, 2, 1, 3
2, 160, 2, 1, 3
2, 160, 2, 1, 3
2, 160, 2, 1, 3
2, 160, 2, 1, 3
2, 160, 2, 1, 3
2, 160, 2, 1, 3
2, 160, 2, 1, 3
2, 160, 2, 1, 3
2, 160, 2, 1, 3
2, 160, 2, 1, 3
2, 160, 2, 1, 3
2, 160, 2, 1, 3
2, 160, 2, 1, 3
2, 160, 2, 1, 3
2, 160, 2, 1, 3
2, 160, 2, 1, 3
2, 160, 2, 1, 3
2, 160, 2, 1, 3
2, 160, 2, 1, 3
2, 160, 2, 1, 3
2, 160, 2, 1, 3
2, 160, 2, 1, 3
2, 160, 2, 1, 3
2, 160, 2, 1, 3
2, 160, 2, 1, 3
2, 160, 2, 1, 3
2, 160, 2, 1, 3
2, 160, 2, 1, 3
2, 160, 2, 1, 3
2, 160, 2, 1, 3
2, 160, 2, 1, 3
2, 160, 2, 1, 3
2, 160, 2, 1, 3
2, 160, 2, 1, 3
2, 160, 2, 1, 3
2, 160, 2, 1, 3
2, 160, 2, 1, 3
2, 160, 2, 1, 3
2, 160, 2, 1, 3
2, 160, 2, 1, 3
2, 160, 2, 1, 3
2, 160, 2, 1, 3
2, 160, 2, 1, 3
2, 160, 2, 1, 3
2, 160, 2, 1, 3
2, 160, 2, 1, 3
2, 160, 2, 1, 3
2, 160, 2, 1, 3
2, 160, 2, 1, 3
2, 160, 2, 1, 3
2, 160, 2, 1, 3
2, 160, 2, 1, 3
2, 160, 2, 1, 3
2, 160, 2, 1, 3
2, 160, 2, 1, 3
2, 160, 2, 1, 3
2, 160, 2, 1, 3
2, 160, 2, 1, 3
2, 160, 2, 1, 3
2, 160, 2, 1, 3
2, 160, 2, 1, 3
2, 160, 2, 1, 3
2, 160, 2, 1, 3
2, 160, 2, 1, 3
2, 160, 2, 1, 3
2, 160, 2, 1, 3
2, 160, 2, 1, 3
2, 160, 2, 1, 3
2, 160, 2, 1, 3
2, 160, 2, 3, 3
2, 160, 2, 3, 3
2, 160, 2, 3, 3
2, 160, 2, 3, 3
2, 160, 2, 3, 3
2, 160, 2, 3, 3
2, 160, 2, 3, 3
2, 160, 2, 3, 3
2, 160, 2, 3, 3
2, 160, 2, 3, 3
2, 160, 2, 3, 3
2, 160, 2, 3, 3
2, 160, 2, 3, 3
2, 160, 2, 3, 3
2, 160, 2, 3, 3
2, 160, 2, 3, 3
2, 160, 2, 3, 3
2, 160, 2, 3, 3
2, 160, 2, 3, 3
2, 160, 2, 3, 3
2, 160, 2, 3, 3
2, 160, 2, 3, 3
2, 160, 2, 3, 3
2, 160, 2, 3, 3
2, 160, 2, 3, 3
2, 160, 2, 3, 3
2, 160, 2, 3, 3
2, 160, 2, 3, 3
2, 160, 2, 3, 3
2, 160, 2, 3, 3
2, 160, 2, 3, 3
2, 160, 2, 3, 3
2, 160, 2, 3, 3
2, 160, 2, 3, 3
2, 160, 2, 3, 3
2, 160, 2, 3, 3
2, 160, 2, 3, 3
2, 160, 2, 3, 3
2, 160, 2, 3, 3
2, 160, 2, 3, 3
2, 160, 2, 3, 3
2, 160, 2, 3, 3
2, 160, 2, 3, 3
2, 160, 2, 3, 3
2, 160, 2, 3, 3
2, 160, 2, 3, 3
2, 160, 2, 3, 3
2, 160, 2, 3, 3
2, 160, 2, 3, 3
2, 160, 2, 3, 3
2, 160, 2, 3, 3
2, 160, 2, 3, 3
2, 160, 2, 3, 3
2, 160, 2, 3, 3
2, 160, 2, 3, 3
2, 160, 2, 3, 3
2, 160, 2, 3, 3
2, 160, 2, 3, 3
2, 160, 2, 3, 3
2, 160, 2, 3, 3
2, 160, 2, 3, 3
2, 160, 2, 3, 3
2, 160, 2, 3, 3
2, 160, 2, 3, 3
2, 160, 2, 3, 3
2, 160, 2, 3, 3
2, 160, 2, 3, 3
2, 160, 2, 3, 3
2, 160, 2, 3, 3
2, 160, 2, 3, 3
2, 160, 2, 3, 3
2, 160, 2, 3, 3
2, 160, 2, 3, 3
2, 160, 2, 3, 3
2, 160, 2, 3, 3
2, 160, 2, 3, 3
2, 160, 2, 3, 3
2, 160, 2, 3, 3
2, 160, 2, 3, 3
2, 160, 2, 3, 3
2, 160, 3, 2, 3
2, 160, 3, 2, 3
2, 160, 3, 2, 3
2, 160, 3, 2, 3
2, 160, 3, 2, 3
2, 160, 3, 2, 3
2, 160, 3, 2, 3
2, 160, 3, 2, 3
2, 160, 3, 2, 3
2, 160, 3, 2, 3
2, 160, 3, 2, 3
2, 160, 3, 2, 3
2, 160, 3, 2, 3
2, 160, 3, 2, 3
2, 160, 3, 2, 3
2, 160, 3, 2, 3
2, 160, 3, 2, 3
2, 160, 3, 2, 3
2, 160, 3, 2, 3
2, 160, 3, 2, 3
2, 160, 3, 2, 3
2, 160, 3, 2, 3
2, 160, 3, 2, 3
2, 160, 3, 2, 3
2, 160, 3, 2, 3
2, 160, 3, 2, 3
2, 160, 3, 2, 3
2, 160, 3, 2, 3
2, 160, 3, 2, 3
2, 160, 3, 2, 3
2, 160, 3, 2, 3
2, 160, 3, 2, 3
2, 160, 3, 2, 3
2, 160, 3, 2, 3
2, 160, 3, 2, 3
2, 160, 3, 2, 3
2, 160, 3, 2, 3
2, 160, 3, 2, 3
2, 160, 3, 2, 3
2, 160, 3, 2, 3
2, 160, 3, 2, 3
2, 160, 3, 2, 3
2, 160, 3, 2, 3
2, 160, 3, 2, 3
2, 160, 3, 2, 3
2, 160, 3, 2, 3
2, 160, 3, 2, 3
2, 160, 3, 2, 3
2, 160, 3, 2, 3
2, 160, 3, 2, 3
2, 160, 3, 2, 3
2, 160, 3, 2, 3
2, 160, 3, 2, 3
2, 160, 3, 2, 3
2, 160, 3, 2, 3
2, 160, 3, 2, 3
2, 160, 3, 2, 3
2, 160, 3, 2, 3
2, 160, 3, 2, 3
2, 160, 3, 2, 3
2, 160, 3, 2, 3
2, 160, 3, 2, 3
2, 160, 3, 2, 3
2, 160, 3, 2, 3
2, 160, 3, 2, 3
2, 160, 3, 2, 3
2, 160, 3, 2, 3
2, 160, 3, 2, 3
2, 160, 3, 2, 3
2, 160, 3, 2, 3
2, 160, 3, 2, 3
2, 160, 3, 2, 3
2, 160, 3, 2, 3
2, 160, 3, 2, 3
2, 160, 3, 2, 3
2, 160, 3, 2, 3
2, 160, 3, 2, 3
2, 160, 3, 2, 3
2, 160, 3, 2, 3
2, 160, 3, 2, 3
2, 160, 3, 4, 3
2, 160, 3, 4, 3
2, 160, 3, 4, 3
2, 160, 3, 4, 3
2, 160, 3, 4, 3
2, 160, 3, 4, 3
2, 160, 3, 4, 3
2, 160, 3, 4, 3
2, 160, 3, 4, 3
2, 160, 3, 4, 3
2, 160, 3, 4, 3
2, 160, 3, 4, 3
2, 160, 3, 4, 3
2, 160, 3, 4, 3
2, 160, 3, 4, 3
2, 160, 3, 4, 3
2, 160, 3, 4, 3
2, 160, 3, 4, 3
2, 160, 3, 4, 3
2, 160, 3, 4, 3
2, 160, 3, 4, 3
2, 160, 3, 4, 3
2, 160, 3, 4, 3
2, 160, 3, 4, 3
2, 160, 3, 4, 3
2, 160, 3, 4, 3
2, 160, 3, 4, 3
2, 160, 3, 4, 3
2, 160, 3, 4, 3
2, 160, 3, 4, 3
2, 160, 3, 4, 3
2, 160, 3, 4, 3
2, 160, 3, 4, 3
2, 160, 3, 4, 3
2, 160, 3, 4, 3
2, 160, 3, 4, 3
2, 160, 3, 4, 3
2, 160, 3, 4, 3
2, 160, 3, 4, 3
2, 160, 3, 4, 3
2, 160, 3, 4, 3
2, 160, 3, 4, 3
2, 160, 3, 4, 3
2, 160, 3, 4, 3
2, 160, 3, 4, 3
2, 160, 3, 4, 3
2, 160, 3, 4, 3
2, 160, 3, 4, 3
2, 160, 3, 4, 3
2, 160, 3, 4, 3
2, 160, 3, 4, 3
2, 160, 3, 4, 3
2, 160, 3, 4, 3
2, 160, 3, 4, 3
2, 160, 3, 4, 3
2, 160, 3, 4, 3
2, 160, 3, 4, 3
2, 160, 3, 4, 3
2, 160, 3, 4, 3
2, 160, 3, 4, 3
2, 160, 3, 4, 3
2, 160, 3, 4, 3
2, 160, 3, 4, 3
2, 160, 3, 4, 3
2, 160, 3, 4, 3
2, 160, 3, 4, 3
2, 160, 3, 4, 3
2, 160, 3, 4, 3
2, 160, 3, 4, 3
2, 160, 3, 4, 3
2, 160, 3, 4, 3
2, 160, 3, 4, 3
2, 160, 3, 4, 3
2, 160, 3, 4, 3
2, 160, 3, 4, 3
2, 160, 3, 4, 3
2, 160, 3, 4, 3
2, 160, 3, 4, 3
2, 160, 3, 4, 3
2, 160, 3, 4, 3
2, 80, 4, 3, 3
2, 80, 4, 3, 3
2, 80, 4, 3, 3
2, 80, 4, 3, 3
2, 80, 4, 3, 3
2, 80, 4, 3, 3
2, 80, 4, 3, 3
2, 80, 4, 3, 3
2, 80, 4, 3, 3
2, 80, 4, 3, 3
2, 80, 4, 3, 3
2, 80, 4, 3, 3
2, 80, 4, 3, 3
2, 80, 4, 3, 3
2, 80, 4, 3, 3
2, 80, 4, 3, 3
2, 80, 4, 3, 3
2, 80, 4, 3, 3
2, 80, 4, 3, 3
2, 80, 4, 3, 3
2, 80, 4, 3, 3
2, 80, 4, 3, 3
2, 80, 4, 3, 3
2, 80, 4, 3, 3
2, 80, 4, 3, 3
2, 80, 4, 3, 3
2, 80, 4, 3, 3
2, 80, 4, 3, 3
2, 80, 4, 3, 3
2, 80, 4, 3, 3
2, 80, 4, 3, 3
2, 80, 4, 3, 3
2, 80, 4, 3, 3
2, 80, 4, 3, 3
2, 80, 4, 3, 3
2, 80, 4, 3, 3
2, 80, 4, 3, 3
2, 80, 4, 3, 3
2, 80, 4, 3, 3
2, 80, 4, 3, 3
2, 80, 4, 3, 3
2, 80, 4, 3, 3
2, 80, 4, 3, 3
2, 80, 4, 3, 3
2, 80, 4, 3, 3
2, 80, 4, 3, 3
2, 80, 4, 3, 3
2, 80, 4, 3, 3
2, 80, 4, 3, 3
2, 80, 4, 3, 3
2, 80, 4, 3, 3
2, 80, 4, 3, 3
2, 80, 4, 3, 3
2, 80, 4, 3, 3
2, 80, 4, 3, 3
2, 80, 4, 3, 3
2, 80, 4, 3, 3
2, 80, 4, 3, 3
2, 80, 4, 3, 3
2, 80, 4, 3, 3
2, 80, 4, 3, 3
2, 80, 4, 3, 3
2, 80, 4, 3, 3
2, 80, 4, 3, 3
2, 80, 4, 3, 3
2, 80, 4, 3, 3
2, 80, 4, 3, 3
2, 80, 4, 3, 3
2, 80, 4, 3, 3
2, 80, 4, 3, 3
2, 80, 4, 3, 3
2, 80, 4, 3, 3
2, 80, 4, 3, 3
2, 80, 4, 3, 3
2, 80, 4, 3, 3
2, 80, 4, 3, 3
2, 80, 4, 3, 3
2, 80, 4, 3, 3
2, 80, 4, 3, 3
2, 80, 4, 3, 3
3, 80, 0, 1, 3
3, 80, 0, 1, 3
3, 80, 0, 1, 3
3, 80, 0, 1, 3
3, 80, 0, 1, 3
3, 80, 0, 1, 3
3, 80, 0, 1, 3
3, 80, 0, 1, 3
3, 80, 0, 1, 3
3, 80, 0, 1, 3
3, 80, 0, 1, 3
3, 80, 0, 1, 3
3, 80, 0, 1, 3
3, 80, 0, 1, 3
3, 80, 0, 1, 3
3, 80, 0, 1, 3
3, 80, 0, 1, 3
3, 80, 0, 1, 3
3, 80, 0, 1, 3
3, 80, 0, 1, 3
3, 80, 0, 1, 3
3, 80, 0, 1, 3
3, 80, 0, 1, 3
3, 80, 0, 1, 3
3, 80, 0, 1, 3
3, 80, 0, 1, 3
3, 80, 0, 1, 3
3, 80, 0, 1, 3
3, 80, 0, 1, 3
3, 80, 0, 1, 3
3, 80, 0, 1, 3
3, 80, 0, 1, 3
3, 80, 0, 1, 3
3, 80, 0, 1, 3
3, 80, 0, 1, 3
3, 80, 0, 1, 3
3, 80, 0, 1, 3
3, 80, 0, 1, 3
3, 80, 0, 1, 3
3, 80, 0, 1, 3
3, 80, 0, 1, 3
3, 80, 0, 1, 3
3, 80, 0, 1, 3
3, 80, 0, 1, 3
3, 80, 0, 1, 3
3, 80, 0, 1, 3
3, 80, 0, 1, 3
3, 80, 0, 1, 3
3, 80, 0, 1, 3
3, 80, 0, 1, 3
3, 80, 0, 1, 3
3, 80, 0, 1, 3
3, 80, 0, 1, 3
3, 80, 0, 1, 3
3, 80, 0, 1, 3
3, 80, 0, 1, 3
3, 80, 0, 1, 3
3, 80, 0, 1, 3
3, 80, 0, 1, 3
3, 80, 0, 1, 3
3, 80, 0, 1, 3
3, 80, 0, 1, 3
3, 80, 0, 1, 3
3, 80, 0, 1, 3
3, 80, 0, 1, 3
3, 80, 0, 1, 3
3, 80, 0, 1, 3
3, 80, 0, 1, 3
3, 80, 0, 1, 3
3, 80, 0, 1, 3
3, 80, 0, 1, 3
3, 80, 0, 1, 3
3, 80, 0, 1, 3
3, 80, 0, 1, 3
3, 80, 0, 1, 3
3, 80, 0, 1, 3
3, 80, 0, 1, 3
3, 80, 0, 1, 3
3, 80, 0, 1, 3
3, 80, 0, 1, 3
3, 160, 1, 0, 3
3, 160, 1, 0, 3
3, 160, 1, 0, 3
3, 160, 1, 0, 3
3, 160, 1, 0, 3
3, 160, 1, 0, 3
3, 160, 1, 0, 3
3, 160, 1, 0, 3
3, 160, 1, 0, 3
3, 160, 1, 0, 3
3, 160, 1, 0, 3
3, 160, 1, 0, 3
3, 160, 1, 0, 3
3, 160, 1, 0, 3
3, 160, 1, 0, 3
3, 160, 1, 0, 3
3, 160, 1, 0, 3
3, 160, 1, 0, 3
3, 160, 1, 0, 3
3, 160, 1, 0, 3
3, 160, 1, 0, 3
3, 160, 1, 0, 3
3, 160, 1, 0, 3
3, 160, 1, 0, 3
3, 160, 1, 0, 3
3, 160, 1, 0, 3
3, 160, 1, 0, 3
3, 160, 1, 0, 3
3, 160, 1, 0, 3
3, 160, 1, 0, 3
3, 160, 1, 0, 3
3, 160, 1, 0, 3
3, 160, 1, 0, 3
3, 160, 1, 0, 3
3, 160, 1, 0, 3
3, 160, 1, 0, 3
3, 160, 1, 0, 3
3, 160, 1, 0, 3
3, 160, 1, 0, 3
3, 160, 1, 0, 3
3, 160, 1, 0, 3
3, 160, 1, 0, 3
3, 160, 1, 0, 3
3, 160, 1, 0, 3
3, 160, 1, 0, 3
3, 160, 1, 0, 3
3, 160, 1, 0, 3
3, 160, 1, 0, 3
3, 160, 1, 0, 3
3, 160, 1, 0, 3
3, 160, 1, 0, 3
3, 160, 1, 0, 3
3, 160, 1, 0, 3
3, 160, 1, 0, 3
3, 160, 1, 0, 3
3, 160, 1, 0, 3
3, 160, 1, 0, 3
3, 160, 1, 0, 3
3, 160, 1, 0, 3
3, 160, 1, 0, 3
3, 160, 1, 0, 3
3, 160, 1, 0, 3
3, 160, 1, 0, 3
3, 160, 1, 0, 3
3, 160, 1, 0, 3
3, 160, 1, 0, 3
3, 160, 1, 0, 3
3, 160, 1, 0, 3
3, 160, 1, 0, 3
3, 160, 1, 0, 3
3, 160, 1, 0, 3
3, 160, 1, 0, 3
3, 160, 1, 0, 3
3, 160, 1, 0, 3
3, 160, 1, 0, 3
3, 160, 1, 0, 3
3, 160, 1, 0, 3
3, 160, 1, 0, 3
3, 160, 1, 0, 3
3, 160, 1, 0, 3
3, 160, 1, 2, 3
3, 160, 1, 2, 3
3, 160, 1, 2, 3
3, 160, 1, 2, 3
3, 160, 1, 2, 3
3, 160, 1, 2, 3
3, 160, 1, 2, 3
3, 160, 1, 2, 3
3, 160, 1, 2, 3
3, 160, 1, 2, 3
3, 160, 1, 2, 3
3, 160, 1, 2, 3
3, 160, 1, 2, 3
3, 160, 1, 2, 3
3, 160, 1, 2, 3
3, 160, 1, 2, 3
3, 160, 1, 2, 3
3, 160, 1, 2, 3
3, 160, 1, 2, 3
3, 160, 1, 2, 3
3, 160, 1, 2, 3
3, 160, 1, 2, 3
3, 160, 1, 2, 3
3, 160, 1, 2, 3
3, 160, 1, 2, 3
3, 160, 1, 2, 3
3, 160, 1, 2, 3
3, 160, 1, 2, 3
3, 160, 1, 2, 3
3, 160, 1, 2, 3
3, 160, 1, 2, 3
3, 160, 1, 2, 3
3, 160, 1, 2, 3
3, 160, 1, 2, 3
3, 160, 1, 2, 3
3, 160, 1, 2, 3
3, 160, 1, 2, 3
3, 160, 1, 2, 3
3, 160, 1, 2, 3
3, 160, 1, 2, 3
3, 160, 1, 2, 3
3, 160, 1, 2, 3
3, 160, 1, 2, 3
3, 160, 1, 2, 3
3, 160, 1, 2, 3
3, 160, 1, 2, 3
3, 160, 1, 2, 3
3, 160, 1, 2, 3
3, 160, 1, 2, 3
3, 160, 1, 2, 3
3, 160, 1, 2, 3
3, 160, 1, 2, 3
3, 160, 1, 2, 3
3, 160, 1, 2, 3
3, 160, 1, 2, 3
3, 160, 1, 2, 3
3, 160, 1, 2, 3
3, 160, 1, 2, 3
3, 160, 1, 2, 3
3, 160, 1, 2, 3
3, 160, 1, 2, 3
3, 160, 1, 2, 3
3, 160, 1, 2, 3
3, 160, 1, 2, 3
3, 160, 1, 2, 3
3, 160, 1, 2, 3
3, 160, 1, 2, 3
3, 160, 1, 2, 3
3, 160, 1, 2, 3
3, 160, 1, 2, 3
3, 160, 1, 2, 3
3, 160, 1, 2, 3
3, 160, 1, 2, 3
3, 160, 1, 2, 3
3, 160, 1, 2, 3
3, 160, 1, 2, 3
3, 160, 1, 2, 3
3, 160, 1, 2, 3
3, 160, 1, 2, 3
3, 160, 1, 2, 3
3, 160, 2, 1, 3
3, 160, 2, 1, 3
3, 160, 2, 1, 3
3, 160, 2, 1, 3
3, 160, 2, 1, 3
3, 160, 2, 1, 3
3, 160, 2, 1, 3
3, 160, 2, 1, 3
3, 160, 2, 1, 3
3, 160, 2, 1, 3
3, 160, 2, 1, 3
3, 160, 2, 1, 3
3, 160, 2, 1, 3
3, 160, 2, 1, 3
3, 160, 2, 1, 3
3, 160, 2, 1, 3
3, 160, 2, 1, 3
3, 160, 2, 1, 3
3, 160, 2, 1, 3
3, 160, 2, 1, 3
3, 160, 2, 1, 3
3, 160, 2, 1, 3
3, 160, 2, 1, 3
3, 160, 2, 1, 3
3, 160, 2, 1, 3
3, 160, 2, 1, 3
3, 160, 2, 1, 3
3, 160, 2, 1, 3
3, 160, 2, 1, 3
3, 160, 2, 1, 3
3, 160, 2, 1, 3
3, 160, 2, 1, 3
3, 160, 2, 1, 3
3, 160, 2, 1, 3
3, 160, 2, 1, 3
3, 160, 2, 1, 3
3, 160, 2, 1, 3
3, 160, 2, 1, 3
3, 160, 2, 1, 3
3, 160, 2, 1, 3
3, 160, 2, 1, 3
3, 160, 2, 1, 3
3, 160, 2, 1, 3
3, 160, 2, 1, 3
3, 160, 2, 1, 3
3, 160, 2, 1, 3
3, 160, 2, 1, 3
3, 160, 2, 1, 3
3, 160, 2, 1, 3
3, 160, 2, 1, 3
3, 160, 2, 1, 3
3, 160, 2, 1, 3
3, 160, 2, 1, 3
3, 160, 2, 1, 3
3, 160, 2, 1, 3
3, 160, 2, 1, 3
3, 160, 2, 1, 3
3, 160, 2, 1, 3
3, 160, 2, 1, 3
3, 160, 2, 1, 3
3, 160, 2, 1, 3
3, 160, 2, 1, 3
3, 160, 2, 1, 3
3, 160, 2, 1, 3
3, 160, 2, 1, 3
3, 160, 2, 1, 3
3, 160, 2, 1, 3
3, 160, 2, 1, 3
3, 160, 2, 1, 3
3, 160, 2, 1, 3
3, 160, 2, 1, 3
3, 160, 2, 1, 3
3, 160, 2, 1, 3
3, 160, 2, 1, 3
3, 160, 2, 1, 3
3, 160, 2, 1, 3
3, 160, 2, 1, 3
3, 160, 2, 1, 3
3, 160, 2, 1, 3
3, 160, 2, 1, 3
3, 160, 2, 3, 3
3, 160, 2, 3, 3
3, 160, 2, 3, 3
3, 160, 2, 3, 3
3, 160, 2, 3, 3
3, 160, 2, 3, 3
3, 160, 2, 3, 3
3, 160, 2, 3, 3
3, 160, 2, 3, 3
3, 160, 2, 3, 3
3, 160, 2, 3, 3
3, 160, 2, 3, 3
3, 160, 2, 3, 3
3, 160, 2, 3, 3
3, 160, 2, 3, 3
3, 160, 2, 3, 3
3, 160, 2, 3, 3
3, 160, 2, 3, 3
3, 160, 2, 3, 3
3, 160, 2, 3, 3
3, 160, 2, 3, 3
3, 160, 2, 3, 3
3, 160, 2, 3, 3
3, 160, 2, 3, 3
3, 160, 2, 3, 3
3, 160, 2, 3, 3
3, 160, 2, 3, 3
3, 160, 2, 3, 3
3, 160, 2, 3, 3
3, 160, 2, 3, 3
3, 160, 2, 3, 3
3, 160, 2, 3, 3
3, 160, 2, 3, 3
3, 160, 2, 3, 3
3, 160, 2, 3, 3
3, 160, 2, 3, 3
3, 160, 2, 3, 3
3, 160, 2, 3, 3
3, 160, 2, 3, 3
3, 160, 2, 3, 3
3, 160, 2, 3, 3
3, 160, 2, 3, 3
3, 160, 2, 3, 3
3, 160, 2, 3, 3
3, 160, 2, 3, 3
3, 160, 2, 3, 3
3, 160, 2, 3, 3
3, 160, 2, 3, 3
3, 160, 2, 3, 3
3, 160, 2, 3, 3
3, 160, 2, 3, 3
3, 160, 2, 3, 3
3, 160, 2, 3, 3
3, 160, 2, 3, 3
3, 160, 2, 3, 3
3, 160, 2, 3, 3
3, 160, 2, 3, 3
3, 160, 2, 3, 3
3, 160, 2, 3, 3
3, 160, 2, 3, 3
3, 160, 2, 3, 3
3, 160, 2, 3, 3
3, 160, 2, 3, 3
3, 160, 2, 3, 3
3, 160, 2, 3, 3
3, 160, 2, 3, 3
3, 160, 2, 3, 3
3, 160, 2, 3, 3
3, 160, 2, 3, 3
3, 160, 2, 3, 3
3, 160, 2, 3, 3
3, 160, 2, 3, 3
3, 160, 2, 3, 3
3, 160, 2, 3, 3
3, 160, 2, 3, 3
3, 160, 2, 3, 3
3, 160, 2, 3, 3
3, 160, 2, 3, 3
3, 160, 2, 3, 3
3, 160, 2, 3, 3
3, 160, 3, 2, 3
3, 160, 3, 2, 3
3, 160, 3, 2, 3
3, 160, 3, 2, 3
3, 160, 3, 2, 3
3, 160, 3, 2, 3
3, 160, 3, 2, 3
3, 160, 3, 2, 3
3, 160, 3, 2, 3
3, 160, 3, 2, 3
3, 160, 3, 2, 3
3, 160, 3, 2, 3
3, 160, 3, 2, 3
3, 160, 3, 2, 3
3, 160, 3, 2, 3
3, 160, 3, 2, 3
3, 160, 3, 2, 3
3, 160, 3, 2, 3
3, 160, 3, 2, 3
3, 160, 3, 2, 3
3, 160, 3, 2, 3
3, 160, 3, 2, 3
3, 160, 3, 2, 3
3, 160, 3, 2, 3
3, 160, 3, 2, 3
3, 160, 3, 2, 3
3, 160, 3, 2, 3
3, 160, 3, 2, 3
3, 160, 3, 2, 3
3, 160, 3, 2, 3
3, 160, 3, 2, 3
3, 160, 3, 2, 3
3, 160, 3, 2, 3
3, 160, 3, 2, 3
3, 160, 3, 2, 3
3, 160, 3, 2, 3
3, 160, 3, 2, 3
3, 160, 3, 2, 3
3, 160, 3, 2, 3
3, 160, 3, 2, 3
3, 160, 3, 2, 3
3, 160, 3, 2, 3
3, 160, 3, 2, 3
3, 160, 3, 2, 3
3, 160, 3, 2, 3
3, 160, 3, 2, 3
3, 160, 3, 2, 3
3, 160, 3, 2, 3
3, 160, 3, 2, 3
3, 160, 3, 2, 3
3, 160, 3, 2, 3
3, 160, 3, 2, 3
3, 160, 3, 2, 3
3, 160, 3, 2, 3
3, 160, 3, 2, 3
3, 160, 3, 2, 3
3, 160, 3, 2, 3
3, 160, 3, 2, 3
3, 160, 3, 2, 3
3, 160, 3, 2, 3
3, 160, 3, 2, 3
3, 160, 3, 2, 3
3, 160, 3, 2, 3
3, 160, 3, 2, 3
3, 160, 3, 2, 3
3, 160, 3, 2, 3
3, 160, 3, 2, 3
3, 160, 3, 2, 3
3, 160, 3, 2, 3
3, 160, 3, 2, 3
3, 160, 3, 2, 3
3, 160, 3, 2, 3
3, 160, 3, 2, 3
3, 160, 3, 2, 3
3, 160, 3, 2, 3
3, 160, 3, 2, 3
3, 160, 3, 2, 3
3, 160, 3, 2, 3
3, 160, 3, 2, 3
3, 160, 3, 2, 3
3, 160, 3, 4, 3
3, 160, 3, 4, 3
3, 160, 3, 4, 3
3, 160, 3, 4, 3
3, 160, 3, 4, 3
3, 160, 3, 4, 3
3, 160, 3, 4, 3
3, 160, 3, 4, 3
3, 160, 3, 4, 3
3, 160, 3, 4, 3
3, 160, 3, 4, 3
3, 160, 3, 4, 3
3, 160, 3, 4, 3
3, 160, 3, 4, 3
3, 160, 3, 4, 3
3, 160, 3, 4, 3
3, 160, 3, 4, 3
3, 160, 3, 4, 3
3, 160, 3, 4, 3
3, 160, 3, 4, 3
3, 160, 3, 4, 3
3, 160, 3, 4, 3
3, 160, 3, 4, 3
3, 160, 3, 4, 3
3, 160, 3, 4, 3
3, 160, 3, 4, 3
3, 160, 3, 4, 3
3, 160, 3, 4, 3
3, 160, 3, 4, 3
3, 160, 3, 4, 3
3, 160, 3, 4, 3
3, 160, 3, 4, 3
3, 160, 3, 4, 3
3, 160, 3, 4, 3
3, 160, 3, 4, 3
3, 160, 3, 4, 3
3, 160, 3, 4, 3
3, 160, 3, 4, 3
3, 160, 3, 4, 3
3, 160, 3, 4, 3
3, 160, 3, 4, 3
3, 160, 3, 4, 3
3, 160, 3, 4, 3
3, 160, 3, 4, 3
3, 160, 3, 4, 3
3, 160, 3, 4, 3
3, 160, 3, 4, 3
3, 160, 3, 4, 3
3, 160, 3, 4, 3
3, 160, 3, 4, 3
3, 160, 3, 4, 3
3, 160, 3, 4, 3
3, 160, 3, 4, 3
3, 160, 3, 4, 3
3, 160, 3, 4, 3
3, 160, 3, 4, 3
3, 160, 3, 4, 3
3, 160, 3, 4, 3
3, 160, 3, 4, 3
3, 160, 3, 4, 3
3, 160, 3, 4, 3
3, 160, 3, 4, 3
3, 160, 3, 4, 3
3, 160, 3, 4, 3
3, 160, 3, 4, 3
3, 160, 3, 4, 3
3, 160, 3, 4, 3
3, 160, 3, 4, 3
3, 160, 3, 4, 3
3, 160, 3, 4, 3
3, 160, 3, 4, 3
3, 160, 3, 4, 3
3, 160, 3, 4, 3
3, 160, 3, 4, 3
3, 160, 3, 4, 3
3, 160, 3, 4, 3
3, 160, 3, 4, 3
3, 160, 3, 4, 3
3, 160, 3, 4, 3
3, 160, 3, 4, 3
3, 80, 4, 3, 3
3, 80, 4, 3, 3
3, 80, 4, 3, 3
3, 80, 4, 3, 3
3, 80, 4, 3, 3
3, 80, 4, 3, 3
3, 80, 4, 3, 3
3, 80, 4, 3, 3
3, 80, 4, 3, 3
3, 80, 4, 3, 3
3, 80, 4, 3, 3
3, 80, 4, 3, 3
3, 80, 4, 3, 3
3, 80, 4, 3, 3
3, 80, 4, 3, 3
3, 80, 4, 3, 3
3, 80, 4, 3, 3
3, 80, 4, 3, 3
3, 80, 4, 3, 3
3, 80, 4, 3, 3
3, 80, 4, 3, 3
3, 80, 4, 3, 3
3, 80, 4, 3, 3
3, 80, 4, 3, 3
3, 80, 4, 3, 3
3, 80, 4, 3, 3
3, 80, 4, 3, 3
3, 80, 4, 3, 3
3, 80, 4, 3, 3
3, 80, 4, 3, 3
3, 80, 4, 3, 3
3, 80, 4, 3, 3
3, 80, 4, 3, 3
3, 80, 4, 3, 3
3, 80, 4, 3, 3
3, 80, 4, 3, 3
3, 80, 4, 3, 3
3, 80, 4, 3, 3
3, 80, 4, 3, 3
3, 80, 4, 3, 3
3, 80, 4, 3, 3
3, 80, 4, 3, 3
3, 80, 4, 3, 3
3, 80, 4, 3, 3
3, 80, 4, 3, 3
3, 80, 4, 3, 3
3, 80, 4, 3, 3
3, 80, 4, 3, 3
3, 80, 4, 3, 3
3, 80, 4, 3, 3
3, 80, 4, 3, 3
3, 80, 4, 3, 3
3, 80, 4, 3, 3
3, 80, 4, 3, 3
3, 80, 4, 3, 3
3, 80, 4, 3, 3
3, 80, 4, 3, 3
3, 80, 4, 3, 3
3, 80, 4, 3, 3
3, 80, 4, 3, 3
3, 80, 4, 3, 3
3, 80, 4, 3, 3
3, 80, 4, 3, 3
3, 80, 4, 3, 3
3, 80, 4, 3, 3
3, 80, 4, 3, 3
3, 80, 4, 3, 3
3, 80, 4, 3, 3
3, 80, 4, 3, 3
3, 80, 4, 3, 3
3, 80, 4, 3, 3
3, 80, 4, 3, 3
3, 80, 4, 3, 3
3, 80, 4, 3, 3
3, 80, 4, 3, 3
3, 80, 4, 3, 3
3, 80, 4, 3, 3
3, 80, 4, 3, 3
3, 80, 4, 3, 3
3, 80, 4, 3, 3
4, 8, 0, 20, 3
4, 8, 0, 20, 3
4, 8, 0, 20, 3
4, 8, 0, 20, 3
4, 8, 0, 21, 3
4, 8, 0, 21, 3
4, 8, 0, 21, 3
4, 8, 0, 21, 3
4, 8, 1, 20, 3
4, 8, 1, 20, 3
4, 8, 1, 20, 3
4, 8, 1, 20, 3
4, 8, 1, 21, 3
4, 8, 1, 21, 3
4, 8, 1, 21, 3
4, 8, 1, 21, 3
4, 8, 2, 20, 3
4, 8, 2, 20, 3
4, 8, 2, 20, 3
4, 8, 2, 20, 3
4, 8, 2, 21, 3
4, 8, 2, 21, 3
4, 8, 2, 21, 3
4, 8, 2, 21, 3
4, 8, 3, 20, 3
4, 8, 3, 20, 3
4, 8, 3, 20, 3
4, 8, 3, 20, 3
4, 8, 3, 21, 3
4, 8, 3, 21, 3
4, 8, 3, 21, 3
4, 8, 3, 21, 3
4, 8, 4, 20, 3
4, 8, 4, 20, 3
4, 8, 4, 20, 3
4, 8, 4, 20, 3
4, 8, 4, 21, 3
4, 8, 4, 21, 3
4, 8, 4, 21, 3
4, 8, 4, 21, 3
4, 8, 5, 20, 3
4, 8, 5, 20, 3
4, 8, 5, 20, 3
4, 8, 5, 20, 3
4, 8, 5, 21, 3
4, 8, 5, 21, 3
4, 8, 5, 21, 3
4, 8, 5, 21, 3
4, 8, 6, 20, 3
4, 8, 6, 20, 3
4, 8, 6, 20, 3
4, 8, 6, 20, 3
4, 8, 6, 21, 3
4, 8, 6, 21, 3
4, 8, 6, 21, 3
4, 8, 6, 21, 3
4, 8, 7, 20, 3
4, 8, 7, 20, 3
4, 8, 7, 20, 3
4, 8, 7, 20, 3
4, 8, 7, 21, 3
4, 8, 7, 21, 3
4, 8, 7, 21, 3
4, 8, 7, 21, 3
4, 8, 8, 20, 3
4, 8, 8, 20, 3
4, 8, 8, 20, 3
4, 8, 8, 20, 3
4, 8, 8, 21, 3
4, 8, 8, 21, 3
4, 8, 8, 21, 3
4, 8, 8, 21, 3
4, 8, 9, 20, 3
4, 8, 9, 20, 3
4, 8, 9, 20, 3
4, 8, 9, 20, 3
4, 8, 9, 21, 3
4, 8, 9, 21, 3
4, 8, 9, 21, 3
4, 8, 9, 21, 3
4, 8, 10, 20, 3
4, 8, 10, 20, 3
4, 8, 10, 20, 3
4, 8, 10, 20, 3
4, 8, 10, 21, 3
4, 8, 10, 21, 3
4, 8, 10, 21, 3
4, 8, 10, 21, 3
4, 8, 11, 20, 3
4, 8, 11, 20, 3
4, 8, 11, 20, 3
4, 8, 11, 20, 3
4, 8, 11, 21, 3
4, 8, 11, 21, 3
4, 8, 11, 21, 3
4, 8, 11, 21, 3
4, 8, 12, 20, 3
4, 8, 12, 20, 3
4, 8, 12, 20, 3
4, 8, 12, 20, 3
4, 8, 12, 21, 3
4, 8, 12, 21, 3
4, 8, 12, 21, 3
4, 8, 12, 21, 3
4, 8, 13, 20, 3
4, 8, 13, 20, 3
4, 8, 13, 20, 3
4, 8, 13, 20, 3
4, 8, 13, 21, 3
4, 8, 13, 21, 3
4, 8, 13, 21, 3
4, 8, 13, 21, 3
4, 8, 14, 20, 3
4, 8, 14, 20, 3
4, 8, 14, 20, 3
4, 8, 14, 20, 3
4, 8, 14, 21, 3
4, 8, 14, 21, 3
4, 8, 14, 21, 3
4, 8, 14, 21, 3
4, 8, 15, 20, 3
4, 8, 15, 20, 3
4, 8, 15, 20, 3
4, 8, 15, 20, 3
4, 8, 15, 21, 3
4, 8, 15, 21, 3
4, 8, 15, 21, 3
4, 8, 15, 21, 3
4, 8, 16, 20, 3
4, 8, 16, 20, 3
4, 8, 16, 20, 3
4, 8, 16, 20, 3
4, 8, 16, 21, 3
4, 8, 16, 21, 3
4, 8, 16, 21, 3
4, 8, 16, 21, 3
4, 8, 17, 20, 3
4, 8, 17, 20, 3
4, 8, 17, 20, 3
4, 8, 17, 20, 3
4, 8, 17, 21, 3
4, 8, 17, 21, 3
4, 8, 17, 21, 3
4, 8, 17, 21, 3
4, 8, 18, 20, 3
4, 8, 18, 20, 3
4, 8, 18, 20, 3
4, 8, 18, 20, 3
4, 8, 18, 21, 3
4, 8, 18, 21, 3
4, 8, 18, 21, 3
4, 8, 18, 21, 3
4, 8, 19, 20, 3
4, 8, 19, 20, 3
4, 8, 19, 20, 3
4, 8, 19, 20, 3
4, 8, 19, 21, 3
4, 8, 19, 21, 3
4, 8, 19, 21, 3
4, 8, 19, 21, 3
4, 80, 20, 0, 3
4, 80, 20, 0, 3
4, 80, 20, 0, 3
4, 80, 20, 0, 3
4, 80, 20, 1, 3
4, 80, 20, 1, 3
4, 80, 20, 1, 3
4, 80, 20, 1, 3
4, 80, 20, 2, 3
4, 80, 20, 2, 3
4, 80, 20, 2, 3
4, 80, 20, 2, 3
4, 80, 20, 3, 3
4, 80, 20, 3, 3
4, 80, 20, 3, 3
4, 80, 20, 3, 3
4, 80, 20, 4, 3
4, 80, 20, 4, 3
4, 80, 20, 4, 3
4, 80, 20, 4, 3
4, 80, 20, 5, 3
4, 80, 20, 5, 3
4, 80, 20, 5, 3
4, 80, 20, 5, 3
4, 80, 20, 6, 3
4, 80, 20, 6, 3
4, 80, 20, 6, 3
4, 80, 20, 6, 3
4, 80, 20, 7, 3
4, 80, 20, 7, 3
4, 80, 20, 7, 3
4, 80, 20, 7, 3
4, 80, 20, 8, 3
4, 80, 20, 8, 3
4, 80, 20, 8, 3
4, 80, 20, 8, 3
4, 80, 20, 9, 3
4, 80, 20, 9, 3
4, 80, 20, 9, 3
4, 80, 20, 9, 3
4, 80, 20, 10, 3
4, 80, 20, 10, 3
4, 80, 20, 10, 3
4, 80, 20, 10, 3
4, 80, 20, 11, 3
4, 80, 20, 11, 3
4, 80, 20, 11, 3
4, 80, 20, 11, 3
4, 80, 20, 12, 3
4, 80, 20, 12, 3
4, 80, 20, 12, 3
4, 80, 20, 12, 3
4, 80, 20, 13, 3
4, 80, 20, 13, 3
4, 80, 20, 13, 3
4, 80, 20, 13, 3
4, 80, 20, 14, 3
4, 80, 20, 14, 3
4, 80, 20, 14, 3
4, 80, 20, 14, 3
4, 80, 20, 15, 3
4, 80, 20, 15, 3
4, 80, 20, 15, 3
4, 80, 20, 15, 3
4, 80, 20, 16, 3
4, 80, 20, 16, 3
4, 80, 20, 16, 3
4, 80, 20, 16, 3
4, 80, 20, 17, 3
4, 80, 20, 17, 3
4, 80, 20, 17, 3
4, 80, 20, 17, 3
4, 80, 20, 18, 3
4, 80, 20, 18, 3
4, 80, 20, 18, 3
4, 80, 20, 18, 3
4, 80, 20, 19, 3
4, 80, 20, 19, 3
4, 80, 20, 19, 3
4, 80, 20, 19, 3
4, 80, 21, 0, 3
4, 80, 21, 0, 3
4, 80, 21, 0, 3
4, 80, 21, 0, 3
4, 80, 21, 1, 3
4, 80, 21, 1, 3
4, 80, 21, 1, 3
4, 80, 21, 1, 3
4, 80, 21, 2, 3
4, 80, 21, 2, 3
4, 80, 21, 2, 3
4, 80, 21, 2, 3
4, 80, 21, 3, 3
4, 80, 21, 3, 3
4, 80, 21, 3, 3
4, 80, 21, 3, 3
4, 80, 21, 4, 3
4, 80, 21, 4, 3
4, 80, 21, 4, 3
4, 80, 21, 4, 3
4, 80, 21, 5, 3
4, 80, 21, 5, 3
4, 80, 21, 5, 3
4, 80, 21, 5, 3
4, 80, 21, 6, 3
4, 80, 21, 6, 3
4, 80, 21, 6, 3
4, 80, 21, 6, 3
4, 80, 21, 7, 3
4, 80, 21, 7, 3
4, 80, 21, 7, 3
4, 80, 21, 7, 3
4, 80, 21, 8, 3
4, 80, 21, 8, 3
4, 80, 21, 8, 3
4, 80, 21, 8, 3
4, 80, 21, 9, 3
4, 80, 21, 9, 3
4, 80, 21, 9, 3
4, 80, 21, 9, 3
4, 80, 21, 10, 3
4, 80, 21, 10, 3
4, 80, 21, 10, 3
4, 80, 21, 10, 3
4, 80, 21, 11, 3
4, 80, 21, 11, 3
4, 80, 21, 11, 3
4, 80, 21, 11, 3
4, 80, 21, 12, 3
4, 80, 21, 12, 3
4, 80, 21, 12, 3
4, 80, 21, 12, 3
4, 80, 21, 13, 3
4, 80, 21, 13, 3
4, 80, 21, 13, 3
4, 80, 21, 13, 3
4, 80, 21, 14, 3
4, 80, 21, 14, 3
4, 80, 21, 14, 3
4, 80, 21, 14, 3
4, 80, 21, 15, 3
4, 80, 21, 15, 3
4, 80, 21, 15, 3
4, 80, 21, 15, 3
4, 80, 21, 16, 3
4, 80, 21, 16, 3
4, 80, 21, 16, 3
4, 80, 21, 16, 3
4, 80, 21, 17, 3
4, 80, 21, 17, 3
4, 80, 21, 17, 3
4, 80, 21, 17, 3
4, 80, 21, 18, 3
4, 80, 21, 18, 3
4, 80, 21, 18, 3
4, 80, 21, 18, 3
4, 80, 21, 19, 3
4, 80, 21, 19, 3
4, 80, 21, 19, 3
4, 80, 21, 19, 3
5, 8, 0, 20, 3
5, 8, 0, 20, 3
5, 8, 0, 20, 3
5, 8, 0, 20, 3
5, 8, 0, 21, 3
5, 8, 0, 21, 3
5, 8, 0, 21, 3
5, 8, 0, 21, 3
5, 8, 1, 20, 3
5, 8, 1, 20, 3
5, 8, 1, 20, 3
5, 8, 1, 20, 3
5, 8, 1, 21, 3
5, 8, 1, 21, 3
5, 8, 1, 21, 3
5, 8, 1, 21, 3
5, 8, 2, 20, 3
5, 8, 2, 20, 3
5, 8, 2, 20, 3
5, 8, 2, 20, 3
5, 8, 2, 21, 3
5, 8, 2, 21, 3
5, 8, 2, 21, 3
5, 8, 2, 21, 3
5, 8, 3, 20, 3
5, 8, 3, 20, 3
5, 8, 3, 20, 3
5, 8, 3, 20, 3
5, 8, 3, 21, 3
5, 8, 3, 21, 3
5, 8, 3, 21, 3
5, 8, 3, 21, 3
5, 8, 4, 20, 3
5, 8, 4, 20, 3
5, 8, 4, 20, 3
5, 8, 4, 20, 3
5, 8, 4, 21, 3
5, 8, 4, 21, 3
5, 8, 4, 21, 3
5, 8, 4, 21, 3
5, 8, 5, 20, 3
5, 8, 5, 20, 3
5, 8, 5, 20, 3
5, 8, 5, 20, 3
5, 8, 5, 21, 3
5, 8, 5, 21, 3
5, 8, 5, 21, 3
5, 8, 5, 21, 3
5, 8, 6, 20, 3
5, 8, 6, 20, 3
5, 8, 6, 20, 3
5, 8, 6, 20, 3
5, 8, 6, 21, 3
5, 8, 6, 21, 3
5, 8, 6, 21, 3
5, 8, 6, 21, 3
5, 8, 7, 20, 3
5, 8, 7, 20, 3
5, 8, 7, 20, 3
5, 8, 7, 20, 3
5, 8, 7, 21, 3
5, 8, 7, 21, 3
5, 8, 7, 21, 3
5, 8, 7, 21, 3
5, 8, 8, 20, 3
5, 8, 8, 20, 3
5, 8, 8, 20, 3
5, 8, 8, 20, 3
5, 8, 8, 21, 3
5, 8, 8, 21, 3
5, 8, 8, 21, 3
5, 8, 8, 21, 3
5, 8, 9, 20, 3
5, 8, 9, 20, 3
5, 8, 9, 20, 3
5, 8, 9, 20, 3
5, 8, 9, 21, 3
5, 8, 9, 21, 3
5, 8, 9, 21, 3
5, 8, 9, 21, 3
5, 8, 10, 20, 3
5, 8, 10, 20, 3
5, 8, 10, 20, 3
5, 8, 10, 20, 3
5, 8, 10, 21, 3
5, 8, 10, 21, 3
5, 8, 10, 21, 3
5, 8, 10, 21, 3
5, 8, 11, 20, 3
5, 8, 11, 20, 3
5, 8, 11, 20, 3
5, 8, 11, 20, 3
5, 8, 11, 21, 3
5, 8, 11, 21, 3
5, 8, 11, 21, 3
5, 8, 11, 21, 3
5, 8, 12, 20, 3
5, 8, 12, 20, 3
5, 8, 12, 20, 3
5, 8, 12, 20, 3
5, 8, 12, 21, 3
5, 8, 12, 21, 3
5, 8, 12, 21, 3
5, 8, 12, 21, 3
5, 8, 13, 20, 3
5, 8, 13, 20, 3
5, 8, 13, 20, 3
5, 8, 13, 20, 3
5, 8, 13, 21, 3
5, 8, 13, 21, 3
5, 8, 13, 21, 3
5, 8, 13, 21, 3
5, 8, 14, 20, 3
5, 8, 14, 20, 3
5, 8, 14, 20, 3
5, 8, 14, 20, 3
5, 8, 14, 21, 3
5, 8, 14, 21, 3
5, 8, 14, 21, 3
5, 8, 14, 21, 3
5, 8, 15, 20, 3
5, 8, 15, 20, 3
5, 8, 15, 20, 3
5, 8, 15, 20, 3
5, 8, 15, 21, 3
5, 8, 15, 21, 3
5, 8, 15, 21, 3
5, 8, 15, 21, 3
5, 8, 16, 20, 3
5, 8, 16, 20, 3
5, 8, 16, 20, 3
5, 8, 16, 20, 3
5, 8, 16, 21, 3
5, 8, 16, 21, 3
5, 8, 16, 21, 3
5, 8, 16, 21, 3
5, 8, 17, 20, 3
5, 8, 17, 20, 3
5, 8, 17, 20, 3
5, 8, 17, 20, 3
5, 8, 17, 21, 3
5, 8, 17, 21, 3
5, 8, 17, 21, 3
5, 8, 17, 21, 3
5, 8, 18, 20, 3
5, 8, 18, 20, 3
5, 8, 18, 20, 3
5, 8, 18, 20, 3
5, 8, 18, 21, 3
5, 8, 18, 21, 3
5, 8, 18, 21, 3
5, 8, 18, 21, 3
5, 8, 19, 20, 3
5, 8, 19, 20, 3
5, 8, 19, 20, 3
5, 8, 19, 20, 3
5, 8, 19, 21, 3
5, 8, 19, 21, 3
5, 8, 19, 21, 3
5, 8, 19, 21, 3
5, 80, 20, 0, 3
5, 80, 20, 0, 3
5, 80, 20, 0, 3
5, 80, 20, 0, 3
5, 80, 20, 1, 3
5, 80, 20, 1, 3
5, 80, 20, 1, 3
5, 80, 20, 1, 3
5, 80, 20, 2, 3
5, 80, 20, 2, 3
5, 80, 20, 2, 3
5, 80, 20, 2, 3
5, 80, 20, 3, 3
5, 80, 20, 3, 3
5, 80, 20, 3, 3
5, 80, 20, 3, 3
5, 80, 20, 4, 3
5, 80, 20, 4, 3
5, 80, 20, 4, 3
5, 80, 20, 4, 3
5, 80, 20, 5, 3
5, 80, 20, 5, 3
5, 80, 20, 5, 3
5, 80, 20, 5, 3
5, 80, 20, 6, 3
5, 80, 20, 6, 3
5, 80, 20, 6, 3
5, 80, 20, 6, 3
5, 80, 20, 7, 3
5, 80, 20, 7, 3
5, 80, 20, 7, 3
5, 80, 20, 7, 3
5, 80, 20, 8, 3
5, 80, 20, 8, 3
5, 80, 20, 8, 3
5, 80, 20, 8, 3
5, 80, 20, 9, 3
5, 80, 20, 9, 3
5, 80, 20, 9, 3
5, 80, 20, 9, 3
5, 80, 20, 10, 3
5, 80, 20, 10, 3
5, 80, 20, 10, 3
5, 80, 20, 10, 3
5, 80, 20, 11, 3
5, 80, 20, 11, 3
5, 80, 20, 11, 3
5, 80, 20, 11, 3
5, 80, 20, 12, 3
5, 80, 20, 12, 3
5, 80, 20, 12, 3
5, 80, 20, 12, 3
5, 80, 20, 13, 3
5, 80, 20, 13, 3
5, 80, 20, 13, 3
5, 80, 20, 13, 3
5, 80, 20, 14, 3
5, 80, 20, 14, 3
5, 80, 20, 14, 3
5, 80, 20, 14, 3
5, 80, 20, 15, 3
5, 80, 20, 15, 3
5, 80, 20, 15, 3
5, 80, 20, 15, 3
5, 80, 20, 16, 3
5, 80, 20, 16, 3
5, 80, 20, 16, 3
5, 80, 20, 16, 3
5, 80, 20, 17, 3
5, 80, 20, 17, 3
5, 80, 20, 17, 3
5, 80, 20, 17, 3
5, 80, 20, 18, 3
5, 80, 20, 18, 3
5, 80, 20, 18, 3
5, 80, 20, 18, 3
5, 80, 20, 19, 3
5, 80, 20, 19, 3
5, 80, 20, 19, 3
5, 80, 20, 19, 3
5, 80, 21, 0, 3
5, 80, 21, 0, 3
5, 80, 21, 0, 3
5, 80, 21, 0, 3
5, 80, 21, 1, 3
5, 80, 21, 1, 3
5, 80, 21, 1, 3
5, 80, 21, 1, 3
5, 80, 21, 2, 3
5, 80, 21, 2, 3
5, 80, 21, 2, 3
5, 80, 21, 2, 3
5, 80, 21, 3, 3
5, 80, 21, 3, 3
5, 80, 21, 3, 3
5, 80, 21, 3, 3
5, 80, 21, 4, 3
5, 80, 21, 4, 3
5, 80, 21, 4, 3
5, 80, 21, 4, 3
5, 80, 21, 5, 3
5, 80, 21, 5, 3
5, 80, 21, 5, 3
5, 80, 21, 5, 3
5, 80, 21, 6, 3
5, 80, 21, 6, 3
5, 80, 21, 6, 3
5, 80, 21, 6, 3
5, 80, 21, 7, 3
5, 80, 21, 7, 3
5, 80, 21, 7, 3
5, 80, 21, 7, 3
5, 80, 21, 8, 3
5, 80, 21, 8, 3
5, 80, 21, 8, 3
5, 80, 21, 8, 3
5, 80, 21, 9, 3
5, 80, 21, 9, 3
5, 80, 21, 9, 3
5, 80, 21, 9, 3
5, 80, 21, 10, 3
5, 80, 21, 10, 3
5, 80, 21, 10, 3
5, 80, 21, 10, 3
5, 80, 21, 11, 3
5, 80, 21, 11, 3
5, 80, 21, 11, 3
5, 80, 21, 11, 3
5, 80, 21, 12, 3
5, 80, 21, 12, 3
5, 80, 21, 12, 3
5, 80, 21, 12, 3
5, 80, 21, 13, 3
5, 80, 21, 13, 3
5, 80, 21, 13, 3
5, 80, 21, 13, 3
5, 80, 21, 14, 3
5, 80, 21, 14, 3
5, 80, 21, 14, 3
5, 80, 21, 14, 3
5, 80, 21, 15, 3
5, 80, 21, 15, 3
5, 80, 21, 15, 3
5, 80, 21, 15, 3
5, 80, 21, 16, 3
5, 80, 21, 16, 3
5, 80, 21, 16, 3
5, 80, 21, 16, 3
5, 80, 21, 17, 3
5, 80, 21, 17, 3
5, 80, 21, 17, 3
5, 80, 21, 17, 3
5, 80, 21, 18, 3
5, 80, 21, 18, 3
5, 80, 21, 18, 3
5, 80, 21, 18, 3
5, 80, 21, 19, 3
5, 80, 21, 19, 3
5, 80, 21, 19, 3
5, 80, 21, 19, 3
6, 8, 0, 20, 3
6, 8, 0, 20, 3
6, 8, 0, 20, 3
6, 8, 0, 20, 3
6, 8, 0, 21, 3
6, 8, 0, 21, 3
6, 8, 0, 21, 3
6, 8, 0, 21, 3
6, 8, 1, 20, 3
6, 8, 1, 20, 3
6, 8, 1, 20, 3
6, 8, 1, 20, 3
6, 8, 1, 21, 3
6, 8, 1, 21, 3
6, 8, 1, 21, 3
6, 8, 1, 21, 3
6, 8, 2, 20, 3
6, 8, 2, 20, 3
6, 8, 2, 20, 3
6, 8, 2, 20, 3
6, 8, 2, 21, 3
6, 8, 2, 21, 3
6, 8, 2, 21, 3
6, 8, 2, 21, 3
6, 8, 3, 20, 3
6, 8, 3, 20, 3
6, 8, 3, 20, 3
6, 8, 3, 20, 3
6, 8, 3, 21, 3
6, 8, 3, 21, 3
6, 8, 3, 21, 3
6, 8, 3, 21, 3
6, 8, 4, 20, 3
6, 8, 4, 20, 3
6, 8, 4, 20, 3
6, 8, 4, 20, 3
6, 8, 4, 21, 3
6, 8, 4, 21, 3
6, 8, 4, 21, 3
6, 8, 4, 21, 3
6, 8, 5, 20, 3
6, 8, 5, 20, 3
6, 8, 5, 20, 3
6, 8, 5, 20, 3
6, 8, 5, 21, 3
6, 8, 5, 21, 3
6, 8, 5, 21, 3
6, 8, 5, 21, 3
6, 8, 6, 20, 3
6, 8, 6, 20, 3
6, 8, 6, 20, 3
6, 8, 6, 20, 3
6, 8, 6, 21, 3
6, 8, 6, 21, 3
6, 8, 6, 21, 3
6, 8, 6, 21, 3
6, 8, 7, 20, 3
6, 8, 7, 20, 3
6, 8, 7, 20, 3
6, 8, 7, 20, 3
6, 8, 7, 21, 3
6, 8, 7, 21, 3
6, 8, 7, 21, 3
6, 8, 7, 21, 3
6, 8, 8, 20, 3
6, 8, 8, 20, 3
6, 8, 8, 20, 3
6, 8, 8, 20, 3
6, 8, 8, 21, 3
6, 8, 8, 21, 3
6, 8, 8, 21, 3
6, 8, 8, 21, 3
6, 8, 9, 20, 3
6, 8, 9, 20, 3
6, 8, 9, 20, 3
6, 8, 9, 20, 3
6, 8, 9, 21, 3
6, 8, 9, 21, 3
6, 8, 9, 21, 3
6, 8, 9, 21, 3
6, 8, 10, 20, 3
6, 8, 10, 20, 3
6, 8, 10, 20, 3
6, 8, 10, 20, 3
6, 8, 10, 21, 3
6, 8, 10, 21, 3
6, 8, 10, 21, 3
6, 8, 10, 21, 3
6, 8, 11, 20, 3
6, 8, 11, 20, 3
6, 8, 11, 20, 3
6, 8, 11, 20, 3
6, 8, 11, 21, 3
6, 8, 11, 21, 3
6, 8, 11, 21, 3
6, 8, 11, 21, 3
6, 8, 12, 20, 3
6, 8, 12, 20, 3
6, 8, 12, 20, 3
6, 8, 12, 20, 3
6, 8, 12, 21, 3
6, 8, 12, 21, 3
6, 8, 12, 21, 3
6, 8, 12, 21, 3
6, 8, 13, 20, 3
6, 8, 13, 20, 3
6, 8, 13, 20, 3
6, 8, 13, 20, 3
6, 8, 13, 21, 3
6, 8, 13, 21, 3
6, 8, 13, 21, 3
6, 8, 13, 21, 3
6, 8, 14, 20, 3
6, 8, 14, 20, 3
6, 8, 14, 20, 3
6, 8, 14, 20, 3
6, 8, 14, 21, 3
6, 8, 14, 21, 3
6, 8, 14, 21, 3
6, 8, 14, 21, 3
6, 8, 15, 20, 3
6, 8, 15, 20, 3
6, 8, 15, 20, 3
6, 8, 15, 20, 3
6, 8, 15, 21, 3
6, 8, 15, 21, 3
6, 8, 15, 21, 3
6, 8, 15, 21, 3
6, 8, 16, 20, 3
6, 8, 16, 20, 3
6, 8, 16, 20, 3
6, 8, 16, 20, 3
6, 8, 16, 21, 3
6, 8, 16, 21, 3
6, 8, 16, 21, 3
6, 8, 16, 21, 3
6, 8, 17, 20, 3
6, 8, 17, 20, 3
6, 8, 17, 20, 3
6, 8, 17, 20, 3
6, 8, 17, 21, 3
6, 8, 17, 21, 3
6, 8, 17, 21, 3
6, 8, 17, 21, 3
6, 8, 18, 20, 3
6, 8, 18, 20, 3
6, 8, 18, 20, 3
6, 8, 18, 20, 3
6, 8, 18, 21, 3
6, 8, 18, 21, 3
6, 8, 18, 21, 3
6, 8, 18, 21, 3
6, 8, 19, 20, 3
6, 8, 19, 20, 3
6, 8, 19, 20, 3
6, 8, 19, 20, 3
6, 8, 19, 21, 3
6, 8, 19, 21, 3
6, 8, 19, 21, 3
6, 8, 19, 21, 3
6, 80, 20, 0, 3
6, 80, 20, 0, 3
6, 80, 20, 0, 3
6, 80, 20, 0, 3
6, 80, 20, 1, 3
6, 80, 20, 1, 3
6, 80, 20, 1, 3
6, 80, 20, 1, 3
6, 80, 20, 2, 3
6, 80, 20, 2, 3
6, 80, 20, 2, 3
6, 80, 20, 2, 3
6, 80, 20, 3, 3
6, 80, 20, 3, 3
6, 80, 20, 3, 3
6, 80, 20, 3, 3
6, 80, 20, 4, 3
6, 80, 20, 4, 3
6, 80, 20, 4, 3
6, 80, 20, 4, 3
6, 80, 20, 5, 3
6, 80, 20, 5, 3
6, 80, 20, 5, 3
6, 80, 20, 5, 3
6, 80, 20, 6, 3
6, 80, 20, 6, 3
6, 80, 20, 6, 3
6, 80, 20, 6, 3
6, 80, 20, 7, 3
6, 80, 20, 7, 3
6, 80, 20, 7, 3
6, 80, 20, 7, 3
6, 80, 20, 8, 3
6, 80, 20, 8, 3
6, 80, 20, 8, 3
6, 80, 20, 8, 3
6, 80, 20, 9, 3
6, 80, 20, 9, 3
6, 80, 20, 9, 3
6, 80, 20, 9, 3
6, 80, 20, 10, 3
6, 80, 20, 10, 3
6, 80, 20, 10, 3
6, 80, 20, 10, 3
6, 80, 20, 11, 3
6, 80, 20, 11, 3
6, 80, 20, 11, 3
6, 80, 20, 11, 3
6, 80, 20, 12, 3
6, 80, 20, 12, 3
6, 80, 20, 12, 3
6, 80, 20, 12, 3
6, 80, 20, 13, 3
6, 80, 20, 13, 3
6, 80, 20, 13, 3
6, 80, 20, 13, 3
6, 80, 20, 14, 3
6, 80, 20, 14, 3
6, 80, 20, 14, 3
6, 80, 20, 14, 3
6, 80, 20, 15, 3
6, 80, 20, 15, 3
6, 80, 20, 15, 3
6, 80, 20, 15, 3
6, 80, 20, 16, 3
6, 80, 20, 16, 3
6, 80, 20, 16, 3
6, 80, 20, 16, 3
6, 80, 20, 17, 3
6, 80, 20, 17, 3
6, 80, 20, 17, 3
6, 80, 20, 17, 3
6, 80, 20, 18, 3
6, 80, 20, 18, 3
6, 80, 20, 18, 3
6, 80, 20, 18, 3
6, 80, 20, 19, 3
6, 80, 20, 19, 3
6, 80, 20, 19, 3
6, 80, 20, 19, 3
6, 80, 21, 0, 3
6, 80, 21, 0, 3
6, 80, 21, 0, 3
6, 80, 21, 0, 3
6, 80, 21, 1, 3
6, 80, 21, 1, 3
6, 80, 21, 1, 3
6, 80, 21, 1, 3
6, 80, 21, 2, 3
6, 80, 21, 2, 3
6, 80, 21, 2, 3
6, 80, 21, 2, 3
6, 80, 21, 3, 3
6, 80, 21, 3, 3
6, 80, 21, 3, 3
6, 80, 21, 3, 3
6, 80, 21, 4, 3
6, 80, 21, 4, 3
6, 80, 21, 4, 3
6, 80, 21, 4, 3
6, 80, 21, 5, 3
6, 80, 21, 5, 3
6, 80, 21, 5, 3
6, 80, 21, 5, 3
6, 80, 21, 6, 3
6, 80, 21, 6, 3
6, 80, 21, 6, 3
6, 80, 21, 6, 3
6, 80, 21, 7, 3
6, 80, 21, 7, 3
6, 80, 21, 7, 3
6, 80, 21, 7, 3
6, 80, 21, 8, 3
6, 80, 21, 8, 3
6, 80, 21, 8, 3
6, 80, 21, 8, 3
6, 80, 21, 9, 3
6, 80, 21, 9, 3
6, 80, 21, 9, 3
6, 80, 21, 9, 3
6, 80, 21, 10, 3
6, 80, 21, 10, 3
6, 80, 21, 10, 3
6, 80, 21, 10, 3
6, 80, 21, 11, 3
6, 80, 21, 11, 3
6, 80, 21, 11, 3
6, 80, 21, 11, 3
6, 80, 21, 12, 3
6, 80, 21, 12, 3
6, 80, 21, 12, 3
6, 80, 21, 12, 3
6, 80, 21, 13, 3
6, 80, 21, 13, 3
6, 80, 21, 13, 3
6, 80, 21, 13, 3
6, 80, 21, 14, 3
6, 80, 21, 14, 3
6, 80, 21, 14, 3
6, 80, 21, 14, 3
6, 80, 21, 15, 3
6, 80, 21, 15, 3
6, 80, 21, 15, 3
6, 80, 21, 15, 3
6, 80, 21, 16, 3
6, 80, 21, 16, 3
6, 80, 21, 16, 3
6, 80, 21, 16, 3
6, 80, 21, 17, 3
6, 80, 21, 17, 3
6, 80, 21, 17, 3
6, 80, 21, 17, 3
6, 80, 21, 18, 3
6, 80, 21, 18, 3
6, 80, 21, 18, 3
6, 80, 21, 18, 3
6, 80, 21, 19, 3
6, 80, 21, 19, 3
6, 80, 21, 19, 3
6, 80, 21, 19, 3
7, 8, 0, 20, 3
7, 8, 0, 20, 3
7, 8, 0, 20, 3
7, 8, 0, 20, 3
7, 8, 0, 21, 3
7, 8, 0, 21, 3
7, 8, 0, 21, 3
7, 8, 0, 21, 3
7, 8, 1, 20, 3
7, 8, 1, 20, 3
7, 8, 1, 20, 3
7, 8, 1, 20, 3
7, 8, 1, 21, 3
7, 8, 1, 21, 3
7, 8, 1, 21, 3
7, 8, 1, 21, 3
7, 8, 2, 20, 3
7, 8, 2, 20, 3
7, 8, 2, 20, 3
7, 8, 2, 20, 3
7, 8, 2, 21, 3
7, 8, 2, 21, 3
7, 8, 2, 21, 3
7, 8, 2, 21, 3
7, 8, 3, 20, 3
7, 8, 3, 20, 3
7, 8, 3, 20, 3
7, 8, 3, 20, 3
7, 8, 3, 21, 3
7, 8, 3, 21, 3
7, 8, 3, 21, 3
7, 8, 3, 21, 3
7, 8, 4, 20, 3
7, 8, 4, 20, 3
7, 8, 4, 20, 3
7, 8, 4, 20, 3
7, 8, 4, 21, 3
7, 8, 4, 21, 3
7, 8, 4, 21, 3
7, 8, 4, 21, 3
7, 8, 5, 20, 3
7, 8, 5, 20, 3
7, 8, 5, 20, 3
7, 8, 5, 20, 3
7, 8, 5, 21, 3
7, 8, 5, 21, 3
7, 8, 5, 21, 3
7, 8, 5, 21, 3
7, 8, 6, 20, 3
7, 8, 6, 20, 3
7, 8, 6, 20, 3
7, 8, 6, 20, 3
7, 8, 6, 21, 3
7, 8, 6, 21, 3
7, 8, 6, 21, 3
7, 8, 6, 21, 3
7, 8, 7, 20, 3
7, 8, 7, 20, 3
7, 8, 7, 20, 3
7, 8, 7, 20, 3
7, 8, 7, 21, 3
7, 8, 7, 21, 3
7, 8, 7, 21, 3
7, 8, 7, 21, 3
7, 8, 8, 20, 3
7, 8, 8, 20, 3
7, 8, 8, 20, 3
7, 8, 8, 20, 3
7, 8, 8, 21, 3
7, 8, 8, 21, 3
7, 8, 8, 21, 3
7, 8, 8, 21, 3
7, 8, 9, 20, 3
7, 8, 9, 20, 3
7, 8, 9, 20, 3
7, 8, 9, 20, 3
7, 8, 9, 21, 3
7, 8, 9, 21, 3
7, 8, 9, 21, 3
7, 8, 9, 21, 3
7, 8, 10, 20, 3
7, 8, 10, 20, 3
7, 8, 10, 20, 3
7, 8, 10, 20, 3
7, 8, 10, 21, 3
7, 8, 10, 21, 3
7, 8, 10, 21, 3
7, 8, 10, 21, 3
7, 8, 11, 20, 3
7, 8, 11, 20, 3
7, 8, 11, 20, 3
7, 8, 11, 20, 3
7, 8, 11, 21, 3
7, 8, 11, 21, 3
7, 8, 11, 21, 3
7, 8, 11, 21, 3
7, 8, 12, 20, 3
7, 8, 12, 20, 3
7, 8, 12, 20, 3
7, 8, 12, 20, 3
7, 8, 12, 21, 3
7, 8, 12, 21, 3
7, 8, 12, 21, 3
7, 8, 12, 21, 3
7, 8, 13, 20, 3
7, 8, 13, 20, 3
7, 8, 13, 20, 3
7, 8, 13, 20, 3
7, 8, 13, 21, 3
7, 8, 13, 21, 3
7, 8, 13, 21, 3
7, 8, 13, 21, 3
7, 8, 14, 20, 3
7, 8, 14, 20, 3
7, 8, 14, 20, 3
7, 8, 14, 20, 3
7, 8, 14, 21, 3
7, 8, 14, 21, 3
7, 8, 14, 21, 3
7, 8, 14, 21, 3
7, 8, 15, 20, 3
7, 8, 15, 20, 3
7, 8, 15, 20, 3
7, 8, 15, 20, 3
7, 8, 15, 21, 3
7, 8, 15, 21, 3
7, 8, 15, 21, 3
7, 8, 15, 21, 3
7, 8, 16, 20, 3
7, 8, 16, 20, 3
7, 8, 16, 20, 3
7, 8, 16, 20, 3
7, 8, 16, 21, 3
7, 8, 16, 21, 3
7, 8, 16, 21, 3
7, 8, 16, 21, 3
7, 8, 17, 20, 3
7, 8, 17, 20, 3
7, 8, 17, 20, 3
7, 8, 17, 20, 3
7, 8, 17, 21, 3
7, 8, 17, 21, 3
7, 8, 17, 21, 3
7, 8, 17, 21, 3
7, 8, 18, 20, 3
7, 8, 18, 20, 3
7, 8, 18, 20, 3
7, 8, 18, 20, 3
7, 8, 18, 21, 3
7, 8, 18, 21, 3
7, 8, 18, 21, 3
7, 8, 18, 21, 3
7, 8, 19, 20, 3
7, 8, 19, 20, 3
7, 8, 19, 20, 3
7, 8, 19, 20, 3
7, 8, 19, 21, 3
7, 8, 19, 21, 3
7, 8, 19, 21, 3
7, 8, 19, 21, 3
7, 80, 20, 0, 3
7, 80, 20, 0, 3
7, 80, 20, 0, 3
7, 80, 20, 0, 3
7, 80, 20, 1, 3
7, 80, 20, 1, 3
7, 80, 20, 1, 3
7, 80, 20, 1, 3
7, 80, 20, 2, 3
7, 80, 20, 2, 3
7, 80, 20, 2, 3
7, 80, 20, 2, 3
7, 80, 20, 3, 3
7, 80, 20, 3, 3
7, 80, 20, 3, 3
7, 80, 20, 3, 3
7, 80, 20, 4, 3
7, 80, 20, 4, 3
7, 80, 20, 4, 3
7, 80, 20, 4, 3
7, 80, 20, 5, 3
7, 80, 20, 5, 3
7, 80, 20, 5, 3
7, 80, 20, 5, 3
7, 80, 20, 6, 3
7, 80, 20, 6, 3
7, 80, 20, 6, 3
7, 80, 20, 6, 3
7, 80, 20, 7, 3
7, 80, 20, 7, 3
7, 80, 20, 7, 3
7, 80, 20, 7, 3
7, 80, 20, 8, 3
7, 80, 20, 8, 3
7, 80, 20, 8, 3
7, 80, 20, 8, 3
7, 80, 20, 9, 3
7, 80, 20, 9, 3
7, 80, 20, 9, 3
7, 80, 20, 9, 3
7, 80, 20, 10, 3
7, 80, 20, 10, 3
7, 80, 20, 10, 3
7, 80, 20, 10, 3
7, 80, 20, 11, 3
7, 80, 20, 11, 3
7, 80, 20, 11, 3
7, 80, 20, 11, 3
7, 80, 20, 12, 3
7, 80, 20, 12, 3
7, 80, 20, 12, 3
7, 80, 20, 12, 3
7, 80, 20, 13, 3
7, 80, 20, 13, 3
7, 80, 20, 13, 3
7, 80, 20, 13, 3
7, 80, 20, 14, 3
7, 80, 20, 14, 3
7, 80, 20, 14, 3
7, 80, 20, 14, 3
7, 80, 20, 15, 3
7, 80, 20, 15, 3
7, 80, 20, 15, 3
7, 80, 20, 15, 3
7, 80, 20, 16, 3
7, 80, 20, 16, 3
7, 80, 20, 16, 3
7, 80, 20, 16, 3
7, 80, 20, 17, 3
7, 80, 20, 17, 3
7, 80, 20, 17, 3
7, 80, 20, 17, 3
7, 80, 20, 18, 3
7, 80, 20, 18, 3
7, 80, 20, 18, 3
7, 80, 20, 18, 3
7, 80, 20, 19, 3
7, 80, 20, 19, 3
7, 80, 20, 19, 3
7, 80, 20, 19, 3
7, 80, 21, 0, 3
7, 80, 21, 0, 3
7, 80, 21, 0, 3
7, 80, 21, 0, 3
7, 80, 21, 1, 3
7, 80, 21, 1, 3
7, 80, 21, 1, 3
7, 80, 21, 1, 3
7, 80, 21, 2, 3
7, 80, 21, 2, 3
7, 80, 21, 2, 3
7, 80, 21, 2, 3
7, 80, 21, 3, 3
7, 80, 21, 3, 3
7, 80, 21, 3, 3
7, 80, 21, 3, 3
7, 80, 21, 4, 3
7, 80, 21, 4, 3
7, 80, 21, 4, 3
7, 80, 21, 4, 3
7, 80, 21, 5, 3
7, 80, 21, 5, 3
7, 80, 21, 5, 3
7, 80, 21, 5, 3
7, 80, 21, 6, 3
7, 80, 21, 6, 3
7, 80, 21, 6, 3
7, 80, 21, 6, 3
7, 80, 21, 7, 3
7, 80, 21, 7, 3
7, 80, 21, 7, 3
7, 80, 21, 7, 3
7, 80, 21, 8, 3
7, 80, 21, 8, 3
7, 80, 21, 8, 3
7, 80, 21, 8, 3
7, 80, 21, 9, 3
7, 80, 21, 9, 3
7, 80, 21, 9, 3
7, 80, 21, 9, 3
7, 80, 21, 10, 3
7, 80, 21, 10, 3
7, 80, 21, 10, 3
7, 80, 21, 10, 3
7, 80, 21, 11, 3
7, 80, 21, 11, 3
7, 80, 21, 11, 3
7, 80, 21, 11, 3
7, 80, 21, 12, 3
7, 80, 21, 12, 3
7, 80, 21, 12, 3
7, 80, 21, 12, 3
7, 80, 21, 13, 3
7, 80, 21, 13, 3
7, 80, 21, 13, 3
7, 80, 21, 13, 3
7, 80, 21, 14, 3
7, 80, 21, 14, 3
7, 80, 21, 14, 3
7, 80, 21, 14, 3
7, 80, 21, 15, 3
7, 80, 21, 15, 3
7, 80, 21, 15, 3
7, 80, 21, 15, 3
7, 80, 21, 16, 3
7, 80, 21, 16, 3
7, 80, 21, 16, 3
7, 80, 21, 16, 3
7, 80, 21, 17, 3
7, 80, 21, 17, 3
7, 80, 21, 17, 3
7, 80, 21, 17, 3
7, 80, 21, 18, 3
7, 80, 21, 18, 3
7, 80, 21, 18, 3
7, 80, 21, 18, 3
7, 80, 21, 19, 3
7, 80, 21, 19, 3
7, 80, 21, 19, 3
7, 80, 21, 19, 3
Goal
4
5
6
7
