CG
14
0, 8, 13, 1
0, 8, -1, 1
0, 8, 12, 1
0, 8, -1, 1
0, 8, -1, 1
0, 8, -1, 1
0, 8, 2, 1
0, 8, 6, 1
0, 8, 3, 1
0, 8, 8, 1
0, 8, -1, 2
0, 8, -1, 1
0, 8, -1, 1
0, 8, 7, 1
0, 8, -1, 1
0, 8, 9, 1
0, 8, -1, 1
1, 8, -1, 1
1, 8, 11, 1
1, 8, -1, 1
1, 8, -1, 1
1, 8, 10, 1
1, 8, -1, 1
1, 8, 4, 1
1, 8, 6, 1
1, 8, 5, 1
1, 8, 8, 1
1, 8, -1, 2
1, 8, -1, 1
1, 8, -1, 1
1, 8, 7, 1
1, 8, -1, 1
1, 8, 9, 1
1, 8, -1, 1
2, 5, -1, 1
2, 5, -1, 1
2, 5, -1, 1
2, 5, -1, 1
2, 5, -1, 1
2, 5, -1, 1
2, 5, 6, 1
2, 5, 3, 1
2, 5, 8, 1
2, 5, -1, 2
2, 5, -1, 1
2, 5, 7, 1
2, 5, -1, 1
2, 5, 9, 1
2, 5, -1, 1
3, 5, -1, 1
3, 5, -1, 1
3, 5, -1, 1
3, 5, -1, 1
3, 5, 2, 1
3, 5, 6, 1
3, 5, -1, 1
3, 5, -1, 1
3, 5, 8, 1
3, 5, -1, 1
3, 5, -1, 2
3, 5, 7, 1
3, 5, -1, 1
3, 5, 9, 1
3, 5, -1, 1
4, 5, -1, 1
4, 5, -1, 1
4, 5, -1, 1
4, 5, -1, 1
4, 5, -1, 1
4, 5, -1, 1
4, 5, 6, 1
4, 5, 5, 1
4, 5, 8, 1
4, 5, -1, 2
4, 5, -1, 1
4, 5, 7, 1
4, 5, -1, 1
4, 5, 9, 1
4, 5, -1, 1
5, 5, -1, 1
5, 5, -1, 1
5, 5, -1, 1
5, 5, -1, 1
5, 5, 4, 1
5, 5, 6, 1
5, 5, -1, 1
5, 5, -1, 1
5, 5, 8, 1
5, 5, -1, 1
5, 5, -1, 2
5, 5, 7, 1
5, 5, -1, 1
5, 5, 9, 1
5, 5, -1, 1
6, 9, 13, 1
6, 9, 0, 1
6, 9, -1, 1
6, 9, 1, 1
6, 9, 12, 1
6, 9, -1, 1
6, 9, -1, 2
6, 9, -1, 2
6, 9, -1, 6
6, 9, -1, 2
6, 9, 2, 2
6, 9, 4, 2
6, 9, -1, 2
6, 9, 3, 1
6, 9, 5, 1
6, 9, -1, 1
6, 9, -1, 3
6, 9, -1, 1
6, 9, -1, 1
6, 9, -1, 3
6, 9, -1, 1
6, 9, 7, 6
6, 9, -1, 6
7, 9, 13, 1
7, 9, 0, 1
7, 9, -1, 1
7, 9, 1, 1
7, 9, 12, 1
7, 9, -1, 1
7, 9, -1, 2
7, 9, -1, 2
7, 9, -1, 6
7, 9, -1, 2
7, 9, 2, 2
7, 9, 4, 2
7, 9, 6, 6
7, 9, -1, 2
7, 9, 3, 1
7, 9, 5, 1
7, 9, -1, 1
7, 9, -1, 3
7, 9, -1, 1
7, 9, -1, 1
7, 9, -1, 3
7, 9, -1, 1
7, 9, -1, 6
8, 9, -1, 1
8, 9, 0, 1
8, 9, 11, 1
8, 9, 1, 1
8, 9, -1, 1
8, 9, 10, 1
8, 9, -1, 2
8, 9, -1, 2
8, 9, -1, 6
8, 9, -1, 2
8, 9, 2, 1
8, 9, 4, 1
8, 9, -1, 2
8, 9, 3, 2
8, 9, 5, 2
8, 9, -1, 1
8, 9, -1, 1
8, 9, -1, 3
8, 9, -1, 1
8, 9, -1, 1
8, 9, -1, 3
8, 9, 9, 6
8, 9, -1, 6
9, 9, -1, 1
9, 9, 0, 1
9, 9, 11, 1
9, 9, 1, 1
9, 9, -1, 1
9, 9, 10, 1
9, 9, -1, 2
9, 9, -1, 2
9, 9, -1, 6
9, 9, -1, 2
9, 9, 2, 1
9, 9, 4, 1
9, 9, -1, 2
9, 9, 3, 2
9, 9, 5, 2
9, 9, 8, 6
9, 9, -1, 1
9, 9, -1, 1
9, 9, -1, 3
9, 9, -1, 1
9, 9, -1, 1
9, 9, -1, 3
9, 9, -1, 6
DTG
0, 2, 0, 1, 3
0, 2, 0, 1, 3
1, 2, 0, 1, 3
1, 2, 0, 1, 3
2, 1, 0, 1, 3
2, 2, 1, 0, 4
2, 2, 1, 0, 4
3, 1, 0, 1, 3
3, 2, 1, 0, 4
3, 2, 1, 0, 4
4, 1, 0, 1, 3
4, 2, 1, 0, 4
4, 2, 1, 0, 4
5, 1, 0, 1, 3
5, 2, 1, 0, 4
5, 2, 1, 0, 4
6, 6, 0, 1, 3
6, 6, 0, 1, 3
6, 6, 0, 1, 3
6, 6, 0, 1, 3
6, 6, 0, 1, 3
6, 6, 0, 1, 3
7, 6, 0, 1, 3
7, 6, 0, 1, 3
7, 6, 0, 1, 3
7, 6, 0, 1, 3
7, 6, 0, 1, 3
7, 6, 0, 1, 3
8, 6, 0, 1, 3
8, 6, 0, 1, 3
8, 6, 0, 1, 3
8, 6, 0, 1, 3
8, 6, 0, 1, 3
8, 6, 0, 1, 3
9, 6, 0, 1, 3
9, 6, 0, 1, 3
9, 6, 0, 1, 3
9, 6, 0, 1, 3
9, 6, 0, 1, 3
9, 6, 0, 1, 3
10, 1, 1, 0, 4
11, 1, 1, 0, 4
12, 1, 1, 0, 4
13, 1, 1, 0, 4
Goal
10
11
12
13
