CG
34
0, 30, 2, 2
0, 30, 4, 2
0, 30, 6, 2
0, 30, 5, 2
0, 30, 3, 2
0, 30, 11, 4
0, 30, 22, 4
0, 30, 24, 4
0, 30, 23, 4
0, 30, 12, 4
0, 30, 18, 4
0, 30, 28, 4
0, 30, 31, 4
0, 30, 30, 4
0, 30, 20, 4
0, 30, 19, 4
0, 30, 29, 4
0, 30, 33, 4
0, 30, 32, 4
0, 30, 21, 4
0, 30, 13, 4
0, 30, 25, 4
0, 30, 27, 4
0, 30, 26, 4
0, 30, 15, 4
0, 30, 9, 2
0, 30, 14, 2
0, 30, 17, 2
0, 30, 16, 2
0, 30, 10, 2
1, 30, 2, 2
1, 30, 4, 2
1, 30, 6, 2
1, 30, 5, 2
1, 30, 3, 2
1, 30, 11, 4
1, 30, 22, 4
1, 30, 24, 4
1, 30, 23, 4
1, 30, 12, 4
1, 30, 18, 4
1, 30, 28, 4
1, 30, 31, 4
1, 30, 30, 4
1, 30, 20, 4
1, 30, 19, 4
1, 30, 29, 4
1, 30, 33, 4
1, 30, 32, 4
1, 30, 21, 4
1, 30, 13, 4
1, 30, 25, 4
1, 30, 27, 4
1, 30, 26, 4
1, 30, 15, 4
1, 30, 9, 2
1, 30, 14, 2
1, 30, 17, 2
1, 30, 16, 2
1, 30, 10, 2
2, 4, 4, 2
2, 4, 11, 2
2, 4, 7, 2
2, 4, 8, 2
3, 4, 5, 2
3, 4, 12, 2
3, 4, 7, 2
3, 4, 8, 2
4, 5, 2, 2
4, 5, 6, 2
4, 5, 22, 2
4, 5, 7, 3
4, 5, 8, 3
5, 5, 6, 2
5, 5, 3, 2
5, 5, 23, 2
5, 5, 7, 3
5, 5, 8, 3
6, 5, 4, 2
6, 5, 5, 2
6, 5, 24, 2
6, 5, 7, 3
6, 5, 8, 3
7, 30, 2, 6
7, 30, 4, 8
7, 30, 6, 8
7, 30, 5, 8
7, 30, 3, 6
7, 30, 11, 10
7, 30, 22, 12
7, 30, 24, 12
7, 30, 23, 12
7, 30, 12, 10
7, 30, 18, 10
7, 30, 28, 12
7, 30, 31, 12
7, 30, 30, 12
7, 30, 20, 10
7, 30, 19, 10
7, 30, 29, 12
7, 30, 33, 12
7, 30, 32, 12
7, 30, 21, 10
7, 30, 13, 10
7, 30, 25, 12
7, 30, 27, 12
7, 30, 26, 12
7, 30, 15, 10
7, 30, 9, 6
7, 30, 14, 8
7, 30, 17, 8
7, 30, 16, 8
7, 30, 10, 6
8, 30, 2, 6
8, 30, 4, 8
8, 30, 6, 8
8, 30, 5, 8
8, 30, 3, 6
8, 30, 11, 10
8, 30, 22, 12
8, 30, 24, 12
8, 30, 23, 12
8, 30, 12, 10
8, 30, 18, 10
8, 30, 28, 12
8, 30, 31, 12
8, 30, 30, 12
8, 30, 20, 10
8, 30, 19, 10
8, 30, 29, 12
8, 30, 33, 12
8, 30, 32, 12
8, 30, 21, 10
8, 30, 13, 10
8, 30, 25, 12
8, 30, 27, 12
8, 30, 26, 12
8, 30, 15, 10
8, 30, 9, 6
8, 30, 14, 8
8, 30, 17, 8
8, 30, 16, 8
8, 30, 10, 6
9, 4, 13, 2
9, 4, 14, 2
9, 4, 7, 2
9, 4, 8, 2
10, 4, 15, 2
10, 4, 16, 2
10, 4, 7, 2
10, 4, 8, 2
11, 5, 2, 2
11, 5, 22, 2
11, 5, 18, 2
11, 5, 7, 3
11, 5, 8, 3
12, 5, 3, 2
12, 5, 23, 2
12, 5, 20, 2
12, 5, 7, 3
12, 5, 8, 3
13, 5, 19, 2
13, 5, 25, 2
13, 5, 9, 2
13, 5, 7, 3
13, 5, 8, 3
14, 5, 25, 2
14, 5, 9, 2
14, 5, 17, 2
14, 5, 7, 3
14, 5, 8, 3
15, 5, 21, 2
15, 5, 26, 2
15, 5, 10, 2
15, 5, 7, 3
15, 5, 8, 3
16, 5, 26, 2
16, 5, 17, 2
16, 5, 10, 2
16, 5, 7, 3
16, 5, 8, 3
17, 5, 27, 2
17, 5, 14, 2
17, 5, 16, 2
17, 5, 7, 3
17, 5, 8, 3
18, 5, 11, 2
18, 5, 28, 2
18, 5, 19, 2
18, 5, 7, 3
18, 5, 8, 3
19, 5, 18, 2
19, 5, 29, 2
19, 5, 13, 2
19, 5, 7, 3
19, 5, 8, 3
20, 5, 12, 2
20, 5, 30, 2
20, 5, 21, 2
20, 5, 7, 3
20, 5, 8, 3
21, 5, 20, 2
21, 5, 32, 2
21, 5, 15, 2
21, 5, 7, 3
21, 5, 8, 3
22, 6, 4, 2
22, 6, 11, 2
22, 6, 24, 2
22, 6, 28, 2
22, 6, 7, 4
22, 6, 8, 4
23, 6, 5, 2
23, 6, 24, 2
23, 6, 12, 2
23, 6, 30, 2
23, 6, 7, 4
23, 6, 8, 4
24, 6, 6, 2
24, 6, 22, 2
24, 6, 23, 2
24, 6, 31, 2
24, 6, 7, 4
24, 6, 8, 4
25, 6, 29, 2
25, 6, 13, 2
25, 6, 27, 2
25, 6, 14, 2
25, 6, 7, 4
25, 6, 8, 4
26, 6, 32, 2
26, 6, 27, 2
26, 6, 15, 2
26, 6, 16, 2
26, 6, 7, 4
26, 6, 8, 4
27, 6, 33, 2
27, 6, 25, 2
27, 6, 26, 2
27, 6, 17, 2
27, 6, 7, 4
27, 6, 8, 4
28, 6, 22, 2
28, 6, 18, 2
28, 6, 31, 2
28, 6, 29, 2
28, 6, 7, 4
28, 6, 8, 4
29, 6, 28, 2
29, 6, 19, 2
29, 6, 33, 2
29, 6, 25, 2
29, 6, 7, 4
29, 6, 8, 4
30, 6, 23, 2
30, 6, 31, 2
30, 6, 20, 2
30, 6, 32, 2
30, 6, 7, 4
30, 6, 8, 4
31, 6, 24, 2
31, 6, 28, 2
31, 6, 30, 2
31, 6, 33, 2
31, 6, 7, 4
31, 6, 8, 4
32, 6, 30, 2
32, 6, 33, 2
32, 6, 21, 2
32, 6, 26, 2
32, 6, 7, 4
32, 6, 8, 4
33, 6, 31, 2
33, 6, 29, 2
33, 6, 32, 2
33, 6, 27, 2
33, 6, 7, 4
33, 6, 8, 4
DTG
0, 1, 0, 1, 1
0, 1, 1, 0, 1
1, 1, 0, 1, 1
1, 1, 1, 0, 1
2, 8, 0, 1, 3
2, 8, 0, 1, 3
2, 8, 0, 2, 3
2, 8, 0, 2, 3
2, 8, 0, 3, 2
2, 8, 0, 3, 2
2, 8, 0, 3, 2
2, 8, 0, 3, 2
2, 4, 1, 0, 3
2, 4, 1, 0, 3
2, 4, 1, 0, 3
2, 4, 1, 0, 3
2, 4, 2, 0, 3
2, 4, 2, 0, 3
2, 4, 2, 0, 3
2, 4, 2, 0, 3
2, 4, 3, 0, 3
2, 4, 3, 0, 3
2, 4, 3, 0, 3
2, 4, 3, 0, 3
3, 8, 0, 1, 3
3, 8, 0, 1, 3
3, 8, 0, 2, 3
3, 8, 0, 2, 3
3, 8, 0, 3, 2
3, 8, 0, 3, 2
3, 8, 0, 3, 2
3, 8, 0, 3, 2
3, 4, 1, 0, 3
3, 4, 1, 0, 3
3, 4, 1, 0, 3
3, 4, 1, 0, 3
3, 4, 2, 0, 3
3, 4, 2, 0, 3
3, 4, 2, 0, 3
3, 4, 2, 0, 3
3, 4, 3, 0, 3
3, 4, 3, 0, 3
3, 4, 3, 0, 3
3, 4, 3, 0, 3
4, 10, 0, 1, 3
4, 10, 0, 1, 3
4, 10, 0, 2, 3
4, 10, 0, 2, 3
4, 10, 0, 3, 2
4, 10, 0, 3, 2
4, 10, 0, 3, 2
4, 10, 0, 3, 2
4, 10, 0, 3, 2
4, 10, 0, 3, 2
4, 6, 1, 0, 3
4, 6, 1, 0, 3
4, 6, 1, 0, 3
4, 6, 1, 0, 3
4, 6, 1, 0, 3
4, 6, 1, 0, 3
4, 6, 2, 0, 3
4, 6, 2, 0, 3
4, 6, 2, 0, 3
4, 6, 2, 0, 3
4, 6, 2, 0, 3
4, 6, 2, 0, 3
4, 6, 3, 0, 3
4, 6, 3, 0, 3
4, 6, 3, 0, 3
4, 6, 3, 0, 3
4, 6, 3, 0, 3
4, 6, 3, 0, 3
5, 10, 0, 1, 3
5, 10, 0, 1, 3
5, 10, 0, 2, 3
5, 10, 0, 2, 3
5, 10, 0, 3, 2
5, 10, 0, 3, 2
5, 10, 0, 3, 2
5, 10, 0, 3, 2
5, 10, 0, 3, 2
5, 10, 0, 3, 2
5, 6, 1, 0, 3
5, 6, 1, 0, 3
5, 6, 1, 0, 3
5, 6, 1, 0, 3
5, 6, 1, 0, 3
5, 6, 1, 0, 3
5, 6, 2, 0, 3
5, 6, 2, 0, 3
5, 6, 2, 0, 3
5, 6, 2, 0, 3
5, 6, 2, 0, 3
5, 6, 2, 0, 3
5, 6, 3, 0, 3
5, 6, 3, 0, 3
5, 6, 3, 0, 3
5, 6, 3, 0, 3
5, 6, 3, 0, 3
5, 6, 3, 0, 3
6, 10, 0, 1, 3
6, 10, 0, 1, 3
6, 10, 0, 2, 3
6, 10, 0, 2, 3
6, 10, 0, 3, 2
6, 10, 0, 3, 2
6, 10, 0, 3, 2
6, 10, 0, 3, 2
6, 10, 0, 3, 2
6, 10, 0, 3, 2
6, 6, 1, 0, 3
6, 6, 1, 0, 3
6, 6, 1, 0, 3
6, 6, 1, 0, 3
6, 6, 1, 0, 3
6, 6, 1, 0, 3
6, 6, 2, 0, 3
6, 6, 2, 0, 3
6, 6, 2, 0, 3
6, 6, 2, 0, 3
6, 6, 2, 0, 3
6, 6, 2, 0, 3
6, 6, 3, 0, 3
6, 6, 3, 0, 3
6, 6, 3, 0, 3
6, 6, 3, 0, 3
6, 6, 3, 0, 3
6, 6, 3, 0, 3
7, 2, 0, 1, 2
7, 2, 0, 5, 2
7, 3, 1, 0, 2
7, 3, 1, 2, 2
7, 3, 1, 6, 2
7, 3, 2, 1, 2
7, 3, 2, 3, 2
7, 3, 2, 7, 2
7, 3, 3, 2, 2
7, 3, 3, 4, 2
7, 3, 3, 8, 2
7, 2, 4, 3, 2
7, 2, 4, 9, 2
7, 3, 5, 0, 2
7, 3, 5, 6, 2
7, 3, 5, 10, 2
7, 4, 6, 1, 2
7, 4, 6, 5, 2
7, 4, 6, 7, 2
7, 4, 6, 11, 2
7, 4, 7, 2, 2
7, 4, 7, 6, 2
7, 4, 7, 8, 2
7, 4, 7, 12, 2
7, 4, 8, 3, 2
7, 4, 8, 7, 2
7, 4, 8, 9, 2
7, 4, 8, 13, 2
7, 3, 9, 4, 2
7, 3, 9, 8, 2
7, 3, 9, 14, 2
7, 3, 10, 5, 2
7, 3, 10, 11, 2
7, 3, 10, 15, 2
7, 4, 11, 6, 2
7, 4, 11, 10, 2
7, 4, 11, 12, 2
7, 4, 11, 16, 2
7, 4, 12, 7, 2
7, 4, 12, 11, 2
7, 4, 12, 13, 2
7, 4, 12, 17, 2
7, 4, 13, 8, 2
7, 4, 13, 12, 2
7, 4, 13, 14, 2
7, 4, 13, 18, 2
7, 3, 14, 9, 2
7, 3, 14, 13, 2
7, 3, 14, 19, 2
7, 3, 15, 10, 2
7, 3, 15, 16, 2
7, 3, 15, 20, 2
7, 4, 16, 11, 2
7, 4, 16, 15, 2
7, 4, 16, 17, 2
7, 4, 16, 21, 2
7, 4, 17, 12, 2
7, 4, 17, 16, 2
7, 4, 17, 18, 2
7, 4, 17, 22, 2
7, 4, 18, 13, 2
7, 4, 18, 17, 2
7, 4, 18, 19, 2
7, 4, 18, 23, 2
7, 3, 19, 14, 2
7, 3, 19, 18, 2
7, 3, 19, 24, 2
7, 3, 20, 15, 2
7, 3, 20, 21, 2
7, 3, 20, 25, 2
7, 4, 21, 16, 2
7, 4, 21, 20, 2
7, 4, 21, 22, 2
7, 4, 21, 26, 2
7, 4, 22, 17, 2
7, 4, 22, 21, 2
7, 4, 22, 23, 2
7, 4, 22, 27, 2
7, 4, 23, 18, 2
7, 4, 23, 22, 2
7, 4, 23, 24, 2
7, 4, 23, 28, 2
7, 3, 24, 19, 2
7, 3, 24, 23, 2
7, 3, 24, 29, 2
7, 2, 25, 20, 2
7, 2, 25, 26, 2
7, 3, 26, 21, 2
7, 3, 26, 25, 2
7, 3, 26, 27, 2
7, 3, 27, 22, 2
7, 3, 27, 26, 2
7, 3, 27, 28, 2
7, 3, 28, 23, 2
7, 3, 28, 27, 2
7, 3, 28, 29, 2
7, 2, 29, 24, 2
7, 2, 29, 28, 2
8, 2, 0, 1, 2
8, 2, 0, 5, 2
8, 3, 1, 0, 2
8, 3, 1, 2, 2
8, 3, 1, 6, 2
8, 3, 2, 1, 2
8, 3, 2, 3, 2
8, 3, 2, 7, 2
8, 3, 3, 2, 2
8, 3, 3, 4, 2
8, 3, 3, 8, 2
8, 2, 4, 3, 2
8, 2, 4, 9, 2
8, 3, 5, 0, 2
8, 3, 5, 6, 2
8, 3, 5, 10, 2
8, 4, 6, 1, 2
8, 4, 6, 5, 2
8, 4, 6, 7, 2
8, 4, 6, 11, 2
8, 4, 7, 2, 2
8, 4, 7, 6, 2
8, 4, 7, 8, 2
8, 4, 7, 12, 2
8, 4, 8, 3, 2
8, 4, 8, 7, 2
8, 4, 8, 9, 2
8, 4, 8, 13, 2
8, 3, 9, 4, 2
8, 3, 9, 8, 2
8, 3, 9, 14, 2
8, 3, 10, 5, 2
8, 3, 10, 11, 2
8, 3, 10, 15, 2
8, 4, 11, 6, 2
8, 4, 11, 10, 2
8, 4, 11, 12, 2
8, 4, 11, 16, 2
8, 4, 12, 7, 2
8, 4, 12, 11, 2
8, 4, 12, 13, 2
8, 4, 12, 17, 2
8, 4, 13, 8, 2
8, 4, 13, 12, 2
8, 4, 13, 14, 2
8, 4, 13, 18, 2
8, 3, 14, 9, 2
8, 3, 14, 13, 2
8, 3, 14, 19, 2
8, 3, 15, 10, 2
8, 3, 15, 16, 2
8, 3, 15, 20, 2
8, 4, 16, 11, 2
8, 4, 16, 15, 2
8, 4, 16, 17, 2
8, 4, 16, 21, 2
8, 4, 17, 12, 2
8, 4, 17, 16, 2
8, 4, 17, 18, 2
8, 4, 17, 22, 2
8, 4, 18, 13, 2
8, 4, 18, 17, 2
8, 4, 18, 19, 2
8, 4, 18, 23, 2
8, 3, 19, 14, 2
8, 3, 19, 18, 2
8, 3, 19, 24, 2
8, 3, 20, 15, 2
8, 3, 20, 21, 2
8, 3, 20, 25, 2
8, 4, 21, 16, 2
8, 4, 21, 20, 2
8, 4, 21, 22, 2
8, 4, 21, 26, 2
8, 4, 22, 17, 2
8, 4, 22, 21, 2
8, 4, 22, 23, 2
8, 4, 22, 27, 2
8, 4, 23, 18, 2
8, 4, 23, 22, 2
8, 4, 23, 24, 2
8, 4, 23, 28, 2
8, 3, 24, 19, 2
8, 3, 24, 23, 2
8, 3, 24, 29, 2
8, 2, 25, 20, 2
8, 2, 25, 26, 2
8, 3, 26, 21, 2
8, 3, 26, 25, 2
8, 3, 26, 27, 2
8, 3, 27, 22, 2
8, 3, 27, 26, 2
8, 3, 27, 28, 2
8, 3, 28, 23, 2
8, 3, 28, 27, 2
8, 3, 28, 29, 2
8, 2, 29, 24, 2
8, 2, 29, 28, 2
9, 8, 0, 1, 3
9, 8, 0, 1, 3
9, 8, 0, 2, 3
9, 8, 0, 2, 3
9, 8, 0, 3, 2
9, 8, 0, 3, 2
9, 8, 0, 3, 2
9, 8, 0, 3, 2
9, 4, 1, 0, 3
9, 4, 1, 0, 3
9, 4, 1, 0, 3
9, 4, 1, 0, 3
9, 4, 2, 0, 3
9, 4, 2, 0, 3
9, 4, 2, 0, 3
9, 4, 2, 0, 3
9, 4, 3, 0, 3
9, 4, 3, 0, 3
9, 4, 3, 0, 3
9, 4, 3, 0, 3
10, 8, 0, 1, 3
10, 8, 0, 1, 3
10, 8, 0, 2, 3
10, 8, 0, 2, 3
10, 8, 0, 3, 2
10, 8, 0, 3, 2
10, 8, 0, 3, 2
10, 8, 0, 3, 2
10, 4, 1, 0, 3
10, 4, 1, 0, 3
10, 4, 1, 0, 3
10, 4, 1, 0, 3
10, 4, 2, 0, 3
10, 4, 2, 0, 3
10, 4, 2, 0, 3
10, 4, 2, 0, 3
10, 4, 3, 0, 3
10, 4, 3, 0, 3
10, 4, 3, 0, 3
10, 4, 3, 0, 3
11, 14, 0, 1, 3
11, 14, 0, 1, 3
11, 14, 0, 1, 3
11, 14, 0, 1, 3
11, 14, 0, 2, 3
11, 14, 0, 2, 3
11, 14, 0, 2, 3
11, 14, 0, 2, 3
11, 14, 0, 3, 2
11, 14, 0, 3, 2
11, 14, 0, 3, 2
11, 14, 0, 3, 2
11, 14, 0, 3, 2
11, 14, 0, 3, 2
11, 6, 1, 0, 3
11, 6, 1, 0, 3
11, 6, 1, 0, 3
11, 6, 1, 0, 3
11, 6, 1, 0, 3
11, 6, 1, 0, 3
11, 6, 2, 0, 3
11, 6, 2, 0, 3
11, 6, 2, 0, 3
11, 6, 2, 0, 3
11, 6, 2, 0, 3
11, 6, 2, 0, 3
11, 6, 3, 0, 3
11, 6, 3, 0, 3
11, 6, 3, 0, 3
11, 6, 3, 0, 3
11, 6, 3, 0, 3
11, 6, 3, 0, 3
12, 14, 0, 1, 3
12, 14, 0, 1, 3
12, 14, 0, 1, 3
12, 14, 0, 1, 3
12, 14, 0, 2, 3
12, 14, 0, 2, 3
12, 14, 0, 2, 3
12, 14, 0, 2, 3
12, 14, 0, 3, 2
12, 14, 0, 3, 2
12, 14, 0, 3, 2
12, 14, 0, 3, 2
12, 14, 0, 3, 2
12, 14, 0, 3, 2
12, 6, 1, 0, 3
12, 6, 1, 0, 3
12, 6, 1, 0, 3
12, 6, 1, 0, 3
12, 6, 1, 0, 3
12, 6, 1, 0, 3
12, 6, 2, 0, 3
12, 6, 2, 0, 3
12, 6, 2, 0, 3
12, 6, 2, 0, 3
12, 6, 2, 0, 3
12, 6, 2, 0, 3
12, 6, 3, 0, 3
12, 6, 3, 0, 3
12, 6, 3, 0, 3
12, 6, 3, 0, 3
12, 6, 3, 0, 3
12, 6, 3, 0, 3
13, 14, 0, 1, 3
13, 14, 0, 1, 3
13, 14, 0, 1, 3
13, 14, 0, 1, 3
13, 14, 0, 2, 3
13, 14, 0, 2, 3
13, 14, 0, 2, 3
13, 14, 0, 2, 3
13, 14, 0, 3, 2
13, 14, 0, 3, 2
13, 14, 0, 3, 2
13, 14, 0, 3, 2
13, 14, 0, 3, 2
13, 14, 0, 3, 2
13, 6, 1, 0, 3
13, 6, 1, 0, 3
13, 6, 1, 0, 3
13, 6, 1, 0, 3
13, 6, 1, 0, 3
13, 6, 1, 0, 3
13, 6, 2, 0, 3
13, 6, 2, 0, 3
13, 6, 2, 0, 3
13, 6, 2, 0, 3
13, 6, 2, 0, 3
13, 6, 2, 0, 3
13, 6, 3, 0, 3
13, 6, 3, 0, 3
13, 6, 3, 0, 3
13, 6, 3, 0, 3
13, 6, 3, 0, 3
13, 6, 3, 0, 3
14, 10, 0, 1, 3
14, 10, 0, 1, 3
14, 10, 0, 2, 3
14, 10, 0, 2, 3
14, 10, 0, 3, 2
14, 10, 0, 3, 2
14, 10, 0, 3, 2
14, 10, 0, 3, 2
14, 10, 0, 3, 2
14, 10, 0, 3, 2
14, 6, 1, 0, 3
14, 6, 1, 0, 3
14, 6, 1, 0, 3
14, 6, 1, 0, 3
14, 6, 1, 0, 3
14, 6, 1, 0, 3
14, 6, 2, 0, 3
14, 6, 2, 0, 3
14, 6, 2, 0, 3
14, 6, 2, 0, 3
14, 6, 2, 0, 3
14, 6, 2, 0, 3
14, 6, 3, 0, 3
14, 6, 3, 0, 3
14, 6, 3, 0, 3
14, 6, 3, 0, 3
14, 6, 3, 0, 3
14, 6, 3, 0, 3
15, 14, 0, 1, 3
15, 14, 0, 1, 3
15, 14, 0, 1, 3
15, 14, 0, 1, 3
15, 14, 0, 2, 3
15, 14, 0, 2, 3
15, 14, 0, 2, 3
15, 14, 0, 2, 3
15, 14, 0, 3, 2
15, 14, 0, 3, 2
15, 14, 0, 3, 2
15, 14, 0, 3, 2
15, 14, 0, 3, 2
15, 14, 0, 3, 2
15, 6, 1, 0, 3
15, 6, 1, 0, 3
15, 6, 1, 0, 3
15, 6, 1, 0, 3
15, 6, 1, 0, 3
15, 6, 1, 0, 3
15, 6, 2, 0, 3
15, 6, 2, 0, 3
15, 6, 2, 0, 3
15, 6, 2, 0, 3
15, 6, 2, 0, 3
15, 6, 2, 0, 3
15, 6, 3, 0, 3
15, 6, 3, 0, 3
15, 6, 3, 0, 3
15, 6, 3, 0, 3
15, 6, 3, 0, 3
15, 6, 3, 0, 3
16, 10, 0, 1, 3
16, 10, 0, 1, 3
16, 10, 0, 2, 3
16, 10, 0, 2, 3
16, 10, 0, 3, 2
16, 10, 0, 3, 2
16, 10, 0, 3, 2
16, 10, 0, 3, 2
16, 10, 0, 3, 2
16, 10, 0, 3, 2
16, 6, 1, 0, 3
16, 6, 1, 0, 3
16, 6, 1, 0, 3
16, 6, 1, 0, 3
16, 6, 1, 0, 3
16, 6, 1, 0, 3
16, 6, 2, 0, 3
16, 6, 2, 0, 3
16, 6, 2, 0, 3
16, 6, 2, 0, 3
16, 6, 2, 0, 3
16, 6, 2, 0, 3
16, 6, 3, 0, 3
16, 6, 3, 0, 3
16, 6, 3, 0, 3
16, 6, 3, 0, 3
16, 6, 3, 0, 3
16, 6, 3, 0, 3
17, 10, 0, 1, 3
17, 10, 0, 1, 3
17, 10, 0, 2, 3
17, 10, 0, 2, 3
17, 10, 0, 3, 2
17, 10, 0, 3, 2
17, 10, 0, 3, 2
17, 10, 0, 3, 2
17, 10, 0, 3, 2
17, 10, 0, 3, 2
17, 6, 1, 0, 3
17, 6, 1, 0, 3
17, 6, 1, 0, 3
17, 6, 1, 0, 3
17, 6, 1, 0, 3
17, 6, 1, 0, 3
17, 6, 2, 0, 3
17, 6, 2, 0, 3
17, 6, 2, 0, 3
17, 6, 2, 0, 3
17, 6, 2, 0, 3
17, 6, 2, 0, 3
17, 6, 3, 0, 3
17, 6, 3, 0, 3
17, 6, 3, 0, 3
17, 6, 3, 0, 3
17, 6, 3, 0, 3
17, 6, 3, 0, 3
18, 14, 0, 1, 3
18, 14, 0, 1, 3
18, 14, 0, 1, 3
18, 14, 0, 1, 3
18, 14, 0, 2, 3
18, 14, 0, 2, 3
18, 14, 0, 2, 3
18, 14, 0, 2, 3
18, 14, 0, 3, 2
18, 14, 0, 3, 2
18, 14, 0, 3, 2
18, 14, 0, 3, 2
18, 14, 0, 3, 2
18, 14, 0, 3, 2
18, 6, 1, 0, 3
18, 6, 1, 0, 3
18, 6, 1, 0, 3
18, 6, 1, 0, 3
18, 6, 1, 0, 3
18, 6, 1, 0, 3
18, 6, 2, 0, 3
18, 6, 2, 0, 3
18, 6, 2, 0, 3
18, 6, 2, 0, 3
18, 6, 2, 0, 3
18, 6, 2, 0, 3
18, 6, 3, 0, 3
18, 6, 3, 0, 3
18, 6, 3, 0, 3
18, 6, 3, 0, 3
18, 6, 3, 0, 3
18, 6, 3, 0, 3
19, 14, 0, 1, 3
19, 14, 0, 1, 3
19, 14, 0, 1, 3
19, 14, 0, 1, 3
19, 14, 0, 2, 3
19, 14, 0, 2, 3
19, 14, 0, 2, 3
19, 14, 0, 2, 3
19, 14, 0, 3, 2
19, 14, 0, 3, 2
19, 14, 0, 3, 2
19, 14, 0, 3, 2
19, 14, 0, 3, 2
19, 14, 0, 3, 2
19, 6, 1, 0, 3
19, 6, 1, 0, 3
19, 6, 1, 0, 3
19, 6, 1, 0, 3
19, 6, 1, 0, 3
19, 6, 1, 0, 3
19, 6, 2, 0, 3
19, 6, 2, 0, 3
19, 6, 2, 0, 3
19, 6, 2, 0, 3
19, 6, 2, 0, 3
19, 6, 2, 0, 3
19, 6, 3, 0, 3
19, 6, 3, 0, 3
19, 6, 3, 0, 3
19, 6, 3, 0, 3
19, 6, 3, 0, 3
19, 6, 3, 0, 3
20, 14, 0, 1, 3
20, 14, 0, 1, 3
20, 14, 0, 1, 3
20, 14, 0, 1, 3
20, 14, 0, 2, 3
20, 14, 0, 2, 3
20, 14, 0, 2, 3
20, 14, 0, 2, 3
20, 14, 0, 3, 2
20, 14, 0, 3, 2
20, 14, 0, 3, 2
20, 14, 0, 3, 2
20, 14, 0, 3, 2
20, 14, 0, 3, 2
20, 6, 1, 0, 3
20, 6, 1, 0, 3
20, 6, 1, 0, 3
20, 6, 1, 0, 3
20, 6, 1, 0, 3
20, 6, 1, 0, 3
20, 6, 2, 0, 3
20, 6, 2, 0, 3
20, 6, 2, 0, 3
20, 6, 2, 0, 3
20, 6, 2, 0, 3
20, 6, 2, 0, 3
20, 6, 3, 0, 3
20, 6, 3, 0, 3
20, 6, 3, 0, 3
20, 6, 3, 0, 3
20, 6, 3, 0, 3
20, 6, 3, 0, 3
21, 14, 0, 1, 3
21, 14, 0, 1, 3
21, 14, 0, 1, 3
21, 14, 0, 1, 3
21, 14, 0, 2, 3
21, 14, 0, 2, 3
21, 14, 0, 2, 3
21, 14, 0, 2, 3
21, 14, 0, 3, 2
21, 14, 0, 3, 2
21, 14, 0, 3, 2
21, 14, 0, 3, 2
21, 14, 0, 3, 2
21, 14, 0, 3, 2
21, 6, 1, 0, 3
21, 6, 1, 0, 3
21, 6, 1, 0, 3
21, 6, 1, 0, 3
21, 6, 1, 0, 3
21, 6, 1, 0, 3
21, 6, 2, 0, 3
21, 6, 2, 0, 3
21, 6, 2, 0, 3
21, 6, 2, 0, 3
21, 6, 2, 0, 3
21, 6, 2, 0, 3
21, 6, 3, 0, 3
21, 6, 3, 0, 3
21, 6, 3, 0, 3
21, 6, 3, 0, 3
21, 6, 3, 0, 3
21, 6, 3, 0, 3
22, 16, 0, 1, 3
22, 16, 0, 1, 3
22, 16, 0, 1, 3
22, 16, 0, 1, 3
22, 16, 0, 2, 3
22, 16, 0, 2, 3
22, 16, 0, 2, 3
22, 16, 0, 2, 3
22, 16, 0, 3, 2
22, 16, 0, 3, 2
22, 16, 0, 3, 2
22, 16, 0, 3, 2
22, 16, 0, 3, 2
22, 16, 0, 3, 2
22, 16, 0, 3, 2
22, 16, 0, 3, 2
22, 8, 1, 0, 3
22, 8, 1, 0, 3
22, 8, 1, 0, 3
22, 8, 1, 0, 3
22, 8, 1, 0, 3
22, 8, 1, 0, 3
22, 8, 1, 0, 3
22, 8, 1, 0, 3
22, 8, 2, 0, 3
22, 8, 2, 0, 3
22, 8, 2, 0, 3
22, 8, 2, 0, 3
22, 8, 2, 0, 3
22, 8, 2, 0, 3
22, 8, 2, 0, 3
22, 8, 2, 0, 3
22, 8, 3, 0, 3
22, 8, 3, 0, 3
22, 8, 3, 0, 3
22, 8, 3, 0, 3
22, 8, 3, 0, 3
22, 8, 3, 0, 3
22, 8, 3, 0, 3
22, 8, 3, 0, 3
23, 16, 0, 1, 3
23, 16, 0, 1, 3
23, 16, 0, 1, 3
23, 16, 0, 1, 3
23, 16, 0, 2, 3
23, 16, 0, 2, 3
23, 16, 0, 2, 3
23, 16, 0, 2, 3
23, 16, 0, 3, 2
23, 16, 0, 3, 2
23, 16, 0, 3, 2
23, 16, 0, 3, 2
23, 16, 0, 3, 2
23, 16, 0, 3, 2
23, 16, 0, 3, 2
23, 16, 0, 3, 2
23, 8, 1, 0, 3
23, 8, 1, 0, 3
23, 8, 1, 0, 3
23, 8, 1, 0, 3
23, 8, 1, 0, 3
23, 8, 1, 0, 3
23, 8, 1, 0, 3
23, 8, 1, 0, 3
23, 8, 2, 0, 3
23, 8, 2, 0, 3
23, 8, 2, 0, 3
23, 8, 2, 0, 3
23, 8, 2, 0, 3
23, 8, 2, 0, 3
23, 8, 2, 0, 3
23, 8, 2, 0, 3
23, 8, 3, 0, 3
23, 8, 3, 0, 3
23, 8, 3, 0, 3
23, 8, 3, 0, 3
23, 8, 3, 0, 3
23, 8, 3, 0, 3
23, 8, 3, 0, 3
23, 8, 3, 0, 3
24, 16, 0, 1, 3
24, 16, 0, 1, 3
24, 16, 0, 1, 3
24, 16, 0, 1, 3
24, 16, 0, 2, 3
24, 16, 0, 2, 3
24, 16, 0, 2, 3
24, 16, 0, 2, 3
24, 16, 0, 3, 2
24, 16, 0, 3, 2
24, 16, 0, 3, 2
24, 16, 0, 3, 2
24, 16, 0, 3, 2
24, 16, 0, 3, 2
24, 16, 0, 3, 2
24, 16, 0, 3, 2
24, 8, 1, 0, 3
24, 8, 1, 0, 3
24, 8, 1, 0, 3
24, 8, 1, 0, 3
24, 8, 1, 0, 3
24, 8, 1, 0, 3
24, 8, 1, 0, 3
24, 8, 1, 0, 3
24, 8, 2, 0, 3
24, 8, 2, 0, 3
24, 8, 2, 0, 3
24, 8, 2, 0, 3
24, 8, 2, 0, 3
24, 8, 2, 0, 3
24, 8, 2, 0, 3
24, 8, 2, 0, 3
24, 8, 3, 0, 3
24, 8, 3, 0, 3
24, 8, 3, 0, 3
24, 8, 3, 0, 3
24, 8, 3, 0, 3
24, 8, 3, 0, 3
24, 8, 3, 0, 3
24, 8, 3, 0, 3
25, 16, 0, 1, 3
25, 16, 0, 1, 3
25, 16, 0, 1, 3
25, 16, 0, 1, 3
25, 16, 0, 2, 3
25, 16, 0, 2, 3
25, 16, 0, 2, 3
25, 16, 0, 2, 3
25, 16, 0, 3, 2
25, 16, 0, 3, 2
25, 16, 0, 3, 2
25, 16, 0, 3, 2
25, 16, 0, 3, 2
25, 16, 0, 3, 2
25, 16, 0, 3, 2
25, 16, 0, 3, 2
25, 8, 1, 0, 3
25, 8, 1, 0, 3
25, 8, 1, 0, 3
25, 8, 1, 0, 3
25, 8, 1, 0, 3
25, 8, 1, 0, 3
25, 8, 1, 0, 3
25, 8, 1, 0, 3
25, 8, 2, 0, 3
25, 8, 2, 0, 3
25, 8, 2, 0, 3
25, 8, 2, 0, 3
25, 8, 2, 0, 3
25, 8, 2, 0, 3
25, 8, 2, 0, 3
25, 8, 2, 0, 3
25, 8, 3, 0, 3
25, 8, 3, 0, 3
25, 8, 3, 0, 3
25, 8, 3, 0, 3
25, 8, 3, 0, 3
25, 8, 3, 0, 3
25, 8, 3, 0, 3
25, 8, 3, 0, 3
26, 16, 0, 1, 3
26, 16, 0, 1, 3
26, 16, 0, 1, 3
26, 16, 0, 1, 3
26, 16, 0, 2, 3
26, 16, 0, 2, 3
26, 16, 0, 2, 3
26, 16, 0, 2, 3
26, 16, 0, 3, 2
26, 16, 0, 3, 2
26, 16, 0, 3, 2
26, 16, 0, 3, 2
26, 16, 0, 3, 2
26, 16, 0, 3, 2
26, 16, 0, 3, 2
26, 16, 0, 3, 2
26, 8, 1, 0, 3
26, 8, 1, 0, 3
26, 8, 1, 0, 3
26, 8, 1, 0, 3
26, 8, 1, 0, 3
26, 8, 1, 0, 3
26, 8, 1, 0, 3
26, 8, 1, 0, 3
26, 8, 2, 0, 3
26, 8, 2, 0, 3
26, 8, 2, 0, 3
26, 8, 2, 0, 3
26, 8, 2, 0, 3
26, 8, 2, 0, 3
26, 8, 2, 0, 3
26, 8, 2, 0, 3
26, 8, 3, 0, 3
26, 8, 3, 0, 3
26, 8, 3, 0, 3
26, 8, 3, 0, 3
26, 8, 3, 0, 3
26, 8, 3, 0, 3
26, 8, 3, 0, 3
26, 8, 3, 0, 3
27, 16, 0, 1, 3
27, 16, 0, 1, 3
27, 16, 0, 1, 3
27, 16, 0, 1, 3
27, 16, 0, 2, 3
27, 16, 0, 2, 3
27, 16, 0, 2, 3
27, 16, 0, 2, 3
27, 16, 0, 3, 2
27, 16, 0, 3, 2
27, 16, 0, 3, 2
27, 16, 0, 3, 2
27, 16, 0, 3, 2
27, 16, 0, 3, 2
27, 16, 0, 3, 2
27, 16, 0, 3, 2
27, 8, 1, 0, 3
27, 8, 1, 0, 3
27, 8, 1, 0, 3
27, 8, 1, 0, 3
27, 8, 1, 0, 3
27, 8, 1, 0, 3
27, 8, 1, 0, 3
27, 8, 1, 0, 3
27, 8, 2, 0, 3
27, 8, 2, 0, 3
27, 8, 2, 0, 3
27, 8, 2, 0, 3
27, 8, 2, 0, 3
27, 8, 2, 0, 3
27, 8, 2, 0, 3
27, 8, 2, 0, 3
27, 8, 3, 0, 3
27, 8, 3, 0, 3
27, 8, 3, 0, 3
27, 8, 3, 0, 3
27, 8, 3, 0, 3
27, 8, 3, 0, 3
27, 8, 3, 0, 3
27, 8, 3, 0, 3
28, 16, 0, 1, 3
28, 16, 0, 1, 3
28, 16, 0, 1, 3
28, 16, 0, 1, 3
28, 16, 0, 2, 3
28, 16, 0, 2, 3
28, 16, 0, 2, 3
28, 16, 0, 2, 3
28, 16, 0, 3, 2
28, 16, 0, 3, 2
28, 16, 0, 3, 2
28, 16, 0, 3, 2
28, 16, 0, 3, 2
28, 16, 0, 3, 2
28, 16, 0, 3, 2
28, 16, 0, 3, 2
28, 8, 1, 0, 3
28, 8, 1, 0, 3
28, 8, 1, 0, 3
28, 8, 1, 0, 3
28, 8, 1, 0, 3
28, 8, 1, 0, 3
28, 8, 1, 0, 3
28, 8, 1, 0, 3
28, 8, 2, 0, 3
28, 8, 2, 0, 3
28, 8, 2, 0, 3
28, 8, 2, 0, 3
28, 8, 2, 0, 3
28, 8, 2, 0, 3
28, 8, 2, 0, 3
28, 8, 2, 0, 3
28, 8, 3, 0, 3
28, 8, 3, 0, 3
28, 8, 3, 0, 3
28, 8, 3, 0, 3
28, 8, 3, 0, 3
28, 8, 3, 0, 3
28, 8, 3, 0, 3
28, 8, 3, 0, 3
29, 16, 0, 1, 3
29, 16, 0, 1, 3
29, 16, 0, 1, 3
29, 16, 0, 1, 3
29, 16, 0, 2, 3
29, 16, 0, 2, 3
29, 16, 0, 2, 3
29, 16, 0, 2, 3
29, 16, 0, 3, 2
29, 16, 0, 3, 2
29, 16, 0, 3, 2
29, 16, 0, 3, 2
29, 16, 0, 3, 2
29, 16, 0, 3, 2
29, 16, 0, 3, 2
29, 16, 0, 3, 2
29, 8, 1, 0, 3
29, 8, 1, 0, 3
29, 8, 1, 0, 3
29, 8, 1, 0, 3
29, 8, 1, 0, 3
29, 8, 1, 0, 3
29, 8, 1, 0, 3
29, 8, 1, 0, 3
29, 8, 2, 0, 3
29, 8, 2, 0, 3
29, 8, 2, 0, 3
29, 8, 2, 0, 3
29, 8, 2, 0, 3
29, 8, 2, 0, 3
29, 8, 2, 0, 3
29, 8, 2, 0, 3
29, 8, 3, 0, 3
29, 8, 3, 0, 3
29, 8, 3, 0, 3
29, 8, 3, 0, 3
29, 8, 3, 0, 3
29, 8, 3, 0, 3
29, 8, 3, 0, 3
29, 8, 3, 0, 3
30, 16, 0, 1, 3
30, 16, 0, 1, 3
30, 16, 0, 1, 3
30, 16, 0, 1, 3
30, 16, 0, 2, 3
30, 16, 0, 2, 3
30, 16, 0, 2, 3
30, 16, 0, 2, 3
30, 16, 0, 3, 2
30, 16, 0, 3, 2
30, 16, 0, 3, 2
30, 16, 0, 3, 2
30, 16, 0, 3, 2
30, 16, 0, 3, 2
30, 16, 0, 3, 2
30, 16, 0, 3, 2
30, 8, 1, 0, 3
30, 8, 1, 0, 3
30, 8, 1, 0, 3
30, 8, 1, 0, 3
30, 8, 1, 0, 3
30, 8, 1, 0, 3
30, 8, 1, 0, 3
30, 8, 1, 0, 3
30, 8, 2, 0, 3
30, 8, 2, 0, 3
30, 8, 2, 0, 3
30, 8, 2, 0, 3
30, 8, 2, 0, 3
30, 8, 2, 0, 3
30, 8, 2, 0, 3
30, 8, 2, 0, 3
30, 8, 3, 0, 3
30, 8, 3, 0, 3
30, 8, 3, 0, 3
30, 8, 3, 0, 3
30, 8, 3, 0, 3
30, 8, 3, 0, 3
30, 8, 3, 0, 3
30, 8, 3, 0, 3
31, 16, 0, 1, 3
31, 16, 0, 1, 3
31, 16, 0, 1, 3
31, 16, 0, 1, 3
31, 16, 0, 2, 3
31, 16, 0, 2, 3
31, 16, 0, 2, 3
31, 16, 0, 2, 3
31, 16, 0, 3, 2
31, 16, 0, 3, 2
31, 16, 0, 3, 2
31, 16, 0, 3, 2
31, 16, 0, 3, 2
31, 16, 0, 3, 2
31, 16, 0, 3, 2
31, 16, 0, 3, 2
31, 8, 1, 0, 3
31, 8, 1, 0, 3
31, 8, 1, 0, 3
31, 8, 1, 0, 3
31, 8, 1, 0, 3
31, 8, 1, 0, 3
31, 8, 1, 0, 3
31, 8, 1, 0, 3
31, 8, 2, 0, 3
31, 8, 2, 0, 3
31, 8, 2, 0, 3
31, 8, 2, 0, 3
31, 8, 2, 0, 3
31, 8, 2, 0, 3
31, 8, 2, 0, 3
31, 8, 2, 0, 3
31, 8, 3, 0, 3
31, 8, 3, 0, 3
31, 8, 3, 0, 3
31, 8, 3, 0, 3
31, 8, 3, 0, 3
31, 8, 3, 0, 3
31, 8, 3, 0, 3
31, 8, 3, 0, 3
32, 16, 0, 1, 3
32, 16, 0, 1, 3
32, 16, 0, 1, 3
32, 16, 0, 1, 3
32, 16, 0, 2, 3
32, 16, 0, 2, 3
32, 16, 0, 2, 3
32, 16, 0, 2, 3
32, 16, 0, 3, 2
32, 16, 0, 3, 2
32, 16, 0, 3, 2
32, 16, 0, 3, 2
32, 16, 0, 3, 2
32, 16, 0, 3, 2
32, 16, 0, 3, 2
32, 16, 0, 3, 2
32, 8, 1, 0, 3
32, 8, 1, 0, 3
32, 8, 1, 0, 3
32, 8, 1, 0, 3
32, 8, 1, 0, 3
32, 8, 1, 0, 3
32, 8, 1, 0, 3
32, 8, 1, 0, 3
32, 8, 2, 0, 3
32, 8, 2, 0, 3
32, 8, 2, 0, 3
32, 8, 2, 0, 3
32, 8, 2, 0, 3
32, 8, 2, 0, 3
32, 8, 2, 0, 3
32, 8, 2, 0, 3
32, 8, 3, 0, 3
32, 8, 3, 0, 3
32, 8, 3, 0, 3
32, 8, 3, 0, 3
32, 8, 3, 0, 3
32, 8, 3, 0, 3
32, 8, 3, 0, 3
32, 8, 3, 0, 3
33, 16, 0, 1, 3
33, 16, 0, 1, 3
33, 16, 0, 1, 3
33, 16, 0, 1, 3
33, 16, 0, 2, 3
33, 16, 0, 2, 3
33, 16, 0, 2, 3
33, 16, 0, 2, 3
33, 16, 0, 3, 2
33, 16, 0, 3, 2
33, 16, 0, 3, 2
33, 16, 0, 3, 2
33, 16, 0, 3, 2
33, 16, 0, 3, 2
33, 16, 0, 3, 2
33, 16, 0, 3, 2
33, 8, 1, 0, 3
33, 8, 1, 0, 3
33, 8, 1, 0, 3
33, 8, 1, 0, 3
33, 8, 1, 0, 3
33, 8, 1, 0, 3
33, 8, 1, 0, 3
33, 8, 1, 0, 3
33, 8, 2, 0, 3
33, 8, 2, 0, 3
33, 8, 2, 0, 3
33, 8, 2, 0, 3
33, 8, 2, 0, 3
33, 8, 2, 0, 3
33, 8, 2, 0, 3
33, 8, 2, 0, 3
33, 8, 3, 0, 3
33, 8, 3, 0, 3
33, 8, 3, 0, 3
33, 8, 3, 0, 3
33, 8, 3, 0, 3
33, 8, 3, 0, 3
33, 8, 3, 0, 3
33, 8, 3, 0, 3
Goal
9
10
11
12
13
14
15
16
17
18
19
20
21
22
23
24
25
26
27
28
29
30
31
32
33
