CG
19
0, 15, 2, 2
0, 15, 4, 2
0, 15, 3, 2
0, 15, 10, 4
0, 15, 16, 4
0, 15, 11, 4
0, 15, 13, 4
0, 15, 18, 4
0, 15, 15, 4
0, 15, 12, 4
0, 15, 17, 4
0, 15, 14, 4
0, 15, 7, 2
0, 15, 9, 2
0, 15, 8, 2
1, 15, 2, 2
1, 15, 4, 2
1, 15, 3, 2
1, 15, 10, 4
1, 15, 16, 4
1, 15, 11, 4
1, 15, 13, 4
1, 15, 18, 4
1, 15, 15, 4
1, 15, 12, 4
1, 15, 17, 4
1, 15, 14, 4
1, 15, 7, 2
1, 15, 9, 2
1, 15, 8, 2
2, 4, 4, 2
2, 4, 10, 2
2, 4, 5, 2
2, 4, 6, 2
3, 4, 4, 2
3, 4, 11, 2
3, 4, 5, 2
3, 4, 6, 2
4, 5, 2, 2
4, 5, 3, 2
4, 5, 16, 2
4, 5, 5, 3
4, 5, 6, 3
5, 15, 2, 6
5, 15, 4, 8
5, 15, 3, 6
5, 15, 10, 10
5, 15, 16, 12
5, 15, 11, 10
5, 15, 13, 10
5, 15, 18, 12
5, 15, 15, 10
5, 15, 12, 10
5, 15, 17, 12
5, 15, 14, 10
5, 15, 7, 6
5, 15, 9, 8
5, 15, 8, 6
6, 15, 2, 6
6, 15, 4, 8
6, 15, 3, 6
6, 15, 10, 10
6, 15, 16, 12
6, 15, 11, 10
6, 15, 13, 10
6, 15, 18, 12
6, 15, 15, 10
6, 15, 12, 10
6, 15, 17, 12
6, 15, 14, 10
6, 15, 7, 6
6, 15, 9, 8
6, 15, 8, 6
7, 4, 12, 2
7, 4, 9, 2
7, 4, 5, 2
7, 4, 6, 2
8, 4, 14, 2
8, 4, 9, 2
8, 4, 5, 2
8, 4, 6, 2
9, 5, 17, 2
9, 5, 7, 2
9, 5, 8, 2
9, 5, 5, 3
9, 5, 6, 3
10, 5, 2, 2
10, 5, 16, 2
10, 5, 13, 2
10, 5, 5, 3
10, 5, 6, 3
11, 5, 3, 2
11, 5, 16, 2
11, 5, 15, 2
11, 5, 5, 3
11, 5, 6, 3
12, 5, 13, 2
12, 5, 17, 2
12, 5, 7, 2
12, 5, 5, 3
12, 5, 6, 3
13, 5, 10, 2
13, 5, 18, 2
13, 5, 12, 2
13, 5, 5, 3
13, 5, 6, 3
14, 5, 15, 2
14, 5, 17, 2
14, 5, 8, 2
14, 5, 5, 3
14, 5, 6, 3
15, 5, 11, 2
15, 5, 18, 2
15, 5, 14, 2
15, 5, 5, 3
15, 5, 6, 3
16, 6, 4, 2
16, 6, 10, 2
16, 6, 11, 2
16, 6, 18, 2
16, 6, 5, 4
16, 6, 6, 4
17, 6, 18, 2
17, 6, 12, 2
17, 6, 14, 2
17, 6, 9, 2
17, 6, 5, 4
17, 6, 6, 4
18, 6, 16, 2
18, 6, 13, 2
18, 6, 15, 2
18, 6, 17, 2
18, 6, 5, 4
18, 6, 6, 4
DTG
0, 1, 0, 1, 1
0, 1, 1, 0, 1
1, 1, 0, 1, 1
1, 1, 1, 0, 1
2, 8, 0, 1, 3
2, 8, 0, 1, 3
2, 8, 0, 2, 3
2, 8, 0, 2, 3
2, 8, 0, 3, 2
2, 8, 0, 3, 2
2, 8, 0, 3, 2
2, 8, 0, 3, 2
2, 4, 1, 0, 3
2, 4, 1, 0, 3
2, 4, 1, 0, 3
2, 4, 1, 0, 3
2, 4, 2, 0, 3
2, 4, 2, 0, 3
2, 4, 2, 0, 3
2, 4, 2, 0, 3
2, 4, 3, 0, 3
2, 4, 3, 0, 3
2, 4, 3, 0, 3
2, 4, 3, 0, 3
3, 8, 0, 1, 3
3, 8, 0, 1, 3
3, 8, 0, 2, 3
3, 8, 0, 2, 3
3, 8, 0, 3, 2
3, 8, 0, 3, 2
3, 8, 0, 3, 2
3, 8, 0, 3, 2
3, 4, 1, 0, 3
3, 4, 1, 0, 3
3, 4, 1, 0, 3
3, 4, 1, 0, 3
3, 4, 2, 0, 3
3, 4, 2, 0, 3
3, 4, 2, 0, 3
3, 4, 2, 0, 3
3, 4, 3, 0, 3
3, 4, 3, 0, 3
3, 4, 3, 0, 3
3, 4, 3, 0, 3
4, 10, 0, 1, 3
4, 10, 0, 1, 3
4, 10, 0, 2, 3
4, 10, 0, 2, 3
4, 10, 0, 3, 2
4, 10, 0, 3, 2
4, 10, 0, 3, 2
4, 10, 0, 3, 2
4, 10, 0, 3, 2
4, 10, 0, 3, 2
4, 6, 1, 0, 3
4, 6, 1, 0, 3
4, 6, 1, 0, 3
4, 6, 1, 0, 3
4, 6, 1, 0, 3
4, 6, 1, 0, 3
4, 6, 2, 0, 3
4, 6, 2, 0, 3
4, 6, 2, 0, 3
4, 6, 2, 0, 3
4, 6, 2, 0, 3
4, 6, 2, 0, 3
4, 6, 3, 0, 3
4, 6, 3, 0, 3
4, 6, 3, 0, 3
4, 6, 3, 0, 3
4, 6, 3, 0, 3
4, 6, 3, 0, 3
5, 2, 0, 1, 2
5, 2, 0, 3, 2
5, 3, 1, 0, 2
5, 3, 1, 2, 2
5, 3, 1, 4, 2
5, 2, 2, 1, 2
5, 2, 2, 5, 2
5, 3, 3, 0, 2
5, 3, 3, 4, 2
5, 3, 3, 6, 2
5, 4, 4, 1, 2
5, 4, 4, 3, 2
5, 4, 4, 5, 2
5, 4, 4, 7, 2
5, 3, 5, 2, 2
5, 3, 5, 4, 2
5, 3, 5, 8, 2
5, 3, 6, 3, 2
5, 3, 6, 7, 2
5, 3, 6, 9, 2
5, 4, 7, 4, 2
5, 4, 7, 6, 2
5, 4, 7, 8, 2
5, 4, 7, 10, 2
5, 3, 8, 5, 2
5, 3, 8, 7, 2
5, 3, 8, 11, 2
5, 3, 9, 6, 2
5, 3, 9, 10, 2
5, 3, 9, 12, 2
5, 4, 10, 7, 2
5, 4, 10, 9, 2
5, 4, 10, 11, 2
5, 4, 10, 13, 2
5, 3, 11, 8, 2
5, 3, 11, 10, 2
5, 3, 11, 14, 2
5, 2, 12, 9, 2
5, 2, 12, 13, 2
5, 3, 13, 10, 2
5, 3, 13, 12, 2
5, 3, 13, 14, 2
5, 2, 14, 11, 2
5, 2, 14, 13, 2
6, 2, 0, 1, 2
6, 2, 0, 3, 2
6, 3, 1, 0, 2
6, 3, 1, 2, 2
6, 3, 1, 4, 2
6, 2, 2, 1, 2
6, 2, 2, 5, 2
6, 3, 3, 0, 2
6, 3, 3, 4, 2
6, 3, 3, 6, 2
6, 4, 4, 1, 2
6, 4, 4, 3, 2
6, 4, 4, 5, 2
6, 4, 4, 7, 2
6, 3, 5, 2, 2
6, 3, 5, 4, 2
6, 3, 5, 8, 2
6, 3, 6, 3, 2
6, 3, 6, 7, 2
6, 3, 6, 9, 2
6, 4, 7, 4, 2
6, 4, 7, 6, 2
6, 4, 7, 8, 2
6, 4, 7, 10, 2
6, 3, 8, 5, 2
6, 3, 8, 7, 2
6, 3, 8, 11, 2
6, 3, 9, 6, 2
6, 3, 9, 10, 2
6, 3, 9, 12, 2
6, 4, 10, 7, 2
6, 4, 10, 9, 2
6, 4, 10, 11, 2
6, 4, 10, 13, 2
6, 3, 11, 8, 2
6, 3, 11, 10, 2
6, 3, 11, 14, 2
6, 2, 12, 9, 2
6, 2, 12, 13, 2
6, 3, 13, 10, 2
6, 3, 13, 12, 2
6, 3, 13, 14, 2
6, 2, 14, 11, 2
6, 2, 14, 13, 2
7, 8, 0, 1, 3
7, 8, 0, 1, 3
7, 8, 0, 2, 3
7, 8, 0, 2, 3
7, 8, 0, 3, 2
7, 8, 0, 3, 2
7, 8, 0, 3, 2
7, 8, 0, 3, 2
7, 4, 1, 0, 3
7, 4, 1, 0, 3
7, 4, 1, 0, 3
7, 4, 1, 0, 3
7, 4, 2, 0, 3
7, 4, 2, 0, 3
7, 4, 2, 0, 3
7, 4, 2, 0, 3
7, 4, 3, 0, 3
7, 4, 3, 0, 3
7, 4, 3, 0, 3
7, 4, 3, 0, 3
8, 8, 0, 1, 3
8, 8, 0, 1, 3
8, 8, 0, 2, 3
8, 8, 0, 2, 3
8, 8, 0, 3, 2
8, 8, 0, 3, 2
8, 8, 0, 3, 2
8, 8, 0, 3, 2
8, 4, 1, 0, 3
8, 4, 1, 0, 3
8, 4, 1, 0, 3
8, 4, 1, 0, 3
8, 4, 2, 0, 3
8, 4, 2, 0, 3
8, 4, 2, 0, 3
8, 4, 2, 0, 3
8, 4, 3, 0, 3
8, 4, 3, 0, 3
8, 4, 3, 0, 3
8, 4, 3, 0, 3
9, 10, 0, 1, 3
9, 10, 0, 1, 3
9, 10, 0, 2, 3
9, 10, 0, 2, 3
9, 10, 0, 3, 2
9, 10, 0, 3, 2
9, 10, 0, 3, 2
9, 10, 0, 3, 2
9, 10, 0, 3, 2
9, 10, 0, 3, 2
9, 6, 1, 0, 3
9, 6, 1, 0, 3
9, 6, 1, 0, 3
9, 6, 1, 0, 3
9, 6, 1, 0, 3
9, 6, 1, 0, 3
9, 6, 2, 0, 3
9, 6, 2, 0, 3
9, 6, 2, 0, 3
9, 6, 2, 0, 3
9, 6, 2, 0, 3
9, 6, 2, 0, 3
9, 6, 3, 0, 3
9, 6, 3, 0, 3
9, 6, 3, 0, 3
9, 6, 3, 0, 3
9, 6, 3, 0, 3
9, 6, 3, 0, 3
10, 14, 0, 1, 3
10, 14, 0, 1, 3
10, 14, 0, 1, 3
10, 14, 0, 1, 3
10, 14, 0, 2, 3
10, 14, 0, 2, 3
10, 14, 0, 2, 3
10, 14, 0, 2, 3
10, 14, 0, 3, 2
10, 14, 0, 3, 2
10, 14, 0, 3, 2
10, 14, 0, 3, 2
10, 14, 0, 3, 2
10, 14, 0, 3, 2
10, 6, 1, 0, 3
10, 6, 1, 0, 3
10, 6, 1, 0, 3
10, 6, 1, 0, 3
10, 6, 1, 0, 3
10, 6, 1, 0, 3
10, 6, 2, 0, 3
10, 6, 2, 0, 3
10, 6, 2, 0, 3
10, 6, 2, 0, 3
10, 6, 2, 0, 3
10, 6, 2, 0, 3
10, 6, 3, 0, 3
10, 6, 3, 0, 3
10, 6, 3, 0, 3
10, 6, 3, 0, 3
10, 6, 3, 0, 3
10, 6, 3, 0, 3
11, 14, 0, 1, 3
11, 14, 0, 1, 3
11, 14, 0, 1, 3
11, 14, 0, 1, 3
11, 14, 0, 2, 3
11, 14, 0, 2, 3
11, 14, 0, 2, 3
11, 14, 0, 2, 3
11, 14, 0, 3, 2
11, 14, 0, 3, 2
11, 14, 0, 3, 2
11, 14, 0, 3, 2
11, 14, 0, 3, 2
11, 14, 0, 3, 2
11, 6, 1, 0, 3
11, 6, 1, 0, 3
11, 6, 1, 0, 3
11, 6, 1, 0, 3
11, 6, 1, 0, 3
11, 6, 1, 0, 3
11, 6, 2, 0, 3
11, 6, 2, 0, 3
11, 6, 2, 0, 3
11, 6, 2, 0, 3
11, 6, 2, 0, 3
11, 6, 2, 0, 3
11, 6, 3, 0, 3
11, 6, 3, 0, 3
11, 6, 3, 0, 3
11, 6, 3, 0, 3
11, 6, 3, 0, 3
11, 6, 3, 0, 3
12, 14, 0, 1, 3
12, 14, 0, 1, 3
12, 14, 0, 1, 3
12, 14, 0, 1, 3
12, 14, 0, 2, 3
12, 14, 0, 2, 3
12, 14, 0, 2, 3
12, 14, 0, 2, 3
12, 14, 0, 3, 2
12, 14, 0, 3, 2
12, 14, 0, 3, 2
12, 14, 0, 3, 2
12, 14, 0, 3, 2
12, 14, 0, 3, 2
12, 6, 1, 0, 3
12, 6, 1, 0, 3
12, 6, 1, 0, 3
12, 6, 1, 0, 3
12, 6, 1, 0, 3
12, 6, 1, 0, 3
12, 6, 2, 0, 3
12, 6, 2, 0, 3
12, 6, 2, 0, 3
12, 6, 2, 0, 3
12, 6, 2, 0, 3
12, 6, 2, 0, 3
12, 6, 3, 0, 3
12, 6, 3, 0, 3
12, 6, 3, 0, 3
12, 6, 3, 0, 3
12, 6, 3, 0, 3
12, 6, 3, 0, 3
13, 14, 0, 1, 3
13, 14, 0, 1, 3
13, 14, 0, 1, 3
13, 14, 0, 1, 3
13, 14, 0, 2, 3
13, 14, 0, 2, 3
13, 14, 0, 2, 3
13, 14, 0, 2, 3
13, 14, 0, 3, 2
13, 14, 0, 3, 2
13, 14, 0, 3, 2
13, 14, 0, 3, 2
13, 14, 0, 3, 2
13, 14, 0, 3, 2
13, 6, 1, 0, 3
13, 6, 1, 0, 3
13, 6, 1, 0, 3
13, 6, 1, 0, 3
13, 6, 1, 0, 3
13, 6, 1, 0, 3
13, 6, 2, 0, 3
13, 6, 2, 0, 3
13, 6, 2, 0, 3
13, 6, 2, 0, 3
13, 6, 2, 0, 3
13, 6, 2, 0, 3
13, 6, 3, 0, 3
13, 6, 3, 0, 3
13, 6, 3, 0, 3
13, 6, 3, 0, 3
13, 6, 3, 0, 3
13, 6, 3, 0, 3
14, 14, 0, 1, 3
14, 14, 0, 1, 3
14, 14, 0, 1, 3
14, 14, 0, 1, 3
14, 14, 0, 2, 3
14, 14, 0, 2, 3
14, 14, 0, 2, 3
14, 14, 0, 2, 3
14, 14, 0, 3, 2
14, 14, 0, 3, 2
14, 14, 0, 3, 2
14, 14, 0, 3, 2
14, 14, 0, 3, 2
14, 14, 0, 3, 2
14, 6, 1, 0, 3
14, 6, 1, 0, 3
14, 6, 1, 0, 3
14, 6, 1, 0, 3
14, 6, 1, 0, 3
14, 6, 1, 0, 3
14, 6, 2, 0, 3
14, 6, 2, 0, 3
14, 6, 2, 0, 3
14, 6, 2, 0, 3
14, 6, 2, 0, 3
14, 6, 2, 0, 3
14, 6, 3, 0, 3
14, 6, 3, 0, 3
14, 6, 3, 0, 3
14, 6, 3, 0, 3
14, 6, 3, 0, 3
14, 6, 3, 0, 3
15, 14, 0, 1, 3
15, 14, 0, 1, 3
15, 14, 0, 1, 3
15, 14, 0, 1, 3
15, 14, 0, 2, 3
15, 14, 0, 2, 3
15, 14, 0, 2, 3
15, 14, 0, 2, 3
15, 14, 0, 3, 2
15, 14, 0, 3, 2
15, 14, 0, 3, 2
15, 14, 0, 3, 2
15, 14, 0, 3, 2
15, 14, 0, 3, 2
15, 6, 1, 0, 3
15, 6, 1, 0, 3
15, 6, 1, 0, 3
15, 6, 1, 0, 3
15, 6, 1, 0, 3
15, 6, 1, 0, 3
15, 6, 2, 0, 3
15, 6, 2, 0, 3
15, 6, 2, 0, 3
15, 6, 2, 0, 3
15, 6, 2, 0, 3
15, 6, 2, 0, 3
15, 6, 3, 0, 3
15, 6, 3, 0, 3
15, 6, 3, 0, 3
15, 6, 3, 0, 3
15, 6, 3, 0, 3
15, 6, 3, 0, 3
16, 16, 0, 1, 3
16, 16, 0, 1, 3
16, 16, 0, 1, 3
16, 16, 0, 1, 3
16, 16, 0, 2, 3
16, 16, 0, 2, 3
16, 16, 0, 2, 3
16, 16, 0, 2, 3
16, 16, 0, 3, 2
16, 16, 0, 3, 2
16, 16, 0, 3, 2
16, 16, 0, 3, 2
16, 16, 0, 3, 2
16, 16, 0, 3, 2
16, 16, 0, 3, 2
16, 16, 0, 3, 2
16, 8, 1, 0, 3
16, 8, 1, 0, 3
16, 8, 1, 0, 3
16, 8, 1, 0, 3
16, 8, 1, 0, 3
16, 8, 1, 0, 3
16, 8, 1, 0, 3
16, 8, 1, 0, 3
16, 8, 2, 0, 3
16, 8, 2, 0, 3
16, 8, 2, 0, 3
16, 8, 2, 0, 3
16, 8, 2, 0, 3
16, 8, 2, 0, 3
16, 8, 2, 0, 3
16, 8, 2, 0, 3
16, 8, 3, 0, 3
16, 8, 3, 0, 3
16, 8, 3, 0, 3
16, 8, 3, 0, 3
16, 8, 3, 0, 3
16, 8, 3, 0, 3
16, 8, 3, 0, 3
16, 8, 3, 0, 3
17, 16, 0, 1, 3
17, 16, 0, 1, 3
17, 16, 0, 1, 3
17, 16, 0, 1, 3
17, 16, 0, 2, 3
17, 16, 0, 2, 3
17, 16, 0, 2, 3
17, 16, 0, 2, 3
17, 16, 0, 3, 2
17, 16, 0, 3, 2
17, 16, 0, 3, 2
17, 16, 0, 3, 2
17, 16, 0, 3, 2
17, 16, 0, 3, 2
17, 16, 0, 3, 2
17, 16, 0, 3, 2
17, 8, 1, 0, 3
17, 8, 1, 0, 3
17, 8, 1, 0, 3
17, 8, 1, 0, 3
17, 8, 1, 0, 3
17, 8, 1, 0, 3
17, 8, 1, 0, 3
17, 8, 1, 0, 3
17, 8, 2, 0, 3
17, 8, 2, 0, 3
17, 8, 2, 0, 3
17, 8, 2, 0, 3
17, 8, 2, 0, 3
17, 8, 2, 0, 3
17, 8, 2, 0, 3
17, 8, 2, 0, 3
17, 8, 3, 0, 3
17, 8, 3, 0, 3
17, 8, 3, 0, 3
17, 8, 3, 0, 3
17, 8, 3, 0, 3
17, 8, 3, 0, 3
17, 8, 3, 0, 3
17, 8, 3, 0, 3
18, 16, 0, 1, 3
18, 16, 0, 1, 3
18, 16, 0, 1, 3
18, 16, 0, 1, 3
18, 16, 0, 2, 3
18, 16, 0, 2, 3
18, 16, 0, 2, 3
18, 16, 0, 2, 3
18, 16, 0, 3, 2
18, 16, 0, 3, 2
18, 16, 0, 3, 2
18, 16, 0, 3, 2
18, 16, 0, 3, 2
18, 16, 0, 3, 2
18, 16, 0, 3, 2
18, 16, 0, 3, 2
18, 8, 1, 0, 3
18, 8, 1, 0, 3
18, 8, 1, 0, 3
18, 8, 1, 0, 3
18, 8, 1, 0, 3
18, 8, 1, 0, 3
18, 8, 1, 0, 3
18, 8, 1, 0, 3
18, 8, 2, 0, 3
18, 8, 2, 0, 3
18, 8, 2, 0, 3
18, 8, 2, 0, 3
18, 8, 2, 0, 3
18, 8, 2, 0, 3
18, 8, 2, 0, 3
18, 8, 2, 0, 3
18, 8, 3, 0, 3
18, 8, 3, 0, 3
18, 8, 3, 0, 3
18, 8, 3, 0, 3
18, 8, 3, 0, 3
18, 8, 3, 0, 3
18, 8, 3, 0, 3
18, 8, 3, 0, 3
Goal
7
8
9
10
11
12
13
14
15
16
17
18
