CG
16
0, 3, 15, 1
0, 3, 9, 1
0, 3, 6, 1
1, 1, 13, 1
2, 4, 15, 1
2, 4, 14, 1
2, 4, 13, 1
2, 4, 11, 1
3, 2, 14, 1
3, 2, 9, 1
4, 3, 12, 1
4, 3, 6, 1
4, 3, 8, 1
5, 2, 11, 1
5, 2, 10, 1
7, 3, 12, 1
7, 3, 10, 1
7, 3, 8, 1
DTG
0, 1, 0, 1, 1
1, 1, 0, 1, 1
2, 1, 0, 1, 1
3, 1, 0, 1, 1
4, 1, 0, 1, 1
5, 1, 0, 1, 1
6, 2, 1, 0, 2
6, 2, 1, 0, 2
7, 2, 1, 0, 1
7, 2, 1, 2, 1
8, 2, 1, 0, 2
8, 2, 1, 0, 2
9, 2, 1, 0, 2
9, 2, 1, 0, 2
10, 2, 1, 0, 2
10, 2, 1, 0, 2
11, 2, 1, 0, 2
11, 2, 1, 0, 2
12, 2, 1, 0, 2
12, 2, 1, 0, 2
13, 2, 1, 0, 2
13, 2, 1, 0, 2
14, 2, 1, 0, 2
14, 2, 1, 0, 2
15, 2, 1, 0, 2
15, 2, 1, 0, 2
Goal
6
7
8
9
10
11
12
13
14
15
