CG
62
0, 28, -1, 2
0, 28, -1, 2
0, 28, -1, 2
0, 28, -1, 1
0, 28, -1, 1
0, 28, 51, 2
0, 28, 44, 2
0, 28, 14, 1
0, 28, 21, 1
0, 28, -1, 2
0, 28, -1, 2
0, 28, -1, 2
0, 28, 53, 2
0, 28, -1, 2
0, 28, -1, 2
0, 28, 46, 2
0, 28, 15, 1
0, 28, -1, 1
0, 28, 16, 1
0, 28, 17, 1
0, 28, 22, 1
0, 28, -1, 1
0, 28, 23, 1
0, 28, 24, 1
0, 28, 41, 2
0, 28, 61, 2
0, 28, 42, 2
0, 28, 12, 1
0, 28, 13, 1
0, 28, 54, 2
0, 28, 47, 2
0, 28, 18, 1
0, 28, 25, 1
0, 28, 55, 2
0, 28, 48, 2
0, 28, 49, 2
0, 28, -1, 2
0, 28, -1, 2
0, 28, -1, 1
0, 28, -1, 1
0, 28, 19, 1
0, 28, 26, 1
0, 28, 20, 1
0, 28, 39, 1
1, 28, -1, 2
1, 28, -1, 2
1, 28, -1, 2
1, 28, -1, 1
1, 28, -1, 1
1, 28, 51, 2
1, 28, 44, 2
1, 28, 14, 1
1, 28, 21, 1
1, 28, -1, 2
1, 28, -1, 2
1, 28, -1, 2
1, 28, 53, 2
1, 28, -1, 2
1, 28, -1, 2
1, 28, 46, 2
1, 28, 15, 1
1, 28, -1, 1
1, 28, 16, 1
1, 28, 17, 1
1, 28, 22, 1
1, 28, -1, 1
1, 28, 23, 1
1, 28, 24, 1
1, 28, 41, 2
1, 28, 61, 2
1, 28, 42, 2
1, 28, 12, 1
1, 28, 13, 1
1, 28, 54, 2
1, 28, 47, 2
1, 28, 18, 1
1, 28, 25, 1
1, 28, 55, 2
1, 28, 48, 2
1, 28, 49, 2
1, 28, -1, 2
1, 28, -1, 2
1, 28, -1, 1
1, 28, -1, 1
1, 28, 19, 1
1, 28, 26, 1
1, 28, 20, 1
1, 28, 39, 1
2, 28, -1, 2
2, 28, -1, 2
2, 28, -1, 2
2, 28, -1, 1
2, 28, -1, 1
2, 28, 51, 2
2, 28, 44, 2
2, 28, 14, 1
2, 28, 21, 1
2, 28, -1, 2
2, 28, -1, 2
2, 28, -1, 2
2, 28, 53, 2
2, 28, -1, 2
2, 28, -1, 2
2, 28, 46, 2
2, 28, 15, 1
2, 28, -1, 1
2, 28, 16, 1
2, 28, 17, 1
2, 28, 22, 1
2, 28, -1, 1
2, 28, 23, 1
2, 28, 24, 1
2, 28, 41, 2
2, 28, 61, 2
2, 28, 42, 2
2, 28, 12, 1
2, 28, 13, 1
2, 28, 54, 2
2, 28, 47, 2
2, 28, 18, 1
2, 28, 25, 1
2, 28, 55, 2
2, 28, 48, 2
2, 28, 49, 2
2, 28, -1, 2
2, 28, -1, 2
2, 28, -1, 1
2, 28, -1, 1
2, 28, 19, 1
2, 28, 26, 1
2, 28, 20, 1
2, 28, 39, 1
3, 28, -1, 2
3, 28, -1, 2
3, 28, -1, 2
3, 28, -1, 1
3, 28, -1, 1
3, 28, 51, 2
3, 28, 44, 2
3, 28, 14, 1
3, 28, 21, 1
3, 28, -1, 2
3, 28, -1, 2
3, 28, -1, 2
3, 28, 53, 2
3, 28, -1, 2
3, 28, -1, 2
3, 28, 46, 2
3, 28, 15, 1
3, 28, -1, 1
3, 28, 16, 1
3, 28, 17, 1
3, 28, 22, 1
3, 28, -1, 1
3, 28, 23, 1
3, 28, 24, 1
3, 28, 41, 2
3, 28, 61, 2
3, 28, 42, 2
3, 28, 12, 1
3, 28, 13, 1
3, 28, 54, 2
3, 28, 47, 2
3, 28, 18, 1
3, 28, 25, 1
3, 28, 55, 2
3, 28, 48, 2
3, 28, 49, 2
3, 28, -1, 2
3, 28, -1, 2
3, 28, -1, 1
3, 28, -1, 1
3, 28, 19, 1
3, 28, 26, 1
3, 28, 20, 1
3, 28, 39, 1
4, 28, -1, 2
4, 28, -1, 2
4, 28, -1, 2
4, 28, -1, 1
4, 28, -1, 1
4, 28, 51, 2
4, 28, 44, 2
4, 28, 14, 1
4, 28, 21, 1
4, 28, -1, 2
4, 28, -1, 2
4, 28, -1, 2
4, 28, 53, 2
4, 28, -1, 2
4, 28, -1, 2
4, 28, 46, 2
4, 28, 15, 1
4, 28, -1, 1
4, 28, 16, 1
4, 28, 17, 1
4, 28, 22, 1
4, 28, -1, 1
4, 28, 23, 1
4, 28, 24, 1
4, 28, 41, 2
4, 28, 61, 2
4, 28, 42, 2
4, 28, 12, 1
4, 28, 13, 1
4, 28, 54, 2
4, 28, 47, 2
4, 28, 18, 1
4, 28, 25, 1
4, 28, 55, 2
4, 28, 48, 2
4, 28, 49, 2
4, 28, -1, 2
4, 28, -1, 2
4, 28, -1, 1
4, 28, -1, 1
4, 28, 19, 1
4, 28, 26, 1
4, 28, 20, 1
4, 28, 39, 1
5, 28, -1, 2
5, 28, -1, 2
5, 28, -1, 2
5, 28, -1, 1
5, 28, -1, 1
5, 28, 51, 2
5, 28, 44, 2
5, 28, 14, 1
5, 28, 21, 1
5, 28, -1, 2
5, 28, -1, 2
5, 28, -1, 2
5, 28, 53, 2
5, 28, -1, 2
5, 28, -1, 2
5, 28, 46, 2
5, 28, 15, 1
5, 28, -1, 1
5, 28, 16, 1
5, 28, 17, 1
5, 28, 22, 1
5, 28, -1, 1
5, 28, 23, 1
5, 28, 24, 1
5, 28, 41, 2
5, 28, 61, 2
5, 28, 42, 2
5, 28, 12, 1
5, 28, 13, 1
5, 28, 54, 2
5, 28, 47, 2
5, 28, 18, 1
5, 28, 25, 1
5, 28, 55, 2
5, 28, 48, 2
5, 28, 49, 2
5, 28, -1, 2
5, 28, -1, 2
5, 28, -1, 1
5, 28, -1, 1
5, 28, 19, 1
5, 28, 26, 1
5, 28, 20, 1
5, 28, 39, 1
6, 53, -1, 4
6, 53, -1, 4
6, 53, -1, 4
6, 53, -1, 2
6, 53, -1, 2
6, 53, -1, 4
6, 53, -1, 4
6, 53, 60, 3
6, 53, 43, 3
6, 53, -1, 3
6, 53, 51, 4
6, 53, 44, 4
6, 53, 14, 2
6, 53, 21, 2
6, 53, 29, 4
6, 53, 34, 4
6, 53, 9, 3
6, 53, 40, 4
6, 53, 3, 1
6, 53, -1, 3
6, 53, -1, 3
6, 53, -1, 3
6, 53, 52, 4
6, 53, -1, 3
6, 53, -1, 3
6, 53, -1, 3
6, 53, -1, 4
6, 53, -1, 4
6, 53, -1, 4
6, 53, 53, 4
6, 53, -1, 4
6, 53, -1, 4
6, 53, 46, 4
6, 53, 15, 2
6, 53, -1, 2
6, 53, 16, 2
6, 53, 17, 2
6, 53, 22, 2
6, 53, -1, 2
6, 53, 23, 2
6, 53, 24, 2
6, 53, 30, 4
6, 53, 31, 4
6, 53, 35, 4
6, 53, 36, 4
6, 53, 10, 3
6, 53, -1, 3
6, 53, -1, 3
6, 53, 11, 3
6, 53, -1, 1
6, 53, 45, 4
6, 53, -1, 4
6, 53, -1, 3
6, 53, 50, 4
6, 53, 4, 1
6, 53, 5, 1
6, 53, -1, 3
6, 53, -1, 3
6, 53, -1, 3
6, 53, -1, 3
6, 53, 8, 3
6, 53, -1, 6
6, 53, 41, 4
6, 53, 61, 4
6, 53, 42, 4
6, 53, 12, 2
6, 53, 13, 2
6, 53, 27, 4
6, 53, 28, 4
6, 53, 54, 4
6, 53, 47, 4
6, 53, 18, 2
6, 53, 25, 2
6, 53, 55, 4
6, 53, 48, 4
6, 53, 49, 4
6, 53, -1, 4
6, 53, -1, 4
6, 53, 32, 4
6, 53, 37, 4
6, 53, -1, 3
6, 53, 33, 4
6, 53, 38, 4
6, 53, -1, 2
6, 53, -1, 2
6, 53, 19, 2
6, 53, 26, 2
6, 53, 20, 2
6, 53, 39, 2
7, 18, -1, 2
7, 18, -1, 2
7, 18, 43, 3
7, 18, 14, 2
7, 18, 21, 2
7, 18, -1, 3
7, 18, -1, 3
7, 18, 52, 3
7, 18, 15, 2
7, 18, -1, 2
7, 18, 16, 2
7, 18, 17, 2
7, 18, 22, 2
7, 18, -1, 2
7, 18, 23, 2
7, 18, 24, 2
7, 18, -1, 3
7, 18, 12, 2
7, 18, 13, 2
7, 18, 18, 2
7, 18, 25, 2
7, 18, -1, 2
7, 18, -1, 2
7, 18, 19, 2
7, 18, 26, 2
7, 18, 20, 2
7, 18, 39, 2
8, 12, -1, 4
8, 12, -1, 4
8, 12, -1, 4
8, 12, 51, 4
8, 12, 44, 4
8, 12, -1, 4
8, 12, -1, 4
8, 12, -1, 4
8, 12, 53, 4
8, 12, -1, 4
8, 12, -1, 4
8, 12, 46, 4
8, 12, 41, 4
8, 12, 61, 4
8, 12, 42, 4
8, 12, 54, 4
8, 12, 47, 4
8, 12, 55, 4
8, 12, 48, 4
8, 12, 49, 4
8, 12, -1, 4
8, 12, -1, 4
9, 28, -1, 2
9, 28, -1, 2
9, 28, -1, 2
9, 28, -1, 1
9, 28, -1, 1
9, 28, 51, 2
9, 28, 44, 2
9, 28, 14, 1
9, 28, 21, 1
9, 28, -1, 2
9, 28, -1, 2
9, 28, -1, 2
9, 28, 53, 2
9, 28, -1, 2
9, 28, -1, 2
9, 28, 46, 2
9, 28, 15, 1
9, 28, -1, 1
9, 28, 16, 1
9, 28, 17, 1
9, 28, 22, 1
9, 28, -1, 1
9, 28, 23, 1
9, 28, 24, 1
9, 28, 41, 2
9, 28, 61, 2
9, 28, 42, 2
9, 28, 12, 1
9, 28, 13, 1
9, 28, 54, 2
9, 28, 47, 2
9, 28, 18, 1
9, 28, 25, 1
9, 28, 55, 2
9, 28, 48, 2
9, 28, 49, 2
9, 28, -1, 2
9, 28, -1, 2
9, 28, -1, 1
9, 28, -1, 1
9, 28, 19, 1
9, 28, 26, 1
9, 28, 20, 1
9, 28, 39, 1
10, 28, -1, 2
10, 28, -1, 2
10, 28, -1, 2
10, 28, -1, 1
10, 28, -1, 1
10, 28, 51, 2
10, 28, 44, 2
10, 28, 14, 1
10, 28, 21, 1
10, 28, -1, 2
10, 28, -1, 2
10, 28, -1, 2
10, 28, 53, 2
10, 28, -1, 2
10, 28, -1, 2
10, 28, 46, 2
10, 28, 15, 1
10, 28, -1, 1
10, 28, 16, 1
10, 28, 17, 1
10, 28, 22, 1
10, 28, -1, 1
10, 28, 23, 1
10, 28, 24, 1
10, 28, 41, 2
10, 28, 61, 2
10, 28, 42, 2
10, 28, 12, 1
10, 28, 13, 1
10, 28, 54, 2
10, 28, 47, 2
10, 28, 18, 1
10, 28, 25, 1
10, 28, 55, 2
10, 28, 48, 2
10, 28, 49, 2
10, 28, -1, 2
10, 28, -1, 2
10, 28, -1, 1
10, 28, -1, 1
10, 28, 19, 1
10, 28, 26, 1
10, 28, 20, 1
10, 28, 39, 1
11, 16, -1, 1
11, 16, -1, 1
11, 16, 14, 1
11, 16, 21, 1
11, 16, 15, 1
11, 16, -1, 1
11, 16, 16, 1
11, 16, 17, 1
11, 16, 22, 1
11, 16, -1, 1
11, 16, 23, 1
11, 16, 24, 1
11, 16, 12, 1
11, 16, 13, 1
11, 16, 18, 1
11, 16, 25, 1
11, 16, -1, 1
11, 16, -1, 1
11, 16, 19, 1
11, 16, 26, 1
11, 16, 20, 1
11, 16, 39, 1
12, 7, -1, 2
12, 7, 14, 2
12, 7, 15, 2
12, 7, -1, 2
12, 7, 16, 2
12, 7, 17, 2
12, 7, 18, 2
12, 7, -1, 2
12, 7, 19, 2
12, 7, 20, 2
13, 7, -1, 2
13, 7, 21, 2
13, 7, 22, 2
13, 7, -1, 2
13, 7, 23, 2
13, 7, 24, 2
13, 7, 25, 2
13, 7, -1, 2
13, 7, 26, 2
13, 7, 39, 2
14, 12, -1, 2
14, 12, -1, 2
14, 12, 29, 2
14, 12, 34, 2
14, 12, 30, 2
14, 12, 31, 2
14, 12, 35, 2
14, 12, 36, 2
14, 12, 27, 2
14, 12, 28, 2
14, 12, 32, 2
14, 12, 37, 2
14, 12, 33, 2
14, 12, 38, 2
15, 12, -1, 2
15, 12, -1, 2
15, 12, 29, 2
15, 12, 34, 2
15, 12, 30, 2
15, 12, 31, 2
15, 12, 35, 2
15, 12, 36, 2
15, 12, 27, 2
15, 12, 28, 2
15, 12, 32, 2
15, 12, 37, 2
15, 12, 33, 2
15, 12, 38, 2
16, 12, -1, 2
16, 12, -1, 2
16, 12, 29, 2
16, 12, 34, 2
16, 12, 30, 2
16, 12, 31, 2
16, 12, 35, 2
16, 12, 36, 2
16, 12, 27, 2
16, 12, 28, 2
16, 12, 32, 2
16, 12, 37, 2
16, 12, 33, 2
16, 12, 38, 2
17, 12, -1, 2
17, 12, -1, 2
17, 12, 29, 2
17, 12, 34, 2
17, 12, 30, 2
17, 12, 31, 2
17, 12, 35, 2
17, 12, 36, 2
17, 12, 27, 2
17, 12, 28, 2
17, 12, 32, 2
17, 12, 37, 2
17, 12, 33, 2
17, 12, 38, 2
18, 12, -1, 2
18, 12, -1, 2
18, 12, 29, 2
18, 12, 34, 2
18, 12, 30, 2
18, 12, 31, 2
18, 12, 35, 2
18, 12, 36, 2
18, 12, 27, 2
18, 12, 28, 2
18, 12, 32, 2
18, 12, 37, 2
18, 12, 33, 2
18, 12, 38, 2
19, 12, -1, 2
19, 12, -1, 2
19, 12, 29, 2
19, 12, 34, 2
19, 12, 30, 2
19, 12, 31, 2
19, 12, 35, 2
19, 12, 36, 2
19, 12, 27, 2
19, 12, 28, 2
19, 12, 32, 2
19, 12, 37, 2
19, 12, 33, 2
19, 12, 38, 2
20, 12, -1, 2
20, 12, -1, 2
20, 12, 29, 2
20, 12, 34, 2
20, 12, 30, 2
20, 12, 31, 2
20, 12, 35, 2
20, 12, 36, 2
20, 12, 27, 2
20, 12, 28, 2
20, 12, 32, 2
20, 12, 37, 2
20, 12, 33, 2
20, 12, 38, 2
21, 12, -1, 2
21, 12, -1, 2
21, 12, 29, 2
21, 12, 34, 2
21, 12, 30, 2
21, 12, 31, 2
21, 12, 35, 2
21, 12, 36, 2
21, 12, 27, 2
21, 12, 28, 2
21, 12, 32, 2
21, 12, 37, 2
21, 12, 33, 2
21, 12, 38, 2
22, 12, -1, 2
22, 12, -1, 2
22, 12, 29, 2
22, 12, 34, 2
22, 12, 30, 2
22, 12, 31, 2
22, 12, 35, 2
22, 12, 36, 2
22, 12, 27, 2
22, 12, 28, 2
22, 12, 32, 2
22, 12, 37, 2
22, 12, 33, 2
22, 12, 38, 2
23, 12, -1, 2
23, 12, -1, 2
23, 12, 29, 2
23, 12, 34, 2
23, 12, 30, 2
23, 12, 31, 2
23, 12, 35, 2
23, 12, 36, 2
23, 12, 27, 2
23, 12, 28, 2
23, 12, 32, 2
23, 12, 37, 2
23, 12, 33, 2
23, 12, 38, 2
24, 12, -1, 2
24, 12, -1, 2
24, 12, 29, 2
24, 12, 34, 2
24, 12, 30, 2
24, 12, 31, 2
24, 12, 35, 2
24, 12, 36, 2
24, 12, 27, 2
24, 12, 28, 2
24, 12, 32, 2
24, 12, 37, 2
24, 12, 33, 2
24, 12, 38, 2
25, 12, -1, 2
25, 12, -1, 2
25, 12, 29, 2
25, 12, 34, 2
25, 12, 30, 2
25, 12, 31, 2
25, 12, 35, 2
25, 12, 36, 2
25, 12, 27, 2
25, 12, 28, 2
25, 12, 32, 2
25, 12, 37, 2
25, 12, 33, 2
25, 12, 38, 2
26, 12, -1, 2
26, 12, -1, 2
26, 12, 29, 2
26, 12, 34, 2
26, 12, 30, 2
26, 12, 31, 2
26, 12, 35, 2
26, 12, 36, 2
26, 12, 27, 2
26, 12, 28, 2
26, 12, 32, 2
26, 12, 37, 2
26, 12, 33, 2
26, 12, 38, 2
27, 5, -1, 4
27, 5, 29, 4
27, 5, 30, 4
27, 5, 31, 4
27, 5, 32, 4
27, 5, 33, 4
28, 5, -1, 4
28, 5, 34, 4
28, 5, 35, 4
28, 5, 36, 4
28, 5, 37, 4
28, 5, 38, 4
29, 12, -1, 2
29, 12, -1, 2
29, 12, -1, 2
29, 12, 51, 2
29, 12, 44, 2
29, 12, -1, 2
29, 12, -1, 2
29, 12, -1, 2
29, 12, 53, 2
29, 12, -1, 2
29, 12, -1, 2
29, 12, 46, 2
29, 12, 41, 2
29, 12, 61, 2
29, 12, 42, 2
29, 12, 54, 2
29, 12, 47, 2
29, 12, 55, 2
29, 12, 48, 2
29, 12, 49, 2
29, 12, -1, 2
29, 12, -1, 2
30, 12, -1, 2
30, 12, -1, 2
30, 12, -1, 2
30, 12, 51, 2
30, 12, 44, 2
30, 12, -1, 2
30, 12, -1, 2
30, 12, -1, 2
30, 12, 53, 2
30, 12, -1, 2
30, 12, -1, 2
30, 12, 46, 2
30, 12, 41, 2
30, 12, 61, 2
30, 12, 42, 2
30, 12, 54, 2
30, 12, 47, 2
30, 12, 55, 2
30, 12, 48, 2
30, 12, 49, 2
30, 12, -1, 2
30, 12, -1, 2
31, 12, -1, 2
31, 12, -1, 2
31, 12, -1, 2
31, 12, 51, 2
31, 12, 44, 2
31, 12, -1, 2
31, 12, -1, 2
31, 12, -1, 2
31, 12, 53, 2
31, 12, -1, 2
31, 12, -1, 2
31, 12, 46, 2
31, 12, 41, 2
31, 12, 61, 2
31, 12, 42, 2
31, 12, 54, 2
31, 12, 47, 2
31, 12, 55, 2
31, 12, 48, 2
31, 12, 49, 2
31, 12, -1, 2
31, 12, -1, 2
32, 12, -1, 2
32, 12, -1, 2
32, 12, -1, 2
32, 12, 51, 2
32, 12, 44, 2
32, 12, -1, 2
32, 12, -1, 2
32, 12, -1, 2
32, 12, 53, 2
32, 12, -1, 2
32, 12, -1, 2
32, 12, 46, 2
32, 12, 41, 2
32, 12, 61, 2
32, 12, 42, 2
32, 12, 54, 2
32, 12, 47, 2
32, 12, 55, 2
32, 12, 48, 2
32, 12, 49, 2
32, 12, -1, 2
32, 12, -1, 2
33, 12, -1, 2
33, 12, -1, 2
33, 12, -1, 2
33, 12, 51, 2
33, 12, 44, 2
33, 12, -1, 2
33, 12, -1, 2
33, 12, -1, 2
33, 12, 53, 2
33, 12, -1, 2
33, 12, -1, 2
33, 12, 46, 2
33, 12, 41, 2
33, 12, 61, 2
33, 12, 42, 2
33, 12, 54, 2
33, 12, 47, 2
33, 12, 55, 2
33, 12, 48, 2
33, 12, 49, 2
33, 12, -1, 2
33, 12, -1, 2
34, 12, -1, 2
34, 12, -1, 2
34, 12, -1, 2
34, 12, 51, 2
34, 12, 44, 2
34, 12, -1, 2
34, 12, -1, 2
34, 12, -1, 2
34, 12, 53, 2
34, 12, -1, 2
34, 12, -1, 2
34, 12, 46, 2
34, 12, 41, 2
34, 12, 61, 2
34, 12, 42, 2
34, 12, 54, 2
34, 12, 47, 2
34, 12, 55, 2
34, 12, 48, 2
34, 12, 49, 2
34, 12, -1, 2
34, 12, -1, 2
35, 12, -1, 2
35, 12, -1, 2
35, 12, -1, 2
35, 12, 51, 2
35, 12, 44, 2
35, 12, -1, 2
35, 12, -1, 2
35, 12, -1, 2
35, 12, 53, 2
35, 12, -1, 2
35, 12, -1, 2
35, 12, 46, 2
35, 12, 41, 2
35, 12, 61, 2
35, 12, 42, 2
35, 12, 54, 2
35, 12, 47, 2
35, 12, 55, 2
35, 12, 48, 2
35, 12, 49, 2
35, 12, -1, 2
35, 12, -1, 2
36, 12, -1, 2
36, 12, -1, 2
36, 12, -1, 2
36, 12, 51, 2
36, 12, 44, 2
36, 12, -1, 2
36, 12, -1, 2
36, 12, -1, 2
36, 12, 53, 2
36, 12, -1, 2
36, 12, -1, 2
36, 12, 46, 2
36, 12, 41, 2
36, 12, 61, 2
36, 12, 42, 2
36, 12, 54, 2
36, 12, 47, 2
36, 12, 55, 2
36, 12, 48, 2
36, 12, 49, 2
36, 12, -1, 2
36, 12, -1, 2
37, 12, -1, 2
37, 12, -1, 2
37, 12, -1, 2
37, 12, 51, 2
37, 12, 44, 2
37, 12, -1, 2
37, 12, -1, 2
37, 12, -1, 2
37, 12, 53, 2
37, 12, -1, 2
37, 12, -1, 2
37, 12, 46, 2
37, 12, 41, 2
37, 12, 61, 2
37, 12, 42, 2
37, 12, 54, 2
37, 12, 47, 2
37, 12, 55, 2
37, 12, 48, 2
37, 12, 49, 2
37, 12, -1, 2
37, 12, -1, 2
38, 12, -1, 2
38, 12, -1, 2
38, 12, -1, 2
38, 12, 51, 2
38, 12, 44, 2
38, 12, -1, 2
38, 12, -1, 2
38, 12, -1, 2
38, 12, 53, 2
38, 12, -1, 2
38, 12, -1, 2
38, 12, 46, 2
38, 12, 41, 2
38, 12, 61, 2
38, 12, 42, 2
38, 12, 54, 2
38, 12, 47, 2
38, 12, 55, 2
38, 12, 48, 2
38, 12, 49, 2
38, 12, -1, 2
38, 12, -1, 2
39, 12, -1, 2
39, 12, -1, 2
39, 12, 29, 2
39, 12, 34, 2
39, 12, 30, 2
39, 12, 31, 2
39, 12, 35, 2
39, 12, 36, 2
39, 12, 27, 2
39, 12, 28, 2
39, 12, 32, 2
39, 12, 37, 2
39, 12, 33, 2
39, 12, 38, 2
40, 28, -1, 2
40, 28, -1, 2
40, 28, -1, 2
40, 28, -1, 1
40, 28, -1, 1
40, 28, 51, 2
40, 28, 44, 2
40, 28, 14, 1
40, 28, 21, 1
40, 28, -1, 2
40, 28, -1, 2
40, 28, -1, 2
40, 28, 53, 2
40, 28, -1, 2
40, 28, -1, 2
40, 28, 46, 2
40, 28, 15, 1
40, 28, -1, 1
40, 28, 16, 1
40, 28, 17, 1
40, 28, 22, 1
40, 28, -1, 1
40, 28, 23, 1
40, 28, 24, 1
40, 28, 41, 2
40, 28, 61, 2
40, 28, 42, 2
40, 28, 12, 1
40, 28, 13, 1
40, 28, 54, 2
40, 28, 47, 2
40, 28, 18, 1
40, 28, 25, 1
40, 28, 55, 2
40, 28, 48, 2
40, 28, 49, 2
40, 28, -1, 2
40, 28, -1, 2
40, 28, -1, 1
40, 28, -1, 1
40, 28, 19, 1
40, 28, 26, 1
40, 28, 20, 1
40, 28, 39, 1
41, 10, -1, 4
41, 10, 60, 1
41, 10, 43, 1
41, 10, 40, 1
41, 10, 3, 1
41, 10, -1, 1
41, 10, -1, 1
41, 10, 52, 2
41, 10, -1, 4
41, 10, -1, 1
41, 10, 45, 1
41, 10, -1, 1
41, 10, 50, 1
41, 10, 4, 1
41, 10, 5, 1
41, 10, -1, 1
41, 10, 49, 4
42, 7, -1, 4
42, 7, 60, 1
42, 7, 43, 1
42, 7, 44, 4
42, 7, -1, 1
42, 7, -1, 1
42, 7, 52, 1
42, 7, -1, 4
42, 7, -1, 4
42, 7, 46, 4
42, 7, -1, 1
42, 7, 47, 4
42, 7, 48, 4
42, 7, -1, 4
43, 45, -1, 4
43, 45, -1, 4
43, 45, -1, 4
43, 45, -1, 2
43, 45, -1, 2
43, 45, 60, 4
43, 45, 51, 4
43, 45, 44, 4
43, 45, 14, 2
43, 45, 21, 2
43, 45, 9, 4
43, 45, 0, 1
43, 45, -1, 3
43, 45, -1, 3
43, 45, 40, 4
43, 45, 3, 1
43, 45, 6, 3
43, 45, -1, 3
43, 45, 52, 2
43, 45, -1, 4
43, 45, -1, 4
43, 45, -1, 4
43, 45, 53, 4
43, 45, -1, 4
43, 45, -1, 4
43, 45, 46, 4
43, 45, 15, 2
43, 45, -1, 2
43, 45, 16, 2
43, 45, 17, 2
43, 45, 22, 2
43, 45, -1, 2
43, 45, 23, 2
43, 45, 24, 2
43, 45, -1, 1
43, 45, 10, 4
43, 45, -1, 4
43, 45, -1, 3
43, 45, 11, 4
43, 45, 1, 1
43, 45, 2, 1
43, 45, -1, 3
43, 45, -1, 3
43, 45, -1, 3
43, 45, -1, 3
43, 45, -1, 3
43, 45, -1, 3
43, 45, -1, 3
43, 45, -1, 3
43, 45, -1, 1
43, 45, 45, 4
43, 45, -1, 4
43, 45, -1, 3
43, 45, 50, 4
43, 45, 4, 1
43, 45, 5, 1
43, 45, -1, 3
43, 45, -1, 3
43, 45, -1, 3
43, 45, 8, 3
43, 45, 7, 3
43, 45, 41, 4
43, 45, 61, 4
43, 45, 42, 4
43, 45, 12, 2
43, 45, 13, 2
43, 45, 54, 4
43, 45, 47, 4
43, 45, 18, 2
43, 45, 25, 2
43, 45, 55, 4
43, 45, 48, 4
43, 45, 49, 4
43, 45, -1, 4
43, 45, -1, 4
43, 45, -1, 2
43, 45, -1, 2
43, 45, 19, 2
43, 45, 26, 2
43, 45, 20, 2
43, 45, 39, 2
44, 12, 60, 1
44, 12, 43, 1
44, 12, -1, 2
44, 12, 9, 1
44, 12, -1, 1
44, 12, -1, 1
44, 12, 40, 1
44, 12, -1, 2
44, 12, 6, 1
44, 12, -1, 1
44, 12, -1, 2
44, 12, 52, 1
44, 12, -1, 2
44, 12, -1, 2
44, 12, -1, 2
44, 12, 10, 1
44, 12, -1, 1
44, 12, -1, 1
44, 12, 11, 1
44, 12, -1, 1
44, 12, -1, 1
44, 12, -1, 1
44, 12, -1, 1
44, 12, -1, 1
44, 12, -1, 1
44, 12, -1, 1
44, 12, -1, 1
44, 12, 45, 1
44, 12, -1, 1
44, 12, -1, 1
44, 12, 50, 1
44, 12, -1, 1
44, 12, -1, 1
44, 12, -1, 2
44, 12, -1, 2
44, 12, -1, 2
44, 12, -1, 2
44, 12, -1, 2
44, 12, 8, 1
44, 12, 7, 1
44, 12, -1, 2
44, 12, -1, 1
44, 12, -1, 1
45, 28, -1, 2
45, 28, -1, 2
45, 28, -1, 2
45, 28, -1, 1
45, 28, -1, 1
45, 28, 51, 2
45, 28, 44, 2
45, 28, 14, 1
45, 28, 21, 1
45, 28, -1, 2
45, 28, -1, 2
45, 28, -1, 2
45, 28, 53, 2
45, 28, -1, 2
45, 28, -1, 2
45, 28, 46, 2
45, 28, 15, 1
45, 28, -1, 1
45, 28, 16, 1
45, 28, 17, 1
45, 28, 22, 1
45, 28, -1, 1
45, 28, 23, 1
45, 28, 24, 1
45, 28, 41, 2
45, 28, 61, 2
45, 28, 42, 2
45, 28, 12, 1
45, 28, 13, 1
45, 28, 54, 2
45, 28, 47, 2
45, 28, 18, 1
45, 28, 25, 1
45, 28, 55, 2
45, 28, 48, 2
45, 28, 49, 2
45, 28, -1, 2
45, 28, -1, 2
45, 28, -1, 1
45, 28, -1, 1
45, 28, 19, 1
45, 28, 26, 1
45, 28, 20, 1
45, 28, 39, 1
46, 3, 60, 1
46, 3, 43, 1
46, 3, -1, 1
46, 3, -1, 1
46, 3, 52, 1
46, 3, -1, 1
47, 4, 57, 1
47, 4, 58, 1
47, 4, 59, 1
47, 4, 56, 1
48, 9, 56, 1
48, 9, 43, 1
48, 9, 40, 1
48, 9, 3, 1
48, 9, 52, 1
48, 9, -1, 1
48, 9, 45, 1
48, 9, -1, 1
48, 9, 50, 1
48, 9, 4, 1
48, 9, 5, 1
49, 12, -1, 2
49, 12, -1, 2
49, 12, 29, 2
49, 12, 34, 2
49, 12, 30, 2
49, 12, 31, 2
49, 12, 35, 2
49, 12, 36, 2
49, 12, 27, 2
49, 12, 28, 2
49, 12, 32, 2
49, 12, 37, 2
49, 12, 33, 2
49, 12, 38, 2
50, 16, -1, 1
50, 16, -1, 1
50, 16, 14, 1
50, 16, 21, 1
50, 16, 15, 1
50, 16, -1, 1
50, 16, 16, 1
50, 16, 17, 1
50, 16, 22, 1
50, 16, -1, 1
50, 16, 23, 1
50, 16, 24, 1
50, 16, 12, 1
50, 16, 13, 1
50, 16, 18, 1
50, 16, 25, 1
50, 16, -1, 1
50, 16, -1, 1
50, 16, 19, 1
50, 16, 26, 1
50, 16, 20, 1
50, 16, 39, 1
51, 12, 60, 1
51, 12, 43, 1
51, 12, -1, 2
51, 12, 9, 1
51, 12, -1, 1
51, 12, -1, 1
51, 12, 40, 1
51, 12, -1, 2
51, 12, 6, 1
51, 12, -1, 1
51, 12, -1, 2
51, 12, 52, 1
51, 12, -1, 2
51, 12, -1, 2
51, 12, -1, 2
51, 12, 10, 1
51, 12, -1, 1
51, 12, -1, 1
51, 12, 11, 1
51, 12, -1, 1
51, 12, -1, 1
51, 12, -1, 1
51, 12, -1, 1
51, 12, -1, 1
51, 12, -1, 1
51, 12, -1, 1
51, 12, -1, 1
51, 12, 45, 1
51, 12, -1, 1
51, 12, -1, 1
51, 12, 50, 1
51, 12, -1, 1
51, 12, -1, 1
51, 12, -1, 2
51, 12, -1, 2
51, 12, -1, 2
51, 12, -1, 2
51, 12, -1, 2
51, 12, 8, 1
51, 12, 7, 1
51, 12, -1, 2
51, 12, -1, 1
51, 12, -1, 1
52, 28, -1, 4
52, 28, -1, 4
52, 28, -1, 4
52, 28, -1, 2
52, 28, -1, 2
52, 28, 51, 4
52, 28, 44, 4
52, 28, 14, 2
52, 28, 21, 2
52, 28, -1, 4
52, 28, -1, 4
52, 28, -1, 4
52, 28, 53, 4
52, 28, -1, 4
52, 28, -1, 4
52, 28, 46, 4
52, 28, 15, 2
52, 28, -1, 2
52, 28, 16, 2
52, 28, 17, 2
52, 28, 22, 2
52, 28, -1, 2
52, 28, 23, 2
52, 28, 24, 2
52, 28, 41, 4
52, 28, 61, 4
52, 28, 42, 4
52, 28, 12, 2
52, 28, 13, 2
52, 28, 54, 4
52, 28, 47, 4
52, 28, 18, 2
52, 28, 25, 2
52, 28, 55, 4
52, 28, 48, 4
52, 28, 49, 4
52, 28, -1, 4
52, 28, -1, 4
52, 28, -1, 2
52, 28, -1, 2
52, 28, 19, 2
52, 28, 26, 2
52, 28, 20, 2
52, 28, 39, 2
53, 3, 60, 1
53, 3, 43, 1
53, 3, -1, 1
53, 3, -1, 1
53, 3, 52, 1
53, 3, -1, 1
54, 4, 57, 1
54, 4, 58, 1
54, 4, 59, 1
54, 4, 56, 1
55, 9, 56, 1
55, 9, 43, 1
55, 9, 40, 1
55, 9, 3, 1
55, 9, 52, 1
55, 9, -1, 1
55, 9, 45, 1
55, 9, -1, 1
55, 9, 50, 1
55, 9, 4, 1
55, 9, 5, 1
56, 4, 60, 2
56, 4, 57, 2
56, 4, 58, 2
56, 4, 59, 2
57, 4, 60, 4
57, 4, 58, 4
57, 4, 59, 4
57, 4, 56, 2
58, 4, 60, 4
58, 4, 57, 4
58, 4, 59, 4
58, 4, 56, 2
59, 4, 60, 4
59, 4, 57, 4
59, 4, 58, 4
59, 4, 56, 2
60, 61, -1, 4
60, 61, -1, 4
60, 61, -1, 4
60, 61, -1, 2
60, 61, -1, 2
60, 61, -1, 4
60, 61, -1, 4
60, 61, 57, 10
60, 61, 58, 10
60, 61, 59, 10
60, 61, 56, 6
60, 61, 43, 6
60, 61, -1, 6
60, 61, 51, 4
60, 61, 44, 4
60, 61, 14, 2
60, 61, 21, 2
60, 61, 29, 4
60, 61, 34, 4
60, 61, 9, 4
60, 61, 0, 1
60, 61, -1, 3
60, 61, -1, 3
60, 61, 40, 6
60, 61, 3, 3
60, 61, -1, 6
60, 61, 6, 3
60, 61, -1, 4
60, 61, -1, 7
60, 61, 52, 8
60, 61, -1, 6
60, 61, -1, 6
60, 61, -1, 6
60, 61, -1, 4
60, 61, -1, 4
60, 61, -1, 4
60, 61, 53, 4
60, 61, -1, 4
60, 61, -1, 4
60, 61, 46, 4
60, 61, 15, 2
60, 61, -1, 2
60, 61, 16, 2
60, 61, 17, 2
60, 61, 22, 2
60, 61, -1, 2
60, 61, 23, 2
60, 61, 24, 2
60, 61, 30, 4
60, 61, 31, 4
60, 61, 35, 4
60, 61, 36, 4
60, 61, -1, 1
60, 61, 10, 4
60, 61, -1, 4
60, 61, -1, 3
60, 61, 11, 4
60, 61, 1, 1
60, 61, 2, 1
60, 61, -1, 3
60, 61, -1, 3
60, 61, -1, 3
60, 61, -1, 3
60, 61, -1, 3
60, 61, -1, 3
60, 61, -1, 3
60, 61, -1, 3
60, 61, -1, 3
60, 61, 45, 6
60, 61, -1, 6
60, 61, -1, 3
60, 61, 50, 6
60, 61, 4, 3
60, 61, 5, 3
60, 61, -1, 4
60, 61, -1, 3
60, 61, -1, 6
60, 61, -1, 6
60, 61, -1, 6
60, 61, -1, 6
60, 61, -1, 6
60, 61, 8, 3
60, 61, 7, 3
60, 61, -1, 6
60, 61, 41, 4
60, 61, 61, 4
60, 61, 42, 4
60, 61, 12, 2
60, 61, 13, 2
60, 61, 27, 4
60, 61, 28, 4
60, 61, 54, 4
60, 61, 47, 4
60, 61, 18, 2
60, 61, 25, 2
60, 61, 55, 4
60, 61, 48, 4
60, 61, 49, 4
60, 61, -1, 4
60, 61, -1, 4
60, 61, -1, 3
60, 61, 32, 4
60, 61, 37, 4
60, 61, -1, 3
60, 61, 33, 4
60, 61, 38, 4
60, 61, -1, 2
60, 61, -1, 2
60, 61, 19, 2
60, 61, 26, 2
60, 61, 20, 2
60, 61, 39, 2
61, 7, -1, 4
61, 7, 60, 1
61, 7, 43, 1
61, 7, 51, 4
61, 7, -1, 1
61, 7, -1, 1
61, 7, 52, 1
61, 7, -1, 4
61, 7, -1, 4
61, 7, 53, 4
61, 7, -1, 1
61, 7, 54, 4
61, 7, 55, 4
61, 7, -1, 4
DTG
0, 1, 1, 0, 3
1, 1, 1, 0, 3
2, 1, 1, 0, 3
3, 3, 1, 0, 3
3, 3, 1, 0, 3
3, 3, 1, 0, 5
4, 3, 1, 0, 3
4, 3, 1, 0, 3
4, 3, 1, 0, 5
5, 3, 1, 0, 3
5, 3, 1, 0, 3
5, 3, 1, 0, 5
6, 1, 1, 0, 3
7, 1, 1, 0, 3
8, 1, 1, 0, 4
9, 1, 1, 0, 3
10, 1, 1, 0, 3
11, 1, 1, 0, 3
12, 2, 0, 1, 12
12, 2, 0, 1, 12
13, 2, 0, 1, 12
13, 2, 0, 1, 12
14, 2, 1, 0, 13
14, 2, 1, 0, 13
15, 2, 1, 0, 13
15, 2, 1, 0, 13
16, 2, 1, 0, 13
16, 2, 1, 0, 13
17, 2, 1, 0, 13
17, 2, 1, 0, 13
18, 2, 1, 0, 13
18, 2, 1, 0, 13
19, 2, 1, 0, 13
19, 2, 1, 0, 13
20, 2, 1, 0, 13
20, 2, 1, 0, 13
21, 2, 1, 0, 13
21, 2, 1, 0, 13
22, 2, 1, 0, 13
22, 2, 1, 0, 13
23, 2, 1, 0, 13
23, 2, 1, 0, 13
24, 2, 1, 0, 13
24, 2, 1, 0, 13
25, 2, 1, 0, 13
25, 2, 1, 0, 13
26, 2, 1, 0, 13
26, 2, 1, 0, 13
27, 2, 0, 1, 10
27, 2, 0, 1, 10
28, 2, 0, 1, 10
28, 2, 0, 1, 10
29, 2, 1, 0, 11
29, 2, 1, 0, 11
30, 2, 1, 0, 11
30, 2, 1, 0, 11
31, 2, 1, 0, 11
31, 2, 1, 0, 11
32, 2, 1, 0, 11
32, 2, 1, 0, 11
33, 2, 1, 0, 11
33, 2, 1, 0, 11
34, 2, 1, 0, 11
34, 2, 1, 0, 11
35, 2, 1, 0, 11
35, 2, 1, 0, 11
36, 2, 1, 0, 11
36, 2, 1, 0, 11
37, 2, 1, 0, 11
37, 2, 1, 0, 11
38, 2, 1, 0, 11
38, 2, 1, 0, 11
39, 2, 1, 0, 13
39, 2, 1, 0, 13
40, 3, 1, 0, 3
40, 3, 1, 0, 3
40, 3, 1, 0, 4
41, 4, 0, 1, 16
41, 4, 0, 1, 16
41, 4, 0, 1, 16
41, 4, 0, 1, 16
42, 4, 0, 1, 16
42, 4, 0, 1, 16
42, 4, 0, 1, 16
42, 4, 0, 1, 16
43, 3, 1, 0, 2
43, 3, 1, 0, 3
43, 3, 1, 0, 3
44, 4, 1, 0, 17
44, 4, 1, 0, 17
44, 4, 1, 0, 17
44, 4, 1, 0, 17
45, 3, 1, 0, 3
45, 3, 1, 0, 3
45, 3, 1, 0, 4
46, 4, 1, 0, 17
46, 4, 1, 0, 17
46, 4, 1, 0, 17
46, 4, 1, 0, 17
47, 4, 0, 1, 17
47, 4, 0, 1, 17
47, 4, 0, 1, 17
47, 4, 0, 1, 17
48, 4, 1, 0, 17
48, 4, 1, 0, 17
48, 4, 1, 0, 17
48, 4, 1, 0, 17
49, 4, 1, 0, 17
49, 4, 1, 0, 17
49, 4, 1, 0, 17
49, 4, 1, 0, 17
50, 3, 1, 0, 3
50, 3, 1, 0, 3
50, 3, 1, 0, 4
51, 4, 1, 0, 17
51, 4, 1, 0, 17
51, 4, 1, 0, 17
51, 4, 1, 0, 17
52, 3, 1, 0, 2
52, 3, 1, 0, 3
52, 3, 1, 0, 3
53, 4, 1, 0, 17
53, 4, 1, 0, 17
53, 4, 1, 0, 17
53, 4, 1, 0, 17
54, 4, 0, 1, 17
54, 4, 0, 1, 17
54, 4, 0, 1, 17
54, 4, 0, 1, 17
55, 4, 1, 0, 17
55, 4, 1, 0, 17
55, 4, 1, 0, 17
55, 4, 1, 0, 17
56, 2, 0, 1, 5
56, 2, 0, 1, 5
56, 4, 1, 0, 3
56, 4, 1, 0, 3
56, 4, 1, 0, 3
56, 4, 1, 0, 3
57, 4, 0, 1, 4
57, 4, 0, 1, 4
57, 4, 0, 1, 5
57, 4, 0, 1, 5
57, 4, 1, 0, 2
57, 4, 1, 0, 2
57, 4, 1, 0, 2
57, 4, 1, 0, 2
58, 4, 0, 1, 4
58, 4, 0, 1, 4
58, 4, 0, 1, 5
58, 4, 0, 1, 5
58, 4, 1, 0, 2
58, 4, 1, 0, 2
58, 4, 1, 0, 2
58, 4, 1, 0, 2
59, 4, 0, 1, 4
59, 4, 0, 1, 4
59, 4, 0, 1, 5
59, 4, 0, 1, 5
59, 4, 1, 0, 2
59, 4, 1, 0, 2
59, 4, 1, 0, 2
59, 4, 1, 0, 2
60, 1, 0, 4, 4
60, 1, 1, 4, 4
60, 1, 2, 4, 5
60, 1, 3, 4, 5
60, 4, 4, 0, 2
60, 4, 4, 1, 4
60, 4, 4, 2, 6
60, 4, 4, 3, 6
61, 4, 0, 1, 16
61, 4, 0, 1, 16
61, 4, 0, 1, 16
61, 4, 0, 1, 16
Goal
60
61
