CG
52
0, 2, 26, 7
0, 2, 43, 7
1, 2, 22, 6
1, 2, 43, 6
2, 2, 31, 14
2, 2, 48, 14
3, 2, 23, 6
3, 2, 43, 6
4, 2, 24, 6
4, 2, 41, 6
5, 2, 44, 16
5, 2, 48, 16
6, 2, 30, 8
6, 2, 41, 8
7, 2, 35, 15
7, 2, 48, 15
8, 2, 47, 15
8, 2, 48, 15
9, 2, 40, 7
9, 2, 41, 7
10, 2, 27, 8
10, 2, 41, 8
11, 2, 28, 8
11, 2, 43, 8
12, 2, 46, 14
12, 2, 48, 14
13, 2, 34, 6
13, 2, 41, 6
14, 2, 36, 7
14, 2, 41, 7
15, 2, 45, 15
15, 2, 48, 15
16, 2, 37, 7
16, 2, 43, 7
17, 2, 20, 4
17, 2, 43, 4
18, 2, 29, 12
18, 2, 48, 12
19, 5, 29, 12
19, 5, 36, 7
19, 5, 34, 12
19, 5, 48, 12
19, 5, 41, 31
20, 6, 29, 12
20, 6, 37, 7
20, 6, 38, 12
20, 6, 17, 1
20, 6, 48, 12
20, 6, 43, 31
21, 4, 31, 14
21, 4, 36, 21
21, 4, 48, 14
21, 4, 41, 39
22, 5, 31, 14
22, 5, 37, 21
22, 5, 1, 1
22, 5, 48, 14
22, 5, 43, 39
23, 7, 32, 14
23, 7, 37, 14
23, 7, 38, 6
23, 7, 42, 14
23, 7, 3, 1
23, 7, 48, 14
23, 7, 43, 52
24, 7, 32, 14
24, 7, 36, 14
24, 7, 34, 6
24, 7, 40, 14
24, 7, 4, 1
24, 7, 48, 14
24, 7, 41, 52
25, 5, 35, 15
25, 5, 36, 21
25, 5, 40, 14
25, 5, 48, 15
25, 5, 41, 56
26, 6, 35, 15
26, 6, 37, 21
26, 6, 42, 14
26, 6, 0, 1
26, 6, 48, 15
26, 6, 43, 56
27, 7, 39, 16
27, 7, 36, 7
27, 7, 40, 14
27, 7, 30, 8
27, 7, 10, 1
27, 7, 48, 16
27, 7, 41, 53
28, 7, 39, 16
28, 7, 37, 7
28, 7, 42, 14
28, 7, 33, 8
28, 7, 11, 1
28, 7, 48, 16
28, 7, 43, 53
29, 8, 20, 4
29, 8, 19, 4
29, 8, 45, 15
29, 8, 46, 28
29, 8, 18, 1
29, 8, 48, 91
29, 8, 43, 4
29, 8, 41, 4
30, 4, 44, 16
30, 4, 6, 1
30, 4, 48, 16
30, 4, 41, 32
31, 7, 22, 6
31, 7, 21, 6
31, 7, 45, 45
31, 7, 2, 1
31, 7, 48, 101
31, 7, 43, 6
31, 7, 41, 6
32, 8, 23, 6
32, 8, 24, 6
32, 8, 45, 30
32, 8, 46, 14
32, 8, 47, 30
32, 8, 48, 130
32, 8, 43, 6
32, 8, 41, 6
33, 4, 44, 16
33, 4, 49, 1
33, 4, 48, 16
33, 4, 43, 32
34, 4, 46, 14
34, 4, 13, 1
34, 4, 48, 14
34, 4, 41, 36
35, 8, 26, 7
35, 8, 25, 7
35, 8, 45, 45
35, 8, 47, 30
35, 8, 7, 1
35, 8, 48, 135
35, 8, 43, 7
35, 8, 41, 7
36, 7, 45, 15
36, 7, 34, 18
36, 7, 40, 42
36, 7, 30, 8
36, 7, 14, 1
36, 7, 48, 15
36, 7, 41, 124
37, 7, 45, 15
37, 7, 38, 18
37, 7, 42, 42
37, 7, 33, 8
37, 7, 16, 1
37, 7, 48, 15
37, 7, 43, 124
38, 4, 46, 14
38, 4, 50, 1
38, 4, 48, 14
38, 4, 43, 36
39, 8, 28, 8
39, 8, 27, 8
39, 8, 45, 15
39, 8, 47, 30
39, 8, 44, 16
39, 8, 48, 125
39, 8, 43, 8
39, 8, 41, 8
40, 4, 47, 15
40, 4, 9, 1
40, 4, 48, 15
40, 4, 41, 63
41, 9, 19, 12
41, 9, 27, 24
41, 9, 25, 21
41, 9, 21, 18
41, 9, 24, 18
41, 9, 36, 56
41, 9, 34, 36
41, 9, 40, 63
41, 9, 30, 32
42, 4, 47, 15
42, 4, 51, 1
42, 4, 48, 15
42, 4, 43, 63
43, 9, 20, 12
43, 9, 28, 24
43, 9, 26, 21
43, 9, 22, 18
43, 9, 23, 18
43, 9, 37, 56
43, 9, 38, 36
43, 9, 42, 63
43, 9, 33, 32
44, 6, 33, 8
44, 6, 30, 8
44, 6, 5, 1
44, 6, 48, 80
44, 6, 43, 8
44, 6, 41, 8
45, 9, 37, 7
45, 9, 36, 7
45, 9, 46, 42
45, 9, 47, 90
45, 9, 44, 16
45, 9, 15, 1
45, 9, 48, 283
45, 9, 43, 7
45, 9, 41, 7
46, 6, 38, 6
46, 6, 34, 6
46, 6, 12, 1
46, 6, 48, 98
46, 6, 43, 6
46, 6, 41, 6
47, 6, 42, 7
47, 6, 40, 7
47, 6, 8, 1
47, 6, 48, 150
47, 6, 43, 7
47, 6, 41, 7
48, 9, 29, 48
48, 9, 39, 64
48, 9, 35, 60
48, 9, 31, 56
48, 9, 32, 56
48, 9, 45, 135
48, 9, 46, 98
48, 9, 47, 150
48, 9, 44, 80
49, 2, 33, 8
49, 2, 43, 8
50, 2, 38, 6
50, 2, 43, 6
51, 2, 42, 7
51, 2, 43, 7
DTG
0, 1, 1, 0, 2
1, 1, 1, 0, 2
2, 1, 1, 0, 2
3, 1, 1, 0, 2
4, 1, 1, 0, 2
5, 1, 1, 0, 2
6, 1, 1, 0, 2
7, 1, 1, 0, 2
8, 1, 1, 0, 2
9, 1, 1, 0, 2
10, 1, 1, 0, 2
11, 1, 1, 0, 2
12, 1, 1, 0, 2
13, 1, 1, 0, 2
14, 1, 1, 0, 2
15, 1, 1, 0, 2
16, 1, 1, 0, 2
17, 1, 1, 0, 2
18, 1, 1, 0, 2
19, 4, 0, 1, 2
19, 4, 0, 1, 2
19, 4, 0, 1, 2
19, 4, 0, 1, 2
19, 4, 1, 0, 2
19, 4, 1, 0, 2
19, 4, 1, 0, 2
19, 4, 1, 0, 2
20, 4, 0, 1, 2
20, 4, 0, 1, 2
20, 4, 0, 1, 2
20, 4, 0, 1, 2
20, 8, 1, 0, 3
20, 8, 1, 0, 3
20, 8, 1, 0, 3
20, 8, 1, 0, 3
20, 8, 1, 0, 3
20, 8, 1, 0, 3
20, 8, 1, 0, 3
20, 8, 1, 0, 3
21, 6, 0, 1, 2
21, 6, 0, 1, 2
21, 6, 0, 1, 2
21, 6, 0, 1, 2
21, 6, 0, 1, 2
21, 6, 0, 1, 2
21, 6, 1, 0, 2
21, 6, 1, 0, 2
21, 6, 1, 0, 2
21, 6, 1, 0, 2
21, 6, 1, 0, 2
21, 6, 1, 0, 2
22, 6, 0, 1, 2
22, 6, 0, 1, 2
22, 6, 0, 1, 2
22, 6, 0, 1, 2
22, 6, 0, 1, 2
22, 6, 0, 1, 2
22, 12, 1, 0, 3
22, 12, 1, 0, 3
22, 12, 1, 0, 3
22, 12, 1, 0, 3
22, 12, 1, 0, 3
22, 12, 1, 0, 3
22, 12, 1, 0, 3
22, 12, 1, 0, 3
22, 12, 1, 0, 3
22, 12, 1, 0, 3
22, 12, 1, 0, 3
22, 12, 1, 0, 3
23, 6, 0, 1, 2
23, 6, 0, 1, 2
23, 6, 0, 1, 2
23, 6, 0, 1, 2
23, 6, 0, 1, 2
23, 6, 0, 1, 2
23, 12, 1, 0, 3
23, 12, 1, 0, 3
23, 12, 1, 0, 3
23, 12, 1, 0, 3
23, 12, 1, 0, 3
23, 12, 1, 0, 3
23, 12, 1, 0, 3
23, 12, 1, 0, 3
23, 12, 1, 0, 3
23, 12, 1, 0, 3
23, 12, 1, 0, 3
23, 12, 1, 0, 3
24, 6, 0, 1, 2
24, 6, 0, 1, 2
24, 6, 0, 1, 2
24, 6, 0, 1, 2
24, 6, 0, 1, 2
24, 6, 0, 1, 2
24, 12, 1, 0, 3
24, 12, 1, 0, 3
24, 12, 1, 0, 3
24, 12, 1, 0, 3
24, 12, 1, 0, 3
24, 12, 1, 0, 3
24, 12, 1, 0, 3
24, 12, 1, 0, 3
24, 12, 1, 0, 3
24, 12, 1, 0, 3
24, 12, 1, 0, 3
24, 12, 1, 0, 3
25, 7, 0, 1, 2
25, 7, 0, 1, 2
25, 7, 0, 1, 2
25, 7, 0, 1, 2
25, 7, 0, 1, 2
25, 7, 0, 1, 2
25, 7, 0, 1, 2
25, 7, 1, 0, 2
25, 7, 1, 0, 2
25, 7, 1, 0, 2
25, 7, 1, 0, 2
25, 7, 1, 0, 2
25, 7, 1, 0, 2
25, 7, 1, 0, 2
26, 7, 0, 1, 2
26, 7, 0, 1, 2
26, 7, 0, 1, 2
26, 7, 0, 1, 2
26, 7, 0, 1, 2
26, 7, 0, 1, 2
26, 7, 0, 1, 2
26, 14, 1, 0, 3
26, 14, 1, 0, 3
26, 14, 1, 0, 3
26, 14, 1, 0, 3
26, 14, 1, 0, 3
26, 14, 1, 0, 3
26, 14, 1, 0, 3
26, 14, 1, 0, 3
26, 14, 1, 0, 3
26, 14, 1, 0, 3
26, 14, 1, 0, 3
26, 14, 1, 0, 3
26, 14, 1, 0, 3
26, 14, 1, 0, 3
27, 8, 0, 1, 2
27, 8, 0, 1, 2
27, 8, 0, 1, 2
27, 8, 0, 1, 2
27, 8, 0, 1, 2
27, 8, 0, 1, 2
27, 8, 0, 1, 2
27, 8, 0, 1, 2
27, 16, 1, 0, 3
27, 16, 1, 0, 3
27, 16, 1, 0, 3
27, 16, 1, 0, 3
27, 16, 1, 0, 3
27, 16, 1, 0, 3
27, 16, 1, 0, 3
27, 16, 1, 0, 3
27, 16, 1, 0, 3
27, 16, 1, 0, 3
27, 16, 1, 0, 3
27, 16, 1, 0, 3
27, 16, 1, 0, 3
27, 16, 1, 0, 3
27, 16, 1, 0, 3
27, 16, 1, 0, 3
28, 8, 0, 1, 2
28, 8, 0, 1, 2
28, 8, 0, 1, 2
28, 8, 0, 1, 2
28, 8, 0, 1, 2
28, 8, 0, 1, 2
28, 8, 0, 1, 2
28, 8, 0, 1, 2
28, 16, 1, 0, 3
28, 16, 1, 0, 3
28, 16, 1, 0, 3
28, 16, 1, 0, 3
28, 16, 1, 0, 3
28, 16, 1, 0, 3
28, 16, 1, 0, 3
28, 16, 1, 0, 3
28, 16, 1, 0, 3
28, 16, 1, 0, 3
28, 16, 1, 0, 3
28, 16, 1, 0, 3
28, 16, 1, 0, 3
28, 16, 1, 0, 3
28, 16, 1, 0, 3
28, 16, 1, 0, 3
29, 12, 0, 1, 2
29, 12, 0, 1, 2
29, 12, 0, 1, 2
29, 12, 0, 1, 2
29, 12, 0, 1, 2
29, 12, 0, 1, 2
29, 12, 0, 1, 2
29, 12, 0, 1, 2
29, 12, 0, 1, 2
29, 12, 0, 1, 2
29, 12, 0, 1, 2
29, 12, 0, 1, 2
29, 36, 1, 0, 3
29, 36, 1, 0, 3
29, 36, 1, 0, 3
29, 36, 1, 0, 3
29, 36, 1, 0, 3
29, 36, 1, 0, 3
29, 36, 1, 0, 3
29, 36, 1, 0, 3
29, 36, 1, 0, 3
29, 36, 1, 0, 3
29, 36, 1, 0, 3
29, 36, 1, 0, 3
29, 36, 1, 0, 3
29, 36, 1, 0, 3
29, 36, 1, 0, 3
29, 36, 1, 0, 3
29, 36, 1, 0, 3
29, 36, 1, 0, 3
29, 36, 1, 0, 3
29, 36, 1, 0, 3
29, 36, 1, 0, 3
29, 36, 1, 0, 3
29, 36, 1, 0, 3
29, 36, 1, 0, 3
29, 36, 1, 0, 3
29, 36, 1, 0, 3
29, 36, 1, 0, 3
29, 36, 1, 0, 3
29, 36, 1, 0, 3
29, 36, 1, 0, 3
29, 36, 1, 0, 3
29, 36, 1, 0, 3
29, 36, 1, 0, 3
29, 36, 1, 0, 3
29, 36, 1, 0, 3
29, 36, 1, 0, 3
30, 8, 0, 1, 2
30, 8, 0, 1, 2
30, 8, 0, 1, 2
30, 8, 0, 1, 2
30, 8, 0, 1, 2
30, 8, 0, 1, 2
30, 8, 0, 1, 2
30, 8, 0, 1, 2
30, 24, 1, 0, 3
30, 24, 1, 0, 3
30, 24, 1, 0, 3
30, 24, 1, 0, 3
30, 24, 1, 0, 3
30, 24, 1, 0, 3
30, 24, 1, 0, 3
30, 24, 1, 0, 3
30, 24, 1, 0, 3
30, 24, 1, 0, 3
30, 24, 1, 0, 3
30, 24, 1, 0, 3
30, 24, 1, 0, 3
30, 24, 1, 0, 3
30, 24, 1, 0, 3
30, 24, 1, 0, 3
30, 24, 1, 0, 4
30, 24, 1, 0, 4
30, 24, 1, 0, 4
30, 24, 1, 0, 4
30, 24, 1, 0, 4
30, 24, 1, 0, 4
30, 24, 1, 0, 4
30, 24, 1, 0, 4
31, 14, 0, 1, 2
31, 14, 0, 1, 2
31, 14, 0, 1, 2
31, 14, 0, 1, 2
31, 14, 0, 1, 2
31, 14, 0, 1, 2
31, 14, 0, 1, 2
31, 14, 0, 1, 2
31, 14, 0, 1, 2
31, 14, 0, 1, 2
31, 14, 0, 1, 2
31, 14, 0, 1, 2
31, 14, 0, 1, 2
31, 14, 0, 1, 2
31, 42, 1, 0, 3
31, 42, 1, 0, 3
31, 42, 1, 0, 3
31, 42, 1, 0, 3
31, 42, 1, 0, 3
31, 42, 1, 0, 3
31, 42, 1, 0, 3
31, 42, 1, 0, 3
31, 42, 1, 0, 3
31, 42, 1, 0, 3
31, 42, 1, 0, 3
31, 42, 1, 0, 3
31, 42, 1, 0, 3
31, 42, 1, 0, 3
31, 42, 1, 0, 3
31, 42, 1, 0, 3
31, 42, 1, 0, 3
31, 42, 1, 0, 3
31, 42, 1, 0, 3
31, 42, 1, 0, 3
31, 42, 1, 0, 3
31, 42, 1, 0, 3
31, 42, 1, 0, 3
31, 42, 1, 0, 3
31, 42, 1, 0, 3
31, 42, 1, 0, 3
31, 42, 1, 0, 3
31, 42, 1, 0, 3
31, 42, 1, 0, 3
31, 42, 1, 0, 3
31, 42, 1, 0, 3
31, 42, 1, 0, 3
31, 42, 1, 0, 3
31, 42, 1, 0, 3
31, 42, 1, 0, 3
31, 42, 1, 0, 3
31, 42, 1, 0, 3
31, 42, 1, 0, 3
31, 42, 1, 0, 3
31, 42, 1, 0, 3
31, 42, 1, 0, 3
31, 42, 1, 0, 3
32, 14, 0, 1, 2
32, 14, 0, 1, 2
32, 14, 0, 1, 2
32, 14, 0, 1, 2
32, 14, 0, 1, 2
32, 14, 0, 1, 2
32, 14, 0, 1, 2
32, 14, 0, 1, 2
32, 14, 0, 1, 2
32, 14, 0, 1, 2
32, 14, 0, 1, 2
32, 14, 0, 1, 2
32, 14, 0, 1, 2
32, 14, 0, 1, 2
32, 28, 1, 0, 2
32, 28, 1, 0, 2
32, 28, 1, 0, 2
32, 28, 1, 0, 2
32, 28, 1, 0, 2
32, 28, 1, 0, 2
32, 28, 1, 0, 2
32, 28, 1, 0, 2
32, 28, 1, 0, 2
32, 28, 1, 0, 2
32, 28, 1, 0, 2
32, 28, 1, 0, 2
32, 28, 1, 0, 2
32, 28, 1, 0, 2
32, 28, 1, 0, 3
32, 28, 1, 0, 3
32, 28, 1, 0, 3
32, 28, 1, 0, 3
32, 28, 1, 0, 3
32, 28, 1, 0, 3
32, 28, 1, 0, 3
32, 28, 1, 0, 3
32, 28, 1, 0, 3
32, 28, 1, 0, 3
32, 28, 1, 0, 3
32, 28, 1, 0, 3
32, 28, 1, 0, 3
32, 28, 1, 0, 3
33, 8, 0, 1, 2
33, 8, 0, 1, 2
33, 8, 0, 1, 2
33, 8, 0, 1, 2
33, 8, 0, 1, 2
33, 8, 0, 1, 2
33, 8, 0, 1, 2
33, 8, 0, 1, 2
33, 24, 1, 0, 3
33, 24, 1, 0, 3
33, 24, 1, 0, 3
33, 24, 1, 0, 3
33, 24, 1, 0, 3
33, 24, 1, 0, 3
33, 24, 1, 0, 3
33, 24, 1, 0, 3
33, 24, 1, 0, 3
33, 24, 1, 0, 3
33, 24, 1, 0, 3
33, 24, 1, 0, 3
33, 24, 1, 0, 3
33, 24, 1, 0, 3
33, 24, 1, 0, 3
33, 24, 1, 0, 3
33, 24, 1, 0, 4
33, 24, 1, 0, 4
33, 24, 1, 0, 4
33, 24, 1, 0, 4
33, 24, 1, 0, 4
33, 24, 1, 0, 4
33, 24, 1, 0, 4
33, 24, 1, 0, 4
34, 6, 0, 1, 2
34, 6, 0, 1, 2
34, 6, 0, 1, 2
34, 6, 0, 1, 2
34, 6, 0, 1, 2
34, 6, 0, 1, 2
34, 24, 1, 0, 3
34, 24, 1, 0, 3
34, 24, 1, 0, 3
34, 24, 1, 0, 3
34, 24, 1, 0, 3
34, 24, 1, 0, 3
34, 24, 1, 0, 3
34, 24, 1, 0, 3
34, 24, 1, 0, 3
34, 24, 1, 0, 3
34, 24, 1, 0, 3
34, 24, 1, 0, 3
34, 24, 1, 0, 4
34, 24, 1, 0, 4
34, 24, 1, 0, 4
34, 24, 1, 0, 4
34, 24, 1, 0, 4
34, 24, 1, 0, 4
34, 24, 1, 0, 4
34, 24, 1, 0, 4
34, 24, 1, 0, 4
34, 24, 1, 0, 4
34, 24, 1, 0, 4
34, 24, 1, 0, 4
35, 15, 0, 1, 2
35, 15, 0, 1, 2
35, 15, 0, 1, 2
35, 15, 0, 1, 2
35, 15, 0, 1, 2
35, 15, 0, 1, 2
35, 15, 0, 1, 2
35, 15, 0, 1, 2
35, 15, 0, 1, 2
35, 15, 0, 1, 2
35, 15, 0, 1, 2
35, 15, 0, 1, 2
35, 15, 0, 1, 2
35, 15, 0, 1, 2
35, 15, 0, 1, 2
35, 45, 1, 0, 3
35, 45, 1, 0, 3
35, 45, 1, 0, 3
35, 45, 1, 0, 3
35, 45, 1, 0, 3
35, 45, 1, 0, 3
35, 45, 1, 0, 3
35, 45, 1, 0, 3
35, 45, 1, 0, 3
35, 45, 1, 0, 3
35, 45, 1, 0, 3
35, 45, 1, 0, 3
35, 45, 1, 0, 3
35, 45, 1, 0, 3
35, 45, 1, 0, 3
35, 45, 1, 0, 3
35, 45, 1, 0, 3
35, 45, 1, 0, 3
35, 45, 1, 0, 3
35, 45, 1, 0, 3
35, 45, 1, 0, 3
35, 45, 1, 0, 3
35, 45, 1, 0, 3
35, 45, 1, 0, 3
35, 45, 1, 0, 3
35, 45, 1, 0, 3
35, 45, 1, 0, 3
35, 45, 1, 0, 3
35, 45, 1, 0, 3
35, 45, 1, 0, 3
35, 45, 1, 0, 3
35, 45, 1, 0, 3
35, 45, 1, 0, 3
35, 45, 1, 0, 3
35, 45, 1, 0, 3
35, 45, 1, 0, 3
35, 45, 1, 0, 3
35, 45, 1, 0, 3
35, 45, 1, 0, 3
35, 45, 1, 0, 3
35, 45, 1, 0, 3
35, 45, 1, 0, 3
35, 45, 1, 0, 3
35, 45, 1, 0, 3
35, 45, 1, 0, 3
36, 7, 0, 1, 2
36, 7, 0, 1, 2
36, 7, 0, 1, 2
36, 7, 0, 1, 2
36, 7, 0, 1, 2
36, 7, 0, 1, 2
36, 7, 0, 1, 2
36, 42, 1, 0, 3
36, 42, 1, 0, 3
36, 42, 1, 0, 3
36, 42, 1, 0, 3
36, 42, 1, 0, 3
36, 42, 1, 0, 3
36, 42, 1, 0, 3
36, 42, 1, 0, 3
36, 42, 1, 0, 3
36, 42, 1, 0, 3
36, 42, 1, 0, 3
36, 42, 1, 0, 3
36, 42, 1, 0, 3
36, 42, 1, 0, 3
36, 42, 1, 0, 4
36, 42, 1, 0, 4
36, 42, 1, 0, 4
36, 42, 1, 0, 4
36, 42, 1, 0, 4
36, 42, 1, 0, 4
36, 42, 1, 0, 4
36, 42, 1, 0, 4
36, 42, 1, 0, 4
36, 42, 1, 0, 4
36, 42, 1, 0, 4
36, 42, 1, 0, 4
36, 42, 1, 0, 4
36, 42, 1, 0, 4
36, 42, 1, 0, 4
36, 42, 1, 0, 4
36, 42, 1, 0, 4
36, 42, 1, 0, 4
36, 42, 1, 0, 4
36, 42, 1, 0, 4
36, 42, 1, 0, 4
36, 42, 1, 0, 4
36, 42, 1, 0, 4
36, 42, 1, 0, 4
36, 42, 1, 0, 4
36, 42, 1, 0, 4
36, 42, 1, 0, 4
36, 42, 1, 0, 4
37, 7, 0, 1, 2
37, 7, 0, 1, 2
37, 7, 0, 1, 2
37, 7, 0, 1, 2
37, 7, 0, 1, 2
37, 7, 0, 1, 2
37, 7, 0, 1, 2
37, 42, 1, 0, 3
37, 42, 1, 0, 3
37, 42, 1, 0, 3
37, 42, 1, 0, 3
37, 42, 1, 0, 3
37, 42, 1, 0, 3
37, 42, 1, 0, 3
37, 42, 1, 0, 3
37, 42, 1, 0, 3
37, 42, 1, 0, 3
37, 42, 1, 0, 3
37, 42, 1, 0, 3
37, 42, 1, 0, 3
37, 42, 1, 0, 3
37, 42, 1, 0, 4
37, 42, 1, 0, 4
37, 42, 1, 0, 4
37, 42, 1, 0, 4
37, 42, 1, 0, 4
37, 42, 1, 0, 4
37, 42, 1, 0, 4
37, 42, 1, 0, 4
37, 42, 1, 0, 4
37, 42, 1, 0, 4
37, 42, 1, 0, 4
37, 42, 1, 0, 4
37, 42, 1, 0, 4
37, 42, 1, 0, 4
37, 42, 1, 0, 4
37, 42, 1, 0, 4
37, 42, 1, 0, 4
37, 42, 1, 0, 4
37, 42, 1, 0, 4
37, 42, 1, 0, 4
37, 42, 1, 0, 4
37, 42, 1, 0, 4
37, 42, 1, 0, 4
37, 42, 1, 0, 4
37, 42, 1, 0, 4
37, 42, 1, 0, 4
37, 42, 1, 0, 4
37, 42, 1, 0, 4
38, 6, 0, 1, 2
38, 6, 0, 1, 2
38, 6, 0, 1, 2
38, 6, 0, 1, 2
38, 6, 0, 1, 2
38, 6, 0, 1, 2
38, 24, 1, 0, 3
38, 24, 1, 0, 3
38, 24, 1, 0, 3
38, 24, 1, 0, 3
38, 24, 1, 0, 3
38, 24, 1, 0, 3
38, 24, 1, 0, 3
38, 24, 1, 0, 3
38, 24, 1, 0, 3
38, 24, 1, 0, 3
38, 24, 1, 0, 3
38, 24, 1, 0, 3
38, 24, 1, 0, 4
38, 24, 1, 0, 4
38, 24, 1, 0, 4
38, 24, 1, 0, 4
38, 24, 1, 0, 4
38, 24, 1, 0, 4
38, 24, 1, 0, 4
38, 24, 1, 0, 4
38, 24, 1, 0, 4
38, 24, 1, 0, 4
38, 24, 1, 0, 4
38, 24, 1, 0, 4
39, 16, 0, 1, 2
39, 16, 0, 1, 2
39, 16, 0, 1, 2
39, 16, 0, 1, 2
39, 16, 0, 1, 2
39, 16, 0, 1, 2
39, 16, 0, 1, 2
39, 16, 0, 1, 2
39, 16, 0, 1, 2
39, 16, 0, 1, 2
39, 16, 0, 1, 2
39, 16, 0, 1, 2
39, 16, 0, 1, 2
39, 16, 0, 1, 2
39, 16, 0, 1, 2
39, 16, 0, 1, 2
39, 32, 1, 0, 2
39, 32, 1, 0, 2
39, 32, 1, 0, 2
39, 32, 1, 0, 2
39, 32, 1, 0, 2
39, 32, 1, 0, 2
39, 32, 1, 0, 2
39, 32, 1, 0, 2
39, 32, 1, 0, 2
39, 32, 1, 0, 2
39, 32, 1, 0, 2
39, 32, 1, 0, 2
39, 32, 1, 0, 2
39, 32, 1, 0, 2
39, 32, 1, 0, 2
39, 32, 1, 0, 2
39, 32, 1, 0, 3
39, 32, 1, 0, 3
39, 32, 1, 0, 3
39, 32, 1, 0, 3
39, 32, 1, 0, 3
39, 32, 1, 0, 3
39, 32, 1, 0, 3
39, 32, 1, 0, 3
39, 32, 1, 0, 3
39, 32, 1, 0, 3
39, 32, 1, 0, 3
39, 32, 1, 0, 3
39, 32, 1, 0, 3
39, 32, 1, 0, 3
39, 32, 1, 0, 3
39, 32, 1, 0, 3
40, 7, 0, 1, 2
40, 7, 0, 1, 2
40, 7, 0, 1, 2
40, 7, 0, 1, 2
40, 7, 0, 1, 2
40, 7, 0, 1, 2
40, 7, 0, 1, 2
40, 35, 1, 0, 3
40, 35, 1, 0, 3
40, 35, 1, 0, 3
40, 35, 1, 0, 3
40, 35, 1, 0, 3
40, 35, 1, 0, 3
40, 35, 1, 0, 3
40, 35, 1, 0, 3
40, 35, 1, 0, 3
40, 35, 1, 0, 3
40, 35, 1, 0, 3
40, 35, 1, 0, 3
40, 35, 1, 0, 3
40, 35, 1, 0, 3
40, 35, 1, 0, 4
40, 35, 1, 0, 4
40, 35, 1, 0, 4
40, 35, 1, 0, 4
40, 35, 1, 0, 4
40, 35, 1, 0, 4
40, 35, 1, 0, 4
40, 35, 1, 0, 4
40, 35, 1, 0, 4
40, 35, 1, 0, 4
40, 35, 1, 0, 4
40, 35, 1, 0, 4
40, 35, 1, 0, 4
40, 35, 1, 0, 4
40, 35, 1, 0, 4
40, 35, 1, 0, 4
40, 35, 1, 0, 4
40, 35, 1, 0, 4
40, 35, 1, 0, 4
40, 35, 1, 0, 4
40, 35, 1, 0, 4
41, 25, 0, 1, 3
41, 25, 0, 1, 3
41, 25, 0, 1, 3
41, 25, 0, 1, 3
41, 25, 0, 1, 4
41, 25, 0, 2, 2
41, 25, 0, 2, 3
41, 25, 0, 2, 3
41, 25, 0, 2, 3
41, 25, 0, 2, 3
41, 25, 0, 2, 4
41, 25, 0, 2, 4
41, 25, 0, 2, 4
41, 25, 0, 2, 4
41, 25, 0, 2, 4
41, 25, 0, 2, 4
41, 25, 0, 2, 4
41, 25, 0, 3, 2
41, 25, 0, 3, 3
41, 25, 0, 3, 3
41, 25, 0, 3, 3
41, 25, 0, 3, 3
41, 25, 0, 3, 4
41, 25, 0, 3, 4
41, 25, 0, 5, 2
41, 27, 1, 0, 2
41, 27, 1, 0, 2
41, 27, 1, 2, 3
41, 27, 1, 2, 3
41, 27, 1, 2, 3
41, 27, 1, 2, 3
41, 27, 1, 2, 4
41, 27, 1, 3, 2
41, 27, 1, 3, 3
41, 27, 1, 3, 3
41, 27, 1, 3, 3
41, 27, 1, 3, 3
41, 27, 1, 3, 4
41, 27, 1, 3, 4
41, 27, 1, 3, 4
41, 27, 1, 3, 4
41, 27, 1, 3, 4
41, 27, 1, 3, 4
41, 27, 1, 3, 4
41, 27, 1, 4, 2
41, 27, 1, 4, 3
41, 27, 1, 4, 3
41, 27, 1, 4, 3
41, 27, 1, 4, 3
41, 27, 1, 4, 4
41, 27, 1, 4, 4
41, 27, 1, 6, 2
41, 30, 2, 0, 2
41, 30, 2, 0, 2
41, 30, 2, 0, 2
41, 30, 2, 1, 2
41, 30, 2, 1, 2
41, 30, 2, 3, 3
41, 30, 2, 3, 3
41, 30, 2, 3, 3
41, 30, 2, 3, 3
41, 30, 2, 3, 4
41, 30, 2, 4, 2
41, 30, 2, 4, 3
41, 30, 2, 4, 3
41, 30, 2, 4, 3
41, 30, 2, 4, 3
41, 30, 2, 4, 4
41, 30, 2, 4, 4
41, 30, 2, 4, 4
41, 30, 2, 4, 4
41, 30, 2, 4, 4
41, 30, 2, 4, 4
41, 30, 2, 4, 4
41, 30, 2, 5, 2
41, 30, 2, 5, 3
41, 30, 2, 5, 3
41, 30, 2, 5, 3
41, 30, 2, 5, 3
41, 30, 2, 5, 4
41, 30, 2, 5, 4
41, 30, 2, 7, 2
41, 33, 3, 0, 2
41, 33, 3, 0, 2
41, 33, 3, 0, 2
41, 33, 3, 1, 2
41, 33, 3, 1, 2
41, 33, 3, 1, 2
41, 33, 3, 2, 2
41, 33, 3, 2, 2
41, 33, 3, 4, 3
41, 33, 3, 4, 3
41, 33, 3, 4, 3
41, 33, 3, 4, 3
41, 33, 3, 4, 4
41, 33, 3, 5, 2
41, 33, 3, 5, 3
41, 33, 3, 5, 3
41, 33, 3, 5, 3
41, 33, 3, 5, 3
41, 33, 3, 5, 4
41, 33, 3, 5, 4
41, 33, 3, 5, 4
41, 33, 3, 5, 4
41, 33, 3, 5, 4
41, 33, 3, 5, 4
41, 33, 3, 5, 4
41, 33, 3, 6, 2
41, 33, 3, 6, 3
41, 33, 3, 6, 3
41, 33, 3, 6, 3
41, 33, 3, 6, 3
41, 33, 3, 6, 4
41, 33, 3, 6, 4
41, 33, 3, 8, 2
41, 32, 4, 1, 2
41, 32, 4, 1, 2
41, 32, 4, 1, 2
41, 32, 4, 2, 2
41, 32, 4, 2, 2
41, 32, 4, 2, 2
41, 32, 4, 3, 2
41, 32, 4, 3, 2
41, 32, 4, 5, 3
41, 32, 4, 5, 3
41, 32, 4, 5, 3
41, 32, 4, 5, 3
41, 32, 4, 5, 4
41, 32, 4, 6, 2
41, 32, 4, 6, 3
41, 32, 4, 6, 3
41, 32, 4, 6, 3
41, 32, 4, 6, 3
41, 32, 4, 6, 4
41, 32, 4, 6, 4
41, 32, 4, 6, 4
41, 32, 4, 6, 4
41, 32, 4, 6, 4
41, 32, 4, 6, 4
41, 32, 4, 6, 4
41, 32, 4, 7, 2
41, 32, 4, 7, 3
41, 32, 4, 7, 3
41, 32, 4, 7, 3
41, 32, 4, 7, 3
41, 32, 4, 7, 4
41, 32, 4, 7, 4
41, 33, 5, 0, 2
41, 33, 5, 2, 2
41, 33, 5, 2, 2
41, 33, 5, 2, 2
41, 33, 5, 3, 2
41, 33, 5, 3, 2
41, 33, 5, 3, 2
41, 33, 5, 4, 2
41, 33, 5, 4, 2
41, 33, 5, 6, 3
41, 33, 5, 6, 3
41, 33, 5, 6, 3
41, 33, 5, 6, 3
41, 33, 5, 6, 4
41, 33, 5, 7, 2
41, 33, 5, 7, 3
41, 33, 5, 7, 3
41, 33, 5, 7, 3
41, 33, 5, 7, 3
41, 33, 5, 7, 4
41, 33, 5, 7, 4
41, 33, 5, 7, 4
41, 33, 5, 7, 4
41, 33, 5, 7, 4
41, 33, 5, 7, 4
41, 33, 5, 7, 4
41, 33, 5, 8, 2
41, 33, 5, 8, 3
41, 33, 5, 8, 3
41, 33, 5, 8, 3
41, 33, 5, 8, 3
41, 33, 5, 8, 4
41, 33, 5, 8, 4
41, 26, 6, 1, 2
41, 26, 6, 3, 2
41, 26, 6, 3, 2
41, 26, 6, 3, 2
41, 26, 6, 4, 2
41, 26, 6, 4, 2
41, 26, 6, 4, 2
41, 26, 6, 5, 2
41, 26, 6, 5, 2
41, 26, 6, 7, 3
41, 26, 6, 7, 3
41, 26, 6, 7, 3
41, 26, 6, 7, 3
41, 26, 6, 7, 4
41, 26, 6, 8, 2
41, 26, 6, 8, 3
41, 26, 6, 8, 3
41, 26, 6, 8, 3
41, 26, 6, 8, 3
41, 26, 6, 8, 4
41, 26, 6, 8, 4
41, 26, 6, 8, 4
41, 26, 6, 8, 4
41, 26, 6, 8, 4
41, 26, 6, 8, 4
41, 26, 6, 8, 4
41, 14, 7, 2, 2
41, 14, 7, 4, 2
41, 14, 7, 4, 2
41, 14, 7, 4, 2
41, 14, 7, 5, 2
41, 14, 7, 5, 2
41, 14, 7, 5, 2
41, 14, 7, 6, 2
41, 14, 7, 6, 2
41, 14, 7, 8, 3
41, 14, 7, 8, 3
41, 14, 7, 8, 3
41, 14, 7, 8, 3
41, 14, 7, 8, 4
41, 9, 8, 3, 2
41, 9, 8, 5, 2
41, 9, 8, 5, 2
41, 9, 8, 5, 2
41, 9, 8, 6, 2
41, 9, 8, 6, 2
41, 9, 8, 6, 2
41, 9, 8, 7, 2
41, 9, 8, 7, 2
42, 7, 0, 1, 2
42, 7, 0, 1, 2
42, 7, 0, 1, 2
42, 7, 0, 1, 2
42, 7, 0, 1, 2
42, 7, 0, 1, 2
42, 7, 0, 1, 2
42, 35, 1, 0, 3
42, 35, 1, 0, 3
42, 35, 1, 0, 3
42, 35, 1, 0, 3
42, 35, 1, 0, 3
42, 35, 1, 0, 3
42, 35, 1, 0, 3
42, 35, 1, 0, 3
42, 35, 1, 0, 3
42, 35, 1, 0, 3
42, 35, 1, 0, 3
42, 35, 1, 0, 3
42, 35, 1, 0, 3
42, 35, 1, 0, 3
42, 35, 1, 0, 4
42, 35, 1, 0, 4
42, 35, 1, 0, 4
42, 35, 1, 0, 4
42, 35, 1, 0, 4
42, 35, 1, 0, 4
42, 35, 1, 0, 4
42, 35, 1, 0, 4
42, 35, 1, 0, 4
42, 35, 1, 0, 4
42, 35, 1, 0, 4
42, 35, 1, 0, 4
42, 35, 1, 0, 4
42, 35, 1, 0, 4
42, 35, 1, 0, 4
42, 35, 1, 0, 4
42, 35, 1, 0, 4
42, 35, 1, 0, 4
42, 35, 1, 0, 4
42, 35, 1, 0, 4
42, 35, 1, 0, 4
43, 28, 0, 1, 3
43, 28, 0, 1, 3
43, 28, 0, 1, 3
43, 28, 0, 1, 3
43, 28, 0, 1, 4
43, 28, 0, 2, 3
43, 28, 0, 2, 3
43, 28, 0, 2, 3
43, 28, 0, 2, 3
43, 28, 0, 2, 3
43, 28, 0, 2, 3
43, 28, 0, 2, 4
43, 28, 0, 2, 4
43, 28, 0, 2, 4
43, 28, 0, 2, 4
43, 28, 0, 2, 4
43, 28, 0, 2, 4
43, 28, 0, 2, 4
43, 28, 0, 3, 3
43, 28, 0, 3, 3
43, 28, 0, 3, 3
43, 28, 0, 3, 3
43, 28, 0, 3, 3
43, 28, 0, 3, 3
43, 28, 0, 3, 4
43, 28, 0, 3, 4
43, 28, 0, 5, 3
43, 28, 0, 5, 3
43, 30, 1, 0, 2
43, 30, 1, 0, 2
43, 30, 1, 2, 3
43, 30, 1, 2, 3
43, 30, 1, 2, 3
43, 30, 1, 2, 3
43, 30, 1, 2, 4
43, 30, 1, 3, 3
43, 30, 1, 3, 3
43, 30, 1, 3, 3
43, 30, 1, 3, 3
43, 30, 1, 3, 3
43, 30, 1, 3, 3
43, 30, 1, 3, 4
43, 30, 1, 3, 4
43, 30, 1, 3, 4
43, 30, 1, 3, 4
43, 30, 1, 3, 4
43, 30, 1, 3, 4
43, 30, 1, 3, 4
43, 30, 1, 4, 3
43, 30, 1, 4, 3
43, 30, 1, 4, 3
43, 30, 1, 4, 3
43, 30, 1, 4, 3
43, 30, 1, 4, 3
43, 30, 1, 4, 4
43, 30, 1, 4, 4
43, 30, 1, 6, 3
43, 30, 1, 6, 3
43, 33, 2, 0, 2
43, 33, 2, 0, 2
43, 33, 2, 0, 2
43, 33, 2, 1, 2
43, 33, 2, 1, 2
43, 33, 2, 3, 3
43, 33, 2, 3, 3
43, 33, 2, 3, 3
43, 33, 2, 3, 3
43, 33, 2, 3, 4
43, 33, 2, 4, 3
43, 33, 2, 4, 3
43, 33, 2, 4, 3
43, 33, 2, 4, 3
43, 33, 2, 4, 3
43, 33, 2, 4, 3
43, 33, 2, 4, 4
43, 33, 2, 4, 4
43, 33, 2, 4, 4
43, 33, 2, 4, 4
43, 33, 2, 4, 4
43, 33, 2, 4, 4
43, 33, 2, 4, 4
43, 33, 2, 5, 3
43, 33, 2, 5, 3
43, 33, 2, 5, 3
43, 33, 2, 5, 3
43, 33, 2, 5, 3
43, 33, 2, 5, 3
43, 33, 2, 5, 4
43, 33, 2, 5, 4
43, 33, 2, 7, 3
43, 33, 2, 7, 3
43, 36, 3, 0, 2
43, 36, 3, 0, 2
43, 36, 3, 0, 2
43, 36, 3, 1, 2
43, 36, 3, 1, 2
43, 36, 3, 1, 2
43, 36, 3, 2, 2
43, 36, 3, 2, 2
43, 36, 3, 4, 3
43, 36, 3, 4, 3
43, 36, 3, 4, 3
43, 36, 3, 4, 3
43, 36, 3, 4, 4
43, 36, 3, 5, 3
43, 36, 3, 5, 3
43, 36, 3, 5, 3
43, 36, 3, 5, 3
43, 36, 3, 5, 3
43, 36, 3, 5, 3
43, 36, 3, 5, 4
43, 36, 3, 5, 4
43, 36, 3, 5, 4
43, 36, 3, 5, 4
43, 36, 3, 5, 4
43, 36, 3, 5, 4
43, 36, 3, 5, 4
43, 36, 3, 6, 3
43, 36, 3, 6, 3
43, 36, 3, 6, 3
43, 36, 3, 6, 3
43, 36, 3, 6, 3
43, 36, 3, 6, 3
43, 36, 3, 6, 4
43, 36, 3, 6, 4
43, 36, 3, 8, 3
43, 36, 3, 8, 3
43, 34, 4, 1, 2
43, 34, 4, 1, 2
43, 34, 4, 1, 2
43, 34, 4, 2, 2
43, 34, 4, 2, 2
43, 34, 4, 2, 2
43, 34, 4, 3, 2
43, 34, 4, 3, 2
43, 34, 4, 5, 3
43, 34, 4, 5, 3
43, 34, 4, 5, 3
43, 34, 4, 5, 3
43, 34, 4, 5, 4
43, 34, 4, 6, 3
43, 34, 4, 6, 3
43, 34, 4, 6, 3
43, 34, 4, 6, 3
43, 34, 4, 6, 3
43, 34, 4, 6, 3
43, 34, 4, 6, 4
43, 34, 4, 6, 4
43, 34, 4, 6, 4
43, 34, 4, 6, 4
43, 34, 4, 6, 4
43, 34, 4, 6, 4
43, 34, 4, 6, 4
43, 34, 4, 7, 3
43, 34, 4, 7, 3
43, 34, 4, 7, 3
43, 34, 4, 7, 3
43, 34, 4, 7, 3
43, 34, 4, 7, 3
43, 34, 4, 7, 4
43, 34, 4, 7, 4
43, 35, 5, 0, 2
43, 35, 5, 2, 2
43, 35, 5, 2, 2
43, 35, 5, 2, 2
43, 35, 5, 3, 2
43, 35, 5, 3, 2
43, 35, 5, 3, 2
43, 35, 5, 4, 2
43, 35, 5, 4, 2
43, 35, 5, 6, 3
43, 35, 5, 6, 3
43, 35, 5, 6, 3
43, 35, 5, 6, 3
43, 35, 5, 6, 4
43, 35, 5, 7, 3
43, 35, 5, 7, 3
43, 35, 5, 7, 3
43, 35, 5, 7, 3
43, 35, 5, 7, 3
43, 35, 5, 7, 3
43, 35, 5, 7, 4
43, 35, 5, 7, 4
43, 35, 5, 7, 4
43, 35, 5, 7, 4
43, 35, 5, 7, 4
43, 35, 5, 7, 4
43, 35, 5, 7, 4
43, 35, 5, 8, 3
43, 35, 5, 8, 3
43, 35, 5, 8, 3
43, 35, 5, 8, 3
43, 35, 5, 8, 3
43, 35, 5, 8, 3
43, 35, 5, 8, 4
43, 35, 5, 8, 4
43, 27, 6, 1, 2
43, 27, 6, 3, 2
43, 27, 6, 3, 2
43, 27, 6, 3, 2
43, 27, 6, 4, 2
43, 27, 6, 4, 2
43, 27, 6, 4, 2
43, 27, 6, 5, 2
43, 27, 6, 5, 2
43, 27, 6, 7, 3
43, 27, 6, 7, 3
43, 27, 6, 7, 3
43, 27, 6, 7, 3
43, 27, 6, 7, 4
43, 27, 6, 8, 3
43, 27, 6, 8, 3
43, 27, 6, 8, 3
43, 27, 6, 8, 3
43, 27, 6, 8, 3
43, 27, 6, 8, 3
43, 27, 6, 8, 4
43, 27, 6, 8, 4
43, 27, 6, 8, 4
43, 27, 6, 8, 4
43, 27, 6, 8, 4
43, 27, 6, 8, 4
43, 27, 6, 8, 4
43, 14, 7, 2, 2
43, 14, 7, 4, 2
43, 14, 7, 4, 2
43, 14, 7, 4, 2
43, 14, 7, 5, 2
43, 14, 7, 5, 2
43, 14, 7, 5, 2
43, 14, 7, 6, 2
43, 14, 7, 6, 2
43, 14, 7, 8, 3
43, 14, 7, 8, 3
43, 14, 7, 8, 3
43, 14, 7, 8, 3
43, 14, 7, 8, 4
43, 9, 8, 3, 2
43, 9, 8, 5, 2
43, 9, 8, 5, 2
43, 9, 8, 5, 2
43, 9, 8, 6, 2
43, 9, 8, 6, 2
43, 9, 8, 6, 2
43, 9, 8, 7, 2
43, 9, 8, 7, 2
44, 16, 0, 1, 2
44, 16, 0, 1, 2
44, 16, 0, 1, 2
44, 16, 0, 1, 2
44, 16, 0, 1, 2
44, 16, 0, 1, 2
44, 16, 0, 1, 2
44, 16, 0, 1, 2
44, 16, 0, 1, 2
44, 16, 0, 1, 2
44, 16, 0, 1, 2
44, 16, 0, 1, 2
44, 16, 0, 1, 2
44, 16, 0, 1, 2
44, 16, 0, 1, 2
44, 16, 0, 1, 2
44, 64, 1, 0, 3
44, 64, 1, 0, 3
44, 64, 1, 0, 3
44, 64, 1, 0, 3
44, 64, 1, 0, 3
44, 64, 1, 0, 3
44, 64, 1, 0, 3
44, 64, 1, 0, 3
44, 64, 1, 0, 3
44, 64, 1, 0, 3
44, 64, 1, 0, 3
44, 64, 1, 0, 3
44, 64, 1, 0, 3
44, 64, 1, 0, 3
44, 64, 1, 0, 3
44, 64, 1, 0, 3
44, 64, 1, 0, 3
44, 64, 1, 0, 3
44, 64, 1, 0, 3
44, 64, 1, 0, 3
44, 64, 1, 0, 3
44, 64, 1, 0, 3
44, 64, 1, 0, 3
44, 64, 1, 0, 3
44, 64, 1, 0, 3
44, 64, 1, 0, 3
44, 64, 1, 0, 3
44, 64, 1, 0, 3
44, 64, 1, 0, 3
44, 64, 1, 0, 3
44, 64, 1, 0, 3
44, 64, 1, 0, 3
44, 64, 1, 0, 3
44, 64, 1, 0, 3
44, 64, 1, 0, 3
44, 64, 1, 0, 3
44, 64, 1, 0, 3
44, 64, 1, 0, 3
44, 64, 1, 0, 3
44, 64, 1, 0, 3
44, 64, 1, 0, 3
44, 64, 1, 0, 3
44, 64, 1, 0, 3
44, 64, 1, 0, 3
44, 64, 1, 0, 3
44, 64, 1, 0, 3
44, 64, 1, 0, 3
44, 64, 1, 0, 3
44, 64, 1, 0, 4
44, 64, 1, 0, 4
44, 64, 1, 0, 4
44, 64, 1, 0, 4
44, 64, 1, 0, 4
44, 64, 1, 0, 4
44, 64, 1, 0, 4
44, 64, 1, 0, 4
44, 64, 1, 0, 4
44, 64, 1, 0, 4
44, 64, 1, 0, 4
44, 64, 1, 0, 4
44, 64, 1, 0, 4
44, 64, 1, 0, 4
44, 64, 1, 0, 4
44, 64, 1, 0, 4
45, 15, 0, 1, 2
45, 15, 0, 1, 2
45, 15, 0, 1, 2
45, 15, 0, 1, 2
45, 15, 0, 1, 2
45, 15, 0, 1, 2
45, 15, 0, 1, 2
45, 15, 0, 1, 2
45, 15, 0, 1, 2
45, 15, 0, 1, 2
45, 15, 0, 1, 2
45, 15, 0, 1, 2
45, 15, 0, 1, 2
45, 15, 0, 1, 2
45, 15, 0, 1, 2
45, 105, 1, 0, 3
45, 105, 1, 0, 3
45, 105, 1, 0, 3
45, 105, 1, 0, 3
45, 105, 1, 0, 3
45, 105, 1, 0, 3
45, 105, 1, 0, 3
45, 105, 1, 0, 3
45, 105, 1, 0, 3
45, 105, 1, 0, 3
45, 105, 1, 0, 3
45, 105, 1, 0, 3
45, 105, 1, 0, 3
45, 105, 1, 0, 3
45, 105, 1, 0, 3
45, 105, 1, 0, 3
45, 105, 1, 0, 3
45, 105, 1, 0, 3
45, 105, 1, 0, 3
45, 105, 1, 0, 3
45, 105, 1, 0, 3
45, 105, 1, 0, 3
45, 105, 1, 0, 3
45, 105, 1, 0, 3
45, 105, 1, 0, 3
45, 105, 1, 0, 3
45, 105, 1, 0, 3
45, 105, 1, 0, 3
45, 105, 1, 0, 3
45, 105, 1, 0, 3
45, 105, 1, 0, 3
45, 105, 1, 0, 3
45, 105, 1, 0, 3
45, 105, 1, 0, 3
45, 105, 1, 0, 3
45, 105, 1, 0, 3
45, 105, 1, 0, 3
45, 105, 1, 0, 3
45, 105, 1, 0, 3
45, 105, 1, 0, 3
45, 105, 1, 0, 3
45, 105, 1, 0, 3
45, 105, 1, 0, 3
45, 105, 1, 0, 3
45, 105, 1, 0, 3
45, 105, 1, 0, 4
45, 105, 1, 0, 4
45, 105, 1, 0, 4
45, 105, 1, 0, 4
45, 105, 1, 0, 4
45, 105, 1, 0, 4
45, 105, 1, 0, 4
45, 105, 1, 0, 4
45, 105, 1, 0, 4
45, 105, 1, 0, 4
45, 105, 1, 0, 4
45, 105, 1, 0, 4
45, 105, 1, 0, 4
45, 105, 1, 0, 4
45, 105, 1, 0, 4
45, 105, 1, 0, 4
45, 105, 1, 0, 4
45, 105, 1, 0, 4
45, 105, 1, 0, 4
45, 105, 1, 0, 4
45, 105, 1, 0, 4
45, 105, 1, 0, 4
45, 105, 1, 0, 4
45, 105, 1, 0, 4
45, 105, 1, 0, 4
45, 105, 1, 0, 4
45, 105, 1, 0, 4
45, 105, 1, 0, 4
45, 105, 1, 0, 4
45, 105, 1, 0, 4
45, 105, 1, 0, 4
45, 105, 1, 0, 4
45, 105, 1, 0, 4
45, 105, 1, 0, 4
45, 105, 1, 0, 4
45, 105, 1, 0, 4
45, 105, 1, 0, 4
45, 105, 1, 0, 4
45, 105, 1, 0, 4
45, 105, 1, 0, 4
45, 105, 1, 0, 4
45, 105, 1, 0, 4
45, 105, 1, 0, 4
45, 105, 1, 0, 4
45, 105, 1, 0, 4
45, 105, 1, 0, 4
45, 105, 1, 0, 4
45, 105, 1, 0, 4
45, 105, 1, 0, 4
45, 105, 1, 0, 4
45, 105, 1, 0, 4
45, 105, 1, 0, 4
45, 105, 1, 0, 4
45, 105, 1, 0, 4
45, 105, 1, 0, 4
45, 105, 1, 0, 4
45, 105, 1, 0, 4
45, 105, 1, 0, 4
45, 105, 1, 0, 4
45, 105, 1, 0, 4
46, 14, 0, 1, 2
46, 14, 0, 1, 2
46, 14, 0, 1, 2
46, 14, 0, 1, 2
46, 14, 0, 1, 2
46, 14, 0, 1, 2
46, 14, 0, 1, 2
46, 14, 0, 1, 2
46, 14, 0, 1, 2
46, 14, 0, 1, 2
46, 14, 0, 1, 2
46, 14, 0, 1, 2
46, 14, 0, 1, 2
46, 14, 0, 1, 2
46, 70, 1, 0, 3
46, 70, 1, 0, 3
46, 70, 1, 0, 3
46, 70, 1, 0, 3
46, 70, 1, 0, 3
46, 70, 1, 0, 3
46, 70, 1, 0, 3
46, 70, 1, 0, 3
46, 70, 1, 0, 3
46, 70, 1, 0, 3
46, 70, 1, 0, 3
46, 70, 1, 0, 3
46, 70, 1, 0, 3
46, 70, 1, 0, 3
46, 70, 1, 0, 3
46, 70, 1, 0, 3
46, 70, 1, 0, 3
46, 70, 1, 0, 3
46, 70, 1, 0, 3
46, 70, 1, 0, 3
46, 70, 1, 0, 3
46, 70, 1, 0, 3
46, 70, 1, 0, 3
46, 70, 1, 0, 3
46, 70, 1, 0, 3
46, 70, 1, 0, 3
46, 70, 1, 0, 3
46, 70, 1, 0, 3
46, 70, 1, 0, 3
46, 70, 1, 0, 3
46, 70, 1, 0, 3
46, 70, 1, 0, 3
46, 70, 1, 0, 3
46, 70, 1, 0, 3
46, 70, 1, 0, 3
46, 70, 1, 0, 3
46, 70, 1, 0, 3
46, 70, 1, 0, 3
46, 70, 1, 0, 3
46, 70, 1, 0, 3
46, 70, 1, 0, 3
46, 70, 1, 0, 3
46, 70, 1, 0, 4
46, 70, 1, 0, 4
46, 70, 1, 0, 4
46, 70, 1, 0, 4
46, 70, 1, 0, 4
46, 70, 1, 0, 4
46, 70, 1, 0, 4
46, 70, 1, 0, 4
46, 70, 1, 0, 4
46, 70, 1, 0, 4
46, 70, 1, 0, 4
46, 70, 1, 0, 4
46, 70, 1, 0, 4
46, 70, 1, 0, 4
46, 70, 1, 0, 4
46, 70, 1, 0, 4
46, 70, 1, 0, 4
46, 70, 1, 0, 4
46, 70, 1, 0, 4
46, 70, 1, 0, 4
46, 70, 1, 0, 4
46, 70, 1, 0, 4
46, 70, 1, 0, 4
46, 70, 1, 0, 4
46, 70, 1, 0, 4
46, 70, 1, 0, 4
46, 70, 1, 0, 4
46, 70, 1, 0, 4
47, 15, 0, 1, 2
47, 15, 0, 1, 2
47, 15, 0, 1, 2
47, 15, 0, 1, 2
47, 15, 0, 1, 2
47, 15, 0, 1, 2
47, 15, 0, 1, 2
47, 15, 0, 1, 2
47, 15, 0, 1, 2
47, 15, 0, 1, 2
47, 15, 0, 1, 2
47, 15, 0, 1, 2
47, 15, 0, 1, 2
47, 15, 0, 1, 2
47, 15, 0, 1, 2
47, 90, 1, 0, 3
47, 90, 1, 0, 3
47, 90, 1, 0, 3
47, 90, 1, 0, 3
47, 90, 1, 0, 3
47, 90, 1, 0, 3
47, 90, 1, 0, 3
47, 90, 1, 0, 3
47, 90, 1, 0, 3
47, 90, 1, 0, 3
47, 90, 1, 0, 3
47, 90, 1, 0, 3
47, 90, 1, 0, 3
47, 90, 1, 0, 3
47, 90, 1, 0, 3
47, 90, 1, 0, 3
47, 90, 1, 0, 3
47, 90, 1, 0, 3
47, 90, 1, 0, 3
47, 90, 1, 0, 3
47, 90, 1, 0, 3
47, 90, 1, 0, 3
47, 90, 1, 0, 3
47, 90, 1, 0, 3
47, 90, 1, 0, 3
47, 90, 1, 0, 3
47, 90, 1, 0, 3
47, 90, 1, 0, 3
47, 90, 1, 0, 3
47, 90, 1, 0, 3
47, 90, 1, 0, 3
47, 90, 1, 0, 3
47, 90, 1, 0, 3
47, 90, 1, 0, 3
47, 90, 1, 0, 3
47, 90, 1, 0, 3
47, 90, 1, 0, 3
47, 90, 1, 0, 3
47, 90, 1, 0, 3
47, 90, 1, 0, 3
47, 90, 1, 0, 3
47, 90, 1, 0, 3
47, 90, 1, 0, 3
47, 90, 1, 0, 3
47, 90, 1, 0, 3
47, 90, 1, 0, 4
47, 90, 1, 0, 4
47, 90, 1, 0, 4
47, 90, 1, 0, 4
47, 90, 1, 0, 4
47, 90, 1, 0, 4
47, 90, 1, 0, 4
47, 90, 1, 0, 4
47, 90, 1, 0, 4
47, 90, 1, 0, 4
47, 90, 1, 0, 4
47, 90, 1, 0, 4
47, 90, 1, 0, 4
47, 90, 1, 0, 4
47, 90, 1, 0, 4
47, 90, 1, 0, 4
47, 90, 1, 0, 4
47, 90, 1, 0, 4
47, 90, 1, 0, 4
47, 90, 1, 0, 4
47, 90, 1, 0, 4
47, 90, 1, 0, 4
47, 90, 1, 0, 4
47, 90, 1, 0, 4
47, 90, 1, 0, 4
47, 90, 1, 0, 4
47, 90, 1, 0, 4
47, 90, 1, 0, 4
47, 90, 1, 0, 4
47, 90, 1, 0, 4
47, 90, 1, 0, 4
47, 90, 1, 0, 4
47, 90, 1, 0, 4
47, 90, 1, 0, 4
47, 90, 1, 0, 4
47, 90, 1, 0, 4
47, 90, 1, 0, 4
47, 90, 1, 0, 4
47, 90, 1, 0, 4
47, 90, 1, 0, 4
47, 90, 1, 0, 4
47, 90, 1, 0, 4
47, 90, 1, 0, 4
47, 90, 1, 0, 4
47, 90, 1, 0, 4
48, 35, 0, 1, 2
48, 35, 0, 1, 3
48, 35, 0, 1, 3
48, 35, 0, 1, 3
48, 35, 0, 1, 3
48, 35, 0, 1, 4
48, 35, 0, 9, 3
48, 35, 0, 9, 3
48, 35, 0, 9, 3
48, 35, 0, 9, 3
48, 35, 0, 9, 3
48, 35, 0, 9, 3
48, 35, 0, 9, 3
48, 35, 0, 9, 3
48, 35, 0, 9, 3
48, 35, 0, 9, 4
48, 35, 0, 9, 4
48, 35, 0, 9, 4
48, 35, 0, 9, 4
48, 35, 0, 9, 4
48, 35, 0, 9, 4
48, 35, 0, 9, 4
48, 35, 0, 10, 2
48, 35, 0, 10, 3
48, 35, 0, 10, 3
48, 35, 0, 10, 3
48, 35, 0, 10, 3
48, 35, 0, 10, 3
48, 35, 0, 10, 3
48, 35, 0, 10, 3
48, 35, 0, 10, 4
48, 35, 0, 10, 4
48, 35, 0, 12, 3
48, 35, 0, 12, 3
48, 35, 0, 12, 3
48, 37, 1, 0, 2
48, 37, 1, 0, 2
48, 37, 1, 9, 2
48, 37, 1, 9, 3
48, 37, 1, 9, 3
48, 37, 1, 9, 3
48, 37, 1, 9, 3
48, 37, 1, 9, 4
48, 37, 1, 10, 3
48, 37, 1, 10, 3
48, 37, 1, 10, 3
48, 37, 1, 10, 3
48, 37, 1, 10, 3
48, 37, 1, 10, 3
48, 37, 1, 10, 3
48, 37, 1, 10, 3
48, 37, 1, 10, 3
48, 37, 1, 10, 4
48, 37, 1, 10, 4
48, 37, 1, 10, 4
48, 37, 1, 10, 4
48, 37, 1, 10, 4
48, 37, 1, 10, 4
48, 37, 1, 10, 4
48, 37, 1, 11, 2
48, 37, 1, 11, 3
48, 37, 1, 11, 3
48, 37, 1, 11, 3
48, 37, 1, 11, 3
48, 37, 1, 11, 3
48, 37, 1, 11, 3
48, 37, 1, 11, 3
48, 37, 1, 11, 4
48, 37, 1, 11, 4
48, 37, 1, 13, 3
48, 37, 1, 13, 3
48, 37, 1, 13, 3
48, 44, 2, 3, 2
48, 44, 2, 3, 3
48, 44, 2, 3, 3
48, 44, 2, 3, 3
48, 44, 2, 3, 3
48, 44, 2, 3, 4
48, 44, 2, 4, 3
48, 44, 2, 4, 3
48, 44, 2, 4, 3
48, 44, 2, 4, 3
48, 44, 2, 4, 3
48, 44, 2, 4, 3
48, 44, 2, 4, 3
48, 44, 2, 4, 3
48, 44, 2, 4, 3
48, 44, 2, 4, 4
48, 44, 2, 4, 4
48, 44, 2, 4, 4
48, 44, 2, 4, 4
48, 44, 2, 4, 4
48, 44, 2, 4, 4
48, 44, 2, 4, 4
48, 44, 2, 5, 2
48, 44, 2, 5, 3
48, 44, 2, 5, 3
48, 44, 2, 5, 3
48, 44, 2, 5, 3
48, 44, 2, 5, 3
48, 44, 2, 5, 3
48, 44, 2, 5, 3
48, 44, 2, 5, 4
48, 44, 2, 5, 4
48, 44, 2, 7, 3
48, 44, 2, 7, 3
48, 44, 2, 7, 3
48, 44, 2, 12, 2
48, 44, 2, 14, 2
48, 44, 2, 14, 2
48, 44, 2, 14, 2
48, 44, 2, 15, 2
48, 44, 2, 15, 2
48, 44, 2, 15, 2
48, 44, 2, 16, 2
48, 44, 2, 16, 2
48, 44, 3, 2, 2
48, 44, 3, 2, 2
48, 44, 3, 4, 2
48, 44, 3, 4, 3
48, 44, 3, 4, 3
48, 44, 3, 4, 3
48, 44, 3, 4, 3
48, 44, 3, 4, 4
48, 44, 3, 5, 3
48, 44, 3, 5, 3
48, 44, 3, 5, 3
48, 44, 3, 5, 3
48, 44, 3, 5, 3
48, 44, 3, 5, 3
48, 44, 3, 5, 3
48, 44, 3, 5, 3
48, 44, 3, 5, 3
48, 44, 3, 5, 4
48, 44, 3, 5, 4
48, 44, 3, 5, 4
48, 44, 3, 5, 4
48, 44, 3, 5, 4
48, 44, 3, 5, 4
48, 44, 3, 5, 4
48, 44, 3, 6, 2
48, 44, 3, 6, 3
48, 44, 3, 6, 3
48, 44, 3, 6, 3
48, 44, 3, 6, 3
48, 44, 3, 6, 3
48, 44, 3, 6, 3
48, 44, 3, 6, 3
48, 44, 3, 6, 4
48, 44, 3, 6, 4
48, 44, 3, 8, 3
48, 44, 3, 8, 3
48, 44, 3, 8, 3
48, 44, 3, 13, 2
48, 44, 3, 15, 2
48, 44, 3, 15, 2
48, 44, 3, 15, 2
48, 44, 3, 16, 2
48, 44, 3, 16, 2
48, 44, 3, 16, 2
48, 41, 4, 2, 2
48, 41, 4, 2, 2
48, 41, 4, 2, 2
48, 41, 4, 3, 2
48, 41, 4, 3, 2
48, 41, 4, 5, 2
48, 41, 4, 5, 3
48, 41, 4, 5, 3
48, 41, 4, 5, 3
48, 41, 4, 5, 3
48, 41, 4, 5, 4
48, 41, 4, 6, 3
48, 41, 4, 6, 3
48, 41, 4, 6, 3
48, 41, 4, 6, 3
48, 41, 4, 6, 3
48, 41, 4, 6, 3
48, 41, 4, 6, 3
48, 41, 4, 6, 3
48, 41, 4, 6, 3
48, 41, 4, 6, 4
48, 41, 4, 6, 4
48, 41, 4, 6, 4
48, 41, 4, 6, 4
48, 41, 4, 6, 4
48, 41, 4, 6, 4
48, 41, 4, 6, 4
48, 41, 4, 7, 2
48, 41, 4, 7, 3
48, 41, 4, 7, 3
48, 41, 4, 7, 3
48, 41, 4, 7, 3
48, 41, 4, 7, 3
48, 41, 4, 7, 3
48, 41, 4, 7, 3
48, 41, 4, 7, 4
48, 41, 4, 7, 4
48, 41, 4, 14, 2
48, 41, 4, 16, 2
48, 41, 4, 16, 2
48, 41, 4, 16, 2
48, 41, 5, 2, 2
48, 41, 5, 2, 2
48, 41, 5, 2, 2
48, 41, 5, 3, 2
48, 41, 5, 3, 2
48, 41, 5, 3, 2
48, 41, 5, 4, 2
48, 41, 5, 4, 2
48, 41, 5, 6, 2
48, 41, 5, 6, 3
48, 41, 5, 6, 3
48, 41, 5, 6, 3
48, 41, 5, 6, 3
48, 41, 5, 6, 4
48, 41, 5, 7, 3
48, 41, 5, 7, 3
48, 41, 5, 7, 3
48, 41, 5, 7, 3
48, 41, 5, 7, 3
48, 41, 5, 7, 3
48, 41, 5, 7, 3
48, 41, 5, 7, 3
48, 41, 5, 7, 3
48, 41, 5, 7, 4
48, 41, 5, 7, 4
48, 41, 5, 7, 4
48, 41, 5, 7, 4
48, 41, 5, 7, 4
48, 41, 5, 7, 4
48, 41, 5, 7, 4
48, 41, 5, 8, 2
48, 41, 5, 8, 3
48, 41, 5, 8, 3
48, 41, 5, 8, 3
48, 41, 5, 8, 3
48, 41, 5, 8, 3
48, 41, 5, 8, 3
48, 41, 5, 8, 3
48, 41, 5, 8, 4
48, 41, 5, 8, 4
48, 41, 5, 15, 2
48, 31, 6, 3, 2
48, 31, 6, 3, 2
48, 31, 6, 3, 2
48, 31, 6, 4, 2
48, 31, 6, 4, 2
48, 31, 6, 4, 2
48, 31, 6, 5, 2
48, 31, 6, 5, 2
48, 31, 6, 7, 2
48, 31, 6, 7, 3
48, 31, 6, 7, 3
48, 31, 6, 7, 3
48, 31, 6, 7, 3
48, 31, 6, 7, 4
48, 31, 6, 8, 3
48, 31, 6, 8, 3
48, 31, 6, 8, 3
48, 31, 6, 8, 3
48, 31, 6, 8, 3
48, 31, 6, 8, 3
48, 31, 6, 8, 3
48, 31, 6, 8, 3
48, 31, 6, 8, 3
48, 31, 6, 8, 4
48, 31, 6, 8, 4
48, 31, 6, 8, 4
48, 31, 6, 8, 4
48, 31, 6, 8, 4
48, 31, 6, 8, 4
48, 31, 6, 8, 4
48, 31, 6, 16, 2
48, 15, 7, 2, 2
48, 15, 7, 4, 2
48, 15, 7, 4, 2
48, 15, 7, 4, 2
48, 15, 7, 5, 2
48, 15, 7, 5, 2
48, 15, 7, 5, 2
48, 15, 7, 6, 2
48, 15, 7, 6, 2
48, 15, 7, 8, 2
48, 15, 7, 8, 3
48, 15, 7, 8, 3
48, 15, 7, 8, 3
48, 15, 7, 8, 3
48, 15, 7, 8, 4
48, 9, 8, 3, 2
48, 9, 8, 5, 2
48, 9, 8, 5, 2
48, 9, 8, 5, 2
48, 9, 8, 6, 2
48, 9, 8, 6, 2
48, 9, 8, 6, 2
48, 9, 8, 7, 2
48, 9, 8, 7, 2
48, 40, 9, 0, 2
48, 40, 9, 0, 2
48, 40, 9, 0, 2
48, 40, 9, 1, 2
48, 40, 9, 1, 2
48, 40, 9, 10, 2
48, 40, 9, 10, 3
48, 40, 9, 10, 3
48, 40, 9, 10, 3
48, 40, 9, 10, 3
48, 40, 9, 10, 4
48, 40, 9, 11, 3
48, 40, 9, 11, 3
48, 40, 9, 11, 3
48, 40, 9, 11, 3
48, 40, 9, 11, 3
48, 40, 9, 11, 3
48, 40, 9, 11, 3
48, 40, 9, 11, 3
48, 40, 9, 11, 3
48, 40, 9, 11, 4
48, 40, 9, 11, 4
48, 40, 9, 11, 4
48, 40, 9, 11, 4
48, 40, 9, 11, 4
48, 40, 9, 11, 4
48, 40, 9, 11, 4
48, 40, 9, 12, 2
48, 40, 9, 12, 3
48, 40, 9, 12, 3
48, 40, 9, 12, 3
48, 40, 9, 12, 3
48, 40, 9, 12, 3
48, 40, 9, 12, 3
48, 40, 9, 12, 3
48, 40, 9, 12, 4
48, 40, 9, 12, 4
48, 40, 9, 14, 3
48, 40, 9, 14, 3
48, 40, 9, 14, 3
48, 43, 10, 0, 2
48, 43, 10, 0, 2
48, 43, 10, 0, 2
48, 43, 10, 1, 2
48, 43, 10, 1, 2
48, 43, 10, 1, 2
48, 43, 10, 9, 2
48, 43, 10, 9, 2
48, 43, 10, 11, 2
48, 43, 10, 11, 3
48, 43, 10, 11, 3
48, 43, 10, 11, 3
48, 43, 10, 11, 3
48, 43, 10, 11, 4
48, 43, 10, 12, 3
48, 43, 10, 12, 3
48, 43, 10, 12, 3
48, 43, 10, 12, 3
48, 43, 10, 12, 3
48, 43, 10, 12, 3
48, 43, 10, 12, 3
48, 43, 10, 12, 3
48, 43, 10, 12, 3
48, 43, 10, 12, 4
48, 43, 10, 12, 4
48, 43, 10, 12, 4
48, 43, 10, 12, 4
48, 43, 10, 12, 4
48, 43, 10, 12, 4
48, 43, 10, 12, 4
48, 43, 10, 13, 2
48, 43, 10, 13, 3
48, 43, 10, 13, 3
48, 43, 10, 13, 3
48, 43, 10, 13, 3
48, 43, 10, 13, 3
48, 43, 10, 13, 3
48, 43, 10, 13, 3
48, 43, 10, 13, 4
48, 43, 10, 13, 4
48, 43, 10, 15, 3
48, 43, 10, 15, 3
48, 43, 10, 15, 3
48, 43, 11, 1, 2
48, 43, 11, 1, 2
48, 43, 11, 1, 2
48, 43, 11, 9, 2
48, 43, 11, 9, 2
48, 43, 11, 9, 2
48, 43, 11, 10, 2
48, 43, 11, 10, 2
48, 43, 11, 12, 2
48, 43, 11, 12, 3
48, 43, 11, 12, 3
48, 43, 11, 12, 3
48, 43, 11, 12, 3
48, 43, 11, 12, 4
48, 43, 11, 13, 3
48, 43, 11, 13, 3
48, 43, 11, 13, 3
48, 43, 11, 13, 3
48, 43, 11, 13, 3
48, 43, 11, 13, 3
48, 43, 11, 13, 3
48, 43, 11, 13, 3
48, 43, 11, 13, 3
48, 43, 11, 13, 4
48, 43, 11, 13, 4
48, 43, 11, 13, 4
48, 43, 11, 13, 4
48, 43, 11, 13, 4
48, 43, 11, 13, 4
48, 43, 11, 13, 4
48, 43, 11, 14, 2
48, 43, 11, 14, 3
48, 43, 11, 14, 3
48, 43, 11, 14, 3
48, 43, 11, 14, 3
48, 43, 11, 14, 3
48, 43, 11, 14, 3
48, 43, 11, 14, 3
48, 43, 11, 14, 4
48, 43, 11, 14, 4
48, 43, 11, 16, 3
48, 43, 11, 16, 3
48, 43, 11, 16, 3
48, 44, 12, 0, 2
48, 44, 12, 2, 3
48, 44, 12, 2, 3
48, 44, 12, 2, 3
48, 44, 12, 9, 2
48, 44, 12, 9, 2
48, 44, 12, 9, 2
48, 44, 12, 10, 2
48, 44, 12, 10, 2
48, 44, 12, 10, 2
48, 44, 12, 11, 2
48, 44, 12, 11, 2
48, 44, 12, 13, 2
48, 44, 12, 13, 3
48, 44, 12, 13, 3
48, 44, 12, 13, 3
48, 44, 12, 13, 3
48, 44, 12, 13, 4
48, 44, 12, 14, 3
48, 44, 12, 14, 3
48, 44, 12, 14, 3
48, 44, 12, 14, 3
48, 44, 12, 14, 3
48, 44, 12, 14, 3
48, 44, 12, 14, 3
48, 44, 12, 14, 3
48, 44, 12, 14, 3
48, 44, 12, 14, 4
48, 44, 12, 14, 4
48, 44, 12, 14, 4
48, 44, 12, 14, 4
48, 44, 12, 14, 4
48, 44, 12, 14, 4
48, 44, 12, 14, 4
48, 44, 12, 15, 2
48, 44, 12, 15, 3
48, 44, 12, 15, 3
48, 44, 12, 15, 3
48, 44, 12, 15, 3
48, 44, 12, 15, 3
48, 44, 12, 15, 3
48, 44, 12, 15, 3
48, 44, 12, 15, 4
48, 44, 12, 15, 4
48, 44, 13, 1, 2
48, 44, 13, 3, 3
48, 44, 13, 3, 3
48, 44, 13, 3, 3
48, 44, 13, 10, 2
48, 44, 13, 10, 2
48, 44, 13, 10, 2
48, 44, 13, 11, 2
48, 44, 13, 11, 2
48, 44, 13, 11, 2
48, 44, 13, 12, 2
48, 44, 13, 12, 2
48, 44, 13, 14, 2
48, 44, 13, 14, 3
48, 44, 13, 14, 3
48, 44, 13, 14, 3
48, 44, 13, 14, 3
48, 44, 13, 14, 4
48, 44, 13, 15, 3
48, 44, 13, 15, 3
48, 44, 13, 15, 3
48, 44, 13, 15, 3
48, 44, 13, 15, 3
48, 44, 13, 15, 3
48, 44, 13, 15, 3
48, 44, 13, 15, 3
48, 44, 13, 15, 3
48, 44, 13, 15, 4
48, 44, 13, 15, 4
48, 44, 13, 15, 4
48, 44, 13, 15, 4
48, 44, 13, 15, 4
48, 44, 13, 15, 4
48, 44, 13, 15, 4
48, 44, 13, 16, 2
48, 44, 13, 16, 3
48, 44, 13, 16, 3
48, 44, 13, 16, 3
48, 44, 13, 16, 3
48, 44, 13, 16, 3
48, 44, 13, 16, 3
48, 44, 13, 16, 3
48, 44, 13, 16, 4
48, 44, 13, 16, 4
48, 44, 14, 2, 2
48, 44, 14, 2, 3
48, 44, 14, 2, 3
48, 44, 14, 2, 3
48, 44, 14, 2, 3
48, 44, 14, 2, 3
48, 44, 14, 2, 3
48, 44, 14, 2, 3
48, 44, 14, 2, 4
48, 44, 14, 2, 4
48, 44, 14, 4, 3
48, 44, 14, 4, 3
48, 44, 14, 4, 3
48, 44, 14, 9, 2
48, 44, 14, 11, 2
48, 44, 14, 11, 2
48, 44, 14, 11, 2
48, 44, 14, 12, 2
48, 44, 14, 12, 2
48, 44, 14, 12, 2
48, 44, 14, 13, 2
48, 44, 14, 13, 2
48, 44, 14, 15, 2
48, 44, 14, 15, 3
48, 44, 14, 15, 3
48, 44, 14, 15, 3
48, 44, 14, 15, 3
48, 44, 14, 15, 4
48, 44, 14, 16, 3
48, 44, 14, 16, 3
48, 44, 14, 16, 3
48, 44, 14, 16, 3
48, 44, 14, 16, 3
48, 44, 14, 16, 3
48, 44, 14, 16, 3
48, 44, 14, 16, 3
48, 44, 14, 16, 3
48, 44, 14, 16, 4
48, 44, 14, 16, 4
48, 44, 14, 16, 4
48, 44, 14, 16, 4
48, 44, 14, 16, 4
48, 44, 14, 16, 4
48, 44, 14, 16, 4
48, 44, 15, 2, 3
48, 44, 15, 2, 3
48, 44, 15, 2, 3
48, 44, 15, 2, 3
48, 44, 15, 2, 3
48, 44, 15, 2, 3
48, 44, 15, 2, 3
48, 44, 15, 2, 3
48, 44, 15, 2, 3
48, 44, 15, 2, 4
48, 44, 15, 2, 4
48, 44, 15, 2, 4
48, 44, 15, 2, 4
48, 44, 15, 2, 4
48, 44, 15, 2, 4
48, 44, 15, 2, 4
48, 44, 15, 3, 2
48, 44, 15, 3, 3
48, 44, 15, 3, 3
48, 44, 15, 3, 3
48, 44, 15, 3, 3
48, 44, 15, 3, 3
48, 44, 15, 3, 3
48, 44, 15, 3, 3
48, 44, 15, 3, 4
48, 44, 15, 3, 4
48, 44, 15, 5, 3
48, 44, 15, 5, 3
48, 44, 15, 5, 3
48, 44, 15, 10, 2
48, 44, 15, 12, 2
48, 44, 15, 12, 2
48, 44, 15, 12, 2
48, 44, 15, 13, 2
48, 44, 15, 13, 2
48, 44, 15, 13, 2
48, 44, 15, 14, 2
48, 44, 15, 14, 2
48, 44, 15, 16, 2
48, 44, 15, 16, 3
48, 44, 15, 16, 3
48, 44, 15, 16, 3
48, 44, 15, 16, 3
48, 44, 15, 16, 4
48, 44, 16, 2, 2
48, 44, 16, 2, 3
48, 44, 16, 2, 3
48, 44, 16, 2, 3
48, 44, 16, 2, 3
48, 44, 16, 2, 4
48, 44, 16, 3, 3
48, 44, 16, 3, 3
48, 44, 16, 3, 3
48, 44, 16, 3, 3
48, 44, 16, 3, 3
48, 44, 16, 3, 3
48, 44, 16, 3, 3
48, 44, 16, 3, 3
48, 44, 16, 3, 3
48, 44, 16, 3, 4
48, 44, 16, 3, 4
48, 44, 16, 3, 4
48, 44, 16, 3, 4
48, 44, 16, 3, 4
48, 44, 16, 3, 4
48, 44, 16, 3, 4
48, 44, 16, 4, 2
48, 44, 16, 4, 3
48, 44, 16, 4, 3
48, 44, 16, 4, 3
48, 44, 16, 4, 3
48, 44, 16, 4, 3
48, 44, 16, 4, 3
48, 44, 16, 4, 3
48, 44, 16, 4, 4
48, 44, 16, 4, 4
48, 44, 16, 6, 3
48, 44, 16, 6, 3
48, 44, 16, 6, 3
48, 44, 16, 11, 2
48, 44, 16, 13, 2
48, 44, 16, 13, 2
48, 44, 16, 13, 2
48, 44, 16, 14, 2
48, 44, 16, 14, 2
48, 44, 16, 14, 2
48, 44, 16, 15, 2
48, 44, 16, 15, 2
49, 1, 1, 0, 2
50, 1, 1, 0, 2
51, 1, 1, 0, 2
Goal
49
50
51
