CG
100
0, 99, 99, 2
0, 99, 98, 3
0, 99, 97, 3
0, 99, 96, 3
0, 99, 95, 3
0, 99, 94, 3
0, 99, 93, 3
0, 99, 92, 3
0, 99, 91, 3
0, 99, 90, 2
0, 99, 89, 3
0, 99, 88, 4
0, 99, 87, 4
0, 99, 86, 4
0, 99, 85, 4
0, 99, 84, 4
0, 99, 83, 4
0, 99, 82, 4
0, 99, 81, 4
0, 99, 80, 3
0, 99, 79, 3
0, 99, 78, 4
0, 99, 77, 4
0, 99, 76, 4
0, 99, 75, 4
0, 99, 74, 4
0, 99, 73, 4
0, 99, 72, 4
0, 99, 71, 4
0, 99, 70, 3
0, 99, 69, 3
0, 99, 68, 4
0, 99, 67, 4
0, 99, 66, 4
0, 99, 65, 4
0, 99, 64, 4
0, 99, 63, 4
0, 99, 62, 4
0, 99, 61, 4
0, 99, 60, 3
0, 99, 59, 3
0, 99, 58, 4
0, 99, 57, 4
0, 99, 56, 4
0, 99, 55, 4
0, 99, 54, 4
0, 99, 53, 4
0, 99, 52, 4
0, 99, 51, 4
0, 99, 50, 3
0, 99, 49, 3
0, 99, 48, 4
0, 99, 47, 4
0, 99, 46, 4
0, 99, 45, 4
0, 99, 44, 4
0, 99, 43, 4
0, 99, 42, 4
0, 99, 41, 3
0, 99, 40, 3
0, 99, 39, 4
0, 99, 38, 4
0, 99, 37, 4
0, 99, 36, 4
0, 99, 35, 4
0, 99, 34, 4
0, 99, 33, 4
0, 99, 32, 4
0, 99, 31, 3
0, 99, 30, 3
0, 99, 29, 4
0, 99, 28, 4
0, 99, 27, 4
0, 99, 26, 4
0, 99, 25, 4
0, 99, 24, 4
0, 99, 23, 4
0, 99, 22, 4
0, 99, 21, 3
0, 99, 20, 3
0, 99, 19, 4
0, 99, 18, 4
0, 99, 17, 4
0, 99, 16, 4
0, 99, 15, 4
0, 99, 14, 4
0, 99, 13, 4
0, 99, 12, 4
0, 99, 11, 3
0, 99, 10, 2
0, 99, 9, 3
0, 99, 8, 3
0, 99, 7, 3
0, 99, 6, 3
0, 99, 5, 3
0, 99, 4, 3
0, 99, 3, 3
0, 99, 2, 3
0, 99, 1, 2
DTG
0, 2, 0, 1, 1
0, 2, 0, 10, 1
0, 3, 1, 0, 1
0, 3, 1, 2, 1
0, 3, 1, 11, 1
0, 3, 2, 1, 1
0, 3, 2, 3, 1
0, 3, 2, 12, 1
0, 3, 3, 2, 1
0, 3, 3, 4, 1
0, 3, 3, 13, 1
0, 3, 4, 3, 1
0, 3, 4, 5, 1
0, 3, 4, 14, 1
0, 3, 5, 4, 1
0, 3, 5, 6, 1
0, 3, 5, 15, 1
0, 3, 6, 5, 1
0, 3, 6, 7, 1
0, 3, 6, 16, 1
0, 3, 7, 6, 1
0, 3, 7, 8, 1
0, 3, 7, 17, 1
0, 3, 8, 7, 1
0, 3, 8, 9, 1
0, 3, 8, 18, 1
0, 2, 9, 8, 1
0, 2, 9, 19, 1
0, 3, 10, 0, 1
0, 3, 10, 11, 1
0, 3, 10, 20, 1
0, 4, 11, 1, 1
0, 4, 11, 10, 1
0, 4, 11, 12, 1
0, 4, 11, 21, 1
0, 4, 12, 2, 1
0, 4, 12, 11, 1
0, 4, 12, 13, 1
0, 4, 12, 22, 1
0, 4, 13, 3, 1
0, 4, 13, 12, 1
0, 4, 13, 14, 1
0, 4, 13, 23, 1
0, 4, 14, 4, 1
0, 4, 14, 13, 1
0, 4, 14, 15, 1
0, 4, 14, 24, 1
0, 4, 15, 5, 1
0, 4, 15, 14, 1
0, 4, 15, 16, 1
0, 4, 15, 25, 1
0, 4, 16, 6, 1
0, 4, 16, 15, 1
0, 4, 16, 17, 1
0, 4, 16, 26, 1
0, 4, 17, 7, 1
0, 4, 17, 16, 1
0, 4, 17, 18, 1
0, 4, 17, 27, 1
0, 4, 18, 8, 1
0, 4, 18, 17, 1
0, 4, 18, 19, 1
0, 4, 18, 28, 1
0, 3, 19, 9, 1
0, 3, 19, 18, 1
0, 3, 19, 29, 1
0, 3, 20, 10, 1
0, 3, 20, 21, 1
0, 3, 20, 30, 1
0, 4, 21, 11, 1
0, 4, 21, 20, 1
0, 4, 21, 22, 1
0, 4, 21, 31, 1
0, 4, 22, 12, 1
0, 4, 22, 21, 1
0, 4, 22, 23, 1
0, 4, 22, 32, 1
0, 4, 23, 13, 1
0, 4, 23, 22, 1
0, 4, 23, 24, 1
0, 4, 23, 33, 1
0, 4, 24, 14, 1
0, 4, 24, 23, 1
0, 4, 24, 25, 1
0, 4, 24, 34, 1
0, 4, 25, 15, 1
0, 4, 25, 24, 1
0, 4, 25, 26, 1
0, 4, 25, 35, 1
0, 4, 26, 16, 1
0, 4, 26, 25, 1
0, 4, 26, 27, 1
0, 4, 26, 36, 1
0, 4, 27, 17, 1
0, 4, 27, 26, 1
0, 4, 27, 28, 1
0, 4, 27, 37, 1
0, 4, 28, 18, 1
0, 4, 28, 27, 1
0, 4, 28, 29, 1
0, 4, 28, 38, 1
0, 3, 29, 19, 1
0, 3, 29, 28, 1
0, 3, 29, 39, 1
0, 3, 30, 20, 1
0, 3, 30, 31, 1
0, 3, 30, 40, 1
0, 4, 31, 21, 1
0, 4, 31, 30, 1
0, 4, 31, 32, 1
0, 4, 31, 41, 1
0, 4, 32, 22, 1
0, 4, 32, 31, 1
0, 4, 32, 33, 1
0, 4, 32, 42, 1
0, 4, 33, 23, 1
0, 4, 33, 32, 1
0, 4, 33, 34, 1
0, 4, 33, 43, 1
0, 4, 34, 24, 1
0, 4, 34, 33, 1
0, 4, 34, 35, 1
0, 4, 34, 44, 1
0, 4, 35, 25, 1
0, 4, 35, 34, 1
0, 4, 35, 36, 1
0, 4, 35, 45, 1
0, 4, 36, 26, 1
0, 4, 36, 35, 1
0, 4, 36, 37, 1
0, 4, 36, 46, 1
0, 4, 37, 27, 1
0, 4, 37, 36, 1
0, 4, 37, 38, 1
0, 4, 37, 47, 1
0, 4, 38, 28, 1
0, 4, 38, 37, 1
0, 4, 38, 39, 1
0, 4, 38, 48, 1
0, 3, 39, 29, 1
0, 3, 39, 38, 1
0, 3, 39, 49, 1
0, 3, 40, 30, 1
0, 3, 40, 41, 1
0, 3, 40, 50, 1
0, 4, 41, 31, 1
0, 4, 41, 40, 1
0, 4, 41, 42, 1
0, 4, 41, 51, 1
0, 4, 42, 32, 1
0, 4, 42, 41, 1
0, 4, 42, 43, 1
0, 4, 42, 52, 1
0, 4, 43, 33, 1
0, 4, 43, 42, 1
0, 4, 43, 44, 1
0, 4, 43, 53, 1
0, 4, 44, 34, 1
0, 4, 44, 43, 1
0, 4, 44, 45, 1
0, 4, 44, 54, 1
0, 4, 45, 35, 1
0, 4, 45, 44, 1
0, 4, 45, 46, 1
0, 4, 45, 55, 1
0, 4, 46, 36, 1
0, 4, 46, 45, 1
0, 4, 46, 47, 1
0, 4, 46, 56, 1
0, 4, 47, 37, 1
0, 4, 47, 46, 1
0, 4, 47, 48, 1
0, 4, 47, 57, 1
0, 4, 48, 38, 1
0, 4, 48, 47, 1
0, 4, 48, 49, 1
0, 4, 48, 58, 1
0, 3, 49, 39, 1
0, 3, 49, 48, 1
0, 3, 49, 59, 1
0, 3, 50, 40, 1
0, 3, 50, 51, 1
0, 3, 50, 60, 1
0, 4, 51, 41, 1
0, 4, 51, 50, 1
0, 4, 51, 52, 1
0, 4, 51, 61, 1
0, 4, 52, 42, 1
0, 4, 52, 51, 1
0, 4, 52, 53, 1
0, 4, 52, 62, 1
0, 4, 53, 43, 1
0, 4, 53, 52, 1
0, 4, 53, 54, 1
0, 4, 53, 63, 1
0, 4, 54, 44, 1
0, 4, 54, 53, 1
0, 4, 54, 55, 1
0, 4, 54, 64, 1
0, 4, 55, 45, 1
0, 4, 55, 54, 1
0, 4, 55, 56, 1
0, 4, 55, 65, 1
0, 4, 56, 46, 1
0, 4, 56, 55, 1
0, 4, 56, 57, 1
0, 4, 56, 66, 1
0, 4, 57, 47, 1
0, 4, 57, 56, 1
0, 4, 57, 58, 1
0, 4, 57, 67, 1
0, 4, 58, 48, 1
0, 4, 58, 57, 1
0, 4, 58, 59, 1
0, 4, 58, 68, 1
0, 3, 59, 49, 1
0, 3, 59, 58, 1
0, 3, 59, 69, 1
0, 3, 60, 50, 1
0, 3, 60, 61, 1
0, 3, 60, 70, 1
0, 4, 61, 51, 1
0, 4, 61, 60, 1
0, 4, 61, 62, 1
0, 4, 61, 71, 1
0, 4, 62, 52, 1
0, 4, 62, 61, 1
0, 4, 62, 63, 1
0, 4, 62, 72, 1
0, 4, 63, 53, 1
0, 4, 63, 62, 1
0, 4, 63, 64, 1
0, 4, 63, 73, 1
0, 4, 64, 54, 1
0, 4, 64, 63, 1
0, 4, 64, 65, 1
0, 4, 64, 74, 1
0, 4, 65, 55, 1
0, 4, 65, 64, 1
0, 4, 65, 66, 1
0, 4, 65, 75, 1
0, 4, 66, 56, 1
0, 4, 66, 65, 1
0, 4, 66, 67, 1
0, 4, 66, 76, 1
0, 4, 67, 57, 1
0, 4, 67, 66, 1
0, 4, 67, 68, 1
0, 4, 67, 77, 1
0, 4, 68, 58, 1
0, 4, 68, 67, 1
0, 4, 68, 69, 1
0, 4, 68, 78, 1
0, 3, 69, 59, 1
0, 3, 69, 68, 1
0, 3, 69, 79, 1
0, 3, 70, 60, 1
0, 3, 70, 71, 1
0, 3, 70, 80, 1
0, 4, 71, 61, 1
0, 4, 71, 70, 1
0, 4, 71, 72, 1
0, 4, 71, 81, 1
0, 4, 72, 62, 1
0, 4, 72, 71, 1
0, 4, 72, 73, 1
0, 4, 72, 82, 1
0, 4, 73, 63, 1
0, 4, 73, 72, 1
0, 4, 73, 74, 1
0, 4, 73, 83, 1
0, 4, 74, 64, 1
0, 4, 74, 73, 1
0, 4, 74, 75, 1
0, 4, 74, 84, 1
0, 4, 75, 65, 1
0, 4, 75, 74, 1
0, 4, 75, 76, 1
0, 4, 75, 85, 1
0, 4, 76, 66, 1
0, 4, 76, 75, 1
0, 4, 76, 77, 1
0, 4, 76, 86, 1
0, 4, 77, 67, 1
0, 4, 77, 76, 1
0, 4, 77, 78, 1
0, 4, 77, 87, 1
0, 4, 78, 68, 1
0, 4, 78, 77, 1
0, 4, 78, 79, 1
0, 4, 78, 88, 1
0, 3, 79, 69, 1
0, 3, 79, 78, 1
0, 3, 79, 89, 1
0, 3, 80, 70, 1
0, 3, 80, 81, 1
0, 3, 80, 90, 1
0, 4, 81, 71, 1
0, 4, 81, 80, 1
0, 4, 81, 82, 1
0, 4, 81, 91, 1
0, 4, 82, 72, 1
0, 4, 82, 81, 1
0, 4, 82, 83, 1
0, 4, 82, 92, 1
0, 4, 83, 73, 1
0, 4, 83, 82, 1
0, 4, 83, 84, 1
0, 4, 83, 93, 1
0, 4, 84, 74, 1
0, 4, 84, 83, 1
0, 4, 84, 85, 1
0, 4, 84, 94, 1
0, 4, 85, 75, 1
0, 4, 85, 84, 1
0, 4, 85, 86, 1
0, 4, 85, 95, 1
0, 4, 86, 76, 1
0, 4, 86, 85, 1
0, 4, 86, 87, 1
0, 4, 86, 96, 1
0, 4, 87, 77, 1
0, 4, 87, 86, 1
0, 4, 87, 88, 1
0, 4, 87, 97, 1
0, 4, 88, 78, 1
0, 4, 88, 87, 1
0, 4, 88, 89, 1
0, 4, 88, 98, 1
0, 3, 89, 79, 1
0, 3, 89, 88, 1
0, 3, 89, 99, 1
0, 2, 90, 80, 1
0, 2, 90, 91, 1
0, 3, 91, 81, 1
0, 3, 91, 90, 1
0, 3, 91, 92, 1
0, 3, 92, 82, 1
0, 3, 92, 91, 1
0, 3, 92, 93, 1
0, 3, 93, 83, 1
0, 3, 93, 92, 1
0, 3, 93, 94, 1
0, 3, 94, 84, 1
0, 3, 94, 93, 1
0, 3, 94, 95, 1
0, 3, 95, 85, 1
0, 3, 95, 94, 1
0, 3, 95, 96, 1
0, 3, 96, 86, 1
0, 3, 96, 95, 1
0, 3, 96, 97, 1
0, 3, 97, 87, 1
0, 3, 97, 96, 1
0, 3, 97, 98, 1
0, 3, 98, 88, 1
0, 3, 98, 97, 1
0, 3, 98, 99, 1
0, 2, 99, 89, 1
0, 2, 99, 98, 1
1, 2, 1, 0, 2
1, 2, 1, 0, 2
2, 3, 1, 0, 2
2, 3, 1, 0, 2
2, 3, 1, 0, 2
3, 3, 1, 0, 2
3, 3, 1, 0, 2
3, 3, 1, 0, 2
4, 3, 1, 0, 2
4, 3, 1, 0, 2
4, 3, 1, 0, 2
5, 3, 1, 0, 2
5, 3, 1, 0, 2
5, 3, 1, 0, 2
6, 3, 1, 0, 2
6, 3, 1, 0, 2
6, 3, 1, 0, 2
7, 3, 1, 0, 2
7, 3, 1, 0, 2
7, 3, 1, 0, 2
8, 3, 1, 0, 2
8, 3, 1, 0, 2
8, 3, 1, 0, 2
9, 3, 1, 0, 2
9, 3, 1, 0, 2
9, 3, 1, 0, 2
10, 2, 1, 0, 2
10, 2, 1, 0, 2
11, 3, 1, 0, 2
11, 3, 1, 0, 2
11, 3, 1, 0, 2
12, 4, 1, 0, 2
12, 4, 1, 0, 2
12, 4, 1, 0, 2
12, 4, 1, 0, 2
13, 4, 1, 0, 2
13, 4, 1, 0, 2
13, 4, 1, 0, 2
13, 4, 1, 0, 2
14, 4, 1, 0, 2
14, 4, 1, 0, 2
14, 4, 1, 0, 2
14, 4, 1, 0, 2
15, 4, 1, 0, 2
15, 4, 1, 0, 2
15, 4, 1, 0, 2
15, 4, 1, 0, 2
16, 4, 1, 0, 2
16, 4, 1, 0, 2
16, 4, 1, 0, 2
16, 4, 1, 0, 2
17, 4, 1, 0, 2
17, 4, 1, 0, 2
17, 4, 1, 0, 2
17, 4, 1, 0, 2
18, 4, 1, 0, 2
18, 4, 1, 0, 2
18, 4, 1, 0, 2
18, 4, 1, 0, 2
19, 4, 1, 0, 2
19, 4, 1, 0, 2
19, 4, 1, 0, 2
19, 4, 1, 0, 2
20, 3, 1, 0, 2
20, 3, 1, 0, 2
20, 3, 1, 0, 2
21, 3, 1, 0, 2
21, 3, 1, 0, 2
21, 3, 1, 0, 2
22, 4, 1, 0, 2
22, 4, 1, 0, 2
22, 4, 1, 0, 2
22, 4, 1, 0, 2
23, 4, 1, 0, 2
23, 4, 1, 0, 2
23, 4, 1, 0, 2
23, 4, 1, 0, 2
24, 4, 1, 0, 2
24, 4, 1, 0, 2
24, 4, 1, 0, 2
24, 4, 1, 0, 2
25, 4, 1, 0, 2
25, 4, 1, 0, 2
25, 4, 1, 0, 2
25, 4, 1, 0, 2
26, 4, 1, 0, 2
26, 4, 1, 0, 2
26, 4, 1, 0, 2
26, 4, 1, 0, 2
27, 4, 1, 0, 2
27, 4, 1, 0, 2
27, 4, 1, 0, 2
27, 4, 1, 0, 2
28, 4, 1, 0, 2
28, 4, 1, 0, 2
28, 4, 1, 0, 2
28, 4, 1, 0, 2
29, 4, 1, 0, 2
29, 4, 1, 0, 2
29, 4, 1, 0, 2
29, 4, 1, 0, 2
30, 3, 1, 0, 2
30, 3, 1, 0, 2
30, 3, 1, 0, 2
31, 3, 1, 0, 2
31, 3, 1, 0, 2
31, 3, 1, 0, 2
32, 4, 1, 0, 2
32, 4, 1, 0, 2
32, 4, 1, 0, 2
32, 4, 1, 0, 2
33, 4, 1, 0, 2
33, 4, 1, 0, 2
33, 4, 1, 0, 2
33, 4, 1, 0, 2
34, 4, 1, 0, 2
34, 4, 1, 0, 2
34, 4, 1, 0, 2
34, 4, 1, 0, 2
35, 4, 1, 0, 2
35, 4, 1, 0, 2
35, 4, 1, 0, 2
35, 4, 1, 0, 2
36, 4, 1, 0, 2
36, 4, 1, 0, 2
36, 4, 1, 0, 2
36, 4, 1, 0, 2
37, 4, 1, 0, 2
37, 4, 1, 0, 2
37, 4, 1, 0, 2
37, 4, 1, 0, 2
38, 4, 1, 0, 2
38, 4, 1, 0, 2
38, 4, 1, 0, 2
38, 4, 1, 0, 2
39, 4, 1, 0, 2
39, 4, 1, 0, 2
39, 4, 1, 0, 2
39, 4, 1, 0, 2
40, 3, 1, 0, 2
40, 3, 1, 0, 2
40, 3, 1, 0, 2
41, 3, 1, 0, 2
41, 3, 1, 0, 2
41, 3, 1, 0, 2
42, 4, 1, 0, 2
42, 4, 1, 0, 2
42, 4, 1, 0, 2
42, 4, 1, 0, 2
43, 4, 1, 0, 2
43, 4, 1, 0, 2
43, 4, 1, 0, 2
43, 4, 1, 0, 2
44, 4, 1, 0, 2
44, 4, 1, 0, 2
44, 4, 1, 0, 2
44, 4, 1, 0, 2
45, 4, 1, 0, 2
45, 4, 1, 0, 2
45, 4, 1, 0, 2
45, 4, 1, 0, 2
46, 4, 1, 0, 2
46, 4, 1, 0, 2
46, 4, 1, 0, 2
46, 4, 1, 0, 2
47, 4, 1, 0, 2
47, 4, 1, 0, 2
47, 4, 1, 0, 2
47, 4, 1, 0, 2
48, 4, 1, 0, 2
48, 4, 1, 0, 2
48, 4, 1, 0, 2
48, 4, 1, 0, 2
49, 3, 1, 0, 2
49, 3, 1, 0, 2
49, 3, 1, 0, 2
50, 3, 1, 0, 2
50, 3, 1, 0, 2
50, 3, 1, 0, 2
51, 4, 1, 0, 2
51, 4, 1, 0, 2
51, 4, 1, 0, 2
51, 4, 1, 0, 2
52, 4, 1, 0, 2
52, 4, 1, 0, 2
52, 4, 1, 0, 2
52, 4, 1, 0, 2
53, 4, 1, 0, 2
53, 4, 1, 0, 2
53, 4, 1, 0, 2
53, 4, 1, 0, 2
54, 4, 1, 0, 2
54, 4, 1, 0, 2
54, 4, 1, 0, 2
54, 4, 1, 0, 2
55, 4, 1, 0, 2
55, 4, 1, 0, 2
55, 4, 1, 0, 2
55, 4, 1, 0, 2
56, 4, 1, 0, 2
56, 4, 1, 0, 2
56, 4, 1, 0, 2
56, 4, 1, 0, 2
57, 4, 1, 0, 2
57, 4, 1, 0, 2
57, 4, 1, 0, 2
57, 4, 1, 0, 2
58, 4, 1, 0, 2
58, 4, 1, 0, 2
58, 4, 1, 0, 2
58, 4, 1, 0, 2
59, 3, 1, 0, 2
59, 3, 1, 0, 2
59, 3, 1, 0, 2
60, 3, 1, 0, 2
60, 3, 1, 0, 2
60, 3, 1, 0, 2
61, 4, 1, 0, 2
61, 4, 1, 0, 2
61, 4, 1, 0, 2
61, 4, 1, 0, 2
62, 4, 1, 0, 2
62, 4, 1, 0, 2
62, 4, 1, 0, 2
62, 4, 1, 0, 2
63, 4, 1, 0, 2
63, 4, 1, 0, 2
63, 4, 1, 0, 2
63, 4, 1, 0, 2
64, 4, 1, 0, 2
64, 4, 1, 0, 2
64, 4, 1, 0, 2
64, 4, 1, 0, 2
65, 4, 1, 0, 2
65, 4, 1, 0, 2
65, 4, 1, 0, 2
65, 4, 1, 0, 2
66, 4, 1, 0, 2
66, 4, 1, 0, 2
66, 4, 1, 0, 2
66, 4, 1, 0, 2
67, 4, 1, 0, 2
67, 4, 1, 0, 2
67, 4, 1, 0, 2
67, 4, 1, 0, 2
68, 4, 1, 0, 2
68, 4, 1, 0, 2
68, 4, 1, 0, 2
68, 4, 1, 0, 2
69, 3, 1, 0, 2
69, 3, 1, 0, 2
69, 3, 1, 0, 2
70, 3, 1, 0, 2
70, 3, 1, 0, 2
70, 3, 1, 0, 2
71, 4, 1, 0, 2
71, 4, 1, 0, 2
71, 4, 1, 0, 2
71, 4, 1, 0, 2
72, 4, 1, 0, 2
72, 4, 1, 0, 2
72, 4, 1, 0, 2
72, 4, 1, 0, 2
73, 4, 1, 0, 2
73, 4, 1, 0, 2
73, 4, 1, 0, 2
73, 4, 1, 0, 2
74, 4, 1, 0, 2
74, 4, 1, 0, 2
74, 4, 1, 0, 2
74, 4, 1, 0, 2
75, 4, 1, 0, 2
75, 4, 1, 0, 2
75, 4, 1, 0, 2
75, 4, 1, 0, 2
76, 4, 1, 0, 2
76, 4, 1, 0, 2
76, 4, 1, 0, 2
76, 4, 1, 0, 2
77, 4, 1, 0, 2
77, 4, 1, 0, 2
77, 4, 1, 0, 2
77, 4, 1, 0, 2
78, 4, 1, 0, 2
78, 4, 1, 0, 2
78, 4, 1, 0, 2
78, 4, 1, 0, 2
79, 3, 1, 0, 2
79, 3, 1, 0, 2
79, 3, 1, 0, 2
80, 3, 1, 0, 2
80, 3, 1, 0, 2
80, 3, 1, 0, 2
81, 4, 1, 0, 2
81, 4, 1, 0, 2
81, 4, 1, 0, 2
81, 4, 1, 0, 2
82, 4, 1, 0, 2
82, 4, 1, 0, 2
82, 4, 1, 0, 2
82, 4, 1, 0, 2
83, 4, 1, 0, 2
83, 4, 1, 0, 2
83, 4, 1, 0, 2
83, 4, 1, 0, 2
84, 4, 1, 0, 2
84, 4, 1, 0, 2
84, 4, 1, 0, 2
84, 4, 1, 0, 2
85, 4, 1, 0, 2
85, 4, 1, 0, 2
85, 4, 1, 0, 2
85, 4, 1, 0, 2
86, 4, 1, 0, 2
86, 4, 1, 0, 2
86, 4, 1, 0, 2
86, 4, 1, 0, 2
87, 4, 1, 0, 2
87, 4, 1, 0, 2
87, 4, 1, 0, 2
87, 4, 1, 0, 2
88, 4, 1, 0, 2
88, 4, 1, 0, 2
88, 4, 1, 0, 2
88, 4, 1, 0, 2
89, 3, 1, 0, 2
89, 3, 1, 0, 2
89, 3, 1, 0, 2
90, 2, 1, 0, 2
90, 2, 1, 0, 2
91, 3, 1, 0, 2
91, 3, 1, 0, 2
91, 3, 1, 0, 2
92, 3, 1, 0, 2
92, 3, 1, 0, 2
92, 3, 1, 0, 2
93, 3, 1, 0, 2
93, 3, 1, 0, 2
93, 3, 1, 0, 2
94, 3, 1, 0, 2
94, 3, 1, 0, 2
94, 3, 1, 0, 2
95, 3, 1, 0, 2
95, 3, 1, 0, 2
95, 3, 1, 0, 2
96, 3, 1, 0, 2
96, 3, 1, 0, 2
96, 3, 1, 0, 2
97, 3, 1, 0, 2
97, 3, 1, 0, 2
97, 3, 1, 0, 2
98, 3, 1, 0, 2
98, 3, 1, 0, 2
98, 3, 1, 0, 2
99, 2, 1, 0, 2
99, 2, 1, 0, 2
Goal
1
2
3
4
5
6
7
8
9
10
11
12
13
14
15
16
17
18
19
20
21
22
23
24
25
26
27
28
29
30
31
32
33
34
35
36
37
38
39
40
41
42
43
44
45
46
47
48
49
50
51
52
53
54
55
56
57
58
59
60
61
62
63
64
65
66
67
68
69
70
71
72
73
74
75
76
77
78
79
80
81
82
83
84
85
86
87
88
89
90
91
92
93
94
95
96
97
98
99
