CG
36
0, 35, 35, 2
0, 35, 34, 3
0, 35, 33, 3
0, 35, 32, 3
0, 35, 31, 3
0, 35, 30, 2
0, 35, 29, 3
0, 35, 28, 4
0, 35, 27, 4
0, 35, 26, 4
0, 35, 25, 4
0, 35, 24, 3
0, 35, 23, 3
0, 35, 22, 4
0, 35, 21, 4
0, 35, 20, 4
0, 35, 19, 4
0, 35, 18, 3
0, 35, 17, 3
0, 35, 16, 4
0, 35, 15, 4
0, 35, 14, 4
0, 35, 13, 3
0, 35, 12, 3
0, 35, 11, 4
0, 35, 10, 4
0, 35, 9, 4
0, 35, 8, 4
0, 35, 7, 3
0, 35, 6, 2
0, 35, 5, 3
0, 35, 4, 3
0, 35, 3, 3
0, 35, 2, 3
0, 35, 1, 2
DTG
0, 2, 0, 1, 1
0, 2, 0, 6, 1
0, 3, 1, 0, 1
0, 3, 1, 2, 1
0, 3, 1, 7, 1
0, 3, 2, 1, 1
0, 3, 2, 3, 1
0, 3, 2, 8, 1
0, 3, 3, 2, 1
0, 3, 3, 4, 1
0, 3, 3, 9, 1
0, 3, 4, 3, 1
0, 3, 4, 5, 1
0, 3, 4, 10, 1
0, 2, 5, 4, 1
0, 2, 5, 11, 1
0, 3, 6, 0, 1
0, 3, 6, 7, 1
0, 3, 6, 12, 1
0, 4, 7, 1, 1
0, 4, 7, 6, 1
0, 4, 7, 8, 1
0, 4, 7, 13, 1
0, 4, 8, 2, 1
0, 4, 8, 7, 1
0, 4, 8, 9, 1
0, 4, 8, 14, 1
0, 4, 9, 3, 1
0, 4, 9, 8, 1
0, 4, 9, 10, 1
0, 4, 9, 15, 1
0, 4, 10, 4, 1
0, 4, 10, 9, 1
0, 4, 10, 11, 1
0, 4, 10, 16, 1
0, 3, 11, 5, 1
0, 3, 11, 10, 1
0, 3, 11, 17, 1
0, 3, 12, 6, 1
0, 3, 12, 13, 1
0, 3, 12, 18, 1
0, 4, 13, 7, 1
0, 4, 13, 12, 1
0, 4, 13, 14, 1
0, 4, 13, 19, 1
0, 4, 14, 8, 1
0, 4, 14, 13, 1
0, 4, 14, 15, 1
0, 4, 14, 20, 1
0, 4, 15, 9, 1
0, 4, 15, 14, 1
0, 4, 15, 16, 1
0, 4, 15, 21, 1
0, 4, 16, 10, 1
0, 4, 16, 15, 1
0, 4, 16, 17, 1
0, 4, 16, 22, 1
0, 3, 17, 11, 1
0, 3, 17, 16, 1
0, 3, 17, 23, 1
0, 3, 18, 12, 1
0, 3, 18, 19, 1
0, 3, 18, 24, 1
0, 4, 19, 13, 1
0, 4, 19, 18, 1
0, 4, 19, 20, 1
0, 4, 19, 25, 1
0, 4, 20, 14, 1
0, 4, 20, 19, 1
0, 4, 20, 21, 1
0, 4, 20, 26, 1
0, 4, 21, 15, 1
0, 4, 21, 20, 1
0, 4, 21, 22, 1
0, 4, 21, 27, 1
0, 4, 22, 16, 1
0, 4, 22, 21, 1
0, 4, 22, 23, 1
0, 4, 22, 28, 1
0, 3, 23, 17, 1
0, 3, 23, 22, 1
0, 3, 23, 29, 1
0, 3, 24, 18, 1
0, 3, 24, 25, 1
0, 3, 24, 30, 1
0, 4, 25, 19, 1
0, 4, 25, 24, 1
0, 4, 25, 26, 1
0, 4, 25, 31, 1
0, 4, 26, 20, 1
0, 4, 26, 25, 1
0, 4, 26, 27, 1
0, 4, 26, 32, 1
0, 4, 27, 21, 1
0, 4, 27, 26, 1
0, 4, 27, 28, 1
0, 4, 27, 33, 1
0, 4, 28, 22, 1
0, 4, 28, 27, 1
0, 4, 28, 29, 1
0, 4, 28, 34, 1
0, 3, 29, 23, 1
0, 3, 29, 28, 1
0, 3, 29, 35, 1
0, 2, 30, 24, 1
0, 2, 30, 31, 1
0, 3, 31, 25, 1
0, 3, 31, 30, 1
0, 3, 31, 32, 1
0, 3, 32, 26, 1
0, 3, 32, 31, 1
0, 3, 32, 33, 1
0, 3, 33, 27, 1
0, 3, 33, 32, 1
0, 3, 33, 34, 1
0, 3, 34, 28, 1
0, 3, 34, 33, 1
0, 3, 34, 35, 1
0, 2, 35, 29, 1
0, 2, 35, 34, 1
1, 2, 1, 0, 2
1, 2, 1, 0, 2
2, 3, 1, 0, 2
2, 3, 1, 0, 2
2, 3, 1, 0, 2
3, 3, 1, 0, 2
3, 3, 1, 0, 2
3, 3, 1, 0, 2
4, 3, 1, 0, 2
4, 3, 1, 0, 2
4, 3, 1, 0, 2
5, 3, 1, 0, 2
5, 3, 1, 0, 2
5, 3, 1, 0, 2
6, 2, 1, 0, 2
6, 2, 1, 0, 2
7, 3, 1, 0, 2
7, 3, 1, 0, 2
7, 3, 1, 0, 2
8, 4, 1, 0, 2
8, 4, 1, 0, 2
8, 4, 1, 0, 2
8, 4, 1, 0, 2
9, 4, 1, 0, 2
9, 4, 1, 0, 2
9, 4, 1, 0, 2
9, 4, 1, 0, 2
10, 4, 1, 0, 2
10, 4, 1, 0, 2
10, 4, 1, 0, 2
10, 4, 1, 0, 2
11, 4, 1, 0, 2
11, 4, 1, 0, 2
11, 4, 1, 0, 2
11, 4, 1, 0, 2
12, 3, 1, 0, 2
12, 3, 1, 0, 2
12, 3, 1, 0, 2
13, 3, 1, 0, 2
13, 3, 1, 0, 2
13, 3, 1, 0, 2
14, 4, 1, 0, 2
14, 4, 1, 0, 2
14, 4, 1, 0, 2
14, 4, 1, 0, 2
15, 4, 1, 0, 2
15, 4, 1, 0, 2
15, 4, 1, 0, 2
15, 4, 1, 0, 2
16, 4, 1, 0, 2
16, 4, 1, 0, 2
16, 4, 1, 0, 2
16, 4, 1, 0, 2
17, 3, 1, 0, 2
17, 3, 1, 0, 2
17, 3, 1, 0, 2
18, 3, 1, 0, 2
18, 3, 1, 0, 2
18, 3, 1, 0, 2
19, 4, 1, 0, 2
19, 4, 1, 0, 2
19, 4, 1, 0, 2
19, 4, 1, 0, 2
20, 4, 1, 0, 2
20, 4, 1, 0, 2
20, 4, 1, 0, 2
20, 4, 1, 0, 2
21, 4, 1, 0, 2
21, 4, 1, 0, 2
21, 4, 1, 0, 2
21, 4, 1, 0, 2
22, 4, 1, 0, 2
22, 4, 1, 0, 2
22, 4, 1, 0, 2
22, 4, 1, 0, 2
23, 3, 1, 0, 2
23, 3, 1, 0, 2
23, 3, 1, 0, 2
24, 3, 1, 0, 2
24, 3, 1, 0, 2
24, 3, 1, 0, 2
25, 4, 1, 0, 2
25, 4, 1, 0, 2
25, 4, 1, 0, 2
25, 4, 1, 0, 2
26, 4, 1, 0, 2
26, 4, 1, 0, 2
26, 4, 1, 0, 2
26, 4, 1, 0, 2
27, 4, 1, 0, 2
27, 4, 1, 0, 2
27, 4, 1, 0, 2
27, 4, 1, 0, 2
28, 4, 1, 0, 2
28, 4, 1, 0, 2
28, 4, 1, 0, 2
28, 4, 1, 0, 2
29, 3, 1, 0, 2
29, 3, 1, 0, 2
29, 3, 1, 0, 2
30, 2, 1, 0, 2
30, 2, 1, 0, 2
31, 3, 1, 0, 2
31, 3, 1, 0, 2
31, 3, 1, 0, 2
32, 3, 1, 0, 2
32, 3, 1, 0, 2
32, 3, 1, 0, 2
33, 3, 1, 0, 2
33, 3, 1, 0, 2
33, 3, 1, 0, 2
34, 3, 1, 0, 2
34, 3, 1, 0, 2
34, 3, 1, 0, 2
35, 2, 1, 0, 2
35, 2, 1, 0, 2
Goal
1
2
3
4
5
6
7
8
9
10
11
12
13
14
15
16
17
18
19
20
21
22
23
24
25
26
27
28
29
30
31
32
33
34
35
