CG
41
0, 2, 33, 7
0, 2, 34, 7
1, 2, 25, 7
1, 2, 36, 7
2, 2, 29, 7
2, 2, 30, 7
3, 2, 18, 7
3, 2, 30, 7
4, 2, 21, 4
4, 2, 30, 4
5, 2, 16, 5
5, 2, 30, 5
6, 2, 28, 13
6, 2, 39, 13
7, 2, 20, 5
7, 2, 36, 5
8, 2, 32, 15
8, 2, 39, 15
9, 2, 38, 15
9, 2, 39, 15
10, 2, 27, 4
10, 2, 36, 4
11, 2, 37, 12
11, 2, 39, 12
12, 2, 26, 4
12, 2, 34, 4
13, 2, 22, 6
13, 2, 34, 6
14, 2, 23, 6
14, 2, 36, 6
15, 2, 31, 14
15, 2, 39, 14
16, 6, 28, 13
16, 6, 21, 8
16, 6, 29, 7
16, 6, 5, 1
16, 6, 39, 13
16, 6, 30, 30
17, 5, 31, 14
17, 5, 21, 8
17, 5, 29, 14
17, 5, 39, 14
17, 5, 30, 40
18, 6, 32, 15
18, 6, 21, 16
18, 6, 29, 21
18, 6, 3, 1
18, 6, 39, 15
18, 6, 30, 58
19, 7, 28, 13
19, 7, 20, 5
19, 7, 26, 8
19, 7, 33, 7
19, 7, 39, 13
19, 7, 36, 5
19, 7, 34, 35
20, 8, 28, 13
20, 8, 19, 5
20, 8, 27, 8
20, 8, 35, 7
20, 8, 7, 1
20, 8, 39, 13
20, 8, 36, 35
20, 8, 34, 5
21, 5, 37, 12
21, 5, 29, 42
21, 5, 4, 1
21, 5, 39, 12
21, 5, 30, 70
22, 8, 31, 14
22, 8, 23, 6
22, 8, 26, 8
22, 8, 33, 14
22, 8, 13, 1
22, 8, 39, 14
22, 8, 36, 6
22, 8, 34, 46
23, 8, 31, 14
23, 8, 22, 6
23, 8, 27, 8
23, 8, 35, 14
23, 8, 14, 1
23, 8, 39, 14
23, 8, 36, 46
23, 8, 34, 6
24, 7, 32, 15
24, 7, 25, 7
24, 7, 26, 16
24, 7, 33, 21
24, 7, 39, 15
24, 7, 36, 7
24, 7, 34, 65
25, 8, 32, 15
25, 8, 24, 7
25, 8, 27, 16
25, 8, 35, 21
25, 8, 1, 1
25, 8, 39, 15
25, 8, 36, 65
25, 8, 34, 7
26, 7, 37, 12
26, 7, 27, 4
26, 7, 33, 42
26, 7, 12, 1
26, 7, 39, 12
26, 7, 36, 4
26, 7, 34, 74
27, 7, 37, 12
27, 7, 26, 4
27, 7, 35, 42
27, 7, 10, 1
27, 7, 39, 12
27, 7, 36, 74
27, 7, 34, 4
28, 10, 20, 5
28, 10, 19, 5
28, 10, 16, 5
28, 10, 37, 24
28, 10, 38, 15
28, 10, 6, 1
28, 10, 39, 104
28, 10, 36, 5
28, 10, 34, 5
28, 10, 30, 5
29, 4, 38, 15
29, 4, 2, 1
29, 4, 39, 15
29, 4, 30, 63
30, 5, 17, 18
30, 5, 18, 21
30, 5, 16, 15
30, 5, 21, 28
30, 5, 29, 63
31, 10, 23, 6
31, 10, 22, 6
31, 10, 17, 6
31, 10, 37, 24
31, 10, 38, 30
31, 10, 15, 1
31, 10, 39, 124
31, 10, 36, 6
31, 10, 34, 6
31, 10, 30, 6
32, 10, 25, 7
32, 10, 24, 7
32, 10, 18, 7
32, 10, 37, 48
32, 10, 38, 45
32, 10, 8, 1
32, 10, 39, 168
32, 10, 36, 7
32, 10, 34, 7
32, 10, 30, 7
33, 6, 38, 15
33, 6, 35, 7
33, 6, 0, 1
33, 6, 39, 15
33, 6, 36, 7
33, 6, 34, 70
34, 5, 22, 24
34, 5, 24, 28
34, 5, 19, 20
34, 5, 26, 32
34, 5, 33, 70
35, 6, 38, 15
35, 6, 33, 7
35, 6, 40, 1
35, 6, 39, 15
35, 6, 36, 70
35, 6, 34, 7
36, 5, 23, 24
36, 5, 25, 28
36, 5, 20, 20
36, 5, 27, 32
36, 5, 35, 70
37, 9, 27, 4
37, 9, 26, 4
37, 9, 21, 4
37, 9, 38, 90
37, 9, 11, 1
37, 9, 39, 198
37, 9, 36, 4
37, 9, 34, 4
37, 9, 30, 4
38, 8, 35, 7
38, 8, 33, 7
38, 8, 29, 7
38, 8, 9, 1
38, 8, 39, 165
38, 8, 36, 7
38, 8, 34, 7
38, 8, 30, 7
39, 5, 31, 70
39, 5, 32, 75
39, 5, 28, 65
39, 5, 37, 108
39, 5, 38, 165
40, 2, 35, 7
40, 2, 36, 7
DTG
0, 1, 1, 0, 2
1, 1, 1, 0, 2
2, 1, 1, 0, 2
3, 1, 1, 0, 2
4, 1, 1, 0, 2
5, 1, 1, 0, 2
6, 1, 1, 0, 2
7, 1, 1, 0, 2
8, 1, 1, 0, 2
9, 1, 1, 0, 2
10, 1, 1, 0, 2
11, 1, 1, 0, 2
12, 1, 1, 0, 2
13, 1, 1, 0, 2
14, 1, 1, 0, 2
15, 1, 1, 0, 2
16, 5, 0, 1, 2
16, 5, 0, 1, 2
16, 5, 0, 1, 2
16, 5, 0, 1, 2
16, 5, 0, 1, 2
16, 10, 1, 0, 3
16, 10, 1, 0, 3
16, 10, 1, 0, 3
16, 10, 1, 0, 3
16, 10, 1, 0, 3
16, 10, 1, 0, 3
16, 10, 1, 0, 3
16, 10, 1, 0, 3
16, 10, 1, 0, 3
16, 10, 1, 0, 3
17, 6, 0, 1, 2
17, 6, 0, 1, 2
17, 6, 0, 1, 2
17, 6, 0, 1, 2
17, 6, 0, 1, 2
17, 6, 0, 1, 2
17, 6, 1, 0, 2
17, 6, 1, 0, 2
17, 6, 1, 0, 2
17, 6, 1, 0, 2
17, 6, 1, 0, 2
17, 6, 1, 0, 2
18, 7, 0, 1, 2
18, 7, 0, 1, 2
18, 7, 0, 1, 2
18, 7, 0, 1, 2
18, 7, 0, 1, 2
18, 7, 0, 1, 2
18, 7, 0, 1, 2
18, 14, 1, 0, 3
18, 14, 1, 0, 3
18, 14, 1, 0, 3
18, 14, 1, 0, 3
18, 14, 1, 0, 3
18, 14, 1, 0, 3
18, 14, 1, 0, 3
18, 14, 1, 0, 3
18, 14, 1, 0, 3
18, 14, 1, 0, 3
18, 14, 1, 0, 3
18, 14, 1, 0, 3
18, 14, 1, 0, 3
18, 14, 1, 0, 3
19, 5, 0, 1, 2
19, 5, 0, 1, 2
19, 5, 0, 1, 2
19, 5, 0, 1, 2
19, 5, 0, 1, 2
19, 5, 1, 0, 2
19, 5, 1, 0, 2
19, 5, 1, 0, 2
19, 5, 1, 0, 2
19, 5, 1, 0, 2
20, 5, 0, 1, 2
20, 5, 0, 1, 2
20, 5, 0, 1, 2
20, 5, 0, 1, 2
20, 5, 0, 1, 2
20, 15, 1, 0, 3
20, 15, 1, 0, 3
20, 15, 1, 0, 3
20, 15, 1, 0, 3
20, 15, 1, 0, 3
20, 15, 1, 0, 3
20, 15, 1, 0, 3
20, 15, 1, 0, 3
20, 15, 1, 0, 3
20, 15, 1, 0, 3
20, 15, 1, 0, 3
20, 15, 1, 0, 3
20, 15, 1, 0, 3
20, 15, 1, 0, 3
20, 15, 1, 0, 3
21, 4, 0, 1, 2
21, 4, 0, 1, 2
21, 4, 0, 1, 2
21, 4, 0, 1, 2
21, 16, 1, 0, 3
21, 16, 1, 0, 3
21, 16, 1, 0, 3
21, 16, 1, 0, 3
21, 16, 1, 0, 3
21, 16, 1, 0, 3
21, 16, 1, 0, 3
21, 16, 1, 0, 3
21, 16, 1, 0, 4
21, 16, 1, 0, 4
21, 16, 1, 0, 4
21, 16, 1, 0, 4
21, 16, 1, 0, 4
21, 16, 1, 0, 4
21, 16, 1, 0, 4
21, 16, 1, 0, 4
22, 6, 0, 1, 2
22, 6, 0, 1, 2
22, 6, 0, 1, 2
22, 6, 0, 1, 2
22, 6, 0, 1, 2
22, 6, 0, 1, 2
22, 18, 1, 0, 3
22, 18, 1, 0, 3
22, 18, 1, 0, 3
22, 18, 1, 0, 3
22, 18, 1, 0, 3
22, 18, 1, 0, 3
22, 18, 1, 0, 3
22, 18, 1, 0, 3
22, 18, 1, 0, 3
22, 18, 1, 0, 3
22, 18, 1, 0, 3
22, 18, 1, 0, 3
22, 18, 1, 0, 3
22, 18, 1, 0, 3
22, 18, 1, 0, 3
22, 18, 1, 0, 3
22, 18, 1, 0, 3
22, 18, 1, 0, 3
23, 6, 0, 1, 2
23, 6, 0, 1, 2
23, 6, 0, 1, 2
23, 6, 0, 1, 2
23, 6, 0, 1, 2
23, 6, 0, 1, 2
23, 18, 1, 0, 3
23, 18, 1, 0, 3
23, 18, 1, 0, 3
23, 18, 1, 0, 3
23, 18, 1, 0, 3
23, 18, 1, 0, 3
23, 18, 1, 0, 3
23, 18, 1, 0, 3
23, 18, 1, 0, 3
23, 18, 1, 0, 3
23, 18, 1, 0, 3
23, 18, 1, 0, 3
23, 18, 1, 0, 3
23, 18, 1, 0, 3
23, 18, 1, 0, 3
23, 18, 1, 0, 3
23, 18, 1, 0, 3
23, 18, 1, 0, 3
24, 7, 0, 1, 2
24, 7, 0, 1, 2
24, 7, 0, 1, 2
24, 7, 0, 1, 2
24, 7, 0, 1, 2
24, 7, 0, 1, 2
24, 7, 0, 1, 2
24, 7, 1, 0, 2
24, 7, 1, 0, 2
24, 7, 1, 0, 2
24, 7, 1, 0, 2
24, 7, 1, 0, 2
24, 7, 1, 0, 2
24, 7, 1, 0, 2
25, 7, 0, 1, 2
25, 7, 0, 1, 2
25, 7, 0, 1, 2
25, 7, 0, 1, 2
25, 7, 0, 1, 2
25, 7, 0, 1, 2
25, 7, 0, 1, 2
25, 21, 1, 0, 3
25, 21, 1, 0, 3
25, 21, 1, 0, 3
25, 21, 1, 0, 3
25, 21, 1, 0, 3
25, 21, 1, 0, 3
25, 21, 1, 0, 3
25, 21, 1, 0, 3
25, 21, 1, 0, 3
25, 21, 1, 0, 3
25, 21, 1, 0, 3
25, 21, 1, 0, 3
25, 21, 1, 0, 3
25, 21, 1, 0, 3
25, 21, 1, 0, 3
25, 21, 1, 0, 3
25, 21, 1, 0, 3
25, 21, 1, 0, 3
25, 21, 1, 0, 3
25, 21, 1, 0, 3
25, 21, 1, 0, 3
26, 4, 0, 1, 2
26, 4, 0, 1, 2
26, 4, 0, 1, 2
26, 4, 0, 1, 2
26, 20, 1, 0, 3
26, 20, 1, 0, 3
26, 20, 1, 0, 3
26, 20, 1, 0, 3
26, 20, 1, 0, 3
26, 20, 1, 0, 3
26, 20, 1, 0, 3
26, 20, 1, 0, 3
26, 20, 1, 0, 3
26, 20, 1, 0, 3
26, 20, 1, 0, 3
26, 20, 1, 0, 3
26, 20, 1, 0, 4
26, 20, 1, 0, 4
26, 20, 1, 0, 4
26, 20, 1, 0, 4
26, 20, 1, 0, 4
26, 20, 1, 0, 4
26, 20, 1, 0, 4
26, 20, 1, 0, 4
27, 4, 0, 1, 2
27, 4, 0, 1, 2
27, 4, 0, 1, 2
27, 4, 0, 1, 2
27, 20, 1, 0, 3
27, 20, 1, 0, 3
27, 20, 1, 0, 3
27, 20, 1, 0, 3
27, 20, 1, 0, 3
27, 20, 1, 0, 3
27, 20, 1, 0, 3
27, 20, 1, 0, 3
27, 20, 1, 0, 3
27, 20, 1, 0, 3
27, 20, 1, 0, 3
27, 20, 1, 0, 3
27, 20, 1, 0, 4
27, 20, 1, 0, 4
27, 20, 1, 0, 4
27, 20, 1, 0, 4
27, 20, 1, 0, 4
27, 20, 1, 0, 4
27, 20, 1, 0, 4
27, 20, 1, 0, 4
28, 13, 0, 1, 2
28, 13, 0, 1, 2
28, 13, 0, 1, 2
28, 13, 0, 1, 2
28, 13, 0, 1, 2
28, 13, 0, 1, 2
28, 13, 0, 1, 2
28, 13, 0, 1, 2
28, 13, 0, 1, 2
28, 13, 0, 1, 2
28, 13, 0, 1, 2
28, 13, 0, 1, 2
28, 13, 0, 1, 2
28, 52, 1, 0, 3
28, 52, 1, 0, 3
28, 52, 1, 0, 3
28, 52, 1, 0, 3
28, 52, 1, 0, 3
28, 52, 1, 0, 3
28, 52, 1, 0, 3
28, 52, 1, 0, 3
28, 52, 1, 0, 3
28, 52, 1, 0, 3
28, 52, 1, 0, 3
28, 52, 1, 0, 3
28, 52, 1, 0, 3
28, 52, 1, 0, 3
28, 52, 1, 0, 3
28, 52, 1, 0, 3
28, 52, 1, 0, 3
28, 52, 1, 0, 3
28, 52, 1, 0, 3
28, 52, 1, 0, 3
28, 52, 1, 0, 3
28, 52, 1, 0, 3
28, 52, 1, 0, 3
28, 52, 1, 0, 3
28, 52, 1, 0, 3
28, 52, 1, 0, 3
28, 52, 1, 0, 3
28, 52, 1, 0, 3
28, 52, 1, 0, 3
28, 52, 1, 0, 3
28, 52, 1, 0, 3
28, 52, 1, 0, 3
28, 52, 1, 0, 3
28, 52, 1, 0, 3
28, 52, 1, 0, 3
28, 52, 1, 0, 3
28, 52, 1, 0, 3
28, 52, 1, 0, 3
28, 52, 1, 0, 3
28, 52, 1, 0, 3
28, 52, 1, 0, 3
28, 52, 1, 0, 3
28, 52, 1, 0, 3
28, 52, 1, 0, 3
28, 52, 1, 0, 3
28, 52, 1, 0, 3
28, 52, 1, 0, 3
28, 52, 1, 0, 3
28, 52, 1, 0, 3
28, 52, 1, 0, 3
28, 52, 1, 0, 3
28, 52, 1, 0, 3
29, 7, 0, 1, 2
29, 7, 0, 1, 2
29, 7, 0, 1, 2
29, 7, 0, 1, 2
29, 7, 0, 1, 2
29, 7, 0, 1, 2
29, 7, 0, 1, 2
29, 35, 1, 0, 3
29, 35, 1, 0, 3
29, 35, 1, 0, 3
29, 35, 1, 0, 3
29, 35, 1, 0, 3
29, 35, 1, 0, 3
29, 35, 1, 0, 3
29, 35, 1, 0, 3
29, 35, 1, 0, 3
29, 35, 1, 0, 3
29, 35, 1, 0, 3
29, 35, 1, 0, 3
29, 35, 1, 0, 3
29, 35, 1, 0, 3
29, 35, 1, 0, 4
29, 35, 1, 0, 4
29, 35, 1, 0, 4
29, 35, 1, 0, 4
29, 35, 1, 0, 4
29, 35, 1, 0, 4
29, 35, 1, 0, 4
29, 35, 1, 0, 4
29, 35, 1, 0, 4
29, 35, 1, 0, 4
29, 35, 1, 0, 4
29, 35, 1, 0, 4
29, 35, 1, 0, 4
29, 35, 1, 0, 4
29, 35, 1, 0, 4
29, 35, 1, 0, 4
29, 35, 1, 0, 4
29, 35, 1, 0, 4
29, 35, 1, 0, 4
29, 35, 1, 0, 4
29, 35, 1, 0, 4
30, 14, 0, 2, 3
30, 14, 0, 2, 3
30, 14, 0, 2, 3
30, 14, 0, 2, 3
30, 14, 0, 2, 4
30, 14, 0, 2, 4
30, 14, 0, 2, 4
30, 14, 0, 3, 2
30, 14, 0, 4, 3
30, 14, 0, 4, 3
30, 14, 0, 5, 3
30, 14, 0, 5, 3
30, 14, 0, 5, 4
30, 14, 0, 5, 4
30, 14, 1, 3, 3
30, 14, 1, 3, 3
30, 14, 1, 3, 3
30, 14, 1, 3, 3
30, 14, 1, 3, 4
30, 14, 1, 3, 4
30, 14, 1, 3, 4
30, 14, 1, 4, 2
30, 14, 1, 5, 3
30, 14, 1, 5, 3
30, 14, 1, 6, 3
30, 14, 1, 6, 3
30, 14, 1, 6, 4
30, 14, 1, 6, 4
30, 16, 2, 0, 2
30, 16, 2, 0, 2
30, 16, 2, 4, 3
30, 16, 2, 4, 3
30, 16, 2, 4, 3
30, 16, 2, 4, 3
30, 16, 2, 4, 4
30, 16, 2, 4, 4
30, 16, 2, 4, 4
30, 16, 2, 5, 2
30, 16, 2, 6, 3
30, 16, 2, 6, 3
30, 16, 2, 7, 3
30, 16, 2, 7, 3
30, 16, 2, 7, 4
30, 16, 2, 7, 4
30, 17, 3, 0, 2
30, 17, 3, 1, 2
30, 17, 3, 1, 2
30, 17, 3, 5, 3
30, 17, 3, 5, 3
30, 17, 3, 5, 3
30, 17, 3, 5, 3
30, 17, 3, 5, 4
30, 17, 3, 5, 4
30, 17, 3, 5, 4
30, 17, 3, 6, 2
30, 17, 3, 7, 3
30, 17, 3, 7, 3
30, 17, 3, 8, 3
30, 17, 3, 8, 3
30, 17, 3, 8, 4
30, 17, 3, 8, 4
30, 14, 4, 0, 2
30, 14, 4, 1, 2
30, 14, 4, 2, 2
30, 14, 4, 2, 2
30, 14, 4, 6, 3
30, 14, 4, 6, 3
30, 14, 4, 6, 3
30, 14, 4, 6, 3
30, 14, 4, 6, 4
30, 14, 4, 6, 4
30, 14, 4, 6, 4
30, 14, 4, 7, 2
30, 14, 4, 8, 3
30, 14, 4, 8, 3
30, 13, 5, 0, 2
30, 13, 5, 1, 2
30, 13, 5, 2, 2
30, 13, 5, 3, 2
30, 13, 5, 3, 2
30, 13, 5, 7, 3
30, 13, 5, 7, 3
30, 13, 5, 7, 3
30, 13, 5, 7, 3
30, 13, 5, 7, 4
30, 13, 5, 7, 4
30, 13, 5, 7, 4
30, 13, 5, 8, 2
30, 12, 6, 1, 2
30, 12, 6, 2, 2
30, 12, 6, 3, 2
30, 12, 6, 4, 2
30, 12, 6, 4, 2
30, 12, 6, 8, 3
30, 12, 6, 8, 3
30, 12, 6, 8, 3
30, 12, 6, 8, 3
30, 12, 6, 8, 4
30, 12, 6, 8, 4
30, 12, 6, 8, 4
30, 5, 7, 2, 2
30, 5, 7, 3, 2
30, 5, 7, 4, 2
30, 5, 7, 5, 2
30, 5, 7, 5, 2
30, 5, 8, 3, 2
30, 5, 8, 4, 2
30, 5, 8, 5, 2
30, 5, 8, 6, 2
30, 5, 8, 6, 2
31, 14, 0, 1, 2
31, 14, 0, 1, 2
31, 14, 0, 1, 2
31, 14, 0, 1, 2
31, 14, 0, 1, 2
31, 14, 0, 1, 2
31, 14, 0, 1, 2
31, 14, 0, 1, 2
31, 14, 0, 1, 2
31, 14, 0, 1, 2
31, 14, 0, 1, 2
31, 14, 0, 1, 2
31, 14, 0, 1, 2
31, 14, 0, 1, 2
31, 56, 1, 0, 3
31, 56, 1, 0, 3
31, 56, 1, 0, 3
31, 56, 1, 0, 3
31, 56, 1, 0, 3
31, 56, 1, 0, 3
31, 56, 1, 0, 3
31, 56, 1, 0, 3
31, 56, 1, 0, 3
31, 56, 1, 0, 3
31, 56, 1, 0, 3
31, 56, 1, 0, 3
31, 56, 1, 0, 3
31, 56, 1, 0, 3
31, 56, 1, 0, 3
31, 56, 1, 0, 3
31, 56, 1, 0, 3
31, 56, 1, 0, 3
31, 56, 1, 0, 3
31, 56, 1, 0, 3
31, 56, 1, 0, 3
31, 56, 1, 0, 3
31, 56, 1, 0, 3
31, 56, 1, 0, 3
31, 56, 1, 0, 3
31, 56, 1, 0, 3
31, 56, 1, 0, 3
31, 56, 1, 0, 3
31, 56, 1, 0, 3
31, 56, 1, 0, 3
31, 56, 1, 0, 3
31, 56, 1, 0, 3
31, 56, 1, 0, 3
31, 56, 1, 0, 3
31, 56, 1, 0, 3
31, 56, 1, 0, 3
31, 56, 1, 0, 3
31, 56, 1, 0, 3
31, 56, 1, 0, 3
31, 56, 1, 0, 3
31, 56, 1, 0, 3
31, 56, 1, 0, 3
31, 56, 1, 0, 3
31, 56, 1, 0, 3
31, 56, 1, 0, 3
31, 56, 1, 0, 3
31, 56, 1, 0, 3
31, 56, 1, 0, 3
31, 56, 1, 0, 3
31, 56, 1, 0, 3
31, 56, 1, 0, 3
31, 56, 1, 0, 3
31, 56, 1, 0, 3
31, 56, 1, 0, 3
31, 56, 1, 0, 3
31, 56, 1, 0, 3
32, 15, 0, 1, 2
32, 15, 0, 1, 2
32, 15, 0, 1, 2
32, 15, 0, 1, 2
32, 15, 0, 1, 2
32, 15, 0, 1, 2
32, 15, 0, 1, 2
32, 15, 0, 1, 2
32, 15, 0, 1, 2
32, 15, 0, 1, 2
32, 15, 0, 1, 2
32, 15, 0, 1, 2
32, 15, 0, 1, 2
32, 15, 0, 1, 2
32, 15, 0, 1, 2
32, 60, 1, 0, 3
32, 60, 1, 0, 3
32, 60, 1, 0, 3
32, 60, 1, 0, 3
32, 60, 1, 0, 3
32, 60, 1, 0, 3
32, 60, 1, 0, 3
32, 60, 1, 0, 3
32, 60, 1, 0, 3
32, 60, 1, 0, 3
32, 60, 1, 0, 3
32, 60, 1, 0, 3
32, 60, 1, 0, 3
32, 60, 1, 0, 3
32, 60, 1, 0, 3
32, 60, 1, 0, 3
32, 60, 1, 0, 3
32, 60, 1, 0, 3
32, 60, 1, 0, 3
32, 60, 1, 0, 3
32, 60, 1, 0, 3
32, 60, 1, 0, 3
32, 60, 1, 0, 3
32, 60, 1, 0, 3
32, 60, 1, 0, 3
32, 60, 1, 0, 3
32, 60, 1, 0, 3
32, 60, 1, 0, 3
32, 60, 1, 0, 3
32, 60, 1, 0, 3
32, 60, 1, 0, 3
32, 60, 1, 0, 3
32, 60, 1, 0, 3
32, 60, 1, 0, 3
32, 60, 1, 0, 3
32, 60, 1, 0, 3
32, 60, 1, 0, 3
32, 60, 1, 0, 3
32, 60, 1, 0, 3
32, 60, 1, 0, 3
32, 60, 1, 0, 3
32, 60, 1, 0, 3
32, 60, 1, 0, 3
32, 60, 1, 0, 3
32, 60, 1, 0, 3
32, 60, 1, 0, 3
32, 60, 1, 0, 3
32, 60, 1, 0, 3
32, 60, 1, 0, 3
32, 60, 1, 0, 3
32, 60, 1, 0, 3
32, 60, 1, 0, 3
32, 60, 1, 0, 3
32, 60, 1, 0, 3
32, 60, 1, 0, 3
32, 60, 1, 0, 3
32, 60, 1, 0, 3
32, 60, 1, 0, 3
32, 60, 1, 0, 3
32, 60, 1, 0, 3
33, 7, 0, 1, 2
33, 7, 0, 1, 2
33, 7, 0, 1, 2
33, 7, 0, 1, 2
33, 7, 0, 1, 2
33, 7, 0, 1, 2
33, 7, 0, 1, 2
33, 42, 1, 0, 3
33, 42, 1, 0, 3
33, 42, 1, 0, 3
33, 42, 1, 0, 3
33, 42, 1, 0, 3
33, 42, 1, 0, 3
33, 42, 1, 0, 3
33, 42, 1, 0, 3
33, 42, 1, 0, 3
33, 42, 1, 0, 3
33, 42, 1, 0, 3
33, 42, 1, 0, 3
33, 42, 1, 0, 3
33, 42, 1, 0, 3
33, 42, 1, 0, 3
33, 42, 1, 0, 3
33, 42, 1, 0, 3
33, 42, 1, 0, 3
33, 42, 1, 0, 3
33, 42, 1, 0, 3
33, 42, 1, 0, 3
33, 42, 1, 0, 4
33, 42, 1, 0, 4
33, 42, 1, 0, 4
33, 42, 1, 0, 4
33, 42, 1, 0, 4
33, 42, 1, 0, 4
33, 42, 1, 0, 4
33, 42, 1, 0, 4
33, 42, 1, 0, 4
33, 42, 1, 0, 4
33, 42, 1, 0, 4
33, 42, 1, 0, 4
33, 42, 1, 0, 4
33, 42, 1, 0, 4
33, 42, 1, 0, 4
33, 42, 1, 0, 4
33, 42, 1, 0, 4
33, 42, 1, 0, 4
33, 42, 1, 0, 4
33, 42, 1, 0, 4
33, 42, 1, 0, 4
34, 16, 0, 2, 2
34, 16, 0, 2, 3
34, 16, 0, 2, 3
34, 16, 0, 2, 3
34, 16, 0, 2, 4
34, 16, 0, 2, 4
34, 16, 0, 2, 4
34, 16, 0, 3, 3
34, 16, 0, 3, 3
34, 16, 0, 3, 3
34, 16, 0, 4, 2
34, 16, 0, 5, 3
34, 16, 0, 5, 3
34, 16, 0, 5, 3
34, 16, 0, 5, 4
34, 16, 0, 5, 4
34, 16, 1, 3, 2
34, 16, 1, 3, 3
34, 16, 1, 3, 3
34, 16, 1, 3, 3
34, 16, 1, 3, 4
34, 16, 1, 3, 4
34, 16, 1, 3, 4
34, 16, 1, 4, 3
34, 16, 1, 4, 3
34, 16, 1, 4, 3
34, 16, 1, 5, 2
34, 16, 1, 6, 3
34, 16, 1, 6, 3
34, 16, 1, 6, 3
34, 16, 1, 6, 4
34, 16, 1, 6, 4
34, 18, 2, 0, 2
34, 18, 2, 0, 2
34, 18, 2, 4, 2
34, 18, 2, 4, 3
34, 18, 2, 4, 3
34, 18, 2, 4, 3
34, 18, 2, 4, 4
34, 18, 2, 4, 4
34, 18, 2, 4, 4
34, 18, 2, 5, 3
34, 18, 2, 5, 3
34, 18, 2, 5, 3
34, 18, 2, 6, 2
34, 18, 2, 7, 3
34, 18, 2, 7, 3
34, 18, 2, 7, 3
34, 18, 2, 7, 4
34, 18, 2, 7, 4
34, 19, 3, 0, 2
34, 19, 3, 1, 2
34, 19, 3, 1, 2
34, 19, 3, 5, 2
34, 19, 3, 5, 3
34, 19, 3, 5, 3
34, 19, 3, 5, 3
34, 19, 3, 5, 4
34, 19, 3, 5, 4
34, 19, 3, 5, 4
34, 19, 3, 6, 3
34, 19, 3, 6, 3
34, 19, 3, 6, 3
34, 19, 3, 7, 2
34, 19, 3, 8, 3
34, 19, 3, 8, 3
34, 19, 3, 8, 3
34, 19, 3, 8, 4
34, 19, 3, 8, 4
34, 15, 4, 0, 2
34, 15, 4, 1, 2
34, 15, 4, 2, 2
34, 15, 4, 2, 2
34, 15, 4, 6, 2
34, 15, 4, 6, 3
34, 15, 4, 6, 3
34, 15, 4, 6, 3
34, 15, 4, 6, 4
34, 15, 4, 6, 4
34, 15, 4, 6, 4
34, 15, 4, 7, 3
34, 15, 4, 7, 3
34, 15, 4, 7, 3
34, 15, 4, 8, 2
34, 15, 5, 0, 2
34, 15, 5, 1, 2
34, 15, 5, 2, 2
34, 15, 5, 3, 2
34, 15, 5, 3, 2
34, 15, 5, 7, 2
34, 15, 5, 7, 3
34, 15, 5, 7, 3
34, 15, 5, 7, 3
34, 15, 5, 7, 4
34, 15, 5, 7, 4
34, 15, 5, 7, 4
34, 15, 5, 8, 3
34, 15, 5, 8, 3
34, 15, 5, 8, 3
34, 12, 6, 1, 2
34, 12, 6, 2, 2
34, 12, 6, 3, 2
34, 12, 6, 4, 2
34, 12, 6, 4, 2
34, 12, 6, 8, 2
34, 12, 6, 8, 3
34, 12, 6, 8, 3
34, 12, 6, 8, 3
34, 12, 6, 8, 4
34, 12, 6, 8, 4
34, 12, 6, 8, 4
34, 5, 7, 2, 2
34, 5, 7, 3, 2
34, 5, 7, 4, 2
34, 5, 7, 5, 2
34, 5, 7, 5, 2
34, 5, 8, 3, 2
34, 5, 8, 4, 2
34, 5, 8, 5, 2
34, 5, 8, 6, 2
34, 5, 8, 6, 2
35, 7, 0, 1, 2
35, 7, 0, 1, 2
35, 7, 0, 1, 2
35, 7, 0, 1, 2
35, 7, 0, 1, 2
35, 7, 0, 1, 2
35, 7, 0, 1, 2
35, 42, 1, 0, 3
35, 42, 1, 0, 3
35, 42, 1, 0, 3
35, 42, 1, 0, 3
35, 42, 1, 0, 3
35, 42, 1, 0, 3
35, 42, 1, 0, 3
35, 42, 1, 0, 3
35, 42, 1, 0, 3
35, 42, 1, 0, 3
35, 42, 1, 0, 3
35, 42, 1, 0, 3
35, 42, 1, 0, 3
35, 42, 1, 0, 3
35, 42, 1, 0, 3
35, 42, 1, 0, 3
35, 42, 1, 0, 3
35, 42, 1, 0, 3
35, 42, 1, 0, 3
35, 42, 1, 0, 3
35, 42, 1, 0, 3
35, 42, 1, 0, 4
35, 42, 1, 0, 4
35, 42, 1, 0, 4
35, 42, 1, 0, 4
35, 42, 1, 0, 4
35, 42, 1, 0, 4
35, 42, 1, 0, 4
35, 42, 1, 0, 4
35, 42, 1, 0, 4
35, 42, 1, 0, 4
35, 42, 1, 0, 4
35, 42, 1, 0, 4
35, 42, 1, 0, 4
35, 42, 1, 0, 4
35, 42, 1, 0, 4
35, 42, 1, 0, 4
35, 42, 1, 0, 4
35, 42, 1, 0, 4
35, 42, 1, 0, 4
35, 42, 1, 0, 4
35, 42, 1, 0, 4
36, 20, 0, 2, 3
36, 20, 0, 2, 3
36, 20, 0, 2, 3
36, 20, 0, 2, 3
36, 20, 0, 2, 3
36, 20, 0, 2, 3
36, 20, 0, 2, 4
36, 20, 0, 2, 4
36, 20, 0, 2, 4
36, 20, 0, 3, 3
36, 20, 0, 3, 3
36, 20, 0, 3, 3
36, 20, 0, 4, 3
36, 20, 0, 4, 3
36, 20, 0, 4, 3
36, 20, 0, 5, 3
36, 20, 0, 5, 3
36, 20, 0, 5, 3
36, 20, 0, 5, 4
36, 20, 0, 5, 4
36, 20, 1, 3, 3
36, 20, 1, 3, 3
36, 20, 1, 3, 3
36, 20, 1, 3, 3
36, 20, 1, 3, 3
36, 20, 1, 3, 3
36, 20, 1, 3, 4
36, 20, 1, 3, 4
36, 20, 1, 3, 4
36, 20, 1, 4, 3
36, 20, 1, 4, 3
36, 20, 1, 4, 3
36, 20, 1, 5, 3
36, 20, 1, 5, 3
36, 20, 1, 5, 3
36, 20, 1, 6, 3
36, 20, 1, 6, 3
36, 20, 1, 6, 3
36, 20, 1, 6, 4
36, 20, 1, 6, 4
36, 22, 2, 0, 2
36, 22, 2, 0, 2
36, 22, 2, 4, 3
36, 22, 2, 4, 3
36, 22, 2, 4, 3
36, 22, 2, 4, 3
36, 22, 2, 4, 3
36, 22, 2, 4, 3
36, 22, 2, 4, 4
36, 22, 2, 4, 4
36, 22, 2, 4, 4
36, 22, 2, 5, 3
36, 22, 2, 5, 3
36, 22, 2, 5, 3
36, 22, 2, 6, 3
36, 22, 2, 6, 3
36, 22, 2, 6, 3
36, 22, 2, 7, 3
36, 22, 2, 7, 3
36, 22, 2, 7, 3
36, 22, 2, 7, 4
36, 22, 2, 7, 4
36, 23, 3, 0, 2
36, 23, 3, 1, 2
36, 23, 3, 1, 2
36, 23, 3, 5, 3
36, 23, 3, 5, 3
36, 23, 3, 5, 3
36, 23, 3, 5, 3
36, 23, 3, 5, 3
36, 23, 3, 5, 3
36, 23, 3, 5, 4
36, 23, 3, 5, 4
36, 23, 3, 5, 4
36, 23, 3, 6, 3
36, 23, 3, 6, 3
36, 23, 3, 6, 3
36, 23, 3, 7, 3
36, 23, 3, 7, 3
36, 23, 3, 7, 3
36, 23, 3, 8, 3
36, 23, 3, 8, 3
36, 23, 3, 8, 3
36, 23, 3, 8, 4
36, 23, 3, 8, 4
36, 19, 4, 0, 2
36, 19, 4, 1, 2
36, 19, 4, 2, 2
36, 19, 4, 2, 2
36, 19, 4, 6, 3
36, 19, 4, 6, 3
36, 19, 4, 6, 3
36, 19, 4, 6, 3
36, 19, 4, 6, 3
36, 19, 4, 6, 3
36, 19, 4, 6, 4
36, 19, 4, 6, 4
36, 19, 4, 6, 4
36, 19, 4, 7, 3
36, 19, 4, 7, 3
36, 19, 4, 7, 3
36, 19, 4, 8, 3
36, 19, 4, 8, 3
36, 19, 4, 8, 3
36, 17, 5, 0, 2
36, 17, 5, 1, 2
36, 17, 5, 2, 2
36, 17, 5, 3, 2
36, 17, 5, 3, 2
36, 17, 5, 7, 3
36, 17, 5, 7, 3
36, 17, 5, 7, 3
36, 17, 5, 7, 3
36, 17, 5, 7, 3
36, 17, 5, 7, 3
36, 17, 5, 7, 4
36, 17, 5, 7, 4
36, 17, 5, 7, 4
36, 17, 5, 8, 3
36, 17, 5, 8, 3
36, 17, 5, 8, 3
36, 14, 6, 1, 2
36, 14, 6, 2, 2
36, 14, 6, 3, 2
36, 14, 6, 4, 2
36, 14, 6, 4, 2
36, 14, 6, 8, 3
36, 14, 6, 8, 3
36, 14, 6, 8, 3
36, 14, 6, 8, 3
36, 14, 6, 8, 3
36, 14, 6, 8, 3
36, 14, 6, 8, 4
36, 14, 6, 8, 4
36, 14, 6, 8, 4
36, 5, 7, 2, 2
36, 5, 7, 3, 2
36, 5, 7, 4, 2
36, 5, 7, 5, 2
36, 5, 7, 5, 2
36, 5, 8, 3, 2
36, 5, 8, 4, 2
36, 5, 8, 5, 2
36, 5, 8, 6, 2
36, 5, 8, 6, 2
37, 12, 0, 1, 2
37, 12, 0, 1, 2
37, 12, 0, 1, 2
37, 12, 0, 1, 2
37, 12, 0, 1, 2
37, 12, 0, 1, 2
37, 12, 0, 1, 2
37, 12, 0, 1, 2
37, 12, 0, 1, 2
37, 12, 0, 1, 2
37, 12, 0, 1, 2
37, 12, 0, 1, 2
37, 72, 1, 0, 3
37, 72, 1, 0, 3
37, 72, 1, 0, 3
37, 72, 1, 0, 3
37, 72, 1, 0, 3
37, 72, 1, 0, 3
37, 72, 1, 0, 3
37, 72, 1, 0, 3
37, 72, 1, 0, 3
37, 72, 1, 0, 3
37, 72, 1, 0, 3
37, 72, 1, 0, 3
37, 72, 1, 0, 3
37, 72, 1, 0, 3
37, 72, 1, 0, 3
37, 72, 1, 0, 3
37, 72, 1, 0, 3
37, 72, 1, 0, 3
37, 72, 1, 0, 3
37, 72, 1, 0, 3
37, 72, 1, 0, 3
37, 72, 1, 0, 3
37, 72, 1, 0, 3
37, 72, 1, 0, 3
37, 72, 1, 0, 3
37, 72, 1, 0, 3
37, 72, 1, 0, 3
37, 72, 1, 0, 3
37, 72, 1, 0, 3
37, 72, 1, 0, 3
37, 72, 1, 0, 3
37, 72, 1, 0, 3
37, 72, 1, 0, 3
37, 72, 1, 0, 3
37, 72, 1, 0, 3
37, 72, 1, 0, 3
37, 72, 1, 0, 3
37, 72, 1, 0, 3
37, 72, 1, 0, 3
37, 72, 1, 0, 3
37, 72, 1, 0, 3
37, 72, 1, 0, 3
37, 72, 1, 0, 3
37, 72, 1, 0, 3
37, 72, 1, 0, 3
37, 72, 1, 0, 3
37, 72, 1, 0, 3
37, 72, 1, 0, 3
37, 72, 1, 0, 4
37, 72, 1, 0, 4
37, 72, 1, 0, 4
37, 72, 1, 0, 4
37, 72, 1, 0, 4
37, 72, 1, 0, 4
37, 72, 1, 0, 4
37, 72, 1, 0, 4
37, 72, 1, 0, 4
37, 72, 1, 0, 4
37, 72, 1, 0, 4
37, 72, 1, 0, 4
37, 72, 1, 0, 4
37, 72, 1, 0, 4
37, 72, 1, 0, 4
37, 72, 1, 0, 4
37, 72, 1, 0, 4
37, 72, 1, 0, 4
37, 72, 1, 0, 4
37, 72, 1, 0, 4
37, 72, 1, 0, 4
37, 72, 1, 0, 4
37, 72, 1, 0, 4
37, 72, 1, 0, 4
38, 15, 0, 1, 2
38, 15, 0, 1, 2
38, 15, 0, 1, 2
38, 15, 0, 1, 2
38, 15, 0, 1, 2
38, 15, 0, 1, 2
38, 15, 0, 1, 2
38, 15, 0, 1, 2
38, 15, 0, 1, 2
38, 15, 0, 1, 2
38, 15, 0, 1, 2
38, 15, 0, 1, 2
38, 15, 0, 1, 2
38, 15, 0, 1, 2
38, 15, 0, 1, 2
38, 105, 1, 0, 3
38, 105, 1, 0, 3
38, 105, 1, 0, 3
38, 105, 1, 0, 3
38, 105, 1, 0, 3
38, 105, 1, 0, 3
38, 105, 1, 0, 3
38, 105, 1, 0, 3
38, 105, 1, 0, 3
38, 105, 1, 0, 3
38, 105, 1, 0, 3
38, 105, 1, 0, 3
38, 105, 1, 0, 3
38, 105, 1, 0, 3
38, 105, 1, 0, 3
38, 105, 1, 0, 3
38, 105, 1, 0, 3
38, 105, 1, 0, 3
38, 105, 1, 0, 3
38, 105, 1, 0, 3
38, 105, 1, 0, 3
38, 105, 1, 0, 3
38, 105, 1, 0, 3
38, 105, 1, 0, 3
38, 105, 1, 0, 3
38, 105, 1, 0, 3
38, 105, 1, 0, 3
38, 105, 1, 0, 3
38, 105, 1, 0, 3
38, 105, 1, 0, 3
38, 105, 1, 0, 3
38, 105, 1, 0, 3
38, 105, 1, 0, 3
38, 105, 1, 0, 3
38, 105, 1, 0, 3
38, 105, 1, 0, 3
38, 105, 1, 0, 3
38, 105, 1, 0, 3
38, 105, 1, 0, 3
38, 105, 1, 0, 3
38, 105, 1, 0, 3
38, 105, 1, 0, 3
38, 105, 1, 0, 3
38, 105, 1, 0, 3
38, 105, 1, 0, 3
38, 105, 1, 0, 3
38, 105, 1, 0, 3
38, 105, 1, 0, 3
38, 105, 1, 0, 3
38, 105, 1, 0, 3
38, 105, 1, 0, 3
38, 105, 1, 0, 3
38, 105, 1, 0, 3
38, 105, 1, 0, 3
38, 105, 1, 0, 3
38, 105, 1, 0, 3
38, 105, 1, 0, 3
38, 105, 1, 0, 3
38, 105, 1, 0, 3
38, 105, 1, 0, 3
38, 105, 1, 0, 4
38, 105, 1, 0, 4
38, 105, 1, 0, 4
38, 105, 1, 0, 4
38, 105, 1, 0, 4
38, 105, 1, 0, 4
38, 105, 1, 0, 4
38, 105, 1, 0, 4
38, 105, 1, 0, 4
38, 105, 1, 0, 4
38, 105, 1, 0, 4
38, 105, 1, 0, 4
38, 105, 1, 0, 4
38, 105, 1, 0, 4
38, 105, 1, 0, 4
38, 105, 1, 0, 4
38, 105, 1, 0, 4
38, 105, 1, 0, 4
38, 105, 1, 0, 4
38, 105, 1, 0, 4
38, 105, 1, 0, 4
38, 105, 1, 0, 4
38, 105, 1, 0, 4
38, 105, 1, 0, 4
38, 105, 1, 0, 4
38, 105, 1, 0, 4
38, 105, 1, 0, 4
38, 105, 1, 0, 4
38, 105, 1, 0, 4
38, 105, 1, 0, 4
38, 105, 1, 0, 4
38, 105, 1, 0, 4
38, 105, 1, 0, 4
38, 105, 1, 0, 4
38, 105, 1, 0, 4
38, 105, 1, 0, 4
38, 105, 1, 0, 4
38, 105, 1, 0, 4
38, 105, 1, 0, 4
38, 105, 1, 0, 4
38, 105, 1, 0, 4
38, 105, 1, 0, 4
38, 105, 1, 0, 4
38, 105, 1, 0, 4
38, 105, 1, 0, 4
39, 25, 0, 9, 3
39, 25, 0, 9, 3
39, 25, 0, 9, 3
39, 25, 0, 9, 3
39, 25, 0, 9, 3
39, 25, 0, 9, 3
39, 25, 0, 9, 3
39, 25, 0, 9, 3
39, 25, 0, 9, 4
39, 25, 0, 9, 4
39, 25, 0, 9, 4
39, 25, 0, 10, 3
39, 25, 0, 10, 3
39, 25, 0, 10, 3
39, 25, 0, 10, 3
39, 25, 0, 11, 3
39, 25, 0, 11, 3
39, 25, 0, 11, 3
39, 25, 0, 11, 3
39, 25, 0, 12, 3
39, 25, 0, 12, 3
39, 25, 0, 12, 3
39, 25, 0, 12, 3
39, 25, 0, 12, 4
39, 25, 0, 12, 4
39, 25, 1, 10, 3
39, 25, 1, 10, 3
39, 25, 1, 10, 3
39, 25, 1, 10, 3
39, 25, 1, 10, 3
39, 25, 1, 10, 3
39, 25, 1, 10, 3
39, 25, 1, 10, 3
39, 25, 1, 10, 4
39, 25, 1, 10, 4
39, 25, 1, 10, 4
39, 25, 1, 11, 3
39, 25, 1, 11, 3
39, 25, 1, 11, 3
39, 25, 1, 11, 3
39, 25, 1, 12, 3
39, 25, 1, 12, 3
39, 25, 1, 12, 3
39, 25, 1, 12, 3
39, 25, 1, 13, 3
39, 25, 1, 13, 3
39, 25, 1, 13, 3
39, 25, 1, 13, 3
39, 25, 1, 13, 4
39, 25, 1, 13, 4
39, 30, 2, 4, 3
39, 30, 2, 4, 3
39, 30, 2, 4, 3
39, 30, 2, 4, 3
39, 30, 2, 4, 3
39, 30, 2, 4, 3
39, 30, 2, 4, 3
39, 30, 2, 4, 3
39, 30, 2, 4, 4
39, 30, 2, 4, 4
39, 30, 2, 4, 4
39, 30, 2, 5, 3
39, 30, 2, 5, 3
39, 30, 2, 5, 3
39, 30, 2, 5, 3
39, 30, 2, 6, 3
39, 30, 2, 6, 3
39, 30, 2, 6, 3
39, 30, 2, 6, 3
39, 30, 2, 7, 3
39, 30, 2, 7, 3
39, 30, 2, 7, 3
39, 30, 2, 7, 3
39, 30, 2, 7, 4
39, 30, 2, 7, 4
39, 30, 2, 12, 2
39, 30, 2, 13, 2
39, 30, 2, 14, 2
39, 30, 2, 15, 2
39, 30, 2, 15, 2
39, 30, 3, 5, 3
39, 30, 3, 5, 3
39, 30, 3, 5, 3
39, 30, 3, 5, 3
39, 30, 3, 5, 3
39, 30, 3, 5, 3
39, 30, 3, 5, 3
39, 30, 3, 5, 3
39, 30, 3, 5, 4
39, 30, 3, 5, 4
39, 30, 3, 5, 4
39, 30, 3, 6, 3
39, 30, 3, 6, 3
39, 30, 3, 6, 3
39, 30, 3, 6, 3
39, 30, 3, 7, 3
39, 30, 3, 7, 3
39, 30, 3, 7, 3
39, 30, 3, 7, 3
39, 30, 3, 8, 3
39, 30, 3, 8, 3
39, 30, 3, 8, 3
39, 30, 3, 8, 3
39, 30, 3, 8, 4
39, 30, 3, 8, 4
39, 30, 3, 13, 2
39, 30, 3, 14, 2
39, 30, 3, 15, 2
39, 30, 3, 16, 2
39, 30, 3, 16, 2
39, 24, 4, 2, 2
39, 24, 4, 2, 2
39, 24, 4, 6, 3
39, 24, 4, 6, 3
39, 24, 4, 6, 3
39, 24, 4, 6, 3
39, 24, 4, 6, 3
39, 24, 4, 6, 3
39, 24, 4, 6, 3
39, 24, 4, 6, 3
39, 24, 4, 6, 4
39, 24, 4, 6, 4
39, 24, 4, 6, 4
39, 24, 4, 7, 3
39, 24, 4, 7, 3
39, 24, 4, 7, 3
39, 24, 4, 7, 3
39, 24, 4, 8, 3
39, 24, 4, 8, 3
39, 24, 4, 8, 3
39, 24, 4, 8, 3
39, 24, 4, 14, 2
39, 24, 4, 15, 2
39, 24, 4, 16, 2
39, 20, 5, 2, 2
39, 20, 5, 3, 2
39, 20, 5, 3, 2
39, 20, 5, 7, 3
39, 20, 5, 7, 3
39, 20, 5, 7, 3
39, 20, 5, 7, 3
39, 20, 5, 7, 3
39, 20, 5, 7, 3
39, 20, 5, 7, 3
39, 20, 5, 7, 3
39, 20, 5, 7, 4
39, 20, 5, 7, 4
39, 20, 5, 7, 4
39, 20, 5, 8, 3
39, 20, 5, 8, 3
39, 20, 5, 8, 3
39, 20, 5, 8, 3
39, 20, 5, 15, 2
39, 20, 5, 16, 2
39, 16, 6, 2, 2
39, 16, 6, 3, 2
39, 16, 6, 4, 2
39, 16, 6, 4, 2
39, 16, 6, 8, 3
39, 16, 6, 8, 3
39, 16, 6, 8, 3
39, 16, 6, 8, 3
39, 16, 6, 8, 3
39, 16, 6, 8, 3
39, 16, 6, 8, 3
39, 16, 6, 8, 3
39, 16, 6, 8, 4
39, 16, 6, 8, 4
39, 16, 6, 8, 4
39, 16, 6, 16, 2
39, 5, 7, 2, 2
39, 5, 7, 3, 2
39, 5, 7, 4, 2
39, 5, 7, 5, 2
39, 5, 7, 5, 2
39, 5, 8, 3, 2
39, 5, 8, 4, 2
39, 5, 8, 5, 2
39, 5, 8, 6, 2
39, 5, 8, 6, 2
39, 27, 9, 0, 2
39, 27, 9, 0, 2
39, 27, 9, 11, 3
39, 27, 9, 11, 3
39, 27, 9, 11, 3
39, 27, 9, 11, 3
39, 27, 9, 11, 3
39, 27, 9, 11, 3
39, 27, 9, 11, 3
39, 27, 9, 11, 3
39, 27, 9, 11, 4
39, 27, 9, 11, 4
39, 27, 9, 11, 4
39, 27, 9, 12, 3
39, 27, 9, 12, 3
39, 27, 9, 12, 3
39, 27, 9, 12, 3
39, 27, 9, 13, 3
39, 27, 9, 13, 3
39, 27, 9, 13, 3
39, 27, 9, 13, 3
39, 27, 9, 14, 3
39, 27, 9, 14, 3
39, 27, 9, 14, 3
39, 27, 9, 14, 3
39, 27, 9, 14, 4
39, 27, 9, 14, 4
39, 28, 10, 0, 2
39, 28, 10, 1, 2
39, 28, 10, 1, 2
39, 28, 10, 12, 3
39, 28, 10, 12, 3
39, 28, 10, 12, 3
39, 28, 10, 12, 3
39, 28, 10, 12, 3
39, 28, 10, 12, 3
39, 28, 10, 12, 3
39, 28, 10, 12, 3
39, 28, 10, 12, 4
39, 28, 10, 12, 4
39, 28, 10, 12, 4
39, 28, 10, 13, 3
39, 28, 10, 13, 3
39, 28, 10, 13, 3
39, 28, 10, 13, 3
39, 28, 10, 14, 3
39, 28, 10, 14, 3
39, 28, 10, 14, 3
39, 28, 10, 14, 3
39, 28, 10, 15, 3
39, 28, 10, 15, 3
39, 28, 10, 15, 3
39, 28, 10, 15, 3
39, 28, 10, 15, 4
39, 28, 10, 15, 4
39, 29, 11, 0, 2
39, 29, 11, 1, 2
39, 29, 11, 9, 2
39, 29, 11, 9, 2
39, 29, 11, 13, 3
39, 29, 11, 13, 3
39, 29, 11, 13, 3
39, 29, 11, 13, 3
39, 29, 11, 13, 3
39, 29, 11, 13, 3
39, 29, 11, 13, 3
39, 29, 11, 13, 3
39, 29, 11, 13, 4
39, 29, 11, 13, 4
39, 29, 11, 13, 4
39, 29, 11, 14, 3
39, 29, 11, 14, 3
39, 29, 11, 14, 3
39, 29, 11, 14, 3
39, 29, 11, 15, 3
39, 29, 11, 15, 3
39, 29, 11, 15, 3
39, 29, 11, 15, 3
39, 29, 11, 16, 3
39, 29, 11, 16, 3
39, 29, 11, 16, 3
39, 29, 11, 16, 3
39, 29, 11, 16, 4
39, 29, 11, 16, 4
39, 30, 12, 0, 2
39, 30, 12, 1, 2
39, 30, 12, 2, 3
39, 30, 12, 2, 3
39, 30, 12, 2, 3
39, 30, 12, 2, 3
39, 30, 12, 2, 4
39, 30, 12, 2, 4
39, 30, 12, 9, 2
39, 30, 12, 10, 2
39, 30, 12, 10, 2
39, 30, 12, 14, 3
39, 30, 12, 14, 3
39, 30, 12, 14, 3
39, 30, 12, 14, 3
39, 30, 12, 14, 3
39, 30, 12, 14, 3
39, 30, 12, 14, 3
39, 30, 12, 14, 3
39, 30, 12, 14, 4
39, 30, 12, 14, 4
39, 30, 12, 14, 4
39, 30, 12, 15, 3
39, 30, 12, 15, 3
39, 30, 12, 15, 3
39, 30, 12, 15, 3
39, 30, 12, 16, 3
39, 30, 12, 16, 3
39, 30, 12, 16, 3
39, 30, 12, 16, 3
39, 30, 13, 1, 2
39, 30, 13, 2, 3
39, 30, 13, 2, 3
39, 30, 13, 2, 3
39, 30, 13, 2, 3
39, 30, 13, 3, 3
39, 30, 13, 3, 3
39, 30, 13, 3, 3
39, 30, 13, 3, 3
39, 30, 13, 3, 4
39, 30, 13, 3, 4
39, 30, 13, 9, 2
39, 30, 13, 10, 2
39, 30, 13, 11, 2
39, 30, 13, 11, 2
39, 30, 13, 15, 3
39, 30, 13, 15, 3
39, 30, 13, 15, 3
39, 30, 13, 15, 3
39, 30, 13, 15, 3
39, 30, 13, 15, 3
39, 30, 13, 15, 3
39, 30, 13, 15, 3
39, 30, 13, 15, 4
39, 30, 13, 15, 4
39, 30, 13, 15, 4
39, 30, 13, 16, 3
39, 30, 13, 16, 3
39, 30, 13, 16, 3
39, 30, 13, 16, 3
39, 30, 14, 2, 3
39, 30, 14, 2, 3
39, 30, 14, 2, 3
39, 30, 14, 2, 3
39, 30, 14, 3, 3
39, 30, 14, 3, 3
39, 30, 14, 3, 3
39, 30, 14, 3, 3
39, 30, 14, 4, 3
39, 30, 14, 4, 3
39, 30, 14, 4, 3
39, 30, 14, 4, 3
39, 30, 14, 4, 4
39, 30, 14, 4, 4
39, 30, 14, 9, 2
39, 30, 14, 10, 2
39, 30, 14, 11, 2
39, 30, 14, 12, 2
39, 30, 14, 12, 2
39, 30, 14, 16, 3
39, 30, 14, 16, 3
39, 30, 14, 16, 3
39, 30, 14, 16, 3
39, 30, 14, 16, 3
39, 30, 14, 16, 3
39, 30, 14, 16, 3
39, 30, 14, 16, 3
39, 30, 14, 16, 4
39, 30, 14, 16, 4
39, 30, 14, 16, 4
39, 30, 15, 2, 3
39, 30, 15, 2, 3
39, 30, 15, 2, 3
39, 30, 15, 2, 3
39, 30, 15, 2, 3
39, 30, 15, 2, 3
39, 30, 15, 2, 3
39, 30, 15, 2, 3
39, 30, 15, 2, 4
39, 30, 15, 2, 4
39, 30, 15, 2, 4
39, 30, 15, 3, 3
39, 30, 15, 3, 3
39, 30, 15, 3, 3
39, 30, 15, 3, 3
39, 30, 15, 4, 3
39, 30, 15, 4, 3
39, 30, 15, 4, 3
39, 30, 15, 4, 3
39, 30, 15, 5, 3
39, 30, 15, 5, 3
39, 30, 15, 5, 3
39, 30, 15, 5, 3
39, 30, 15, 5, 4
39, 30, 15, 5, 4
39, 30, 15, 10, 2
39, 30, 15, 11, 2
39, 30, 15, 12, 2
39, 30, 15, 13, 2
39, 30, 15, 13, 2
39, 30, 16, 3, 3
39, 30, 16, 3, 3
39, 30, 16, 3, 3
39, 30, 16, 3, 3
39, 30, 16, 3, 3
39, 30, 16, 3, 3
39, 30, 16, 3, 3
39, 30, 16, 3, 3
39, 30, 16, 3, 4
39, 30, 16, 3, 4
39, 30, 16, 3, 4
39, 30, 16, 4, 3
39, 30, 16, 4, 3
39, 30, 16, 4, 3
39, 30, 16, 4, 3
39, 30, 16, 5, 3
39, 30, 16, 5, 3
39, 30, 16, 5, 3
39, 30, 16, 5, 3
39, 30, 16, 6, 3
39, 30, 16, 6, 3
39, 30, 16, 6, 3
39, 30, 16, 6, 3
39, 30, 16, 6, 4
39, 30, 16, 6, 4
39, 30, 16, 11, 2
39, 30, 16, 12, 2
39, 30, 16, 13, 2
39, 30, 16, 14, 2
39, 30, 16, 14, 2
40, 1, 1, 0, 2
Goal
40
