CG
33
0, 2, 22, 1
0, 2, 21, 1
1, 2, 32, 1
1, 2, 14, 1
2, 5, 32, 1
2, 5, 30, 1
2, 5, 29, 1
2, 5, 27, 1
2, 5, 22, 1
3, 2, 31, 1
3, 2, 18, 1
4, 2, 24, 1
4, 2, 21, 1
5, 4, 26, 1
5, 4, 20, 1
5, 4, 17, 1
5, 4, 13, 1
6, 3, 26, 1
6, 3, 19, 1
6, 3, 16, 1
7, 2, 25, 1
7, 2, 23, 1
8, 4, 29, 1
8, 4, 28, 1
8, 4, 19, 1
8, 4, 14, 1
9, 3, 20, 1
9, 3, 18, 1
9, 3, 13, 1
10, 2, 30, 1
10, 2, 23, 1
11, 2, 28, 1
11, 2, 17, 1
12, 3, 31, 1
12, 3, 24, 1
12, 3, 16, 1
15, 2, 27, 1
15, 2, 25, 1
DTG
0, 1, 0, 1, 1
1, 1, 0, 1, 1
2, 1, 0, 1, 1
3, 1, 0, 1, 1
4, 1, 0, 1, 1
5, 1, 0, 1, 1
6, 1, 0, 1, 1
7, 1, 0, 1, 1
8, 1, 0, 1, 1
9, 1, 0, 1, 1
10, 1, 0, 1, 1
11, 1, 0, 1, 1
12, 1, 0, 1, 1
13, 2, 1, 0, 2
13, 2, 1, 0, 2
14, 2, 1, 0, 2
14, 2, 1, 0, 2
15, 1, 1, 0, 1
16, 2, 1, 0, 2
16, 2, 1, 0, 2
17, 2, 1, 0, 2
17, 2, 1, 0, 2
18, 2, 1, 0, 2
18, 2, 1, 0, 2
19, 2, 1, 0, 2
19, 2, 1, 0, 2
20, 2, 1, 0, 2
20, 2, 1, 0, 2
21, 2, 1, 0, 2
21, 2, 1, 0, 2
22, 2, 1, 0, 2
22, 2, 1, 0, 2
23, 2, 1, 0, 2
23, 2, 1, 0, 2
24, 2, 1, 0, 2
24, 2, 1, 0, 2
25, 2, 1, 0, 2
25, 2, 1, 0, 2
26, 2, 1, 0, 2
26, 2, 1, 0, 2
27, 2, 1, 0, 2
27, 2, 1, 0, 2
28, 2, 1, 0, 2
28, 2, 1, 0, 2
29, 2, 1, 0, 2
29, 2, 1, 0, 2
30, 2, 1, 0, 2
30, 2, 1, 0, 2
31, 2, 1, 0, 2
31, 2, 1, 0, 2
32, 2, 1, 0, 2
32, 2, 1, 0, 2
Goal
13
14
15
16
17
18
19
20
21
22
23
24
25
26
27
28
29
30
31
32
