CG
61
0, 2, 45, 30
0, 2, 30, 30
1, 2, 56, 30
1, 2, 30, 30
2, 2, 56, 30
2, 2, 30, 30
3, 2, 54, 30
3, 2, 30, 30
4, 2, 57, 30
4, 2, 30, 30
5, 2, 57, 30
5, 2, 30, 30
6, 2, 51, 30
6, 2, 30, 30
7, 2, 58, 30
7, 2, 30, 30
8, 2, 58, 30
8, 2, 30, 30
9, 2, 60, 30
9, 2, 30, 30
10, 2, 60, 30
10, 2, 30, 30
11, 2, 59, 30
11, 2, 30, 30
12, 2, 59, 30
12, 2, 30, 30
13, 2, 33, 30
13, 2, 30, 30
14, 2, 52, 30
14, 2, 30, 30
15, 2, 53, 30
15, 2, 30, 30
16, 2, 53, 30
16, 2, 30, 30
17, 2, 40, 30
17, 2, 30, 30
18, 2, 42, 30
18, 2, 30, 30
19, 2, 48, 30
19, 2, 30, 30
20, 3, 56, 30
20, 3, 38, 30
20, 3, 30, 60
21, 3, 50, 30
21, 3, 46, 30
21, 3, 30, 60
22, 3, 49, 30
22, 3, 57, 30
22, 3, 30, 60
23, 3, 34, 30
23, 3, 44, 30
23, 3, 30, 60
24, 3, 39, 30
24, 3, 43, 30
24, 3, 30, 60
25, 4, 50, 30
25, 4, 37, 30
25, 4, 55, 30
25, 4, 30, 90
26, 4, 32, 30
26, 4, 35, 30
26, 4, 59, 30
26, 4, 30, 90
27, 4, 52, 30
27, 4, 41, 30
27, 4, 47, 30
27, 4, 30, 90
28, 5, 49, 30
28, 5, 36, 30
28, 5, 54, 30
28, 5, 55, 30
28, 5, 30, 120
29, 5, 31, 30
29, 5, 51, 30
29, 5, 58, 30
29, 5, 60, 30
29, 5, 30, 120
30, 30, 56, 60
30, 30, 49, 60
30, 30, 31, 60
30, 30, 32, 60
30, 30, 33, 60
30, 30, 50, 60
30, 30, 34, 60
30, 30, 57, 60
30, 30, 35, 60
30, 30, 36, 60
30, 30, 37, 60
30, 30, 51, 60
30, 30, 38, 60
30, 30, 52, 60
30, 30, 53, 60
30, 30, 39, 60
30, 30, 54, 60
30, 30, 40, 60
30, 30, 41, 60
30, 30, 42, 60
30, 30, 58, 60
30, 30, 43, 60
30, 30, 44, 60
30, 30, 45, 60
30, 30, 59, 60
30, 30, 55, 60
30, 30, 46, 60
30, 30, 47, 60
30, 30, 48, 60
30, 30, 60, 60
31, 2, 29, 1
31, 2, 30, 60
32, 2, 26, 1
32, 2, 30, 60
33, 2, 13, 1
33, 2, 30, 60
34, 2, 23, 1
34, 2, 30, 60
35, 2, 26, 1
35, 2, 30, 60
36, 2, 28, 1
36, 2, 30, 60
37, 2, 25, 1
37, 2, 30, 60
38, 2, 20, 1
38, 2, 30, 60
39, 2, 24, 1
39, 2, 30, 60
40, 2, 17, 1
40, 2, 30, 60
41, 2, 27, 1
41, 2, 30, 60
42, 2, 18, 1
42, 2, 30, 60
43, 2, 24, 1
43, 2, 30, 60
44, 2, 23, 1
44, 2, 30, 60
45, 2, 0, 1
45, 2, 30, 60
46, 2, 21, 1
46, 2, 30, 60
47, 2, 27, 1
47, 2, 30, 60
48, 2, 19, 1
48, 2, 30, 60
49, 3, 28, 1
49, 3, 22, 1
49, 3, 30, 60
50, 3, 25, 1
50, 3, 21, 1
50, 3, 30, 60
51, 3, 6, 1
51, 3, 29, 1
51, 3, 30, 60
52, 3, 14, 1
52, 3, 27, 1
52, 3, 30, 60
53, 3, 15, 1
53, 3, 16, 1
53, 3, 30, 60
54, 3, 3, 1
54, 3, 28, 1
54, 3, 30, 60
55, 3, 25, 1
55, 3, 28, 1
55, 3, 30, 60
56, 4, 1, 1
56, 4, 20, 1
56, 4, 2, 1
56, 4, 30, 60
57, 4, 4, 1
57, 4, 5, 1
57, 4, 22, 1
57, 4, 30, 60
58, 4, 7, 1
58, 4, 29, 1
58, 4, 8, 1
58, 4, 30, 60
59, 4, 26, 1
59, 4, 11, 1
59, 4, 12, 1
59, 4, 30, 60
60, 4, 9, 1
60, 4, 10, 1
60, 4, 29, 1
60, 4, 30, 60
DTG
0, 1, 1, 0, 2
1, 1, 1, 0, 2
2, 1, 1, 0, 2
3, 1, 1, 0, 2
4, 1, 1, 0, 2
5, 1, 1, 0, 2
6, 1, 1, 0, 2
7, 1, 1, 0, 2
8, 1, 1, 0, 2
9, 1, 1, 0, 2
10, 1, 1, 0, 2
11, 1, 1, 0, 2
12, 1, 1, 0, 2
13, 1, 1, 0, 2
14, 1, 1, 0, 2
15, 1, 1, 0, 2
16, 1, 1, 0, 2
17, 1, 1, 0, 2
18, 1, 1, 0, 2
19, 1, 1, 0, 2
20, 1, 1, 0, 3
21, 1, 1, 0, 3
22, 1, 1, 0, 3
23, 1, 1, 0, 3
24, 1, 1, 0, 3
25, 1, 1, 0, 4
26, 1, 1, 0, 4
27, 1, 1, 0, 4
28, 1, 1, 0, 5
29, 1, 1, 0, 5
30, 31, 0, 1, 1
30, 31, 0, 1, 3
30, 31, 0, 1, 3
30, 31, 0, 1, 3
30, 31, 0, 1, 3
30, 31, 0, 1, 3
30, 31, 0, 1, 3
30, 31, 0, 1, 3
30, 31, 0, 1, 3
30, 31, 0, 1, 3
30, 31, 0, 1, 3
30, 31, 0, 1, 3
30, 31, 0, 1, 3
30, 31, 0, 1, 3
30, 31, 0, 1, 3
30, 31, 0, 1, 3
30, 31, 0, 1, 3
30, 31, 0, 1, 3
30, 31, 0, 1, 3
30, 31, 0, 1, 4
30, 31, 0, 1, 4
30, 31, 0, 1, 4
30, 31, 0, 1, 4
30, 31, 0, 1, 4
30, 31, 0, 1, 4
30, 31, 0, 1, 4
30, 31, 0, 1, 5
30, 31, 0, 1, 5
30, 31, 0, 1, 5
30, 31, 0, 1, 5
30, 31, 0, 1, 5
30, 61, 1, 0, 2
30, 61, 1, 0, 2
30, 61, 1, 0, 2
30, 61, 1, 0, 2
30, 61, 1, 0, 2
30, 61, 1, 0, 2
30, 61, 1, 0, 2
30, 61, 1, 0, 2
30, 61, 1, 0, 2
30, 61, 1, 0, 2
30, 61, 1, 0, 2
30, 61, 1, 0, 2
30, 61, 1, 0, 2
30, 61, 1, 0, 2
30, 61, 1, 0, 2
30, 61, 1, 0, 2
30, 61, 1, 0, 2
30, 61, 1, 0, 2
30, 61, 1, 0, 2
30, 61, 1, 0, 2
30, 61, 1, 0, 2
30, 61, 1, 0, 2
30, 61, 1, 0, 2
30, 61, 1, 0, 2
30, 61, 1, 0, 2
30, 61, 1, 0, 2
30, 61, 1, 0, 2
30, 61, 1, 0, 2
30, 61, 1, 0, 2
30, 61, 1, 0, 2
30, 61, 1, 12, 1
30, 61, 1, 12, 3
30, 61, 1, 12, 3
30, 61, 1, 12, 3
30, 61, 1, 12, 3
30, 61, 1, 12, 3
30, 61, 1, 12, 3
30, 61, 1, 12, 3
30, 61, 1, 12, 3
30, 61, 1, 12, 3
30, 61, 1, 12, 3
30, 61, 1, 12, 3
30, 61, 1, 12, 3
30, 61, 1, 12, 3
30, 61, 1, 12, 3
30, 61, 1, 12, 3
30, 61, 1, 12, 3
30, 61, 1, 12, 3
30, 61, 1, 12, 3
30, 61, 1, 12, 4
30, 61, 1, 12, 4
30, 61, 1, 12, 4
30, 61, 1, 12, 4
30, 61, 1, 12, 4
30, 61, 1, 12, 4
30, 61, 1, 12, 4
30, 61, 1, 12, 5
30, 61, 1, 12, 5
30, 61, 1, 12, 5
30, 61, 1, 12, 5
30, 61, 1, 12, 5
30, 61, 2, 3, 1
30, 61, 2, 3, 3
30, 61, 2, 3, 3
30, 61, 2, 3, 3
30, 61, 2, 3, 3
30, 61, 2, 3, 3
30, 61, 2, 3, 3
30, 61, 2, 3, 3
30, 61, 2, 3, 3
30, 61, 2, 3, 3
30, 61, 2, 3, 3
30, 61, 2, 3, 3
30, 61, 2, 3, 3
30, 61, 2, 3, 3
30, 61, 2, 3, 3
30, 61, 2, 3, 3
30, 61, 2, 3, 3
30, 61, 2, 3, 3
30, 61, 2, 3, 3
30, 61, 2, 3, 4
30, 61, 2, 3, 4
30, 61, 2, 3, 4
30, 61, 2, 3, 4
30, 61, 2, 3, 4
30, 61, 2, 3, 4
30, 61, 2, 3, 4
30, 61, 2, 3, 5
30, 61, 2, 3, 5
30, 61, 2, 3, 5
30, 61, 2, 3, 5
30, 61, 2, 3, 5
30, 61, 2, 30, 2
30, 61, 2, 30, 2
30, 61, 2, 30, 2
30, 61, 2, 30, 2
30, 61, 2, 30, 2
30, 61, 2, 30, 2
30, 61, 2, 30, 2
30, 61, 2, 30, 2
30, 61, 2, 30, 2
30, 61, 2, 30, 2
30, 61, 2, 30, 2
30, 61, 2, 30, 2
30, 61, 2, 30, 2
30, 61, 2, 30, 2
30, 61, 2, 30, 2
30, 61, 2, 30, 2
30, 61, 2, 30, 2
30, 61, 2, 30, 2
30, 61, 2, 30, 2
30, 61, 2, 30, 2
30, 61, 2, 30, 2
30, 61, 2, 30, 2
30, 61, 2, 30, 2
30, 61, 2, 30, 2
30, 61, 2, 30, 2
30, 61, 2, 30, 2
30, 61, 2, 30, 2
30, 61, 2, 30, 2
30, 61, 2, 30, 2
30, 61, 2, 30, 2
30, 61, 3, 2, 2
30, 61, 3, 2, 2
30, 61, 3, 2, 2
30, 61, 3, 2, 2
30, 61, 3, 2, 2
30, 61, 3, 2, 2
30, 61, 3, 2, 2
30, 61, 3, 2, 2
30, 61, 3, 2, 2
30, 61, 3, 2, 2
30, 61, 3, 2, 2
30, 61, 3, 2, 2
30, 61, 3, 2, 2
30, 61, 3, 2, 2
30, 61, 3, 2, 2
30, 61, 3, 2, 2
30, 61, 3, 2, 2
30, 61, 3, 2, 2
30, 61, 3, 2, 2
30, 61, 3, 2, 2
30, 61, 3, 2, 2
30, 61, 3, 2, 2
30, 61, 3, 2, 2
30, 61, 3, 2, 2
30, 61, 3, 2, 2
30, 61, 3, 2, 2
30, 61, 3, 2, 2
30, 61, 3, 2, 2
30, 61, 3, 2, 2
30, 61, 3, 2, 2
30, 61, 3, 4, 1
30, 61, 3, 4, 3
30, 61, 3, 4, 3
30, 61, 3, 4, 3
30, 61, 3, 4, 3
30, 61, 3, 4, 3
30, 61, 3, 4, 3
30, 61, 3, 4, 3
30, 61, 3, 4, 3
30, 61, 3, 4, 3
30, 61, 3, 4, 3
30, 61, 3, 4, 3
30, 61, 3, 4, 3
30, 61, 3, 4, 3
30, 61, 3, 4, 3
30, 61, 3, 4, 3
30, 61, 3, 4, 3
30, 61, 3, 4, 3
30, 61, 3, 4, 3
30, 61, 3, 4, 4
30, 61, 3, 4, 4
30, 61, 3, 4, 4
30, 61, 3, 4, 4
30, 61, 3, 4, 4
30, 61, 3, 4, 4
30, 61, 3, 4, 4
30, 61, 3, 4, 5
30, 61, 3, 4, 5
30, 61, 3, 4, 5
30, 61, 3, 4, 5
30, 61, 3, 4, 5
30, 61, 4, 3, 2
30, 61, 4, 3, 2
30, 61, 4, 3, 2
30, 61, 4, 3, 2
30, 61, 4, 3, 2
30, 61, 4, 3, 2
30, 61, 4, 3, 2
30, 61, 4, 3, 2
30, 61, 4, 3, 2
30, 61, 4, 3, 2
30, 61, 4, 3, 2
30, 61, 4, 3, 2
30, 61, 4, 3, 2
30, 61, 4, 3, 2
30, 61, 4, 3, 2
30, 61, 4, 3, 2
30, 61, 4, 3, 2
30, 61, 4, 3, 2
30, 61, 4, 3, 2
30, 61, 4, 3, 2
30, 61, 4, 3, 2
30, 61, 4, 3, 2
30, 61, 4, 3, 2
30, 61, 4, 3, 2
30, 61, 4, 3, 2
30, 61, 4, 3, 2
30, 61, 4, 3, 2
30, 61, 4, 3, 2
30, 61, 4, 3, 2
30, 61, 4, 3, 2
30, 61, 4, 5, 1
30, 61, 4, 5, 3
30, 61, 4, 5, 3
30, 61, 4, 5, 3
30, 61, 4, 5, 3
30, 61, 4, 5, 3
30, 61, 4, 5, 3
30, 61, 4, 5, 3
30, 61, 4, 5, 3
30, 61, 4, 5, 3
30, 61, 4, 5, 3
30, 61, 4, 5, 3
30, 61, 4, 5, 3
30, 61, 4, 5, 3
30, 61, 4, 5, 3
30, 61, 4, 5, 3
30, 61, 4, 5, 3
30, 61, 4, 5, 3
30, 61, 4, 5, 3
30, 61, 4, 5, 4
30, 61, 4, 5, 4
30, 61, 4, 5, 4
30, 61, 4, 5, 4
30, 61, 4, 5, 4
30, 61, 4, 5, 4
30, 61, 4, 5, 4
30, 61, 4, 5, 5
30, 61, 4, 5, 5
30, 61, 4, 5, 5
30, 61, 4, 5, 5
30, 61, 4, 5, 5
30, 61, 5, 4, 2
30, 61, 5, 4, 2
30, 61, 5, 4, 2
30, 61, 5, 4, 2
30, 61, 5, 4, 2
30, 61, 5, 4, 2
30, 61, 5, 4, 2
30, 61, 5, 4, 2
30, 61, 5, 4, 2
30, 61, 5, 4, 2
30, 61, 5, 4, 2
30, 61, 5, 4, 2
30, 61, 5, 4, 2
30, 61, 5, 4, 2
30, 61, 5, 4, 2
30, 61, 5, 4, 2
30, 61, 5, 4, 2
30, 61, 5, 4, 2
30, 61, 5, 4, 2
30, 61, 5, 4, 2
30, 61, 5, 4, 2
30, 61, 5, 4, 2
30, 61, 5, 4, 2
30, 61, 5, 4, 2
30, 61, 5, 4, 2
30, 61, 5, 4, 2
30, 61, 5, 4, 2
30, 61, 5, 4, 2
30, 61, 5, 4, 2
30, 61, 5, 4, 2
30, 61, 5, 6, 1
30, 61, 5, 6, 3
30, 61, 5, 6, 3
30, 61, 5, 6, 3
30, 61, 5, 6, 3
30, 61, 5, 6, 3
30, 61, 5, 6, 3
30, 61, 5, 6, 3
30, 61, 5, 6, 3
30, 61, 5, 6, 3
30, 61, 5, 6, 3
30, 61, 5, 6, 3
30, 61, 5, 6, 3
30, 61, 5, 6, 3
30, 61, 5, 6, 3
30, 61, 5, 6, 3
30, 61, 5, 6, 3
30, 61, 5, 6, 3
30, 61, 5, 6, 3
30, 61, 5, 6, 4
30, 61, 5, 6, 4
30, 61, 5, 6, 4
30, 61, 5, 6, 4
30, 61, 5, 6, 4
30, 61, 5, 6, 4
30, 61, 5, 6, 4
30, 61, 5, 6, 5
30, 61, 5, 6, 5
30, 61, 5, 6, 5
30, 61, 5, 6, 5
30, 61, 5, 6, 5
30, 61, 6, 5, 2
30, 61, 6, 5, 2
30, 61, 6, 5, 2
30, 61, 6, 5, 2
30, 61, 6, 5, 2
30, 61, 6, 5, 2
30, 61, 6, 5, 2
30, 61, 6, 5, 2
30, 61, 6, 5, 2
30, 61, 6, 5, 2
30, 61, 6, 5, 2
30, 61, 6, 5, 2
30, 61, 6, 5, 2
30, 61, 6, 5, 2
30, 61, 6, 5, 2
30, 61, 6, 5, 2
30, 61, 6, 5, 2
30, 61, 6, 5, 2
30, 61, 6, 5, 2
30, 61, 6, 5, 2
30, 61, 6, 5, 2
30, 61, 6, 5, 2
30, 61, 6, 5, 2
30, 61, 6, 5, 2
30, 61, 6, 5, 2
30, 61, 6, 5, 2
30, 61, 6, 5, 2
30, 61, 6, 5, 2
30, 61, 6, 5, 2
30, 61, 6, 5, 2
30, 61, 6, 7, 1
30, 61, 6, 7, 3
30, 61, 6, 7, 3
30, 61, 6, 7, 3
30, 61, 6, 7, 3
30, 61, 6, 7, 3
30, 61, 6, 7, 3
30, 61, 6, 7, 3
30, 61, 6, 7, 3
30, 61, 6, 7, 3
30, 61, 6, 7, 3
30, 61, 6, 7, 3
30, 61, 6, 7, 3
30, 61, 6, 7, 3
30, 61, 6, 7, 3
30, 61, 6, 7, 3
30, 61, 6, 7, 3
30, 61, 6, 7, 3
30, 61, 6, 7, 3
30, 61, 6, 7, 4
30, 61, 6, 7, 4
30, 61, 6, 7, 4
30, 61, 6, 7, 4
30, 61, 6, 7, 4
30, 61, 6, 7, 4
30, 61, 6, 7, 4
30, 61, 6, 7, 5
30, 61, 6, 7, 5
30, 61, 6, 7, 5
30, 61, 6, 7, 5
30, 61, 6, 7, 5
30, 61, 7, 6, 2
30, 61, 7, 6, 2
30, 61, 7, 6, 2
30, 61, 7, 6, 2
30, 61, 7, 6, 2
30, 61, 7, 6, 2
30, 61, 7, 6, 2
30, 61, 7, 6, 2
30, 61, 7, 6, 2
30, 61, 7, 6, 2
30, 61, 7, 6, 2
30, 61, 7, 6, 2
30, 61, 7, 6, 2
30, 61, 7, 6, 2
30, 61, 7, 6, 2
30, 61, 7, 6, 2
30, 61, 7, 6, 2
30, 61, 7, 6, 2
30, 61, 7, 6, 2
30, 61, 7, 6, 2
30, 61, 7, 6, 2
30, 61, 7, 6, 2
30, 61, 7, 6, 2
30, 61, 7, 6, 2
30, 61, 7, 6, 2
30, 61, 7, 6, 2
30, 61, 7, 6, 2
30, 61, 7, 6, 2
30, 61, 7, 6, 2
30, 61, 7, 6, 2
30, 61, 7, 8, 1
30, 61, 7, 8, 3
30, 61, 7, 8, 3
30, 61, 7, 8, 3
30, 61, 7, 8, 3
30, 61, 7, 8, 3
30, 61, 7, 8, 3
30, 61, 7, 8, 3
30, 61, 7, 8, 3
30, 61, 7, 8, 3
30, 61, 7, 8, 3
30, 61, 7, 8, 3
30, 61, 7, 8, 3
30, 61, 7, 8, 3
30, 61, 7, 8, 3
30, 61, 7, 8, 3
30, 61, 7, 8, 3
30, 61, 7, 8, 3
30, 61, 7, 8, 3
30, 61, 7, 8, 4
30, 61, 7, 8, 4
30, 61, 7, 8, 4
30, 61, 7, 8, 4
30, 61, 7, 8, 4
30, 61, 7, 8, 4
30, 61, 7, 8, 4
30, 61, 7, 8, 5
30, 61, 7, 8, 5
30, 61, 7, 8, 5
30, 61, 7, 8, 5
30, 61, 7, 8, 5
30, 61, 8, 7, 2
30, 61, 8, 7, 2
30, 61, 8, 7, 2
30, 61, 8, 7, 2
30, 61, 8, 7, 2
30, 61, 8, 7, 2
30, 61, 8, 7, 2
30, 61, 8, 7, 2
30, 61, 8, 7, 2
30, 61, 8, 7, 2
30, 61, 8, 7, 2
30, 61, 8, 7, 2
30, 61, 8, 7, 2
30, 61, 8, 7, 2
30, 61, 8, 7, 2
30, 61, 8, 7, 2
30, 61, 8, 7, 2
30, 61, 8, 7, 2
30, 61, 8, 7, 2
30, 61, 8, 7, 2
30, 61, 8, 7, 2
30, 61, 8, 7, 2
30, 61, 8, 7, 2
30, 61, 8, 7, 2
30, 61, 8, 7, 2
30, 61, 8, 7, 2
30, 61, 8, 7, 2
30, 61, 8, 7, 2
30, 61, 8, 7, 2
30, 61, 8, 7, 2
30, 61, 8, 9, 1
30, 61, 8, 9, 3
30, 61, 8, 9, 3
30, 61, 8, 9, 3
30, 61, 8, 9, 3
30, 61, 8, 9, 3
30, 61, 8, 9, 3
30, 61, 8, 9, 3
30, 61, 8, 9, 3
30, 61, 8, 9, 3
30, 61, 8, 9, 3
30, 61, 8, 9, 3
30, 61, 8, 9, 3
30, 61, 8, 9, 3
30, 61, 8, 9, 3
30, 61, 8, 9, 3
30, 61, 8, 9, 3
30, 61, 8, 9, 3
30, 61, 8, 9, 3
30, 61, 8, 9, 4
30, 61, 8, 9, 4
30, 61, 8, 9, 4
30, 61, 8, 9, 4
30, 61, 8, 9, 4
30, 61, 8, 9, 4
30, 61, 8, 9, 4
30, 61, 8, 9, 5
30, 61, 8, 9, 5
30, 61, 8, 9, 5
30, 61, 8, 9, 5
30, 61, 8, 9, 5
30, 61, 9, 8, 2
30, 61, 9, 8, 2
30, 61, 9, 8, 2
30, 61, 9, 8, 2
30, 61, 9, 8, 2
30, 61, 9, 8, 2
30, 61, 9, 8, 2
30, 61, 9, 8, 2
30, 61, 9, 8, 2
30, 61, 9, 8, 2
30, 61, 9, 8, 2
30, 61, 9, 8, 2
30, 61, 9, 8, 2
30, 61, 9, 8, 2
30, 61, 9, 8, 2
30, 61, 9, 8, 2
30, 61, 9, 8, 2
30, 61, 9, 8, 2
30, 61, 9, 8, 2
30, 61, 9, 8, 2
30, 61, 9, 8, 2
30, 61, 9, 8, 2
30, 61, 9, 8, 2
30, 61, 9, 8, 2
30, 61, 9, 8, 2
30, 61, 9, 8, 2
30, 61, 9, 8, 2
30, 61, 9, 8, 2
30, 61, 9, 8, 2
30, 61, 9, 8, 2
30, 61, 9, 10, 1
30, 61, 9, 10, 3
30, 61, 9, 10, 3
30, 61, 9, 10, 3
30, 61, 9, 10, 3
30, 61, 9, 10, 3
30, 61, 9, 10, 3
30, 61, 9, 10, 3
30, 61, 9, 10, 3
30, 61, 9, 10, 3
30, 61, 9, 10, 3
30, 61, 9, 10, 3
30, 61, 9, 10, 3
30, 61, 9, 10, 3
30, 61, 9, 10, 3
30, 61, 9, 10, 3
30, 61, 9, 10, 3
30, 61, 9, 10, 3
30, 61, 9, 10, 3
30, 61, 9, 10, 4
30, 61, 9, 10, 4
30, 61, 9, 10, 4
30, 61, 9, 10, 4
30, 61, 9, 10, 4
30, 61, 9, 10, 4
30, 61, 9, 10, 4
30, 61, 9, 10, 5
30, 61, 9, 10, 5
30, 61, 9, 10, 5
30, 61, 9, 10, 5
30, 61, 9, 10, 5
30, 61, 10, 9, 2
30, 61, 10, 9, 2
30, 61, 10, 9, 2
30, 61, 10, 9, 2
30, 61, 10, 9, 2
30, 61, 10, 9, 2
30, 61, 10, 9, 2
30, 61, 10, 9, 2
30, 61, 10, 9, 2
30, 61, 10, 9, 2
30, 61, 10, 9, 2
30, 61, 10, 9, 2
30, 61, 10, 9, 2
30, 61, 10, 9, 2
30, 61, 10, 9, 2
30, 61, 10, 9, 2
30, 61, 10, 9, 2
30, 61, 10, 9, 2
30, 61, 10, 9, 2
30, 61, 10, 9, 2
30, 61, 10, 9, 2
30, 61, 10, 9, 2
30, 61, 10, 9, 2
30, 61, 10, 9, 2
30, 61, 10, 9, 2
30, 61, 10, 9, 2
30, 61, 10, 9, 2
30, 61, 10, 9, 2
30, 61, 10, 9, 2
30, 61, 10, 9, 2
30, 61, 10, 11, 1
30, 61, 10, 11, 3
30, 61, 10, 11, 3
30, 61, 10, 11, 3
30, 61, 10, 11, 3
30, 61, 10, 11, 3
30, 61, 10, 11, 3
30, 61, 10, 11, 3
30, 61, 10, 11, 3
30, 61, 10, 11, 3
30, 61, 10, 11, 3
30, 61, 10, 11, 3
30, 61, 10, 11, 3
30, 61, 10, 11, 3
30, 61, 10, 11, 3
30, 61, 10, 11, 3
30, 61, 10, 11, 3
30, 61, 10, 11, 3
30, 61, 10, 11, 3
30, 61, 10, 11, 4
30, 61, 10, 11, 4
30, 61, 10, 11, 4
30, 61, 10, 11, 4
30, 61, 10, 11, 4
30, 61, 10, 11, 4
30, 61, 10, 11, 4
30, 61, 10, 11, 5
30, 61, 10, 11, 5
30, 61, 10, 11, 5
30, 61, 10, 11, 5
30, 61, 10, 11, 5
30, 61, 11, 10, 2
30, 61, 11, 10, 2
30, 61, 11, 10, 2
30, 61, 11, 10, 2
30, 61, 11, 10, 2
30, 61, 11, 10, 2
30, 61, 11, 10, 2
30, 61, 11, 10, 2
30, 61, 11, 10, 2
30, 61, 11, 10, 2
30, 61, 11, 10, 2
30, 61, 11, 10, 2
30, 61, 11, 10, 2
30, 61, 11, 10, 2
30, 61, 11, 10, 2
30, 61, 11, 10, 2
30, 61, 11, 10, 2
30, 61, 11, 10, 2
30, 61, 11, 10, 2
30, 61, 11, 10, 2
30, 61, 11, 10, 2
30, 61, 11, 10, 2
30, 61, 11, 10, 2
30, 61, 11, 10, 2
30, 61, 11, 10, 2
30, 61, 11, 10, 2
30, 61, 11, 10, 2
30, 61, 11, 10, 2
30, 61, 11, 10, 2
30, 61, 11, 10, 2
30, 61, 11, 13, 1
30, 61, 11, 13, 3
30, 61, 11, 13, 3
30, 61, 11, 13, 3
30, 61, 11, 13, 3
30, 61, 11, 13, 3
30, 61, 11, 13, 3
30, 61, 11, 13, 3
30, 61, 11, 13, 3
30, 61, 11, 13, 3
30, 61, 11, 13, 3
30, 61, 11, 13, 3
30, 61, 11, 13, 3
30, 61, 11, 13, 3
30, 61, 11, 13, 3
30, 61, 11, 13, 3
30, 61, 11, 13, 3
30, 61, 11, 13, 3
30, 61, 11, 13, 3
30, 61, 11, 13, 4
30, 61, 11, 13, 4
30, 61, 11, 13, 4
30, 61, 11, 13, 4
30, 61, 11, 13, 4
30, 61, 11, 13, 4
30, 61, 11, 13, 4
30, 61, 11, 13, 5
30, 61, 11, 13, 5
30, 61, 11, 13, 5
30, 61, 11, 13, 5
30, 61, 11, 13, 5
30, 61, 12, 1, 2
30, 61, 12, 1, 2
30, 61, 12, 1, 2
30, 61, 12, 1, 2
30, 61, 12, 1, 2
30, 61, 12, 1, 2
30, 61, 12, 1, 2
30, 61, 12, 1, 2
30, 61, 12, 1, 2
30, 61, 12, 1, 2
30, 61, 12, 1, 2
30, 61, 12, 1, 2
30, 61, 12, 1, 2
30, 61, 12, 1, 2
30, 61, 12, 1, 2
30, 61, 12, 1, 2
30, 61, 12, 1, 2
30, 61, 12, 1, 2
30, 61, 12, 1, 2
30, 61, 12, 1, 2
30, 61, 12, 1, 2
30, 61, 12, 1, 2
30, 61, 12, 1, 2
30, 61, 12, 1, 2
30, 61, 12, 1, 2
30, 61, 12, 1, 2
30, 61, 12, 1, 2
30, 61, 12, 1, 2
30, 61, 12, 1, 2
30, 61, 12, 1, 2
30, 61, 12, 23, 1
30, 61, 12, 23, 3
30, 61, 12, 23, 3
30, 61, 12, 23, 3
30, 61, 12, 23, 3
30, 61, 12, 23, 3
30, 61, 12, 23, 3
30, 61, 12, 23, 3
30, 61, 12, 23, 3
30, 61, 12, 23, 3
30, 61, 12, 23, 3
30, 61, 12, 23, 3
30, 61, 12, 23, 3
30, 61, 12, 23, 3
30, 61, 12, 23, 3
30, 61, 12, 23, 3
30, 61, 12, 23, 3
30, 61, 12, 23, 3
30, 61, 12, 23, 3
30, 61, 12, 23, 4
30, 61, 12, 23, 4
30, 61, 12, 23, 4
30, 61, 12, 23, 4
30, 61, 12, 23, 4
30, 61, 12, 23, 4
30, 61, 12, 23, 4
30, 61, 12, 23, 5
30, 61, 12, 23, 5
30, 61, 12, 23, 5
30, 61, 12, 23, 5
30, 61, 12, 23, 5
30, 61, 13, 11, 2
30, 61, 13, 11, 2
30, 61, 13, 11, 2
30, 61, 13, 11, 2
30, 61, 13, 11, 2
30, 61, 13, 11, 2
30, 61, 13, 11, 2
30, 61, 13, 11, 2
30, 61, 13, 11, 2
30, 61, 13, 11, 2
30, 61, 13, 11, 2
30, 61, 13, 11, 2
30, 61, 13, 11, 2
30, 61, 13, 11, 2
30, 61, 13, 11, 2
30, 61, 13, 11, 2
30, 61, 13, 11, 2
30, 61, 13, 11, 2
30, 61, 13, 11, 2
30, 61, 13, 11, 2
30, 61, 13, 11, 2
30, 61, 13, 11, 2
30, 61, 13, 11, 2
30, 61, 13, 11, 2
30, 61, 13, 11, 2
30, 61, 13, 11, 2
30, 61, 13, 11, 2
30, 61, 13, 11, 2
30, 61, 13, 11, 2
30, 61, 13, 11, 2
30, 61, 13, 14, 1
30, 61, 13, 14, 3
30, 61, 13, 14, 3
30, 61, 13, 14, 3
30, 61, 13, 14, 3
30, 61, 13, 14, 3
30, 61, 13, 14, 3
30, 61, 13, 14, 3
30, 61, 13, 14, 3
30, 61, 13, 14, 3
30, 61, 13, 14, 3
30, 61, 13, 14, 3
30, 61, 13, 14, 3
30, 61, 13, 14, 3
30, 61, 13, 14, 3
30, 61, 13, 14, 3
30, 61, 13, 14, 3
30, 61, 13, 14, 3
30, 61, 13, 14, 3
30, 61, 13, 14, 4
30, 61, 13, 14, 4
30, 61, 13, 14, 4
30, 61, 13, 14, 4
30, 61, 13, 14, 4
30, 61, 13, 14, 4
30, 61, 13, 14, 4
30, 61, 13, 14, 5
30, 61, 13, 14, 5
30, 61, 13, 14, 5
30, 61, 13, 14, 5
30, 61, 13, 14, 5
30, 61, 14, 13, 2
30, 61, 14, 13, 2
30, 61, 14, 13, 2
30, 61, 14, 13, 2
30, 61, 14, 13, 2
30, 61, 14, 13, 2
30, 61, 14, 13, 2
30, 61, 14, 13, 2
30, 61, 14, 13, 2
30, 61, 14, 13, 2
30, 61, 14, 13, 2
30, 61, 14, 13, 2
30, 61, 14, 13, 2
30, 61, 14, 13, 2
30, 61, 14, 13, 2
30, 61, 14, 13, 2
30, 61, 14, 13, 2
30, 61, 14, 13, 2
30, 61, 14, 13, 2
30, 61, 14, 13, 2
30, 61, 14, 13, 2
30, 61, 14, 13, 2
30, 61, 14, 13, 2
30, 61, 14, 13, 2
30, 61, 14, 13, 2
30, 61, 14, 13, 2
30, 61, 14, 13, 2
30, 61, 14, 13, 2
30, 61, 14, 13, 2
30, 61, 14, 13, 2
30, 61, 14, 15, 1
30, 61, 14, 15, 3
30, 61, 14, 15, 3
30, 61, 14, 15, 3
30, 61, 14, 15, 3
30, 61, 14, 15, 3
30, 61, 14, 15, 3
30, 61, 14, 15, 3
30, 61, 14, 15, 3
30, 61, 14, 15, 3
30, 61, 14, 15, 3
30, 61, 14, 15, 3
30, 61, 14, 15, 3
30, 61, 14, 15, 3
30, 61, 14, 15, 3
30, 61, 14, 15, 3
30, 61, 14, 15, 3
30, 61, 14, 15, 3
30, 61, 14, 15, 3
30, 61, 14, 15, 4
30, 61, 14, 15, 4
30, 61, 14, 15, 4
30, 61, 14, 15, 4
30, 61, 14, 15, 4
30, 61, 14, 15, 4
30, 61, 14, 15, 4
30, 61, 14, 15, 5
30, 61, 14, 15, 5
30, 61, 14, 15, 5
30, 61, 14, 15, 5
30, 61, 14, 15, 5
30, 61, 15, 14, 2
30, 61, 15, 14, 2
30, 61, 15, 14, 2
30, 61, 15, 14, 2
30, 61, 15, 14, 2
30, 61, 15, 14, 2
30, 61, 15, 14, 2
30, 61, 15, 14, 2
30, 61, 15, 14, 2
30, 61, 15, 14, 2
30, 61, 15, 14, 2
30, 61, 15, 14, 2
30, 61, 15, 14, 2
30, 61, 15, 14, 2
30, 61, 15, 14, 2
30, 61, 15, 14, 2
30, 61, 15, 14, 2
30, 61, 15, 14, 2
30, 61, 15, 14, 2
30, 61, 15, 14, 2
30, 61, 15, 14, 2
30, 61, 15, 14, 2
30, 61, 15, 14, 2
30, 61, 15, 14, 2
30, 61, 15, 14, 2
30, 61, 15, 14, 2
30, 61, 15, 14, 2
30, 61, 15, 14, 2
30, 61, 15, 14, 2
30, 61, 15, 14, 2
30, 61, 15, 16, 1
30, 61, 15, 16, 3
30, 61, 15, 16, 3
30, 61, 15, 16, 3
30, 61, 15, 16, 3
30, 61, 15, 16, 3
30, 61, 15, 16, 3
30, 61, 15, 16, 3
30, 61, 15, 16, 3
30, 61, 15, 16, 3
30, 61, 15, 16, 3
30, 61, 15, 16, 3
30, 61, 15, 16, 3
30, 61, 15, 16, 3
30, 61, 15, 16, 3
30, 61, 15, 16, 3
30, 61, 15, 16, 3
30, 61, 15, 16, 3
30, 61, 15, 16, 3
30, 61, 15, 16, 4
30, 61, 15, 16, 4
30, 61, 15, 16, 4
30, 61, 15, 16, 4
30, 61, 15, 16, 4
30, 61, 15, 16, 4
30, 61, 15, 16, 4
30, 61, 15, 16, 5
30, 61, 15, 16, 5
30, 61, 15, 16, 5
30, 61, 15, 16, 5
30, 61, 15, 16, 5
30, 61, 16, 15, 2
30, 61, 16, 15, 2
30, 61, 16, 15, 2
30, 61, 16, 15, 2
30, 61, 16, 15, 2
30, 61, 16, 15, 2
30, 61, 16, 15, 2
30, 61, 16, 15, 2
30, 61, 16, 15, 2
30, 61, 16, 15, 2
30, 61, 16, 15, 2
30, 61, 16, 15, 2
30, 61, 16, 15, 2
30, 61, 16, 15, 2
30, 61, 16, 15, 2
30, 61, 16, 15, 2
30, 61, 16, 15, 2
30, 61, 16, 15, 2
30, 61, 16, 15, 2
30, 61, 16, 15, 2
30, 61, 16, 15, 2
30, 61, 16, 15, 2
30, 61, 16, 15, 2
30, 61, 16, 15, 2
30, 61, 16, 15, 2
30, 61, 16, 15, 2
30, 61, 16, 15, 2
30, 61, 16, 15, 2
30, 61, 16, 15, 2
30, 61, 16, 15, 2
30, 61, 16, 17, 1
30, 61, 16, 17, 3
30, 61, 16, 17, 3
30, 61, 16, 17, 3
30, 61, 16, 17, 3
30, 61, 16, 17, 3
30, 61, 16, 17, 3
30, 61, 16, 17, 3
30, 61, 16, 17, 3
30, 61, 16, 17, 3
30, 61, 16, 17, 3
30, 61, 16, 17, 3
30, 61, 16, 17, 3
30, 61, 16, 17, 3
30, 61, 16, 17, 3
30, 61, 16, 17, 3
30, 61, 16, 17, 3
30, 61, 16, 17, 3
30, 61, 16, 17, 3
30, 61, 16, 17, 4
30, 61, 16, 17, 4
30, 61, 16, 17, 4
30, 61, 16, 17, 4
30, 61, 16, 17, 4
30, 61, 16, 17, 4
30, 61, 16, 17, 4
30, 61, 16, 17, 5
30, 61, 16, 17, 5
30, 61, 16, 17, 5
30, 61, 16, 17, 5
30, 61, 16, 17, 5
30, 61, 17, 16, 2
30, 61, 17, 16, 2
30, 61, 17, 16, 2
30, 61, 17, 16, 2
30, 61, 17, 16, 2
30, 61, 17, 16, 2
30, 61, 17, 16, 2
30, 61, 17, 16, 2
30, 61, 17, 16, 2
30, 61, 17, 16, 2
30, 61, 17, 16, 2
30, 61, 17, 16, 2
30, 61, 17, 16, 2
30, 61, 17, 16, 2
30, 61, 17, 16, 2
30, 61, 17, 16, 2
30, 61, 17, 16, 2
30, 61, 17, 16, 2
30, 61, 17, 16, 2
30, 61, 17, 16, 2
30, 61, 17, 16, 2
30, 61, 17, 16, 2
30, 61, 17, 16, 2
30, 61, 17, 16, 2
30, 61, 17, 16, 2
30, 61, 17, 16, 2
30, 61, 17, 16, 2
30, 61, 17, 16, 2
30, 61, 17, 16, 2
30, 61, 17, 16, 2
30, 61, 17, 18, 1
30, 61, 17, 18, 3
30, 61, 17, 18, 3
30, 61, 17, 18, 3
30, 61, 17, 18, 3
30, 61, 17, 18, 3
30, 61, 17, 18, 3
30, 61, 17, 18, 3
30, 61, 17, 18, 3
30, 61, 17, 18, 3
30, 61, 17, 18, 3
30, 61, 17, 18, 3
30, 61, 17, 18, 3
30, 61, 17, 18, 3
30, 61, 17, 18, 3
30, 61, 17, 18, 3
30, 61, 17, 18, 3
30, 61, 17, 18, 3
30, 61, 17, 18, 3
30, 61, 17, 18, 4
30, 61, 17, 18, 4
30, 61, 17, 18, 4
30, 61, 17, 18, 4
30, 61, 17, 18, 4
30, 61, 17, 18, 4
30, 61, 17, 18, 4
30, 61, 17, 18, 5
30, 61, 17, 18, 5
30, 61, 17, 18, 5
30, 61, 17, 18, 5
30, 61, 17, 18, 5
30, 61, 18, 17, 2
30, 61, 18, 17, 2
30, 61, 18, 17, 2
30, 61, 18, 17, 2
30, 61, 18, 17, 2
30, 61, 18, 17, 2
30, 61, 18, 17, 2
30, 61, 18, 17, 2
30, 61, 18, 17, 2
30, 61, 18, 17, 2
30, 61, 18, 17, 2
30, 61, 18, 17, 2
30, 61, 18, 17, 2
30, 61, 18, 17, 2
30, 61, 18, 17, 2
30, 61, 18, 17, 2
30, 61, 18, 17, 2
30, 61, 18, 17, 2
30, 61, 18, 17, 2
30, 61, 18, 17, 2
30, 61, 18, 17, 2
30, 61, 18, 17, 2
30, 61, 18, 17, 2
30, 61, 18, 17, 2
30, 61, 18, 17, 2
30, 61, 18, 17, 2
30, 61, 18, 17, 2
30, 61, 18, 17, 2
30, 61, 18, 17, 2
30, 61, 18, 17, 2
30, 61, 18, 19, 1
30, 61, 18, 19, 3
30, 61, 18, 19, 3
30, 61, 18, 19, 3
30, 61, 18, 19, 3
30, 61, 18, 19, 3
30, 61, 18, 19, 3
30, 61, 18, 19, 3
30, 61, 18, 19, 3
30, 61, 18, 19, 3
30, 61, 18, 19, 3
30, 61, 18, 19, 3
30, 61, 18, 19, 3
30, 61, 18, 19, 3
30, 61, 18, 19, 3
30, 61, 18, 19, 3
30, 61, 18, 19, 3
30, 61, 18, 19, 3
30, 61, 18, 19, 3
30, 61, 18, 19, 4
30, 61, 18, 19, 4
30, 61, 18, 19, 4
30, 61, 18, 19, 4
30, 61, 18, 19, 4
30, 61, 18, 19, 4
30, 61, 18, 19, 4
30, 61, 18, 19, 5
30, 61, 18, 19, 5
30, 61, 18, 19, 5
30, 61, 18, 19, 5
30, 61, 18, 19, 5
30, 61, 19, 18, 2
30, 61, 19, 18, 2
30, 61, 19, 18, 2
30, 61, 19, 18, 2
30, 61, 19, 18, 2
30, 61, 19, 18, 2
30, 61, 19, 18, 2
30, 61, 19, 18, 2
30, 61, 19, 18, 2
30, 61, 19, 18, 2
30, 61, 19, 18, 2
30, 61, 19, 18, 2
30, 61, 19, 18, 2
30, 61, 19, 18, 2
30, 61, 19, 18, 2
30, 61, 19, 18, 2
30, 61, 19, 18, 2
30, 61, 19, 18, 2
30, 61, 19, 18, 2
30, 61, 19, 18, 2
30, 61, 19, 18, 2
30, 61, 19, 18, 2
30, 61, 19, 18, 2
30, 61, 19, 18, 2
30, 61, 19, 18, 2
30, 61, 19, 18, 2
30, 61, 19, 18, 2
30, 61, 19, 18, 2
30, 61, 19, 18, 2
30, 61, 19, 18, 2
30, 61, 19, 20, 1
30, 61, 19, 20, 3
30, 61, 19, 20, 3
30, 61, 19, 20, 3
30, 61, 19, 20, 3
30, 61, 19, 20, 3
30, 61, 19, 20, 3
30, 61, 19, 20, 3
30, 61, 19, 20, 3
30, 61, 19, 20, 3
30, 61, 19, 20, 3
30, 61, 19, 20, 3
30, 61, 19, 20, 3
30, 61, 19, 20, 3
30, 61, 19, 20, 3
30, 61, 19, 20, 3
30, 61, 19, 20, 3
30, 61, 19, 20, 3
30, 61, 19, 20, 3
30, 61, 19, 20, 4
30, 61, 19, 20, 4
30, 61, 19, 20, 4
30, 61, 19, 20, 4
30, 61, 19, 20, 4
30, 61, 19, 20, 4
30, 61, 19, 20, 4
30, 61, 19, 20, 5
30, 61, 19, 20, 5
30, 61, 19, 20, 5
30, 61, 19, 20, 5
30, 61, 19, 20, 5
30, 61, 20, 19, 2
30, 61, 20, 19, 2
30, 61, 20, 19, 2
30, 61, 20, 19, 2
30, 61, 20, 19, 2
30, 61, 20, 19, 2
30, 61, 20, 19, 2
30, 61, 20, 19, 2
30, 61, 20, 19, 2
30, 61, 20, 19, 2
30, 61, 20, 19, 2
30, 61, 20, 19, 2
30, 61, 20, 19, 2
30, 61, 20, 19, 2
30, 61, 20, 19, 2
30, 61, 20, 19, 2
30, 61, 20, 19, 2
30, 61, 20, 19, 2
30, 61, 20, 19, 2
30, 61, 20, 19, 2
30, 61, 20, 19, 2
30, 61, 20, 19, 2
30, 61, 20, 19, 2
30, 61, 20, 19, 2
30, 61, 20, 19, 2
30, 61, 20, 19, 2
30, 61, 20, 19, 2
30, 61, 20, 19, 2
30, 61, 20, 19, 2
30, 61, 20, 19, 2
30, 61, 20, 21, 1
30, 61, 20, 21, 3
30, 61, 20, 21, 3
30, 61, 20, 21, 3
30, 61, 20, 21, 3
30, 61, 20, 21, 3
30, 61, 20, 21, 3
30, 61, 20, 21, 3
30, 61, 20, 21, 3
30, 61, 20, 21, 3
30, 61, 20, 21, 3
30, 61, 20, 21, 3
30, 61, 20, 21, 3
30, 61, 20, 21, 3
30, 61, 20, 21, 3
30, 61, 20, 21, 3
30, 61, 20, 21, 3
30, 61, 20, 21, 3
30, 61, 20, 21, 3
30, 61, 20, 21, 4
30, 61, 20, 21, 4
30, 61, 20, 21, 4
30, 61, 20, 21, 4
30, 61, 20, 21, 4
30, 61, 20, 21, 4
30, 61, 20, 21, 4
30, 61, 20, 21, 5
30, 61, 20, 21, 5
30, 61, 20, 21, 5
30, 61, 20, 21, 5
30, 61, 20, 21, 5
30, 61, 21, 20, 2
30, 61, 21, 20, 2
30, 61, 21, 20, 2
30, 61, 21, 20, 2
30, 61, 21, 20, 2
30, 61, 21, 20, 2
30, 61, 21, 20, 2
30, 61, 21, 20, 2
30, 61, 21, 20, 2
30, 61, 21, 20, 2
30, 61, 21, 20, 2
30, 61, 21, 20, 2
30, 61, 21, 20, 2
30, 61, 21, 20, 2
30, 61, 21, 20, 2
30, 61, 21, 20, 2
30, 61, 21, 20, 2
30, 61, 21, 20, 2
30, 61, 21, 20, 2
30, 61, 21, 20, 2
30, 61, 21, 20, 2
30, 61, 21, 20, 2
30, 61, 21, 20, 2
30, 61, 21, 20, 2
30, 61, 21, 20, 2
30, 61, 21, 20, 2
30, 61, 21, 20, 2
30, 61, 21, 20, 2
30, 61, 21, 20, 2
30, 61, 21, 20, 2
30, 61, 21, 22, 1
30, 61, 21, 22, 3
30, 61, 21, 22, 3
30, 61, 21, 22, 3
30, 61, 21, 22, 3
30, 61, 21, 22, 3
30, 61, 21, 22, 3
30, 61, 21, 22, 3
30, 61, 21, 22, 3
30, 61, 21, 22, 3
30, 61, 21, 22, 3
30, 61, 21, 22, 3
30, 61, 21, 22, 3
30, 61, 21, 22, 3
30, 61, 21, 22, 3
30, 61, 21, 22, 3
30, 61, 21, 22, 3
30, 61, 21, 22, 3
30, 61, 21, 22, 3
30, 61, 21, 22, 4
30, 61, 21, 22, 4
30, 61, 21, 22, 4
30, 61, 21, 22, 4
30, 61, 21, 22, 4
30, 61, 21, 22, 4
30, 61, 21, 22, 4
30, 61, 21, 22, 5
30, 61, 21, 22, 5
30, 61, 21, 22, 5
30, 61, 21, 22, 5
30, 61, 21, 22, 5
30, 61, 22, 21, 2
30, 61, 22, 21, 2
30, 61, 22, 21, 2
30, 61, 22, 21, 2
30, 61, 22, 21, 2
30, 61, 22, 21, 2
30, 61, 22, 21, 2
30, 61, 22, 21, 2
30, 61, 22, 21, 2
30, 61, 22, 21, 2
30, 61, 22, 21, 2
30, 61, 22, 21, 2
30, 61, 22, 21, 2
30, 61, 22, 21, 2
30, 61, 22, 21, 2
30, 61, 22, 21, 2
30, 61, 22, 21, 2
30, 61, 22, 21, 2
30, 61, 22, 21, 2
30, 61, 22, 21, 2
30, 61, 22, 21, 2
30, 61, 22, 21, 2
30, 61, 22, 21, 2
30, 61, 22, 21, 2
30, 61, 22, 21, 2
30, 61, 22, 21, 2
30, 61, 22, 21, 2
30, 61, 22, 21, 2
30, 61, 22, 21, 2
30, 61, 22, 21, 2
30, 61, 22, 24, 1
30, 61, 22, 24, 3
30, 61, 22, 24, 3
30, 61, 22, 24, 3
30, 61, 22, 24, 3
30, 61, 22, 24, 3
30, 61, 22, 24, 3
30, 61, 22, 24, 3
30, 61, 22, 24, 3
30, 61, 22, 24, 3
30, 61, 22, 24, 3
30, 61, 22, 24, 3
30, 61, 22, 24, 3
30, 61, 22, 24, 3
30, 61, 22, 24, 3
30, 61, 22, 24, 3
30, 61, 22, 24, 3
30, 61, 22, 24, 3
30, 61, 22, 24, 3
30, 61, 22, 24, 4
30, 61, 22, 24, 4
30, 61, 22, 24, 4
30, 61, 22, 24, 4
30, 61, 22, 24, 4
30, 61, 22, 24, 4
30, 61, 22, 24, 4
30, 61, 22, 24, 5
30, 61, 22, 24, 5
30, 61, 22, 24, 5
30, 61, 22, 24, 5
30, 61, 22, 24, 5
30, 61, 23, 12, 2
30, 61, 23, 12, 2
30, 61, 23, 12, 2
30, 61, 23, 12, 2
30, 61, 23, 12, 2
30, 61, 23, 12, 2
30, 61, 23, 12, 2
30, 61, 23, 12, 2
30, 61, 23, 12, 2
30, 61, 23, 12, 2
30, 61, 23, 12, 2
30, 61, 23, 12, 2
30, 61, 23, 12, 2
30, 61, 23, 12, 2
30, 61, 23, 12, 2
30, 61, 23, 12, 2
30, 61, 23, 12, 2
30, 61, 23, 12, 2
30, 61, 23, 12, 2
30, 61, 23, 12, 2
30, 61, 23, 12, 2
30, 61, 23, 12, 2
30, 61, 23, 12, 2
30, 61, 23, 12, 2
30, 61, 23, 12, 2
30, 61, 23, 12, 2
30, 61, 23, 12, 2
30, 61, 23, 12, 2
30, 61, 23, 12, 2
30, 61, 23, 12, 2
30, 61, 23, 25, 1
30, 61, 23, 25, 3
30, 61, 23, 25, 3
30, 61, 23, 25, 3
30, 61, 23, 25, 3
30, 61, 23, 25, 3
30, 61, 23, 25, 3
30, 61, 23, 25, 3
30, 61, 23, 25, 3
30, 61, 23, 25, 3
30, 61, 23, 25, 3
30, 61, 23, 25, 3
30, 61, 23, 25, 3
30, 61, 23, 25, 3
30, 61, 23, 25, 3
30, 61, 23, 25, 3
30, 61, 23, 25, 3
30, 61, 23, 25, 3
30, 61, 23, 25, 3
30, 61, 23, 25, 4
30, 61, 23, 25, 4
30, 61, 23, 25, 4
30, 61, 23, 25, 4
30, 61, 23, 25, 4
30, 61, 23, 25, 4
30, 61, 23, 25, 4
30, 61, 23, 25, 5
30, 61, 23, 25, 5
30, 61, 23, 25, 5
30, 61, 23, 25, 5
30, 61, 23, 25, 5
30, 30, 24, 22, 2
30, 30, 24, 22, 2
30, 30, 24, 22, 2
30, 30, 24, 22, 2
30, 30, 24, 22, 2
30, 30, 24, 22, 2
30, 30, 24, 22, 2
30, 30, 24, 22, 2
30, 30, 24, 22, 2
30, 30, 24, 22, 2
30, 30, 24, 22, 2
30, 30, 24, 22, 2
30, 30, 24, 22, 2
30, 30, 24, 22, 2
30, 30, 24, 22, 2
30, 30, 24, 22, 2
30, 30, 24, 22, 2
30, 30, 24, 22, 2
30, 30, 24, 22, 2
30, 30, 24, 22, 2
30, 30, 24, 22, 2
30, 30, 24, 22, 2
30, 30, 24, 22, 2
30, 30, 24, 22, 2
30, 30, 24, 22, 2
30, 30, 24, 22, 2
30, 30, 24, 22, 2
30, 30, 24, 22, 2
30, 30, 24, 22, 2
30, 30, 24, 22, 2
30, 61, 25, 23, 2
30, 61, 25, 23, 2
30, 61, 25, 23, 2
30, 61, 25, 23, 2
30, 61, 25, 23, 2
30, 61, 25, 23, 2
30, 61, 25, 23, 2
30, 61, 25, 23, 2
30, 61, 25, 23, 2
30, 61, 25, 23, 2
30, 61, 25, 23, 2
30, 61, 25, 23, 2
30, 61, 25, 23, 2
30, 61, 25, 23, 2
30, 61, 25, 23, 2
30, 61, 25, 23, 2
30, 61, 25, 23, 2
30, 61, 25, 23, 2
30, 61, 25, 23, 2
30, 61, 25, 23, 2
30, 61, 25, 23, 2
30, 61, 25, 23, 2
30, 61, 25, 23, 2
30, 61, 25, 23, 2
30, 61, 25, 23, 2
30, 61, 25, 23, 2
30, 61, 25, 23, 2
30, 61, 25, 23, 2
30, 61, 25, 23, 2
30, 61, 25, 23, 2
30, 61, 25, 26, 1
30, 61, 25, 26, 3
30, 61, 25, 26, 3
30, 61, 25, 26, 3
30, 61, 25, 26, 3
30, 61, 25, 26, 3
30, 61, 25, 26, 3
30, 61, 25, 26, 3
30, 61, 25, 26, 3
30, 61, 25, 26, 3
30, 61, 25, 26, 3
30, 61, 25, 26, 3
30, 61, 25, 26, 3
30, 61, 25, 26, 3
30, 61, 25, 26, 3
30, 61, 25, 26, 3
30, 61, 25, 26, 3
30, 61, 25, 26, 3
30, 61, 25, 26, 3
30, 61, 25, 26, 4
30, 61, 25, 26, 4
30, 61, 25, 26, 4
30, 61, 25, 26, 4
30, 61, 25, 26, 4
30, 61, 25, 26, 4
30, 61, 25, 26, 4
30, 61, 25, 26, 5
30, 61, 25, 26, 5
30, 61, 25, 26, 5
30, 61, 25, 26, 5
30, 61, 25, 26, 5
30, 61, 26, 25, 2
30, 61, 26, 25, 2
30, 61, 26, 25, 2
30, 61, 26, 25, 2
30, 61, 26, 25, 2
30, 61, 26, 25, 2
30, 61, 26, 25, 2
30, 61, 26, 25, 2
30, 61, 26, 25, 2
30, 61, 26, 25, 2
30, 61, 26, 25, 2
30, 61, 26, 25, 2
30, 61, 26, 25, 2
30, 61, 26, 25, 2
30, 61, 26, 25, 2
30, 61, 26, 25, 2
30, 61, 26, 25, 2
30, 61, 26, 25, 2
30, 61, 26, 25, 2
30, 61, 26, 25, 2
30, 61, 26, 25, 2
30, 61, 26, 25, 2
30, 61, 26, 25, 2
30, 61, 26, 25, 2
30, 61, 26, 25, 2
30, 61, 26, 25, 2
30, 61, 26, 25, 2
30, 61, 26, 25, 2
30, 61, 26, 25, 2
30, 61, 26, 25, 2
30, 61, 26, 27, 1
30, 61, 26, 27, 3
30, 61, 26, 27, 3
30, 61, 26, 27, 3
30, 61, 26, 27, 3
30, 61, 26, 27, 3
30, 61, 26, 27, 3
30, 61, 26, 27, 3
30, 61, 26, 27, 3
30, 61, 26, 27, 3
30, 61, 26, 27, 3
30, 61, 26, 27, 3
30, 61, 26, 27, 3
30, 61, 26, 27, 3
30, 61, 26, 27, 3
30, 61, 26, 27, 3
30, 61, 26, 27, 3
30, 61, 26, 27, 3
30, 61, 26, 27, 3
30, 61, 26, 27, 4
30, 61, 26, 27, 4
30, 61, 26, 27, 4
30, 61, 26, 27, 4
30, 61, 26, 27, 4
30, 61, 26, 27, 4
30, 61, 26, 27, 4
30, 61, 26, 27, 5
30, 61, 26, 27, 5
30, 61, 26, 27, 5
30, 61, 26, 27, 5
30, 61, 26, 27, 5
30, 61, 27, 26, 2
30, 61, 27, 26, 2
30, 61, 27, 26, 2
30, 61, 27, 26, 2
30, 61, 27, 26, 2
30, 61, 27, 26, 2
30, 61, 27, 26, 2
30, 61, 27, 26, 2
30, 61, 27, 26, 2
30, 61, 27, 26, 2
30, 61, 27, 26, 2
30, 61, 27, 26, 2
30, 61, 27, 26, 2
30, 61, 27, 26, 2
30, 61, 27, 26, 2
30, 61, 27, 26, 2
30, 61, 27, 26, 2
30, 61, 27, 26, 2
30, 61, 27, 26, 2
30, 61, 27, 26, 2
30, 61, 27, 26, 2
30, 61, 27, 26, 2
30, 61, 27, 26, 2
30, 61, 27, 26, 2
30, 61, 27, 26, 2
30, 61, 27, 26, 2
30, 61, 27, 26, 2
30, 61, 27, 26, 2
30, 61, 27, 26, 2
30, 61, 27, 26, 2
30, 61, 27, 28, 1
30, 61, 27, 28, 3
30, 61, 27, 28, 3
30, 61, 27, 28, 3
30, 61, 27, 28, 3
30, 61, 27, 28, 3
30, 61, 27, 28, 3
30, 61, 27, 28, 3
30, 61, 27, 28, 3
30, 61, 27, 28, 3
30, 61, 27, 28, 3
30, 61, 27, 28, 3
30, 61, 27, 28, 3
30, 61, 27, 28, 3
30, 61, 27, 28, 3
30, 61, 27, 28, 3
30, 61, 27, 28, 3
30, 61, 27, 28, 3
30, 61, 27, 28, 3
30, 61, 27, 28, 4
30, 61, 27, 28, 4
30, 61, 27, 28, 4
30, 61, 27, 28, 4
30, 61, 27, 28, 4
30, 61, 27, 28, 4
30, 61, 27, 28, 4
30, 61, 27, 28, 5
30, 61, 27, 28, 5
30, 61, 27, 28, 5
30, 61, 27, 28, 5
30, 61, 27, 28, 5
30, 61, 28, 27, 2
30, 61, 28, 27, 2
30, 61, 28, 27, 2
30, 61, 28, 27, 2
30, 61, 28, 27, 2
30, 61, 28, 27, 2
30, 61, 28, 27, 2
30, 61, 28, 27, 2
30, 61, 28, 27, 2
30, 61, 28, 27, 2
30, 61, 28, 27, 2
30, 61, 28, 27, 2
30, 61, 28, 27, 2
30, 61, 28, 27, 2
30, 61, 28, 27, 2
30, 61, 28, 27, 2
30, 61, 28, 27, 2
30, 61, 28, 27, 2
30, 61, 28, 27, 2
30, 61, 28, 27, 2
30, 61, 28, 27, 2
30, 61, 28, 27, 2
30, 61, 28, 27, 2
30, 61, 28, 27, 2
30, 61, 28, 27, 2
30, 61, 28, 27, 2
30, 61, 28, 27, 2
30, 61, 28, 27, 2
30, 61, 28, 27, 2
30, 61, 28, 27, 2
30, 61, 28, 29, 1
30, 61, 28, 29, 3
30, 61, 28, 29, 3
30, 61, 28, 29, 3
30, 61, 28, 29, 3
30, 61, 28, 29, 3
30, 61, 28, 29, 3
30, 61, 28, 29, 3
30, 61, 28, 29, 3
30, 61, 28, 29, 3
30, 61, 28, 29, 3
30, 61, 28, 29, 3
30, 61, 28, 29, 3
30, 61, 28, 29, 3
30, 61, 28, 29, 3
30, 61, 28, 29, 3
30, 61, 28, 29, 3
30, 61, 28, 29, 3
30, 61, 28, 29, 3
30, 61, 28, 29, 4
30, 61, 28, 29, 4
30, 61, 28, 29, 4
30, 61, 28, 29, 4
30, 61, 28, 29, 4
30, 61, 28, 29, 4
30, 61, 28, 29, 4
30, 61, 28, 29, 5
30, 61, 28, 29, 5
30, 61, 28, 29, 5
30, 61, 28, 29, 5
30, 61, 28, 29, 5
30, 61, 29, 28, 2
30, 61, 29, 28, 2
30, 61, 29, 28, 2
30, 61, 29, 28, 2
30, 61, 29, 28, 2
30, 61, 29, 28, 2
30, 61, 29, 28, 2
30, 61, 29, 28, 2
30, 61, 29, 28, 2
30, 61, 29, 28, 2
30, 61, 29, 28, 2
30, 61, 29, 28, 2
30, 61, 29, 28, 2
30, 61, 29, 28, 2
30, 61, 29, 28, 2
30, 61, 29, 28, 2
30, 61, 29, 28, 2
30, 61, 29, 28, 2
30, 61, 29, 28, 2
30, 61, 29, 28, 2
30, 61, 29, 28, 2
30, 61, 29, 28, 2
30, 61, 29, 28, 2
30, 61, 29, 28, 2
30, 61, 29, 28, 2
30, 61, 29, 28, 2
30, 61, 29, 28, 2
30, 61, 29, 28, 2
30, 61, 29, 28, 2
30, 61, 29, 28, 2
30, 61, 29, 30, 1
30, 61, 29, 30, 3
30, 61, 29, 30, 3
30, 61, 29, 30, 3
30, 61, 29, 30, 3
30, 61, 29, 30, 3
30, 61, 29, 30, 3
30, 61, 29, 30, 3
30, 61, 29, 30, 3
30, 61, 29, 30, 3
30, 61, 29, 30, 3
30, 61, 29, 30, 3
30, 61, 29, 30, 3
30, 61, 29, 30, 3
30, 61, 29, 30, 3
30, 61, 29, 30, 3
30, 61, 29, 30, 3
30, 61, 29, 30, 3
30, 61, 29, 30, 3
30, 61, 29, 30, 4
30, 61, 29, 30, 4
30, 61, 29, 30, 4
30, 61, 29, 30, 4
30, 61, 29, 30, 4
30, 61, 29, 30, 4
30, 61, 29, 30, 4
30, 61, 29, 30, 5
30, 61, 29, 30, 5
30, 61, 29, 30, 5
30, 61, 29, 30, 5
30, 61, 29, 30, 5
30, 61, 30, 2, 1
30, 61, 30, 2, 3
30, 61, 30, 2, 3
30, 61, 30, 2, 3
30, 61, 30, 2, 3
30, 61, 30, 2, 3
30, 61, 30, 2, 3
30, 61, 30, 2, 3
30, 61, 30, 2, 3
30, 61, 30, 2, 3
30, 61, 30, 2, 3
30, 61, 30, 2, 3
30, 61, 30, 2, 3
30, 61, 30, 2, 3
30, 61, 30, 2, 3
30, 61, 30, 2, 3
30, 61, 30, 2, 3
30, 61, 30, 2, 3
30, 61, 30, 2, 3
30, 61, 30, 2, 4
30, 61, 30, 2, 4
30, 61, 30, 2, 4
30, 61, 30, 2, 4
30, 61, 30, 2, 4
30, 61, 30, 2, 4
30, 61, 30, 2, 4
30, 61, 30, 2, 5
30, 61, 30, 2, 5
30, 61, 30, 2, 5
30, 61, 30, 2, 5
30, 61, 30, 2, 5
30, 61, 30, 29, 2
30, 61, 30, 29, 2
30, 61, 30, 29, 2
30, 61, 30, 29, 2
30, 61, 30, 29, 2
30, 61, 30, 29, 2
30, 61, 30, 29, 2
30, 61, 30, 29, 2
30, 61, 30, 29, 2
30, 61, 30, 29, 2
30, 61, 30, 29, 2
30, 61, 30, 29, 2
30, 61, 30, 29, 2
30, 61, 30, 29, 2
30, 61, 30, 29, 2
30, 61, 30, 29, 2
30, 61, 30, 29, 2
30, 61, 30, 29, 2
30, 61, 30, 29, 2
30, 61, 30, 29, 2
30, 61, 30, 29, 2
30, 61, 30, 29, 2
30, 61, 30, 29, 2
30, 61, 30, 29, 2
30, 61, 30, 29, 2
30, 61, 30, 29, 2
30, 61, 30, 29, 2
30, 61, 30, 29, 2
30, 61, 30, 29, 2
30, 61, 30, 29, 2
31, 30, 1, 0, 3
31, 30, 1, 0, 3
31, 30, 1, 0, 3
31, 30, 1, 0, 3
31, 30, 1, 0, 3
31, 30, 1, 0, 3
31, 30, 1, 0, 3
31, 30, 1, 0, 3
31, 30, 1, 0, 3
31, 30, 1, 0, 3
31, 30, 1, 0, 3
31, 30, 1, 0, 3
31, 30, 1, 0, 3
31, 30, 1, 0, 3
31, 30, 1, 0, 3
31, 30, 1, 0, 3
31, 30, 1, 0, 3
31, 30, 1, 0, 3
31, 30, 1, 0, 3
31, 30, 1, 0, 3
31, 30, 1, 0, 3
31, 30, 1, 0, 3
31, 30, 1, 0, 3
31, 30, 1, 0, 3
31, 30, 1, 0, 3
31, 30, 1, 0, 3
31, 30, 1, 0, 3
31, 30, 1, 0, 3
31, 30, 1, 0, 3
31, 30, 1, 0, 3
31, 30, 2, 1, 2
31, 30, 2, 1, 2
31, 30, 2, 1, 2
31, 30, 2, 1, 2
31, 30, 2, 1, 2
31, 30, 2, 1, 2
31, 30, 2, 1, 2
31, 30, 2, 1, 2
31, 30, 2, 1, 2
31, 30, 2, 1, 2
31, 30, 2, 1, 2
31, 30, 2, 1, 2
31, 30, 2, 1, 2
31, 30, 2, 1, 2
31, 30, 2, 1, 2
31, 30, 2, 1, 2
31, 30, 2, 1, 2
31, 30, 2, 1, 2
31, 30, 2, 1, 2
31, 30, 2, 1, 2
31, 30, 2, 1, 2
31, 30, 2, 1, 2
31, 30, 2, 1, 2
31, 30, 2, 1, 2
31, 30, 2, 1, 2
31, 30, 2, 1, 2
31, 30, 2, 1, 2
31, 30, 2, 1, 2
31, 30, 2, 1, 2
31, 30, 2, 1, 2
32, 30, 1, 0, 3
32, 30, 1, 0, 3
32, 30, 1, 0, 3
32, 30, 1, 0, 3
32, 30, 1, 0, 3
32, 30, 1, 0, 3
32, 30, 1, 0, 3
32, 30, 1, 0, 3
32, 30, 1, 0, 3
32, 30, 1, 0, 3
32, 30, 1, 0, 3
32, 30, 1, 0, 3
32, 30, 1, 0, 3
32, 30, 1, 0, 3
32, 30, 1, 0, 3
32, 30, 1, 0, 3
32, 30, 1, 0, 3
32, 30, 1, 0, 3
32, 30, 1, 0, 3
32, 30, 1, 0, 3
32, 30, 1, 0, 3
32, 30, 1, 0, 3
32, 30, 1, 0, 3
32, 30, 1, 0, 3
32, 30, 1, 0, 3
32, 30, 1, 0, 3
32, 30, 1, 0, 3
32, 30, 1, 0, 3
32, 30, 1, 0, 3
32, 30, 1, 0, 3
32, 30, 2, 1, 2
32, 30, 2, 1, 2
32, 30, 2, 1, 2
32, 30, 2, 1, 2
32, 30, 2, 1, 2
32, 30, 2, 1, 2
32, 30, 2, 1, 2
32, 30, 2, 1, 2
32, 30, 2, 1, 2
32, 30, 2, 1, 2
32, 30, 2, 1, 2
32, 30, 2, 1, 2
32, 30, 2, 1, 2
32, 30, 2, 1, 2
32, 30, 2, 1, 2
32, 30, 2, 1, 2
32, 30, 2, 1, 2
32, 30, 2, 1, 2
32, 30, 2, 1, 2
32, 30, 2, 1, 2
32, 30, 2, 1, 2
32, 30, 2, 1, 2
32, 30, 2, 1, 2
32, 30, 2, 1, 2
32, 30, 2, 1, 2
32, 30, 2, 1, 2
32, 30, 2, 1, 2
32, 30, 2, 1, 2
32, 30, 2, 1, 2
32, 30, 2, 1, 2
33, 30, 1, 0, 3
33, 30, 1, 0, 3
33, 30, 1, 0, 3
33, 30, 1, 0, 3
33, 30, 1, 0, 3
33, 30, 1, 0, 3
33, 30, 1, 0, 3
33, 30, 1, 0, 3
33, 30, 1, 0, 3
33, 30, 1, 0, 3
33, 30, 1, 0, 3
33, 30, 1, 0, 3
33, 30, 1, 0, 3
33, 30, 1, 0, 3
33, 30, 1, 0, 3
33, 30, 1, 0, 3
33, 30, 1, 0, 3
33, 30, 1, 0, 3
33, 30, 1, 0, 3
33, 30, 1, 0, 3
33, 30, 1, 0, 3
33, 30, 1, 0, 3
33, 30, 1, 0, 3
33, 30, 1, 0, 3
33, 30, 1, 0, 3
33, 30, 1, 0, 3
33, 30, 1, 0, 3
33, 30, 1, 0, 3
33, 30, 1, 0, 3
33, 30, 1, 0, 3
33, 30, 2, 1, 2
33, 30, 2, 1, 2
33, 30, 2, 1, 2
33, 30, 2, 1, 2
33, 30, 2, 1, 2
33, 30, 2, 1, 2
33, 30, 2, 1, 2
33, 30, 2, 1, 2
33, 30, 2, 1, 2
33, 30, 2, 1, 2
33, 30, 2, 1, 2
33, 30, 2, 1, 2
33, 30, 2, 1, 2
33, 30, 2, 1, 2
33, 30, 2, 1, 2
33, 30, 2, 1, 2
33, 30, 2, 1, 2
33, 30, 2, 1, 2
33, 30, 2, 1, 2
33, 30, 2, 1, 2
33, 30, 2, 1, 2
33, 30, 2, 1, 2
33, 30, 2, 1, 2
33, 30, 2, 1, 2
33, 30, 2, 1, 2
33, 30, 2, 1, 2
33, 30, 2, 1, 2
33, 30, 2, 1, 2
33, 30, 2, 1, 2
33, 30, 2, 1, 2
34, 30, 1, 0, 3
34, 30, 1, 0, 3
34, 30, 1, 0, 3
34, 30, 1, 0, 3
34, 30, 1, 0, 3
34, 30, 1, 0, 3
34, 30, 1, 0, 3
34, 30, 1, 0, 3
34, 30, 1, 0, 3
34, 30, 1, 0, 3
34, 30, 1, 0, 3
34, 30, 1, 0, 3
34, 30, 1, 0, 3
34, 30, 1, 0, 3
34, 30, 1, 0, 3
34, 30, 1, 0, 3
34, 30, 1, 0, 3
34, 30, 1, 0, 3
34, 30, 1, 0, 3
34, 30, 1, 0, 3
34, 30, 1, 0, 3
34, 30, 1, 0, 3
34, 30, 1, 0, 3
34, 30, 1, 0, 3
34, 30, 1, 0, 3
34, 30, 1, 0, 3
34, 30, 1, 0, 3
34, 30, 1, 0, 3
34, 30, 1, 0, 3
34, 30, 1, 0, 3
34, 30, 2, 1, 2
34, 30, 2, 1, 2
34, 30, 2, 1, 2
34, 30, 2, 1, 2
34, 30, 2, 1, 2
34, 30, 2, 1, 2
34, 30, 2, 1, 2
34, 30, 2, 1, 2
34, 30, 2, 1, 2
34, 30, 2, 1, 2
34, 30, 2, 1, 2
34, 30, 2, 1, 2
34, 30, 2, 1, 2
34, 30, 2, 1, 2
34, 30, 2, 1, 2
34, 30, 2, 1, 2
34, 30, 2, 1, 2
34, 30, 2, 1, 2
34, 30, 2, 1, 2
34, 30, 2, 1, 2
34, 30, 2, 1, 2
34, 30, 2, 1, 2
34, 30, 2, 1, 2
34, 30, 2, 1, 2
34, 30, 2, 1, 2
34, 30, 2, 1, 2
34, 30, 2, 1, 2
34, 30, 2, 1, 2
34, 30, 2, 1, 2
34, 30, 2, 1, 2
35, 30, 1, 0, 3
35, 30, 1, 0, 3
35, 30, 1, 0, 3
35, 30, 1, 0, 3
35, 30, 1, 0, 3
35, 30, 1, 0, 3
35, 30, 1, 0, 3
35, 30, 1, 0, 3
35, 30, 1, 0, 3
35, 30, 1, 0, 3
35, 30, 1, 0, 3
35, 30, 1, 0, 3
35, 30, 1, 0, 3
35, 30, 1, 0, 3
35, 30, 1, 0, 3
35, 30, 1, 0, 3
35, 30, 1, 0, 3
35, 30, 1, 0, 3
35, 30, 1, 0, 3
35, 30, 1, 0, 3
35, 30, 1, 0, 3
35, 30, 1, 0, 3
35, 30, 1, 0, 3
35, 30, 1, 0, 3
35, 30, 1, 0, 3
35, 30, 1, 0, 3
35, 30, 1, 0, 3
35, 30, 1, 0, 3
35, 30, 1, 0, 3
35, 30, 1, 0, 3
35, 30, 2, 1, 2
35, 30, 2, 1, 2
35, 30, 2, 1, 2
35, 30, 2, 1, 2
35, 30, 2, 1, 2
35, 30, 2, 1, 2
35, 30, 2, 1, 2
35, 30, 2, 1, 2
35, 30, 2, 1, 2
35, 30, 2, 1, 2
35, 30, 2, 1, 2
35, 30, 2, 1, 2
35, 30, 2, 1, 2
35, 30, 2, 1, 2
35, 30, 2, 1, 2
35, 30, 2, 1, 2
35, 30, 2, 1, 2
35, 30, 2, 1, 2
35, 30, 2, 1, 2
35, 30, 2, 1, 2
35, 30, 2, 1, 2
35, 30, 2, 1, 2
35, 30, 2, 1, 2
35, 30, 2, 1, 2
35, 30, 2, 1, 2
35, 30, 2, 1, 2
35, 30, 2, 1, 2
35, 30, 2, 1, 2
35, 30, 2, 1, 2
35, 30, 2, 1, 2
36, 30, 1, 0, 3
36, 30, 1, 0, 3
36, 30, 1, 0, 3
36, 30, 1, 0, 3
36, 30, 1, 0, 3
36, 30, 1, 0, 3
36, 30, 1, 0, 3
36, 30, 1, 0, 3
36, 30, 1, 0, 3
36, 30, 1, 0, 3
36, 30, 1, 0, 3
36, 30, 1, 0, 3
36, 30, 1, 0, 3
36, 30, 1, 0, 3
36, 30, 1, 0, 3
36, 30, 1, 0, 3
36, 30, 1, 0, 3
36, 30, 1, 0, 3
36, 30, 1, 0, 3
36, 30, 1, 0, 3
36, 30, 1, 0, 3
36, 30, 1, 0, 3
36, 30, 1, 0, 3
36, 30, 1, 0, 3
36, 30, 1, 0, 3
36, 30, 1, 0, 3
36, 30, 1, 0, 3
36, 30, 1, 0, 3
36, 30, 1, 0, 3
36, 30, 1, 0, 3
36, 30, 2, 1, 2
36, 30, 2, 1, 2
36, 30, 2, 1, 2
36, 30, 2, 1, 2
36, 30, 2, 1, 2
36, 30, 2, 1, 2
36, 30, 2, 1, 2
36, 30, 2, 1, 2
36, 30, 2, 1, 2
36, 30, 2, 1, 2
36, 30, 2, 1, 2
36, 30, 2, 1, 2
36, 30, 2, 1, 2
36, 30, 2, 1, 2
36, 30, 2, 1, 2
36, 30, 2, 1, 2
36, 30, 2, 1, 2
36, 30, 2, 1, 2
36, 30, 2, 1, 2
36, 30, 2, 1, 2
36, 30, 2, 1, 2
36, 30, 2, 1, 2
36, 30, 2, 1, 2
36, 30, 2, 1, 2
36, 30, 2, 1, 2
36, 30, 2, 1, 2
36, 30, 2, 1, 2
36, 30, 2, 1, 2
36, 30, 2, 1, 2
36, 30, 2, 1, 2
37, 30, 1, 0, 3
37, 30, 1, 0, 3
37, 30, 1, 0, 3
37, 30, 1, 0, 3
37, 30, 1, 0, 3
37, 30, 1, 0, 3
37, 30, 1, 0, 3
37, 30, 1, 0, 3
37, 30, 1, 0, 3
37, 30, 1, 0, 3
37, 30, 1, 0, 3
37, 30, 1, 0, 3
37, 30, 1, 0, 3
37, 30, 1, 0, 3
37, 30, 1, 0, 3
37, 30, 1, 0, 3
37, 30, 1, 0, 3
37, 30, 1, 0, 3
37, 30, 1, 0, 3
37, 30, 1, 0, 3
37, 30, 1, 0, 3
37, 30, 1, 0, 3
37, 30, 1, 0, 3
37, 30, 1, 0, 3
37, 30, 1, 0, 3
37, 30, 1, 0, 3
37, 30, 1, 0, 3
37, 30, 1, 0, 3
37, 30, 1, 0, 3
37, 30, 1, 0, 3
37, 30, 2, 1, 2
37, 30, 2, 1, 2
37, 30, 2, 1, 2
37, 30, 2, 1, 2
37, 30, 2, 1, 2
37, 30, 2, 1, 2
37, 30, 2, 1, 2
37, 30, 2, 1, 2
37, 30, 2, 1, 2
37, 30, 2, 1, 2
37, 30, 2, 1, 2
37, 30, 2, 1, 2
37, 30, 2, 1, 2
37, 30, 2, 1, 2
37, 30, 2, 1, 2
37, 30, 2, 1, 2
37, 30, 2, 1, 2
37, 30, 2, 1, 2
37, 30, 2, 1, 2
37, 30, 2, 1, 2
37, 30, 2, 1, 2
37, 30, 2, 1, 2
37, 30, 2, 1, 2
37, 30, 2, 1, 2
37, 30, 2, 1, 2
37, 30, 2, 1, 2
37, 30, 2, 1, 2
37, 30, 2, 1, 2
37, 30, 2, 1, 2
37, 30, 2, 1, 2
38, 30, 1, 0, 3
38, 30, 1, 0, 3
38, 30, 1, 0, 3
38, 30, 1, 0, 3
38, 30, 1, 0, 3
38, 30, 1, 0, 3
38, 30, 1, 0, 3
38, 30, 1, 0, 3
38, 30, 1, 0, 3
38, 30, 1, 0, 3
38, 30, 1, 0, 3
38, 30, 1, 0, 3
38, 30, 1, 0, 3
38, 30, 1, 0, 3
38, 30, 1, 0, 3
38, 30, 1, 0, 3
38, 30, 1, 0, 3
38, 30, 1, 0, 3
38, 30, 1, 0, 3
38, 30, 1, 0, 3
38, 30, 1, 0, 3
38, 30, 1, 0, 3
38, 30, 1, 0, 3
38, 30, 1, 0, 3
38, 30, 1, 0, 3
38, 30, 1, 0, 3
38, 30, 1, 0, 3
38, 30, 1, 0, 3
38, 30, 1, 0, 3
38, 30, 1, 0, 3
38, 30, 2, 1, 2
38, 30, 2, 1, 2
38, 30, 2, 1, 2
38, 30, 2, 1, 2
38, 30, 2, 1, 2
38, 30, 2, 1, 2
38, 30, 2, 1, 2
38, 30, 2, 1, 2
38, 30, 2, 1, 2
38, 30, 2, 1, 2
38, 30, 2, 1, 2
38, 30, 2, 1, 2
38, 30, 2, 1, 2
38, 30, 2, 1, 2
38, 30, 2, 1, 2
38, 30, 2, 1, 2
38, 30, 2, 1, 2
38, 30, 2, 1, 2
38, 30, 2, 1, 2
38, 30, 2, 1, 2
38, 30, 2, 1, 2
38, 30, 2, 1, 2
38, 30, 2, 1, 2
38, 30, 2, 1, 2
38, 30, 2, 1, 2
38, 30, 2, 1, 2
38, 30, 2, 1, 2
38, 30, 2, 1, 2
38, 30, 2, 1, 2
38, 30, 2, 1, 2
39, 30, 1, 0, 3
39, 30, 1, 0, 3
39, 30, 1, 0, 3
39, 30, 1, 0, 3
39, 30, 1, 0, 3
39, 30, 1, 0, 3
39, 30, 1, 0, 3
39, 30, 1, 0, 3
39, 30, 1, 0, 3
39, 30, 1, 0, 3
39, 30, 1, 0, 3
39, 30, 1, 0, 3
39, 30, 1, 0, 3
39, 30, 1, 0, 3
39, 30, 1, 0, 3
39, 30, 1, 0, 3
39, 30, 1, 0, 3
39, 30, 1, 0, 3
39, 30, 1, 0, 3
39, 30, 1, 0, 3
39, 30, 1, 0, 3
39, 30, 1, 0, 3
39, 30, 1, 0, 3
39, 30, 1, 0, 3
39, 30, 1, 0, 3
39, 30, 1, 0, 3
39, 30, 1, 0, 3
39, 30, 1, 0, 3
39, 30, 1, 0, 3
39, 30, 1, 0, 3
39, 30, 2, 1, 2
39, 30, 2, 1, 2
39, 30, 2, 1, 2
39, 30, 2, 1, 2
39, 30, 2, 1, 2
39, 30, 2, 1, 2
39, 30, 2, 1, 2
39, 30, 2, 1, 2
39, 30, 2, 1, 2
39, 30, 2, 1, 2
39, 30, 2, 1, 2
39, 30, 2, 1, 2
39, 30, 2, 1, 2
39, 30, 2, 1, 2
39, 30, 2, 1, 2
39, 30, 2, 1, 2
39, 30, 2, 1, 2
39, 30, 2, 1, 2
39, 30, 2, 1, 2
39, 30, 2, 1, 2
39, 30, 2, 1, 2
39, 30, 2, 1, 2
39, 30, 2, 1, 2
39, 30, 2, 1, 2
39, 30, 2, 1, 2
39, 30, 2, 1, 2
39, 30, 2, 1, 2
39, 30, 2, 1, 2
39, 30, 2, 1, 2
39, 30, 2, 1, 2
40, 30, 1, 0, 3
40, 30, 1, 0, 3
40, 30, 1, 0, 3
40, 30, 1, 0, 3
40, 30, 1, 0, 3
40, 30, 1, 0, 3
40, 30, 1, 0, 3
40, 30, 1, 0, 3
40, 30, 1, 0, 3
40, 30, 1, 0, 3
40, 30, 1, 0, 3
40, 30, 1, 0, 3
40, 30, 1, 0, 3
40, 30, 1, 0, 3
40, 30, 1, 0, 3
40, 30, 1, 0, 3
40, 30, 1, 0, 3
40, 30, 1, 0, 3
40, 30, 1, 0, 3
40, 30, 1, 0, 3
40, 30, 1, 0, 3
40, 30, 1, 0, 3
40, 30, 1, 0, 3
40, 30, 1, 0, 3
40, 30, 1, 0, 3
40, 30, 1, 0, 3
40, 30, 1, 0, 3
40, 30, 1, 0, 3
40, 30, 1, 0, 3
40, 30, 1, 0, 3
40, 30, 2, 1, 2
40, 30, 2, 1, 2
40, 30, 2, 1, 2
40, 30, 2, 1, 2
40, 30, 2, 1, 2
40, 30, 2, 1, 2
40, 30, 2, 1, 2
40, 30, 2, 1, 2
40, 30, 2, 1, 2
40, 30, 2, 1, 2
40, 30, 2, 1, 2
40, 30, 2, 1, 2
40, 30, 2, 1, 2
40, 30, 2, 1, 2
40, 30, 2, 1, 2
40, 30, 2, 1, 2
40, 30, 2, 1, 2
40, 30, 2, 1, 2
40, 30, 2, 1, 2
40, 30, 2, 1, 2
40, 30, 2, 1, 2
40, 30, 2, 1, 2
40, 30, 2, 1, 2
40, 30, 2, 1, 2
40, 30, 2, 1, 2
40, 30, 2, 1, 2
40, 30, 2, 1, 2
40, 30, 2, 1, 2
40, 30, 2, 1, 2
40, 30, 2, 1, 2
41, 30, 1, 0, 3
41, 30, 1, 0, 3
41, 30, 1, 0, 3
41, 30, 1, 0, 3
41, 30, 1, 0, 3
41, 30, 1, 0, 3
41, 30, 1, 0, 3
41, 30, 1, 0, 3
41, 30, 1, 0, 3
41, 30, 1, 0, 3
41, 30, 1, 0, 3
41, 30, 1, 0, 3
41, 30, 1, 0, 3
41, 30, 1, 0, 3
41, 30, 1, 0, 3
41, 30, 1, 0, 3
41, 30, 1, 0, 3
41, 30, 1, 0, 3
41, 30, 1, 0, 3
41, 30, 1, 0, 3
41, 30, 1, 0, 3
41, 30, 1, 0, 3
41, 30, 1, 0, 3
41, 30, 1, 0, 3
41, 30, 1, 0, 3
41, 30, 1, 0, 3
41, 30, 1, 0, 3
41, 30, 1, 0, 3
41, 30, 1, 0, 3
41, 30, 1, 0, 3
41, 30, 2, 1, 2
41, 30, 2, 1, 2
41, 30, 2, 1, 2
41, 30, 2, 1, 2
41, 30, 2, 1, 2
41, 30, 2, 1, 2
41, 30, 2, 1, 2
41, 30, 2, 1, 2
41, 30, 2, 1, 2
41, 30, 2, 1, 2
41, 30, 2, 1, 2
41, 30, 2, 1, 2
41, 30, 2, 1, 2
41, 30, 2, 1, 2
41, 30, 2, 1, 2
41, 30, 2, 1, 2
41, 30, 2, 1, 2
41, 30, 2, 1, 2
41, 30, 2, 1, 2
41, 30, 2, 1, 2
41, 30, 2, 1, 2
41, 30, 2, 1, 2
41, 30, 2, 1, 2
41, 30, 2, 1, 2
41, 30, 2, 1, 2
41, 30, 2, 1, 2
41, 30, 2, 1, 2
41, 30, 2, 1, 2
41, 30, 2, 1, 2
41, 30, 2, 1, 2
42, 30, 1, 0, 3
42, 30, 1, 0, 3
42, 30, 1, 0, 3
42, 30, 1, 0, 3
42, 30, 1, 0, 3
42, 30, 1, 0, 3
42, 30, 1, 0, 3
42, 30, 1, 0, 3
42, 30, 1, 0, 3
42, 30, 1, 0, 3
42, 30, 1, 0, 3
42, 30, 1, 0, 3
42, 30, 1, 0, 3
42, 30, 1, 0, 3
42, 30, 1, 0, 3
42, 30, 1, 0, 3
42, 30, 1, 0, 3
42, 30, 1, 0, 3
42, 30, 1, 0, 3
42, 30, 1, 0, 3
42, 30, 1, 0, 3
42, 30, 1, 0, 3
42, 30, 1, 0, 3
42, 30, 1, 0, 3
42, 30, 1, 0, 3
42, 30, 1, 0, 3
42, 30, 1, 0, 3
42, 30, 1, 0, 3
42, 30, 1, 0, 3
42, 30, 1, 0, 3
42, 30, 2, 1, 2
42, 30, 2, 1, 2
42, 30, 2, 1, 2
42, 30, 2, 1, 2
42, 30, 2, 1, 2
42, 30, 2, 1, 2
42, 30, 2, 1, 2
42, 30, 2, 1, 2
42, 30, 2, 1, 2
42, 30, 2, 1, 2
42, 30, 2, 1, 2
42, 30, 2, 1, 2
42, 30, 2, 1, 2
42, 30, 2, 1, 2
42, 30, 2, 1, 2
42, 30, 2, 1, 2
42, 30, 2, 1, 2
42, 30, 2, 1, 2
42, 30, 2, 1, 2
42, 30, 2, 1, 2
42, 30, 2, 1, 2
42, 30, 2, 1, 2
42, 30, 2, 1, 2
42, 30, 2, 1, 2
42, 30, 2, 1, 2
42, 30, 2, 1, 2
42, 30, 2, 1, 2
42, 30, 2, 1, 2
42, 30, 2, 1, 2
42, 30, 2, 1, 2
43, 30, 1, 0, 3
43, 30, 1, 0, 3
43, 30, 1, 0, 3
43, 30, 1, 0, 3
43, 30, 1, 0, 3
43, 30, 1, 0, 3
43, 30, 1, 0, 3
43, 30, 1, 0, 3
43, 30, 1, 0, 3
43, 30, 1, 0, 3
43, 30, 1, 0, 3
43, 30, 1, 0, 3
43, 30, 1, 0, 3
43, 30, 1, 0, 3
43, 30, 1, 0, 3
43, 30, 1, 0, 3
43, 30, 1, 0, 3
43, 30, 1, 0, 3
43, 30, 1, 0, 3
43, 30, 1, 0, 3
43, 30, 1, 0, 3
43, 30, 1, 0, 3
43, 30, 1, 0, 3
43, 30, 1, 0, 3
43, 30, 1, 0, 3
43, 30, 1, 0, 3
43, 30, 1, 0, 3
43, 30, 1, 0, 3
43, 30, 1, 0, 3
43, 30, 1, 0, 3
43, 30, 2, 1, 2
43, 30, 2, 1, 2
43, 30, 2, 1, 2
43, 30, 2, 1, 2
43, 30, 2, 1, 2
43, 30, 2, 1, 2
43, 30, 2, 1, 2
43, 30, 2, 1, 2
43, 30, 2, 1, 2
43, 30, 2, 1, 2
43, 30, 2, 1, 2
43, 30, 2, 1, 2
43, 30, 2, 1, 2
43, 30, 2, 1, 2
43, 30, 2, 1, 2
43, 30, 2, 1, 2
43, 30, 2, 1, 2
43, 30, 2, 1, 2
43, 30, 2, 1, 2
43, 30, 2, 1, 2
43, 30, 2, 1, 2
43, 30, 2, 1, 2
43, 30, 2, 1, 2
43, 30, 2, 1, 2
43, 30, 2, 1, 2
43, 30, 2, 1, 2
43, 30, 2, 1, 2
43, 30, 2, 1, 2
43, 30, 2, 1, 2
43, 30, 2, 1, 2
44, 30, 1, 0, 3
44, 30, 1, 0, 3
44, 30, 1, 0, 3
44, 30, 1, 0, 3
44, 30, 1, 0, 3
44, 30, 1, 0, 3
44, 30, 1, 0, 3
44, 30, 1, 0, 3
44, 30, 1, 0, 3
44, 30, 1, 0, 3
44, 30, 1, 0, 3
44, 30, 1, 0, 3
44, 30, 1, 0, 3
44, 30, 1, 0, 3
44, 30, 1, 0, 3
44, 30, 1, 0, 3
44, 30, 1, 0, 3
44, 30, 1, 0, 3
44, 30, 1, 0, 3
44, 30, 1, 0, 3
44, 30, 1, 0, 3
44, 30, 1, 0, 3
44, 30, 1, 0, 3
44, 30, 1, 0, 3
44, 30, 1, 0, 3
44, 30, 1, 0, 3
44, 30, 1, 0, 3
44, 30, 1, 0, 3
44, 30, 1, 0, 3
44, 30, 1, 0, 3
44, 30, 2, 1, 2
44, 30, 2, 1, 2
44, 30, 2, 1, 2
44, 30, 2, 1, 2
44, 30, 2, 1, 2
44, 30, 2, 1, 2
44, 30, 2, 1, 2
44, 30, 2, 1, 2
44, 30, 2, 1, 2
44, 30, 2, 1, 2
44, 30, 2, 1, 2
44, 30, 2, 1, 2
44, 30, 2, 1, 2
44, 30, 2, 1, 2
44, 30, 2, 1, 2
44, 30, 2, 1, 2
44, 30, 2, 1, 2
44, 30, 2, 1, 2
44, 30, 2, 1, 2
44, 30, 2, 1, 2
44, 30, 2, 1, 2
44, 30, 2, 1, 2
44, 30, 2, 1, 2
44, 30, 2, 1, 2
44, 30, 2, 1, 2
44, 30, 2, 1, 2
44, 30, 2, 1, 2
44, 30, 2, 1, 2
44, 30, 2, 1, 2
44, 30, 2, 1, 2
45, 30, 1, 0, 3
45, 30, 1, 0, 3
45, 30, 1, 0, 3
45, 30, 1, 0, 3
45, 30, 1, 0, 3
45, 30, 1, 0, 3
45, 30, 1, 0, 3
45, 30, 1, 0, 3
45, 30, 1, 0, 3
45, 30, 1, 0, 3
45, 30, 1, 0, 3
45, 30, 1, 0, 3
45, 30, 1, 0, 3
45, 30, 1, 0, 3
45, 30, 1, 0, 3
45, 30, 1, 0, 3
45, 30, 1, 0, 3
45, 30, 1, 0, 3
45, 30, 1, 0, 3
45, 30, 1, 0, 3
45, 30, 1, 0, 3
45, 30, 1, 0, 3
45, 30, 1, 0, 3
45, 30, 1, 0, 3
45, 30, 1, 0, 3
45, 30, 1, 0, 3
45, 30, 1, 0, 3
45, 30, 1, 0, 3
45, 30, 1, 0, 3
45, 30, 1, 0, 3
45, 30, 2, 1, 2
45, 30, 2, 1, 2
45, 30, 2, 1, 2
45, 30, 2, 1, 2
45, 30, 2, 1, 2
45, 30, 2, 1, 2
45, 30, 2, 1, 2
45, 30, 2, 1, 2
45, 30, 2, 1, 2
45, 30, 2, 1, 2
45, 30, 2, 1, 2
45, 30, 2, 1, 2
45, 30, 2, 1, 2
45, 30, 2, 1, 2
45, 30, 2, 1, 2
45, 30, 2, 1, 2
45, 30, 2, 1, 2
45, 30, 2, 1, 2
45, 30, 2, 1, 2
45, 30, 2, 1, 2
45, 30, 2, 1, 2
45, 30, 2, 1, 2
45, 30, 2, 1, 2
45, 30, 2, 1, 2
45, 30, 2, 1, 2
45, 30, 2, 1, 2
45, 30, 2, 1, 2
45, 30, 2, 1, 2
45, 30, 2, 1, 2
45, 30, 2, 1, 2
46, 30, 1, 0, 3
46, 30, 1, 0, 3
46, 30, 1, 0, 3
46, 30, 1, 0, 3
46, 30, 1, 0, 3
46, 30, 1, 0, 3
46, 30, 1, 0, 3
46, 30, 1, 0, 3
46, 30, 1, 0, 3
46, 30, 1, 0, 3
46, 30, 1, 0, 3
46, 30, 1, 0, 3
46, 30, 1, 0, 3
46, 30, 1, 0, 3
46, 30, 1, 0, 3
46, 30, 1, 0, 3
46, 30, 1, 0, 3
46, 30, 1, 0, 3
46, 30, 1, 0, 3
46, 30, 1, 0, 3
46, 30, 1, 0, 3
46, 30, 1, 0, 3
46, 30, 1, 0, 3
46, 30, 1, 0, 3
46, 30, 1, 0, 3
46, 30, 1, 0, 3
46, 30, 1, 0, 3
46, 30, 1, 0, 3
46, 30, 1, 0, 3
46, 30, 1, 0, 3
46, 30, 2, 1, 2
46, 30, 2, 1, 2
46, 30, 2, 1, 2
46, 30, 2, 1, 2
46, 30, 2, 1, 2
46, 30, 2, 1, 2
46, 30, 2, 1, 2
46, 30, 2, 1, 2
46, 30, 2, 1, 2
46, 30, 2, 1, 2
46, 30, 2, 1, 2
46, 30, 2, 1, 2
46, 30, 2, 1, 2
46, 30, 2, 1, 2
46, 30, 2, 1, 2
46, 30, 2, 1, 2
46, 30, 2, 1, 2
46, 30, 2, 1, 2
46, 30, 2, 1, 2
46, 30, 2, 1, 2
46, 30, 2, 1, 2
46, 30, 2, 1, 2
46, 30, 2, 1, 2
46, 30, 2, 1, 2
46, 30, 2, 1, 2
46, 30, 2, 1, 2
46, 30, 2, 1, 2
46, 30, 2, 1, 2
46, 30, 2, 1, 2
46, 30, 2, 1, 2
47, 30, 1, 0, 3
47, 30, 1, 0, 3
47, 30, 1, 0, 3
47, 30, 1, 0, 3
47, 30, 1, 0, 3
47, 30, 1, 0, 3
47, 30, 1, 0, 3
47, 30, 1, 0, 3
47, 30, 1, 0, 3
47, 30, 1, 0, 3
47, 30, 1, 0, 3
47, 30, 1, 0, 3
47, 30, 1, 0, 3
47, 30, 1, 0, 3
47, 30, 1, 0, 3
47, 30, 1, 0, 3
47, 30, 1, 0, 3
47, 30, 1, 0, 3
47, 30, 1, 0, 3
47, 30, 1, 0, 3
47, 30, 1, 0, 3
47, 30, 1, 0, 3
47, 30, 1, 0, 3
47, 30, 1, 0, 3
47, 30, 1, 0, 3
47, 30, 1, 0, 3
47, 30, 1, 0, 3
47, 30, 1, 0, 3
47, 30, 1, 0, 3
47, 30, 1, 0, 3
47, 30, 2, 1, 2
47, 30, 2, 1, 2
47, 30, 2, 1, 2
47, 30, 2, 1, 2
47, 30, 2, 1, 2
47, 30, 2, 1, 2
47, 30, 2, 1, 2
47, 30, 2, 1, 2
47, 30, 2, 1, 2
47, 30, 2, 1, 2
47, 30, 2, 1, 2
47, 30, 2, 1, 2
47, 30, 2, 1, 2
47, 30, 2, 1, 2
47, 30, 2, 1, 2
47, 30, 2, 1, 2
47, 30, 2, 1, 2
47, 30, 2, 1, 2
47, 30, 2, 1, 2
47, 30, 2, 1, 2
47, 30, 2, 1, 2
47, 30, 2, 1, 2
47, 30, 2, 1, 2
47, 30, 2, 1, 2
47, 30, 2, 1, 2
47, 30, 2, 1, 2
47, 30, 2, 1, 2
47, 30, 2, 1, 2
47, 30, 2, 1, 2
47, 30, 2, 1, 2
48, 30, 1, 0, 3
48, 30, 1, 0, 3
48, 30, 1, 0, 3
48, 30, 1, 0, 3
48, 30, 1, 0, 3
48, 30, 1, 0, 3
48, 30, 1, 0, 3
48, 30, 1, 0, 3
48, 30, 1, 0, 3
48, 30, 1, 0, 3
48, 30, 1, 0, 3
48, 30, 1, 0, 3
48, 30, 1, 0, 3
48, 30, 1, 0, 3
48, 30, 1, 0, 3
48, 30, 1, 0, 3
48, 30, 1, 0, 3
48, 30, 1, 0, 3
48, 30, 1, 0, 3
48, 30, 1, 0, 3
48, 30, 1, 0, 3
48, 30, 1, 0, 3
48, 30, 1, 0, 3
48, 30, 1, 0, 3
48, 30, 1, 0, 3
48, 30, 1, 0, 3
48, 30, 1, 0, 3
48, 30, 1, 0, 3
48, 30, 1, 0, 3
48, 30, 1, 0, 3
48, 30, 2, 1, 2
48, 30, 2, 1, 2
48, 30, 2, 1, 2
48, 30, 2, 1, 2
48, 30, 2, 1, 2
48, 30, 2, 1, 2
48, 30, 2, 1, 2
48, 30, 2, 1, 2
48, 30, 2, 1, 2
48, 30, 2, 1, 2
48, 30, 2, 1, 2
48, 30, 2, 1, 2
48, 30, 2, 1, 2
48, 30, 2, 1, 2
48, 30, 2, 1, 2
48, 30, 2, 1, 2
48, 30, 2, 1, 2
48, 30, 2, 1, 2
48, 30, 2, 1, 2
48, 30, 2, 1, 2
48, 30, 2, 1, 2
48, 30, 2, 1, 2
48, 30, 2, 1, 2
48, 30, 2, 1, 2
48, 30, 2, 1, 2
48, 30, 2, 1, 2
48, 30, 2, 1, 2
48, 30, 2, 1, 2
48, 30, 2, 1, 2
48, 30, 2, 1, 2
49, 30, 1, 0, 4
49, 30, 1, 0, 4
49, 30, 1, 0, 4
49, 30, 1, 0, 4
49, 30, 1, 0, 4
49, 30, 1, 0, 4
49, 30, 1, 0, 4
49, 30, 1, 0, 4
49, 30, 1, 0, 4
49, 30, 1, 0, 4
49, 30, 1, 0, 4
49, 30, 1, 0, 4
49, 30, 1, 0, 4
49, 30, 1, 0, 4
49, 30, 1, 0, 4
49, 30, 1, 0, 4
49, 30, 1, 0, 4
49, 30, 1, 0, 4
49, 30, 1, 0, 4
49, 30, 1, 0, 4
49, 30, 1, 0, 4
49, 30, 1, 0, 4
49, 30, 1, 0, 4
49, 30, 1, 0, 4
49, 30, 1, 0, 4
49, 30, 1, 0, 4
49, 30, 1, 0, 4
49, 30, 1, 0, 4
49, 30, 1, 0, 4
49, 30, 1, 0, 4
49, 30, 2, 1, 2
49, 30, 2, 1, 2
49, 30, 2, 1, 2
49, 30, 2, 1, 2
49, 30, 2, 1, 2
49, 30, 2, 1, 2
49, 30, 2, 1, 2
49, 30, 2, 1, 2
49, 30, 2, 1, 2
49, 30, 2, 1, 2
49, 30, 2, 1, 2
49, 30, 2, 1, 2
49, 30, 2, 1, 2
49, 30, 2, 1, 2
49, 30, 2, 1, 2
49, 30, 2, 1, 2
49, 30, 2, 1, 2
49, 30, 2, 1, 2
49, 30, 2, 1, 2
49, 30, 2, 1, 2
49, 30, 2, 1, 2
49, 30, 2, 1, 2
49, 30, 2, 1, 2
49, 30, 2, 1, 2
49, 30, 2, 1, 2
49, 30, 2, 1, 2
49, 30, 2, 1, 2
49, 30, 2, 1, 2
49, 30, 2, 1, 2
49, 30, 2, 1, 2
50, 30, 1, 0, 4
50, 30, 1, 0, 4
50, 30, 1, 0, 4
50, 30, 1, 0, 4
50, 30, 1, 0, 4
50, 30, 1, 0, 4
50, 30, 1, 0, 4
50, 30, 1, 0, 4
50, 30, 1, 0, 4
50, 30, 1, 0, 4
50, 30, 1, 0, 4
50, 30, 1, 0, 4
50, 30, 1, 0, 4
50, 30, 1, 0, 4
50, 30, 1, 0, 4
50, 30, 1, 0, 4
50, 30, 1, 0, 4
50, 30, 1, 0, 4
50, 30, 1, 0, 4
50, 30, 1, 0, 4
50, 30, 1, 0, 4
50, 30, 1, 0, 4
50, 30, 1, 0, 4
50, 30, 1, 0, 4
50, 30, 1, 0, 4
50, 30, 1, 0, 4
50, 30, 1, 0, 4
50, 30, 1, 0, 4
50, 30, 1, 0, 4
50, 30, 1, 0, 4
50, 30, 2, 1, 2
50, 30, 2, 1, 2
50, 30, 2, 1, 2
50, 30, 2, 1, 2
50, 30, 2, 1, 2
50, 30, 2, 1, 2
50, 30, 2, 1, 2
50, 30, 2, 1, 2
50, 30, 2, 1, 2
50, 30, 2, 1, 2
50, 30, 2, 1, 2
50, 30, 2, 1, 2
50, 30, 2, 1, 2
50, 30, 2, 1, 2
50, 30, 2, 1, 2
50, 30, 2, 1, 2
50, 30, 2, 1, 2
50, 30, 2, 1, 2
50, 30, 2, 1, 2
50, 30, 2, 1, 2
50, 30, 2, 1, 2
50, 30, 2, 1, 2
50, 30, 2, 1, 2
50, 30, 2, 1, 2
50, 30, 2, 1, 2
50, 30, 2, 1, 2
50, 30, 2, 1, 2
50, 30, 2, 1, 2
50, 30, 2, 1, 2
50, 30, 2, 1, 2
51, 30, 1, 0, 4
51, 30, 1, 0, 4
51, 30, 1, 0, 4
51, 30, 1, 0, 4
51, 30, 1, 0, 4
51, 30, 1, 0, 4
51, 30, 1, 0, 4
51, 30, 1, 0, 4
51, 30, 1, 0, 4
51, 30, 1, 0, 4
51, 30, 1, 0, 4
51, 30, 1, 0, 4
51, 30, 1, 0, 4
51, 30, 1, 0, 4
51, 30, 1, 0, 4
51, 30, 1, 0, 4
51, 30, 1, 0, 4
51, 30, 1, 0, 4
51, 30, 1, 0, 4
51, 30, 1, 0, 4
51, 30, 1, 0, 4
51, 30, 1, 0, 4
51, 30, 1, 0, 4
51, 30, 1, 0, 4
51, 30, 1, 0, 4
51, 30, 1, 0, 4
51, 30, 1, 0, 4
51, 30, 1, 0, 4
51, 30, 1, 0, 4
51, 30, 1, 0, 4
51, 30, 2, 1, 2
51, 30, 2, 1, 2
51, 30, 2, 1, 2
51, 30, 2, 1, 2
51, 30, 2, 1, 2
51, 30, 2, 1, 2
51, 30, 2, 1, 2
51, 30, 2, 1, 2
51, 30, 2, 1, 2
51, 30, 2, 1, 2
51, 30, 2, 1, 2
51, 30, 2, 1, 2
51, 30, 2, 1, 2
51, 30, 2, 1, 2
51, 30, 2, 1, 2
51, 30, 2, 1, 2
51, 30, 2, 1, 2
51, 30, 2, 1, 2
51, 30, 2, 1, 2
51, 30, 2, 1, 2
51, 30, 2, 1, 2
51, 30, 2, 1, 2
51, 30, 2, 1, 2
51, 30, 2, 1, 2
51, 30, 2, 1, 2
51, 30, 2, 1, 2
51, 30, 2, 1, 2
51, 30, 2, 1, 2
51, 30, 2, 1, 2
51, 30, 2, 1, 2
52, 30, 1, 0, 4
52, 30, 1, 0, 4
52, 30, 1, 0, 4
52, 30, 1, 0, 4
52, 30, 1, 0, 4
52, 30, 1, 0, 4
52, 30, 1, 0, 4
52, 30, 1, 0, 4
52, 30, 1, 0, 4
52, 30, 1, 0, 4
52, 30, 1, 0, 4
52, 30, 1, 0, 4
52, 30, 1, 0, 4
52, 30, 1, 0, 4
52, 30, 1, 0, 4
52, 30, 1, 0, 4
52, 30, 1, 0, 4
52, 30, 1, 0, 4
52, 30, 1, 0, 4
52, 30, 1, 0, 4
52, 30, 1, 0, 4
52, 30, 1, 0, 4
52, 30, 1, 0, 4
52, 30, 1, 0, 4
52, 30, 1, 0, 4
52, 30, 1, 0, 4
52, 30, 1, 0, 4
52, 30, 1, 0, 4
52, 30, 1, 0, 4
52, 30, 1, 0, 4
52, 30, 2, 1, 2
52, 30, 2, 1, 2
52, 30, 2, 1, 2
52, 30, 2, 1, 2
52, 30, 2, 1, 2
52, 30, 2, 1, 2
52, 30, 2, 1, 2
52, 30, 2, 1, 2
52, 30, 2, 1, 2
52, 30, 2, 1, 2
52, 30, 2, 1, 2
52, 30, 2, 1, 2
52, 30, 2, 1, 2
52, 30, 2, 1, 2
52, 30, 2, 1, 2
52, 30, 2, 1, 2
52, 30, 2, 1, 2
52, 30, 2, 1, 2
52, 30, 2, 1, 2
52, 30, 2, 1, 2
52, 30, 2, 1, 2
52, 30, 2, 1, 2
52, 30, 2, 1, 2
52, 30, 2, 1, 2
52, 30, 2, 1, 2
52, 30, 2, 1, 2
52, 30, 2, 1, 2
52, 30, 2, 1, 2
52, 30, 2, 1, 2
52, 30, 2, 1, 2
53, 30, 1, 0, 4
53, 30, 1, 0, 4
53, 30, 1, 0, 4
53, 30, 1, 0, 4
53, 30, 1, 0, 4
53, 30, 1, 0, 4
53, 30, 1, 0, 4
53, 30, 1, 0, 4
53, 30, 1, 0, 4
53, 30, 1, 0, 4
53, 30, 1, 0, 4
53, 30, 1, 0, 4
53, 30, 1, 0, 4
53, 30, 1, 0, 4
53, 30, 1, 0, 4
53, 30, 1, 0, 4
53, 30, 1, 0, 4
53, 30, 1, 0, 4
53, 30, 1, 0, 4
53, 30, 1, 0, 4
53, 30, 1, 0, 4
53, 30, 1, 0, 4
53, 30, 1, 0, 4
53, 30, 1, 0, 4
53, 30, 1, 0, 4
53, 30, 1, 0, 4
53, 30, 1, 0, 4
53, 30, 1, 0, 4
53, 30, 1, 0, 4
53, 30, 1, 0, 4
53, 30, 2, 1, 2
53, 30, 2, 1, 2
53, 30, 2, 1, 2
53, 30, 2, 1, 2
53, 30, 2, 1, 2
53, 30, 2, 1, 2
53, 30, 2, 1, 2
53, 30, 2, 1, 2
53, 30, 2, 1, 2
53, 30, 2, 1, 2
53, 30, 2, 1, 2
53, 30, 2, 1, 2
53, 30, 2, 1, 2
53, 30, 2, 1, 2
53, 30, 2, 1, 2
53, 30, 2, 1, 2
53, 30, 2, 1, 2
53, 30, 2, 1, 2
53, 30, 2, 1, 2
53, 30, 2, 1, 2
53, 30, 2, 1, 2
53, 30, 2, 1, 2
53, 30, 2, 1, 2
53, 30, 2, 1, 2
53, 30, 2, 1, 2
53, 30, 2, 1, 2
53, 30, 2, 1, 2
53, 30, 2, 1, 2
53, 30, 2, 1, 2
53, 30, 2, 1, 2
54, 30, 1, 0, 4
54, 30, 1, 0, 4
54, 30, 1, 0, 4
54, 30, 1, 0, 4
54, 30, 1, 0, 4
54, 30, 1, 0, 4
54, 30, 1, 0, 4
54, 30, 1, 0, 4
54, 30, 1, 0, 4
54, 30, 1, 0, 4
54, 30, 1, 0, 4
54, 30, 1, 0, 4
54, 30, 1, 0, 4
54, 30, 1, 0, 4
54, 30, 1, 0, 4
54, 30, 1, 0, 4
54, 30, 1, 0, 4
54, 30, 1, 0, 4
54, 30, 1, 0, 4
54, 30, 1, 0, 4
54, 30, 1, 0, 4
54, 30, 1, 0, 4
54, 30, 1, 0, 4
54, 30, 1, 0, 4
54, 30, 1, 0, 4
54, 30, 1, 0, 4
54, 30, 1, 0, 4
54, 30, 1, 0, 4
54, 30, 1, 0, 4
54, 30, 1, 0, 4
54, 30, 2, 1, 2
54, 30, 2, 1, 2
54, 30, 2, 1, 2
54, 30, 2, 1, 2
54, 30, 2, 1, 2
54, 30, 2, 1, 2
54, 30, 2, 1, 2
54, 30, 2, 1, 2
54, 30, 2, 1, 2
54, 30, 2, 1, 2
54, 30, 2, 1, 2
54, 30, 2, 1, 2
54, 30, 2, 1, 2
54, 30, 2, 1, 2
54, 30, 2, 1, 2
54, 30, 2, 1, 2
54, 30, 2, 1, 2
54, 30, 2, 1, 2
54, 30, 2, 1, 2
54, 30, 2, 1, 2
54, 30, 2, 1, 2
54, 30, 2, 1, 2
54, 30, 2, 1, 2
54, 30, 2, 1, 2
54, 30, 2, 1, 2
54, 30, 2, 1, 2
54, 30, 2, 1, 2
54, 30, 2, 1, 2
54, 30, 2, 1, 2
54, 30, 2, 1, 2
55, 30, 1, 0, 4
55, 30, 1, 0, 4
55, 30, 1, 0, 4
55, 30, 1, 0, 4
55, 30, 1, 0, 4
55, 30, 1, 0, 4
55, 30, 1, 0, 4
55, 30, 1, 0, 4
55, 30, 1, 0, 4
55, 30, 1, 0, 4
55, 30, 1, 0, 4
55, 30, 1, 0, 4
55, 30, 1, 0, 4
55, 30, 1, 0, 4
55, 30, 1, 0, 4
55, 30, 1, 0, 4
55, 30, 1, 0, 4
55, 30, 1, 0, 4
55, 30, 1, 0, 4
55, 30, 1, 0, 4
55, 30, 1, 0, 4
55, 30, 1, 0, 4
55, 30, 1, 0, 4
55, 30, 1, 0, 4
55, 30, 1, 0, 4
55, 30, 1, 0, 4
55, 30, 1, 0, 4
55, 30, 1, 0, 4
55, 30, 1, 0, 4
55, 30, 1, 0, 4
55, 30, 2, 1, 2
55, 30, 2, 1, 2
55, 30, 2, 1, 2
55, 30, 2, 1, 2
55, 30, 2, 1, 2
55, 30, 2, 1, 2
55, 30, 2, 1, 2
55, 30, 2, 1, 2
55, 30, 2, 1, 2
55, 30, 2, 1, 2
55, 30, 2, 1, 2
55, 30, 2, 1, 2
55, 30, 2, 1, 2
55, 30, 2, 1, 2
55, 30, 2, 1, 2
55, 30, 2, 1, 2
55, 30, 2, 1, 2
55, 30, 2, 1, 2
55, 30, 2, 1, 2
55, 30, 2, 1, 2
55, 30, 2, 1, 2
55, 30, 2, 1, 2
55, 30, 2, 1, 2
55, 30, 2, 1, 2
55, 30, 2, 1, 2
55, 30, 2, 1, 2
55, 30, 2, 1, 2
55, 30, 2, 1, 2
55, 30, 2, 1, 2
55, 30, 2, 1, 2
56, 30, 1, 0, 5
56, 30, 1, 0, 5
56, 30, 1, 0, 5
56, 30, 1, 0, 5
56, 30, 1, 0, 5
56, 30, 1, 0, 5
56, 30, 1, 0, 5
56, 30, 1, 0, 5
56, 30, 1, 0, 5
56, 30, 1, 0, 5
56, 30, 1, 0, 5
56, 30, 1, 0, 5
56, 30, 1, 0, 5
56, 30, 1, 0, 5
56, 30, 1, 0, 5
56, 30, 1, 0, 5
56, 30, 1, 0, 5
56, 30, 1, 0, 5
56, 30, 1, 0, 5
56, 30, 1, 0, 5
56, 30, 1, 0, 5
56, 30, 1, 0, 5
56, 30, 1, 0, 5
56, 30, 1, 0, 5
56, 30, 1, 0, 5
56, 30, 1, 0, 5
56, 30, 1, 0, 5
56, 30, 1, 0, 5
56, 30, 1, 0, 5
56, 30, 1, 0, 5
56, 30, 2, 1, 2
56, 30, 2, 1, 2
56, 30, 2, 1, 2
56, 30, 2, 1, 2
56, 30, 2, 1, 2
56, 30, 2, 1, 2
56, 30, 2, 1, 2
56, 30, 2, 1, 2
56, 30, 2, 1, 2
56, 30, 2, 1, 2
56, 30, 2, 1, 2
56, 30, 2, 1, 2
56, 30, 2, 1, 2
56, 30, 2, 1, 2
56, 30, 2, 1, 2
56, 30, 2, 1, 2
56, 30, 2, 1, 2
56, 30, 2, 1, 2
56, 30, 2, 1, 2
56, 30, 2, 1, 2
56, 30, 2, 1, 2
56, 30, 2, 1, 2
56, 30, 2, 1, 2
56, 30, 2, 1, 2
56, 30, 2, 1, 2
56, 30, 2, 1, 2
56, 30, 2, 1, 2
56, 30, 2, 1, 2
56, 30, 2, 1, 2
56, 30, 2, 1, 2
57, 30, 1, 0, 5
57, 30, 1, 0, 5
57, 30, 1, 0, 5
57, 30, 1, 0, 5
57, 30, 1, 0, 5
57, 30, 1, 0, 5
57, 30, 1, 0, 5
57, 30, 1, 0, 5
57, 30, 1, 0, 5
57, 30, 1, 0, 5
57, 30, 1, 0, 5
57, 30, 1, 0, 5
57, 30, 1, 0, 5
57, 30, 1, 0, 5
57, 30, 1, 0, 5
57, 30, 1, 0, 5
57, 30, 1, 0, 5
57, 30, 1, 0, 5
57, 30, 1, 0, 5
57, 30, 1, 0, 5
57, 30, 1, 0, 5
57, 30, 1, 0, 5
57, 30, 1, 0, 5
57, 30, 1, 0, 5
57, 30, 1, 0, 5
57, 30, 1, 0, 5
57, 30, 1, 0, 5
57, 30, 1, 0, 5
57, 30, 1, 0, 5
57, 30, 1, 0, 5
57, 30, 2, 1, 2
57, 30, 2, 1, 2
57, 30, 2, 1, 2
57, 30, 2, 1, 2
57, 30, 2, 1, 2
57, 30, 2, 1, 2
57, 30, 2, 1, 2
57, 30, 2, 1, 2
57, 30, 2, 1, 2
57, 30, 2, 1, 2
57, 30, 2, 1, 2
57, 30, 2, 1, 2
57, 30, 2, 1, 2
57, 30, 2, 1, 2
57, 30, 2, 1, 2
57, 30, 2, 1, 2
57, 30, 2, 1, 2
57, 30, 2, 1, 2
57, 30, 2, 1, 2
57, 30, 2, 1, 2
57, 30, 2, 1, 2
57, 30, 2, 1, 2
57, 30, 2, 1, 2
57, 30, 2, 1, 2
57, 30, 2, 1, 2
57, 30, 2, 1, 2
57, 30, 2, 1, 2
57, 30, 2, 1, 2
57, 30, 2, 1, 2
57, 30, 2, 1, 2
58, 30, 1, 0, 5
58, 30, 1, 0, 5
58, 30, 1, 0, 5
58, 30, 1, 0, 5
58, 30, 1, 0, 5
58, 30, 1, 0, 5
58, 30, 1, 0, 5
58, 30, 1, 0, 5
58, 30, 1, 0, 5
58, 30, 1, 0, 5
58, 30, 1, 0, 5
58, 30, 1, 0, 5
58, 30, 1, 0, 5
58, 30, 1, 0, 5
58, 30, 1, 0, 5
58, 30, 1, 0, 5
58, 30, 1, 0, 5
58, 30, 1, 0, 5
58, 30, 1, 0, 5
58, 30, 1, 0, 5
58, 30, 1, 0, 5
58, 30, 1, 0, 5
58, 30, 1, 0, 5
58, 30, 1, 0, 5
58, 30, 1, 0, 5
58, 30, 1, 0, 5
58, 30, 1, 0, 5
58, 30, 1, 0, 5
58, 30, 1, 0, 5
58, 30, 1, 0, 5
58, 30, 2, 1, 2
58, 30, 2, 1, 2
58, 30, 2, 1, 2
58, 30, 2, 1, 2
58, 30, 2, 1, 2
58, 30, 2, 1, 2
58, 30, 2, 1, 2
58, 30, 2, 1, 2
58, 30, 2, 1, 2
58, 30, 2, 1, 2
58, 30, 2, 1, 2
58, 30, 2, 1, 2
58, 30, 2, 1, 2
58, 30, 2, 1, 2
58, 30, 2, 1, 2
58, 30, 2, 1, 2
58, 30, 2, 1, 2
58, 30, 2, 1, 2
58, 30, 2, 1, 2
58, 30, 2, 1, 2
58, 30, 2, 1, 2
58, 30, 2, 1, 2
58, 30, 2, 1, 2
58, 30, 2, 1, 2
58, 30, 2, 1, 2
58, 30, 2, 1, 2
58, 30, 2, 1, 2
58, 30, 2, 1, 2
58, 30, 2, 1, 2
58, 30, 2, 1, 2
59, 30, 1, 0, 5
59, 30, 1, 0, 5
59, 30, 1, 0, 5
59, 30, 1, 0, 5
59, 30, 1, 0, 5
59, 30, 1, 0, 5
59, 30, 1, 0, 5
59, 30, 1, 0, 5
59, 30, 1, 0, 5
59, 30, 1, 0, 5
59, 30, 1, 0, 5
59, 30, 1, 0, 5
59, 30, 1, 0, 5
59, 30, 1, 0, 5
59, 30, 1, 0, 5
59, 30, 1, 0, 5
59, 30, 1, 0, 5
59, 30, 1, 0, 5
59, 30, 1, 0, 5
59, 30, 1, 0, 5
59, 30, 1, 0, 5
59, 30, 1, 0, 5
59, 30, 1, 0, 5
59, 30, 1, 0, 5
59, 30, 1, 0, 5
59, 30, 1, 0, 5
59, 30, 1, 0, 5
59, 30, 1, 0, 5
59, 30, 1, 0, 5
59, 30, 1, 0, 5
59, 30, 2, 1, 2
59, 30, 2, 1, 2
59, 30, 2, 1, 2
59, 30, 2, 1, 2
59, 30, 2, 1, 2
59, 30, 2, 1, 2
59, 30, 2, 1, 2
59, 30, 2, 1, 2
59, 30, 2, 1, 2
59, 30, 2, 1, 2
59, 30, 2, 1, 2
59, 30, 2, 1, 2
59, 30, 2, 1, 2
59, 30, 2, 1, 2
59, 30, 2, 1, 2
59, 30, 2, 1, 2
59, 30, 2, 1, 2
59, 30, 2, 1, 2
59, 30, 2, 1, 2
59, 30, 2, 1, 2
59, 30, 2, 1, 2
59, 30, 2, 1, 2
59, 30, 2, 1, 2
59, 30, 2, 1, 2
59, 30, 2, 1, 2
59, 30, 2, 1, 2
59, 30, 2, 1, 2
59, 30, 2, 1, 2
59, 30, 2, 1, 2
59, 30, 2, 1, 2
60, 30, 1, 0, 5
60, 30, 1, 0, 5
60, 30, 1, 0, 5
60, 30, 1, 0, 5
60, 30, 1, 0, 5
60, 30, 1, 0, 5
60, 30, 1, 0, 5
60, 30, 1, 0, 5
60, 30, 1, 0, 5
60, 30, 1, 0, 5
60, 30, 1, 0, 5
60, 30, 1, 0, 5
60, 30, 1, 0, 5
60, 30, 1, 0, 5
60, 30, 1, 0, 5
60, 30, 1, 0, 5
60, 30, 1, 0, 5
60, 30, 1, 0, 5
60, 30, 1, 0, 5
60, 30, 1, 0, 5
60, 30, 1, 0, 5
60, 30, 1, 0, 5
60, 30, 1, 0, 5
60, 30, 1, 0, 5
60, 30, 1, 0, 5
60, 30, 1, 0, 5
60, 30, 1, 0, 5
60, 30, 1, 0, 5
60, 30, 1, 0, 5
60, 30, 1, 0, 5
60, 30, 2, 1, 2
60, 30, 2, 1, 2
60, 30, 2, 1, 2
60, 30, 2, 1, 2
60, 30, 2, 1, 2
60, 30, 2, 1, 2
60, 30, 2, 1, 2
60, 30, 2, 1, 2
60, 30, 2, 1, 2
60, 30, 2, 1, 2
60, 30, 2, 1, 2
60, 30, 2, 1, 2
60, 30, 2, 1, 2
60, 30, 2, 1, 2
60, 30, 2, 1, 2
60, 30, 2, 1, 2
60, 30, 2, 1, 2
60, 30, 2, 1, 2
60, 30, 2, 1, 2
60, 30, 2, 1, 2
60, 30, 2, 1, 2
60, 30, 2, 1, 2
60, 30, 2, 1, 2
60, 30, 2, 1, 2
60, 30, 2, 1, 2
60, 30, 2, 1, 2
60, 30, 2, 1, 2
60, 30, 2, 1, 2
60, 30, 2, 1, 2
60, 30, 2, 1, 2
Goal
31
32
33
34
35
36
37
38
39
40
41
42
43
44
45
46
47
48
49
50
51
52
53
54
55
56
57
58
59
60
