CG
89
0, 2, 52, 5
0, 2, 76, 5
1, 2, 73, 8
1, 2, 74, 8
2, 2, 75, 8
2, 2, 76, 8
3, 2, 46, 4
3, 2, 76, 4
4, 2, 48, 4
4, 2, 78, 4
5, 2, 54, 5
5, 2, 80, 5
6, 2, 49, 4
6, 2, 80, 4
7, 2, 58, 8
7, 2, 78, 8
8, 2, 77, 8
8, 2, 78, 8
9, 2, 69, 8
9, 2, 70, 8
10, 2, 85, 16
10, 2, 86, 16
11, 2, 71, 8
11, 2, 72, 8
12, 2, 45, 4
12, 2, 72, 4
13, 2, 47, 4
13, 2, 70, 4
14, 2, 81, 12
14, 2, 86, 12
15, 2, 44, 4
15, 2, 74, 4
16, 2, 61, 8
16, 2, 74, 8
17, 2, 59, 8
17, 2, 72, 8
18, 2, 57, 8
18, 2, 70, 8
19, 2, 82, 16
19, 2, 86, 16
20, 2, 60, 8
20, 2, 76, 8
21, 2, 50, 5
21, 2, 74, 5
22, 2, 51, 5
22, 2, 72, 5
23, 2, 83, 13
23, 2, 86, 13
24, 2, 53, 5
24, 2, 78, 5
25, 2, 64, 5
25, 2, 78, 5
26, 2, 66, 5
26, 2, 76, 5
27, 2, 67, 5
27, 2, 74, 5
28, 2, 65, 5
28, 2, 72, 5
29, 2, 63, 5
29, 2, 70, 5
30, 2, 84, 13
30, 2, 86, 13
31, 2, 62, 5
31, 2, 80, 5
32, 2, 43, 4
32, 2, 80, 4
33, 2, 42, 4
33, 2, 78, 4
34, 2, 40, 4
34, 2, 76, 4
35, 2, 39, 4
35, 2, 72, 4
36, 2, 41, 4
36, 2, 70, 4
37, 2, 68, 12
37, 2, 86, 12
38, 10, 68, 12
38, 10, 39, 4
38, 10, 40, 4
38, 10, 67, 20
38, 10, 44, 4
38, 10, 73, 8
38, 10, 86, 12
38, 10, 72, 4
38, 10, 74, 52
38, 10, 76, 4
39, 11, 68, 12
39, 11, 41, 4
39, 11, 38, 4
39, 11, 65, 20
39, 11, 45, 4
39, 11, 71, 8
39, 11, 35, 1
39, 11, 86, 12
39, 11, 70, 4
39, 11, 72, 52
39, 11, 74, 4
40, 11, 68, 12
40, 11, 38, 4
40, 11, 42, 4
40, 11, 66, 20
40, 11, 46, 4
40, 11, 75, 8
40, 11, 34, 1
40, 11, 86, 12
40, 11, 74, 4
40, 11, 76, 52
40, 11, 78, 4
41, 11, 68, 12
41, 11, 39, 4
41, 11, 43, 4
41, 11, 63, 20
41, 11, 47, 4
41, 11, 69, 8
41, 11, 36, 1
41, 11, 86, 12
41, 11, 70, 52
41, 11, 72, 4
41, 11, 80, 4
42, 11, 68, 12
42, 11, 40, 4
42, 11, 43, 4
42, 11, 64, 20
42, 11, 48, 4
42, 11, 77, 8
42, 11, 33, 1
42, 11, 86, 12
42, 11, 76, 4
42, 11, 78, 52
42, 11, 80, 4
43, 11, 68, 12
43, 11, 41, 4
43, 11, 42, 4
43, 11, 62, 20
43, 11, 49, 4
43, 11, 79, 8
43, 11, 32, 1
43, 11, 86, 12
43, 11, 70, 4
43, 11, 78, 4
43, 11, 80, 52
44, 10, 81, 12
44, 10, 45, 4
44, 10, 46, 4
44, 10, 50, 10
44, 10, 73, 32
44, 10, 15, 1
44, 10, 86, 12
44, 10, 72, 4
44, 10, 74, 66
44, 10, 76, 4
45, 10, 81, 12
45, 10, 47, 4
45, 10, 44, 4
45, 10, 51, 10
45, 10, 71, 32
45, 10, 12, 1
45, 10, 86, 12
45, 10, 70, 4
45, 10, 72, 66
45, 10, 74, 4
46, 10, 81, 12
46, 10, 44, 4
46, 10, 48, 4
46, 10, 52, 10
46, 10, 75, 32
46, 10, 3, 1
46, 10, 86, 12
46, 10, 74, 4
46, 10, 76, 66
46, 10, 78, 4
47, 10, 81, 12
47, 10, 45, 4
47, 10, 49, 4
47, 10, 55, 10
47, 10, 69, 32
47, 10, 13, 1
47, 10, 86, 12
47, 10, 70, 66
47, 10, 72, 4
47, 10, 80, 4
48, 10, 81, 12
48, 10, 46, 4
48, 10, 49, 4
48, 10, 53, 10
48, 10, 77, 32
48, 10, 4, 1
48, 10, 86, 12
48, 10, 76, 4
48, 10, 78, 66
48, 10, 80, 4
49, 10, 81, 12
49, 10, 47, 4
49, 10, 48, 4
49, 10, 54, 10
49, 10, 79, 32
49, 10, 6, 1
49, 10, 86, 12
49, 10, 70, 4
49, 10, 78, 4
49, 10, 80, 66
50, 8, 83, 13
50, 8, 51, 5
50, 8, 52, 5
50, 8, 21, 1
50, 8, 86, 13
50, 8, 72, 5
50, 8, 74, 35
50, 8, 76, 5
51, 8, 83, 13
51, 8, 55, 5
51, 8, 50, 5
51, 8, 22, 1
51, 8, 86, 13
51, 8, 70, 5
51, 8, 72, 35
51, 8, 74, 5
52, 8, 83, 13
52, 8, 50, 5
52, 8, 53, 5
52, 8, 0, 1
52, 8, 86, 13
52, 8, 74, 5
52, 8, 76, 35
52, 8, 78, 5
53, 8, 83, 13
53, 8, 52, 5
53, 8, 54, 5
53, 8, 24, 1
53, 8, 86, 13
53, 8, 76, 5
53, 8, 78, 35
53, 8, 80, 5
54, 8, 83, 13
54, 8, 55, 5
54, 8, 53, 5
54, 8, 5, 1
54, 8, 86, 13
54, 8, 70, 5
54, 8, 78, 5
54, 8, 80, 35
55, 8, 83, 13
55, 8, 51, 5
55, 8, 54, 5
55, 8, 87, 1
55, 8, 86, 13
55, 8, 70, 35
55, 8, 72, 5
55, 8, 80, 5
56, 10, 82, 16
56, 10, 57, 8
56, 10, 58, 8
56, 10, 62, 20
56, 10, 49, 4
56, 10, 79, 8
56, 10, 86, 16
56, 10, 70, 8
56, 10, 78, 8
56, 10, 80, 72
57, 11, 82, 16
57, 11, 59, 8
57, 11, 56, 8
57, 11, 63, 20
57, 11, 47, 4
57, 11, 69, 8
57, 11, 18, 1
57, 11, 86, 16
57, 11, 70, 72
57, 11, 72, 8
57, 11, 80, 8
58, 11, 82, 16
58, 11, 60, 8
58, 11, 56, 8
58, 11, 64, 20
58, 11, 48, 4
58, 11, 77, 8
58, 11, 7, 1
58, 11, 86, 16
58, 11, 76, 8
58, 11, 78, 72
58, 11, 80, 8
59, 11, 82, 16
59, 11, 57, 8
59, 11, 61, 8
59, 11, 65, 20
59, 11, 45, 4
59, 11, 71, 8
59, 11, 17, 1
59, 11, 86, 16
59, 11, 70, 8
59, 11, 72, 72
59, 11, 74, 8
60, 11, 82, 16
60, 11, 61, 8
60, 11, 58, 8
60, 11, 66, 20
60, 11, 46, 4
60, 11, 75, 8
60, 11, 20, 1
60, 11, 86, 16
60, 11, 74, 8
60, 11, 76, 72
60, 11, 78, 8
61, 11, 82, 16
61, 11, 59, 8
61, 11, 60, 8
61, 11, 67, 20
61, 11, 44, 4
61, 11, 73, 8
61, 11, 16, 1
61, 11, 86, 16
61, 11, 72, 8
61, 11, 74, 72
61, 11, 76, 8
62, 10, 84, 13
62, 10, 63, 5
62, 10, 64, 5
62, 10, 54, 10
62, 10, 79, 48
62, 10, 31, 1
62, 10, 86, 13
62, 10, 70, 5
62, 10, 78, 5
62, 10, 80, 103
63, 10, 84, 13
63, 10, 65, 5
63, 10, 62, 5
63, 10, 55, 10
63, 10, 69, 48
63, 10, 29, 1
63, 10, 86, 13
63, 10, 70, 103
63, 10, 72, 5
63, 10, 80, 5
64, 10, 84, 13
64, 10, 66, 5
64, 10, 62, 5
64, 10, 53, 10
64, 10, 77, 48
64, 10, 25, 1
64, 10, 86, 13
64, 10, 76, 5
64, 10, 78, 103
64, 10, 80, 5
65, 10, 84, 13
65, 10, 63, 5
65, 10, 67, 5
65, 10, 51, 10
65, 10, 71, 48
65, 10, 28, 1
65, 10, 86, 13
65, 10, 70, 5
65, 10, 72, 103
65, 10, 74, 5
66, 10, 84, 13
66, 10, 67, 5
66, 10, 64, 5
66, 10, 52, 10
66, 10, 75, 48
66, 10, 26, 1
66, 10, 86, 13
66, 10, 74, 5
66, 10, 76, 103
66, 10, 78, 5
67, 10, 84, 13
67, 10, 65, 5
67, 10, 66, 5
67, 10, 50, 10
67, 10, 73, 48
67, 10, 27, 1
67, 10, 86, 13
67, 10, 72, 5
67, 10, 74, 103
67, 10, 76, 5
68, 17, 41, 4
68, 17, 39, 4
68, 17, 38, 4
68, 17, 40, 4
68, 17, 42, 4
68, 17, 43, 4
68, 17, 84, 52
68, 17, 81, 12
68, 17, 85, 16
68, 17, 37, 1
68, 17, 86, 176
68, 17, 70, 4
68, 17, 72, 4
68, 17, 74, 4
68, 17, 76, 4
68, 17, 78, 4
68, 17, 80, 4
69, 8, 85, 16
69, 8, 71, 8
69, 8, 79, 8
69, 8, 9, 1
69, 8, 86, 16
69, 8, 70, 88
69, 8, 72, 8
69, 8, 80, 8
70, 6, 41, 20
70, 6, 57, 40
70, 6, 63, 45
70, 6, 47, 24
70, 6, 55, 35
70, 6, 69, 88
71, 8, 85, 16
71, 8, 69, 8
71, 8, 73, 8
71, 8, 11, 1
71, 8, 86, 16
71, 8, 70, 8
71, 8, 72, 88
71, 8, 74, 8
72, 6, 39, 20
72, 6, 59, 40
72, 6, 65, 45
72, 6, 45, 24
72, 6, 51, 35
72, 6, 71, 88
73, 8, 85, 16
73, 8, 71, 8
73, 8, 75, 8
73, 8, 1, 1
73, 8, 86, 16
73, 8, 72, 8
73, 8, 74, 88
73, 8, 76, 8
74, 6, 38, 20
74, 6, 61, 40
74, 6, 67, 45
74, 6, 44, 24
74, 6, 50, 35
74, 6, 73, 88
75, 8, 85, 16
75, 8, 73, 8
75, 8, 77, 8
75, 8, 2, 1
75, 8, 86, 16
75, 8, 74, 8
75, 8, 76, 88
75, 8, 78, 8
76, 6, 40, 20
76, 6, 60, 40
76, 6, 66, 45
76, 6, 46, 24
76, 6, 52, 35
76, 6, 75, 88
77, 8, 85, 16
77, 8, 75, 8
77, 8, 79, 8
77, 8, 8, 1
77, 8, 86, 16
77, 8, 76, 8
77, 8, 78, 88
77, 8, 80, 8
78, 6, 42, 20
78, 6, 58, 40
78, 6, 64, 45
78, 6, 48, 24
78, 6, 53, 35
78, 6, 77, 88
79, 8, 85, 16
79, 8, 69, 8
79, 8, 77, 8
79, 8, 88, 1
79, 8, 86, 16
79, 8, 70, 8
79, 8, 78, 8
79, 8, 80, 88
80, 6, 43, 20
80, 6, 56, 40
80, 6, 62, 45
80, 6, 49, 24
80, 6, 54, 35
80, 6, 79, 88
81, 16, 47, 4
81, 16, 45, 4
81, 16, 44, 4
81, 16, 46, 4
81, 16, 48, 4
81, 16, 49, 4
81, 16, 83, 26
81, 16, 85, 64
81, 16, 14, 1
81, 16, 86, 198
81, 16, 70, 4
81, 16, 72, 4
81, 16, 74, 4
81, 16, 76, 4
81, 16, 78, 4
81, 16, 80, 4
82, 17, 57, 8
82, 17, 59, 8
82, 17, 61, 8
82, 17, 60, 8
82, 17, 58, 8
82, 17, 56, 8
82, 17, 84, 52
82, 17, 81, 12
82, 17, 85, 16
82, 17, 19, 1
82, 17, 86, 208
82, 17, 70, 8
82, 17, 72, 8
82, 17, 74, 8
82, 17, 76, 8
82, 17, 78, 8
82, 17, 80, 8
83, 14, 55, 5
83, 14, 51, 5
83, 14, 50, 5
83, 14, 52, 5
83, 14, 53, 5
83, 14, 54, 5
83, 14, 23, 1
83, 14, 86, 130
83, 14, 70, 5
83, 14, 72, 5
83, 14, 74, 5
83, 14, 76, 5
83, 14, 78, 5
83, 14, 80, 5
84, 16, 63, 5
84, 16, 65, 5
84, 16, 67, 5
84, 16, 66, 5
84, 16, 64, 5
84, 16, 62, 5
84, 16, 83, 26
84, 16, 85, 96
84, 16, 30, 1
84, 16, 86, 278
84, 16, 70, 5
84, 16, 72, 5
84, 16, 74, 5
84, 16, 76, 5
84, 16, 78, 5
84, 16, 80, 5
85, 14, 69, 8
85, 14, 71, 8
85, 14, 73, 8
85, 14, 75, 8
85, 14, 77, 8
85, 14, 79, 8
85, 14, 10, 1
85, 14, 86, 224
85, 14, 70, 8
85, 14, 72, 8
85, 14, 74, 8
85, 14, 76, 8
85, 14, 78, 8
85, 14, 80, 8
86, 6, 68, 96
86, 6, 82, 128
86, 6, 84, 156
86, 6, 81, 108
86, 6, 83, 130
86, 6, 85, 224
87, 2, 55, 5
87, 2, 70, 5
88, 2, 79, 8
88, 2, 80, 8
DTG
0, 1, 1, 0, 2
1, 1, 1, 0, 2
2, 1, 1, 0, 2
3, 1, 1, 0, 2
4, 1, 1, 0, 2
5, 1, 1, 0, 2
6, 1, 1, 0, 2
7, 1, 1, 0, 2
8, 1, 1, 0, 2
9, 1, 1, 0, 2
10, 1, 1, 0, 2
11, 1, 1, 0, 2
12, 1, 1, 0, 2
13, 1, 1, 0, 2
14, 1, 1, 0, 2
15, 1, 1, 0, 2
16, 1, 1, 0, 2
17, 1, 1, 0, 2
18, 1, 1, 0, 2
19, 1, 1, 0, 2
20, 1, 1, 0, 2
21, 1, 1, 0, 2
22, 1, 1, 0, 2
23, 1, 1, 0, 2
24, 1, 1, 0, 2
25, 1, 1, 0, 2
26, 1, 1, 0, 2
27, 1, 1, 0, 2
28, 1, 1, 0, 2
29, 1, 1, 0, 2
30, 1, 1, 0, 2
31, 1, 1, 0, 2
32, 1, 1, 0, 2
33, 1, 1, 0, 2
34, 1, 1, 0, 2
35, 1, 1, 0, 2
36, 1, 1, 0, 2
37, 1, 1, 0, 2
38, 4, 0, 1, 2
38, 4, 0, 1, 2
38, 4, 0, 1, 2
38, 4, 0, 1, 2
38, 4, 1, 0, 2
38, 4, 1, 0, 2
38, 4, 1, 0, 2
38, 4, 1, 0, 2
39, 4, 0, 1, 2
39, 4, 0, 1, 2
39, 4, 0, 1, 2
39, 4, 0, 1, 2
39, 16, 1, 0, 3
39, 16, 1, 0, 3
39, 16, 1, 0, 3
39, 16, 1, 0, 3
39, 16, 1, 0, 3
39, 16, 1, 0, 3
39, 16, 1, 0, 3
39, 16, 1, 0, 3
39, 16, 1, 0, 3
39, 16, 1, 0, 3
39, 16, 1, 0, 3
39, 16, 1, 0, 3
39, 16, 1, 0, 3
39, 16, 1, 0, 3
39, 16, 1, 0, 3
39, 16, 1, 0, 3
40, 4, 0, 1, 2
40, 4, 0, 1, 2
40, 4, 0, 1, 2
40, 4, 0, 1, 2
40, 16, 1, 0, 3
40, 16, 1, 0, 3
40, 16, 1, 0, 3
40, 16, 1, 0, 3
40, 16, 1, 0, 3
40, 16, 1, 0, 3
40, 16, 1, 0, 3
40, 16, 1, 0, 3
40, 16, 1, 0, 3
40, 16, 1, 0, 3
40, 16, 1, 0, 3
40, 16, 1, 0, 3
40, 16, 1, 0, 3
40, 16, 1, 0, 3
40, 16, 1, 0, 3
40, 16, 1, 0, 3
41, 4, 0, 1, 2
41, 4, 0, 1, 2
41, 4, 0, 1, 2
41, 4, 0, 1, 2
41, 16, 1, 0, 3
41, 16, 1, 0, 3
41, 16, 1, 0, 3
41, 16, 1, 0, 3
41, 16, 1, 0, 3
41, 16, 1, 0, 3
41, 16, 1, 0, 3
41, 16, 1, 0, 3
41, 16, 1, 0, 3
41, 16, 1, 0, 3
41, 16, 1, 0, 3
41, 16, 1, 0, 3
41, 16, 1, 0, 3
41, 16, 1, 0, 3
41, 16, 1, 0, 3
41, 16, 1, 0, 3
42, 4, 0, 1, 2
42, 4, 0, 1, 2
42, 4, 0, 1, 2
42, 4, 0, 1, 2
42, 16, 1, 0, 3
42, 16, 1, 0, 3
42, 16, 1, 0, 3
42, 16, 1, 0, 3
42, 16, 1, 0, 3
42, 16, 1, 0, 3
42, 16, 1, 0, 3
42, 16, 1, 0, 3
42, 16, 1, 0, 3
42, 16, 1, 0, 3
42, 16, 1, 0, 3
42, 16, 1, 0, 3
42, 16, 1, 0, 3
42, 16, 1, 0, 3
42, 16, 1, 0, 3
42, 16, 1, 0, 3
43, 4, 0, 1, 2
43, 4, 0, 1, 2
43, 4, 0, 1, 2
43, 4, 0, 1, 2
43, 16, 1, 0, 3
43, 16, 1, 0, 3
43, 16, 1, 0, 3
43, 16, 1, 0, 3
43, 16, 1, 0, 3
43, 16, 1, 0, 3
43, 16, 1, 0, 3
43, 16, 1, 0, 3
43, 16, 1, 0, 3
43, 16, 1, 0, 3
43, 16, 1, 0, 3
43, 16, 1, 0, 3
43, 16, 1, 0, 3
43, 16, 1, 0, 3
43, 16, 1, 0, 3
43, 16, 1, 0, 3
44, 4, 0, 1, 2
44, 4, 0, 1, 2
44, 4, 0, 1, 2
44, 4, 0, 1, 2
44, 20, 1, 0, 3
44, 20, 1, 0, 3
44, 20, 1, 0, 3
44, 20, 1, 0, 3
44, 20, 1, 0, 3
44, 20, 1, 0, 3
44, 20, 1, 0, 3
44, 20, 1, 0, 3
44, 20, 1, 0, 3
44, 20, 1, 0, 3
44, 20, 1, 0, 3
44, 20, 1, 0, 3
44, 20, 1, 0, 3
44, 20, 1, 0, 3
44, 20, 1, 0, 3
44, 20, 1, 0, 3
44, 20, 1, 0, 4
44, 20, 1, 0, 4
44, 20, 1, 0, 4
44, 20, 1, 0, 4
45, 4, 0, 1, 2
45, 4, 0, 1, 2
45, 4, 0, 1, 2
45, 4, 0, 1, 2
45, 20, 1, 0, 3
45, 20, 1, 0, 3
45, 20, 1, 0, 3
45, 20, 1, 0, 3
45, 20, 1, 0, 3
45, 20, 1, 0, 3
45, 20, 1, 0, 3
45, 20, 1, 0, 3
45, 20, 1, 0, 3
45, 20, 1, 0, 3
45, 20, 1, 0, 3
45, 20, 1, 0, 3
45, 20, 1, 0, 3
45, 20, 1, 0, 3
45, 20, 1, 0, 3
45, 20, 1, 0, 3
45, 20, 1, 0, 4
45, 20, 1, 0, 4
45, 20, 1, 0, 4
45, 20, 1, 0, 4
46, 4, 0, 1, 2
46, 4, 0, 1, 2
46, 4, 0, 1, 2
46, 4, 0, 1, 2
46, 20, 1, 0, 3
46, 20, 1, 0, 3
46, 20, 1, 0, 3
46, 20, 1, 0, 3
46, 20, 1, 0, 3
46, 20, 1, 0, 3
46, 20, 1, 0, 3
46, 20, 1, 0, 3
46, 20, 1, 0, 3
46, 20, 1, 0, 3
46, 20, 1, 0, 3
46, 20, 1, 0, 3
46, 20, 1, 0, 3
46, 20, 1, 0, 3
46, 20, 1, 0, 3
46, 20, 1, 0, 3
46, 20, 1, 0, 4
46, 20, 1, 0, 4
46, 20, 1, 0, 4
46, 20, 1, 0, 4
47, 4, 0, 1, 2
47, 4, 0, 1, 2
47, 4, 0, 1, 2
47, 4, 0, 1, 2
47, 20, 1, 0, 3
47, 20, 1, 0, 3
47, 20, 1, 0, 3
47, 20, 1, 0, 3
47, 20, 1, 0, 3
47, 20, 1, 0, 3
47, 20, 1, 0, 3
47, 20, 1, 0, 3
47, 20, 1, 0, 3
47, 20, 1, 0, 3
47, 20, 1, 0, 3
47, 20, 1, 0, 3
47, 20, 1, 0, 3
47, 20, 1, 0, 3
47, 20, 1, 0, 3
47, 20, 1, 0, 3
47, 20, 1, 0, 4
47, 20, 1, 0, 4
47, 20, 1, 0, 4
47, 20, 1, 0, 4
48, 4, 0, 1, 2
48, 4, 0, 1, 2
48, 4, 0, 1, 2
48, 4, 0, 1, 2
48, 20, 1, 0, 3
48, 20, 1, 0, 3
48, 20, 1, 0, 3
48, 20, 1, 0, 3
48, 20, 1, 0, 3
48, 20, 1, 0, 3
48, 20, 1, 0, 3
48, 20, 1, 0, 3
48, 20, 1, 0, 3
48, 20, 1, 0, 3
48, 20, 1, 0, 3
48, 20, 1, 0, 3
48, 20, 1, 0, 3
48, 20, 1, 0, 3
48, 20, 1, 0, 3
48, 20, 1, 0, 3
48, 20, 1, 0, 4
48, 20, 1, 0, 4
48, 20, 1, 0, 4
48, 20, 1, 0, 4
49, 4, 0, 1, 2
49, 4, 0, 1, 2
49, 4, 0, 1, 2
49, 4, 0, 1, 2
49, 20, 1, 0, 3
49, 20, 1, 0, 3
49, 20, 1, 0, 3
49, 20, 1, 0, 3
49, 20, 1, 0, 3
49, 20, 1, 0, 3
49, 20, 1, 0, 3
49, 20, 1, 0, 3
49, 20, 1, 0, 3
49, 20, 1, 0, 3
49, 20, 1, 0, 3
49, 20, 1, 0, 3
49, 20, 1, 0, 3
49, 20, 1, 0, 3
49, 20, 1, 0, 3
49, 20, 1, 0, 3
49, 20, 1, 0, 4
49, 20, 1, 0, 4
49, 20, 1, 0, 4
49, 20, 1, 0, 4
50, 5, 0, 1, 2
50, 5, 0, 1, 2
50, 5, 0, 1, 2
50, 5, 0, 1, 2
50, 5, 0, 1, 2
50, 25, 1, 0, 3
50, 25, 1, 0, 3
50, 25, 1, 0, 3
50, 25, 1, 0, 3
50, 25, 1, 0, 3
50, 25, 1, 0, 3
50, 25, 1, 0, 3
50, 25, 1, 0, 3
50, 25, 1, 0, 3
50, 25, 1, 0, 3
50, 25, 1, 0, 3
50, 25, 1, 0, 3
50, 25, 1, 0, 3
50, 25, 1, 0, 3
50, 25, 1, 0, 3
50, 25, 1, 0, 3
50, 25, 1, 0, 3
50, 25, 1, 0, 3
50, 25, 1, 0, 3
50, 25, 1, 0, 3
50, 25, 1, 0, 4
50, 25, 1, 0, 4
50, 25, 1, 0, 4
50, 25, 1, 0, 4
50, 25, 1, 0, 4
51, 5, 0, 1, 2
51, 5, 0, 1, 2
51, 5, 0, 1, 2
51, 5, 0, 1, 2
51, 5, 0, 1, 2
51, 25, 1, 0, 3
51, 25, 1, 0, 3
51, 25, 1, 0, 3
51, 25, 1, 0, 3
51, 25, 1, 0, 3
51, 25, 1, 0, 3
51, 25, 1, 0, 3
51, 25, 1, 0, 3
51, 25, 1, 0, 3
51, 25, 1, 0, 3
51, 25, 1, 0, 3
51, 25, 1, 0, 3
51, 25, 1, 0, 3
51, 25, 1, 0, 3
51, 25, 1, 0, 3
51, 25, 1, 0, 3
51, 25, 1, 0, 3
51, 25, 1, 0, 3
51, 25, 1, 0, 3
51, 25, 1, 0, 3
51, 25, 1, 0, 4
51, 25, 1, 0, 4
51, 25, 1, 0, 4
51, 25, 1, 0, 4
51, 25, 1, 0, 4
52, 5, 0, 1, 2
52, 5, 0, 1, 2
52, 5, 0, 1, 2
52, 5, 0, 1, 2
52, 5, 0, 1, 2
52, 25, 1, 0, 3
52, 25, 1, 0, 3
52, 25, 1, 0, 3
52, 25, 1, 0, 3
52, 25, 1, 0, 3
52, 25, 1, 0, 3
52, 25, 1, 0, 3
52, 25, 1, 0, 3
52, 25, 1, 0, 3
52, 25, 1, 0, 3
52, 25, 1, 0, 3
52, 25, 1, 0, 3
52, 25, 1, 0, 3
52, 25, 1, 0, 3
52, 25, 1, 0, 3
52, 25, 1, 0, 3
52, 25, 1, 0, 3
52, 25, 1, 0, 3
52, 25, 1, 0, 3
52, 25, 1, 0, 3
52, 25, 1, 0, 4
52, 25, 1, 0, 4
52, 25, 1, 0, 4
52, 25, 1, 0, 4
52, 25, 1, 0, 4
53, 5, 0, 1, 2
53, 5, 0, 1, 2
53, 5, 0, 1, 2
53, 5, 0, 1, 2
53, 5, 0, 1, 2
53, 25, 1, 0, 3
53, 25, 1, 0, 3
53, 25, 1, 0, 3
53, 25, 1, 0, 3
53, 25, 1, 0, 3
53, 25, 1, 0, 3
53, 25, 1, 0, 3
53, 25, 1, 0, 3
53, 25, 1, 0, 3
53, 25, 1, 0, 3
53, 25, 1, 0, 3
53, 25, 1, 0, 3
53, 25, 1, 0, 3
53, 25, 1, 0, 3
53, 25, 1, 0, 3
53, 25, 1, 0, 3
53, 25, 1, 0, 3
53, 25, 1, 0, 3
53, 25, 1, 0, 3
53, 25, 1, 0, 3
53, 25, 1, 0, 4
53, 25, 1, 0, 4
53, 25, 1, 0, 4
53, 25, 1, 0, 4
53, 25, 1, 0, 4
54, 5, 0, 1, 2
54, 5, 0, 1, 2
54, 5, 0, 1, 2
54, 5, 0, 1, 2
54, 5, 0, 1, 2
54, 25, 1, 0, 3
54, 25, 1, 0, 3
54, 25, 1, 0, 3
54, 25, 1, 0, 3
54, 25, 1, 0, 3
54, 25, 1, 0, 3
54, 25, 1, 0, 3
54, 25, 1, 0, 3
54, 25, 1, 0, 3
54, 25, 1, 0, 3
54, 25, 1, 0, 3
54, 25, 1, 0, 3
54, 25, 1, 0, 3
54, 25, 1, 0, 3
54, 25, 1, 0, 3
54, 25, 1, 0, 3
54, 25, 1, 0, 3
54, 25, 1, 0, 3
54, 25, 1, 0, 3
54, 25, 1, 0, 3
54, 25, 1, 0, 4
54, 25, 1, 0, 4
54, 25, 1, 0, 4
54, 25, 1, 0, 4
54, 25, 1, 0, 4
55, 5, 0, 1, 2
55, 5, 0, 1, 2
55, 5, 0, 1, 2
55, 5, 0, 1, 2
55, 5, 0, 1, 2
55, 25, 1, 0, 3
55, 25, 1, 0, 3
55, 25, 1, 0, 3
55, 25, 1, 0, 3
55, 25, 1, 0, 3
55, 25, 1, 0, 3
55, 25, 1, 0, 3
55, 25, 1, 0, 3
55, 25, 1, 0, 3
55, 25, 1, 0, 3
55, 25, 1, 0, 3
55, 25, 1, 0, 3
55, 25, 1, 0, 3
55, 25, 1, 0, 3
55, 25, 1, 0, 3
55, 25, 1, 0, 3
55, 25, 1, 0, 3
55, 25, 1, 0, 3
55, 25, 1, 0, 3
55, 25, 1, 0, 3
55, 25, 1, 0, 4
55, 25, 1, 0, 4
55, 25, 1, 0, 4
55, 25, 1, 0, 4
55, 25, 1, 0, 4
56, 8, 0, 1, 2
56, 8, 0, 1, 2
56, 8, 0, 1, 2
56, 8, 0, 1, 2
56, 8, 0, 1, 2
56, 8, 0, 1, 2
56, 8, 0, 1, 2
56, 8, 0, 1, 2
56, 8, 1, 0, 2
56, 8, 1, 0, 2
56, 8, 1, 0, 2
56, 8, 1, 0, 2
56, 8, 1, 0, 2
56, 8, 1, 0, 2
56, 8, 1, 0, 2
56, 8, 1, 0, 2
57, 8, 0, 1, 2
57, 8, 0, 1, 2
57, 8, 0, 1, 2
57, 8, 0, 1, 2
57, 8, 0, 1, 2
57, 8, 0, 1, 2
57, 8, 0, 1, 2
57, 8, 0, 1, 2
57, 32, 1, 0, 3
57, 32, 1, 0, 3
57, 32, 1, 0, 3
57, 32, 1, 0, 3
57, 32, 1, 0, 3
57, 32, 1, 0, 3
57, 32, 1, 0, 3
57, 32, 1, 0, 3
57, 32, 1, 0, 3
57, 32, 1, 0, 3
57, 32, 1, 0, 3
57, 32, 1, 0, 3
57, 32, 1, 0, 3
57, 32, 1, 0, 3
57, 32, 1, 0, 3
57, 32, 1, 0, 3
57, 32, 1, 0, 3
57, 32, 1, 0, 3
57, 32, 1, 0, 3
57, 32, 1, 0, 3
57, 32, 1, 0, 3
57, 32, 1, 0, 3
57, 32, 1, 0, 3
57, 32, 1, 0, 3
57, 32, 1, 0, 3
57, 32, 1, 0, 3
57, 32, 1, 0, 3
57, 32, 1, 0, 3
57, 32, 1, 0, 3
57, 32, 1, 0, 3
57, 32, 1, 0, 3
57, 32, 1, 0, 3
58, 8, 0, 1, 2
58, 8, 0, 1, 2
58, 8, 0, 1, 2
58, 8, 0, 1, 2
58, 8, 0, 1, 2
58, 8, 0, 1, 2
58, 8, 0, 1, 2
58, 8, 0, 1, 2
58, 32, 1, 0, 3
58, 32, 1, 0, 3
58, 32, 1, 0, 3
58, 32, 1, 0, 3
58, 32, 1, 0, 3
58, 32, 1, 0, 3
58, 32, 1, 0, 3
58, 32, 1, 0, 3
58, 32, 1, 0, 3
58, 32, 1, 0, 3
58, 32, 1, 0, 3
58, 32, 1, 0, 3
58, 32, 1, 0, 3
58, 32, 1, 0, 3
58, 32, 1, 0, 3
58, 32, 1, 0, 3
58, 32, 1, 0, 3
58, 32, 1, 0, 3
58, 32, 1, 0, 3
58, 32, 1, 0, 3
58, 32, 1, 0, 3
58, 32, 1, 0, 3
58, 32, 1, 0, 3
58, 32, 1, 0, 3
58, 32, 1, 0, 3
58, 32, 1, 0, 3
58, 32, 1, 0, 3
58, 32, 1, 0, 3
58, 32, 1, 0, 3
58, 32, 1, 0, 3
58, 32, 1, 0, 3
58, 32, 1, 0, 3
59, 8, 0, 1, 2
59, 8, 0, 1, 2
59, 8, 0, 1, 2
59, 8, 0, 1, 2
59, 8, 0, 1, 2
59, 8, 0, 1, 2
59, 8, 0, 1, 2
59, 8, 0, 1, 2
59, 32, 1, 0, 3
59, 32, 1, 0, 3
59, 32, 1, 0, 3
59, 32, 1, 0, 3
59, 32, 1, 0, 3
59, 32, 1, 0, 3
59, 32, 1, 0, 3
59, 32, 1, 0, 3
59, 32, 1, 0, 3
59, 32, 1, 0, 3
59, 32, 1, 0, 3
59, 32, 1, 0, 3
59, 32, 1, 0, 3
59, 32, 1, 0, 3
59, 32, 1, 0, 3
59, 32, 1, 0, 3
59, 32, 1, 0, 3
59, 32, 1, 0, 3
59, 32, 1, 0, 3
59, 32, 1, 0, 3
59, 32, 1, 0, 3
59, 32, 1, 0, 3
59, 32, 1, 0, 3
59, 32, 1, 0, 3
59, 32, 1, 0, 3
59, 32, 1, 0, 3
59, 32, 1, 0, 3
59, 32, 1, 0, 3
59, 32, 1, 0, 3
59, 32, 1, 0, 3
59, 32, 1, 0, 3
59, 32, 1, 0, 3
60, 8, 0, 1, 2
60, 8, 0, 1, 2
60, 8, 0, 1, 2
60, 8, 0, 1, 2
60, 8, 0, 1, 2
60, 8, 0, 1, 2
60, 8, 0, 1, 2
60, 8, 0, 1, 2
60, 32, 1, 0, 3
60, 32, 1, 0, 3
60, 32, 1, 0, 3
60, 32, 1, 0, 3
60, 32, 1, 0, 3
60, 32, 1, 0, 3
60, 32, 1, 0, 3
60, 32, 1, 0, 3
60, 32, 1, 0, 3
60, 32, 1, 0, 3
60, 32, 1, 0, 3
60, 32, 1, 0, 3
60, 32, 1, 0, 3
60, 32, 1, 0, 3
60, 32, 1, 0, 3
60, 32, 1, 0, 3
60, 32, 1, 0, 3
60, 32, 1, 0, 3
60, 32, 1, 0, 3
60, 32, 1, 0, 3
60, 32, 1, 0, 3
60, 32, 1, 0, 3
60, 32, 1, 0, 3
60, 32, 1, 0, 3
60, 32, 1, 0, 3
60, 32, 1, 0, 3
60, 32, 1, 0, 3
60, 32, 1, 0, 3
60, 32, 1, 0, 3
60, 32, 1, 0, 3
60, 32, 1, 0, 3
60, 32, 1, 0, 3
61, 8, 0, 1, 2
61, 8, 0, 1, 2
61, 8, 0, 1, 2
61, 8, 0, 1, 2
61, 8, 0, 1, 2
61, 8, 0, 1, 2
61, 8, 0, 1, 2
61, 8, 0, 1, 2
61, 32, 1, 0, 3
61, 32, 1, 0, 3
61, 32, 1, 0, 3
61, 32, 1, 0, 3
61, 32, 1, 0, 3
61, 32, 1, 0, 3
61, 32, 1, 0, 3
61, 32, 1, 0, 3
61, 32, 1, 0, 3
61, 32, 1, 0, 3
61, 32, 1, 0, 3
61, 32, 1, 0, 3
61, 32, 1, 0, 3
61, 32, 1, 0, 3
61, 32, 1, 0, 3
61, 32, 1, 0, 3
61, 32, 1, 0, 3
61, 32, 1, 0, 3
61, 32, 1, 0, 3
61, 32, 1, 0, 3
61, 32, 1, 0, 3
61, 32, 1, 0, 3
61, 32, 1, 0, 3
61, 32, 1, 0, 3
61, 32, 1, 0, 3
61, 32, 1, 0, 3
61, 32, 1, 0, 3
61, 32, 1, 0, 3
61, 32, 1, 0, 3
61, 32, 1, 0, 3
61, 32, 1, 0, 3
61, 32, 1, 0, 3
62, 5, 0, 1, 2
62, 5, 0, 1, 2
62, 5, 0, 1, 2
62, 5, 0, 1, 2
62, 5, 0, 1, 2
62, 25, 1, 0, 3
62, 25, 1, 0, 3
62, 25, 1, 0, 3
62, 25, 1, 0, 3
62, 25, 1, 0, 3
62, 25, 1, 0, 3
62, 25, 1, 0, 3
62, 25, 1, 0, 3
62, 25, 1, 0, 3
62, 25, 1, 0, 3
62, 25, 1, 0, 3
62, 25, 1, 0, 3
62, 25, 1, 0, 3
62, 25, 1, 0, 3
62, 25, 1, 0, 3
62, 25, 1, 0, 3
62, 25, 1, 0, 3
62, 25, 1, 0, 3
62, 25, 1, 0, 3
62, 25, 1, 0, 3
62, 25, 1, 0, 4
62, 25, 1, 0, 4
62, 25, 1, 0, 4
62, 25, 1, 0, 4
62, 25, 1, 0, 4
63, 5, 0, 1, 2
63, 5, 0, 1, 2
63, 5, 0, 1, 2
63, 5, 0, 1, 2
63, 5, 0, 1, 2
63, 25, 1, 0, 3
63, 25, 1, 0, 3
63, 25, 1, 0, 3
63, 25, 1, 0, 3
63, 25, 1, 0, 3
63, 25, 1, 0, 3
63, 25, 1, 0, 3
63, 25, 1, 0, 3
63, 25, 1, 0, 3
63, 25, 1, 0, 3
63, 25, 1, 0, 3
63, 25, 1, 0, 3
63, 25, 1, 0, 3
63, 25, 1, 0, 3
63, 25, 1, 0, 3
63, 25, 1, 0, 3
63, 25, 1, 0, 3
63, 25, 1, 0, 3
63, 25, 1, 0, 3
63, 25, 1, 0, 3
63, 25, 1, 0, 4
63, 25, 1, 0, 4
63, 25, 1, 0, 4
63, 25, 1, 0, 4
63, 25, 1, 0, 4
64, 5, 0, 1, 2
64, 5, 0, 1, 2
64, 5, 0, 1, 2
64, 5, 0, 1, 2
64, 5, 0, 1, 2
64, 25, 1, 0, 3
64, 25, 1, 0, 3
64, 25, 1, 0, 3
64, 25, 1, 0, 3
64, 25, 1, 0, 3
64, 25, 1, 0, 3
64, 25, 1, 0, 3
64, 25, 1, 0, 3
64, 25, 1, 0, 3
64, 25, 1, 0, 3
64, 25, 1, 0, 3
64, 25, 1, 0, 3
64, 25, 1, 0, 3
64, 25, 1, 0, 3
64, 25, 1, 0, 3
64, 25, 1, 0, 3
64, 25, 1, 0, 3
64, 25, 1, 0, 3
64, 25, 1, 0, 3
64, 25, 1, 0, 3
64, 25, 1, 0, 4
64, 25, 1, 0, 4
64, 25, 1, 0, 4
64, 25, 1, 0, 4
64, 25, 1, 0, 4
65, 5, 0, 1, 2
65, 5, 0, 1, 2
65, 5, 0, 1, 2
65, 5, 0, 1, 2
65, 5, 0, 1, 2
65, 25, 1, 0, 3
65, 25, 1, 0, 3
65, 25, 1, 0, 3
65, 25, 1, 0, 3
65, 25, 1, 0, 3
65, 25, 1, 0, 3
65, 25, 1, 0, 3
65, 25, 1, 0, 3
65, 25, 1, 0, 3
65, 25, 1, 0, 3
65, 25, 1, 0, 3
65, 25, 1, 0, 3
65, 25, 1, 0, 3
65, 25, 1, 0, 3
65, 25, 1, 0, 3
65, 25, 1, 0, 3
65, 25, 1, 0, 3
65, 25, 1, 0, 3
65, 25, 1, 0, 3
65, 25, 1, 0, 3
65, 25, 1, 0, 4
65, 25, 1, 0, 4
65, 25, 1, 0, 4
65, 25, 1, 0, 4
65, 25, 1, 0, 4
66, 5, 0, 1, 2
66, 5, 0, 1, 2
66, 5, 0, 1, 2
66, 5, 0, 1, 2
66, 5, 0, 1, 2
66, 25, 1, 0, 3
66, 25, 1, 0, 3
66, 25, 1, 0, 3
66, 25, 1, 0, 3
66, 25, 1, 0, 3
66, 25, 1, 0, 3
66, 25, 1, 0, 3
66, 25, 1, 0, 3
66, 25, 1, 0, 3
66, 25, 1, 0, 3
66, 25, 1, 0, 3
66, 25, 1, 0, 3
66, 25, 1, 0, 3
66, 25, 1, 0, 3
66, 25, 1, 0, 3
66, 25, 1, 0, 3
66, 25, 1, 0, 3
66, 25, 1, 0, 3
66, 25, 1, 0, 3
66, 25, 1, 0, 3
66, 25, 1, 0, 4
66, 25, 1, 0, 4
66, 25, 1, 0, 4
66, 25, 1, 0, 4
66, 25, 1, 0, 4
67, 5, 0, 1, 2
67, 5, 0, 1, 2
67, 5, 0, 1, 2
67, 5, 0, 1, 2
67, 5, 0, 1, 2
67, 25, 1, 0, 3
67, 25, 1, 0, 3
67, 25, 1, 0, 3
67, 25, 1, 0, 3
67, 25, 1, 0, 3
67, 25, 1, 0, 3
67, 25, 1, 0, 3
67, 25, 1, 0, 3
67, 25, 1, 0, 3
67, 25, 1, 0, 3
67, 25, 1, 0, 3
67, 25, 1, 0, 3
67, 25, 1, 0, 3
67, 25, 1, 0, 3
67, 25, 1, 0, 3
67, 25, 1, 0, 3
67, 25, 1, 0, 3
67, 25, 1, 0, 3
67, 25, 1, 0, 3
67, 25, 1, 0, 3
67, 25, 1, 0, 4
67, 25, 1, 0, 4
67, 25, 1, 0, 4
67, 25, 1, 0, 4
67, 25, 1, 0, 4
68, 12, 0, 1, 2
68, 12, 0, 1, 2
68, 12, 0, 1, 2
68, 12, 0, 1, 2
68, 12, 0, 1, 2
68, 12, 0, 1, 2
68, 12, 0, 1, 2
68, 12, 0, 1, 2
68, 12, 0, 1, 2
68, 12, 0, 1, 2
68, 12, 0, 1, 2
68, 12, 0, 1, 2
68, 84, 1, 0, 3
68, 84, 1, 0, 3
68, 84, 1, 0, 3
68, 84, 1, 0, 3
68, 84, 1, 0, 3
68, 84, 1, 0, 3
68, 84, 1, 0, 3
68, 84, 1, 0, 3
68, 84, 1, 0, 3
68, 84, 1, 0, 3
68, 84, 1, 0, 3
68, 84, 1, 0, 3
68, 84, 1, 0, 3
68, 84, 1, 0, 3
68, 84, 1, 0, 3
68, 84, 1, 0, 3
68, 84, 1, 0, 3
68, 84, 1, 0, 3
68, 84, 1, 0, 3
68, 84, 1, 0, 3
68, 84, 1, 0, 3
68, 84, 1, 0, 3
68, 84, 1, 0, 3
68, 84, 1, 0, 3
68, 84, 1, 0, 3
68, 84, 1, 0, 3
68, 84, 1, 0, 3
68, 84, 1, 0, 3
68, 84, 1, 0, 3
68, 84, 1, 0, 3
68, 84, 1, 0, 3
68, 84, 1, 0, 3
68, 84, 1, 0, 3
68, 84, 1, 0, 3
68, 84, 1, 0, 3
68, 84, 1, 0, 3
68, 84, 1, 0, 3
68, 84, 1, 0, 3
68, 84, 1, 0, 3
68, 84, 1, 0, 3
68, 84, 1, 0, 3
68, 84, 1, 0, 3
68, 84, 1, 0, 3
68, 84, 1, 0, 3
68, 84, 1, 0, 3
68, 84, 1, 0, 3
68, 84, 1, 0, 3
68, 84, 1, 0, 3
68, 84, 1, 0, 3
68, 84, 1, 0, 3
68, 84, 1, 0, 3
68, 84, 1, 0, 3
68, 84, 1, 0, 3
68, 84, 1, 0, 3
68, 84, 1, 0, 3
68, 84, 1, 0, 3
68, 84, 1, 0, 3
68, 84, 1, 0, 3
68, 84, 1, 0, 3
68, 84, 1, 0, 3
68, 84, 1, 0, 3
68, 84, 1, 0, 3
68, 84, 1, 0, 3
68, 84, 1, 0, 3
68, 84, 1, 0, 3
68, 84, 1, 0, 3
68, 84, 1, 0, 3
68, 84, 1, 0, 3
68, 84, 1, 0, 3
68, 84, 1, 0, 3
68, 84, 1, 0, 3
68, 84, 1, 0, 3
68, 84, 1, 0, 3
68, 84, 1, 0, 3
68, 84, 1, 0, 3
68, 84, 1, 0, 3
68, 84, 1, 0, 3
68, 84, 1, 0, 3
68, 84, 1, 0, 3
68, 84, 1, 0, 3
68, 84, 1, 0, 3
68, 84, 1, 0, 3
68, 84, 1, 0, 3
68, 84, 1, 0, 3
69, 8, 0, 1, 2
69, 8, 0, 1, 2
69, 8, 0, 1, 2
69, 8, 0, 1, 2
69, 8, 0, 1, 2
69, 8, 0, 1, 2
69, 8, 0, 1, 2
69, 8, 0, 1, 2
69, 56, 1, 0, 3
69, 56, 1, 0, 3
69, 56, 1, 0, 3
69, 56, 1, 0, 3
69, 56, 1, 0, 3
69, 56, 1, 0, 3
69, 56, 1, 0, 3
69, 56, 1, 0, 3
69, 56, 1, 0, 3
69, 56, 1, 0, 3
69, 56, 1, 0, 3
69, 56, 1, 0, 3
69, 56, 1, 0, 3
69, 56, 1, 0, 3
69, 56, 1, 0, 3
69, 56, 1, 0, 3
69, 56, 1, 0, 3
69, 56, 1, 0, 3
69, 56, 1, 0, 3
69, 56, 1, 0, 3
69, 56, 1, 0, 3
69, 56, 1, 0, 3
69, 56, 1, 0, 3
69, 56, 1, 0, 3
69, 56, 1, 0, 3
69, 56, 1, 0, 3
69, 56, 1, 0, 3
69, 56, 1, 0, 3
69, 56, 1, 0, 3
69, 56, 1, 0, 3
69, 56, 1, 0, 3
69, 56, 1, 0, 3
69, 56, 1, 0, 4
69, 56, 1, 0, 4
69, 56, 1, 0, 4
69, 56, 1, 0, 4
69, 56, 1, 0, 4
69, 56, 1, 0, 4
69, 56, 1, 0, 4
69, 56, 1, 0, 4
69, 56, 1, 0, 4
69, 56, 1, 0, 4
69, 56, 1, 0, 4
69, 56, 1, 0, 4
69, 56, 1, 0, 4
69, 56, 1, 0, 4
69, 56, 1, 0, 4
69, 56, 1, 0, 4
69, 56, 1, 0, 4
69, 56, 1, 0, 4
69, 56, 1, 0, 4
69, 56, 1, 0, 4
69, 56, 1, 0, 4
69, 56, 1, 0, 4
69, 56, 1, 0, 4
69, 56, 1, 0, 4
70, 30, 0, 1, 3
70, 30, 0, 1, 3
70, 30, 0, 1, 3
70, 30, 0, 1, 3
70, 30, 0, 1, 3
70, 30, 0, 1, 3
70, 30, 0, 1, 3
70, 30, 0, 1, 3
70, 30, 0, 1, 4
70, 30, 0, 1, 4
70, 30, 0, 1, 4
70, 30, 0, 4, 3
70, 30, 0, 4, 3
70, 30, 0, 4, 3
70, 30, 0, 4, 3
70, 30, 0, 4, 3
70, 30, 0, 4, 3
70, 30, 0, 4, 3
70, 30, 0, 4, 3
70, 30, 0, 4, 4
70, 30, 0, 4, 4
70, 30, 0, 5, 3
70, 30, 0, 5, 3
70, 30, 0, 5, 3
70, 30, 0, 5, 3
70, 30, 0, 5, 3
70, 30, 0, 5, 3
70, 30, 0, 5, 3
70, 30, 0, 5, 3
70, 30, 0, 5, 4
70, 32, 1, 0, 2
70, 32, 1, 0, 2
70, 32, 1, 2, 3
70, 32, 1, 2, 3
70, 32, 1, 2, 3
70, 32, 1, 2, 3
70, 32, 1, 2, 3
70, 32, 1, 2, 3
70, 32, 1, 2, 3
70, 32, 1, 2, 3
70, 32, 1, 2, 4
70, 32, 1, 2, 4
70, 32, 1, 2, 4
70, 32, 1, 5, 3
70, 32, 1, 5, 3
70, 32, 1, 5, 3
70, 32, 1, 5, 3
70, 32, 1, 5, 3
70, 32, 1, 5, 3
70, 32, 1, 5, 3
70, 32, 1, 5, 3
70, 32, 1, 5, 4
70, 32, 1, 5, 4
70, 32, 1, 6, 3
70, 32, 1, 6, 3
70, 32, 1, 6, 3
70, 32, 1, 6, 3
70, 32, 1, 6, 3
70, 32, 1, 6, 3
70, 32, 1, 6, 3
70, 32, 1, 6, 3
70, 32, 1, 6, 4
70, 32, 2, 1, 2
70, 32, 2, 1, 2
70, 32, 2, 3, 3
70, 32, 2, 3, 3
70, 32, 2, 3, 3
70, 32, 2, 3, 3
70, 32, 2, 3, 3
70, 32, 2, 3, 3
70, 32, 2, 3, 3
70, 32, 2, 3, 3
70, 32, 2, 3, 4
70, 32, 2, 3, 4
70, 32, 2, 3, 4
70, 32, 2, 6, 3
70, 32, 2, 6, 3
70, 32, 2, 6, 3
70, 32, 2, 6, 3
70, 32, 2, 6, 3
70, 32, 2, 6, 3
70, 32, 2, 6, 3
70, 32, 2, 6, 3
70, 32, 2, 6, 4
70, 32, 2, 6, 4
70, 32, 2, 7, 3
70, 32, 2, 7, 3
70, 32, 2, 7, 3
70, 32, 2, 7, 3
70, 32, 2, 7, 3
70, 32, 2, 7, 3
70, 32, 2, 7, 3
70, 32, 2, 7, 3
70, 32, 2, 7, 4
70, 32, 3, 2, 2
70, 32, 3, 2, 2
70, 32, 3, 4, 3
70, 32, 3, 4, 3
70, 32, 3, 4, 3
70, 32, 3, 4, 3
70, 32, 3, 4, 3
70, 32, 3, 4, 3
70, 32, 3, 4, 3
70, 32, 3, 4, 3
70, 32, 3, 4, 4
70, 32, 3, 4, 4
70, 32, 3, 4, 4
70, 32, 3, 7, 3
70, 32, 3, 7, 3
70, 32, 3, 7, 3
70, 32, 3, 7, 3
70, 32, 3, 7, 3
70, 32, 3, 7, 3
70, 32, 3, 7, 3
70, 32, 3, 7, 3
70, 32, 3, 7, 4
70, 32, 3, 7, 4
70, 32, 3, 8, 3
70, 32, 3, 8, 3
70, 32, 3, 8, 3
70, 32, 3, 8, 3
70, 32, 3, 8, 3
70, 32, 3, 8, 3
70, 32, 3, 8, 3
70, 32, 3, 8, 3
70, 32, 3, 8, 4
70, 25, 4, 0, 2
70, 25, 4, 0, 2
70, 25, 4, 3, 2
70, 25, 4, 3, 2
70, 25, 4, 5, 3
70, 25, 4, 5, 3
70, 25, 4, 5, 3
70, 25, 4, 5, 3
70, 25, 4, 5, 3
70, 25, 4, 5, 3
70, 25, 4, 5, 3
70, 25, 4, 5, 3
70, 25, 4, 5, 4
70, 25, 4, 5, 4
70, 25, 4, 5, 4
70, 25, 4, 8, 3
70, 25, 4, 8, 3
70, 25, 4, 8, 3
70, 25, 4, 8, 3
70, 25, 4, 8, 3
70, 25, 4, 8, 3
70, 25, 4, 8, 3
70, 25, 4, 8, 3
70, 25, 4, 8, 4
70, 25, 4, 8, 4
70, 17, 5, 0, 2
70, 17, 5, 0, 2
70, 17, 5, 1, 2
70, 17, 5, 1, 2
70, 17, 5, 4, 2
70, 17, 5, 4, 2
70, 17, 5, 6, 3
70, 17, 5, 6, 3
70, 17, 5, 6, 3
70, 17, 5, 6, 3
70, 17, 5, 6, 3
70, 17, 5, 6, 3
70, 17, 5, 6, 3
70, 17, 5, 6, 3
70, 17, 5, 6, 4
70, 17, 5, 6, 4
70, 17, 5, 6, 4
70, 17, 6, 1, 2
70, 17, 6, 1, 2
70, 17, 6, 2, 2
70, 17, 6, 2, 2
70, 17, 6, 5, 2
70, 17, 6, 5, 2
70, 17, 6, 7, 3
70, 17, 6, 7, 3
70, 17, 6, 7, 3
70, 17, 6, 7, 3
70, 17, 6, 7, 3
70, 17, 6, 7, 3
70, 17, 6, 7, 3
70, 17, 6, 7, 3
70, 17, 6, 7, 4
70, 17, 6, 7, 4
70, 17, 6, 7, 4
70, 17, 7, 2, 2
70, 17, 7, 2, 2
70, 17, 7, 3, 2
70, 17, 7, 3, 2
70, 17, 7, 6, 2
70, 17, 7, 6, 2
70, 17, 7, 8, 3
70, 17, 7, 8, 3
70, 17, 7, 8, 3
70, 17, 7, 8, 3
70, 17, 7, 8, 3
70, 17, 7, 8, 3
70, 17, 7, 8, 3
70, 17, 7, 8, 3
70, 17, 7, 8, 4
70, 17, 7, 8, 4
70, 17, 7, 8, 4
70, 6, 8, 3, 2
70, 6, 8, 3, 2
70, 6, 8, 4, 2
70, 6, 8, 4, 2
70, 6, 8, 7, 2
70, 6, 8, 7, 2
71, 8, 0, 1, 2
71, 8, 0, 1, 2
71, 8, 0, 1, 2
71, 8, 0, 1, 2
71, 8, 0, 1, 2
71, 8, 0, 1, 2
71, 8, 0, 1, 2
71, 8, 0, 1, 2
71, 56, 1, 0, 3
71, 56, 1, 0, 3
71, 56, 1, 0, 3
71, 56, 1, 0, 3
71, 56, 1, 0, 3
71, 56, 1, 0, 3
71, 56, 1, 0, 3
71, 56, 1, 0, 3
71, 56, 1, 0, 3
71, 56, 1, 0, 3
71, 56, 1, 0, 3
71, 56, 1, 0, 3
71, 56, 1, 0, 3
71, 56, 1, 0, 3
71, 56, 1, 0, 3
71, 56, 1, 0, 3
71, 56, 1, 0, 3
71, 56, 1, 0, 3
71, 56, 1, 0, 3
71, 56, 1, 0, 3
71, 56, 1, 0, 3
71, 56, 1, 0, 3
71, 56, 1, 0, 3
71, 56, 1, 0, 3
71, 56, 1, 0, 3
71, 56, 1, 0, 3
71, 56, 1, 0, 3
71, 56, 1, 0, 3
71, 56, 1, 0, 3
71, 56, 1, 0, 3
71, 56, 1, 0, 3
71, 56, 1, 0, 3
71, 56, 1, 0, 4
71, 56, 1, 0, 4
71, 56, 1, 0, 4
71, 56, 1, 0, 4
71, 56, 1, 0, 4
71, 56, 1, 0, 4
71, 56, 1, 0, 4
71, 56, 1, 0, 4
71, 56, 1, 0, 4
71, 56, 1, 0, 4
71, 56, 1, 0, 4
71, 56, 1, 0, 4
71, 56, 1, 0, 4
71, 56, 1, 0, 4
71, 56, 1, 0, 4
71, 56, 1, 0, 4
71, 56, 1, 0, 4
71, 56, 1, 0, 4
71, 56, 1, 0, 4
71, 56, 1, 0, 4
71, 56, 1, 0, 4
71, 56, 1, 0, 4
71, 56, 1, 0, 4
71, 56, 1, 0, 4
72, 30, 0, 1, 3
72, 30, 0, 1, 3
72, 30, 0, 1, 3
72, 30, 0, 1, 3
72, 30, 0, 1, 3
72, 30, 0, 1, 3
72, 30, 0, 1, 3
72, 30, 0, 1, 3
72, 30, 0, 1, 4
72, 30, 0, 1, 4
72, 30, 0, 1, 4
72, 30, 0, 4, 3
72, 30, 0, 4, 3
72, 30, 0, 4, 3
72, 30, 0, 4, 3
72, 30, 0, 4, 3
72, 30, 0, 4, 3
72, 30, 0, 4, 3
72, 30, 0, 4, 3
72, 30, 0, 4, 4
72, 30, 0, 4, 4
72, 30, 0, 5, 3
72, 30, 0, 5, 3
72, 30, 0, 5, 3
72, 30, 0, 5, 3
72, 30, 0, 5, 3
72, 30, 0, 5, 3
72, 30, 0, 5, 3
72, 30, 0, 5, 3
72, 30, 0, 5, 4
72, 32, 1, 0, 2
72, 32, 1, 0, 2
72, 32, 1, 2, 3
72, 32, 1, 2, 3
72, 32, 1, 2, 3
72, 32, 1, 2, 3
72, 32, 1, 2, 3
72, 32, 1, 2, 3
72, 32, 1, 2, 3
72, 32, 1, 2, 3
72, 32, 1, 2, 4
72, 32, 1, 2, 4
72, 32, 1, 2, 4
72, 32, 1, 5, 3
72, 32, 1, 5, 3
72, 32, 1, 5, 3
72, 32, 1, 5, 3
72, 32, 1, 5, 3
72, 32, 1, 5, 3
72, 32, 1, 5, 3
72, 32, 1, 5, 3
72, 32, 1, 5, 4
72, 32, 1, 5, 4
72, 32, 1, 6, 3
72, 32, 1, 6, 3
72, 32, 1, 6, 3
72, 32, 1, 6, 3
72, 32, 1, 6, 3
72, 32, 1, 6, 3
72, 32, 1, 6, 3
72, 32, 1, 6, 3
72, 32, 1, 6, 4
72, 32, 2, 1, 2
72, 32, 2, 1, 2
72, 32, 2, 3, 3
72, 32, 2, 3, 3
72, 32, 2, 3, 3
72, 32, 2, 3, 3
72, 32, 2, 3, 3
72, 32, 2, 3, 3
72, 32, 2, 3, 3
72, 32, 2, 3, 3
72, 32, 2, 3, 4
72, 32, 2, 3, 4
72, 32, 2, 3, 4
72, 32, 2, 6, 3
72, 32, 2, 6, 3
72, 32, 2, 6, 3
72, 32, 2, 6, 3
72, 32, 2, 6, 3
72, 32, 2, 6, 3
72, 32, 2, 6, 3
72, 32, 2, 6, 3
72, 32, 2, 6, 4
72, 32, 2, 6, 4
72, 32, 2, 7, 3
72, 32, 2, 7, 3
72, 32, 2, 7, 3
72, 32, 2, 7, 3
72, 32, 2, 7, 3
72, 32, 2, 7, 3
72, 32, 2, 7, 3
72, 32, 2, 7, 3
72, 32, 2, 7, 4
72, 32, 3, 2, 2
72, 32, 3, 2, 2
72, 32, 3, 4, 3
72, 32, 3, 4, 3
72, 32, 3, 4, 3
72, 32, 3, 4, 3
72, 32, 3, 4, 3
72, 32, 3, 4, 3
72, 32, 3, 4, 3
72, 32, 3, 4, 3
72, 32, 3, 4, 4
72, 32, 3, 4, 4
72, 32, 3, 4, 4
72, 32, 3, 7, 3
72, 32, 3, 7, 3
72, 32, 3, 7, 3
72, 32, 3, 7, 3
72, 32, 3, 7, 3
72, 32, 3, 7, 3
72, 32, 3, 7, 3
72, 32, 3, 7, 3
72, 32, 3, 7, 4
72, 32, 3, 7, 4
72, 32, 3, 8, 3
72, 32, 3, 8, 3
72, 32, 3, 8, 3
72, 32, 3, 8, 3
72, 32, 3, 8, 3
72, 32, 3, 8, 3
72, 32, 3, 8, 3
72, 32, 3, 8, 3
72, 32, 3, 8, 4
72, 25, 4, 0, 2
72, 25, 4, 0, 2
72, 25, 4, 3, 2
72, 25, 4, 3, 2
72, 25, 4, 5, 3
72, 25, 4, 5, 3
72, 25, 4, 5, 3
72, 25, 4, 5, 3
72, 25, 4, 5, 3
72, 25, 4, 5, 3
72, 25, 4, 5, 3
72, 25, 4, 5, 3
72, 25, 4, 5, 4
72, 25, 4, 5, 4
72, 25, 4, 5, 4
72, 25, 4, 8, 3
72, 25, 4, 8, 3
72, 25, 4, 8, 3
72, 25, 4, 8, 3
72, 25, 4, 8, 3
72, 25, 4, 8, 3
72, 25, 4, 8, 3
72, 25, 4, 8, 3
72, 25, 4, 8, 4
72, 25, 4, 8, 4
72, 17, 5, 0, 2
72, 17, 5, 0, 2
72, 17, 5, 1, 2
72, 17, 5, 1, 2
72, 17, 5, 4, 2
72, 17, 5, 4, 2
72, 17, 5, 6, 3
72, 17, 5, 6, 3
72, 17, 5, 6, 3
72, 17, 5, 6, 3
72, 17, 5, 6, 3
72, 17, 5, 6, 3
72, 17, 5, 6, 3
72, 17, 5, 6, 3
72, 17, 5, 6, 4
72, 17, 5, 6, 4
72, 17, 5, 6, 4
72, 17, 6, 1, 2
72, 17, 6, 1, 2
72, 17, 6, 2, 2
72, 17, 6, 2, 2
72, 17, 6, 5, 2
72, 17, 6, 5, 2
72, 17, 6, 7, 3
72, 17, 6, 7, 3
72, 17, 6, 7, 3
72, 17, 6, 7, 3
72, 17, 6, 7, 3
72, 17, 6, 7, 3
72, 17, 6, 7, 3
72, 17, 6, 7, 3
72, 17, 6, 7, 4
72, 17, 6, 7, 4
72, 17, 6, 7, 4
72, 17, 7, 2, 2
72, 17, 7, 2, 2
72, 17, 7, 3, 2
72, 17, 7, 3, 2
72, 17, 7, 6, 2
72, 17, 7, 6, 2
72, 17, 7, 8, 3
72, 17, 7, 8, 3
72, 17, 7, 8, 3
72, 17, 7, 8, 3
72, 17, 7, 8, 3
72, 17, 7, 8, 3
72, 17, 7, 8, 3
72, 17, 7, 8, 3
72, 17, 7, 8, 4
72, 17, 7, 8, 4
72, 17, 7, 8, 4
72, 6, 8, 3, 2
72, 6, 8, 3, 2
72, 6, 8, 4, 2
72, 6, 8, 4, 2
72, 6, 8, 7, 2
72, 6, 8, 7, 2
73, 8, 0, 1, 2
73, 8, 0, 1, 2
73, 8, 0, 1, 2
73, 8, 0, 1, 2
73, 8, 0, 1, 2
73, 8, 0, 1, 2
73, 8, 0, 1, 2
73, 8, 0, 1, 2
73, 56, 1, 0, 3
73, 56, 1, 0, 3
73, 56, 1, 0, 3
73, 56, 1, 0, 3
73, 56, 1, 0, 3
73, 56, 1, 0, 3
73, 56, 1, 0, 3
73, 56, 1, 0, 3
73, 56, 1, 0, 3
73, 56, 1, 0, 3
73, 56, 1, 0, 3
73, 56, 1, 0, 3
73, 56, 1, 0, 3
73, 56, 1, 0, 3
73, 56, 1, 0, 3
73, 56, 1, 0, 3
73, 56, 1, 0, 3
73, 56, 1, 0, 3
73, 56, 1, 0, 3
73, 56, 1, 0, 3
73, 56, 1, 0, 3
73, 56, 1, 0, 3
73, 56, 1, 0, 3
73, 56, 1, 0, 3
73, 56, 1, 0, 3
73, 56, 1, 0, 3
73, 56, 1, 0, 3
73, 56, 1, 0, 3
73, 56, 1, 0, 3
73, 56, 1, 0, 3
73, 56, 1, 0, 3
73, 56, 1, 0, 3
73, 56, 1, 0, 4
73, 56, 1, 0, 4
73, 56, 1, 0, 4
73, 56, 1, 0, 4
73, 56, 1, 0, 4
73, 56, 1, 0, 4
73, 56, 1, 0, 4
73, 56, 1, 0, 4
73, 56, 1, 0, 4
73, 56, 1, 0, 4
73, 56, 1, 0, 4
73, 56, 1, 0, 4
73, 56, 1, 0, 4
73, 56, 1, 0, 4
73, 56, 1, 0, 4
73, 56, 1, 0, 4
73, 56, 1, 0, 4
73, 56, 1, 0, 4
73, 56, 1, 0, 4
73, 56, 1, 0, 4
73, 56, 1, 0, 4
73, 56, 1, 0, 4
73, 56, 1, 0, 4
73, 56, 1, 0, 4
74, 27, 0, 1, 3
74, 27, 0, 1, 3
74, 27, 0, 1, 3
74, 27, 0, 1, 3
74, 27, 0, 1, 3
74, 27, 0, 1, 3
74, 27, 0, 1, 3
74, 27, 0, 1, 3
74, 27, 0, 1, 4
74, 27, 0, 1, 4
74, 27, 0, 1, 4
74, 27, 0, 4, 3
74, 27, 0, 4, 3
74, 27, 0, 4, 3
74, 27, 0, 4, 3
74, 27, 0, 4, 3
74, 27, 0, 4, 3
74, 27, 0, 4, 3
74, 27, 0, 4, 3
74, 27, 0, 4, 4
74, 27, 0, 4, 4
74, 27, 0, 5, 2
74, 27, 0, 5, 3
74, 27, 0, 5, 3
74, 27, 0, 5, 3
74, 27, 0, 5, 3
74, 27, 0, 5, 4
74, 29, 1, 0, 2
74, 29, 1, 0, 2
74, 29, 1, 2, 3
74, 29, 1, 2, 3
74, 29, 1, 2, 3
74, 29, 1, 2, 3
74, 29, 1, 2, 3
74, 29, 1, 2, 3
74, 29, 1, 2, 3
74, 29, 1, 2, 3
74, 29, 1, 2, 4
74, 29, 1, 2, 4
74, 29, 1, 2, 4
74, 29, 1, 5, 3
74, 29, 1, 5, 3
74, 29, 1, 5, 3
74, 29, 1, 5, 3
74, 29, 1, 5, 3
74, 29, 1, 5, 3
74, 29, 1, 5, 3
74, 29, 1, 5, 3
74, 29, 1, 5, 4
74, 29, 1, 5, 4
74, 29, 1, 6, 2
74, 29, 1, 6, 3
74, 29, 1, 6, 3
74, 29, 1, 6, 3
74, 29, 1, 6, 3
74, 29, 1, 6, 4
74, 29, 2, 1, 2
74, 29, 2, 1, 2
74, 29, 2, 3, 3
74, 29, 2, 3, 3
74, 29, 2, 3, 3
74, 29, 2, 3, 3
74, 29, 2, 3, 3
74, 29, 2, 3, 3
74, 29, 2, 3, 3
74, 29, 2, 3, 3
74, 29, 2, 3, 4
74, 29, 2, 3, 4
74, 29, 2, 3, 4
74, 29, 2, 6, 3
74, 29, 2, 6, 3
74, 29, 2, 6, 3
74, 29, 2, 6, 3
74, 29, 2, 6, 3
74, 29, 2, 6, 3
74, 29, 2, 6, 3
74, 29, 2, 6, 3
74, 29, 2, 6, 4
74, 29, 2, 6, 4
74, 29, 2, 7, 2
74, 29, 2, 7, 3
74, 29, 2, 7, 3
74, 29, 2, 7, 3
74, 29, 2, 7, 3
74, 29, 2, 7, 4
74, 29, 3, 2, 2
74, 29, 3, 2, 2
74, 29, 3, 4, 3
74, 29, 3, 4, 3
74, 29, 3, 4, 3
74, 29, 3, 4, 3
74, 29, 3, 4, 3
74, 29, 3, 4, 3
74, 29, 3, 4, 3
74, 29, 3, 4, 3
74, 29, 3, 4, 4
74, 29, 3, 4, 4
74, 29, 3, 4, 4
74, 29, 3, 7, 3
74, 29, 3, 7, 3
74, 29, 3, 7, 3
74, 29, 3, 7, 3
74, 29, 3, 7, 3
74, 29, 3, 7, 3
74, 29, 3, 7, 3
74, 29, 3, 7, 3
74, 29, 3, 7, 4
74, 29, 3, 7, 4
74, 29, 3, 8, 2
74, 29, 3, 8, 3
74, 29, 3, 8, 3
74, 29, 3, 8, 3
74, 29, 3, 8, 3
74, 29, 3, 8, 4
74, 25, 4, 0, 2
74, 25, 4, 0, 2
74, 25, 4, 3, 2
74, 25, 4, 3, 2
74, 25, 4, 5, 3
74, 25, 4, 5, 3
74, 25, 4, 5, 3
74, 25, 4, 5, 3
74, 25, 4, 5, 3
74, 25, 4, 5, 3
74, 25, 4, 5, 3
74, 25, 4, 5, 3
74, 25, 4, 5, 4
74, 25, 4, 5, 4
74, 25, 4, 5, 4
74, 25, 4, 8, 3
74, 25, 4, 8, 3
74, 25, 4, 8, 3
74, 25, 4, 8, 3
74, 25, 4, 8, 3
74, 25, 4, 8, 3
74, 25, 4, 8, 3
74, 25, 4, 8, 3
74, 25, 4, 8, 4
74, 25, 4, 8, 4
74, 17, 5, 0, 2
74, 17, 5, 0, 2
74, 17, 5, 1, 2
74, 17, 5, 1, 2
74, 17, 5, 4, 2
74, 17, 5, 4, 2
74, 17, 5, 6, 3
74, 17, 5, 6, 3
74, 17, 5, 6, 3
74, 17, 5, 6, 3
74, 17, 5, 6, 3
74, 17, 5, 6, 3
74, 17, 5, 6, 3
74, 17, 5, 6, 3
74, 17, 5, 6, 4
74, 17, 5, 6, 4
74, 17, 5, 6, 4
74, 17, 6, 1, 2
74, 17, 6, 1, 2
74, 17, 6, 2, 2
74, 17, 6, 2, 2
74, 17, 6, 5, 2
74, 17, 6, 5, 2
74, 17, 6, 7, 3
74, 17, 6, 7, 3
74, 17, 6, 7, 3
74, 17, 6, 7, 3
74, 17, 6, 7, 3
74, 17, 6, 7, 3
74, 17, 6, 7, 3
74, 17, 6, 7, 3
74, 17, 6, 7, 4
74, 17, 6, 7, 4
74, 17, 6, 7, 4
74, 17, 7, 2, 2
74, 17, 7, 2, 2
74, 17, 7, 3, 2
74, 17, 7, 3, 2
74, 17, 7, 6, 2
74, 17, 7, 6, 2
74, 17, 7, 8, 3
74, 17, 7, 8, 3
74, 17, 7, 8, 3
74, 17, 7, 8, 3
74, 17, 7, 8, 3
74, 17, 7, 8, 3
74, 17, 7, 8, 3
74, 17, 7, 8, 3
74, 17, 7, 8, 4
74, 17, 7, 8, 4
74, 17, 7, 8, 4
74, 6, 8, 3, 2
74, 6, 8, 3, 2
74, 6, 8, 4, 2
74, 6, 8, 4, 2
74, 6, 8, 7, 2
74, 6, 8, 7, 2
75, 8, 0, 1, 2
75, 8, 0, 1, 2
75, 8, 0, 1, 2
75, 8, 0, 1, 2
75, 8, 0, 1, 2
75, 8, 0, 1, 2
75, 8, 0, 1, 2
75, 8, 0, 1, 2
75, 56, 1, 0, 3
75, 56, 1, 0, 3
75, 56, 1, 0, 3
75, 56, 1, 0, 3
75, 56, 1, 0, 3
75, 56, 1, 0, 3
75, 56, 1, 0, 3
75, 56, 1, 0, 3
75, 56, 1, 0, 3
75, 56, 1, 0, 3
75, 56, 1, 0, 3
75, 56, 1, 0, 3
75, 56, 1, 0, 3
75, 56, 1, 0, 3
75, 56, 1, 0, 3
75, 56, 1, 0, 3
75, 56, 1, 0, 3
75, 56, 1, 0, 3
75, 56, 1, 0, 3
75, 56, 1, 0, 3
75, 56, 1, 0, 3
75, 56, 1, 0, 3
75, 56, 1, 0, 3
75, 56, 1, 0, 3
75, 56, 1, 0, 3
75, 56, 1, 0, 3
75, 56, 1, 0, 3
75, 56, 1, 0, 3
75, 56, 1, 0, 3
75, 56, 1, 0, 3
75, 56, 1, 0, 3
75, 56, 1, 0, 3
75, 56, 1, 0, 4
75, 56, 1, 0, 4
75, 56, 1, 0, 4
75, 56, 1, 0, 4
75, 56, 1, 0, 4
75, 56, 1, 0, 4
75, 56, 1, 0, 4
75, 56, 1, 0, 4
75, 56, 1, 0, 4
75, 56, 1, 0, 4
75, 56, 1, 0, 4
75, 56, 1, 0, 4
75, 56, 1, 0, 4
75, 56, 1, 0, 4
75, 56, 1, 0, 4
75, 56, 1, 0, 4
75, 56, 1, 0, 4
75, 56, 1, 0, 4
75, 56, 1, 0, 4
75, 56, 1, 0, 4
75, 56, 1, 0, 4
75, 56, 1, 0, 4
75, 56, 1, 0, 4
75, 56, 1, 0, 4
76, 30, 0, 1, 3
76, 30, 0, 1, 3
76, 30, 0, 1, 3
76, 30, 0, 1, 3
76, 30, 0, 1, 3
76, 30, 0, 1, 3
76, 30, 0, 1, 3
76, 30, 0, 1, 3
76, 30, 0, 1, 4
76, 30, 0, 1, 4
76, 30, 0, 1, 4
76, 30, 0, 4, 3
76, 30, 0, 4, 3
76, 30, 0, 4, 3
76, 30, 0, 4, 3
76, 30, 0, 4, 3
76, 30, 0, 4, 3
76, 30, 0, 4, 3
76, 30, 0, 4, 3
76, 30, 0, 4, 4
76, 30, 0, 4, 4
76, 30, 0, 5, 3
76, 30, 0, 5, 3
76, 30, 0, 5, 3
76, 30, 0, 5, 3
76, 30, 0, 5, 3
76, 30, 0, 5, 3
76, 30, 0, 5, 3
76, 30, 0, 5, 3
76, 30, 0, 5, 4
76, 32, 1, 0, 2
76, 32, 1, 0, 2
76, 32, 1, 2, 3
76, 32, 1, 2, 3
76, 32, 1, 2, 3
76, 32, 1, 2, 3
76, 32, 1, 2, 3
76, 32, 1, 2, 3
76, 32, 1, 2, 3
76, 32, 1, 2, 3
76, 32, 1, 2, 4
76, 32, 1, 2, 4
76, 32, 1, 2, 4
76, 32, 1, 5, 3
76, 32, 1, 5, 3
76, 32, 1, 5, 3
76, 32, 1, 5, 3
76, 32, 1, 5, 3
76, 32, 1, 5, 3
76, 32, 1, 5, 3
76, 32, 1, 5, 3
76, 32, 1, 5, 4
76, 32, 1, 5, 4
76, 32, 1, 6, 3
76, 32, 1, 6, 3
76, 32, 1, 6, 3
76, 32, 1, 6, 3
76, 32, 1, 6, 3
76, 32, 1, 6, 3
76, 32, 1, 6, 3
76, 32, 1, 6, 3
76, 32, 1, 6, 4
76, 32, 2, 1, 2
76, 32, 2, 1, 2
76, 32, 2, 3, 3
76, 32, 2, 3, 3
76, 32, 2, 3, 3
76, 32, 2, 3, 3
76, 32, 2, 3, 3
76, 32, 2, 3, 3
76, 32, 2, 3, 3
76, 32, 2, 3, 3
76, 32, 2, 3, 4
76, 32, 2, 3, 4
76, 32, 2, 3, 4
76, 32, 2, 6, 3
76, 32, 2, 6, 3
76, 32, 2, 6, 3
76, 32, 2, 6, 3
76, 32, 2, 6, 3
76, 32, 2, 6, 3
76, 32, 2, 6, 3
76, 32, 2, 6, 3
76, 32, 2, 6, 4
76, 32, 2, 6, 4
76, 32, 2, 7, 3
76, 32, 2, 7, 3
76, 32, 2, 7, 3
76, 32, 2, 7, 3
76, 32, 2, 7, 3
76, 32, 2, 7, 3
76, 32, 2, 7, 3
76, 32, 2, 7, 3
76, 32, 2, 7, 4
76, 32, 3, 2, 2
76, 32, 3, 2, 2
76, 32, 3, 4, 3
76, 32, 3, 4, 3
76, 32, 3, 4, 3
76, 32, 3, 4, 3
76, 32, 3, 4, 3
76, 32, 3, 4, 3
76, 32, 3, 4, 3
76, 32, 3, 4, 3
76, 32, 3, 4, 4
76, 32, 3, 4, 4
76, 32, 3, 4, 4
76, 32, 3, 7, 3
76, 32, 3, 7, 3
76, 32, 3, 7, 3
76, 32, 3, 7, 3
76, 32, 3, 7, 3
76, 32, 3, 7, 3
76, 32, 3, 7, 3
76, 32, 3, 7, 3
76, 32, 3, 7, 4
76, 32, 3, 7, 4
76, 32, 3, 8, 3
76, 32, 3, 8, 3
76, 32, 3, 8, 3
76, 32, 3, 8, 3
76, 32, 3, 8, 3
76, 32, 3, 8, 3
76, 32, 3, 8, 3
76, 32, 3, 8, 3
76, 32, 3, 8, 4
76, 25, 4, 0, 2
76, 25, 4, 0, 2
76, 25, 4, 3, 2
76, 25, 4, 3, 2
76, 25, 4, 5, 3
76, 25, 4, 5, 3
76, 25, 4, 5, 3
76, 25, 4, 5, 3
76, 25, 4, 5, 3
76, 25, 4, 5, 3
76, 25, 4, 5, 3
76, 25, 4, 5, 3
76, 25, 4, 5, 4
76, 25, 4, 5, 4
76, 25, 4, 5, 4
76, 25, 4, 8, 3
76, 25, 4, 8, 3
76, 25, 4, 8, 3
76, 25, 4, 8, 3
76, 25, 4, 8, 3
76, 25, 4, 8, 3
76, 25, 4, 8, 3
76, 25, 4, 8, 3
76, 25, 4, 8, 4
76, 25, 4, 8, 4
76, 17, 5, 0, 2
76, 17, 5, 0, 2
76, 17, 5, 1, 2
76, 17, 5, 1, 2
76, 17, 5, 4, 2
76, 17, 5, 4, 2
76, 17, 5, 6, 3
76, 17, 5, 6, 3
76, 17, 5, 6, 3
76, 17, 5, 6, 3
76, 17, 5, 6, 3
76, 17, 5, 6, 3
76, 17, 5, 6, 3
76, 17, 5, 6, 3
76, 17, 5, 6, 4
76, 17, 5, 6, 4
76, 17, 5, 6, 4
76, 17, 6, 1, 2
76, 17, 6, 1, 2
76, 17, 6, 2, 2
76, 17, 6, 2, 2
76, 17, 6, 5, 2
76, 17, 6, 5, 2
76, 17, 6, 7, 3
76, 17, 6, 7, 3
76, 17, 6, 7, 3
76, 17, 6, 7, 3
76, 17, 6, 7, 3
76, 17, 6, 7, 3
76, 17, 6, 7, 3
76, 17, 6, 7, 3
76, 17, 6, 7, 4
76, 17, 6, 7, 4
76, 17, 6, 7, 4
76, 17, 7, 2, 2
76, 17, 7, 2, 2
76, 17, 7, 3, 2
76, 17, 7, 3, 2
76, 17, 7, 6, 2
76, 17, 7, 6, 2
76, 17, 7, 8, 3
76, 17, 7, 8, 3
76, 17, 7, 8, 3
76, 17, 7, 8, 3
76, 17, 7, 8, 3
76, 17, 7, 8, 3
76, 17, 7, 8, 3
76, 17, 7, 8, 3
76, 17, 7, 8, 4
76, 17, 7, 8, 4
76, 17, 7, 8, 4
76, 6, 8, 3, 2
76, 6, 8, 3, 2
76, 6, 8, 4, 2
76, 6, 8, 4, 2
76, 6, 8, 7, 2
76, 6, 8, 7, 2
77, 8, 0, 1, 2
77, 8, 0, 1, 2
77, 8, 0, 1, 2
77, 8, 0, 1, 2
77, 8, 0, 1, 2
77, 8, 0, 1, 2
77, 8, 0, 1, 2
77, 8, 0, 1, 2
77, 56, 1, 0, 3
77, 56, 1, 0, 3
77, 56, 1, 0, 3
77, 56, 1, 0, 3
77, 56, 1, 0, 3
77, 56, 1, 0, 3
77, 56, 1, 0, 3
77, 56, 1, 0, 3
77, 56, 1, 0, 3
77, 56, 1, 0, 3
77, 56, 1, 0, 3
77, 56, 1, 0, 3
77, 56, 1, 0, 3
77, 56, 1, 0, 3
77, 56, 1, 0, 3
77, 56, 1, 0, 3
77, 56, 1, 0, 3
77, 56, 1, 0, 3
77, 56, 1, 0, 3
77, 56, 1, 0, 3
77, 56, 1, 0, 3
77, 56, 1, 0, 3
77, 56, 1, 0, 3
77, 56, 1, 0, 3
77, 56, 1, 0, 3
77, 56, 1, 0, 3
77, 56, 1, 0, 3
77, 56, 1, 0, 3
77, 56, 1, 0, 3
77, 56, 1, 0, 3
77, 56, 1, 0, 3
77, 56, 1, 0, 3
77, 56, 1, 0, 4
77, 56, 1, 0, 4
77, 56, 1, 0, 4
77, 56, 1, 0, 4
77, 56, 1, 0, 4
77, 56, 1, 0, 4
77, 56, 1, 0, 4
77, 56, 1, 0, 4
77, 56, 1, 0, 4
77, 56, 1, 0, 4
77, 56, 1, 0, 4
77, 56, 1, 0, 4
77, 56, 1, 0, 4
77, 56, 1, 0, 4
77, 56, 1, 0, 4
77, 56, 1, 0, 4
77, 56, 1, 0, 4
77, 56, 1, 0, 4
77, 56, 1, 0, 4
77, 56, 1, 0, 4
77, 56, 1, 0, 4
77, 56, 1, 0, 4
77, 56, 1, 0, 4
77, 56, 1, 0, 4
78, 30, 0, 1, 3
78, 30, 0, 1, 3
78, 30, 0, 1, 3
78, 30, 0, 1, 3
78, 30, 0, 1, 3
78, 30, 0, 1, 3
78, 30, 0, 1, 3
78, 30, 0, 1, 3
78, 30, 0, 1, 4
78, 30, 0, 1, 4
78, 30, 0, 1, 4
78, 30, 0, 4, 3
78, 30, 0, 4, 3
78, 30, 0, 4, 3
78, 30, 0, 4, 3
78, 30, 0, 4, 3
78, 30, 0, 4, 3
78, 30, 0, 4, 3
78, 30, 0, 4, 3
78, 30, 0, 4, 4
78, 30, 0, 4, 4
78, 30, 0, 5, 3
78, 30, 0, 5, 3
78, 30, 0, 5, 3
78, 30, 0, 5, 3
78, 30, 0, 5, 3
78, 30, 0, 5, 3
78, 30, 0, 5, 3
78, 30, 0, 5, 3
78, 30, 0, 5, 4
78, 32, 1, 0, 2
78, 32, 1, 0, 2
78, 32, 1, 2, 3
78, 32, 1, 2, 3
78, 32, 1, 2, 3
78, 32, 1, 2, 3
78, 32, 1, 2, 3
78, 32, 1, 2, 3
78, 32, 1, 2, 3
78, 32, 1, 2, 3
78, 32, 1, 2, 4
78, 32, 1, 2, 4
78, 32, 1, 2, 4
78, 32, 1, 5, 3
78, 32, 1, 5, 3
78, 32, 1, 5, 3
78, 32, 1, 5, 3
78, 32, 1, 5, 3
78, 32, 1, 5, 3
78, 32, 1, 5, 3
78, 32, 1, 5, 3
78, 32, 1, 5, 4
78, 32, 1, 5, 4
78, 32, 1, 6, 3
78, 32, 1, 6, 3
78, 32, 1, 6, 3
78, 32, 1, 6, 3
78, 32, 1, 6, 3
78, 32, 1, 6, 3
78, 32, 1, 6, 3
78, 32, 1, 6, 3
78, 32, 1, 6, 4
78, 32, 2, 1, 2
78, 32, 2, 1, 2
78, 32, 2, 3, 3
78, 32, 2, 3, 3
78, 32, 2, 3, 3
78, 32, 2, 3, 3
78, 32, 2, 3, 3
78, 32, 2, 3, 3
78, 32, 2, 3, 3
78, 32, 2, 3, 3
78, 32, 2, 3, 4
78, 32, 2, 3, 4
78, 32, 2, 3, 4
78, 32, 2, 6, 3
78, 32, 2, 6, 3
78, 32, 2, 6, 3
78, 32, 2, 6, 3
78, 32, 2, 6, 3
78, 32, 2, 6, 3
78, 32, 2, 6, 3
78, 32, 2, 6, 3
78, 32, 2, 6, 4
78, 32, 2, 6, 4
78, 32, 2, 7, 3
78, 32, 2, 7, 3
78, 32, 2, 7, 3
78, 32, 2, 7, 3
78, 32, 2, 7, 3
78, 32, 2, 7, 3
78, 32, 2, 7, 3
78, 32, 2, 7, 3
78, 32, 2, 7, 4
78, 32, 3, 2, 2
78, 32, 3, 2, 2
78, 32, 3, 4, 3
78, 32, 3, 4, 3
78, 32, 3, 4, 3
78, 32, 3, 4, 3
78, 32, 3, 4, 3
78, 32, 3, 4, 3
78, 32, 3, 4, 3
78, 32, 3, 4, 3
78, 32, 3, 4, 4
78, 32, 3, 4, 4
78, 32, 3, 4, 4
78, 32, 3, 7, 3
78, 32, 3, 7, 3
78, 32, 3, 7, 3
78, 32, 3, 7, 3
78, 32, 3, 7, 3
78, 32, 3, 7, 3
78, 32, 3, 7, 3
78, 32, 3, 7, 3
78, 32, 3, 7, 4
78, 32, 3, 7, 4
78, 32, 3, 8, 3
78, 32, 3, 8, 3
78, 32, 3, 8, 3
78, 32, 3, 8, 3
78, 32, 3, 8, 3
78, 32, 3, 8, 3
78, 32, 3, 8, 3
78, 32, 3, 8, 3
78, 32, 3, 8, 4
78, 25, 4, 0, 2
78, 25, 4, 0, 2
78, 25, 4, 3, 2
78, 25, 4, 3, 2
78, 25, 4, 5, 3
78, 25, 4, 5, 3
78, 25, 4, 5, 3
78, 25, 4, 5, 3
78, 25, 4, 5, 3
78, 25, 4, 5, 3
78, 25, 4, 5, 3
78, 25, 4, 5, 3
78, 25, 4, 5, 4
78, 25, 4, 5, 4
78, 25, 4, 5, 4
78, 25, 4, 8, 3
78, 25, 4, 8, 3
78, 25, 4, 8, 3
78, 25, 4, 8, 3
78, 25, 4, 8, 3
78, 25, 4, 8, 3
78, 25, 4, 8, 3
78, 25, 4, 8, 3
78, 25, 4, 8, 4
78, 25, 4, 8, 4
78, 17, 5, 0, 2
78, 17, 5, 0, 2
78, 17, 5, 1, 2
78, 17, 5, 1, 2
78, 17, 5, 4, 2
78, 17, 5, 4, 2
78, 17, 5, 6, 3
78, 17, 5, 6, 3
78, 17, 5, 6, 3
78, 17, 5, 6, 3
78, 17, 5, 6, 3
78, 17, 5, 6, 3
78, 17, 5, 6, 3
78, 17, 5, 6, 3
78, 17, 5, 6, 4
78, 17, 5, 6, 4
78, 17, 5, 6, 4
78, 17, 6, 1, 2
78, 17, 6, 1, 2
78, 17, 6, 2, 2
78, 17, 6, 2, 2
78, 17, 6, 5, 2
78, 17, 6, 5, 2
78, 17, 6, 7, 3
78, 17, 6, 7, 3
78, 17, 6, 7, 3
78, 17, 6, 7, 3
78, 17, 6, 7, 3
78, 17, 6, 7, 3
78, 17, 6, 7, 3
78, 17, 6, 7, 3
78, 17, 6, 7, 4
78, 17, 6, 7, 4
78, 17, 6, 7, 4
78, 17, 7, 2, 2
78, 17, 7, 2, 2
78, 17, 7, 3, 2
78, 17, 7, 3, 2
78, 17, 7, 6, 2
78, 17, 7, 6, 2
78, 17, 7, 8, 3
78, 17, 7, 8, 3
78, 17, 7, 8, 3
78, 17, 7, 8, 3
78, 17, 7, 8, 3
78, 17, 7, 8, 3
78, 17, 7, 8, 3
78, 17, 7, 8, 3
78, 17, 7, 8, 4
78, 17, 7, 8, 4
78, 17, 7, 8, 4
78, 6, 8, 3, 2
78, 6, 8, 3, 2
78, 6, 8, 4, 2
78, 6, 8, 4, 2
78, 6, 8, 7, 2
78, 6, 8, 7, 2
79, 8, 0, 1, 2
79, 8, 0, 1, 2
79, 8, 0, 1, 2
79, 8, 0, 1, 2
79, 8, 0, 1, 2
79, 8, 0, 1, 2
79, 8, 0, 1, 2
79, 8, 0, 1, 2
79, 56, 1, 0, 3
79, 56, 1, 0, 3
79, 56, 1, 0, 3
79, 56, 1, 0, 3
79, 56, 1, 0, 3
79, 56, 1, 0, 3
79, 56, 1, 0, 3
79, 56, 1, 0, 3
79, 56, 1, 0, 3
79, 56, 1, 0, 3
79, 56, 1, 0, 3
79, 56, 1, 0, 3
79, 56, 1, 0, 3
79, 56, 1, 0, 3
79, 56, 1, 0, 3
79, 56, 1, 0, 3
79, 56, 1, 0, 3
79, 56, 1, 0, 3
79, 56, 1, 0, 3
79, 56, 1, 0, 3
79, 56, 1, 0, 3
79, 56, 1, 0, 3
79, 56, 1, 0, 3
79, 56, 1, 0, 3
79, 56, 1, 0, 3
79, 56, 1, 0, 3
79, 56, 1, 0, 3
79, 56, 1, 0, 3
79, 56, 1, 0, 3
79, 56, 1, 0, 3
79, 56, 1, 0, 3
79, 56, 1, 0, 3
79, 56, 1, 0, 4
79, 56, 1, 0, 4
79, 56, 1, 0, 4
79, 56, 1, 0, 4
79, 56, 1, 0, 4
79, 56, 1, 0, 4
79, 56, 1, 0, 4
79, 56, 1, 0, 4
79, 56, 1, 0, 4
79, 56, 1, 0, 4
79, 56, 1, 0, 4
79, 56, 1, 0, 4
79, 56, 1, 0, 4
79, 56, 1, 0, 4
79, 56, 1, 0, 4
79, 56, 1, 0, 4
79, 56, 1, 0, 4
79, 56, 1, 0, 4
79, 56, 1, 0, 4
79, 56, 1, 0, 4
79, 56, 1, 0, 4
79, 56, 1, 0, 4
79, 56, 1, 0, 4
79, 56, 1, 0, 4
80, 27, 0, 1, 2
80, 27, 0, 1, 3
80, 27, 0, 1, 3
80, 27, 0, 1, 3
80, 27, 0, 1, 3
80, 27, 0, 1, 4
80, 27, 0, 1, 4
80, 27, 0, 1, 4
80, 27, 0, 4, 3
80, 27, 0, 4, 3
80, 27, 0, 4, 3
80, 27, 0, 4, 3
80, 27, 0, 4, 3
80, 27, 0, 4, 3
80, 27, 0, 4, 3
80, 27, 0, 4, 3
80, 27, 0, 4, 4
80, 27, 0, 4, 4
80, 27, 0, 5, 3
80, 27, 0, 5, 3
80, 27, 0, 5, 3
80, 27, 0, 5, 3
80, 27, 0, 5, 3
80, 27, 0, 5, 3
80, 27, 0, 5, 3
80, 27, 0, 5, 3
80, 27, 0, 5, 4
80, 29, 1, 0, 2
80, 29, 1, 0, 2
80, 29, 1, 2, 2
80, 29, 1, 2, 3
80, 29, 1, 2, 3
80, 29, 1, 2, 3
80, 29, 1, 2, 3
80, 29, 1, 2, 4
80, 29, 1, 2, 4
80, 29, 1, 2, 4
80, 29, 1, 5, 3
80, 29, 1, 5, 3
80, 29, 1, 5, 3
80, 29, 1, 5, 3
80, 29, 1, 5, 3
80, 29, 1, 5, 3
80, 29, 1, 5, 3
80, 29, 1, 5, 3
80, 29, 1, 5, 4
80, 29, 1, 5, 4
80, 29, 1, 6, 3
80, 29, 1, 6, 3
80, 29, 1, 6, 3
80, 29, 1, 6, 3
80, 29, 1, 6, 3
80, 29, 1, 6, 3
80, 29, 1, 6, 3
80, 29, 1, 6, 3
80, 29, 1, 6, 4
80, 29, 2, 1, 2
80, 29, 2, 1, 2
80, 29, 2, 3, 2
80, 29, 2, 3, 3
80, 29, 2, 3, 3
80, 29, 2, 3, 3
80, 29, 2, 3, 3
80, 29, 2, 3, 4
80, 29, 2, 3, 4
80, 29, 2, 3, 4
80, 29, 2, 6, 3
80, 29, 2, 6, 3
80, 29, 2, 6, 3
80, 29, 2, 6, 3
80, 29, 2, 6, 3
80, 29, 2, 6, 3
80, 29, 2, 6, 3
80, 29, 2, 6, 3
80, 29, 2, 6, 4
80, 29, 2, 6, 4
80, 29, 2, 7, 3
80, 29, 2, 7, 3
80, 29, 2, 7, 3
80, 29, 2, 7, 3
80, 29, 2, 7, 3
80, 29, 2, 7, 3
80, 29, 2, 7, 3
80, 29, 2, 7, 3
80, 29, 2, 7, 4
80, 29, 3, 2, 2
80, 29, 3, 2, 2
80, 29, 3, 4, 2
80, 29, 3, 4, 3
80, 29, 3, 4, 3
80, 29, 3, 4, 3
80, 29, 3, 4, 3
80, 29, 3, 4, 4
80, 29, 3, 4, 4
80, 29, 3, 4, 4
80, 29, 3, 7, 3
80, 29, 3, 7, 3
80, 29, 3, 7, 3
80, 29, 3, 7, 3
80, 29, 3, 7, 3
80, 29, 3, 7, 3
80, 29, 3, 7, 3
80, 29, 3, 7, 3
80, 29, 3, 7, 4
80, 29, 3, 7, 4
80, 29, 3, 8, 3
80, 29, 3, 8, 3
80, 29, 3, 8, 3
80, 29, 3, 8, 3
80, 29, 3, 8, 3
80, 29, 3, 8, 3
80, 29, 3, 8, 3
80, 29, 3, 8, 3
80, 29, 3, 8, 4
80, 22, 4, 0, 2
80, 22, 4, 0, 2
80, 22, 4, 3, 2
80, 22, 4, 3, 2
80, 22, 4, 5, 2
80, 22, 4, 5, 3
80, 22, 4, 5, 3
80, 22, 4, 5, 3
80, 22, 4, 5, 3
80, 22, 4, 5, 4
80, 22, 4, 5, 4
80, 22, 4, 5, 4
80, 22, 4, 8, 3
80, 22, 4, 8, 3
80, 22, 4, 8, 3
80, 22, 4, 8, 3
80, 22, 4, 8, 3
80, 22, 4, 8, 3
80, 22, 4, 8, 3
80, 22, 4, 8, 3
80, 22, 4, 8, 4
80, 22, 4, 8, 4
80, 14, 5, 0, 2
80, 14, 5, 0, 2
80, 14, 5, 1, 2
80, 14, 5, 1, 2
80, 14, 5, 4, 2
80, 14, 5, 4, 2
80, 14, 5, 6, 2
80, 14, 5, 6, 3
80, 14, 5, 6, 3
80, 14, 5, 6, 3
80, 14, 5, 6, 3
80, 14, 5, 6, 4
80, 14, 5, 6, 4
80, 14, 5, 6, 4
80, 14, 6, 1, 2
80, 14, 6, 1, 2
80, 14, 6, 2, 2
80, 14, 6, 2, 2
80, 14, 6, 5, 2
80, 14, 6, 5, 2
80, 14, 6, 7, 2
80, 14, 6, 7, 3
80, 14, 6, 7, 3
80, 14, 6, 7, 3
80, 14, 6, 7, 3
80, 14, 6, 7, 4
80, 14, 6, 7, 4
80, 14, 6, 7, 4
80, 14, 7, 2, 2
80, 14, 7, 2, 2
80, 14, 7, 3, 2
80, 14, 7, 3, 2
80, 14, 7, 6, 2
80, 14, 7, 6, 2
80, 14, 7, 8, 2
80, 14, 7, 8, 3
80, 14, 7, 8, 3
80, 14, 7, 8, 3
80, 14, 7, 8, 3
80, 14, 7, 8, 4
80, 14, 7, 8, 4
80, 14, 7, 8, 4
80, 6, 8, 3, 2
80, 6, 8, 3, 2
80, 6, 8, 4, 2
80, 6, 8, 4, 2
80, 6, 8, 7, 2
80, 6, 8, 7, 2
81, 12, 0, 1, 2
81, 12, 0, 1, 2
81, 12, 0, 1, 2
81, 12, 0, 1, 2
81, 12, 0, 1, 2
81, 12, 0, 1, 2
81, 12, 0, 1, 2
81, 12, 0, 1, 2
81, 12, 0, 1, 2
81, 12, 0, 1, 2
81, 12, 0, 1, 2
81, 12, 0, 1, 2
81, 96, 1, 0, 3
81, 96, 1, 0, 3
81, 96, 1, 0, 3
81, 96, 1, 0, 3
81, 96, 1, 0, 3
81, 96, 1, 0, 3
81, 96, 1, 0, 3
81, 96, 1, 0, 3
81, 96, 1, 0, 3
81, 96, 1, 0, 3
81, 96, 1, 0, 3
81, 96, 1, 0, 3
81, 96, 1, 0, 3
81, 96, 1, 0, 3
81, 96, 1, 0, 3
81, 96, 1, 0, 3
81, 96, 1, 0, 3
81, 96, 1, 0, 3
81, 96, 1, 0, 3
81, 96, 1, 0, 3
81, 96, 1, 0, 3
81, 96, 1, 0, 3
81, 96, 1, 0, 3
81, 96, 1, 0, 3
81, 96, 1, 0, 3
81, 96, 1, 0, 3
81, 96, 1, 0, 3
81, 96, 1, 0, 3
81, 96, 1, 0, 3
81, 96, 1, 0, 3
81, 96, 1, 0, 3
81, 96, 1, 0, 3
81, 96, 1, 0, 3
81, 96, 1, 0, 3
81, 96, 1, 0, 3
81, 96, 1, 0, 3
81, 96, 1, 0, 3
81, 96, 1, 0, 3
81, 96, 1, 0, 3
81, 96, 1, 0, 3
81, 96, 1, 0, 3
81, 96, 1, 0, 3
81, 96, 1, 0, 3
81, 96, 1, 0, 3
81, 96, 1, 0, 3
81, 96, 1, 0, 3
81, 96, 1, 0, 3
81, 96, 1, 0, 3
81, 96, 1, 0, 3
81, 96, 1, 0, 3
81, 96, 1, 0, 3
81, 96, 1, 0, 3
81, 96, 1, 0, 3
81, 96, 1, 0, 3
81, 96, 1, 0, 3
81, 96, 1, 0, 3
81, 96, 1, 0, 3
81, 96, 1, 0, 3
81, 96, 1, 0, 3
81, 96, 1, 0, 3
81, 96, 1, 0, 3
81, 96, 1, 0, 3
81, 96, 1, 0, 3
81, 96, 1, 0, 3
81, 96, 1, 0, 3
81, 96, 1, 0, 3
81, 96, 1, 0, 3
81, 96, 1, 0, 3
81, 96, 1, 0, 3
81, 96, 1, 0, 3
81, 96, 1, 0, 3
81, 96, 1, 0, 3
81, 96, 1, 0, 3
81, 96, 1, 0, 3
81, 96, 1, 0, 3
81, 96, 1, 0, 3
81, 96, 1, 0, 3
81, 96, 1, 0, 3
81, 96, 1, 0, 3
81, 96, 1, 0, 3
81, 96, 1, 0, 3
81, 96, 1, 0, 3
81, 96, 1, 0, 3
81, 96, 1, 0, 3
81, 96, 1, 0, 4
81, 96, 1, 0, 4
81, 96, 1, 0, 4
81, 96, 1, 0, 4
81, 96, 1, 0, 4
81, 96, 1, 0, 4
81, 96, 1, 0, 4
81, 96, 1, 0, 4
81, 96, 1, 0, 4
81, 96, 1, 0, 4
81, 96, 1, 0, 4
81, 96, 1, 0, 4
82, 16, 0, 1, 2
82, 16, 0, 1, 2
82, 16, 0, 1, 2
82, 16, 0, 1, 2
82, 16, 0, 1, 2
82, 16, 0, 1, 2
82, 16, 0, 1, 2
82, 16, 0, 1, 2
82, 16, 0, 1, 2
82, 16, 0, 1, 2
82, 16, 0, 1, 2
82, 16, 0, 1, 2
82, 16, 0, 1, 2
82, 16, 0, 1, 2
82, 16, 0, 1, 2
82, 16, 0, 1, 2
82, 112, 1, 0, 3
82, 112, 1, 0, 3
82, 112, 1, 0, 3
82, 112, 1, 0, 3
82, 112, 1, 0, 3
82, 112, 1, 0, 3
82, 112, 1, 0, 3
82, 112, 1, 0, 3
82, 112, 1, 0, 3
82, 112, 1, 0, 3
82, 112, 1, 0, 3
82, 112, 1, 0, 3
82, 112, 1, 0, 3
82, 112, 1, 0, 3
82, 112, 1, 0, 3
82, 112, 1, 0, 3
82, 112, 1, 0, 3
82, 112, 1, 0, 3
82, 112, 1, 0, 3
82, 112, 1, 0, 3
82, 112, 1, 0, 3
82, 112, 1, 0, 3
82, 112, 1, 0, 3
82, 112, 1, 0, 3
82, 112, 1, 0, 3
82, 112, 1, 0, 3
82, 112, 1, 0, 3
82, 112, 1, 0, 3
82, 112, 1, 0, 3
82, 112, 1, 0, 3
82, 112, 1, 0, 3
82, 112, 1, 0, 3
82, 112, 1, 0, 3
82, 112, 1, 0, 3
82, 112, 1, 0, 3
82, 112, 1, 0, 3
82, 112, 1, 0, 3
82, 112, 1, 0, 3
82, 112, 1, 0, 3
82, 112, 1, 0, 3
82, 112, 1, 0, 3
82, 112, 1, 0, 3
82, 112, 1, 0, 3
82, 112, 1, 0, 3
82, 112, 1, 0, 3
82, 112, 1, 0, 3
82, 112, 1, 0, 3
82, 112, 1, 0, 3
82, 112, 1, 0, 3
82, 112, 1, 0, 3
82, 112, 1, 0, 3
82, 112, 1, 0, 3
82, 112, 1, 0, 3
82, 112, 1, 0, 3
82, 112, 1, 0, 3
82, 112, 1, 0, 3
82, 112, 1, 0, 3
82, 112, 1, 0, 3
82, 112, 1, 0, 3
82, 112, 1, 0, 3
82, 112, 1, 0, 3
82, 112, 1, 0, 3
82, 112, 1, 0, 3
82, 112, 1, 0, 3
82, 112, 1, 0, 3
82, 112, 1, 0, 3
82, 112, 1, 0, 3
82, 112, 1, 0, 3
82, 112, 1, 0, 3
82, 112, 1, 0, 3
82, 112, 1, 0, 3
82, 112, 1, 0, 3
82, 112, 1, 0, 3
82, 112, 1, 0, 3
82, 112, 1, 0, 3
82, 112, 1, 0, 3
82, 112, 1, 0, 3
82, 112, 1, 0, 3
82, 112, 1, 0, 3
82, 112, 1, 0, 3
82, 112, 1, 0, 3
82, 112, 1, 0, 3
82, 112, 1, 0, 3
82, 112, 1, 0, 3
82, 112, 1, 0, 3
82, 112, 1, 0, 3
82, 112, 1, 0, 3
82, 112, 1, 0, 3
82, 112, 1, 0, 3
82, 112, 1, 0, 3
82, 112, 1, 0, 3
82, 112, 1, 0, 3
82, 112, 1, 0, 3
82, 112, 1, 0, 3
82, 112, 1, 0, 3
82, 112, 1, 0, 3
82, 112, 1, 0, 3
82, 112, 1, 0, 3
82, 112, 1, 0, 3
82, 112, 1, 0, 3
82, 112, 1, 0, 3
82, 112, 1, 0, 3
82, 112, 1, 0, 3
82, 112, 1, 0, 3
82, 112, 1, 0, 3
82, 112, 1, 0, 3
82, 112, 1, 0, 3
82, 112, 1, 0, 3
82, 112, 1, 0, 3
82, 112, 1, 0, 3
82, 112, 1, 0, 3
82, 112, 1, 0, 3
83, 13, 0, 1, 2
83, 13, 0, 1, 2
83, 13, 0, 1, 2
83, 13, 0, 1, 2
83, 13, 0, 1, 2
83, 13, 0, 1, 2
83, 13, 0, 1, 2
83, 13, 0, 1, 2
83, 13, 0, 1, 2
83, 13, 0, 1, 2
83, 13, 0, 1, 2
83, 13, 0, 1, 2
83, 13, 0, 1, 2
83, 104, 1, 0, 3
83, 104, 1, 0, 3
83, 104, 1, 0, 3
83, 104, 1, 0, 3
83, 104, 1, 0, 3
83, 104, 1, 0, 3
83, 104, 1, 0, 3
83, 104, 1, 0, 3
83, 104, 1, 0, 3
83, 104, 1, 0, 3
83, 104, 1, 0, 3
83, 104, 1, 0, 3
83, 104, 1, 0, 3
83, 104, 1, 0, 3
83, 104, 1, 0, 3
83, 104, 1, 0, 3
83, 104, 1, 0, 3
83, 104, 1, 0, 3
83, 104, 1, 0, 3
83, 104, 1, 0, 3
83, 104, 1, 0, 3
83, 104, 1, 0, 3
83, 104, 1, 0, 3
83, 104, 1, 0, 3
83, 104, 1, 0, 3
83, 104, 1, 0, 3
83, 104, 1, 0, 3
83, 104, 1, 0, 3
83, 104, 1, 0, 3
83, 104, 1, 0, 3
83, 104, 1, 0, 3
83, 104, 1, 0, 3
83, 104, 1, 0, 3
83, 104, 1, 0, 3
83, 104, 1, 0, 3
83, 104, 1, 0, 3
83, 104, 1, 0, 3
83, 104, 1, 0, 3
83, 104, 1, 0, 3
83, 104, 1, 0, 3
83, 104, 1, 0, 3
83, 104, 1, 0, 3
83, 104, 1, 0, 3
83, 104, 1, 0, 3
83, 104, 1, 0, 3
83, 104, 1, 0, 3
83, 104, 1, 0, 3
83, 104, 1, 0, 3
83, 104, 1, 0, 3
83, 104, 1, 0, 3
83, 104, 1, 0, 3
83, 104, 1, 0, 3
83, 104, 1, 0, 3
83, 104, 1, 0, 3
83, 104, 1, 0, 3
83, 104, 1, 0, 3
83, 104, 1, 0, 3
83, 104, 1, 0, 3
83, 104, 1, 0, 3
83, 104, 1, 0, 3
83, 104, 1, 0, 3
83, 104, 1, 0, 3
83, 104, 1, 0, 3
83, 104, 1, 0, 3
83, 104, 1, 0, 3
83, 104, 1, 0, 3
83, 104, 1, 0, 3
83, 104, 1, 0, 3
83, 104, 1, 0, 3
83, 104, 1, 0, 3
83, 104, 1, 0, 3
83, 104, 1, 0, 3
83, 104, 1, 0, 3
83, 104, 1, 0, 3
83, 104, 1, 0, 3
83, 104, 1, 0, 3
83, 104, 1, 0, 3
83, 104, 1, 0, 3
83, 104, 1, 0, 3
83, 104, 1, 0, 3
83, 104, 1, 0, 3
83, 104, 1, 0, 3
83, 104, 1, 0, 3
83, 104, 1, 0, 3
83, 104, 1, 0, 3
83, 104, 1, 0, 3
83, 104, 1, 0, 3
83, 104, 1, 0, 3
83, 104, 1, 0, 3
83, 104, 1, 0, 3
83, 104, 1, 0, 3
83, 104, 1, 0, 4
83, 104, 1, 0, 4
83, 104, 1, 0, 4
83, 104, 1, 0, 4
83, 104, 1, 0, 4
83, 104, 1, 0, 4
83, 104, 1, 0, 4
83, 104, 1, 0, 4
83, 104, 1, 0, 4
83, 104, 1, 0, 4
83, 104, 1, 0, 4
83, 104, 1, 0, 4
83, 104, 1, 0, 4
84, 13, 0, 1, 2
84, 13, 0, 1, 2
84, 13, 0, 1, 2
84, 13, 0, 1, 2
84, 13, 0, 1, 2
84, 13, 0, 1, 2
84, 13, 0, 1, 2
84, 13, 0, 1, 2
84, 13, 0, 1, 2
84, 13, 0, 1, 2
84, 13, 0, 1, 2
84, 13, 0, 1, 2
84, 13, 0, 1, 2
84, 104, 1, 0, 3
84, 104, 1, 0, 3
84, 104, 1, 0, 3
84, 104, 1, 0, 3
84, 104, 1, 0, 3
84, 104, 1, 0, 3
84, 104, 1, 0, 3
84, 104, 1, 0, 3
84, 104, 1, 0, 3
84, 104, 1, 0, 3
84, 104, 1, 0, 3
84, 104, 1, 0, 3
84, 104, 1, 0, 3
84, 104, 1, 0, 3
84, 104, 1, 0, 3
84, 104, 1, 0, 3
84, 104, 1, 0, 3
84, 104, 1, 0, 3
84, 104, 1, 0, 3
84, 104, 1, 0, 3
84, 104, 1, 0, 3
84, 104, 1, 0, 3
84, 104, 1, 0, 3
84, 104, 1, 0, 3
84, 104, 1, 0, 3
84, 104, 1, 0, 3
84, 104, 1, 0, 3
84, 104, 1, 0, 3
84, 104, 1, 0, 3
84, 104, 1, 0, 3
84, 104, 1, 0, 3
84, 104, 1, 0, 3
84, 104, 1, 0, 3
84, 104, 1, 0, 3
84, 104, 1, 0, 3
84, 104, 1, 0, 3
84, 104, 1, 0, 3
84, 104, 1, 0, 3
84, 104, 1, 0, 3
84, 104, 1, 0, 3
84, 104, 1, 0, 3
84, 104, 1, 0, 3
84, 104, 1, 0, 3
84, 104, 1, 0, 3
84, 104, 1, 0, 3
84, 104, 1, 0, 3
84, 104, 1, 0, 3
84, 104, 1, 0, 3
84, 104, 1, 0, 3
84, 104, 1, 0, 3
84, 104, 1, 0, 3
84, 104, 1, 0, 3
84, 104, 1, 0, 3
84, 104, 1, 0, 3
84, 104, 1, 0, 3
84, 104, 1, 0, 3
84, 104, 1, 0, 3
84, 104, 1, 0, 3
84, 104, 1, 0, 3
84, 104, 1, 0, 3
84, 104, 1, 0, 3
84, 104, 1, 0, 3
84, 104, 1, 0, 3
84, 104, 1, 0, 3
84, 104, 1, 0, 3
84, 104, 1, 0, 3
84, 104, 1, 0, 3
84, 104, 1, 0, 3
84, 104, 1, 0, 3
84, 104, 1, 0, 3
84, 104, 1, 0, 3
84, 104, 1, 0, 3
84, 104, 1, 0, 3
84, 104, 1, 0, 3
84, 104, 1, 0, 3
84, 104, 1, 0, 3
84, 104, 1, 0, 3
84, 104, 1, 0, 3
84, 104, 1, 0, 3
84, 104, 1, 0, 3
84, 104, 1, 0, 3
84, 104, 1, 0, 3
84, 104, 1, 0, 3
84, 104, 1, 0, 3
84, 104, 1, 0, 3
84, 104, 1, 0, 3
84, 104, 1, 0, 3
84, 104, 1, 0, 3
84, 104, 1, 0, 3
84, 104, 1, 0, 3
84, 104, 1, 0, 3
84, 104, 1, 0, 4
84, 104, 1, 0, 4
84, 104, 1, 0, 4
84, 104, 1, 0, 4
84, 104, 1, 0, 4
84, 104, 1, 0, 4
84, 104, 1, 0, 4
84, 104, 1, 0, 4
84, 104, 1, 0, 4
84, 104, 1, 0, 4
84, 104, 1, 0, 4
84, 104, 1, 0, 4
84, 104, 1, 0, 4
85, 16, 0, 1, 2
85, 16, 0, 1, 2
85, 16, 0, 1, 2
85, 16, 0, 1, 2
85, 16, 0, 1, 2
85, 16, 0, 1, 2
85, 16, 0, 1, 2
85, 16, 0, 1, 2
85, 16, 0, 1, 2
85, 16, 0, 1, 2
85, 16, 0, 1, 2
85, 16, 0, 1, 2
85, 16, 0, 1, 2
85, 16, 0, 1, 2
85, 16, 0, 1, 2
85, 16, 0, 1, 2
85, 160, 1, 0, 3
85, 160, 1, 0, 3
85, 160, 1, 0, 3
85, 160, 1, 0, 3
85, 160, 1, 0, 3
85, 160, 1, 0, 3
85, 160, 1, 0, 3
85, 160, 1, 0, 3
85, 160, 1, 0, 3
85, 160, 1, 0, 3
85, 160, 1, 0, 3
85, 160, 1, 0, 3
85, 160, 1, 0, 3
85, 160, 1, 0, 3
85, 160, 1, 0, 3
85, 160, 1, 0, 3
85, 160, 1, 0, 3
85, 160, 1, 0, 3
85, 160, 1, 0, 3
85, 160, 1, 0, 3
85, 160, 1, 0, 3
85, 160, 1, 0, 3
85, 160, 1, 0, 3
85, 160, 1, 0, 3
85, 160, 1, 0, 3
85, 160, 1, 0, 3
85, 160, 1, 0, 3
85, 160, 1, 0, 3
85, 160, 1, 0, 3
85, 160, 1, 0, 3
85, 160, 1, 0, 3
85, 160, 1, 0, 3
85, 160, 1, 0, 3
85, 160, 1, 0, 3
85, 160, 1, 0, 3
85, 160, 1, 0, 3
85, 160, 1, 0, 3
85, 160, 1, 0, 3
85, 160, 1, 0, 3
85, 160, 1, 0, 3
85, 160, 1, 0, 3
85, 160, 1, 0, 3
85, 160, 1, 0, 3
85, 160, 1, 0, 3
85, 160, 1, 0, 3
85, 160, 1, 0, 3
85, 160, 1, 0, 3
85, 160, 1, 0, 3
85, 160, 1, 0, 3
85, 160, 1, 0, 3
85, 160, 1, 0, 3
85, 160, 1, 0, 3
85, 160, 1, 0, 3
85, 160, 1, 0, 3
85, 160, 1, 0, 3
85, 160, 1, 0, 3
85, 160, 1, 0, 3
85, 160, 1, 0, 3
85, 160, 1, 0, 3
85, 160, 1, 0, 3
85, 160, 1, 0, 3
85, 160, 1, 0, 3
85, 160, 1, 0, 3
85, 160, 1, 0, 3
85, 160, 1, 0, 3
85, 160, 1, 0, 3
85, 160, 1, 0, 3
85, 160, 1, 0, 3
85, 160, 1, 0, 3
85, 160, 1, 0, 3
85, 160, 1, 0, 3
85, 160, 1, 0, 3
85, 160, 1, 0, 3
85, 160, 1, 0, 3
85, 160, 1, 0, 3
85, 160, 1, 0, 3
85, 160, 1, 0, 3
85, 160, 1, 0, 3
85, 160, 1, 0, 3
85, 160, 1, 0, 3
85, 160, 1, 0, 3
85, 160, 1, 0, 3
85, 160, 1, 0, 3
85, 160, 1, 0, 3
85, 160, 1, 0, 3
85, 160, 1, 0, 3
85, 160, 1, 0, 3
85, 160, 1, 0, 3
85, 160, 1, 0, 3
85, 160, 1, 0, 3
85, 160, 1, 0, 3
85, 160, 1, 0, 3
85, 160, 1, 0, 3
85, 160, 1, 0, 3
85, 160, 1, 0, 3
85, 160, 1, 0, 3
85, 160, 1, 0, 3
85, 160, 1, 0, 3
85, 160, 1, 0, 3
85, 160, 1, 0, 3
85, 160, 1, 0, 3
85, 160, 1, 0, 3
85, 160, 1, 0, 3
85, 160, 1, 0, 3
85, 160, 1, 0, 3
85, 160, 1, 0, 3
85, 160, 1, 0, 3
85, 160, 1, 0, 3
85, 160, 1, 0, 3
85, 160, 1, 0, 3
85, 160, 1, 0, 3
85, 160, 1, 0, 3
85, 160, 1, 0, 4
85, 160, 1, 0, 4
85, 160, 1, 0, 4
85, 160, 1, 0, 4
85, 160, 1, 0, 4
85, 160, 1, 0, 4
85, 160, 1, 0, 4
85, 160, 1, 0, 4
85, 160, 1, 0, 4
85, 160, 1, 0, 4
85, 160, 1, 0, 4
85, 160, 1, 0, 4
85, 160, 1, 0, 4
85, 160, 1, 0, 4
85, 160, 1, 0, 4
85, 160, 1, 0, 4
85, 160, 1, 0, 4
85, 160, 1, 0, 4
85, 160, 1, 0, 4
85, 160, 1, 0, 4
85, 160, 1, 0, 4
85, 160, 1, 0, 4
85, 160, 1, 0, 4
85, 160, 1, 0, 4
85, 160, 1, 0, 4
85, 160, 1, 0, 4
85, 160, 1, 0, 4
85, 160, 1, 0, 4
85, 160, 1, 0, 4
85, 160, 1, 0, 4
85, 160, 1, 0, 4
85, 160, 1, 0, 4
85, 160, 1, 0, 4
85, 160, 1, 0, 4
85, 160, 1, 0, 4
85, 160, 1, 0, 4
85, 160, 1, 0, 4
85, 160, 1, 0, 4
85, 160, 1, 0, 4
85, 160, 1, 0, 4
85, 160, 1, 0, 4
85, 160, 1, 0, 4
85, 160, 1, 0, 4
85, 160, 1, 0, 4
85, 160, 1, 0, 4
85, 160, 1, 0, 4
85, 160, 1, 0, 4
85, 160, 1, 0, 4
86, 48, 0, 1, 3
86, 48, 0, 1, 3
86, 48, 0, 1, 3
86, 48, 0, 1, 3
86, 48, 0, 1, 3
86, 48, 0, 1, 3
86, 48, 0, 1, 3
86, 48, 0, 1, 3
86, 48, 0, 1, 3
86, 48, 0, 1, 3
86, 48, 0, 1, 3
86, 48, 0, 1, 3
86, 48, 0, 1, 3
86, 48, 0, 1, 3
86, 48, 0, 1, 4
86, 48, 0, 1, 4
86, 48, 0, 1, 4
86, 48, 0, 11, 3
86, 48, 0, 11, 3
86, 48, 0, 11, 3
86, 48, 0, 11, 3
86, 48, 0, 11, 3
86, 48, 0, 11, 3
86, 48, 0, 11, 3
86, 48, 0, 11, 3
86, 48, 0, 11, 3
86, 48, 0, 11, 3
86, 48, 0, 11, 3
86, 48, 0, 11, 3
86, 48, 0, 11, 3
86, 48, 0, 11, 3
86, 48, 0, 11, 4
86, 48, 0, 11, 4
86, 48, 0, 12, 3
86, 48, 0, 12, 3
86, 48, 0, 12, 3
86, 48, 0, 12, 3
86, 48, 0, 12, 3
86, 48, 0, 12, 3
86, 48, 0, 12, 3
86, 48, 0, 12, 3
86, 48, 0, 12, 3
86, 48, 0, 12, 3
86, 48, 0, 12, 3
86, 48, 0, 12, 3
86, 48, 0, 12, 3
86, 48, 0, 12, 3
86, 48, 0, 12, 4
86, 50, 1, 0, 2
86, 50, 1, 0, 2
86, 50, 1, 9, 3
86, 50, 1, 9, 3
86, 50, 1, 9, 3
86, 50, 1, 9, 3
86, 50, 1, 9, 3
86, 50, 1, 9, 3
86, 50, 1, 9, 3
86, 50, 1, 9, 3
86, 50, 1, 9, 3
86, 50, 1, 9, 3
86, 50, 1, 9, 3
86, 50, 1, 9, 3
86, 50, 1, 9, 3
86, 50, 1, 9, 3
86, 50, 1, 9, 4
86, 50, 1, 9, 4
86, 50, 1, 9, 4
86, 50, 1, 12, 3
86, 50, 1, 12, 3
86, 50, 1, 12, 3
86, 50, 1, 12, 3
86, 50, 1, 12, 3
86, 50, 1, 12, 3
86, 50, 1, 12, 3
86, 50, 1, 12, 3
86, 50, 1, 12, 3
86, 50, 1, 12, 3
86, 50, 1, 12, 3
86, 50, 1, 12, 3
86, 50, 1, 12, 3
86, 50, 1, 12, 3
86, 50, 1, 12, 4
86, 50, 1, 12, 4
86, 50, 1, 13, 3
86, 50, 1, 13, 3
86, 50, 1, 13, 3
86, 50, 1, 13, 3
86, 50, 1, 13, 3
86, 50, 1, 13, 3
86, 50, 1, 13, 3
86, 50, 1, 13, 3
86, 50, 1, 13, 3
86, 50, 1, 13, 3
86, 50, 1, 13, 3
86, 50, 1, 13, 3
86, 50, 1, 13, 3
86, 50, 1, 13, 3
86, 50, 1, 13, 4
86, 54, 2, 3, 3
86, 54, 2, 3, 3
86, 54, 2, 3, 3
86, 54, 2, 3, 3
86, 54, 2, 3, 3
86, 54, 2, 3, 3
86, 54, 2, 3, 3
86, 54, 2, 3, 3
86, 54, 2, 3, 3
86, 54, 2, 3, 3
86, 54, 2, 3, 3
86, 54, 2, 3, 3
86, 54, 2, 3, 3
86, 54, 2, 3, 3
86, 54, 2, 3, 4
86, 54, 2, 3, 4
86, 54, 2, 3, 4
86, 54, 2, 6, 3
86, 54, 2, 6, 3
86, 54, 2, 6, 3
86, 54, 2, 6, 3
86, 54, 2, 6, 3
86, 54, 2, 6, 3
86, 54, 2, 6, 3
86, 54, 2, 6, 3
86, 54, 2, 6, 3
86, 54, 2, 6, 3
86, 54, 2, 6, 3
86, 54, 2, 6, 3
86, 54, 2, 6, 3
86, 54, 2, 6, 3
86, 54, 2, 6, 4
86, 54, 2, 6, 4
86, 54, 2, 7, 3
86, 54, 2, 7, 3
86, 54, 2, 7, 3
86, 54, 2, 7, 3
86, 54, 2, 7, 3
86, 54, 2, 7, 3
86, 54, 2, 7, 3
86, 54, 2, 7, 3
86, 54, 2, 7, 3
86, 54, 2, 7, 3
86, 54, 2, 7, 3
86, 54, 2, 7, 3
86, 54, 2, 7, 3
86, 54, 2, 7, 3
86, 54, 2, 7, 4
86, 54, 2, 12, 2
86, 54, 2, 12, 2
86, 54, 2, 13, 2
86, 54, 2, 13, 2
86, 54, 2, 16, 2
86, 54, 2, 16, 2
86, 54, 3, 2, 2
86, 54, 3, 2, 2
86, 54, 3, 4, 3
86, 54, 3, 4, 3
86, 54, 3, 4, 3
86, 54, 3, 4, 3
86, 54, 3, 4, 3
86, 54, 3, 4, 3
86, 54, 3, 4, 3
86, 54, 3, 4, 3
86, 54, 3, 4, 3
86, 54, 3, 4, 3
86, 54, 3, 4, 3
86, 54, 3, 4, 3
86, 54, 3, 4, 3
86, 54, 3, 4, 3
86, 54, 3, 4, 4
86, 54, 3, 4, 4
86, 54, 3, 4, 4
86, 54, 3, 7, 3
86, 54, 3, 7, 3
86, 54, 3, 7, 3
86, 54, 3, 7, 3
86, 54, 3, 7, 3
86, 54, 3, 7, 3
86, 54, 3, 7, 3
86, 54, 3, 7, 3
86, 54, 3, 7, 3
86, 54, 3, 7, 3
86, 54, 3, 7, 3
86, 54, 3, 7, 3
86, 54, 3, 7, 3
86, 54, 3, 7, 3
86, 54, 3, 7, 4
86, 54, 3, 7, 4
86, 54, 3, 8, 3
86, 54, 3, 8, 3
86, 54, 3, 8, 3
86, 54, 3, 8, 3
86, 54, 3, 8, 3
86, 54, 3, 8, 3
86, 54, 3, 8, 3
86, 54, 3, 8, 3
86, 54, 3, 8, 3
86, 54, 3, 8, 3
86, 54, 3, 8, 3
86, 54, 3, 8, 3
86, 54, 3, 8, 3
86, 54, 3, 8, 3
86, 54, 3, 8, 4
86, 54, 3, 13, 2
86, 54, 3, 13, 2
86, 54, 3, 14, 2
86, 54, 3, 14, 2
86, 39, 4, 3, 2
86, 39, 4, 3, 2
86, 39, 4, 5, 3
86, 39, 4, 5, 3
86, 39, 4, 5, 3
86, 39, 4, 5, 3
86, 39, 4, 5, 3
86, 39, 4, 5, 3
86, 39, 4, 5, 3
86, 39, 4, 5, 3
86, 39, 4, 5, 3
86, 39, 4, 5, 3
86, 39, 4, 5, 3
86, 39, 4, 5, 3
86, 39, 4, 5, 3
86, 39, 4, 5, 3
86, 39, 4, 5, 4
86, 39, 4, 5, 4
86, 39, 4, 5, 4
86, 39, 4, 8, 3
86, 39, 4, 8, 3
86, 39, 4, 8, 3
86, 39, 4, 8, 3
86, 39, 4, 8, 3
86, 39, 4, 8, 3
86, 39, 4, 8, 3
86, 39, 4, 8, 3
86, 39, 4, 8, 3
86, 39, 4, 8, 3
86, 39, 4, 8, 3
86, 39, 4, 8, 3
86, 39, 4, 8, 3
86, 39, 4, 8, 3
86, 39, 4, 8, 4
86, 39, 4, 8, 4
86, 39, 4, 14, 2
86, 39, 4, 14, 2
86, 39, 4, 15, 2
86, 39, 4, 15, 2
86, 23, 5, 4, 2
86, 23, 5, 4, 2
86, 23, 5, 6, 3
86, 23, 5, 6, 3
86, 23, 5, 6, 3
86, 23, 5, 6, 3
86, 23, 5, 6, 3
86, 23, 5, 6, 3
86, 23, 5, 6, 3
86, 23, 5, 6, 3
86, 23, 5, 6, 3
86, 23, 5, 6, 3
86, 23, 5, 6, 3
86, 23, 5, 6, 3
86, 23, 5, 6, 3
86, 23, 5, 6, 3
86, 23, 5, 6, 4
86, 23, 5, 6, 4
86, 23, 5, 6, 4
86, 23, 5, 15, 2
86, 23, 5, 15, 2
86, 23, 5, 16, 2
86, 23, 5, 16, 2
86, 23, 6, 2, 2
86, 23, 6, 2, 2
86, 23, 6, 5, 2
86, 23, 6, 5, 2
86, 23, 6, 7, 3
86, 23, 6, 7, 3
86, 23, 6, 7, 3
86, 23, 6, 7, 3
86, 23, 6, 7, 3
86, 23, 6, 7, 3
86, 23, 6, 7, 3
86, 23, 6, 7, 3
86, 23, 6, 7, 3
86, 23, 6, 7, 3
86, 23, 6, 7, 3
86, 23, 6, 7, 3
86, 23, 6, 7, 3
86, 23, 6, 7, 3
86, 23, 6, 7, 4
86, 23, 6, 7, 4
86, 23, 6, 7, 4
86, 23, 6, 16, 2
86, 23, 6, 16, 2
86, 23, 7, 2, 2
86, 23, 7, 2, 2
86, 23, 7, 3, 2
86, 23, 7, 3, 2
86, 23, 7, 6, 2
86, 23, 7, 6, 2
86, 23, 7, 8, 3
86, 23, 7, 8, 3
86, 23, 7, 8, 3
86, 23, 7, 8, 3
86, 23, 7, 8, 3
86, 23, 7, 8, 3
86, 23, 7, 8, 3
86, 23, 7, 8, 3
86, 23, 7, 8, 3
86, 23, 7, 8, 3
86, 23, 7, 8, 3
86, 23, 7, 8, 3
86, 23, 7, 8, 3
86, 23, 7, 8, 3
86, 23, 7, 8, 4
86, 23, 7, 8, 4
86, 23, 7, 8, 4
86, 6, 8, 3, 2
86, 6, 8, 3, 2
86, 6, 8, 4, 2
86, 6, 8, 4, 2
86, 6, 8, 7, 2
86, 6, 8, 7, 2
86, 50, 9, 1, 2
86, 50, 9, 1, 2
86, 50, 9, 10, 3
86, 50, 9, 10, 3
86, 50, 9, 10, 3
86, 50, 9, 10, 3
86, 50, 9, 10, 3
86, 50, 9, 10, 3
86, 50, 9, 10, 3
86, 50, 9, 10, 3
86, 50, 9, 10, 3
86, 50, 9, 10, 3
86, 50, 9, 10, 3
86, 50, 9, 10, 3
86, 50, 9, 10, 3
86, 50, 9, 10, 3
86, 50, 9, 10, 4
86, 50, 9, 10, 4
86, 50, 9, 10, 4
86, 50, 9, 13, 3
86, 50, 9, 13, 3
86, 50, 9, 13, 3
86, 50, 9, 13, 3
86, 50, 9, 13, 3
86, 50, 9, 13, 3
86, 50, 9, 13, 3
86, 50, 9, 13, 3
86, 50, 9, 13, 3
86, 50, 9, 13, 3
86, 50, 9, 13, 3
86, 50, 9, 13, 3
86, 50, 9, 13, 3
86, 50, 9, 13, 3
86, 50, 9, 13, 4
86, 50, 9, 13, 4
86, 50, 9, 14, 3
86, 50, 9, 14, 3
86, 50, 9, 14, 3
86, 50, 9, 14, 3
86, 50, 9, 14, 3
86, 50, 9, 14, 3
86, 50, 9, 14, 3
86, 50, 9, 14, 3
86, 50, 9, 14, 3
86, 50, 9, 14, 3
86, 50, 9, 14, 3
86, 50, 9, 14, 3
86, 50, 9, 14, 3
86, 50, 9, 14, 3
86, 50, 9, 14, 4
86, 50, 10, 9, 2
86, 50, 10, 9, 2
86, 50, 10, 11, 3
86, 50, 10, 11, 3
86, 50, 10, 11, 3
86, 50, 10, 11, 3
86, 50, 10, 11, 3
86, 50, 10, 11, 3
86, 50, 10, 11, 3
86, 50, 10, 11, 3
86, 50, 10, 11, 3
86, 50, 10, 11, 3
86, 50, 10, 11, 3
86, 50, 10, 11, 3
86, 50, 10, 11, 3
86, 50, 10, 11, 3
86, 50, 10, 11, 4
86, 50, 10, 11, 4
86, 50, 10, 11, 4
86, 50, 10, 14, 3
86, 50, 10, 14, 3
86, 50, 10, 14, 3
86, 50, 10, 14, 3
86, 50, 10, 14, 3
86, 50, 10, 14, 3
86, 50, 10, 14, 3
86, 50, 10, 14, 3
86, 50, 10, 14, 3
86, 50, 10, 14, 3
86, 50, 10, 14, 3
86, 50, 10, 14, 3
86, 50, 10, 14, 3
86, 50, 10, 14, 3
86, 50, 10, 14, 4
86, 50, 10, 14, 4
86, 50, 10, 15, 3
86, 50, 10, 15, 3
86, 50, 10, 15, 3
86, 50, 10, 15, 3
86, 50, 10, 15, 3
86, 50, 10, 15, 3
86, 50, 10, 15, 3
86, 50, 10, 15, 3
86, 50, 10, 15, 3
86, 50, 10, 15, 3
86, 50, 10, 15, 3
86, 50, 10, 15, 3
86, 50, 10, 15, 3
86, 50, 10, 15, 3
86, 50, 10, 15, 4
86, 52, 11, 0, 2
86, 52, 11, 0, 2
86, 52, 11, 10, 2
86, 52, 11, 10, 2
86, 52, 11, 12, 3
86, 52, 11, 12, 3
86, 52, 11, 12, 3
86, 52, 11, 12, 3
86, 52, 11, 12, 3
86, 52, 11, 12, 3
86, 52, 11, 12, 3
86, 52, 11, 12, 3
86, 52, 11, 12, 3
86, 52, 11, 12, 3
86, 52, 11, 12, 3
86, 52, 11, 12, 3
86, 52, 11, 12, 3
86, 52, 11, 12, 3
86, 52, 11, 12, 4
86, 52, 11, 12, 4
86, 52, 11, 12, 4
86, 52, 11, 15, 3
86, 52, 11, 15, 3
86, 52, 11, 15, 3
86, 52, 11, 15, 3
86, 52, 11, 15, 3
86, 52, 11, 15, 3
86, 52, 11, 15, 3
86, 52, 11, 15, 3
86, 52, 11, 15, 3
86, 52, 11, 15, 3
86, 52, 11, 15, 3
86, 52, 11, 15, 3
86, 52, 11, 15, 3
86, 52, 11, 15, 3
86, 52, 11, 15, 4
86, 52, 11, 15, 4
86, 52, 11, 16, 3
86, 52, 11, 16, 3
86, 52, 11, 16, 3
86, 52, 11, 16, 3
86, 52, 11, 16, 3
86, 52, 11, 16, 3
86, 52, 11, 16, 3
86, 52, 11, 16, 3
86, 52, 11, 16, 3
86, 52, 11, 16, 3
86, 52, 11, 16, 3
86, 52, 11, 16, 3
86, 52, 11, 16, 3
86, 52, 11, 16, 3
86, 52, 11, 16, 4
86, 54, 12, 0, 2
86, 54, 12, 0, 2
86, 54, 12, 1, 2
86, 54, 12, 1, 2
86, 54, 12, 2, 3
86, 54, 12, 2, 3
86, 54, 12, 2, 3
86, 54, 12, 2, 3
86, 54, 12, 2, 3
86, 54, 12, 2, 3
86, 54, 12, 2, 3
86, 54, 12, 2, 3
86, 54, 12, 2, 3
86, 54, 12, 2, 3
86, 54, 12, 2, 3
86, 54, 12, 2, 3
86, 54, 12, 2, 3
86, 54, 12, 2, 3
86, 54, 12, 2, 4
86, 54, 12, 11, 2
86, 54, 12, 11, 2
86, 54, 12, 13, 3
86, 54, 12, 13, 3
86, 54, 12, 13, 3
86, 54, 12, 13, 3
86, 54, 12, 13, 3
86, 54, 12, 13, 3
86, 54, 12, 13, 3
86, 54, 12, 13, 3
86, 54, 12, 13, 3
86, 54, 12, 13, 3
86, 54, 12, 13, 3
86, 54, 12, 13, 3
86, 54, 12, 13, 3
86, 54, 12, 13, 3
86, 54, 12, 13, 4
86, 54, 12, 13, 4
86, 54, 12, 13, 4
86, 54, 12, 16, 3
86, 54, 12, 16, 3
86, 54, 12, 16, 3
86, 54, 12, 16, 3
86, 54, 12, 16, 3
86, 54, 12, 16, 3
86, 54, 12, 16, 3
86, 54, 12, 16, 3
86, 54, 12, 16, 3
86, 54, 12, 16, 3
86, 54, 12, 16, 3
86, 54, 12, 16, 3
86, 54, 12, 16, 3
86, 54, 12, 16, 3
86, 54, 12, 16, 4
86, 54, 12, 16, 4
86, 54, 13, 1, 2
86, 54, 13, 1, 2
86, 54, 13, 2, 3
86, 54, 13, 2, 3
86, 54, 13, 2, 3
86, 54, 13, 2, 3
86, 54, 13, 2, 3
86, 54, 13, 2, 3
86, 54, 13, 2, 3
86, 54, 13, 2, 3
86, 54, 13, 2, 3
86, 54, 13, 2, 3
86, 54, 13, 2, 3
86, 54, 13, 2, 3
86, 54, 13, 2, 3
86, 54, 13, 2, 3
86, 54, 13, 2, 4
86, 54, 13, 2, 4
86, 54, 13, 3, 3
86, 54, 13, 3, 3
86, 54, 13, 3, 3
86, 54, 13, 3, 3
86, 54, 13, 3, 3
86, 54, 13, 3, 3
86, 54, 13, 3, 3
86, 54, 13, 3, 3
86, 54, 13, 3, 3
86, 54, 13, 3, 3
86, 54, 13, 3, 3
86, 54, 13, 3, 3
86, 54, 13, 3, 3
86, 54, 13, 3, 3
86, 54, 13, 3, 4
86, 54, 13, 9, 2
86, 54, 13, 9, 2
86, 54, 13, 12, 2
86, 54, 13, 12, 2
86, 54, 13, 14, 3
86, 54, 13, 14, 3
86, 54, 13, 14, 3
86, 54, 13, 14, 3
86, 54, 13, 14, 3
86, 54, 13, 14, 3
86, 54, 13, 14, 3
86, 54, 13, 14, 3
86, 54, 13, 14, 3
86, 54, 13, 14, 3
86, 54, 13, 14, 3
86, 54, 13, 14, 3
86, 54, 13, 14, 3
86, 54, 13, 14, 3
86, 54, 13, 14, 4
86, 54, 13, 14, 4
86, 54, 13, 14, 4
86, 54, 14, 3, 3
86, 54, 14, 3, 3
86, 54, 14, 3, 3
86, 54, 14, 3, 3
86, 54, 14, 3, 3
86, 54, 14, 3, 3
86, 54, 14, 3, 3
86, 54, 14, 3, 3
86, 54, 14, 3, 3
86, 54, 14, 3, 3
86, 54, 14, 3, 3
86, 54, 14, 3, 3
86, 54, 14, 3, 3
86, 54, 14, 3, 3
86, 54, 14, 3, 4
86, 54, 14, 3, 4
86, 54, 14, 4, 3
86, 54, 14, 4, 3
86, 54, 14, 4, 3
86, 54, 14, 4, 3
86, 54, 14, 4, 3
86, 54, 14, 4, 3
86, 54, 14, 4, 3
86, 54, 14, 4, 3
86, 54, 14, 4, 3
86, 54, 14, 4, 3
86, 54, 14, 4, 3
86, 54, 14, 4, 3
86, 54, 14, 4, 3
86, 54, 14, 4, 3
86, 54, 14, 4, 4
86, 54, 14, 9, 2
86, 54, 14, 9, 2
86, 54, 14, 10, 2
86, 54, 14, 10, 2
86, 54, 14, 13, 2
86, 54, 14, 13, 2
86, 54, 14, 15, 3
86, 54, 14, 15, 3
86, 54, 14, 15, 3
86, 54, 14, 15, 3
86, 54, 14, 15, 3
86, 54, 14, 15, 3
86, 54, 14, 15, 3
86, 54, 14, 15, 3
86, 54, 14, 15, 3
86, 54, 14, 15, 3
86, 54, 14, 15, 3
86, 54, 14, 15, 3
86, 54, 14, 15, 3
86, 54, 14, 15, 3
86, 54, 14, 15, 4
86, 54, 14, 15, 4
86, 54, 14, 15, 4
86, 54, 15, 4, 3
86, 54, 15, 4, 3
86, 54, 15, 4, 3
86, 54, 15, 4, 3
86, 54, 15, 4, 3
86, 54, 15, 4, 3
86, 54, 15, 4, 3
86, 54, 15, 4, 3
86, 54, 15, 4, 3
86, 54, 15, 4, 3
86, 54, 15, 4, 3
86, 54, 15, 4, 3
86, 54, 15, 4, 3
86, 54, 15, 4, 3
86, 54, 15, 4, 4
86, 54, 15, 4, 4
86, 54, 15, 5, 3
86, 54, 15, 5, 3
86, 54, 15, 5, 3
86, 54, 15, 5, 3
86, 54, 15, 5, 3
86, 54, 15, 5, 3
86, 54, 15, 5, 3
86, 54, 15, 5, 3
86, 54, 15, 5, 3
86, 54, 15, 5, 3
86, 54, 15, 5, 3
86, 54, 15, 5, 3
86, 54, 15, 5, 3
86, 54, 15, 5, 3
86, 54, 15, 5, 4
86, 54, 15, 10, 2
86, 54, 15, 10, 2
86, 54, 15, 11, 2
86, 54, 15, 11, 2
86, 54, 15, 14, 2
86, 54, 15, 14, 2
86, 54, 15, 16, 3
86, 54, 15, 16, 3
86, 54, 15, 16, 3
86, 54, 15, 16, 3
86, 54, 15, 16, 3
86, 54, 15, 16, 3
86, 54, 15, 16, 3
86, 54, 15, 16, 3
86, 54, 15, 16, 3
86, 54, 15, 16, 3
86, 54, 15, 16, 3
86, 54, 15, 16, 3
86, 54, 15, 16, 3
86, 54, 15, 16, 3
86, 54, 15, 16, 4
86, 54, 15, 16, 4
86, 54, 15, 16, 4
86, 54, 16, 2, 3
86, 54, 16, 2, 3
86, 54, 16, 2, 3
86, 54, 16, 2, 3
86, 54, 16, 2, 3
86, 54, 16, 2, 3
86, 54, 16, 2, 3
86, 54, 16, 2, 3
86, 54, 16, 2, 3
86, 54, 16, 2, 3
86, 54, 16, 2, 3
86, 54, 16, 2, 3
86, 54, 16, 2, 3
86, 54, 16, 2, 3
86, 54, 16, 2, 4
86, 54, 16, 2, 4
86, 54, 16, 2, 4
86, 54, 16, 5, 3
86, 54, 16, 5, 3
86, 54, 16, 5, 3
86, 54, 16, 5, 3
86, 54, 16, 5, 3
86, 54, 16, 5, 3
86, 54, 16, 5, 3
86, 54, 16, 5, 3
86, 54, 16, 5, 3
86, 54, 16, 5, 3
86, 54, 16, 5, 3
86, 54, 16, 5, 3
86, 54, 16, 5, 3
86, 54, 16, 5, 3
86, 54, 16, 5, 4
86, 54, 16, 5, 4
86, 54, 16, 6, 3
86, 54, 16, 6, 3
86, 54, 16, 6, 3
86, 54, 16, 6, 3
86, 54, 16, 6, 3
86, 54, 16, 6, 3
86, 54, 16, 6, 3
86, 54, 16, 6, 3
86, 54, 16, 6, 3
86, 54, 16, 6, 3
86, 54, 16, 6, 3
86, 54, 16, 6, 3
86, 54, 16, 6, 3
86, 54, 16, 6, 3
86, 54, 16, 6, 4
86, 54, 16, 11, 2
86, 54, 16, 11, 2
86, 54, 16, 12, 2
86, 54, 16, 12, 2
86, 54, 16, 15, 2
86, 54, 16, 15, 2
87, 1, 1, 0, 2
88, 1, 1, 0, 2
Goal
87
88
