CG
59
0, 23, 21, 11
0, 23, 16, 11
0, 23, 17, 11
0, 23, 18, 11
0, 23, 24, 11
0, 23, 29, 11
0, 23, 32, 11
0, 23, 35, 11
0, 23, 36, 11
0, 23, 37, 11
0, 23, 38, 11
0, 23, 39, 11
0, 23, 40, 11
0, 23, 58, 13
0, 23, 57, 13
0, 23, 54, 13
0, 23, 56, 13
0, 23, 55, 13
0, 23, 53, 13
0, 23, 52, 13
0, 23, 51, 13
0, 23, 50, 13
0, 23, 49, 13
1, 23, 21, 11
1, 23, 16, 11
1, 23, 17, 11
1, 23, 18, 11
1, 23, 24, 11
1, 23, 29, 11
1, 23, 32, 11
1, 23, 35, 11
1, 23, 36, 11
1, 23, 37, 11
1, 23, 38, 11
1, 23, 39, 11
1, 23, 40, 11
1, 23, 58, 13
1, 23, 57, 13
1, 23, 54, 13
1, 23, 56, 13
1, 23, 55, 13
1, 23, 53, 13
1, 23, 52, 13
1, 23, 51, 13
1, 23, 50, 13
1, 23, 49, 13
2, 23, 21, 11
2, 23, 16, 11
2, 23, 17, 11
2, 23, 18, 11
2, 23, 24, 11
2, 23, 29, 11
2, 23, 32, 11
2, 23, 35, 11
2, 23, 36, 11
2, 23, 37, 11
2, 23, 38, 11
2, 23, 39, 11
2, 23, 40, 11
2, 23, 58, 13
2, 23, 57, 13
2, 23, 54, 13
2, 23, 56, 13
2, 23, 55, 13
2, 23, 53, 13
2, 23, 52, 13
2, 23, 51, 13
2, 23, 50, 13
2, 23, 49, 13
3, 5, 16, 12
3, 5, 58, 3
3, 5, 57, 3
3, 5, 56, 3
3, 5, 55, 3
4, 5, 17, 12
4, 5, 58, 3
4, 5, 57, 3
4, 5, 56, 3
4, 5, 55, 3
5, 5, 18, 12
5, 5, 58, 3
5, 5, 57, 3
5, 5, 56, 3
5, 5, 55, 3
6, 5, 24, 12
6, 5, 58, 3
6, 5, 57, 3
6, 5, 56, 3
6, 5, 55, 3
7, 5, 29, 12
7, 5, 58, 3
7, 5, 57, 3
7, 5, 56, 3
7, 5, 55, 3
8, 5, 32, 12
8, 5, 58, 3
8, 5, 57, 3
8, 5, 56, 3
8, 5, 55, 3
9, 5, 35, 12
9, 5, 58, 3
9, 5, 57, 3
9, 5, 56, 3
9, 5, 55, 3
10, 5, 36, 12
10, 5, 58, 3
10, 5, 57, 3
10, 5, 56, 3
10, 5, 55, 3
11, 5, 37, 12
11, 5, 58, 3
11, 5, 57, 3
11, 5, 56, 3
11, 5, 55, 3
12, 5, 38, 12
12, 5, 58, 3
12, 5, 57, 3
12, 5, 56, 3
12, 5, 55, 3
13, 5, 39, 12
13, 5, 58, 3
13, 5, 57, 3
13, 5, 56, 3
13, 5, 55, 3
14, 5, 40, 12
14, 5, 58, 3
14, 5, 57, 3
14, 5, 56, 3
14, 5, 55, 3
15, 5, 21, 12
15, 5, 58, 3
15, 5, 57, 3
15, 5, 56, 3
15, 5, 55, 3
16, 31, 19, 10
16, 31, 22, 10
16, 31, 41, 14
16, 31, 25, 10
16, 31, 44, 14
16, 31, 28, 10
16, 31, 30, 10
16, 31, 33, 10
16, 31, 45, 14
16, 31, 48, 14
16, 31, 42, 14
16, 31, 20, 10
16, 31, 43, 14
16, 31, 23, 10
16, 31, 46, 14
16, 31, 26, 10
16, 31, 27, 10
16, 31, 31, 10
16, 31, 47, 14
16, 31, 34, 10
16, 31, 3, 16
16, 31, 58, 3
16, 31, 57, 3
16, 31, 54, 3
16, 31, 56, 3
16, 31, 55, 3
16, 31, 53, 3
16, 31, 52, 3
16, 31, 51, 3
16, 31, 50, 3
16, 31, 49, 3
17, 31, 19, 10
17, 31, 22, 10
17, 31, 41, 14
17, 31, 25, 10
17, 31, 44, 14
17, 31, 28, 10
17, 31, 30, 10
17, 31, 33, 10
17, 31, 45, 14
17, 31, 48, 14
17, 31, 42, 14
17, 31, 20, 10
17, 31, 43, 14
17, 31, 23, 10
17, 31, 46, 14
17, 31, 26, 10
17, 31, 27, 10
17, 31, 31, 10
17, 31, 47, 14
17, 31, 34, 10
17, 31, 4, 16
17, 31, 58, 3
17, 31, 57, 3
17, 31, 54, 3
17, 31, 56, 3
17, 31, 55, 3
17, 31, 53, 3
17, 31, 52, 3
17, 31, 51, 3
17, 31, 50, 3
17, 31, 49, 3
18, 31, 19, 10
18, 31, 22, 10
18, 31, 41, 14
18, 31, 25, 10
18, 31, 44, 14
18, 31, 28, 10
18, 31, 30, 10
18, 31, 33, 10
18, 31, 45, 14
18, 31, 48, 14
18, 31, 42, 14
18, 31, 20, 10
18, 31, 43, 14
18, 31, 23, 10
18, 31, 46, 14
18, 31, 26, 10
18, 31, 27, 10
18, 31, 31, 10
18, 31, 47, 14
18, 31, 34, 10
18, 31, 5, 16
18, 31, 58, 3
18, 31, 57, 3
18, 31, 54, 3
18, 31, 56, 3
18, 31, 55, 3
18, 31, 53, 3
18, 31, 52, 3
18, 31, 51, 3
18, 31, 50, 3
18, 31, 49, 3
19, 23, 42, 13
19, 23, 20, 13
19, 23, 43, 13
19, 23, 23, 13
19, 23, 46, 13
19, 23, 26, 13
19, 23, 27, 13
19, 23, 31, 13
19, 23, 47, 13
19, 23, 34, 13
19, 23, 21, 10
19, 23, 16, 10
19, 23, 17, 10
19, 23, 18, 10
19, 23, 24, 10
19, 23, 29, 10
19, 23, 32, 10
19, 23, 35, 10
19, 23, 36, 10
19, 23, 37, 10
19, 23, 38, 10
19, 23, 39, 10
19, 23, 40, 10
20, 23, 19, 13
20, 23, 22, 13
20, 23, 41, 13
20, 23, 25, 13
20, 23, 44, 13
20, 23, 28, 13
20, 23, 30, 13
20, 23, 33, 13
20, 23, 45, 13
20, 23, 48, 13
20, 23, 21, 10
20, 23, 16, 10
20, 23, 17, 10
20, 23, 18, 10
20, 23, 24, 10
20, 23, 29, 10
20, 23, 32, 10
20, 23, 35, 10
20, 23, 36, 10
20, 23, 37, 10
20, 23, 38, 10
20, 23, 39, 10
20, 23, 40, 10
21, 31, 19, 10
21, 31, 22, 10
21, 31, 41, 14
21, 31, 25, 10
21, 31, 44, 14
21, 31, 28, 10
21, 31, 30, 10
21, 31, 33, 10
21, 31, 45, 14
21, 31, 48, 14
21, 31, 42, 14
21, 31, 20, 10
21, 31, 43, 14
21, 31, 23, 10
21, 31, 46, 14
21, 31, 26, 10
21, 31, 27, 10
21, 31, 31, 10
21, 31, 47, 14
21, 31, 34, 10
21, 31, 15, 16
21, 31, 58, 3
21, 31, 57, 3
21, 31, 54, 3
21, 31, 56, 3
21, 31, 55, 3
21, 31, 53, 3
21, 31, 52, 3
21, 31, 51, 3
21, 31, 50, 3
21, 31, 49, 3
22, 23, 42, 13
22, 23, 20, 13
22, 23, 43, 13
22, 23, 23, 13
22, 23, 46, 13
22, 23, 26, 13
22, 23, 27, 13
22, 23, 31, 13
22, 23, 47, 13
22, 23, 34, 13
22, 23, 21, 10
22, 23, 16, 10
22, 23, 17, 10
22, 23, 18, 10
22, 23, 24, 10
22, 23, 29, 10
22, 23, 32, 10
22, 23, 35, 10
22, 23, 36, 10
22, 23, 37, 10
22, 23, 38, 10
22, 23, 39, 10
22, 23, 40, 10
23, 23, 19, 13
23, 23, 22, 13
23, 23, 41, 13
23, 23, 25, 13
23, 23, 44, 13
23, 23, 28, 13
23, 23, 30, 13
23, 23, 33, 13
23, 23, 45, 13
23, 23, 48, 13
23, 23, 21, 10
23, 23, 16, 10
23, 23, 17, 10
23, 23, 18, 10
23, 23, 24, 10
23, 23, 29, 10
23, 23, 32, 10
23, 23, 35, 10
23, 23, 36, 10
23, 23, 37, 10
23, 23, 38, 10
23, 23, 39, 10
23, 23, 40, 10
24, 31, 19, 10
24, 31, 22, 10
24, 31, 41, 14
24, 31, 25, 10
24, 31, 44, 14
24, 31, 28, 10
24, 31, 30, 10
24, 31, 33, 10
24, 31, 45, 14
24, 31, 48, 14
24, 31, 42, 14
24, 31, 20, 10
24, 31, 43, 14
24, 31, 23, 10
24, 31, 46, 14
24, 31, 26, 10
24, 31, 27, 10
24, 31, 31, 10
24, 31, 47, 14
24, 31, 34, 10
24, 31, 6, 16
24, 31, 58, 3
24, 31, 57, 3
24, 31, 54, 3
24, 31, 56, 3
24, 31, 55, 3
24, 31, 53, 3
24, 31, 52, 3
24, 31, 51, 3
24, 31, 50, 3
24, 31, 49, 3
25, 23, 42, 13
25, 23, 20, 13
25, 23, 43, 13
25, 23, 23, 13
25, 23, 46, 13
25, 23, 26, 13
25, 23, 27, 13
25, 23, 31, 13
25, 23, 47, 13
25, 23, 34, 13
25, 23, 21, 10
25, 23, 16, 10
25, 23, 17, 10
25, 23, 18, 10
25, 23, 24, 10
25, 23, 29, 10
25, 23, 32, 10
25, 23, 35, 10
25, 23, 36, 10
25, 23, 37, 10
25, 23, 38, 10
25, 23, 39, 10
25, 23, 40, 10
26, 23, 19, 13
26, 23, 22, 13
26, 23, 41, 13
26, 23, 25, 13
26, 23, 44, 13
26, 23, 28, 13
26, 23, 30, 13
26, 23, 33, 13
26, 23, 45, 13
26, 23, 48, 13
26, 23, 21, 10
26, 23, 16, 10
26, 23, 17, 10
26, 23, 18, 10
26, 23, 24, 10
26, 23, 29, 10
26, 23, 32, 10
26, 23, 35, 10
26, 23, 36, 10
26, 23, 37, 10
26, 23, 38, 10
26, 23, 39, 10
26, 23, 40, 10
27, 23, 19, 13
27, 23, 22, 13
27, 23, 41, 13
27, 23, 25, 13
27, 23, 44, 13
27, 23, 28, 13
27, 23, 30, 13
27, 23, 33, 13
27, 23, 45, 13
27, 23, 48, 13
27, 23, 21, 10
27, 23, 16, 10
27, 23, 17, 10
27, 23, 18, 10
27, 23, 24, 10
27, 23, 29, 10
27, 23, 32, 10
27, 23, 35, 10
27, 23, 36, 10
27, 23, 37, 10
27, 23, 38, 10
27, 23, 39, 10
27, 23, 40, 10
28, 23, 42, 13
28, 23, 20, 13
28, 23, 43, 13
28, 23, 23, 13
28, 23, 46, 13
28, 23, 26, 13
28, 23, 27, 13
28, 23, 31, 13
28, 23, 47, 13
28, 23, 34, 13
28, 23, 21, 10
28, 23, 16, 10
28, 23, 17, 10
28, 23, 18, 10
28, 23, 24, 10
28, 23, 29, 10
28, 23, 32, 10
28, 23, 35, 10
28, 23, 36, 10
28, 23, 37, 10
28, 23, 38, 10
28, 23, 39, 10
28, 23, 40, 10
29, 31, 19, 10
29, 31, 22, 10
29, 31, 41, 14
29, 31, 25, 10
29, 31, 44, 14
29, 31, 28, 10
29, 31, 30, 10
29, 31, 33, 10
29, 31, 45, 14
29, 31, 48, 14
29, 31, 42, 14
29, 31, 20, 10
29, 31, 43, 14
29, 31, 23, 10
29, 31, 46, 14
29, 31, 26, 10
29, 31, 27, 10
29, 31, 31, 10
29, 31, 47, 14
29, 31, 34, 10
29, 31, 7, 16
29, 31, 58, 3
29, 31, 57, 3
29, 31, 54, 3
29, 31, 56, 3
29, 31, 55, 3
29, 31, 53, 3
29, 31, 52, 3
29, 31, 51, 3
29, 31, 50, 3
29, 31, 49, 3
30, 23, 42, 13
30, 23, 20, 13
30, 23, 43, 13
30, 23, 23, 13
30, 23, 46, 13
30, 23, 26, 13
30, 23, 27, 13
30, 23, 31, 13
30, 23, 47, 13
30, 23, 34, 13
30, 23, 21, 10
30, 23, 16, 10
30, 23, 17, 10
30, 23, 18, 10
30, 23, 24, 10
30, 23, 29, 10
30, 23, 32, 10
30, 23, 35, 10
30, 23, 36, 10
30, 23, 37, 10
30, 23, 38, 10
30, 23, 39, 10
30, 23, 40, 10
31, 23, 19, 13
31, 23, 22, 13
31, 23, 41, 13
31, 23, 25, 13
31, 23, 44, 13
31, 23, 28, 13
31, 23, 30, 13
31, 23, 33, 13
31, 23, 45, 13
31, 23, 48, 13
31, 23, 21, 10
31, 23, 16, 10
31, 23, 17, 10
31, 23, 18, 10
31, 23, 24, 10
31, 23, 29, 10
31, 23, 32, 10
31, 23, 35, 10
31, 23, 36, 10
31, 23, 37, 10
31, 23, 38, 10
31, 23, 39, 10
31, 23, 40, 10
32, 31, 19, 10
32, 31, 22, 10
32, 31, 41, 14
32, 31, 25, 10
32, 31, 44, 14
32, 31, 28, 10
32, 31, 30, 10
32, 31, 33, 10
32, 31, 45, 14
32, 31, 48, 14
32, 31, 42, 14
32, 31, 20, 10
32, 31, 43, 14
32, 31, 23, 10
32, 31, 46, 14
32, 31, 26, 10
32, 31, 27, 10
32, 31, 31, 10
32, 31, 47, 14
32, 31, 34, 10
32, 31, 8, 16
32, 31, 58, 3
32, 31, 57, 3
32, 31, 54, 3
32, 31, 56, 3
32, 31, 55, 3
32, 31, 53, 3
32, 31, 52, 3
32, 31, 51, 3
32, 31, 50, 3
32, 31, 49, 3
33, 23, 42, 13
33, 23, 20, 13
33, 23, 43, 13
33, 23, 23, 13
33, 23, 46, 13
33, 23, 26, 13
33, 23, 27, 13
33, 23, 31, 13
33, 23, 47, 13
33, 23, 34, 13
33, 23, 21, 10
33, 23, 16, 10
33, 23, 17, 10
33, 23, 18, 10
33, 23, 24, 10
33, 23, 29, 10
33, 23, 32, 10
33, 23, 35, 10
33, 23, 36, 10
33, 23, 37, 10
33, 23, 38, 10
33, 23, 39, 10
33, 23, 40, 10
34, 23, 19, 13
34, 23, 22, 13
34, 23, 41, 13
34, 23, 25, 13
34, 23, 44, 13
34, 23, 28, 13
34, 23, 30, 13
34, 23, 33, 13
34, 23, 45, 13
34, 23, 48, 13
34, 23, 21, 10
34, 23, 16, 10
34, 23, 17, 10
34, 23, 18, 10
34, 23, 24, 10
34, 23, 29, 10
34, 23, 32, 10
34, 23, 35, 10
34, 23, 36, 10
34, 23, 37, 10
34, 23, 38, 10
34, 23, 39, 10
34, 23, 40, 10
35, 31, 19, 10
35, 31, 22, 10
35, 31, 41, 14
35, 31, 25, 10
35, 31, 44, 14
35, 31, 28, 10
35, 31, 30, 10
35, 31, 33, 10
35, 31, 45, 14
35, 31, 48, 14
35, 31, 42, 14
35, 31, 20, 10
35, 31, 43, 14
35, 31, 23, 10
35, 31, 46, 14
35, 31, 26, 10
35, 31, 27, 10
35, 31, 31, 10
35, 31, 47, 14
35, 31, 34, 10
35, 31, 9, 16
35, 31, 58, 3
35, 31, 57, 3
35, 31, 54, 3
35, 31, 56, 3
35, 31, 55, 3
35, 31, 53, 3
35, 31, 52, 3
35, 31, 51, 3
35, 31, 50, 3
35, 31, 49, 3
36, 31, 19, 10
36, 31, 22, 10
36, 31, 41, 14
36, 31, 25, 10
36, 31, 44, 14
36, 31, 28, 10
36, 31, 30, 10
36, 31, 33, 10
36, 31, 45, 14
36, 31, 48, 14
36, 31, 42, 14
36, 31, 20, 10
36, 31, 43, 14
36, 31, 23, 10
36, 31, 46, 14
36, 31, 26, 10
36, 31, 27, 10
36, 31, 31, 10
36, 31, 47, 14
36, 31, 34, 10
36, 31, 10, 16
36, 31, 58, 3
36, 31, 57, 3
36, 31, 54, 3
36, 31, 56, 3
36, 31, 55, 3
36, 31, 53, 3
36, 31, 52, 3
36, 31, 51, 3
36, 31, 50, 3
36, 31, 49, 3
37, 31, 19, 10
37, 31, 22, 10
37, 31, 41, 14
37, 31, 25, 10
37, 31, 44, 14
37, 31, 28, 10
37, 31, 30, 10
37, 31, 33, 10
37, 31, 45, 14
37, 31, 48, 14
37, 31, 42, 14
37, 31, 20, 10
37, 31, 43, 14
37, 31, 23, 10
37, 31, 46, 14
37, 31, 26, 10
37, 31, 27, 10
37, 31, 31, 10
37, 31, 47, 14
37, 31, 34, 10
37, 31, 11, 16
37, 31, 58, 3
37, 31, 57, 3
37, 31, 54, 3
37, 31, 56, 3
37, 31, 55, 3
37, 31, 53, 3
37, 31, 52, 3
37, 31, 51, 3
37, 31, 50, 3
37, 31, 49, 3
38, 31, 19, 10
38, 31, 22, 10
38, 31, 41, 14
38, 31, 25, 10
38, 31, 44, 14
38, 31, 28, 10
38, 31, 30, 10
38, 31, 33, 10
38, 31, 45, 14
38, 31, 48, 14
38, 31, 42, 14
38, 31, 20, 10
38, 31, 43, 14
38, 31, 23, 10
38, 31, 46, 14
38, 31, 26, 10
38, 31, 27, 10
38, 31, 31, 10
38, 31, 47, 14
38, 31, 34, 10
38, 31, 12, 16
38, 31, 58, 3
38, 31, 57, 3
38, 31, 54, 3
38, 31, 56, 3
38, 31, 55, 3
38, 31, 53, 3
38, 31, 52, 3
38, 31, 51, 3
38, 31, 50, 3
38, 31, 49, 3
39, 31, 19, 10
39, 31, 22, 10
39, 31, 41, 14
39, 31, 25, 10
39, 31, 44, 14
39, 31, 28, 10
39, 31, 30, 10
39, 31, 33, 10
39, 31, 45, 14
39, 31, 48, 14
39, 31, 42, 14
39, 31, 20, 10
39, 31, 43, 14
39, 31, 23, 10
39, 31, 46, 14
39, 31, 26, 10
39, 31, 27, 10
39, 31, 31, 10
39, 31, 47, 14
39, 31, 34, 10
39, 31, 13, 16
39, 31, 58, 3
39, 31, 57, 3
39, 31, 54, 3
39, 31, 56, 3
39, 31, 55, 3
39, 31, 53, 3
39, 31, 52, 3
39, 31, 51, 3
39, 31, 50, 3
39, 31, 49, 3
40, 31, 19, 10
40, 31, 22, 10
40, 31, 41, 14
40, 31, 25, 10
40, 31, 44, 14
40, 31, 28, 10
40, 31, 30, 10
40, 31, 33, 10
40, 31, 45, 14
40, 31, 48, 14
40, 31, 42, 14
40, 31, 20, 10
40, 31, 43, 14
40, 31, 23, 10
40, 31, 46, 14
40, 31, 26, 10
40, 31, 27, 10
40, 31, 31, 10
40, 31, 47, 14
40, 31, 34, 10
40, 31, 14, 16
40, 31, 58, 3
40, 31, 57, 3
40, 31, 54, 3
40, 31, 56, 3
40, 31, 55, 3
40, 31, 53, 3
40, 31, 52, 3
40, 31, 51, 3
40, 31, 50, 3
40, 31, 49, 3
41, 36, 42, 26
41, 36, 20, 13
41, 36, 43, 26
41, 36, 23, 13
41, 36, 46, 26
41, 36, 26, 13
41, 36, 27, 13
41, 36, 31, 13
41, 36, 47, 26
41, 36, 34, 13
41, 36, 21, 14
41, 36, 16, 14
41, 36, 17, 14
41, 36, 18, 14
41, 36, 24, 14
41, 36, 29, 14
41, 36, 32, 14
41, 36, 35, 14
41, 36, 36, 14
41, 36, 37, 14
41, 36, 38, 14
41, 36, 39, 14
41, 36, 40, 14
41, 36, 15, 4
41, 36, 3, 4
41, 36, 4, 4
41, 36, 5, 4
41, 36, 6, 4
41, 36, 7, 4
41, 36, 8, 4
41, 36, 9, 4
41, 36, 10, 4
41, 36, 11, 4
41, 36, 12, 4
41, 36, 13, 4
41, 36, 14, 4
42, 36, 19, 13
42, 36, 22, 13
42, 36, 41, 26
42, 36, 25, 13
42, 36, 44, 26
42, 36, 28, 13
42, 36, 30, 13
42, 36, 33, 13
42, 36, 45, 26
42, 36, 48, 26
42, 36, 21, 14
42, 36, 16, 14
42, 36, 17, 14
42, 36, 18, 14
42, 36, 24, 14
42, 36, 29, 14
42, 36, 32, 14
42, 36, 35, 14
42, 36, 36, 14
42, 36, 37, 14
42, 36, 38, 14
42, 36, 39, 14
42, 36, 40, 14
42, 36, 15, 4
42, 36, 3, 4
42, 36, 4, 4
42, 36, 5, 4
42, 36, 6, 4
42, 36, 7, 4
42, 36, 8, 4
42, 36, 9, 4
42, 36, 10, 4
42, 36, 11, 4
42, 36, 12, 4
42, 36, 13, 4
42, 36, 14, 4
43, 36, 19, 13
43, 36, 22, 13
43, 36, 41, 26
43, 36, 25, 13
43, 36, 44, 26
43, 36, 28, 13
43, 36, 30, 13
43, 36, 33, 13
43, 36, 45, 26
43, 36, 48, 26
43, 36, 21, 14
43, 36, 16, 14
43, 36, 17, 14
43, 36, 18, 14
43, 36, 24, 14
43, 36, 29, 14
43, 36, 32, 14
43, 36, 35, 14
43, 36, 36, 14
43, 36, 37, 14
43, 36, 38, 14
43, 36, 39, 14
43, 36, 40, 14
43, 36, 15, 4
43, 36, 3, 4
43, 36, 4, 4
43, 36, 5, 4
43, 36, 6, 4
43, 36, 7, 4
43, 36, 8, 4
43, 36, 9, 4
43, 36, 10, 4
43, 36, 11, 4
43, 36, 12, 4
43, 36, 13, 4
43, 36, 14, 4
44, 36, 42, 26
44, 36, 20, 13
44, 36, 43, 26
44, 36, 23, 13
44, 36, 46, 26
44, 36, 26, 13
44, 36, 27, 13
44, 36, 31, 13
44, 36, 47, 26
44, 36, 34, 13
44, 36, 21, 14
44, 36, 16, 14
44, 36, 17, 14
44, 36, 18, 14
44, 36, 24, 14
44, 36, 29, 14
44, 36, 32, 14
44, 36, 35, 14
44, 36, 36, 14
44, 36, 37, 14
44, 36, 38, 14
44, 36, 39, 14
44, 36, 40, 14
44, 36, 15, 4
44, 36, 3, 4
44, 36, 4, 4
44, 36, 5, 4
44, 36, 6, 4
44, 36, 7, 4
44, 36, 8, 4
44, 36, 9, 4
44, 36, 10, 4
44, 36, 11, 4
44, 36, 12, 4
44, 36, 13, 4
44, 36, 14, 4
45, 36, 42, 26
45, 36, 20, 13
45, 36, 43, 26
45, 36, 23, 13
45, 36, 46, 26
45, 36, 26, 13
45, 36, 27, 13
45, 36, 31, 13
45, 36, 47, 26
45, 36, 34, 13
45, 36, 21, 14
45, 36, 16, 14
45, 36, 17, 14
45, 36, 18, 14
45, 36, 24, 14
45, 36, 29, 14
45, 36, 32, 14
45, 36, 35, 14
45, 36, 36, 14
45, 36, 37, 14
45, 36, 38, 14
45, 36, 39, 14
45, 36, 40, 14
45, 36, 15, 4
45, 36, 3, 4
45, 36, 4, 4
45, 36, 5, 4
45, 36, 6, 4
45, 36, 7, 4
45, 36, 8, 4
45, 36, 9, 4
45, 36, 10, 4
45, 36, 11, 4
45, 36, 12, 4
45, 36, 13, 4
45, 36, 14, 4
46, 36, 19, 13
46, 36, 22, 13
46, 36, 41, 26
46, 36, 25, 13
46, 36, 44, 26
46, 36, 28, 13
46, 36, 30, 13
46, 36, 33, 13
46, 36, 45, 26
46, 36, 48, 26
46, 36, 21, 14
46, 36, 16, 14
46, 36, 17, 14
46, 36, 18, 14
46, 36, 24, 14
46, 36, 29, 14
46, 36, 32, 14
46, 36, 35, 14
46, 36, 36, 14
46, 36, 37, 14
46, 36, 38, 14
46, 36, 39, 14
46, 36, 40, 14
46, 36, 15, 4
46, 36, 3, 4
46, 36, 4, 4
46, 36, 5, 4
46, 36, 6, 4
46, 36, 7, 4
46, 36, 8, 4
46, 36, 9, 4
46, 36, 10, 4
46, 36, 11, 4
46, 36, 12, 4
46, 36, 13, 4
46, 36, 14, 4
47, 36, 19, 13
47, 36, 22, 13
47, 36, 41, 26
47, 36, 25, 13
47, 36, 44, 26
47, 36, 28, 13
47, 36, 30, 13
47, 36, 33, 13
47, 36, 45, 26
47, 36, 48, 26
47, 36, 21, 14
47, 36, 16, 14
47, 36, 17, 14
47, 36, 18, 14
47, 36, 24, 14
47, 36, 29, 14
47, 36, 32, 14
47, 36, 35, 14
47, 36, 36, 14
47, 36, 37, 14
47, 36, 38, 14
47, 36, 39, 14
47, 36, 40, 14
47, 36, 15, 4
47, 36, 3, 4
47, 36, 4, 4
47, 36, 5, 4
47, 36, 6, 4
47, 36, 7, 4
47, 36, 8, 4
47, 36, 9, 4
47, 36, 10, 4
47, 36, 11, 4
47, 36, 12, 4
47, 36, 13, 4
47, 36, 14, 4
48, 36, 42, 26
48, 36, 20, 13
48, 36, 43, 26
48, 36, 23, 13
48, 36, 46, 26
48, 36, 26, 13
48, 36, 27, 13
48, 36, 31, 13
48, 36, 47, 26
48, 36, 34, 13
48, 36, 21, 14
48, 36, 16, 14
48, 36, 17, 14
48, 36, 18, 14
48, 36, 24, 14
48, 36, 29, 14
48, 36, 32, 14
48, 36, 35, 14
48, 36, 36, 14
48, 36, 37, 14
48, 36, 38, 14
48, 36, 39, 14
48, 36, 40, 14
48, 36, 15, 4
48, 36, 3, 4
48, 36, 4, 4
48, 36, 5, 4
48, 36, 6, 4
48, 36, 7, 4
48, 36, 8, 4
48, 36, 9, 4
48, 36, 10, 4
48, 36, 11, 4
48, 36, 12, 4
48, 36, 13, 4
48, 36, 14, 4
DTG
0, 3, 0, 1, 1
0, 3, 0, 2, 1
0, 3, 0, 3, 1
0, 3, 1, 0, 1
0, 3, 1, 2, 1
0, 3, 1, 3, 1
0, 3, 2, 0, 1
0, 3, 2, 1, 1
0, 3, 2, 3, 1
0, 3, 3, 0, 1
0, 3, 3, 1, 1
0, 3, 3, 2, 1
1, 3, 0, 1, 1
1, 3, 0, 2, 1
1, 3, 0, 3, 1
1, 3, 1, 0, 1
1, 3, 1, 2, 1
1, 3, 1, 3, 1
1, 3, 2, 0, 1
1, 3, 2, 1, 1
1, 3, 2, 3, 1
1, 3, 3, 0, 1
1, 3, 3, 1, 1
1, 3, 3, 2, 1
2, 3, 0, 1, 1
2, 3, 0, 2, 1
2, 3, 0, 3, 1
2, 3, 1, 0, 1
2, 3, 1, 2, 1
2, 3, 1, 3, 1
2, 3, 2, 0, 1
2, 3, 2, 1, 1
2, 3, 2, 3, 1
2, 3, 3, 0, 1
2, 3, 3, 1, 1
2, 3, 3, 2, 1
3, 16, 1, 0, 4
3, 16, 1, 0, 4
3, 16, 1, 0, 4
3, 16, 1, 0, 4
3, 16, 1, 0, 4
3, 16, 1, 0, 4
3, 16, 1, 0, 4
3, 16, 1, 0, 4
3, 16, 1, 0, 4
3, 16, 1, 0, 4
3, 16, 1, 0, 4
3, 16, 1, 0, 4
3, 16, 1, 0, 4
3, 16, 1, 0, 4
3, 16, 1, 0, 4
3, 16, 1, 0, 4
4, 16, 1, 0, 4
4, 16, 1, 0, 4
4, 16, 1, 0, 4
4, 16, 1, 0, 4
4, 16, 1, 0, 4
4, 16, 1, 0, 4
4, 16, 1, 0, 4
4, 16, 1, 0, 4
4, 16, 1, 0, 4
4, 16, 1, 0, 4
4, 16, 1, 0, 4
4, 16, 1, 0, 4
4, 16, 1, 0, 4
4, 16, 1, 0, 4
4, 16, 1, 0, 4
4, 16, 1, 0, 4
5, 16, 1, 0, 4
5, 16, 1, 0, 4
5, 16, 1, 0, 4
5, 16, 1, 0, 4
5, 16, 1, 0, 4
5, 16, 1, 0, 4
5, 16, 1, 0, 4
5, 16, 1, 0, 4
5, 16, 1, 0, 4
5, 16, 1, 0, 4
5, 16, 1, 0, 4
5, 16, 1, 0, 4
5, 16, 1, 0, 4
5, 16, 1, 0, 4
5, 16, 1, 0, 4
5, 16, 1, 0, 4
6, 16, 1, 0, 4
6, 16, 1, 0, 4
6, 16, 1, 0, 4
6, 16, 1, 0, 4
6, 16, 1, 0, 4
6, 16, 1, 0, 4
6, 16, 1, 0, 4
6, 16, 1, 0, 4
6, 16, 1, 0, 4
6, 16, 1, 0, 4
6, 16, 1, 0, 4
6, 16, 1, 0, 4
6, 16, 1, 0, 4
6, 16, 1, 0, 4
6, 16, 1, 0, 4
6, 16, 1, 0, 4
7, 16, 1, 0, 4
7, 16, 1, 0, 4
7, 16, 1, 0, 4
7, 16, 1, 0, 4
7, 16, 1, 0, 4
7, 16, 1, 0, 4
7, 16, 1, 0, 4
7, 16, 1, 0, 4
7, 16, 1, 0, 4
7, 16, 1, 0, 4
7, 16, 1, 0, 4
7, 16, 1, 0, 4
7, 16, 1, 0, 4
7, 16, 1, 0, 4
7, 16, 1, 0, 4
7, 16, 1, 0, 4
8, 16, 1, 0, 4
8, 16, 1, 0, 4
8, 16, 1, 0, 4
8, 16, 1, 0, 4
8, 16, 1, 0, 4
8, 16, 1, 0, 4
8, 16, 1, 0, 4
8, 16, 1, 0, 4
8, 16, 1, 0, 4
8, 16, 1, 0, 4
8, 16, 1, 0, 4
8, 16, 1, 0, 4
8, 16, 1, 0, 4
8, 16, 1, 0, 4
8, 16, 1, 0, 4
8, 16, 1, 0, 4
9, 16, 1, 0, 4
9, 16, 1, 0, 4
9, 16, 1, 0, 4
9, 16, 1, 0, 4
9, 16, 1, 0, 4
9, 16, 1, 0, 4
9, 16, 1, 0, 4
9, 16, 1, 0, 4
9, 16, 1, 0, 4
9, 16, 1, 0, 4
9, 16, 1, 0, 4
9, 16, 1, 0, 4
9, 16, 1, 0, 4
9, 16, 1, 0, 4
9, 16, 1, 0, 4
9, 16, 1, 0, 4
10, 16, 1, 0, 4
10, 16, 1, 0, 4
10, 16, 1, 0, 4
10, 16, 1, 0, 4
10, 16, 1, 0, 4
10, 16, 1, 0, 4
10, 16, 1, 0, 4
10, 16, 1, 0, 4
10, 16, 1, 0, 4
10, 16, 1, 0, 4
10, 16, 1, 0, 4
10, 16, 1, 0, 4
10, 16, 1, 0, 4
10, 16, 1, 0, 4
10, 16, 1, 0, 4
10, 16, 1, 0, 4
11, 16, 1, 0, 4
11, 16, 1, 0, 4
11, 16, 1, 0, 4
11, 16, 1, 0, 4
11, 16, 1, 0, 4
11, 16, 1, 0, 4
11, 16, 1, 0, 4
11, 16, 1, 0, 4
11, 16, 1, 0, 4
11, 16, 1, 0, 4
11, 16, 1, 0, 4
11, 16, 1, 0, 4
11, 16, 1, 0, 4
11, 16, 1, 0, 4
11, 16, 1, 0, 4
11, 16, 1, 0, 4
12, 16, 1, 0, 4
12, 16, 1, 0, 4
12, 16, 1, 0, 4
12, 16, 1, 0, 4
12, 16, 1, 0, 4
12, 16, 1, 0, 4
12, 16, 1, 0, 4
12, 16, 1, 0, 4
12, 16, 1, 0, 4
12, 16, 1, 0, 4
12, 16, 1, 0, 4
12, 16, 1, 0, 4
12, 16, 1, 0, 4
12, 16, 1, 0, 4
12, 16, 1, 0, 4
12, 16, 1, 0, 4
13, 16, 1, 0, 4
13, 16, 1, 0, 4
13, 16, 1, 0, 4
13, 16, 1, 0, 4
13, 16, 1, 0, 4
13, 16, 1, 0, 4
13, 16, 1, 0, 4
13, 16, 1, 0, 4
13, 16, 1, 0, 4
13, 16, 1, 0, 4
13, 16, 1, 0, 4
13, 16, 1, 0, 4
13, 16, 1, 0, 4
13, 16, 1, 0, 4
13, 16, 1, 0, 4
13, 16, 1, 0, 4
14, 16, 1, 0, 4
14, 16, 1, 0, 4
14, 16, 1, 0, 4
14, 16, 1, 0, 4
14, 16, 1, 0, 4
14, 16, 1, 0, 4
14, 16, 1, 0, 4
14, 16, 1, 0, 4
14, 16, 1, 0, 4
14, 16, 1, 0, 4
14, 16, 1, 0, 4
14, 16, 1, 0, 4
14, 16, 1, 0, 4
14, 16, 1, 0, 4
14, 16, 1, 0, 4
14, 16, 1, 0, 4
15, 16, 1, 0, 4
15, 16, 1, 0, 4
15, 16, 1, 0, 4
15, 16, 1, 0, 4
15, 16, 1, 0, 4
15, 16, 1, 0, 4
15, 16, 1, 0, 4
15, 16, 1, 0, 4
15, 16, 1, 0, 4
15, 16, 1, 0, 4
15, 16, 1, 0, 4
15, 16, 1, 0, 4
15, 16, 1, 0, 4
15, 16, 1, 0, 4
15, 16, 1, 0, 4
15, 16, 1, 0, 4
16, 3, 0, 2, 2
16, 3, 0, 3, 2
16, 3, 0, 4, 2
16, 100, 1, 0, 3
16, 100, 1, 0, 3
16, 100, 1, 0, 3
16, 100, 1, 0, 3
16, 100, 1, 0, 3
16, 100, 1, 0, 3
16, 100, 1, 0, 3
16, 100, 1, 0, 3
16, 100, 1, 0, 3
16, 100, 1, 0, 3
16, 100, 1, 0, 3
16, 100, 1, 0, 3
16, 100, 1, 0, 3
16, 100, 1, 0, 3
16, 100, 1, 0, 3
16, 100, 1, 0, 3
16, 100, 1, 0, 3
16, 100, 1, 0, 3
16, 100, 1, 0, 3
16, 100, 1, 0, 3
16, 100, 1, 0, 3
16, 100, 1, 0, 3
16, 100, 1, 0, 3
16, 100, 1, 0, 3
16, 100, 1, 0, 3
16, 100, 1, 0, 3
16, 100, 1, 0, 3
16, 100, 1, 0, 3
16, 100, 1, 0, 3
16, 100, 1, 0, 3
16, 100, 1, 0, 3
16, 100, 1, 0, 3
16, 100, 1, 0, 3
16, 100, 1, 0, 3
16, 100, 1, 0, 3
16, 100, 1, 0, 3
16, 100, 1, 0, 3
16, 100, 1, 0, 3
16, 100, 1, 0, 3
16, 100, 1, 0, 3
16, 100, 1, 0, 3
16, 100, 1, 0, 3
16, 100, 1, 0, 3
16, 100, 1, 0, 3
16, 100, 1, 0, 3
16, 100, 1, 0, 3
16, 100, 1, 0, 3
16, 100, 1, 0, 3
16, 100, 1, 0, 3
16, 100, 1, 0, 3
16, 100, 1, 0, 3
16, 100, 1, 0, 3
16, 100, 1, 0, 3
16, 100, 1, 0, 3
16, 100, 1, 0, 3
16, 100, 1, 0, 3
16, 100, 1, 0, 3
16, 100, 1, 0, 3
16, 100, 1, 0, 3
16, 100, 1, 0, 3
16, 100, 1, 0, 3
16, 100, 1, 0, 3
16, 100, 1, 0, 3
16, 100, 1, 0, 3
16, 100, 1, 0, 3
16, 100, 1, 0, 3
16, 100, 1, 0, 3
16, 100, 1, 0, 3
16, 100, 1, 0, 3
16, 100, 1, 0, 3
16, 100, 1, 0, 3
16, 100, 1, 0, 3
16, 100, 1, 0, 3
16, 100, 1, 0, 3
16, 100, 1, 0, 3
16, 100, 1, 0, 3
16, 100, 1, 0, 3
16, 100, 1, 0, 3
16, 100, 1, 0, 3
16, 100, 1, 0, 3
16, 100, 1, 0, 3
16, 100, 1, 0, 3
16, 100, 1, 0, 3
16, 100, 1, 0, 3
16, 100, 1, 0, 3
16, 100, 1, 0, 3
16, 100, 1, 0, 3
16, 100, 1, 0, 3
16, 100, 1, 0, 3
16, 100, 1, 0, 3
16, 100, 1, 0, 3
16, 100, 1, 0, 3
16, 100, 1, 0, 3
16, 100, 1, 0, 3
16, 100, 1, 0, 3
16, 100, 1, 0, 3
16, 100, 1, 0, 3
16, 100, 1, 0, 3
16, 100, 1, 0, 3
16, 100, 1, 0, 3
16, 3, 2, 5, 2
16, 3, 2, 5, 2
16, 3, 2, 5, 2
16, 3, 3, 5, 2
16, 3, 3, 5, 2
16, 3, 3, 5, 2
16, 3, 4, 5, 2
16, 3, 4, 5, 2
16, 3, 4, 5, 2
17, 3, 0, 2, 2
17, 3, 0, 3, 2
17, 3, 0, 4, 2
17, 100, 1, 0, 3
17, 100, 1, 0, 3
17, 100, 1, 0, 3
17, 100, 1, 0, 3
17, 100, 1, 0, 3
17, 100, 1, 0, 3
17, 100, 1, 0, 3
17, 100, 1, 0, 3
17, 100, 1, 0, 3
17, 100, 1, 0, 3
17, 100, 1, 0, 3
17, 100, 1, 0, 3
17, 100, 1, 0, 3
17, 100, 1, 0, 3
17, 100, 1, 0, 3
17, 100, 1, 0, 3
17, 100, 1, 0, 3
17, 100, 1, 0, 3
17, 100, 1, 0, 3
17, 100, 1, 0, 3
17, 100, 1, 0, 3
17, 100, 1, 0, 3
17, 100, 1, 0, 3
17, 100, 1, 0, 3
17, 100, 1, 0, 3
17, 100, 1, 0, 3
17, 100, 1, 0, 3
17, 100, 1, 0, 3
17, 100, 1, 0, 3
17, 100, 1, 0, 3
17, 100, 1, 0, 3
17, 100, 1, 0, 3
17, 100, 1, 0, 3
17, 100, 1, 0, 3
17, 100, 1, 0, 3
17, 100, 1, 0, 3
17, 100, 1, 0, 3
17, 100, 1, 0, 3
17, 100, 1, 0, 3
17, 100, 1, 0, 3
17, 100, 1, 0, 3
17, 100, 1, 0, 3
17, 100, 1, 0, 3
17, 100, 1, 0, 3
17, 100, 1, 0, 3
17, 100, 1, 0, 3
17, 100, 1, 0, 3
17, 100, 1, 0, 3
17, 100, 1, 0, 3
17, 100, 1, 0, 3
17, 100, 1, 0, 3
17, 100, 1, 0, 3
17, 100, 1, 0, 3
17, 100, 1, 0, 3
17, 100, 1, 0, 3
17, 100, 1, 0, 3
17, 100, 1, 0, 3
17, 100, 1, 0, 3
17, 100, 1, 0, 3
17, 100, 1, 0, 3
17, 100, 1, 0, 3
17, 100, 1, 0, 3
17, 100, 1, 0, 3
17, 100, 1, 0, 3
17, 100, 1, 0, 3
17, 100, 1, 0, 3
17, 100, 1, 0, 3
17, 100, 1, 0, 3
17, 100, 1, 0, 3
17, 100, 1, 0, 3
17, 100, 1, 0, 3
17, 100, 1, 0, 3
17, 100, 1, 0, 3
17, 100, 1, 0, 3
17, 100, 1, 0, 3
17, 100, 1, 0, 3
17, 100, 1, 0, 3
17, 100, 1, 0, 3
17, 100, 1, 0, 3
17, 100, 1, 0, 3
17, 100, 1, 0, 3
17, 100, 1, 0, 3
17, 100, 1, 0, 3
17, 100, 1, 0, 3
17, 100, 1, 0, 3
17, 100, 1, 0, 3
17, 100, 1, 0, 3
17, 100, 1, 0, 3
17, 100, 1, 0, 3
17, 100, 1, 0, 3
17, 100, 1, 0, 3
17, 100, 1, 0, 3
17, 100, 1, 0, 3
17, 100, 1, 0, 3
17, 100, 1, 0, 3
17, 100, 1, 0, 3
17, 100, 1, 0, 3
17, 100, 1, 0, 3
17, 100, 1, 0, 3
17, 100, 1, 0, 3
17, 3, 2, 5, 2
17, 3, 2, 5, 2
17, 3, 2, 5, 2
17, 3, 3, 5, 2
17, 3, 3, 5, 2
17, 3, 3, 5, 2
17, 3, 4, 5, 2
17, 3, 4, 5, 2
17, 3, 4, 5, 2
18, 3, 0, 2, 2
18, 3, 0, 3, 2
18, 3, 0, 4, 2
18, 100, 1, 0, 3
18, 100, 1, 0, 3
18, 100, 1, 0, 3
18, 100, 1, 0, 3
18, 100, 1, 0, 3
18, 100, 1, 0, 3
18, 100, 1, 0, 3
18, 100, 1, 0, 3
18, 100, 1, 0, 3
18, 100, 1, 0, 3
18, 100, 1, 0, 3
18, 100, 1, 0, 3
18, 100, 1, 0, 3
18, 100, 1, 0, 3
18, 100, 1, 0, 3
18, 100, 1, 0, 3
18, 100, 1, 0, 3
18, 100, 1, 0, 3
18, 100, 1, 0, 3
18, 100, 1, 0, 3
18, 100, 1, 0, 3
18, 100, 1, 0, 3
18, 100, 1, 0, 3
18, 100, 1, 0, 3
18, 100, 1, 0, 3
18, 100, 1, 0, 3
18, 100, 1, 0, 3
18, 100, 1, 0, 3
18, 100, 1, 0, 3
18, 100, 1, 0, 3
18, 100, 1, 0, 3
18, 100, 1, 0, 3
18, 100, 1, 0, 3
18, 100, 1, 0, 3
18, 100, 1, 0, 3
18, 100, 1, 0, 3
18, 100, 1, 0, 3
18, 100, 1, 0, 3
18, 100, 1, 0, 3
18, 100, 1, 0, 3
18, 100, 1, 0, 3
18, 100, 1, 0, 3
18, 100, 1, 0, 3
18, 100, 1, 0, 3
18, 100, 1, 0, 3
18, 100, 1, 0, 3
18, 100, 1, 0, 3
18, 100, 1, 0, 3
18, 100, 1, 0, 3
18, 100, 1, 0, 3
18, 100, 1, 0, 3
18, 100, 1, 0, 3
18, 100, 1, 0, 3
18, 100, 1, 0, 3
18, 100, 1, 0, 3
18, 100, 1, 0, 3
18, 100, 1, 0, 3
18, 100, 1, 0, 3
18, 100, 1, 0, 3
18, 100, 1, 0, 3
18, 100, 1, 0, 3
18, 100, 1, 0, 3
18, 100, 1, 0, 3
18, 100, 1, 0, 3
18, 100, 1, 0, 3
18, 100, 1, 0, 3
18, 100, 1, 0, 3
18, 100, 1, 0, 3
18, 100, 1, 0, 3
18, 100, 1, 0, 3
18, 100, 1, 0, 3
18, 100, 1, 0, 3
18, 100, 1, 0, 3
18, 100, 1, 0, 3
18, 100, 1, 0, 3
18, 100, 1, 0, 3
18, 100, 1, 0, 3
18, 100, 1, 0, 3
18, 100, 1, 0, 3
18, 100, 1, 0, 3
18, 100, 1, 0, 3
18, 100, 1, 0, 3
18, 100, 1, 0, 3
18, 100, 1, 0, 3
18, 100, 1, 0, 3
18, 100, 1, 0, 3
18, 100, 1, 0, 3
18, 100, 1, 0, 3
18, 100, 1, 0, 3
18, 100, 1, 0, 3
18, 100, 1, 0, 3
18, 100, 1, 0, 3
18, 100, 1, 0, 3
18, 100, 1, 0, 3
18, 100, 1, 0, 3
18, 100, 1, 0, 3
18, 100, 1, 0, 3
18, 100, 1, 0, 3
18, 100, 1, 0, 3
18, 100, 1, 0, 3
18, 3, 2, 5, 2
18, 3, 2, 5, 2
18, 3, 2, 5, 2
18, 3, 3, 5, 2
18, 3, 3, 5, 2
18, 3, 3, 5, 2
18, 3, 4, 5, 2
18, 3, 4, 5, 2
18, 3, 4, 5, 2
19, 130, 0, 1, 3
19, 130, 0, 1, 3
19, 130, 0, 1, 3
19, 130, 0, 1, 3
19, 130, 0, 1, 3
19, 130, 0, 1, 3
19, 130, 0, 1, 3
19, 130, 0, 1, 3
19, 130, 0, 1, 3
19, 130, 0, 1, 3
19, 130, 0, 1, 3
19, 130, 0, 1, 3
19, 130, 0, 1, 3
19, 130, 0, 1, 3
19, 130, 0, 1, 3
19, 130, 0, 1, 3
19, 130, 0, 1, 3
19, 130, 0, 1, 3
19, 130, 0, 1, 3
19, 130, 0, 1, 3
19, 130, 0, 1, 3
19, 130, 0, 1, 3
19, 130, 0, 1, 3
19, 130, 0, 1, 3
19, 130, 0, 1, 3
19, 130, 0, 1, 3
19, 130, 0, 1, 3
19, 130, 0, 1, 3
19, 130, 0, 1, 3
19, 130, 0, 1, 3
19, 130, 0, 1, 3
19, 130, 0, 1, 3
19, 130, 0, 1, 3
19, 130, 0, 1, 3
19, 130, 0, 1, 3
19, 130, 0, 1, 3
19, 130, 0, 1, 3
19, 130, 0, 1, 3
19, 130, 0, 1, 3
19, 130, 0, 1, 3
19, 130, 0, 1, 3
19, 130, 0, 1, 3
19, 130, 0, 1, 3
19, 130, 0, 1, 3
19, 130, 0, 1, 3
19, 130, 0, 1, 3
19, 130, 0, 1, 3
19, 130, 0, 1, 3
19, 130, 0, 1, 3
19, 130, 0, 1, 3
19, 130, 0, 1, 3
19, 130, 0, 1, 3
19, 130, 0, 1, 3
19, 130, 0, 1, 3
19, 130, 0, 1, 3
19, 130, 0, 1, 3
19, 130, 0, 1, 3
19, 130, 0, 1, 3
19, 130, 0, 1, 3
19, 130, 0, 1, 3
19, 130, 0, 1, 3
19, 130, 0, 1, 3
19, 130, 0, 1, 3
19, 130, 0, 1, 3
19, 130, 0, 1, 3
19, 130, 0, 1, 3
19, 130, 0, 1, 3
19, 130, 0, 1, 3
19, 130, 0, 1, 3
19, 130, 0, 1, 3
19, 130, 0, 1, 3
19, 130, 0, 1, 3
19, 130, 0, 1, 3
19, 130, 0, 1, 3
19, 130, 0, 1, 3
19, 130, 0, 1, 3
19, 130, 0, 1, 3
19, 130, 0, 1, 3
19, 130, 0, 1, 3
19, 130, 0, 1, 3
19, 130, 0, 1, 3
19, 130, 0, 1, 3
19, 130, 0, 1, 3
19, 130, 0, 1, 3
19, 130, 0, 1, 3
19, 130, 0, 1, 3
19, 130, 0, 1, 3
19, 130, 0, 1, 3
19, 130, 0, 1, 3
19, 130, 0, 1, 3
19, 130, 0, 1, 3
19, 130, 0, 1, 3
19, 130, 0, 1, 3
19, 130, 0, 1, 3
19, 130, 0, 1, 3
19, 130, 0, 1, 3
19, 130, 0, 1, 3
19, 130, 0, 1, 3
19, 130, 0, 1, 3
19, 130, 0, 1, 3
19, 130, 0, 1, 3
19, 130, 0, 1, 3
19, 130, 0, 1, 3
19, 130, 0, 1, 3
19, 130, 0, 1, 3
19, 130, 0, 1, 3
19, 130, 0, 1, 3
19, 130, 0, 1, 3
19, 130, 0, 1, 3
19, 130, 0, 1, 3
19, 130, 0, 1, 3
19, 130, 0, 1, 3
19, 130, 0, 1, 3
19, 130, 0, 1, 3
19, 130, 0, 1, 3
19, 130, 0, 1, 3
19, 130, 0, 1, 3
19, 130, 0, 1, 3
19, 130, 0, 1, 3
19, 130, 0, 1, 3
19, 130, 0, 1, 3
19, 130, 0, 1, 3
19, 130, 0, 1, 3
19, 130, 0, 1, 3
19, 130, 0, 1, 3
19, 130, 0, 1, 3
19, 130, 0, 1, 3
19, 130, 0, 1, 3
19, 130, 0, 1, 3
19, 130, 0, 1, 3
20, 130, 0, 1, 3
20, 130, 0, 1, 3
20, 130, 0, 1, 3
20, 130, 0, 1, 3
20, 130, 0, 1, 3
20, 130, 0, 1, 3
20, 130, 0, 1, 3
20, 130, 0, 1, 3
20, 130, 0, 1, 3
20, 130, 0, 1, 3
20, 130, 0, 1, 3
20, 130, 0, 1, 3
20, 130, 0, 1, 3
20, 130, 0, 1, 3
20, 130, 0, 1, 3
20, 130, 0, 1, 3
20, 130, 0, 1, 3
20, 130, 0, 1, 3
20, 130, 0, 1, 3
20, 130, 0, 1, 3
20, 130, 0, 1, 3
20, 130, 0, 1, 3
20, 130, 0, 1, 3
20, 130, 0, 1, 3
20, 130, 0, 1, 3
20, 130, 0, 1, 3
20, 130, 0, 1, 3
20, 130, 0, 1, 3
20, 130, 0, 1, 3
20, 130, 0, 1, 3
20, 130, 0, 1, 3
20, 130, 0, 1, 3
20, 130, 0, 1, 3
20, 130, 0, 1, 3
20, 130, 0, 1, 3
20, 130, 0, 1, 3
20, 130, 0, 1, 3
20, 130, 0, 1, 3
20, 130, 0, 1, 3
20, 130, 0, 1, 3
20, 130, 0, 1, 3
20, 130, 0, 1, 3
20, 130, 0, 1, 3
20, 130, 0, 1, 3
20, 130, 0, 1, 3
20, 130, 0, 1, 3
20, 130, 0, 1, 3
20, 130, 0, 1, 3
20, 130, 0, 1, 3
20, 130, 0, 1, 3
20, 130, 0, 1, 3
20, 130, 0, 1, 3
20, 130, 0, 1, 3
20, 130, 0, 1, 3
20, 130, 0, 1, 3
20, 130, 0, 1, 3
20, 130, 0, 1, 3
20, 130, 0, 1, 3
20, 130, 0, 1, 3
20, 130, 0, 1, 3
20, 130, 0, 1, 3
20, 130, 0, 1, 3
20, 130, 0, 1, 3
20, 130, 0, 1, 3
20, 130, 0, 1, 3
20, 130, 0, 1, 3
20, 130, 0, 1, 3
20, 130, 0, 1, 3
20, 130, 0, 1, 3
20, 130, 0, 1, 3
20, 130, 0, 1, 3
20, 130, 0, 1, 3
20, 130, 0, 1, 3
20, 130, 0, 1, 3
20, 130, 0, 1, 3
20, 130, 0, 1, 3
20, 130, 0, 1, 3
20, 130, 0, 1, 3
20, 130, 0, 1, 3
20, 130, 0, 1, 3
20, 130, 0, 1, 3
20, 130, 0, 1, 3
20, 130, 0, 1, 3
20, 130, 0, 1, 3
20, 130, 0, 1, 3
20, 130, 0, 1, 3
20, 130, 0, 1, 3
20, 130, 0, 1, 3
20, 130, 0, 1, 3
20, 130, 0, 1, 3
20, 130, 0, 1, 3
20, 130, 0, 1, 3
20, 130, 0, 1, 3
20, 130, 0, 1, 3
20, 130, 0, 1, 3
20, 130, 0, 1, 3
20, 130, 0, 1, 3
20, 130, 0, 1, 3
20, 130, 0, 1, 3
20, 130, 0, 1, 3
20, 130, 0, 1, 3
20, 130, 0, 1, 3
20, 130, 0, 1, 3
20, 130, 0, 1, 3
20, 130, 0, 1, 3
20, 130, 0, 1, 3
20, 130, 0, 1, 3
20, 130, 0, 1, 3
20, 130, 0, 1, 3
20, 130, 0, 1, 3
20, 130, 0, 1, 3
20, 130, 0, 1, 3
20, 130, 0, 1, 3
20, 130, 0, 1, 3
20, 130, 0, 1, 3
20, 130, 0, 1, 3
20, 130, 0, 1, 3
20, 130, 0, 1, 3
20, 130, 0, 1, 3
20, 130, 0, 1, 3
20, 130, 0, 1, 3
20, 130, 0, 1, 3
20, 130, 0, 1, 3
20, 130, 0, 1, 3
20, 130, 0, 1, 3
20, 130, 0, 1, 3
20, 130, 0, 1, 3
20, 130, 0, 1, 3
20, 130, 0, 1, 3
20, 130, 0, 1, 3
21, 3, 0, 2, 2
21, 3, 0, 3, 2
21, 3, 0, 4, 2
21, 100, 1, 0, 3
21, 100, 1, 0, 3
21, 100, 1, 0, 3
21, 100, 1, 0, 3
21, 100, 1, 0, 3
21, 100, 1, 0, 3
21, 100, 1, 0, 3
21, 100, 1, 0, 3
21, 100, 1, 0, 3
21, 100, 1, 0, 3
21, 100, 1, 0, 3
21, 100, 1, 0, 3
21, 100, 1, 0, 3
21, 100, 1, 0, 3
21, 100, 1, 0, 3
21, 100, 1, 0, 3
21, 100, 1, 0, 3
21, 100, 1, 0, 3
21, 100, 1, 0, 3
21, 100, 1, 0, 3
21, 100, 1, 0, 3
21, 100, 1, 0, 3
21, 100, 1, 0, 3
21, 100, 1, 0, 3
21, 100, 1, 0, 3
21, 100, 1, 0, 3
21, 100, 1, 0, 3
21, 100, 1, 0, 3
21, 100, 1, 0, 3
21, 100, 1, 0, 3
21, 100, 1, 0, 3
21, 100, 1, 0, 3
21, 100, 1, 0, 3
21, 100, 1, 0, 3
21, 100, 1, 0, 3
21, 100, 1, 0, 3
21, 100, 1, 0, 3
21, 100, 1, 0, 3
21, 100, 1, 0, 3
21, 100, 1, 0, 3
21, 100, 1, 0, 3
21, 100, 1, 0, 3
21, 100, 1, 0, 3
21, 100, 1, 0, 3
21, 100, 1, 0, 3
21, 100, 1, 0, 3
21, 100, 1, 0, 3
21, 100, 1, 0, 3
21, 100, 1, 0, 3
21, 100, 1, 0, 3
21, 100, 1, 0, 3
21, 100, 1, 0, 3
21, 100, 1, 0, 3
21, 100, 1, 0, 3
21, 100, 1, 0, 3
21, 100, 1, 0, 3
21, 100, 1, 0, 3
21, 100, 1, 0, 3
21, 100, 1, 0, 3
21, 100, 1, 0, 3
21, 100, 1, 0, 3
21, 100, 1, 0, 3
21, 100, 1, 0, 3
21, 100, 1, 0, 3
21, 100, 1, 0, 3
21, 100, 1, 0, 3
21, 100, 1, 0, 3
21, 100, 1, 0, 3
21, 100, 1, 0, 3
21, 100, 1, 0, 3
21, 100, 1, 0, 3
21, 100, 1, 0, 3
21, 100, 1, 0, 3
21, 100, 1, 0, 3
21, 100, 1, 0, 3
21, 100, 1, 0, 3
21, 100, 1, 0, 3
21, 100, 1, 0, 3
21, 100, 1, 0, 3
21, 100, 1, 0, 3
21, 100, 1, 0, 3
21, 100, 1, 0, 3
21, 100, 1, 0, 3
21, 100, 1, 0, 3
21, 100, 1, 0, 3
21, 100, 1, 0, 3
21, 100, 1, 0, 3
21, 100, 1, 0, 3
21, 100, 1, 0, 3
21, 100, 1, 0, 3
21, 100, 1, 0, 3
21, 100, 1, 0, 3
21, 100, 1, 0, 3
21, 100, 1, 0, 3
21, 100, 1, 0, 3
21, 100, 1, 0, 3
21, 100, 1, 0, 3
21, 100, 1, 0, 3
21, 100, 1, 0, 3
21, 100, 1, 0, 3
21, 3, 2, 5, 2
21, 3, 2, 5, 2
21, 3, 2, 5, 2
21, 3, 3, 5, 2
21, 3, 3, 5, 2
21, 3, 3, 5, 2
21, 3, 4, 5, 2
21, 3, 4, 5, 2
21, 3, 4, 5, 2
22, 130, 0, 1, 3
22, 130, 0, 1, 3
22, 130, 0, 1, 3
22, 130, 0, 1, 3
22, 130, 0, 1, 3
22, 130, 0, 1, 3
22, 130, 0, 1, 3
22, 130, 0, 1, 3
22, 130, 0, 1, 3
22, 130, 0, 1, 3
22, 130, 0, 1, 3
22, 130, 0, 1, 3
22, 130, 0, 1, 3
22, 130, 0, 1, 3
22, 130, 0, 1, 3
22, 130, 0, 1, 3
22, 130, 0, 1, 3
22, 130, 0, 1, 3
22, 130, 0, 1, 3
22, 130, 0, 1, 3
22, 130, 0, 1, 3
22, 130, 0, 1, 3
22, 130, 0, 1, 3
22, 130, 0, 1, 3
22, 130, 0, 1, 3
22, 130, 0, 1, 3
22, 130, 0, 1, 3
22, 130, 0, 1, 3
22, 130, 0, 1, 3
22, 130, 0, 1, 3
22, 130, 0, 1, 3
22, 130, 0, 1, 3
22, 130, 0, 1, 3
22, 130, 0, 1, 3
22, 130, 0, 1, 3
22, 130, 0, 1, 3
22, 130, 0, 1, 3
22, 130, 0, 1, 3
22, 130, 0, 1, 3
22, 130, 0, 1, 3
22, 130, 0, 1, 3
22, 130, 0, 1, 3
22, 130, 0, 1, 3
22, 130, 0, 1, 3
22, 130, 0, 1, 3
22, 130, 0, 1, 3
22, 130, 0, 1, 3
22, 130, 0, 1, 3
22, 130, 0, 1, 3
22, 130, 0, 1, 3
22, 130, 0, 1, 3
22, 130, 0, 1, 3
22, 130, 0, 1, 3
22, 130, 0, 1, 3
22, 130, 0, 1, 3
22, 130, 0, 1, 3
22, 130, 0, 1, 3
22, 130, 0, 1, 3
22, 130, 0, 1, 3
22, 130, 0, 1, 3
22, 130, 0, 1, 3
22, 130, 0, 1, 3
22, 130, 0, 1, 3
22, 130, 0, 1, 3
22, 130, 0, 1, 3
22, 130, 0, 1, 3
22, 130, 0, 1, 3
22, 130, 0, 1, 3
22, 130, 0, 1, 3
22, 130, 0, 1, 3
22, 130, 0, 1, 3
22, 130, 0, 1, 3
22, 130, 0, 1, 3
22, 130, 0, 1, 3
22, 130, 0, 1, 3
22, 130, 0, 1, 3
22, 130, 0, 1, 3
22, 130, 0, 1, 3
22, 130, 0, 1, 3
22, 130, 0, 1, 3
22, 130, 0, 1, 3
22, 130, 0, 1, 3
22, 130, 0, 1, 3
22, 130, 0, 1, 3
22, 130, 0, 1, 3
22, 130, 0, 1, 3
22, 130, 0, 1, 3
22, 130, 0, 1, 3
22, 130, 0, 1, 3
22, 130, 0, 1, 3
22, 130, 0, 1, 3
22, 130, 0, 1, 3
22, 130, 0, 1, 3
22, 130, 0, 1, 3
22, 130, 0, 1, 3
22, 130, 0, 1, 3
22, 130, 0, 1, 3
22, 130, 0, 1, 3
22, 130, 0, 1, 3
22, 130, 0, 1, 3
22, 130, 0, 1, 3
22, 130, 0, 1, 3
22, 130, 0, 1, 3
22, 130, 0, 1, 3
22, 130, 0, 1, 3
22, 130, 0, 1, 3
22, 130, 0, 1, 3
22, 130, 0, 1, 3
22, 130, 0, 1, 3
22, 130, 0, 1, 3
22, 130, 0, 1, 3
22, 130, 0, 1, 3
22, 130, 0, 1, 3
22, 130, 0, 1, 3
22, 130, 0, 1, 3
22, 130, 0, 1, 3
22, 130, 0, 1, 3
22, 130, 0, 1, 3
22, 130, 0, 1, 3
22, 130, 0, 1, 3
22, 130, 0, 1, 3
22, 130, 0, 1, 3
22, 130, 0, 1, 3
22, 130, 0, 1, 3
22, 130, 0, 1, 3
22, 130, 0, 1, 3
22, 130, 0, 1, 3
22, 130, 0, 1, 3
22, 130, 0, 1, 3
22, 130, 0, 1, 3
23, 130, 0, 1, 3
23, 130, 0, 1, 3
23, 130, 0, 1, 3
23, 130, 0, 1, 3
23, 130, 0, 1, 3
23, 130, 0, 1, 3
23, 130, 0, 1, 3
23, 130, 0, 1, 3
23, 130, 0, 1, 3
23, 130, 0, 1, 3
23, 130, 0, 1, 3
23, 130, 0, 1, 3
23, 130, 0, 1, 3
23, 130, 0, 1, 3
23, 130, 0, 1, 3
23, 130, 0, 1, 3
23, 130, 0, 1, 3
23, 130, 0, 1, 3
23, 130, 0, 1, 3
23, 130, 0, 1, 3
23, 130, 0, 1, 3
23, 130, 0, 1, 3
23, 130, 0, 1, 3
23, 130, 0, 1, 3
23, 130, 0, 1, 3
23, 130, 0, 1, 3
23, 130, 0, 1, 3
23, 130, 0, 1, 3
23, 130, 0, 1, 3
23, 130, 0, 1, 3
23, 130, 0, 1, 3
23, 130, 0, 1, 3
23, 130, 0, 1, 3
23, 130, 0, 1, 3
23, 130, 0, 1, 3
23, 130, 0, 1, 3
23, 130, 0, 1, 3
23, 130, 0, 1, 3
23, 130, 0, 1, 3
23, 130, 0, 1, 3
23, 130, 0, 1, 3
23, 130, 0, 1, 3
23, 130, 0, 1, 3
23, 130, 0, 1, 3
23, 130, 0, 1, 3
23, 130, 0, 1, 3
23, 130, 0, 1, 3
23, 130, 0, 1, 3
23, 130, 0, 1, 3
23, 130, 0, 1, 3
23, 130, 0, 1, 3
23, 130, 0, 1, 3
23, 130, 0, 1, 3
23, 130, 0, 1, 3
23, 130, 0, 1, 3
23, 130, 0, 1, 3
23, 130, 0, 1, 3
23, 130, 0, 1, 3
23, 130, 0, 1, 3
23, 130, 0, 1, 3
23, 130, 0, 1, 3
23, 130, 0, 1, 3
23, 130, 0, 1, 3
23, 130, 0, 1, 3
23, 130, 0, 1, 3
23, 130, 0, 1, 3
23, 130, 0, 1, 3
23, 130, 0, 1, 3
23, 130, 0, 1, 3
23, 130, 0, 1, 3
23, 130, 0, 1, 3
23, 130, 0, 1, 3
23, 130, 0, 1, 3
23, 130, 0, 1, 3
23, 130, 0, 1, 3
23, 130, 0, 1, 3
23, 130, 0, 1, 3
23, 130, 0, 1, 3
23, 130, 0, 1, 3
23, 130, 0, 1, 3
23, 130, 0, 1, 3
23, 130, 0, 1, 3
23, 130, 0, 1, 3
23, 130, 0, 1, 3
23, 130, 0, 1, 3
23, 130, 0, 1, 3
23, 130, 0, 1, 3
23, 130, 0, 1, 3
23, 130, 0, 1, 3
23, 130, 0, 1, 3
23, 130, 0, 1, 3
23, 130, 0, 1, 3
23, 130, 0, 1, 3
23, 130, 0, 1, 3
23, 130, 0, 1, 3
23, 130, 0, 1, 3
23, 130, 0, 1, 3
23, 130, 0, 1, 3
23, 130, 0, 1, 3
23, 130, 0, 1, 3
23, 130, 0, 1, 3
23, 130, 0, 1, 3
23, 130, 0, 1, 3
23, 130, 0, 1, 3
23, 130, 0, 1, 3
23, 130, 0, 1, 3
23, 130, 0, 1, 3
23, 130, 0, 1, 3
23, 130, 0, 1, 3
23, 130, 0, 1, 3
23, 130, 0, 1, 3
23, 130, 0, 1, 3
23, 130, 0, 1, 3
23, 130, 0, 1, 3
23, 130, 0, 1, 3
23, 130, 0, 1, 3
23, 130, 0, 1, 3
23, 130, 0, 1, 3
23, 130, 0, 1, 3
23, 130, 0, 1, 3
23, 130, 0, 1, 3
23, 130, 0, 1, 3
23, 130, 0, 1, 3
23, 130, 0, 1, 3
23, 130, 0, 1, 3
23, 130, 0, 1, 3
23, 130, 0, 1, 3
23, 130, 0, 1, 3
23, 130, 0, 1, 3
23, 130, 0, 1, 3
24, 3, 0, 2, 2
24, 3, 0, 3, 2
24, 3, 0, 4, 2
24, 100, 1, 0, 3
24, 100, 1, 0, 3
24, 100, 1, 0, 3
24, 100, 1, 0, 3
24, 100, 1, 0, 3
24, 100, 1, 0, 3
24, 100, 1, 0, 3
24, 100, 1, 0, 3
24, 100, 1, 0, 3
24, 100, 1, 0, 3
24, 100, 1, 0, 3
24, 100, 1, 0, 3
24, 100, 1, 0, 3
24, 100, 1, 0, 3
24, 100, 1, 0, 3
24, 100, 1, 0, 3
24, 100, 1, 0, 3
24, 100, 1, 0, 3
24, 100, 1, 0, 3
24, 100, 1, 0, 3
24, 100, 1, 0, 3
24, 100, 1, 0, 3
24, 100, 1, 0, 3
24, 100, 1, 0, 3
24, 100, 1, 0, 3
24, 100, 1, 0, 3
24, 100, 1, 0, 3
24, 100, 1, 0, 3
24, 100, 1, 0, 3
24, 100, 1, 0, 3
24, 100, 1, 0, 3
24, 100, 1, 0, 3
24, 100, 1, 0, 3
24, 100, 1, 0, 3
24, 100, 1, 0, 3
24, 100, 1, 0, 3
24, 100, 1, 0, 3
24, 100, 1, 0, 3
24, 100, 1, 0, 3
24, 100, 1, 0, 3
24, 100, 1, 0, 3
24, 100, 1, 0, 3
24, 100, 1, 0, 3
24, 100, 1, 0, 3
24, 100, 1, 0, 3
24, 100, 1, 0, 3
24, 100, 1, 0, 3
24, 100, 1, 0, 3
24, 100, 1, 0, 3
24, 100, 1, 0, 3
24, 100, 1, 0, 3
24, 100, 1, 0, 3
24, 100, 1, 0, 3
24, 100, 1, 0, 3
24, 100, 1, 0, 3
24, 100, 1, 0, 3
24, 100, 1, 0, 3
24, 100, 1, 0, 3
24, 100, 1, 0, 3
24, 100, 1, 0, 3
24, 100, 1, 0, 3
24, 100, 1, 0, 3
24, 100, 1, 0, 3
24, 100, 1, 0, 3
24, 100, 1, 0, 3
24, 100, 1, 0, 3
24, 100, 1, 0, 3
24, 100, 1, 0, 3
24, 100, 1, 0, 3
24, 100, 1, 0, 3
24, 100, 1, 0, 3
24, 100, 1, 0, 3
24, 100, 1, 0, 3
24, 100, 1, 0, 3
24, 100, 1, 0, 3
24, 100, 1, 0, 3
24, 100, 1, 0, 3
24, 100, 1, 0, 3
24, 100, 1, 0, 3
24, 100, 1, 0, 3
24, 100, 1, 0, 3
24, 100, 1, 0, 3
24, 100, 1, 0, 3
24, 100, 1, 0, 3
24, 100, 1, 0, 3
24, 100, 1, 0, 3
24, 100, 1, 0, 3
24, 100, 1, 0, 3
24, 100, 1, 0, 3
24, 100, 1, 0, 3
24, 100, 1, 0, 3
24, 100, 1, 0, 3
24, 100, 1, 0, 3
24, 100, 1, 0, 3
24, 100, 1, 0, 3
24, 100, 1, 0, 3
24, 100, 1, 0, 3
24, 100, 1, 0, 3
24, 100, 1, 0, 3
24, 100, 1, 0, 3
24, 3, 2, 5, 2
24, 3, 2, 5, 2
24, 3, 2, 5, 2
24, 3, 3, 5, 2
24, 3, 3, 5, 2
24, 3, 3, 5, 2
24, 3, 4, 5, 2
24, 3, 4, 5, 2
24, 3, 4, 5, 2
25, 130, 0, 1, 3
25, 130, 0, 1, 3
25, 130, 0, 1, 3
25, 130, 0, 1, 3
25, 130, 0, 1, 3
25, 130, 0, 1, 3
25, 130, 0, 1, 3
25, 130, 0, 1, 3
25, 130, 0, 1, 3
25, 130, 0, 1, 3
25, 130, 0, 1, 3
25, 130, 0, 1, 3
25, 130, 0, 1, 3
25, 130, 0, 1, 3
25, 130, 0, 1, 3
25, 130, 0, 1, 3
25, 130, 0, 1, 3
25, 130, 0, 1, 3
25, 130, 0, 1, 3
25, 130, 0, 1, 3
25, 130, 0, 1, 3
25, 130, 0, 1, 3
25, 130, 0, 1, 3
25, 130, 0, 1, 3
25, 130, 0, 1, 3
25, 130, 0, 1, 3
25, 130, 0, 1, 3
25, 130, 0, 1, 3
25, 130, 0, 1, 3
25, 130, 0, 1, 3
25, 130, 0, 1, 3
25, 130, 0, 1, 3
25, 130, 0, 1, 3
25, 130, 0, 1, 3
25, 130, 0, 1, 3
25, 130, 0, 1, 3
25, 130, 0, 1, 3
25, 130, 0, 1, 3
25, 130, 0, 1, 3
25, 130, 0, 1, 3
25, 130, 0, 1, 3
25, 130, 0, 1, 3
25, 130, 0, 1, 3
25, 130, 0, 1, 3
25, 130, 0, 1, 3
25, 130, 0, 1, 3
25, 130, 0, 1, 3
25, 130, 0, 1, 3
25, 130, 0, 1, 3
25, 130, 0, 1, 3
25, 130, 0, 1, 3
25, 130, 0, 1, 3
25, 130, 0, 1, 3
25, 130, 0, 1, 3
25, 130, 0, 1, 3
25, 130, 0, 1, 3
25, 130, 0, 1, 3
25, 130, 0, 1, 3
25, 130, 0, 1, 3
25, 130, 0, 1, 3
25, 130, 0, 1, 3
25, 130, 0, 1, 3
25, 130, 0, 1, 3
25, 130, 0, 1, 3
25, 130, 0, 1, 3
25, 130, 0, 1, 3
25, 130, 0, 1, 3
25, 130, 0, 1, 3
25, 130, 0, 1, 3
25, 130, 0, 1, 3
25, 130, 0, 1, 3
25, 130, 0, 1, 3
25, 130, 0, 1, 3
25, 130, 0, 1, 3
25, 130, 0, 1, 3
25, 130, 0, 1, 3
25, 130, 0, 1, 3
25, 130, 0, 1, 3
25, 130, 0, 1, 3
25, 130, 0, 1, 3
25, 130, 0, 1, 3
25, 130, 0, 1, 3
25, 130, 0, 1, 3
25, 130, 0, 1, 3
25, 130, 0, 1, 3
25, 130, 0, 1, 3
25, 130, 0, 1, 3
25, 130, 0, 1, 3
25, 130, 0, 1, 3
25, 130, 0, 1, 3
25, 130, 0, 1, 3
25, 130, 0, 1, 3
25, 130, 0, 1, 3
25, 130, 0, 1, 3
25, 130, 0, 1, 3
25, 130, 0, 1, 3
25, 130, 0, 1, 3
25, 130, 0, 1, 3
25, 130, 0, 1, 3
25, 130, 0, 1, 3
25, 130, 0, 1, 3
25, 130, 0, 1, 3
25, 130, 0, 1, 3
25, 130, 0, 1, 3
25, 130, 0, 1, 3
25, 130, 0, 1, 3
25, 130, 0, 1, 3
25, 130, 0, 1, 3
25, 130, 0, 1, 3
25, 130, 0, 1, 3
25, 130, 0, 1, 3
25, 130, 0, 1, 3
25, 130, 0, 1, 3
25, 130, 0, 1, 3
25, 130, 0, 1, 3
25, 130, 0, 1, 3
25, 130, 0, 1, 3
25, 130, 0, 1, 3
25, 130, 0, 1, 3
25, 130, 0, 1, 3
25, 130, 0, 1, 3
25, 130, 0, 1, 3
25, 130, 0, 1, 3
25, 130, 0, 1, 3
25, 130, 0, 1, 3
25, 130, 0, 1, 3
25, 130, 0, 1, 3
25, 130, 0, 1, 3
25, 130, 0, 1, 3
25, 130, 0, 1, 3
26, 130, 0, 1, 3
26, 130, 0, 1, 3
26, 130, 0, 1, 3
26, 130, 0, 1, 3
26, 130, 0, 1, 3
26, 130, 0, 1, 3
26, 130, 0, 1, 3
26, 130, 0, 1, 3
26, 130, 0, 1, 3
26, 130, 0, 1, 3
26, 130, 0, 1, 3
26, 130, 0, 1, 3
26, 130, 0, 1, 3
26, 130, 0, 1, 3
26, 130, 0, 1, 3
26, 130, 0, 1, 3
26, 130, 0, 1, 3
26, 130, 0, 1, 3
26, 130, 0, 1, 3
26, 130, 0, 1, 3
26, 130, 0, 1, 3
26, 130, 0, 1, 3
26, 130, 0, 1, 3
26, 130, 0, 1, 3
26, 130, 0, 1, 3
26, 130, 0, 1, 3
26, 130, 0, 1, 3
26, 130, 0, 1, 3
26, 130, 0, 1, 3
26, 130, 0, 1, 3
26, 130, 0, 1, 3
26, 130, 0, 1, 3
26, 130, 0, 1, 3
26, 130, 0, 1, 3
26, 130, 0, 1, 3
26, 130, 0, 1, 3
26, 130, 0, 1, 3
26, 130, 0, 1, 3
26, 130, 0, 1, 3
26, 130, 0, 1, 3
26, 130, 0, 1, 3
26, 130, 0, 1, 3
26, 130, 0, 1, 3
26, 130, 0, 1, 3
26, 130, 0, 1, 3
26, 130, 0, 1, 3
26, 130, 0, 1, 3
26, 130, 0, 1, 3
26, 130, 0, 1, 3
26, 130, 0, 1, 3
26, 130, 0, 1, 3
26, 130, 0, 1, 3
26, 130, 0, 1, 3
26, 130, 0, 1, 3
26, 130, 0, 1, 3
26, 130, 0, 1, 3
26, 130, 0, 1, 3
26, 130, 0, 1, 3
26, 130, 0, 1, 3
26, 130, 0, 1, 3
26, 130, 0, 1, 3
26, 130, 0, 1, 3
26, 130, 0, 1, 3
26, 130, 0, 1, 3
26, 130, 0, 1, 3
26, 130, 0, 1, 3
26, 130, 0, 1, 3
26, 130, 0, 1, 3
26, 130, 0, 1, 3
26, 130, 0, 1, 3
26, 130, 0, 1, 3
26, 130, 0, 1, 3
26, 130, 0, 1, 3
26, 130, 0, 1, 3
26, 130, 0, 1, 3
26, 130, 0, 1, 3
26, 130, 0, 1, 3
26, 130, 0, 1, 3
26, 130, 0, 1, 3
26, 130, 0, 1, 3
26, 130, 0, 1, 3
26, 130, 0, 1, 3
26, 130, 0, 1, 3
26, 130, 0, 1, 3
26, 130, 0, 1, 3
26, 130, 0, 1, 3
26, 130, 0, 1, 3
26, 130, 0, 1, 3
26, 130, 0, 1, 3
26, 130, 0, 1, 3
26, 130, 0, 1, 3
26, 130, 0, 1, 3
26, 130, 0, 1, 3
26, 130, 0, 1, 3
26, 130, 0, 1, 3
26, 130, 0, 1, 3
26, 130, 0, 1, 3
26, 130, 0, 1, 3
26, 130, 0, 1, 3
26, 130, 0, 1, 3
26, 130, 0, 1, 3
26, 130, 0, 1, 3
26, 130, 0, 1, 3
26, 130, 0, 1, 3
26, 130, 0, 1, 3
26, 130, 0, 1, 3
26, 130, 0, 1, 3
26, 130, 0, 1, 3
26, 130, 0, 1, 3
26, 130, 0, 1, 3
26, 130, 0, 1, 3
26, 130, 0, 1, 3
26, 130, 0, 1, 3
26, 130, 0, 1, 3
26, 130, 0, 1, 3
26, 130, 0, 1, 3
26, 130, 0, 1, 3
26, 130, 0, 1, 3
26, 130, 0, 1, 3
26, 130, 0, 1, 3
26, 130, 0, 1, 3
26, 130, 0, 1, 3
26, 130, 0, 1, 3
26, 130, 0, 1, 3
26, 130, 0, 1, 3
26, 130, 0, 1, 3
26, 130, 0, 1, 3
26, 130, 0, 1, 3
26, 130, 0, 1, 3
26, 130, 0, 1, 3
27, 130, 0, 1, 3
27, 130, 0, 1, 3
27, 130, 0, 1, 3
27, 130, 0, 1, 3
27, 130, 0, 1, 3
27, 130, 0, 1, 3
27, 130, 0, 1, 3
27, 130, 0, 1, 3
27, 130, 0, 1, 3
27, 130, 0, 1, 3
27, 130, 0, 1, 3
27, 130, 0, 1, 3
27, 130, 0, 1, 3
27, 130, 0, 1, 3
27, 130, 0, 1, 3
27, 130, 0, 1, 3
27, 130, 0, 1, 3
27, 130, 0, 1, 3
27, 130, 0, 1, 3
27, 130, 0, 1, 3
27, 130, 0, 1, 3
27, 130, 0, 1, 3
27, 130, 0, 1, 3
27, 130, 0, 1, 3
27, 130, 0, 1, 3
27, 130, 0, 1, 3
27, 130, 0, 1, 3
27, 130, 0, 1, 3
27, 130, 0, 1, 3
27, 130, 0, 1, 3
27, 130, 0, 1, 3
27, 130, 0, 1, 3
27, 130, 0, 1, 3
27, 130, 0, 1, 3
27, 130, 0, 1, 3
27, 130, 0, 1, 3
27, 130, 0, 1, 3
27, 130, 0, 1, 3
27, 130, 0, 1, 3
27, 130, 0, 1, 3
27, 130, 0, 1, 3
27, 130, 0, 1, 3
27, 130, 0, 1, 3
27, 130, 0, 1, 3
27, 130, 0, 1, 3
27, 130, 0, 1, 3
27, 130, 0, 1, 3
27, 130, 0, 1, 3
27, 130, 0, 1, 3
27, 130, 0, 1, 3
27, 130, 0, 1, 3
27, 130, 0, 1, 3
27, 130, 0, 1, 3
27, 130, 0, 1, 3
27, 130, 0, 1, 3
27, 130, 0, 1, 3
27, 130, 0, 1, 3
27, 130, 0, 1, 3
27, 130, 0, 1, 3
27, 130, 0, 1, 3
27, 130, 0, 1, 3
27, 130, 0, 1, 3
27, 130, 0, 1, 3
27, 130, 0, 1, 3
27, 130, 0, 1, 3
27, 130, 0, 1, 3
27, 130, 0, 1, 3
27, 130, 0, 1, 3
27, 130, 0, 1, 3
27, 130, 0, 1, 3
27, 130, 0, 1, 3
27, 130, 0, 1, 3
27, 130, 0, 1, 3
27, 130, 0, 1, 3
27, 130, 0, 1, 3
27, 130, 0, 1, 3
27, 130, 0, 1, 3
27, 130, 0, 1, 3
27, 130, 0, 1, 3
27, 130, 0, 1, 3
27, 130, 0, 1, 3
27, 130, 0, 1, 3
27, 130, 0, 1, 3
27, 130, 0, 1, 3
27, 130, 0, 1, 3
27, 130, 0, 1, 3
27, 130, 0, 1, 3
27, 130, 0, 1, 3
27, 130, 0, 1, 3
27, 130, 0, 1, 3
27, 130, 0, 1, 3
27, 130, 0, 1, 3
27, 130, 0, 1, 3
27, 130, 0, 1, 3
27, 130, 0, 1, 3
27, 130, 0, 1, 3
27, 130, 0, 1, 3
27, 130, 0, 1, 3
27, 130, 0, 1, 3
27, 130, 0, 1, 3
27, 130, 0, 1, 3
27, 130, 0, 1, 3
27, 130, 0, 1, 3
27, 130, 0, 1, 3
27, 130, 0, 1, 3
27, 130, 0, 1, 3
27, 130, 0, 1, 3
27, 130, 0, 1, 3
27, 130, 0, 1, 3
27, 130, 0, 1, 3
27, 130, 0, 1, 3
27, 130, 0, 1, 3
27, 130, 0, 1, 3
27, 130, 0, 1, 3
27, 130, 0, 1, 3
27, 130, 0, 1, 3
27, 130, 0, 1, 3
27, 130, 0, 1, 3
27, 130, 0, 1, 3
27, 130, 0, 1, 3
27, 130, 0, 1, 3
27, 130, 0, 1, 3
27, 130, 0, 1, 3
27, 130, 0, 1, 3
27, 130, 0, 1, 3
27, 130, 0, 1, 3
27, 130, 0, 1, 3
27, 130, 0, 1, 3
27, 130, 0, 1, 3
27, 130, 0, 1, 3
28, 130, 0, 1, 3
28, 130, 0, 1, 3
28, 130, 0, 1, 3
28, 130, 0, 1, 3
28, 130, 0, 1, 3
28, 130, 0, 1, 3
28, 130, 0, 1, 3
28, 130, 0, 1, 3
28, 130, 0, 1, 3
28, 130, 0, 1, 3
28, 130, 0, 1, 3
28, 130, 0, 1, 3
28, 130, 0, 1, 3
28, 130, 0, 1, 3
28, 130, 0, 1, 3
28, 130, 0, 1, 3
28, 130, 0, 1, 3
28, 130, 0, 1, 3
28, 130, 0, 1, 3
28, 130, 0, 1, 3
28, 130, 0, 1, 3
28, 130, 0, 1, 3
28, 130, 0, 1, 3
28, 130, 0, 1, 3
28, 130, 0, 1, 3
28, 130, 0, 1, 3
28, 130, 0, 1, 3
28, 130, 0, 1, 3
28, 130, 0, 1, 3
28, 130, 0, 1, 3
28, 130, 0, 1, 3
28, 130, 0, 1, 3
28, 130, 0, 1, 3
28, 130, 0, 1, 3
28, 130, 0, 1, 3
28, 130, 0, 1, 3
28, 130, 0, 1, 3
28, 130, 0, 1, 3
28, 130, 0, 1, 3
28, 130, 0, 1, 3
28, 130, 0, 1, 3
28, 130, 0, 1, 3
28, 130, 0, 1, 3
28, 130, 0, 1, 3
28, 130, 0, 1, 3
28, 130, 0, 1, 3
28, 130, 0, 1, 3
28, 130, 0, 1, 3
28, 130, 0, 1, 3
28, 130, 0, 1, 3
28, 130, 0, 1, 3
28, 130, 0, 1, 3
28, 130, 0, 1, 3
28, 130, 0, 1, 3
28, 130, 0, 1, 3
28, 130, 0, 1, 3
28, 130, 0, 1, 3
28, 130, 0, 1, 3
28, 130, 0, 1, 3
28, 130, 0, 1, 3
28, 130, 0, 1, 3
28, 130, 0, 1, 3
28, 130, 0, 1, 3
28, 130, 0, 1, 3
28, 130, 0, 1, 3
28, 130, 0, 1, 3
28, 130, 0, 1, 3
28, 130, 0, 1, 3
28, 130, 0, 1, 3
28, 130, 0, 1, 3
28, 130, 0, 1, 3
28, 130, 0, 1, 3
28, 130, 0, 1, 3
28, 130, 0, 1, 3
28, 130, 0, 1, 3
28, 130, 0, 1, 3
28, 130, 0, 1, 3
28, 130, 0, 1, 3
28, 130, 0, 1, 3
28, 130, 0, 1, 3
28, 130, 0, 1, 3
28, 130, 0, 1, 3
28, 130, 0, 1, 3
28, 130, 0, 1, 3
28, 130, 0, 1, 3
28, 130, 0, 1, 3
28, 130, 0, 1, 3
28, 130, 0, 1, 3
28, 130, 0, 1, 3
28, 130, 0, 1, 3
28, 130, 0, 1, 3
28, 130, 0, 1, 3
28, 130, 0, 1, 3
28, 130, 0, 1, 3
28, 130, 0, 1, 3
28, 130, 0, 1, 3
28, 130, 0, 1, 3
28, 130, 0, 1, 3
28, 130, 0, 1, 3
28, 130, 0, 1, 3
28, 130, 0, 1, 3
28, 130, 0, 1, 3
28, 130, 0, 1, 3
28, 130, 0, 1, 3
28, 130, 0, 1, 3
28, 130, 0, 1, 3
28, 130, 0, 1, 3
28, 130, 0, 1, 3
28, 130, 0, 1, 3
28, 130, 0, 1, 3
28, 130, 0, 1, 3
28, 130, 0, 1, 3
28, 130, 0, 1, 3
28, 130, 0, 1, 3
28, 130, 0, 1, 3
28, 130, 0, 1, 3
28, 130, 0, 1, 3
28, 130, 0, 1, 3
28, 130, 0, 1, 3
28, 130, 0, 1, 3
28, 130, 0, 1, 3
28, 130, 0, 1, 3
28, 130, 0, 1, 3
28, 130, 0, 1, 3
28, 130, 0, 1, 3
28, 130, 0, 1, 3
28, 130, 0, 1, 3
28, 130, 0, 1, 3
28, 130, 0, 1, 3
28, 130, 0, 1, 3
29, 3, 0, 2, 2
29, 3, 0, 3, 2
29, 3, 0, 4, 2
29, 100, 1, 0, 3
29, 100, 1, 0, 3
29, 100, 1, 0, 3
29, 100, 1, 0, 3
29, 100, 1, 0, 3
29, 100, 1, 0, 3
29, 100, 1, 0, 3
29, 100, 1, 0, 3
29, 100, 1, 0, 3
29, 100, 1, 0, 3
29, 100, 1, 0, 3
29, 100, 1, 0, 3
29, 100, 1, 0, 3
29, 100, 1, 0, 3
29, 100, 1, 0, 3
29, 100, 1, 0, 3
29, 100, 1, 0, 3
29, 100, 1, 0, 3
29, 100, 1, 0, 3
29, 100, 1, 0, 3
29, 100, 1, 0, 3
29, 100, 1, 0, 3
29, 100, 1, 0, 3
29, 100, 1, 0, 3
29, 100, 1, 0, 3
29, 100, 1, 0, 3
29, 100, 1, 0, 3
29, 100, 1, 0, 3
29, 100, 1, 0, 3
29, 100, 1, 0, 3
29, 100, 1, 0, 3
29, 100, 1, 0, 3
29, 100, 1, 0, 3
29, 100, 1, 0, 3
29, 100, 1, 0, 3
29, 100, 1, 0, 3
29, 100, 1, 0, 3
29, 100, 1, 0, 3
29, 100, 1, 0, 3
29, 100, 1, 0, 3
29, 100, 1, 0, 3
29, 100, 1, 0, 3
29, 100, 1, 0, 3
29, 100, 1, 0, 3
29, 100, 1, 0, 3
29, 100, 1, 0, 3
29, 100, 1, 0, 3
29, 100, 1, 0, 3
29, 100, 1, 0, 3
29, 100, 1, 0, 3
29, 100, 1, 0, 3
29, 100, 1, 0, 3
29, 100, 1, 0, 3
29, 100, 1, 0, 3
29, 100, 1, 0, 3
29, 100, 1, 0, 3
29, 100, 1, 0, 3
29, 100, 1, 0, 3
29, 100, 1, 0, 3
29, 100, 1, 0, 3
29, 100, 1, 0, 3
29, 100, 1, 0, 3
29, 100, 1, 0, 3
29, 100, 1, 0, 3
29, 100, 1, 0, 3
29, 100, 1, 0, 3
29, 100, 1, 0, 3
29, 100, 1, 0, 3
29, 100, 1, 0, 3
29, 100, 1, 0, 3
29, 100, 1, 0, 3
29, 100, 1, 0, 3
29, 100, 1, 0, 3
29, 100, 1, 0, 3
29, 100, 1, 0, 3
29, 100, 1, 0, 3
29, 100, 1, 0, 3
29, 100, 1, 0, 3
29, 100, 1, 0, 3
29, 100, 1, 0, 3
29, 100, 1, 0, 3
29, 100, 1, 0, 3
29, 100, 1, 0, 3
29, 100, 1, 0, 3
29, 100, 1, 0, 3
29, 100, 1, 0, 3
29, 100, 1, 0, 3
29, 100, 1, 0, 3
29, 100, 1, 0, 3
29, 100, 1, 0, 3
29, 100, 1, 0, 3
29, 100, 1, 0, 3
29, 100, 1, 0, 3
29, 100, 1, 0, 3
29, 100, 1, 0, 3
29, 100, 1, 0, 3
29, 100, 1, 0, 3
29, 100, 1, 0, 3
29, 100, 1, 0, 3
29, 100, 1, 0, 3
29, 3, 2, 5, 2
29, 3, 2, 5, 2
29, 3, 2, 5, 2
29, 3, 3, 5, 2
29, 3, 3, 5, 2
29, 3, 3, 5, 2
29, 3, 4, 5, 2
29, 3, 4, 5, 2
29, 3, 4, 5, 2
30, 130, 0, 1, 3
30, 130, 0, 1, 3
30, 130, 0, 1, 3
30, 130, 0, 1, 3
30, 130, 0, 1, 3
30, 130, 0, 1, 3
30, 130, 0, 1, 3
30, 130, 0, 1, 3
30, 130, 0, 1, 3
30, 130, 0, 1, 3
30, 130, 0, 1, 3
30, 130, 0, 1, 3
30, 130, 0, 1, 3
30, 130, 0, 1, 3
30, 130, 0, 1, 3
30, 130, 0, 1, 3
30, 130, 0, 1, 3
30, 130, 0, 1, 3
30, 130, 0, 1, 3
30, 130, 0, 1, 3
30, 130, 0, 1, 3
30, 130, 0, 1, 3
30, 130, 0, 1, 3
30, 130, 0, 1, 3
30, 130, 0, 1, 3
30, 130, 0, 1, 3
30, 130, 0, 1, 3
30, 130, 0, 1, 3
30, 130, 0, 1, 3
30, 130, 0, 1, 3
30, 130, 0, 1, 3
30, 130, 0, 1, 3
30, 130, 0, 1, 3
30, 130, 0, 1, 3
30, 130, 0, 1, 3
30, 130, 0, 1, 3
30, 130, 0, 1, 3
30, 130, 0, 1, 3
30, 130, 0, 1, 3
30, 130, 0, 1, 3
30, 130, 0, 1, 3
30, 130, 0, 1, 3
30, 130, 0, 1, 3
30, 130, 0, 1, 3
30, 130, 0, 1, 3
30, 130, 0, 1, 3
30, 130, 0, 1, 3
30, 130, 0, 1, 3
30, 130, 0, 1, 3
30, 130, 0, 1, 3
30, 130, 0, 1, 3
30, 130, 0, 1, 3
30, 130, 0, 1, 3
30, 130, 0, 1, 3
30, 130, 0, 1, 3
30, 130, 0, 1, 3
30, 130, 0, 1, 3
30, 130, 0, 1, 3
30, 130, 0, 1, 3
30, 130, 0, 1, 3
30, 130, 0, 1, 3
30, 130, 0, 1, 3
30, 130, 0, 1, 3
30, 130, 0, 1, 3
30, 130, 0, 1, 3
30, 130, 0, 1, 3
30, 130, 0, 1, 3
30, 130, 0, 1, 3
30, 130, 0, 1, 3
30, 130, 0, 1, 3
30, 130, 0, 1, 3
30, 130, 0, 1, 3
30, 130, 0, 1, 3
30, 130, 0, 1, 3
30, 130, 0, 1, 3
30, 130, 0, 1, 3
30, 130, 0, 1, 3
30, 130, 0, 1, 3
30, 130, 0, 1, 3
30, 130, 0, 1, 3
30, 130, 0, 1, 3
30, 130, 0, 1, 3
30, 130, 0, 1, 3
30, 130, 0, 1, 3
30, 130, 0, 1, 3
30, 130, 0, 1, 3
30, 130, 0, 1, 3
30, 130, 0, 1, 3
30, 130, 0, 1, 3
30, 130, 0, 1, 3
30, 130, 0, 1, 3
30, 130, 0, 1, 3
30, 130, 0, 1, 3
30, 130, 0, 1, 3
30, 130, 0, 1, 3
30, 130, 0, 1, 3
30, 130, 0, 1, 3
30, 130, 0, 1, 3
30, 130, 0, 1, 3
30, 130, 0, 1, 3
30, 130, 0, 1, 3
30, 130, 0, 1, 3
30, 130, 0, 1, 3
30, 130, 0, 1, 3
30, 130, 0, 1, 3
30, 130, 0, 1, 3
30, 130, 0, 1, 3
30, 130, 0, 1, 3
30, 130, 0, 1, 3
30, 130, 0, 1, 3
30, 130, 0, 1, 3
30, 130, 0, 1, 3
30, 130, 0, 1, 3
30, 130, 0, 1, 3
30, 130, 0, 1, 3
30, 130, 0, 1, 3
30, 130, 0, 1, 3
30, 130, 0, 1, 3
30, 130, 0, 1, 3
30, 130, 0, 1, 3
30, 130, 0, 1, 3
30, 130, 0, 1, 3
30, 130, 0, 1, 3
30, 130, 0, 1, 3
30, 130, 0, 1, 3
30, 130, 0, 1, 3
30, 130, 0, 1, 3
30, 130, 0, 1, 3
30, 130, 0, 1, 3
30, 130, 0, 1, 3
31, 130, 0, 1, 3
31, 130, 0, 1, 3
31, 130, 0, 1, 3
31, 130, 0, 1, 3
31, 130, 0, 1, 3
31, 130, 0, 1, 3
31, 130, 0, 1, 3
31, 130, 0, 1, 3
31, 130, 0, 1, 3
31, 130, 0, 1, 3
31, 130, 0, 1, 3
31, 130, 0, 1, 3
31, 130, 0, 1, 3
31, 130, 0, 1, 3
31, 130, 0, 1, 3
31, 130, 0, 1, 3
31, 130, 0, 1, 3
31, 130, 0, 1, 3
31, 130, 0, 1, 3
31, 130, 0, 1, 3
31, 130, 0, 1, 3
31, 130, 0, 1, 3
31, 130, 0, 1, 3
31, 130, 0, 1, 3
31, 130, 0, 1, 3
31, 130, 0, 1, 3
31, 130, 0, 1, 3
31, 130, 0, 1, 3
31, 130, 0, 1, 3
31, 130, 0, 1, 3
31, 130, 0, 1, 3
31, 130, 0, 1, 3
31, 130, 0, 1, 3
31, 130, 0, 1, 3
31, 130, 0, 1, 3
31, 130, 0, 1, 3
31, 130, 0, 1, 3
31, 130, 0, 1, 3
31, 130, 0, 1, 3
31, 130, 0, 1, 3
31, 130, 0, 1, 3
31, 130, 0, 1, 3
31, 130, 0, 1, 3
31, 130, 0, 1, 3
31, 130, 0, 1, 3
31, 130, 0, 1, 3
31, 130, 0, 1, 3
31, 130, 0, 1, 3
31, 130, 0, 1, 3
31, 130, 0, 1, 3
31, 130, 0, 1, 3
31, 130, 0, 1, 3
31, 130, 0, 1, 3
31, 130, 0, 1, 3
31, 130, 0, 1, 3
31, 130, 0, 1, 3
31, 130, 0, 1, 3
31, 130, 0, 1, 3
31, 130, 0, 1, 3
31, 130, 0, 1, 3
31, 130, 0, 1, 3
31, 130, 0, 1, 3
31, 130, 0, 1, 3
31, 130, 0, 1, 3
31, 130, 0, 1, 3
31, 130, 0, 1, 3
31, 130, 0, 1, 3
31, 130, 0, 1, 3
31, 130, 0, 1, 3
31, 130, 0, 1, 3
31, 130, 0, 1, 3
31, 130, 0, 1, 3
31, 130, 0, 1, 3
31, 130, 0, 1, 3
31, 130, 0, 1, 3
31, 130, 0, 1, 3
31, 130, 0, 1, 3
31, 130, 0, 1, 3
31, 130, 0, 1, 3
31, 130, 0, 1, 3
31, 130, 0, 1, 3
31, 130, 0, 1, 3
31, 130, 0, 1, 3
31, 130, 0, 1, 3
31, 130, 0, 1, 3
31, 130, 0, 1, 3
31, 130, 0, 1, 3
31, 130, 0, 1, 3
31, 130, 0, 1, 3
31, 130, 0, 1, 3
31, 130, 0, 1, 3
31, 130, 0, 1, 3
31, 130, 0, 1, 3
31, 130, 0, 1, 3
31, 130, 0, 1, 3
31, 130, 0, 1, 3
31, 130, 0, 1, 3
31, 130, 0, 1, 3
31, 130, 0, 1, 3
31, 130, 0, 1, 3
31, 130, 0, 1, 3
31, 130, 0, 1, 3
31, 130, 0, 1, 3
31, 130, 0, 1, 3
31, 130, 0, 1, 3
31, 130, 0, 1, 3
31, 130, 0, 1, 3
31, 130, 0, 1, 3
31, 130, 0, 1, 3
31, 130, 0, 1, 3
31, 130, 0, 1, 3
31, 130, 0, 1, 3
31, 130, 0, 1, 3
31, 130, 0, 1, 3
31, 130, 0, 1, 3
31, 130, 0, 1, 3
31, 130, 0, 1, 3
31, 130, 0, 1, 3
31, 130, 0, 1, 3
31, 130, 0, 1, 3
31, 130, 0, 1, 3
31, 130, 0, 1, 3
31, 130, 0, 1, 3
31, 130, 0, 1, 3
31, 130, 0, 1, 3
31, 130, 0, 1, 3
31, 130, 0, 1, 3
31, 130, 0, 1, 3
31, 130, 0, 1, 3
31, 130, 0, 1, 3
32, 3, 0, 2, 2
32, 3, 0, 3, 2
32, 3, 0, 4, 2
32, 100, 1, 0, 3
32, 100, 1, 0, 3
32, 100, 1, 0, 3
32, 100, 1, 0, 3
32, 100, 1, 0, 3
32, 100, 1, 0, 3
32, 100, 1, 0, 3
32, 100, 1, 0, 3
32, 100, 1, 0, 3
32, 100, 1, 0, 3
32, 100, 1, 0, 3
32, 100, 1, 0, 3
32, 100, 1, 0, 3
32, 100, 1, 0, 3
32, 100, 1, 0, 3
32, 100, 1, 0, 3
32, 100, 1, 0, 3
32, 100, 1, 0, 3
32, 100, 1, 0, 3
32, 100, 1, 0, 3
32, 100, 1, 0, 3
32, 100, 1, 0, 3
32, 100, 1, 0, 3
32, 100, 1, 0, 3
32, 100, 1, 0, 3
32, 100, 1, 0, 3
32, 100, 1, 0, 3
32, 100, 1, 0, 3
32, 100, 1, 0, 3
32, 100, 1, 0, 3
32, 100, 1, 0, 3
32, 100, 1, 0, 3
32, 100, 1, 0, 3
32, 100, 1, 0, 3
32, 100, 1, 0, 3
32, 100, 1, 0, 3
32, 100, 1, 0, 3
32, 100, 1, 0, 3
32, 100, 1, 0, 3
32, 100, 1, 0, 3
32, 100, 1, 0, 3
32, 100, 1, 0, 3
32, 100, 1, 0, 3
32, 100, 1, 0, 3
32, 100, 1, 0, 3
32, 100, 1, 0, 3
32, 100, 1, 0, 3
32, 100, 1, 0, 3
32, 100, 1, 0, 3
32, 100, 1, 0, 3
32, 100, 1, 0, 3
32, 100, 1, 0, 3
32, 100, 1, 0, 3
32, 100, 1, 0, 3
32, 100, 1, 0, 3
32, 100, 1, 0, 3
32, 100, 1, 0, 3
32, 100, 1, 0, 3
32, 100, 1, 0, 3
32, 100, 1, 0, 3
32, 100, 1, 0, 3
32, 100, 1, 0, 3
32, 100, 1, 0, 3
32, 100, 1, 0, 3
32, 100, 1, 0, 3
32, 100, 1, 0, 3
32, 100, 1, 0, 3
32, 100, 1, 0, 3
32, 100, 1, 0, 3
32, 100, 1, 0, 3
32, 100, 1, 0, 3
32, 100, 1, 0, 3
32, 100, 1, 0, 3
32, 100, 1, 0, 3
32, 100, 1, 0, 3
32, 100, 1, 0, 3
32, 100, 1, 0, 3
32, 100, 1, 0, 3
32, 100, 1, 0, 3
32, 100, 1, 0, 3
32, 100, 1, 0, 3
32, 100, 1, 0, 3
32, 100, 1, 0, 3
32, 100, 1, 0, 3
32, 100, 1, 0, 3
32, 100, 1, 0, 3
32, 100, 1, 0, 3
32, 100, 1, 0, 3
32, 100, 1, 0, 3
32, 100, 1, 0, 3
32, 100, 1, 0, 3
32, 100, 1, 0, 3
32, 100, 1, 0, 3
32, 100, 1, 0, 3
32, 100, 1, 0, 3
32, 100, 1, 0, 3
32, 100, 1, 0, 3
32, 100, 1, 0, 3
32, 100, 1, 0, 3
32, 100, 1, 0, 3
32, 3, 2, 5, 2
32, 3, 2, 5, 2
32, 3, 2, 5, 2
32, 3, 3, 5, 2
32, 3, 3, 5, 2
32, 3, 3, 5, 2
32, 3, 4, 5, 2
32, 3, 4, 5, 2
32, 3, 4, 5, 2
33, 130, 0, 1, 3
33, 130, 0, 1, 3
33, 130, 0, 1, 3
33, 130, 0, 1, 3
33, 130, 0, 1, 3
33, 130, 0, 1, 3
33, 130, 0, 1, 3
33, 130, 0, 1, 3
33, 130, 0, 1, 3
33, 130, 0, 1, 3
33, 130, 0, 1, 3
33, 130, 0, 1, 3
33, 130, 0, 1, 3
33, 130, 0, 1, 3
33, 130, 0, 1, 3
33, 130, 0, 1, 3
33, 130, 0, 1, 3
33, 130, 0, 1, 3
33, 130, 0, 1, 3
33, 130, 0, 1, 3
33, 130, 0, 1, 3
33, 130, 0, 1, 3
33, 130, 0, 1, 3
33, 130, 0, 1, 3
33, 130, 0, 1, 3
33, 130, 0, 1, 3
33, 130, 0, 1, 3
33, 130, 0, 1, 3
33, 130, 0, 1, 3
33, 130, 0, 1, 3
33, 130, 0, 1, 3
33, 130, 0, 1, 3
33, 130, 0, 1, 3
33, 130, 0, 1, 3
33, 130, 0, 1, 3
33, 130, 0, 1, 3
33, 130, 0, 1, 3
33, 130, 0, 1, 3
33, 130, 0, 1, 3
33, 130, 0, 1, 3
33, 130, 0, 1, 3
33, 130, 0, 1, 3
33, 130, 0, 1, 3
33, 130, 0, 1, 3
33, 130, 0, 1, 3
33, 130, 0, 1, 3
33, 130, 0, 1, 3
33, 130, 0, 1, 3
33, 130, 0, 1, 3
33, 130, 0, 1, 3
33, 130, 0, 1, 3
33, 130, 0, 1, 3
33, 130, 0, 1, 3
33, 130, 0, 1, 3
33, 130, 0, 1, 3
33, 130, 0, 1, 3
33, 130, 0, 1, 3
33, 130, 0, 1, 3
33, 130, 0, 1, 3
33, 130, 0, 1, 3
33, 130, 0, 1, 3
33, 130, 0, 1, 3
33, 130, 0, 1, 3
33, 130, 0, 1, 3
33, 130, 0, 1, 3
33, 130, 0, 1, 3
33, 130, 0, 1, 3
33, 130, 0, 1, 3
33, 130, 0, 1, 3
33, 130, 0, 1, 3
33, 130, 0, 1, 3
33, 130, 0, 1, 3
33, 130, 0, 1, 3
33, 130, 0, 1, 3
33, 130, 0, 1, 3
33, 130, 0, 1, 3
33, 130, 0, 1, 3
33, 130, 0, 1, 3
33, 130, 0, 1, 3
33, 130, 0, 1, 3
33, 130, 0, 1, 3
33, 130, 0, 1, 3
33, 130, 0, 1, 3
33, 130, 0, 1, 3
33, 130, 0, 1, 3
33, 130, 0, 1, 3
33, 130, 0, 1, 3
33, 130, 0, 1, 3
33, 130, 0, 1, 3
33, 130, 0, 1, 3
33, 130, 0, 1, 3
33, 130, 0, 1, 3
33, 130, 0, 1, 3
33, 130, 0, 1, 3
33, 130, 0, 1, 3
33, 130, 0, 1, 3
33, 130, 0, 1, 3
33, 130, 0, 1, 3
33, 130, 0, 1, 3
33, 130, 0, 1, 3
33, 130, 0, 1, 3
33, 130, 0, 1, 3
33, 130, 0, 1, 3
33, 130, 0, 1, 3
33, 130, 0, 1, 3
33, 130, 0, 1, 3
33, 130, 0, 1, 3
33, 130, 0, 1, 3
33, 130, 0, 1, 3
33, 130, 0, 1, 3
33, 130, 0, 1, 3
33, 130, 0, 1, 3
33, 130, 0, 1, 3
33, 130, 0, 1, 3
33, 130, 0, 1, 3
33, 130, 0, 1, 3
33, 130, 0, 1, 3
33, 130, 0, 1, 3
33, 130, 0, 1, 3
33, 130, 0, 1, 3
33, 130, 0, 1, 3
33, 130, 0, 1, 3
33, 130, 0, 1, 3
33, 130, 0, 1, 3
33, 130, 0, 1, 3
33, 130, 0, 1, 3
33, 130, 0, 1, 3
33, 130, 0, 1, 3
33, 130, 0, 1, 3
33, 130, 0, 1, 3
34, 130, 0, 1, 3
34, 130, 0, 1, 3
34, 130, 0, 1, 3
34, 130, 0, 1, 3
34, 130, 0, 1, 3
34, 130, 0, 1, 3
34, 130, 0, 1, 3
34, 130, 0, 1, 3
34, 130, 0, 1, 3
34, 130, 0, 1, 3
34, 130, 0, 1, 3
34, 130, 0, 1, 3
34, 130, 0, 1, 3
34, 130, 0, 1, 3
34, 130, 0, 1, 3
34, 130, 0, 1, 3
34, 130, 0, 1, 3
34, 130, 0, 1, 3
34, 130, 0, 1, 3
34, 130, 0, 1, 3
34, 130, 0, 1, 3
34, 130, 0, 1, 3
34, 130, 0, 1, 3
34, 130, 0, 1, 3
34, 130, 0, 1, 3
34, 130, 0, 1, 3
34, 130, 0, 1, 3
34, 130, 0, 1, 3
34, 130, 0, 1, 3
34, 130, 0, 1, 3
34, 130, 0, 1, 3
34, 130, 0, 1, 3
34, 130, 0, 1, 3
34, 130, 0, 1, 3
34, 130, 0, 1, 3
34, 130, 0, 1, 3
34, 130, 0, 1, 3
34, 130, 0, 1, 3
34, 130, 0, 1, 3
34, 130, 0, 1, 3
34, 130, 0, 1, 3
34, 130, 0, 1, 3
34, 130, 0, 1, 3
34, 130, 0, 1, 3
34, 130, 0, 1, 3
34, 130, 0, 1, 3
34, 130, 0, 1, 3
34, 130, 0, 1, 3
34, 130, 0, 1, 3
34, 130, 0, 1, 3
34, 130, 0, 1, 3
34, 130, 0, 1, 3
34, 130, 0, 1, 3
34, 130, 0, 1, 3
34, 130, 0, 1, 3
34, 130, 0, 1, 3
34, 130, 0, 1, 3
34, 130, 0, 1, 3
34, 130, 0, 1, 3
34, 130, 0, 1, 3
34, 130, 0, 1, 3
34, 130, 0, 1, 3
34, 130, 0, 1, 3
34, 130, 0, 1, 3
34, 130, 0, 1, 3
34, 130, 0, 1, 3
34, 130, 0, 1, 3
34, 130, 0, 1, 3
34, 130, 0, 1, 3
34, 130, 0, 1, 3
34, 130, 0, 1, 3
34, 130, 0, 1, 3
34, 130, 0, 1, 3
34, 130, 0, 1, 3
34, 130, 0, 1, 3
34, 130, 0, 1, 3
34, 130, 0, 1, 3
34, 130, 0, 1, 3
34, 130, 0, 1, 3
34, 130, 0, 1, 3
34, 130, 0, 1, 3
34, 130, 0, 1, 3
34, 130, 0, 1, 3
34, 130, 0, 1, 3
34, 130, 0, 1, 3
34, 130, 0, 1, 3
34, 130, 0, 1, 3
34, 130, 0, 1, 3
34, 130, 0, 1, 3
34, 130, 0, 1, 3
34, 130, 0, 1, 3
34, 130, 0, 1, 3
34, 130, 0, 1, 3
34, 130, 0, 1, 3
34, 130, 0, 1, 3
34, 130, 0, 1, 3
34, 130, 0, 1, 3
34, 130, 0, 1, 3
34, 130, 0, 1, 3
34, 130, 0, 1, 3
34, 130, 0, 1, 3
34, 130, 0, 1, 3
34, 130, 0, 1, 3
34, 130, 0, 1, 3
34, 130, 0, 1, 3
34, 130, 0, 1, 3
34, 130, 0, 1, 3
34, 130, 0, 1, 3
34, 130, 0, 1, 3
34, 130, 0, 1, 3
34, 130, 0, 1, 3
34, 130, 0, 1, 3
34, 130, 0, 1, 3
34, 130, 0, 1, 3
34, 130, 0, 1, 3
34, 130, 0, 1, 3
34, 130, 0, 1, 3
34, 130, 0, 1, 3
34, 130, 0, 1, 3
34, 130, 0, 1, 3
34, 130, 0, 1, 3
34, 130, 0, 1, 3
34, 130, 0, 1, 3
34, 130, 0, 1, 3
34, 130, 0, 1, 3
34, 130, 0, 1, 3
34, 130, 0, 1, 3
34, 130, 0, 1, 3
34, 130, 0, 1, 3
34, 130, 0, 1, 3
35, 3, 0, 2, 2
35, 3, 0, 3, 2
35, 3, 0, 4, 2
35, 100, 1, 0, 3
35, 100, 1, 0, 3
35, 100, 1, 0, 3
35, 100, 1, 0, 3
35, 100, 1, 0, 3
35, 100, 1, 0, 3
35, 100, 1, 0, 3
35, 100, 1, 0, 3
35, 100, 1, 0, 3
35, 100, 1, 0, 3
35, 100, 1, 0, 3
35, 100, 1, 0, 3
35, 100, 1, 0, 3
35, 100, 1, 0, 3
35, 100, 1, 0, 3
35, 100, 1, 0, 3
35, 100, 1, 0, 3
35, 100, 1, 0, 3
35, 100, 1, 0, 3
35, 100, 1, 0, 3
35, 100, 1, 0, 3
35, 100, 1, 0, 3
35, 100, 1, 0, 3
35, 100, 1, 0, 3
35, 100, 1, 0, 3
35, 100, 1, 0, 3
35, 100, 1, 0, 3
35, 100, 1, 0, 3
35, 100, 1, 0, 3
35, 100, 1, 0, 3
35, 100, 1, 0, 3
35, 100, 1, 0, 3
35, 100, 1, 0, 3
35, 100, 1, 0, 3
35, 100, 1, 0, 3
35, 100, 1, 0, 3
35, 100, 1, 0, 3
35, 100, 1, 0, 3
35, 100, 1, 0, 3
35, 100, 1, 0, 3
35, 100, 1, 0, 3
35, 100, 1, 0, 3
35, 100, 1, 0, 3
35, 100, 1, 0, 3
35, 100, 1, 0, 3
35, 100, 1, 0, 3
35, 100, 1, 0, 3
35, 100, 1, 0, 3
35, 100, 1, 0, 3
35, 100, 1, 0, 3
35, 100, 1, 0, 3
35, 100, 1, 0, 3
35, 100, 1, 0, 3
35, 100, 1, 0, 3
35, 100, 1, 0, 3
35, 100, 1, 0, 3
35, 100, 1, 0, 3
35, 100, 1, 0, 3
35, 100, 1, 0, 3
35, 100, 1, 0, 3
35, 100, 1, 0, 3
35, 100, 1, 0, 3
35, 100, 1, 0, 3
35, 100, 1, 0, 3
35, 100, 1, 0, 3
35, 100, 1, 0, 3
35, 100, 1, 0, 3
35, 100, 1, 0, 3
35, 100, 1, 0, 3
35, 100, 1, 0, 3
35, 100, 1, 0, 3
35, 100, 1, 0, 3
35, 100, 1, 0, 3
35, 100, 1, 0, 3
35, 100, 1, 0, 3
35, 100, 1, 0, 3
35, 100, 1, 0, 3
35, 100, 1, 0, 3
35, 100, 1, 0, 3
35, 100, 1, 0, 3
35, 100, 1, 0, 3
35, 100, 1, 0, 3
35, 100, 1, 0, 3
35, 100, 1, 0, 3
35, 100, 1, 0, 3
35, 100, 1, 0, 3
35, 100, 1, 0, 3
35, 100, 1, 0, 3
35, 100, 1, 0, 3
35, 100, 1, 0, 3
35, 100, 1, 0, 3
35, 100, 1, 0, 3
35, 100, 1, 0, 3
35, 100, 1, 0, 3
35, 100, 1, 0, 3
35, 100, 1, 0, 3
35, 100, 1, 0, 3
35, 100, 1, 0, 3
35, 100, 1, 0, 3
35, 100, 1, 0, 3
35, 3, 2, 5, 2
35, 3, 2, 5, 2
35, 3, 2, 5, 2
35, 3, 3, 5, 2
35, 3, 3, 5, 2
35, 3, 3, 5, 2
35, 3, 4, 5, 2
35, 3, 4, 5, 2
35, 3, 4, 5, 2
36, 3, 0, 2, 2
36, 3, 0, 3, 2
36, 3, 0, 4, 2
36, 100, 1, 0, 3
36, 100, 1, 0, 3
36, 100, 1, 0, 3
36, 100, 1, 0, 3
36, 100, 1, 0, 3
36, 100, 1, 0, 3
36, 100, 1, 0, 3
36, 100, 1, 0, 3
36, 100, 1, 0, 3
36, 100, 1, 0, 3
36, 100, 1, 0, 3
36, 100, 1, 0, 3
36, 100, 1, 0, 3
36, 100, 1, 0, 3
36, 100, 1, 0, 3
36, 100, 1, 0, 3
36, 100, 1, 0, 3
36, 100, 1, 0, 3
36, 100, 1, 0, 3
36, 100, 1, 0, 3
36, 100, 1, 0, 3
36, 100, 1, 0, 3
36, 100, 1, 0, 3
36, 100, 1, 0, 3
36, 100, 1, 0, 3
36, 100, 1, 0, 3
36, 100, 1, 0, 3
36, 100, 1, 0, 3
36, 100, 1, 0, 3
36, 100, 1, 0, 3
36, 100, 1, 0, 3
36, 100, 1, 0, 3
36, 100, 1, 0, 3
36, 100, 1, 0, 3
36, 100, 1, 0, 3
36, 100, 1, 0, 3
36, 100, 1, 0, 3
36, 100, 1, 0, 3
36, 100, 1, 0, 3
36, 100, 1, 0, 3
36, 100, 1, 0, 3
36, 100, 1, 0, 3
36, 100, 1, 0, 3
36, 100, 1, 0, 3
36, 100, 1, 0, 3
36, 100, 1, 0, 3
36, 100, 1, 0, 3
36, 100, 1, 0, 3
36, 100, 1, 0, 3
36, 100, 1, 0, 3
36, 100, 1, 0, 3
36, 100, 1, 0, 3
36, 100, 1, 0, 3
36, 100, 1, 0, 3
36, 100, 1, 0, 3
36, 100, 1, 0, 3
36, 100, 1, 0, 3
36, 100, 1, 0, 3
36, 100, 1, 0, 3
36, 100, 1, 0, 3
36, 100, 1, 0, 3
36, 100, 1, 0, 3
36, 100, 1, 0, 3
36, 100, 1, 0, 3
36, 100, 1, 0, 3
36, 100, 1, 0, 3
36, 100, 1, 0, 3
36, 100, 1, 0, 3
36, 100, 1, 0, 3
36, 100, 1, 0, 3
36, 100, 1, 0, 3
36, 100, 1, 0, 3
36, 100, 1, 0, 3
36, 100, 1, 0, 3
36, 100, 1, 0, 3
36, 100, 1, 0, 3
36, 100, 1, 0, 3
36, 100, 1, 0, 3
36, 100, 1, 0, 3
36, 100, 1, 0, 3
36, 100, 1, 0, 3
36, 100, 1, 0, 3
36, 100, 1, 0, 3
36, 100, 1, 0, 3
36, 100, 1, 0, 3
36, 100, 1, 0, 3
36, 100, 1, 0, 3
36, 100, 1, 0, 3
36, 100, 1, 0, 3
36, 100, 1, 0, 3
36, 100, 1, 0, 3
36, 100, 1, 0, 3
36, 100, 1, 0, 3
36, 100, 1, 0, 3
36, 100, 1, 0, 3
36, 100, 1, 0, 3
36, 100, 1, 0, 3
36, 100, 1, 0, 3
36, 100, 1, 0, 3
36, 100, 1, 0, 3
36, 3, 2, 5, 2
36, 3, 2, 5, 2
36, 3, 2, 5, 2
36, 3, 3, 5, 2
36, 3, 3, 5, 2
36, 3, 3, 5, 2
36, 3, 4, 5, 2
36, 3, 4, 5, 2
36, 3, 4, 5, 2
37, 3, 0, 2, 2
37, 3, 0, 3, 2
37, 3, 0, 4, 2
37, 100, 1, 0, 3
37, 100, 1, 0, 3
37, 100, 1, 0, 3
37, 100, 1, 0, 3
37, 100, 1, 0, 3
37, 100, 1, 0, 3
37, 100, 1, 0, 3
37, 100, 1, 0, 3
37, 100, 1, 0, 3
37, 100, 1, 0, 3
37, 100, 1, 0, 3
37, 100, 1, 0, 3
37, 100, 1, 0, 3
37, 100, 1, 0, 3
37, 100, 1, 0, 3
37, 100, 1, 0, 3
37, 100, 1, 0, 3
37, 100, 1, 0, 3
37, 100, 1, 0, 3
37, 100, 1, 0, 3
37, 100, 1, 0, 3
37, 100, 1, 0, 3
37, 100, 1, 0, 3
37, 100, 1, 0, 3
37, 100, 1, 0, 3
37, 100, 1, 0, 3
37, 100, 1, 0, 3
37, 100, 1, 0, 3
37, 100, 1, 0, 3
37, 100, 1, 0, 3
37, 100, 1, 0, 3
37, 100, 1, 0, 3
37, 100, 1, 0, 3
37, 100, 1, 0, 3
37, 100, 1, 0, 3
37, 100, 1, 0, 3
37, 100, 1, 0, 3
37, 100, 1, 0, 3
37, 100, 1, 0, 3
37, 100, 1, 0, 3
37, 100, 1, 0, 3
37, 100, 1, 0, 3
37, 100, 1, 0, 3
37, 100, 1, 0, 3
37, 100, 1, 0, 3
37, 100, 1, 0, 3
37, 100, 1, 0, 3
37, 100, 1, 0, 3
37, 100, 1, 0, 3
37, 100, 1, 0, 3
37, 100, 1, 0, 3
37, 100, 1, 0, 3
37, 100, 1, 0, 3
37, 100, 1, 0, 3
37, 100, 1, 0, 3
37, 100, 1, 0, 3
37, 100, 1, 0, 3
37, 100, 1, 0, 3
37, 100, 1, 0, 3
37, 100, 1, 0, 3
37, 100, 1, 0, 3
37, 100, 1, 0, 3
37, 100, 1, 0, 3
37, 100, 1, 0, 3
37, 100, 1, 0, 3
37, 100, 1, 0, 3
37, 100, 1, 0, 3
37, 100, 1, 0, 3
37, 100, 1, 0, 3
37, 100, 1, 0, 3
37, 100, 1, 0, 3
37, 100, 1, 0, 3
37, 100, 1, 0, 3
37, 100, 1, 0, 3
37, 100, 1, 0, 3
37, 100, 1, 0, 3
37, 100, 1, 0, 3
37, 100, 1, 0, 3
37, 100, 1, 0, 3
37, 100, 1, 0, 3
37, 100, 1, 0, 3
37, 100, 1, 0, 3
37, 100, 1, 0, 3
37, 100, 1, 0, 3
37, 100, 1, 0, 3
37, 100, 1, 0, 3
37, 100, 1, 0, 3
37, 100, 1, 0, 3
37, 100, 1, 0, 3
37, 100, 1, 0, 3
37, 100, 1, 0, 3
37, 100, 1, 0, 3
37, 100, 1, 0, 3
37, 100, 1, 0, 3
37, 100, 1, 0, 3
37, 100, 1, 0, 3
37, 100, 1, 0, 3
37, 100, 1, 0, 3
37, 100, 1, 0, 3
37, 100, 1, 0, 3
37, 3, 2, 5, 2
37, 3, 2, 5, 2
37, 3, 2, 5, 2
37, 3, 3, 5, 2
37, 3, 3, 5, 2
37, 3, 3, 5, 2
37, 3, 4, 5, 2
37, 3, 4, 5, 2
37, 3, 4, 5, 2
38, 3, 0, 2, 2
38, 3, 0, 3, 2
38, 3, 0, 4, 2
38, 100, 1, 0, 3
38, 100, 1, 0, 3
38, 100, 1, 0, 3
38, 100, 1, 0, 3
38, 100, 1, 0, 3
38, 100, 1, 0, 3
38, 100, 1, 0, 3
38, 100, 1, 0, 3
38, 100, 1, 0, 3
38, 100, 1, 0, 3
38, 100, 1, 0, 3
38, 100, 1, 0, 3
38, 100, 1, 0, 3
38, 100, 1, 0, 3
38, 100, 1, 0, 3
38, 100, 1, 0, 3
38, 100, 1, 0, 3
38, 100, 1, 0, 3
38, 100, 1, 0, 3
38, 100, 1, 0, 3
38, 100, 1, 0, 3
38, 100, 1, 0, 3
38, 100, 1, 0, 3
38, 100, 1, 0, 3
38, 100, 1, 0, 3
38, 100, 1, 0, 3
38, 100, 1, 0, 3
38, 100, 1, 0, 3
38, 100, 1, 0, 3
38, 100, 1, 0, 3
38, 100, 1, 0, 3
38, 100, 1, 0, 3
38, 100, 1, 0, 3
38, 100, 1, 0, 3
38, 100, 1, 0, 3
38, 100, 1, 0, 3
38, 100, 1, 0, 3
38, 100, 1, 0, 3
38, 100, 1, 0, 3
38, 100, 1, 0, 3
38, 100, 1, 0, 3
38, 100, 1, 0, 3
38, 100, 1, 0, 3
38, 100, 1, 0, 3
38, 100, 1, 0, 3
38, 100, 1, 0, 3
38, 100, 1, 0, 3
38, 100, 1, 0, 3
38, 100, 1, 0, 3
38, 100, 1, 0, 3
38, 100, 1, 0, 3
38, 100, 1, 0, 3
38, 100, 1, 0, 3
38, 100, 1, 0, 3
38, 100, 1, 0, 3
38, 100, 1, 0, 3
38, 100, 1, 0, 3
38, 100, 1, 0, 3
38, 100, 1, 0, 3
38, 100, 1, 0, 3
38, 100, 1, 0, 3
38, 100, 1, 0, 3
38, 100, 1, 0, 3
38, 100, 1, 0, 3
38, 100, 1, 0, 3
38, 100, 1, 0, 3
38, 100, 1, 0, 3
38, 100, 1, 0, 3
38, 100, 1, 0, 3
38, 100, 1, 0, 3
38, 100, 1, 0, 3
38, 100, 1, 0, 3
38, 100, 1, 0, 3
38, 100, 1, 0, 3
38, 100, 1, 0, 3
38, 100, 1, 0, 3
38, 100, 1, 0, 3
38, 100, 1, 0, 3
38, 100, 1, 0, 3
38, 100, 1, 0, 3
38, 100, 1, 0, 3
38, 100, 1, 0, 3
38, 100, 1, 0, 3
38, 100, 1, 0, 3
38, 100, 1, 0, 3
38, 100, 1, 0, 3
38, 100, 1, 0, 3
38, 100, 1, 0, 3
38, 100, 1, 0, 3
38, 100, 1, 0, 3
38, 100, 1, 0, 3
38, 100, 1, 0, 3
38, 100, 1, 0, 3
38, 100, 1, 0, 3
38, 100, 1, 0, 3
38, 100, 1, 0, 3
38, 100, 1, 0, 3
38, 100, 1, 0, 3
38, 100, 1, 0, 3
38, 100, 1, 0, 3
38, 3, 2, 5, 2
38, 3, 2, 5, 2
38, 3, 2, 5, 2
38, 3, 3, 5, 2
38, 3, 3, 5, 2
38, 3, 3, 5, 2
38, 3, 4, 5, 2
38, 3, 4, 5, 2
38, 3, 4, 5, 2
39, 3, 0, 2, 2
39, 3, 0, 3, 2
39, 3, 0, 4, 2
39, 100, 1, 0, 3
39, 100, 1, 0, 3
39, 100, 1, 0, 3
39, 100, 1, 0, 3
39, 100, 1, 0, 3
39, 100, 1, 0, 3
39, 100, 1, 0, 3
39, 100, 1, 0, 3
39, 100, 1, 0, 3
39, 100, 1, 0, 3
39, 100, 1, 0, 3
39, 100, 1, 0, 3
39, 100, 1, 0, 3
39, 100, 1, 0, 3
39, 100, 1, 0, 3
39, 100, 1, 0, 3
39, 100, 1, 0, 3
39, 100, 1, 0, 3
39, 100, 1, 0, 3
39, 100, 1, 0, 3
39, 100, 1, 0, 3
39, 100, 1, 0, 3
39, 100, 1, 0, 3
39, 100, 1, 0, 3
39, 100, 1, 0, 3
39, 100, 1, 0, 3
39, 100, 1, 0, 3
39, 100, 1, 0, 3
39, 100, 1, 0, 3
39, 100, 1, 0, 3
39, 100, 1, 0, 3
39, 100, 1, 0, 3
39, 100, 1, 0, 3
39, 100, 1, 0, 3
39, 100, 1, 0, 3
39, 100, 1, 0, 3
39, 100, 1, 0, 3
39, 100, 1, 0, 3
39, 100, 1, 0, 3
39, 100, 1, 0, 3
39, 100, 1, 0, 3
39, 100, 1, 0, 3
39, 100, 1, 0, 3
39, 100, 1, 0, 3
39, 100, 1, 0, 3
39, 100, 1, 0, 3
39, 100, 1, 0, 3
39, 100, 1, 0, 3
39, 100, 1, 0, 3
39, 100, 1, 0, 3
39, 100, 1, 0, 3
39, 100, 1, 0, 3
39, 100, 1, 0, 3
39, 100, 1, 0, 3
39, 100, 1, 0, 3
39, 100, 1, 0, 3
39, 100, 1, 0, 3
39, 100, 1, 0, 3
39, 100, 1, 0, 3
39, 100, 1, 0, 3
39, 100, 1, 0, 3
39, 100, 1, 0, 3
39, 100, 1, 0, 3
39, 100, 1, 0, 3
39, 100, 1, 0, 3
39, 100, 1, 0, 3
39, 100, 1, 0, 3
39, 100, 1, 0, 3
39, 100, 1, 0, 3
39, 100, 1, 0, 3
39, 100, 1, 0, 3
39, 100, 1, 0, 3
39, 100, 1, 0, 3
39, 100, 1, 0, 3
39, 100, 1, 0, 3
39, 100, 1, 0, 3
39, 100, 1, 0, 3
39, 100, 1, 0, 3
39, 100, 1, 0, 3
39, 100, 1, 0, 3
39, 100, 1, 0, 3
39, 100, 1, 0, 3
39, 100, 1, 0, 3
39, 100, 1, 0, 3
39, 100, 1, 0, 3
39, 100, 1, 0, 3
39, 100, 1, 0, 3
39, 100, 1, 0, 3
39, 100, 1, 0, 3
39, 100, 1, 0, 3
39, 100, 1, 0, 3
39, 100, 1, 0, 3
39, 100, 1, 0, 3
39, 100, 1, 0, 3
39, 100, 1, 0, 3
39, 100, 1, 0, 3
39, 100, 1, 0, 3
39, 100, 1, 0, 3
39, 100, 1, 0, 3
39, 100, 1, 0, 3
39, 3, 2, 5, 2
39, 3, 2, 5, 2
39, 3, 2, 5, 2
39, 3, 3, 5, 2
39, 3, 3, 5, 2
39, 3, 3, 5, 2
39, 3, 4, 5, 2
39, 3, 4, 5, 2
39, 3, 4, 5, 2
40, 3, 0, 2, 2
40, 3, 0, 3, 2
40, 3, 0, 4, 2
40, 100, 1, 0, 3
40, 100, 1, 0, 3
40, 100, 1, 0, 3
40, 100, 1, 0, 3
40, 100, 1, 0, 3
40, 100, 1, 0, 3
40, 100, 1, 0, 3
40, 100, 1, 0, 3
40, 100, 1, 0, 3
40, 100, 1, 0, 3
40, 100, 1, 0, 3
40, 100, 1, 0, 3
40, 100, 1, 0, 3
40, 100, 1, 0, 3
40, 100, 1, 0, 3
40, 100, 1, 0, 3
40, 100, 1, 0, 3
40, 100, 1, 0, 3
40, 100, 1, 0, 3
40, 100, 1, 0, 3
40, 100, 1, 0, 3
40, 100, 1, 0, 3
40, 100, 1, 0, 3
40, 100, 1, 0, 3
40, 100, 1, 0, 3
40, 100, 1, 0, 3
40, 100, 1, 0, 3
40, 100, 1, 0, 3
40, 100, 1, 0, 3
40, 100, 1, 0, 3
40, 100, 1, 0, 3
40, 100, 1, 0, 3
40, 100, 1, 0, 3
40, 100, 1, 0, 3
40, 100, 1, 0, 3
40, 100, 1, 0, 3
40, 100, 1, 0, 3
40, 100, 1, 0, 3
40, 100, 1, 0, 3
40, 100, 1, 0, 3
40, 100, 1, 0, 3
40, 100, 1, 0, 3
40, 100, 1, 0, 3
40, 100, 1, 0, 3
40, 100, 1, 0, 3
40, 100, 1, 0, 3
40, 100, 1, 0, 3
40, 100, 1, 0, 3
40, 100, 1, 0, 3
40, 100, 1, 0, 3
40, 100, 1, 0, 3
40, 100, 1, 0, 3
40, 100, 1, 0, 3
40, 100, 1, 0, 3
40, 100, 1, 0, 3
40, 100, 1, 0, 3
40, 100, 1, 0, 3
40, 100, 1, 0, 3
40, 100, 1, 0, 3
40, 100, 1, 0, 3
40, 100, 1, 0, 3
40, 100, 1, 0, 3
40, 100, 1, 0, 3
40, 100, 1, 0, 3
40, 100, 1, 0, 3
40, 100, 1, 0, 3
40, 100, 1, 0, 3
40, 100, 1, 0, 3
40, 100, 1, 0, 3
40, 100, 1, 0, 3
40, 100, 1, 0, 3
40, 100, 1, 0, 3
40, 100, 1, 0, 3
40, 100, 1, 0, 3
40, 100, 1, 0, 3
40, 100, 1, 0, 3
40, 100, 1, 0, 3
40, 100, 1, 0, 3
40, 100, 1, 0, 3
40, 100, 1, 0, 3
40, 100, 1, 0, 3
40, 100, 1, 0, 3
40, 100, 1, 0, 3
40, 100, 1, 0, 3
40, 100, 1, 0, 3
40, 100, 1, 0, 3
40, 100, 1, 0, 3
40, 100, 1, 0, 3
40, 100, 1, 0, 3
40, 100, 1, 0, 3
40, 100, 1, 0, 3
40, 100, 1, 0, 3
40, 100, 1, 0, 3
40, 100, 1, 0, 3
40, 100, 1, 0, 3
40, 100, 1, 0, 3
40, 100, 1, 0, 3
40, 100, 1, 0, 3
40, 100, 1, 0, 3
40, 100, 1, 0, 3
40, 3, 2, 5, 2
40, 3, 2, 5, 2
40, 3, 2, 5, 2
40, 3, 3, 5, 2
40, 3, 3, 5, 2
40, 3, 3, 5, 2
40, 3, 4, 5, 2
40, 3, 4, 5, 2
40, 3, 4, 5, 2
41, 130, 0, 1, 3
41, 130, 0, 1, 3
41, 130, 0, 1, 3
41, 130, 0, 1, 3
41, 130, 0, 1, 3
41, 130, 0, 1, 3
41, 130, 0, 1, 3
41, 130, 0, 1, 3
41, 130, 0, 1, 3
41, 130, 0, 1, 3
41, 130, 0, 1, 3
41, 130, 0, 1, 3
41, 130, 0, 1, 3
41, 130, 0, 1, 3
41, 130, 0, 1, 3
41, 130, 0, 1, 3
41, 130, 0, 1, 3
41, 130, 0, 1, 3
41, 130, 0, 1, 3
41, 130, 0, 1, 3
41, 130, 0, 1, 3
41, 130, 0, 1, 3
41, 130, 0, 1, 3
41, 130, 0, 1, 3
41, 130, 0, 1, 3
41, 130, 0, 1, 3
41, 130, 0, 1, 3
41, 130, 0, 1, 3
41, 130, 0, 1, 3
41, 130, 0, 1, 3
41, 130, 0, 1, 3
41, 130, 0, 1, 3
41, 130, 0, 1, 3
41, 130, 0, 1, 3
41, 130, 0, 1, 3
41, 130, 0, 1, 3
41, 130, 0, 1, 3
41, 130, 0, 1, 3
41, 130, 0, 1, 3
41, 130, 0, 1, 3
41, 130, 0, 1, 3
41, 130, 0, 1, 3
41, 130, 0, 1, 3
41, 130, 0, 1, 3
41, 130, 0, 1, 3
41, 130, 0, 1, 3
41, 130, 0, 1, 3
41, 130, 0, 1, 3
41, 130, 0, 1, 3
41, 130, 0, 1, 3
41, 130, 0, 1, 3
41, 130, 0, 1, 3
41, 130, 0, 1, 3
41, 130, 0, 1, 3
41, 130, 0, 1, 3
41, 130, 0, 1, 3
41, 130, 0, 1, 3
41, 130, 0, 1, 3
41, 130, 0, 1, 3
41, 130, 0, 1, 3
41, 130, 0, 1, 3
41, 130, 0, 1, 3
41, 130, 0, 1, 3
41, 130, 0, 1, 3
41, 130, 0, 1, 3
41, 130, 0, 1, 3
41, 130, 0, 1, 3
41, 130, 0, 1, 3
41, 130, 0, 1, 3
41, 130, 0, 1, 3
41, 130, 0, 1, 3
41, 130, 0, 1, 3
41, 130, 0, 1, 3
41, 130, 0, 1, 3
41, 130, 0, 1, 3
41, 130, 0, 1, 3
41, 130, 0, 1, 3
41, 130, 0, 1, 3
41, 130, 0, 1, 3
41, 130, 0, 1, 3
41, 130, 0, 1, 3
41, 130, 0, 1, 3
41, 130, 0, 1, 3
41, 130, 0, 1, 3
41, 130, 0, 1, 3
41, 130, 0, 1, 3
41, 130, 0, 1, 3
41, 130, 0, 1, 3
41, 130, 0, 1, 3
41, 130, 0, 1, 3
41, 130, 0, 1, 3
41, 130, 0, 1, 3
41, 130, 0, 1, 3
41, 130, 0, 1, 3
41, 130, 0, 1, 3
41, 130, 0, 1, 3
41, 130, 0, 1, 3
41, 130, 0, 1, 3
41, 130, 0, 1, 3
41, 130, 0, 1, 3
41, 130, 0, 1, 3
41, 130, 0, 1, 3
41, 130, 0, 1, 3
41, 130, 0, 1, 3
41, 130, 0, 1, 3
41, 130, 0, 1, 3
41, 130, 0, 1, 3
41, 130, 0, 1, 3
41, 130, 0, 1, 3
41, 130, 0, 1, 3
41, 130, 0, 1, 3
41, 130, 0, 1, 3
41, 130, 0, 1, 3
41, 130, 0, 1, 3
41, 130, 0, 1, 3
41, 130, 0, 1, 3
41, 130, 0, 1, 3
41, 130, 0, 1, 3
41, 130, 0, 1, 3
41, 130, 0, 1, 3
41, 130, 0, 1, 3
41, 130, 0, 1, 3
41, 130, 0, 1, 3
41, 130, 0, 1, 3
41, 130, 0, 1, 3
41, 130, 0, 1, 3
41, 130, 0, 1, 3
41, 130, 0, 1, 3
41, 130, 0, 1, 3
41, 130, 0, 1, 3
42, 130, 0, 1, 3
42, 130, 0, 1, 3
42, 130, 0, 1, 3
42, 130, 0, 1, 3
42, 130, 0, 1, 3
42, 130, 0, 1, 3
42, 130, 0, 1, 3
42, 130, 0, 1, 3
42, 130, 0, 1, 3
42, 130, 0, 1, 3
42, 130, 0, 1, 3
42, 130, 0, 1, 3
42, 130, 0, 1, 3
42, 130, 0, 1, 3
42, 130, 0, 1, 3
42, 130, 0, 1, 3
42, 130, 0, 1, 3
42, 130, 0, 1, 3
42, 130, 0, 1, 3
42, 130, 0, 1, 3
42, 130, 0, 1, 3
42, 130, 0, 1, 3
42, 130, 0, 1, 3
42, 130, 0, 1, 3
42, 130, 0, 1, 3
42, 130, 0, 1, 3
42, 130, 0, 1, 3
42, 130, 0, 1, 3
42, 130, 0, 1, 3
42, 130, 0, 1, 3
42, 130, 0, 1, 3
42, 130, 0, 1, 3
42, 130, 0, 1, 3
42, 130, 0, 1, 3
42, 130, 0, 1, 3
42, 130, 0, 1, 3
42, 130, 0, 1, 3
42, 130, 0, 1, 3
42, 130, 0, 1, 3
42, 130, 0, 1, 3
42, 130, 0, 1, 3
42, 130, 0, 1, 3
42, 130, 0, 1, 3
42, 130, 0, 1, 3
42, 130, 0, 1, 3
42, 130, 0, 1, 3
42, 130, 0, 1, 3
42, 130, 0, 1, 3
42, 130, 0, 1, 3
42, 130, 0, 1, 3
42, 130, 0, 1, 3
42, 130, 0, 1, 3
42, 130, 0, 1, 3
42, 130, 0, 1, 3
42, 130, 0, 1, 3
42, 130, 0, 1, 3
42, 130, 0, 1, 3
42, 130, 0, 1, 3
42, 130, 0, 1, 3
42, 130, 0, 1, 3
42, 130, 0, 1, 3
42, 130, 0, 1, 3
42, 130, 0, 1, 3
42, 130, 0, 1, 3
42, 130, 0, 1, 3
42, 130, 0, 1, 3
42, 130, 0, 1, 3
42, 130, 0, 1, 3
42, 130, 0, 1, 3
42, 130, 0, 1, 3
42, 130, 0, 1, 3
42, 130, 0, 1, 3
42, 130, 0, 1, 3
42, 130, 0, 1, 3
42, 130, 0, 1, 3
42, 130, 0, 1, 3
42, 130, 0, 1, 3
42, 130, 0, 1, 3
42, 130, 0, 1, 3
42, 130, 0, 1, 3
42, 130, 0, 1, 3
42, 130, 0, 1, 3
42, 130, 0, 1, 3
42, 130, 0, 1, 3
42, 130, 0, 1, 3
42, 130, 0, 1, 3
42, 130, 0, 1, 3
42, 130, 0, 1, 3
42, 130, 0, 1, 3
42, 130, 0, 1, 3
42, 130, 0, 1, 3
42, 130, 0, 1, 3
42, 130, 0, 1, 3
42, 130, 0, 1, 3
42, 130, 0, 1, 3
42, 130, 0, 1, 3
42, 130, 0, 1, 3
42, 130, 0, 1, 3
42, 130, 0, 1, 3
42, 130, 0, 1, 3
42, 130, 0, 1, 3
42, 130, 0, 1, 3
42, 130, 0, 1, 3
42, 130, 0, 1, 3
42, 130, 0, 1, 3
42, 130, 0, 1, 3
42, 130, 0, 1, 3
42, 130, 0, 1, 3
42, 130, 0, 1, 3
42, 130, 0, 1, 3
42, 130, 0, 1, 3
42, 130, 0, 1, 3
42, 130, 0, 1, 3
42, 130, 0, 1, 3
42, 130, 0, 1, 3
42, 130, 0, 1, 3
42, 130, 0, 1, 3
42, 130, 0, 1, 3
42, 130, 0, 1, 3
42, 130, 0, 1, 3
42, 130, 0, 1, 3
42, 130, 0, 1, 3
42, 130, 0, 1, 3
42, 130, 0, 1, 3
42, 130, 0, 1, 3
42, 130, 0, 1, 3
42, 130, 0, 1, 3
42, 130, 0, 1, 3
42, 130, 0, 1, 3
42, 130, 0, 1, 3
43, 130, 0, 1, 3
43, 130, 0, 1, 3
43, 130, 0, 1, 3
43, 130, 0, 1, 3
43, 130, 0, 1, 3
43, 130, 0, 1, 3
43, 130, 0, 1, 3
43, 130, 0, 1, 3
43, 130, 0, 1, 3
43, 130, 0, 1, 3
43, 130, 0, 1, 3
43, 130, 0, 1, 3
43, 130, 0, 1, 3
43, 130, 0, 1, 3
43, 130, 0, 1, 3
43, 130, 0, 1, 3
43, 130, 0, 1, 3
43, 130, 0, 1, 3
43, 130, 0, 1, 3
43, 130, 0, 1, 3
43, 130, 0, 1, 3
43, 130, 0, 1, 3
43, 130, 0, 1, 3
43, 130, 0, 1, 3
43, 130, 0, 1, 3
43, 130, 0, 1, 3
43, 130, 0, 1, 3
43, 130, 0, 1, 3
43, 130, 0, 1, 3
43, 130, 0, 1, 3
43, 130, 0, 1, 3
43, 130, 0, 1, 3
43, 130, 0, 1, 3
43, 130, 0, 1, 3
43, 130, 0, 1, 3
43, 130, 0, 1, 3
43, 130, 0, 1, 3
43, 130, 0, 1, 3
43, 130, 0, 1, 3
43, 130, 0, 1, 3
43, 130, 0, 1, 3
43, 130, 0, 1, 3
43, 130, 0, 1, 3
43, 130, 0, 1, 3
43, 130, 0, 1, 3
43, 130, 0, 1, 3
43, 130, 0, 1, 3
43, 130, 0, 1, 3
43, 130, 0, 1, 3
43, 130, 0, 1, 3
43, 130, 0, 1, 3
43, 130, 0, 1, 3
43, 130, 0, 1, 3
43, 130, 0, 1, 3
43, 130, 0, 1, 3
43, 130, 0, 1, 3
43, 130, 0, 1, 3
43, 130, 0, 1, 3
43, 130, 0, 1, 3
43, 130, 0, 1, 3
43, 130, 0, 1, 3
43, 130, 0, 1, 3
43, 130, 0, 1, 3
43, 130, 0, 1, 3
43, 130, 0, 1, 3
43, 130, 0, 1, 3
43, 130, 0, 1, 3
43, 130, 0, 1, 3
43, 130, 0, 1, 3
43, 130, 0, 1, 3
43, 130, 0, 1, 3
43, 130, 0, 1, 3
43, 130, 0, 1, 3
43, 130, 0, 1, 3
43, 130, 0, 1, 3
43, 130, 0, 1, 3
43, 130, 0, 1, 3
43, 130, 0, 1, 3
43, 130, 0, 1, 3
43, 130, 0, 1, 3
43, 130, 0, 1, 3
43, 130, 0, 1, 3
43, 130, 0, 1, 3
43, 130, 0, 1, 3
43, 130, 0, 1, 3
43, 130, 0, 1, 3
43, 130, 0, 1, 3
43, 130, 0, 1, 3
43, 130, 0, 1, 3
43, 130, 0, 1, 3
43, 130, 0, 1, 3
43, 130, 0, 1, 3
43, 130, 0, 1, 3
43, 130, 0, 1, 3
43, 130, 0, 1, 3
43, 130, 0, 1, 3
43, 130, 0, 1, 3
43, 130, 0, 1, 3
43, 130, 0, 1, 3
43, 130, 0, 1, 3
43, 130, 0, 1, 3
43, 130, 0, 1, 3
43, 130, 0, 1, 3
43, 130, 0, 1, 3
43, 130, 0, 1, 3
43, 130, 0, 1, 3
43, 130, 0, 1, 3
43, 130, 0, 1, 3
43, 130, 0, 1, 3
43, 130, 0, 1, 3
43, 130, 0, 1, 3
43, 130, 0, 1, 3
43, 130, 0, 1, 3
43, 130, 0, 1, 3
43, 130, 0, 1, 3
43, 130, 0, 1, 3
43, 130, 0, 1, 3
43, 130, 0, 1, 3
43, 130, 0, 1, 3
43, 130, 0, 1, 3
43, 130, 0, 1, 3
43, 130, 0, 1, 3
43, 130, 0, 1, 3
43, 130, 0, 1, 3
43, 130, 0, 1, 3
43, 130, 0, 1, 3
43, 130, 0, 1, 3
43, 130, 0, 1, 3
43, 130, 0, 1, 3
43, 130, 0, 1, 3
44, 130, 0, 1, 3
44, 130, 0, 1, 3
44, 130, 0, 1, 3
44, 130, 0, 1, 3
44, 130, 0, 1, 3
44, 130, 0, 1, 3
44, 130, 0, 1, 3
44, 130, 0, 1, 3
44, 130, 0, 1, 3
44, 130, 0, 1, 3
44, 130, 0, 1, 3
44, 130, 0, 1, 3
44, 130, 0, 1, 3
44, 130, 0, 1, 3
44, 130, 0, 1, 3
44, 130, 0, 1, 3
44, 130, 0, 1, 3
44, 130, 0, 1, 3
44, 130, 0, 1, 3
44, 130, 0, 1, 3
44, 130, 0, 1, 3
44, 130, 0, 1, 3
44, 130, 0, 1, 3
44, 130, 0, 1, 3
44, 130, 0, 1, 3
44, 130, 0, 1, 3
44, 130, 0, 1, 3
44, 130, 0, 1, 3
44, 130, 0, 1, 3
44, 130, 0, 1, 3
44, 130, 0, 1, 3
44, 130, 0, 1, 3
44, 130, 0, 1, 3
44, 130, 0, 1, 3
44, 130, 0, 1, 3
44, 130, 0, 1, 3
44, 130, 0, 1, 3
44, 130, 0, 1, 3
44, 130, 0, 1, 3
44, 130, 0, 1, 3
44, 130, 0, 1, 3
44, 130, 0, 1, 3
44, 130, 0, 1, 3
44, 130, 0, 1, 3
44, 130, 0, 1, 3
44, 130, 0, 1, 3
44, 130, 0, 1, 3
44, 130, 0, 1, 3
44, 130, 0, 1, 3
44, 130, 0, 1, 3
44, 130, 0, 1, 3
44, 130, 0, 1, 3
44, 130, 0, 1, 3
44, 130, 0, 1, 3
44, 130, 0, 1, 3
44, 130, 0, 1, 3
44, 130, 0, 1, 3
44, 130, 0, 1, 3
44, 130, 0, 1, 3
44, 130, 0, 1, 3
44, 130, 0, 1, 3
44, 130, 0, 1, 3
44, 130, 0, 1, 3
44, 130, 0, 1, 3
44, 130, 0, 1, 3
44, 130, 0, 1, 3
44, 130, 0, 1, 3
44, 130, 0, 1, 3
44, 130, 0, 1, 3
44, 130, 0, 1, 3
44, 130, 0, 1, 3
44, 130, 0, 1, 3
44, 130, 0, 1, 3
44, 130, 0, 1, 3
44, 130, 0, 1, 3
44, 130, 0, 1, 3
44, 130, 0, 1, 3
44, 130, 0, 1, 3
44, 130, 0, 1, 3
44, 130, 0, 1, 3
44, 130, 0, 1, 3
44, 130, 0, 1, 3
44, 130, 0, 1, 3
44, 130, 0, 1, 3
44, 130, 0, 1, 3
44, 130, 0, 1, 3
44, 130, 0, 1, 3
44, 130, 0, 1, 3
44, 130, 0, 1, 3
44, 130, 0, 1, 3
44, 130, 0, 1, 3
44, 130, 0, 1, 3
44, 130, 0, 1, 3
44, 130, 0, 1, 3
44, 130, 0, 1, 3
44, 130, 0, 1, 3
44, 130, 0, 1, 3
44, 130, 0, 1, 3
44, 130, 0, 1, 3
44, 130, 0, 1, 3
44, 130, 0, 1, 3
44, 130, 0, 1, 3
44, 130, 0, 1, 3
44, 130, 0, 1, 3
44, 130, 0, 1, 3
44, 130, 0, 1, 3
44, 130, 0, 1, 3
44, 130, 0, 1, 3
44, 130, 0, 1, 3
44, 130, 0, 1, 3
44, 130, 0, 1, 3
44, 130, 0, 1, 3
44, 130, 0, 1, 3
44, 130, 0, 1, 3
44, 130, 0, 1, 3
44, 130, 0, 1, 3
44, 130, 0, 1, 3
44, 130, 0, 1, 3
44, 130, 0, 1, 3
44, 130, 0, 1, 3
44, 130, 0, 1, 3
44, 130, 0, 1, 3
44, 130, 0, 1, 3
44, 130, 0, 1, 3
44, 130, 0, 1, 3
44, 130, 0, 1, 3
44, 130, 0, 1, 3
44, 130, 0, 1, 3
44, 130, 0, 1, 3
44, 130, 0, 1, 3
45, 130, 0, 1, 3
45, 130, 0, 1, 3
45, 130, 0, 1, 3
45, 130, 0, 1, 3
45, 130, 0, 1, 3
45, 130, 0, 1, 3
45, 130, 0, 1, 3
45, 130, 0, 1, 3
45, 130, 0, 1, 3
45, 130, 0, 1, 3
45, 130, 0, 1, 3
45, 130, 0, 1, 3
45, 130, 0, 1, 3
45, 130, 0, 1, 3
45, 130, 0, 1, 3
45, 130, 0, 1, 3
45, 130, 0, 1, 3
45, 130, 0, 1, 3
45, 130, 0, 1, 3
45, 130, 0, 1, 3
45, 130, 0, 1, 3
45, 130, 0, 1, 3
45, 130, 0, 1, 3
45, 130, 0, 1, 3
45, 130, 0, 1, 3
45, 130, 0, 1, 3
45, 130, 0, 1, 3
45, 130, 0, 1, 3
45, 130, 0, 1, 3
45, 130, 0, 1, 3
45, 130, 0, 1, 3
45, 130, 0, 1, 3
45, 130, 0, 1, 3
45, 130, 0, 1, 3
45, 130, 0, 1, 3
45, 130, 0, 1, 3
45, 130, 0, 1, 3
45, 130, 0, 1, 3
45, 130, 0, 1, 3
45, 130, 0, 1, 3
45, 130, 0, 1, 3
45, 130, 0, 1, 3
45, 130, 0, 1, 3
45, 130, 0, 1, 3
45, 130, 0, 1, 3
45, 130, 0, 1, 3
45, 130, 0, 1, 3
45, 130, 0, 1, 3
45, 130, 0, 1, 3
45, 130, 0, 1, 3
45, 130, 0, 1, 3
45, 130, 0, 1, 3
45, 130, 0, 1, 3
45, 130, 0, 1, 3
45, 130, 0, 1, 3
45, 130, 0, 1, 3
45, 130, 0, 1, 3
45, 130, 0, 1, 3
45, 130, 0, 1, 3
45, 130, 0, 1, 3
45, 130, 0, 1, 3
45, 130, 0, 1, 3
45, 130, 0, 1, 3
45, 130, 0, 1, 3
45, 130, 0, 1, 3
45, 130, 0, 1, 3
45, 130, 0, 1, 3
45, 130, 0, 1, 3
45, 130, 0, 1, 3
45, 130, 0, 1, 3
45, 130, 0, 1, 3
45, 130, 0, 1, 3
45, 130, 0, 1, 3
45, 130, 0, 1, 3
45, 130, 0, 1, 3
45, 130, 0, 1, 3
45, 130, 0, 1, 3
45, 130, 0, 1, 3
45, 130, 0, 1, 3
45, 130, 0, 1, 3
45, 130, 0, 1, 3
45, 130, 0, 1, 3
45, 130, 0, 1, 3
45, 130, 0, 1, 3
45, 130, 0, 1, 3
45, 130, 0, 1, 3
45, 130, 0, 1, 3
45, 130, 0, 1, 3
45, 130, 0, 1, 3
45, 130, 0, 1, 3
45, 130, 0, 1, 3
45, 130, 0, 1, 3
45, 130, 0, 1, 3
45, 130, 0, 1, 3
45, 130, 0, 1, 3
45, 130, 0, 1, 3
45, 130, 0, 1, 3
45, 130, 0, 1, 3
45, 130, 0, 1, 3
45, 130, 0, 1, 3
45, 130, 0, 1, 3
45, 130, 0, 1, 3
45, 130, 0, 1, 3
45, 130, 0, 1, 3
45, 130, 0, 1, 3
45, 130, 0, 1, 3
45, 130, 0, 1, 3
45, 130, 0, 1, 3
45, 130, 0, 1, 3
45, 130, 0, 1, 3
45, 130, 0, 1, 3
45, 130, 0, 1, 3
45, 130, 0, 1, 3
45, 130, 0, 1, 3
45, 130, 0, 1, 3
45, 130, 0, 1, 3
45, 130, 0, 1, 3
45, 130, 0, 1, 3
45, 130, 0, 1, 3
45, 130, 0, 1, 3
45, 130, 0, 1, 3
45, 130, 0, 1, 3
45, 130, 0, 1, 3
45, 130, 0, 1, 3
45, 130, 0, 1, 3
45, 130, 0, 1, 3
45, 130, 0, 1, 3
45, 130, 0, 1, 3
45, 130, 0, 1, 3
45, 130, 0, 1, 3
46, 130, 0, 1, 3
46, 130, 0, 1, 3
46, 130, 0, 1, 3
46, 130, 0, 1, 3
46, 130, 0, 1, 3
46, 130, 0, 1, 3
46, 130, 0, 1, 3
46, 130, 0, 1, 3
46, 130, 0, 1, 3
46, 130, 0, 1, 3
46, 130, 0, 1, 3
46, 130, 0, 1, 3
46, 130, 0, 1, 3
46, 130, 0, 1, 3
46, 130, 0, 1, 3
46, 130, 0, 1, 3
46, 130, 0, 1, 3
46, 130, 0, 1, 3
46, 130, 0, 1, 3
46, 130, 0, 1, 3
46, 130, 0, 1, 3
46, 130, 0, 1, 3
46, 130, 0, 1, 3
46, 130, 0, 1, 3
46, 130, 0, 1, 3
46, 130, 0, 1, 3
46, 130, 0, 1, 3
46, 130, 0, 1, 3
46, 130, 0, 1, 3
46, 130, 0, 1, 3
46, 130, 0, 1, 3
46, 130, 0, 1, 3
46, 130, 0, 1, 3
46, 130, 0, 1, 3
46, 130, 0, 1, 3
46, 130, 0, 1, 3
46, 130, 0, 1, 3
46, 130, 0, 1, 3
46, 130, 0, 1, 3
46, 130, 0, 1, 3
46, 130, 0, 1, 3
46, 130, 0, 1, 3
46, 130, 0, 1, 3
46, 130, 0, 1, 3
46, 130, 0, 1, 3
46, 130, 0, 1, 3
46, 130, 0, 1, 3
46, 130, 0, 1, 3
46, 130, 0, 1, 3
46, 130, 0, 1, 3
46, 130, 0, 1, 3
46, 130, 0, 1, 3
46, 130, 0, 1, 3
46, 130, 0, 1, 3
46, 130, 0, 1, 3
46, 130, 0, 1, 3
46, 130, 0, 1, 3
46, 130, 0, 1, 3
46, 130, 0, 1, 3
46, 130, 0, 1, 3
46, 130, 0, 1, 3
46, 130, 0, 1, 3
46, 130, 0, 1, 3
46, 130, 0, 1, 3
46, 130, 0, 1, 3
46, 130, 0, 1, 3
46, 130, 0, 1, 3
46, 130, 0, 1, 3
46, 130, 0, 1, 3
46, 130, 0, 1, 3
46, 130, 0, 1, 3
46, 130, 0, 1, 3
46, 130, 0, 1, 3
46, 130, 0, 1, 3
46, 130, 0, 1, 3
46, 130, 0, 1, 3
46, 130, 0, 1, 3
46, 130, 0, 1, 3
46, 130, 0, 1, 3
46, 130, 0, 1, 3
46, 130, 0, 1, 3
46, 130, 0, 1, 3
46, 130, 0, 1, 3
46, 130, 0, 1, 3
46, 130, 0, 1, 3
46, 130, 0, 1, 3
46, 130, 0, 1, 3
46, 130, 0, 1, 3
46, 130, 0, 1, 3
46, 130, 0, 1, 3
46, 130, 0, 1, 3
46, 130, 0, 1, 3
46, 130, 0, 1, 3
46, 130, 0, 1, 3
46, 130, 0, 1, 3
46, 130, 0, 1, 3
46, 130, 0, 1, 3
46, 130, 0, 1, 3
46, 130, 0, 1, 3
46, 130, 0, 1, 3
46, 130, 0, 1, 3
46, 130, 0, 1, 3
46, 130, 0, 1, 3
46, 130, 0, 1, 3
46, 130, 0, 1, 3
46, 130, 0, 1, 3
46, 130, 0, 1, 3
46, 130, 0, 1, 3
46, 130, 0, 1, 3
46, 130, 0, 1, 3
46, 130, 0, 1, 3
46, 130, 0, 1, 3
46, 130, 0, 1, 3
46, 130, 0, 1, 3
46, 130, 0, 1, 3
46, 130, 0, 1, 3
46, 130, 0, 1, 3
46, 130, 0, 1, 3
46, 130, 0, 1, 3
46, 130, 0, 1, 3
46, 130, 0, 1, 3
46, 130, 0, 1, 3
46, 130, 0, 1, 3
46, 130, 0, 1, 3
46, 130, 0, 1, 3
46, 130, 0, 1, 3
46, 130, 0, 1, 3
46, 130, 0, 1, 3
46, 130, 0, 1, 3
46, 130, 0, 1, 3
47, 130, 0, 1, 3
47, 130, 0, 1, 3
47, 130, 0, 1, 3
47, 130, 0, 1, 3
47, 130, 0, 1, 3
47, 130, 0, 1, 3
47, 130, 0, 1, 3
47, 130, 0, 1, 3
47, 130, 0, 1, 3
47, 130, 0, 1, 3
47, 130, 0, 1, 3
47, 130, 0, 1, 3
47, 130, 0, 1, 3
47, 130, 0, 1, 3
47, 130, 0, 1, 3
47, 130, 0, 1, 3
47, 130, 0, 1, 3
47, 130, 0, 1, 3
47, 130, 0, 1, 3
47, 130, 0, 1, 3
47, 130, 0, 1, 3
47, 130, 0, 1, 3
47, 130, 0, 1, 3
47, 130, 0, 1, 3
47, 130, 0, 1, 3
47, 130, 0, 1, 3
47, 130, 0, 1, 3
47, 130, 0, 1, 3
47, 130, 0, 1, 3
47, 130, 0, 1, 3
47, 130, 0, 1, 3
47, 130, 0, 1, 3
47, 130, 0, 1, 3
47, 130, 0, 1, 3
47, 130, 0, 1, 3
47, 130, 0, 1, 3
47, 130, 0, 1, 3
47, 130, 0, 1, 3
47, 130, 0, 1, 3
47, 130, 0, 1, 3
47, 130, 0, 1, 3
47, 130, 0, 1, 3
47, 130, 0, 1, 3
47, 130, 0, 1, 3
47, 130, 0, 1, 3
47, 130, 0, 1, 3
47, 130, 0, 1, 3
47, 130, 0, 1, 3
47, 130, 0, 1, 3
47, 130, 0, 1, 3
47, 130, 0, 1, 3
47, 130, 0, 1, 3
47, 130, 0, 1, 3
47, 130, 0, 1, 3
47, 130, 0, 1, 3
47, 130, 0, 1, 3
47, 130, 0, 1, 3
47, 130, 0, 1, 3
47, 130, 0, 1, 3
47, 130, 0, 1, 3
47, 130, 0, 1, 3
47, 130, 0, 1, 3
47, 130, 0, 1, 3
47, 130, 0, 1, 3
47, 130, 0, 1, 3
47, 130, 0, 1, 3
47, 130, 0, 1, 3
47, 130, 0, 1, 3
47, 130, 0, 1, 3
47, 130, 0, 1, 3
47, 130, 0, 1, 3
47, 130, 0, 1, 3
47, 130, 0, 1, 3
47, 130, 0, 1, 3
47, 130, 0, 1, 3
47, 130, 0, 1, 3
47, 130, 0, 1, 3
47, 130, 0, 1, 3
47, 130, 0, 1, 3
47, 130, 0, 1, 3
47, 130, 0, 1, 3
47, 130, 0, 1, 3
47, 130, 0, 1, 3
47, 130, 0, 1, 3
47, 130, 0, 1, 3
47, 130, 0, 1, 3
47, 130, 0, 1, 3
47, 130, 0, 1, 3
47, 130, 0, 1, 3
47, 130, 0, 1, 3
47, 130, 0, 1, 3
47, 130, 0, 1, 3
47, 130, 0, 1, 3
47, 130, 0, 1, 3
47, 130, 0, 1, 3
47, 130, 0, 1, 3
47, 130, 0, 1, 3
47, 130, 0, 1, 3
47, 130, 0, 1, 3
47, 130, 0, 1, 3
47, 130, 0, 1, 3
47, 130, 0, 1, 3
47, 130, 0, 1, 3
47, 130, 0, 1, 3
47, 130, 0, 1, 3
47, 130, 0, 1, 3
47, 130, 0, 1, 3
47, 130, 0, 1, 3
47, 130, 0, 1, 3
47, 130, 0, 1, 3
47, 130, 0, 1, 3
47, 130, 0, 1, 3
47, 130, 0, 1, 3
47, 130, 0, 1, 3
47, 130, 0, 1, 3
47, 130, 0, 1, 3
47, 130, 0, 1, 3
47, 130, 0, 1, 3
47, 130, 0, 1, 3
47, 130, 0, 1, 3
47, 130, 0, 1, 3
47, 130, 0, 1, 3
47, 130, 0, 1, 3
47, 130, 0, 1, 3
47, 130, 0, 1, 3
47, 130, 0, 1, 3
47, 130, 0, 1, 3
47, 130, 0, 1, 3
47, 130, 0, 1, 3
47, 130, 0, 1, 3
48, 130, 0, 1, 3
48, 130, 0, 1, 3
48, 130, 0, 1, 3
48, 130, 0, 1, 3
48, 130, 0, 1, 3
48, 130, 0, 1, 3
48, 130, 0, 1, 3
48, 130, 0, 1, 3
48, 130, 0, 1, 3
48, 130, 0, 1, 3
48, 130, 0, 1, 3
48, 130, 0, 1, 3
48, 130, 0, 1, 3
48, 130, 0, 1, 3
48, 130, 0, 1, 3
48, 130, 0, 1, 3
48, 130, 0, 1, 3
48, 130, 0, 1, 3
48, 130, 0, 1, 3
48, 130, 0, 1, 3
48, 130, 0, 1, 3
48, 130, 0, 1, 3
48, 130, 0, 1, 3
48, 130, 0, 1, 3
48, 130, 0, 1, 3
48, 130, 0, 1, 3
48, 130, 0, 1, 3
48, 130, 0, 1, 3
48, 130, 0, 1, 3
48, 130, 0, 1, 3
48, 130, 0, 1, 3
48, 130, 0, 1, 3
48, 130, 0, 1, 3
48, 130, 0, 1, 3
48, 130, 0, 1, 3
48, 130, 0, 1, 3
48, 130, 0, 1, 3
48, 130, 0, 1, 3
48, 130, 0, 1, 3
48, 130, 0, 1, 3
48, 130, 0, 1, 3
48, 130, 0, 1, 3
48, 130, 0, 1, 3
48, 130, 0, 1, 3
48, 130, 0, 1, 3
48, 130, 0, 1, 3
48, 130, 0, 1, 3
48, 130, 0, 1, 3
48, 130, 0, 1, 3
48, 130, 0, 1, 3
48, 130, 0, 1, 3
48, 130, 0, 1, 3
48, 130, 0, 1, 3
48, 130, 0, 1, 3
48, 130, 0, 1, 3
48, 130, 0, 1, 3
48, 130, 0, 1, 3
48, 130, 0, 1, 3
48, 130, 0, 1, 3
48, 130, 0, 1, 3
48, 130, 0, 1, 3
48, 130, 0, 1, 3
48, 130, 0, 1, 3
48, 130, 0, 1, 3
48, 130, 0, 1, 3
48, 130, 0, 1, 3
48, 130, 0, 1, 3
48, 130, 0, 1, 3
48, 130, 0, 1, 3
48, 130, 0, 1, 3
48, 130, 0, 1, 3
48, 130, 0, 1, 3
48, 130, 0, 1, 3
48, 130, 0, 1, 3
48, 130, 0, 1, 3
48, 130, 0, 1, 3
48, 130, 0, 1, 3
48, 130, 0, 1, 3
48, 130, 0, 1, 3
48, 130, 0, 1, 3
48, 130, 0, 1, 3
48, 130, 0, 1, 3
48, 130, 0, 1, 3
48, 130, 0, 1, 3
48, 130, 0, 1, 3
48, 130, 0, 1, 3
48, 130, 0, 1, 3
48, 130, 0, 1, 3
48, 130, 0, 1, 3
48, 130, 0, 1, 3
48, 130, 0, 1, 3
48, 130, 0, 1, 3
48, 130, 0, 1, 3
48, 130, 0, 1, 3
48, 130, 0, 1, 3
48, 130, 0, 1, 3
48, 130, 0, 1, 3
48, 130, 0, 1, 3
48, 130, 0, 1, 3
48, 130, 0, 1, 3
48, 130, 0, 1, 3
48, 130, 0, 1, 3
48, 130, 0, 1, 3
48, 130, 0, 1, 3
48, 130, 0, 1, 3
48, 130, 0, 1, 3
48, 130, 0, 1, 3
48, 130, 0, 1, 3
48, 130, 0, 1, 3
48, 130, 0, 1, 3
48, 130, 0, 1, 3
48, 130, 0, 1, 3
48, 130, 0, 1, 3
48, 130, 0, 1, 3
48, 130, 0, 1, 3
48, 130, 0, 1, 3
48, 130, 0, 1, 3
48, 130, 0, 1, 3
48, 130, 0, 1, 3
48, 130, 0, 1, 3
48, 130, 0, 1, 3
48, 130, 0, 1, 3
48, 130, 0, 1, 3
48, 130, 0, 1, 3
48, 130, 0, 1, 3
48, 130, 0, 1, 3
48, 130, 0, 1, 3
48, 130, 0, 1, 3
48, 130, 0, 1, 3
48, 130, 0, 1, 3
49, 39, 1, 0, 3
49, 39, 1, 0, 3
49, 39, 1, 0, 3
49, 39, 1, 0, 3
49, 39, 1, 0, 3
49, 39, 1, 0, 3
49, 39, 1, 0, 3
49, 39, 1, 0, 3
49, 39, 1, 0, 3
49, 39, 1, 0, 3
49, 39, 1, 0, 3
49, 39, 1, 0, 3
49, 39, 1, 0, 3
49, 39, 1, 0, 3
49, 39, 1, 0, 3
49, 39, 1, 0, 3
49, 39, 1, 0, 3
49, 39, 1, 0, 3
49, 39, 1, 0, 3
49, 39, 1, 0, 3
49, 39, 1, 0, 3
49, 39, 1, 0, 3
49, 39, 1, 0, 3
49, 39, 1, 0, 3
49, 39, 1, 0, 3
49, 39, 1, 0, 3
49, 39, 1, 0, 3
49, 39, 1, 0, 3
49, 39, 1, 0, 3
49, 39, 1, 0, 3
49, 39, 1, 0, 3
49, 39, 1, 0, 3
49, 39, 1, 0, 3
49, 39, 1, 0, 3
49, 39, 1, 0, 3
49, 39, 1, 0, 3
49, 39, 1, 0, 3
49, 39, 1, 0, 3
49, 39, 1, 0, 3
50, 39, 1, 0, 3
50, 39, 1, 0, 3
50, 39, 1, 0, 3
50, 39, 1, 0, 3
50, 39, 1, 0, 3
50, 39, 1, 0, 3
50, 39, 1, 0, 3
50, 39, 1, 0, 3
50, 39, 1, 0, 3
50, 39, 1, 0, 3
50, 39, 1, 0, 3
50, 39, 1, 0, 3
50, 39, 1, 0, 3
50, 39, 1, 0, 3
50, 39, 1, 0, 3
50, 39, 1, 0, 3
50, 39, 1, 0, 3
50, 39, 1, 0, 3
50, 39, 1, 0, 3
50, 39, 1, 0, 3
50, 39, 1, 0, 3
50, 39, 1, 0, 3
50, 39, 1, 0, 3
50, 39, 1, 0, 3
50, 39, 1, 0, 3
50, 39, 1, 0, 3
50, 39, 1, 0, 3
50, 39, 1, 0, 3
50, 39, 1, 0, 3
50, 39, 1, 0, 3
50, 39, 1, 0, 3
50, 39, 1, 0, 3
50, 39, 1, 0, 3
50, 39, 1, 0, 3
50, 39, 1, 0, 3
50, 39, 1, 0, 3
50, 39, 1, 0, 3
50, 39, 1, 0, 3
50, 39, 1, 0, 3
51, 39, 1, 0, 3
51, 39, 1, 0, 3
51, 39, 1, 0, 3
51, 39, 1, 0, 3
51, 39, 1, 0, 3
51, 39, 1, 0, 3
51, 39, 1, 0, 3
51, 39, 1, 0, 3
51, 39, 1, 0, 3
51, 39, 1, 0, 3
51, 39, 1, 0, 3
51, 39, 1, 0, 3
51, 39, 1, 0, 3
51, 39, 1, 0, 3
51, 39, 1, 0, 3
51, 39, 1, 0, 3
51, 39, 1, 0, 3
51, 39, 1, 0, 3
51, 39, 1, 0, 3
51, 39, 1, 0, 3
51, 39, 1, 0, 3
51, 39, 1, 0, 3
51, 39, 1, 0, 3
51, 39, 1, 0, 3
51, 39, 1, 0, 3
51, 39, 1, 0, 3
51, 39, 1, 0, 3
51, 39, 1, 0, 3
51, 39, 1, 0, 3
51, 39, 1, 0, 3
51, 39, 1, 0, 3
51, 39, 1, 0, 3
51, 39, 1, 0, 3
51, 39, 1, 0, 3
51, 39, 1, 0, 3
51, 39, 1, 0, 3
51, 39, 1, 0, 3
51, 39, 1, 0, 3
51, 39, 1, 0, 3
52, 39, 1, 0, 3
52, 39, 1, 0, 3
52, 39, 1, 0, 3
52, 39, 1, 0, 3
52, 39, 1, 0, 3
52, 39, 1, 0, 3
52, 39, 1, 0, 3
52, 39, 1, 0, 3
52, 39, 1, 0, 3
52, 39, 1, 0, 3
52, 39, 1, 0, 3
52, 39, 1, 0, 3
52, 39, 1, 0, 3
52, 39, 1, 0, 3
52, 39, 1, 0, 3
52, 39, 1, 0, 3
52, 39, 1, 0, 3
52, 39, 1, 0, 3
52, 39, 1, 0, 3
52, 39, 1, 0, 3
52, 39, 1, 0, 3
52, 39, 1, 0, 3
52, 39, 1, 0, 3
52, 39, 1, 0, 3
52, 39, 1, 0, 3
52, 39, 1, 0, 3
52, 39, 1, 0, 3
52, 39, 1, 0, 3
52, 39, 1, 0, 3
52, 39, 1, 0, 3
52, 39, 1, 0, 3
52, 39, 1, 0, 3
52, 39, 1, 0, 3
52, 39, 1, 0, 3
52, 39, 1, 0, 3
52, 39, 1, 0, 3
52, 39, 1, 0, 3
52, 39, 1, 0, 3
52, 39, 1, 0, 3
53, 39, 1, 0, 3
53, 39, 1, 0, 3
53, 39, 1, 0, 3
53, 39, 1, 0, 3
53, 39, 1, 0, 3
53, 39, 1, 0, 3
53, 39, 1, 0, 3
53, 39, 1, 0, 3
53, 39, 1, 0, 3
53, 39, 1, 0, 3
53, 39, 1, 0, 3
53, 39, 1, 0, 3
53, 39, 1, 0, 3
53, 39, 1, 0, 3
53, 39, 1, 0, 3
53, 39, 1, 0, 3
53, 39, 1, 0, 3
53, 39, 1, 0, 3
53, 39, 1, 0, 3
53, 39, 1, 0, 3
53, 39, 1, 0, 3
53, 39, 1, 0, 3
53, 39, 1, 0, 3
53, 39, 1, 0, 3
53, 39, 1, 0, 3
53, 39, 1, 0, 3
53, 39, 1, 0, 3
53, 39, 1, 0, 3
53, 39, 1, 0, 3
53, 39, 1, 0, 3
53, 39, 1, 0, 3
53, 39, 1, 0, 3
53, 39, 1, 0, 3
53, 39, 1, 0, 3
53, 39, 1, 0, 3
53, 39, 1, 0, 3
53, 39, 1, 0, 3
53, 39, 1, 0, 3
53, 39, 1, 0, 3
54, 39, 1, 0, 3
54, 39, 1, 0, 3
54, 39, 1, 0, 3
54, 39, 1, 0, 3
54, 39, 1, 0, 3
54, 39, 1, 0, 3
54, 39, 1, 0, 3
54, 39, 1, 0, 3
54, 39, 1, 0, 3
54, 39, 1, 0, 3
54, 39, 1, 0, 3
54, 39, 1, 0, 3
54, 39, 1, 0, 3
54, 39, 1, 0, 3
54, 39, 1, 0, 3
54, 39, 1, 0, 3
54, 39, 1, 0, 3
54, 39, 1, 0, 3
54, 39, 1, 0, 3
54, 39, 1, 0, 3
54, 39, 1, 0, 3
54, 39, 1, 0, 3
54, 39, 1, 0, 3
54, 39, 1, 0, 3
54, 39, 1, 0, 3
54, 39, 1, 0, 3
54, 39, 1, 0, 3
54, 39, 1, 0, 3
54, 39, 1, 0, 3
54, 39, 1, 0, 3
54, 39, 1, 0, 3
54, 39, 1, 0, 3
54, 39, 1, 0, 3
54, 39, 1, 0, 3
54, 39, 1, 0, 3
54, 39, 1, 0, 3
54, 39, 1, 0, 3
54, 39, 1, 0, 3
54, 39, 1, 0, 3
55, 39, 1, 0, 4
55, 39, 1, 0, 4
55, 39, 1, 0, 4
55, 39, 1, 0, 4
55, 39, 1, 0, 4
55, 39, 1, 0, 4
55, 39, 1, 0, 4
55, 39, 1, 0, 4
55, 39, 1, 0, 4
55, 39, 1, 0, 4
55, 39, 1, 0, 4
55, 39, 1, 0, 4
55, 39, 1, 0, 4
55, 39, 1, 0, 4
55, 39, 1, 0, 4
55, 39, 1, 0, 4
55, 39, 1, 0, 4
55, 39, 1, 0, 4
55, 39, 1, 0, 4
55, 39, 1, 0, 4
55, 39, 1, 0, 4
55, 39, 1, 0, 4
55, 39, 1, 0, 4
55, 39, 1, 0, 4
55, 39, 1, 0, 4
55, 39, 1, 0, 4
55, 39, 1, 0, 4
55, 39, 1, 0, 4
55, 39, 1, 0, 4
55, 39, 1, 0, 4
55, 39, 1, 0, 4
55, 39, 1, 0, 4
55, 39, 1, 0, 4
55, 39, 1, 0, 4
55, 39, 1, 0, 4
55, 39, 1, 0, 4
55, 39, 1, 0, 4
55, 39, 1, 0, 4
55, 39, 1, 0, 4
56, 39, 1, 0, 4
56, 39, 1, 0, 4
56, 39, 1, 0, 4
56, 39, 1, 0, 4
56, 39, 1, 0, 4
56, 39, 1, 0, 4
56, 39, 1, 0, 4
56, 39, 1, 0, 4
56, 39, 1, 0, 4
56, 39, 1, 0, 4
56, 39, 1, 0, 4
56, 39, 1, 0, 4
56, 39, 1, 0, 4
56, 39, 1, 0, 4
56, 39, 1, 0, 4
56, 39, 1, 0, 4
56, 39, 1, 0, 4
56, 39, 1, 0, 4
56, 39, 1, 0, 4
56, 39, 1, 0, 4
56, 39, 1, 0, 4
56, 39, 1, 0, 4
56, 39, 1, 0, 4
56, 39, 1, 0, 4
56, 39, 1, 0, 4
56, 39, 1, 0, 4
56, 39, 1, 0, 4
56, 39, 1, 0, 4
56, 39, 1, 0, 4
56, 39, 1, 0, 4
56, 39, 1, 0, 4
56, 39, 1, 0, 4
56, 39, 1, 0, 4
56, 39, 1, 0, 4
56, 39, 1, 0, 4
56, 39, 1, 0, 4
56, 39, 1, 0, 4
56, 39, 1, 0, 4
56, 39, 1, 0, 4
57, 39, 1, 0, 4
57, 39, 1, 0, 4
57, 39, 1, 0, 4
57, 39, 1, 0, 4
57, 39, 1, 0, 4
57, 39, 1, 0, 4
57, 39, 1, 0, 4
57, 39, 1, 0, 4
57, 39, 1, 0, 4
57, 39, 1, 0, 4
57, 39, 1, 0, 4
57, 39, 1, 0, 4
57, 39, 1, 0, 4
57, 39, 1, 0, 4
57, 39, 1, 0, 4
57, 39, 1, 0, 4
57, 39, 1, 0, 4
57, 39, 1, 0, 4
57, 39, 1, 0, 4
57, 39, 1, 0, 4
57, 39, 1, 0, 4
57, 39, 1, 0, 4
57, 39, 1, 0, 4
57, 39, 1, 0, 4
57, 39, 1, 0, 4
57, 39, 1, 0, 4
57, 39, 1, 0, 4
57, 39, 1, 0, 4
57, 39, 1, 0, 4
57, 39, 1, 0, 4
57, 39, 1, 0, 4
57, 39, 1, 0, 4
57, 39, 1, 0, 4
57, 39, 1, 0, 4
57, 39, 1, 0, 4
57, 39, 1, 0, 4
57, 39, 1, 0, 4
57, 39, 1, 0, 4
57, 39, 1, 0, 4
58, 39, 1, 0, 4
58, 39, 1, 0, 4
58, 39, 1, 0, 4
58, 39, 1, 0, 4
58, 39, 1, 0, 4
58, 39, 1, 0, 4
58, 39, 1, 0, 4
58, 39, 1, 0, 4
58, 39, 1, 0, 4
58, 39, 1, 0, 4
58, 39, 1, 0, 4
58, 39, 1, 0, 4
58, 39, 1, 0, 4
58, 39, 1, 0, 4
58, 39, 1, 0, 4
58, 39, 1, 0, 4
58, 39, 1, 0, 4
58, 39, 1, 0, 4
58, 39, 1, 0, 4
58, 39, 1, 0, 4
58, 39, 1, 0, 4
58, 39, 1, 0, 4
58, 39, 1, 0, 4
58, 39, 1, 0, 4
58, 39, 1, 0, 4
58, 39, 1, 0, 4
58, 39, 1, 0, 4
58, 39, 1, 0, 4
58, 39, 1, 0, 4
58, 39, 1, 0, 4
58, 39, 1, 0, 4
58, 39, 1, 0, 4
58, 39, 1, 0, 4
58, 39, 1, 0, 4
58, 39, 1, 0, 4
58, 39, 1, 0, 4
58, 39, 1, 0, 4
58, 39, 1, 0, 4
58, 39, 1, 0, 4
Goal
49
50
51
52
53
54
55
56
57
58
