CG
269
0, 1, 267, 252
1, 3, 0, 2
1, 3, 200, 2
1, 3, 267, 1
2, 2, 0, 3
2, 2, 3, 3
3, 2, 0, 1
3, 2, 4, 1
4, 2, 0, 1
4, 2, 5, 1
5, 4, 0, 1
5, 4, 6, 1
5, 4, 7, 1
5, 4, 8, 1
6, 2, 0, 1
6, 2, 167, 1
7, 2, 0, 1
7, 2, 168, 1
8, 2, 0, 1
8, 2, 169, 1
9, 3, 0, 2
9, 3, 204, 1
9, 3, 166, 1
10, 2, 0, 1
10, 2, 204, 1
11, 2, 0, 4
11, 2, 12, 4
12, 2, 0, 1
12, 2, 231, 1
13, 2, 0, 1
13, 2, 171, 1
14, 2, 0, 1
14, 2, 172, 1
15, 2, 0, 1
15, 2, 181, 1
16, 2, 0, 3
16, 2, 17, 3
17, 2, 0, 1
17, 2, 183, 1
18, 3, 0, 2
18, 3, 33, 1
18, 3, 19, 1
19, 2, 0, 1
19, 2, 32, 1
20, 3, 0, 2
20, 3, 233, 1
20, 3, 32, 1
21, 3, 0, 1
21, 3, 22, 1
21, 3, 23, 1
22, 2, 0, 1
22, 2, 24, 1
23, 2, 0, 1
23, 2, 25, 1
24, 2, 0, 1
24, 2, 34, 1
25, 2, 0, 1
25, 2, 35, 1
26, 4, 0, 1
26, 4, 27, 1
26, 4, 28, 1
26, 4, 37, 1
27, 2, 0, 1
27, 2, 173, 1
28, 2, 0, 1
28, 2, 29, 1
29, 5, 0, 1
29, 5, 38, 1
29, 5, 30, 1
29, 5, 39, 1
29, 5, 31, 1
30, 2, 0, 1
30, 2, 205, 1
31, 2, 0, 1
31, 2, 206, 1
32, 2, 0, 1
32, 2, 20, 1
33, 2, 0, 1
33, 2, 18, 1
34, 3, 0, 1
34, 3, 35, 1
34, 3, 36, 1
35, 3, 0, 1
35, 3, 34, 1
35, 3, 36, 1
36, 2, 0, 1
36, 2, 233, 1
37, 3, 0, 2
37, 3, 71, 2
37, 3, 267, 1
38, 3, 0, 2
38, 3, 234, 2
38, 3, 267, 1
39, 3, 0, 2
39, 3, 235, 2
39, 3, 267, 1
40, 3, 0, 2
40, 3, 96, 2
40, 3, 267, 1
41, 3, 0, 2
41, 3, 42, 2
41, 3, 267, 1
42, 4, 0, 1
42, 4, 43, 1
42, 4, 72, 1
42, 4, 44, 1
43, 3, 0, 2
43, 3, 97, 2
43, 3, 267, 1
44, 3, 0, 2
44, 3, 190, 2
44, 3, 267, 1
45, 3, 0, 2
45, 3, 46, 2
45, 3, 267, 1
46, 4, 0, 1
46, 4, 47, 1
46, 4, 73, 1
46, 4, 48, 1
47, 3, 0, 2
47, 3, 98, 2
47, 3, 267, 1
48, 3, 0, 2
48, 3, 99, 2
48, 3, 267, 1
49, 3, 0, 2
49, 3, 174, 2
49, 3, 267, 1
50, 3, 0, 2
50, 3, 74, 2
50, 3, 267, 1
51, 3, 0, 2
51, 3, 236, 2
51, 3, 267, 1
52, 3, 0, 2
52, 3, 237, 2
52, 3, 267, 1
53, 3, 0, 2
53, 3, 238, 2
53, 3, 267, 1
54, 3, 0, 2
54, 3, 239, 2
54, 3, 267, 1
55, 3, 0, 2
55, 3, 201, 2
55, 3, 267, 1
56, 3, 0, 2
56, 3, 241, 2
56, 3, 267, 1
57, 3, 0, 2
57, 3, 242, 2
57, 3, 267, 1
58, 3, 0, 2
58, 3, 188, 2
58, 3, 267, 1
59, 3, 0, 2
59, 3, 75, 2
59, 3, 267, 1
60, 3, 0, 2
60, 3, 76, 2
60, 3, 267, 1
61, 3, 0, 2
61, 3, 77, 2
61, 3, 267, 1
62, 3, 0, 2
62, 3, 100, 2
62, 3, 267, 1
63, 3, 0, 2
63, 3, 184, 2
63, 3, 267, 1
64, 3, 0, 2
64, 3, 182, 2
64, 3, 267, 1
65, 3, 0, 2
65, 3, 208, 2
65, 3, 267, 1
66, 3, 0, 2
66, 3, 177, 2
66, 3, 267, 1
67, 3, 0, 2
67, 3, 178, 2
67, 3, 267, 1
68, 3, 0, 2
68, 3, 209, 2
68, 3, 267, 1
69, 3, 0, 2
69, 3, 210, 2
69, 3, 267, 1
70, 3, 0, 2
70, 3, 211, 2
70, 3, 267, 1
71, 3, 0, 2
71, 3, 202, 2
71, 3, 267, 1
72, 3, 0, 3
72, 3, 79, 3
72, 3, 267, 2
73, 3, 0, 3
73, 3, 80, 3
73, 3, 267, 2
74, 3, 0, 2
74, 3, 175, 2
74, 3, 267, 1
75, 4, 0, 3
75, 4, 194, 1
75, 4, 101, 2
75, 4, 267, 1
76, 3, 0, 2
76, 3, 81, 2
76, 3, 267, 1
77, 5, 0, 4
77, 5, 33, 1
77, 5, 78, 2
77, 5, 21, 1
77, 5, 267, 1
78, 5, 0, 1
78, 5, 62, 1
78, 5, 63, 1
78, 5, 64, 1
78, 5, 82, 1
79, 5, 0, 1
79, 5, 56, 1
79, 5, 57, 1
79, 5, 83, 1
79, 5, 84, 1
80, 3, 0, 1
80, 3, 49, 1
80, 3, 50, 1
81, 3, 0, 2
81, 3, 199, 2
81, 3, 267, 1
82, 3, 0, 3
82, 3, 85, 3
82, 3, 267, 2
83, 3, 0, 3
83, 3, 243, 3
83, 3, 267, 2
84, 3, 0, 3
84, 3, 244, 3
84, 3, 267, 2
85, 4, 0, 1
85, 4, 86, 1
85, 4, 65, 1
85, 4, 87, 1
86, 3, 0, 3
86, 3, 221, 3
86, 3, 267, 2
87, 3, 0, 3
87, 3, 222, 3
87, 3, 267, 2
88, 4, 0, 1
88, 4, 40, 1
88, 4, 61, 1
88, 4, 89, 1
89, 3, 0, 3
89, 3, 189, 3
89, 3, 267, 2
90, 5, 0, 1
90, 5, 41, 1
90, 5, 58, 1
90, 5, 59, 1
90, 5, 60, 1
91, 5, 0, 1
91, 5, 51, 1
91, 5, 52, 1
91, 5, 53, 1
91, 5, 54, 1
92, 4, 0, 1
92, 4, 55, 1
92, 4, 13, 1
92, 4, 14, 1
93, 3, 0, 3
93, 3, 102, 3
93, 3, 267, 2
94, 3, 0, 1
94, 3, 66, 1
94, 3, 67, 1
95, 4, 0, 1
95, 4, 68, 1
95, 4, 69, 1
95, 4, 70, 1
96, 3, 0, 3
96, 3, 133, 3
96, 3, 267, 2
97, 3, 0, 3
97, 3, 103, 3
97, 3, 267, 2
98, 5, 0, 5
98, 5, 180, 2
98, 5, 166, 2
98, 5, 10, 1
98, 5, 267, 2
99, 5, 0, 5
99, 5, 11, 1
99, 5, 91, 2
99, 5, 92, 2
99, 5, 267, 2
100, 3, 0, 3
100, 3, 248, 3
100, 3, 267, 2
101, 3, 0, 5
101, 3, 104, 5
101, 3, 267, 2
102, 3, 0, 2
102, 3, 196, 2
102, 3, 267, 1
103, 3, 0, 2
103, 3, 213, 2
103, 3, 267, 1
104, 3, 0, 2
104, 3, 105, 2
104, 3, 267, 1
105, 3, 0, 2
105, 3, 106, 2
105, 3, 267, 1
106, 3, 0, 3
106, 3, 194, 3
106, 3, 267, 2
107, 3, 0, 2
107, 3, 88, 2
107, 3, 267, 1
108, 4, 0, 3
108, 4, 204, 2
108, 4, 180, 1
108, 4, 267, 1
109, 3, 0, 4
109, 3, 195, 4
109, 3, 267, 3
110, 3, 0, 2
110, 3, 111, 2
110, 3, 267, 1
111, 3, 0, 6
111, 3, 112, 6
111, 3, 267, 2
112, 3, 0, 2
112, 3, 214, 2
112, 3, 267, 1
113, 3, 0, 5
113, 3, 114, 5
113, 3, 267, 1
114, 3, 0, 2
114, 3, 181, 2
114, 3, 267, 1
115, 4, 0, 3
115, 4, 182, 1
115, 4, 246, 2
115, 4, 267, 1
116, 3, 0, 2
116, 3, 117, 2
116, 3, 267, 1
117, 3, 0, 2
117, 3, 118, 2
117, 3, 267, 1
118, 3, 0, 3
118, 3, 119, 3
118, 3, 267, 2
119, 3, 0, 2
119, 3, 94, 2
119, 3, 267, 1
120, 3, 0, 4
120, 3, 227, 4
120, 3, 267, 3
121, 3, 0, 4
121, 3, 256, 4
121, 3, 267, 3
122, 3, 0, 4
122, 3, 261, 4
122, 3, 267, 3
123, 3, 0, 4
123, 3, 262, 4
123, 3, 267, 3
124, 3, 0, 4
124, 3, 263, 4
124, 3, 267, 3
125, 3, 0, 4
125, 3, 264, 4
125, 3, 267, 3
126, 3, 0, 4
126, 3, 257, 4
126, 3, 267, 3
127, 3, 0, 4
127, 3, 258, 4
127, 3, 267, 3
128, 3, 0, 4
128, 3, 259, 4
128, 3, 267, 3
129, 3, 0, 4
129, 3, 228, 4
129, 3, 267, 3
130, 3, 0, 4
130, 3, 229, 4
130, 3, 267, 3
131, 3, 0, 2
131, 3, 132, 2
131, 3, 267, 1
132, 3, 0, 2
132, 3, 266, 2
132, 3, 267, 1
133, 3, 0, 3
133, 3, 134, 3
133, 3, 267, 2
134, 3, 0, 2
134, 3, 191, 2
134, 3, 267, 1
135, 3, 0, 1
135, 3, 45, 1
135, 3, 93, 1
136, 3, 0, 5
136, 3, 197, 5
136, 3, 267, 4
137, 3, 0, 3
137, 3, 215, 3
137, 3, 267, 2
138, 4, 0, 4
138, 4, 188, 1
138, 4, 253, 3
138, 4, 267, 2
139, 4, 0, 4
139, 4, 16, 1
139, 4, 140, 3
139, 4, 267, 2
140, 3, 0, 3
140, 3, 141, 3
140, 3, 267, 1
141, 3, 0, 2
141, 3, 183, 2
141, 3, 267, 1
142, 4, 0, 4
142, 4, 184, 1
142, 4, 249, 3
142, 4, 267, 2
143, 4, 0, 4
143, 4, 189, 1
143, 4, 144, 3
143, 4, 267, 2
144, 3, 0, 2
144, 3, 116, 2
144, 3, 267, 1
145, 3, 0, 2
145, 3, 90, 2
145, 3, 267, 1
146, 4, 0, 3
146, 4, 190, 1
146, 4, 137, 2
146, 4, 267, 1
147, 4, 0, 3
147, 4, 113, 2
147, 4, 15, 1
147, 4, 267, 1
148, 3, 0, 2
148, 3, 139, 2
148, 3, 267, 1
149, 4, 0, 4
149, 4, 191, 1
149, 4, 225, 3
149, 4, 267, 2
150, 3, 0, 3
150, 3, 135, 3
150, 3, 267, 2
151, 3, 0, 1
151, 3, 109, 1
151, 3, 136, 1
152, 4, 0, 1
152, 4, 120, 1
152, 4, 129, 1
152, 4, 130, 1
153, 5, 0, 1
153, 5, 121, 1
153, 5, 126, 1
153, 5, 127, 1
153, 5, 128, 1
154, 5, 0, 1
154, 5, 122, 1
154, 5, 123, 1
154, 5, 124, 1
154, 5, 125, 1
155, 4, 0, 4
155, 4, 196, 1
155, 4, 192, 3
155, 4, 267, 2
156, 3, 0, 4
156, 3, 153, 4
156, 3, 267, 3
157, 3, 0, 4
157, 3, 154, 4
157, 3, 267, 3
158, 3, 0, 4
158, 3, 159, 4
158, 3, 267, 3
159, 3, 0, 4
159, 3, 200, 4
159, 3, 267, 3
160, 3, 0, 4
160, 3, 161, 4
160, 3, 267, 3
161, 3, 0, 4
161, 3, 162, 4
161, 3, 267, 3
162, 3, 0, 4
162, 3, 266, 4
162, 3, 267, 3
163, 4, 0, 7
163, 4, 199, 4
163, 4, 148, 3
163, 4, 267, 5
164, 6, 0, 8
164, 6, 2, 1
164, 6, 26, 1
164, 6, 160, 4
164, 6, 95, 2
164, 6, 267, 4
165, 4, 0, 6
165, 4, 107, 2
165, 4, 152, 4
165, 4, 267, 4
166, 2, 0, 1
166, 2, 9, 1
167, 4, 0, 1
167, 4, 168, 1
167, 4, 169, 1
167, 4, 170, 1
168, 4, 0, 1
168, 4, 167, 1
168, 4, 169, 1
168, 4, 170, 1
169, 4, 0, 1
169, 4, 167, 1
169, 4, 168, 1
169, 4, 170, 1
170, 2, 0, 1
170, 2, 266, 1
171, 4, 0, 1
171, 4, 201, 1
171, 4, 172, 1
171, 4, 203, 1
172, 4, 0, 1
172, 4, 201, 1
172, 4, 171, 1
172, 4, 203, 1
173, 4, 0, 1
173, 4, 185, 1
173, 4, 202, 1
173, 4, 186, 1
174, 3, 0, 1
174, 3, 175, 1
174, 3, 176, 1
175, 3, 0, 1
175, 3, 174, 1
175, 3, 176, 1
176, 3, 0, 2
176, 3, 217, 2
176, 3, 267, 1
177, 3, 0, 1
177, 3, 178, 1
177, 3, 179, 1
178, 3, 0, 1
178, 3, 177, 1
178, 3, 179, 1
179, 3, 0, 2
179, 3, 220, 2
179, 3, 267, 1
180, 3, 0, 2
180, 3, 108, 2
180, 3, 267, 1
181, 3, 0, 2
181, 3, 138, 2
181, 3, 267, 1
182, 3, 0, 2
182, 3, 115, 2
182, 3, 267, 1
183, 3, 0, 2
183, 3, 251, 2
183, 3, 267, 1
184, 3, 0, 2
184, 3, 142, 2
184, 3, 267, 1
185, 4, 0, 1
185, 4, 173, 1
185, 4, 202, 1
185, 4, 186, 1
186, 2, 0, 1
186, 2, 266, 1
187, 3, 0, 2
187, 3, 268, 2
187, 3, 267, 1
188, 3, 0, 3
188, 3, 147, 3
188, 3, 267, 2
189, 3, 0, 2
189, 3, 143, 2
189, 3, 267, 1
190, 3, 0, 3
190, 3, 146, 3
190, 3, 267, 2
191, 3, 0, 3
191, 3, 149, 3
191, 3, 267, 2
192, 3, 0, 1
192, 3, 193, 1
192, 3, 187, 1
193, 3, 0, 1
193, 3, 192, 1
193, 3, 187, 1
194, 3, 0, 3
194, 3, 254, 3
194, 3, 267, 2
195, 3, 0, 1
195, 3, 197, 1
195, 3, 198, 1
196, 3, 0, 4
196, 3, 151, 4
196, 3, 267, 3
197, 3, 0, 1
197, 3, 195, 1
197, 3, 198, 1
198, 3, 0, 4
198, 3, 155, 4
198, 3, 267, 3
199, 3, 0, 4
199, 3, 163, 4
199, 3, 267, 3
200, 3, 0, 5
200, 3, 164, 5
200, 3, 267, 4
201, 4, 0, 1
201, 4, 171, 1
201, 4, 172, 1
201, 4, 203, 1
202, 4, 0, 1
202, 4, 173, 1
202, 4, 185, 1
202, 4, 186, 1
203, 3, 0, 2
203, 3, 231, 2
203, 3, 267, 1
204, 3, 0, 2
204, 3, 218, 2
204, 3, 267, 1
205, 5, 0, 1
205, 5, 234, 1
205, 5, 235, 1
205, 5, 206, 1
205, 5, 207, 1
206, 5, 0, 1
206, 5, 234, 1
206, 5, 205, 1
206, 5, 235, 1
206, 5, 207, 1
207, 2, 0, 1
207, 2, 185, 1
208, 4, 0, 1
208, 4, 221, 1
208, 4, 222, 1
208, 4, 223, 1
209, 4, 0, 1
209, 4, 210, 1
209, 4, 211, 1
209, 4, 212, 1
210, 4, 0, 1
210, 4, 209, 1
210, 4, 211, 1
210, 4, 212, 1
211, 4, 0, 1
211, 4, 209, 1
211, 4, 210, 1
211, 4, 212, 1
212, 3, 0, 2
212, 3, 131, 2
212, 3, 267, 1
213, 4, 0, 1
213, 4, 214, 1
213, 4, 215, 1
213, 4, 216, 1
214, 4, 0, 1
214, 4, 213, 1
214, 4, 215, 1
214, 4, 216, 1
215, 4, 0, 1
215, 4, 213, 1
215, 4, 214, 1
215, 4, 216, 1
216, 3, 0, 3
216, 3, 252, 3
216, 3, 267, 2
217, 4, 0, 1
217, 4, 218, 1
217, 4, 224, 1
217, 4, 219, 1
218, 4, 0, 1
218, 4, 217, 1
218, 4, 224, 1
218, 4, 219, 1
219, 3, 0, 2
219, 3, 193, 2
219, 3, 267, 1
220, 4, 0, 1
220, 4, 225, 1
220, 4, 232, 1
220, 4, 226, 1
221, 4, 0, 1
221, 4, 208, 1
221, 4, 222, 1
221, 4, 223, 1
222, 4, 0, 1
222, 4, 221, 1
222, 4, 208, 1
222, 4, 223, 1
223, 3, 0, 2
223, 3, 247, 2
223, 3, 267, 1
224, 4, 0, 1
224, 4, 218, 1
224, 4, 217, 1
224, 4, 219, 1
225, 4, 0, 1
225, 4, 232, 1
225, 4, 226, 1
225, 4, 220, 1
226, 3, 0, 3
226, 3, 145, 3
226, 3, 267, 2
227, 4, 0, 1
227, 4, 228, 1
227, 4, 229, 1
227, 4, 230, 1
228, 4, 0, 1
228, 4, 227, 1
228, 4, 229, 1
228, 4, 230, 1
229, 4, 0, 1
229, 4, 227, 1
229, 4, 228, 1
229, 4, 230, 1
230, 3, 0, 4
230, 3, 156, 4
230, 3, 267, 3
231, 3, 0, 2
231, 3, 224, 2
231, 3, 267, 1
232, 4, 0, 1
232, 4, 225, 1
232, 4, 226, 1
232, 4, 220, 1
233, 3, 0, 3
233, 3, 232, 3
233, 3, 267, 2
234, 5, 0, 1
234, 5, 205, 1
234, 5, 235, 1
234, 5, 206, 1
234, 5, 207, 1
235, 5, 0, 1
235, 5, 234, 1
235, 5, 205, 1
235, 5, 206, 1
235, 5, 207, 1
236, 5, 0, 1
236, 5, 237, 1
236, 5, 238, 1
236, 5, 239, 1
236, 5, 240, 1
237, 5, 0, 1
237, 5, 236, 1
237, 5, 238, 1
237, 5, 239, 1
237, 5, 240, 1
238, 5, 0, 1
238, 5, 236, 1
238, 5, 237, 1
238, 5, 239, 1
238, 5, 240, 1
239, 5, 0, 1
239, 5, 236, 1
239, 5, 237, 1
239, 5, 238, 1
239, 5, 240, 1
240, 3, 0, 2
240, 3, 231, 2
240, 3, 267, 1
241, 5, 0, 1
241, 5, 242, 1
241, 5, 243, 1
241, 5, 244, 1
241, 5, 245, 1
242, 5, 0, 1
242, 5, 241, 1
242, 5, 243, 1
242, 5, 244, 1
242, 5, 245, 1
243, 5, 0, 1
243, 5, 241, 1
243, 5, 242, 1
243, 5, 244, 1
243, 5, 245, 1
244, 5, 0, 1
244, 5, 241, 1
244, 5, 242, 1
244, 5, 243, 1
244, 5, 245, 1
245, 3, 0, 2
245, 3, 110, 2
245, 3, 267, 1
246, 5, 0, 1
246, 5, 248, 1
246, 5, 249, 1
246, 5, 247, 1
246, 5, 250, 1
247, 5, 0, 1
247, 5, 248, 1
247, 5, 249, 1
247, 5, 246, 1
247, 5, 250, 1
248, 5, 0, 1
248, 5, 249, 1
248, 5, 246, 1
248, 5, 247, 1
248, 5, 250, 1
249, 5, 0, 1
249, 5, 248, 1
249, 5, 246, 1
249, 5, 247, 1
249, 5, 250, 1
250, 3, 0, 3
250, 3, 233, 3
250, 3, 267, 2
251, 5, 0, 1
251, 5, 252, 1
251, 5, 253, 1
251, 5, 254, 1
251, 5, 255, 1
252, 5, 0, 1
252, 5, 253, 1
252, 5, 254, 1
252, 5, 251, 1
252, 5, 255, 1
253, 5, 0, 1
253, 5, 252, 1
253, 5, 254, 1
253, 5, 251, 1
253, 5, 255, 1
254, 5, 0, 1
254, 5, 252, 1
254, 5, 253, 1
254, 5, 251, 1
254, 5, 255, 1
255, 3, 0, 3
255, 3, 150, 3
255, 3, 267, 2
256, 5, 0, 1
256, 5, 257, 1
256, 5, 258, 1
256, 5, 259, 1
256, 5, 260, 1
257, 5, 0, 1
257, 5, 256, 1
257, 5, 258, 1
257, 5, 259, 1
257, 5, 260, 1
258, 5, 0, 1
258, 5, 256, 1
258, 5, 257, 1
258, 5, 259, 1
258, 5, 260, 1
259, 5, 0, 1
259, 5, 256, 1
259, 5, 257, 1
259, 5, 258, 1
259, 5, 260, 1
260, 3, 0, 4
260, 3, 157, 4
260, 3, 267, 3
261, 5, 0, 1
261, 5, 262, 1
261, 5, 263, 1
261, 5, 264, 1
261, 5, 265, 1
262, 5, 0, 1
262, 5, 261, 1
262, 5, 263, 1
262, 5, 264, 1
262, 5, 265, 1
263, 5, 0, 1
263, 5, 261, 1
263, 5, 262, 1
263, 5, 264, 1
263, 5, 265, 1
264, 5, 0, 1
264, 5, 261, 1
264, 5, 262, 1
264, 5, 263, 1
264, 5, 265, 1
265, 3, 0, 4
265, 3, 158, 4
265, 3, 267, 3
266, 3, 0, 5
266, 3, 165, 5
266, 3, 267, 4
267, 221, 0, 252
267, 221, 1, 1
267, 221, 268, 1
267, 221, 99, 3
267, 221, 231, 3
267, 221, 77, 2
267, 221, 233, 4
267, 221, 199, 7
267, 221, 163, 8
267, 221, 111, 3
267, 221, 112, 3
267, 221, 139, 3
267, 221, 183, 2
267, 221, 200, 8
267, 221, 165, 8
267, 221, 164, 8
267, 221, 266, 8
267, 221, 190, 3
267, 221, 146, 3
267, 221, 184, 2
267, 221, 142, 3
267, 221, 140, 3
267, 221, 141, 2
267, 221, 182, 2
267, 221, 115, 2
267, 221, 188, 3
267, 221, 138, 3
267, 221, 147, 3
267, 221, 181, 2
267, 221, 196, 4
267, 221, 155, 5
267, 221, 113, 2
267, 221, 114, 2
267, 221, 98, 3
267, 221, 204, 2
267, 221, 189, 3
267, 221, 143, 3
267, 221, 180, 2
267, 221, 108, 2
267, 221, 166, 1
267, 221, 75, 2
267, 221, 194, 4
267, 221, 101, 3
267, 221, 104, 3
267, 221, 191, 3
267, 221, 149, 4
267, 221, 134, 3
267, 221, 96, 3
267, 221, 40, 1
267, 221, 225, 2
267, 221, 100, 3
267, 221, 62, 1
267, 221, 248, 2
267, 221, 63, 1
267, 221, 249, 2
267, 221, 64, 1
267, 221, 246, 1
267, 221, 86, 2
267, 221, 221, 2
267, 221, 65, 1
267, 221, 208, 1
267, 221, 87, 2
267, 221, 222, 2
267, 221, 85, 2
267, 221, 223, 1
267, 221, 82, 2
267, 221, 247, 1
267, 221, 78, 1
267, 221, 250, 2
267, 221, 61, 1
267, 221, 232, 2
267, 221, 88, 1
267, 221, 226, 2
267, 221, 107, 2
267, 221, 103, 3
267, 221, 97, 3
267, 221, 43, 1
267, 221, 213, 1
267, 221, 56, 1
267, 221, 241, 1
267, 221, 57, 1
267, 221, 242, 1
267, 221, 83, 2
267, 221, 243, 2
267, 221, 84, 2
267, 221, 244, 2
267, 221, 79, 2
267, 221, 245, 1
267, 221, 110, 2
267, 221, 72, 2
267, 221, 214, 1
267, 221, 137, 3
267, 221, 44, 1
267, 221, 215, 2
267, 221, 42, 1
267, 221, 216, 2
267, 221, 41, 1
267, 221, 252, 2
267, 221, 58, 1
267, 221, 253, 2
267, 221, 106, 3
267, 221, 105, 2
267, 221, 59, 1
267, 221, 254, 2
267, 221, 76, 2
267, 221, 81, 2
267, 221, 148, 3
267, 221, 60, 1
267, 221, 251, 1
267, 221, 90, 1
267, 221, 255, 2
267, 221, 47, 1
267, 221, 218, 1
267, 221, 49, 1
267, 221, 174, 1
267, 221, 74, 2
267, 221, 50, 1
267, 221, 175, 1
267, 221, 80, 2
267, 221, 176, 1
267, 221, 73, 2
267, 221, 217, 1
267, 221, 51, 1
267, 221, 236, 1
267, 221, 52, 1
267, 221, 237, 1
267, 221, 53, 1
267, 221, 238, 1
267, 221, 54, 1
267, 221, 239, 1
267, 221, 91, 1
267, 221, 240, 1
267, 221, 55, 1
267, 221, 201, 1
267, 221, 92, 1
267, 221, 203, 1
267, 221, 48, 1
267, 221, 224, 1
267, 221, 46, 1
267, 221, 219, 1
267, 221, 45, 1
267, 221, 193, 1
267, 221, 109, 3
267, 221, 195, 3
267, 221, 136, 4
267, 221, 197, 4
267, 221, 151, 3
267, 221, 198, 3
267, 221, 102, 3
267, 221, 93, 2
267, 221, 192, 2
267, 221, 135, 2
267, 221, 187, 1
267, 221, 150, 4
267, 221, 145, 3
267, 221, 38, 1
267, 221, 234, 1
267, 221, 39, 1
267, 221, 235, 1
267, 221, 71, 2
267, 221, 37, 1
267, 221, 202, 1
267, 221, 160, 6
267, 221, 162, 6
267, 221, 161, 6
267, 221, 68, 1
267, 221, 209, 1
267, 221, 69, 1
267, 221, 210, 1
267, 221, 70, 1
267, 221, 211, 1
267, 221, 95, 1
267, 221, 212, 1
267, 221, 132, 2
267, 221, 131, 2
267, 221, 120, 3
267, 221, 227, 3
267, 221, 129, 3
267, 221, 228, 3
267, 221, 130, 3
267, 221, 229, 3
267, 221, 152, 3
267, 221, 230, 3
267, 221, 121, 3
267, 221, 256, 3
267, 221, 126, 3
267, 221, 257, 3
267, 221, 127, 3
267, 221, 258, 3
267, 221, 128, 3
267, 221, 259, 3
267, 221, 153, 3
267, 221, 260, 3
267, 221, 156, 6
267, 221, 122, 3
267, 221, 261, 3
267, 221, 123, 3
267, 221, 262, 3
267, 221, 124, 3
267, 221, 263, 3
267, 221, 125, 3
267, 221, 264, 3
267, 221, 154, 3
267, 221, 265, 3
267, 221, 159, 6
267, 221, 158, 6
267, 221, 157, 6
267, 221, 116, 2
267, 221, 144, 3
267, 221, 118, 3
267, 221, 66, 1
267, 221, 177, 1
267, 221, 67, 1
267, 221, 178, 1
267, 221, 94, 1
267, 221, 179, 1
267, 221, 119, 3
267, 221, 117, 2
267, 221, 89, 2
267, 221, 220, 1
267, 221, 133, 4
DTG
0, 222, 0, 1, 2
0, 222, 0, 1, 2
0, 222, 0, 1, 2
0, 222, 0, 1, 2
0, 222, 0, 1, 2
0, 222, 0, 1, 2
0, 222, 0, 1, 2
0, 222, 0, 1, 2
0, 222, 0, 1, 2
0, 222, 0, 1, 2
0, 222, 0, 1, 2
0, 222, 0, 1, 2
0, 222, 0, 1, 2
0, 222, 0, 1, 2
0, 222, 0, 1, 2
0, 222, 0, 1, 2
0, 222, 0, 1, 2
0, 222, 0, 1, 2
0, 222, 0, 1, 2
0, 222, 0, 1, 2
0, 222, 0, 1, 2
0, 222, 0, 1, 2
0, 222, 0, 1, 2
0, 222, 0, 1, 2
0, 222, 0, 1, 2
0, 222, 0, 1, 2
0, 222, 0, 1, 2
0, 222, 0, 1, 2
0, 222, 0, 1, 2
0, 222, 0, 1, 2
0, 222, 0, 1, 2
0, 222, 0, 1, 2
0, 222, 0, 1, 2
0, 222, 0, 1, 2
0, 222, 0, 1, 2
0, 222, 0, 1, 2
0, 222, 0, 1, 2
0, 222, 0, 1, 2
0, 222, 0, 1, 2
0, 222, 0, 1, 2
0, 222, 0, 1, 2
0, 222, 0, 1, 2
0, 222, 0, 1, 2
0, 222, 0, 1, 2
0, 222, 0, 1, 2
0, 222, 0, 1, 2
0, 222, 0, 1, 2
0, 222, 0, 1, 2
0, 222, 0, 1, 2
0, 222, 0, 1, 2
0, 222, 0, 1, 2
0, 222, 0, 1, 2
0, 222, 0, 1, 2
0, 222, 0, 1, 2
0, 222, 0, 1, 2
0, 222, 0, 1, 2
0, 222, 0, 1, 2
0, 222, 0, 1, 2
0, 222, 0, 1, 2
0, 222, 0, 1, 2
0, 222, 0, 1, 2
0, 222, 0, 1, 2
0, 222, 0, 1, 2
0, 222, 0, 1, 2
0, 222, 0, 1, 2
0, 222, 0, 1, 2
0, 222, 0, 1, 2
0, 222, 0, 1, 2
0, 222, 0, 1, 2
0, 222, 0, 1, 2
0, 222, 0, 1, 2
0, 222, 0, 1, 2
0, 222, 0, 1, 2
0, 222, 0, 1, 2
0, 222, 0, 1, 2
0, 222, 0, 1, 2
0, 222, 0, 1, 2
0, 222, 0, 1, 2
0, 222, 0, 1, 2
0, 222, 0, 1, 2
0, 222, 0, 1, 2
0, 222, 0, 1, 2
0, 222, 0, 1, 2
0, 222, 0, 1, 2
0, 222, 0, 1, 2
0, 222, 0, 1, 2
0, 222, 0, 1, 2
0, 222, 0, 1, 2
0, 222, 0, 1, 2
0, 222, 0, 1, 2
0, 222, 0, 1, 2
0, 222, 0, 1, 2
0, 222, 0, 1, 2
0, 222, 0, 1, 2
0, 222, 0, 1, 2
0, 222, 0, 1, 2
0, 222, 0, 1, 2
0, 222, 0, 1, 2
0, 222, 0, 1, 2
0, 222, 0, 1, 2
0, 222, 0, 1, 2
0, 222, 0, 1, 2
0, 222, 0, 1, 2
0, 222, 0, 1, 2
0, 222, 0, 1, 2
0, 222, 0, 1, 2
0, 222, 0, 1, 2
0, 222, 0, 1, 2
0, 222, 0, 1, 2
0, 222, 0, 1, 2
0, 222, 0, 1, 2
0, 222, 0, 1, 2
0, 222, 0, 1, 2
0, 222, 0, 1, 2
0, 222, 0, 1, 2
0, 222, 0, 1, 2
0, 222, 0, 1, 2
0, 222, 0, 1, 2
0, 222, 0, 1, 2
0, 222, 0, 1, 2
0, 222, 0, 1, 2
0, 222, 0, 1, 2
0, 222, 0, 1, 2
0, 222, 0, 1, 2
0, 222, 0, 1, 2
0, 222, 0, 1, 2
0, 222, 0, 1, 2
0, 222, 0, 1, 2
0, 222, 0, 1, 2
0, 222, 0, 1, 2
0, 222, 0, 1, 2
0, 222, 0, 1, 2
0, 222, 0, 1, 2
0, 222, 0, 1, 2
0, 222, 0, 1, 2
0, 222, 0, 1, 2
0, 222, 0, 1, 2
0, 222, 0, 1, 2
0, 222, 0, 1, 2
0, 222, 0, 1, 2
0, 222, 0, 1, 2
0, 222, 0, 1, 2
0, 222, 0, 1, 2
0, 222, 0, 1, 2
0, 222, 0, 1, 2
0, 222, 0, 1, 2
0, 222, 0, 1, 2
0, 222, 0, 1, 2
0, 222, 0, 1, 2
0, 222, 0, 1, 2
0, 222, 0, 1, 2
0, 222, 0, 1, 2
0, 222, 0, 1, 2
0, 222, 0, 1, 2
0, 222, 0, 1, 2
0, 222, 0, 1, 2
0, 222, 0, 1, 2
0, 222, 0, 1, 2
0, 222, 0, 1, 2
0, 222, 0, 1, 2
0, 222, 0, 1, 2
0, 222, 0, 1, 2
0, 222, 0, 1, 2
0, 222, 0, 1, 2
0, 222, 0, 1, 2
0, 222, 0, 1, 2
0, 222, 0, 1, 2
0, 222, 0, 1, 2
0, 222, 0, 1, 2
0, 222, 0, 1, 2
0, 222, 0, 1, 2
0, 222, 0, 1, 2
0, 222, 0, 1, 2
0, 222, 0, 1, 2
0, 222, 0, 1, 2
0, 222, 0, 1, 2
0, 222, 0, 1, 2
0, 222, 0, 1, 2
0, 222, 0, 1, 2
0, 222, 0, 1, 2
0, 222, 0, 1, 2
0, 222, 0, 1, 2
0, 222, 0, 1, 2
0, 222, 0, 1, 2
0, 222, 0, 1, 2
0, 222, 0, 1, 2
0, 222, 0, 1, 2
0, 222, 0, 1, 2
0, 222, 0, 1, 2
0, 222, 0, 1, 2
0, 222, 0, 1, 2
0, 222, 0, 1, 2
0, 222, 0, 1, 2
0, 222, 0, 1, 2
0, 222, 0, 1, 2
0, 222, 0, 1, 2
0, 222, 0, 1, 2
0, 222, 0, 1, 2
0, 222, 0, 1, 2
0, 222, 0, 1, 2
0, 222, 0, 1, 2
0, 222, 0, 1, 3
0, 222, 0, 1, 3
0, 222, 0, 1, 3
0, 222, 0, 1, 3
0, 222, 0, 1, 3
0, 222, 0, 1, 4
0, 222, 0, 1, 4
0, 222, 0, 1, 4
0, 222, 0, 1, 4
0, 222, 0, 1, 4
0, 222, 0, 1, 4
0, 222, 0, 1, 4
0, 222, 0, 1, 4
0, 222, 0, 1, 4
0, 222, 0, 1, 5
0, 222, 0, 1, 5
0, 222, 0, 1, 5
0, 222, 0, 1, 5
0, 222, 0, 1, 5
0, 222, 0, 1, 5
0, 222, 0, 1, 5
0, 252, 1, 0, 3
0, 252, 1, 0, 3
0, 252, 1, 0, 3
0, 252, 1, 0, 3
0, 252, 1, 0, 3
0, 252, 1, 0, 3
0, 252, 1, 0, 3
0, 252, 1, 0, 3
0, 252, 1, 0, 3
0, 252, 1, 0, 3
0, 252, 1, 0, 3
0, 252, 1, 0, 3
0, 252, 1, 0, 3
0, 252, 1, 0, 3
0, 252, 1, 0, 3
0, 252, 1, 0, 3
0, 252, 1, 0, 3
0, 252, 1, 0, 3
0, 252, 1, 0, 3
0, 252, 1, 0, 3
0, 252, 1, 0, 3
0, 252, 1, 0, 3
0, 252, 1, 0, 3
0, 252, 1, 0, 3
0, 252, 1, 0, 3
0, 252, 1, 0, 3
0, 252, 1, 0, 3
0, 252, 1, 0, 3
0, 252, 1, 0, 3
0, 252, 1, 0, 3
0, 252, 1, 0, 3
0, 252, 1, 0, 3
0, 252, 1, 0, 3
0, 252, 1, 0, 3
0, 252, 1, 0, 3
0, 252, 1, 0, 3
0, 252, 1, 0, 3
0, 252, 1, 0, 3
0, 252, 1, 0, 3
0, 252, 1, 0, 3
0, 252, 1, 0, 3
0, 252, 1, 0, 3
0, 252, 1, 0, 3
0, 252, 1, 0, 3
0, 252, 1, 0, 3
0, 252, 1, 0, 3
0, 252, 1, 0, 3
0, 252, 1, 0, 3
0, 252, 1, 0, 3
0, 252, 1, 0, 3
0, 252, 1, 0, 3
0, 252, 1, 0, 3
0, 252, 1, 0, 3
0, 252, 1, 0, 3
0, 252, 1, 0, 3
0, 252, 1, 0, 3
0, 252, 1, 0, 3
0, 252, 1, 0, 3
0, 252, 1, 0, 3
0, 252, 1, 0, 3
0, 252, 1, 0, 3
0, 252, 1, 0, 3
0, 252, 1, 0, 3
0, 252, 1, 0, 3
0, 252, 1, 0, 3
0, 252, 1, 0, 3
0, 252, 1, 0, 3
0, 252, 1, 0, 3
0, 252, 1, 0, 3
0, 252, 1, 0, 3
0, 252, 1, 0, 3
0, 252, 1, 0, 3
0, 252, 1, 0, 3
0, 252, 1, 0, 3
0, 252, 1, 0, 3
0, 252, 1, 0, 3
0, 252, 1, 0, 3
0, 252, 1, 0, 3
0, 252, 1, 0, 3
0, 252, 1, 0, 3
0, 252, 1, 0, 3
0, 252, 1, 0, 3
0, 252, 1, 0, 3
0, 252, 1, 0, 3
0, 252, 1, 0, 3
0, 252, 1, 0, 3
0, 252, 1, 0, 3
0, 252, 1, 0, 3
0, 252, 1, 0, 3
0, 252, 1, 0, 3
0, 252, 1, 0, 3
0, 252, 1, 0, 3
0, 252, 1, 0, 3
0, 252, 1, 0, 3
0, 252, 1, 0, 3
0, 252, 1, 0, 3
0, 252, 1, 0, 3
0, 252, 1, 0, 3
0, 252, 1, 0, 3
0, 252, 1, 0, 3
0, 252, 1, 0, 3
0, 252, 1, 0, 3
0, 252, 1, 0, 3
0, 252, 1, 0, 3
0, 252, 1, 0, 3
0, 252, 1, 0, 3
0, 252, 1, 0, 3
0, 252, 1, 0, 3
0, 252, 1, 0, 3
0, 252, 1, 0, 3
0, 252, 1, 0, 3
0, 252, 1, 0, 3
0, 252, 1, 0, 3
0, 252, 1, 0, 3
0, 252, 1, 0, 3
0, 252, 1, 0, 3
0, 252, 1, 0, 3
0, 252, 1, 0, 3
0, 252, 1, 0, 3
0, 252, 1, 0, 3
0, 252, 1, 0, 3
0, 252, 1, 0, 3
0, 252, 1, 0, 3
0, 252, 1, 0, 3
0, 252, 1, 0, 3
0, 252, 1, 0, 3
0, 252, 1, 0, 3
0, 252, 1, 0, 3
0, 252, 1, 0, 3
0, 252, 1, 0, 3
0, 252, 1, 0, 3
0, 252, 1, 0, 3
0, 252, 1, 0, 3
0, 252, 1, 0, 3
0, 252, 1, 0, 3
0, 252, 1, 0, 3
0, 252, 1, 0, 3
0, 252, 1, 0, 3
0, 252, 1, 0, 3
0, 252, 1, 0, 3
0, 252, 1, 0, 3
0, 252, 1, 0, 3
0, 252, 1, 0, 3
0, 252, 1, 0, 3
0, 252, 1, 0, 3
0, 252, 1, 0, 3
0, 252, 1, 0, 3
0, 252, 1, 0, 3
0, 252, 1, 0, 3
0, 252, 1, 0, 3
0, 252, 1, 0, 3
0, 252, 1, 0, 3
0, 252, 1, 0, 3
0, 252, 1, 0, 3
0, 252, 1, 0, 3
0, 252, 1, 0, 3
0, 252, 1, 0, 3
0, 252, 1, 0, 3
0, 252, 1, 0, 3
0, 252, 1, 0, 3
0, 252, 1, 0, 3
0, 252, 1, 0, 3
0, 252, 1, 0, 3
0, 252, 1, 0, 3
0, 252, 1, 0, 3
0, 252, 1, 0, 3
0, 252, 1, 0, 3
0, 252, 1, 0, 3
0, 252, 1, 0, 3
0, 252, 1, 0, 3
0, 252, 1, 0, 3
0, 252, 1, 0, 3
0, 252, 1, 0, 3
0, 252, 1, 0, 3
0, 252, 1, 0, 3
0, 252, 1, 0, 3
0, 252, 1, 0, 3
0, 252, 1, 0, 3
0, 252, 1, 0, 3
0, 252, 1, 0, 3
0, 252, 1, 0, 3
0, 252, 1, 0, 3
0, 252, 1, 0, 3
0, 252, 1, 0, 3
0, 252, 1, 0, 3
0, 252, 1, 0, 3
0, 252, 1, 0, 3
0, 252, 1, 0, 3
0, 252, 1, 0, 3
0, 252, 1, 0, 3
0, 252, 1, 0, 3
0, 252, 1, 0, 3
0, 252, 1, 0, 3
0, 252, 1, 0, 3
0, 252, 1, 0, 3
0, 252, 1, 0, 3
0, 252, 1, 0, 3
0, 252, 1, 0, 3
0, 252, 1, 0, 3
0, 252, 1, 0, 3
0, 252, 1, 0, 3
0, 252, 1, 0, 3
0, 252, 1, 0, 3
0, 252, 1, 0, 3
0, 252, 1, 0, 3
0, 252, 1, 0, 3
0, 252, 1, 0, 3
0, 252, 1, 0, 3
0, 252, 1, 0, 3
0, 252, 1, 0, 3
0, 252, 1, 0, 3
0, 252, 1, 0, 3
0, 252, 1, 0, 3
0, 252, 1, 0, 3
0, 252, 1, 0, 3
0, 252, 1, 0, 3
0, 252, 1, 0, 3
0, 252, 1, 0, 3
0, 252, 1, 0, 3
0, 252, 1, 0, 3
0, 252, 1, 0, 3
0, 252, 1, 0, 3
0, 252, 1, 0, 3
0, 252, 1, 0, 3
0, 252, 1, 0, 3
0, 252, 1, 0, 3
0, 252, 1, 0, 3
0, 252, 1, 0, 3
0, 252, 1, 0, 3
0, 252, 1, 0, 3
0, 252, 1, 0, 3
0, 252, 1, 0, 3
0, 252, 1, 0, 3
0, 252, 1, 0, 3
0, 252, 1, 0, 3
0, 252, 1, 0, 3
0, 252, 1, 0, 3
0, 252, 1, 0, 3
0, 252, 1, 0, 3
0, 252, 1, 0, 3
0, 252, 1, 0, 3
0, 252, 1, 0, 3
0, 252, 1, 0, 3
0, 252, 1, 0, 3
0, 252, 1, 0, 3
0, 252, 1, 0, 3
0, 252, 1, 0, 3
0, 252, 1, 0, 3
0, 252, 1, 0, 3
0, 252, 1, 0, 3
0, 252, 1, 0, 3
0, 252, 1, 0, 3
1, 2, 0, 1, 1
1, 2, 0, 1, 2
2, 1, 0, 1, 1
2, 1, 1, 0, 2
3, 1, 0, 1, 1
3, 1, 1, 0, 2
4, 1, 0, 1, 1
4, 1, 1, 0, 2
5, 1, 0, 1, 1
5, 1, 1, 0, 2
6, 1, 0, 1, 1
6, 1, 1, 0, 2
7, 1, 0, 1, 1
7, 1, 1, 0, 2
8, 1, 0, 1, 1
8, 1, 1, 0, 2
9, 1, 0, 1, 1
9, 1, 1, 0, 2
10, 1, 0, 1, 1
10, 1, 1, 0, 2
11, 1, 0, 1, 1
11, 1, 1, 0, 2
12, 1, 0, 1, 1
12, 1, 1, 0, 2
13, 1, 0, 1, 1
13, 1, 1, 0, 2
14, 1, 0, 1, 1
14, 1, 1, 0, 2
15, 1, 0, 1, 1
15, 1, 1, 0, 2
16, 1, 0, 1, 1
16, 1, 1, 0, 2
17, 1, 0, 1, 1
17, 1, 1, 0, 2
18, 1, 0, 1, 1
18, 1, 1, 0, 2
19, 1, 0, 1, 1
19, 1, 1, 0, 2
20, 1, 0, 1, 1
20, 1, 1, 0, 2
21, 1, 0, 1, 1
21, 1, 1, 0, 2
22, 1, 0, 1, 1
22, 1, 1, 0, 2
23, 1, 0, 1, 1
23, 1, 1, 0, 2
24, 1, 0, 1, 1
24, 1, 1, 0, 2
25, 1, 0, 1, 1
25, 1, 1, 0, 2
26, 1, 0, 1, 1
26, 1, 1, 0, 2
27, 1, 0, 1, 1
27, 1, 1, 0, 2
28, 1, 0, 1, 1
28, 1, 1, 0, 2
29, 1, 0, 1, 1
29, 1, 1, 0, 2
30, 1, 0, 1, 1
30, 1, 1, 0, 2
31, 1, 0, 1, 1
31, 1, 1, 0, 2
32, 1, 0, 1, 1
32, 2, 1, 0, 2
32, 2, 1, 0, 2
33, 1, 0, 1, 1
33, 2, 1, 0, 2
33, 2, 1, 0, 2
34, 1, 0, 1, 2
34, 1, 1, 0, 2
35, 1, 0, 1, 2
35, 1, 1, 0, 2
36, 1, 0, 1, 1
36, 1, 1, 0, 3
37, 2, 0, 1, 1
37, 2, 0, 1, 2
37, 1, 1, 0, 2
38, 2, 0, 1, 1
38, 2, 0, 1, 2
38, 1, 1, 0, 2
39, 2, 0, 1, 1
39, 2, 0, 1, 2
39, 1, 1, 0, 2
40, 2, 0, 1, 1
40, 2, 0, 1, 2
40, 1, 1, 0, 2
41, 2, 0, 1, 1
41, 2, 0, 1, 2
41, 1, 1, 0, 2
42, 1, 0, 1, 1
42, 2, 1, 0, 2
42, 2, 1, 0, 3
43, 2, 0, 1, 1
43, 2, 0, 1, 2
43, 1, 1, 0, 2
44, 2, 0, 1, 1
44, 2, 0, 1, 2
44, 1, 1, 0, 2
45, 2, 0, 1, 1
45, 2, 0, 1, 2
45, 1, 1, 0, 2
46, 1, 0, 1, 1
46, 2, 1, 0, 2
46, 2, 1, 0, 3
47, 2, 0, 1, 1
47, 2, 0, 1, 2
47, 1, 1, 0, 2
48, 2, 0, 1, 1
48, 2, 0, 1, 2
48, 1, 1, 0, 2
49, 2, 0, 1, 1
49, 2, 0, 1, 2
49, 1, 1, 0, 2
50, 2, 0, 1, 1
50, 2, 0, 1, 2
50, 1, 1, 0, 2
51, 2, 0, 1, 1
51, 2, 0, 1, 2
51, 1, 1, 0, 2
52, 2, 0, 1, 1
52, 2, 0, 1, 2
52, 1, 1, 0, 2
53, 2, 0, 1, 1
53, 2, 0, 1, 2
53, 1, 1, 0, 2
54, 2, 0, 1, 1
54, 2, 0, 1, 2
54, 1, 1, 0, 2
55, 2, 0, 1, 1
55, 2, 0, 1, 2
55, 1, 1, 0, 2
56, 2, 0, 1, 1
56, 2, 0, 1, 2
56, 1, 1, 0, 2
57, 2, 0, 1, 1
57, 2, 0, 1, 2
57, 1, 1, 0, 2
58, 2, 0, 1, 1
58, 2, 0, 1, 2
58, 1, 1, 0, 2
59, 2, 0, 1, 1
59, 2, 0, 1, 2
59, 1, 1, 0, 2
60, 2, 0, 1, 1
60, 2, 0, 1, 2
60, 1, 1, 0, 2
61, 2, 0, 1, 1
61, 2, 0, 1, 2
61, 1, 1, 0, 2
62, 2, 0, 1, 1
62, 2, 0, 1, 2
62, 1, 1, 0, 2
63, 2, 0, 1, 1
63, 2, 0, 1, 2
63, 1, 1, 0, 2
64, 2, 0, 1, 1
64, 2, 0, 1, 2
64, 1, 1, 0, 2
65, 2, 0, 1, 1
65, 2, 0, 1, 2
65, 1, 1, 0, 2
66, 2, 0, 1, 1
66, 2, 0, 1, 2
66, 1, 1, 0, 2
67, 2, 0, 1, 1
67, 2, 0, 1, 2
67, 1, 1, 0, 2
68, 2, 0, 1, 1
68, 2, 0, 1, 2
68, 1, 1, 0, 2
69, 2, 0, 1, 1
69, 2, 0, 1, 2
69, 1, 1, 0, 2
70, 2, 0, 1, 1
70, 2, 0, 1, 2
70, 1, 1, 0, 2
71, 2, 0, 1, 1
71, 2, 0, 1, 2
71, 2, 1, 0, 2
71, 2, 1, 0, 3
72, 3, 0, 1, 1
72, 3, 0, 1, 2
72, 3, 0, 1, 2
72, 1, 1, 0, 2
73, 3, 0, 1, 1
73, 3, 0, 1, 2
73, 3, 0, 1, 2
73, 1, 1, 0, 2
74, 2, 0, 1, 1
74, 2, 0, 1, 2
74, 2, 1, 0, 2
74, 2, 1, 0, 3
75, 2, 0, 1, 1
75, 2, 0, 1, 2
75, 2, 1, 0, 2
75, 2, 1, 0, 3
76, 2, 0, 1, 1
76, 2, 0, 1, 2
76, 2, 1, 0, 2
76, 2, 1, 0, 3
77, 2, 0, 1, 1
77, 2, 0, 1, 2
77, 2, 1, 0, 2
77, 2, 1, 0, 3
78, 1, 0, 1, 1
78, 2, 1, 0, 2
78, 2, 1, 0, 3
79, 1, 0, 1, 1
79, 3, 1, 0, 2
79, 3, 1, 0, 3
79, 3, 1, 0, 3
80, 1, 0, 1, 1
80, 3, 1, 0, 2
80, 3, 1, 0, 3
80, 3, 1, 0, 3
81, 2, 0, 1, 1
81, 2, 0, 1, 2
81, 2, 1, 0, 2
81, 2, 1, 0, 3
82, 3, 0, 1, 1
82, 3, 0, 1, 2
82, 3, 0, 1, 2
82, 1, 1, 0, 2
83, 3, 0, 1, 1
83, 3, 0, 1, 2
83, 3, 0, 1, 2
83, 1, 1, 0, 2
84, 3, 0, 1, 1
84, 3, 0, 1, 2
84, 3, 0, 1, 2
84, 1, 1, 0, 2
85, 1, 0, 1, 1
85, 3, 1, 0, 2
85, 3, 1, 0, 3
85, 3, 1, 0, 3
86, 3, 0, 1, 1
86, 3, 0, 1, 2
86, 3, 0, 1, 2
86, 1, 1, 0, 2
87, 3, 0, 1, 1
87, 3, 0, 1, 2
87, 3, 0, 1, 2
87, 1, 1, 0, 2
88, 1, 0, 1, 1
88, 2, 1, 0, 2
88, 2, 1, 0, 3
89, 3, 0, 1, 1
89, 3, 0, 1, 2
89, 3, 0, 1, 2
89, 1, 1, 0, 2
90, 1, 0, 1, 1
90, 2, 1, 0, 2
90, 2, 1, 0, 3
91, 1, 0, 1, 1
91, 2, 1, 0, 2
91, 2, 1, 0, 3
92, 1, 0, 1, 1
92, 2, 1, 0, 2
92, 2, 1, 0, 3
93, 3, 0, 1, 1
93, 3, 0, 1, 2
93, 3, 0, 1, 2
93, 1, 1, 0, 2
94, 1, 0, 1, 1
94, 2, 1, 0, 2
94, 2, 1, 0, 3
95, 1, 0, 1, 1
95, 2, 1, 0, 2
95, 2, 1, 0, 3
96, 3, 0, 1, 1
96, 3, 0, 1, 2
96, 3, 0, 1, 2
96, 2, 1, 0, 2
96, 2, 1, 0, 3
97, 3, 0, 1, 1
97, 3, 0, 1, 2
97, 3, 0, 1, 2
97, 2, 1, 0, 2
97, 2, 1, 0, 3
98, 3, 0, 1, 1
98, 3, 0, 1, 2
98, 3, 0, 1, 2
98, 2, 1, 0, 2
98, 2, 1, 0, 3
99, 3, 0, 1, 1
99, 3, 0, 1, 2
99, 3, 0, 1, 2
99, 2, 1, 0, 2
99, 2, 1, 0, 3
100, 3, 0, 1, 1
100, 3, 0, 1, 2
100, 3, 0, 1, 2
100, 2, 1, 0, 2
100, 2, 1, 0, 3
101, 3, 0, 1, 1
101, 3, 0, 1, 2
101, 3, 0, 1, 2
101, 2, 1, 0, 2
101, 2, 1, 0, 3
102, 2, 0, 1, 1
102, 2, 0, 1, 2
102, 3, 1, 0, 2
102, 3, 1, 0, 3
102, 3, 1, 0, 3
103, 2, 0, 1, 1
103, 2, 0, 1, 2
103, 3, 1, 0, 2
103, 3, 1, 0, 3
103, 3, 1, 0, 3
104, 2, 0, 1, 1
104, 2, 0, 1, 2
104, 3, 1, 0, 2
104, 3, 1, 0, 3
104, 3, 1, 0, 3
105, 2, 0, 1, 1
105, 2, 0, 1, 2
105, 2, 1, 0, 2
105, 2, 1, 0, 3
106, 3, 0, 1, 1
106, 3, 0, 1, 2
106, 3, 0, 1, 2
106, 2, 1, 0, 2
106, 2, 1, 0, 3
107, 2, 0, 1, 1
107, 2, 0, 1, 2
107, 2, 1, 0, 2
107, 2, 1, 0, 3
108, 2, 0, 1, 1
108, 2, 0, 1, 2
108, 2, 1, 0, 2
108, 2, 1, 0, 3
109, 4, 0, 1, 1
109, 4, 0, 1, 2
109, 4, 0, 1, 2
109, 4, 0, 1, 2
109, 1, 1, 0, 2
110, 2, 0, 1, 1
110, 2, 0, 1, 2
110, 2, 1, 0, 2
110, 2, 1, 0, 3
111, 3, 0, 1, 1
111, 3, 0, 1, 2
111, 3, 0, 1, 2
111, 2, 1, 0, 2
111, 2, 1, 0, 3
112, 2, 0, 1, 1
112, 2, 0, 1, 2
112, 3, 1, 0, 2
112, 3, 1, 0, 3
112, 3, 1, 0, 3
113, 2, 0, 1, 1
113, 2, 0, 1, 2
113, 2, 1, 0, 2
113, 2, 1, 0, 3
114, 2, 0, 1, 1
114, 2, 0, 1, 2
114, 2, 1, 0, 2
114, 2, 1, 0, 3
115, 1, 0, 1, 1
115, 2, 1, 0, 2
115, 2, 1, 0, 3
116, 2, 0, 1, 1
116, 2, 0, 1, 2
116, 2, 1, 0, 2
116, 2, 1, 0, 3
117, 2, 0, 1, 1
117, 2, 0, 1, 2
117, 2, 1, 0, 2
117, 2, 1, 0, 3
118, 3, 0, 1, 1
118, 3, 0, 1, 2
118, 3, 0, 1, 2
118, 2, 1, 0, 2
118, 2, 1, 0, 3
119, 2, 0, 1, 1
119, 2, 0, 1, 2
119, 3, 1, 0, 2
119, 3, 1, 0, 3
119, 3, 1, 0, 3
120, 4, 0, 1, 1
120, 4, 0, 1, 2
120, 4, 0, 1, 2
120, 4, 0, 1, 2
120, 1, 1, 0, 2
121, 4, 0, 1, 1
121, 4, 0, 1, 2
121, 4, 0, 1, 2
121, 4, 0, 1, 2
121, 1, 1, 0, 2
122, 4, 0, 1, 1
122, 4, 0, 1, 2
122, 4, 0, 1, 2
122, 4, 0, 1, 2
122, 1, 1, 0, 2
123, 4, 0, 1, 1
123, 4, 0, 1, 2
123, 4, 0, 1, 2
123, 4, 0, 1, 2
123, 1, 1, 0, 2
124, 4, 0, 1, 1
124, 4, 0, 1, 2
124, 4, 0, 1, 2
124, 4, 0, 1, 2
124, 1, 1, 0, 2
125, 4, 0, 1, 1
125, 4, 0, 1, 2
125, 4, 0, 1, 2
125, 4, 0, 1, 2
125, 1, 1, 0, 2
126, 4, 0, 1, 1
126, 4, 0, 1, 2
126, 4, 0, 1, 2
126, 4, 0, 1, 2
126, 1, 1, 0, 2
127, 4, 0, 1, 1
127, 4, 0, 1, 2
127, 4, 0, 1, 2
127, 4, 0, 1, 2
127, 1, 1, 0, 2
128, 4, 0, 1, 1
128, 4, 0, 1, 2
128, 4, 0, 1, 2
128, 4, 0, 1, 2
128, 1, 1, 0, 2
129, 4, 0, 1, 1
129, 4, 0, 1, 2
129, 4, 0, 1, 2
129, 4, 0, 1, 2
129, 1, 1, 0, 2
130, 4, 0, 1, 1
130, 4, 0, 1, 2
130, 4, 0, 1, 2
130, 4, 0, 1, 2
130, 1, 1, 0, 2
131, 2, 0, 1, 1
131, 2, 0, 1, 2
131, 2, 1, 0, 2
131, 2, 1, 0, 3
132, 2, 0, 1, 1
132, 2, 0, 1, 2
132, 2, 1, 0, 2
132, 2, 1, 0, 3
133, 3, 0, 1, 1
133, 3, 0, 1, 2
133, 3, 0, 1, 2
133, 3, 1, 0, 2
133, 3, 1, 0, 3
133, 3, 1, 0, 3
134, 2, 0, 1, 1
134, 2, 0, 1, 2
134, 3, 1, 0, 2
134, 3, 1, 0, 3
134, 3, 1, 0, 3
135, 1, 0, 1, 1
135, 3, 1, 0, 2
135, 3, 1, 0, 3
135, 3, 1, 0, 3
136, 5, 0, 1, 1
136, 5, 0, 1, 2
136, 5, 0, 1, 2
136, 5, 0, 1, 2
136, 5, 0, 1, 2
136, 1, 1, 0, 2
137, 3, 0, 1, 1
137, 3, 0, 1, 2
137, 3, 0, 1, 2
137, 2, 1, 0, 2
137, 2, 1, 0, 3
138, 3, 0, 1, 1
138, 3, 0, 1, 2
138, 3, 0, 1, 2
138, 2, 1, 0, 2
138, 2, 1, 0, 3
139, 3, 0, 1, 1
139, 3, 0, 1, 2
139, 3, 0, 1, 2
139, 2, 1, 0, 2
139, 2, 1, 0, 3
140, 2, 0, 1, 1
140, 2, 0, 1, 2
140, 3, 1, 0, 2
140, 3, 1, 0, 3
140, 3, 1, 0, 3
141, 2, 0, 1, 1
141, 2, 0, 1, 2
141, 2, 1, 0, 2
141, 2, 1, 0, 3
142, 3, 0, 1, 1
142, 3, 0, 1, 2
142, 3, 0, 1, 2
142, 2, 1, 0, 2
142, 2, 1, 0, 3
143, 3, 0, 1, 1
143, 3, 0, 1, 2
143, 3, 0, 1, 2
143, 2, 1, 0, 2
143, 2, 1, 0, 3
144, 2, 0, 1, 1
144, 2, 0, 1, 2
144, 3, 1, 0, 2
144, 3, 1, 0, 3
144, 3, 1, 0, 3
145, 2, 0, 1, 1
145, 2, 0, 1, 2
145, 3, 1, 0, 2
145, 3, 1, 0, 3
145, 3, 1, 0, 3
146, 2, 0, 1, 1
146, 2, 0, 1, 2
146, 3, 1, 0, 2
146, 3, 1, 0, 3
146, 3, 1, 0, 3
147, 2, 0, 1, 1
147, 2, 0, 1, 2
147, 3, 1, 0, 2
147, 3, 1, 0, 3
147, 3, 1, 0, 3
148, 2, 0, 1, 1
148, 2, 0, 1, 2
148, 3, 1, 0, 2
148, 3, 1, 0, 3
148, 3, 1, 0, 3
149, 3, 0, 1, 1
149, 3, 0, 1, 2
149, 3, 0, 1, 2
149, 3, 1, 0, 2
149, 3, 1, 0, 3
149, 3, 1, 0, 3
150, 3, 0, 1, 1
150, 3, 0, 1, 2
150, 3, 0, 1, 2
150, 3, 1, 0, 2
150, 3, 1, 0, 3
150, 3, 1, 0, 3
151, 1, 0, 1, 1
151, 4, 1, 0, 2
151, 4, 1, 0, 3
151, 4, 1, 0, 3
151, 4, 1, 0, 3
152, 1, 0, 1, 1
152, 4, 1, 0, 2
152, 4, 1, 0, 3
152, 4, 1, 0, 3
152, 4, 1, 0, 3
153, 1, 0, 1, 1
153, 4, 1, 0, 2
153, 4, 1, 0, 3
153, 4, 1, 0, 3
153, 4, 1, 0, 3
154, 1, 0, 1, 1
154, 4, 1, 0, 2
154, 4, 1, 0, 3
154, 4, 1, 0, 3
154, 4, 1, 0, 3
155, 1, 0, 1, 1
155, 4, 1, 0, 2
155, 4, 1, 0, 3
155, 4, 1, 0, 3
155, 4, 1, 0, 3
156, 4, 0, 1, 1
156, 4, 0, 1, 2
156, 4, 0, 1, 2
156, 4, 0, 1, 2
156, 4, 1, 0, 2
156, 4, 1, 0, 3
156, 4, 1, 0, 3
156, 4, 1, 0, 3
157, 4, 0, 1, 1
157, 4, 0, 1, 2
157, 4, 0, 1, 2
157, 4, 0, 1, 2
157, 4, 1, 0, 2
157, 4, 1, 0, 3
157, 4, 1, 0, 3
157, 4, 1, 0, 3
158, 4, 0, 1, 1
158, 4, 0, 1, 2
158, 4, 0, 1, 2
158, 4, 0, 1, 2
158, 4, 1, 0, 2
158, 4, 1, 0, 3
158, 4, 1, 0, 3
158, 4, 1, 0, 3
159, 4, 0, 1, 1
159, 4, 0, 1, 2
159, 4, 0, 1, 2
159, 4, 0, 1, 2
159, 4, 1, 0, 2
159, 4, 1, 0, 3
159, 4, 1, 0, 3
159, 4, 1, 0, 3
160, 4, 0, 1, 1
160, 4, 0, 1, 2
160, 4, 0, 1, 2
160, 4, 0, 1, 2
160, 4, 1, 0, 2
160, 4, 1, 0, 3
160, 4, 1, 0, 3
160, 4, 1, 0, 3
161, 4, 0, 1, 1
161, 4, 0, 1, 2
161, 4, 0, 1, 2
161, 4, 0, 1, 2
161, 4, 1, 0, 2
161, 4, 1, 0, 3
161, 4, 1, 0, 3
161, 4, 1, 0, 3
162, 4, 0, 1, 1
162, 4, 0, 1, 2
162, 4, 0, 1, 2
162, 4, 0, 1, 2
162, 4, 1, 0, 2
162, 4, 1, 0, 3
162, 4, 1, 0, 3
162, 4, 1, 0, 3
163, 6, 0, 1, 1
163, 6, 0, 1, 2
163, 6, 0, 1, 2
163, 6, 0, 1, 2
163, 6, 0, 1, 2
163, 6, 0, 1, 2
163, 4, 1, 0, 2
163, 4, 1, 0, 3
163, 4, 1, 0, 3
163, 4, 1, 0, 3
164, 5, 0, 1, 1
164, 5, 0, 1, 2
164, 5, 0, 1, 2
164, 5, 0, 1, 2
164, 5, 0, 1, 2
164, 5, 1, 0, 2
164, 5, 1, 0, 3
164, 5, 1, 0, 3
164, 5, 1, 0, 3
164, 5, 1, 0, 3
165, 5, 0, 1, 1
165, 5, 0, 1, 2
165, 5, 0, 1, 2
165, 5, 0, 1, 2
165, 5, 0, 1, 2
165, 5, 1, 0, 2
165, 5, 1, 0, 3
165, 5, 1, 0, 3
165, 5, 1, 0, 3
165, 5, 1, 0, 3
166, 1, 0, 1, 1
166, 3, 1, 0, 2
166, 3, 1, 0, 2
166, 3, 1, 0, 3
167, 1, 0, 1, 3
167, 1, 1, 0, 2
168, 1, 0, 1, 3
168, 1, 1, 0, 2
169, 1, 0, 1, 3
169, 1, 1, 0, 2
170, 1, 0, 1, 1
170, 1, 1, 0, 4
171, 1, 0, 1, 3
171, 1, 1, 0, 2
172, 1, 0, 1, 3
172, 1, 1, 0, 2
173, 1, 0, 1, 3
173, 1, 1, 0, 2
174, 1, 0, 1, 2
174, 2, 1, 0, 2
174, 2, 1, 0, 3
175, 1, 0, 1, 2
175, 2, 1, 0, 2
175, 2, 1, 0, 3
176, 2, 0, 1, 1
176, 2, 0, 1, 2
176, 1, 1, 0, 3
177, 1, 0, 1, 2
177, 2, 1, 0, 2
177, 2, 1, 0, 3
178, 1, 0, 1, 2
178, 2, 1, 0, 2
178, 2, 1, 0, 3
179, 2, 0, 1, 1
179, 2, 0, 1, 2
179, 1, 1, 0, 3
180, 2, 0, 1, 1
180, 2, 0, 1, 2
180, 3, 1, 0, 2
180, 3, 1, 0, 2
180, 3, 1, 0, 3
181, 2, 0, 1, 1
181, 2, 0, 1, 2
181, 3, 1, 0, 2
181, 3, 1, 0, 2
181, 3, 1, 0, 3
182, 2, 0, 1, 1
182, 2, 0, 1, 2
182, 3, 1, 0, 2
182, 3, 1, 0, 2
182, 3, 1, 0, 3
183, 2, 0, 1, 1
183, 2, 0, 1, 2
183, 3, 1, 0, 2
183, 3, 1, 0, 2
183, 3, 1, 0, 3
184, 2, 0, 1, 1
184, 2, 0, 1, 2
184, 3, 1, 0, 2
184, 3, 1, 0, 2
184, 3, 1, 0, 3
185, 1, 0, 1, 3
185, 1, 1, 0, 2
186, 1, 0, 1, 1
186, 1, 1, 0, 4
187, 2, 0, 1, 1
187, 2, 0, 1, 2
187, 1, 1, 0, 3
188, 3, 0, 1, 1
188, 3, 0, 1, 2
188, 3, 0, 1, 2
188, 3, 1, 0, 2
188, 3, 1, 0, 2
188, 3, 1, 0, 3
189, 2, 0, 1, 1
189, 2, 0, 1, 2
189, 4, 1, 0, 2
189, 4, 1, 0, 2
189, 4, 1, 0, 3
189, 4, 1, 0, 3
190, 3, 0, 1, 1
190, 3, 0, 1, 2
190, 3, 0, 1, 2
190, 3, 1, 0, 2
190, 3, 1, 0, 2
190, 3, 1, 0, 3
191, 3, 0, 1, 1
191, 3, 0, 1, 2
191, 3, 0, 1, 2
191, 3, 1, 0, 2
191, 3, 1, 0, 2
191, 3, 1, 0, 3
192, 1, 0, 1, 2
192, 3, 1, 0, 2
192, 3, 1, 0, 3
192, 3, 1, 0, 3
193, 1, 0, 1, 2
193, 2, 1, 0, 2
193, 2, 1, 0, 3
194, 3, 0, 1, 1
194, 3, 0, 1, 2
194, 3, 0, 1, 2
194, 4, 1, 0, 2
194, 4, 1, 0, 2
194, 4, 1, 0, 3
194, 4, 1, 0, 3
195, 1, 0, 1, 2
195, 4, 1, 0, 2
195, 4, 1, 0, 3
195, 4, 1, 0, 3
195, 4, 1, 0, 3
196, 4, 0, 1, 1
196, 4, 0, 1, 2
196, 4, 0, 1, 2
196, 4, 0, 1, 2
196, 3, 1, 0, 2
196, 3, 1, 0, 2
196, 3, 1, 0, 3
197, 1, 0, 1, 2
197, 5, 1, 0, 2
197, 5, 1, 0, 3
197, 5, 1, 0, 3
197, 5, 1, 0, 3
197, 5, 1, 0, 3
198, 4, 0, 1, 1
198, 4, 0, 1, 2
198, 4, 0, 1, 2
198, 4, 0, 1, 2
198, 1, 1, 0, 3
199, 4, 0, 1, 1
199, 4, 0, 1, 2
199, 4, 0, 1, 2
199, 4, 0, 1, 2
199, 6, 1, 0, 2
199, 6, 1, 0, 2
199, 6, 1, 0, 3
199, 6, 1, 0, 3
199, 6, 1, 0, 3
199, 6, 1, 0, 3
200, 5, 0, 1, 1
200, 5, 0, 1, 2
200, 5, 0, 1, 2
200, 5, 0, 1, 2
200, 5, 0, 1, 2
200, 6, 1, 0, 2
200, 6, 1, 0, 2
200, 6, 1, 0, 3
200, 6, 1, 0, 3
200, 6, 1, 0, 3
200, 6, 1, 0, 3
201, 1, 0, 1, 3
201, 2, 1, 0, 2
201, 2, 1, 0, 3
202, 1, 0, 1, 3
202, 2, 1, 0, 2
202, 2, 1, 0, 3
203, 2, 0, 1, 1
203, 2, 0, 1, 2
203, 1, 1, 0, 4
204, 2, 0, 1, 1
204, 2, 0, 1, 2
204, 4, 1, 0, 2
204, 4, 1, 0, 2
204, 4, 1, 0, 2
204, 4, 1, 0, 3
205, 1, 0, 1, 4
205, 1, 1, 0, 2
206, 1, 0, 1, 4
206, 1, 1, 0, 2
207, 1, 0, 1, 1
207, 1, 1, 0, 5
208, 1, 0, 1, 3
208, 2, 1, 0, 2
208, 2, 1, 0, 3
209, 1, 0, 1, 3
209, 2, 1, 0, 2
209, 2, 1, 0, 3
210, 1, 0, 1, 3
210, 2, 1, 0, 2
210, 2, 1, 0, 3
211, 1, 0, 1, 3
211, 2, 1, 0, 2
211, 2, 1, 0, 3
212, 2, 0, 1, 1
212, 2, 0, 1, 2
212, 1, 1, 0, 4
213, 1, 0, 1, 3
213, 2, 1, 0, 2
213, 2, 1, 0, 3
214, 1, 0, 1, 3
214, 2, 1, 0, 2
214, 2, 1, 0, 3
215, 1, 0, 1, 3
215, 3, 1, 0, 2
215, 3, 1, 0, 3
215, 3, 1, 0, 3
216, 3, 0, 1, 1
216, 3, 0, 1, 2
216, 3, 0, 1, 2
216, 1, 1, 0, 4
217, 1, 0, 1, 3
217, 2, 1, 0, 2
217, 2, 1, 0, 3
218, 1, 0, 1, 3
218, 2, 1, 0, 2
218, 2, 1, 0, 3
219, 2, 0, 1, 1
219, 2, 0, 1, 2
219, 1, 1, 0, 4
220, 1, 0, 1, 3
220, 2, 1, 0, 2
220, 2, 1, 0, 3
221, 1, 0, 1, 3
221, 3, 1, 0, 2
221, 3, 1, 0, 3
221, 3, 1, 0, 3
222, 1, 0, 1, 3
222, 3, 1, 0, 2
222, 3, 1, 0, 3
222, 3, 1, 0, 3
223, 2, 0, 1, 1
223, 2, 0, 1, 2
223, 1, 1, 0, 4
224, 1, 0, 1, 3
224, 2, 1, 0, 2
224, 2, 1, 0, 3
225, 1, 0, 1, 3
225, 3, 1, 0, 2
225, 3, 1, 0, 3
225, 3, 1, 0, 3
226, 3, 0, 1, 1
226, 3, 0, 1, 2
226, 3, 0, 1, 2
226, 1, 1, 0, 4
227, 1, 0, 1, 3
227, 4, 1, 0, 2
227, 4, 1, 0, 3
227, 4, 1, 0, 3
227, 4, 1, 0, 3
228, 1, 0, 1, 3
228, 4, 1, 0, 2
228, 4, 1, 0, 3
228, 4, 1, 0, 3
228, 4, 1, 0, 3
229, 1, 0, 1, 3
229, 4, 1, 0, 2
229, 4, 1, 0, 3
229, 4, 1, 0, 3
229, 4, 1, 0, 3
230, 4, 0, 1, 1
230, 4, 0, 1, 2
230, 4, 0, 1, 2
230, 4, 0, 1, 2
230, 1, 1, 0, 4
231, 2, 0, 1, 1
231, 2, 0, 1, 2
231, 5, 1, 0, 2
231, 5, 1, 0, 2
231, 5, 1, 0, 2
231, 5, 1, 0, 3
231, 5, 1, 0, 3
232, 1, 0, 1, 3
232, 3, 1, 0, 2
232, 3, 1, 0, 3
232, 3, 1, 0, 3
233, 3, 0, 1, 1
233, 3, 0, 1, 2
233, 3, 0, 1, 2
233, 5, 1, 0, 2
233, 5, 1, 0, 2
233, 5, 1, 0, 2
233, 5, 1, 0, 3
233, 5, 1, 0, 3
234, 1, 0, 1, 4
234, 2, 1, 0, 2
234, 2, 1, 0, 3
235, 1, 0, 1, 4
235, 2, 1, 0, 2
235, 2, 1, 0, 3
236, 1, 0, 1, 4
236, 2, 1, 0, 2
236, 2, 1, 0, 3
237, 1, 0, 1, 4
237, 2, 1, 0, 2
237, 2, 1, 0, 3
238, 1, 0, 1, 4
238, 2, 1, 0, 2
238, 2, 1, 0, 3
239, 1, 0, 1, 4
239, 2, 1, 0, 2
239, 2, 1, 0, 3
240, 2, 0, 1, 1
240, 2, 0, 1, 2
240, 1, 1, 0, 5
241, 1, 0, 1, 4
241, 2, 1, 0, 2
241, 2, 1, 0, 3
242, 1, 0, 1, 4
242, 2, 1, 0, 2
242, 2, 1, 0, 3
243, 1, 0, 1, 4
243, 3, 1, 0, 2
243, 3, 1, 0, 3
243, 3, 1, 0, 3
244, 1, 0, 1, 4
244, 3, 1, 0, 2
244, 3, 1, 0, 3
244, 3, 1, 0, 3
245, 2, 0, 1, 1
245, 2, 0, 1, 2
245, 1, 1, 0, 5
246, 1, 0, 1, 4
246, 2, 1, 0, 2
246, 2, 1, 0, 3
247, 1, 0, 1, 4
247, 2, 1, 0, 2
247, 2, 1, 0, 3
248, 1, 0, 1, 4
248, 3, 1, 0, 2
248, 3, 1, 0, 3
248, 3, 1, 0, 3
249, 1, 0, 1, 4
249, 3, 1, 0, 2
249, 3, 1, 0, 3
249, 3, 1, 0, 3
250, 3, 0, 1, 1
250, 3, 0, 1, 2
250, 3, 0, 1, 2
250, 1, 1, 0, 5
251, 1, 0, 1, 4
251, 2, 1, 0, 2
251, 2, 1, 0, 3
252, 1, 0, 1, 4
252, 3, 1, 0, 2
252, 3, 1, 0, 3
252, 3, 1, 0, 3
253, 1, 0, 1, 4
253, 3, 1, 0, 2
253, 3, 1, 0, 3
253, 3, 1, 0, 3
254, 1, 0, 1, 4
254, 3, 1, 0, 2
254, 3, 1, 0, 3
254, 3, 1, 0, 3
255, 3, 0, 1, 1
255, 3, 0, 1, 2
255, 3, 0, 1, 2
255, 1, 1, 0, 5
256, 1, 0, 1, 4
256, 4, 1, 0, 2
256, 4, 1, 0, 3
256, 4, 1, 0, 3
256, 4, 1, 0, 3
257, 1, 0, 1, 4
257, 4, 1, 0, 2
257, 4, 1, 0, 3
257, 4, 1, 0, 3
257, 4, 1, 0, 3
258, 1, 0, 1, 4
258, 4, 1, 0, 2
258, 4, 1, 0, 3
258, 4, 1, 0, 3
258, 4, 1, 0, 3
259, 1, 0, 1, 4
259, 4, 1, 0, 2
259, 4, 1, 0, 3
259, 4, 1, 0, 3
259, 4, 1, 0, 3
260, 4, 0, 1, 1
260, 4, 0, 1, 2
260, 4, 0, 1, 2
260, 4, 0, 1, 2
260, 1, 1, 0, 5
261, 1, 0, 1, 4
261, 4, 1, 0, 2
261, 4, 1, 0, 3
261, 4, 1, 0, 3
261, 4, 1, 0, 3
262, 1, 0, 1, 4
262, 4, 1, 0, 2
262, 4, 1, 0, 3
262, 4, 1, 0, 3
262, 4, 1, 0, 3
263, 1, 0, 1, 4
263, 4, 1, 0, 2
263, 4, 1, 0, 3
263, 4, 1, 0, 3
263, 4, 1, 0, 3
264, 1, 0, 1, 4
264, 4, 1, 0, 2
264, 4, 1, 0, 3
264, 4, 1, 0, 3
264, 4, 1, 0, 3
265, 4, 0, 1, 1
265, 4, 0, 1, 2
265, 4, 0, 1, 2
265, 4, 0, 1, 2
265, 1, 1, 0, 5
266, 5, 0, 1, 1
266, 5, 0, 1, 2
266, 5, 0, 1, 2
266, 5, 0, 1, 2
266, 5, 0, 1, 2
266, 8, 1, 0, 2
266, 8, 1, 0, 2
266, 8, 1, 0, 2
266, 8, 1, 0, 2
266, 8, 1, 0, 3
266, 8, 1, 0, 3
266, 8, 1, 0, 3
266, 8, 1, 0, 3
267, 2, 0, 111, 2
267, 2, 0, 111, 2
267, 2, 1, 12, 2
267, 2, 1, 12, 2
267, 2, 2, 3, 2
267, 2, 2, 3, 2
267, 2, 3, 4, 2
267, 2, 3, 4, 2
267, 2, 4, 5, 2
267, 2, 4, 5, 2
267, 2, 5, 6, 2
267, 2, 5, 6, 2
267, 2, 6, 7, 2
267, 2, 6, 7, 2
267, 2, 7, 8, 2
267, 2, 7, 8, 2
267, 2, 8, 9, 2
267, 2, 8, 9, 2
267, 2, 9, 10, 2
267, 2, 9, 10, 2
267, 2, 10, 11, 2
267, 2, 10, 11, 2
267, 2, 11, 13, 2
267, 2, 11, 13, 2
267, 2, 12, 23, 2
267, 2, 12, 23, 2
267, 2, 13, 14, 2
267, 2, 13, 14, 2
267, 2, 14, 15, 2
267, 2, 14, 15, 2
267, 2, 15, 16, 2
267, 2, 15, 16, 2
267, 2, 16, 17, 2
267, 2, 16, 17, 2
267, 2, 17, 18, 2
267, 2, 17, 18, 2
267, 2, 18, 19, 2
267, 2, 18, 19, 2
267, 2, 19, 20, 2
267, 2, 19, 20, 2
267, 2, 20, 21, 2
267, 2, 20, 21, 2
267, 2, 21, 22, 2
267, 2, 21, 22, 2
267, 2, 22, 24, 2
267, 2, 22, 24, 2
267, 2, 23, 34, 2
267, 2, 23, 34, 2
267, 2, 24, 25, 2
267, 2, 24, 25, 2
267, 2, 25, 26, 2
267, 2, 25, 26, 2
267, 2, 26, 27, 2
267, 2, 26, 27, 2
267, 2, 27, 28, 2
267, 2, 27, 28, 2
267, 2, 28, 29, 2
267, 2, 28, 29, 2
267, 2, 29, 30, 2
267, 2, 29, 30, 2
267, 2, 30, 31, 2
267, 2, 30, 31, 2
267, 2, 31, 32, 2
267, 2, 31, 32, 2
267, 2, 32, 33, 2
267, 2, 32, 33, 2
267, 2, 33, 35, 2
267, 2, 33, 35, 2
267, 2, 34, 45, 2
267, 2, 34, 45, 2
267, 2, 35, 36, 2
267, 2, 35, 36, 2
267, 2, 36, 37, 2
267, 2, 36, 37, 2
267, 2, 37, 38, 2
267, 2, 37, 38, 2
267, 2, 38, 39, 2
267, 2, 38, 39, 2
267, 2, 39, 40, 2
267, 2, 39, 40, 2
267, 2, 40, 41, 2
267, 2, 40, 41, 2
267, 2, 41, 42, 2
267, 2, 41, 42, 2
267, 2, 42, 43, 2
267, 2, 42, 43, 2
267, 2, 43, 44, 2
267, 2, 43, 44, 2
267, 2, 44, 46, 2
267, 2, 44, 46, 2
267, 2, 45, 56, 2
267, 2, 45, 56, 2
267, 2, 46, 47, 2
267, 2, 46, 47, 2
267, 2, 47, 48, 2
267, 2, 47, 48, 2
267, 2, 48, 49, 2
267, 2, 48, 49, 2
267, 2, 49, 50, 2
267, 2, 49, 50, 2
267, 2, 50, 51, 2
267, 2, 50, 51, 2
267, 2, 51, 52, 2
267, 2, 51, 52, 2
267, 2, 52, 53, 2
267, 2, 52, 53, 2
267, 2, 53, 54, 2
267, 2, 53, 54, 2
267, 2, 54, 55, 2
267, 2, 54, 55, 2
267, 2, 55, 57, 2
267, 2, 55, 57, 2
267, 2, 56, 67, 2
267, 2, 56, 67, 2
267, 2, 57, 58, 2
267, 2, 57, 58, 2
267, 2, 58, 59, 2
267, 2, 58, 59, 2
267, 2, 59, 60, 2
267, 2, 59, 60, 2
267, 2, 60, 61, 2
267, 2, 60, 61, 2
267, 2, 61, 62, 2
267, 2, 61, 62, 2
267, 2, 62, 63, 2
267, 2, 62, 63, 2
267, 2, 63, 64, 2
267, 2, 63, 64, 2
267, 2, 64, 65, 2
267, 2, 64, 65, 2
267, 2, 65, 66, 2
267, 2, 65, 66, 2
267, 2, 66, 68, 2
267, 2, 66, 68, 2
267, 2, 67, 78, 2
267, 2, 67, 78, 2
267, 2, 68, 69, 2
267, 2, 68, 69, 2
267, 2, 69, 70, 2
267, 2, 69, 70, 2
267, 2, 70, 71, 2
267, 2, 70, 71, 2
267, 2, 71, 72, 2
267, 2, 71, 72, 2
267, 2, 72, 73, 2
267, 2, 72, 73, 2
267, 2, 73, 74, 2
267, 2, 73, 74, 2
267, 2, 74, 75, 2
267, 2, 74, 75, 2
267, 2, 75, 76, 2
267, 2, 75, 76, 2
267, 2, 76, 77, 2
267, 2, 76, 77, 2
267, 2, 77, 79, 2
267, 2, 77, 79, 2
267, 2, 78, 89, 2
267, 2, 78, 89, 2
267, 2, 79, 80, 2
267, 2, 79, 80, 2
267, 2, 80, 81, 2
267, 2, 80, 81, 2
267, 2, 81, 82, 2
267, 2, 81, 82, 2
267, 2, 82, 83, 2
267, 2, 82, 83, 2
267, 2, 83, 84, 2
267, 2, 83, 84, 2
267, 2, 84, 85, 2
267, 2, 84, 85, 2
267, 2, 85, 86, 2
267, 2, 85, 86, 2
267, 2, 86, 87, 2
267, 2, 86, 87, 2
267, 2, 87, 88, 2
267, 2, 87, 88, 2
267, 2, 88, 90, 2
267, 2, 88, 90, 2
267, 2, 89, 100, 2
267, 2, 89, 100, 2
267, 2, 90, 91, 2
267, 2, 90, 91, 2
267, 2, 91, 92, 2
267, 2, 91, 92, 2
267, 2, 92, 93, 2
267, 2, 92, 93, 2
267, 2, 93, 94, 2
267, 2, 93, 94, 2
267, 2, 94, 95, 2
267, 2, 94, 95, 2
267, 2, 95, 96, 2
267, 2, 95, 96, 2
267, 2, 96, 97, 2
267, 2, 96, 97, 2
267, 2, 97, 98, 2
267, 2, 97, 98, 2
267, 2, 98, 99, 2
267, 2, 98, 99, 2
267, 2, 99, 101, 2
267, 2, 99, 101, 2
267, 2, 100, 112, 2
267, 2, 100, 112, 2
267, 2, 101, 102, 2
267, 2, 101, 102, 2
267, 2, 102, 103, 2
267, 2, 102, 103, 2
267, 2, 103, 104, 2
267, 2, 103, 104, 2
267, 2, 104, 105, 2
267, 2, 104, 105, 2
267, 2, 105, 106, 2
267, 2, 105, 106, 2
267, 2, 106, 107, 2
267, 2, 106, 107, 2
267, 2, 107, 108, 2
267, 2, 107, 108, 2
267, 2, 108, 109, 2
267, 2, 108, 109, 2
267, 2, 109, 110, 2
267, 2, 109, 110, 2
267, 2, 110, 113, 2
267, 2, 110, 113, 2
267, 2, 111, 175, 2
267, 2, 111, 175, 2
267, 2, 112, 123, 2
267, 2, 112, 123, 2
267, 2, 113, 114, 2
267, 2, 113, 114, 2
267, 2, 114, 115, 2
267, 2, 114, 115, 2
267, 2, 115, 116, 2
267, 2, 115, 116, 2
267, 2, 116, 117, 2
267, 2, 116, 117, 2
267, 2, 117, 118, 2
267, 2, 117, 118, 2
267, 2, 118, 119, 2
267, 2, 118, 119, 2
267, 2, 119, 120, 2
267, 2, 119, 120, 2
267, 2, 120, 121, 2
267, 2, 120, 121, 2
267, 2, 121, 122, 2
267, 2, 121, 122, 2
267, 2, 122, 124, 2
267, 2, 122, 124, 2
267, 2, 123, 134, 2
267, 2, 123, 134, 2
267, 2, 124, 125, 2
267, 2, 124, 125, 2
267, 2, 125, 126, 2
267, 2, 125, 126, 2
267, 2, 126, 127, 2
267, 2, 126, 127, 2
267, 2, 127, 128, 2
267, 2, 127, 128, 2
267, 2, 128, 129, 2
267, 2, 128, 129, 2
267, 2, 129, 130, 2
267, 2, 129, 130, 2
267, 2, 130, 131, 2
267, 2, 130, 131, 2
267, 2, 131, 132, 2
267, 2, 131, 132, 2
267, 2, 132, 133, 2
267, 2, 132, 133, 2
267, 2, 133, 135, 2
267, 2, 133, 135, 2
267, 2, 134, 145, 2
267, 2, 134, 145, 2
267, 2, 135, 136, 2
267, 2, 135, 136, 2
267, 2, 136, 137, 2
267, 2, 136, 137, 2
267, 2, 137, 138, 2
267, 2, 137, 138, 2
267, 2, 138, 139, 2
267, 2, 138, 139, 2
267, 2, 139, 140, 2
267, 2, 139, 140, 2
267, 2, 140, 141, 2
267, 2, 140, 141, 2
267, 2, 141, 142, 2
267, 2, 141, 142, 2
267, 2, 142, 143, 2
267, 2, 142, 143, 2
267, 2, 143, 144, 2
267, 2, 143, 144, 2
267, 2, 144, 146, 2
267, 2, 144, 146, 2
267, 2, 145, 156, 2
267, 2, 145, 156, 2
267, 2, 146, 147, 2
267, 2, 146, 147, 2
267, 2, 147, 148, 2
267, 2, 147, 148, 2
267, 2, 148, 149, 2
267, 2, 148, 149, 2
267, 2, 149, 150, 2
267, 2, 149, 150, 2
267, 2, 150, 151, 2
267, 2, 150, 151, 2
267, 2, 151, 152, 2
267, 2, 151, 152, 2
267, 2, 152, 153, 2
267, 2, 152, 153, 2
267, 2, 153, 154, 2
267, 2, 153, 154, 2
267, 2, 154, 155, 2
267, 2, 154, 155, 2
267, 2, 155, 157, 2
267, 2, 155, 157, 2
267, 2, 156, 167, 2
267, 2, 156, 167, 2
267, 2, 157, 158, 2
267, 2, 157, 158, 2
267, 2, 158, 159, 2
267, 2, 158, 159, 2
267, 2, 159, 160, 2
267, 2, 159, 160, 2
267, 2, 160, 161, 2
267, 2, 160, 161, 2
267, 2, 161, 162, 2
267, 2, 161, 162, 2
267, 2, 162, 163, 2
267, 2, 162, 163, 2
267, 2, 163, 164, 2
267, 2, 163, 164, 2
267, 2, 164, 165, 2
267, 2, 164, 165, 2
267, 2, 165, 166, 2
267, 2, 165, 166, 2
267, 2, 166, 168, 2
267, 2, 166, 168, 2
267, 2, 167, 171, 2
267, 2, 167, 171, 2
267, 2, 168, 169, 2
267, 2, 168, 169, 2
267, 2, 169, 170, 2
267, 2, 169, 170, 2
267, 2, 170, 252, 2
267, 2, 170, 252, 2
267, 2, 171, 172, 2
267, 2, 171, 172, 2
267, 2, 172, 173, 2
267, 2, 172, 173, 2
267, 2, 173, 174, 2
267, 2, 173, 174, 2
267, 2, 174, 176, 2
267, 2, 174, 176, 2
267, 2, 175, 186, 2
267, 2, 175, 186, 2
267, 2, 176, 177, 2
267, 2, 176, 177, 2
267, 2, 177, 178, 2
267, 2, 177, 178, 2
267, 2, 178, 179, 2
267, 2, 178, 179, 2
267, 2, 179, 180, 2
267, 2, 179, 180, 2
267, 2, 180, 181, 2
267, 2, 180, 181, 2
267, 2, 181, 182, 2
267, 2, 181, 182, 2
267, 2, 182, 183, 2
267, 2, 182, 183, 2
267, 2, 183, 184, 2
267, 2, 183, 184, 2
267, 2, 184, 185, 2
267, 2, 184, 185, 2
267, 2, 185, 187, 2
267, 2, 185, 187, 2
267, 2, 186, 197, 2
267, 2, 186, 197, 2
267, 2, 187, 188, 2
267, 2, 187, 188, 2
267, 2, 188, 189, 2
267, 2, 188, 189, 2
267, 2, 189, 190, 2
267, 2, 189, 190, 2
267, 2, 190, 191, 2
267, 2, 190, 191, 2
267, 2, 191, 192, 2
267, 2, 191, 192, 2
267, 2, 192, 193, 2
267, 2, 192, 193, 2
267, 2, 193, 194, 2
267, 2, 193, 194, 2
267, 2, 194, 195, 2
267, 2, 194, 195, 2
267, 2, 195, 196, 2
267, 2, 195, 196, 2
267, 2, 196, 198, 2
267, 2, 196, 198, 2
267, 2, 197, 208, 2
267, 2, 197, 208, 2
267, 2, 198, 199, 2
267, 2, 198, 199, 2
267, 2, 199, 200, 2
267, 2, 199, 200, 2
267, 2, 200, 201, 2
267, 2, 200, 201, 2
267, 2, 201, 202, 2
267, 2, 201, 202, 2
267, 2, 202, 203, 2
267, 2, 202, 203, 2
267, 2, 203, 204, 2
267, 2, 203, 204, 2
267, 2, 204, 205, 2
267, 2, 204, 205, 2
267, 2, 205, 206, 2
267, 2, 205, 206, 2
267, 2, 206, 207, 2
267, 2, 206, 207, 2
267, 2, 207, 209, 2
267, 2, 207, 209, 2
267, 2, 208, 219, 2
267, 2, 208, 219, 2
267, 2, 209, 210, 2
267, 2, 209, 210, 2
267, 2, 210, 211, 2
267, 2, 210, 211, 2
267, 2, 211, 212, 2
267, 2, 211, 212, 2
267, 2, 212, 213, 2
267, 2, 212, 213, 2
267, 2, 213, 214, 2
267, 2, 213, 214, 2
267, 2, 214, 215, 2
267, 2, 214, 215, 2
267, 2, 215, 216, 2
267, 2, 215, 216, 2
267, 2, 216, 217, 2
267, 2, 216, 217, 2
267, 2, 217, 218, 2
267, 2, 217, 218, 2
267, 2, 218, 220, 2
267, 2, 218, 220, 2
267, 2, 219, 230, 2
267, 2, 219, 230, 2
267, 2, 220, 221, 2
267, 2, 220, 221, 2
267, 2, 221, 222, 2
267, 2, 221, 222, 2
267, 2, 222, 223, 2
267, 2, 222, 223, 2
267, 2, 223, 224, 2
267, 2, 223, 224, 2
267, 2, 224, 225, 2
267, 2, 224, 225, 2
267, 2, 225, 226, 2
267, 2, 225, 226, 2
267, 2, 226, 227, 2
267, 2, 226, 227, 2
267, 2, 227, 228, 2
267, 2, 227, 228, 2
267, 2, 228, 229, 2
267, 2, 228, 229, 2
267, 2, 229, 231, 2
267, 2, 229, 231, 2
267, 2, 230, 241, 2
267, 2, 230, 241, 2
267, 2, 231, 232, 2
267, 2, 231, 232, 2
267, 2, 232, 233, 2
267, 2, 232, 233, 2
267, 2, 233, 234, 2
267, 2, 233, 234, 2
267, 2, 234, 235, 2
267, 2, 234, 235, 2
267, 2, 235, 236, 2
267, 2, 235, 236, 2
267, 2, 236, 237, 2
267, 2, 236, 237, 2
267, 2, 237, 238, 2
267, 2, 237, 238, 2
267, 2, 238, 239, 2
267, 2, 238, 239, 2
267, 2, 239, 240, 2
267, 2, 239, 240, 2
267, 2, 240, 242, 2
267, 2, 240, 242, 2
267, 2, 241, 1, 2
267, 2, 241, 1, 2
267, 2, 242, 243, 2
267, 2, 242, 243, 2
267, 2, 243, 244, 2
267, 2, 243, 244, 2
267, 2, 244, 245, 2
267, 2, 244, 245, 2
267, 2, 245, 246, 2
267, 2, 245, 246, 2
267, 2, 246, 247, 2
267, 2, 246, 247, 2
267, 2, 247, 248, 2
267, 2, 247, 248, 2
267, 2, 248, 249, 2
267, 2, 248, 249, 2
267, 2, 249, 250, 2
267, 2, 249, 250, 2
267, 2, 250, 251, 2
267, 2, 250, 251, 2
267, 2, 251, 2, 2
267, 2, 251, 2, 2
268, 2, 1, 0, 2
268, 2, 1, 0, 3
Goal
1
2
3
4
5
6
7
8
9
10
11
12
13
14
15
16
17
18
19
20
21
22
23
24
25
26
27
28
29
30
31
32
33
34
35
36
37
38
39
40
41
42
43
44
45
46
47
48
49
50
51
52
53
54
55
56
57
58
59
60
61
62
63
64
65
66
67
68
69
70
71
72
73
74
75
76
77
78
79
80
81
82
83
84
85
86
87
88
89
90
91
92
93
94
95
96
97
98
99
100
101
102
103
104
105
106
107
108
109
110
111
112
113
114
115
116
117
118
119
120
121
122
123
124
125
126
127
128
129
130
131
132
133
134
135
136
137
138
139
140
141
142
143
144
145
146
147
148
149
150
151
152
153
154
155
156
157
158
159
160
161
162
163
164
165
166
167
168
169
170
171
172
173
174
175
176
177
178
179
180
181
182
183
184
185
186
187
188
189
190
191
192
193
194
195
196
197
198
199
200
201
202
203
204
205
206
207
208
209
210
211
212
213
214
215
216
217
218
219
220
221
222
223
224
225
226
227
228
229
230
231
232
233
234
235
236
237
238
239
240
241
242
243
244
245
246
247
248
249
250
251
252
253
254
255
256
257
258
259
260
261
262
263
264
265
266
267
268
