CG
41
0, 2, 29, 20
0, 2, 20, 20
1, 2, 34, 20
1, 2, 20, 20
2, 2, 40, 20
2, 2, 20, 20
3, 3, 25, 20
3, 3, 34, 20
3, 3, 20, 40
4, 3, 26, 20
4, 3, 39, 20
4, 3, 20, 40
5, 3, 33, 20
5, 3, 37, 20
5, 3, 20, 40
6, 3, 33, 20
6, 3, 34, 20
6, 3, 20, 40
7, 3, 33, 20
7, 3, 36, 20
7, 3, 20, 40
8, 3, 40, 20
8, 3, 31, 20
8, 3, 20, 40
9, 4, 25, 20
9, 4, 40, 20
9, 4, 37, 20
9, 4, 20, 60
10, 4, 35, 20
10, 4, 23, 20
10, 4, 39, 20
10, 4, 20, 60
11, 4, 21, 20
11, 4, 32, 20
11, 4, 38, 20
11, 4, 20, 60
12, 4, 38, 20
12, 4, 28, 20
12, 4, 36, 20
12, 4, 20, 60
13, 4, 26, 20
13, 4, 35, 20
13, 4, 40, 20
13, 4, 20, 60
14, 4, 22, 20
14, 4, 38, 20
14, 4, 30, 20
14, 4, 20, 60
15, 5, 27, 20
15, 5, 40, 20
15, 5, 37, 20
15, 5, 31, 20
15, 5, 20, 80
16, 5, 32, 20
16, 5, 38, 20
16, 5, 28, 20
16, 5, 35, 20
16, 5, 20, 80
17, 5, 32, 20
17, 5, 38, 20
17, 5, 39, 20
17, 5, 30, 20
17, 5, 20, 80
18, 6, 27, 20
18, 6, 35, 20
18, 6, 39, 20
18, 6, 36, 20
18, 6, 24, 20
18, 6, 20, 100
19, 6, 29, 20
19, 6, 39, 20
19, 6, 36, 20
19, 6, 40, 20
19, 6, 37, 20
19, 6, 20, 100
20, 20, 25, 40
20, 20, 21, 40
20, 20, 32, 40
20, 20, 26, 40
20, 20, 22, 40
20, 20, 27, 40
20, 20, 38, 40
20, 20, 33, 40
20, 20, 28, 40
20, 20, 34, 40
20, 20, 35, 40
20, 20, 29, 40
20, 20, 23, 40
20, 20, 39, 40
20, 20, 36, 40
20, 20, 30, 40
20, 20, 40, 40
20, 20, 37, 40
20, 20, 31, 40
20, 20, 24, 40
21, 2, 11, 1
21, 2, 20, 40
22, 2, 14, 1
22, 2, 20, 40
23, 2, 10, 1
23, 2, 20, 40
24, 2, 18, 1
24, 2, 20, 40
25, 3, 3, 1
25, 3, 9, 1
25, 3, 20, 40
26, 3, 4, 1
26, 3, 13, 1
26, 3, 20, 40
27, 3, 15, 1
27, 3, 18, 1
27, 3, 20, 40
28, 3, 16, 1
28, 3, 12, 1
28, 3, 20, 40
29, 3, 0, 1
29, 3, 19, 1
29, 3, 20, 40
30, 3, 14, 1
30, 3, 17, 1
30, 3, 20, 40
31, 3, 15, 1
31, 3, 8, 1
31, 3, 20, 40
32, 4, 16, 1
32, 4, 11, 1
32, 4, 17, 1
32, 4, 20, 40
33, 4, 6, 1
33, 4, 5, 1
33, 4, 7, 1
33, 4, 20, 40
34, 4, 3, 1
34, 4, 1, 1
34, 4, 6, 1
34, 4, 20, 40
35, 5, 10, 1
35, 5, 16, 1
35, 5, 18, 1
35, 5, 13, 1
35, 5, 20, 40
36, 5, 12, 1
36, 5, 18, 1
36, 5, 19, 1
36, 5, 7, 1
36, 5, 20, 40
37, 5, 15, 1
37, 5, 9, 1
37, 5, 5, 1
37, 5, 19, 1
37, 5, 20, 40
38, 6, 16, 1
38, 6, 12, 1
38, 6, 11, 1
38, 6, 14, 1
38, 6, 17, 1
38, 6, 20, 40
39, 6, 10, 1
39, 6, 4, 1
39, 6, 18, 1
39, 6, 19, 1
39, 6, 17, 1
39, 6, 20, 40
40, 7, 15, 1
40, 7, 9, 1
40, 7, 19, 1
40, 7, 8, 1
40, 7, 2, 1
40, 7, 13, 1
40, 7, 20, 40
DTG
0, 1, 1, 0, 2
1, 1, 1, 0, 2
2, 1, 1, 0, 2
3, 1, 1, 0, 3
4, 1, 1, 0, 3
5, 1, 1, 0, 3
6, 1, 1, 0, 3
7, 1, 1, 0, 3
8, 1, 1, 0, 3
9, 1, 1, 0, 4
10, 1, 1, 0, 4
11, 1, 1, 0, 4
12, 1, 1, 0, 4
13, 1, 1, 0, 4
14, 1, 1, 0, 4
15, 1, 1, 0, 5
16, 1, 1, 0, 5
17, 1, 1, 0, 5
18, 1, 1, 0, 6
19, 1, 1, 0, 6
20, 21, 0, 1, 1
20, 21, 0, 1, 3
20, 21, 0, 1, 3
20, 21, 0, 1, 3
20, 21, 0, 1, 3
20, 21, 0, 1, 4
20, 21, 0, 1, 4
20, 21, 0, 1, 4
20, 21, 0, 1, 4
20, 21, 0, 1, 4
20, 21, 0, 1, 4
20, 21, 0, 1, 4
20, 21, 0, 1, 5
20, 21, 0, 1, 5
20, 21, 0, 1, 5
20, 21, 0, 1, 6
20, 21, 0, 1, 6
20, 21, 0, 1, 6
20, 21, 0, 1, 7
20, 21, 0, 1, 7
20, 21, 0, 1, 8
20, 41, 1, 0, 2
20, 41, 1, 0, 2
20, 41, 1, 0, 2
20, 41, 1, 0, 2
20, 41, 1, 0, 2
20, 41, 1, 0, 2
20, 41, 1, 0, 2
20, 41, 1, 0, 2
20, 41, 1, 0, 2
20, 41, 1, 0, 2
20, 41, 1, 0, 2
20, 41, 1, 0, 2
20, 41, 1, 0, 2
20, 41, 1, 0, 2
20, 41, 1, 0, 2
20, 41, 1, 0, 2
20, 41, 1, 0, 2
20, 41, 1, 0, 2
20, 41, 1, 0, 2
20, 41, 1, 0, 2
20, 41, 1, 12, 1
20, 41, 1, 12, 3
20, 41, 1, 12, 3
20, 41, 1, 12, 3
20, 41, 1, 12, 3
20, 41, 1, 12, 4
20, 41, 1, 12, 4
20, 41, 1, 12, 4
20, 41, 1, 12, 4
20, 41, 1, 12, 4
20, 41, 1, 12, 4
20, 41, 1, 12, 4
20, 41, 1, 12, 5
20, 41, 1, 12, 5
20, 41, 1, 12, 5
20, 41, 1, 12, 6
20, 41, 1, 12, 6
20, 41, 1, 12, 6
20, 41, 1, 12, 7
20, 41, 1, 12, 7
20, 41, 1, 12, 8
20, 41, 2, 3, 1
20, 41, 2, 3, 3
20, 41, 2, 3, 3
20, 41, 2, 3, 3
20, 41, 2, 3, 3
20, 41, 2, 3, 4
20, 41, 2, 3, 4
20, 41, 2, 3, 4
20, 41, 2, 3, 4
20, 41, 2, 3, 4
20, 41, 2, 3, 4
20, 41, 2, 3, 4
20, 41, 2, 3, 5
20, 41, 2, 3, 5
20, 41, 2, 3, 5
20, 41, 2, 3, 6
20, 41, 2, 3, 6
20, 41, 2, 3, 6
20, 41, 2, 3, 7
20, 41, 2, 3, 7
20, 41, 2, 3, 8
20, 41, 2, 20, 2
20, 41, 2, 20, 2
20, 41, 2, 20, 2
20, 41, 2, 20, 2
20, 41, 2, 20, 2
20, 41, 2, 20, 2
20, 41, 2, 20, 2
20, 41, 2, 20, 2
20, 41, 2, 20, 2
20, 41, 2, 20, 2
20, 41, 2, 20, 2
20, 41, 2, 20, 2
20, 41, 2, 20, 2
20, 41, 2, 20, 2
20, 41, 2, 20, 2
20, 41, 2, 20, 2
20, 41, 2, 20, 2
20, 41, 2, 20, 2
20, 41, 2, 20, 2
20, 41, 2, 20, 2
20, 41, 3, 2, 2
20, 41, 3, 2, 2
20, 41, 3, 2, 2
20, 41, 3, 2, 2
20, 41, 3, 2, 2
20, 41, 3, 2, 2
20, 41, 3, 2, 2
20, 41, 3, 2, 2
20, 41, 3, 2, 2
20, 41, 3, 2, 2
20, 41, 3, 2, 2
20, 41, 3, 2, 2
20, 41, 3, 2, 2
20, 41, 3, 2, 2
20, 41, 3, 2, 2
20, 41, 3, 2, 2
20, 41, 3, 2, 2
20, 41, 3, 2, 2
20, 41, 3, 2, 2
20, 41, 3, 2, 2
20, 41, 3, 4, 1
20, 41, 3, 4, 3
20, 41, 3, 4, 3
20, 41, 3, 4, 3
20, 41, 3, 4, 3
20, 41, 3, 4, 4
20, 41, 3, 4, 4
20, 41, 3, 4, 4
20, 41, 3, 4, 4
20, 41, 3, 4, 4
20, 41, 3, 4, 4
20, 41, 3, 4, 4
20, 41, 3, 4, 5
20, 41, 3, 4, 5
20, 41, 3, 4, 5
20, 41, 3, 4, 6
20, 41, 3, 4, 6
20, 41, 3, 4, 6
20, 41, 3, 4, 7
20, 41, 3, 4, 7
20, 41, 3, 4, 8
20, 41, 4, 3, 2
20, 41, 4, 3, 2
20, 41, 4, 3, 2
20, 41, 4, 3, 2
20, 41, 4, 3, 2
20, 41, 4, 3, 2
20, 41, 4, 3, 2
20, 41, 4, 3, 2
20, 41, 4, 3, 2
20, 41, 4, 3, 2
20, 41, 4, 3, 2
20, 41, 4, 3, 2
20, 41, 4, 3, 2
20, 41, 4, 3, 2
20, 41, 4, 3, 2
20, 41, 4, 3, 2
20, 41, 4, 3, 2
20, 41, 4, 3, 2
20, 41, 4, 3, 2
20, 41, 4, 3, 2
20, 41, 4, 5, 1
20, 41, 4, 5, 3
20, 41, 4, 5, 3
20, 41, 4, 5, 3
20, 41, 4, 5, 3
20, 41, 4, 5, 4
20, 41, 4, 5, 4
20, 41, 4, 5, 4
20, 41, 4, 5, 4
20, 41, 4, 5, 4
20, 41, 4, 5, 4
20, 41, 4, 5, 4
20, 41, 4, 5, 5
20, 41, 4, 5, 5
20, 41, 4, 5, 5
20, 41, 4, 5, 6
20, 41, 4, 5, 6
20, 41, 4, 5, 6
20, 41, 4, 5, 7
20, 41, 4, 5, 7
20, 41, 4, 5, 8
20, 41, 5, 4, 2
20, 41, 5, 4, 2
20, 41, 5, 4, 2
20, 41, 5, 4, 2
20, 41, 5, 4, 2
20, 41, 5, 4, 2
20, 41, 5, 4, 2
20, 41, 5, 4, 2
20, 41, 5, 4, 2
20, 41, 5, 4, 2
20, 41, 5, 4, 2
20, 41, 5, 4, 2
20, 41, 5, 4, 2
20, 41, 5, 4, 2
20, 41, 5, 4, 2
20, 41, 5, 4, 2
20, 41, 5, 4, 2
20, 41, 5, 4, 2
20, 41, 5, 4, 2
20, 41, 5, 4, 2
20, 41, 5, 6, 1
20, 41, 5, 6, 3
20, 41, 5, 6, 3
20, 41, 5, 6, 3
20, 41, 5, 6, 3
20, 41, 5, 6, 4
20, 41, 5, 6, 4
20, 41, 5, 6, 4
20, 41, 5, 6, 4
20, 41, 5, 6, 4
20, 41, 5, 6, 4
20, 41, 5, 6, 4
20, 41, 5, 6, 5
20, 41, 5, 6, 5
20, 41, 5, 6, 5
20, 41, 5, 6, 6
20, 41, 5, 6, 6
20, 41, 5, 6, 6
20, 41, 5, 6, 7
20, 41, 5, 6, 7
20, 41, 5, 6, 8
20, 41, 6, 5, 2
20, 41, 6, 5, 2
20, 41, 6, 5, 2
20, 41, 6, 5, 2
20, 41, 6, 5, 2
20, 41, 6, 5, 2
20, 41, 6, 5, 2
20, 41, 6, 5, 2
20, 41, 6, 5, 2
20, 41, 6, 5, 2
20, 41, 6, 5, 2
20, 41, 6, 5, 2
20, 41, 6, 5, 2
20, 41, 6, 5, 2
20, 41, 6, 5, 2
20, 41, 6, 5, 2
20, 41, 6, 5, 2
20, 41, 6, 5, 2
20, 41, 6, 5, 2
20, 41, 6, 5, 2
20, 41, 6, 7, 1
20, 41, 6, 7, 3
20, 41, 6, 7, 3
20, 41, 6, 7, 3
20, 41, 6, 7, 3
20, 41, 6, 7, 4
20, 41, 6, 7, 4
20, 41, 6, 7, 4
20, 41, 6, 7, 4
20, 41, 6, 7, 4
20, 41, 6, 7, 4
20, 41, 6, 7, 4
20, 41, 6, 7, 5
20, 41, 6, 7, 5
20, 41, 6, 7, 5
20, 41, 6, 7, 6
20, 41, 6, 7, 6
20, 41, 6, 7, 6
20, 41, 6, 7, 7
20, 41, 6, 7, 7
20, 41, 6, 7, 8
20, 41, 7, 6, 2
20, 41, 7, 6, 2
20, 41, 7, 6, 2
20, 41, 7, 6, 2
20, 41, 7, 6, 2
20, 41, 7, 6, 2
20, 41, 7, 6, 2
20, 41, 7, 6, 2
20, 41, 7, 6, 2
20, 41, 7, 6, 2
20, 41, 7, 6, 2
20, 41, 7, 6, 2
20, 41, 7, 6, 2
20, 41, 7, 6, 2
20, 41, 7, 6, 2
20, 41, 7, 6, 2
20, 41, 7, 6, 2
20, 41, 7, 6, 2
20, 41, 7, 6, 2
20, 41, 7, 6, 2
20, 41, 7, 8, 1
20, 41, 7, 8, 3
20, 41, 7, 8, 3
20, 41, 7, 8, 3
20, 41, 7, 8, 3
20, 41, 7, 8, 4
20, 41, 7, 8, 4
20, 41, 7, 8, 4
20, 41, 7, 8, 4
20, 41, 7, 8, 4
20, 41, 7, 8, 4
20, 41, 7, 8, 4
20, 41, 7, 8, 5
20, 41, 7, 8, 5
20, 41, 7, 8, 5
20, 41, 7, 8, 6
20, 41, 7, 8, 6
20, 41, 7, 8, 6
20, 41, 7, 8, 7
20, 41, 7, 8, 7
20, 41, 7, 8, 8
20, 41, 8, 7, 2
20, 41, 8, 7, 2
20, 41, 8, 7, 2
20, 41, 8, 7, 2
20, 41, 8, 7, 2
20, 41, 8, 7, 2
20, 41, 8, 7, 2
20, 41, 8, 7, 2
20, 41, 8, 7, 2
20, 41, 8, 7, 2
20, 41, 8, 7, 2
20, 41, 8, 7, 2
20, 41, 8, 7, 2
20, 41, 8, 7, 2
20, 41, 8, 7, 2
20, 41, 8, 7, 2
20, 41, 8, 7, 2
20, 41, 8, 7, 2
20, 41, 8, 7, 2
20, 41, 8, 7, 2
20, 41, 8, 9, 1
20, 41, 8, 9, 3
20, 41, 8, 9, 3
20, 41, 8, 9, 3
20, 41, 8, 9, 3
20, 41, 8, 9, 4
20, 41, 8, 9, 4
20, 41, 8, 9, 4
20, 41, 8, 9, 4
20, 41, 8, 9, 4
20, 41, 8, 9, 4
20, 41, 8, 9, 4
20, 41, 8, 9, 5
20, 41, 8, 9, 5
20, 41, 8, 9, 5
20, 41, 8, 9, 6
20, 41, 8, 9, 6
20, 41, 8, 9, 6
20, 41, 8, 9, 7
20, 41, 8, 9, 7
20, 41, 8, 9, 8
20, 41, 9, 8, 2
20, 41, 9, 8, 2
20, 41, 9, 8, 2
20, 41, 9, 8, 2
20, 41, 9, 8, 2
20, 41, 9, 8, 2
20, 41, 9, 8, 2
20, 41, 9, 8, 2
20, 41, 9, 8, 2
20, 41, 9, 8, 2
20, 41, 9, 8, 2
20, 41, 9, 8, 2
20, 41, 9, 8, 2
20, 41, 9, 8, 2
20, 41, 9, 8, 2
20, 41, 9, 8, 2
20, 41, 9, 8, 2
20, 41, 9, 8, 2
20, 41, 9, 8, 2
20, 41, 9, 8, 2
20, 41, 9, 10, 1
20, 41, 9, 10, 3
20, 41, 9, 10, 3
20, 41, 9, 10, 3
20, 41, 9, 10, 3
20, 41, 9, 10, 4
20, 41, 9, 10, 4
20, 41, 9, 10, 4
20, 41, 9, 10, 4
20, 41, 9, 10, 4
20, 41, 9, 10, 4
20, 41, 9, 10, 4
20, 41, 9, 10, 5
20, 41, 9, 10, 5
20, 41, 9, 10, 5
20, 41, 9, 10, 6
20, 41, 9, 10, 6
20, 41, 9, 10, 6
20, 41, 9, 10, 7
20, 41, 9, 10, 7
20, 41, 9, 10, 8
20, 41, 10, 9, 2
20, 41, 10, 9, 2
20, 41, 10, 9, 2
20, 41, 10, 9, 2
20, 41, 10, 9, 2
20, 41, 10, 9, 2
20, 41, 10, 9, 2
20, 41, 10, 9, 2
20, 41, 10, 9, 2
20, 41, 10, 9, 2
20, 41, 10, 9, 2
20, 41, 10, 9, 2
20, 41, 10, 9, 2
20, 41, 10, 9, 2
20, 41, 10, 9, 2
20, 41, 10, 9, 2
20, 41, 10, 9, 2
20, 41, 10, 9, 2
20, 41, 10, 9, 2
20, 41, 10, 9, 2
20, 41, 10, 11, 1
20, 41, 10, 11, 3
20, 41, 10, 11, 3
20, 41, 10, 11, 3
20, 41, 10, 11, 3
20, 41, 10, 11, 4
20, 41, 10, 11, 4
20, 41, 10, 11, 4
20, 41, 10, 11, 4
20, 41, 10, 11, 4
20, 41, 10, 11, 4
20, 41, 10, 11, 4
20, 41, 10, 11, 5
20, 41, 10, 11, 5
20, 41, 10, 11, 5
20, 41, 10, 11, 6
20, 41, 10, 11, 6
20, 41, 10, 11, 6
20, 41, 10, 11, 7
20, 41, 10, 11, 7
20, 41, 10, 11, 8
20, 41, 11, 10, 2
20, 41, 11, 10, 2
20, 41, 11, 10, 2
20, 41, 11, 10, 2
20, 41, 11, 10, 2
20, 41, 11, 10, 2
20, 41, 11, 10, 2
20, 41, 11, 10, 2
20, 41, 11, 10, 2
20, 41, 11, 10, 2
20, 41, 11, 10, 2
20, 41, 11, 10, 2
20, 41, 11, 10, 2
20, 41, 11, 10, 2
20, 41, 11, 10, 2
20, 41, 11, 10, 2
20, 41, 11, 10, 2
20, 41, 11, 10, 2
20, 41, 11, 10, 2
20, 41, 11, 10, 2
20, 41, 11, 13, 1
20, 41, 11, 13, 3
20, 41, 11, 13, 3
20, 41, 11, 13, 3
20, 41, 11, 13, 3
20, 41, 11, 13, 4
20, 41, 11, 13, 4
20, 41, 11, 13, 4
20, 41, 11, 13, 4
20, 41, 11, 13, 4
20, 41, 11, 13, 4
20, 41, 11, 13, 4
20, 41, 11, 13, 5
20, 41, 11, 13, 5
20, 41, 11, 13, 5
20, 41, 11, 13, 6
20, 41, 11, 13, 6
20, 41, 11, 13, 6
20, 41, 11, 13, 7
20, 41, 11, 13, 7
20, 41, 11, 13, 8
20, 41, 12, 1, 2
20, 41, 12, 1, 2
20, 41, 12, 1, 2
20, 41, 12, 1, 2
20, 41, 12, 1, 2
20, 41, 12, 1, 2
20, 41, 12, 1, 2
20, 41, 12, 1, 2
20, 41, 12, 1, 2
20, 41, 12, 1, 2
20, 41, 12, 1, 2
20, 41, 12, 1, 2
20, 41, 12, 1, 2
20, 41, 12, 1, 2
20, 41, 12, 1, 2
20, 41, 12, 1, 2
20, 41, 12, 1, 2
20, 41, 12, 1, 2
20, 41, 12, 1, 2
20, 41, 12, 1, 2
20, 41, 12, 14, 1
20, 41, 12, 14, 3
20, 41, 12, 14, 3
20, 41, 12, 14, 3
20, 41, 12, 14, 3
20, 41, 12, 14, 4
20, 41, 12, 14, 4
20, 41, 12, 14, 4
20, 41, 12, 14, 4
20, 41, 12, 14, 4
20, 41, 12, 14, 4
20, 41, 12, 14, 4
20, 41, 12, 14, 5
20, 41, 12, 14, 5
20, 41, 12, 14, 5
20, 41, 12, 14, 6
20, 41, 12, 14, 6
20, 41, 12, 14, 6
20, 41, 12, 14, 7
20, 41, 12, 14, 7
20, 41, 12, 14, 8
20, 20, 13, 11, 2
20, 20, 13, 11, 2
20, 20, 13, 11, 2
20, 20, 13, 11, 2
20, 20, 13, 11, 2
20, 20, 13, 11, 2
20, 20, 13, 11, 2
20, 20, 13, 11, 2
20, 20, 13, 11, 2
20, 20, 13, 11, 2
20, 20, 13, 11, 2
20, 20, 13, 11, 2
20, 20, 13, 11, 2
20, 20, 13, 11, 2
20, 20, 13, 11, 2
20, 20, 13, 11, 2
20, 20, 13, 11, 2
20, 20, 13, 11, 2
20, 20, 13, 11, 2
20, 20, 13, 11, 2
20, 41, 14, 12, 2
20, 41, 14, 12, 2
20, 41, 14, 12, 2
20, 41, 14, 12, 2
20, 41, 14, 12, 2
20, 41, 14, 12, 2
20, 41, 14, 12, 2
20, 41, 14, 12, 2
20, 41, 14, 12, 2
20, 41, 14, 12, 2
20, 41, 14, 12, 2
20, 41, 14, 12, 2
20, 41, 14, 12, 2
20, 41, 14, 12, 2
20, 41, 14, 12, 2
20, 41, 14, 12, 2
20, 41, 14, 12, 2
20, 41, 14, 12, 2
20, 41, 14, 12, 2
20, 41, 14, 12, 2
20, 41, 14, 15, 1
20, 41, 14, 15, 3
20, 41, 14, 15, 3
20, 41, 14, 15, 3
20, 41, 14, 15, 3
20, 41, 14, 15, 4
20, 41, 14, 15, 4
20, 41, 14, 15, 4
20, 41, 14, 15, 4
20, 41, 14, 15, 4
20, 41, 14, 15, 4
20, 41, 14, 15, 4
20, 41, 14, 15, 5
20, 41, 14, 15, 5
20, 41, 14, 15, 5
20, 41, 14, 15, 6
20, 41, 14, 15, 6
20, 41, 14, 15, 6
20, 41, 14, 15, 7
20, 41, 14, 15, 7
20, 41, 14, 15, 8
20, 41, 15, 14, 2
20, 41, 15, 14, 2
20, 41, 15, 14, 2
20, 41, 15, 14, 2
20, 41, 15, 14, 2
20, 41, 15, 14, 2
20, 41, 15, 14, 2
20, 41, 15, 14, 2
20, 41, 15, 14, 2
20, 41, 15, 14, 2
20, 41, 15, 14, 2
20, 41, 15, 14, 2
20, 41, 15, 14, 2
20, 41, 15, 14, 2
20, 41, 15, 14, 2
20, 41, 15, 14, 2
20, 41, 15, 14, 2
20, 41, 15, 14, 2
20, 41, 15, 14, 2
20, 41, 15, 14, 2
20, 41, 15, 16, 1
20, 41, 15, 16, 3
20, 41, 15, 16, 3
20, 41, 15, 16, 3
20, 41, 15, 16, 3
20, 41, 15, 16, 4
20, 41, 15, 16, 4
20, 41, 15, 16, 4
20, 41, 15, 16, 4
20, 41, 15, 16, 4
20, 41, 15, 16, 4
20, 41, 15, 16, 4
20, 41, 15, 16, 5
20, 41, 15, 16, 5
20, 41, 15, 16, 5
20, 41, 15, 16, 6
20, 41, 15, 16, 6
20, 41, 15, 16, 6
20, 41, 15, 16, 7
20, 41, 15, 16, 7
20, 41, 15, 16, 8
20, 41, 16, 15, 2
20, 41, 16, 15, 2
20, 41, 16, 15, 2
20, 41, 16, 15, 2
20, 41, 16, 15, 2
20, 41, 16, 15, 2
20, 41, 16, 15, 2
20, 41, 16, 15, 2
20, 41, 16, 15, 2
20, 41, 16, 15, 2
20, 41, 16, 15, 2
20, 41, 16, 15, 2
20, 41, 16, 15, 2
20, 41, 16, 15, 2
20, 41, 16, 15, 2
20, 41, 16, 15, 2
20, 41, 16, 15, 2
20, 41, 16, 15, 2
20, 41, 16, 15, 2
20, 41, 16, 15, 2
20, 41, 16, 17, 1
20, 41, 16, 17, 3
20, 41, 16, 17, 3
20, 41, 16, 17, 3
20, 41, 16, 17, 3
20, 41, 16, 17, 4
20, 41, 16, 17, 4
20, 41, 16, 17, 4
20, 41, 16, 17, 4
20, 41, 16, 17, 4
20, 41, 16, 17, 4
20, 41, 16, 17, 4
20, 41, 16, 17, 5
20, 41, 16, 17, 5
20, 41, 16, 17, 5
20, 41, 16, 17, 6
20, 41, 16, 17, 6
20, 41, 16, 17, 6
20, 41, 16, 17, 7
20, 41, 16, 17, 7
20, 41, 16, 17, 8
20, 41, 17, 16, 2
20, 41, 17, 16, 2
20, 41, 17, 16, 2
20, 41, 17, 16, 2
20, 41, 17, 16, 2
20, 41, 17, 16, 2
20, 41, 17, 16, 2
20, 41, 17, 16, 2
20, 41, 17, 16, 2
20, 41, 17, 16, 2
20, 41, 17, 16, 2
20, 41, 17, 16, 2
20, 41, 17, 16, 2
20, 41, 17, 16, 2
20, 41, 17, 16, 2
20, 41, 17, 16, 2
20, 41, 17, 16, 2
20, 41, 17, 16, 2
20, 41, 17, 16, 2
20, 41, 17, 16, 2
20, 41, 17, 18, 1
20, 41, 17, 18, 3
20, 41, 17, 18, 3
20, 41, 17, 18, 3
20, 41, 17, 18, 3
20, 41, 17, 18, 4
20, 41, 17, 18, 4
20, 41, 17, 18, 4
20, 41, 17, 18, 4
20, 41, 17, 18, 4
20, 41, 17, 18, 4
20, 41, 17, 18, 4
20, 41, 17, 18, 5
20, 41, 17, 18, 5
20, 41, 17, 18, 5
20, 41, 17, 18, 6
20, 41, 17, 18, 6
20, 41, 17, 18, 6
20, 41, 17, 18, 7
20, 41, 17, 18, 7
20, 41, 17, 18, 8
20, 41, 18, 17, 2
20, 41, 18, 17, 2
20, 41, 18, 17, 2
20, 41, 18, 17, 2
20, 41, 18, 17, 2
20, 41, 18, 17, 2
20, 41, 18, 17, 2
20, 41, 18, 17, 2
20, 41, 18, 17, 2
20, 41, 18, 17, 2
20, 41, 18, 17, 2
20, 41, 18, 17, 2
20, 41, 18, 17, 2
20, 41, 18, 17, 2
20, 41, 18, 17, 2
20, 41, 18, 17, 2
20, 41, 18, 17, 2
20, 41, 18, 17, 2
20, 41, 18, 17, 2
20, 41, 18, 17, 2
20, 41, 18, 19, 1
20, 41, 18, 19, 3
20, 41, 18, 19, 3
20, 41, 18, 19, 3
20, 41, 18, 19, 3
20, 41, 18, 19, 4
20, 41, 18, 19, 4
20, 41, 18, 19, 4
20, 41, 18, 19, 4
20, 41, 18, 19, 4
20, 41, 18, 19, 4
20, 41, 18, 19, 4
20, 41, 18, 19, 5
20, 41, 18, 19, 5
20, 41, 18, 19, 5
20, 41, 18, 19, 6
20, 41, 18, 19, 6
20, 41, 18, 19, 6
20, 41, 18, 19, 7
20, 41, 18, 19, 7
20, 41, 18, 19, 8
20, 41, 19, 18, 2
20, 41, 19, 18, 2
20, 41, 19, 18, 2
20, 41, 19, 18, 2
20, 41, 19, 18, 2
20, 41, 19, 18, 2
20, 41, 19, 18, 2
20, 41, 19, 18, 2
20, 41, 19, 18, 2
20, 41, 19, 18, 2
20, 41, 19, 18, 2
20, 41, 19, 18, 2
20, 41, 19, 18, 2
20, 41, 19, 18, 2
20, 41, 19, 18, 2
20, 41, 19, 18, 2
20, 41, 19, 18, 2
20, 41, 19, 18, 2
20, 41, 19, 18, 2
20, 41, 19, 18, 2
20, 41, 19, 20, 1
20, 41, 19, 20, 3
20, 41, 19, 20, 3
20, 41, 19, 20, 3
20, 41, 19, 20, 3
20, 41, 19, 20, 4
20, 41, 19, 20, 4
20, 41, 19, 20, 4
20, 41, 19, 20, 4
20, 41, 19, 20, 4
20, 41, 19, 20, 4
20, 41, 19, 20, 4
20, 41, 19, 20, 5
20, 41, 19, 20, 5
20, 41, 19, 20, 5
20, 41, 19, 20, 6
20, 41, 19, 20, 6
20, 41, 19, 20, 6
20, 41, 19, 20, 7
20, 41, 19, 20, 7
20, 41, 19, 20, 8
20, 41, 20, 2, 1
20, 41, 20, 2, 3
20, 41, 20, 2, 3
20, 41, 20, 2, 3
20, 41, 20, 2, 3
20, 41, 20, 2, 4
20, 41, 20, 2, 4
20, 41, 20, 2, 4
20, 41, 20, 2, 4
20, 41, 20, 2, 4
20, 41, 20, 2, 4
20, 41, 20, 2, 4
20, 41, 20, 2, 5
20, 41, 20, 2, 5
20, 41, 20, 2, 5
20, 41, 20, 2, 6
20, 41, 20, 2, 6
20, 41, 20, 2, 6
20, 41, 20, 2, 7
20, 41, 20, 2, 7
20, 41, 20, 2, 8
20, 41, 20, 19, 2
20, 41, 20, 19, 2
20, 41, 20, 19, 2
20, 41, 20, 19, 2
20, 41, 20, 19, 2
20, 41, 20, 19, 2
20, 41, 20, 19, 2
20, 41, 20, 19, 2
20, 41, 20, 19, 2
20, 41, 20, 19, 2
20, 41, 20, 19, 2
20, 41, 20, 19, 2
20, 41, 20, 19, 2
20, 41, 20, 19, 2
20, 41, 20, 19, 2
20, 41, 20, 19, 2
20, 41, 20, 19, 2
20, 41, 20, 19, 2
20, 41, 20, 19, 2
20, 41, 20, 19, 2
21, 20, 1, 0, 3
21, 20, 1, 0, 3
21, 20, 1, 0, 3
21, 20, 1, 0, 3
21, 20, 1, 0, 3
21, 20, 1, 0, 3
21, 20, 1, 0, 3
21, 20, 1, 0, 3
21, 20, 1, 0, 3
21, 20, 1, 0, 3
21, 20, 1, 0, 3
21, 20, 1, 0, 3
21, 20, 1, 0, 3
21, 20, 1, 0, 3
21, 20, 1, 0, 3
21, 20, 1, 0, 3
21, 20, 1, 0, 3
21, 20, 1, 0, 3
21, 20, 1, 0, 3
21, 20, 1, 0, 3
21, 20, 2, 1, 2
21, 20, 2, 1, 2
21, 20, 2, 1, 2
21, 20, 2, 1, 2
21, 20, 2, 1, 2
21, 20, 2, 1, 2
21, 20, 2, 1, 2
21, 20, 2, 1, 2
21, 20, 2, 1, 2
21, 20, 2, 1, 2
21, 20, 2, 1, 2
21, 20, 2, 1, 2
21, 20, 2, 1, 2
21, 20, 2, 1, 2
21, 20, 2, 1, 2
21, 20, 2, 1, 2
21, 20, 2, 1, 2
21, 20, 2, 1, 2
21, 20, 2, 1, 2
21, 20, 2, 1, 2
22, 20, 1, 0, 3
22, 20, 1, 0, 3
22, 20, 1, 0, 3
22, 20, 1, 0, 3
22, 20, 1, 0, 3
22, 20, 1, 0, 3
22, 20, 1, 0, 3
22, 20, 1, 0, 3
22, 20, 1, 0, 3
22, 20, 1, 0, 3
22, 20, 1, 0, 3
22, 20, 1, 0, 3
22, 20, 1, 0, 3
22, 20, 1, 0, 3
22, 20, 1, 0, 3
22, 20, 1, 0, 3
22, 20, 1, 0, 3
22, 20, 1, 0, 3
22, 20, 1, 0, 3
22, 20, 1, 0, 3
22, 20, 2, 1, 2
22, 20, 2, 1, 2
22, 20, 2, 1, 2
22, 20, 2, 1, 2
22, 20, 2, 1, 2
22, 20, 2, 1, 2
22, 20, 2, 1, 2
22, 20, 2, 1, 2
22, 20, 2, 1, 2
22, 20, 2, 1, 2
22, 20, 2, 1, 2
22, 20, 2, 1, 2
22, 20, 2, 1, 2
22, 20, 2, 1, 2
22, 20, 2, 1, 2
22, 20, 2, 1, 2
22, 20, 2, 1, 2
22, 20, 2, 1, 2
22, 20, 2, 1, 2
22, 20, 2, 1, 2
23, 20, 1, 0, 3
23, 20, 1, 0, 3
23, 20, 1, 0, 3
23, 20, 1, 0, 3
23, 20, 1, 0, 3
23, 20, 1, 0, 3
23, 20, 1, 0, 3
23, 20, 1, 0, 3
23, 20, 1, 0, 3
23, 20, 1, 0, 3
23, 20, 1, 0, 3
23, 20, 1, 0, 3
23, 20, 1, 0, 3
23, 20, 1, 0, 3
23, 20, 1, 0, 3
23, 20, 1, 0, 3
23, 20, 1, 0, 3
23, 20, 1, 0, 3
23, 20, 1, 0, 3
23, 20, 1, 0, 3
23, 20, 2, 1, 2
23, 20, 2, 1, 2
23, 20, 2, 1, 2
23, 20, 2, 1, 2
23, 20, 2, 1, 2
23, 20, 2, 1, 2
23, 20, 2, 1, 2
23, 20, 2, 1, 2
23, 20, 2, 1, 2
23, 20, 2, 1, 2
23, 20, 2, 1, 2
23, 20, 2, 1, 2
23, 20, 2, 1, 2
23, 20, 2, 1, 2
23, 20, 2, 1, 2
23, 20, 2, 1, 2
23, 20, 2, 1, 2
23, 20, 2, 1, 2
23, 20, 2, 1, 2
23, 20, 2, 1, 2
24, 20, 1, 0, 3
24, 20, 1, 0, 3
24, 20, 1, 0, 3
24, 20, 1, 0, 3
24, 20, 1, 0, 3
24, 20, 1, 0, 3
24, 20, 1, 0, 3
24, 20, 1, 0, 3
24, 20, 1, 0, 3
24, 20, 1, 0, 3
24, 20, 1, 0, 3
24, 20, 1, 0, 3
24, 20, 1, 0, 3
24, 20, 1, 0, 3
24, 20, 1, 0, 3
24, 20, 1, 0, 3
24, 20, 1, 0, 3
24, 20, 1, 0, 3
24, 20, 1, 0, 3
24, 20, 1, 0, 3
24, 20, 2, 1, 2
24, 20, 2, 1, 2
24, 20, 2, 1, 2
24, 20, 2, 1, 2
24, 20, 2, 1, 2
24, 20, 2, 1, 2
24, 20, 2, 1, 2
24, 20, 2, 1, 2
24, 20, 2, 1, 2
24, 20, 2, 1, 2
24, 20, 2, 1, 2
24, 20, 2, 1, 2
24, 20, 2, 1, 2
24, 20, 2, 1, 2
24, 20, 2, 1, 2
24, 20, 2, 1, 2
24, 20, 2, 1, 2
24, 20, 2, 1, 2
24, 20, 2, 1, 2
24, 20, 2, 1, 2
25, 20, 1, 0, 4
25, 20, 1, 0, 4
25, 20, 1, 0, 4
25, 20, 1, 0, 4
25, 20, 1, 0, 4
25, 20, 1, 0, 4
25, 20, 1, 0, 4
25, 20, 1, 0, 4
25, 20, 1, 0, 4
25, 20, 1, 0, 4
25, 20, 1, 0, 4
25, 20, 1, 0, 4
25, 20, 1, 0, 4
25, 20, 1, 0, 4
25, 20, 1, 0, 4
25, 20, 1, 0, 4
25, 20, 1, 0, 4
25, 20, 1, 0, 4
25, 20, 1, 0, 4
25, 20, 1, 0, 4
25, 20, 2, 1, 2
25, 20, 2, 1, 2
25, 20, 2, 1, 2
25, 20, 2, 1, 2
25, 20, 2, 1, 2
25, 20, 2, 1, 2
25, 20, 2, 1, 2
25, 20, 2, 1, 2
25, 20, 2, 1, 2
25, 20, 2, 1, 2
25, 20, 2, 1, 2
25, 20, 2, 1, 2
25, 20, 2, 1, 2
25, 20, 2, 1, 2
25, 20, 2, 1, 2
25, 20, 2, 1, 2
25, 20, 2, 1, 2
25, 20, 2, 1, 2
25, 20, 2, 1, 2
25, 20, 2, 1, 2
26, 20, 1, 0, 4
26, 20, 1, 0, 4
26, 20, 1, 0, 4
26, 20, 1, 0, 4
26, 20, 1, 0, 4
26, 20, 1, 0, 4
26, 20, 1, 0, 4
26, 20, 1, 0, 4
26, 20, 1, 0, 4
26, 20, 1, 0, 4
26, 20, 1, 0, 4
26, 20, 1, 0, 4
26, 20, 1, 0, 4
26, 20, 1, 0, 4
26, 20, 1, 0, 4
26, 20, 1, 0, 4
26, 20, 1, 0, 4
26, 20, 1, 0, 4
26, 20, 1, 0, 4
26, 20, 1, 0, 4
26, 20, 2, 1, 2
26, 20, 2, 1, 2
26, 20, 2, 1, 2
26, 20, 2, 1, 2
26, 20, 2, 1, 2
26, 20, 2, 1, 2
26, 20, 2, 1, 2
26, 20, 2, 1, 2
26, 20, 2, 1, 2
26, 20, 2, 1, 2
26, 20, 2, 1, 2
26, 20, 2, 1, 2
26, 20, 2, 1, 2
26, 20, 2, 1, 2
26, 20, 2, 1, 2
26, 20, 2, 1, 2
26, 20, 2, 1, 2
26, 20, 2, 1, 2
26, 20, 2, 1, 2
26, 20, 2, 1, 2
27, 20, 1, 0, 4
27, 20, 1, 0, 4
27, 20, 1, 0, 4
27, 20, 1, 0, 4
27, 20, 1, 0, 4
27, 20, 1, 0, 4
27, 20, 1, 0, 4
27, 20, 1, 0, 4
27, 20, 1, 0, 4
27, 20, 1, 0, 4
27, 20, 1, 0, 4
27, 20, 1, 0, 4
27, 20, 1, 0, 4
27, 20, 1, 0, 4
27, 20, 1, 0, 4
27, 20, 1, 0, 4
27, 20, 1, 0, 4
27, 20, 1, 0, 4
27, 20, 1, 0, 4
27, 20, 1, 0, 4
27, 20, 2, 1, 2
27, 20, 2, 1, 2
27, 20, 2, 1, 2
27, 20, 2, 1, 2
27, 20, 2, 1, 2
27, 20, 2, 1, 2
27, 20, 2, 1, 2
27, 20, 2, 1, 2
27, 20, 2, 1, 2
27, 20, 2, 1, 2
27, 20, 2, 1, 2
27, 20, 2, 1, 2
27, 20, 2, 1, 2
27, 20, 2, 1, 2
27, 20, 2, 1, 2
27, 20, 2, 1, 2
27, 20, 2, 1, 2
27, 20, 2, 1, 2
27, 20, 2, 1, 2
27, 20, 2, 1, 2
28, 20, 1, 0, 4
28, 20, 1, 0, 4
28, 20, 1, 0, 4
28, 20, 1, 0, 4
28, 20, 1, 0, 4
28, 20, 1, 0, 4
28, 20, 1, 0, 4
28, 20, 1, 0, 4
28, 20, 1, 0, 4
28, 20, 1, 0, 4
28, 20, 1, 0, 4
28, 20, 1, 0, 4
28, 20, 1, 0, 4
28, 20, 1, 0, 4
28, 20, 1, 0, 4
28, 20, 1, 0, 4
28, 20, 1, 0, 4
28, 20, 1, 0, 4
28, 20, 1, 0, 4
28, 20, 1, 0, 4
28, 20, 2, 1, 2
28, 20, 2, 1, 2
28, 20, 2, 1, 2
28, 20, 2, 1, 2
28, 20, 2, 1, 2
28, 20, 2, 1, 2
28, 20, 2, 1, 2
28, 20, 2, 1, 2
28, 20, 2, 1, 2
28, 20, 2, 1, 2
28, 20, 2, 1, 2
28, 20, 2, 1, 2
28, 20, 2, 1, 2
28, 20, 2, 1, 2
28, 20, 2, 1, 2
28, 20, 2, 1, 2
28, 20, 2, 1, 2
28, 20, 2, 1, 2
28, 20, 2, 1, 2
28, 20, 2, 1, 2
29, 20, 1, 0, 4
29, 20, 1, 0, 4
29, 20, 1, 0, 4
29, 20, 1, 0, 4
29, 20, 1, 0, 4
29, 20, 1, 0, 4
29, 20, 1, 0, 4
29, 20, 1, 0, 4
29, 20, 1, 0, 4
29, 20, 1, 0, 4
29, 20, 1, 0, 4
29, 20, 1, 0, 4
29, 20, 1, 0, 4
29, 20, 1, 0, 4
29, 20, 1, 0, 4
29, 20, 1, 0, 4
29, 20, 1, 0, 4
29, 20, 1, 0, 4
29, 20, 1, 0, 4
29, 20, 1, 0, 4
29, 20, 2, 1, 2
29, 20, 2, 1, 2
29, 20, 2, 1, 2
29, 20, 2, 1, 2
29, 20, 2, 1, 2
29, 20, 2, 1, 2
29, 20, 2, 1, 2
29, 20, 2, 1, 2
29, 20, 2, 1, 2
29, 20, 2, 1, 2
29, 20, 2, 1, 2
29, 20, 2, 1, 2
29, 20, 2, 1, 2
29, 20, 2, 1, 2
29, 20, 2, 1, 2
29, 20, 2, 1, 2
29, 20, 2, 1, 2
29, 20, 2, 1, 2
29, 20, 2, 1, 2
29, 20, 2, 1, 2
30, 20, 1, 0, 4
30, 20, 1, 0, 4
30, 20, 1, 0, 4
30, 20, 1, 0, 4
30, 20, 1, 0, 4
30, 20, 1, 0, 4
30, 20, 1, 0, 4
30, 20, 1, 0, 4
30, 20, 1, 0, 4
30, 20, 1, 0, 4
30, 20, 1, 0, 4
30, 20, 1, 0, 4
30, 20, 1, 0, 4
30, 20, 1, 0, 4
30, 20, 1, 0, 4
30, 20, 1, 0, 4
30, 20, 1, 0, 4
30, 20, 1, 0, 4
30, 20, 1, 0, 4
30, 20, 1, 0, 4
30, 20, 2, 1, 2
30, 20, 2, 1, 2
30, 20, 2, 1, 2
30, 20, 2, 1, 2
30, 20, 2, 1, 2
30, 20, 2, 1, 2
30, 20, 2, 1, 2
30, 20, 2, 1, 2
30, 20, 2, 1, 2
30, 20, 2, 1, 2
30, 20, 2, 1, 2
30, 20, 2, 1, 2
30, 20, 2, 1, 2
30, 20, 2, 1, 2
30, 20, 2, 1, 2
30, 20, 2, 1, 2
30, 20, 2, 1, 2
30, 20, 2, 1, 2
30, 20, 2, 1, 2
30, 20, 2, 1, 2
31, 20, 1, 0, 4
31, 20, 1, 0, 4
31, 20, 1, 0, 4
31, 20, 1, 0, 4
31, 20, 1, 0, 4
31, 20, 1, 0, 4
31, 20, 1, 0, 4
31, 20, 1, 0, 4
31, 20, 1, 0, 4
31, 20, 1, 0, 4
31, 20, 1, 0, 4
31, 20, 1, 0, 4
31, 20, 1, 0, 4
31, 20, 1, 0, 4
31, 20, 1, 0, 4
31, 20, 1, 0, 4
31, 20, 1, 0, 4
31, 20, 1, 0, 4
31, 20, 1, 0, 4
31, 20, 1, 0, 4
31, 20, 2, 1, 2
31, 20, 2, 1, 2
31, 20, 2, 1, 2
31, 20, 2, 1, 2
31, 20, 2, 1, 2
31, 20, 2, 1, 2
31, 20, 2, 1, 2
31, 20, 2, 1, 2
31, 20, 2, 1, 2
31, 20, 2, 1, 2
31, 20, 2, 1, 2
31, 20, 2, 1, 2
31, 20, 2, 1, 2
31, 20, 2, 1, 2
31, 20, 2, 1, 2
31, 20, 2, 1, 2
31, 20, 2, 1, 2
31, 20, 2, 1, 2
31, 20, 2, 1, 2
31, 20, 2, 1, 2
32, 20, 1, 0, 5
32, 20, 1, 0, 5
32, 20, 1, 0, 5
32, 20, 1, 0, 5
32, 20, 1, 0, 5
32, 20, 1, 0, 5
32, 20, 1, 0, 5
32, 20, 1, 0, 5
32, 20, 1, 0, 5
32, 20, 1, 0, 5
32, 20, 1, 0, 5
32, 20, 1, 0, 5
32, 20, 1, 0, 5
32, 20, 1, 0, 5
32, 20, 1, 0, 5
32, 20, 1, 0, 5
32, 20, 1, 0, 5
32, 20, 1, 0, 5
32, 20, 1, 0, 5
32, 20, 1, 0, 5
32, 20, 2, 1, 2
32, 20, 2, 1, 2
32, 20, 2, 1, 2
32, 20, 2, 1, 2
32, 20, 2, 1, 2
32, 20, 2, 1, 2
32, 20, 2, 1, 2
32, 20, 2, 1, 2
32, 20, 2, 1, 2
32, 20, 2, 1, 2
32, 20, 2, 1, 2
32, 20, 2, 1, 2
32, 20, 2, 1, 2
32, 20, 2, 1, 2
32, 20, 2, 1, 2
32, 20, 2, 1, 2
32, 20, 2, 1, 2
32, 20, 2, 1, 2
32, 20, 2, 1, 2
32, 20, 2, 1, 2
33, 20, 1, 0, 5
33, 20, 1, 0, 5
33, 20, 1, 0, 5
33, 20, 1, 0, 5
33, 20, 1, 0, 5
33, 20, 1, 0, 5
33, 20, 1, 0, 5
33, 20, 1, 0, 5
33, 20, 1, 0, 5
33, 20, 1, 0, 5
33, 20, 1, 0, 5
33, 20, 1, 0, 5
33, 20, 1, 0, 5
33, 20, 1, 0, 5
33, 20, 1, 0, 5
33, 20, 1, 0, 5
33, 20, 1, 0, 5
33, 20, 1, 0, 5
33, 20, 1, 0, 5
33, 20, 1, 0, 5
33, 20, 2, 1, 2
33, 20, 2, 1, 2
33, 20, 2, 1, 2
33, 20, 2, 1, 2
33, 20, 2, 1, 2
33, 20, 2, 1, 2
33, 20, 2, 1, 2
33, 20, 2, 1, 2
33, 20, 2, 1, 2
33, 20, 2, 1, 2
33, 20, 2, 1, 2
33, 20, 2, 1, 2
33, 20, 2, 1, 2
33, 20, 2, 1, 2
33, 20, 2, 1, 2
33, 20, 2, 1, 2
33, 20, 2, 1, 2
33, 20, 2, 1, 2
33, 20, 2, 1, 2
33, 20, 2, 1, 2
34, 20, 1, 0, 5
34, 20, 1, 0, 5
34, 20, 1, 0, 5
34, 20, 1, 0, 5
34, 20, 1, 0, 5
34, 20, 1, 0, 5
34, 20, 1, 0, 5
34, 20, 1, 0, 5
34, 20, 1, 0, 5
34, 20, 1, 0, 5
34, 20, 1, 0, 5
34, 20, 1, 0, 5
34, 20, 1, 0, 5
34, 20, 1, 0, 5
34, 20, 1, 0, 5
34, 20, 1, 0, 5
34, 20, 1, 0, 5
34, 20, 1, 0, 5
34, 20, 1, 0, 5
34, 20, 1, 0, 5
34, 20, 2, 1, 2
34, 20, 2, 1, 2
34, 20, 2, 1, 2
34, 20, 2, 1, 2
34, 20, 2, 1, 2
34, 20, 2, 1, 2
34, 20, 2, 1, 2
34, 20, 2, 1, 2
34, 20, 2, 1, 2
34, 20, 2, 1, 2
34, 20, 2, 1, 2
34, 20, 2, 1, 2
34, 20, 2, 1, 2
34, 20, 2, 1, 2
34, 20, 2, 1, 2
34, 20, 2, 1, 2
34, 20, 2, 1, 2
34, 20, 2, 1, 2
34, 20, 2, 1, 2
34, 20, 2, 1, 2
35, 20, 1, 0, 6
35, 20, 1, 0, 6
35, 20, 1, 0, 6
35, 20, 1, 0, 6
35, 20, 1, 0, 6
35, 20, 1, 0, 6
35, 20, 1, 0, 6
35, 20, 1, 0, 6
35, 20, 1, 0, 6
35, 20, 1, 0, 6
35, 20, 1, 0, 6
35, 20, 1, 0, 6
35, 20, 1, 0, 6
35, 20, 1, 0, 6
35, 20, 1, 0, 6
35, 20, 1, 0, 6
35, 20, 1, 0, 6
35, 20, 1, 0, 6
35, 20, 1, 0, 6
35, 20, 1, 0, 6
35, 20, 2, 1, 2
35, 20, 2, 1, 2
35, 20, 2, 1, 2
35, 20, 2, 1, 2
35, 20, 2, 1, 2
35, 20, 2, 1, 2
35, 20, 2, 1, 2
35, 20, 2, 1, 2
35, 20, 2, 1, 2
35, 20, 2, 1, 2
35, 20, 2, 1, 2
35, 20, 2, 1, 2
35, 20, 2, 1, 2
35, 20, 2, 1, 2
35, 20, 2, 1, 2
35, 20, 2, 1, 2
35, 20, 2, 1, 2
35, 20, 2, 1, 2
35, 20, 2, 1, 2
35, 20, 2, 1, 2
36, 20, 1, 0, 6
36, 20, 1, 0, 6
36, 20, 1, 0, 6
36, 20, 1, 0, 6
36, 20, 1, 0, 6
36, 20, 1, 0, 6
36, 20, 1, 0, 6
36, 20, 1, 0, 6
36, 20, 1, 0, 6
36, 20, 1, 0, 6
36, 20, 1, 0, 6
36, 20, 1, 0, 6
36, 20, 1, 0, 6
36, 20, 1, 0, 6
36, 20, 1, 0, 6
36, 20, 1, 0, 6
36, 20, 1, 0, 6
36, 20, 1, 0, 6
36, 20, 1, 0, 6
36, 20, 1, 0, 6
36, 20, 2, 1, 2
36, 20, 2, 1, 2
36, 20, 2, 1, 2
36, 20, 2, 1, 2
36, 20, 2, 1, 2
36, 20, 2, 1, 2
36, 20, 2, 1, 2
36, 20, 2, 1, 2
36, 20, 2, 1, 2
36, 20, 2, 1, 2
36, 20, 2, 1, 2
36, 20, 2, 1, 2
36, 20, 2, 1, 2
36, 20, 2, 1, 2
36, 20, 2, 1, 2
36, 20, 2, 1, 2
36, 20, 2, 1, 2
36, 20, 2, 1, 2
36, 20, 2, 1, 2
36, 20, 2, 1, 2
37, 20, 1, 0, 6
37, 20, 1, 0, 6
37, 20, 1, 0, 6
37, 20, 1, 0, 6
37, 20, 1, 0, 6
37, 20, 1, 0, 6
37, 20, 1, 0, 6
37, 20, 1, 0, 6
37, 20, 1, 0, 6
37, 20, 1, 0, 6
37, 20, 1, 0, 6
37, 20, 1, 0, 6
37, 20, 1, 0, 6
37, 20, 1, 0, 6
37, 20, 1, 0, 6
37, 20, 1, 0, 6
37, 20, 1, 0, 6
37, 20, 1, 0, 6
37, 20, 1, 0, 6
37, 20, 1, 0, 6
37, 20, 2, 1, 2
37, 20, 2, 1, 2
37, 20, 2, 1, 2
37, 20, 2, 1, 2
37, 20, 2, 1, 2
37, 20, 2, 1, 2
37, 20, 2, 1, 2
37, 20, 2, 1, 2
37, 20, 2, 1, 2
37, 20, 2, 1, 2
37, 20, 2, 1, 2
37, 20, 2, 1, 2
37, 20, 2, 1, 2
37, 20, 2, 1, 2
37, 20, 2, 1, 2
37, 20, 2, 1, 2
37, 20, 2, 1, 2
37, 20, 2, 1, 2
37, 20, 2, 1, 2
37, 20, 2, 1, 2
38, 20, 1, 0, 7
38, 20, 1, 0, 7
38, 20, 1, 0, 7
38, 20, 1, 0, 7
38, 20, 1, 0, 7
38, 20, 1, 0, 7
38, 20, 1, 0, 7
38, 20, 1, 0, 7
38, 20, 1, 0, 7
38, 20, 1, 0, 7
38, 20, 1, 0, 7
38, 20, 1, 0, 7
38, 20, 1, 0, 7
38, 20, 1, 0, 7
38, 20, 1, 0, 7
38, 20, 1, 0, 7
38, 20, 1, 0, 7
38, 20, 1, 0, 7
38, 20, 1, 0, 7
38, 20, 1, 0, 7
38, 20, 2, 1, 2
38, 20, 2, 1, 2
38, 20, 2, 1, 2
38, 20, 2, 1, 2
38, 20, 2, 1, 2
38, 20, 2, 1, 2
38, 20, 2, 1, 2
38, 20, 2, 1, 2
38, 20, 2, 1, 2
38, 20, 2, 1, 2
38, 20, 2, 1, 2
38, 20, 2, 1, 2
38, 20, 2, 1, 2
38, 20, 2, 1, 2
38, 20, 2, 1, 2
38, 20, 2, 1, 2
38, 20, 2, 1, 2
38, 20, 2, 1, 2
38, 20, 2, 1, 2
38, 20, 2, 1, 2
39, 20, 1, 0, 7
39, 20, 1, 0, 7
39, 20, 1, 0, 7
39, 20, 1, 0, 7
39, 20, 1, 0, 7
39, 20, 1, 0, 7
39, 20, 1, 0, 7
39, 20, 1, 0, 7
39, 20, 1, 0, 7
39, 20, 1, 0, 7
39, 20, 1, 0, 7
39, 20, 1, 0, 7
39, 20, 1, 0, 7
39, 20, 1, 0, 7
39, 20, 1, 0, 7
39, 20, 1, 0, 7
39, 20, 1, 0, 7
39, 20, 1, 0, 7
39, 20, 1, 0, 7
39, 20, 1, 0, 7
39, 20, 2, 1, 2
39, 20, 2, 1, 2
39, 20, 2, 1, 2
39, 20, 2, 1, 2
39, 20, 2, 1, 2
39, 20, 2, 1, 2
39, 20, 2, 1, 2
39, 20, 2, 1, 2
39, 20, 2, 1, 2
39, 20, 2, 1, 2
39, 20, 2, 1, 2
39, 20, 2, 1, 2
39, 20, 2, 1, 2
39, 20, 2, 1, 2
39, 20, 2, 1, 2
39, 20, 2, 1, 2
39, 20, 2, 1, 2
39, 20, 2, 1, 2
39, 20, 2, 1, 2
39, 20, 2, 1, 2
40, 20, 1, 0, 8
40, 20, 1, 0, 8
40, 20, 1, 0, 8
40, 20, 1, 0, 8
40, 20, 1, 0, 8
40, 20, 1, 0, 8
40, 20, 1, 0, 8
40, 20, 1, 0, 8
40, 20, 1, 0, 8
40, 20, 1, 0, 8
40, 20, 1, 0, 8
40, 20, 1, 0, 8
40, 20, 1, 0, 8
40, 20, 1, 0, 8
40, 20, 1, 0, 8
40, 20, 1, 0, 8
40, 20, 1, 0, 8
40, 20, 1, 0, 8
40, 20, 1, 0, 8
40, 20, 1, 0, 8
40, 20, 2, 1, 2
40, 20, 2, 1, 2
40, 20, 2, 1, 2
40, 20, 2, 1, 2
40, 20, 2, 1, 2
40, 20, 2, 1, 2
40, 20, 2, 1, 2
40, 20, 2, 1, 2
40, 20, 2, 1, 2
40, 20, 2, 1, 2
40, 20, 2, 1, 2
40, 20, 2, 1, 2
40, 20, 2, 1, 2
40, 20, 2, 1, 2
40, 20, 2, 1, 2
40, 20, 2, 1, 2
40, 20, 2, 1, 2
40, 20, 2, 1, 2
40, 20, 2, 1, 2
40, 20, 2, 1, 2
Goal
21
22
23
24
25
26
27
28
29
30
31
32
33
34
35
36
37
38
39
40
