CG
12
0, 6, 3, 20
0, 6, 8, 4
0, 6, 9, 4
0, 6, 10, 4
0, 6, 11, 4
0, 6, 2, 16
1, 10, 3, 72
1, 10, 8, 24
1, 10, 9, 24
1, 10, 10, 24
1, 10, 11, 24
1, 10, 2, 36
1, 10, 4, 14
1, 10, 5, 14
1, 10, 6, 14
1, 10, 7, 14
2, 10, 3, 128
2, 10, 8, 38
2, 10, 9, 38
2, 10, 10, 38
2, 10, 11, 38
2, 10, 4, 8
2, 10, 5, 8
2, 10, 6, 8
2, 10, 7, 8
2, 10, 1, 60
3, 11, 8, 57
3, 11, 9, 57
3, 11, 10, 57
3, 11, 11, 57
3, 11, 2, 160
3, 11, 4, 16
3, 11, 5, 16
3, 11, 6, 16
3, 11, 7, 16
3, 11, 0, 16
3, 11, 1, 84
4, 4, 3, 14
4, 4, 8, 14
4, 4, 2, 6
4, 4, 1, 14
5, 4, 3, 14
5, 4, 9, 14
5, 4, 2, 6
5, 4, 1, 14
6, 4, 3, 14
6, 4, 10, 14
6, 4, 2, 6
6, 4, 1, 14
7, 4, 3, 14
7, 4, 11, 14
7, 4, 2, 6
7, 4, 1, 14
8, 8, 3, 49
8, 8, 9, 2
8, 8, 10, 2
8, 8, 11, 2
8, 8, 2, 34
8, 8, 4, 14
8, 8, 0, 3
8, 8, 1, 24
9, 8, 3, 49
9, 8, 8, 2
9, 8, 10, 2
9, 8, 11, 2
9, 8, 2, 34
9, 8, 5, 14
9, 8, 0, 3
9, 8, 1, 24
10, 8, 3, 49
10, 8, 8, 2
10, 8, 9, 2
10, 8, 11, 2
10, 8, 2, 34
10, 8, 6, 14
10, 8, 0, 3
10, 8, 1, 24
11, 8, 3, 49
11, 8, 8, 2
11, 8, 9, 2
11, 8, 10, 2
11, 8, 2, 34
11, 8, 7, 14
11, 8, 0, 3
11, 8, 1, 24
DTG
0, 10, 0, 1, 3
0, 10, 0, 1, 3
0, 10, 0, 1, 3
0, 10, 0, 2, 3
0, 10, 0, 2, 3
0, 10, 0, 2, 3
0, 10, 0, 3, 3
0, 10, 0, 3, 3
0, 10, 0, 3, 3
0, 10, 0, 4, 2
0, 10, 1, 0, 3
0, 10, 1, 0, 3
0, 10, 1, 0, 3
0, 10, 1, 2, 3
0, 10, 1, 2, 3
0, 10, 1, 2, 3
0, 10, 1, 3, 3
0, 10, 1, 3, 3
0, 10, 1, 3, 3
0, 10, 1, 4, 2
0, 10, 2, 0, 3
0, 10, 2, 0, 3
0, 10, 2, 0, 3
0, 10, 2, 1, 3
0, 10, 2, 1, 3
0, 10, 2, 1, 3
0, 10, 2, 3, 3
0, 10, 2, 3, 3
0, 10, 2, 3, 3
0, 10, 2, 4, 2
0, 10, 3, 0, 3
0, 10, 3, 0, 3
0, 10, 3, 0, 3
0, 10, 3, 1, 3
0, 10, 3, 1, 3
0, 10, 3, 1, 3
0, 10, 3, 2, 3
0, 10, 3, 2, 3
0, 10, 3, 2, 3
0, 10, 3, 4, 2
0, 12, 4, 0, 3
0, 12, 4, 0, 3
0, 12, 4, 0, 3
0, 12, 4, 1, 3
0, 12, 4, 1, 3
0, 12, 4, 1, 3
0, 12, 4, 2, 3
0, 12, 4, 2, 3
0, 12, 4, 2, 3
0, 12, 4, 3, 3
0, 12, 4, 3, 3
0, 12, 4, 3, 3
1, 30, 0, 1, 3
1, 30, 0, 1, 3
1, 30, 0, 1, 3
1, 30, 0, 1, 3
1, 30, 0, 1, 4
1, 30, 0, 1, 4
1, 30, 0, 2, 3
1, 30, 0, 2, 3
1, 30, 0, 2, 3
1, 30, 0, 2, 3
1, 30, 0, 2, 4
1, 30, 0, 2, 4
1, 30, 0, 3, 3
1, 30, 0, 3, 3
1, 30, 0, 3, 3
1, 30, 0, 3, 3
1, 30, 0, 3, 4
1, 30, 0, 3, 4
1, 30, 0, 4, 4
1, 30, 0, 4, 4
1, 30, 0, 4, 4
1, 30, 0, 4, 4
1, 30, 0, 4, 5
1, 30, 0, 4, 5
1, 30, 0, 4, 5
1, 30, 0, 4, 5
1, 30, 0, 4, 5
1, 30, 0, 4, 5
1, 30, 0, 4, 5
1, 30, 0, 4, 5
1, 30, 1, 0, 3
1, 30, 1, 0, 3
1, 30, 1, 0, 3
1, 30, 1, 0, 3
1, 30, 1, 0, 4
1, 30, 1, 0, 4
1, 30, 1, 2, 3
1, 30, 1, 2, 3
1, 30, 1, 2, 3
1, 30, 1, 2, 3
1, 30, 1, 2, 4
1, 30, 1, 2, 4
1, 30, 1, 3, 3
1, 30, 1, 3, 3
1, 30, 1, 3, 3
1, 30, 1, 3, 3
1, 30, 1, 3, 4
1, 30, 1, 3, 4
1, 30, 1, 4, 4
1, 30, 1, 4, 4
1, 30, 1, 4, 4
1, 30, 1, 4, 4
1, 30, 1, 4, 5
1, 30, 1, 4, 5
1, 30, 1, 4, 5
1, 30, 1, 4, 5
1, 30, 1, 4, 5
1, 30, 1, 4, 5
1, 30, 1, 4, 5
1, 30, 1, 4, 5
1, 30, 2, 0, 3
1, 30, 2, 0, 3
1, 30, 2, 0, 3
1, 30, 2, 0, 3
1, 30, 2, 0, 4
1, 30, 2, 0, 4
1, 30, 2, 1, 3
1, 30, 2, 1, 3
1, 30, 2, 1, 3
1, 30, 2, 1, 3
1, 30, 2, 1, 4
1, 30, 2, 1, 4
1, 30, 2, 3, 3
1, 30, 2, 3, 3
1, 30, 2, 3, 3
1, 30, 2, 3, 3
1, 30, 2, 3, 4
1, 30, 2, 3, 4
1, 30, 2, 4, 4
1, 30, 2, 4, 4
1, 30, 2, 4, 4
1, 30, 2, 4, 4
1, 30, 2, 4, 5
1, 30, 2, 4, 5
1, 30, 2, 4, 5
1, 30, 2, 4, 5
1, 30, 2, 4, 5
1, 30, 2, 4, 5
1, 30, 2, 4, 5
1, 30, 2, 4, 5
1, 30, 3, 0, 3
1, 30, 3, 0, 3
1, 30, 3, 0, 3
1, 30, 3, 0, 3
1, 30, 3, 0, 4
1, 30, 3, 0, 4
1, 30, 3, 1, 3
1, 30, 3, 1, 3
1, 30, 3, 1, 3
1, 30, 3, 1, 3
1, 30, 3, 1, 4
1, 30, 3, 1, 4
1, 30, 3, 2, 3
1, 30, 3, 2, 3
1, 30, 3, 2, 3
1, 30, 3, 2, 3
1, 30, 3, 2, 4
1, 30, 3, 2, 4
1, 30, 3, 4, 4
1, 30, 3, 4, 4
1, 30, 3, 4, 4
1, 30, 3, 4, 4
1, 30, 3, 4, 5
1, 30, 3, 4, 5
1, 30, 3, 4, 5
1, 30, 3, 4, 5
1, 30, 3, 4, 5
1, 30, 3, 4, 5
1, 30, 3, 4, 5
1, 30, 3, 4, 5
1, 12, 4, 0, 3
1, 12, 4, 0, 3
1, 12, 4, 0, 3
1, 12, 4, 1, 3
1, 12, 4, 1, 3
1, 12, 4, 1, 3
1, 12, 4, 2, 3
1, 12, 4, 2, 3
1, 12, 4, 2, 3
1, 12, 4, 3, 3
1, 12, 4, 3, 3
1, 12, 4, 3, 3
2, 44, 0, 1, 3
2, 44, 0, 1, 3
2, 44, 0, 1, 3
2, 44, 0, 1, 4
2, 44, 0, 1, 4
2, 44, 0, 1, 4
2, 44, 0, 1, 4
2, 44, 0, 2, 3
2, 44, 0, 2, 3
2, 44, 0, 2, 3
2, 44, 0, 2, 4
2, 44, 0, 2, 4
2, 44, 0, 2, 4
2, 44, 0, 2, 4
2, 44, 0, 3, 3
2, 44, 0, 3, 3
2, 44, 0, 3, 3
2, 44, 0, 3, 4
2, 44, 0, 3, 4
2, 44, 0, 3, 4
2, 44, 0, 3, 4
2, 44, 0, 4, 3
2, 44, 0, 4, 3
2, 44, 0, 4, 3
2, 44, 0, 4, 4
2, 44, 0, 4, 4
2, 44, 0, 4, 4
2, 44, 0, 4, 4
2, 44, 0, 5, 3
2, 44, 0, 5, 3
2, 44, 0, 5, 3
2, 44, 0, 5, 3
2, 44, 0, 5, 3
2, 44, 0, 5, 3
2, 44, 0, 5, 3
2, 44, 0, 5, 3
2, 44, 0, 5, 3
2, 44, 0, 5, 3
2, 44, 0, 5, 3
2, 44, 0, 5, 3
2, 44, 0, 5, 3
2, 44, 0, 5, 3
2, 44, 0, 5, 3
2, 44, 0, 5, 3
2, 56, 1, 0, 3
2, 56, 1, 0, 3
2, 56, 1, 0, 3
2, 56, 1, 0, 3
2, 56, 1, 0, 3
2, 56, 1, 0, 3
2, 56, 1, 0, 3
2, 56, 1, 0, 3
2, 56, 1, 0, 3
2, 56, 1, 0, 3
2, 56, 1, 0, 3
2, 56, 1, 0, 3
2, 56, 1, 2, 2
2, 56, 1, 2, 2
2, 56, 1, 2, 3
2, 56, 1, 2, 3
2, 56, 1, 2, 3
2, 56, 1, 2, 4
2, 56, 1, 2, 4
2, 56, 1, 2, 4
2, 56, 1, 2, 4
2, 56, 1, 2, 4
2, 56, 1, 2, 5
2, 56, 1, 2, 5
2, 56, 1, 3, 2
2, 56, 1, 3, 2
2, 56, 1, 3, 3
2, 56, 1, 3, 3
2, 56, 1, 3, 3
2, 56, 1, 3, 4
2, 56, 1, 3, 4
2, 56, 1, 3, 4
2, 56, 1, 3, 4
2, 56, 1, 3, 4
2, 56, 1, 3, 5
2, 56, 1, 3, 5
2, 56, 1, 4, 2
2, 56, 1, 4, 2
2, 56, 1, 4, 3
2, 56, 1, 4, 3
2, 56, 1, 4, 3
2, 56, 1, 4, 4
2, 56, 1, 4, 4
2, 56, 1, 4, 4
2, 56, 1, 4, 4
2, 56, 1, 4, 4
2, 56, 1, 4, 5
2, 56, 1, 4, 5
2, 56, 1, 5, 3
2, 56, 1, 5, 3
2, 56, 1, 5, 3
2, 56, 1, 5, 3
2, 56, 1, 5, 3
2, 56, 1, 5, 3
2, 56, 1, 5, 3
2, 56, 1, 5, 3
2, 56, 2, 0, 3
2, 56, 2, 0, 3
2, 56, 2, 0, 3
2, 56, 2, 0, 3
2, 56, 2, 0, 3
2, 56, 2, 0, 3
2, 56, 2, 0, 3
2, 56, 2, 0, 3
2, 56, 2, 0, 3
2, 56, 2, 0, 3
2, 56, 2, 0, 3
2, 56, 2, 0, 3
2, 56, 2, 1, 2
2, 56, 2, 1, 2
2, 56, 2, 1, 3
2, 56, 2, 1, 3
2, 56, 2, 1, 3
2, 56, 2, 1, 4
2, 56, 2, 1, 4
2, 56, 2, 1, 4
2, 56, 2, 1, 4
2, 56, 2, 1, 4
2, 56, 2, 1, 5
2, 56, 2, 1, 5
2, 56, 2, 3, 2
2, 56, 2, 3, 2
2, 56, 2, 3, 3
2, 56, 2, 3, 3
2, 56, 2, 3, 3
2, 56, 2, 3, 4
2, 56, 2, 3, 4
2, 56, 2, 3, 4
2, 56, 2, 3, 4
2, 56, 2, 3, 4
2, 56, 2, 3, 5
2, 56, 2, 3, 5
2, 56, 2, 4, 2
2, 56, 2, 4, 2
2, 56, 2, 4, 3
2, 56, 2, 4, 3
2, 56, 2, 4, 3
2, 56, 2, 4, 4
2, 56, 2, 4, 4
2, 56, 2, 4, 4
2, 56, 2, 4, 4
2, 56, 2, 4, 4
2, 56, 2, 4, 5
2, 56, 2, 4, 5
2, 56, 2, 5, 3
2, 56, 2, 5, 3
2, 56, 2, 5, 3
2, 56, 2, 5, 3
2, 56, 2, 5, 3
2, 56, 2, 5, 3
2, 56, 2, 5, 3
2, 56, 2, 5, 3
2, 56, 3, 0, 3
2, 56, 3, 0, 3
2, 56, 3, 0, 3
2, 56, 3, 0, 3
2, 56, 3, 0, 3
2, 56, 3, 0, 3
2, 56, 3, 0, 3
2, 56, 3, 0, 3
2, 56, 3, 0, 3
2, 56, 3, 0, 3
2, 56, 3, 0, 3
2, 56, 3, 0, 3
2, 56, 3, 1, 2
2, 56, 3, 1, 2
2, 56, 3, 1, 3
2, 56, 3, 1, 3
2, 56, 3, 1, 3
2, 56, 3, 1, 4
2, 56, 3, 1, 4
2, 56, 3, 1, 4
2, 56, 3, 1, 4
2, 56, 3, 1, 4
2, 56, 3, 1, 5
2, 56, 3, 1, 5
2, 56, 3, 2, 2
2, 56, 3, 2, 2
2, 56, 3, 2, 3
2, 56, 3, 2, 3
2, 56, 3, 2, 3
2, 56, 3, 2, 4
2, 56, 3, 2, 4
2, 56, 3, 2, 4
2, 56, 3, 2, 4
2, 56, 3, 2, 4
2, 56, 3, 2, 5
2, 56, 3, 2, 5
2, 56, 3, 4, 2
2, 56, 3, 4, 2
2, 56, 3, 4, 3
2, 56, 3, 4, 3
2, 56, 3, 4, 3
2, 56, 3, 4, 4
2, 56, 3, 4, 4
2, 56, 3, 4, 4
2, 56, 3, 4, 4
2, 56, 3, 4, 4
2, 56, 3, 4, 5
2, 56, 3, 4, 5
2, 56, 3, 5, 3
2, 56, 3, 5, 3
2, 56, 3, 5, 3
2, 56, 3, 5, 3
2, 56, 3, 5, 3
2, 56, 3, 5, 3
2, 56, 3, 5, 3
2, 56, 3, 5, 3
2, 56, 4, 0, 3
2, 56, 4, 0, 3
2, 56, 4, 0, 3
2, 56, 4, 0, 3
2, 56, 4, 0, 3
2, 56, 4, 0, 3
2, 56, 4, 0, 3
2, 56, 4, 0, 3
2, 56, 4, 0, 3
2, 56, 4, 0, 3
2, 56, 4, 0, 3
2, 56, 4, 0, 3
2, 56, 4, 1, 2
2, 56, 4, 1, 2
2, 56, 4, 1, 3
2, 56, 4, 1, 3
2, 56, 4, 1, 3
2, 56, 4, 1, 4
2, 56, 4, 1, 4
2, 56, 4, 1, 4
2, 56, 4, 1, 4
2, 56, 4, 1, 4
2, 56, 4, 1, 5
2, 56, 4, 1, 5
2, 56, 4, 2, 2
2, 56, 4, 2, 2
2, 56, 4, 2, 3
2, 56, 4, 2, 3
2, 56, 4, 2, 3
2, 56, 4, 2, 4
2, 56, 4, 2, 4
2, 56, 4, 2, 4
2, 56, 4, 2, 4
2, 56, 4, 2, 4
2, 56, 4, 2, 5
2, 56, 4, 2, 5
2, 56, 4, 3, 2
2, 56, 4, 3, 2
2, 56, 4, 3, 3
2, 56, 4, 3, 3
2, 56, 4, 3, 3
2, 56, 4, 3, 4
2, 56, 4, 3, 4
2, 56, 4, 3, 4
2, 56, 4, 3, 4
2, 56, 4, 3, 4
2, 56, 4, 3, 5
2, 56, 4, 3, 5
2, 56, 4, 5, 3
2, 56, 4, 5, 3
2, 56, 4, 5, 3
2, 56, 4, 5, 3
2, 56, 4, 5, 3
2, 56, 4, 5, 3
2, 56, 4, 5, 3
2, 56, 4, 5, 3
2, 40, 5, 0, 3
2, 40, 5, 0, 3
2, 40, 5, 0, 3
2, 40, 5, 0, 3
2, 40, 5, 0, 3
2, 40, 5, 0, 3
2, 40, 5, 0, 3
2, 40, 5, 0, 3
2, 40, 5, 0, 3
2, 40, 5, 0, 3
2, 40, 5, 0, 3
2, 40, 5, 0, 3
2, 40, 5, 1, 3
2, 40, 5, 1, 3
2, 40, 5, 1, 3
2, 40, 5, 1, 4
2, 40, 5, 1, 4
2, 40, 5, 1, 4
2, 40, 5, 1, 4
2, 40, 5, 2, 3
2, 40, 5, 2, 3
2, 40, 5, 2, 3
2, 40, 5, 2, 4
2, 40, 5, 2, 4
2, 40, 5, 2, 4
2, 40, 5, 2, 4
2, 40, 5, 3, 3
2, 40, 5, 3, 3
2, 40, 5, 3, 3
2, 40, 5, 3, 4
2, 40, 5, 3, 4
2, 40, 5, 3, 4
2, 40, 5, 3, 4
2, 40, 5, 4, 3
2, 40, 5, 4, 3
2, 40, 5, 4, 3
2, 40, 5, 4, 4
2, 40, 5, 4, 4
2, 40, 5, 4, 4
2, 40, 5, 4, 4
3, 4, 0, 5, 3
3, 4, 0, 5, 3
3, 4, 0, 5, 3
3, 4, 0, 5, 3
3, 4, 1, 5, 3
3, 4, 1, 5, 3
3, 4, 1, 5, 3
3, 4, 1, 5, 3
3, 4, 2, 5, 3
3, 4, 2, 5, 3
3, 4, 2, 5, 3
3, 4, 2, 5, 3
3, 4, 3, 5, 3
3, 4, 3, 5, 3
3, 4, 3, 5, 3
3, 4, 3, 5, 3
3, 4, 4, 6, 2
3, 4, 4, 6, 2
3, 4, 4, 6, 2
3, 4, 4, 6, 2
3, 40, 5, 11, 2
3, 40, 5, 11, 2
3, 40, 5, 11, 2
3, 40, 5, 11, 2
3, 40, 5, 11, 2
3, 40, 5, 11, 2
3, 40, 5, 11, 2
3, 40, 5, 11, 2
3, 40, 5, 11, 2
3, 40, 5, 11, 2
3, 40, 5, 11, 2
3, 40, 5, 11, 2
3, 40, 5, 11, 3
3, 40, 5, 11, 3
3, 40, 5, 11, 3
3, 40, 5, 11, 3
3, 40, 5, 11, 3
3, 40, 5, 11, 3
3, 40, 5, 11, 3
3, 40, 5, 11, 3
3, 40, 5, 11, 3
3, 40, 5, 11, 3
3, 40, 5, 11, 3
3, 40, 5, 11, 3
3, 40, 5, 11, 3
3, 40, 5, 11, 3
3, 40, 5, 11, 3
3, 40, 5, 11, 3
3, 40, 5, 17, 2
3, 40, 5, 17, 2
3, 40, 5, 17, 2
3, 40, 5, 17, 2
3, 40, 5, 17, 2
3, 40, 5, 17, 2
3, 40, 5, 17, 2
3, 40, 5, 17, 2
3, 40, 5, 17, 2
3, 40, 5, 17, 2
3, 40, 5, 17, 2
3, 40, 5, 17, 2
3, 12, 6, 0, 2
3, 12, 6, 0, 2
3, 12, 6, 0, 2
3, 12, 6, 1, 2
3, 12, 6, 1, 2
3, 12, 6, 1, 2
3, 12, 6, 2, 2
3, 12, 6, 2, 2
3, 12, 6, 2, 2
3, 12, 6, 3, 2
3, 12, 6, 3, 2
3, 12, 6, 3, 2
3, 4, 7, 11, 2
3, 4, 7, 11, 2
3, 4, 7, 11, 2
3, 4, 7, 11, 2
3, 4, 8, 11, 2
3, 4, 8, 11, 2
3, 4, 8, 11, 2
3, 4, 8, 11, 2
3, 4, 9, 11, 2
3, 4, 9, 11, 2
3, 4, 9, 11, 2
3, 4, 9, 11, 2
3, 4, 10, 11, 2
3, 4, 10, 11, 2
3, 4, 10, 11, 2
3, 4, 10, 11, 2
3, 56, 11, 7, 4
3, 56, 11, 7, 4
3, 56, 11, 7, 4
3, 56, 11, 7, 4
3, 56, 11, 7, 4
3, 56, 11, 7, 4
3, 56, 11, 8, 4
3, 56, 11, 8, 4
3, 56, 11, 8, 4
3, 56, 11, 8, 4
3, 56, 11, 8, 4
3, 56, 11, 8, 4
3, 56, 11, 9, 4
3, 56, 11, 9, 4
3, 56, 11, 9, 4
3, 56, 11, 9, 4
3, 56, 11, 9, 4
3, 56, 11, 9, 4
3, 56, 11, 10, 4
3, 56, 11, 10, 4
3, 56, 11, 10, 4
3, 56, 11, 10, 4
3, 56, 11, 10, 4
3, 56, 11, 10, 4
3, 56, 11, 12, 5
3, 56, 11, 12, 5
3, 56, 11, 12, 5
3, 56, 11, 12, 5
3, 56, 11, 12, 5
3, 56, 11, 12, 5
3, 56, 11, 12, 5
3, 56, 11, 12, 5
3, 56, 11, 12, 5
3, 56, 11, 12, 5
3, 56, 11, 12, 5
3, 56, 11, 12, 5
3, 56, 11, 12, 5
3, 56, 11, 12, 5
3, 56, 11, 12, 5
3, 56, 11, 12, 5
3, 56, 11, 12, 5
3, 56, 11, 12, 5
3, 56, 11, 12, 5
3, 56, 11, 12, 5
3, 56, 11, 12, 5
3, 56, 11, 12, 5
3, 56, 11, 12, 5
3, 56, 11, 12, 5
3, 56, 11, 12, 5
3, 56, 11, 12, 5
3, 56, 11, 12, 5
3, 56, 11, 12, 5
3, 56, 11, 12, 5
3, 56, 11, 12, 5
3, 56, 11, 12, 5
3, 56, 11, 12, 5
3, 16, 12, 4, 3
3, 16, 12, 4, 3
3, 16, 12, 4, 3
3, 16, 12, 4, 3
3, 16, 12, 4, 3
3, 16, 12, 4, 3
3, 16, 12, 4, 3
3, 16, 12, 4, 3
3, 16, 12, 4, 3
3, 16, 12, 4, 3
3, 16, 12, 4, 3
3, 16, 12, 4, 3
3, 16, 12, 4, 3
3, 16, 12, 4, 3
3, 16, 12, 4, 3
3, 16, 12, 4, 3
3, 4, 13, 17, 2
3, 4, 13, 17, 2
3, 4, 13, 17, 2
3, 4, 13, 17, 2
3, 4, 14, 17, 2
3, 4, 14, 17, 2
3, 4, 14, 17, 2
3, 4, 14, 17, 2
3, 4, 15, 17, 2
3, 4, 15, 17, 2
3, 4, 15, 17, 2
3, 4, 15, 17, 2
3, 4, 16, 17, 2
3, 4, 16, 17, 2
3, 4, 16, 17, 2
3, 4, 16, 17, 2
3, 28, 17, 13, 3
3, 28, 17, 13, 3
3, 28, 17, 13, 3
3, 28, 17, 14, 3
3, 28, 17, 14, 3
3, 28, 17, 14, 3
3, 28, 17, 15, 3
3, 28, 17, 15, 3
3, 28, 17, 15, 3
3, 28, 17, 16, 3
3, 28, 17, 16, 3
3, 28, 17, 16, 3
3, 28, 17, 18, 4
3, 28, 17, 18, 4
3, 28, 17, 18, 4
3, 28, 17, 18, 4
3, 28, 17, 18, 4
3, 28, 17, 18, 4
3, 28, 17, 18, 4
3, 28, 17, 18, 4
3, 28, 17, 18, 4
3, 28, 17, 18, 4
3, 28, 17, 18, 4
3, 28, 17, 18, 4
3, 28, 17, 18, 4
3, 28, 17, 18, 4
3, 28, 17, 18, 4
3, 28, 17, 18, 4
3, 16, 18, 4, 3
3, 16, 18, 4, 3
3, 16, 18, 4, 3
3, 16, 18, 4, 3
3, 16, 18, 4, 3
3, 16, 18, 4, 3
3, 16, 18, 4, 3
3, 16, 18, 4, 3
3, 16, 18, 4, 3
3, 16, 18, 4, 3
3, 16, 18, 4, 3
3, 16, 18, 4, 3
3, 16, 18, 4, 3
3, 16, 18, 4, 3
3, 16, 18, 4, 3
3, 16, 18, 4, 3
4, 8, 0, 1, 2
4, 8, 0, 1, 4
4, 8, 0, 1, 4
4, 8, 0, 1, 4
4, 8, 0, 1, 5
4, 8, 0, 1, 5
4, 8, 0, 1, 5
4, 8, 0, 1, 5
4, 8, 1, 0, 2
4, 8, 1, 0, 4
4, 8, 1, 0, 4
4, 8, 1, 0, 4
4, 8, 1, 0, 5
4, 8, 1, 0, 5
4, 8, 1, 0, 5
4, 8, 1, 0, 5
5, 8, 0, 1, 2
5, 8, 0, 1, 4
5, 8, 0, 1, 4
5, 8, 0, 1, 4
5, 8, 0, 1, 5
5, 8, 0, 1, 5
5, 8, 0, 1, 5
5, 8, 0, 1, 5
5, 8, 1, 0, 2
5, 8, 1, 0, 4
5, 8, 1, 0, 4
5, 8, 1, 0, 4
5, 8, 1, 0, 5
5, 8, 1, 0, 5
5, 8, 1, 0, 5
5, 8, 1, 0, 5
6, 8, 0, 1, 2
6, 8, 0, 1, 4
6, 8, 0, 1, 4
6, 8, 0, 1, 4
6, 8, 0, 1, 5
6, 8, 0, 1, 5
6, 8, 0, 1, 5
6, 8, 0, 1, 5
6, 8, 1, 0, 2
6, 8, 1, 0, 4
6, 8, 1, 0, 4
6, 8, 1, 0, 4
6, 8, 1, 0, 5
6, 8, 1, 0, 5
6, 8, 1, 0, 5
6, 8, 1, 0, 5
7, 8, 0, 1, 2
7, 8, 0, 1, 4
7, 8, 0, 1, 4
7, 8, 0, 1, 4
7, 8, 0, 1, 5
7, 8, 0, 1, 5
7, 8, 0, 1, 5
7, 8, 0, 1, 5
7, 8, 1, 0, 2
7, 8, 1, 0, 4
7, 8, 1, 0, 4
7, 8, 1, 0, 4
7, 8, 1, 0, 5
7, 8, 1, 0, 5
7, 8, 1, 0, 5
7, 8, 1, 0, 5
8, 12, 0, 1, 3
8, 12, 0, 1, 3
8, 12, 0, 1, 3
8, 12, 0, 2, 3
8, 12, 0, 2, 3
8, 12, 0, 2, 3
8, 12, 0, 3, 3
8, 12, 0, 3, 3
8, 12, 0, 3, 3
8, 12, 0, 4, 3
8, 12, 0, 4, 3
8, 12, 0, 4, 3
8, 7, 1, 2, 3
8, 7, 1, 2, 3
8, 7, 1, 3, 3
8, 7, 1, 3, 3
8, 7, 1, 4, 3
8, 7, 1, 4, 3
8, 7, 1, 9, 3
8, 11, 2, 0, 3
8, 11, 2, 1, 3
8, 11, 2, 1, 3
8, 11, 2, 3, 3
8, 11, 2, 3, 3
8, 11, 2, 4, 3
8, 11, 2, 4, 3
8, 11, 2, 5, 2
8, 11, 2, 6, 3
8, 11, 2, 9, 2
8, 11, 2, 9, 3
8, 11, 3, 0, 3
8, 11, 3, 1, 3
8, 11, 3, 1, 3
8, 11, 3, 2, 3
8, 11, 3, 2, 3
8, 11, 3, 4, 3
8, 11, 3, 4, 3
8, 11, 3, 5, 2
8, 11, 3, 7, 3
8, 11, 3, 9, 2
8, 11, 3, 9, 3
8, 11, 4, 0, 3
8, 11, 4, 1, 3
8, 11, 4, 1, 3
8, 11, 4, 2, 3
8, 11, 4, 2, 3
8, 11, 4, 3, 3
8, 11, 4, 3, 3
8, 11, 4, 5, 2
8, 11, 4, 8, 3
8, 11, 4, 9, 2
8, 11, 4, 9, 3
8, 23, 5, 1, 3
8, 23, 5, 1, 3
8, 23, 5, 1, 4
8, 23, 5, 1, 5
8, 23, 5, 1, 5
8, 23, 5, 2, 3
8, 23, 5, 2, 3
8, 23, 5, 2, 4
8, 23, 5, 2, 5
8, 23, 5, 2, 5
8, 23, 5, 3, 3
8, 23, 5, 3, 3
8, 23, 5, 3, 4
8, 23, 5, 3, 5
8, 23, 5, 3, 5
8, 23, 5, 4, 3
8, 23, 5, 4, 3
8, 23, 5, 4, 4
8, 23, 5, 4, 5
8, 23, 5, 4, 5
8, 23, 5, 10, 3
8, 23, 5, 10, 3
8, 23, 5, 10, 3
8, 11, 6, 1, 3
8, 11, 6, 1, 3
8, 11, 6, 2, 3
8, 11, 6, 2, 3
8, 11, 6, 3, 3
8, 11, 6, 3, 3
8, 11, 6, 4, 3
8, 11, 6, 4, 3
8, 11, 6, 5, 3
8, 11, 6, 10, 4
8, 11, 6, 10, 4
8, 11, 7, 1, 3
8, 11, 7, 1, 3
8, 11, 7, 2, 3
8, 11, 7, 2, 3
8, 11, 7, 3, 3
8, 11, 7, 3, 3
8, 11, 7, 4, 3
8, 11, 7, 4, 3
8, 11, 7, 5, 3
8, 11, 7, 10, 4
8, 11, 7, 10, 4
8, 11, 8, 1, 3
8, 11, 8, 1, 3
8, 11, 8, 2, 3
8, 11, 8, 2, 3
8, 11, 8, 3, 3
8, 11, 8, 3, 3
8, 11, 8, 4, 3
8, 11, 8, 4, 3
8, 11, 8, 5, 3
8, 11, 8, 10, 4
8, 11, 8, 10, 4
8, 16, 9, 1, 3
8, 16, 9, 1, 3
8, 16, 9, 1, 3
8, 16, 9, 1, 3
8, 16, 9, 2, 3
8, 16, 9, 2, 3
8, 16, 9, 2, 3
8, 16, 9, 2, 3
8, 16, 9, 3, 3
8, 16, 9, 3, 3
8, 16, 9, 3, 3
8, 16, 9, 3, 3
8, 16, 9, 4, 3
8, 16, 9, 4, 3
8, 16, 9, 4, 3
8, 16, 9, 4, 3
8, 8, 10, 1, 3
8, 8, 10, 1, 3
8, 8, 10, 2, 3
8, 8, 10, 2, 3
8, 8, 10, 3, 3
8, 8, 10, 3, 3
8, 8, 10, 4, 3
8, 8, 10, 4, 3
9, 12, 0, 1, 3
9, 12, 0, 1, 3
9, 12, 0, 1, 3
9, 12, 0, 2, 3
9, 12, 0, 2, 3
9, 12, 0, 2, 3
9, 12, 0, 3, 3
9, 12, 0, 3, 3
9, 12, 0, 3, 3
9, 12, 0, 4, 3
9, 12, 0, 4, 3
9, 12, 0, 4, 3
9, 11, 1, 0, 3
9, 11, 1, 2, 3
9, 11, 1, 2, 3
9, 11, 1, 3, 3
9, 11, 1, 3, 3
9, 11, 1, 4, 3
9, 11, 1, 4, 3
9, 11, 1, 5, 2
9, 11, 1, 6, 3
9, 11, 1, 9, 2
9, 11, 1, 9, 3
9, 7, 2, 1, 3
9, 7, 2, 1, 3
9, 7, 2, 3, 3
9, 7, 2, 3, 3
9, 7, 2, 4, 3
9, 7, 2, 4, 3
9, 7, 2, 9, 3
9, 11, 3, 0, 3
9, 11, 3, 1, 3
9, 11, 3, 1, 3
9, 11, 3, 2, 3
9, 11, 3, 2, 3
9, 11, 3, 4, 3
9, 11, 3, 4, 3
9, 11, 3, 5, 2
9, 11, 3, 7, 3
9, 11, 3, 9, 2
9, 11, 3, 9, 3
9, 11, 4, 0, 3
9, 11, 4, 1, 3
9, 11, 4, 1, 3
9, 11, 4, 2, 3
9, 11, 4, 2, 3
9, 11, 4, 3, 3
9, 11, 4, 3, 3
9, 11, 4, 5, 2
9, 11, 4, 8, 3
9, 11, 4, 9, 2
9, 11, 4, 9, 3
9, 23, 5, 1, 3
9, 23, 5, 1, 3
9, 23, 5, 1, 4
9, 23, 5, 1, 5
9, 23, 5, 1, 5
9, 23, 5, 2, 3
9, 23, 5, 2, 3
9, 23, 5, 2, 4
9, 23, 5, 2, 5
9, 23, 5, 2, 5
9, 23, 5, 3, 3
9, 23, 5, 3, 3
9, 23, 5, 3, 4
9, 23, 5, 3, 5
9, 23, 5, 3, 5
9, 23, 5, 4, 3
9, 23, 5, 4, 3
9, 23, 5, 4, 4
9, 23, 5, 4, 5
9, 23, 5, 4, 5
9, 23, 5, 10, 3
9, 23, 5, 10, 3
9, 23, 5, 10, 3
9, 11, 6, 1, 3
9, 11, 6, 1, 3
9, 11, 6, 2, 3
9, 11, 6, 2, 3
9, 11, 6, 3, 3
9, 11, 6, 3, 3
9, 11, 6, 4, 3
9, 11, 6, 4, 3
9, 11, 6, 5, 3
9, 11, 6, 10, 4
9, 11, 6, 10, 4
9, 11, 7, 1, 3
9, 11, 7, 1, 3
9, 11, 7, 2, 3
9, 11, 7, 2, 3
9, 11, 7, 3, 3
9, 11, 7, 3, 3
9, 11, 7, 4, 3
9, 11, 7, 4, 3
9, 11, 7, 5, 3
9, 11, 7, 10, 4
9, 11, 7, 10, 4
9, 11, 8, 1, 3
9, 11, 8, 1, 3
9, 11, 8, 2, 3
9, 11, 8, 2, 3
9, 11, 8, 3, 3
9, 11, 8, 3, 3
9, 11, 8, 4, 3
9, 11, 8, 4, 3
9, 11, 8, 5, 3
9, 11, 8, 10, 4
9, 11, 8, 10, 4
9, 16, 9, 1, 3
9, 16, 9, 1, 3
9, 16, 9, 1, 3
9, 16, 9, 1, 3
9, 16, 9, 2, 3
9, 16, 9, 2, 3
9, 16, 9, 2, 3
9, 16, 9, 2, 3
9, 16, 9, 3, 3
9, 16, 9, 3, 3
9, 16, 9, 3, 3
9, 16, 9, 3, 3
9, 16, 9, 4, 3
9, 16, 9, 4, 3
9, 16, 9, 4, 3
9, 16, 9, 4, 3
9, 8, 10, 1, 3
9, 8, 10, 1, 3
9, 8, 10, 2, 3
9, 8, 10, 2, 3
9, 8, 10, 3, 3
9, 8, 10, 3, 3
9, 8, 10, 4, 3
9, 8, 10, 4, 3
10, 12, 0, 1, 3
10, 12, 0, 1, 3
10, 12, 0, 1, 3
10, 12, 0, 2, 3
10, 12, 0, 2, 3
10, 12, 0, 2, 3
10, 12, 0, 3, 3
10, 12, 0, 3, 3
10, 12, 0, 3, 3
10, 12, 0, 4, 3
10, 12, 0, 4, 3
10, 12, 0, 4, 3
10, 11, 1, 0, 3
10, 11, 1, 2, 3
10, 11, 1, 2, 3
10, 11, 1, 3, 3
10, 11, 1, 3, 3
10, 11, 1, 4, 3
10, 11, 1, 4, 3
10, 11, 1, 5, 2
10, 11, 1, 6, 3
10, 11, 1, 9, 2
10, 11, 1, 9, 3
10, 11, 2, 0, 3
10, 11, 2, 1, 3
10, 11, 2, 1, 3
10, 11, 2, 3, 3
10, 11, 2, 3, 3
10, 11, 2, 4, 3
10, 11, 2, 4, 3
10, 11, 2, 5, 2
10, 11, 2, 7, 3
10, 11, 2, 9, 2
10, 11, 2, 9, 3
10, 7, 3, 1, 3
10, 7, 3, 1, 3
10, 7, 3, 2, 3
10, 7, 3, 2, 3
10, 7, 3, 4, 3
10, 7, 3, 4, 3
10, 7, 3, 9, 3
10, 11, 4, 0, 3
10, 11, 4, 1, 3
10, 11, 4, 1, 3
10, 11, 4, 2, 3
10, 11, 4, 2, 3
10, 11, 4, 3, 3
10, 11, 4, 3, 3
10, 11, 4, 5, 2
10, 11, 4, 8, 3
10, 11, 4, 9, 2
10, 11, 4, 9, 3
10, 23, 5, 1, 3
10, 23, 5, 1, 3
10, 23, 5, 1, 4
10, 23, 5, 1, 5
10, 23, 5, 1, 5
10, 23, 5, 2, 3
10, 23, 5, 2, 3
10, 23, 5, 2, 4
10, 23, 5, 2, 5
10, 23, 5, 2, 5
10, 23, 5, 3, 3
10, 23, 5, 3, 3
10, 23, 5, 3, 4
10, 23, 5, 3, 5
10, 23, 5, 3, 5
10, 23, 5, 4, 3
10, 23, 5, 4, 3
10, 23, 5, 4, 4
10, 23, 5, 4, 5
10, 23, 5, 4, 5
10, 23, 5, 10, 3
10, 23, 5, 10, 3
10, 23, 5, 10, 3
10, 11, 6, 1, 3
10, 11, 6, 1, 3
10, 11, 6, 2, 3
10, 11, 6, 2, 3
10, 11, 6, 3, 3
10, 11, 6, 3, 3
10, 11, 6, 4, 3
10, 11, 6, 4, 3
10, 11, 6, 5, 3
10, 11, 6, 10, 4
10, 11, 6, 10, 4
10, 11, 7, 1, 3
10, 11, 7, 1, 3
10, 11, 7, 2, 3
10, 11, 7, 2, 3
10, 11, 7, 3, 3
10, 11, 7, 3, 3
10, 11, 7, 4, 3
10, 11, 7, 4, 3
10, 11, 7, 5, 3
10, 11, 7, 10, 4
10, 11, 7, 10, 4
10, 11, 8, 1, 3
10, 11, 8, 1, 3
10, 11, 8, 2, 3
10, 11, 8, 2, 3
10, 11, 8, 3, 3
10, 11, 8, 3, 3
10, 11, 8, 4, 3
10, 11, 8, 4, 3
10, 11, 8, 5, 3
10, 11, 8, 10, 4
10, 11, 8, 10, 4
10, 16, 9, 1, 3
10, 16, 9, 1, 3
10, 16, 9, 1, 3
10, 16, 9, 1, 3
10, 16, 9, 2, 3
10, 16, 9, 2, 3
10, 16, 9, 2, 3
10, 16, 9, 2, 3
10, 16, 9, 3, 3
10, 16, 9, 3, 3
10, 16, 9, 3, 3
10, 16, 9, 3, 3
10, 16, 9, 4, 3
10, 16, 9, 4, 3
10, 16, 9, 4, 3
10, 16, 9, 4, 3
10, 8, 10, 1, 3
10, 8, 10, 1, 3
10, 8, 10, 2, 3
10, 8, 10, 2, 3
10, 8, 10, 3, 3
10, 8, 10, 3, 3
10, 8, 10, 4, 3
10, 8, 10, 4, 3
11, 12, 0, 1, 3
11, 12, 0, 1, 3
11, 12, 0, 1, 3
11, 12, 0, 2, 3
11, 12, 0, 2, 3
11, 12, 0, 2, 3
11, 12, 0, 3, 3
11, 12, 0, 3, 3
11, 12, 0, 3, 3
11, 12, 0, 4, 3
11, 12, 0, 4, 3
11, 12, 0, 4, 3
11, 11, 1, 0, 3
11, 11, 1, 2, 3
11, 11, 1, 2, 3
11, 11, 1, 3, 3
11, 11, 1, 3, 3
11, 11, 1, 4, 3
11, 11, 1, 4, 3
11, 11, 1, 5, 2
11, 11, 1, 6, 3
11, 11, 1, 9, 2
11, 11, 1, 9, 3
11, 11, 2, 0, 3
11, 11, 2, 1, 3
11, 11, 2, 1, 3
11, 11, 2, 3, 3
11, 11, 2, 3, 3
11, 11, 2, 4, 3
11, 11, 2, 4, 3
11, 11, 2, 5, 2
11, 11, 2, 7, 3
11, 11, 2, 9, 2
11, 11, 2, 9, 3
11, 11, 3, 0, 3
11, 11, 3, 1, 3
11, 11, 3, 1, 3
11, 11, 3, 2, 3
11, 11, 3, 2, 3
11, 11, 3, 4, 3
11, 11, 3, 4, 3
11, 11, 3, 5, 2
11, 11, 3, 8, 3
11, 11, 3, 9, 2
11, 11, 3, 9, 3
11, 7, 4, 1, 3
11, 7, 4, 1, 3
11, 7, 4, 2, 3
11, 7, 4, 2, 3
11, 7, 4, 3, 3
11, 7, 4, 3, 3
11, 7, 4, 9, 3
11, 23, 5, 1, 3
11, 23, 5, 1, 3
11, 23, 5, 1, 4
11, 23, 5, 1, 5
11, 23, 5, 1, 5
11, 23, 5, 2, 3
11, 23, 5, 2, 3
11, 23, 5, 2, 4
11, 23, 5, 2, 5
11, 23, 5, 2, 5
11, 23, 5, 3, 3
11, 23, 5, 3, 3
11, 23, 5, 3, 4
11, 23, 5, 3, 5
11, 23, 5, 3, 5
11, 23, 5, 4, 3
11, 23, 5, 4, 3
11, 23, 5, 4, 4
11, 23, 5, 4, 5
11, 23, 5, 4, 5
11, 23, 5, 10, 3
11, 23, 5, 10, 3
11, 23, 5, 10, 3
11, 11, 6, 1, 3
11, 11, 6, 1, 3
11, 11, 6, 2, 3
11, 11, 6, 2, 3
11, 11, 6, 3, 3
11, 11, 6, 3, 3
11, 11, 6, 4, 3
11, 11, 6, 4, 3
11, 11, 6, 5, 3
11, 11, 6, 10, 4
11, 11, 6, 10, 4
11, 11, 7, 1, 3
11, 11, 7, 1, 3
11, 11, 7, 2, 3
11, 11, 7, 2, 3
11, 11, 7, 3, 3
11, 11, 7, 3, 3
11, 11, 7, 4, 3
11, 11, 7, 4, 3
11, 11, 7, 5, 3
11, 11, 7, 10, 4
11, 11, 7, 10, 4
11, 11, 8, 1, 3
11, 11, 8, 1, 3
11, 11, 8, 2, 3
11, 11, 8, 2, 3
11, 11, 8, 3, 3
11, 11, 8, 3, 3
11, 11, 8, 4, 3
11, 11, 8, 4, 3
11, 11, 8, 5, 3
11, 11, 8, 10, 4
11, 11, 8, 10, 4
11, 16, 9, 1, 3
11, 16, 9, 1, 3
11, 16, 9, 1, 3
11, 16, 9, 1, 3
11, 16, 9, 2, 3
11, 16, 9, 2, 3
11, 16, 9, 2, 3
11, 16, 9, 2, 3
11, 16, 9, 3, 3
11, 16, 9, 3, 3
11, 16, 9, 3, 3
11, 16, 9, 3, 3
11, 16, 9, 4, 3
11, 16, 9, 4, 3
11, 16, 9, 4, 3
11, 16, 9, 4, 3
11, 8, 10, 1, 3
11, 8, 10, 1, 3
11, 8, 10, 2, 3
11, 8, 10, 2, 3
11, 8, 10, 3, 3
11, 8, 10, 3, 3
11, 8, 10, 4, 3
11, 8, 10, 4, 3
Goal
4
5
6
7
8
9
10
11
