CG
12
0, 7, 6, 160
0, 7, 7, 160
0, 7, 8, 160
0, 7, 9, 160
0, 7, 10, 160
0, 7, 11, 160
0, 7, 5, 960
1, 7, 6, 160
1, 7, 7, 160
1, 7, 8, 160
1, 7, 9, 160
1, 7, 10, 160
1, 7, 11, 160
1, 7, 4, 960
2, 7, 6, 160
2, 7, 7, 160
2, 7, 8, 160
2, 7, 9, 160
2, 7, 10, 160
2, 7, 11, 160
2, 7, 3, 960
3, 6, 6, 160
3, 6, 7, 160
3, 6, 8, 160
3, 6, 9, 160
3, 6, 10, 160
3, 6, 11, 160
4, 6, 6, 160
4, 6, 7, 160
4, 6, 8, 160
4, 6, 9, 160
4, 6, 10, 160
4, 6, 11, 160
5, 6, 6, 160
5, 6, 7, 160
5, 6, 8, 160
5, 6, 9, 160
5, 6, 10, 160
5, 6, 11, 160
6, 3, 3, 160
6, 3, 4, 160
6, 3, 5, 160
7, 3, 3, 160
7, 3, 4, 160
7, 3, 5, 160
8, 3, 3, 160
8, 3, 4, 160
8, 3, 5, 160
9, 3, 3, 160
9, 3, 4, 160
9, 3, 5, 160
10, 3, 3, 160
10, 3, 4, 160
10, 3, 5, 160
11, 3, 3, 160
11, 3, 4, 160
11, 3, 5, 160
DTG
0, 4, 0, 14, 1
0, 4, 0, 17, 1
0, 4, 0, 18, 1
0, 4, 0, 19, 1
0, 4, 1, 5, 1
0, 4, 1, 7, 1
0, 4, 1, 8, 1
0, 4, 1, 17, 1
0, 3, 2, 3, 1
0, 3, 2, 10, 1
0, 3, 2, 16, 1
0, 3, 3, 2, 1
0, 3, 3, 5, 1
0, 3, 3, 16, 1
0, 2, 4, 18, 1
0, 2, 4, 19, 1
0, 4, 5, 1, 1
0, 4, 5, 3, 1
0, 4, 5, 8, 1
0, 4, 5, 17, 1
0, 3, 6, 9, 1
0, 3, 6, 12, 1
0, 3, 6, 15, 1
0, 2, 7, 1, 1
0, 2, 7, 8, 1
0, 3, 8, 1, 1
0, 3, 8, 5, 1
0, 3, 8, 7, 1
0, 3, 9, 6, 1
0, 3, 9, 12, 1
0, 3, 9, 15, 1
0, 2, 10, 2, 1
0, 2, 10, 11, 1
0, 1, 11, 10, 1
0, 3, 12, 6, 1
0, 3, 12, 9, 1
0, 3, 12, 15, 1
0, 1, 13, 15, 1
0, 4, 14, 0, 1
0, 4, 14, 15, 1
0, 4, 14, 18, 1
0, 4, 14, 19, 1
0, 5, 15, 6, 1
0, 5, 15, 9, 1
0, 5, 15, 12, 1
0, 5, 15, 13, 1
0, 5, 15, 14, 1
0, 2, 16, 2, 1
0, 2, 16, 3, 1
0, 4, 17, 0, 1
0, 4, 17, 1, 1
0, 4, 17, 5, 1
0, 4, 17, 19, 1
0, 4, 18, 0, 1
0, 4, 18, 4, 1
0, 4, 18, 14, 1
0, 4, 18, 19, 1
0, 5, 19, 0, 1
0, 5, 19, 4, 1
0, 5, 19, 14, 1
0, 5, 19, 17, 1
0, 5, 19, 18, 1
1, 4, 0, 14, 1
1, 4, 0, 17, 1
1, 4, 0, 18, 1
1, 4, 0, 19, 1
1, 4, 1, 5, 1
1, 4, 1, 7, 1
1, 4, 1, 8, 1
1, 4, 1, 17, 1
1, 3, 2, 3, 1
1, 3, 2, 10, 1
1, 3, 2, 16, 1
1, 3, 3, 2, 1
1, 3, 3, 5, 1
1, 3, 3, 16, 1
1, 2, 4, 18, 1
1, 2, 4, 19, 1
1, 4, 5, 1, 1
1, 4, 5, 3, 1
1, 4, 5, 8, 1
1, 4, 5, 17, 1
1, 3, 6, 9, 1
1, 3, 6, 12, 1
1, 3, 6, 15, 1
1, 2, 7, 1, 1
1, 2, 7, 8, 1
1, 3, 8, 1, 1
1, 3, 8, 5, 1
1, 3, 8, 7, 1
1, 3, 9, 6, 1
1, 3, 9, 12, 1
1, 3, 9, 15, 1
1, 2, 10, 2, 1
1, 2, 10, 11, 1
1, 1, 11, 10, 1
1, 3, 12, 6, 1
1, 3, 12, 9, 1
1, 3, 12, 15, 1
1, 1, 13, 15, 1
1, 4, 14, 0, 1
1, 4, 14, 15, 1
1, 4, 14, 18, 1
1, 4, 14, 19, 1
1, 5, 15, 6, 1
1, 5, 15, 9, 1
1, 5, 15, 12, 1
1, 5, 15, 13, 1
1, 5, 15, 14, 1
1, 2, 16, 2, 1
1, 2, 16, 3, 1
1, 4, 17, 0, 1
1, 4, 17, 1, 1
1, 4, 17, 5, 1
1, 4, 17, 19, 1
1, 4, 18, 0, 1
1, 4, 18, 4, 1
1, 4, 18, 14, 1
1, 4, 18, 19, 1
1, 5, 19, 0, 1
1, 5, 19, 4, 1
1, 5, 19, 14, 1
1, 5, 19, 17, 1
1, 5, 19, 18, 1
2, 4, 0, 14, 1
2, 4, 0, 17, 1
2, 4, 0, 18, 1
2, 4, 0, 19, 1
2, 4, 1, 5, 1
2, 4, 1, 7, 1
2, 4, 1, 8, 1
2, 4, 1, 17, 1
2, 3, 2, 3, 1
2, 3, 2, 10, 1
2, 3, 2, 16, 1
2, 3, 3, 2, 1
2, 3, 3, 5, 1
2, 3, 3, 16, 1
2, 2, 4, 18, 1
2, 2, 4, 19, 1
2, 4, 5, 1, 1
2, 4, 5, 3, 1
2, 4, 5, 8, 1
2, 4, 5, 17, 1
2, 3, 6, 9, 1
2, 3, 6, 12, 1
2, 3, 6, 15, 1
2, 2, 7, 1, 1
2, 2, 7, 8, 1
2, 3, 8, 1, 1
2, 3, 8, 5, 1
2, 3, 8, 7, 1
2, 3, 9, 6, 1
2, 3, 9, 12, 1
2, 3, 9, 15, 1
2, 2, 10, 2, 1
2, 2, 10, 11, 1
2, 1, 11, 10, 1
2, 3, 12, 6, 1
2, 3, 12, 9, 1
2, 3, 12, 15, 1
2, 1, 13, 15, 1
2, 4, 14, 0, 1
2, 4, 14, 15, 1
2, 4, 14, 18, 1
2, 4, 14, 19, 1
2, 5, 15, 6, 1
2, 5, 15, 9, 1
2, 5, 15, 12, 1
2, 5, 15, 13, 1
2, 5, 15, 14, 1
2, 2, 16, 2, 1
2, 2, 16, 3, 1
2, 4, 17, 0, 1
2, 4, 17, 1, 1
2, 4, 17, 5, 1
2, 4, 17, 19, 1
2, 4, 18, 0, 1
2, 4, 18, 4, 1
2, 4, 18, 14, 1
2, 4, 18, 19, 1
2, 5, 19, 0, 1
2, 5, 19, 4, 1
2, 5, 19, 14, 1
2, 5, 19, 17, 1
2, 5, 19, 18, 1
3, 120, 0, 1, 3
3, 120, 0, 1, 3
3, 120, 0, 1, 3
3, 120, 0, 1, 3
3, 120, 0, 1, 3
3, 120, 0, 1, 3
3, 120, 0, 1, 3
3, 120, 0, 1, 3
3, 120, 0, 1, 3
3, 120, 0, 1, 3
3, 120, 0, 1, 3
3, 120, 0, 1, 3
3, 120, 0, 1, 3
3, 120, 0, 1, 3
3, 120, 0, 1, 3
3, 120, 0, 1, 3
3, 120, 0, 1, 3
3, 120, 0, 1, 3
3, 120, 0, 1, 3
3, 120, 0, 1, 3
3, 120, 0, 1, 3
3, 120, 0, 1, 3
3, 120, 0, 1, 3
3, 120, 0, 1, 3
3, 120, 0, 1, 3
3, 120, 0, 1, 3
3, 120, 0, 1, 3
3, 120, 0, 1, 3
3, 120, 0, 1, 3
3, 120, 0, 1, 3
3, 120, 0, 1, 3
3, 120, 0, 1, 3
3, 120, 0, 1, 3
3, 120, 0, 1, 3
3, 120, 0, 1, 3
3, 120, 0, 1, 3
3, 120, 0, 1, 3
3, 120, 0, 1, 3
3, 120, 0, 1, 3
3, 120, 0, 1, 3
3, 120, 0, 1, 3
3, 120, 0, 1, 3
3, 120, 0, 1, 3
3, 120, 0, 1, 3
3, 120, 0, 1, 3
3, 120, 0, 1, 3
3, 120, 0, 1, 3
3, 120, 0, 1, 3
3, 120, 0, 1, 3
3, 120, 0, 1, 3
3, 120, 0, 1, 3
3, 120, 0, 1, 3
3, 120, 0, 1, 3
3, 120, 0, 1, 3
3, 120, 0, 1, 3
3, 120, 0, 1, 3
3, 120, 0, 1, 3
3, 120, 0, 1, 3
3, 120, 0, 1, 3
3, 120, 0, 1, 3
3, 120, 0, 1, 3
3, 120, 0, 1, 3
3, 120, 0, 1, 3
3, 120, 0, 1, 3
3, 120, 0, 1, 3
3, 120, 0, 1, 3
3, 120, 0, 1, 3
3, 120, 0, 1, 3
3, 120, 0, 1, 3
3, 120, 0, 1, 3
3, 120, 0, 1, 3
3, 120, 0, 1, 3
3, 120, 0, 1, 3
3, 120, 0, 1, 3
3, 120, 0, 1, 3
3, 120, 0, 1, 3
3, 120, 0, 1, 3
3, 120, 0, 1, 3
3, 120, 0, 1, 3
3, 120, 0, 1, 3
3, 120, 0, 1, 3
3, 120, 0, 1, 3
3, 120, 0, 1, 3
3, 120, 0, 1, 3
3, 120, 0, 1, 3
3, 120, 0, 1, 3
3, 120, 0, 1, 3
3, 120, 0, 1, 3
3, 120, 0, 1, 3
3, 120, 0, 1, 3
3, 120, 0, 1, 3
3, 120, 0, 1, 3
3, 120, 0, 1, 3
3, 120, 0, 1, 3
3, 120, 0, 1, 3
3, 120, 0, 1, 3
3, 120, 0, 1, 3
3, 120, 0, 1, 3
3, 120, 0, 1, 3
3, 120, 0, 1, 3
3, 120, 0, 1, 3
3, 120, 0, 1, 3
3, 120, 0, 1, 3
3, 120, 0, 1, 3
3, 120, 0, 1, 3
3, 120, 0, 1, 3
3, 120, 0, 1, 3
3, 120, 0, 1, 3
3, 120, 0, 1, 3
3, 120, 0, 1, 3
3, 120, 0, 1, 3
3, 120, 0, 1, 3
3, 120, 0, 1, 3
3, 120, 0, 1, 3
3, 120, 0, 1, 3
3, 120, 0, 1, 3
3, 120, 0, 1, 3
3, 120, 0, 1, 3
3, 120, 0, 1, 3
3, 120, 0, 1, 3
3, 240, 1, 0, 3
3, 240, 1, 0, 3
3, 240, 1, 0, 3
3, 240, 1, 0, 3
3, 240, 1, 0, 3
3, 240, 1, 0, 3
3, 240, 1, 0, 3
3, 240, 1, 0, 3
3, 240, 1, 0, 3
3, 240, 1, 0, 3
3, 240, 1, 0, 3
3, 240, 1, 0, 3
3, 240, 1, 0, 3
3, 240, 1, 0, 3
3, 240, 1, 0, 3
3, 240, 1, 0, 3
3, 240, 1, 0, 3
3, 240, 1, 0, 3
3, 240, 1, 0, 3
3, 240, 1, 0, 3
3, 240, 1, 0, 3
3, 240, 1, 0, 3
3, 240, 1, 0, 3
3, 240, 1, 0, 3
3, 240, 1, 0, 3
3, 240, 1, 0, 3
3, 240, 1, 0, 3
3, 240, 1, 0, 3
3, 240, 1, 0, 3
3, 240, 1, 0, 3
3, 240, 1, 0, 3
3, 240, 1, 0, 3
3, 240, 1, 0, 3
3, 240, 1, 0, 3
3, 240, 1, 0, 3
3, 240, 1, 0, 3
3, 240, 1, 0, 3
3, 240, 1, 0, 3
3, 240, 1, 0, 3
3, 240, 1, 0, 3
3, 240, 1, 0, 3
3, 240, 1, 0, 3
3, 240, 1, 0, 3
3, 240, 1, 0, 3
3, 240, 1, 0, 3
3, 240, 1, 0, 3
3, 240, 1, 0, 3
3, 240, 1, 0, 3
3, 240, 1, 0, 3
3, 240, 1, 0, 3
3, 240, 1, 0, 3
3, 240, 1, 0, 3
3, 240, 1, 0, 3
3, 240, 1, 0, 3
3, 240, 1, 0, 3
3, 240, 1, 0, 3
3, 240, 1, 0, 3
3, 240, 1, 0, 3
3, 240, 1, 0, 3
3, 240, 1, 0, 3
3, 240, 1, 0, 3
3, 240, 1, 0, 3
3, 240, 1, 0, 3
3, 240, 1, 0, 3
3, 240, 1, 0, 3
3, 240, 1, 0, 3
3, 240, 1, 0, 3
3, 240, 1, 0, 3
3, 240, 1, 0, 3
3, 240, 1, 0, 3
3, 240, 1, 0, 3
3, 240, 1, 0, 3
3, 240, 1, 0, 3
3, 240, 1, 0, 3
3, 240, 1, 0, 3
3, 240, 1, 0, 3
3, 240, 1, 0, 3
3, 240, 1, 0, 3
3, 240, 1, 0, 3
3, 240, 1, 0, 3
3, 240, 1, 0, 3
3, 240, 1, 0, 3
3, 240, 1, 0, 3
3, 240, 1, 0, 3
3, 240, 1, 0, 3
3, 240, 1, 0, 3
3, 240, 1, 0, 3
3, 240, 1, 0, 3
3, 240, 1, 0, 3
3, 240, 1, 0, 3
3, 240, 1, 0, 3
3, 240, 1, 0, 3
3, 240, 1, 0, 3
3, 240, 1, 0, 3
3, 240, 1, 0, 3
3, 240, 1, 0, 3
3, 240, 1, 0, 3
3, 240, 1, 0, 3
3, 240, 1, 0, 3
3, 240, 1, 0, 3
3, 240, 1, 0, 3
3, 240, 1, 0, 3
3, 240, 1, 0, 3
3, 240, 1, 0, 3
3, 240, 1, 0, 3
3, 240, 1, 0, 3
3, 240, 1, 0, 3
3, 240, 1, 0, 3
3, 240, 1, 0, 3
3, 240, 1, 0, 3
3, 240, 1, 0, 3
3, 240, 1, 0, 3
3, 240, 1, 0, 3
3, 240, 1, 0, 3
3, 240, 1, 0, 3
3, 240, 1, 0, 3
3, 240, 1, 0, 3
3, 240, 1, 0, 3
3, 240, 1, 0, 3
3, 240, 1, 0, 3
3, 240, 1, 2, 3
3, 240, 1, 2, 3
3, 240, 1, 2, 3
3, 240, 1, 2, 3
3, 240, 1, 2, 3
3, 240, 1, 2, 3
3, 240, 1, 2, 3
3, 240, 1, 2, 3
3, 240, 1, 2, 3
3, 240, 1, 2, 3
3, 240, 1, 2, 3
3, 240, 1, 2, 3
3, 240, 1, 2, 3
3, 240, 1, 2, 3
3, 240, 1, 2, 3
3, 240, 1, 2, 3
3, 240, 1, 2, 3
3, 240, 1, 2, 3
3, 240, 1, 2, 3
3, 240, 1, 2, 3
3, 240, 1, 2, 3
3, 240, 1, 2, 3
3, 240, 1, 2, 3
3, 240, 1, 2, 3
3, 240, 1, 2, 3
3, 240, 1, 2, 3
3, 240, 1, 2, 3
3, 240, 1, 2, 3
3, 240, 1, 2, 3
3, 240, 1, 2, 3
3, 240, 1, 2, 3
3, 240, 1, 2, 3
3, 240, 1, 2, 3
3, 240, 1, 2, 3
3, 240, 1, 2, 3
3, 240, 1, 2, 3
3, 240, 1, 2, 3
3, 240, 1, 2, 3
3, 240, 1, 2, 3
3, 240, 1, 2, 3
3, 240, 1, 2, 3
3, 240, 1, 2, 3
3, 240, 1, 2, 3
3, 240, 1, 2, 3
3, 240, 1, 2, 3
3, 240, 1, 2, 3
3, 240, 1, 2, 3
3, 240, 1, 2, 3
3, 240, 1, 2, 3
3, 240, 1, 2, 3
3, 240, 1, 2, 3
3, 240, 1, 2, 3
3, 240, 1, 2, 3
3, 240, 1, 2, 3
3, 240, 1, 2, 3
3, 240, 1, 2, 3
3, 240, 1, 2, 3
3, 240, 1, 2, 3
3, 240, 1, 2, 3
3, 240, 1, 2, 3
3, 240, 1, 2, 3
3, 240, 1, 2, 3
3, 240, 1, 2, 3
3, 240, 1, 2, 3
3, 240, 1, 2, 3
3, 240, 1, 2, 3
3, 240, 1, 2, 3
3, 240, 1, 2, 3
3, 240, 1, 2, 3
3, 240, 1, 2, 3
3, 240, 1, 2, 3
3, 240, 1, 2, 3
3, 240, 1, 2, 3
3, 240, 1, 2, 3
3, 240, 1, 2, 3
3, 240, 1, 2, 3
3, 240, 1, 2, 3
3, 240, 1, 2, 3
3, 240, 1, 2, 3
3, 240, 1, 2, 3
3, 240, 1, 2, 3
3, 240, 1, 2, 3
3, 240, 1, 2, 3
3, 240, 1, 2, 3
3, 240, 1, 2, 3
3, 240, 1, 2, 3
3, 240, 1, 2, 3
3, 240, 1, 2, 3
3, 240, 1, 2, 3
3, 240, 1, 2, 3
3, 240, 1, 2, 3
3, 240, 1, 2, 3
3, 240, 1, 2, 3
3, 240, 1, 2, 3
3, 240, 1, 2, 3
3, 240, 1, 2, 3
3, 240, 1, 2, 3
3, 240, 1, 2, 3
3, 240, 1, 2, 3
3, 240, 1, 2, 3
3, 240, 1, 2, 3
3, 240, 1, 2, 3
3, 240, 1, 2, 3
3, 240, 1, 2, 3
3, 240, 1, 2, 3
3, 240, 1, 2, 3
3, 240, 1, 2, 3
3, 240, 1, 2, 3
3, 240, 1, 2, 3
3, 240, 1, 2, 3
3, 240, 1, 2, 3
3, 240, 1, 2, 3
3, 240, 1, 2, 3
3, 240, 1, 2, 3
3, 240, 1, 2, 3
3, 240, 1, 2, 3
3, 240, 1, 2, 3
3, 240, 1, 2, 3
3, 240, 1, 2, 3
3, 240, 1, 2, 3
3, 240, 2, 1, 3
3, 240, 2, 1, 3
3, 240, 2, 1, 3
3, 240, 2, 1, 3
3, 240, 2, 1, 3
3, 240, 2, 1, 3
3, 240, 2, 1, 3
3, 240, 2, 1, 3
3, 240, 2, 1, 3
3, 240, 2, 1, 3
3, 240, 2, 1, 3
3, 240, 2, 1, 3
3, 240, 2, 1, 3
3, 240, 2, 1, 3
3, 240, 2, 1, 3
3, 240, 2, 1, 3
3, 240, 2, 1, 3
3, 240, 2, 1, 3
3, 240, 2, 1, 3
3, 240, 2, 1, 3
3, 240, 2, 1, 3
3, 240, 2, 1, 3
3, 240, 2, 1, 3
3, 240, 2, 1, 3
3, 240, 2, 1, 3
3, 240, 2, 1, 3
3, 240, 2, 1, 3
3, 240, 2, 1, 3
3, 240, 2, 1, 3
3, 240, 2, 1, 3
3, 240, 2, 1, 3
3, 240, 2, 1, 3
3, 240, 2, 1, 3
3, 240, 2, 1, 3
3, 240, 2, 1, 3
3, 240, 2, 1, 3
3, 240, 2, 1, 3
3, 240, 2, 1, 3
3, 240, 2, 1, 3
3, 240, 2, 1, 3
3, 240, 2, 1, 3
3, 240, 2, 1, 3
3, 240, 2, 1, 3
3, 240, 2, 1, 3
3, 240, 2, 1, 3
3, 240, 2, 1, 3
3, 240, 2, 1, 3
3, 240, 2, 1, 3
3, 240, 2, 1, 3
3, 240, 2, 1, 3
3, 240, 2, 1, 3
3, 240, 2, 1, 3
3, 240, 2, 1, 3
3, 240, 2, 1, 3
3, 240, 2, 1, 3
3, 240, 2, 1, 3
3, 240, 2, 1, 3
3, 240, 2, 1, 3
3, 240, 2, 1, 3
3, 240, 2, 1, 3
3, 240, 2, 1, 3
3, 240, 2, 1, 3
3, 240, 2, 1, 3
3, 240, 2, 1, 3
3, 240, 2, 1, 3
3, 240, 2, 1, 3
3, 240, 2, 1, 3
3, 240, 2, 1, 3
3, 240, 2, 1, 3
3, 240, 2, 1, 3
3, 240, 2, 1, 3
3, 240, 2, 1, 3
3, 240, 2, 1, 3
3, 240, 2, 1, 3
3, 240, 2, 1, 3
3, 240, 2, 1, 3
3, 240, 2, 1, 3
3, 240, 2, 1, 3
3, 240, 2, 1, 3
3, 240, 2, 1, 3
3, 240, 2, 1, 3
3, 240, 2, 1, 3
3, 240, 2, 1, 3
3, 240, 2, 1, 3
3, 240, 2, 1, 3
3, 240, 2, 1, 3
3, 240, 2, 1, 3
3, 240, 2, 1, 3
3, 240, 2, 1, 3
3, 240, 2, 1, 3
3, 240, 2, 1, 3
3, 240, 2, 1, 3
3, 240, 2, 1, 3
3, 240, 2, 1, 3
3, 240, 2, 1, 3
3, 240, 2, 1, 3
3, 240, 2, 1, 3
3, 240, 2, 1, 3
3, 240, 2, 1, 3
3, 240, 2, 1, 3
3, 240, 2, 1, 3
3, 240, 2, 1, 3
3, 240, 2, 1, 3
3, 240, 2, 1, 3
3, 240, 2, 1, 3
3, 240, 2, 1, 3
3, 240, 2, 1, 3
3, 240, 2, 1, 3
3, 240, 2, 1, 3
3, 240, 2, 1, 3
3, 240, 2, 1, 3
3, 240, 2, 1, 3
3, 240, 2, 1, 3
3, 240, 2, 1, 3
3, 240, 2, 1, 3
3, 240, 2, 1, 3
3, 240, 2, 1, 3
3, 240, 2, 1, 3
3, 240, 2, 1, 3
3, 240, 2, 1, 3
3, 240, 2, 3, 3
3, 240, 2, 3, 3
3, 240, 2, 3, 3
3, 240, 2, 3, 3
3, 240, 2, 3, 3
3, 240, 2, 3, 3
3, 240, 2, 3, 3
3, 240, 2, 3, 3
3, 240, 2, 3, 3
3, 240, 2, 3, 3
3, 240, 2, 3, 3
3, 240, 2, 3, 3
3, 240, 2, 3, 3
3, 240, 2, 3, 3
3, 240, 2, 3, 3
3, 240, 2, 3, 3
3, 240, 2, 3, 3
3, 240, 2, 3, 3
3, 240, 2, 3, 3
3, 240, 2, 3, 3
3, 240, 2, 3, 3
3, 240, 2, 3, 3
3, 240, 2, 3, 3
3, 240, 2, 3, 3
3, 240, 2, 3, 3
3, 240, 2, 3, 3
3, 240, 2, 3, 3
3, 240, 2, 3, 3
3, 240, 2, 3, 3
3, 240, 2, 3, 3
3, 240, 2, 3, 3
3, 240, 2, 3, 3
3, 240, 2, 3, 3
3, 240, 2, 3, 3
3, 240, 2, 3, 3
3, 240, 2, 3, 3
3, 240, 2, 3, 3
3, 240, 2, 3, 3
3, 240, 2, 3, 3
3, 240, 2, 3, 3
3, 240, 2, 3, 3
3, 240, 2, 3, 3
3, 240, 2, 3, 3
3, 240, 2, 3, 3
3, 240, 2, 3, 3
3, 240, 2, 3, 3
3, 240, 2, 3, 3
3, 240, 2, 3, 3
3, 240, 2, 3, 3
3, 240, 2, 3, 3
3, 240, 2, 3, 3
3, 240, 2, 3, 3
3, 240, 2, 3, 3
3, 240, 2, 3, 3
3, 240, 2, 3, 3
3, 240, 2, 3, 3
3, 240, 2, 3, 3
3, 240, 2, 3, 3
3, 240, 2, 3, 3
3, 240, 2, 3, 3
3, 240, 2, 3, 3
3, 240, 2, 3, 3
3, 240, 2, 3, 3
3, 240, 2, 3, 3
3, 240, 2, 3, 3
3, 240, 2, 3, 3
3, 240, 2, 3, 3
3, 240, 2, 3, 3
3, 240, 2, 3, 3
3, 240, 2, 3, 3
3, 240, 2, 3, 3
3, 240, 2, 3, 3
3, 240, 2, 3, 3
3, 240, 2, 3, 3
3, 240, 2, 3, 3
3, 240, 2, 3, 3
3, 240, 2, 3, 3
3, 240, 2, 3, 3
3, 240, 2, 3, 3
3, 240, 2, 3, 3
3, 240, 2, 3, 3
3, 240, 2, 3, 3
3, 240, 2, 3, 3
3, 240, 2, 3, 3
3, 240, 2, 3, 3
3, 240, 2, 3, 3
3, 240, 2, 3, 3
3, 240, 2, 3, 3
3, 240, 2, 3, 3
3, 240, 2, 3, 3
3, 240, 2, 3, 3
3, 240, 2, 3, 3
3, 240, 2, 3, 3
3, 240, 2, 3, 3
3, 240, 2, 3, 3
3, 240, 2, 3, 3
3, 240, 2, 3, 3
3, 240, 2, 3, 3
3, 240, 2, 3, 3
3, 240, 2, 3, 3
3, 240, 2, 3, 3
3, 240, 2, 3, 3
3, 240, 2, 3, 3
3, 240, 2, 3, 3
3, 240, 2, 3, 3
3, 240, 2, 3, 3
3, 240, 2, 3, 3
3, 240, 2, 3, 3
3, 240, 2, 3, 3
3, 240, 2, 3, 3
3, 240, 2, 3, 3
3, 240, 2, 3, 3
3, 240, 2, 3, 3
3, 240, 2, 3, 3
3, 240, 2, 3, 3
3, 240, 2, 3, 3
3, 240, 2, 3, 3
3, 240, 2, 3, 3
3, 240, 2, 3, 3
3, 240, 2, 3, 3
3, 240, 3, 2, 3
3, 240, 3, 2, 3
3, 240, 3, 2, 3
3, 240, 3, 2, 3
3, 240, 3, 2, 3
3, 240, 3, 2, 3
3, 240, 3, 2, 3
3, 240, 3, 2, 3
3, 240, 3, 2, 3
3, 240, 3, 2, 3
3, 240, 3, 2, 3
3, 240, 3, 2, 3
3, 240, 3, 2, 3
3, 240, 3, 2, 3
3, 240, 3, 2, 3
3, 240, 3, 2, 3
3, 240, 3, 2, 3
3, 240, 3, 2, 3
3, 240, 3, 2, 3
3, 240, 3, 2, 3
3, 240, 3, 2, 3
3, 240, 3, 2, 3
3, 240, 3, 2, 3
3, 240, 3, 2, 3
3, 240, 3, 2, 3
3, 240, 3, 2, 3
3, 240, 3, 2, 3
3, 240, 3, 2, 3
3, 240, 3, 2, 3
3, 240, 3, 2, 3
3, 240, 3, 2, 3
3, 240, 3, 2, 3
3, 240, 3, 2, 3
3, 240, 3, 2, 3
3, 240, 3, 2, 3
3, 240, 3, 2, 3
3, 240, 3, 2, 3
3, 240, 3, 2, 3
3, 240, 3, 2, 3
3, 240, 3, 2, 3
3, 240, 3, 2, 3
3, 240, 3, 2, 3
3, 240, 3, 2, 3
3, 240, 3, 2, 3
3, 240, 3, 2, 3
3, 240, 3, 2, 3
3, 240, 3, 2, 3
3, 240, 3, 2, 3
3, 240, 3, 2, 3
3, 240, 3, 2, 3
3, 240, 3, 2, 3
3, 240, 3, 2, 3
3, 240, 3, 2, 3
3, 240, 3, 2, 3
3, 240, 3, 2, 3
3, 240, 3, 2, 3
3, 240, 3, 2, 3
3, 240, 3, 2, 3
3, 240, 3, 2, 3
3, 240, 3, 2, 3
3, 240, 3, 2, 3
3, 240, 3, 2, 3
3, 240, 3, 2, 3
3, 240, 3, 2, 3
3, 240, 3, 2, 3
3, 240, 3, 2, 3
3, 240, 3, 2, 3
3, 240, 3, 2, 3
3, 240, 3, 2, 3
3, 240, 3, 2, 3
3, 240, 3, 2, 3
3, 240, 3, 2, 3
3, 240, 3, 2, 3
3, 240, 3, 2, 3
3, 240, 3, 2, 3
3, 240, 3, 2, 3
3, 240, 3, 2, 3
3, 240, 3, 2, 3
3, 240, 3, 2, 3
3, 240, 3, 2, 3
3, 240, 3, 2, 3
3, 240, 3, 2, 3
3, 240, 3, 2, 3
3, 240, 3, 2, 3
3, 240, 3, 2, 3
3, 240, 3, 2, 3
3, 240, 3, 2, 3
3, 240, 3, 2, 3
3, 240, 3, 2, 3
3, 240, 3, 2, 3
3, 240, 3, 2, 3
3, 240, 3, 2, 3
3, 240, 3, 2, 3
3, 240, 3, 2, 3
3, 240, 3, 2, 3
3, 240, 3, 2, 3
3, 240, 3, 2, 3
3, 240, 3, 2, 3
3, 240, 3, 2, 3
3, 240, 3, 2, 3
3, 240, 3, 2, 3
3, 240, 3, 2, 3
3, 240, 3, 2, 3
3, 240, 3, 2, 3
3, 240, 3, 2, 3
3, 240, 3, 2, 3
3, 240, 3, 2, 3
3, 240, 3, 2, 3
3, 240, 3, 2, 3
3, 240, 3, 2, 3
3, 240, 3, 2, 3
3, 240, 3, 2, 3
3, 240, 3, 2, 3
3, 240, 3, 2, 3
3, 240, 3, 2, 3
3, 240, 3, 2, 3
3, 240, 3, 2, 3
3, 240, 3, 2, 3
3, 240, 3, 2, 3
3, 240, 3, 2, 3
3, 240, 3, 4, 3
3, 240, 3, 4, 3
3, 240, 3, 4, 3
3, 240, 3, 4, 3
3, 240, 3, 4, 3
3, 240, 3, 4, 3
3, 240, 3, 4, 3
3, 240, 3, 4, 3
3, 240, 3, 4, 3
3, 240, 3, 4, 3
3, 240, 3, 4, 3
3, 240, 3, 4, 3
3, 240, 3, 4, 3
3, 240, 3, 4, 3
3, 240, 3, 4, 3
3, 240, 3, 4, 3
3, 240, 3, 4, 3
3, 240, 3, 4, 3
3, 240, 3, 4, 3
3, 240, 3, 4, 3
3, 240, 3, 4, 3
3, 240, 3, 4, 3
3, 240, 3, 4, 3
3, 240, 3, 4, 3
3, 240, 3, 4, 3
3, 240, 3, 4, 3
3, 240, 3, 4, 3
3, 240, 3, 4, 3
3, 240, 3, 4, 3
3, 240, 3, 4, 3
3, 240, 3, 4, 3
3, 240, 3, 4, 3
3, 240, 3, 4, 3
3, 240, 3, 4, 3
3, 240, 3, 4, 3
3, 240, 3, 4, 3
3, 240, 3, 4, 3
3, 240, 3, 4, 3
3, 240, 3, 4, 3
3, 240, 3, 4, 3
3, 240, 3, 4, 3
3, 240, 3, 4, 3
3, 240, 3, 4, 3
3, 240, 3, 4, 3
3, 240, 3, 4, 3
3, 240, 3, 4, 3
3, 240, 3, 4, 3
3, 240, 3, 4, 3
3, 240, 3, 4, 3
3, 240, 3, 4, 3
3, 240, 3, 4, 3
3, 240, 3, 4, 3
3, 240, 3, 4, 3
3, 240, 3, 4, 3
3, 240, 3, 4, 3
3, 240, 3, 4, 3
3, 240, 3, 4, 3
3, 240, 3, 4, 3
3, 240, 3, 4, 3
3, 240, 3, 4, 3
3, 240, 3, 4, 3
3, 240, 3, 4, 3
3, 240, 3, 4, 3
3, 240, 3, 4, 3
3, 240, 3, 4, 3
3, 240, 3, 4, 3
3, 240, 3, 4, 3
3, 240, 3, 4, 3
3, 240, 3, 4, 3
3, 240, 3, 4, 3
3, 240, 3, 4, 3
3, 240, 3, 4, 3
3, 240, 3, 4, 3
3, 240, 3, 4, 3
3, 240, 3, 4, 3
3, 240, 3, 4, 3
3, 240, 3, 4, 3
3, 240, 3, 4, 3
3, 240, 3, 4, 3
3, 240, 3, 4, 3
3, 240, 3, 4, 3
3, 240, 3, 4, 3
3, 240, 3, 4, 3
3, 240, 3, 4, 3
3, 240, 3, 4, 3
3, 240, 3, 4, 3
3, 240, 3, 4, 3
3, 240, 3, 4, 3
3, 240, 3, 4, 3
3, 240, 3, 4, 3
3, 240, 3, 4, 3
3, 240, 3, 4, 3
3, 240, 3, 4, 3
3, 240, 3, 4, 3
3, 240, 3, 4, 3
3, 240, 3, 4, 3
3, 240, 3, 4, 3
3, 240, 3, 4, 3
3, 240, 3, 4, 3
3, 240, 3, 4, 3
3, 240, 3, 4, 3
3, 240, 3, 4, 3
3, 240, 3, 4, 3
3, 240, 3, 4, 3
3, 240, 3, 4, 3
3, 240, 3, 4, 3
3, 240, 3, 4, 3
3, 240, 3, 4, 3
3, 240, 3, 4, 3
3, 240, 3, 4, 3
3, 240, 3, 4, 3
3, 240, 3, 4, 3
3, 240, 3, 4, 3
3, 240, 3, 4, 3
3, 240, 3, 4, 3
3, 240, 3, 4, 3
3, 240, 3, 4, 3
3, 240, 3, 4, 3
3, 240, 3, 4, 3
3, 240, 3, 4, 3
3, 120, 4, 3, 3
3, 120, 4, 3, 3
3, 120, 4, 3, 3
3, 120, 4, 3, 3
3, 120, 4, 3, 3
3, 120, 4, 3, 3
3, 120, 4, 3, 3
3, 120, 4, 3, 3
3, 120, 4, 3, 3
3, 120, 4, 3, 3
3, 120, 4, 3, 3
3, 120, 4, 3, 3
3, 120, 4, 3, 3
3, 120, 4, 3, 3
3, 120, 4, 3, 3
3, 120, 4, 3, 3
3, 120, 4, 3, 3
3, 120, 4, 3, 3
3, 120, 4, 3, 3
3, 120, 4, 3, 3
3, 120, 4, 3, 3
3, 120, 4, 3, 3
3, 120, 4, 3, 3
3, 120, 4, 3, 3
3, 120, 4, 3, 3
3, 120, 4, 3, 3
3, 120, 4, 3, 3
3, 120, 4, 3, 3
3, 120, 4, 3, 3
3, 120, 4, 3, 3
3, 120, 4, 3, 3
3, 120, 4, 3, 3
3, 120, 4, 3, 3
3, 120, 4, 3, 3
3, 120, 4, 3, 3
3, 120, 4, 3, 3
3, 120, 4, 3, 3
3, 120, 4, 3, 3
3, 120, 4, 3, 3
3, 120, 4, 3, 3
3, 120, 4, 3, 3
3, 120, 4, 3, 3
3, 120, 4, 3, 3
3, 120, 4, 3, 3
3, 120, 4, 3, 3
3, 120, 4, 3, 3
3, 120, 4, 3, 3
3, 120, 4, 3, 3
3, 120, 4, 3, 3
3, 120, 4, 3, 3
3, 120, 4, 3, 3
3, 120, 4, 3, 3
3, 120, 4, 3, 3
3, 120, 4, 3, 3
3, 120, 4, 3, 3
3, 120, 4, 3, 3
3, 120, 4, 3, 3
3, 120, 4, 3, 3
3, 120, 4, 3, 3
3, 120, 4, 3, 3
3, 120, 4, 3, 3
3, 120, 4, 3, 3
3, 120, 4, 3, 3
3, 120, 4, 3, 3
3, 120, 4, 3, 3
3, 120, 4, 3, 3
3, 120, 4, 3, 3
3, 120, 4, 3, 3
3, 120, 4, 3, 3
3, 120, 4, 3, 3
3, 120, 4, 3, 3
3, 120, 4, 3, 3
3, 120, 4, 3, 3
3, 120, 4, 3, 3
3, 120, 4, 3, 3
3, 120, 4, 3, 3
3, 120, 4, 3, 3
3, 120, 4, 3, 3
3, 120, 4, 3, 3
3, 120, 4, 3, 3
3, 120, 4, 3, 3
3, 120, 4, 3, 3
3, 120, 4, 3, 3
3, 120, 4, 3, 3
3, 120, 4, 3, 3
3, 120, 4, 3, 3
3, 120, 4, 3, 3
3, 120, 4, 3, 3
3, 120, 4, 3, 3
3, 120, 4, 3, 3
3, 120, 4, 3, 3
3, 120, 4, 3, 3
3, 120, 4, 3, 3
3, 120, 4, 3, 3
3, 120, 4, 3, 3
3, 120, 4, 3, 3
3, 120, 4, 3, 3
3, 120, 4, 3, 3
3, 120, 4, 3, 3
3, 120, 4, 3, 3
3, 120, 4, 3, 3
3, 120, 4, 3, 3
3, 120, 4, 3, 3
3, 120, 4, 3, 3
3, 120, 4, 3, 3
3, 120, 4, 3, 3
3, 120, 4, 3, 3
3, 120, 4, 3, 3
3, 120, 4, 3, 3
3, 120, 4, 3, 3
3, 120, 4, 3, 3
3, 120, 4, 3, 3
3, 120, 4, 3, 3
3, 120, 4, 3, 3
3, 120, 4, 3, 3
3, 120, 4, 3, 3
3, 120, 4, 3, 3
3, 120, 4, 3, 3
3, 120, 4, 3, 3
3, 120, 4, 3, 3
4, 120, 0, 1, 3
4, 120, 0, 1, 3
4, 120, 0, 1, 3
4, 120, 0, 1, 3
4, 120, 0, 1, 3
4, 120, 0, 1, 3
4, 120, 0, 1, 3
4, 120, 0, 1, 3
4, 120, 0, 1, 3
4, 120, 0, 1, 3
4, 120, 0, 1, 3
4, 120, 0, 1, 3
4, 120, 0, 1, 3
4, 120, 0, 1, 3
4, 120, 0, 1, 3
4, 120, 0, 1, 3
4, 120, 0, 1, 3
4, 120, 0, 1, 3
4, 120, 0, 1, 3
4, 120, 0, 1, 3
4, 120, 0, 1, 3
4, 120, 0, 1, 3
4, 120, 0, 1, 3
4, 120, 0, 1, 3
4, 120, 0, 1, 3
4, 120, 0, 1, 3
4, 120, 0, 1, 3
4, 120, 0, 1, 3
4, 120, 0, 1, 3
4, 120, 0, 1, 3
4, 120, 0, 1, 3
4, 120, 0, 1, 3
4, 120, 0, 1, 3
4, 120, 0, 1, 3
4, 120, 0, 1, 3
4, 120, 0, 1, 3
4, 120, 0, 1, 3
4, 120, 0, 1, 3
4, 120, 0, 1, 3
4, 120, 0, 1, 3
4, 120, 0, 1, 3
4, 120, 0, 1, 3
4, 120, 0, 1, 3
4, 120, 0, 1, 3
4, 120, 0, 1, 3
4, 120, 0, 1, 3
4, 120, 0, 1, 3
4, 120, 0, 1, 3
4, 120, 0, 1, 3
4, 120, 0, 1, 3
4, 120, 0, 1, 3
4, 120, 0, 1, 3
4, 120, 0, 1, 3
4, 120, 0, 1, 3
4, 120, 0, 1, 3
4, 120, 0, 1, 3
4, 120, 0, 1, 3
4, 120, 0, 1, 3
4, 120, 0, 1, 3
4, 120, 0, 1, 3
4, 120, 0, 1, 3
4, 120, 0, 1, 3
4, 120, 0, 1, 3
4, 120, 0, 1, 3
4, 120, 0, 1, 3
4, 120, 0, 1, 3
4, 120, 0, 1, 3
4, 120, 0, 1, 3
4, 120, 0, 1, 3
4, 120, 0, 1, 3
4, 120, 0, 1, 3
4, 120, 0, 1, 3
4, 120, 0, 1, 3
4, 120, 0, 1, 3
4, 120, 0, 1, 3
4, 120, 0, 1, 3
4, 120, 0, 1, 3
4, 120, 0, 1, 3
4, 120, 0, 1, 3
4, 120, 0, 1, 3
4, 120, 0, 1, 3
4, 120, 0, 1, 3
4, 120, 0, 1, 3
4, 120, 0, 1, 3
4, 120, 0, 1, 3
4, 120, 0, 1, 3
4, 120, 0, 1, 3
4, 120, 0, 1, 3
4, 120, 0, 1, 3
4, 120, 0, 1, 3
4, 120, 0, 1, 3
4, 120, 0, 1, 3
4, 120, 0, 1, 3
4, 120, 0, 1, 3
4, 120, 0, 1, 3
4, 120, 0, 1, 3
4, 120, 0, 1, 3
4, 120, 0, 1, 3
4, 120, 0, 1, 3
4, 120, 0, 1, 3
4, 120, 0, 1, 3
4, 120, 0, 1, 3
4, 120, 0, 1, 3
4, 120, 0, 1, 3
4, 120, 0, 1, 3
4, 120, 0, 1, 3
4, 120, 0, 1, 3
4, 120, 0, 1, 3
4, 120, 0, 1, 3
4, 120, 0, 1, 3
4, 120, 0, 1, 3
4, 120, 0, 1, 3
4, 120, 0, 1, 3
4, 120, 0, 1, 3
4, 120, 0, 1, 3
4, 120, 0, 1, 3
4, 120, 0, 1, 3
4, 120, 0, 1, 3
4, 120, 0, 1, 3
4, 120, 0, 1, 3
4, 240, 1, 0, 3
4, 240, 1, 0, 3
4, 240, 1, 0, 3
4, 240, 1, 0, 3
4, 240, 1, 0, 3
4, 240, 1, 0, 3
4, 240, 1, 0, 3
4, 240, 1, 0, 3
4, 240, 1, 0, 3
4, 240, 1, 0, 3
4, 240, 1, 0, 3
4, 240, 1, 0, 3
4, 240, 1, 0, 3
4, 240, 1, 0, 3
4, 240, 1, 0, 3
4, 240, 1, 0, 3
4, 240, 1, 0, 3
4, 240, 1, 0, 3
4, 240, 1, 0, 3
4, 240, 1, 0, 3
4, 240, 1, 0, 3
4, 240, 1, 0, 3
4, 240, 1, 0, 3
4, 240, 1, 0, 3
4, 240, 1, 0, 3
4, 240, 1, 0, 3
4, 240, 1, 0, 3
4, 240, 1, 0, 3
4, 240, 1, 0, 3
4, 240, 1, 0, 3
4, 240, 1, 0, 3
4, 240, 1, 0, 3
4, 240, 1, 0, 3
4, 240, 1, 0, 3
4, 240, 1, 0, 3
4, 240, 1, 0, 3
4, 240, 1, 0, 3
4, 240, 1, 0, 3
4, 240, 1, 0, 3
4, 240, 1, 0, 3
4, 240, 1, 0, 3
4, 240, 1, 0, 3
4, 240, 1, 0, 3
4, 240, 1, 0, 3
4, 240, 1, 0, 3
4, 240, 1, 0, 3
4, 240, 1, 0, 3
4, 240, 1, 0, 3
4, 240, 1, 0, 3
4, 240, 1, 0, 3
4, 240, 1, 0, 3
4, 240, 1, 0, 3
4, 240, 1, 0, 3
4, 240, 1, 0, 3
4, 240, 1, 0, 3
4, 240, 1, 0, 3
4, 240, 1, 0, 3
4, 240, 1, 0, 3
4, 240, 1, 0, 3
4, 240, 1, 0, 3
4, 240, 1, 0, 3
4, 240, 1, 0, 3
4, 240, 1, 0, 3
4, 240, 1, 0, 3
4, 240, 1, 0, 3
4, 240, 1, 0, 3
4, 240, 1, 0, 3
4, 240, 1, 0, 3
4, 240, 1, 0, 3
4, 240, 1, 0, 3
4, 240, 1, 0, 3
4, 240, 1, 0, 3
4, 240, 1, 0, 3
4, 240, 1, 0, 3
4, 240, 1, 0, 3
4, 240, 1, 0, 3
4, 240, 1, 0, 3
4, 240, 1, 0, 3
4, 240, 1, 0, 3
4, 240, 1, 0, 3
4, 240, 1, 0, 3
4, 240, 1, 0, 3
4, 240, 1, 0, 3
4, 240, 1, 0, 3
4, 240, 1, 0, 3
4, 240, 1, 0, 3
4, 240, 1, 0, 3
4, 240, 1, 0, 3
4, 240, 1, 0, 3
4, 240, 1, 0, 3
4, 240, 1, 0, 3
4, 240, 1, 0, 3
4, 240, 1, 0, 3
4, 240, 1, 0, 3
4, 240, 1, 0, 3
4, 240, 1, 0, 3
4, 240, 1, 0, 3
4, 240, 1, 0, 3
4, 240, 1, 0, 3
4, 240, 1, 0, 3
4, 240, 1, 0, 3
4, 240, 1, 0, 3
4, 240, 1, 0, 3
4, 240, 1, 0, 3
4, 240, 1, 0, 3
4, 240, 1, 0, 3
4, 240, 1, 0, 3
4, 240, 1, 0, 3
4, 240, 1, 0, 3
4, 240, 1, 0, 3
4, 240, 1, 0, 3
4, 240, 1, 0, 3
4, 240, 1, 0, 3
4, 240, 1, 0, 3
4, 240, 1, 0, 3
4, 240, 1, 0, 3
4, 240, 1, 0, 3
4, 240, 1, 0, 3
4, 240, 1, 0, 3
4, 240, 1, 0, 3
4, 240, 1, 2, 3
4, 240, 1, 2, 3
4, 240, 1, 2, 3
4, 240, 1, 2, 3
4, 240, 1, 2, 3
4, 240, 1, 2, 3
4, 240, 1, 2, 3
4, 240, 1, 2, 3
4, 240, 1, 2, 3
4, 240, 1, 2, 3
4, 240, 1, 2, 3
4, 240, 1, 2, 3
4, 240, 1, 2, 3
4, 240, 1, 2, 3
4, 240, 1, 2, 3
4, 240, 1, 2, 3
4, 240, 1, 2, 3
4, 240, 1, 2, 3
4, 240, 1, 2, 3
4, 240, 1, 2, 3
4, 240, 1, 2, 3
4, 240, 1, 2, 3
4, 240, 1, 2, 3
4, 240, 1, 2, 3
4, 240, 1, 2, 3
4, 240, 1, 2, 3
4, 240, 1, 2, 3
4, 240, 1, 2, 3
4, 240, 1, 2, 3
4, 240, 1, 2, 3
4, 240, 1, 2, 3
4, 240, 1, 2, 3
4, 240, 1, 2, 3
4, 240, 1, 2, 3
4, 240, 1, 2, 3
4, 240, 1, 2, 3
4, 240, 1, 2, 3
4, 240, 1, 2, 3
4, 240, 1, 2, 3
4, 240, 1, 2, 3
4, 240, 1, 2, 3
4, 240, 1, 2, 3
4, 240, 1, 2, 3
4, 240, 1, 2, 3
4, 240, 1, 2, 3
4, 240, 1, 2, 3
4, 240, 1, 2, 3
4, 240, 1, 2, 3
4, 240, 1, 2, 3
4, 240, 1, 2, 3
4, 240, 1, 2, 3
4, 240, 1, 2, 3
4, 240, 1, 2, 3
4, 240, 1, 2, 3
4, 240, 1, 2, 3
4, 240, 1, 2, 3
4, 240, 1, 2, 3
4, 240, 1, 2, 3
4, 240, 1, 2, 3
4, 240, 1, 2, 3
4, 240, 1, 2, 3
4, 240, 1, 2, 3
4, 240, 1, 2, 3
4, 240, 1, 2, 3
4, 240, 1, 2, 3
4, 240, 1, 2, 3
4, 240, 1, 2, 3
4, 240, 1, 2, 3
4, 240, 1, 2, 3
4, 240, 1, 2, 3
4, 240, 1, 2, 3
4, 240, 1, 2, 3
4, 240, 1, 2, 3
4, 240, 1, 2, 3
4, 240, 1, 2, 3
4, 240, 1, 2, 3
4, 240, 1, 2, 3
4, 240, 1, 2, 3
4, 240, 1, 2, 3
4, 240, 1, 2, 3
4, 240, 1, 2, 3
4, 240, 1, 2, 3
4, 240, 1, 2, 3
4, 240, 1, 2, 3
4, 240, 1, 2, 3
4, 240, 1, 2, 3
4, 240, 1, 2, 3
4, 240, 1, 2, 3
4, 240, 1, 2, 3
4, 240, 1, 2, 3
4, 240, 1, 2, 3
4, 240, 1, 2, 3
4, 240, 1, 2, 3
4, 240, 1, 2, 3
4, 240, 1, 2, 3
4, 240, 1, 2, 3
4, 240, 1, 2, 3
4, 240, 1, 2, 3
4, 240, 1, 2, 3
4, 240, 1, 2, 3
4, 240, 1, 2, 3
4, 240, 1, 2, 3
4, 240, 1, 2, 3
4, 240, 1, 2, 3
4, 240, 1, 2, 3
4, 240, 1, 2, 3
4, 240, 1, 2, 3
4, 240, 1, 2, 3
4, 240, 1, 2, 3
4, 240, 1, 2, 3
4, 240, 1, 2, 3
4, 240, 1, 2, 3
4, 240, 1, 2, 3
4, 240, 1, 2, 3
4, 240, 1, 2, 3
4, 240, 1, 2, 3
4, 240, 1, 2, 3
4, 240, 1, 2, 3
4, 240, 1, 2, 3
4, 240, 1, 2, 3
4, 240, 2, 1, 3
4, 240, 2, 1, 3
4, 240, 2, 1, 3
4, 240, 2, 1, 3
4, 240, 2, 1, 3
4, 240, 2, 1, 3
4, 240, 2, 1, 3
4, 240, 2, 1, 3
4, 240, 2, 1, 3
4, 240, 2, 1, 3
4, 240, 2, 1, 3
4, 240, 2, 1, 3
4, 240, 2, 1, 3
4, 240, 2, 1, 3
4, 240, 2, 1, 3
4, 240, 2, 1, 3
4, 240, 2, 1, 3
4, 240, 2, 1, 3
4, 240, 2, 1, 3
4, 240, 2, 1, 3
4, 240, 2, 1, 3
4, 240, 2, 1, 3
4, 240, 2, 1, 3
4, 240, 2, 1, 3
4, 240, 2, 1, 3
4, 240, 2, 1, 3
4, 240, 2, 1, 3
4, 240, 2, 1, 3
4, 240, 2, 1, 3
4, 240, 2, 1, 3
4, 240, 2, 1, 3
4, 240, 2, 1, 3
4, 240, 2, 1, 3
4, 240, 2, 1, 3
4, 240, 2, 1, 3
4, 240, 2, 1, 3
4, 240, 2, 1, 3
4, 240, 2, 1, 3
4, 240, 2, 1, 3
4, 240, 2, 1, 3
4, 240, 2, 1, 3
4, 240, 2, 1, 3
4, 240, 2, 1, 3
4, 240, 2, 1, 3
4, 240, 2, 1, 3
4, 240, 2, 1, 3
4, 240, 2, 1, 3
4, 240, 2, 1, 3
4, 240, 2, 1, 3
4, 240, 2, 1, 3
4, 240, 2, 1, 3
4, 240, 2, 1, 3
4, 240, 2, 1, 3
4, 240, 2, 1, 3
4, 240, 2, 1, 3
4, 240, 2, 1, 3
4, 240, 2, 1, 3
4, 240, 2, 1, 3
4, 240, 2, 1, 3
4, 240, 2, 1, 3
4, 240, 2, 1, 3
4, 240, 2, 1, 3
4, 240, 2, 1, 3
4, 240, 2, 1, 3
4, 240, 2, 1, 3
4, 240, 2, 1, 3
4, 240, 2, 1, 3
4, 240, 2, 1, 3
4, 240, 2, 1, 3
4, 240, 2, 1, 3
4, 240, 2, 1, 3
4, 240, 2, 1, 3
4, 240, 2, 1, 3
4, 240, 2, 1, 3
4, 240, 2, 1, 3
4, 240, 2, 1, 3
4, 240, 2, 1, 3
4, 240, 2, 1, 3
4, 240, 2, 1, 3
4, 240, 2, 1, 3
4, 240, 2, 1, 3
4, 240, 2, 1, 3
4, 240, 2, 1, 3
4, 240, 2, 1, 3
4, 240, 2, 1, 3
4, 240, 2, 1, 3
4, 240, 2, 1, 3
4, 240, 2, 1, 3
4, 240, 2, 1, 3
4, 240, 2, 1, 3
4, 240, 2, 1, 3
4, 240, 2, 1, 3
4, 240, 2, 1, 3
4, 240, 2, 1, 3
4, 240, 2, 1, 3
4, 240, 2, 1, 3
4, 240, 2, 1, 3
4, 240, 2, 1, 3
4, 240, 2, 1, 3
4, 240, 2, 1, 3
4, 240, 2, 1, 3
4, 240, 2, 1, 3
4, 240, 2, 1, 3
4, 240, 2, 1, 3
4, 240, 2, 1, 3
4, 240, 2, 1, 3
4, 240, 2, 1, 3
4, 240, 2, 1, 3
4, 240, 2, 1, 3
4, 240, 2, 1, 3
4, 240, 2, 1, 3
4, 240, 2, 1, 3
4, 240, 2, 1, 3
4, 240, 2, 1, 3
4, 240, 2, 1, 3
4, 240, 2, 1, 3
4, 240, 2, 1, 3
4, 240, 2, 1, 3
4, 240, 2, 1, 3
4, 240, 2, 1, 3
4, 240, 2, 3, 3
4, 240, 2, 3, 3
4, 240, 2, 3, 3
4, 240, 2, 3, 3
4, 240, 2, 3, 3
4, 240, 2, 3, 3
4, 240, 2, 3, 3
4, 240, 2, 3, 3
4, 240, 2, 3, 3
4, 240, 2, 3, 3
4, 240, 2, 3, 3
4, 240, 2, 3, 3
4, 240, 2, 3, 3
4, 240, 2, 3, 3
4, 240, 2, 3, 3
4, 240, 2, 3, 3
4, 240, 2, 3, 3
4, 240, 2, 3, 3
4, 240, 2, 3, 3
4, 240, 2, 3, 3
4, 240, 2, 3, 3
4, 240, 2, 3, 3
4, 240, 2, 3, 3
4, 240, 2, 3, 3
4, 240, 2, 3, 3
4, 240, 2, 3, 3
4, 240, 2, 3, 3
4, 240, 2, 3, 3
4, 240, 2, 3, 3
4, 240, 2, 3, 3
4, 240, 2, 3, 3
4, 240, 2, 3, 3
4, 240, 2, 3, 3
4, 240, 2, 3, 3
4, 240, 2, 3, 3
4, 240, 2, 3, 3
4, 240, 2, 3, 3
4, 240, 2, 3, 3
4, 240, 2, 3, 3
4, 240, 2, 3, 3
4, 240, 2, 3, 3
4, 240, 2, 3, 3
4, 240, 2, 3, 3
4, 240, 2, 3, 3
4, 240, 2, 3, 3
4, 240, 2, 3, 3
4, 240, 2, 3, 3
4, 240, 2, 3, 3
4, 240, 2, 3, 3
4, 240, 2, 3, 3
4, 240, 2, 3, 3
4, 240, 2, 3, 3
4, 240, 2, 3, 3
4, 240, 2, 3, 3
4, 240, 2, 3, 3
4, 240, 2, 3, 3
4, 240, 2, 3, 3
4, 240, 2, 3, 3
4, 240, 2, 3, 3
4, 240, 2, 3, 3
4, 240, 2, 3, 3
4, 240, 2, 3, 3
4, 240, 2, 3, 3
4, 240, 2, 3, 3
4, 240, 2, 3, 3
4, 240, 2, 3, 3
4, 240, 2, 3, 3
4, 240, 2, 3, 3
4, 240, 2, 3, 3
4, 240, 2, 3, 3
4, 240, 2, 3, 3
4, 240, 2, 3, 3
4, 240, 2, 3, 3
4, 240, 2, 3, 3
4, 240, 2, 3, 3
4, 240, 2, 3, 3
4, 240, 2, 3, 3
4, 240, 2, 3, 3
4, 240, 2, 3, 3
4, 240, 2, 3, 3
4, 240, 2, 3, 3
4, 240, 2, 3, 3
4, 240, 2, 3, 3
4, 240, 2, 3, 3
4, 240, 2, 3, 3
4, 240, 2, 3, 3
4, 240, 2, 3, 3
4, 240, 2, 3, 3
4, 240, 2, 3, 3
4, 240, 2, 3, 3
4, 240, 2, 3, 3
4, 240, 2, 3, 3
4, 240, 2, 3, 3
4, 240, 2, 3, 3
4, 240, 2, 3, 3
4, 240, 2, 3, 3
4, 240, 2, 3, 3
4, 240, 2, 3, 3
4, 240, 2, 3, 3
4, 240, 2, 3, 3
4, 240, 2, 3, 3
4, 240, 2, 3, 3
4, 240, 2, 3, 3
4, 240, 2, 3, 3
4, 240, 2, 3, 3
4, 240, 2, 3, 3
4, 240, 2, 3, 3
4, 240, 2, 3, 3
4, 240, 2, 3, 3
4, 240, 2, 3, 3
4, 240, 2, 3, 3
4, 240, 2, 3, 3
4, 240, 2, 3, 3
4, 240, 2, 3, 3
4, 240, 2, 3, 3
4, 240, 2, 3, 3
4, 240, 2, 3, 3
4, 240, 2, 3, 3
4, 240, 2, 3, 3
4, 240, 2, 3, 3
4, 240, 3, 2, 3
4, 240, 3, 2, 3
4, 240, 3, 2, 3
4, 240, 3, 2, 3
4, 240, 3, 2, 3
4, 240, 3, 2, 3
4, 240, 3, 2, 3
4, 240, 3, 2, 3
4, 240, 3, 2, 3
4, 240, 3, 2, 3
4, 240, 3, 2, 3
4, 240, 3, 2, 3
4, 240, 3, 2, 3
4, 240, 3, 2, 3
4, 240, 3, 2, 3
4, 240, 3, 2, 3
4, 240, 3, 2, 3
4, 240, 3, 2, 3
4, 240, 3, 2, 3
4, 240, 3, 2, 3
4, 240, 3, 2, 3
4, 240, 3, 2, 3
4, 240, 3, 2, 3
4, 240, 3, 2, 3
4, 240, 3, 2, 3
4, 240, 3, 2, 3
4, 240, 3, 2, 3
4, 240, 3, 2, 3
4, 240, 3, 2, 3
4, 240, 3, 2, 3
4, 240, 3, 2, 3
4, 240, 3, 2, 3
4, 240, 3, 2, 3
4, 240, 3, 2, 3
4, 240, 3, 2, 3
4, 240, 3, 2, 3
4, 240, 3, 2, 3
4, 240, 3, 2, 3
4, 240, 3, 2, 3
4, 240, 3, 2, 3
4, 240, 3, 2, 3
4, 240, 3, 2, 3
4, 240, 3, 2, 3
4, 240, 3, 2, 3
4, 240, 3, 2, 3
4, 240, 3, 2, 3
4, 240, 3, 2, 3
4, 240, 3, 2, 3
4, 240, 3, 2, 3
4, 240, 3, 2, 3
4, 240, 3, 2, 3
4, 240, 3, 2, 3
4, 240, 3, 2, 3
4, 240, 3, 2, 3
4, 240, 3, 2, 3
4, 240, 3, 2, 3
4, 240, 3, 2, 3
4, 240, 3, 2, 3
4, 240, 3, 2, 3
4, 240, 3, 2, 3
4, 240, 3, 2, 3
4, 240, 3, 2, 3
4, 240, 3, 2, 3
4, 240, 3, 2, 3
4, 240, 3, 2, 3
4, 240, 3, 2, 3
4, 240, 3, 2, 3
4, 240, 3, 2, 3
4, 240, 3, 2, 3
4, 240, 3, 2, 3
4, 240, 3, 2, 3
4, 240, 3, 2, 3
4, 240, 3, 2, 3
4, 240, 3, 2, 3
4, 240, 3, 2, 3
4, 240, 3, 2, 3
4, 240, 3, 2, 3
4, 240, 3, 2, 3
4, 240, 3, 2, 3
4, 240, 3, 2, 3
4, 240, 3, 2, 3
4, 240, 3, 2, 3
4, 240, 3, 2, 3
4, 240, 3, 2, 3
4, 240, 3, 2, 3
4, 240, 3, 2, 3
4, 240, 3, 2, 3
4, 240, 3, 2, 3
4, 240, 3, 2, 3
4, 240, 3, 2, 3
4, 240, 3, 2, 3
4, 240, 3, 2, 3
4, 240, 3, 2, 3
4, 240, 3, 2, 3
4, 240, 3, 2, 3
4, 240, 3, 2, 3
4, 240, 3, 2, 3
4, 240, 3, 2, 3
4, 240, 3, 2, 3
4, 240, 3, 2, 3
4, 240, 3, 2, 3
4, 240, 3, 2, 3
4, 240, 3, 2, 3
4, 240, 3, 2, 3
4, 240, 3, 2, 3
4, 240, 3, 2, 3
4, 240, 3, 2, 3
4, 240, 3, 2, 3
4, 240, 3, 2, 3
4, 240, 3, 2, 3
4, 240, 3, 2, 3
4, 240, 3, 2, 3
4, 240, 3, 2, 3
4, 240, 3, 2, 3
4, 240, 3, 2, 3
4, 240, 3, 2, 3
4, 240, 3, 2, 3
4, 240, 3, 2, 3
4, 240, 3, 2, 3
4, 240, 3, 2, 3
4, 240, 3, 4, 3
4, 240, 3, 4, 3
4, 240, 3, 4, 3
4, 240, 3, 4, 3
4, 240, 3, 4, 3
4, 240, 3, 4, 3
4, 240, 3, 4, 3
4, 240, 3, 4, 3
4, 240, 3, 4, 3
4, 240, 3, 4, 3
4, 240, 3, 4, 3
4, 240, 3, 4, 3
4, 240, 3, 4, 3
4, 240, 3, 4, 3
4, 240, 3, 4, 3
4, 240, 3, 4, 3
4, 240, 3, 4, 3
4, 240, 3, 4, 3
4, 240, 3, 4, 3
4, 240, 3, 4, 3
4, 240, 3, 4, 3
4, 240, 3, 4, 3
4, 240, 3, 4, 3
4, 240, 3, 4, 3
4, 240, 3, 4, 3
4, 240, 3, 4, 3
4, 240, 3, 4, 3
4, 240, 3, 4, 3
4, 240, 3, 4, 3
4, 240, 3, 4, 3
4, 240, 3, 4, 3
4, 240, 3, 4, 3
4, 240, 3, 4, 3
4, 240, 3, 4, 3
4, 240, 3, 4, 3
4, 240, 3, 4, 3
4, 240, 3, 4, 3
4, 240, 3, 4, 3
4, 240, 3, 4, 3
4, 240, 3, 4, 3
4, 240, 3, 4, 3
4, 240, 3, 4, 3
4, 240, 3, 4, 3
4, 240, 3, 4, 3
4, 240, 3, 4, 3
4, 240, 3, 4, 3
4, 240, 3, 4, 3
4, 240, 3, 4, 3
4, 240, 3, 4, 3
4, 240, 3, 4, 3
4, 240, 3, 4, 3
4, 240, 3, 4, 3
4, 240, 3, 4, 3
4, 240, 3, 4, 3
4, 240, 3, 4, 3
4, 240, 3, 4, 3
4, 240, 3, 4, 3
4, 240, 3, 4, 3
4, 240, 3, 4, 3
4, 240, 3, 4, 3
4, 240, 3, 4, 3
4, 240, 3, 4, 3
4, 240, 3, 4, 3
4, 240, 3, 4, 3
4, 240, 3, 4, 3
4, 240, 3, 4, 3
4, 240, 3, 4, 3
4, 240, 3, 4, 3
4, 240, 3, 4, 3
4, 240, 3, 4, 3
4, 240, 3, 4, 3
4, 240, 3, 4, 3
4, 240, 3, 4, 3
4, 240, 3, 4, 3
4, 240, 3, 4, 3
4, 240, 3, 4, 3
4, 240, 3, 4, 3
4, 240, 3, 4, 3
4, 240, 3, 4, 3
4, 240, 3, 4, 3
4, 240, 3, 4, 3
4, 240, 3, 4, 3
4, 240, 3, 4, 3
4, 240, 3, 4, 3
4, 240, 3, 4, 3
4, 240, 3, 4, 3
4, 240, 3, 4, 3
4, 240, 3, 4, 3
4, 240, 3, 4, 3
4, 240, 3, 4, 3
4, 240, 3, 4, 3
4, 240, 3, 4, 3
4, 240, 3, 4, 3
4, 240, 3, 4, 3
4, 240, 3, 4, 3
4, 240, 3, 4, 3
4, 240, 3, 4, 3
4, 240, 3, 4, 3
4, 240, 3, 4, 3
4, 240, 3, 4, 3
4, 240, 3, 4, 3
4, 240, 3, 4, 3
4, 240, 3, 4, 3
4, 240, 3, 4, 3
4, 240, 3, 4, 3
4, 240, 3, 4, 3
4, 240, 3, 4, 3
4, 240, 3, 4, 3
4, 240, 3, 4, 3
4, 240, 3, 4, 3
4, 240, 3, 4, 3
4, 240, 3, 4, 3
4, 240, 3, 4, 3
4, 240, 3, 4, 3
4, 240, 3, 4, 3
4, 240, 3, 4, 3
4, 240, 3, 4, 3
4, 240, 3, 4, 3
4, 240, 3, 4, 3
4, 240, 3, 4, 3
4, 120, 4, 3, 3
4, 120, 4, 3, 3
4, 120, 4, 3, 3
4, 120, 4, 3, 3
4, 120, 4, 3, 3
4, 120, 4, 3, 3
4, 120, 4, 3, 3
4, 120, 4, 3, 3
4, 120, 4, 3, 3
4, 120, 4, 3, 3
4, 120, 4, 3, 3
4, 120, 4, 3, 3
4, 120, 4, 3, 3
4, 120, 4, 3, 3
4, 120, 4, 3, 3
4, 120, 4, 3, 3
4, 120, 4, 3, 3
4, 120, 4, 3, 3
4, 120, 4, 3, 3
4, 120, 4, 3, 3
4, 120, 4, 3, 3
4, 120, 4, 3, 3
4, 120, 4, 3, 3
4, 120, 4, 3, 3
4, 120, 4, 3, 3
4, 120, 4, 3, 3
4, 120, 4, 3, 3
4, 120, 4, 3, 3
4, 120, 4, 3, 3
4, 120, 4, 3, 3
4, 120, 4, 3, 3
4, 120, 4, 3, 3
4, 120, 4, 3, 3
4, 120, 4, 3, 3
4, 120, 4, 3, 3
4, 120, 4, 3, 3
4, 120, 4, 3, 3
4, 120, 4, 3, 3
4, 120, 4, 3, 3
4, 120, 4, 3, 3
4, 120, 4, 3, 3
4, 120, 4, 3, 3
4, 120, 4, 3, 3
4, 120, 4, 3, 3
4, 120, 4, 3, 3
4, 120, 4, 3, 3
4, 120, 4, 3, 3
4, 120, 4, 3, 3
4, 120, 4, 3, 3
4, 120, 4, 3, 3
4, 120, 4, 3, 3
4, 120, 4, 3, 3
4, 120, 4, 3, 3
4, 120, 4, 3, 3
4, 120, 4, 3, 3
4, 120, 4, 3, 3
4, 120, 4, 3, 3
4, 120, 4, 3, 3
4, 120, 4, 3, 3
4, 120, 4, 3, 3
4, 120, 4, 3, 3
4, 120, 4, 3, 3
4, 120, 4, 3, 3
4, 120, 4, 3, 3
4, 120, 4, 3, 3
4, 120, 4, 3, 3
4, 120, 4, 3, 3
4, 120, 4, 3, 3
4, 120, 4, 3, 3
4, 120, 4, 3, 3
4, 120, 4, 3, 3
4, 120, 4, 3, 3
4, 120, 4, 3, 3
4, 120, 4, 3, 3
4, 120, 4, 3, 3
4, 120, 4, 3, 3
4, 120, 4, 3, 3
4, 120, 4, 3, 3
4, 120, 4, 3, 3
4, 120, 4, 3, 3
4, 120, 4, 3, 3
4, 120, 4, 3, 3
4, 120, 4, 3, 3
4, 120, 4, 3, 3
4, 120, 4, 3, 3
4, 120, 4, 3, 3
4, 120, 4, 3, 3
4, 120, 4, 3, 3
4, 120, 4, 3, 3
4, 120, 4, 3, 3
4, 120, 4, 3, 3
4, 120, 4, 3, 3
4, 120, 4, 3, 3
4, 120, 4, 3, 3
4, 120, 4, 3, 3
4, 120, 4, 3, 3
4, 120, 4, 3, 3
4, 120, 4, 3, 3
4, 120, 4, 3, 3
4, 120, 4, 3, 3
4, 120, 4, 3, 3
4, 120, 4, 3, 3
4, 120, 4, 3, 3
4, 120, 4, 3, 3
4, 120, 4, 3, 3
4, 120, 4, 3, 3
4, 120, 4, 3, 3
4, 120, 4, 3, 3
4, 120, 4, 3, 3
4, 120, 4, 3, 3
4, 120, 4, 3, 3
4, 120, 4, 3, 3
4, 120, 4, 3, 3
4, 120, 4, 3, 3
4, 120, 4, 3, 3
4, 120, 4, 3, 3
4, 120, 4, 3, 3
4, 120, 4, 3, 3
4, 120, 4, 3, 3
4, 120, 4, 3, 3
5, 120, 0, 1, 3
5, 120, 0, 1, 3
5, 120, 0, 1, 3
5, 120, 0, 1, 3
5, 120, 0, 1, 3
5, 120, 0, 1, 3
5, 120, 0, 1, 3
5, 120, 0, 1, 3
5, 120, 0, 1, 3
5, 120, 0, 1, 3
5, 120, 0, 1, 3
5, 120, 0, 1, 3
5, 120, 0, 1, 3
5, 120, 0, 1, 3
5, 120, 0, 1, 3
5, 120, 0, 1, 3
5, 120, 0, 1, 3
5, 120, 0, 1, 3
5, 120, 0, 1, 3
5, 120, 0, 1, 3
5, 120, 0, 1, 3
5, 120, 0, 1, 3
5, 120, 0, 1, 3
5, 120, 0, 1, 3
5, 120, 0, 1, 3
5, 120, 0, 1, 3
5, 120, 0, 1, 3
5, 120, 0, 1, 3
5, 120, 0, 1, 3
5, 120, 0, 1, 3
5, 120, 0, 1, 3
5, 120, 0, 1, 3
5, 120, 0, 1, 3
5, 120, 0, 1, 3
5, 120, 0, 1, 3
5, 120, 0, 1, 3
5, 120, 0, 1, 3
5, 120, 0, 1, 3
5, 120, 0, 1, 3
5, 120, 0, 1, 3
5, 120, 0, 1, 3
5, 120, 0, 1, 3
5, 120, 0, 1, 3
5, 120, 0, 1, 3
5, 120, 0, 1, 3
5, 120, 0, 1, 3
5, 120, 0, 1, 3
5, 120, 0, 1, 3
5, 120, 0, 1, 3
5, 120, 0, 1, 3
5, 120, 0, 1, 3
5, 120, 0, 1, 3
5, 120, 0, 1, 3
5, 120, 0, 1, 3
5, 120, 0, 1, 3
5, 120, 0, 1, 3
5, 120, 0, 1, 3
5, 120, 0, 1, 3
5, 120, 0, 1, 3
5, 120, 0, 1, 3
5, 120, 0, 1, 3
5, 120, 0, 1, 3
5, 120, 0, 1, 3
5, 120, 0, 1, 3
5, 120, 0, 1, 3
5, 120, 0, 1, 3
5, 120, 0, 1, 3
5, 120, 0, 1, 3
5, 120, 0, 1, 3
5, 120, 0, 1, 3
5, 120, 0, 1, 3
5, 120, 0, 1, 3
5, 120, 0, 1, 3
5, 120, 0, 1, 3
5, 120, 0, 1, 3
5, 120, 0, 1, 3
5, 120, 0, 1, 3
5, 120, 0, 1, 3
5, 120, 0, 1, 3
5, 120, 0, 1, 3
5, 120, 0, 1, 3
5, 120, 0, 1, 3
5, 120, 0, 1, 3
5, 120, 0, 1, 3
5, 120, 0, 1, 3
5, 120, 0, 1, 3
5, 120, 0, 1, 3
5, 120, 0, 1, 3
5, 120, 0, 1, 3
5, 120, 0, 1, 3
5, 120, 0, 1, 3
5, 120, 0, 1, 3
5, 120, 0, 1, 3
5, 120, 0, 1, 3
5, 120, 0, 1, 3
5, 120, 0, 1, 3
5, 120, 0, 1, 3
5, 120, 0, 1, 3
5, 120, 0, 1, 3
5, 120, 0, 1, 3
5, 120, 0, 1, 3
5, 120, 0, 1, 3
5, 120, 0, 1, 3
5, 120, 0, 1, 3
5, 120, 0, 1, 3
5, 120, 0, 1, 3
5, 120, 0, 1, 3
5, 120, 0, 1, 3
5, 120, 0, 1, 3
5, 120, 0, 1, 3
5, 120, 0, 1, 3
5, 120, 0, 1, 3
5, 120, 0, 1, 3
5, 120, 0, 1, 3
5, 120, 0, 1, 3
5, 120, 0, 1, 3
5, 120, 0, 1, 3
5, 120, 0, 1, 3
5, 120, 0, 1, 3
5, 120, 0, 1, 3
5, 240, 1, 0, 3
5, 240, 1, 0, 3
5, 240, 1, 0, 3
5, 240, 1, 0, 3
5, 240, 1, 0, 3
5, 240, 1, 0, 3
5, 240, 1, 0, 3
5, 240, 1, 0, 3
5, 240, 1, 0, 3
5, 240, 1, 0, 3
5, 240, 1, 0, 3
5, 240, 1, 0, 3
5, 240, 1, 0, 3
5, 240, 1, 0, 3
5, 240, 1, 0, 3
5, 240, 1, 0, 3
5, 240, 1, 0, 3
5, 240, 1, 0, 3
5, 240, 1, 0, 3
5, 240, 1, 0, 3
5, 240, 1, 0, 3
5, 240, 1, 0, 3
5, 240, 1, 0, 3
5, 240, 1, 0, 3
5, 240, 1, 0, 3
5, 240, 1, 0, 3
5, 240, 1, 0, 3
5, 240, 1, 0, 3
5, 240, 1, 0, 3
5, 240, 1, 0, 3
5, 240, 1, 0, 3
5, 240, 1, 0, 3
5, 240, 1, 0, 3
5, 240, 1, 0, 3
5, 240, 1, 0, 3
5, 240, 1, 0, 3
5, 240, 1, 0, 3
5, 240, 1, 0, 3
5, 240, 1, 0, 3
5, 240, 1, 0, 3
5, 240, 1, 0, 3
5, 240, 1, 0, 3
5, 240, 1, 0, 3
5, 240, 1, 0, 3
5, 240, 1, 0, 3
5, 240, 1, 0, 3
5, 240, 1, 0, 3
5, 240, 1, 0, 3
5, 240, 1, 0, 3
5, 240, 1, 0, 3
5, 240, 1, 0, 3
5, 240, 1, 0, 3
5, 240, 1, 0, 3
5, 240, 1, 0, 3
5, 240, 1, 0, 3
5, 240, 1, 0, 3
5, 240, 1, 0, 3
5, 240, 1, 0, 3
5, 240, 1, 0, 3
5, 240, 1, 0, 3
5, 240, 1, 0, 3
5, 240, 1, 0, 3
5, 240, 1, 0, 3
5, 240, 1, 0, 3
5, 240, 1, 0, 3
5, 240, 1, 0, 3
5, 240, 1, 0, 3
5, 240, 1, 0, 3
5, 240, 1, 0, 3
5, 240, 1, 0, 3
5, 240, 1, 0, 3
5, 240, 1, 0, 3
5, 240, 1, 0, 3
5, 240, 1, 0, 3
5, 240, 1, 0, 3
5, 240, 1, 0, 3
5, 240, 1, 0, 3
5, 240, 1, 0, 3
5, 240, 1, 0, 3
5, 240, 1, 0, 3
5, 240, 1, 0, 3
5, 240, 1, 0, 3
5, 240, 1, 0, 3
5, 240, 1, 0, 3
5, 240, 1, 0, 3
5, 240, 1, 0, 3
5, 240, 1, 0, 3
5, 240, 1, 0, 3
5, 240, 1, 0, 3
5, 240, 1, 0, 3
5, 240, 1, 0, 3
5, 240, 1, 0, 3
5, 240, 1, 0, 3
5, 240, 1, 0, 3
5, 240, 1, 0, 3
5, 240, 1, 0, 3
5, 240, 1, 0, 3
5, 240, 1, 0, 3
5, 240, 1, 0, 3
5, 240, 1, 0, 3
5, 240, 1, 0, 3
5, 240, 1, 0, 3
5, 240, 1, 0, 3
5, 240, 1, 0, 3
5, 240, 1, 0, 3
5, 240, 1, 0, 3
5, 240, 1, 0, 3
5, 240, 1, 0, 3
5, 240, 1, 0, 3
5, 240, 1, 0, 3
5, 240, 1, 0, 3
5, 240, 1, 0, 3
5, 240, 1, 0, 3
5, 240, 1, 0, 3
5, 240, 1, 0, 3
5, 240, 1, 0, 3
5, 240, 1, 0, 3
5, 240, 1, 0, 3
5, 240, 1, 0, 3
5, 240, 1, 0, 3
5, 240, 1, 2, 3
5, 240, 1, 2, 3
5, 240, 1, 2, 3
5, 240, 1, 2, 3
5, 240, 1, 2, 3
5, 240, 1, 2, 3
5, 240, 1, 2, 3
5, 240, 1, 2, 3
5, 240, 1, 2, 3
5, 240, 1, 2, 3
5, 240, 1, 2, 3
5, 240, 1, 2, 3
5, 240, 1, 2, 3
5, 240, 1, 2, 3
5, 240, 1, 2, 3
5, 240, 1, 2, 3
5, 240, 1, 2, 3
5, 240, 1, 2, 3
5, 240, 1, 2, 3
5, 240, 1, 2, 3
5, 240, 1, 2, 3
5, 240, 1, 2, 3
5, 240, 1, 2, 3
5, 240, 1, 2, 3
5, 240, 1, 2, 3
5, 240, 1, 2, 3
5, 240, 1, 2, 3
5, 240, 1, 2, 3
5, 240, 1, 2, 3
5, 240, 1, 2, 3
5, 240, 1, 2, 3
5, 240, 1, 2, 3
5, 240, 1, 2, 3
5, 240, 1, 2, 3
5, 240, 1, 2, 3
5, 240, 1, 2, 3
5, 240, 1, 2, 3
5, 240, 1, 2, 3
5, 240, 1, 2, 3
5, 240, 1, 2, 3
5, 240, 1, 2, 3
5, 240, 1, 2, 3
5, 240, 1, 2, 3
5, 240, 1, 2, 3
5, 240, 1, 2, 3
5, 240, 1, 2, 3
5, 240, 1, 2, 3
5, 240, 1, 2, 3
5, 240, 1, 2, 3
5, 240, 1, 2, 3
5, 240, 1, 2, 3
5, 240, 1, 2, 3
5, 240, 1, 2, 3
5, 240, 1, 2, 3
5, 240, 1, 2, 3
5, 240, 1, 2, 3
5, 240, 1, 2, 3
5, 240, 1, 2, 3
5, 240, 1, 2, 3
5, 240, 1, 2, 3
5, 240, 1, 2, 3
5, 240, 1, 2, 3
5, 240, 1, 2, 3
5, 240, 1, 2, 3
5, 240, 1, 2, 3
5, 240, 1, 2, 3
5, 240, 1, 2, 3
5, 240, 1, 2, 3
5, 240, 1, 2, 3
5, 240, 1, 2, 3
5, 240, 1, 2, 3
5, 240, 1, 2, 3
5, 240, 1, 2, 3
5, 240, 1, 2, 3
5, 240, 1, 2, 3
5, 240, 1, 2, 3
5, 240, 1, 2, 3
5, 240, 1, 2, 3
5, 240, 1, 2, 3
5, 240, 1, 2, 3
5, 240, 1, 2, 3
5, 240, 1, 2, 3
5, 240, 1, 2, 3
5, 240, 1, 2, 3
5, 240, 1, 2, 3
5, 240, 1, 2, 3
5, 240, 1, 2, 3
5, 240, 1, 2, 3
5, 240, 1, 2, 3
5, 240, 1, 2, 3
5, 240, 1, 2, 3
5, 240, 1, 2, 3
5, 240, 1, 2, 3
5, 240, 1, 2, 3
5, 240, 1, 2, 3
5, 240, 1, 2, 3
5, 240, 1, 2, 3
5, 240, 1, 2, 3
5, 240, 1, 2, 3
5, 240, 1, 2, 3
5, 240, 1, 2, 3
5, 240, 1, 2, 3
5, 240, 1, 2, 3
5, 240, 1, 2, 3
5, 240, 1, 2, 3
5, 240, 1, 2, 3
5, 240, 1, 2, 3
5, 240, 1, 2, 3
5, 240, 1, 2, 3
5, 240, 1, 2, 3
5, 240, 1, 2, 3
5, 240, 1, 2, 3
5, 240, 1, 2, 3
5, 240, 1, 2, 3
5, 240, 1, 2, 3
5, 240, 1, 2, 3
5, 240, 1, 2, 3
5, 240, 1, 2, 3
5, 240, 1, 2, 3
5, 240, 1, 2, 3
5, 240, 2, 1, 3
5, 240, 2, 1, 3
5, 240, 2, 1, 3
5, 240, 2, 1, 3
5, 240, 2, 1, 3
5, 240, 2, 1, 3
5, 240, 2, 1, 3
5, 240, 2, 1, 3
5, 240, 2, 1, 3
5, 240, 2, 1, 3
5, 240, 2, 1, 3
5, 240, 2, 1, 3
5, 240, 2, 1, 3
5, 240, 2, 1, 3
5, 240, 2, 1, 3
5, 240, 2, 1, 3
5, 240, 2, 1, 3
5, 240, 2, 1, 3
5, 240, 2, 1, 3
5, 240, 2, 1, 3
5, 240, 2, 1, 3
5, 240, 2, 1, 3
5, 240, 2, 1, 3
5, 240, 2, 1, 3
5, 240, 2, 1, 3
5, 240, 2, 1, 3
5, 240, 2, 1, 3
5, 240, 2, 1, 3
5, 240, 2, 1, 3
5, 240, 2, 1, 3
5, 240, 2, 1, 3
5, 240, 2, 1, 3
5, 240, 2, 1, 3
5, 240, 2, 1, 3
5, 240, 2, 1, 3
5, 240, 2, 1, 3
5, 240, 2, 1, 3
5, 240, 2, 1, 3
5, 240, 2, 1, 3
5, 240, 2, 1, 3
5, 240, 2, 1, 3
5, 240, 2, 1, 3
5, 240, 2, 1, 3
5, 240, 2, 1, 3
5, 240, 2, 1, 3
5, 240, 2, 1, 3
5, 240, 2, 1, 3
5, 240, 2, 1, 3
5, 240, 2, 1, 3
5, 240, 2, 1, 3
5, 240, 2, 1, 3
5, 240, 2, 1, 3
5, 240, 2, 1, 3
5, 240, 2, 1, 3
5, 240, 2, 1, 3
5, 240, 2, 1, 3
5, 240, 2, 1, 3
5, 240, 2, 1, 3
5, 240, 2, 1, 3
5, 240, 2, 1, 3
5, 240, 2, 1, 3
5, 240, 2, 1, 3
5, 240, 2, 1, 3
5, 240, 2, 1, 3
5, 240, 2, 1, 3
5, 240, 2, 1, 3
5, 240, 2, 1, 3
5, 240, 2, 1, 3
5, 240, 2, 1, 3
5, 240, 2, 1, 3
5, 240, 2, 1, 3
5, 240, 2, 1, 3
5, 240, 2, 1, 3
5, 240, 2, 1, 3
5, 240, 2, 1, 3
5, 240, 2, 1, 3
5, 240, 2, 1, 3
5, 240, 2, 1, 3
5, 240, 2, 1, 3
5, 240, 2, 1, 3
5, 240, 2, 1, 3
5, 240, 2, 1, 3
5, 240, 2, 1, 3
5, 240, 2, 1, 3
5, 240, 2, 1, 3
5, 240, 2, 1, 3
5, 240, 2, 1, 3
5, 240, 2, 1, 3
5, 240, 2, 1, 3
5, 240, 2, 1, 3
5, 240, 2, 1, 3
5, 240, 2, 1, 3
5, 240, 2, 1, 3
5, 240, 2, 1, 3
5, 240, 2, 1, 3
5, 240, 2, 1, 3
5, 240, 2, 1, 3
5, 240, 2, 1, 3
5, 240, 2, 1, 3
5, 240, 2, 1, 3
5, 240, 2, 1, 3
5, 240, 2, 1, 3
5, 240, 2, 1, 3
5, 240, 2, 1, 3
5, 240, 2, 1, 3
5, 240, 2, 1, 3
5, 240, 2, 1, 3
5, 240, 2, 1, 3
5, 240, 2, 1, 3
5, 240, 2, 1, 3
5, 240, 2, 1, 3
5, 240, 2, 1, 3
5, 240, 2, 1, 3
5, 240, 2, 1, 3
5, 240, 2, 1, 3
5, 240, 2, 1, 3
5, 240, 2, 1, 3
5, 240, 2, 1, 3
5, 240, 2, 1, 3
5, 240, 2, 1, 3
5, 240, 2, 3, 3
5, 240, 2, 3, 3
5, 240, 2, 3, 3
5, 240, 2, 3, 3
5, 240, 2, 3, 3
5, 240, 2, 3, 3
5, 240, 2, 3, 3
5, 240, 2, 3, 3
5, 240, 2, 3, 3
5, 240, 2, 3, 3
5, 240, 2, 3, 3
5, 240, 2, 3, 3
5, 240, 2, 3, 3
5, 240, 2, 3, 3
5, 240, 2, 3, 3
5, 240, 2, 3, 3
5, 240, 2, 3, 3
5, 240, 2, 3, 3
5, 240, 2, 3, 3
5, 240, 2, 3, 3
5, 240, 2, 3, 3
5, 240, 2, 3, 3
5, 240, 2, 3, 3
5, 240, 2, 3, 3
5, 240, 2, 3, 3
5, 240, 2, 3, 3
5, 240, 2, 3, 3
5, 240, 2, 3, 3
5, 240, 2, 3, 3
5, 240, 2, 3, 3
5, 240, 2, 3, 3
5, 240, 2, 3, 3
5, 240, 2, 3, 3
5, 240, 2, 3, 3
5, 240, 2, 3, 3
5, 240, 2, 3, 3
5, 240, 2, 3, 3
5, 240, 2, 3, 3
5, 240, 2, 3, 3
5, 240, 2, 3, 3
5, 240, 2, 3, 3
5, 240, 2, 3, 3
5, 240, 2, 3, 3
5, 240, 2, 3, 3
5, 240, 2, 3, 3
5, 240, 2, 3, 3
5, 240, 2, 3, 3
5, 240, 2, 3, 3
5, 240, 2, 3, 3
5, 240, 2, 3, 3
5, 240, 2, 3, 3
5, 240, 2, 3, 3
5, 240, 2, 3, 3
5, 240, 2, 3, 3
5, 240, 2, 3, 3
5, 240, 2, 3, 3
5, 240, 2, 3, 3
5, 240, 2, 3, 3
5, 240, 2, 3, 3
5, 240, 2, 3, 3
5, 240, 2, 3, 3
5, 240, 2, 3, 3
5, 240, 2, 3, 3
5, 240, 2, 3, 3
5, 240, 2, 3, 3
5, 240, 2, 3, 3
5, 240, 2, 3, 3
5, 240, 2, 3, 3
5, 240, 2, 3, 3
5, 240, 2, 3, 3
5, 240, 2, 3, 3
5, 240, 2, 3, 3
5, 240, 2, 3, 3
5, 240, 2, 3, 3
5, 240, 2, 3, 3
5, 240, 2, 3, 3
5, 240, 2, 3, 3
5, 240, 2, 3, 3
5, 240, 2, 3, 3
5, 240, 2, 3, 3
5, 240, 2, 3, 3
5, 240, 2, 3, 3
5, 240, 2, 3, 3
5, 240, 2, 3, 3
5, 240, 2, 3, 3
5, 240, 2, 3, 3
5, 240, 2, 3, 3
5, 240, 2, 3, 3
5, 240, 2, 3, 3
5, 240, 2, 3, 3
5, 240, 2, 3, 3
5, 240, 2, 3, 3
5, 240, 2, 3, 3
5, 240, 2, 3, 3
5, 240, 2, 3, 3
5, 240, 2, 3, 3
5, 240, 2, 3, 3
5, 240, 2, 3, 3
5, 240, 2, 3, 3
5, 240, 2, 3, 3
5, 240, 2, 3, 3
5, 240, 2, 3, 3
5, 240, 2, 3, 3
5, 240, 2, 3, 3
5, 240, 2, 3, 3
5, 240, 2, 3, 3
5, 240, 2, 3, 3
5, 240, 2, 3, 3
5, 240, 2, 3, 3
5, 240, 2, 3, 3
5, 240, 2, 3, 3
5, 240, 2, 3, 3
5, 240, 2, 3, 3
5, 240, 2, 3, 3
5, 240, 2, 3, 3
5, 240, 2, 3, 3
5, 240, 2, 3, 3
5, 240, 2, 3, 3
5, 240, 2, 3, 3
5, 240, 2, 3, 3
5, 240, 3, 2, 3
5, 240, 3, 2, 3
5, 240, 3, 2, 3
5, 240, 3, 2, 3
5, 240, 3, 2, 3
5, 240, 3, 2, 3
5, 240, 3, 2, 3
5, 240, 3, 2, 3
5, 240, 3, 2, 3
5, 240, 3, 2, 3
5, 240, 3, 2, 3
5, 240, 3, 2, 3
5, 240, 3, 2, 3
5, 240, 3, 2, 3
5, 240, 3, 2, 3
5, 240, 3, 2, 3
5, 240, 3, 2, 3
5, 240, 3, 2, 3
5, 240, 3, 2, 3
5, 240, 3, 2, 3
5, 240, 3, 2, 3
5, 240, 3, 2, 3
5, 240, 3, 2, 3
5, 240, 3, 2, 3
5, 240, 3, 2, 3
5, 240, 3, 2, 3
5, 240, 3, 2, 3
5, 240, 3, 2, 3
5, 240, 3, 2, 3
5, 240, 3, 2, 3
5, 240, 3, 2, 3
5, 240, 3, 2, 3
5, 240, 3, 2, 3
5, 240, 3, 2, 3
5, 240, 3, 2, 3
5, 240, 3, 2, 3
5, 240, 3, 2, 3
5, 240, 3, 2, 3
5, 240, 3, 2, 3
5, 240, 3, 2, 3
5, 240, 3, 2, 3
5, 240, 3, 2, 3
5, 240, 3, 2, 3
5, 240, 3, 2, 3
5, 240, 3, 2, 3
5, 240, 3, 2, 3
5, 240, 3, 2, 3
5, 240, 3, 2, 3
5, 240, 3, 2, 3
5, 240, 3, 2, 3
5, 240, 3, 2, 3
5, 240, 3, 2, 3
5, 240, 3, 2, 3
5, 240, 3, 2, 3
5, 240, 3, 2, 3
5, 240, 3, 2, 3
5, 240, 3, 2, 3
5, 240, 3, 2, 3
5, 240, 3, 2, 3
5, 240, 3, 2, 3
5, 240, 3, 2, 3
5, 240, 3, 2, 3
5, 240, 3, 2, 3
5, 240, 3, 2, 3
5, 240, 3, 2, 3
5, 240, 3, 2, 3
5, 240, 3, 2, 3
5, 240, 3, 2, 3
5, 240, 3, 2, 3
5, 240, 3, 2, 3
5, 240, 3, 2, 3
5, 240, 3, 2, 3
5, 240, 3, 2, 3
5, 240, 3, 2, 3
5, 240, 3, 2, 3
5, 240, 3, 2, 3
5, 240, 3, 2, 3
5, 240, 3, 2, 3
5, 240, 3, 2, 3
5, 240, 3, 2, 3
5, 240, 3, 2, 3
5, 240, 3, 2, 3
5, 240, 3, 2, 3
5, 240, 3, 2, 3
5, 240, 3, 2, 3
5, 240, 3, 2, 3
5, 240, 3, 2, 3
5, 240, 3, 2, 3
5, 240, 3, 2, 3
5, 240, 3, 2, 3
5, 240, 3, 2, 3
5, 240, 3, 2, 3
5, 240, 3, 2, 3
5, 240, 3, 2, 3
5, 240, 3, 2, 3
5, 240, 3, 2, 3
5, 240, 3, 2, 3
5, 240, 3, 2, 3
5, 240, 3, 2, 3
5, 240, 3, 2, 3
5, 240, 3, 2, 3
5, 240, 3, 2, 3
5, 240, 3, 2, 3
5, 240, 3, 2, 3
5, 240, 3, 2, 3
5, 240, 3, 2, 3
5, 240, 3, 2, 3
5, 240, 3, 2, 3
5, 240, 3, 2, 3
5, 240, 3, 2, 3
5, 240, 3, 2, 3
5, 240, 3, 2, 3
5, 240, 3, 2, 3
5, 240, 3, 2, 3
5, 240, 3, 2, 3
5, 240, 3, 2, 3
5, 240, 3, 2, 3
5, 240, 3, 2, 3
5, 240, 3, 2, 3
5, 240, 3, 2, 3
5, 240, 3, 4, 3
5, 240, 3, 4, 3
5, 240, 3, 4, 3
5, 240, 3, 4, 3
5, 240, 3, 4, 3
5, 240, 3, 4, 3
5, 240, 3, 4, 3
5, 240, 3, 4, 3
5, 240, 3, 4, 3
5, 240, 3, 4, 3
5, 240, 3, 4, 3
5, 240, 3, 4, 3
5, 240, 3, 4, 3
5, 240, 3, 4, 3
5, 240, 3, 4, 3
5, 240, 3, 4, 3
5, 240, 3, 4, 3
5, 240, 3, 4, 3
5, 240, 3, 4, 3
5, 240, 3, 4, 3
5, 240, 3, 4, 3
5, 240, 3, 4, 3
5, 240, 3, 4, 3
5, 240, 3, 4, 3
5, 240, 3, 4, 3
5, 240, 3, 4, 3
5, 240, 3, 4, 3
5, 240, 3, 4, 3
5, 240, 3, 4, 3
5, 240, 3, 4, 3
5, 240, 3, 4, 3
5, 240, 3, 4, 3
5, 240, 3, 4, 3
5, 240, 3, 4, 3
5, 240, 3, 4, 3
5, 240, 3, 4, 3
5, 240, 3, 4, 3
5, 240, 3, 4, 3
5, 240, 3, 4, 3
5, 240, 3, 4, 3
5, 240, 3, 4, 3
5, 240, 3, 4, 3
5, 240, 3, 4, 3
5, 240, 3, 4, 3
5, 240, 3, 4, 3
5, 240, 3, 4, 3
5, 240, 3, 4, 3
5, 240, 3, 4, 3
5, 240, 3, 4, 3
5, 240, 3, 4, 3
5, 240, 3, 4, 3
5, 240, 3, 4, 3
5, 240, 3, 4, 3
5, 240, 3, 4, 3
5, 240, 3, 4, 3
5, 240, 3, 4, 3
5, 240, 3, 4, 3
5, 240, 3, 4, 3
5, 240, 3, 4, 3
5, 240, 3, 4, 3
5, 240, 3, 4, 3
5, 240, 3, 4, 3
5, 240, 3, 4, 3
5, 240, 3, 4, 3
5, 240, 3, 4, 3
5, 240, 3, 4, 3
5, 240, 3, 4, 3
5, 240, 3, 4, 3
5, 240, 3, 4, 3
5, 240, 3, 4, 3
5, 240, 3, 4, 3
5, 240, 3, 4, 3
5, 240, 3, 4, 3
5, 240, 3, 4, 3
5, 240, 3, 4, 3
5, 240, 3, 4, 3
5, 240, 3, 4, 3
5, 240, 3, 4, 3
5, 240, 3, 4, 3
5, 240, 3, 4, 3
5, 240, 3, 4, 3
5, 240, 3, 4, 3
5, 240, 3, 4, 3
5, 240, 3, 4, 3
5, 240, 3, 4, 3
5, 240, 3, 4, 3
5, 240, 3, 4, 3
5, 240, 3, 4, 3
5, 240, 3, 4, 3
5, 240, 3, 4, 3
5, 240, 3, 4, 3
5, 240, 3, 4, 3
5, 240, 3, 4, 3
5, 240, 3, 4, 3
5, 240, 3, 4, 3
5, 240, 3, 4, 3
5, 240, 3, 4, 3
5, 240, 3, 4, 3
5, 240, 3, 4, 3
5, 240, 3, 4, 3
5, 240, 3, 4, 3
5, 240, 3, 4, 3
5, 240, 3, 4, 3
5, 240, 3, 4, 3
5, 240, 3, 4, 3
5, 240, 3, 4, 3
5, 240, 3, 4, 3
5, 240, 3, 4, 3
5, 240, 3, 4, 3
5, 240, 3, 4, 3
5, 240, 3, 4, 3
5, 240, 3, 4, 3
5, 240, 3, 4, 3
5, 240, 3, 4, 3
5, 240, 3, 4, 3
5, 240, 3, 4, 3
5, 240, 3, 4, 3
5, 240, 3, 4, 3
5, 240, 3, 4, 3
5, 240, 3, 4, 3
5, 120, 4, 3, 3
5, 120, 4, 3, 3
5, 120, 4, 3, 3
5, 120, 4, 3, 3
5, 120, 4, 3, 3
5, 120, 4, 3, 3
5, 120, 4, 3, 3
5, 120, 4, 3, 3
5, 120, 4, 3, 3
5, 120, 4, 3, 3
5, 120, 4, 3, 3
5, 120, 4, 3, 3
5, 120, 4, 3, 3
5, 120, 4, 3, 3
5, 120, 4, 3, 3
5, 120, 4, 3, 3
5, 120, 4, 3, 3
5, 120, 4, 3, 3
5, 120, 4, 3, 3
5, 120, 4, 3, 3
5, 120, 4, 3, 3
5, 120, 4, 3, 3
5, 120, 4, 3, 3
5, 120, 4, 3, 3
5, 120, 4, 3, 3
5, 120, 4, 3, 3
5, 120, 4, 3, 3
5, 120, 4, 3, 3
5, 120, 4, 3, 3
5, 120, 4, 3, 3
5, 120, 4, 3, 3
5, 120, 4, 3, 3
5, 120, 4, 3, 3
5, 120, 4, 3, 3
5, 120, 4, 3, 3
5, 120, 4, 3, 3
5, 120, 4, 3, 3
5, 120, 4, 3, 3
5, 120, 4, 3, 3
5, 120, 4, 3, 3
5, 120, 4, 3, 3
5, 120, 4, 3, 3
5, 120, 4, 3, 3
5, 120, 4, 3, 3
5, 120, 4, 3, 3
5, 120, 4, 3, 3
5, 120, 4, 3, 3
5, 120, 4, 3, 3
5, 120, 4, 3, 3
5, 120, 4, 3, 3
5, 120, 4, 3, 3
5, 120, 4, 3, 3
5, 120, 4, 3, 3
5, 120, 4, 3, 3
5, 120, 4, 3, 3
5, 120, 4, 3, 3
5, 120, 4, 3, 3
5, 120, 4, 3, 3
5, 120, 4, 3, 3
5, 120, 4, 3, 3
5, 120, 4, 3, 3
5, 120, 4, 3, 3
5, 120, 4, 3, 3
5, 120, 4, 3, 3
5, 120, 4, 3, 3
5, 120, 4, 3, 3
5, 120, 4, 3, 3
5, 120, 4, 3, 3
5, 120, 4, 3, 3
5, 120, 4, 3, 3
5, 120, 4, 3, 3
5, 120, 4, 3, 3
5, 120, 4, 3, 3
5, 120, 4, 3, 3
5, 120, 4, 3, 3
5, 120, 4, 3, 3
5, 120, 4, 3, 3
5, 120, 4, 3, 3
5, 120, 4, 3, 3
5, 120, 4, 3, 3
5, 120, 4, 3, 3
5, 120, 4, 3, 3
5, 120, 4, 3, 3
5, 120, 4, 3, 3
5, 120, 4, 3, 3
5, 120, 4, 3, 3
5, 120, 4, 3, 3
5, 120, 4, 3, 3
5, 120, 4, 3, 3
5, 120, 4, 3, 3
5, 120, 4, 3, 3
5, 120, 4, 3, 3
5, 120, 4, 3, 3
5, 120, 4, 3, 3
5, 120, 4, 3, 3
5, 120, 4, 3, 3
5, 120, 4, 3, 3
5, 120, 4, 3, 3
5, 120, 4, 3, 3
5, 120, 4, 3, 3
5, 120, 4, 3, 3
5, 120, 4, 3, 3
5, 120, 4, 3, 3
5, 120, 4, 3, 3
5, 120, 4, 3, 3
5, 120, 4, 3, 3
5, 120, 4, 3, 3
5, 120, 4, 3, 3
5, 120, 4, 3, 3
5, 120, 4, 3, 3
5, 120, 4, 3, 3
5, 120, 4, 3, 3
5, 120, 4, 3, 3
5, 120, 4, 3, 3
5, 120, 4, 3, 3
5, 120, 4, 3, 3
5, 120, 4, 3, 3
5, 120, 4, 3, 3
5, 120, 4, 3, 3
5, 120, 4, 3, 3
6, 12, 0, 20, 3
6, 12, 0, 20, 3
6, 12, 0, 20, 3
6, 12, 0, 20, 3
6, 12, 0, 21, 3
6, 12, 0, 21, 3
6, 12, 0, 21, 3
6, 12, 0, 21, 3
6, 12, 0, 22, 3
6, 12, 0, 22, 3
6, 12, 0, 22, 3
6, 12, 0, 22, 3
6, 12, 1, 20, 3
6, 12, 1, 20, 3
6, 12, 1, 20, 3
6, 12, 1, 20, 3
6, 12, 1, 21, 3
6, 12, 1, 21, 3
6, 12, 1, 21, 3
6, 12, 1, 21, 3
6, 12, 1, 22, 3
6, 12, 1, 22, 3
6, 12, 1, 22, 3
6, 12, 1, 22, 3
6, 12, 2, 20, 3
6, 12, 2, 20, 3
6, 12, 2, 20, 3
6, 12, 2, 20, 3
6, 12, 2, 21, 3
6, 12, 2, 21, 3
6, 12, 2, 21, 3
6, 12, 2, 21, 3
6, 12, 2, 22, 3
6, 12, 2, 22, 3
6, 12, 2, 22, 3
6, 12, 2, 22, 3
6, 12, 3, 20, 3
6, 12, 3, 20, 3
6, 12, 3, 20, 3
6, 12, 3, 20, 3
6, 12, 3, 21, 3
6, 12, 3, 21, 3
6, 12, 3, 21, 3
6, 12, 3, 21, 3
6, 12, 3, 22, 3
6, 12, 3, 22, 3
6, 12, 3, 22, 3
6, 12, 3, 22, 3
6, 12, 4, 20, 3
6, 12, 4, 20, 3
6, 12, 4, 20, 3
6, 12, 4, 20, 3
6, 12, 4, 21, 3
6, 12, 4, 21, 3
6, 12, 4, 21, 3
6, 12, 4, 21, 3
6, 12, 4, 22, 3
6, 12, 4, 22, 3
6, 12, 4, 22, 3
6, 12, 4, 22, 3
6, 12, 5, 20, 3
6, 12, 5, 20, 3
6, 12, 5, 20, 3
6, 12, 5, 20, 3
6, 12, 5, 21, 3
6, 12, 5, 21, 3
6, 12, 5, 21, 3
6, 12, 5, 21, 3
6, 12, 5, 22, 3
6, 12, 5, 22, 3
6, 12, 5, 22, 3
6, 12, 5, 22, 3
6, 12, 6, 20, 3
6, 12, 6, 20, 3
6, 12, 6, 20, 3
6, 12, 6, 20, 3
6, 12, 6, 21, 3
6, 12, 6, 21, 3
6, 12, 6, 21, 3
6, 12, 6, 21, 3
6, 12, 6, 22, 3
6, 12, 6, 22, 3
6, 12, 6, 22, 3
6, 12, 6, 22, 3
6, 12, 7, 20, 3
6, 12, 7, 20, 3
6, 12, 7, 20, 3
6, 12, 7, 20, 3
6, 12, 7, 21, 3
6, 12, 7, 21, 3
6, 12, 7, 21, 3
6, 12, 7, 21, 3
6, 12, 7, 22, 3
6, 12, 7, 22, 3
6, 12, 7, 22, 3
6, 12, 7, 22, 3
6, 12, 8, 20, 3
6, 12, 8, 20, 3
6, 12, 8, 20, 3
6, 12, 8, 20, 3
6, 12, 8, 21, 3
6, 12, 8, 21, 3
6, 12, 8, 21, 3
6, 12, 8, 21, 3
6, 12, 8, 22, 3
6, 12, 8, 22, 3
6, 12, 8, 22, 3
6, 12, 8, 22, 3
6, 12, 9, 20, 3
6, 12, 9, 20, 3
6, 12, 9, 20, 3
6, 12, 9, 20, 3
6, 12, 9, 21, 3
6, 12, 9, 21, 3
6, 12, 9, 21, 3
6, 12, 9, 21, 3
6, 12, 9, 22, 3
6, 12, 9, 22, 3
6, 12, 9, 22, 3
6, 12, 9, 22, 3
6, 12, 10, 20, 3
6, 12, 10, 20, 3
6, 12, 10, 20, 3
6, 12, 10, 20, 3
6, 12, 10, 21, 3
6, 12, 10, 21, 3
6, 12, 10, 21, 3
6, 12, 10, 21, 3
6, 12, 10, 22, 3
6, 12, 10, 22, 3
6, 12, 10, 22, 3
6, 12, 10, 22, 3
6, 12, 11, 20, 3
6, 12, 11, 20, 3
6, 12, 11, 20, 3
6, 12, 11, 20, 3
6, 12, 11, 21, 3
6, 12, 11, 21, 3
6, 12, 11, 21, 3
6, 12, 11, 21, 3
6, 12, 11, 22, 3
6, 12, 11, 22, 3
6, 12, 11, 22, 3
6, 12, 11, 22, 3
6, 12, 12, 20, 3
6, 12, 12, 20, 3
6, 12, 12, 20, 3
6, 12, 12, 20, 3
6, 12, 12, 21, 3
6, 12, 12, 21, 3
6, 12, 12, 21, 3
6, 12, 12, 21, 3
6, 12, 12, 22, 3
6, 12, 12, 22, 3
6, 12, 12, 22, 3
6, 12, 12, 22, 3
6, 12, 13, 20, 3
6, 12, 13, 20, 3
6, 12, 13, 20, 3
6, 12, 13, 20, 3
6, 12, 13, 21, 3
6, 12, 13, 21, 3
6, 12, 13, 21, 3
6, 12, 13, 21, 3
6, 12, 13, 22, 3
6, 12, 13, 22, 3
6, 12, 13, 22, 3
6, 12, 13, 22, 3
6, 12, 14, 20, 3
6, 12, 14, 20, 3
6, 12, 14, 20, 3
6, 12, 14, 20, 3
6, 12, 14, 21, 3
6, 12, 14, 21, 3
6, 12, 14, 21, 3
6, 12, 14, 21, 3
6, 12, 14, 22, 3
6, 12, 14, 22, 3
6, 12, 14, 22, 3
6, 12, 14, 22, 3
6, 12, 15, 20, 3
6, 12, 15, 20, 3
6, 12, 15, 20, 3
6, 12, 15, 20, 3
6, 12, 15, 21, 3
6, 12, 15, 21, 3
6, 12, 15, 21, 3
6, 12, 15, 21, 3
6, 12, 15, 22, 3
6, 12, 15, 22, 3
6, 12, 15, 22, 3
6, 12, 15, 22, 3
6, 12, 16, 20, 3
6, 12, 16, 20, 3
6, 12, 16, 20, 3
6, 12, 16, 20, 3
6, 12, 16, 21, 3
6, 12, 16, 21, 3
6, 12, 16, 21, 3
6, 12, 16, 21, 3
6, 12, 16, 22, 3
6, 12, 16, 22, 3
6, 12, 16, 22, 3
6, 12, 16, 22, 3
6, 12, 17, 20, 3
6, 12, 17, 20, 3
6, 12, 17, 20, 3
6, 12, 17, 20, 3
6, 12, 17, 21, 3
6, 12, 17, 21, 3
6, 12, 17, 21, 3
6, 12, 17, 21, 3
6, 12, 17, 22, 3
6, 12, 17, 22, 3
6, 12, 17, 22, 3
6, 12, 17, 22, 3
6, 12, 18, 20, 3
6, 12, 18, 20, 3
6, 12, 18, 20, 3
6, 12, 18, 20, 3
6, 12, 18, 21, 3
6, 12, 18, 21, 3
6, 12, 18, 21, 3
6, 12, 18, 21, 3
6, 12, 18, 22, 3
6, 12, 18, 22, 3
6, 12, 18, 22, 3
6, 12, 18, 22, 3
6, 12, 19, 20, 3
6, 12, 19, 20, 3
6, 12, 19, 20, 3
6, 12, 19, 20, 3
6, 12, 19, 21, 3
6, 12, 19, 21, 3
6, 12, 19, 21, 3
6, 12, 19, 21, 3
6, 12, 19, 22, 3
6, 12, 19, 22, 3
6, 12, 19, 22, 3
6, 12, 19, 22, 3
6, 80, 20, 0, 3
6, 80, 20, 0, 3
6, 80, 20, 0, 3
6, 80, 20, 0, 3
6, 80, 20, 1, 3
6, 80, 20, 1, 3
6, 80, 20, 1, 3
6, 80, 20, 1, 3
6, 80, 20, 2, 3
6, 80, 20, 2, 3
6, 80, 20, 2, 3
6, 80, 20, 2, 3
6, 80, 20, 3, 3
6, 80, 20, 3, 3
6, 80, 20, 3, 3
6, 80, 20, 3, 3
6, 80, 20, 4, 3
6, 80, 20, 4, 3
6, 80, 20, 4, 3
6, 80, 20, 4, 3
6, 80, 20, 5, 3
6, 80, 20, 5, 3
6, 80, 20, 5, 3
6, 80, 20, 5, 3
6, 80, 20, 6, 3
6, 80, 20, 6, 3
6, 80, 20, 6, 3
6, 80, 20, 6, 3
6, 80, 20, 7, 3
6, 80, 20, 7, 3
6, 80, 20, 7, 3
6, 80, 20, 7, 3
6, 80, 20, 8, 3
6, 80, 20, 8, 3
6, 80, 20, 8, 3
6, 80, 20, 8, 3
6, 80, 20, 9, 3
6, 80, 20, 9, 3
6, 80, 20, 9, 3
6, 80, 20, 9, 3
6, 80, 20, 10, 3
6, 80, 20, 10, 3
6, 80, 20, 10, 3
6, 80, 20, 10, 3
6, 80, 20, 11, 3
6, 80, 20, 11, 3
6, 80, 20, 11, 3
6, 80, 20, 11, 3
6, 80, 20, 12, 3
6, 80, 20, 12, 3
6, 80, 20, 12, 3
6, 80, 20, 12, 3
6, 80, 20, 13, 3
6, 80, 20, 13, 3
6, 80, 20, 13, 3
6, 80, 20, 13, 3
6, 80, 20, 14, 3
6, 80, 20, 14, 3
6, 80, 20, 14, 3
6, 80, 20, 14, 3
6, 80, 20, 15, 3
6, 80, 20, 15, 3
6, 80, 20, 15, 3
6, 80, 20, 15, 3
6, 80, 20, 16, 3
6, 80, 20, 16, 3
6, 80, 20, 16, 3
6, 80, 20, 16, 3
6, 80, 20, 17, 3
6, 80, 20, 17, 3
6, 80, 20, 17, 3
6, 80, 20, 17, 3
6, 80, 20, 18, 3
6, 80, 20, 18, 3
6, 80, 20, 18, 3
6, 80, 20, 18, 3
6, 80, 20, 19, 3
6, 80, 20, 19, 3
6, 80, 20, 19, 3
6, 80, 20, 19, 3
6, 80, 21, 0, 3
6, 80, 21, 0, 3
6, 80, 21, 0, 3
6, 80, 21, 0, 3
6, 80, 21, 1, 3
6, 80, 21, 1, 3
6, 80, 21, 1, 3
6, 80, 21, 1, 3
6, 80, 21, 2, 3
6, 80, 21, 2, 3
6, 80, 21, 2, 3
6, 80, 21, 2, 3
6, 80, 21, 3, 3
6, 80, 21, 3, 3
6, 80, 21, 3, 3
6, 80, 21, 3, 3
6, 80, 21, 4, 3
6, 80, 21, 4, 3
6, 80, 21, 4, 3
6, 80, 21, 4, 3
6, 80, 21, 5, 3
6, 80, 21, 5, 3
6, 80, 21, 5, 3
6, 80, 21, 5, 3
6, 80, 21, 6, 3
6, 80, 21, 6, 3
6, 80, 21, 6, 3
6, 80, 21, 6, 3
6, 80, 21, 7, 3
6, 80, 21, 7, 3
6, 80, 21, 7, 3
6, 80, 21, 7, 3
6, 80, 21, 8, 3
6, 80, 21, 8, 3
6, 80, 21, 8, 3
6, 80, 21, 8, 3
6, 80, 21, 9, 3
6, 80, 21, 9, 3
6, 80, 21, 9, 3
6, 80, 21, 9, 3
6, 80, 21, 10, 3
6, 80, 21, 10, 3
6, 80, 21, 10, 3
6, 80, 21, 10, 3
6, 80, 21, 11, 3
6, 80, 21, 11, 3
6, 80, 21, 11, 3
6, 80, 21, 11, 3
6, 80, 21, 12, 3
6, 80, 21, 12, 3
6, 80, 21, 12, 3
6, 80, 21, 12, 3
6, 80, 21, 13, 3
6, 80, 21, 13, 3
6, 80, 21, 13, 3
6, 80, 21, 13, 3
6, 80, 21, 14, 3
6, 80, 21, 14, 3
6, 80, 21, 14, 3
6, 80, 21, 14, 3
6, 80, 21, 15, 3
6, 80, 21, 15, 3
6, 80, 21, 15, 3
6, 80, 21, 15, 3
6, 80, 21, 16, 3
6, 80, 21, 16, 3
6, 80, 21, 16, 3
6, 80, 21, 16, 3
6, 80, 21, 17, 3
6, 80, 21, 17, 3
6, 80, 21, 17, 3
6, 80, 21, 17, 3
6, 80, 21, 18, 3
6, 80, 21, 18, 3
6, 80, 21, 18, 3
6, 80, 21, 18, 3
6, 80, 21, 19, 3
6, 80, 21, 19, 3
6, 80, 21, 19, 3
6, 80, 21, 19, 3
6, 80, 22, 0, 3
6, 80, 22, 0, 3
6, 80, 22, 0, 3
6, 80, 22, 0, 3
6, 80, 22, 1, 3
6, 80, 22, 1, 3
6, 80, 22, 1, 3
6, 80, 22, 1, 3
6, 80, 22, 2, 3
6, 80, 22, 2, 3
6, 80, 22, 2, 3
6, 80, 22, 2, 3
6, 80, 22, 3, 3
6, 80, 22, 3, 3
6, 80, 22, 3, 3
6, 80, 22, 3, 3
6, 80, 22, 4, 3
6, 80, 22, 4, 3
6, 80, 22, 4, 3
6, 80, 22, 4, 3
6, 80, 22, 5, 3
6, 80, 22, 5, 3
6, 80, 22, 5, 3
6, 80, 22, 5, 3
6, 80, 22, 6, 3
6, 80, 22, 6, 3
6, 80, 22, 6, 3
6, 80, 22, 6, 3
6, 80, 22, 7, 3
6, 80, 22, 7, 3
6, 80, 22, 7, 3
6, 80, 22, 7, 3
6, 80, 22, 8, 3
6, 80, 22, 8, 3
6, 80, 22, 8, 3
6, 80, 22, 8, 3
6, 80, 22, 9, 3
6, 80, 22, 9, 3
6, 80, 22, 9, 3
6, 80, 22, 9, 3
6, 80, 22, 10, 3
6, 80, 22, 10, 3
6, 80, 22, 10, 3
6, 80, 22, 10, 3
6, 80, 22, 11, 3
6, 80, 22, 11, 3
6, 80, 22, 11, 3
6, 80, 22, 11, 3
6, 80, 22, 12, 3
6, 80, 22, 12, 3
6, 80, 22, 12, 3
6, 80, 22, 12, 3
6, 80, 22, 13, 3
6, 80, 22, 13, 3
6, 80, 22, 13, 3
6, 80, 22, 13, 3
6, 80, 22, 14, 3
6, 80, 22, 14, 3
6, 80, 22, 14, 3
6, 80, 22, 14, 3
6, 80, 22, 15, 3
6, 80, 22, 15, 3
6, 80, 22, 15, 3
6, 80, 22, 15, 3
6, 80, 22, 16, 3
6, 80, 22, 16, 3
6, 80, 22, 16, 3
6, 80, 22, 16, 3
6, 80, 22, 17, 3
6, 80, 22, 17, 3
6, 80, 22, 17, 3
6, 80, 22, 17, 3
6, 80, 22, 18, 3
6, 80, 22, 18, 3
6, 80, 22, 18, 3
6, 80, 22, 18, 3
6, 80, 22, 19, 3
6, 80, 22, 19, 3
6, 80, 22, 19, 3
6, 80, 22, 19, 3
7, 12, 0, 20, 3
7, 12, 0, 20, 3
7, 12, 0, 20, 3
7, 12, 0, 20, 3
7, 12, 0, 21, 3
7, 12, 0, 21, 3
7, 12, 0, 21, 3
7, 12, 0, 21, 3
7, 12, 0, 22, 3
7, 12, 0, 22, 3
7, 12, 0, 22, 3
7, 12, 0, 22, 3
7, 12, 1, 20, 3
7, 12, 1, 20, 3
7, 12, 1, 20, 3
7, 12, 1, 20, 3
7, 12, 1, 21, 3
7, 12, 1, 21, 3
7, 12, 1, 21, 3
7, 12, 1, 21, 3
7, 12, 1, 22, 3
7, 12, 1, 22, 3
7, 12, 1, 22, 3
7, 12, 1, 22, 3
7, 12, 2, 20, 3
7, 12, 2, 20, 3
7, 12, 2, 20, 3
7, 12, 2, 20, 3
7, 12, 2, 21, 3
7, 12, 2, 21, 3
7, 12, 2, 21, 3
7, 12, 2, 21, 3
7, 12, 2, 22, 3
7, 12, 2, 22, 3
7, 12, 2, 22, 3
7, 12, 2, 22, 3
7, 12, 3, 20, 3
7, 12, 3, 20, 3
7, 12, 3, 20, 3
7, 12, 3, 20, 3
7, 12, 3, 21, 3
7, 12, 3, 21, 3
7, 12, 3, 21, 3
7, 12, 3, 21, 3
7, 12, 3, 22, 3
7, 12, 3, 22, 3
7, 12, 3, 22, 3
7, 12, 3, 22, 3
7, 12, 4, 20, 3
7, 12, 4, 20, 3
7, 12, 4, 20, 3
7, 12, 4, 20, 3
7, 12, 4, 21, 3
7, 12, 4, 21, 3
7, 12, 4, 21, 3
7, 12, 4, 21, 3
7, 12, 4, 22, 3
7, 12, 4, 22, 3
7, 12, 4, 22, 3
7, 12, 4, 22, 3
7, 12, 5, 20, 3
7, 12, 5, 20, 3
7, 12, 5, 20, 3
7, 12, 5, 20, 3
7, 12, 5, 21, 3
7, 12, 5, 21, 3
7, 12, 5, 21, 3
7, 12, 5, 21, 3
7, 12, 5, 22, 3
7, 12, 5, 22, 3
7, 12, 5, 22, 3
7, 12, 5, 22, 3
7, 12, 6, 20, 3
7, 12, 6, 20, 3
7, 12, 6, 20, 3
7, 12, 6, 20, 3
7, 12, 6, 21, 3
7, 12, 6, 21, 3
7, 12, 6, 21, 3
7, 12, 6, 21, 3
7, 12, 6, 22, 3
7, 12, 6, 22, 3
7, 12, 6, 22, 3
7, 12, 6, 22, 3
7, 12, 7, 20, 3
7, 12, 7, 20, 3
7, 12, 7, 20, 3
7, 12, 7, 20, 3
7, 12, 7, 21, 3
7, 12, 7, 21, 3
7, 12, 7, 21, 3
7, 12, 7, 21, 3
7, 12, 7, 22, 3
7, 12, 7, 22, 3
7, 12, 7, 22, 3
7, 12, 7, 22, 3
7, 12, 8, 20, 3
7, 12, 8, 20, 3
7, 12, 8, 20, 3
7, 12, 8, 20, 3
7, 12, 8, 21, 3
7, 12, 8, 21, 3
7, 12, 8, 21, 3
7, 12, 8, 21, 3
7, 12, 8, 22, 3
7, 12, 8, 22, 3
7, 12, 8, 22, 3
7, 12, 8, 22, 3
7, 12, 9, 20, 3
7, 12, 9, 20, 3
7, 12, 9, 20, 3
7, 12, 9, 20, 3
7, 12, 9, 21, 3
7, 12, 9, 21, 3
7, 12, 9, 21, 3
7, 12, 9, 21, 3
7, 12, 9, 22, 3
7, 12, 9, 22, 3
7, 12, 9, 22, 3
7, 12, 9, 22, 3
7, 12, 10, 20, 3
7, 12, 10, 20, 3
7, 12, 10, 20, 3
7, 12, 10, 20, 3
7, 12, 10, 21, 3
7, 12, 10, 21, 3
7, 12, 10, 21, 3
7, 12, 10, 21, 3
7, 12, 10, 22, 3
7, 12, 10, 22, 3
7, 12, 10, 22, 3
7, 12, 10, 22, 3
7, 12, 11, 20, 3
7, 12, 11, 20, 3
7, 12, 11, 20, 3
7, 12, 11, 20, 3
7, 12, 11, 21, 3
7, 12, 11, 21, 3
7, 12, 11, 21, 3
7, 12, 11, 21, 3
7, 12, 11, 22, 3
7, 12, 11, 22, 3
7, 12, 11, 22, 3
7, 12, 11, 22, 3
7, 12, 12, 20, 3
7, 12, 12, 20, 3
7, 12, 12, 20, 3
7, 12, 12, 20, 3
7, 12, 12, 21, 3
7, 12, 12, 21, 3
7, 12, 12, 21, 3
7, 12, 12, 21, 3
7, 12, 12, 22, 3
7, 12, 12, 22, 3
7, 12, 12, 22, 3
7, 12, 12, 22, 3
7, 12, 13, 20, 3
7, 12, 13, 20, 3
7, 12, 13, 20, 3
7, 12, 13, 20, 3
7, 12, 13, 21, 3
7, 12, 13, 21, 3
7, 12, 13, 21, 3
7, 12, 13, 21, 3
7, 12, 13, 22, 3
7, 12, 13, 22, 3
7, 12, 13, 22, 3
7, 12, 13, 22, 3
7, 12, 14, 20, 3
7, 12, 14, 20, 3
7, 12, 14, 20, 3
7, 12, 14, 20, 3
7, 12, 14, 21, 3
7, 12, 14, 21, 3
7, 12, 14, 21, 3
7, 12, 14, 21, 3
7, 12, 14, 22, 3
7, 12, 14, 22, 3
7, 12, 14, 22, 3
7, 12, 14, 22, 3
7, 12, 15, 20, 3
7, 12, 15, 20, 3
7, 12, 15, 20, 3
7, 12, 15, 20, 3
7, 12, 15, 21, 3
7, 12, 15, 21, 3
7, 12, 15, 21, 3
7, 12, 15, 21, 3
7, 12, 15, 22, 3
7, 12, 15, 22, 3
7, 12, 15, 22, 3
7, 12, 15, 22, 3
7, 12, 16, 20, 3
7, 12, 16, 20, 3
7, 12, 16, 20, 3
7, 12, 16, 20, 3
7, 12, 16, 21, 3
7, 12, 16, 21, 3
7, 12, 16, 21, 3
7, 12, 16, 21, 3
7, 12, 16, 22, 3
7, 12, 16, 22, 3
7, 12, 16, 22, 3
7, 12, 16, 22, 3
7, 12, 17, 20, 3
7, 12, 17, 20, 3
7, 12, 17, 20, 3
7, 12, 17, 20, 3
7, 12, 17, 21, 3
7, 12, 17, 21, 3
7, 12, 17, 21, 3
7, 12, 17, 21, 3
7, 12, 17, 22, 3
7, 12, 17, 22, 3
7, 12, 17, 22, 3
7, 12, 17, 22, 3
7, 12, 18, 20, 3
7, 12, 18, 20, 3
7, 12, 18, 20, 3
7, 12, 18, 20, 3
7, 12, 18, 21, 3
7, 12, 18, 21, 3
7, 12, 18, 21, 3
7, 12, 18, 21, 3
7, 12, 18, 22, 3
7, 12, 18, 22, 3
7, 12, 18, 22, 3
7, 12, 18, 22, 3
7, 12, 19, 20, 3
7, 12, 19, 20, 3
7, 12, 19, 20, 3
7, 12, 19, 20, 3
7, 12, 19, 21, 3
7, 12, 19, 21, 3
7, 12, 19, 21, 3
7, 12, 19, 21, 3
7, 12, 19, 22, 3
7, 12, 19, 22, 3
7, 12, 19, 22, 3
7, 12, 19, 22, 3
7, 80, 20, 0, 3
7, 80, 20, 0, 3
7, 80, 20, 0, 3
7, 80, 20, 0, 3
7, 80, 20, 1, 3
7, 80, 20, 1, 3
7, 80, 20, 1, 3
7, 80, 20, 1, 3
7, 80, 20, 2, 3
7, 80, 20, 2, 3
7, 80, 20, 2, 3
7, 80, 20, 2, 3
7, 80, 20, 3, 3
7, 80, 20, 3, 3
7, 80, 20, 3, 3
7, 80, 20, 3, 3
7, 80, 20, 4, 3
7, 80, 20, 4, 3
7, 80, 20, 4, 3
7, 80, 20, 4, 3
7, 80, 20, 5, 3
7, 80, 20, 5, 3
7, 80, 20, 5, 3
7, 80, 20, 5, 3
7, 80, 20, 6, 3
7, 80, 20, 6, 3
7, 80, 20, 6, 3
7, 80, 20, 6, 3
7, 80, 20, 7, 3
7, 80, 20, 7, 3
7, 80, 20, 7, 3
7, 80, 20, 7, 3
7, 80, 20, 8, 3
7, 80, 20, 8, 3
7, 80, 20, 8, 3
7, 80, 20, 8, 3
7, 80, 20, 9, 3
7, 80, 20, 9, 3
7, 80, 20, 9, 3
7, 80, 20, 9, 3
7, 80, 20, 10, 3
7, 80, 20, 10, 3
7, 80, 20, 10, 3
7, 80, 20, 10, 3
7, 80, 20, 11, 3
7, 80, 20, 11, 3
7, 80, 20, 11, 3
7, 80, 20, 11, 3
7, 80, 20, 12, 3
7, 80, 20, 12, 3
7, 80, 20, 12, 3
7, 80, 20, 12, 3
7, 80, 20, 13, 3
7, 80, 20, 13, 3
7, 80, 20, 13, 3
7, 80, 20, 13, 3
7, 80, 20, 14, 3
7, 80, 20, 14, 3
7, 80, 20, 14, 3
7, 80, 20, 14, 3
7, 80, 20, 15, 3
7, 80, 20, 15, 3
7, 80, 20, 15, 3
7, 80, 20, 15, 3
7, 80, 20, 16, 3
7, 80, 20, 16, 3
7, 80, 20, 16, 3
7, 80, 20, 16, 3
7, 80, 20, 17, 3
7, 80, 20, 17, 3
7, 80, 20, 17, 3
7, 80, 20, 17, 3
7, 80, 20, 18, 3
7, 80, 20, 18, 3
7, 80, 20, 18, 3
7, 80, 20, 18, 3
7, 80, 20, 19, 3
7, 80, 20, 19, 3
7, 80, 20, 19, 3
7, 80, 20, 19, 3
7, 80, 21, 0, 3
7, 80, 21, 0, 3
7, 80, 21, 0, 3
7, 80, 21, 0, 3
7, 80, 21, 1, 3
7, 80, 21, 1, 3
7, 80, 21, 1, 3
7, 80, 21, 1, 3
7, 80, 21, 2, 3
7, 80, 21, 2, 3
7, 80, 21, 2, 3
7, 80, 21, 2, 3
7, 80, 21, 3, 3
7, 80, 21, 3, 3
7, 80, 21, 3, 3
7, 80, 21, 3, 3
7, 80, 21, 4, 3
7, 80, 21, 4, 3
7, 80, 21, 4, 3
7, 80, 21, 4, 3
7, 80, 21, 5, 3
7, 80, 21, 5, 3
7, 80, 21, 5, 3
7, 80, 21, 5, 3
7, 80, 21, 6, 3
7, 80, 21, 6, 3
7, 80, 21, 6, 3
7, 80, 21, 6, 3
7, 80, 21, 7, 3
7, 80, 21, 7, 3
7, 80, 21, 7, 3
7, 80, 21, 7, 3
7, 80, 21, 8, 3
7, 80, 21, 8, 3
7, 80, 21, 8, 3
7, 80, 21, 8, 3
7, 80, 21, 9, 3
7, 80, 21, 9, 3
7, 80, 21, 9, 3
7, 80, 21, 9, 3
7, 80, 21, 10, 3
7, 80, 21, 10, 3
7, 80, 21, 10, 3
7, 80, 21, 10, 3
7, 80, 21, 11, 3
7, 80, 21, 11, 3
7, 80, 21, 11, 3
7, 80, 21, 11, 3
7, 80, 21, 12, 3
7, 80, 21, 12, 3
7, 80, 21, 12, 3
7, 80, 21, 12, 3
7, 80, 21, 13, 3
7, 80, 21, 13, 3
7, 80, 21, 13, 3
7, 80, 21, 13, 3
7, 80, 21, 14, 3
7, 80, 21, 14, 3
7, 80, 21, 14, 3
7, 80, 21, 14, 3
7, 80, 21, 15, 3
7, 80, 21, 15, 3
7, 80, 21, 15, 3
7, 80, 21, 15, 3
7, 80, 21, 16, 3
7, 80, 21, 16, 3
7, 80, 21, 16, 3
7, 80, 21, 16, 3
7, 80, 21, 17, 3
7, 80, 21, 17, 3
7, 80, 21, 17, 3
7, 80, 21, 17, 3
7, 80, 21, 18, 3
7, 80, 21, 18, 3
7, 80, 21, 18, 3
7, 80, 21, 18, 3
7, 80, 21, 19, 3
7, 80, 21, 19, 3
7, 80, 21, 19, 3
7, 80, 21, 19, 3
7, 80, 22, 0, 3
7, 80, 22, 0, 3
7, 80, 22, 0, 3
7, 80, 22, 0, 3
7, 80, 22, 1, 3
7, 80, 22, 1, 3
7, 80, 22, 1, 3
7, 80, 22, 1, 3
7, 80, 22, 2, 3
7, 80, 22, 2, 3
7, 80, 22, 2, 3
7, 80, 22, 2, 3
7, 80, 22, 3, 3
7, 80, 22, 3, 3
7, 80, 22, 3, 3
7, 80, 22, 3, 3
7, 80, 22, 4, 3
7, 80, 22, 4, 3
7, 80, 22, 4, 3
7, 80, 22, 4, 3
7, 80, 22, 5, 3
7, 80, 22, 5, 3
7, 80, 22, 5, 3
7, 80, 22, 5, 3
7, 80, 22, 6, 3
7, 80, 22, 6, 3
7, 80, 22, 6, 3
7, 80, 22, 6, 3
7, 80, 22, 7, 3
7, 80, 22, 7, 3
7, 80, 22, 7, 3
7, 80, 22, 7, 3
7, 80, 22, 8, 3
7, 80, 22, 8, 3
7, 80, 22, 8, 3
7, 80, 22, 8, 3
7, 80, 22, 9, 3
7, 80, 22, 9, 3
7, 80, 22, 9, 3
7, 80, 22, 9, 3
7, 80, 22, 10, 3
7, 80, 22, 10, 3
7, 80, 22, 10, 3
7, 80, 22, 10, 3
7, 80, 22, 11, 3
7, 80, 22, 11, 3
7, 80, 22, 11, 3
7, 80, 22, 11, 3
7, 80, 22, 12, 3
7, 80, 22, 12, 3
7, 80, 22, 12, 3
7, 80, 22, 12, 3
7, 80, 22, 13, 3
7, 80, 22, 13, 3
7, 80, 22, 13, 3
7, 80, 22, 13, 3
7, 80, 22, 14, 3
7, 80, 22, 14, 3
7, 80, 22, 14, 3
7, 80, 22, 14, 3
7, 80, 22, 15, 3
7, 80, 22, 15, 3
7, 80, 22, 15, 3
7, 80, 22, 15, 3
7, 80, 22, 16, 3
7, 80, 22, 16, 3
7, 80, 22, 16, 3
7, 80, 22, 16, 3
7, 80, 22, 17, 3
7, 80, 22, 17, 3
7, 80, 22, 17, 3
7, 80, 22, 17, 3
7, 80, 22, 18, 3
7, 80, 22, 18, 3
7, 80, 22, 18, 3
7, 80, 22, 18, 3
7, 80, 22, 19, 3
7, 80, 22, 19, 3
7, 80, 22, 19, 3
7, 80, 22, 19, 3
8, 12, 0, 20, 3
8, 12, 0, 20, 3
8, 12, 0, 20, 3
8, 12, 0, 20, 3
8, 12, 0, 21, 3
8, 12, 0, 21, 3
8, 12, 0, 21, 3
8, 12, 0, 21, 3
8, 12, 0, 22, 3
8, 12, 0, 22, 3
8, 12, 0, 22, 3
8, 12, 0, 22, 3
8, 12, 1, 20, 3
8, 12, 1, 20, 3
8, 12, 1, 20, 3
8, 12, 1, 20, 3
8, 12, 1, 21, 3
8, 12, 1, 21, 3
8, 12, 1, 21, 3
8, 12, 1, 21, 3
8, 12, 1, 22, 3
8, 12, 1, 22, 3
8, 12, 1, 22, 3
8, 12, 1, 22, 3
8, 12, 2, 20, 3
8, 12, 2, 20, 3
8, 12, 2, 20, 3
8, 12, 2, 20, 3
8, 12, 2, 21, 3
8, 12, 2, 21, 3
8, 12, 2, 21, 3
8, 12, 2, 21, 3
8, 12, 2, 22, 3
8, 12, 2, 22, 3
8, 12, 2, 22, 3
8, 12, 2, 22, 3
8, 12, 3, 20, 3
8, 12, 3, 20, 3
8, 12, 3, 20, 3
8, 12, 3, 20, 3
8, 12, 3, 21, 3
8, 12, 3, 21, 3
8, 12, 3, 21, 3
8, 12, 3, 21, 3
8, 12, 3, 22, 3
8, 12, 3, 22, 3
8, 12, 3, 22, 3
8, 12, 3, 22, 3
8, 12, 4, 20, 3
8, 12, 4, 20, 3
8, 12, 4, 20, 3
8, 12, 4, 20, 3
8, 12, 4, 21, 3
8, 12, 4, 21, 3
8, 12, 4, 21, 3
8, 12, 4, 21, 3
8, 12, 4, 22, 3
8, 12, 4, 22, 3
8, 12, 4, 22, 3
8, 12, 4, 22, 3
8, 12, 5, 20, 3
8, 12, 5, 20, 3
8, 12, 5, 20, 3
8, 12, 5, 20, 3
8, 12, 5, 21, 3
8, 12, 5, 21, 3
8, 12, 5, 21, 3
8, 12, 5, 21, 3
8, 12, 5, 22, 3
8, 12, 5, 22, 3
8, 12, 5, 22, 3
8, 12, 5, 22, 3
8, 12, 6, 20, 3
8, 12, 6, 20, 3
8, 12, 6, 20, 3
8, 12, 6, 20, 3
8, 12, 6, 21, 3
8, 12, 6, 21, 3
8, 12, 6, 21, 3
8, 12, 6, 21, 3
8, 12, 6, 22, 3
8, 12, 6, 22, 3
8, 12, 6, 22, 3
8, 12, 6, 22, 3
8, 12, 7, 20, 3
8, 12, 7, 20, 3
8, 12, 7, 20, 3
8, 12, 7, 20, 3
8, 12, 7, 21, 3
8, 12, 7, 21, 3
8, 12, 7, 21, 3
8, 12, 7, 21, 3
8, 12, 7, 22, 3
8, 12, 7, 22, 3
8, 12, 7, 22, 3
8, 12, 7, 22, 3
8, 12, 8, 20, 3
8, 12, 8, 20, 3
8, 12, 8, 20, 3
8, 12, 8, 20, 3
8, 12, 8, 21, 3
8, 12, 8, 21, 3
8, 12, 8, 21, 3
8, 12, 8, 21, 3
8, 12, 8, 22, 3
8, 12, 8, 22, 3
8, 12, 8, 22, 3
8, 12, 8, 22, 3
8, 12, 9, 20, 3
8, 12, 9, 20, 3
8, 12, 9, 20, 3
8, 12, 9, 20, 3
8, 12, 9, 21, 3
8, 12, 9, 21, 3
8, 12, 9, 21, 3
8, 12, 9, 21, 3
8, 12, 9, 22, 3
8, 12, 9, 22, 3
8, 12, 9, 22, 3
8, 12, 9, 22, 3
8, 12, 10, 20, 3
8, 12, 10, 20, 3
8, 12, 10, 20, 3
8, 12, 10, 20, 3
8, 12, 10, 21, 3
8, 12, 10, 21, 3
8, 12, 10, 21, 3
8, 12, 10, 21, 3
8, 12, 10, 22, 3
8, 12, 10, 22, 3
8, 12, 10, 22, 3
8, 12, 10, 22, 3
8, 12, 11, 20, 3
8, 12, 11, 20, 3
8, 12, 11, 20, 3
8, 12, 11, 20, 3
8, 12, 11, 21, 3
8, 12, 11, 21, 3
8, 12, 11, 21, 3
8, 12, 11, 21, 3
8, 12, 11, 22, 3
8, 12, 11, 22, 3
8, 12, 11, 22, 3
8, 12, 11, 22, 3
8, 12, 12, 20, 3
8, 12, 12, 20, 3
8, 12, 12, 20, 3
8, 12, 12, 20, 3
8, 12, 12, 21, 3
8, 12, 12, 21, 3
8, 12, 12, 21, 3
8, 12, 12, 21, 3
8, 12, 12, 22, 3
8, 12, 12, 22, 3
8, 12, 12, 22, 3
8, 12, 12, 22, 3
8, 12, 13, 20, 3
8, 12, 13, 20, 3
8, 12, 13, 20, 3
8, 12, 13, 20, 3
8, 12, 13, 21, 3
8, 12, 13, 21, 3
8, 12, 13, 21, 3
8, 12, 13, 21, 3
8, 12, 13, 22, 3
8, 12, 13, 22, 3
8, 12, 13, 22, 3
8, 12, 13, 22, 3
8, 12, 14, 20, 3
8, 12, 14, 20, 3
8, 12, 14, 20, 3
8, 12, 14, 20, 3
8, 12, 14, 21, 3
8, 12, 14, 21, 3
8, 12, 14, 21, 3
8, 12, 14, 21, 3
8, 12, 14, 22, 3
8, 12, 14, 22, 3
8, 12, 14, 22, 3
8, 12, 14, 22, 3
8, 12, 15, 20, 3
8, 12, 15, 20, 3
8, 12, 15, 20, 3
8, 12, 15, 20, 3
8, 12, 15, 21, 3
8, 12, 15, 21, 3
8, 12, 15, 21, 3
8, 12, 15, 21, 3
8, 12, 15, 22, 3
8, 12, 15, 22, 3
8, 12, 15, 22, 3
8, 12, 15, 22, 3
8, 12, 16, 20, 3
8, 12, 16, 20, 3
8, 12, 16, 20, 3
8, 12, 16, 20, 3
8, 12, 16, 21, 3
8, 12, 16, 21, 3
8, 12, 16, 21, 3
8, 12, 16, 21, 3
8, 12, 16, 22, 3
8, 12, 16, 22, 3
8, 12, 16, 22, 3
8, 12, 16, 22, 3
8, 12, 17, 20, 3
8, 12, 17, 20, 3
8, 12, 17, 20, 3
8, 12, 17, 20, 3
8, 12, 17, 21, 3
8, 12, 17, 21, 3
8, 12, 17, 21, 3
8, 12, 17, 21, 3
8, 12, 17, 22, 3
8, 12, 17, 22, 3
8, 12, 17, 22, 3
8, 12, 17, 22, 3
8, 12, 18, 20, 3
8, 12, 18, 20, 3
8, 12, 18, 20, 3
8, 12, 18, 20, 3
8, 12, 18, 21, 3
8, 12, 18, 21, 3
8, 12, 18, 21, 3
8, 12, 18, 21, 3
8, 12, 18, 22, 3
8, 12, 18, 22, 3
8, 12, 18, 22, 3
8, 12, 18, 22, 3
8, 12, 19, 20, 3
8, 12, 19, 20, 3
8, 12, 19, 20, 3
8, 12, 19, 20, 3
8, 12, 19, 21, 3
8, 12, 19, 21, 3
8, 12, 19, 21, 3
8, 12, 19, 21, 3
8, 12, 19, 22, 3
8, 12, 19, 22, 3
8, 12, 19, 22, 3
8, 12, 19, 22, 3
8, 80, 20, 0, 3
8, 80, 20, 0, 3
8, 80, 20, 0, 3
8, 80, 20, 0, 3
8, 80, 20, 1, 3
8, 80, 20, 1, 3
8, 80, 20, 1, 3
8, 80, 20, 1, 3
8, 80, 20, 2, 3
8, 80, 20, 2, 3
8, 80, 20, 2, 3
8, 80, 20, 2, 3
8, 80, 20, 3, 3
8, 80, 20, 3, 3
8, 80, 20, 3, 3
8, 80, 20, 3, 3
8, 80, 20, 4, 3
8, 80, 20, 4, 3
8, 80, 20, 4, 3
8, 80, 20, 4, 3
8, 80, 20, 5, 3
8, 80, 20, 5, 3
8, 80, 20, 5, 3
8, 80, 20, 5, 3
8, 80, 20, 6, 3
8, 80, 20, 6, 3
8, 80, 20, 6, 3
8, 80, 20, 6, 3
8, 80, 20, 7, 3
8, 80, 20, 7, 3
8, 80, 20, 7, 3
8, 80, 20, 7, 3
8, 80, 20, 8, 3
8, 80, 20, 8, 3
8, 80, 20, 8, 3
8, 80, 20, 8, 3
8, 80, 20, 9, 3
8, 80, 20, 9, 3
8, 80, 20, 9, 3
8, 80, 20, 9, 3
8, 80, 20, 10, 3
8, 80, 20, 10, 3
8, 80, 20, 10, 3
8, 80, 20, 10, 3
8, 80, 20, 11, 3
8, 80, 20, 11, 3
8, 80, 20, 11, 3
8, 80, 20, 11, 3
8, 80, 20, 12, 3
8, 80, 20, 12, 3
8, 80, 20, 12, 3
8, 80, 20, 12, 3
8, 80, 20, 13, 3
8, 80, 20, 13, 3
8, 80, 20, 13, 3
8, 80, 20, 13, 3
8, 80, 20, 14, 3
8, 80, 20, 14, 3
8, 80, 20, 14, 3
8, 80, 20, 14, 3
8, 80, 20, 15, 3
8, 80, 20, 15, 3
8, 80, 20, 15, 3
8, 80, 20, 15, 3
8, 80, 20, 16, 3
8, 80, 20, 16, 3
8, 80, 20, 16, 3
8, 80, 20, 16, 3
8, 80, 20, 17, 3
8, 80, 20, 17, 3
8, 80, 20, 17, 3
8, 80, 20, 17, 3
8, 80, 20, 18, 3
8, 80, 20, 18, 3
8, 80, 20, 18, 3
8, 80, 20, 18, 3
8, 80, 20, 19, 3
8, 80, 20, 19, 3
8, 80, 20, 19, 3
8, 80, 20, 19, 3
8, 80, 21, 0, 3
8, 80, 21, 0, 3
8, 80, 21, 0, 3
8, 80, 21, 0, 3
8, 80, 21, 1, 3
8, 80, 21, 1, 3
8, 80, 21, 1, 3
8, 80, 21, 1, 3
8, 80, 21, 2, 3
8, 80, 21, 2, 3
8, 80, 21, 2, 3
8, 80, 21, 2, 3
8, 80, 21, 3, 3
8, 80, 21, 3, 3
8, 80, 21, 3, 3
8, 80, 21, 3, 3
8, 80, 21, 4, 3
8, 80, 21, 4, 3
8, 80, 21, 4, 3
8, 80, 21, 4, 3
8, 80, 21, 5, 3
8, 80, 21, 5, 3
8, 80, 21, 5, 3
8, 80, 21, 5, 3
8, 80, 21, 6, 3
8, 80, 21, 6, 3
8, 80, 21, 6, 3
8, 80, 21, 6, 3
8, 80, 21, 7, 3
8, 80, 21, 7, 3
8, 80, 21, 7, 3
8, 80, 21, 7, 3
8, 80, 21, 8, 3
8, 80, 21, 8, 3
8, 80, 21, 8, 3
8, 80, 21, 8, 3
8, 80, 21, 9, 3
8, 80, 21, 9, 3
8, 80, 21, 9, 3
8, 80, 21, 9, 3
8, 80, 21, 10, 3
8, 80, 21, 10, 3
8, 80, 21, 10, 3
8, 80, 21, 10, 3
8, 80, 21, 11, 3
8, 80, 21, 11, 3
8, 80, 21, 11, 3
8, 80, 21, 11, 3
8, 80, 21, 12, 3
8, 80, 21, 12, 3
8, 80, 21, 12, 3
8, 80, 21, 12, 3
8, 80, 21, 13, 3
8, 80, 21, 13, 3
8, 80, 21, 13, 3
8, 80, 21, 13, 3
8, 80, 21, 14, 3
8, 80, 21, 14, 3
8, 80, 21, 14, 3
8, 80, 21, 14, 3
8, 80, 21, 15, 3
8, 80, 21, 15, 3
8, 80, 21, 15, 3
8, 80, 21, 15, 3
8, 80, 21, 16, 3
8, 80, 21, 16, 3
8, 80, 21, 16, 3
8, 80, 21, 16, 3
8, 80, 21, 17, 3
8, 80, 21, 17, 3
8, 80, 21, 17, 3
8, 80, 21, 17, 3
8, 80, 21, 18, 3
8, 80, 21, 18, 3
8, 80, 21, 18, 3
8, 80, 21, 18, 3
8, 80, 21, 19, 3
8, 80, 21, 19, 3
8, 80, 21, 19, 3
8, 80, 21, 19, 3
8, 80, 22, 0, 3
8, 80, 22, 0, 3
8, 80, 22, 0, 3
8, 80, 22, 0, 3
8, 80, 22, 1, 3
8, 80, 22, 1, 3
8, 80, 22, 1, 3
8, 80, 22, 1, 3
8, 80, 22, 2, 3
8, 80, 22, 2, 3
8, 80, 22, 2, 3
8, 80, 22, 2, 3
8, 80, 22, 3, 3
8, 80, 22, 3, 3
8, 80, 22, 3, 3
8, 80, 22, 3, 3
8, 80, 22, 4, 3
8, 80, 22, 4, 3
8, 80, 22, 4, 3
8, 80, 22, 4, 3
8, 80, 22, 5, 3
8, 80, 22, 5, 3
8, 80, 22, 5, 3
8, 80, 22, 5, 3
8, 80, 22, 6, 3
8, 80, 22, 6, 3
8, 80, 22, 6, 3
8, 80, 22, 6, 3
8, 80, 22, 7, 3
8, 80, 22, 7, 3
8, 80, 22, 7, 3
8, 80, 22, 7, 3
8, 80, 22, 8, 3
8, 80, 22, 8, 3
8, 80, 22, 8, 3
8, 80, 22, 8, 3
8, 80, 22, 9, 3
8, 80, 22, 9, 3
8, 80, 22, 9, 3
8, 80, 22, 9, 3
8, 80, 22, 10, 3
8, 80, 22, 10, 3
8, 80, 22, 10, 3
8, 80, 22, 10, 3
8, 80, 22, 11, 3
8, 80, 22, 11, 3
8, 80, 22, 11, 3
8, 80, 22, 11, 3
8, 80, 22, 12, 3
8, 80, 22, 12, 3
8, 80, 22, 12, 3
8, 80, 22, 12, 3
8, 80, 22, 13, 3
8, 80, 22, 13, 3
8, 80, 22, 13, 3
8, 80, 22, 13, 3
8, 80, 22, 14, 3
8, 80, 22, 14, 3
8, 80, 22, 14, 3
8, 80, 22, 14, 3
8, 80, 22, 15, 3
8, 80, 22, 15, 3
8, 80, 22, 15, 3
8, 80, 22, 15, 3
8, 80, 22, 16, 3
8, 80, 22, 16, 3
8, 80, 22, 16, 3
8, 80, 22, 16, 3
8, 80, 22, 17, 3
8, 80, 22, 17, 3
8, 80, 22, 17, 3
8, 80, 22, 17, 3
8, 80, 22, 18, 3
8, 80, 22, 18, 3
8, 80, 22, 18, 3
8, 80, 22, 18, 3
8, 80, 22, 19, 3
8, 80, 22, 19, 3
8, 80, 22, 19, 3
8, 80, 22, 19, 3
9, 12, 0, 20, 3
9, 12, 0, 20, 3
9, 12, 0, 20, 3
9, 12, 0, 20, 3
9, 12, 0, 21, 3
9, 12, 0, 21, 3
9, 12, 0, 21, 3
9, 12, 0, 21, 3
9, 12, 0, 22, 3
9, 12, 0, 22, 3
9, 12, 0, 22, 3
9, 12, 0, 22, 3
9, 12, 1, 20, 3
9, 12, 1, 20, 3
9, 12, 1, 20, 3
9, 12, 1, 20, 3
9, 12, 1, 21, 3
9, 12, 1, 21, 3
9, 12, 1, 21, 3
9, 12, 1, 21, 3
9, 12, 1, 22, 3
9, 12, 1, 22, 3
9, 12, 1, 22, 3
9, 12, 1, 22, 3
9, 12, 2, 20, 3
9, 12, 2, 20, 3
9, 12, 2, 20, 3
9, 12, 2, 20, 3
9, 12, 2, 21, 3
9, 12, 2, 21, 3
9, 12, 2, 21, 3
9, 12, 2, 21, 3
9, 12, 2, 22, 3
9, 12, 2, 22, 3
9, 12, 2, 22, 3
9, 12, 2, 22, 3
9, 12, 3, 20, 3
9, 12, 3, 20, 3
9, 12, 3, 20, 3
9, 12, 3, 20, 3
9, 12, 3, 21, 3
9, 12, 3, 21, 3
9, 12, 3, 21, 3
9, 12, 3, 21, 3
9, 12, 3, 22, 3
9, 12, 3, 22, 3
9, 12, 3, 22, 3
9, 12, 3, 22, 3
9, 12, 4, 20, 3
9, 12, 4, 20, 3
9, 12, 4, 20, 3
9, 12, 4, 20, 3
9, 12, 4, 21, 3
9, 12, 4, 21, 3
9, 12, 4, 21, 3
9, 12, 4, 21, 3
9, 12, 4, 22, 3
9, 12, 4, 22, 3
9, 12, 4, 22, 3
9, 12, 4, 22, 3
9, 12, 5, 20, 3
9, 12, 5, 20, 3
9, 12, 5, 20, 3
9, 12, 5, 20, 3
9, 12, 5, 21, 3
9, 12, 5, 21, 3
9, 12, 5, 21, 3
9, 12, 5, 21, 3
9, 12, 5, 22, 3
9, 12, 5, 22, 3
9, 12, 5, 22, 3
9, 12, 5, 22, 3
9, 12, 6, 20, 3
9, 12, 6, 20, 3
9, 12, 6, 20, 3
9, 12, 6, 20, 3
9, 12, 6, 21, 3
9, 12, 6, 21, 3
9, 12, 6, 21, 3
9, 12, 6, 21, 3
9, 12, 6, 22, 3
9, 12, 6, 22, 3
9, 12, 6, 22, 3
9, 12, 6, 22, 3
9, 12, 7, 20, 3
9, 12, 7, 20, 3
9, 12, 7, 20, 3
9, 12, 7, 20, 3
9, 12, 7, 21, 3
9, 12, 7, 21, 3
9, 12, 7, 21, 3
9, 12, 7, 21, 3
9, 12, 7, 22, 3
9, 12, 7, 22, 3
9, 12, 7, 22, 3
9, 12, 7, 22, 3
9, 12, 8, 20, 3
9, 12, 8, 20, 3
9, 12, 8, 20, 3
9, 12, 8, 20, 3
9, 12, 8, 21, 3
9, 12, 8, 21, 3
9, 12, 8, 21, 3
9, 12, 8, 21, 3
9, 12, 8, 22, 3
9, 12, 8, 22, 3
9, 12, 8, 22, 3
9, 12, 8, 22, 3
9, 12, 9, 20, 3
9, 12, 9, 20, 3
9, 12, 9, 20, 3
9, 12, 9, 20, 3
9, 12, 9, 21, 3
9, 12, 9, 21, 3
9, 12, 9, 21, 3
9, 12, 9, 21, 3
9, 12, 9, 22, 3
9, 12, 9, 22, 3
9, 12, 9, 22, 3
9, 12, 9, 22, 3
9, 12, 10, 20, 3
9, 12, 10, 20, 3
9, 12, 10, 20, 3
9, 12, 10, 20, 3
9, 12, 10, 21, 3
9, 12, 10, 21, 3
9, 12, 10, 21, 3
9, 12, 10, 21, 3
9, 12, 10, 22, 3
9, 12, 10, 22, 3
9, 12, 10, 22, 3
9, 12, 10, 22, 3
9, 12, 11, 20, 3
9, 12, 11, 20, 3
9, 12, 11, 20, 3
9, 12, 11, 20, 3
9, 12, 11, 21, 3
9, 12, 11, 21, 3
9, 12, 11, 21, 3
9, 12, 11, 21, 3
9, 12, 11, 22, 3
9, 12, 11, 22, 3
9, 12, 11, 22, 3
9, 12, 11, 22, 3
9, 12, 12, 20, 3
9, 12, 12, 20, 3
9, 12, 12, 20, 3
9, 12, 12, 20, 3
9, 12, 12, 21, 3
9, 12, 12, 21, 3
9, 12, 12, 21, 3
9, 12, 12, 21, 3
9, 12, 12, 22, 3
9, 12, 12, 22, 3
9, 12, 12, 22, 3
9, 12, 12, 22, 3
9, 12, 13, 20, 3
9, 12, 13, 20, 3
9, 12, 13, 20, 3
9, 12, 13, 20, 3
9, 12, 13, 21, 3
9, 12, 13, 21, 3
9, 12, 13, 21, 3
9, 12, 13, 21, 3
9, 12, 13, 22, 3
9, 12, 13, 22, 3
9, 12, 13, 22, 3
9, 12, 13, 22, 3
9, 12, 14, 20, 3
9, 12, 14, 20, 3
9, 12, 14, 20, 3
9, 12, 14, 20, 3
9, 12, 14, 21, 3
9, 12, 14, 21, 3
9, 12, 14, 21, 3
9, 12, 14, 21, 3
9, 12, 14, 22, 3
9, 12, 14, 22, 3
9, 12, 14, 22, 3
9, 12, 14, 22, 3
9, 12, 15, 20, 3
9, 12, 15, 20, 3
9, 12, 15, 20, 3
9, 12, 15, 20, 3
9, 12, 15, 21, 3
9, 12, 15, 21, 3
9, 12, 15, 21, 3
9, 12, 15, 21, 3
9, 12, 15, 22, 3
9, 12, 15, 22, 3
9, 12, 15, 22, 3
9, 12, 15, 22, 3
9, 12, 16, 20, 3
9, 12, 16, 20, 3
9, 12, 16, 20, 3
9, 12, 16, 20, 3
9, 12, 16, 21, 3
9, 12, 16, 21, 3
9, 12, 16, 21, 3
9, 12, 16, 21, 3
9, 12, 16, 22, 3
9, 12, 16, 22, 3
9, 12, 16, 22, 3
9, 12, 16, 22, 3
9, 12, 17, 20, 3
9, 12, 17, 20, 3
9, 12, 17, 20, 3
9, 12, 17, 20, 3
9, 12, 17, 21, 3
9, 12, 17, 21, 3
9, 12, 17, 21, 3
9, 12, 17, 21, 3
9, 12, 17, 22, 3
9, 12, 17, 22, 3
9, 12, 17, 22, 3
9, 12, 17, 22, 3
9, 12, 18, 20, 3
9, 12, 18, 20, 3
9, 12, 18, 20, 3
9, 12, 18, 20, 3
9, 12, 18, 21, 3
9, 12, 18, 21, 3
9, 12, 18, 21, 3
9, 12, 18, 21, 3
9, 12, 18, 22, 3
9, 12, 18, 22, 3
9, 12, 18, 22, 3
9, 12, 18, 22, 3
9, 12, 19, 20, 3
9, 12, 19, 20, 3
9, 12, 19, 20, 3
9, 12, 19, 20, 3
9, 12, 19, 21, 3
9, 12, 19, 21, 3
9, 12, 19, 21, 3
9, 12, 19, 21, 3
9, 12, 19, 22, 3
9, 12, 19, 22, 3
9, 12, 19, 22, 3
9, 12, 19, 22, 3
9, 80, 20, 0, 3
9, 80, 20, 0, 3
9, 80, 20, 0, 3
9, 80, 20, 0, 3
9, 80, 20, 1, 3
9, 80, 20, 1, 3
9, 80, 20, 1, 3
9, 80, 20, 1, 3
9, 80, 20, 2, 3
9, 80, 20, 2, 3
9, 80, 20, 2, 3
9, 80, 20, 2, 3
9, 80, 20, 3, 3
9, 80, 20, 3, 3
9, 80, 20, 3, 3
9, 80, 20, 3, 3
9, 80, 20, 4, 3
9, 80, 20, 4, 3
9, 80, 20, 4, 3
9, 80, 20, 4, 3
9, 80, 20, 5, 3
9, 80, 20, 5, 3
9, 80, 20, 5, 3
9, 80, 20, 5, 3
9, 80, 20, 6, 3
9, 80, 20, 6, 3
9, 80, 20, 6, 3
9, 80, 20, 6, 3
9, 80, 20, 7, 3
9, 80, 20, 7, 3
9, 80, 20, 7, 3
9, 80, 20, 7, 3
9, 80, 20, 8, 3
9, 80, 20, 8, 3
9, 80, 20, 8, 3
9, 80, 20, 8, 3
9, 80, 20, 9, 3
9, 80, 20, 9, 3
9, 80, 20, 9, 3
9, 80, 20, 9, 3
9, 80, 20, 10, 3
9, 80, 20, 10, 3
9, 80, 20, 10, 3
9, 80, 20, 10, 3
9, 80, 20, 11, 3
9, 80, 20, 11, 3
9, 80, 20, 11, 3
9, 80, 20, 11, 3
9, 80, 20, 12, 3
9, 80, 20, 12, 3
9, 80, 20, 12, 3
9, 80, 20, 12, 3
9, 80, 20, 13, 3
9, 80, 20, 13, 3
9, 80, 20, 13, 3
9, 80, 20, 13, 3
9, 80, 20, 14, 3
9, 80, 20, 14, 3
9, 80, 20, 14, 3
9, 80, 20, 14, 3
9, 80, 20, 15, 3
9, 80, 20, 15, 3
9, 80, 20, 15, 3
9, 80, 20, 15, 3
9, 80, 20, 16, 3
9, 80, 20, 16, 3
9, 80, 20, 16, 3
9, 80, 20, 16, 3
9, 80, 20, 17, 3
9, 80, 20, 17, 3
9, 80, 20, 17, 3
9, 80, 20, 17, 3
9, 80, 20, 18, 3
9, 80, 20, 18, 3
9, 80, 20, 18, 3
9, 80, 20, 18, 3
9, 80, 20, 19, 3
9, 80, 20, 19, 3
9, 80, 20, 19, 3
9, 80, 20, 19, 3
9, 80, 21, 0, 3
9, 80, 21, 0, 3
9, 80, 21, 0, 3
9, 80, 21, 0, 3
9, 80, 21, 1, 3
9, 80, 21, 1, 3
9, 80, 21, 1, 3
9, 80, 21, 1, 3
9, 80, 21, 2, 3
9, 80, 21, 2, 3
9, 80, 21, 2, 3
9, 80, 21, 2, 3
9, 80, 21, 3, 3
9, 80, 21, 3, 3
9, 80, 21, 3, 3
9, 80, 21, 3, 3
9, 80, 21, 4, 3
9, 80, 21, 4, 3
9, 80, 21, 4, 3
9, 80, 21, 4, 3
9, 80, 21, 5, 3
9, 80, 21, 5, 3
9, 80, 21, 5, 3
9, 80, 21, 5, 3
9, 80, 21, 6, 3
9, 80, 21, 6, 3
9, 80, 21, 6, 3
9, 80, 21, 6, 3
9, 80, 21, 7, 3
9, 80, 21, 7, 3
9, 80, 21, 7, 3
9, 80, 21, 7, 3
9, 80, 21, 8, 3
9, 80, 21, 8, 3
9, 80, 21, 8, 3
9, 80, 21, 8, 3
9, 80, 21, 9, 3
9, 80, 21, 9, 3
9, 80, 21, 9, 3
9, 80, 21, 9, 3
9, 80, 21, 10, 3
9, 80, 21, 10, 3
9, 80, 21, 10, 3
9, 80, 21, 10, 3
9, 80, 21, 11, 3
9, 80, 21, 11, 3
9, 80, 21, 11, 3
9, 80, 21, 11, 3
9, 80, 21, 12, 3
9, 80, 21, 12, 3
9, 80, 21, 12, 3
9, 80, 21, 12, 3
9, 80, 21, 13, 3
9, 80, 21, 13, 3
9, 80, 21, 13, 3
9, 80, 21, 13, 3
9, 80, 21, 14, 3
9, 80, 21, 14, 3
9, 80, 21, 14, 3
9, 80, 21, 14, 3
9, 80, 21, 15, 3
9, 80, 21, 15, 3
9, 80, 21, 15, 3
9, 80, 21, 15, 3
9, 80, 21, 16, 3
9, 80, 21, 16, 3
9, 80, 21, 16, 3
9, 80, 21, 16, 3
9, 80, 21, 17, 3
9, 80, 21, 17, 3
9, 80, 21, 17, 3
9, 80, 21, 17, 3
9, 80, 21, 18, 3
9, 80, 21, 18, 3
9, 80, 21, 18, 3
9, 80, 21, 18, 3
9, 80, 21, 19, 3
9, 80, 21, 19, 3
9, 80, 21, 19, 3
9, 80, 21, 19, 3
9, 80, 22, 0, 3
9, 80, 22, 0, 3
9, 80, 22, 0, 3
9, 80, 22, 0, 3
9, 80, 22, 1, 3
9, 80, 22, 1, 3
9, 80, 22, 1, 3
9, 80, 22, 1, 3
9, 80, 22, 2, 3
9, 80, 22, 2, 3
9, 80, 22, 2, 3
9, 80, 22, 2, 3
9, 80, 22, 3, 3
9, 80, 22, 3, 3
9, 80, 22, 3, 3
9, 80, 22, 3, 3
9, 80, 22, 4, 3
9, 80, 22, 4, 3
9, 80, 22, 4, 3
9, 80, 22, 4, 3
9, 80, 22, 5, 3
9, 80, 22, 5, 3
9, 80, 22, 5, 3
9, 80, 22, 5, 3
9, 80, 22, 6, 3
9, 80, 22, 6, 3
9, 80, 22, 6, 3
9, 80, 22, 6, 3
9, 80, 22, 7, 3
9, 80, 22, 7, 3
9, 80, 22, 7, 3
9, 80, 22, 7, 3
9, 80, 22, 8, 3
9, 80, 22, 8, 3
9, 80, 22, 8, 3
9, 80, 22, 8, 3
9, 80, 22, 9, 3
9, 80, 22, 9, 3
9, 80, 22, 9, 3
9, 80, 22, 9, 3
9, 80, 22, 10, 3
9, 80, 22, 10, 3
9, 80, 22, 10, 3
9, 80, 22, 10, 3
9, 80, 22, 11, 3
9, 80, 22, 11, 3
9, 80, 22, 11, 3
9, 80, 22, 11, 3
9, 80, 22, 12, 3
9, 80, 22, 12, 3
9, 80, 22, 12, 3
9, 80, 22, 12, 3
9, 80, 22, 13, 3
9, 80, 22, 13, 3
9, 80, 22, 13, 3
9, 80, 22, 13, 3
9, 80, 22, 14, 3
9, 80, 22, 14, 3
9, 80, 22, 14, 3
9, 80, 22, 14, 3
9, 80, 22, 15, 3
9, 80, 22, 15, 3
9, 80, 22, 15, 3
9, 80, 22, 15, 3
9, 80, 22, 16, 3
9, 80, 22, 16, 3
9, 80, 22, 16, 3
9, 80, 22, 16, 3
9, 80, 22, 17, 3
9, 80, 22, 17, 3
9, 80, 22, 17, 3
9, 80, 22, 17, 3
9, 80, 22, 18, 3
9, 80, 22, 18, 3
9, 80, 22, 18, 3
9, 80, 22, 18, 3
9, 80, 22, 19, 3
9, 80, 22, 19, 3
9, 80, 22, 19, 3
9, 80, 22, 19, 3
10, 12, 0, 20, 3
10, 12, 0, 20, 3
10, 12, 0, 20, 3
10, 12, 0, 20, 3
10, 12, 0, 21, 3
10, 12, 0, 21, 3
10, 12, 0, 21, 3
10, 12, 0, 21, 3
10, 12, 0, 22, 3
10, 12, 0, 22, 3
10, 12, 0, 22, 3
10, 12, 0, 22, 3
10, 12, 1, 20, 3
10, 12, 1, 20, 3
10, 12, 1, 20, 3
10, 12, 1, 20, 3
10, 12, 1, 21, 3
10, 12, 1, 21, 3
10, 12, 1, 21, 3
10, 12, 1, 21, 3
10, 12, 1, 22, 3
10, 12, 1, 22, 3
10, 12, 1, 22, 3
10, 12, 1, 22, 3
10, 12, 2, 20, 3
10, 12, 2, 20, 3
10, 12, 2, 20, 3
10, 12, 2, 20, 3
10, 12, 2, 21, 3
10, 12, 2, 21, 3
10, 12, 2, 21, 3
10, 12, 2, 21, 3
10, 12, 2, 22, 3
10, 12, 2, 22, 3
10, 12, 2, 22, 3
10, 12, 2, 22, 3
10, 12, 3, 20, 3
10, 12, 3, 20, 3
10, 12, 3, 20, 3
10, 12, 3, 20, 3
10, 12, 3, 21, 3
10, 12, 3, 21, 3
10, 12, 3, 21, 3
10, 12, 3, 21, 3
10, 12, 3, 22, 3
10, 12, 3, 22, 3
10, 12, 3, 22, 3
10, 12, 3, 22, 3
10, 12, 4, 20, 3
10, 12, 4, 20, 3
10, 12, 4, 20, 3
10, 12, 4, 20, 3
10, 12, 4, 21, 3
10, 12, 4, 21, 3
10, 12, 4, 21, 3
10, 12, 4, 21, 3
10, 12, 4, 22, 3
10, 12, 4, 22, 3
10, 12, 4, 22, 3
10, 12, 4, 22, 3
10, 12, 5, 20, 3
10, 12, 5, 20, 3
10, 12, 5, 20, 3
10, 12, 5, 20, 3
10, 12, 5, 21, 3
10, 12, 5, 21, 3
10, 12, 5, 21, 3
10, 12, 5, 21, 3
10, 12, 5, 22, 3
10, 12, 5, 22, 3
10, 12, 5, 22, 3
10, 12, 5, 22, 3
10, 12, 6, 20, 3
10, 12, 6, 20, 3
10, 12, 6, 20, 3
10, 12, 6, 20, 3
10, 12, 6, 21, 3
10, 12, 6, 21, 3
10, 12, 6, 21, 3
10, 12, 6, 21, 3
10, 12, 6, 22, 3
10, 12, 6, 22, 3
10, 12, 6, 22, 3
10, 12, 6, 22, 3
10, 12, 7, 20, 3
10, 12, 7, 20, 3
10, 12, 7, 20, 3
10, 12, 7, 20, 3
10, 12, 7, 21, 3
10, 12, 7, 21, 3
10, 12, 7, 21, 3
10, 12, 7, 21, 3
10, 12, 7, 22, 3
10, 12, 7, 22, 3
10, 12, 7, 22, 3
10, 12, 7, 22, 3
10, 12, 8, 20, 3
10, 12, 8, 20, 3
10, 12, 8, 20, 3
10, 12, 8, 20, 3
10, 12, 8, 21, 3
10, 12, 8, 21, 3
10, 12, 8, 21, 3
10, 12, 8, 21, 3
10, 12, 8, 22, 3
10, 12, 8, 22, 3
10, 12, 8, 22, 3
10, 12, 8, 22, 3
10, 12, 9, 20, 3
10, 12, 9, 20, 3
10, 12, 9, 20, 3
10, 12, 9, 20, 3
10, 12, 9, 21, 3
10, 12, 9, 21, 3
10, 12, 9, 21, 3
10, 12, 9, 21, 3
10, 12, 9, 22, 3
10, 12, 9, 22, 3
10, 12, 9, 22, 3
10, 12, 9, 22, 3
10, 12, 10, 20, 3
10, 12, 10, 20, 3
10, 12, 10, 20, 3
10, 12, 10, 20, 3
10, 12, 10, 21, 3
10, 12, 10, 21, 3
10, 12, 10, 21, 3
10, 12, 10, 21, 3
10, 12, 10, 22, 3
10, 12, 10, 22, 3
10, 12, 10, 22, 3
10, 12, 10, 22, 3
10, 12, 11, 20, 3
10, 12, 11, 20, 3
10, 12, 11, 20, 3
10, 12, 11, 20, 3
10, 12, 11, 21, 3
10, 12, 11, 21, 3
10, 12, 11, 21, 3
10, 12, 11, 21, 3
10, 12, 11, 22, 3
10, 12, 11, 22, 3
10, 12, 11, 22, 3
10, 12, 11, 22, 3
10, 12, 12, 20, 3
10, 12, 12, 20, 3
10, 12, 12, 20, 3
10, 12, 12, 20, 3
10, 12, 12, 21, 3
10, 12, 12, 21, 3
10, 12, 12, 21, 3
10, 12, 12, 21, 3
10, 12, 12, 22, 3
10, 12, 12, 22, 3
10, 12, 12, 22, 3
10, 12, 12, 22, 3
10, 12, 13, 20, 3
10, 12, 13, 20, 3
10, 12, 13, 20, 3
10, 12, 13, 20, 3
10, 12, 13, 21, 3
10, 12, 13, 21, 3
10, 12, 13, 21, 3
10, 12, 13, 21, 3
10, 12, 13, 22, 3
10, 12, 13, 22, 3
10, 12, 13, 22, 3
10, 12, 13, 22, 3
10, 12, 14, 20, 3
10, 12, 14, 20, 3
10, 12, 14, 20, 3
10, 12, 14, 20, 3
10, 12, 14, 21, 3
10, 12, 14, 21, 3
10, 12, 14, 21, 3
10, 12, 14, 21, 3
10, 12, 14, 22, 3
10, 12, 14, 22, 3
10, 12, 14, 22, 3
10, 12, 14, 22, 3
10, 12, 15, 20, 3
10, 12, 15, 20, 3
10, 12, 15, 20, 3
10, 12, 15, 20, 3
10, 12, 15, 21, 3
10, 12, 15, 21, 3
10, 12, 15, 21, 3
10, 12, 15, 21, 3
10, 12, 15, 22, 3
10, 12, 15, 22, 3
10, 12, 15, 22, 3
10, 12, 15, 22, 3
10, 12, 16, 20, 3
10, 12, 16, 20, 3
10, 12, 16, 20, 3
10, 12, 16, 20, 3
10, 12, 16, 21, 3
10, 12, 16, 21, 3
10, 12, 16, 21, 3
10, 12, 16, 21, 3
10, 12, 16, 22, 3
10, 12, 16, 22, 3
10, 12, 16, 22, 3
10, 12, 16, 22, 3
10, 12, 17, 20, 3
10, 12, 17, 20, 3
10, 12, 17, 20, 3
10, 12, 17, 20, 3
10, 12, 17, 21, 3
10, 12, 17, 21, 3
10, 12, 17, 21, 3
10, 12, 17, 21, 3
10, 12, 17, 22, 3
10, 12, 17, 22, 3
10, 12, 17, 22, 3
10, 12, 17, 22, 3
10, 12, 18, 20, 3
10, 12, 18, 20, 3
10, 12, 18, 20, 3
10, 12, 18, 20, 3
10, 12, 18, 21, 3
10, 12, 18, 21, 3
10, 12, 18, 21, 3
10, 12, 18, 21, 3
10, 12, 18, 22, 3
10, 12, 18, 22, 3
10, 12, 18, 22, 3
10, 12, 18, 22, 3
10, 12, 19, 20, 3
10, 12, 19, 20, 3
10, 12, 19, 20, 3
10, 12, 19, 20, 3
10, 12, 19, 21, 3
10, 12, 19, 21, 3
10, 12, 19, 21, 3
10, 12, 19, 21, 3
10, 12, 19, 22, 3
10, 12, 19, 22, 3
10, 12, 19, 22, 3
10, 12, 19, 22, 3
10, 80, 20, 0, 3
10, 80, 20, 0, 3
10, 80, 20, 0, 3
10, 80, 20, 0, 3
10, 80, 20, 1, 3
10, 80, 20, 1, 3
10, 80, 20, 1, 3
10, 80, 20, 1, 3
10, 80, 20, 2, 3
10, 80, 20, 2, 3
10, 80, 20, 2, 3
10, 80, 20, 2, 3
10, 80, 20, 3, 3
10, 80, 20, 3, 3
10, 80, 20, 3, 3
10, 80, 20, 3, 3
10, 80, 20, 4, 3
10, 80, 20, 4, 3
10, 80, 20, 4, 3
10, 80, 20, 4, 3
10, 80, 20, 5, 3
10, 80, 20, 5, 3
10, 80, 20, 5, 3
10, 80, 20, 5, 3
10, 80, 20, 6, 3
10, 80, 20, 6, 3
10, 80, 20, 6, 3
10, 80, 20, 6, 3
10, 80, 20, 7, 3
10, 80, 20, 7, 3
10, 80, 20, 7, 3
10, 80, 20, 7, 3
10, 80, 20, 8, 3
10, 80, 20, 8, 3
10, 80, 20, 8, 3
10, 80, 20, 8, 3
10, 80, 20, 9, 3
10, 80, 20, 9, 3
10, 80, 20, 9, 3
10, 80, 20, 9, 3
10, 80, 20, 10, 3
10, 80, 20, 10, 3
10, 80, 20, 10, 3
10, 80, 20, 10, 3
10, 80, 20, 11, 3
10, 80, 20, 11, 3
10, 80, 20, 11, 3
10, 80, 20, 11, 3
10, 80, 20, 12, 3
10, 80, 20, 12, 3
10, 80, 20, 12, 3
10, 80, 20, 12, 3
10, 80, 20, 13, 3
10, 80, 20, 13, 3
10, 80, 20, 13, 3
10, 80, 20, 13, 3
10, 80, 20, 14, 3
10, 80, 20, 14, 3
10, 80, 20, 14, 3
10, 80, 20, 14, 3
10, 80, 20, 15, 3
10, 80, 20, 15, 3
10, 80, 20, 15, 3
10, 80, 20, 15, 3
10, 80, 20, 16, 3
10, 80, 20, 16, 3
10, 80, 20, 16, 3
10, 80, 20, 16, 3
10, 80, 20, 17, 3
10, 80, 20, 17, 3
10, 80, 20, 17, 3
10, 80, 20, 17, 3
10, 80, 20, 18, 3
10, 80, 20, 18, 3
10, 80, 20, 18, 3
10, 80, 20, 18, 3
10, 80, 20, 19, 3
10, 80, 20, 19, 3
10, 80, 20, 19, 3
10, 80, 20, 19, 3
10, 80, 21, 0, 3
10, 80, 21, 0, 3
10, 80, 21, 0, 3
10, 80, 21, 0, 3
10, 80, 21, 1, 3
10, 80, 21, 1, 3
10, 80, 21, 1, 3
10, 80, 21, 1, 3
10, 80, 21, 2, 3
10, 80, 21, 2, 3
10, 80, 21, 2, 3
10, 80, 21, 2, 3
10, 80, 21, 3, 3
10, 80, 21, 3, 3
10, 80, 21, 3, 3
10, 80, 21, 3, 3
10, 80, 21, 4, 3
10, 80, 21, 4, 3
10, 80, 21, 4, 3
10, 80, 21, 4, 3
10, 80, 21, 5, 3
10, 80, 21, 5, 3
10, 80, 21, 5, 3
10, 80, 21, 5, 3
10, 80, 21, 6, 3
10, 80, 21, 6, 3
10, 80, 21, 6, 3
10, 80, 21, 6, 3
10, 80, 21, 7, 3
10, 80, 21, 7, 3
10, 80, 21, 7, 3
10, 80, 21, 7, 3
10, 80, 21, 8, 3
10, 80, 21, 8, 3
10, 80, 21, 8, 3
10, 80, 21, 8, 3
10, 80, 21, 9, 3
10, 80, 21, 9, 3
10, 80, 21, 9, 3
10, 80, 21, 9, 3
10, 80, 21, 10, 3
10, 80, 21, 10, 3
10, 80, 21, 10, 3
10, 80, 21, 10, 3
10, 80, 21, 11, 3
10, 80, 21, 11, 3
10, 80, 21, 11, 3
10, 80, 21, 11, 3
10, 80, 21, 12, 3
10, 80, 21, 12, 3
10, 80, 21, 12, 3
10, 80, 21, 12, 3
10, 80, 21, 13, 3
10, 80, 21, 13, 3
10, 80, 21, 13, 3
10, 80, 21, 13, 3
10, 80, 21, 14, 3
10, 80, 21, 14, 3
10, 80, 21, 14, 3
10, 80, 21, 14, 3
10, 80, 21, 15, 3
10, 80, 21, 15, 3
10, 80, 21, 15, 3
10, 80, 21, 15, 3
10, 80, 21, 16, 3
10, 80, 21, 16, 3
10, 80, 21, 16, 3
10, 80, 21, 16, 3
10, 80, 21, 17, 3
10, 80, 21, 17, 3
10, 80, 21, 17, 3
10, 80, 21, 17, 3
10, 80, 21, 18, 3
10, 80, 21, 18, 3
10, 80, 21, 18, 3
10, 80, 21, 18, 3
10, 80, 21, 19, 3
10, 80, 21, 19, 3
10, 80, 21, 19, 3
10, 80, 21, 19, 3
10, 80, 22, 0, 3
10, 80, 22, 0, 3
10, 80, 22, 0, 3
10, 80, 22, 0, 3
10, 80, 22, 1, 3
10, 80, 22, 1, 3
10, 80, 22, 1, 3
10, 80, 22, 1, 3
10, 80, 22, 2, 3
10, 80, 22, 2, 3
10, 80, 22, 2, 3
10, 80, 22, 2, 3
10, 80, 22, 3, 3
10, 80, 22, 3, 3
10, 80, 22, 3, 3
10, 80, 22, 3, 3
10, 80, 22, 4, 3
10, 80, 22, 4, 3
10, 80, 22, 4, 3
10, 80, 22, 4, 3
10, 80, 22, 5, 3
10, 80, 22, 5, 3
10, 80, 22, 5, 3
10, 80, 22, 5, 3
10, 80, 22, 6, 3
10, 80, 22, 6, 3
10, 80, 22, 6, 3
10, 80, 22, 6, 3
10, 80, 22, 7, 3
10, 80, 22, 7, 3
10, 80, 22, 7, 3
10, 80, 22, 7, 3
10, 80, 22, 8, 3
10, 80, 22, 8, 3
10, 80, 22, 8, 3
10, 80, 22, 8, 3
10, 80, 22, 9, 3
10, 80, 22, 9, 3
10, 80, 22, 9, 3
10, 80, 22, 9, 3
10, 80, 22, 10, 3
10, 80, 22, 10, 3
10, 80, 22, 10, 3
10, 80, 22, 10, 3
10, 80, 22, 11, 3
10, 80, 22, 11, 3
10, 80, 22, 11, 3
10, 80, 22, 11, 3
10, 80, 22, 12, 3
10, 80, 22, 12, 3
10, 80, 22, 12, 3
10, 80, 22, 12, 3
10, 80, 22, 13, 3
10, 80, 22, 13, 3
10, 80, 22, 13, 3
10, 80, 22, 13, 3
10, 80, 22, 14, 3
10, 80, 22, 14, 3
10, 80, 22, 14, 3
10, 80, 22, 14, 3
10, 80, 22, 15, 3
10, 80, 22, 15, 3
10, 80, 22, 15, 3
10, 80, 22, 15, 3
10, 80, 22, 16, 3
10, 80, 22, 16, 3
10, 80, 22, 16, 3
10, 80, 22, 16, 3
10, 80, 22, 17, 3
10, 80, 22, 17, 3
10, 80, 22, 17, 3
10, 80, 22, 17, 3
10, 80, 22, 18, 3
10, 80, 22, 18, 3
10, 80, 22, 18, 3
10, 80, 22, 18, 3
10, 80, 22, 19, 3
10, 80, 22, 19, 3
10, 80, 22, 19, 3
10, 80, 22, 19, 3
11, 12, 0, 20, 3
11, 12, 0, 20, 3
11, 12, 0, 20, 3
11, 12, 0, 20, 3
11, 12, 0, 21, 3
11, 12, 0, 21, 3
11, 12, 0, 21, 3
11, 12, 0, 21, 3
11, 12, 0, 22, 3
11, 12, 0, 22, 3
11, 12, 0, 22, 3
11, 12, 0, 22, 3
11, 12, 1, 20, 3
11, 12, 1, 20, 3
11, 12, 1, 20, 3
11, 12, 1, 20, 3
11, 12, 1, 21, 3
11, 12, 1, 21, 3
11, 12, 1, 21, 3
11, 12, 1, 21, 3
11, 12, 1, 22, 3
11, 12, 1, 22, 3
11, 12, 1, 22, 3
11, 12, 1, 22, 3
11, 12, 2, 20, 3
11, 12, 2, 20, 3
11, 12, 2, 20, 3
11, 12, 2, 20, 3
11, 12, 2, 21, 3
11, 12, 2, 21, 3
11, 12, 2, 21, 3
11, 12, 2, 21, 3
11, 12, 2, 22, 3
11, 12, 2, 22, 3
11, 12, 2, 22, 3
11, 12, 2, 22, 3
11, 12, 3, 20, 3
11, 12, 3, 20, 3
11, 12, 3, 20, 3
11, 12, 3, 20, 3
11, 12, 3, 21, 3
11, 12, 3, 21, 3
11, 12, 3, 21, 3
11, 12, 3, 21, 3
11, 12, 3, 22, 3
11, 12, 3, 22, 3
11, 12, 3, 22, 3
11, 12, 3, 22, 3
11, 12, 4, 20, 3
11, 12, 4, 20, 3
11, 12, 4, 20, 3
11, 12, 4, 20, 3
11, 12, 4, 21, 3
11, 12, 4, 21, 3
11, 12, 4, 21, 3
11, 12, 4, 21, 3
11, 12, 4, 22, 3
11, 12, 4, 22, 3
11, 12, 4, 22, 3
11, 12, 4, 22, 3
11, 12, 5, 20, 3
11, 12, 5, 20, 3
11, 12, 5, 20, 3
11, 12, 5, 20, 3
11, 12, 5, 21, 3
11, 12, 5, 21, 3
11, 12, 5, 21, 3
11, 12, 5, 21, 3
11, 12, 5, 22, 3
11, 12, 5, 22, 3
11, 12, 5, 22, 3
11, 12, 5, 22, 3
11, 12, 6, 20, 3
11, 12, 6, 20, 3
11, 12, 6, 20, 3
11, 12, 6, 20, 3
11, 12, 6, 21, 3
11, 12, 6, 21, 3
11, 12, 6, 21, 3
11, 12, 6, 21, 3
11, 12, 6, 22, 3
11, 12, 6, 22, 3
11, 12, 6, 22, 3
11, 12, 6, 22, 3
11, 12, 7, 20, 3
11, 12, 7, 20, 3
11, 12, 7, 20, 3
11, 12, 7, 20, 3
11, 12, 7, 21, 3
11, 12, 7, 21, 3
11, 12, 7, 21, 3
11, 12, 7, 21, 3
11, 12, 7, 22, 3
11, 12, 7, 22, 3
11, 12, 7, 22, 3
11, 12, 7, 22, 3
11, 12, 8, 20, 3
11, 12, 8, 20, 3
11, 12, 8, 20, 3
11, 12, 8, 20, 3
11, 12, 8, 21, 3
11, 12, 8, 21, 3
11, 12, 8, 21, 3
11, 12, 8, 21, 3
11, 12, 8, 22, 3
11, 12, 8, 22, 3
11, 12, 8, 22, 3
11, 12, 8, 22, 3
11, 12, 9, 20, 3
11, 12, 9, 20, 3
11, 12, 9, 20, 3
11, 12, 9, 20, 3
11, 12, 9, 21, 3
11, 12, 9, 21, 3
11, 12, 9, 21, 3
11, 12, 9, 21, 3
11, 12, 9, 22, 3
11, 12, 9, 22, 3
11, 12, 9, 22, 3
11, 12, 9, 22, 3
11, 12, 10, 20, 3
11, 12, 10, 20, 3
11, 12, 10, 20, 3
11, 12, 10, 20, 3
11, 12, 10, 21, 3
11, 12, 10, 21, 3
11, 12, 10, 21, 3
11, 12, 10, 21, 3
11, 12, 10, 22, 3
11, 12, 10, 22, 3
11, 12, 10, 22, 3
11, 12, 10, 22, 3
11, 12, 11, 20, 3
11, 12, 11, 20, 3
11, 12, 11, 20, 3
11, 12, 11, 20, 3
11, 12, 11, 21, 3
11, 12, 11, 21, 3
11, 12, 11, 21, 3
11, 12, 11, 21, 3
11, 12, 11, 22, 3
11, 12, 11, 22, 3
11, 12, 11, 22, 3
11, 12, 11, 22, 3
11, 12, 12, 20, 3
11, 12, 12, 20, 3
11, 12, 12, 20, 3
11, 12, 12, 20, 3
11, 12, 12, 21, 3
11, 12, 12, 21, 3
11, 12, 12, 21, 3
11, 12, 12, 21, 3
11, 12, 12, 22, 3
11, 12, 12, 22, 3
11, 12, 12, 22, 3
11, 12, 12, 22, 3
11, 12, 13, 20, 3
11, 12, 13, 20, 3
11, 12, 13, 20, 3
11, 12, 13, 20, 3
11, 12, 13, 21, 3
11, 12, 13, 21, 3
11, 12, 13, 21, 3
11, 12, 13, 21, 3
11, 12, 13, 22, 3
11, 12, 13, 22, 3
11, 12, 13, 22, 3
11, 12, 13, 22, 3
11, 12, 14, 20, 3
11, 12, 14, 20, 3
11, 12, 14, 20, 3
11, 12, 14, 20, 3
11, 12, 14, 21, 3
11, 12, 14, 21, 3
11, 12, 14, 21, 3
11, 12, 14, 21, 3
11, 12, 14, 22, 3
11, 12, 14, 22, 3
11, 12, 14, 22, 3
11, 12, 14, 22, 3
11, 12, 15, 20, 3
11, 12, 15, 20, 3
11, 12, 15, 20, 3
11, 12, 15, 20, 3
11, 12, 15, 21, 3
11, 12, 15, 21, 3
11, 12, 15, 21, 3
11, 12, 15, 21, 3
11, 12, 15, 22, 3
11, 12, 15, 22, 3
11, 12, 15, 22, 3
11, 12, 15, 22, 3
11, 12, 16, 20, 3
11, 12, 16, 20, 3
11, 12, 16, 20, 3
11, 12, 16, 20, 3
11, 12, 16, 21, 3
11, 12, 16, 21, 3
11, 12, 16, 21, 3
11, 12, 16, 21, 3
11, 12, 16, 22, 3
11, 12, 16, 22, 3
11, 12, 16, 22, 3
11, 12, 16, 22, 3
11, 12, 17, 20, 3
11, 12, 17, 20, 3
11, 12, 17, 20, 3
11, 12, 17, 20, 3
11, 12, 17, 21, 3
11, 12, 17, 21, 3
11, 12, 17, 21, 3
11, 12, 17, 21, 3
11, 12, 17, 22, 3
11, 12, 17, 22, 3
11, 12, 17, 22, 3
11, 12, 17, 22, 3
11, 12, 18, 20, 3
11, 12, 18, 20, 3
11, 12, 18, 20, 3
11, 12, 18, 20, 3
11, 12, 18, 21, 3
11, 12, 18, 21, 3
11, 12, 18, 21, 3
11, 12, 18, 21, 3
11, 12, 18, 22, 3
11, 12, 18, 22, 3
11, 12, 18, 22, 3
11, 12, 18, 22, 3
11, 12, 19, 20, 3
11, 12, 19, 20, 3
11, 12, 19, 20, 3
11, 12, 19, 20, 3
11, 12, 19, 21, 3
11, 12, 19, 21, 3
11, 12, 19, 21, 3
11, 12, 19, 21, 3
11, 12, 19, 22, 3
11, 12, 19, 22, 3
11, 12, 19, 22, 3
11, 12, 19, 22, 3
11, 80, 20, 0, 3
11, 80, 20, 0, 3
11, 80, 20, 0, 3
11, 80, 20, 0, 3
11, 80, 20, 1, 3
11, 80, 20, 1, 3
11, 80, 20, 1, 3
11, 80, 20, 1, 3
11, 80, 20, 2, 3
11, 80, 20, 2, 3
11, 80, 20, 2, 3
11, 80, 20, 2, 3
11, 80, 20, 3, 3
11, 80, 20, 3, 3
11, 80, 20, 3, 3
11, 80, 20, 3, 3
11, 80, 20, 4, 3
11, 80, 20, 4, 3
11, 80, 20, 4, 3
11, 80, 20, 4, 3
11, 80, 20, 5, 3
11, 80, 20, 5, 3
11, 80, 20, 5, 3
11, 80, 20, 5, 3
11, 80, 20, 6, 3
11, 80, 20, 6, 3
11, 80, 20, 6, 3
11, 80, 20, 6, 3
11, 80, 20, 7, 3
11, 80, 20, 7, 3
11, 80, 20, 7, 3
11, 80, 20, 7, 3
11, 80, 20, 8, 3
11, 80, 20, 8, 3
11, 80, 20, 8, 3
11, 80, 20, 8, 3
11, 80, 20, 9, 3
11, 80, 20, 9, 3
11, 80, 20, 9, 3
11, 80, 20, 9, 3
11, 80, 20, 10, 3
11, 80, 20, 10, 3
11, 80, 20, 10, 3
11, 80, 20, 10, 3
11, 80, 20, 11, 3
11, 80, 20, 11, 3
11, 80, 20, 11, 3
11, 80, 20, 11, 3
11, 80, 20, 12, 3
11, 80, 20, 12, 3
11, 80, 20, 12, 3
11, 80, 20, 12, 3
11, 80, 20, 13, 3
11, 80, 20, 13, 3
11, 80, 20, 13, 3
11, 80, 20, 13, 3
11, 80, 20, 14, 3
11, 80, 20, 14, 3
11, 80, 20, 14, 3
11, 80, 20, 14, 3
11, 80, 20, 15, 3
11, 80, 20, 15, 3
11, 80, 20, 15, 3
11, 80, 20, 15, 3
11, 80, 20, 16, 3
11, 80, 20, 16, 3
11, 80, 20, 16, 3
11, 80, 20, 16, 3
11, 80, 20, 17, 3
11, 80, 20, 17, 3
11, 80, 20, 17, 3
11, 80, 20, 17, 3
11, 80, 20, 18, 3
11, 80, 20, 18, 3
11, 80, 20, 18, 3
11, 80, 20, 18, 3
11, 80, 20, 19, 3
11, 80, 20, 19, 3
11, 80, 20, 19, 3
11, 80, 20, 19, 3
11, 80, 21, 0, 3
11, 80, 21, 0, 3
11, 80, 21, 0, 3
11, 80, 21, 0, 3
11, 80, 21, 1, 3
11, 80, 21, 1, 3
11, 80, 21, 1, 3
11, 80, 21, 1, 3
11, 80, 21, 2, 3
11, 80, 21, 2, 3
11, 80, 21, 2, 3
11, 80, 21, 2, 3
11, 80, 21, 3, 3
11, 80, 21, 3, 3
11, 80, 21, 3, 3
11, 80, 21, 3, 3
11, 80, 21, 4, 3
11, 80, 21, 4, 3
11, 80, 21, 4, 3
11, 80, 21, 4, 3
11, 80, 21, 5, 3
11, 80, 21, 5, 3
11, 80, 21, 5, 3
11, 80, 21, 5, 3
11, 80, 21, 6, 3
11, 80, 21, 6, 3
11, 80, 21, 6, 3
11, 80, 21, 6, 3
11, 80, 21, 7, 3
11, 80, 21, 7, 3
11, 80, 21, 7, 3
11, 80, 21, 7, 3
11, 80, 21, 8, 3
11, 80, 21, 8, 3
11, 80, 21, 8, 3
11, 80, 21, 8, 3
11, 80, 21, 9, 3
11, 80, 21, 9, 3
11, 80, 21, 9, 3
11, 80, 21, 9, 3
11, 80, 21, 10, 3
11, 80, 21, 10, 3
11, 80, 21, 10, 3
11, 80, 21, 10, 3
11, 80, 21, 11, 3
11, 80, 21, 11, 3
11, 80, 21, 11, 3
11, 80, 21, 11, 3
11, 80, 21, 12, 3
11, 80, 21, 12, 3
11, 80, 21, 12, 3
11, 80, 21, 12, 3
11, 80, 21, 13, 3
11, 80, 21, 13, 3
11, 80, 21, 13, 3
11, 80, 21, 13, 3
11, 80, 21, 14, 3
11, 80, 21, 14, 3
11, 80, 21, 14, 3
11, 80, 21, 14, 3
11, 80, 21, 15, 3
11, 80, 21, 15, 3
11, 80, 21, 15, 3
11, 80, 21, 15, 3
11, 80, 21, 16, 3
11, 80, 21, 16, 3
11, 80, 21, 16, 3
11, 80, 21, 16, 3
11, 80, 21, 17, 3
11, 80, 21, 17, 3
11, 80, 21, 17, 3
11, 80, 21, 17, 3
11, 80, 21, 18, 3
11, 80, 21, 18, 3
11, 80, 21, 18, 3
11, 80, 21, 18, 3
11, 80, 21, 19, 3
11, 80, 21, 19, 3
11, 80, 21, 19, 3
11, 80, 21, 19, 3
11, 80, 22, 0, 3
11, 80, 22, 0, 3
11, 80, 22, 0, 3
11, 80, 22, 0, 3
11, 80, 22, 1, 3
11, 80, 22, 1, 3
11, 80, 22, 1, 3
11, 80, 22, 1, 3
11, 80, 22, 2, 3
11, 80, 22, 2, 3
11, 80, 22, 2, 3
11, 80, 22, 2, 3
11, 80, 22, 3, 3
11, 80, 22, 3, 3
11, 80, 22, 3, 3
11, 80, 22, 3, 3
11, 80, 22, 4, 3
11, 80, 22, 4, 3
11, 80, 22, 4, 3
11, 80, 22, 4, 3
11, 80, 22, 5, 3
11, 80, 22, 5, 3
11, 80, 22, 5, 3
11, 80, 22, 5, 3
11, 80, 22, 6, 3
11, 80, 22, 6, 3
11, 80, 22, 6, 3
11, 80, 22, 6, 3
11, 80, 22, 7, 3
11, 80, 22, 7, 3
11, 80, 22, 7, 3
11, 80, 22, 7, 3
11, 80, 22, 8, 3
11, 80, 22, 8, 3
11, 80, 22, 8, 3
11, 80, 22, 8, 3
11, 80, 22, 9, 3
11, 80, 22, 9, 3
11, 80, 22, 9, 3
11, 80, 22, 9, 3
11, 80, 22, 10, 3
11, 80, 22, 10, 3
11, 80, 22, 10, 3
11, 80, 22, 10, 3
11, 80, 22, 11, 3
11, 80, 22, 11, 3
11, 80, 22, 11, 3
11, 80, 22, 11, 3
11, 80, 22, 12, 3
11, 80, 22, 12, 3
11, 80, 22, 12, 3
11, 80, 22, 12, 3
11, 80, 22, 13, 3
11, 80, 22, 13, 3
11, 80, 22, 13, 3
11, 80, 22, 13, 3
11, 80, 22, 14, 3
11, 80, 22, 14, 3
11, 80, 22, 14, 3
11, 80, 22, 14, 3
11, 80, 22, 15, 3
11, 80, 22, 15, 3
11, 80, 22, 15, 3
11, 80, 22, 15, 3
11, 80, 22, 16, 3
11, 80, 22, 16, 3
11, 80, 22, 16, 3
11, 80, 22, 16, 3
11, 80, 22, 17, 3
11, 80, 22, 17, 3
11, 80, 22, 17, 3
11, 80, 22, 17, 3
11, 80, 22, 18, 3
11, 80, 22, 18, 3
11, 80, 22, 18, 3
11, 80, 22, 18, 3
11, 80, 22, 19, 3
11, 80, 22, 19, 3
11, 80, 22, 19, 3
11, 80, 22, 19, 3
Goal
6
7
8
9
10
11
