CG
105
0, 51, -1, 12
0, 51, -1, 12
0, 51, -1, 12
0, 51, -1, 12
0, 51, -1, 5
0, 51, -1, 5
0, 51, -1, 5
0, 51, 78, 12
0, 51, 95, 12
0, 51, 80, 12
0, 51, 34, 5
0, 51, 39, 5
0, 51, 44, 5
0, 51, -1, 12
0, 51, -1, 12
0, 51, 81, 12
0, 51, 82, 12
0, 51, -1, 12
0, 51, 96, 12
0, 51, 97, 12
0, 51, -1, 12
0, 51, 83, 12
0, 51, 84, 12
0, 51, 35, 5
0, 51, -1, 5
0, 51, 36, 5
0, 51, 37, 5
0, 51, 40, 5
0, 51, -1, 5
0, 51, 41, 5
0, 51, 42, 5
0, 51, 45, 5
0, 51, -1, 5
0, 51, 46, 5
0, 51, 47, 5
0, 51, 85, 12
0, 51, 77, 12
0, 51, 103, 12
0, 51, 79, 12
0, 51, 31, 5
0, 51, 32, 5
0, 51, 33, 5
0, 51, 86, 12
0, 51, 98, 12
0, 51, 89, 12
0, 51, 24, 5
0, 51, 25, 5
0, 51, 26, 5
0, 51, 87, 12
0, 51, 99, 12
0, 51, 90, 12
0, 51, 91, 12
0, 51, 88, 12
0, 51, 100, 12
0, 51, 94, 12
0, 51, 70, 12
0, 51, 102, 12
0, 51, 67, 12
0, 51, 68, 12
0, 51, -1, 5
0, 51, -1, 5
0, 51, -1, 5
0, 51, 38, 5
0, 51, 43, 5
0, 51, 48, 5
0, 51, 14, 1
0, 51, 15, 1
0, 51, 16, 1
1, 51, -1, 12
1, 51, -1, 12
1, 51, -1, 12
1, 51, -1, 12
1, 51, -1, 5
1, 51, -1, 5
1, 51, -1, 5
1, 51, 78, 12
1, 51, 95, 12
1, 51, 80, 12
1, 51, 34, 5
1, 51, 39, 5
1, 51, 44, 5
1, 51, -1, 12
1, 51, -1, 12
1, 51, 81, 12
1, 51, 82, 12
1, 51, -1, 12
1, 51, 96, 12
1, 51, 97, 12
1, 51, -1, 12
1, 51, 83, 12
1, 51, 84, 12
1, 51, 35, 5
1, 51, -1, 5
1, 51, 36, 5
1, 51, 37, 5
1, 51, 40, 5
1, 51, -1, 5
1, 51, 41, 5
1, 51, 42, 5
1, 51, 45, 5
1, 51, -1, 5
1, 51, 46, 5
1, 51, 47, 5
1, 51, 85, 12
1, 51, 77, 12
1, 51, 103, 12
1, 51, 79, 12
1, 51, 31, 5
1, 51, 32, 5
1, 51, 33, 5
1, 51, 86, 12
1, 51, 98, 12
1, 51, 89, 12
1, 51, 24, 5
1, 51, 25, 5
1, 51, 26, 5
1, 51, 87, 12
1, 51, 99, 12
1, 51, 90, 12
1, 51, 91, 12
1, 51, 88, 12
1, 51, 100, 12
1, 51, 94, 12
1, 51, 70, 12
1, 51, 102, 12
1, 51, 67, 12
1, 51, 68, 12
1, 51, -1, 5
1, 51, -1, 5
1, 51, -1, 5
1, 51, 38, 5
1, 51, 43, 5
1, 51, 48, 5
1, 51, 14, 1
1, 51, 15, 1
1, 51, 16, 1
2, 51, -1, 12
2, 51, -1, 12
2, 51, -1, 12
2, 51, -1, 12
2, 51, -1, 5
2, 51, -1, 5
2, 51, -1, 5
2, 51, 78, 12
2, 51, 95, 12
2, 51, 80, 12
2, 51, 34, 5
2, 51, 39, 5
2, 51, 44, 5
2, 51, -1, 12
2, 51, -1, 12
2, 51, 81, 12
2, 51, 82, 12
2, 51, -1, 12
2, 51, 96, 12
2, 51, 97, 12
2, 51, -1, 12
2, 51, 83, 12
2, 51, 84, 12
2, 51, 35, 5
2, 51, -1, 5
2, 51, 36, 5
2, 51, 37, 5
2, 51, 40, 5
2, 51, -1, 5
2, 51, 41, 5
2, 51, 42, 5
2, 51, 45, 5
2, 51, -1, 5
2, 51, 46, 5
2, 51, 47, 5
2, 51, 85, 12
2, 51, 77, 12
2, 51, 103, 12
2, 51, 79, 12
2, 51, 31, 5
2, 51, 32, 5
2, 51, 33, 5
2, 51, 86, 12
2, 51, 98, 12
2, 51, 89, 12
2, 51, 24, 5
2, 51, 25, 5
2, 51, 26, 5
2, 51, 87, 12
2, 51, 99, 12
2, 51, 90, 12
2, 51, 91, 12
2, 51, 88, 12
2, 51, 100, 12
2, 51, 94, 12
2, 51, 70, 12
2, 51, 102, 12
2, 51, 67, 12
2, 51, 68, 12
2, 51, -1, 5
2, 51, -1, 5
2, 51, -1, 5
2, 51, 38, 5
2, 51, 43, 5
2, 51, 48, 5
2, 51, 14, 1
2, 51, 15, 1
2, 51, 16, 1
3, 50, -1, 12
3, 50, -1, 12
3, 50, -1, 12
3, 50, -1, 12
3, 50, -1, 5
3, 50, -1, 5
3, 50, -1, 5
3, 50, 78, 12
3, 50, 95, 12
3, 50, 80, 12
3, 50, 34, 5
3, 50, 39, 5
3, 50, 44, 5
3, 50, -1, 12
3, 50, -1, 12
3, 50, 81, 12
3, 50, 82, 12
3, 50, -1, 12
3, 50, 96, 12
3, 50, 97, 12
3, 50, -1, 12
3, 50, 83, 12
3, 50, 84, 12
3, 50, 35, 5
3, 50, -1, 5
3, 50, 36, 5
3, 50, 37, 5
3, 50, 40, 5
3, 50, -1, 5
3, 50, 41, 5
3, 50, 42, 5
3, 50, 45, 5
3, 50, -1, 5
3, 50, 46, 5
3, 50, 47, 5
3, 50, 85, 12
3, 50, 77, 12
3, 50, 103, 12
3, 50, 79, 12
3, 50, 31, 5
3, 50, 32, 5
3, 50, 33, 5
3, 50, 86, 12
3, 50, 98, 12
3, 50, 89, 12
3, 50, 27, 5
3, 50, 28, 5
3, 50, 29, 5
3, 50, 87, 12
3, 50, 99, 12
3, 50, 90, 12
3, 50, 91, 12
3, 50, 88, 12
3, 50, 100, 12
3, 50, 94, 12
3, 50, -1, 5
3, 50, -1, 5
3, 50, -1, 5
3, 50, 38, 5
3, 50, 43, 5
3, 50, 48, 5
3, 50, 21, 4
3, 50, 14, 1
3, 50, 22, 4
3, 50, 15, 1
3, 50, 23, 4
3, 50, 16, 1
4, 50, -1, 12
4, 50, -1, 12
4, 50, -1, 12
4, 50, -1, 12
4, 50, -1, 5
4, 50, -1, 5
4, 50, -1, 5
4, 50, 78, 12
4, 50, 95, 12
4, 50, 80, 12
4, 50, 34, 5
4, 50, 39, 5
4, 50, 44, 5
4, 50, -1, 12
4, 50, -1, 12
4, 50, 81, 12
4, 50, 82, 12
4, 50, -1, 12
4, 50, 96, 12
4, 50, 97, 12
4, 50, -1, 12
4, 50, 83, 12
4, 50, 84, 12
4, 50, 35, 5
4, 50, -1, 5
4, 50, 36, 5
4, 50, 37, 5
4, 50, 40, 5
4, 50, -1, 5
4, 50, 41, 5
4, 50, 42, 5
4, 50, 45, 5
4, 50, -1, 5
4, 50, 46, 5
4, 50, 47, 5
4, 50, 85, 12
4, 50, 77, 12
4, 50, 103, 12
4, 50, 79, 12
4, 50, 31, 5
4, 50, 32, 5
4, 50, 33, 5
4, 50, 86, 12
4, 50, 98, 12
4, 50, 89, 12
4, 50, 27, 5
4, 50, 28, 5
4, 50, 29, 5
4, 50, 87, 12
4, 50, 99, 12
4, 50, 90, 12
4, 50, 91, 12
4, 50, 88, 12
4, 50, 100, 12
4, 50, 94, 12
4, 50, -1, 5
4, 50, -1, 5
4, 50, -1, 5
4, 50, 38, 5
4, 50, 43, 5
4, 50, 48, 5
4, 50, 21, 4
4, 50, 14, 1
4, 50, 22, 4
4, 50, 15, 1
4, 50, 23, 4
4, 50, 16, 1
5, 50, -1, 12
5, 50, -1, 12
5, 50, -1, 12
5, 50, -1, 12
5, 50, -1, 5
5, 50, -1, 5
5, 50, -1, 5
5, 50, 78, 12
5, 50, 95, 12
5, 50, 80, 12
5, 50, 34, 5
5, 50, 39, 5
5, 50, 44, 5
5, 50, -1, 12
5, 50, -1, 12
5, 50, 81, 12
5, 50, 82, 12
5, 50, -1, 12
5, 50, 96, 12
5, 50, 97, 12
5, 50, -1, 12
5, 50, 83, 12
5, 50, 84, 12
5, 50, 35, 5
5, 50, -1, 5
5, 50, 36, 5
5, 50, 37, 5
5, 50, 40, 5
5, 50, -1, 5
5, 50, 41, 5
5, 50, 42, 5
5, 50, 45, 5
5, 50, -1, 5
5, 50, 46, 5
5, 50, 47, 5
5, 50, 85, 12
5, 50, 77, 12
5, 50, 103, 12
5, 50, 79, 12
5, 50, 31, 5
5, 50, 32, 5
5, 50, 33, 5
5, 50, 86, 12
5, 50, 98, 12
5, 50, 89, 12
5, 50, 27, 5
5, 50, 28, 5
5, 50, 29, 5
5, 50, 87, 12
5, 50, 99, 12
5, 50, 90, 12
5, 50, 91, 12
5, 50, 88, 12
5, 50, 100, 12
5, 50, 94, 12
5, 50, -1, 5
5, 50, -1, 5
5, 50, -1, 5
5, 50, 38, 5
5, 50, 43, 5
5, 50, 48, 5
5, 50, 21, 4
5, 50, 14, 1
5, 50, 22, 4
5, 50, 15, 1
5, 50, 23, 4
5, 50, 16, 1
6, 91, -1, 21
6, 91, -1, 21
6, 91, -1, 21
6, 91, -1, 21
6, 91, -1, 9
6, 91, -1, 9
6, 91, -1, 9
6, 91, -1, 18
6, 91, -1, 18
6, 91, -1, 18
6, 91, 104, 58
6, 91, 30, 4
6, 91, -1, 4
6, 91, -1, 4
6, 91, -1, 4
6, 91, 78, 21
6, 91, 95, 21
6, 91, 80, 21
6, 91, 34, 9
6, 91, 39, 9
6, 91, 44, 9
6, 91, 64, 18
6, 91, 71, 18
6, 91, 72, 18
6, 91, 18, 1
6, 91, 3, 1
6, 91, 12, 4
6, 91, -1, 4
6, 91, -1, 4
6, 91, 49, 5
6, 91, -1, 4
6, 91, 10, 4
6, 91, -1, 12
6, 91, -1, 4
6, 91, -1, 4
6, 91, -1, 4
6, 91, -1, 4
6, 91, -1, 4
6, 91, -1, 4
6, 91, -1, 4
6, 91, -1, 4
6, 91, -1, 4
6, 91, -1, 21
6, 91, -1, 21
6, 91, 81, 21
6, 91, 82, 21
6, 91, -1, 21
6, 91, 96, 21
6, 91, 97, 21
6, 91, -1, 21
6, 91, 83, 21
6, 91, 84, 21
6, 91, 35, 9
6, 91, -1, 9
6, 91, 36, 9
6, 91, 37, 9
6, 91, 40, 9
6, 91, -1, 9
6, 91, 41, 9
6, 91, 42, 9
6, 91, 45, 9
6, 91, -1, 9
6, 91, 46, 9
6, 91, 47, 9
6, 91, 65, 18
6, 91, 66, 18
6, 91, 73, 18
6, 91, 74, 18
6, 91, 75, 18
6, 91, 76, 18
6, 91, -1, 1
6, 91, 19, 1
6, 91, -1, 1
6, 91, 20, 1
6, 91, 4, 1
6, 91, 5, 1
6, 91, 13, 4
6, 91, -1, 4
6, 91, -1, 4
6, 91, 17, 4
6, 91, 85, 21
6, 91, 77, 21
6, 91, 103, 21
6, 91, 79, 21
6, 91, 31, 9
6, 91, 32, 9
6, 91, 33, 9
6, 91, 61, 18
6, 91, 62, 18
6, 91, 63, 18
6, 91, 86, 21
6, 91, 98, 21
6, 91, 89, 21
6, 91, 24, 5
6, 91, 27, 4
6, 91, 25, 5
6, 91, 28, 4
6, 91, 26, 5
6, 91, 29, 4
6, 91, 87, 21
6, 91, 99, 21
6, 91, 90, 21
6, 91, 91, 21
6, 91, 88, 21
6, 91, 100, 21
6, 91, 94, 21
6, 91, -1, 4
6, 91, -1, 4
6, 91, 70, 12
6, 91, 102, 12
6, 91, 67, 12
6, 91, 68, 12
6, 91, 50, 12
6, 91, 51, 6
6, 91, 52, 12
6, 91, 53, 6
6, 91, 54, 12
6, 91, 55, 6
6, 91, 69, 18
6, 91, 92, 18
6, 91, 93, 18
6, 91, -1, 9
6, 91, -1, 9
6, 91, -1, 9
6, 91, 38, 9
6, 91, 43, 9
6, 91, 48, 9
6, 91, 21, 4
6, 91, 14, 1
6, 91, 22, 4
6, 91, 15, 1
6, 91, 23, 4
6, 91, 16, 1
7, 85, -1, 21
7, 85, -1, 21
7, 85, -1, 21
7, 85, -1, 21
7, 85, -1, 9
7, 85, -1, 9
7, 85, -1, 9
7, 85, -1, 18
7, 85, -1, 18
7, 85, -1, 18
7, 85, 104, 58
7, 85, 30, 4
7, 85, -1, 4
7, 85, -1, 4
7, 85, -1, 4
7, 85, 78, 21
7, 85, 95, 21
7, 85, 80, 21
7, 85, 34, 9
7, 85, 39, 9
7, 85, 44, 9
7, 85, 64, 18
7, 85, -1, 1
7, 85, 71, 18
7, 85, 72, 18
7, 85, -1, 1
7, 85, 18, 4
7, 85, -1, 4
7, 85, -1, 4
7, 85, 49, 5
7, 85, -1, 4
7, 85, -1, 4
7, 85, -1, 4
7, 85, -1, 4
7, 85, -1, 4
7, 85, -1, 4
7, 85, -1, 4
7, 85, 11, 4
7, 85, -1, 12
7, 85, -1, 4
7, 85, -1, 4
7, 85, -1, 4
7, 85, -1, 21
7, 85, -1, 21
7, 85, 81, 21
7, 85, 82, 21
7, 85, -1, 21
7, 85, 96, 21
7, 85, 97, 21
7, 85, -1, 21
7, 85, 83, 21
7, 85, 84, 21
7, 85, 35, 9
7, 85, -1, 9
7, 85, 36, 9
7, 85, 37, 9
7, 85, 40, 9
7, 85, -1, 9
7, 85, 41, 9
7, 85, 42, 9
7, 85, 45, 9
7, 85, -1, 9
7, 85, 46, 9
7, 85, 47, 9
7, 85, 65, 18
7, 85, 66, 18
7, 85, -1, 1
7, 85, -1, 1
7, 85, -1, 1
7, 85, -1, 1
7, 85, 73, 18
7, 85, 74, 18
7, 85, 75, 18
7, 85, 76, 18
7, 85, -1, 1
7, 85, -1, 1
7, 85, 19, 4
7, 85, -1, 4
7, 85, -1, 4
7, 85, 20, 4
7, 85, 85, 21
7, 85, 77, 21
7, 85, 103, 21
7, 85, 79, 21
7, 85, 31, 9
7, 85, 32, 9
7, 85, 33, 9
7, 85, 61, 18
7, 85, 62, 18
7, 85, 63, 18
7, 85, 86, 21
7, 85, 98, 21
7, 85, 89, 21
7, 85, 24, 4
7, 85, 27, 5
7, 85, 25, 4
7, 85, 28, 5
7, 85, 26, 4
7, 85, 29, 5
7, 85, 87, 21
7, 85, 99, 21
7, 85, 90, 21
7, 85, 91, 21
7, 85, 88, 21
7, 85, 100, 21
7, 85, 94, 21
7, 85, -1, 4
7, 85, -1, 4
7, 85, 70, 9
7, 85, 102, 9
7, 85, 67, 9
7, 85, 68, 9
7, 85, 50, 6
7, 85, 51, 12
7, 85, 52, 6
7, 85, 53, 12
7, 85, 54, 6
7, 85, 55, 12
7, 85, 69, 18
7, 85, 92, 18
7, 85, 93, 18
7, 85, -1, 9
7, 85, -1, 9
7, 85, -1, 9
7, 85, 38, 9
7, 85, 43, 9
7, 85, 48, 9
7, 85, 21, 4
7, 85, 14, 1
7, 85, 22, 4
7, 85, 15, 1
7, 85, 23, 4
7, 85, 16, 1
8, 26, -1, 5
8, 26, -1, 5
8, 26, -1, 5
8, 26, 30, 4
8, 26, 34, 5
8, 26, 39, 5
8, 26, 44, 5
8, 26, -1, 4
8, 26, -1, 4
8, 26, 49, 4
8, 26, -1, 4
8, 26, 35, 5
8, 26, -1, 5
8, 26, 36, 5
8, 26, 37, 5
8, 26, 40, 5
8, 26, -1, 5
8, 26, 41, 5
8, 26, 42, 5
8, 26, 45, 5
8, 26, -1, 5
8, 26, 46, 5
8, 26, 47, 5
8, 26, 31, 5
8, 26, 32, 5
8, 26, 33, 5
8, 26, 24, 5
8, 26, 25, 5
8, 26, 26, 5
8, 26, -1, 5
8, 26, -1, 5
8, 26, -1, 5
8, 26, 38, 5
8, 26, 43, 5
8, 26, 48, 5
8, 26, 14, 1
8, 26, 15, 1
8, 26, 16, 1
9, 29, -1, 5
9, 29, -1, 5
9, 29, -1, 5
9, 29, 30, 4
9, 29, 34, 5
9, 29, 39, 5
9, 29, 44, 5
9, 29, -1, 4
9, 29, -1, 4
9, 29, 49, 4
9, 29, -1, 4
9, 29, 35, 5
9, 29, -1, 5
9, 29, 36, 5
9, 29, 37, 5
9, 29, 40, 5
9, 29, -1, 5
9, 29, 41, 5
9, 29, 42, 5
9, 29, 45, 5
9, 29, -1, 5
9, 29, 46, 5
9, 29, 47, 5
9, 29, 31, 5
9, 29, 32, 5
9, 29, 33, 5
9, 29, 27, 5
9, 29, 28, 5
9, 29, 29, 5
9, 29, -1, 5
9, 29, -1, 5
9, 29, -1, 5
9, 29, 38, 5
9, 29, 43, 5
9, 29, 48, 5
9, 29, 21, 4
9, 29, 14, 1
9, 29, 22, 4
9, 29, 15, 1
9, 29, 23, 4
9, 29, 16, 1
10, 27, -1, 12
10, 27, -1, 12
10, 27, -1, 12
10, 27, -1, 12
10, 27, 78, 12
10, 27, 95, 12
10, 27, 80, 12
10, 27, -1, 12
10, 27, -1, 12
10, 27, 81, 12
10, 27, 82, 12
10, 27, -1, 12
10, 27, 96, 12
10, 27, 97, 12
10, 27, -1, 12
10, 27, 83, 12
10, 27, 84, 12
10, 27, 85, 12
10, 27, 77, 12
10, 27, 103, 12
10, 27, 79, 12
10, 27, 86, 12
10, 27, 98, 12
10, 27, 89, 12
10, 27, 87, 12
10, 27, 99, 12
10, 27, 90, 12
10, 27, 91, 12
10, 27, 88, 12
10, 27, 100, 12
10, 27, 94, 12
10, 27, 70, 12
10, 27, 102, 12
10, 27, 67, 12
10, 27, 68, 12
11, 23, -1, 12
11, 23, -1, 12
11, 23, -1, 12
11, 23, -1, 12
11, 23, 78, 12
11, 23, 95, 12
11, 23, 80, 12
11, 23, -1, 12
11, 23, -1, 12
11, 23, 81, 12
11, 23, 82, 12
11, 23, -1, 12
11, 23, 96, 12
11, 23, 97, 12
11, 23, -1, 12
11, 23, 83, 12
11, 23, 84, 12
11, 23, 85, 12
11, 23, 77, 12
11, 23, 103, 12
11, 23, 79, 12
11, 23, 86, 12
11, 23, 98, 12
11, 23, 89, 12
11, 23, 87, 12
11, 23, 99, 12
11, 23, 90, 12
11, 23, 91, 12
11, 23, 88, 12
11, 23, 100, 12
11, 23, 94, 12
12, 51, -1, 12
12, 51, -1, 12
12, 51, -1, 12
12, 51, -1, 12
12, 51, -1, 5
12, 51, -1, 5
12, 51, -1, 5
12, 51, 78, 12
12, 51, 95, 12
12, 51, 80, 12
12, 51, 34, 5
12, 51, 39, 5
12, 51, 44, 5
12, 51, -1, 12
12, 51, -1, 12
12, 51, 81, 12
12, 51, 82, 12
12, 51, -1, 12
12, 51, 96, 12
12, 51, 97, 12
12, 51, -1, 12
12, 51, 83, 12
12, 51, 84, 12
12, 51, 35, 5
12, 51, -1, 5
12, 51, 36, 5
12, 51, 37, 5
12, 51, 40, 5
12, 51, -1, 5
12, 51, 41, 5
12, 51, 42, 5
12, 51, 45, 5
12, 51, -1, 5
12, 51, 46, 5
12, 51, 47, 5
12, 51, 85, 12
12, 51, 77, 12
12, 51, 103, 12
12, 51, 79, 12
12, 51, 31, 5
12, 51, 32, 5
12, 51, 33, 5
12, 51, 86, 12
12, 51, 98, 12
12, 51, 89, 12
12, 51, 24, 5
12, 51, 25, 5
12, 51, 26, 5
12, 51, 87, 12
12, 51, 99, 12
12, 51, 90, 12
12, 51, 91, 12
12, 51, 88, 12
12, 51, 100, 12
12, 51, 94, 12
12, 51, 70, 12
12, 51, 102, 12
12, 51, 67, 12
12, 51, 68, 12
12, 51, -1, 5
12, 51, -1, 5
12, 51, -1, 5
12, 51, 38, 5
12, 51, 43, 5
12, 51, 48, 5
12, 51, 14, 1
12, 51, 15, 1
12, 51, 16, 1
13, 51, -1, 12
13, 51, -1, 12
13, 51, -1, 12
13, 51, -1, 12
13, 51, -1, 5
13, 51, -1, 5
13, 51, -1, 5
13, 51, 78, 12
13, 51, 95, 12
13, 51, 80, 12
13, 51, 34, 5
13, 51, 39, 5
13, 51, 44, 5
13, 51, -1, 12
13, 51, -1, 12
13, 51, 81, 12
13, 51, 82, 12
13, 51, -1, 12
13, 51, 96, 12
13, 51, 97, 12
13, 51, -1, 12
13, 51, 83, 12
13, 51, 84, 12
13, 51, 35, 5
13, 51, -1, 5
13, 51, 36, 5
13, 51, 37, 5
13, 51, 40, 5
13, 51, -1, 5
13, 51, 41, 5
13, 51, 42, 5
13, 51, 45, 5
13, 51, -1, 5
13, 51, 46, 5
13, 51, 47, 5
13, 51, 85, 12
13, 51, 77, 12
13, 51, 103, 12
13, 51, 79, 12
13, 51, 31, 5
13, 51, 32, 5
13, 51, 33, 5
13, 51, 86, 12
13, 51, 98, 12
13, 51, 89, 12
13, 51, 24, 5
13, 51, 25, 5
13, 51, 26, 5
13, 51, 87, 12
13, 51, 99, 12
13, 51, 90, 12
13, 51, 91, 12
13, 51, 88, 12
13, 51, 100, 12
13, 51, 94, 12
13, 51, 70, 12
13, 51, 102, 12
13, 51, 67, 12
13, 51, 68, 12
13, 51, -1, 5
13, 51, -1, 5
13, 51, -1, 5
13, 51, 38, 5
13, 51, 43, 5
13, 51, 48, 5
13, 51, 14, 1
13, 51, 15, 1
13, 51, 16, 1
14, 21, -1, 4
14, 21, -1, 4
14, 21, -1, 4
14, 21, 64, 4
14, 21, 71, 4
14, 21, 72, 4
14, 21, 65, 4
14, 21, 66, 4
14, 21, 73, 4
14, 21, 74, 4
14, 21, 75, 4
14, 21, 76, 4
14, 21, 61, 4
14, 21, 62, 4
14, 21, 63, 4
14, 21, 50, 2
14, 21, 51, 2
14, 21, 52, 2
14, 21, 53, 2
14, 21, 54, 2
14, 21, 55, 2
14, 21, 69, 4
14, 21, 92, 4
14, 21, 93, 4
15, 21, -1, 4
15, 21, -1, 4
15, 21, -1, 4
15, 21, 64, 4
15, 21, 71, 4
15, 21, 72, 4
15, 21, 65, 4
15, 21, 66, 4
15, 21, 73, 4
15, 21, 74, 4
15, 21, 75, 4
15, 21, 76, 4
15, 21, 61, 4
15, 21, 62, 4
15, 21, 63, 4
15, 21, 50, 2
15, 21, 51, 2
15, 21, 52, 2
15, 21, 53, 2
15, 21, 54, 2
15, 21, 55, 2
15, 21, 69, 4
15, 21, 92, 4
15, 21, 93, 4
16, 21, -1, 4
16, 21, -1, 4
16, 21, -1, 4
16, 21, 64, 4
16, 21, 71, 4
16, 21, 72, 4
16, 21, 65, 4
16, 21, 66, 4
16, 21, 73, 4
16, 21, 74, 4
16, 21, 75, 4
16, 21, 76, 4
16, 21, 61, 4
16, 21, 62, 4
16, 21, 63, 4
16, 21, 50, 2
16, 21, 51, 2
16, 21, 52, 2
16, 21, 53, 2
16, 21, 54, 2
16, 21, 55, 2
16, 21, 69, 4
16, 21, 92, 4
16, 21, 93, 4
17, 24, -1, 5
17, 24, -1, 5
17, 24, -1, 5
17, 24, 34, 5
17, 24, 39, 5
17, 24, 44, 5
17, 24, 35, 5
17, 24, -1, 5
17, 24, 36, 5
17, 24, 37, 5
17, 24, 40, 5
17, 24, -1, 5
17, 24, 41, 5
17, 24, 42, 5
17, 24, 45, 5
17, 24, -1, 5
17, 24, 46, 5
17, 24, 47, 5
17, 24, 31, 5
17, 24, 32, 5
17, 24, 33, 5
17, 24, 24, 5
17, 24, 25, 5
17, 24, 26, 5
17, 24, -1, 5
17, 24, -1, 5
17, 24, -1, 5
17, 24, 38, 5
17, 24, 43, 5
17, 24, 48, 5
17, 24, 14, 1
17, 24, 15, 1
17, 24, 16, 1
18, 50, -1, 12
18, 50, -1, 12
18, 50, -1, 12
18, 50, -1, 12
18, 50, -1, 5
18, 50, -1, 5
18, 50, -1, 5
18, 50, 78, 12
18, 50, 95, 12
18, 50, 80, 12
18, 50, 34, 5
18, 50, 39, 5
18, 50, 44, 5
18, 50, -1, 12
18, 50, -1, 12
18, 50, 81, 12
18, 50, 82, 12
18, 50, -1, 12
18, 50, 96, 12
18, 50, 97, 12
18, 50, -1, 12
18, 50, 83, 12
18, 50, 84, 12
18, 50, 35, 5
18, 50, -1, 5
18, 50, 36, 5
18, 50, 37, 5
18, 50, 40, 5
18, 50, -1, 5
18, 50, 41, 5
18, 50, 42, 5
18, 50, 45, 5
18, 50, -1, 5
18, 50, 46, 5
18, 50, 47, 5
18, 50, 85, 12
18, 50, 77, 12
18, 50, 103, 12
18, 50, 79, 12
18, 50, 31, 5
18, 50, 32, 5
18, 50, 33, 5
18, 50, 86, 12
18, 50, 98, 12
18, 50, 89, 12
18, 50, 27, 5
18, 50, 28, 5
18, 50, 29, 5
18, 50, 87, 12
18, 50, 99, 12
18, 50, 90, 12
18, 50, 91, 12
18, 50, 88, 12
18, 50, 100, 12
18, 50, 94, 12
18, 50, -1, 5
18, 50, -1, 5
18, 50, -1, 5
18, 50, 38, 5
18, 50, 43, 5
18, 50, 48, 5
18, 50, 21, 4
18, 50, 14, 1
18, 50, 22, 4
18, 50, 15, 1
18, 50, 23, 4
18, 50, 16, 1
19, 50, -1, 12
19, 50, -1, 12
19, 50, -1, 12
19, 50, -1, 12
19, 50, -1, 5
19, 50, -1, 5
19, 50, -1, 5
19, 50, 78, 12
19, 50, 95, 12
19, 50, 80, 12
19, 50, 34, 5
19, 50, 39, 5
19, 50, 44, 5
19, 50, -1, 12
19, 50, -1, 12
19, 50, 81, 12
19, 50, 82, 12
19, 50, -1, 12
19, 50, 96, 12
19, 50, 97, 12
19, 50, -1, 12
19, 50, 83, 12
19, 50, 84, 12
19, 50, 35, 5
19, 50, -1, 5
19, 50, 36, 5
19, 50, 37, 5
19, 50, 40, 5
19, 50, -1, 5
19, 50, 41, 5
19, 50, 42, 5
19, 50, 45, 5
19, 50, -1, 5
19, 50, 46, 5
19, 50, 47, 5
19, 50, 85, 12
19, 50, 77, 12
19, 50, 103, 12
19, 50, 79, 12
19, 50, 31, 5
19, 50, 32, 5
19, 50, 33, 5
19, 50, 86, 12
19, 50, 98, 12
19, 50, 89, 12
19, 50, 27, 5
19, 50, 28, 5
19, 50, 29, 5
19, 50, 87, 12
19, 50, 99, 12
19, 50, 90, 12
19, 50, 91, 12
19, 50, 88, 12
19, 50, 100, 12
19, 50, 94, 12
19, 50, -1, 5
19, 50, -1, 5
19, 50, -1, 5
19, 50, 38, 5
19, 50, 43, 5
19, 50, 48, 5
19, 50, 21, 4
19, 50, 14, 1
19, 50, 22, 4
19, 50, 15, 1
19, 50, 23, 4
19, 50, 16, 1
20, 27, -1, 5
20, 27, -1, 5
20, 27, -1, 5
20, 27, 34, 5
20, 27, 39, 5
20, 27, 44, 5
20, 27, 35, 5
20, 27, -1, 5
20, 27, 36, 5
20, 27, 37, 5
20, 27, 40, 5
20, 27, -1, 5
20, 27, 41, 5
20, 27, 42, 5
20, 27, 45, 5
20, 27, -1, 5
20, 27, 46, 5
20, 27, 47, 5
20, 27, 31, 5
20, 27, 32, 5
20, 27, 33, 5
20, 27, 27, 5
20, 27, 28, 5
20, 27, 29, 5
20, 27, -1, 5
20, 27, -1, 5
20, 27, -1, 5
20, 27, 38, 5
20, 27, 43, 5
20, 27, 48, 5
20, 27, 21, 4
20, 27, 14, 1
20, 27, 22, 4
20, 27, 15, 1
20, 27, 23, 4
20, 27, 16, 1
21, 19, -1, 2
21, 19, -1, 2
21, 19, -1, 2
21, 19, 104, 9
21, 19, 64, 2
21, 19, 71, 2
21, 19, 72, 2
21, 19, 65, 2
21, 19, 66, 2
21, 19, 73, 2
21, 19, 74, 2
21, 19, 75, 2
21, 19, 76, 2
21, 19, 61, 2
21, 19, 62, 2
21, 19, 63, 2
21, 19, 51, 2
21, 19, 53, 2
21, 19, 55, 2
21, 19, 69, 2
21, 19, 92, 2
21, 19, 93, 2
22, 19, -1, 2
22, 19, -1, 2
22, 19, -1, 2
22, 19, 104, 9
22, 19, 64, 2
22, 19, 71, 2
22, 19, 72, 2
22, 19, 65, 2
22, 19, 66, 2
22, 19, 73, 2
22, 19, 74, 2
22, 19, 75, 2
22, 19, 76, 2
22, 19, 61, 2
22, 19, 62, 2
22, 19, 63, 2
22, 19, 51, 2
22, 19, 53, 2
22, 19, 55, 2
22, 19, 69, 2
22, 19, 92, 2
22, 19, 93, 2
23, 19, -1, 2
23, 19, -1, 2
23, 19, -1, 2
23, 19, 104, 9
23, 19, 64, 2
23, 19, 71, 2
23, 19, 72, 2
23, 19, 65, 2
23, 19, 66, 2
23, 19, 73, 2
23, 19, 74, 2
23, 19, 75, 2
23, 19, 76, 2
23, 19, 61, 2
23, 19, 62, 2
23, 19, 63, 2
23, 19, 51, 2
23, 19, 53, 2
23, 19, 55, 2
23, 19, 69, 2
23, 19, 92, 2
23, 19, 93, 2
24, 19, -1, 4
24, 19, -1, 4
24, 19, -1, 4
24, 19, 104, 9
24, 19, 64, 4
24, 19, 71, 4
24, 19, 72, 4
24, 19, 65, 4
24, 19, 66, 4
24, 19, 73, 4
24, 19, 74, 4
24, 19, 75, 4
24, 19, 76, 4
24, 19, 61, 4
24, 19, 62, 4
24, 19, 63, 4
24, 19, 50, 4
24, 19, 52, 4
24, 19, 54, 4
24, 19, 69, 4
24, 19, 92, 4
24, 19, 93, 4
25, 19, -1, 4
25, 19, -1, 4
25, 19, -1, 4
25, 19, 104, 9
25, 19, 64, 4
25, 19, 71, 4
25, 19, 72, 4
25, 19, 65, 4
25, 19, 66, 4
25, 19, 73, 4
25, 19, 74, 4
25, 19, 75, 4
25, 19, 76, 4
25, 19, 61, 4
25, 19, 62, 4
25, 19, 63, 4
25, 19, 50, 4
25, 19, 52, 4
25, 19, 54, 4
25, 19, 69, 4
25, 19, 92, 4
25, 19, 93, 4
26, 19, -1, 4
26, 19, -1, 4
26, 19, -1, 4
26, 19, 104, 9
26, 19, 64, 4
26, 19, 71, 4
26, 19, 72, 4
26, 19, 65, 4
26, 19, 66, 4
26, 19, 73, 4
26, 19, 74, 4
26, 19, 75, 4
26, 19, 76, 4
26, 19, 61, 4
26, 19, 62, 4
26, 19, 63, 4
26, 19, 50, 4
26, 19, 52, 4
26, 19, 54, 4
26, 19, 69, 4
26, 19, 92, 4
26, 19, 93, 4
27, 19, -1, 4
27, 19, -1, 4
27, 19, -1, 4
27, 19, 104, 9
27, 19, 64, 4
27, 19, 71, 4
27, 19, 72, 4
27, 19, 65, 4
27, 19, 66, 4
27, 19, 73, 4
27, 19, 74, 4
27, 19, 75, 4
27, 19, 76, 4
27, 19, 61, 4
27, 19, 62, 4
27, 19, 63, 4
27, 19, 51, 4
27, 19, 53, 4
27, 19, 55, 4
27, 19, 69, 4
27, 19, 92, 4
27, 19, 93, 4
28, 19, -1, 4
28, 19, -1, 4
28, 19, -1, 4
28, 19, 104, 9
28, 19, 64, 4
28, 19, 71, 4
28, 19, 72, 4
28, 19, 65, 4
28, 19, 66, 4
28, 19, 73, 4
28, 19, 74, 4
28, 19, 75, 4
28, 19, 76, 4
28, 19, 61, 4
28, 19, 62, 4
28, 19, 63, 4
28, 19, 51, 4
28, 19, 53, 4
28, 19, 55, 4
28, 19, 69, 4
28, 19, 92, 4
28, 19, 93, 4
29, 19, -1, 4
29, 19, -1, 4
29, 19, -1, 4
29, 19, 104, 9
29, 19, 64, 4
29, 19, 71, 4
29, 19, 72, 4
29, 19, 65, 4
29, 19, 66, 4
29, 19, 73, 4
29, 19, 74, 4
29, 19, 75, 4
29, 19, 76, 4
29, 19, 61, 4
29, 19, 62, 4
29, 19, 63, 4
29, 19, 51, 4
29, 19, 53, 4
29, 19, 55, 4
29, 19, 69, 4
29, 19, 92, 4
29, 19, 93, 4
30, 77, -1, 24
30, 77, -1, 24
30, 77, -1, 24
30, 77, -1, 24
30, 77, -1, 10
30, 77, -1, 10
30, 77, -1, 10
30, 77, 104, 9
30, 77, 6, 4
30, 77, 7, 4
30, 77, 78, 24
30, 77, 95, 24
30, 77, 80, 24
30, 77, 34, 10
30, 77, 39, 10
30, 77, 44, 10
30, 77, -1, 1
30, 77, -1, 1
30, 77, -1, 4
30, 77, 18, 5
30, 77, 3, 1
30, 77, 12, 5
30, 77, 0, 1
30, 77, -1, 4
30, 77, 49, 3
30, 77, -1, 4
30, 77, 10, 4
30, 77, 8, 4
30, 77, -1, 4
30, 77, -1, 4
30, 77, -1, 4
30, 77, 11, 4
30, 77, 9, 4
30, 77, -1, 24
30, 77, -1, 24
30, 77, 81, 24
30, 77, 82, 24
30, 77, -1, 24
30, 77, 96, 24
30, 77, 97, 24
30, 77, -1, 24
30, 77, 83, 24
30, 77, 84, 24
30, 77, 35, 10
30, 77, -1, 10
30, 77, 36, 10
30, 77, 37, 10
30, 77, 40, 10
30, 77, -1, 10
30, 77, 41, 10
30, 77, 42, 10
30, 77, 45, 10
30, 77, -1, 10
30, 77, 46, 10
30, 77, 47, 10
30, 77, -1, 1
30, 77, -1, 1
30, 77, -1, 1
30, 77, -1, 1
30, 77, -1, 1
30, 77, -1, 1
30, 77, -1, 4
30, 77, -1, 4
30, 77, -1, 4
30, 77, -1, 4
30, 77, -1, 1
30, 77, 19, 5
30, 77, -1, 5
30, 77, -1, 4
30, 77, 20, 5
30, 77, 4, 1
30, 77, 5, 1
30, 77, -1, 1
30, 77, 13, 5
30, 77, -1, 5
30, 77, -1, 4
30, 77, 17, 5
30, 77, 1, 1
30, 77, 2, 1
30, 77, 85, 24
30, 77, 77, 24
30, 77, 103, 24
30, 77, 79, 24
30, 77, 31, 10
30, 77, 32, 10
30, 77, 33, 10
30, 77, 86, 24
30, 77, 98, 24
30, 77, 89, 24
30, 77, 24, 5
30, 77, 27, 5
30, 77, 25, 5
30, 77, 28, 5
30, 77, 26, 5
30, 77, 29, 5
30, 77, 87, 24
30, 77, 99, 24
30, 77, 90, 24
30, 77, 91, 24
30, 77, 88, 24
30, 77, 100, 24
30, 77, 94, 24
30, 77, 70, 12
30, 77, 102, 12
30, 77, 67, 12
30, 77, 68, 12
30, 77, -1, 10
30, 77, -1, 10
30, 77, -1, 10
30, 77, 38, 10
30, 77, 43, 10
30, 77, 48, 10
30, 77, 21, 4
30, 77, 14, 2
30, 77, 22, 4
30, 77, 15, 2
30, 77, 23, 4
30, 77, 16, 2
31, 28, -1, 10
31, 28, -1, 2
31, 28, -1, 2
31, 28, -1, 2
31, 28, 104, 9
31, 28, 34, 10
31, 28, 64, 2
31, 28, 71, 2
31, 28, 72, 2
31, 28, 35, 10
31, 28, -1, 10
31, 28, 36, 10
31, 28, 37, 10
31, 28, 65, 2
31, 28, 66, 2
31, 28, 73, 2
31, 28, 74, 2
31, 28, 75, 2
31, 28, 76, 2
31, 28, 61, 2
31, 28, 62, 2
31, 28, 63, 2
31, 28, 24, 5
31, 28, 27, 5
31, 28, 50, 2
31, 28, 52, 2
31, 28, 54, 2
31, 28, 69, 2
31, 28, 92, 2
31, 28, 93, 2
31, 28, -1, 10
31, 28, 38, 10
31, 28, 21, 4
31, 28, 14, 2
32, 28, -1, 10
32, 28, -1, 2
32, 28, -1, 2
32, 28, -1, 2
32, 28, 104, 9
32, 28, 39, 10
32, 28, 64, 2
32, 28, 71, 2
32, 28, 72, 2
32, 28, 40, 10
32, 28, -1, 10
32, 28, 41, 10
32, 28, 42, 10
32, 28, 65, 2
32, 28, 66, 2
32, 28, 73, 2
32, 28, 74, 2
32, 28, 75, 2
32, 28, 76, 2
32, 28, 61, 2
32, 28, 62, 2
32, 28, 63, 2
32, 28, 25, 5
32, 28, 28, 5
32, 28, 50, 2
32, 28, 52, 2
32, 28, 54, 2
32, 28, 69, 2
32, 28, 92, 2
32, 28, 93, 2
32, 28, -1, 10
32, 28, 43, 10
32, 28, 22, 4
32, 28, 15, 2
33, 28, -1, 10
33, 28, -1, 2
33, 28, -1, 2
33, 28, -1, 2
33, 28, 104, 9
33, 28, 44, 10
33, 28, 64, 2
33, 28, 71, 2
33, 28, 72, 2
33, 28, 45, 10
33, 28, -1, 10
33, 28, 46, 10
33, 28, 47, 10
33, 28, 65, 2
33, 28, 66, 2
33, 28, 73, 2
33, 28, 74, 2
33, 28, 75, 2
33, 28, 76, 2
33, 28, 61, 2
33, 28, 62, 2
33, 28, 63, 2
33, 28, 26, 5
33, 28, 29, 5
33, 28, 50, 2
33, 28, 52, 2
33, 28, 54, 2
33, 28, 69, 2
33, 28, 92, 2
33, 28, 93, 2
33, 28, -1, 10
33, 28, 48, 10
33, 28, 23, 4
33, 28, 16, 2
34, 22, -1, 8
34, 22, -1, 8
34, 22, -1, 8
34, 22, 104, 18
34, 22, 64, 8
34, 22, 71, 8
34, 22, 72, 8
34, 22, 65, 8
34, 22, 66, 8
34, 22, 73, 8
34, 22, 74, 8
34, 22, 75, 8
34, 22, 76, 8
34, 22, 61, 8
34, 22, 62, 8
34, 22, 63, 8
34, 22, 50, 4
34, 22, 51, 4
34, 22, 52, 4
34, 22, 53, 4
34, 22, 54, 4
34, 22, 55, 4
34, 22, 69, 8
34, 22, 92, 8
34, 22, 93, 8
35, 22, -1, 8
35, 22, -1, 8
35, 22, -1, 8
35, 22, 104, 18
35, 22, 64, 8
35, 22, 71, 8
35, 22, 72, 8
35, 22, 65, 8
35, 22, 66, 8
35, 22, 73, 8
35, 22, 74, 8
35, 22, 75, 8
35, 22, 76, 8
35, 22, 61, 8
35, 22, 62, 8
35, 22, 63, 8
35, 22, 50, 4
35, 22, 51, 4
35, 22, 52, 4
35, 22, 53, 4
35, 22, 54, 4
35, 22, 55, 4
35, 22, 69, 8
35, 22, 92, 8
35, 22, 93, 8
36, 22, -1, 8
36, 22, -1, 8
36, 22, -1, 8
36, 22, 104, 18
36, 22, 64, 8
36, 22, 71, 8
36, 22, 72, 8
36, 22, 65, 8
36, 22, 66, 8
36, 22, 73, 8
36, 22, 74, 8
36, 22, 75, 8
36, 22, 76, 8
36, 22, 61, 8
36, 22, 62, 8
36, 22, 63, 8
36, 22, 50, 4
36, 22, 51, 4
36, 22, 52, 4
36, 22, 53, 4
36, 22, 54, 4
36, 22, 55, 4
36, 22, 69, 8
36, 22, 92, 8
36, 22, 93, 8
37, 22, -1, 8
37, 22, -1, 8
37, 22, -1, 8
37, 22, 104, 18
37, 22, 64, 8
37, 22, 71, 8
37, 22, 72, 8
37, 22, 65, 8
37, 22, 66, 8
37, 22, 73, 8
37, 22, 74, 8
37, 22, 75, 8
37, 22, 76, 8
37, 22, 61, 8
37, 22, 62, 8
37, 22, 63, 8
37, 22, 50, 4
37, 22, 51, 4
37, 22, 52, 4
37, 22, 53, 4
37, 22, 54, 4
37, 22, 55, 4
37, 22, 69, 8
37, 22, 92, 8
37, 22, 93, 8
38, 22, -1, 8
38, 22, -1, 8
38, 22, -1, 8
38, 22, 104, 18
38, 22, 64, 8
38, 22, 71, 8
38, 22, 72, 8
38, 22, 65, 8
38, 22, 66, 8
38, 22, 73, 8
38, 22, 74, 8
38, 22, 75, 8
38, 22, 76, 8
38, 22, 61, 8
38, 22, 62, 8
38, 22, 63, 8
38, 22, 50, 4
38, 22, 51, 4
38, 22, 52, 4
38, 22, 53, 4
38, 22, 54, 4
38, 22, 55, 4
38, 22, 69, 8
38, 22, 92, 8
38, 22, 93, 8
39, 22, -1, 8
39, 22, -1, 8
39, 22, -1, 8
39, 22, 104, 18
39, 22, 64, 8
39, 22, 71, 8
39, 22, 72, 8
39, 22, 65, 8
39, 22, 66, 8
39, 22, 73, 8
39, 22, 74, 8
39, 22, 75, 8
39, 22, 76, 8
39, 22, 61, 8
39, 22, 62, 8
39, 22, 63, 8
39, 22, 50, 4
39, 22, 51, 4
39, 22, 52, 4
39, 22, 53, 4
39, 22, 54, 4
39, 22, 55, 4
39, 22, 69, 8
39, 22, 92, 8
39, 22, 93, 8
40, 22, -1, 8
40, 22, -1, 8
40, 22, -1, 8
40, 22, 104, 18
40, 22, 64, 8
40, 22, 71, 8
40, 22, 72, 8
40, 22, 65, 8
40, 22, 66, 8
40, 22, 73, 8
40, 22, 74, 8
40, 22, 75, 8
40, 22, 76, 8
40, 22, 61, 8
40, 22, 62, 8
40, 22, 63, 8
40, 22, 50, 4
40, 22, 51, 4
40, 22, 52, 4
40, 22, 53, 4
40, 22, 54, 4
40, 22, 55, 4
40, 22, 69, 8
40, 22, 92, 8
40, 22, 93, 8
41, 22, -1, 8
41, 22, -1, 8
41, 22, -1, 8
41, 22, 104, 18
41, 22, 64, 8
41, 22, 71, 8
41, 22, 72, 8
41, 22, 65, 8
41, 22, 66, 8
41, 22, 73, 8
41, 22, 74, 8
41, 22, 75, 8
41, 22, 76, 8
41, 22, 61, 8
41, 22, 62, 8
41, 22, 63, 8
41, 22, 50, 4
41, 22, 51, 4
41, 22, 52, 4
41, 22, 53, 4
41, 22, 54, 4
41, 22, 55, 4
41, 22, 69, 8
41, 22, 92, 8
41, 22, 93, 8
42, 22, -1, 8
42, 22, -1, 8
42, 22, -1, 8
42, 22, 104, 18
42, 22, 64, 8
42, 22, 71, 8
42, 22, 72, 8
42, 22, 65, 8
42, 22, 66, 8
42, 22, 73, 8
42, 22, 74, 8
42, 22, 75, 8
42, 22, 76, 8
42, 22, 61, 8
42, 22, 62, 8
42, 22, 63, 8
42, 22, 50, 4
42, 22, 51, 4
42, 22, 52, 4
42, 22, 53, 4
42, 22, 54, 4
42, 22, 55, 4
42, 22, 69, 8
42, 22, 92, 8
42, 22, 93, 8
43, 22, -1, 8
43, 22, -1, 8
43, 22, -1, 8
43, 22, 104, 18
43, 22, 64, 8
43, 22, 71, 8
43, 22, 72, 8
43, 22, 65, 8
43, 22, 66, 8
43, 22, 73, 8
43, 22, 74, 8
43, 22, 75, 8
43, 22, 76, 8
43, 22, 61, 8
43, 22, 62, 8
43, 22, 63, 8
43, 22, 50, 4
43, 22, 51, 4
43, 22, 52, 4
43, 22, 53, 4
43, 22, 54, 4
43, 22, 55, 4
43, 22, 69, 8
43, 22, 92, 8
43, 22, 93, 8
44, 22, -1, 8
44, 22, -1, 8
44, 22, -1, 8
44, 22, 104, 18
44, 22, 64, 8
44, 22, 71, 8
44, 22, 72, 8
44, 22, 65, 8
44, 22, 66, 8
44, 22, 73, 8
44, 22, 74, 8
44, 22, 75, 8
44, 22, 76, 8
44, 22, 61, 8
44, 22, 62, 8
44, 22, 63, 8
44, 22, 50, 4
44, 22, 51, 4
44, 22, 52, 4
44, 22, 53, 4
44, 22, 54, 4
44, 22, 55, 4
44, 22, 69, 8
44, 22, 92, 8
44, 22, 93, 8
45, 22, -1, 8
45, 22, -1, 8
45, 22, -1, 8
45, 22, 104, 18
45, 22, 64, 8
45, 22, 71, 8
45, 22, 72, 8
45, 22, 65, 8
45, 22, 66, 8
45, 22, 73, 8
45, 22, 74, 8
45, 22, 75, 8
45, 22, 76, 8
45, 22, 61, 8
45, 22, 62, 8
45, 22, 63, 8
45, 22, 50, 4
45, 22, 51, 4
45, 22, 52, 4
45, 22, 53, 4
45, 22, 54, 4
45, 22, 55, 4
45, 22, 69, 8
45, 22, 92, 8
45, 22, 93, 8
46, 22, -1, 8
46, 22, -1, 8
46, 22, -1, 8
46, 22, 104, 18
46, 22, 64, 8
46, 22, 71, 8
46, 22, 72, 8
46, 22, 65, 8
46, 22, 66, 8
46, 22, 73, 8
46, 22, 74, 8
46, 22, 75, 8
46, 22, 76, 8
46, 22, 61, 8
46, 22, 62, 8
46, 22, 63, 8
46, 22, 50, 4
46, 22, 51, 4
46, 22, 52, 4
46, 22, 53, 4
46, 22, 54, 4
46, 22, 55, 4
46, 22, 69, 8
46, 22, 92, 8
46, 22, 93, 8
47, 22, -1, 8
47, 22, -1, 8
47, 22, -1, 8
47, 22, 104, 18
47, 22, 64, 8
47, 22, 71, 8
47, 22, 72, 8
47, 22, 65, 8
47, 22, 66, 8
47, 22, 73, 8
47, 22, 74, 8
47, 22, 75, 8
47, 22, 76, 8
47, 22, 61, 8
47, 22, 62, 8
47, 22, 63, 8
47, 22, 50, 4
47, 22, 51, 4
47, 22, 52, 4
47, 22, 53, 4
47, 22, 54, 4
47, 22, 55, 4
47, 22, 69, 8
47, 22, 92, 8
47, 22, 93, 8
48, 22, -1, 8
48, 22, -1, 8
48, 22, -1, 8
48, 22, 104, 18
48, 22, 64, 8
48, 22, 71, 8
48, 22, 72, 8
48, 22, 65, 8
48, 22, 66, 8
48, 22, 73, 8
48, 22, 74, 8
48, 22, 75, 8
48, 22, 76, 8
48, 22, 61, 8
48, 22, 62, 8
48, 22, 63, 8
48, 22, 50, 4
48, 22, 51, 4
48, 22, 52, 4
48, 22, 53, 4
48, 22, 54, 4
48, 22, 55, 4
48, 22, 69, 8
48, 22, 92, 8
48, 22, 93, 8
49, 57, -1, 24
49, 57, -1, 24
49, 57, -1, 24
49, 57, -1, 24
49, 57, -1, 10
49, 57, -1, 10
49, 57, -1, 10
49, 57, 78, 24
49, 57, 95, 24
49, 57, 80, 24
49, 57, 34, 10
49, 57, 39, 10
49, 57, 44, 10
49, 57, -1, 24
49, 57, -1, 24
49, 57, 81, 24
49, 57, 82, 24
49, 57, -1, 24
49, 57, 96, 24
49, 57, 97, 24
49, 57, -1, 24
49, 57, 83, 24
49, 57, 84, 24
49, 57, 35, 10
49, 57, -1, 10
49, 57, 36, 10
49, 57, 37, 10
49, 57, 40, 10
49, 57, -1, 10
49, 57, 41, 10
49, 57, 42, 10
49, 57, 45, 10
49, 57, -1, 10
49, 57, 46, 10
49, 57, 47, 10
49, 57, 85, 24
49, 57, 77, 24
49, 57, 103, 24
49, 57, 79, 24
49, 57, 31, 10
49, 57, 32, 10
49, 57, 33, 10
49, 57, 86, 24
49, 57, 98, 24
49, 57, 89, 24
49, 57, 24, 5
49, 57, 27, 5
49, 57, 25, 5
49, 57, 28, 5
49, 57, 26, 5
49, 57, 29, 5
49, 57, 87, 24
49, 57, 99, 24
49, 57, 90, 24
49, 57, 91, 24
49, 57, 88, 24
49, 57, 100, 24
49, 57, 94, 24
49, 57, 70, 12
49, 57, 102, 12
49, 57, 67, 12
49, 57, 68, 12
49, 57, -1, 10
49, 57, -1, 10
49, 57, -1, 10
49, 57, 38, 10
49, 57, 43, 10
49, 57, 48, 10
49, 57, 21, 4
49, 57, 14, 2
49, 57, 22, 4
49, 57, 15, 2
49, 57, 23, 4
49, 57, 16, 2
50, 27, -1, 4
50, 27, -1, 4
50, 27, -1, 4
50, 27, -1, 4
50, 27, 78, 4
50, 27, 95, 4
50, 27, 80, 4
50, 27, -1, 4
50, 27, -1, 4
50, 27, 81, 4
50, 27, 82, 4
50, 27, -1, 4
50, 27, 96, 4
50, 27, 97, 4
50, 27, -1, 4
50, 27, 83, 4
50, 27, 84, 4
50, 27, 85, 4
50, 27, 77, 4
50, 27, 103, 4
50, 27, 79, 4
50, 27, 86, 4
50, 27, 98, 4
50, 27, 89, 4
50, 27, 87, 4
50, 27, 99, 4
50, 27, 90, 4
50, 27, 91, 4
50, 27, 88, 4
50, 27, 100, 4
50, 27, 94, 4
50, 27, 70, 4
50, 27, 102, 4
50, 27, 67, 4
50, 27, 68, 4
51, 23, -1, 4
51, 23, -1, 4
51, 23, -1, 4
51, 23, -1, 4
51, 23, 78, 4
51, 23, 95, 4
51, 23, 80, 4
51, 23, -1, 4
51, 23, -1, 4
51, 23, 81, 4
51, 23, 82, 4
51, 23, -1, 4
51, 23, 96, 4
51, 23, 97, 4
51, 23, -1, 4
51, 23, 83, 4
51, 23, 84, 4
51, 23, 85, 4
51, 23, 77, 4
51, 23, 103, 4
51, 23, 79, 4
51, 23, 86, 4
51, 23, 98, 4
51, 23, 89, 4
51, 23, 87, 4
51, 23, 99, 4
51, 23, 90, 4
51, 23, 91, 4
51, 23, 88, 4
51, 23, 100, 4
51, 23, 94, 4
52, 27, -1, 4
52, 27, -1, 4
52, 27, -1, 4
52, 27, -1, 4
52, 27, 78, 4
52, 27, 95, 4
52, 27, 80, 4
52, 27, -1, 4
52, 27, -1, 4
52, 27, 81, 4
52, 27, 82, 4
52, 27, -1, 4
52, 27, 96, 4
52, 27, 97, 4
52, 27, -1, 4
52, 27, 83, 4
52, 27, 84, 4
52, 27, 85, 4
52, 27, 77, 4
52, 27, 103, 4
52, 27, 79, 4
52, 27, 86, 4
52, 27, 98, 4
52, 27, 89, 4
52, 27, 87, 4
52, 27, 99, 4
52, 27, 90, 4
52, 27, 91, 4
52, 27, 88, 4
52, 27, 100, 4
52, 27, 94, 4
52, 27, 70, 4
52, 27, 102, 4
52, 27, 67, 4
52, 27, 68, 4
53, 23, -1, 4
53, 23, -1, 4
53, 23, -1, 4
53, 23, -1, 4
53, 23, 78, 4
53, 23, 95, 4
53, 23, 80, 4
53, 23, -1, 4
53, 23, -1, 4
53, 23, 81, 4
53, 23, 82, 4
53, 23, -1, 4
53, 23, 96, 4
53, 23, 97, 4
53, 23, -1, 4
53, 23, 83, 4
53, 23, 84, 4
53, 23, 85, 4
53, 23, 77, 4
53, 23, 103, 4
53, 23, 79, 4
53, 23, 86, 4
53, 23, 98, 4
53, 23, 89, 4
53, 23, 87, 4
53, 23, 99, 4
53, 23, 90, 4
53, 23, 91, 4
53, 23, 88, 4
53, 23, 100, 4
53, 23, 94, 4
54, 27, -1, 4
54, 27, -1, 4
54, 27, -1, 4
54, 27, -1, 4
54, 27, 78, 4
54, 27, 95, 4
54, 27, 80, 4
54, 27, -1, 4
54, 27, -1, 4
54, 27, 81, 4
54, 27, 82, 4
54, 27, -1, 4
54, 27, 96, 4
54, 27, 97, 4
54, 27, -1, 4
54, 27, 83, 4
54, 27, 84, 4
54, 27, 85, 4
54, 27, 77, 4
54, 27, 103, 4
54, 27, 79, 4
54, 27, 86, 4
54, 27, 98, 4
54, 27, 89, 4
54, 27, 87, 4
54, 27, 99, 4
54, 27, 90, 4
54, 27, 91, 4
54, 27, 88, 4
54, 27, 100, 4
54, 27, 94, 4
54, 27, 70, 4
54, 27, 102, 4
54, 27, 67, 4
54, 27, 68, 4
55, 23, -1, 4
55, 23, -1, 4
55, 23, -1, 4
55, 23, -1, 4
55, 23, 78, 4
55, 23, 95, 4
55, 23, 80, 4
55, 23, -1, 4
55, 23, -1, 4
55, 23, 81, 4
55, 23, 82, 4
55, 23, -1, 4
55, 23, 96, 4
55, 23, 97, 4
55, 23, -1, 4
55, 23, 83, 4
55, 23, 84, 4
55, 23, 85, 4
55, 23, 77, 4
55, 23, 103, 4
55, 23, 79, 4
55, 23, 86, 4
55, 23, 98, 4
55, 23, 89, 4
55, 23, 87, 4
55, 23, 99, 4
55, 23, 90, 4
55, 23, 91, 4
55, 23, 88, 4
55, 23, 100, 4
55, 23, 94, 4
56, 6, 104, 6
56, 6, 101, 6
56, 6, 57, 6
56, 6, 58, 6
56, 6, 59, 6
56, 6, 60, 6
57, 6, 104, 9
57, 6, 101, 9
57, 6, 58, 9
57, 6, 59, 9
57, 6, 60, 9
57, 6, 56, 6
58, 6, 104, 9
58, 6, 101, 9
58, 6, 57, 9
58, 6, 59, 9
58, 6, 60, 9
58, 6, 56, 6
59, 6, 104, 9
59, 6, 101, 9
59, 6, 57, 9
59, 6, 58, 9
59, 6, 60, 9
59, 6, 56, 6
60, 6, 104, 9
60, 6, 101, 9
60, 6, 57, 9
60, 6, 58, 9
60, 6, 59, 9
60, 6, 56, 6
61, 7, -1, 24
61, 7, 104, 18
61, 7, 64, 24
61, 7, 65, 24
61, 7, 66, 24
61, 7, 50, 12
61, 7, 51, 12
61, 7, 69, 24
62, 7, -1, 24
62, 7, 104, 18
62, 7, 71, 24
62, 7, 73, 24
62, 7, 74, 24
62, 7, 52, 12
62, 7, 53, 12
62, 7, 92, 24
63, 7, -1, 24
63, 7, 104, 18
63, 7, 72, 24
63, 7, 75, 24
63, 7, 76, 24
63, 7, 54, 12
63, 7, 55, 12
63, 7, 93, 24
64, 27, -1, 8
64, 27, -1, 8
64, 27, -1, 8
64, 27, -1, 8
64, 27, 78, 8
64, 27, 95, 8
64, 27, 80, 8
64, 27, -1, 8
64, 27, -1, 8
64, 27, 81, 8
64, 27, 82, 8
64, 27, -1, 8
64, 27, 96, 8
64, 27, 97, 8
64, 27, -1, 8
64, 27, 83, 8
64, 27, 84, 8
64, 27, 85, 8
64, 27, 77, 8
64, 27, 103, 8
64, 27, 79, 8
64, 27, 86, 8
64, 27, 98, 8
64, 27, 89, 8
64, 27, 87, 8
64, 27, 99, 8
64, 27, 90, 8
64, 27, 91, 8
64, 27, 88, 8
64, 27, 100, 8
64, 27, 94, 8
64, 27, 70, 4
64, 27, 102, 4
64, 27, 67, 4
64, 27, 68, 4
65, 27, -1, 8
65, 27, -1, 8
65, 27, -1, 8
65, 27, -1, 8
65, 27, 78, 8
65, 27, 95, 8
65, 27, 80, 8
65, 27, -1, 8
65, 27, -1, 8
65, 27, 81, 8
65, 27, 82, 8
65, 27, -1, 8
65, 27, 96, 8
65, 27, 97, 8
65, 27, -1, 8
65, 27, 83, 8
65, 27, 84, 8
65, 27, 85, 8
65, 27, 77, 8
65, 27, 103, 8
65, 27, 79, 8
65, 27, 86, 8
65, 27, 98, 8
65, 27, 89, 8
65, 27, 87, 8
65, 27, 99, 8
65, 27, 90, 8
65, 27, 91, 8
65, 27, 88, 8
65, 27, 100, 8
65, 27, 94, 8
65, 27, 70, 4
65, 27, 102, 4
65, 27, 67, 4
65, 27, 68, 4
66, 27, -1, 8
66, 27, -1, 8
66, 27, -1, 8
66, 27, -1, 8
66, 27, 78, 8
66, 27, 95, 8
66, 27, 80, 8
66, 27, -1, 8
66, 27, -1, 8
66, 27, 81, 8
66, 27, 82, 8
66, 27, -1, 8
66, 27, 96, 8
66, 27, 97, 8
66, 27, -1, 8
66, 27, 83, 8
66, 27, 84, 8
66, 27, 85, 8
66, 27, 77, 8
66, 27, 103, 8
66, 27, 79, 8
66, 27, 86, 8
66, 27, 98, 8
66, 27, 89, 8
66, 27, 87, 8
66, 27, 99, 8
66, 27, 90, 8
66, 27, 91, 8
66, 27, 88, 8
66, 27, 100, 8
66, 27, 94, 8
66, 27, 70, 4
66, 27, 102, 4
66, 27, 67, 4
66, 27, 68, 4
67, 43, -1, 3
67, 43, -1, 3
67, 43, -1, 3
67, 43, -1, 1
67, 43, -1, 1
67, 43, -1, 1
67, 43, 104, 10
67, 43, 30, 1
67, 43, 78, 3
67, 43, 80, 3
67, 43, 34, 1
67, 43, 39, 1
67, 43, 44, 1
67, 43, -1, 1
67, 43, -1, 1
67, 43, 49, 1
67, 43, -1, 1
67, 43, -1, 3
67, 43, -1, 3
67, 43, 81, 3
67, 43, 82, 3
67, 43, -1, 3
67, 43, 83, 3
67, 43, 84, 3
67, 43, 35, 1
67, 43, -1, 1
67, 43, 36, 1
67, 43, 37, 1
67, 43, 40, 1
67, 43, -1, 1
67, 43, 41, 1
67, 43, 42, 1
67, 43, 45, 1
67, 43, -1, 1
67, 43, 46, 1
67, 43, 47, 1
67, 43, 85, 3
67, 43, 77, 3
67, 43, 79, 3
67, 43, 31, 1
67, 43, 32, 1
67, 43, 33, 1
67, 43, 86, 3
67, 43, 89, 3
67, 43, 27, 1
67, 43, 28, 1
67, 43, 29, 1
67, 43, 87, 3
67, 43, 90, 3
67, 43, 91, 3
67, 43, 88, 3
67, 43, 94, 3
67, 43, -1, 1
67, 43, -1, 1
67, 43, -1, 1
67, 43, 38, 1
67, 43, 43, 1
67, 43, 48, 1
67, 43, 21, 1
67, 43, 22, 1
67, 43, 23, 1
68, 43, -1, 3
68, 43, -1, 3
68, 43, -1, 3
68, 43, -1, 1
68, 43, -1, 1
68, 43, -1, 1
68, 43, 104, 10
68, 43, 30, 1
68, 43, 78, 3
68, 43, 95, 3
68, 43, 34, 1
68, 43, 39, 1
68, 43, 44, 1
68, 43, -1, 1
68, 43, -1, 1
68, 43, 49, 1
68, 43, -1, 1
68, 43, -1, 3
68, 43, -1, 3
68, 43, 81, 3
68, 43, 82, 3
68, 43, -1, 3
68, 43, 96, 3
68, 43, 97, 3
68, 43, 35, 1
68, 43, -1, 1
68, 43, 36, 1
68, 43, 37, 1
68, 43, 40, 1
68, 43, -1, 1
68, 43, 41, 1
68, 43, 42, 1
68, 43, 45, 1
68, 43, -1, 1
68, 43, 46, 1
68, 43, 47, 1
68, 43, 85, 3
68, 43, 77, 3
68, 43, 103, 3
68, 43, 31, 1
68, 43, 32, 1
68, 43, 33, 1
68, 43, 86, 3
68, 43, 98, 3
68, 43, 27, 1
68, 43, 28, 1
68, 43, 29, 1
68, 43, 87, 3
68, 43, 99, 3
68, 43, 91, 3
68, 43, 88, 3
68, 43, 100, 3
68, 43, -1, 1
68, 43, -1, 1
68, 43, -1, 1
68, 43, 38, 1
68, 43, 43, 1
68, 43, 48, 1
68, 43, 21, 1
68, 43, 22, 1
68, 43, 23, 1
69, 27, -1, 8
69, 27, -1, 8
69, 27, -1, 8
69, 27, -1, 8
69, 27, 78, 8
69, 27, 95, 8
69, 27, 80, 8
69, 27, -1, 8
69, 27, -1, 8
69, 27, 81, 8
69, 27, 82, 8
69, 27, -1, 8
69, 27, 96, 8
69, 27, 97, 8
69, 27, -1, 8
69, 27, 83, 8
69, 27, 84, 8
69, 27, 85, 8
69, 27, 77, 8
69, 27, 103, 8
69, 27, 79, 8
69, 27, 86, 8
69, 27, 98, 8
69, 27, 89, 8
69, 27, 87, 8
69, 27, 99, 8
69, 27, 90, 8
69, 27, 91, 8
69, 27, 88, 8
69, 27, 100, 8
69, 27, 94, 8
69, 27, 70, 4
69, 27, 102, 4
69, 27, 67, 4
69, 27, 68, 4
70, 72, -1, 3
70, 72, -1, 3
70, 72, -1, 3
70, 72, -1, 1
70, 72, -1, 1
70, 72, -1, 1
70, 72, -1, 6
70, 72, -1, 6
70, 72, -1, 6
70, 72, 104, 1
70, 72, 30, 1
70, 72, 78, 3
70, 72, 95, 3
70, 72, 80, 3
70, 72, 34, 1
70, 72, 39, 1
70, 72, 44, 1
70, 72, 64, 6
70, 72, 71, 6
70, 72, 72, 6
70, 72, 18, 1
70, 72, 3, 1
70, 72, -1, 1
70, 72, -1, 1
70, 72, 49, 2
70, 72, -1, 1
70, 72, -1, 3
70, 72, 81, 3
70, 72, 82, 3
70, 72, -1, 3
70, 72, 96, 3
70, 72, 97, 3
70, 72, -1, 3
70, 72, 83, 3
70, 72, 84, 3
70, 72, 35, 1
70, 72, -1, 1
70, 72, 36, 1
70, 72, 37, 1
70, 72, 40, 1
70, 72, -1, 1
70, 72, 41, 1
70, 72, 42, 1
70, 72, 45, 1
70, 72, -1, 1
70, 72, 46, 1
70, 72, 47, 1
70, 72, 65, 6
70, 72, 66, 6
70, 72, 73, 6
70, 72, 74, 6
70, 72, 75, 6
70, 72, 76, 6
70, 72, -1, 1
70, 72, 19, 1
70, 72, -1, 1
70, 72, 20, 1
70, 72, 4, 1
70, 72, 5, 1
70, 72, 77, 3
70, 72, 103, 3
70, 72, 79, 3
70, 72, 31, 1
70, 72, 32, 1
70, 72, 33, 1
70, 72, 61, 6
70, 72, 62, 6
70, 72, 63, 6
70, 72, 86, 3
70, 72, 98, 3
70, 72, 89, 3
70, 72, 27, 1
70, 72, 28, 1
70, 72, 29, 1
70, 72, 87, 3
70, 72, 99, 3
70, 72, 90, 3
70, 72, 88, 3
70, 72, 100, 3
70, 72, 94, 3
70, 72, 51, 6
70, 72, 53, 6
70, 72, 55, 6
70, 72, 69, 6
70, 72, 92, 6
70, 72, 93, 6
70, 72, -1, 1
70, 72, -1, 1
70, 72, -1, 1
70, 72, 38, 1
70, 72, 43, 1
70, 72, 48, 1
70, 72, 21, 1
70, 72, 22, 1
70, 72, 23, 1
71, 27, -1, 8
71, 27, -1, 8
71, 27, -1, 8
71, 27, -1, 8
71, 27, 78, 8
71, 27, 95, 8
71, 27, 80, 8
71, 27, -1, 8
71, 27, -1, 8
71, 27, 81, 8
71, 27, 82, 8
71, 27, -1, 8
71, 27, 96, 8
71, 27, 97, 8
71, 27, -1, 8
71, 27, 83, 8
71, 27, 84, 8
71, 27, 85, 8
71, 27, 77, 8
71, 27, 103, 8
71, 27, 79, 8
71, 27, 86, 8
71, 27, 98, 8
71, 27, 89, 8
71, 27, 87, 8
71, 27, 99, 8
71, 27, 90, 8
71, 27, 91, 8
71, 27, 88, 8
71, 27, 100, 8
71, 27, 94, 8
71, 27, 70, 4
71, 27, 102, 4
71, 27, 67, 4
71, 27, 68, 4
72, 27, -1, 8
72, 27, -1, 8
72, 27, -1, 8
72, 27, -1, 8
72, 27, 78, 8
72, 27, 95, 8
72, 27, 80, 8
72, 27, -1, 8
72, 27, -1, 8
72, 27, 81, 8
72, 27, 82, 8
72, 27, -1, 8
72, 27, 96, 8
72, 27, 97, 8
72, 27, -1, 8
72, 27, 83, 8
72, 27, 84, 8
72, 27, 85, 8
72, 27, 77, 8
72, 27, 103, 8
72, 27, 79, 8
72, 27, 86, 8
72, 27, 98, 8
72, 27, 89, 8
72, 27, 87, 8
72, 27, 99, 8
72, 27, 90, 8
72, 27, 91, 8
72, 27, 88, 8
72, 27, 100, 8
72, 27, 94, 8
72, 27, 70, 4
72, 27, 102, 4
72, 27, 67, 4
72, 27, 68, 4
73, 27, -1, 8
73, 27, -1, 8
73, 27, -1, 8
73, 27, -1, 8
73, 27, 78, 8
73, 27, 95, 8
73, 27, 80, 8
73, 27, -1, 8
73, 27, -1, 8
73, 27, 81, 8
73, 27, 82, 8
73, 27, -1, 8
73, 27, 96, 8
73, 27, 97, 8
73, 27, -1, 8
73, 27, 83, 8
73, 27, 84, 8
73, 27, 85, 8
73, 27, 77, 8
73, 27, 103, 8
73, 27, 79, 8
73, 27, 86, 8
73, 27, 98, 8
73, 27, 89, 8
73, 27, 87, 8
73, 27, 99, 8
73, 27, 90, 8
73, 27, 91, 8
73, 27, 88, 8
73, 27, 100, 8
73, 27, 94, 8
73, 27, 70, 4
73, 27, 102, 4
73, 27, 67, 4
73, 27, 68, 4
74, 27, -1, 8
74, 27, -1, 8
74, 27, -1, 8
74, 27, -1, 8
74, 27, 78, 8
74, 27, 95, 8
74, 27, 80, 8
74, 27, -1, 8
74, 27, -1, 8
74, 27, 81, 8
74, 27, 82, 8
74, 27, -1, 8
74, 27, 96, 8
74, 27, 97, 8
74, 27, -1, 8
74, 27, 83, 8
74, 27, 84, 8
74, 27, 85, 8
74, 27, 77, 8
74, 27, 103, 8
74, 27, 79, 8
74, 27, 86, 8
74, 27, 98, 8
74, 27, 89, 8
74, 27, 87, 8
74, 27, 99, 8
74, 27, 90, 8
74, 27, 91, 8
74, 27, 88, 8
74, 27, 100, 8
74, 27, 94, 8
74, 27, 70, 4
74, 27, 102, 4
74, 27, 67, 4
74, 27, 68, 4
75, 27, -1, 8
75, 27, -1, 8
75, 27, -1, 8
75, 27, -1, 8
75, 27, 78, 8
75, 27, 95, 8
75, 27, 80, 8
75, 27, -1, 8
75, 27, -1, 8
75, 27, 81, 8
75, 27, 82, 8
75, 27, -1, 8
75, 27, 96, 8
75, 27, 97, 8
75, 27, -1, 8
75, 27, 83, 8
75, 27, 84, 8
75, 27, 85, 8
75, 27, 77, 8
75, 27, 103, 8
75, 27, 79, 8
75, 27, 86, 8
75, 27, 98, 8
75, 27, 89, 8
75, 27, 87, 8
75, 27, 99, 8
75, 27, 90, 8
75, 27, 91, 8
75, 27, 88, 8
75, 27, 100, 8
75, 27, 94, 8
75, 27, 70, 4
75, 27, 102, 4
75, 27, 67, 4
75, 27, 68, 4
76, 27, -1, 8
76, 27, -1, 8
76, 27, -1, 8
76, 27, -1, 8
76, 27, 78, 8
76, 27, 95, 8
76, 27, 80, 8
76, 27, -1, 8
76, 27, -1, 8
76, 27, 81, 8
76, 27, 82, 8
76, 27, -1, 8
76, 27, 96, 8
76, 27, 97, 8
76, 27, -1, 8
76, 27, 83, 8
76, 27, 84, 8
76, 27, 85, 8
76, 27, 77, 8
76, 27, 103, 8
76, 27, 79, 8
76, 27, 86, 8
76, 27, 98, 8
76, 27, 89, 8
76, 27, 87, 8
76, 27, 99, 8
76, 27, 90, 8
76, 27, 91, 8
76, 27, 88, 8
76, 27, 100, 8
76, 27, 94, 8
76, 27, 70, 4
76, 27, 102, 4
76, 27, 67, 4
76, 27, 68, 4
77, 50, -1, 3
77, 50, -1, 24
77, 50, -1, 3
77, 50, -1, 3
77, 50, -1, 1
77, 50, -1, 1
77, 50, -1, 1
77, 50, 104, 10
77, 50, 30, 1
77, 50, 78, 24
77, 50, 95, 3
77, 50, 80, 3
77, 50, 34, 1
77, 50, 39, 1
77, 50, 44, 1
77, 50, -1, 1
77, 50, -1, 1
77, 50, 49, 1
77, 50, -1, 1
77, 50, -1, 3
77, 50, -1, 24
77, 50, 81, 24
77, 50, 82, 24
77, 50, -1, 3
77, 50, 96, 3
77, 50, 97, 3
77, 50, -1, 3
77, 50, 83, 3
77, 50, 84, 3
77, 50, 35, 1
77, 50, -1, 1
77, 50, 36, 1
77, 50, 37, 1
77, 50, 40, 1
77, 50, -1, 1
77, 50, 41, 1
77, 50, 42, 1
77, 50, 45, 1
77, 50, -1, 1
77, 50, 46, 1
77, 50, 47, 1
77, 50, 85, 3
77, 50, 103, 3
77, 50, 79, 3
77, 50, 31, 1
77, 50, 32, 1
77, 50, 33, 1
77, 50, 86, 24
77, 50, 98, 3
77, 50, 89, 3
77, 50, 24, 1
77, 50, 25, 1
77, 50, 26, 1
77, 50, 87, 24
77, 50, 99, 3
77, 50, 90, 3
77, 50, 91, 3
77, 50, 88, 24
77, 50, 100, 3
77, 50, 94, 3
77, 50, 70, 3
77, 50, 102, 12
77, 50, 67, 3
77, 50, 68, 3
77, 50, -1, 1
77, 50, -1, 1
77, 50, -1, 1
77, 50, 38, 1
77, 50, 43, 1
77, 50, 48, 1
78, 61, -1, 6
78, 61, -1, 6
78, 61, -1, 6
78, 61, -1, 2
78, 61, -1, 2
78, 61, -1, 2
78, 61, 104, 20
78, 61, 30, 2
78, 61, 6, 1
78, 61, -1, 3
78, 61, -1, 3
78, 61, 7, 1
78, 61, -1, 3
78, 61, 95, 6
78, 61, 80, 6
78, 61, 34, 2
78, 61, 39, 2
78, 61, 44, 2
78, 61, -1, 1
78, 61, 18, 1
78, 61, 12, 1
78, 61, -1, 2
78, 61, -1, 3
78, 61, 49, 2
78, 61, -1, 2
78, 61, 10, 1
78, 61, 8, 1
78, 61, -1, 3
78, 61, -1, 3
78, 61, -1, 3
78, 61, -1, 3
78, 61, -1, 1
78, 61, -1, 1
78, 61, -1, 3
78, 61, -1, 3
78, 61, -1, 3
78, 61, -1, 3
78, 61, -1, 2
78, 61, 11, 1
78, 61, 9, 1
78, 61, -1, 3
78, 61, -1, 3
78, 61, -1, 3
78, 61, -1, 3
78, 61, -1, 6
78, 61, -1, 6
78, 61, 96, 6
78, 61, 97, 6
78, 61, -1, 6
78, 61, 83, 6
78, 61, 84, 6
78, 61, 35, 2
78, 61, -1, 2
78, 61, 36, 2
78, 61, 37, 2
78, 61, 40, 2
78, 61, -1, 2
78, 61, 41, 2
78, 61, 42, 2
78, 61, 45, 2
78, 61, -1, 2
78, 61, 46, 2
78, 61, 47, 2
78, 61, -1, 1
78, 61, -1, 1
78, 61, -1, 1
78, 61, -1, 1
78, 61, 19, 1
78, 61, -1, 1
78, 61, -1, 1
78, 61, 20, 1
78, 61, 13, 1
78, 61, -1, 1
78, 61, -1, 1
78, 61, 17, 1
78, 61, 85, 6
78, 61, 103, 6
78, 61, 79, 6
78, 61, 31, 2
78, 61, 32, 2
78, 61, 33, 2
78, 61, 98, 6
78, 61, 89, 6
78, 61, 24, 1
78, 61, 27, 1
78, 61, 25, 1
78, 61, 28, 1
78, 61, 26, 1
78, 61, 29, 1
78, 61, 99, 6
78, 61, 90, 6
78, 61, 91, 6
78, 61, 100, 6
78, 61, 94, 6
78, 61, -1, 1
78, 61, -1, 1
78, 61, -1, 1
78, 61, -1, 1
78, 61, -1, 1
78, 61, -1, 1
78, 61, 70, 3
78, 61, 67, 3
78, 61, 68, 3
78, 61, -1, 2
78, 61, -1, 2
78, 61, -1, 2
78, 61, 38, 2
78, 61, 43, 2
78, 61, 48, 2
78, 61, 21, 1
78, 61, 22, 1
78, 61, 23, 1
79, 50, -1, 3
79, 50, -1, 3
79, 50, -1, 3
79, 50, -1, 24
79, 50, -1, 1
79, 50, -1, 1
79, 50, -1, 1
79, 50, 104, 10
79, 50, 30, 1
79, 50, 78, 3
79, 50, 95, 3
79, 50, 80, 24
79, 50, 34, 1
79, 50, 39, 1
79, 50, 44, 1
79, 50, -1, 1
79, 50, -1, 1
79, 50, 49, 1
79, 50, -1, 1
79, 50, -1, 3
79, 50, -1, 3
79, 50, 81, 3
79, 50, 82, 3
79, 50, -1, 3
79, 50, 96, 3
79, 50, 97, 3
79, 50, -1, 24
79, 50, 83, 24
79, 50, 84, 24
79, 50, 35, 1
79, 50, -1, 1
79, 50, 36, 1
79, 50, 37, 1
79, 50, 40, 1
79, 50, -1, 1
79, 50, 41, 1
79, 50, 42, 1
79, 50, 45, 1
79, 50, -1, 1
79, 50, 46, 1
79, 50, 47, 1
79, 50, 85, 3
79, 50, 77, 3
79, 50, 103, 3
79, 50, 31, 1
79, 50, 32, 1
79, 50, 33, 1
79, 50, 86, 3
79, 50, 98, 3
79, 50, 89, 24
79, 50, 24, 1
79, 50, 25, 1
79, 50, 26, 1
79, 50, 87, 3
79, 50, 99, 3
79, 50, 90, 24
79, 50, 91, 3
79, 50, 88, 3
79, 50, 100, 3
79, 50, 94, 24
79, 50, 70, 3
79, 50, 102, 3
79, 50, 67, 3
79, 50, 68, 12
79, 50, -1, 1
79, 50, -1, 1
79, 50, -1, 1
79, 50, 38, 1
79, 50, 43, 1
79, 50, 48, 1
80, 61, -1, 6
80, 61, -1, 6
80, 61, -1, 6
80, 61, -1, 2
80, 61, -1, 2
80, 61, -1, 2
80, 61, 104, 20
80, 61, 30, 2
80, 61, 6, 1
80, 61, -1, 3
80, 61, -1, 3
80, 61, 7, 1
80, 61, -1, 3
80, 61, 78, 6
80, 61, 95, 6
80, 61, 34, 2
80, 61, 39, 2
80, 61, 44, 2
80, 61, -1, 1
80, 61, 18, 1
80, 61, 12, 1
80, 61, -1, 2
80, 61, -1, 3
80, 61, 49, 2
80, 61, -1, 2
80, 61, 10, 1
80, 61, 8, 1
80, 61, -1, 3
80, 61, -1, 3
80, 61, -1, 3
80, 61, -1, 3
80, 61, -1, 1
80, 61, -1, 1
80, 61, -1, 3
80, 61, -1, 3
80, 61, -1, 3
80, 61, -1, 3
80, 61, -1, 2
80, 61, 11, 1
80, 61, 9, 1
80, 61, -1, 3
80, 61, -1, 3
80, 61, -1, 3
80, 61, -1, 3
80, 61, -1, 6
80, 61, -1, 6
80, 61, 81, 6
80, 61, 82, 6
80, 61, -1, 6
80, 61, 96, 6
80, 61, 97, 6
80, 61, 35, 2
80, 61, -1, 2
80, 61, 36, 2
80, 61, 37, 2
80, 61, 40, 2
80, 61, -1, 2
80, 61, 41, 2
80, 61, 42, 2
80, 61, 45, 2
80, 61, -1, 2
80, 61, 46, 2
80, 61, 47, 2
80, 61, -1, 1
80, 61, -1, 1
80, 61, -1, 1
80, 61, -1, 1
80, 61, 19, 1
80, 61, -1, 1
80, 61, -1, 1
80, 61, 20, 1
80, 61, 13, 1
80, 61, -1, 1
80, 61, -1, 1
80, 61, 17, 1
80, 61, 85, 6
80, 61, 77, 6
80, 61, 103, 6
80, 61, 31, 2
80, 61, 32, 2
80, 61, 33, 2
80, 61, 86, 6
80, 61, 98, 6
80, 61, 24, 1
80, 61, 27, 1
80, 61, 25, 1
80, 61, 28, 1
80, 61, 26, 1
80, 61, 29, 1
80, 61, 87, 6
80, 61, 99, 6
80, 61, 91, 6
80, 61, 88, 6
80, 61, 100, 6
80, 61, -1, 1
80, 61, -1, 1
80, 61, -1, 1
80, 61, -1, 1
80, 61, -1, 1
80, 61, -1, 1
80, 61, 70, 3
80, 61, 102, 3
80, 61, 67, 3
80, 61, -1, 2
80, 61, -1, 2
80, 61, -1, 2
80, 61, 38, 2
80, 61, 43, 2
80, 61, 48, 2
80, 61, 21, 1
80, 61, 22, 1
80, 61, 23, 1
81, 1, 104, 18
82, 49, -1, 6
82, 49, -1, 6
82, 49, -1, 6
82, 49, -1, 2
82, 49, -1, 2
82, 49, -1, 2
82, 49, 104, 20
82, 49, 30, 2
82, 49, 95, 6
82, 49, 80, 6
82, 49, 34, 2
82, 49, 39, 2
82, 49, 44, 2
82, 49, -1, 2
82, 49, -1, 2
82, 49, 49, 2
82, 49, -1, 1
82, 49, -1, 1
82, 49, -1, 6
82, 49, -1, 6
82, 49, 96, 6
82, 49, 97, 6
82, 49, -1, 6
82, 49, 83, 6
82, 49, 84, 6
82, 49, 35, 2
82, 49, -1, 2
82, 49, 36, 2
82, 49, 37, 2
82, 49, 40, 2
82, 49, -1, 2
82, 49, 41, 2
82, 49, 42, 2
82, 49, 45, 2
82, 49, -1, 2
82, 49, 46, 2
82, 49, 47, 2
82, 49, 85, 6
82, 49, 103, 6
82, 49, 79, 6
82, 49, 31, 2
82, 49, 32, 2
82, 49, 33, 2
82, 49, 98, 6
82, 49, 89, 6
82, 49, 24, 1
82, 49, 27, 1
82, 49, 25, 1
82, 49, 28, 1
82, 49, 26, 1
82, 49, 29, 1
82, 49, 99, 6
82, 49, 90, 6
82, 49, 91, 6
82, 49, 100, 6
82, 49, 94, 6
82, 49, 70, 3
82, 49, 67, 3
82, 49, 68, 3
82, 49, -1, 2
82, 49, -1, 2
82, 49, -1, 2
82, 49, 38, 2
82, 49, 43, 2
82, 49, 48, 2
82, 49, 21, 1
82, 49, 22, 1
82, 49, 23, 1
83, 1, 104, 18
84, 49, -1, 6
84, 49, -1, 6
84, 49, -1, 6
84, 49, -1, 2
84, 49, -1, 2
84, 49, -1, 2
84, 49, 104, 20
84, 49, 30, 2
84, 49, 78, 6
84, 49, 95, 6
84, 49, 34, 2
84, 49, 39, 2
84, 49, 44, 2
84, 49, -1, 2
84, 49, -1, 2
84, 49, 49, 2
84, 49, -1, 1
84, 49, -1, 1
84, 49, -1, 6
84, 49, -1, 6
84, 49, 81, 6
84, 49, 82, 6
84, 49, -1, 6
84, 49, 96, 6
84, 49, 97, 6
84, 49, 35, 2
84, 49, -1, 2
84, 49, 36, 2
84, 49, 37, 2
84, 49, 40, 2
84, 49, -1, 2
84, 49, 41, 2
84, 49, 42, 2
84, 49, 45, 2
84, 49, -1, 2
84, 49, 46, 2
84, 49, 47, 2
84, 49, 85, 6
84, 49, 77, 6
84, 49, 103, 6
84, 49, 31, 2
84, 49, 32, 2
84, 49, 33, 2
84, 49, 86, 6
84, 49, 98, 6
84, 49, 24, 1
84, 49, 27, 1
84, 49, 25, 1
84, 49, 28, 1
84, 49, 26, 1
84, 49, 29, 1
84, 49, 87, 6
84, 49, 99, 6
84, 49, 91, 6
84, 49, 88, 6
84, 49, 100, 6
84, 49, 70, 3
84, 49, 102, 3
84, 49, 67, 3
84, 49, -1, 2
84, 49, -1, 2
84, 49, -1, 2
84, 49, 38, 2
84, 49, 43, 2
84, 49, 48, 2
84, 49, 21, 1
84, 49, 22, 1
84, 49, 23, 1
85, 68, -1, 24
85, 68, -1, 3
85, 68, -1, 3
85, 68, -1, 3
85, 68, -1, 1
85, 68, -1, 1
85, 68, -1, 1
85, 68, -1, 6
85, 68, -1, 6
85, 68, -1, 6
85, 68, 104, 1
85, 68, 30, 1
85, 68, 78, 3
85, 68, 95, 3
85, 68, 80, 3
85, 68, 34, 1
85, 68, 39, 1
85, 68, 44, 1
85, 68, 64, 6
85, 68, -1, 1
85, 68, 71, 6
85, 68, 72, 6
85, 68, -1, 1
85, 68, -1, 1
85, 68, -1, 1
85, 68, 49, 2
85, 68, -1, 1
85, 68, -1, 24
85, 68, -1, 3
85, 68, 81, 3
85, 68, 82, 3
85, 68, -1, 3
85, 68, 96, 3
85, 68, 97, 3
85, 68, -1, 3
85, 68, 83, 3
85, 68, 84, 3
85, 68, 35, 1
85, 68, -1, 1
85, 68, 36, 1
85, 68, 37, 1
85, 68, 40, 1
85, 68, -1, 1
85, 68, 41, 1
85, 68, 42, 1
85, 68, 45, 1
85, 68, -1, 1
85, 68, 46, 1
85, 68, 47, 1
85, 68, 65, 6
85, 68, 66, 6
85, 68, -1, 1
85, 68, -1, 1
85, 68, -1, 1
85, 68, -1, 1
85, 68, 73, 6
85, 68, 74, 6
85, 68, 75, 6
85, 68, 76, 6
85, 68, -1, 1
85, 68, -1, 1
85, 68, 77, 3
85, 68, 103, 3
85, 68, 79, 3
85, 68, 31, 1
85, 68, 32, 1
85, 68, 33, 1
85, 68, 61, 6
85, 68, 62, 6
85, 68, 63, 6
85, 68, 86, 3
85, 68, 98, 3
85, 68, 89, 3
85, 68, 24, 1
85, 68, 25, 1
85, 68, 26, 1
85, 68, 87, 3
85, 68, 99, 3
85, 68, 90, 3
85, 68, 91, 24
85, 68, 88, 3
85, 68, 100, 3
85, 68, 94, 3
85, 68, 70, 12
85, 68, 102, 3
85, 68, 67, 3
85, 68, 68, 3
85, 68, 50, 6
85, 68, 52, 6
85, 68, 54, 6
85, 68, 69, 6
85, 68, 92, 6
85, 68, 93, 6
85, 68, -1, 1
85, 68, -1, 1
85, 68, -1, 1
85, 68, 38, 1
85, 68, 43, 1
85, 68, 48, 1
86, 6, 101, 20
86, 6, 57, 2
86, 6, 58, 2
86, 6, 59, 2
86, 6, 60, 2
86, 6, 56, 2
87, 32, -1, 6
87, 32, -1, 6
87, 32, -1, 6
87, 32, 101, 18
87, 32, 60, 1
87, 32, 56, 1
87, 32, 30, 2
87, 32, 64, 6
87, 32, -1, 1
87, 32, 71, 6
87, 32, 72, 6
87, 32, -1, 1
87, 32, 18, 1
87, 32, 3, 1
87, 32, 49, 2
87, 32, 65, 6
87, 32, 66, 6
87, 32, -1, 1
87, 32, -1, 1
87, 32, -1, 1
87, 32, -1, 1
87, 32, 73, 6
87, 32, 74, 6
87, 32, 75, 6
87, 32, 76, 6
87, 32, -1, 1
87, 32, -1, 1
87, 32, -1, 1
87, 32, 19, 1
87, 32, -1, 1
87, 32, 20, 1
87, 32, 4, 1
87, 32, 5, 1
87, 32, 61, 6
87, 32, 62, 6
87, 32, 63, 6
87, 32, 50, 3
87, 32, 51, 3
87, 32, 52, 3
87, 32, 53, 3
87, 32, 54, 3
87, 32, 55, 3
87, 32, 69, 6
87, 32, 92, 6
87, 32, 93, 6
88, 1, 104, 18
89, 6, 101, 20
89, 6, 57, 2
89, 6, 58, 2
89, 6, 59, 2
89, 6, 60, 2
89, 6, 56, 2
90, 32, -1, 6
90, 32, -1, 6
90, 32, -1, 6
90, 32, 101, 18
90, 32, 60, 1
90, 32, 56, 1
90, 32, 30, 2
90, 32, 64, 6
90, 32, -1, 1
90, 32, 71, 6
90, 32, 72, 6
90, 32, -1, 1
90, 32, 18, 1
90, 32, 3, 1
90, 32, 49, 2
90, 32, 65, 6
90, 32, 66, 6
90, 32, -1, 1
90, 32, -1, 1
90, 32, -1, 1
90, 32, -1, 1
90, 32, 73, 6
90, 32, 74, 6
90, 32, 75, 6
90, 32, 76, 6
90, 32, -1, 1
90, 32, -1, 1
90, 32, -1, 1
90, 32, 19, 1
90, 32, -1, 1
90, 32, 20, 1
90, 32, 4, 1
90, 32, 5, 1
90, 32, 61, 6
90, 32, 62, 6
90, 32, 63, 6
90, 32, 50, 3
90, 32, 51, 3
90, 32, 52, 3
90, 32, 53, 3
90, 32, 54, 3
90, 32, 55, 3
90, 32, 69, 6
90, 32, 92, 6
90, 32, 93, 6
91, 21, -1, 12
91, 21, -1, 12
91, 21, -1, 12
91, 21, 64, 12
91, 21, 71, 12
91, 21, 72, 12
91, 21, 65, 12
91, 21, 66, 12
91, 21, 73, 12
91, 21, 74, 12
91, 21, 75, 12
91, 21, 76, 12
91, 21, 61, 12
91, 21, 62, 12
91, 21, 63, 12
91, 21, 50, 6
91, 21, 51, 6
91, 21, 52, 6
91, 21, 53, 6
91, 21, 54, 6
91, 21, 55, 6
91, 21, 69, 12
91, 21, 92, 12
91, 21, 93, 12
92, 27, -1, 8
92, 27, -1, 8
92, 27, -1, 8
92, 27, -1, 8
92, 27, 78, 8
92, 27, 95, 8
92, 27, 80, 8
92, 27, -1, 8
92, 27, -1, 8
92, 27, 81, 8
92, 27, 82, 8
92, 27, -1, 8
92, 27, 96, 8
92, 27, 97, 8
92, 27, -1, 8
92, 27, 83, 8
92, 27, 84, 8
92, 27, 85, 8
92, 27, 77, 8
92, 27, 103, 8
92, 27, 79, 8
92, 27, 86, 8
92, 27, 98, 8
92, 27, 89, 8
92, 27, 87, 8
92, 27, 99, 8
92, 27, 90, 8
92, 27, 91, 8
92, 27, 88, 8
92, 27, 100, 8
92, 27, 94, 8
92, 27, 70, 4
92, 27, 102, 4
92, 27, 67, 4
92, 27, 68, 4
93, 27, -1, 8
93, 27, -1, 8
93, 27, -1, 8
93, 27, -1, 8
93, 27, 78, 8
93, 27, 95, 8
93, 27, 80, 8
93, 27, -1, 8
93, 27, -1, 8
93, 27, 81, 8
93, 27, 82, 8
93, 27, -1, 8
93, 27, 96, 8
93, 27, 97, 8
93, 27, -1, 8
93, 27, 83, 8
93, 27, 84, 8
93, 27, 85, 8
93, 27, 77, 8
93, 27, 103, 8
93, 27, 79, 8
93, 27, 86, 8
93, 27, 98, 8
93, 27, 89, 8
93, 27, 87, 8
93, 27, 99, 8
93, 27, 90, 8
93, 27, 91, 8
93, 27, 88, 8
93, 27, 100, 8
93, 27, 94, 8
93, 27, 70, 4
93, 27, 102, 4
93, 27, 67, 4
93, 27, 68, 4
94, 1, 104, 18
95, 61, -1, 6
95, 61, -1, 6
95, 61, -1, 6
95, 61, -1, 2
95, 61, -1, 2
95, 61, -1, 2
95, 61, 104, 20
95, 61, 30, 2
95, 61, 6, 1
95, 61, -1, 3
95, 61, -1, 3
95, 61, 7, 1
95, 61, -1, 3
95, 61, 78, 6
95, 61, 80, 6
95, 61, 34, 2
95, 61, 39, 2
95, 61, 44, 2
95, 61, -1, 1
95, 61, 18, 1
95, 61, 12, 1
95, 61, -1, 2
95, 61, -1, 3
95, 61, 49, 2
95, 61, -1, 2
95, 61, 10, 1
95, 61, 8, 1
95, 61, -1, 3
95, 61, -1, 3
95, 61, -1, 3
95, 61, -1, 3
95, 61, -1, 1
95, 61, -1, 1
95, 61, -1, 3
95, 61, -1, 3
95, 61, -1, 3
95, 61, -1, 3
95, 61, -1, 2
95, 61, 11, 1
95, 61, 9, 1
95, 61, -1, 3
95, 61, -1, 3
95, 61, -1, 3
95, 61, -1, 3
95, 61, -1, 6
95, 61, -1, 6
95, 61, 81, 6
95, 61, 82, 6
95, 61, -1, 6
95, 61, 83, 6
95, 61, 84, 6
95, 61, 35, 2
95, 61, -1, 2
95, 61, 36, 2
95, 61, 37, 2
95, 61, 40, 2
95, 61, -1, 2
95, 61, 41, 2
95, 61, 42, 2
95, 61, 45, 2
95, 61, -1, 2
95, 61, 46, 2
95, 61, 47, 2
95, 61, -1, 1
95, 61, -1, 1
95, 61, -1, 1
95, 61, -1, 1
95, 61, 19, 1
95, 61, -1, 1
95, 61, -1, 1
95, 61, 20, 1
95, 61, 13, 1
95, 61, -1, 1
95, 61, -1, 1
95, 61, 17, 1
95, 61, 85, 6
95, 61, 77, 6
95, 61, 79, 6
95, 61, 31, 2
95, 61, 32, 2
95, 61, 33, 2
95, 61, 86, 6
95, 61, 89, 6
95, 61, 24, 1
95, 61, 27, 1
95, 61, 25, 1
95, 61, 28, 1
95, 61, 26, 1
95, 61, 29, 1
95, 61, 87, 6
95, 61, 90, 6
95, 61, 91, 6
95, 61, 88, 6
95, 61, 94, 6
95, 61, -1, 1
95, 61, -1, 1
95, 61, -1, 1
95, 61, -1, 1
95, 61, -1, 1
95, 61, -1, 1
95, 61, 70, 3
95, 61, 102, 3
95, 61, 68, 3
95, 61, -1, 2
95, 61, -1, 2
95, 61, -1, 2
95, 61, 38, 2
95, 61, 43, 2
95, 61, 48, 2
95, 61, 21, 1
95, 61, 22, 1
95, 61, 23, 1
96, 1, 104, 18
97, 49, -1, 6
97, 49, -1, 6
97, 49, -1, 6
97, 49, -1, 2
97, 49, -1, 2
97, 49, -1, 2
97, 49, 104, 20
97, 49, 30, 2
97, 49, 78, 6
97, 49, 80, 6
97, 49, 34, 2
97, 49, 39, 2
97, 49, 44, 2
97, 49, -1, 2
97, 49, -1, 2
97, 49, 49, 2
97, 49, -1, 1
97, 49, -1, 1
97, 49, -1, 6
97, 49, -1, 6
97, 49, 81, 6
97, 49, 82, 6
97, 49, -1, 6
97, 49, 83, 6
97, 49, 84, 6
97, 49, 35, 2
97, 49, -1, 2
97, 49, 36, 2
97, 49, 37, 2
97, 49, 40, 2
97, 49, -1, 2
97, 49, 41, 2
97, 49, 42, 2
97, 49, 45, 2
97, 49, -1, 2
97, 49, 46, 2
97, 49, 47, 2
97, 49, 85, 6
97, 49, 77, 6
97, 49, 79, 6
97, 49, 31, 2
97, 49, 32, 2
97, 49, 33, 2
97, 49, 86, 6
97, 49, 89, 6
97, 49, 24, 1
97, 49, 27, 1
97, 49, 25, 1
97, 49, 28, 1
97, 49, 26, 1
97, 49, 29, 1
97, 49, 87, 6
97, 49, 90, 6
97, 49, 91, 6
97, 49, 88, 6
97, 49, 94, 6
97, 49, 70, 3
97, 49, 102, 3
97, 49, 68, 3
97, 49, -1, 2
97, 49, -1, 2
97, 49, -1, 2
97, 49, 38, 2
97, 49, 43, 2
97, 49, 48, 2
97, 49, 21, 1
97, 49, 22, 1
97, 49, 23, 1
98, 6, 101, 20
98, 6, 57, 2
98, 6, 58, 2
98, 6, 59, 2
98, 6, 60, 2
98, 6, 56, 2
99, 32, -1, 6
99, 32, -1, 6
99, 32, -1, 6
99, 32, 101, 18
99, 32, 60, 1
99, 32, 56, 1
99, 32, 30, 2
99, 32, 64, 6
99, 32, -1, 1
99, 32, 71, 6
99, 32, 72, 6
99, 32, -1, 1
99, 32, 18, 1
99, 32, 3, 1
99, 32, 49, 2
99, 32, 65, 6
99, 32, 66, 6
99, 32, -1, 1
99, 32, -1, 1
99, 32, -1, 1
99, 32, -1, 1
99, 32, 73, 6
99, 32, 74, 6
99, 32, 75, 6
99, 32, 76, 6
99, 32, -1, 1
99, 32, -1, 1
99, 32, -1, 1
99, 32, 19, 1
99, 32, -1, 1
99, 32, 20, 1
99, 32, 4, 1
99, 32, 5, 1
99, 32, 61, 6
99, 32, 62, 6
99, 32, 63, 6
99, 32, 50, 3
99, 32, 51, 3
99, 32, 52, 3
99, 32, 53, 3
99, 32, 54, 3
99, 32, 55, 3
99, 32, 69, 6
99, 32, 92, 6
99, 32, 93, 6
100, 1, 104, 18
101, 6, 104, 63
101, 6, 57, 9
101, 6, 58, 9
101, 6, 59, 9
101, 6, 60, 9
101, 6, 56, 6
102, 43, -1, 3
102, 43, -1, 3
102, 43, -1, 3
102, 43, -1, 1
102, 43, -1, 1
102, 43, -1, 1
102, 43, 104, 10
102, 43, 30, 1
102, 43, 95, 3
102, 43, 80, 3
102, 43, 34, 1
102, 43, 39, 1
102, 43, 44, 1
102, 43, -1, 1
102, 43, -1, 1
102, 43, 49, 1
102, 43, -1, 1
102, 43, -1, 3
102, 43, -1, 3
102, 43, 96, 3
102, 43, 97, 3
102, 43, -1, 3
102, 43, 83, 3
102, 43, 84, 3
102, 43, 35, 1
102, 43, -1, 1
102, 43, 36, 1
102, 43, 37, 1
102, 43, 40, 1
102, 43, -1, 1
102, 43, 41, 1
102, 43, 42, 1
102, 43, 45, 1
102, 43, -1, 1
102, 43, 46, 1
102, 43, 47, 1
102, 43, 85, 3
102, 43, 103, 3
102, 43, 79, 3
102, 43, 31, 1
102, 43, 32, 1
102, 43, 33, 1
102, 43, 98, 3
102, 43, 89, 3
102, 43, 27, 1
102, 43, 28, 1
102, 43, 29, 1
102, 43, 99, 3
102, 43, 90, 3
102, 43, 91, 3
102, 43, 100, 3
102, 43, 94, 3
102, 43, -1, 1
102, 43, -1, 1
102, 43, -1, 1
102, 43, 38, 1
102, 43, 43, 1
102, 43, 48, 1
102, 43, 21, 1
102, 43, 22, 1
102, 43, 23, 1
103, 50, -1, 3
103, 50, -1, 3
103, 50, -1, 24
103, 50, -1, 3
103, 50, -1, 1
103, 50, -1, 1
103, 50, -1, 1
103, 50, 104, 10
103, 50, 30, 1
103, 50, 78, 3
103, 50, 95, 24
103, 50, 80, 3
103, 50, 34, 1
103, 50, 39, 1
103, 50, 44, 1
103, 50, -1, 1
103, 50, -1, 1
103, 50, 49, 1
103, 50, -1, 1
103, 50, -1, 3
103, 50, -1, 3
103, 50, 81, 3
103, 50, 82, 3
103, 50, -1, 24
103, 50, 96, 24
103, 50, 97, 24
103, 50, -1, 3
103, 50, 83, 3
103, 50, 84, 3
103, 50, 35, 1
103, 50, -1, 1
103, 50, 36, 1
103, 50, 37, 1
103, 50, 40, 1
103, 50, -1, 1
103, 50, 41, 1
103, 50, 42, 1
103, 50, 45, 1
103, 50, -1, 1
103, 50, 46, 1
103, 50, 47, 1
103, 50, 85, 3
103, 50, 77, 3
103, 50, 79, 3
103, 50, 31, 1
103, 50, 32, 1
103, 50, 33, 1
103, 50, 86, 3
103, 50, 98, 24
103, 50, 89, 3
103, 50, 24, 1
103, 50, 25, 1
103, 50, 26, 1
103, 50, 87, 3
103, 50, 99, 24
103, 50, 90, 3
103, 50, 91, 3
103, 50, 88, 3
103, 50, 100, 24
103, 50, 94, 3
103, 50, 70, 3
103, 50, 102, 3
103, 50, 67, 12
103, 50, 68, 3
103, 50, -1, 1
103, 50, -1, 1
103, 50, -1, 1
103, 50, 38, 1
103, 50, 43, 1
103, 50, 48, 1
104, 104, -1, 24
104, 104, -1, 24
104, 104, -1, 24
104, 104, -1, 24
104, 104, -1, 10
104, 104, -1, 10
104, 104, -1, 10
104, 104, -1, 42
104, 104, -1, 42
104, 104, -1, 42
104, 104, 101, 186
104, 104, 57, 24
104, 104, 58, 24
104, 104, 59, 24
104, 104, 60, 24
104, 104, 56, 18
104, 104, 30, 15
104, 104, 6, 4
104, 104, -1, 12
104, 104, -1, 12
104, 104, 7, 4
104, 104, -1, 12
104, 104, 78, 24
104, 104, 95, 24
104, 104, 80, 24
104, 104, 34, 10
104, 104, 39, 10
104, 104, 44, 10
104, 104, 64, 42
104, 104, -1, 4
104, 104, 71, 42
104, 104, 72, 42
104, 104, -1, 4
104, 104, -1, 4
104, 104, 18, 8
104, 104, 3, 4
104, 104, 12, 5
104, 104, 0, 1
104, 104, -1, 9
104, 104, -1, 13
104, 104, 49, 18
104, 104, -1, 8
104, 104, 10, 4
104, 104, 8, 4
104, 104, -1, 12
104, 104, -1, 12
104, 104, -1, 12
104, 104, -1, 12
104, 104, -1, 5
104, 104, -1, 4
104, 104, -1, 12
104, 104, -1, 12
104, 104, -1, 12
104, 104, -1, 12
104, 104, -1, 8
104, 104, 11, 4
104, 104, 9, 4
104, 104, -1, 12
104, 104, -1, 12
104, 104, -1, 12
104, 104, -1, 12
104, 104, -1, 24
104, 104, -1, 24
104, 104, 81, 24
104, 104, 82, 24
104, 104, -1, 24
104, 104, 96, 24
104, 104, 97, 24
104, 104, -1, 24
104, 104, 83, 24
104, 104, 84, 24
104, 104, 35, 10
104, 104, -1, 10
104, 104, 36, 10
104, 104, 37, 10
104, 104, 40, 10
104, 104, -1, 10
104, 104, 41, 10
104, 104, 42, 10
104, 104, 45, 10
104, 104, -1, 10
104, 104, 46, 10
104, 104, 47, 10
104, 104, 65, 42
104, 104, 66, 42
104, 104, -1, 4
104, 104, -1, 4
104, 104, -1, 4
104, 104, -1, 4
104, 104, 73, 42
104, 104, 74, 42
104, 104, 75, 42
104, 104, 76, 42
104, 104, -1, 4
104, 104, -1, 4
104, 104, -1, 4
104, 104, -1, 4
104, 104, -1, 4
104, 104, -1, 4
104, 104, -1, 4
104, 104, 19, 8
104, 104, -1, 8
104, 104, -1, 4
104, 104, 20, 8
104, 104, 4, 4
104, 104, 5, 4
104, 104, -1, 1
104, 104, 13, 5
104, 104, -1, 5
104, 104, -1, 4
104, 104, 17, 5
104, 104, 1, 1
104, 104, 2, 1
104, 104, 85, 24
104, 104, 77, 24
104, 104, 103, 24
104, 104, 79, 24
104, 104, 31, 10
104, 104, 32, 10
104, 104, 33, 10
104, 104, 61, 42
104, 104, 62, 42
104, 104, 63, 42
104, 104, 86, 24
104, 104, 98, 24
104, 104, 89, 24
104, 104, 24, 5
104, 104, 27, 5
104, 104, 25, 5
104, 104, 28, 5
104, 104, 26, 5
104, 104, 29, 5
104, 104, 87, 24
104, 104, 99, 24
104, 104, 90, 24
104, 104, 91, 24
104, 104, 88, 24
104, 104, 100, 24
104, 104, 94, 24
104, 104, -1, 4
104, 104, -1, 4
104, 104, -1, 4
104, 104, -1, 4
104, 104, -1, 4
104, 104, -1, 4
104, 104, 70, 12
104, 104, 102, 12
104, 104, 67, 12
104, 104, 68, 12
104, 104, 50, 21
104, 104, 51, 21
104, 104, 52, 21
104, 104, 53, 21
104, 104, 54, 21
104, 104, 55, 21
104, 104, 69, 42
104, 104, 92, 42
104, 104, 93, 42
104, 104, -1, 10
104, 104, -1, 10
104, 104, -1, 10
104, 104, 38, 10
104, 104, 43, 10
104, 104, 48, 10
104, 104, 21, 4
104, 104, 14, 2
104, 104, 22, 4
104, 104, 15, 2
104, 104, 23, 4
104, 104, 16, 2
DTG
0, 1, 1, 0, 3
1, 1, 1, 0, 3
2, 1, 1, 0, 3
3, 4, 1, 0, 3
3, 4, 1, 0, 3
3, 4, 1, 0, 3
3, 4, 1, 0, 5
4, 4, 1, 0, 3
4, 4, 1, 0, 3
4, 4, 1, 0, 3
4, 4, 1, 0, 5
5, 4, 1, 0, 3
5, 4, 1, 0, 3
5, 4, 1, 0, 3
5, 4, 1, 0, 5
6, 1, 1, 0, 3
7, 1, 1, 0, 3
8, 1, 1, 0, 3
9, 1, 1, 0, 3
10, 1, 1, 0, 4
11, 1, 1, 0, 4
12, 1, 1, 0, 3
13, 1, 1, 0, 3
14, 2, 1, 0, 13
14, 2, 1, 0, 13
15, 2, 1, 0, 13
15, 2, 1, 0, 13
16, 2, 1, 0, 13
16, 2, 1, 0, 13
17, 1, 1, 0, 3
18, 5, 1, 0, 3
18, 5, 1, 0, 3
18, 5, 1, 0, 3
18, 5, 1, 0, 4
18, 5, 1, 0, 5
19, 5, 1, 0, 3
19, 5, 1, 0, 3
19, 5, 1, 0, 3
19, 5, 1, 0, 4
19, 5, 1, 0, 5
20, 5, 1, 0, 3
20, 5, 1, 0, 3
20, 5, 1, 0, 3
20, 5, 1, 0, 4
20, 5, 1, 0, 5
21, 4, 1, 0, 15
21, 4, 1, 0, 17
21, 4, 1, 0, 17
21, 4, 1, 0, 17
22, 4, 1, 0, 15
22, 4, 1, 0, 17
22, 4, 1, 0, 17
22, 4, 1, 0, 17
23, 4, 1, 0, 15
23, 4, 1, 0, 17
23, 4, 1, 0, 17
23, 4, 1, 0, 17
24, 1, 1, 0, 13
25, 1, 1, 0, 13
26, 1, 1, 0, 13
27, 1, 1, 0, 13
28, 1, 1, 0, 13
29, 1, 1, 0, 13
30, 7, 1, 0, 2
30, 7, 1, 0, 3
30, 7, 1, 0, 3
30, 7, 1, 0, 3
30, 7, 1, 0, 3
30, 7, 1, 0, 3
30, 7, 1, 0, 3
31, 6, 0, 1, 14
31, 6, 0, 1, 16
31, 6, 0, 1, 16
31, 6, 0, 1, 16
31, 6, 0, 2, 12
31, 6, 0, 2, 12
32, 6, 0, 1, 14
32, 6, 0, 1, 16
32, 6, 0, 1, 16
32, 6, 0, 1, 16
32, 6, 0, 2, 12
32, 6, 0, 2, 12
33, 6, 0, 1, 14
33, 6, 0, 1, 16
33, 6, 0, 1, 16
33, 6, 0, 1, 16
33, 6, 0, 2, 12
33, 6, 0, 2, 12
34, 2, 1, 0, 13
34, 2, 1, 0, 13
35, 2, 1, 0, 13
35, 2, 1, 0, 13
36, 2, 1, 0, 13
36, 2, 1, 0, 13
37, 2, 1, 0, 13
37, 2, 1, 0, 13
38, 2, 1, 0, 13
38, 2, 1, 0, 13
39, 2, 1, 0, 13
39, 2, 1, 0, 13
40, 2, 1, 0, 13
40, 2, 1, 0, 13
41, 2, 1, 0, 13
41, 2, 1, 0, 13
42, 2, 1, 0, 13
42, 2, 1, 0, 13
43, 2, 1, 0, 13
43, 2, 1, 0, 13
44, 2, 1, 0, 13
44, 2, 1, 0, 13
45, 2, 1, 0, 13
45, 2, 1, 0, 13
46, 2, 1, 0, 13
46, 2, 1, 0, 13
47, 2, 1, 0, 13
47, 2, 1, 0, 13
48, 2, 1, 0, 13
48, 2, 1, 0, 13
49, 7, 1, 0, 2
49, 7, 1, 0, 3
49, 7, 1, 0, 3
49, 7, 1, 0, 3
49, 7, 1, 0, 3
49, 7, 1, 0, 3
49, 7, 1, 0, 3
50, 15, 1, 0, 3
50, 15, 1, 0, 3
50, 15, 1, 0, 3
50, 15, 1, 0, 3
50, 15, 1, 0, 3
50, 15, 1, 0, 3
50, 15, 1, 0, 3
50, 15, 1, 0, 3
50, 15, 1, 0, 3
50, 15, 1, 0, 11
50, 15, 1, 0, 11
50, 15, 1, 0, 11
50, 15, 1, 0, 13
50, 15, 1, 0, 13
50, 15, 1, 0, 13
51, 15, 1, 0, 3
51, 15, 1, 0, 3
51, 15, 1, 0, 3
51, 15, 1, 0, 3
51, 15, 1, 0, 3
51, 15, 1, 0, 3
51, 15, 1, 0, 3
51, 15, 1, 0, 3
51, 15, 1, 0, 3
51, 15, 1, 0, 11
51, 15, 1, 0, 11
51, 15, 1, 0, 11
51, 15, 1, 0, 13
51, 15, 1, 0, 13
51, 15, 1, 0, 13
52, 15, 1, 0, 3
52, 15, 1, 0, 3
52, 15, 1, 0, 3
52, 15, 1, 0, 3
52, 15, 1, 0, 3
52, 15, 1, 0, 3
52, 15, 1, 0, 3
52, 15, 1, 0, 3
52, 15, 1, 0, 3
52, 15, 1, 0, 11
52, 15, 1, 0, 11
52, 15, 1, 0, 11
52, 15, 1, 0, 13
52, 15, 1, 0, 13
52, 15, 1, 0, 13
53, 15, 1, 0, 3
53, 15, 1, 0, 3
53, 15, 1, 0, 3
53, 15, 1, 0, 3
53, 15, 1, 0, 3
53, 15, 1, 0, 3
53, 15, 1, 0, 3
53, 15, 1, 0, 3
53, 15, 1, 0, 3
53, 15, 1, 0, 11
53, 15, 1, 0, 11
53, 15, 1, 0, 11
53, 15, 1, 0, 13
53, 15, 1, 0, 13
53, 15, 1, 0, 13
54, 15, 1, 0, 3
54, 15, 1, 0, 3
54, 15, 1, 0, 3
54, 15, 1, 0, 3
54, 15, 1, 0, 3
54, 15, 1, 0, 3
54, 15, 1, 0, 3
54, 15, 1, 0, 3
54, 15, 1, 0, 3
54, 15, 1, 0, 11
54, 15, 1, 0, 11
54, 15, 1, 0, 11
54, 15, 1, 0, 13
54, 15, 1, 0, 13
54, 15, 1, 0, 13
55, 15, 1, 0, 3
55, 15, 1, 0, 3
55, 15, 1, 0, 3
55, 15, 1, 0, 3
55, 15, 1, 0, 3
55, 15, 1, 0, 3
55, 15, 1, 0, 3
55, 15, 1, 0, 3
55, 15, 1, 0, 3
55, 15, 1, 0, 11
55, 15, 1, 0, 11
55, 15, 1, 0, 11
55, 15, 1, 0, 13
55, 15, 1, 0, 13
55, 15, 1, 0, 13
56, 6, 0, 1, 7
56, 6, 0, 1, 7
56, 6, 0, 1, 7
56, 6, 0, 1, 7
56, 6, 0, 1, 7
56, 6, 0, 1, 7
56, 9, 1, 0, 2
56, 9, 1, 0, 2
56, 9, 1, 0, 2
56, 9, 1, 0, 3
56, 9, 1, 0, 3
56, 9, 1, 0, 3
56, 9, 1, 0, 3
56, 9, 1, 0, 3
56, 9, 1, 0, 3
57, 9, 0, 1, 6
57, 9, 0, 1, 6
57, 9, 0, 1, 6
57, 9, 0, 1, 7
57, 9, 0, 1, 7
57, 9, 0, 1, 7
57, 9, 0, 1, 7
57, 9, 0, 1, 7
57, 9, 0, 1, 7
57, 9, 1, 0, 2
57, 9, 1, 0, 2
57, 9, 1, 0, 2
57, 9, 1, 0, 2
57, 9, 1, 0, 2
57, 9, 1, 0, 2
57, 9, 1, 0, 2
57, 9, 1, 0, 2
57, 9, 1, 0, 2
58, 9, 0, 1, 6
58, 9, 0, 1, 6
58, 9, 0, 1, 6
58, 9, 0, 1, 7
58, 9, 0, 1, 7
58, 9, 0, 1, 7
58, 9, 0, 1, 7
58, 9, 0, 1, 7
58, 9, 0, 1, 7
58, 9, 1, 0, 2
58, 9, 1, 0, 2
58, 9, 1, 0, 2
58, 9, 1, 0, 2
58, 9, 1, 0, 2
58, 9, 1, 0, 2
58, 9, 1, 0, 2
58, 9, 1, 0, 2
58, 9, 1, 0, 2
59, 9, 0, 1, 6
59, 9, 0, 1, 6
59, 9, 0, 1, 6
59, 9, 0, 1, 7
59, 9, 0, 1, 7
59, 9, 0, 1, 7
59, 9, 0, 1, 7
59, 9, 0, 1, 7
59, 9, 0, 1, 7
59, 9, 1, 0, 2
59, 9, 1, 0, 2
59, 9, 1, 0, 2
59, 9, 1, 0, 2
59, 9, 1, 0, 2
59, 9, 1, 0, 2
59, 9, 1, 0, 2
59, 9, 1, 0, 2
59, 9, 1, 0, 2
60, 9, 0, 1, 6
60, 9, 0, 1, 6
60, 9, 0, 1, 6
60, 9, 0, 1, 7
60, 9, 0, 1, 7
60, 9, 0, 1, 7
60, 9, 0, 1, 7
60, 9, 0, 1, 7
60, 9, 0, 1, 7
60, 12, 1, 0, 2
60, 12, 1, 0, 2
60, 12, 1, 0, 2
60, 12, 1, 0, 2
60, 12, 1, 0, 2
60, 12, 1, 0, 2
60, 12, 1, 0, 3
60, 12, 1, 0, 3
60, 12, 1, 0, 3
60, 12, 1, 0, 3
60, 12, 1, 0, 3
60, 12, 1, 0, 3
61, 30, 0, 1, 3
61, 30, 0, 1, 3
61, 30, 0, 1, 3
61, 30, 0, 1, 3
61, 30, 0, 1, 3
61, 30, 0, 1, 3
61, 30, 0, 1, 3
61, 30, 0, 1, 3
61, 30, 0, 1, 3
61, 30, 0, 1, 3
61, 30, 0, 1, 3
61, 30, 0, 1, 3
61, 30, 0, 1, 3
61, 30, 0, 1, 3
61, 30, 0, 1, 3
61, 30, 0, 1, 3
61, 30, 0, 1, 3
61, 30, 0, 1, 3
61, 30, 0, 1, 10
61, 30, 0, 1, 10
61, 30, 0, 1, 10
61, 30, 0, 1, 10
61, 30, 0, 1, 10
61, 30, 0, 1, 10
61, 30, 0, 1, 12
61, 30, 0, 1, 12
61, 30, 0, 1, 12
61, 30, 0, 1, 12
61, 30, 0, 1, 12
61, 30, 0, 1, 12
62, 30, 0, 1, 3
62, 30, 0, 1, 3
62, 30, 0, 1, 3
62, 30, 0, 1, 3
62, 30, 0, 1, 3
62, 30, 0, 1, 3
62, 30, 0, 1, 3
62, 30, 0, 1, 3
62, 30, 0, 1, 3
62, 30, 0, 1, 3
62, 30, 0, 1, 3
62, 30, 0, 1, 3
62, 30, 0, 1, 3
62, 30, 0, 1, 3
62, 30, 0, 1, 3
62, 30, 0, 1, 3
62, 30, 0, 1, 3
62, 30, 0, 1, 3
62, 30, 0, 1, 10
62, 30, 0, 1, 10
62, 30, 0, 1, 10
62, 30, 0, 1, 10
62, 30, 0, 1, 10
62, 30, 0, 1, 10
62, 30, 0, 1, 12
62, 30, 0, 1, 12
62, 30, 0, 1, 12
62, 30, 0, 1, 12
62, 30, 0, 1, 12
62, 30, 0, 1, 12
63, 30, 0, 1, 3
63, 30, 0, 1, 3
63, 30, 0, 1, 3
63, 30, 0, 1, 3
63, 30, 0, 1, 3
63, 30, 0, 1, 3
63, 30, 0, 1, 3
63, 30, 0, 1, 3
63, 30, 0, 1, 3
63, 30, 0, 1, 3
63, 30, 0, 1, 3
63, 30, 0, 1, 3
63, 30, 0, 1, 3
63, 30, 0, 1, 3
63, 30, 0, 1, 3
63, 30, 0, 1, 3
63, 30, 0, 1, 3
63, 30, 0, 1, 3
63, 30, 0, 1, 10
63, 30, 0, 1, 10
63, 30, 0, 1, 10
63, 30, 0, 1, 10
63, 30, 0, 1, 10
63, 30, 0, 1, 10
63, 30, 0, 1, 12
63, 30, 0, 1, 12
63, 30, 0, 1, 12
63, 30, 0, 1, 12
63, 30, 0, 1, 12
63, 30, 0, 1, 12
64, 30, 1, 0, 3
64, 30, 1, 0, 3
64, 30, 1, 0, 3
64, 30, 1, 0, 3
64, 30, 1, 0, 3
64, 30, 1, 0, 3
64, 30, 1, 0, 3
64, 30, 1, 0, 3
64, 30, 1, 0, 3
64, 30, 1, 0, 3
64, 30, 1, 0, 3
64, 30, 1, 0, 3
64, 30, 1, 0, 3
64, 30, 1, 0, 3
64, 30, 1, 0, 3
64, 30, 1, 0, 3
64, 30, 1, 0, 3
64, 30, 1, 0, 3
64, 30, 1, 0, 11
64, 30, 1, 0, 11
64, 30, 1, 0, 11
64, 30, 1, 0, 11
64, 30, 1, 0, 11
64, 30, 1, 0, 11
64, 30, 1, 0, 13
64, 30, 1, 0, 13
64, 30, 1, 0, 13
64, 30, 1, 0, 13
64, 30, 1, 0, 13
64, 30, 1, 0, 13
65, 30, 1, 0, 3
65, 30, 1, 0, 3
65, 30, 1, 0, 3
65, 30, 1, 0, 3
65, 30, 1, 0, 3
65, 30, 1, 0, 3
65, 30, 1, 0, 3
65, 30, 1, 0, 3
65, 30, 1, 0, 3
65, 30, 1, 0, 3
65, 30, 1, 0, 3
65, 30, 1, 0, 3
65, 30, 1, 0, 3
65, 30, 1, 0, 3
65, 30, 1, 0, 3
65, 30, 1, 0, 3
65, 30, 1, 0, 3
65, 30, 1, 0, 3
65, 30, 1, 0, 11
65, 30, 1, 0, 11
65, 30, 1, 0, 11
65, 30, 1, 0, 11
65, 30, 1, 0, 11
65, 30, 1, 0, 11
65, 30, 1, 0, 13
65, 30, 1, 0, 13
65, 30, 1, 0, 13
65, 30, 1, 0, 13
65, 30, 1, 0, 13
65, 30, 1, 0, 13
66, 30, 1, 0, 3
66, 30, 1, 0, 3
66, 30, 1, 0, 3
66, 30, 1, 0, 3
66, 30, 1, 0, 3
66, 30, 1, 0, 3
66, 30, 1, 0, 3
66, 30, 1, 0, 3
66, 30, 1, 0, 3
66, 30, 1, 0, 3
66, 30, 1, 0, 3
66, 30, 1, 0, 3
66, 30, 1, 0, 3
66, 30, 1, 0, 3
66, 30, 1, 0, 3
66, 30, 1, 0, 3
66, 30, 1, 0, 3
66, 30, 1, 0, 3
66, 30, 1, 0, 11
66, 30, 1, 0, 11
66, 30, 1, 0, 11
66, 30, 1, 0, 11
66, 30, 1, 0, 11
66, 30, 1, 0, 11
66, 30, 1, 0, 13
66, 30, 1, 0, 13
66, 30, 1, 0, 13
66, 30, 1, 0, 13
66, 30, 1, 0, 13
66, 30, 1, 0, 13
67, 3, 1, 0, 17
67, 3, 1, 0, 17
67, 3, 1, 0, 17
68, 3, 1, 0, 17
68, 3, 1, 0, 17
68, 3, 1, 0, 17
69, 30, 1, 0, 3
69, 30, 1, 0, 3
69, 30, 1, 0, 3
69, 30, 1, 0, 3
69, 30, 1, 0, 3
69, 30, 1, 0, 3
69, 30, 1, 0, 3
69, 30, 1, 0, 3
69, 30, 1, 0, 3
69, 30, 1, 0, 3
69, 30, 1, 0, 3
69, 30, 1, 0, 3
69, 30, 1, 0, 3
69, 30, 1, 0, 3
69, 30, 1, 0, 3
69, 30, 1, 0, 3
69, 30, 1, 0, 3
69, 30, 1, 0, 3
69, 30, 1, 0, 11
69, 30, 1, 0, 11
69, 30, 1, 0, 11
69, 30, 1, 0, 11
69, 30, 1, 0, 11
69, 30, 1, 0, 11
69, 30, 1, 0, 13
69, 30, 1, 0, 13
69, 30, 1, 0, 13
69, 30, 1, 0, 13
69, 30, 1, 0, 13
69, 30, 1, 0, 13
70, 3, 1, 0, 17
70, 3, 1, 0, 17
70, 3, 1, 0, 17
71, 30, 1, 0, 3
71, 30, 1, 0, 3
71, 30, 1, 0, 3
71, 30, 1, 0, 3
71, 30, 1, 0, 3
71, 30, 1, 0, 3
71, 30, 1, 0, 3
71, 30, 1, 0, 3
71, 30, 1, 0, 3
71, 30, 1, 0, 3
71, 30, 1, 0, 3
71, 30, 1, 0, 3
71, 30, 1, 0, 3
71, 30, 1, 0, 3
71, 30, 1, 0, 3
71, 30, 1, 0, 3
71, 30, 1, 0, 3
71, 30, 1, 0, 3
71, 30, 1, 0, 11
71, 30, 1, 0, 11
71, 30, 1, 0, 11
71, 30, 1, 0, 11
71, 30, 1, 0, 11
71, 30, 1, 0, 11
71, 30, 1, 0, 13
71, 30, 1, 0, 13
71, 30, 1, 0, 13
71, 30, 1, 0, 13
71, 30, 1, 0, 13
71, 30, 1, 0, 13
72, 30, 1, 0, 3
72, 30, 1, 0, 3
72, 30, 1, 0, 3
72, 30, 1, 0, 3
72, 30, 1, 0, 3
72, 30, 1, 0, 3
72, 30, 1, 0, 3
72, 30, 1, 0, 3
72, 30, 1, 0, 3
72, 30, 1, 0, 3
72, 30, 1, 0, 3
72, 30, 1, 0, 3
72, 30, 1, 0, 3
72, 30, 1, 0, 3
72, 30, 1, 0, 3
72, 30, 1, 0, 3
72, 30, 1, 0, 3
72, 30, 1, 0, 3
72, 30, 1, 0, 11
72, 30, 1, 0, 11
72, 30, 1, 0, 11
72, 30, 1, 0, 11
72, 30, 1, 0, 11
72, 30, 1, 0, 11
72, 30, 1, 0, 13
72, 30, 1, 0, 13
72, 30, 1, 0, 13
72, 30, 1, 0, 13
72, 30, 1, 0, 13
72, 30, 1, 0, 13
73, 30, 1, 0, 3
73, 30, 1, 0, 3
73, 30, 1, 0, 3
73, 30, 1, 0, 3
73, 30, 1, 0, 3
73, 30, 1, 0, 3
73, 30, 1, 0, 3
73, 30, 1, 0, 3
73, 30, 1, 0, 3
73, 30, 1, 0, 3
73, 30, 1, 0, 3
73, 30, 1, 0, 3
73, 30, 1, 0, 3
73, 30, 1, 0, 3
73, 30, 1, 0, 3
73, 30, 1, 0, 3
73, 30, 1, 0, 3
73, 30, 1, 0, 3
73, 30, 1, 0, 11
73, 30, 1, 0, 11
73, 30, 1, 0, 11
73, 30, 1, 0, 11
73, 30, 1, 0, 11
73, 30, 1, 0, 11
73, 30, 1, 0, 13
73, 30, 1, 0, 13
73, 30, 1, 0, 13
73, 30, 1, 0, 13
73, 30, 1, 0, 13
73, 30, 1, 0, 13
74, 30, 1, 0, 3
74, 30, 1, 0, 3
74, 30, 1, 0, 3
74, 30, 1, 0, 3
74, 30, 1, 0, 3
74, 30, 1, 0, 3
74, 30, 1, 0, 3
74, 30, 1, 0, 3
74, 30, 1, 0, 3
74, 30, 1, 0, 3
74, 30, 1, 0, 3
74, 30, 1, 0, 3
74, 30, 1, 0, 3
74, 30, 1, 0, 3
74, 30, 1, 0, 3
74, 30, 1, 0, 3
74, 30, 1, 0, 3
74, 30, 1, 0, 3
74, 30, 1, 0, 11
74, 30, 1, 0, 11
74, 30, 1, 0, 11
74, 30, 1, 0, 11
74, 30, 1, 0, 11
74, 30, 1, 0, 11
74, 30, 1, 0, 13
74, 30, 1, 0, 13
74, 30, 1, 0, 13
74, 30, 1, 0, 13
74, 30, 1, 0, 13
74, 30, 1, 0, 13
75, 30, 1, 0, 3
75, 30, 1, 0, 3
75, 30, 1, 0, 3
75, 30, 1, 0, 3
75, 30, 1, 0, 3
75, 30, 1, 0, 3
75, 30, 1, 0, 3
75, 30, 1, 0, 3
75, 30, 1, 0, 3
75, 30, 1, 0, 3
75, 30, 1, 0, 3
75, 30, 1, 0, 3
75, 30, 1, 0, 3
75, 30, 1, 0, 3
75, 30, 1, 0, 3
75, 30, 1, 0, 3
75, 30, 1, 0, 3
75, 30, 1, 0, 3
75, 30, 1, 0, 11
75, 30, 1, 0, 11
75, 30, 1, 0, 11
75, 30, 1, 0, 11
75, 30, 1, 0, 11
75, 30, 1, 0, 11
75, 30, 1, 0, 13
75, 30, 1, 0, 13
75, 30, 1, 0, 13
75, 30, 1, 0, 13
75, 30, 1, 0, 13
75, 30, 1, 0, 13
76, 30, 1, 0, 3
76, 30, 1, 0, 3
76, 30, 1, 0, 3
76, 30, 1, 0, 3
76, 30, 1, 0, 3
76, 30, 1, 0, 3
76, 30, 1, 0, 3
76, 30, 1, 0, 3
76, 30, 1, 0, 3
76, 30, 1, 0, 3
76, 30, 1, 0, 3
76, 30, 1, 0, 3
76, 30, 1, 0, 3
76, 30, 1, 0, 3
76, 30, 1, 0, 3
76, 30, 1, 0, 3
76, 30, 1, 0, 3
76, 30, 1, 0, 3
76, 30, 1, 0, 11
76, 30, 1, 0, 11
76, 30, 1, 0, 11
76, 30, 1, 0, 11
76, 30, 1, 0, 11
76, 30, 1, 0, 11
76, 30, 1, 0, 13
76, 30, 1, 0, 13
76, 30, 1, 0, 13
76, 30, 1, 0, 13
76, 30, 1, 0, 13
76, 30, 1, 0, 13
77, 6, 0, 1, 16
77, 6, 0, 1, 16
77, 6, 0, 1, 16
77, 6, 0, 2, 16
77, 6, 0, 2, 16
77, 6, 0, 2, 16
78, 6, 1, 0, 17
78, 6, 1, 0, 17
78, 6, 1, 0, 17
78, 6, 1, 0, 17
78, 6, 1, 0, 17
78, 6, 1, 0, 17
79, 6, 0, 1, 16
79, 6, 0, 1, 16
79, 6, 0, 1, 16
79, 6, 0, 2, 16
79, 6, 0, 2, 16
79, 6, 0, 2, 16
80, 6, 1, 0, 17
80, 6, 1, 0, 17
80, 6, 1, 0, 17
80, 6, 1, 0, 17
80, 6, 1, 0, 17
80, 6, 1, 0, 17
81, 6, 1, 0, 17
81, 6, 1, 0, 17
81, 6, 1, 0, 17
81, 6, 1, 0, 17
81, 6, 1, 0, 17
81, 6, 1, 0, 17
82, 6, 1, 0, 17
82, 6, 1, 0, 17
82, 6, 1, 0, 17
82, 6, 1, 0, 17
82, 6, 1, 0, 17
82, 6, 1, 0, 17
83, 6, 1, 0, 17
83, 6, 1, 0, 17
83, 6, 1, 0, 17
83, 6, 1, 0, 17
83, 6, 1, 0, 17
83, 6, 1, 0, 17
84, 6, 1, 0, 17
84, 6, 1, 0, 17
84, 6, 1, 0, 17
84, 6, 1, 0, 17
84, 6, 1, 0, 17
84, 6, 1, 0, 17
85, 6, 0, 1, 16
85, 6, 0, 1, 16
85, 6, 0, 1, 16
85, 6, 0, 2, 16
85, 6, 0, 2, 16
85, 6, 0, 2, 16
86, 6, 0, 1, 17
86, 6, 0, 1, 17
86, 6, 0, 1, 17
86, 6, 0, 1, 17
86, 6, 0, 1, 17
86, 6, 0, 1, 17
87, 6, 1, 0, 17
87, 6, 1, 0, 17
87, 6, 1, 0, 17
87, 6, 1, 0, 17
87, 6, 1, 0, 17
87, 6, 1, 0, 17
88, 6, 1, 0, 17
88, 6, 1, 0, 17
88, 6, 1, 0, 17
88, 6, 1, 0, 17
88, 6, 1, 0, 17
88, 6, 1, 0, 17
89, 6, 0, 1, 17
89, 6, 0, 1, 17
89, 6, 0, 1, 17
89, 6, 0, 1, 17
89, 6, 0, 1, 17
89, 6, 0, 1, 17
90, 6, 1, 0, 17
90, 6, 1, 0, 17
90, 6, 1, 0, 17
90, 6, 1, 0, 17
90, 6, 1, 0, 17
90, 6, 1, 0, 17
91, 6, 1, 0, 17
91, 6, 1, 0, 17
91, 6, 1, 0, 17
91, 6, 1, 0, 17
91, 6, 1, 0, 17
91, 6, 1, 0, 17
92, 30, 1, 0, 3
92, 30, 1, 0, 3
92, 30, 1, 0, 3
92, 30, 1, 0, 3
92, 30, 1, 0, 3
92, 30, 1, 0, 3
92, 30, 1, 0, 3
92, 30, 1, 0, 3
92, 30, 1, 0, 3
92, 30, 1, 0, 3
92, 30, 1, 0, 3
92, 30, 1, 0, 3
92, 30, 1, 0, 3
92, 30, 1, 0, 3
92, 30, 1, 0, 3
92, 30, 1, 0, 3
92, 30, 1, 0, 3
92, 30, 1, 0, 3
92, 30, 1, 0, 11
92, 30, 1, 0, 11
92, 30, 1, 0, 11
92, 30, 1, 0, 11
92, 30, 1, 0, 11
92, 30, 1, 0, 11
92, 30, 1, 0, 13
92, 30, 1, 0, 13
92, 30, 1, 0, 13
92, 30, 1, 0, 13
92, 30, 1, 0, 13
92, 30, 1, 0, 13
93, 30, 1, 0, 3
93, 30, 1, 0, 3
93, 30, 1, 0, 3
93, 30, 1, 0, 3
93, 30, 1, 0, 3
93, 30, 1, 0, 3
93, 30, 1, 0, 3
93, 30, 1, 0, 3
93, 30, 1, 0, 3
93, 30, 1, 0, 3
93, 30, 1, 0, 3
93, 30, 1, 0, 3
93, 30, 1, 0, 3
93, 30, 1, 0, 3
93, 30, 1, 0, 3
93, 30, 1, 0, 3
93, 30, 1, 0, 3
93, 30, 1, 0, 3
93, 30, 1, 0, 11
93, 30, 1, 0, 11
93, 30, 1, 0, 11
93, 30, 1, 0, 11
93, 30, 1, 0, 11
93, 30, 1, 0, 11
93, 30, 1, 0, 13
93, 30, 1, 0, 13
93, 30, 1, 0, 13
93, 30, 1, 0, 13
93, 30, 1, 0, 13
93, 30, 1, 0, 13
94, 6, 1, 0, 17
94, 6, 1, 0, 17
94, 6, 1, 0, 17
94, 6, 1, 0, 17
94, 6, 1, 0, 17
94, 6, 1, 0, 17
95, 6, 1, 0, 17
95, 6, 1, 0, 17
95, 6, 1, 0, 17
95, 6, 1, 0, 17
95, 6, 1, 0, 17
95, 6, 1, 0, 17
96, 6, 1, 0, 17
96, 6, 1, 0, 17
96, 6, 1, 0, 17
96, 6, 1, 0, 17
96, 6, 1, 0, 17
96, 6, 1, 0, 17
97, 6, 1, 0, 17
97, 6, 1, 0, 17
97, 6, 1, 0, 17
97, 6, 1, 0, 17
97, 6, 1, 0, 17
97, 6, 1, 0, 17
98, 6, 0, 1, 17
98, 6, 0, 1, 17
98, 6, 0, 1, 17
98, 6, 0, 1, 17
98, 6, 0, 1, 17
98, 6, 0, 1, 17
99, 6, 1, 0, 17
99, 6, 1, 0, 17
99, 6, 1, 0, 17
99, 6, 1, 0, 17
99, 6, 1, 0, 17
99, 6, 1, 0, 17
100, 6, 1, 0, 17
100, 6, 1, 0, 17
100, 6, 1, 0, 17
100, 6, 1, 0, 17
100, 6, 1, 0, 17
100, 6, 1, 0, 17
101, 63, 0, 1, 2
101, 63, 0, 1, 2
101, 63, 0, 1, 2
101, 63, 0, 1, 2
101, 63, 0, 1, 2
101, 63, 0, 1, 2
101, 63, 0, 1, 2
101, 63, 0, 1, 2
101, 63, 0, 1, 2
101, 63, 0, 1, 2
101, 63, 0, 1, 2
101, 63, 0, 1, 2
101, 63, 0, 1, 2
101, 63, 0, 1, 2
101, 63, 0, 1, 2
101, 63, 0, 1, 2
101, 63, 0, 1, 2
101, 63, 0, 1, 2
101, 63, 0, 1, 2
101, 63, 0, 1, 2
101, 63, 0, 1, 2
101, 63, 0, 1, 2
101, 63, 0, 1, 2
101, 63, 0, 1, 2
101, 63, 0, 1, 2
101, 63, 0, 1, 2
101, 63, 0, 1, 2
101, 63, 0, 1, 2
101, 63, 0, 1, 2
101, 63, 0, 1, 2
101, 63, 0, 1, 2
101, 63, 0, 1, 2
101, 63, 0, 1, 2
101, 63, 0, 1, 2
101, 63, 0, 1, 2
101, 63, 0, 1, 2
101, 63, 0, 1, 2
101, 63, 0, 1, 2
101, 63, 0, 1, 2
101, 63, 0, 1, 2
101, 63, 0, 1, 2
101, 63, 0, 1, 2
101, 63, 0, 1, 2
101, 63, 0, 1, 2
101, 63, 0, 1, 2
101, 63, 0, 1, 2
101, 63, 0, 1, 2
101, 63, 0, 1, 2
101, 63, 0, 1, 2
101, 63, 0, 1, 2
101, 63, 0, 1, 2
101, 63, 0, 1, 2
101, 63, 0, 1, 2
101, 63, 0, 1, 2
101, 63, 0, 1, 6
101, 63, 0, 1, 6
101, 63, 0, 1, 6
101, 63, 0, 1, 7
101, 63, 0, 1, 7
101, 63, 0, 1, 7
101, 63, 0, 1, 7
101, 63, 0, 1, 7
101, 63, 0, 1, 7
101, 117, 1, 0, 2
101, 117, 1, 0, 2
101, 117, 1, 0, 2
101, 117, 1, 0, 2
101, 117, 1, 0, 2
101, 117, 1, 0, 2
101, 117, 1, 0, 2
101, 117, 1, 0, 2
101, 117, 1, 0, 2
101, 117, 1, 0, 3
101, 117, 1, 0, 3
101, 117, 1, 0, 3
101, 117, 1, 0, 3
101, 117, 1, 0, 3
101, 117, 1, 0, 3
101, 117, 1, 0, 3
101, 117, 1, 0, 3
101, 117, 1, 0, 3
101, 117, 1, 0, 3
101, 117, 1, 0, 3
101, 117, 1, 0, 3
101, 117, 1, 0, 3
101, 117, 1, 0, 3
101, 117, 1, 0, 3
101, 117, 1, 0, 3
101, 117, 1, 0, 3
101, 117, 1, 0, 3
101, 117, 1, 0, 3
101, 117, 1, 0, 3
101, 117, 1, 0, 3
101, 117, 1, 0, 3
101, 117, 1, 0, 3
101, 117, 1, 0, 3
101, 117, 1, 0, 3
101, 117, 1, 0, 3
101, 117, 1, 0, 3
101, 117, 1, 0, 3
101, 117, 1, 0, 3
101, 117, 1, 0, 3
101, 117, 1, 0, 3
101, 117, 1, 0, 3
101, 117, 1, 0, 3
101, 117, 1, 0, 3
101, 117, 1, 0, 3
101, 117, 1, 0, 3
101, 117, 1, 0, 3
101, 117, 1, 0, 3
101, 117, 1, 0, 3
101, 117, 1, 0, 3
101, 117, 1, 0, 3
101, 117, 1, 0, 3
101, 117, 1, 0, 3
101, 117, 1, 0, 3
101, 117, 1, 0, 3
101, 117, 1, 0, 3
101, 117, 1, 0, 3
101, 117, 1, 0, 3
101, 117, 1, 0, 3
101, 117, 1, 0, 3
101, 117, 1, 0, 3
101, 117, 1, 0, 3
101, 117, 1, 0, 3
101, 117, 1, 0, 3
101, 117, 1, 0, 3
101, 117, 1, 0, 3
101, 117, 1, 0, 3
101, 117, 1, 0, 3
101, 117, 1, 0, 3
101, 117, 1, 0, 3
101, 117, 1, 0, 3
101, 117, 1, 0, 3
101, 117, 1, 0, 3
101, 117, 1, 0, 3
101, 117, 1, 0, 3
101, 117, 1, 0, 3
101, 117, 1, 0, 3
101, 117, 1, 0, 3
101, 117, 1, 0, 3
101, 117, 1, 0, 3
101, 117, 1, 0, 3
101, 117, 1, 0, 3
101, 117, 1, 0, 3
101, 117, 1, 0, 3
101, 117, 1, 0, 3
101, 117, 1, 0, 3
101, 117, 1, 0, 3
101, 117, 1, 0, 3
101, 117, 1, 0, 3
101, 117, 1, 0, 3
101, 117, 1, 0, 3
101, 117, 1, 0, 3
101, 117, 1, 0, 3
101, 117, 1, 0, 3
101, 117, 1, 0, 3
101, 117, 1, 0, 3
101, 117, 1, 0, 3
101, 117, 1, 0, 3
101, 117, 1, 0, 3
101, 117, 1, 0, 3
101, 117, 1, 0, 3
101, 117, 1, 0, 3
101, 117, 1, 0, 3
101, 117, 1, 0, 3
101, 117, 1, 0, 3
101, 117, 1, 0, 3
101, 117, 1, 0, 3
101, 117, 1, 0, 3
101, 117, 1, 0, 3
101, 117, 1, 0, 3
101, 117, 1, 0, 3
101, 117, 1, 0, 3
101, 117, 1, 0, 3
101, 117, 1, 0, 3
101, 117, 1, 0, 3
101, 117, 1, 0, 3
101, 117, 1, 0, 3
101, 117, 1, 0, 3
102, 3, 1, 0, 17
102, 3, 1, 0, 17
102, 3, 1, 0, 17
103, 6, 0, 1, 16
103, 6, 0, 1, 16
103, 6, 0, 1, 16
103, 6, 0, 2, 16
103, 6, 0, 2, 16
103, 6, 0, 2, 16
104, 1, 0, 9, 6
104, 1, 1, 9, 6
104, 1, 2, 9, 6
104, 1, 3, 9, 7
104, 1, 4, 9, 7
104, 1, 5, 9, 7
104, 1, 6, 9, 7
104, 1, 7, 9, 7
104, 1, 8, 9, 7
104, 63, 9, 0, 4
104, 63, 9, 1, 2
104, 63, 9, 2, 4
104, 63, 9, 3, 6
104, 63, 9, 4, 6
104, 63, 9, 5, 6
104, 63, 9, 6, 6
104, 63, 9, 7, 6
104, 63, 9, 8, 6
104, 63, 9, 10, 16
104, 63, 9, 11, 16
104, 63, 9, 12, 16
104, 63, 9, 13, 16
104, 63, 9, 14, 16
104, 63, 9, 15, 16
104, 63, 9, 16, 16
104, 63, 9, 17, 16
104, 63, 9, 18, 16
104, 63, 9, 19, 16
104, 63, 9, 20, 16
104, 63, 9, 21, 16
104, 63, 9, 22, 16
104, 63, 9, 23, 16
104, 63, 9, 24, 16
104, 63, 9, 25, 16
104, 63, 9, 26, 16
104, 63, 9, 27, 16
104, 63, 9, 28, 16
104, 63, 9, 29, 16
104, 63, 9, 30, 16
104, 63, 9, 31, 16
104, 63, 9, 32, 16
104, 63, 9, 33, 16
104, 63, 9, 34, 16
104, 63, 9, 35, 16
104, 63, 9, 36, 16
104, 63, 9, 37, 16
104, 63, 9, 38, 16
104, 63, 9, 39, 16
104, 63, 9, 40, 16
104, 63, 9, 41, 16
104, 63, 9, 42, 16
104, 63, 9, 43, 16
104, 63, 9, 44, 16
104, 63, 9, 45, 16
104, 63, 9, 46, 16
104, 63, 9, 47, 16
104, 63, 9, 48, 16
104, 63, 9, 49, 16
104, 63, 9, 50, 16
104, 63, 9, 51, 16
104, 63, 9, 52, 16
104, 63, 9, 53, 16
104, 63, 9, 54, 16
104, 63, 9, 55, 16
104, 63, 9, 56, 16
104, 63, 9, 57, 16
104, 63, 9, 58, 16
104, 63, 9, 59, 16
104, 63, 9, 60, 16
104, 63, 9, 61, 16
104, 63, 9, 62, 16
104, 63, 9, 63, 16
104, 1, 10, 9, 2
104, 1, 11, 9, 2
104, 1, 12, 9, 2
104, 1, 13, 9, 2
104, 1, 14, 9, 2
104, 1, 15, 9, 2
104, 1, 16, 9, 2
104, 1, 17, 9, 2
104, 1, 18, 9, 2
104, 1, 19, 9, 2
104, 1, 20, 9, 2
104, 1, 21, 9, 2
104, 1, 22, 9, 2
104, 1, 23, 9, 2
104, 1, 24, 9, 2
104, 1, 25, 9, 2
104, 1, 26, 9, 2
104, 1, 27, 9, 2
104, 1, 28, 9, 2
104, 1, 29, 9, 2
104, 1, 30, 9, 2
104, 1, 31, 9, 2
104, 1, 32, 9, 2
104, 1, 33, 9, 2
104, 1, 34, 9, 2
104, 1, 35, 9, 2
104, 1, 36, 9, 2
104, 1, 37, 9, 2
104, 1, 38, 9, 2
104, 1, 39, 9, 2
104, 1, 40, 9, 2
104, 1, 41, 9, 2
104, 1, 42, 9, 2
104, 1, 43, 9, 2
104, 1, 44, 9, 2
104, 1, 45, 9, 2
104, 1, 46, 9, 2
104, 1, 47, 9, 2
104, 1, 48, 9, 2
104, 1, 49, 9, 2
104, 1, 50, 9, 2
104, 1, 51, 9, 2
104, 1, 52, 9, 2
104, 1, 53, 9, 2
104, 1, 54, 9, 2
104, 1, 55, 9, 2
104, 1, 56, 9, 2
104, 1, 57, 9, 2
104, 1, 58, 9, 2
104, 1, 59, 9, 2
104, 1, 60, 9, 2
104, 1, 61, 9, 2
104, 1, 62, 9, 2
104, 1, 63, 9, 2
Goal
102
103
104
