CG
196
0, 195, 195, 2
0, 195, 194, 3
0, 195, 193, 3
0, 195, 192, 3
0, 195, 191, 3
0, 195, 190, 2
0, 195, 189, 3
0, 195, 188, 3
0, 195, 187, 3
0, 195, 186, 3
0, 195, 185, 3
0, 195, 184, 3
0, 195, 183, 3
0, 195, 182, 3
0, 195, 181, 3
0, 195, 180, 4
0, 195, 179, 4
0, 195, 178, 4
0, 195, 177, 4
0, 195, 176, 3
0, 195, 175, 4
0, 195, 174, 4
0, 195, 173, 4
0, 195, 172, 4
0, 195, 171, 4
0, 195, 170, 4
0, 195, 169, 4
0, 195, 168, 4
0, 195, 167, 3
0, 195, 166, 4
0, 195, 165, 4
0, 195, 164, 4
0, 195, 163, 4
0, 195, 162, 3
0, 195, 161, 4
0, 195, 160, 4
0, 195, 159, 4
0, 195, 158, 4
0, 195, 157, 4
0, 195, 156, 4
0, 195, 155, 4
0, 195, 154, 4
0, 195, 153, 3
0, 195, 152, 4
0, 195, 151, 4
0, 195, 150, 4
0, 195, 149, 4
0, 195, 148, 3
0, 195, 147, 4
0, 195, 146, 4
0, 195, 145, 4
0, 195, 144, 4
0, 195, 143, 4
0, 195, 142, 4
0, 195, 141, 4
0, 195, 140, 4
0, 195, 139, 3
0, 195, 138, 4
0, 195, 137, 4
0, 195, 136, 4
0, 195, 135, 4
0, 195, 134, 3
0, 195, 133, 4
0, 195, 132, 4
0, 195, 131, 4
0, 195, 130, 4
0, 195, 129, 4
0, 195, 128, 4
0, 195, 127, 4
0, 195, 126, 4
0, 195, 125, 2
0, 195, 124, 3
0, 195, 123, 3
0, 195, 122, 3
0, 195, 121, 3
0, 195, 120, 2
0, 195, 119, 3
0, 195, 118, 3
0, 195, 117, 3
0, 195, 116, 3
0, 195, 115, 3
0, 195, 114, 3
0, 195, 113, 3
0, 195, 112, 3
0, 195, 111, 3
0, 195, 110, 4
0, 195, 109, 4
0, 195, 108, 4
0, 195, 107, 4
0, 195, 106, 3
0, 195, 105, 4
0, 195, 104, 4
0, 195, 103, 4
0, 195, 102, 4
0, 195, 101, 4
0, 195, 100, 4
0, 195, 99, 4
0, 195, 98, 4
0, 195, 97, 3
0, 195, 96, 4
0, 195, 95, 4
0, 195, 94, 4
0, 195, 93, 4
0, 195, 92, 3
0, 195, 91, 4
0, 195, 90, 4
0, 195, 89, 4
0, 195, 88, 4
0, 195, 87, 4
0, 195, 86, 4
0, 195, 85, 4
0, 195, 84, 4
0, 195, 83, 3
0, 195, 82, 4
0, 195, 81, 4
0, 195, 80, 4
0, 195, 79, 4
0, 195, 78, 3
0, 195, 77, 4
0, 195, 76, 4
0, 195, 75, 4
0, 195, 74, 4
0, 195, 73, 4
0, 195, 72, 4
0, 195, 71, 4
0, 195, 70, 4
0, 195, 69, 3
0, 195, 68, 4
0, 195, 67, 4
0, 195, 66, 4
0, 195, 65, 4
0, 195, 64, 3
0, 195, 63, 4
0, 195, 62, 4
0, 195, 61, 4
0, 195, 60, 4
0, 195, 59, 4
0, 195, 58, 4
0, 195, 57, 4
0, 195, 56, 4
0, 195, 55, 3
0, 195, 54, 4
0, 195, 53, 4
0, 195, 52, 4
0, 195, 51, 4
0, 195, 50, 3
0, 195, 49, 4
0, 195, 48, 4
0, 195, 47, 4
0, 195, 46, 4
0, 195, 45, 4
0, 195, 44, 4
0, 195, 43, 4
0, 195, 42, 4
0, 195, 41, 3
0, 195, 40, 4
0, 195, 39, 4
0, 195, 38, 4
0, 195, 37, 4
0, 195, 36, 3
0, 195, 35, 4
0, 195, 34, 4
0, 195, 33, 4
0, 195, 32, 4
0, 195, 31, 4
0, 195, 30, 4
0, 195, 29, 4
0, 195, 28, 3
0, 195, 27, 4
0, 195, 26, 4
0, 195, 25, 4
0, 195, 24, 4
0, 195, 23, 3
0, 195, 22, 4
0, 195, 21, 4
0, 195, 20, 4
0, 195, 19, 4
0, 195, 18, 4
0, 195, 17, 4
0, 195, 16, 4
0, 195, 15, 4
0, 195, 14, 3
0, 195, 13, 4
0, 195, 12, 4
0, 195, 11, 4
0, 195, 10, 4
0, 195, 9, 3
0, 195, 8, 4
0, 195, 7, 4
0, 195, 6, 4
0, 195, 5, 4
0, 195, 4, 4
0, 195, 3, 4
0, 195, 2, 4
0, 195, 1, 4
DTG
0, 2, 0, 1, 1
0, 2, 0, 14, 1
0, 3, 1, 0, 1
0, 3, 1, 6, 1
0, 3, 1, 15, 1
0, 3, 2, 3, 1
0, 3, 2, 13, 1
0, 3, 2, 16, 1
0, 3, 3, 2, 1
0, 3, 3, 4, 1
0, 3, 3, 17, 1
0, 3, 4, 3, 1
0, 3, 4, 5, 1
0, 3, 4, 18, 1
0, 2, 5, 4, 1
0, 2, 5, 19, 1
0, 3, 6, 1, 1
0, 3, 6, 7, 1
0, 3, 6, 20, 1
0, 3, 7, 6, 1
0, 3, 7, 8, 1
0, 3, 7, 21, 1
0, 3, 8, 7, 1
0, 3, 8, 9, 1
0, 3, 8, 22, 1
0, 3, 9, 8, 1
0, 3, 9, 10, 1
0, 3, 9, 23, 1
0, 3, 10, 9, 1
0, 3, 10, 11, 1
0, 3, 10, 24, 1
0, 3, 11, 10, 1
0, 3, 11, 12, 1
0, 3, 11, 25, 1
0, 3, 12, 11, 1
0, 3, 12, 13, 1
0, 3, 12, 26, 1
0, 3, 13, 2, 1
0, 3, 13, 12, 1
0, 3, 13, 27, 1
0, 3, 14, 0, 1
0, 3, 14, 15, 1
0, 3, 14, 84, 1
0, 4, 15, 1, 1
0, 4, 15, 14, 1
0, 4, 15, 20, 1
0, 4, 15, 85, 1
0, 4, 16, 2, 1
0, 4, 16, 17, 1
0, 4, 16, 27, 1
0, 4, 16, 86, 1
0, 4, 17, 3, 1
0, 4, 17, 16, 1
0, 4, 17, 18, 1
0, 4, 17, 87, 1
0, 4, 18, 4, 1
0, 4, 18, 17, 1
0, 4, 18, 19, 1
0, 4, 18, 88, 1
0, 3, 19, 5, 1
0, 3, 19, 18, 1
0, 3, 19, 89, 1
0, 4, 20, 6, 1
0, 4, 20, 15, 1
0, 4, 20, 21, 1
0, 4, 20, 90, 1
0, 4, 21, 7, 1
0, 4, 21, 20, 1
0, 4, 21, 22, 1
0, 4, 21, 91, 1
0, 4, 22, 8, 1
0, 4, 22, 21, 1
0, 4, 22, 23, 1
0, 4, 22, 92, 1
0, 4, 23, 9, 1
0, 4, 23, 22, 1
0, 4, 23, 24, 1
0, 4, 23, 93, 1
0, 4, 24, 10, 1
0, 4, 24, 23, 1
0, 4, 24, 25, 1
0, 4, 24, 94, 1
0, 4, 25, 11, 1
0, 4, 25, 24, 1
0, 4, 25, 26, 1
0, 4, 25, 95, 1
0, 4, 26, 12, 1
0, 4, 26, 25, 1
0, 4, 26, 27, 1
0, 4, 26, 96, 1
0, 4, 27, 13, 1
0, 4, 27, 16, 1
0, 4, 27, 26, 1
0, 4, 27, 97, 1
0, 3, 28, 29, 1
0, 3, 28, 42, 1
0, 3, 28, 182, 1
0, 4, 29, 28, 1
0, 4, 29, 34, 1
0, 4, 29, 43, 1
0, 4, 29, 183, 1
0, 4, 30, 31, 1
0, 4, 30, 41, 1
0, 4, 30, 44, 1
0, 4, 30, 184, 1
0, 4, 31, 30, 1
0, 4, 31, 32, 1
0, 4, 31, 45, 1
0, 4, 31, 185, 1
0, 4, 32, 31, 1
0, 4, 32, 33, 1
0, 4, 32, 46, 1
0, 4, 32, 186, 1
0, 3, 33, 32, 1
0, 3, 33, 47, 1
0, 3, 33, 187, 1
0, 4, 34, 29, 1
0, 4, 34, 35, 1
0, 4, 34, 48, 1
0, 4, 34, 188, 1
0, 4, 35, 34, 1
0, 4, 35, 36, 1
0, 4, 35, 49, 1
0, 4, 35, 189, 1
0, 4, 36, 35, 1
0, 4, 36, 37, 1
0, 4, 36, 50, 1
0, 4, 36, 190, 1
0, 4, 37, 36, 1
0, 4, 37, 38, 1
0, 4, 37, 51, 1
0, 4, 37, 191, 1
0, 4, 38, 37, 1
0, 4, 38, 39, 1
0, 4, 38, 52, 1
0, 4, 38, 192, 1
0, 4, 39, 38, 1
0, 4, 39, 40, 1
0, 4, 39, 53, 1
0, 4, 39, 193, 1
0, 4, 40, 39, 1
0, 4, 40, 41, 1
0, 4, 40, 54, 1
0, 4, 40, 194, 1
0, 4, 41, 30, 1
0, 4, 41, 40, 1
0, 4, 41, 55, 1
0, 4, 41, 195, 1
0, 3, 42, 28, 1
0, 3, 42, 43, 1
0, 3, 42, 56, 1
0, 4, 43, 29, 1
0, 4, 43, 42, 1
0, 4, 43, 48, 1
0, 4, 43, 57, 1
0, 4, 44, 30, 1
0, 4, 44, 45, 1
0, 4, 44, 55, 1
0, 4, 44, 58, 1
0, 4, 45, 31, 1
0, 4, 45, 44, 1
0, 4, 45, 46, 1
0, 4, 45, 59, 1
0, 4, 46, 32, 1
0, 4, 46, 45, 1
0, 4, 46, 47, 1
0, 4, 46, 60, 1
0, 3, 47, 33, 1
0, 3, 47, 46, 1
0, 3, 47, 61, 1
0, 4, 48, 34, 1
0, 4, 48, 43, 1
0, 4, 48, 49, 1
0, 4, 48, 62, 1
0, 4, 49, 35, 1
0, 4, 49, 48, 1
0, 4, 49, 50, 1
0, 4, 49, 63, 1
0, 4, 50, 36, 1
0, 4, 50, 49, 1
0, 4, 50, 51, 1
0, 4, 50, 64, 1
0, 4, 51, 37, 1
0, 4, 51, 50, 1
0, 4, 51, 52, 1
0, 4, 51, 65, 1
0, 4, 52, 38, 1
0, 4, 52, 51, 1
0, 4, 52, 53, 1
0, 4, 52, 66, 1
0, 4, 53, 39, 1
0, 4, 53, 52, 1
0, 4, 53, 54, 1
0, 4, 53, 67, 1
0, 4, 54, 40, 1
0, 4, 54, 53, 1
0, 4, 54, 55, 1
0, 4, 54, 68, 1
0, 4, 55, 41, 1
0, 4, 55, 44, 1
0, 4, 55, 54, 1
0, 4, 55, 69, 1
0, 3, 56, 42, 1
0, 3, 56, 57, 1
0, 3, 56, 70, 1
0, 4, 57, 43, 1
0, 4, 57, 56, 1
0, 4, 57, 62, 1
0, 4, 57, 71, 1
0, 4, 58, 44, 1
0, 4, 58, 59, 1
0, 4, 58, 69, 1
0, 4, 58, 72, 1
0, 4, 59, 45, 1
0, 4, 59, 58, 1
0, 4, 59, 60, 1
0, 4, 59, 73, 1
0, 4, 60, 46, 1
0, 4, 60, 59, 1
0, 4, 60, 61, 1
0, 4, 60, 74, 1
0, 3, 61, 47, 1
0, 3, 61, 60, 1
0, 3, 61, 75, 1
0, 4, 62, 48, 1
0, 4, 62, 57, 1
0, 4, 62, 63, 1
0, 4, 62, 76, 1
0, 4, 63, 49, 1
0, 4, 63, 62, 1
0, 4, 63, 64, 1
0, 4, 63, 77, 1
0, 4, 64, 50, 1
0, 4, 64, 63, 1
0, 4, 64, 65, 1
0, 4, 64, 78, 1
0, 4, 65, 51, 1
0, 4, 65, 64, 1
0, 4, 65, 66, 1
0, 4, 65, 79, 1
0, 4, 66, 52, 1
0, 4, 66, 65, 1
0, 4, 66, 67, 1
0, 4, 66, 80, 1
0, 4, 67, 53, 1
0, 4, 67, 66, 1
0, 4, 67, 68, 1
0, 4, 67, 81, 1
0, 4, 68, 54, 1
0, 4, 68, 67, 1
0, 4, 68, 69, 1
0, 4, 68, 82, 1
0, 4, 69, 55, 1
0, 4, 69, 58, 1
0, 4, 69, 68, 1
0, 4, 69, 83, 1
0, 2, 70, 56, 1
0, 2, 70, 71, 1
0, 3, 71, 57, 1
0, 3, 71, 70, 1
0, 3, 71, 76, 1
0, 3, 72, 58, 1
0, 3, 72, 73, 1
0, 3, 72, 83, 1
0, 3, 73, 59, 1
0, 3, 73, 72, 1
0, 3, 73, 74, 1
0, 3, 74, 60, 1
0, 3, 74, 73, 1
0, 3, 74, 75, 1
0, 2, 75, 61, 1
0, 2, 75, 74, 1
0, 3, 76, 62, 1
0, 3, 76, 71, 1
0, 3, 76, 77, 1
0, 3, 77, 63, 1
0, 3, 77, 76, 1
0, 3, 77, 78, 1
0, 3, 78, 64, 1
0, 3, 78, 77, 1
0, 3, 78, 79, 1
0, 3, 79, 65, 1
0, 3, 79, 78, 1
0, 3, 79, 80, 1
0, 3, 80, 66, 1
0, 3, 80, 79, 1
0, 3, 80, 81, 1
0, 3, 81, 67, 1
0, 3, 81, 80, 1
0, 3, 81, 82, 1
0, 3, 82, 68, 1
0, 3, 82, 81, 1
0, 3, 82, 83, 1
0, 3, 83, 69, 1
0, 3, 83, 72, 1
0, 3, 83, 82, 1
0, 3, 84, 14, 1
0, 3, 84, 85, 1
0, 3, 84, 98, 1
0, 4, 85, 15, 1
0, 4, 85, 84, 1
0, 4, 85, 90, 1
0, 4, 85, 99, 1
0, 4, 86, 16, 1
0, 4, 86, 87, 1
0, 4, 86, 97, 1
0, 4, 86, 100, 1
0, 4, 87, 17, 1
0, 4, 87, 86, 1
0, 4, 87, 88, 1
0, 4, 87, 101, 1
0, 4, 88, 18, 1
0, 4, 88, 87, 1
0, 4, 88, 89, 1
0, 4, 88, 102, 1
0, 3, 89, 19, 1
0, 3, 89, 88, 1
0, 3, 89, 103, 1
0, 4, 90, 20, 1
0, 4, 90, 85, 1
0, 4, 90, 91, 1
0, 4, 90, 104, 1
0, 4, 91, 21, 1
0, 4, 91, 90, 1
0, 4, 91, 92, 1
0, 4, 91, 105, 1
0, 4, 92, 22, 1
0, 4, 92, 91, 1
0, 4, 92, 93, 1
0, 4, 92, 106, 1
0, 4, 93, 23, 1
0, 4, 93, 92, 1
0, 4, 93, 94, 1
0, 4, 93, 107, 1
0, 4, 94, 24, 1
0, 4, 94, 93, 1
0, 4, 94, 95, 1
0, 4, 94, 108, 1
0, 4, 95, 25, 1
0, 4, 95, 94, 1
0, 4, 95, 96, 1
0, 4, 95, 109, 1
0, 4, 96, 26, 1
0, 4, 96, 95, 1
0, 4, 96, 97, 1
0, 4, 96, 110, 1
0, 4, 97, 27, 1
0, 4, 97, 86, 1
0, 4, 97, 96, 1
0, 4, 97, 111, 1
0, 3, 98, 84, 1
0, 3, 98, 99, 1
0, 3, 98, 112, 1
0, 4, 99, 85, 1
0, 4, 99, 98, 1
0, 4, 99, 104, 1
0, 4, 99, 113, 1
0, 4, 100, 86, 1
0, 4, 100, 101, 1
0, 4, 100, 111, 1
0, 4, 100, 114, 1
0, 4, 101, 87, 1
0, 4, 101, 100, 1
0, 4, 101, 102, 1
0, 4, 101, 115, 1
0, 4, 102, 88, 1
0, 4, 102, 101, 1
0, 4, 102, 103, 1
0, 4, 102, 116, 1
0, 3, 103, 89, 1
0, 3, 103, 102, 1
0, 3, 103, 117, 1
0, 4, 104, 90, 1
0, 4, 104, 99, 1
0, 4, 104, 105, 1
0, 4, 104, 118, 1
0, 4, 105, 91, 1
0, 4, 105, 104, 1
0, 4, 105, 106, 1
0, 4, 105, 119, 1
0, 4, 106, 92, 1
0, 4, 106, 105, 1
0, 4, 106, 107, 1
0, 4, 106, 120, 1
0, 4, 107, 93, 1
0, 4, 107, 106, 1
0, 4, 107, 108, 1
0, 4, 107, 121, 1
0, 4, 108, 94, 1
0, 4, 108, 107, 1
0, 4, 108, 109, 1
0, 4, 108, 122, 1
0, 4, 109, 95, 1
0, 4, 109, 108, 1
0, 4, 109, 110, 1
0, 4, 109, 123, 1
0, 4, 110, 96, 1
0, 4, 110, 109, 1
0, 4, 110, 111, 1
0, 4, 110, 124, 1
0, 4, 111, 97, 1
0, 4, 111, 100, 1
0, 4, 111, 110, 1
0, 4, 111, 125, 1
0, 3, 112, 98, 1
0, 3, 112, 113, 1
0, 3, 112, 126, 1
0, 4, 113, 99, 1
0, 4, 113, 112, 1
0, 4, 113, 118, 1
0, 4, 113, 127, 1
0, 4, 114, 100, 1
0, 4, 114, 115, 1
0, 4, 114, 125, 1
0, 4, 114, 128, 1
0, 4, 115, 101, 1
0, 4, 115, 114, 1
0, 4, 115, 116, 1
0, 4, 115, 129, 1
0, 4, 116, 102, 1
0, 4, 116, 115, 1
0, 4, 116, 117, 1
0, 4, 116, 130, 1
0, 3, 117, 103, 1
0, 3, 117, 116, 1
0, 3, 117, 131, 1
0, 4, 118, 104, 1
0, 4, 118, 113, 1
0, 4, 118, 119, 1
0, 4, 118, 132, 1
0, 4, 119, 105, 1
0, 4, 119, 118, 1
0, 4, 119, 120, 1
0, 4, 119, 133, 1
0, 4, 120, 106, 1
0, 4, 120, 119, 1
0, 4, 120, 121, 1
0, 4, 120, 134, 1
0, 4, 121, 107, 1
0, 4, 121, 120, 1
0, 4, 121, 122, 1
0, 4, 121, 135, 1
0, 4, 122, 108, 1
0, 4, 122, 121, 1
0, 4, 122, 123, 1
0, 4, 122, 136, 1
0, 4, 123, 109, 1
0, 4, 123, 122, 1
0, 4, 123, 124, 1
0, 4, 123, 137, 1
0, 4, 124, 110, 1
0, 4, 124, 123, 1
0, 4, 124, 125, 1
0, 4, 124, 138, 1
0, 4, 125, 111, 1
0, 4, 125, 114, 1
0, 4, 125, 124, 1
0, 4, 125, 139, 1
0, 3, 126, 112, 1
0, 3, 126, 127, 1
0, 3, 126, 140, 1
0, 4, 127, 113, 1
0, 4, 127, 126, 1
0, 4, 127, 132, 1
0, 4, 127, 141, 1
0, 4, 128, 114, 1
0, 4, 128, 129, 1
0, 4, 128, 139, 1
0, 4, 128, 142, 1
0, 4, 129, 115, 1
0, 4, 129, 128, 1
0, 4, 129, 130, 1
0, 4, 129, 143, 1
0, 4, 130, 116, 1
0, 4, 130, 129, 1
0, 4, 130, 131, 1
0, 4, 130, 144, 1
0, 3, 131, 117, 1
0, 3, 131, 130, 1
0, 3, 131, 145, 1
0, 4, 132, 118, 1
0, 4, 132, 127, 1
0, 4, 132, 133, 1
0, 4, 132, 146, 1
0, 4, 133, 119, 1
0, 4, 133, 132, 1
0, 4, 133, 134, 1
0, 4, 133, 147, 1
0, 4, 134, 120, 1
0, 4, 134, 133, 1
0, 4, 134, 135, 1
0, 4, 134, 148, 1
0, 4, 135, 121, 1
0, 4, 135, 134, 1
0, 4, 135, 136, 1
0, 4, 135, 149, 1
0, 4, 136, 122, 1
0, 4, 136, 135, 1
0, 4, 136, 137, 1
0, 4, 136, 150, 1
0, 4, 137, 123, 1
0, 4, 137, 136, 1
0, 4, 137, 138, 1
0, 4, 137, 151, 1
0, 4, 138, 124, 1
0, 4, 138, 137, 1
0, 4, 138, 139, 1
0, 4, 138, 152, 1
0, 4, 139, 125, 1
0, 4, 139, 128, 1
0, 4, 139, 138, 1
0, 4, 139, 153, 1
0, 3, 140, 126, 1
0, 3, 140, 141, 1
0, 3, 140, 154, 1
0, 4, 141, 127, 1
0, 4, 141, 140, 1
0, 4, 141, 146, 1
0, 4, 141, 155, 1
0, 4, 142, 128, 1
0, 4, 142, 143, 1
0, 4, 142, 153, 1
0, 4, 142, 156, 1
0, 4, 143, 129, 1
0, 4, 143, 142, 1
0, 4, 143, 144, 1
0, 4, 143, 157, 1
0, 4, 144, 130, 1
0, 4, 144, 143, 1
0, 4, 144, 145, 1
0, 4, 144, 158, 1
0, 3, 145, 131, 1
0, 3, 145, 144, 1
0, 3, 145, 159, 1
0, 4, 146, 132, 1
0, 4, 146, 141, 1
0, 4, 146, 147, 1
0, 4, 146, 160, 1
0, 4, 147, 133, 1
0, 4, 147, 146, 1
0, 4, 147, 148, 1
0, 4, 147, 161, 1
0, 4, 148, 134, 1
0, 4, 148, 147, 1
0, 4, 148, 149, 1
0, 4, 148, 162, 1
0, 4, 149, 135, 1
0, 4, 149, 148, 1
0, 4, 149, 150, 1
0, 4, 149, 163, 1
0, 4, 150, 136, 1
0, 4, 150, 149, 1
0, 4, 150, 151, 1
0, 4, 150, 164, 1
0, 4, 151, 137, 1
0, 4, 151, 150, 1
0, 4, 151, 152, 1
0, 4, 151, 165, 1
0, 4, 152, 138, 1
0, 4, 152, 151, 1
0, 4, 152, 153, 1
0, 4, 152, 166, 1
0, 4, 153, 139, 1
0, 4, 153, 142, 1
0, 4, 153, 152, 1
0, 4, 153, 167, 1
0, 3, 154, 140, 1
0, 3, 154, 155, 1
0, 3, 154, 168, 1
0, 4, 155, 141, 1
0, 4, 155, 154, 1
0, 4, 155, 160, 1
0, 4, 155, 169, 1
0, 4, 156, 142, 1
0, 4, 156, 157, 1
0, 4, 156, 167, 1
0, 4, 156, 170, 1
0, 4, 157, 143, 1
0, 4, 157, 156, 1
0, 4, 157, 158, 1
0, 4, 157, 171, 1
0, 4, 158, 144, 1
0, 4, 158, 157, 1
0, 4, 158, 159, 1
0, 4, 158, 172, 1
0, 3, 159, 145, 1
0, 3, 159, 158, 1
0, 3, 159, 173, 1
0, 4, 160, 146, 1
0, 4, 160, 155, 1
0, 4, 160, 161, 1
0, 4, 160, 174, 1
0, 4, 161, 147, 1
0, 4, 161, 160, 1
0, 4, 161, 162, 1
0, 4, 161, 175, 1
0, 4, 162, 148, 1
0, 4, 162, 161, 1
0, 4, 162, 163, 1
0, 4, 162, 176, 1
0, 4, 163, 149, 1
0, 4, 163, 162, 1
0, 4, 163, 164, 1
0, 4, 163, 177, 1
0, 4, 164, 150, 1
0, 4, 164, 163, 1
0, 4, 164, 165, 1
0, 4, 164, 178, 1
0, 4, 165, 151, 1
0, 4, 165, 164, 1
0, 4, 165, 166, 1
0, 4, 165, 179, 1
0, 4, 166, 152, 1
0, 4, 166, 165, 1
0, 4, 166, 167, 1
0, 4, 166, 180, 1
0, 4, 167, 153, 1
0, 4, 167, 156, 1
0, 4, 167, 166, 1
0, 4, 167, 181, 1
0, 3, 168, 154, 1
0, 3, 168, 169, 1
0, 3, 168, 182, 1
0, 4, 169, 155, 1
0, 4, 169, 168, 1
0, 4, 169, 174, 1
0, 4, 169, 183, 1
0, 4, 170, 156, 1
0, 4, 170, 171, 1
0, 4, 170, 181, 1
0, 4, 170, 184, 1
0, 4, 171, 157, 1
0, 4, 171, 170, 1
0, 4, 171, 172, 1
0, 4, 171, 185, 1
0, 4, 172, 158, 1
0, 4, 172, 171, 1
0, 4, 172, 173, 1
0, 4, 172, 186, 1
0, 3, 173, 159, 1
0, 3, 173, 172, 1
0, 3, 173, 187, 1
0, 4, 174, 160, 1
0, 4, 174, 169, 1
0, 4, 174, 175, 1
0, 4, 174, 188, 1
0, 4, 175, 161, 1
0, 4, 175, 174, 1
0, 4, 175, 176, 1
0, 4, 175, 189, 1
0, 4, 176, 162, 1
0, 4, 176, 175, 1
0, 4, 176, 177, 1
0, 4, 176, 190, 1
0, 4, 177, 163, 1
0, 4, 177, 176, 1
0, 4, 177, 178, 1
0, 4, 177, 191, 1
0, 4, 178, 164, 1
0, 4, 178, 177, 1
0, 4, 178, 179, 1
0, 4, 178, 192, 1
0, 4, 179, 165, 1
0, 4, 179, 178, 1
0, 4, 179, 180, 1
0, 4, 179, 193, 1
0, 4, 180, 166, 1
0, 4, 180, 179, 1
0, 4, 180, 181, 1
0, 4, 180, 194, 1
0, 4, 181, 167, 1
0, 4, 181, 170, 1
0, 4, 181, 180, 1
0, 4, 181, 195, 1
0, 3, 182, 28, 1
0, 3, 182, 168, 1
0, 3, 182, 183, 1
0, 4, 183, 29, 1
0, 4, 183, 169, 1
0, 4, 183, 182, 1
0, 4, 183, 188, 1
0, 4, 184, 30, 1
0, 4, 184, 170, 1
0, 4, 184, 185, 1
0, 4, 184, 195, 1
0, 4, 185, 31, 1
0, 4, 185, 171, 1
0, 4, 185, 184, 1
0, 4, 185, 186, 1
0, 4, 186, 32, 1
0, 4, 186, 172, 1
0, 4, 186, 185, 1
0, 4, 186, 187, 1
0, 3, 187, 33, 1
0, 3, 187, 173, 1
0, 3, 187, 186, 1
0, 4, 188, 34, 1
0, 4, 188, 174, 1
0, 4, 188, 183, 1
0, 4, 188, 189, 1
0, 4, 189, 35, 1
0, 4, 189, 175, 1
0, 4, 189, 188, 1
0, 4, 189, 190, 1
0, 4, 190, 36, 1
0, 4, 190, 176, 1
0, 4, 190, 189, 1
0, 4, 190, 191, 1
0, 4, 191, 37, 1
0, 4, 191, 177, 1
0, 4, 191, 190, 1
0, 4, 191, 192, 1
0, 4, 192, 38, 1
0, 4, 192, 178, 1
0, 4, 192, 191, 1
0, 4, 192, 193, 1
0, 4, 193, 39, 1
0, 4, 193, 179, 1
0, 4, 193, 192, 1
0, 4, 193, 194, 1
0, 4, 194, 40, 1
0, 4, 194, 180, 1
0, 4, 194, 193, 1
0, 4, 194, 195, 1
0, 4, 195, 41, 1
0, 4, 195, 181, 1
0, 4, 195, 184, 1
0, 4, 195, 194, 1
1, 4, 1, 0, 2
1, 4, 1, 0, 2
1, 4, 1, 0, 2
1, 4, 1, 0, 2
2, 4, 1, 0, 2
2, 4, 1, 0, 2
2, 4, 1, 0, 2
2, 4, 1, 0, 2
3, 4, 1, 0, 2
3, 4, 1, 0, 2
3, 4, 1, 0, 2
3, 4, 1, 0, 2
4, 4, 1, 0, 2
4, 4, 1, 0, 2
4, 4, 1, 0, 2
4, 4, 1, 0, 2
5, 4, 1, 0, 2
5, 4, 1, 0, 2
5, 4, 1, 0, 2
5, 4, 1, 0, 2
6, 4, 1, 0, 2
6, 4, 1, 0, 2
6, 4, 1, 0, 2
6, 4, 1, 0, 2
7, 4, 1, 0, 2
7, 4, 1, 0, 2
7, 4, 1, 0, 2
7, 4, 1, 0, 2
8, 4, 1, 0, 2
8, 4, 1, 0, 2
8, 4, 1, 0, 2
8, 4, 1, 0, 2
9, 3, 1, 0, 2
9, 3, 1, 0, 2
9, 3, 1, 0, 2
10, 4, 1, 0, 2
10, 4, 1, 0, 2
10, 4, 1, 0, 2
10, 4, 1, 0, 2
11, 4, 1, 0, 2
11, 4, 1, 0, 2
11, 4, 1, 0, 2
11, 4, 1, 0, 2
12, 4, 1, 0, 2
12, 4, 1, 0, 2
12, 4, 1, 0, 2
12, 4, 1, 0, 2
13, 4, 1, 0, 2
13, 4, 1, 0, 2
13, 4, 1, 0, 2
13, 4, 1, 0, 2
14, 3, 1, 0, 2
14, 3, 1, 0, 2
14, 3, 1, 0, 2
15, 4, 1, 0, 2
15, 4, 1, 0, 2
15, 4, 1, 0, 2
15, 4, 1, 0, 2
16, 4, 1, 0, 2
16, 4, 1, 0, 2
16, 4, 1, 0, 2
16, 4, 1, 0, 2
17, 4, 1, 0, 2
17, 4, 1, 0, 2
17, 4, 1, 0, 2
17, 4, 1, 0, 2
18, 4, 1, 0, 2
18, 4, 1, 0, 2
18, 4, 1, 0, 2
18, 4, 1, 0, 2
19, 4, 1, 0, 2
19, 4, 1, 0, 2
19, 4, 1, 0, 2
19, 4, 1, 0, 2
20, 4, 1, 0, 2
20, 4, 1, 0, 2
20, 4, 1, 0, 2
20, 4, 1, 0, 2
21, 4, 1, 0, 2
21, 4, 1, 0, 2
21, 4, 1, 0, 2
21, 4, 1, 0, 2
22, 4, 1, 0, 2
22, 4, 1, 0, 2
22, 4, 1, 0, 2
22, 4, 1, 0, 2
23, 3, 1, 0, 2
23, 3, 1, 0, 2
23, 3, 1, 0, 2
24, 4, 1, 0, 2
24, 4, 1, 0, 2
24, 4, 1, 0, 2
24, 4, 1, 0, 2
25, 4, 1, 0, 2
25, 4, 1, 0, 2
25, 4, 1, 0, 2
25, 4, 1, 0, 2
26, 4, 1, 0, 2
26, 4, 1, 0, 2
26, 4, 1, 0, 2
26, 4, 1, 0, 2
27, 4, 1, 0, 2
27, 4, 1, 0, 2
27, 4, 1, 0, 2
27, 4, 1, 0, 2
28, 3, 1, 0, 2
28, 3, 1, 0, 2
28, 3, 1, 0, 2
29, 4, 1, 0, 2
29, 4, 1, 0, 2
29, 4, 1, 0, 2
29, 4, 1, 0, 2
30, 4, 1, 0, 2
30, 4, 1, 0, 2
30, 4, 1, 0, 2
30, 4, 1, 0, 2
31, 4, 1, 0, 2
31, 4, 1, 0, 2
31, 4, 1, 0, 2
31, 4, 1, 0, 2
32, 4, 1, 0, 2
32, 4, 1, 0, 2
32, 4, 1, 0, 2
32, 4, 1, 0, 2
33, 4, 1, 0, 2
33, 4, 1, 0, 2
33, 4, 1, 0, 2
33, 4, 1, 0, 2
34, 4, 1, 0, 2
34, 4, 1, 0, 2
34, 4, 1, 0, 2
34, 4, 1, 0, 2
35, 4, 1, 0, 2
35, 4, 1, 0, 2
35, 4, 1, 0, 2
35, 4, 1, 0, 2
36, 3, 1, 0, 2
36, 3, 1, 0, 2
36, 3, 1, 0, 2
37, 4, 1, 0, 2
37, 4, 1, 0, 2
37, 4, 1, 0, 2
37, 4, 1, 0, 2
38, 4, 1, 0, 2
38, 4, 1, 0, 2
38, 4, 1, 0, 2
38, 4, 1, 0, 2
39, 4, 1, 0, 2
39, 4, 1, 0, 2
39, 4, 1, 0, 2
39, 4, 1, 0, 2
40, 4, 1, 0, 2
40, 4, 1, 0, 2
40, 4, 1, 0, 2
40, 4, 1, 0, 2
41, 3, 1, 0, 2
41, 3, 1, 0, 2
41, 3, 1, 0, 2
42, 4, 1, 0, 2
42, 4, 1, 0, 2
42, 4, 1, 0, 2
42, 4, 1, 0, 2
43, 4, 1, 0, 2
43, 4, 1, 0, 2
43, 4, 1, 0, 2
43, 4, 1, 0, 2
44, 4, 1, 0, 2
44, 4, 1, 0, 2
44, 4, 1, 0, 2
44, 4, 1, 0, 2
45, 4, 1, 0, 2
45, 4, 1, 0, 2
45, 4, 1, 0, 2
45, 4, 1, 0, 2
46, 4, 1, 0, 2
46, 4, 1, 0, 2
46, 4, 1, 0, 2
46, 4, 1, 0, 2
47, 4, 1, 0, 2
47, 4, 1, 0, 2
47, 4, 1, 0, 2
47, 4, 1, 0, 2
48, 4, 1, 0, 2
48, 4, 1, 0, 2
48, 4, 1, 0, 2
48, 4, 1, 0, 2
49, 4, 1, 0, 2
49, 4, 1, 0, 2
49, 4, 1, 0, 2
49, 4, 1, 0, 2
50, 3, 1, 0, 2
50, 3, 1, 0, 2
50, 3, 1, 0, 2
51, 4, 1, 0, 2
51, 4, 1, 0, 2
51, 4, 1, 0, 2
51, 4, 1, 0, 2
52, 4, 1, 0, 2
52, 4, 1, 0, 2
52, 4, 1, 0, 2
52, 4, 1, 0, 2
53, 4, 1, 0, 2
53, 4, 1, 0, 2
53, 4, 1, 0, 2
53, 4, 1, 0, 2
54, 4, 1, 0, 2
54, 4, 1, 0, 2
54, 4, 1, 0, 2
54, 4, 1, 0, 2
55, 3, 1, 0, 2
55, 3, 1, 0, 2
55, 3, 1, 0, 2
56, 4, 1, 0, 2
56, 4, 1, 0, 2
56, 4, 1, 0, 2
56, 4, 1, 0, 2
57, 4, 1, 0, 2
57, 4, 1, 0, 2
57, 4, 1, 0, 2
57, 4, 1, 0, 2
58, 4, 1, 0, 2
58, 4, 1, 0, 2
58, 4, 1, 0, 2
58, 4, 1, 0, 2
59, 4, 1, 0, 2
59, 4, 1, 0, 2
59, 4, 1, 0, 2
59, 4, 1, 0, 2
60, 4, 1, 0, 2
60, 4, 1, 0, 2
60, 4, 1, 0, 2
60, 4, 1, 0, 2
61, 4, 1, 0, 2
61, 4, 1, 0, 2
61, 4, 1, 0, 2
61, 4, 1, 0, 2
62, 4, 1, 0, 2
62, 4, 1, 0, 2
62, 4, 1, 0, 2
62, 4, 1, 0, 2
63, 4, 1, 0, 2
63, 4, 1, 0, 2
63, 4, 1, 0, 2
63, 4, 1, 0, 2
64, 3, 1, 0, 2
64, 3, 1, 0, 2
64, 3, 1, 0, 2
65, 4, 1, 0, 2
65, 4, 1, 0, 2
65, 4, 1, 0, 2
65, 4, 1, 0, 2
66, 4, 1, 0, 2
66, 4, 1, 0, 2
66, 4, 1, 0, 2
66, 4, 1, 0, 2
67, 4, 1, 0, 2
67, 4, 1, 0, 2
67, 4, 1, 0, 2
67, 4, 1, 0, 2
68, 4, 1, 0, 2
68, 4, 1, 0, 2
68, 4, 1, 0, 2
68, 4, 1, 0, 2
69, 3, 1, 0, 2
69, 3, 1, 0, 2
69, 3, 1, 0, 2
70, 4, 1, 0, 2
70, 4, 1, 0, 2
70, 4, 1, 0, 2
70, 4, 1, 0, 2
71, 4, 1, 0, 2
71, 4, 1, 0, 2
71, 4, 1, 0, 2
71, 4, 1, 0, 2
72, 4, 1, 0, 2
72, 4, 1, 0, 2
72, 4, 1, 0, 2
72, 4, 1, 0, 2
73, 4, 1, 0, 2
73, 4, 1, 0, 2
73, 4, 1, 0, 2
73, 4, 1, 0, 2
74, 4, 1, 0, 2
74, 4, 1, 0, 2
74, 4, 1, 0, 2
74, 4, 1, 0, 2
75, 4, 1, 0, 2
75, 4, 1, 0, 2
75, 4, 1, 0, 2
75, 4, 1, 0, 2
76, 4, 1, 0, 2
76, 4, 1, 0, 2
76, 4, 1, 0, 2
76, 4, 1, 0, 2
77, 4, 1, 0, 2
77, 4, 1, 0, 2
77, 4, 1, 0, 2
77, 4, 1, 0, 2
78, 3, 1, 0, 2
78, 3, 1, 0, 2
78, 3, 1, 0, 2
79, 4, 1, 0, 2
79, 4, 1, 0, 2
79, 4, 1, 0, 2
79, 4, 1, 0, 2
80, 4, 1, 0, 2
80, 4, 1, 0, 2
80, 4, 1, 0, 2
80, 4, 1, 0, 2
81, 4, 1, 0, 2
81, 4, 1, 0, 2
81, 4, 1, 0, 2
81, 4, 1, 0, 2
82, 4, 1, 0, 2
82, 4, 1, 0, 2
82, 4, 1, 0, 2
82, 4, 1, 0, 2
83, 3, 1, 0, 2
83, 3, 1, 0, 2
83, 3, 1, 0, 2
84, 4, 1, 0, 2
84, 4, 1, 0, 2
84, 4, 1, 0, 2
84, 4, 1, 0, 2
85, 4, 1, 0, 2
85, 4, 1, 0, 2
85, 4, 1, 0, 2
85, 4, 1, 0, 2
86, 4, 1, 0, 2
86, 4, 1, 0, 2
86, 4, 1, 0, 2
86, 4, 1, 0, 2
87, 4, 1, 0, 2
87, 4, 1, 0, 2
87, 4, 1, 0, 2
87, 4, 1, 0, 2
88, 4, 1, 0, 2
88, 4, 1, 0, 2
88, 4, 1, 0, 2
88, 4, 1, 0, 2
89, 4, 1, 0, 2
89, 4, 1, 0, 2
89, 4, 1, 0, 2
89, 4, 1, 0, 2
90, 4, 1, 0, 2
90, 4, 1, 0, 2
90, 4, 1, 0, 2
90, 4, 1, 0, 2
91, 4, 1, 0, 2
91, 4, 1, 0, 2
91, 4, 1, 0, 2
91, 4, 1, 0, 2
92, 3, 1, 0, 2
92, 3, 1, 0, 2
92, 3, 1, 0, 2
93, 4, 1, 0, 2
93, 4, 1, 0, 2
93, 4, 1, 0, 2
93, 4, 1, 0, 2
94, 4, 1, 0, 2
94, 4, 1, 0, 2
94, 4, 1, 0, 2
94, 4, 1, 0, 2
95, 4, 1, 0, 2
95, 4, 1, 0, 2
95, 4, 1, 0, 2
95, 4, 1, 0, 2
96, 4, 1, 0, 2
96, 4, 1, 0, 2
96, 4, 1, 0, 2
96, 4, 1, 0, 2
97, 3, 1, 0, 2
97, 3, 1, 0, 2
97, 3, 1, 0, 2
98, 4, 1, 0, 2
98, 4, 1, 0, 2
98, 4, 1, 0, 2
98, 4, 1, 0, 2
99, 4, 1, 0, 2
99, 4, 1, 0, 2
99, 4, 1, 0, 2
99, 4, 1, 0, 2
100, 4, 1, 0, 2
100, 4, 1, 0, 2
100, 4, 1, 0, 2
100, 4, 1, 0, 2
101, 4, 1, 0, 2
101, 4, 1, 0, 2
101, 4, 1, 0, 2
101, 4, 1, 0, 2
102, 4, 1, 0, 2
102, 4, 1, 0, 2
102, 4, 1, 0, 2
102, 4, 1, 0, 2
103, 4, 1, 0, 2
103, 4, 1, 0, 2
103, 4, 1, 0, 2
103, 4, 1, 0, 2
104, 4, 1, 0, 2
104, 4, 1, 0, 2
104, 4, 1, 0, 2
104, 4, 1, 0, 2
105, 4, 1, 0, 2
105, 4, 1, 0, 2
105, 4, 1, 0, 2
105, 4, 1, 0, 2
106, 3, 1, 0, 2
106, 3, 1, 0, 2
106, 3, 1, 0, 2
107, 4, 1, 0, 2
107, 4, 1, 0, 2
107, 4, 1, 0, 2
107, 4, 1, 0, 2
108, 4, 1, 0, 2
108, 4, 1, 0, 2
108, 4, 1, 0, 2
108, 4, 1, 0, 2
109, 4, 1, 0, 2
109, 4, 1, 0, 2
109, 4, 1, 0, 2
109, 4, 1, 0, 2
110, 4, 1, 0, 2
110, 4, 1, 0, 2
110, 4, 1, 0, 2
110, 4, 1, 0, 2
111, 3, 1, 0, 2
111, 3, 1, 0, 2
111, 3, 1, 0, 2
112, 3, 1, 0, 2
112, 3, 1, 0, 2
112, 3, 1, 0, 2
113, 3, 1, 0, 2
113, 3, 1, 0, 2
113, 3, 1, 0, 2
114, 3, 1, 0, 2
114, 3, 1, 0, 2
114, 3, 1, 0, 2
115, 3, 1, 0, 2
115, 3, 1, 0, 2
115, 3, 1, 0, 2
116, 3, 1, 0, 2
116, 3, 1, 0, 2
116, 3, 1, 0, 2
117, 3, 1, 0, 2
117, 3, 1, 0, 2
117, 3, 1, 0, 2
118, 3, 1, 0, 2
118, 3, 1, 0, 2
118, 3, 1, 0, 2
119, 3, 1, 0, 2
119, 3, 1, 0, 2
119, 3, 1, 0, 2
120, 2, 1, 0, 2
120, 2, 1, 0, 2
121, 3, 1, 0, 2
121, 3, 1, 0, 2
121, 3, 1, 0, 2
122, 3, 1, 0, 2
122, 3, 1, 0, 2
122, 3, 1, 0, 2
123, 3, 1, 0, 2
123, 3, 1, 0, 2
123, 3, 1, 0, 2
124, 3, 1, 0, 2
124, 3, 1, 0, 2
124, 3, 1, 0, 2
125, 2, 1, 0, 2
125, 2, 1, 0, 2
126, 4, 1, 0, 2
126, 4, 1, 0, 2
126, 4, 1, 0, 2
126, 4, 1, 0, 2
127, 4, 1, 0, 2
127, 4, 1, 0, 2
127, 4, 1, 0, 2
127, 4, 1, 0, 2
128, 4, 1, 0, 2
128, 4, 1, 0, 2
128, 4, 1, 0, 2
128, 4, 1, 0, 2
129, 4, 1, 0, 2
129, 4, 1, 0, 2
129, 4, 1, 0, 2
129, 4, 1, 0, 2
130, 4, 1, 0, 2
130, 4, 1, 0, 2
130, 4, 1, 0, 2
130, 4, 1, 0, 2
131, 4, 1, 0, 2
131, 4, 1, 0, 2
131, 4, 1, 0, 2
131, 4, 1, 0, 2
132, 4, 1, 0, 2
132, 4, 1, 0, 2
132, 4, 1, 0, 2
132, 4, 1, 0, 2
133, 4, 1, 0, 2
133, 4, 1, 0, 2
133, 4, 1, 0, 2
133, 4, 1, 0, 2
134, 3, 1, 0, 2
134, 3, 1, 0, 2
134, 3, 1, 0, 2
135, 4, 1, 0, 2
135, 4, 1, 0, 2
135, 4, 1, 0, 2
135, 4, 1, 0, 2
136, 4, 1, 0, 2
136, 4, 1, 0, 2
136, 4, 1, 0, 2
136, 4, 1, 0, 2
137, 4, 1, 0, 2
137, 4, 1, 0, 2
137, 4, 1, 0, 2
137, 4, 1, 0, 2
138, 4, 1, 0, 2
138, 4, 1, 0, 2
138, 4, 1, 0, 2
138, 4, 1, 0, 2
139, 3, 1, 0, 2
139, 3, 1, 0, 2
139, 3, 1, 0, 2
140, 4, 1, 0, 2
140, 4, 1, 0, 2
140, 4, 1, 0, 2
140, 4, 1, 0, 2
141, 4, 1, 0, 2
141, 4, 1, 0, 2
141, 4, 1, 0, 2
141, 4, 1, 0, 2
142, 4, 1, 0, 2
142, 4, 1, 0, 2
142, 4, 1, 0, 2
142, 4, 1, 0, 2
143, 4, 1, 0, 2
143, 4, 1, 0, 2
143, 4, 1, 0, 2
143, 4, 1, 0, 2
144, 4, 1, 0, 2
144, 4, 1, 0, 2
144, 4, 1, 0, 2
144, 4, 1, 0, 2
145, 4, 1, 0, 2
145, 4, 1, 0, 2
145, 4, 1, 0, 2
145, 4, 1, 0, 2
146, 4, 1, 0, 2
146, 4, 1, 0, 2
146, 4, 1, 0, 2
146, 4, 1, 0, 2
147, 4, 1, 0, 2
147, 4, 1, 0, 2
147, 4, 1, 0, 2
147, 4, 1, 0, 2
148, 3, 1, 0, 2
148, 3, 1, 0, 2
148, 3, 1, 0, 2
149, 4, 1, 0, 2
149, 4, 1, 0, 2
149, 4, 1, 0, 2
149, 4, 1, 0, 2
150, 4, 1, 0, 2
150, 4, 1, 0, 2
150, 4, 1, 0, 2
150, 4, 1, 0, 2
151, 4, 1, 0, 2
151, 4, 1, 0, 2
151, 4, 1, 0, 2
151, 4, 1, 0, 2
152, 4, 1, 0, 2
152, 4, 1, 0, 2
152, 4, 1, 0, 2
152, 4, 1, 0, 2
153, 3, 1, 0, 2
153, 3, 1, 0, 2
153, 3, 1, 0, 2
154, 4, 1, 0, 2
154, 4, 1, 0, 2
154, 4, 1, 0, 2
154, 4, 1, 0, 2
155, 4, 1, 0, 2
155, 4, 1, 0, 2
155, 4, 1, 0, 2
155, 4, 1, 0, 2
156, 4, 1, 0, 2
156, 4, 1, 0, 2
156, 4, 1, 0, 2
156, 4, 1, 0, 2
157, 4, 1, 0, 2
157, 4, 1, 0, 2
157, 4, 1, 0, 2
157, 4, 1, 0, 2
158, 4, 1, 0, 2
158, 4, 1, 0, 2
158, 4, 1, 0, 2
158, 4, 1, 0, 2
159, 4, 1, 0, 2
159, 4, 1, 0, 2
159, 4, 1, 0, 2
159, 4, 1, 0, 2
160, 4, 1, 0, 2
160, 4, 1, 0, 2
160, 4, 1, 0, 2
160, 4, 1, 0, 2
161, 4, 1, 0, 2
161, 4, 1, 0, 2
161, 4, 1, 0, 2
161, 4, 1, 0, 2
162, 3, 1, 0, 2
162, 3, 1, 0, 2
162, 3, 1, 0, 2
163, 4, 1, 0, 2
163, 4, 1, 0, 2
163, 4, 1, 0, 2
163, 4, 1, 0, 2
164, 4, 1, 0, 2
164, 4, 1, 0, 2
164, 4, 1, 0, 2
164, 4, 1, 0, 2
165, 4, 1, 0, 2
165, 4, 1, 0, 2
165, 4, 1, 0, 2
165, 4, 1, 0, 2
166, 4, 1, 0, 2
166, 4, 1, 0, 2
166, 4, 1, 0, 2
166, 4, 1, 0, 2
167, 3, 1, 0, 2
167, 3, 1, 0, 2
167, 3, 1, 0, 2
168, 4, 1, 0, 2
168, 4, 1, 0, 2
168, 4, 1, 0, 2
168, 4, 1, 0, 2
169, 4, 1, 0, 2
169, 4, 1, 0, 2
169, 4, 1, 0, 2
169, 4, 1, 0, 2
170, 4, 1, 0, 2
170, 4, 1, 0, 2
170, 4, 1, 0, 2
170, 4, 1, 0, 2
171, 4, 1, 0, 2
171, 4, 1, 0, 2
171, 4, 1, 0, 2
171, 4, 1, 0, 2
172, 4, 1, 0, 2
172, 4, 1, 0, 2
172, 4, 1, 0, 2
172, 4, 1, 0, 2
173, 4, 1, 0, 2
173, 4, 1, 0, 2
173, 4, 1, 0, 2
173, 4, 1, 0, 2
174, 4, 1, 0, 2
174, 4, 1, 0, 2
174, 4, 1, 0, 2
174, 4, 1, 0, 2
175, 4, 1, 0, 2
175, 4, 1, 0, 2
175, 4, 1, 0, 2
175, 4, 1, 0, 2
176, 3, 1, 0, 2
176, 3, 1, 0, 2
176, 3, 1, 0, 2
177, 4, 1, 0, 2
177, 4, 1, 0, 2
177, 4, 1, 0, 2
177, 4, 1, 0, 2
178, 4, 1, 0, 2
178, 4, 1, 0, 2
178, 4, 1, 0, 2
178, 4, 1, 0, 2
179, 4, 1, 0, 2
179, 4, 1, 0, 2
179, 4, 1, 0, 2
179, 4, 1, 0, 2
180, 4, 1, 0, 2
180, 4, 1, 0, 2
180, 4, 1, 0, 2
180, 4, 1, 0, 2
181, 3, 1, 0, 2
181, 3, 1, 0, 2
181, 3, 1, 0, 2
182, 3, 1, 0, 2
182, 3, 1, 0, 2
182, 3, 1, 0, 2
183, 3, 1, 0, 2
183, 3, 1, 0, 2
183, 3, 1, 0, 2
184, 3, 1, 0, 2
184, 3, 1, 0, 2
184, 3, 1, 0, 2
185, 3, 1, 0, 2
185, 3, 1, 0, 2
185, 3, 1, 0, 2
186, 3, 1, 0, 2
186, 3, 1, 0, 2
186, 3, 1, 0, 2
187, 3, 1, 0, 2
187, 3, 1, 0, 2
187, 3, 1, 0, 2
188, 3, 1, 0, 2
188, 3, 1, 0, 2
188, 3, 1, 0, 2
189, 3, 1, 0, 2
189, 3, 1, 0, 2
189, 3, 1, 0, 2
190, 2, 1, 0, 2
190, 2, 1, 0, 2
191, 3, 1, 0, 2
191, 3, 1, 0, 2
191, 3, 1, 0, 2
192, 3, 1, 0, 2
192, 3, 1, 0, 2
192, 3, 1, 0, 2
193, 3, 1, 0, 2
193, 3, 1, 0, 2
193, 3, 1, 0, 2
194, 3, 1, 0, 2
194, 3, 1, 0, 2
194, 3, 1, 0, 2
195, 2, 1, 0, 2
195, 2, 1, 0, 2
Goal
1
2
3
4
5
6
7
8
9
10
11
12
13
14
15
16
17
18
19
20
21
22
23
24
25
26
27
28
29
30
31
32
33
34
35
36
37
38
39
40
41
42
43
44
45
46
47
48
49
50
51
52
53
54
55
56
57
58
59
60
61
62
63
64
65
66
67
68
69
70
71
72
73
74
75
76
77
78
79
80
81
82
83
84
85
86
87
88
89
90
91
92
93
94
95
96
97
98
99
100
101
102
103
104
105
106
107
108
109
110
111
112
113
114
115
116
117
118
119
120
121
122
123
124
125
126
127
128
129
130
131
132
133
134
135
136
137
138
139
140
141
142
143
144
145
146
147
148
149
150
151
152
153
154
155
156
157
158
159
160
161
162
163
164
165
166
167
168
169
170
171
172
173
174
175
176
177
178
179
180
181
182
183
184
185
186
187
188
189
190
191
192
193
194
195
