CG
74
0, 2, 62, 4
0, 2, 63, 4
1, 2, 48, 7
1, 2, 66, 7
2, 2, 31, 5
2, 2, 60, 5
3, 2, 35, 5
3, 2, 63, 5
4, 2, 50, 4
4, 2, 51, 4
5, 2, 45, 7
5, 2, 57, 7
6, 2, 36, 5
6, 2, 57, 5
7, 2, 34, 5
7, 2, 51, 5
8, 2, 32, 5
8, 2, 54, 5
9, 2, 33, 5
9, 2, 66, 5
10, 2, 46, 7
10, 2, 60, 7
11, 2, 44, 7
11, 2, 54, 7
12, 2, 69, 15
12, 2, 72, 15
13, 2, 47, 7
13, 2, 63, 7
14, 2, 65, 4
14, 2, 66, 4
15, 2, 59, 4
15, 2, 60, 4
16, 2, 71, 12
16, 2, 72, 12
17, 2, 56, 4
17, 2, 57, 4
18, 2, 55, 8
18, 2, 57, 8
19, 2, 61, 8
19, 2, 63, 8
20, 2, 64, 8
20, 2, 66, 8
21, 2, 58, 8
21, 2, 60, 8
22, 2, 52, 8
22, 2, 54, 8
23, 2, 70, 16
23, 2, 72, 16
24, 2, 49, 8
24, 2, 51, 8
25, 2, 39, 6
25, 2, 57, 6
26, 2, 41, 6
26, 2, 63, 6
27, 2, 42, 6
27, 2, 66, 6
28, 2, 40, 6
28, 2, 60, 6
29, 2, 38, 6
29, 2, 54, 6
30, 2, 68, 14
30, 2, 72, 14
31, 10, 67, 13
31, 10, 32, 5
31, 10, 33, 5
31, 10, 58, 16
31, 10, 59, 12
31, 10, 2, 1
31, 10, 72, 13
31, 10, 54, 5
31, 10, 60, 53
31, 10, 66, 5
32, 10, 67, 13
32, 10, 31, 5
32, 10, 34, 5
32, 10, 52, 16
32, 10, 53, 12
32, 10, 8, 1
32, 10, 72, 13
32, 10, 54, 53
32, 10, 60, 5
32, 10, 51, 5
33, 10, 67, 13
33, 10, 31, 5
33, 10, 35, 5
33, 10, 64, 16
33, 10, 65, 12
33, 10, 9, 1
33, 10, 72, 13
33, 10, 60, 5
33, 10, 66, 53
33, 10, 63, 5
34, 10, 67, 13
34, 10, 32, 5
34, 10, 36, 5
34, 10, 49, 16
34, 10, 50, 12
34, 10, 7, 1
34, 10, 72, 13
34, 10, 54, 5
34, 10, 57, 5
34, 10, 51, 53
35, 10, 67, 13
35, 10, 33, 5
35, 10, 36, 5
35, 10, 61, 16
35, 10, 62, 12
35, 10, 3, 1
35, 10, 72, 13
35, 10, 66, 5
35, 10, 63, 53
35, 10, 57, 5
36, 10, 67, 13
36, 10, 35, 5
36, 10, 34, 5
36, 10, 55, 16
36, 10, 56, 12
36, 10, 6, 1
36, 10, 72, 13
36, 10, 63, 5
36, 10, 57, 53
36, 10, 51, 5
37, 9, 68, 14
37, 9, 38, 6
37, 9, 39, 6
37, 9, 49, 24
37, 9, 50, 4
37, 9, 72, 14
37, 9, 54, 6
37, 9, 57, 6
37, 9, 51, 58
38, 10, 68, 14
38, 10, 40, 6
38, 10, 37, 6
38, 10, 52, 24
38, 10, 53, 4
38, 10, 29, 1
38, 10, 72, 14
38, 10, 54, 58
38, 10, 60, 6
38, 10, 51, 6
39, 10, 68, 14
39, 10, 41, 6
39, 10, 37, 6
39, 10, 55, 24
39, 10, 56, 4
39, 10, 25, 1
39, 10, 72, 14
39, 10, 63, 6
39, 10, 57, 58
39, 10, 51, 6
40, 10, 68, 14
40, 10, 38, 6
40, 10, 42, 6
40, 10, 58, 24
40, 10, 59, 4
40, 10, 28, 1
40, 10, 72, 14
40, 10, 54, 6
40, 10, 60, 58
40, 10, 66, 6
41, 10, 68, 14
41, 10, 42, 6
41, 10, 39, 6
41, 10, 61, 24
41, 10, 62, 4
41, 10, 26, 1
41, 10, 72, 14
41, 10, 66, 6
41, 10, 63, 58
41, 10, 57, 6
42, 10, 68, 14
42, 10, 40, 6
42, 10, 41, 6
42, 10, 64, 24
42, 10, 65, 4
42, 10, 27, 1
42, 10, 72, 14
42, 10, 60, 6
42, 10, 66, 58
42, 10, 63, 6
43, 9, 69, 15
43, 9, 44, 7
43, 9, 45, 7
43, 9, 49, 8
43, 9, 50, 12
43, 9, 72, 15
43, 9, 54, 7
43, 9, 57, 7
43, 9, 51, 55
44, 10, 69, 15
44, 10, 46, 7
44, 10, 43, 7
44, 10, 52, 8
44, 10, 53, 12
44, 10, 11, 1
44, 10, 72, 15
44, 10, 54, 55
44, 10, 60, 7
44, 10, 51, 7
45, 10, 69, 15
45, 10, 47, 7
45, 10, 43, 7
45, 10, 55, 8
45, 10, 56, 12
45, 10, 5, 1
45, 10, 72, 15
45, 10, 63, 7
45, 10, 57, 55
45, 10, 51, 7
46, 10, 69, 15
46, 10, 44, 7
46, 10, 48, 7
46, 10, 58, 8
46, 10, 59, 12
46, 10, 10, 1
46, 10, 72, 15
46, 10, 54, 7
46, 10, 60, 55
46, 10, 66, 7
47, 10, 69, 15
47, 10, 48, 7
47, 10, 45, 7
47, 10, 61, 8
47, 10, 62, 12
47, 10, 13, 1
47, 10, 72, 15
47, 10, 66, 7
47, 10, 63, 55
47, 10, 57, 7
48, 10, 69, 15
48, 10, 46, 7
48, 10, 47, 7
48, 10, 64, 8
48, 10, 65, 12
48, 10, 1, 1
48, 10, 72, 15
48, 10, 60, 7
48, 10, 66, 55
48, 10, 63, 7
49, 9, 70, 16
49, 9, 52, 8
49, 9, 55, 8
49, 9, 50, 28
49, 9, 24, 1
49, 9, 72, 16
49, 9, 54, 8
49, 9, 57, 8
49, 9, 51, 92
50, 8, 71, 12
50, 8, 53, 4
50, 8, 56, 4
50, 8, 4, 1
50, 8, 72, 12
50, 8, 54, 4
50, 8, 57, 4
50, 8, 51, 48
51, 5, 37, 30
51, 5, 43, 35
51, 5, 34, 25
51, 5, 49, 64
51, 5, 50, 48
52, 9, 70, 16
52, 9, 58, 8
52, 9, 49, 8
52, 9, 53, 28
52, 9, 22, 1
52, 9, 72, 16
52, 9, 54, 92
52, 9, 60, 8
52, 9, 51, 8
53, 8, 71, 12
53, 8, 59, 4
53, 8, 50, 4
53, 8, 73, 1
53, 8, 72, 12
53, 8, 54, 48
53, 8, 60, 4
53, 8, 51, 4
54, 5, 38, 30
54, 5, 44, 35
54, 5, 32, 25
54, 5, 52, 64
54, 5, 53, 48
55, 9, 70, 16
55, 9, 61, 8
55, 9, 49, 8
55, 9, 56, 28
55, 9, 18, 1
55, 9, 72, 16
55, 9, 63, 8
55, 9, 57, 92
55, 9, 51, 8
56, 8, 71, 12
56, 8, 62, 4
56, 8, 50, 4
56, 8, 17, 1
56, 8, 72, 12
56, 8, 63, 4
56, 8, 57, 48
56, 8, 51, 4
57, 5, 39, 30
57, 5, 45, 35
57, 5, 36, 25
57, 5, 55, 64
57, 5, 56, 48
58, 9, 70, 16
58, 9, 52, 8
58, 9, 64, 8
58, 9, 59, 28
58, 9, 21, 1
58, 9, 72, 16
58, 9, 54, 8
58, 9, 60, 92
58, 9, 66, 8
59, 8, 71, 12
59, 8, 53, 4
59, 8, 65, 4
59, 8, 15, 1
59, 8, 72, 12
59, 8, 54, 4
59, 8, 60, 48
59, 8, 66, 4
60, 5, 40, 30
60, 5, 46, 35
60, 5, 31, 25
60, 5, 58, 64
60, 5, 59, 48
61, 9, 70, 16
61, 9, 64, 8
61, 9, 55, 8
61, 9, 62, 28
61, 9, 19, 1
61, 9, 72, 16
61, 9, 66, 8
61, 9, 63, 92
61, 9, 57, 8
62, 8, 71, 12
62, 8, 65, 4
62, 8, 56, 4
62, 8, 0, 1
62, 8, 72, 12
62, 8, 66, 4
62, 8, 63, 48
62, 8, 57, 4
63, 5, 41, 30
63, 5, 47, 35
63, 5, 35, 25
63, 5, 61, 64
63, 5, 62, 48
64, 9, 70, 16
64, 9, 58, 8
64, 9, 61, 8
64, 9, 65, 28
64, 9, 20, 1
64, 9, 72, 16
64, 9, 60, 8
64, 9, 66, 92
64, 9, 63, 8
65, 8, 71, 12
65, 8, 59, 4
65, 8, 62, 4
65, 8, 14, 1
65, 8, 72, 12
65, 8, 60, 4
65, 8, 66, 48
65, 8, 63, 4
66, 5, 42, 30
66, 5, 48, 35
66, 5, 33, 25
66, 5, 64, 64
66, 5, 65, 48
67, 15, 32, 5
67, 15, 31, 5
67, 15, 33, 5
67, 15, 35, 5
67, 15, 36, 5
67, 15, 34, 5
67, 15, 70, 32
67, 15, 71, 36
67, 15, 72, 172
67, 15, 54, 5
67, 15, 60, 5
67, 15, 66, 5
67, 15, 63, 5
67, 15, 57, 5
67, 15, 51, 5
68, 16, 38, 6
68, 16, 40, 6
68, 16, 42, 6
68, 16, 41, 6
68, 16, 39, 6
68, 16, 37, 6
68, 16, 70, 48
68, 16, 71, 12
68, 16, 30, 1
68, 16, 72, 172
68, 16, 54, 6
68, 16, 60, 6
68, 16, 66, 6
68, 16, 63, 6
68, 16, 57, 6
68, 16, 51, 6
69, 16, 44, 7
69, 16, 46, 7
69, 16, 48, 7
69, 16, 47, 7
69, 16, 45, 7
69, 16, 43, 7
69, 16, 70, 16
69, 16, 71, 36
69, 16, 12, 1
69, 16, 72, 172
69, 16, 54, 7
69, 16, 60, 7
69, 16, 66, 7
69, 16, 63, 7
69, 16, 57, 7
69, 16, 51, 7
70, 15, 52, 8
70, 15, 58, 8
70, 15, 64, 8
70, 15, 61, 8
70, 15, 55, 8
70, 15, 49, 8
70, 15, 71, 84
70, 15, 23, 1
70, 15, 72, 260
70, 15, 54, 8
70, 15, 60, 8
70, 15, 66, 8
70, 15, 63, 8
70, 15, 57, 8
70, 15, 51, 8
71, 14, 53, 4
71, 14, 59, 4
71, 14, 65, 4
71, 14, 62, 4
71, 14, 56, 4
71, 14, 50, 4
71, 14, 16, 1
71, 14, 72, 180
71, 14, 54, 4
71, 14, 60, 4
71, 14, 66, 4
71, 14, 63, 4
71, 14, 57, 4
71, 14, 51, 4
72, 5, 68, 112
72, 5, 69, 120
72, 5, 67, 104
72, 5, 70, 176
72, 5, 71, 180
73, 2, 53, 4
73, 2, 54, 4
DTG
0, 1, 1, 0, 2
1, 1, 1, 0, 2
2, 1, 1, 0, 2
3, 1, 1, 0, 2
4, 1, 1, 0, 2
5, 1, 1, 0, 2
6, 1, 1, 0, 2
7, 1, 1, 0, 2
8, 1, 1, 0, 2
9, 1, 1, 0, 2
10, 1, 1, 0, 2
11, 1, 1, 0, 2
12, 1, 1, 0, 2
13, 1, 1, 0, 2
14, 1, 1, 0, 2
15, 1, 1, 0, 2
16, 1, 1, 0, 2
17, 1, 1, 0, 2
18, 1, 1, 0, 2
19, 1, 1, 0, 2
20, 1, 1, 0, 2
21, 1, 1, 0, 2
22, 1, 1, 0, 2
23, 1, 1, 0, 2
24, 1, 1, 0, 2
25, 1, 1, 0, 2
26, 1, 1, 0, 2
27, 1, 1, 0, 2
28, 1, 1, 0, 2
29, 1, 1, 0, 2
30, 1, 1, 0, 2
31, 5, 0, 1, 2
31, 5, 0, 1, 2
31, 5, 0, 1, 2
31, 5, 0, 1, 2
31, 5, 0, 1, 2
31, 20, 1, 0, 3
31, 20, 1, 0, 3
31, 20, 1, 0, 3
31, 20, 1, 0, 3
31, 20, 1, 0, 3
31, 20, 1, 0, 3
31, 20, 1, 0, 3
31, 20, 1, 0, 3
31, 20, 1, 0, 3
31, 20, 1, 0, 3
31, 20, 1, 0, 3
31, 20, 1, 0, 3
31, 20, 1, 0, 3
31, 20, 1, 0, 3
31, 20, 1, 0, 3
31, 20, 1, 0, 3
31, 20, 1, 0, 3
31, 20, 1, 0, 3
31, 20, 1, 0, 3
31, 20, 1, 0, 3
32, 5, 0, 1, 2
32, 5, 0, 1, 2
32, 5, 0, 1, 2
32, 5, 0, 1, 2
32, 5, 0, 1, 2
32, 20, 1, 0, 3
32, 20, 1, 0, 3
32, 20, 1, 0, 3
32, 20, 1, 0, 3
32, 20, 1, 0, 3
32, 20, 1, 0, 3
32, 20, 1, 0, 3
32, 20, 1, 0, 3
32, 20, 1, 0, 3
32, 20, 1, 0, 3
32, 20, 1, 0, 3
32, 20, 1, 0, 3
32, 20, 1, 0, 3
32, 20, 1, 0, 3
32, 20, 1, 0, 3
32, 20, 1, 0, 3
32, 20, 1, 0, 3
32, 20, 1, 0, 3
32, 20, 1, 0, 3
32, 20, 1, 0, 3
33, 5, 0, 1, 2
33, 5, 0, 1, 2
33, 5, 0, 1, 2
33, 5, 0, 1, 2
33, 5, 0, 1, 2
33, 20, 1, 0, 3
33, 20, 1, 0, 3
33, 20, 1, 0, 3
33, 20, 1, 0, 3
33, 20, 1, 0, 3
33, 20, 1, 0, 3
33, 20, 1, 0, 3
33, 20, 1, 0, 3
33, 20, 1, 0, 3
33, 20, 1, 0, 3
33, 20, 1, 0, 3
33, 20, 1, 0, 3
33, 20, 1, 0, 3
33, 20, 1, 0, 3
33, 20, 1, 0, 3
33, 20, 1, 0, 3
33, 20, 1, 0, 3
33, 20, 1, 0, 3
33, 20, 1, 0, 3
33, 20, 1, 0, 3
34, 5, 0, 1, 2
34, 5, 0, 1, 2
34, 5, 0, 1, 2
34, 5, 0, 1, 2
34, 5, 0, 1, 2
34, 20, 1, 0, 3
34, 20, 1, 0, 3
34, 20, 1, 0, 3
34, 20, 1, 0, 3
34, 20, 1, 0, 3
34, 20, 1, 0, 3
34, 20, 1, 0, 3
34, 20, 1, 0, 3
34, 20, 1, 0, 3
34, 20, 1, 0, 3
34, 20, 1, 0, 3
34, 20, 1, 0, 3
34, 20, 1, 0, 3
34, 20, 1, 0, 3
34, 20, 1, 0, 3
34, 20, 1, 0, 3
34, 20, 1, 0, 3
34, 20, 1, 0, 3
34, 20, 1, 0, 3
34, 20, 1, 0, 3
35, 5, 0, 1, 2
35, 5, 0, 1, 2
35, 5, 0, 1, 2
35, 5, 0, 1, 2
35, 5, 0, 1, 2
35, 20, 1, 0, 3
35, 20, 1, 0, 3
35, 20, 1, 0, 3
35, 20, 1, 0, 3
35, 20, 1, 0, 3
35, 20, 1, 0, 3
35, 20, 1, 0, 3
35, 20, 1, 0, 3
35, 20, 1, 0, 3
35, 20, 1, 0, 3
35, 20, 1, 0, 3
35, 20, 1, 0, 3
35, 20, 1, 0, 3
35, 20, 1, 0, 3
35, 20, 1, 0, 3
35, 20, 1, 0, 3
35, 20, 1, 0, 3
35, 20, 1, 0, 3
35, 20, 1, 0, 3
35, 20, 1, 0, 3
36, 5, 0, 1, 2
36, 5, 0, 1, 2
36, 5, 0, 1, 2
36, 5, 0, 1, 2
36, 5, 0, 1, 2
36, 20, 1, 0, 3
36, 20, 1, 0, 3
36, 20, 1, 0, 3
36, 20, 1, 0, 3
36, 20, 1, 0, 3
36, 20, 1, 0, 3
36, 20, 1, 0, 3
36, 20, 1, 0, 3
36, 20, 1, 0, 3
36, 20, 1, 0, 3
36, 20, 1, 0, 3
36, 20, 1, 0, 3
36, 20, 1, 0, 3
36, 20, 1, 0, 3
36, 20, 1, 0, 3
36, 20, 1, 0, 3
36, 20, 1, 0, 3
36, 20, 1, 0, 3
36, 20, 1, 0, 3
36, 20, 1, 0, 3
37, 6, 0, 1, 2
37, 6, 0, 1, 2
37, 6, 0, 1, 2
37, 6, 0, 1, 2
37, 6, 0, 1, 2
37, 6, 0, 1, 2
37, 6, 1, 0, 2
37, 6, 1, 0, 2
37, 6, 1, 0, 2
37, 6, 1, 0, 2
37, 6, 1, 0, 2
37, 6, 1, 0, 2
38, 6, 0, 1, 2
38, 6, 0, 1, 2
38, 6, 0, 1, 2
38, 6, 0, 1, 2
38, 6, 0, 1, 2
38, 6, 0, 1, 2
38, 24, 1, 0, 3
38, 24, 1, 0, 3
38, 24, 1, 0, 3
38, 24, 1, 0, 3
38, 24, 1, 0, 3
38, 24, 1, 0, 3
38, 24, 1, 0, 3
38, 24, 1, 0, 3
38, 24, 1, 0, 3
38, 24, 1, 0, 3
38, 24, 1, 0, 3
38, 24, 1, 0, 3
38, 24, 1, 0, 3
38, 24, 1, 0, 3
38, 24, 1, 0, 3
38, 24, 1, 0, 3
38, 24, 1, 0, 3
38, 24, 1, 0, 3
38, 24, 1, 0, 3
38, 24, 1, 0, 3
38, 24, 1, 0, 3
38, 24, 1, 0, 3
38, 24, 1, 0, 3
38, 24, 1, 0, 3
39, 6, 0, 1, 2
39, 6, 0, 1, 2
39, 6, 0, 1, 2
39, 6, 0, 1, 2
39, 6, 0, 1, 2
39, 6, 0, 1, 2
39, 24, 1, 0, 3
39, 24, 1, 0, 3
39, 24, 1, 0, 3
39, 24, 1, 0, 3
39, 24, 1, 0, 3
39, 24, 1, 0, 3
39, 24, 1, 0, 3
39, 24, 1, 0, 3
39, 24, 1, 0, 3
39, 24, 1, 0, 3
39, 24, 1, 0, 3
39, 24, 1, 0, 3
39, 24, 1, 0, 3
39, 24, 1, 0, 3
39, 24, 1, 0, 3
39, 24, 1, 0, 3
39, 24, 1, 0, 3
39, 24, 1, 0, 3
39, 24, 1, 0, 3
39, 24, 1, 0, 3
39, 24, 1, 0, 3
39, 24, 1, 0, 3
39, 24, 1, 0, 3
39, 24, 1, 0, 3
40, 6, 0, 1, 2
40, 6, 0, 1, 2
40, 6, 0, 1, 2
40, 6, 0, 1, 2
40, 6, 0, 1, 2
40, 6, 0, 1, 2
40, 24, 1, 0, 3
40, 24, 1, 0, 3
40, 24, 1, 0, 3
40, 24, 1, 0, 3
40, 24, 1, 0, 3
40, 24, 1, 0, 3
40, 24, 1, 0, 3
40, 24, 1, 0, 3
40, 24, 1, 0, 3
40, 24, 1, 0, 3
40, 24, 1, 0, 3
40, 24, 1, 0, 3
40, 24, 1, 0, 3
40, 24, 1, 0, 3
40, 24, 1, 0, 3
40, 24, 1, 0, 3
40, 24, 1, 0, 3
40, 24, 1, 0, 3
40, 24, 1, 0, 3
40, 24, 1, 0, 3
40, 24, 1, 0, 3
40, 24, 1, 0, 3
40, 24, 1, 0, 3
40, 24, 1, 0, 3
41, 6, 0, 1, 2
41, 6, 0, 1, 2
41, 6, 0, 1, 2
41, 6, 0, 1, 2
41, 6, 0, 1, 2
41, 6, 0, 1, 2
41, 24, 1, 0, 3
41, 24, 1, 0, 3
41, 24, 1, 0, 3
41, 24, 1, 0, 3
41, 24, 1, 0, 3
41, 24, 1, 0, 3
41, 24, 1, 0, 3
41, 24, 1, 0, 3
41, 24, 1, 0, 3
41, 24, 1, 0, 3
41, 24, 1, 0, 3
41, 24, 1, 0, 3
41, 24, 1, 0, 3
41, 24, 1, 0, 3
41, 24, 1, 0, 3
41, 24, 1, 0, 3
41, 24, 1, 0, 3
41, 24, 1, 0, 3
41, 24, 1, 0, 3
41, 24, 1, 0, 3
41, 24, 1, 0, 3
41, 24, 1, 0, 3
41, 24, 1, 0, 3
41, 24, 1, 0, 3
42, 6, 0, 1, 2
42, 6, 0, 1, 2
42, 6, 0, 1, 2
42, 6, 0, 1, 2
42, 6, 0, 1, 2
42, 6, 0, 1, 2
42, 24, 1, 0, 3
42, 24, 1, 0, 3
42, 24, 1, 0, 3
42, 24, 1, 0, 3
42, 24, 1, 0, 3
42, 24, 1, 0, 3
42, 24, 1, 0, 3
42, 24, 1, 0, 3
42, 24, 1, 0, 3
42, 24, 1, 0, 3
42, 24, 1, 0, 3
42, 24, 1, 0, 3
42, 24, 1, 0, 3
42, 24, 1, 0, 3
42, 24, 1, 0, 3
42, 24, 1, 0, 3
42, 24, 1, 0, 3
42, 24, 1, 0, 3
42, 24, 1, 0, 3
42, 24, 1, 0, 3
42, 24, 1, 0, 3
42, 24, 1, 0, 3
42, 24, 1, 0, 3
42, 24, 1, 0, 3
43, 7, 0, 1, 2
43, 7, 0, 1, 2
43, 7, 0, 1, 2
43, 7, 0, 1, 2
43, 7, 0, 1, 2
43, 7, 0, 1, 2
43, 7, 0, 1, 2
43, 7, 1, 0, 2
43, 7, 1, 0, 2
43, 7, 1, 0, 2
43, 7, 1, 0, 2
43, 7, 1, 0, 2
43, 7, 1, 0, 2
43, 7, 1, 0, 2
44, 7, 0, 1, 2
44, 7, 0, 1, 2
44, 7, 0, 1, 2
44, 7, 0, 1, 2
44, 7, 0, 1, 2
44, 7, 0, 1, 2
44, 7, 0, 1, 2
44, 28, 1, 0, 3
44, 28, 1, 0, 3
44, 28, 1, 0, 3
44, 28, 1, 0, 3
44, 28, 1, 0, 3
44, 28, 1, 0, 3
44, 28, 1, 0, 3
44, 28, 1, 0, 3
44, 28, 1, 0, 3
44, 28, 1, 0, 3
44, 28, 1, 0, 3
44, 28, 1, 0, 3
44, 28, 1, 0, 3
44, 28, 1, 0, 3
44, 28, 1, 0, 3
44, 28, 1, 0, 3
44, 28, 1, 0, 3
44, 28, 1, 0, 3
44, 28, 1, 0, 3
44, 28, 1, 0, 3
44, 28, 1, 0, 3
44, 28, 1, 0, 3
44, 28, 1, 0, 3
44, 28, 1, 0, 3
44, 28, 1, 0, 3
44, 28, 1, 0, 3
44, 28, 1, 0, 3
44, 28, 1, 0, 3
45, 7, 0, 1, 2
45, 7, 0, 1, 2
45, 7, 0, 1, 2
45, 7, 0, 1, 2
45, 7, 0, 1, 2
45, 7, 0, 1, 2
45, 7, 0, 1, 2
45, 28, 1, 0, 3
45, 28, 1, 0, 3
45, 28, 1, 0, 3
45, 28, 1, 0, 3
45, 28, 1, 0, 3
45, 28, 1, 0, 3
45, 28, 1, 0, 3
45, 28, 1, 0, 3
45, 28, 1, 0, 3
45, 28, 1, 0, 3
45, 28, 1, 0, 3
45, 28, 1, 0, 3
45, 28, 1, 0, 3
45, 28, 1, 0, 3
45, 28, 1, 0, 3
45, 28, 1, 0, 3
45, 28, 1, 0, 3
45, 28, 1, 0, 3
45, 28, 1, 0, 3
45, 28, 1, 0, 3
45, 28, 1, 0, 3
45, 28, 1, 0, 3
45, 28, 1, 0, 3
45, 28, 1, 0, 3
45, 28, 1, 0, 3
45, 28, 1, 0, 3
45, 28, 1, 0, 3
45, 28, 1, 0, 3
46, 7, 0, 1, 2
46, 7, 0, 1, 2
46, 7, 0, 1, 2
46, 7, 0, 1, 2
46, 7, 0, 1, 2
46, 7, 0, 1, 2
46, 7, 0, 1, 2
46, 28, 1, 0, 3
46, 28, 1, 0, 3
46, 28, 1, 0, 3
46, 28, 1, 0, 3
46, 28, 1, 0, 3
46, 28, 1, 0, 3
46, 28, 1, 0, 3
46, 28, 1, 0, 3
46, 28, 1, 0, 3
46, 28, 1, 0, 3
46, 28, 1, 0, 3
46, 28, 1, 0, 3
46, 28, 1, 0, 3
46, 28, 1, 0, 3
46, 28, 1, 0, 3
46, 28, 1, 0, 3
46, 28, 1, 0, 3
46, 28, 1, 0, 3
46, 28, 1, 0, 3
46, 28, 1, 0, 3
46, 28, 1, 0, 3
46, 28, 1, 0, 3
46, 28, 1, 0, 3
46, 28, 1, 0, 3
46, 28, 1, 0, 3
46, 28, 1, 0, 3
46, 28, 1, 0, 3
46, 28, 1, 0, 3
47, 7, 0, 1, 2
47, 7, 0, 1, 2
47, 7, 0, 1, 2
47, 7, 0, 1, 2
47, 7, 0, 1, 2
47, 7, 0, 1, 2
47, 7, 0, 1, 2
47, 28, 1, 0, 3
47, 28, 1, 0, 3
47, 28, 1, 0, 3
47, 28, 1, 0, 3
47, 28, 1, 0, 3
47, 28, 1, 0, 3
47, 28, 1, 0, 3
47, 28, 1, 0, 3
47, 28, 1, 0, 3
47, 28, 1, 0, 3
47, 28, 1, 0, 3
47, 28, 1, 0, 3
47, 28, 1, 0, 3
47, 28, 1, 0, 3
47, 28, 1, 0, 3
47, 28, 1, 0, 3
47, 28, 1, 0, 3
47, 28, 1, 0, 3
47, 28, 1, 0, 3
47, 28, 1, 0, 3
47, 28, 1, 0, 3
47, 28, 1, 0, 3
47, 28, 1, 0, 3
47, 28, 1, 0, 3
47, 28, 1, 0, 3
47, 28, 1, 0, 3
47, 28, 1, 0, 3
47, 28, 1, 0, 3
48, 7, 0, 1, 2
48, 7, 0, 1, 2
48, 7, 0, 1, 2
48, 7, 0, 1, 2
48, 7, 0, 1, 2
48, 7, 0, 1, 2
48, 7, 0, 1, 2
48, 28, 1, 0, 3
48, 28, 1, 0, 3
48, 28, 1, 0, 3
48, 28, 1, 0, 3
48, 28, 1, 0, 3
48, 28, 1, 0, 3
48, 28, 1, 0, 3
48, 28, 1, 0, 3
48, 28, 1, 0, 3
48, 28, 1, 0, 3
48, 28, 1, 0, 3
48, 28, 1, 0, 3
48, 28, 1, 0, 3
48, 28, 1, 0, 3
48, 28, 1, 0, 3
48, 28, 1, 0, 3
48, 28, 1, 0, 3
48, 28, 1, 0, 3
48, 28, 1, 0, 3
48, 28, 1, 0, 3
48, 28, 1, 0, 3
48, 28, 1, 0, 3
48, 28, 1, 0, 3
48, 28, 1, 0, 3
48, 28, 1, 0, 3
48, 28, 1, 0, 3
48, 28, 1, 0, 3
48, 28, 1, 0, 3
49, 8, 0, 1, 2
49, 8, 0, 1, 2
49, 8, 0, 1, 2
49, 8, 0, 1, 2
49, 8, 0, 1, 2
49, 8, 0, 1, 2
49, 8, 0, 1, 2
49, 8, 0, 1, 2
49, 48, 1, 0, 3
49, 48, 1, 0, 3
49, 48, 1, 0, 3
49, 48, 1, 0, 3
49, 48, 1, 0, 3
49, 48, 1, 0, 3
49, 48, 1, 0, 3
49, 48, 1, 0, 3
49, 48, 1, 0, 3
49, 48, 1, 0, 3
49, 48, 1, 0, 3
49, 48, 1, 0, 3
49, 48, 1, 0, 3
49, 48, 1, 0, 3
49, 48, 1, 0, 3
49, 48, 1, 0, 3
49, 48, 1, 0, 3
49, 48, 1, 0, 3
49, 48, 1, 0, 3
49, 48, 1, 0, 3
49, 48, 1, 0, 3
49, 48, 1, 0, 3
49, 48, 1, 0, 3
49, 48, 1, 0, 3
49, 48, 1, 0, 3
49, 48, 1, 0, 3
49, 48, 1, 0, 3
49, 48, 1, 0, 3
49, 48, 1, 0, 3
49, 48, 1, 0, 3
49, 48, 1, 0, 3
49, 48, 1, 0, 3
49, 48, 1, 0, 4
49, 48, 1, 0, 4
49, 48, 1, 0, 4
49, 48, 1, 0, 4
49, 48, 1, 0, 4
49, 48, 1, 0, 4
49, 48, 1, 0, 4
49, 48, 1, 0, 4
49, 48, 1, 0, 4
49, 48, 1, 0, 4
49, 48, 1, 0, 4
49, 48, 1, 0, 4
49, 48, 1, 0, 4
49, 48, 1, 0, 4
49, 48, 1, 0, 4
49, 48, 1, 0, 4
50, 4, 0, 1, 2
50, 4, 0, 1, 2
50, 4, 0, 1, 2
50, 4, 0, 1, 2
50, 28, 1, 0, 3
50, 28, 1, 0, 3
50, 28, 1, 0, 3
50, 28, 1, 0, 3
50, 28, 1, 0, 3
50, 28, 1, 0, 3
50, 28, 1, 0, 3
50, 28, 1, 0, 3
50, 28, 1, 0, 3
50, 28, 1, 0, 3
50, 28, 1, 0, 3
50, 28, 1, 0, 3
50, 28, 1, 0, 3
50, 28, 1, 0, 3
50, 28, 1, 0, 3
50, 28, 1, 0, 3
50, 28, 1, 0, 4
50, 28, 1, 0, 4
50, 28, 1, 0, 4
50, 28, 1, 0, 4
50, 28, 1, 0, 4
50, 28, 1, 0, 4
50, 28, 1, 0, 4
50, 28, 1, 0, 4
50, 28, 1, 0, 4
50, 28, 1, 0, 4
50, 28, 1, 0, 4
50, 28, 1, 0, 4
51, 19, 0, 1, 3
51, 19, 0, 1, 3
51, 19, 0, 1, 3
51, 19, 0, 1, 3
51, 19, 0, 1, 4
51, 19, 0, 1, 4
51, 19, 0, 2, 2
51, 19, 0, 3, 2
51, 19, 0, 4, 3
51, 19, 0, 4, 3
51, 19, 0, 4, 3
51, 19, 0, 4, 3
51, 19, 0, 5, 3
51, 19, 0, 5, 3
51, 19, 0, 5, 3
51, 19, 0, 5, 3
51, 19, 0, 5, 4
51, 19, 0, 5, 4
51, 19, 0, 5, 4
51, 20, 1, 0, 2
51, 20, 1, 2, 3
51, 20, 1, 2, 3
51, 20, 1, 2, 3
51, 20, 1, 2, 3
51, 20, 1, 2, 4
51, 20, 1, 2, 4
51, 20, 1, 3, 2
51, 20, 1, 4, 2
51, 20, 1, 5, 3
51, 20, 1, 5, 3
51, 20, 1, 5, 3
51, 20, 1, 5, 3
51, 20, 1, 6, 3
51, 20, 1, 6, 3
51, 20, 1, 6, 3
51, 20, 1, 6, 3
51, 20, 1, 6, 4
51, 20, 1, 6, 4
51, 20, 1, 6, 4
51, 21, 2, 0, 2
51, 21, 2, 1, 2
51, 21, 2, 3, 3
51, 21, 2, 3, 3
51, 21, 2, 3, 3
51, 21, 2, 3, 3
51, 21, 2, 3, 4
51, 21, 2, 3, 4
51, 21, 2, 4, 2
51, 21, 2, 5, 2
51, 21, 2, 6, 3
51, 21, 2, 6, 3
51, 21, 2, 6, 3
51, 21, 2, 6, 3
51, 21, 2, 7, 3
51, 21, 2, 7, 3
51, 21, 2, 7, 3
51, 21, 2, 7, 3
51, 21, 2, 7, 4
51, 21, 2, 7, 4
51, 21, 2, 7, 4
51, 22, 3, 0, 2
51, 22, 3, 1, 2
51, 22, 3, 2, 2
51, 22, 3, 4, 3
51, 22, 3, 4, 3
51, 22, 3, 4, 3
51, 22, 3, 4, 3
51, 22, 3, 4, 4
51, 22, 3, 4, 4
51, 22, 3, 5, 2
51, 22, 3, 6, 2
51, 22, 3, 7, 3
51, 22, 3, 7, 3
51, 22, 3, 7, 3
51, 22, 3, 7, 3
51, 22, 3, 8, 3
51, 22, 3, 8, 3
51, 22, 3, 8, 3
51, 22, 3, 8, 3
51, 22, 3, 8, 4
51, 22, 3, 8, 4
51, 22, 3, 8, 4
51, 16, 4, 0, 2
51, 16, 4, 1, 2
51, 16, 4, 2, 2
51, 16, 4, 3, 2
51, 16, 4, 5, 3
51, 16, 4, 5, 3
51, 16, 4, 5, 3
51, 16, 4, 5, 3
51, 16, 4, 5, 4
51, 16, 4, 5, 4
51, 16, 4, 6, 2
51, 16, 4, 7, 2
51, 16, 4, 8, 3
51, 16, 4, 8, 3
51, 16, 4, 8, 3
51, 16, 4, 8, 3
51, 13, 5, 0, 2
51, 13, 5, 1, 2
51, 13, 5, 2, 2
51, 13, 5, 3, 2
51, 13, 5, 4, 2
51, 13, 5, 6, 3
51, 13, 5, 6, 3
51, 13, 5, 6, 3
51, 13, 5, 6, 3
51, 13, 5, 6, 4
51, 13, 5, 6, 4
51, 13, 5, 7, 2
51, 13, 5, 8, 2
51, 12, 6, 1, 2
51, 12, 6, 2, 2
51, 12, 6, 3, 2
51, 12, 6, 4, 2
51, 12, 6, 5, 2
51, 12, 6, 7, 3
51, 12, 6, 7, 3
51, 12, 6, 7, 3
51, 12, 6, 7, 3
51, 12, 6, 7, 4
51, 12, 6, 7, 4
51, 12, 6, 8, 2
51, 11, 7, 2, 2
51, 11, 7, 3, 2
51, 11, 7, 4, 2
51, 11, 7, 5, 2
51, 11, 7, 6, 2
51, 11, 7, 8, 3
51, 11, 7, 8, 3
51, 11, 7, 8, 3
51, 11, 7, 8, 3
51, 11, 7, 8, 4
51, 11, 7, 8, 4
51, 5, 8, 3, 2
51, 5, 8, 4, 2
51, 5, 8, 5, 2
51, 5, 8, 6, 2
51, 5, 8, 7, 2
52, 8, 0, 1, 2
52, 8, 0, 1, 2
52, 8, 0, 1, 2
52, 8, 0, 1, 2
52, 8, 0, 1, 2
52, 8, 0, 1, 2
52, 8, 0, 1, 2
52, 8, 0, 1, 2
52, 48, 1, 0, 3
52, 48, 1, 0, 3
52, 48, 1, 0, 3
52, 48, 1, 0, 3
52, 48, 1, 0, 3
52, 48, 1, 0, 3
52, 48, 1, 0, 3
52, 48, 1, 0, 3
52, 48, 1, 0, 3
52, 48, 1, 0, 3
52, 48, 1, 0, 3
52, 48, 1, 0, 3
52, 48, 1, 0, 3
52, 48, 1, 0, 3
52, 48, 1, 0, 3
52, 48, 1, 0, 3
52, 48, 1, 0, 3
52, 48, 1, 0, 3
52, 48, 1, 0, 3
52, 48, 1, 0, 3
52, 48, 1, 0, 3
52, 48, 1, 0, 3
52, 48, 1, 0, 3
52, 48, 1, 0, 3
52, 48, 1, 0, 3
52, 48, 1, 0, 3
52, 48, 1, 0, 3
52, 48, 1, 0, 3
52, 48, 1, 0, 3
52, 48, 1, 0, 3
52, 48, 1, 0, 3
52, 48, 1, 0, 3
52, 48, 1, 0, 4
52, 48, 1, 0, 4
52, 48, 1, 0, 4
52, 48, 1, 0, 4
52, 48, 1, 0, 4
52, 48, 1, 0, 4
52, 48, 1, 0, 4
52, 48, 1, 0, 4
52, 48, 1, 0, 4
52, 48, 1, 0, 4
52, 48, 1, 0, 4
52, 48, 1, 0, 4
52, 48, 1, 0, 4
52, 48, 1, 0, 4
52, 48, 1, 0, 4
52, 48, 1, 0, 4
53, 4, 0, 1, 2
53, 4, 0, 1, 2
53, 4, 0, 1, 2
53, 4, 0, 1, 2
53, 28, 1, 0, 3
53, 28, 1, 0, 3
53, 28, 1, 0, 3
53, 28, 1, 0, 3
53, 28, 1, 0, 3
53, 28, 1, 0, 3
53, 28, 1, 0, 3
53, 28, 1, 0, 3
53, 28, 1, 0, 3
53, 28, 1, 0, 3
53, 28, 1, 0, 3
53, 28, 1, 0, 3
53, 28, 1, 0, 3
53, 28, 1, 0, 3
53, 28, 1, 0, 3
53, 28, 1, 0, 3
53, 28, 1, 0, 4
53, 28, 1, 0, 4
53, 28, 1, 0, 4
53, 28, 1, 0, 4
53, 28, 1, 0, 4
53, 28, 1, 0, 4
53, 28, 1, 0, 4
53, 28, 1, 0, 4
53, 28, 1, 0, 4
53, 28, 1, 0, 4
53, 28, 1, 0, 4
53, 28, 1, 0, 4
54, 25, 0, 1, 3
54, 25, 0, 1, 3
54, 25, 0, 1, 3
54, 25, 0, 1, 3
54, 25, 0, 1, 4
54, 25, 0, 1, 4
54, 25, 0, 2, 3
54, 25, 0, 2, 3
54, 25, 0, 2, 3
54, 25, 0, 2, 3
54, 25, 0, 3, 3
54, 25, 0, 3, 3
54, 25, 0, 3, 3
54, 25, 0, 3, 3
54, 25, 0, 4, 3
54, 25, 0, 4, 3
54, 25, 0, 4, 3
54, 25, 0, 4, 3
54, 25, 0, 5, 3
54, 25, 0, 5, 3
54, 25, 0, 5, 3
54, 25, 0, 5, 3
54, 25, 0, 5, 4
54, 25, 0, 5, 4
54, 25, 0, 5, 4
54, 26, 1, 0, 2
54, 26, 1, 2, 3
54, 26, 1, 2, 3
54, 26, 1, 2, 3
54, 26, 1, 2, 3
54, 26, 1, 2, 4
54, 26, 1, 2, 4
54, 26, 1, 3, 3
54, 26, 1, 3, 3
54, 26, 1, 3, 3
54, 26, 1, 3, 3
54, 26, 1, 4, 3
54, 26, 1, 4, 3
54, 26, 1, 4, 3
54, 26, 1, 4, 3
54, 26, 1, 5, 3
54, 26, 1, 5, 3
54, 26, 1, 5, 3
54, 26, 1, 5, 3
54, 26, 1, 6, 3
54, 26, 1, 6, 3
54, 26, 1, 6, 3
54, 26, 1, 6, 3
54, 26, 1, 6, 4
54, 26, 1, 6, 4
54, 26, 1, 6, 4
54, 27, 2, 0, 2
54, 27, 2, 1, 2
54, 27, 2, 3, 3
54, 27, 2, 3, 3
54, 27, 2, 3, 3
54, 27, 2, 3, 3
54, 27, 2, 3, 4
54, 27, 2, 3, 4
54, 27, 2, 4, 3
54, 27, 2, 4, 3
54, 27, 2, 4, 3
54, 27, 2, 4, 3
54, 27, 2, 5, 3
54, 27, 2, 5, 3
54, 27, 2, 5, 3
54, 27, 2, 5, 3
54, 27, 2, 6, 3
54, 27, 2, 6, 3
54, 27, 2, 6, 3
54, 27, 2, 6, 3
54, 27, 2, 7, 3
54, 27, 2, 7, 3
54, 27, 2, 7, 3
54, 27, 2, 7, 3
54, 27, 2, 7, 4
54, 27, 2, 7, 4
54, 27, 2, 7, 4
54, 28, 3, 0, 2
54, 28, 3, 1, 2
54, 28, 3, 2, 2
54, 28, 3, 4, 3
54, 28, 3, 4, 3
54, 28, 3, 4, 3
54, 28, 3, 4, 3
54, 28, 3, 4, 4
54, 28, 3, 4, 4
54, 28, 3, 5, 3
54, 28, 3, 5, 3
54, 28, 3, 5, 3
54, 28, 3, 5, 3
54, 28, 3, 6, 3
54, 28, 3, 6, 3
54, 28, 3, 6, 3
54, 28, 3, 6, 3
54, 28, 3, 7, 3
54, 28, 3, 7, 3
54, 28, 3, 7, 3
54, 28, 3, 7, 3
54, 28, 3, 8, 3
54, 28, 3, 8, 3
54, 28, 3, 8, 3
54, 28, 3, 8, 3
54, 28, 3, 8, 4
54, 28, 3, 8, 4
54, 28, 3, 8, 4
54, 22, 4, 0, 2
54, 22, 4, 1, 2
54, 22, 4, 2, 2
54, 22, 4, 3, 2
54, 22, 4, 5, 3
54, 22, 4, 5, 3
54, 22, 4, 5, 3
54, 22, 4, 5, 3
54, 22, 4, 5, 4
54, 22, 4, 5, 4
54, 22, 4, 6, 3
54, 22, 4, 6, 3
54, 22, 4, 6, 3
54, 22, 4, 6, 3
54, 22, 4, 7, 3
54, 22, 4, 7, 3
54, 22, 4, 7, 3
54, 22, 4, 7, 3
54, 22, 4, 8, 3
54, 22, 4, 8, 3
54, 22, 4, 8, 3
54, 22, 4, 8, 3
54, 19, 5, 0, 2
54, 19, 5, 1, 2
54, 19, 5, 2, 2
54, 19, 5, 3, 2
54, 19, 5, 4, 2
54, 19, 5, 6, 3
54, 19, 5, 6, 3
54, 19, 5, 6, 3
54, 19, 5, 6, 3
54, 19, 5, 6, 4
54, 19, 5, 6, 4
54, 19, 5, 7, 3
54, 19, 5, 7, 3
54, 19, 5, 7, 3
54, 19, 5, 7, 3
54, 19, 5, 8, 3
54, 19, 5, 8, 3
54, 19, 5, 8, 3
54, 19, 5, 8, 3
54, 15, 6, 1, 2
54, 15, 6, 2, 2
54, 15, 6, 3, 2
54, 15, 6, 4, 2
54, 15, 6, 5, 2
54, 15, 6, 7, 3
54, 15, 6, 7, 3
54, 15, 6, 7, 3
54, 15, 6, 7, 3
54, 15, 6, 7, 4
54, 15, 6, 7, 4
54, 15, 6, 8, 3
54, 15, 6, 8, 3
54, 15, 6, 8, 3
54, 15, 6, 8, 3
54, 11, 7, 2, 2
54, 11, 7, 3, 2
54, 11, 7, 4, 2
54, 11, 7, 5, 2
54, 11, 7, 6, 2
54, 11, 7, 8, 3
54, 11, 7, 8, 3
54, 11, 7, 8, 3
54, 11, 7, 8, 3
54, 11, 7, 8, 4
54, 11, 7, 8, 4
54, 5, 8, 3, 2
54, 5, 8, 4, 2
54, 5, 8, 5, 2
54, 5, 8, 6, 2
54, 5, 8, 7, 2
55, 8, 0, 1, 2
55, 8, 0, 1, 2
55, 8, 0, 1, 2
55, 8, 0, 1, 2
55, 8, 0, 1, 2
55, 8, 0, 1, 2
55, 8, 0, 1, 2
55, 8, 0, 1, 2
55, 48, 1, 0, 3
55, 48, 1, 0, 3
55, 48, 1, 0, 3
55, 48, 1, 0, 3
55, 48, 1, 0, 3
55, 48, 1, 0, 3
55, 48, 1, 0, 3
55, 48, 1, 0, 3
55, 48, 1, 0, 3
55, 48, 1, 0, 3
55, 48, 1, 0, 3
55, 48, 1, 0, 3
55, 48, 1, 0, 3
55, 48, 1, 0, 3
55, 48, 1, 0, 3
55, 48, 1, 0, 3
55, 48, 1, 0, 3
55, 48, 1, 0, 3
55, 48, 1, 0, 3
55, 48, 1, 0, 3
55, 48, 1, 0, 3
55, 48, 1, 0, 3
55, 48, 1, 0, 3
55, 48, 1, 0, 3
55, 48, 1, 0, 3
55, 48, 1, 0, 3
55, 48, 1, 0, 3
55, 48, 1, 0, 3
55, 48, 1, 0, 3
55, 48, 1, 0, 3
55, 48, 1, 0, 3
55, 48, 1, 0, 3
55, 48, 1, 0, 4
55, 48, 1, 0, 4
55, 48, 1, 0, 4
55, 48, 1, 0, 4
55, 48, 1, 0, 4
55, 48, 1, 0, 4
55, 48, 1, 0, 4
55, 48, 1, 0, 4
55, 48, 1, 0, 4
55, 48, 1, 0, 4
55, 48, 1, 0, 4
55, 48, 1, 0, 4
55, 48, 1, 0, 4
55, 48, 1, 0, 4
55, 48, 1, 0, 4
55, 48, 1, 0, 4
56, 4, 0, 1, 2
56, 4, 0, 1, 2
56, 4, 0, 1, 2
56, 4, 0, 1, 2
56, 28, 1, 0, 3
56, 28, 1, 0, 3
56, 28, 1, 0, 3
56, 28, 1, 0, 3
56, 28, 1, 0, 3
56, 28, 1, 0, 3
56, 28, 1, 0, 3
56, 28, 1, 0, 3
56, 28, 1, 0, 3
56, 28, 1, 0, 3
56, 28, 1, 0, 3
56, 28, 1, 0, 3
56, 28, 1, 0, 3
56, 28, 1, 0, 3
56, 28, 1, 0, 3
56, 28, 1, 0, 3
56, 28, 1, 0, 4
56, 28, 1, 0, 4
56, 28, 1, 0, 4
56, 28, 1, 0, 4
56, 28, 1, 0, 4
56, 28, 1, 0, 4
56, 28, 1, 0, 4
56, 28, 1, 0, 4
56, 28, 1, 0, 4
56, 28, 1, 0, 4
56, 28, 1, 0, 4
56, 28, 1, 0, 4
57, 25, 0, 1, 3
57, 25, 0, 1, 3
57, 25, 0, 1, 3
57, 25, 0, 1, 3
57, 25, 0, 1, 4
57, 25, 0, 1, 4
57, 25, 0, 2, 3
57, 25, 0, 2, 3
57, 25, 0, 2, 3
57, 25, 0, 2, 3
57, 25, 0, 3, 3
57, 25, 0, 3, 3
57, 25, 0, 3, 3
57, 25, 0, 3, 3
57, 25, 0, 4, 3
57, 25, 0, 4, 3
57, 25, 0, 4, 3
57, 25, 0, 4, 3
57, 25, 0, 5, 3
57, 25, 0, 5, 3
57, 25, 0, 5, 3
57, 25, 0, 5, 3
57, 25, 0, 5, 4
57, 25, 0, 5, 4
57, 25, 0, 5, 4
57, 26, 1, 0, 2
57, 26, 1, 2, 3
57, 26, 1, 2, 3
57, 26, 1, 2, 3
57, 26, 1, 2, 3
57, 26, 1, 2, 4
57, 26, 1, 2, 4
57, 26, 1, 3, 3
57, 26, 1, 3, 3
57, 26, 1, 3, 3
57, 26, 1, 3, 3
57, 26, 1, 4, 3
57, 26, 1, 4, 3
57, 26, 1, 4, 3
57, 26, 1, 4, 3
57, 26, 1, 5, 3
57, 26, 1, 5, 3
57, 26, 1, 5, 3
57, 26, 1, 5, 3
57, 26, 1, 6, 3
57, 26, 1, 6, 3
57, 26, 1, 6, 3
57, 26, 1, 6, 3
57, 26, 1, 6, 4
57, 26, 1, 6, 4
57, 26, 1, 6, 4
57, 27, 2, 0, 2
57, 27, 2, 1, 2
57, 27, 2, 3, 3
57, 27, 2, 3, 3
57, 27, 2, 3, 3
57, 27, 2, 3, 3
57, 27, 2, 3, 4
57, 27, 2, 3, 4
57, 27, 2, 4, 3
57, 27, 2, 4, 3
57, 27, 2, 4, 3
57, 27, 2, 4, 3
57, 27, 2, 5, 3
57, 27, 2, 5, 3
57, 27, 2, 5, 3
57, 27, 2, 5, 3
57, 27, 2, 6, 3
57, 27, 2, 6, 3
57, 27, 2, 6, 3
57, 27, 2, 6, 3
57, 27, 2, 7, 3
57, 27, 2, 7, 3
57, 27, 2, 7, 3
57, 27, 2, 7, 3
57, 27, 2, 7, 4
57, 27, 2, 7, 4
57, 27, 2, 7, 4
57, 28, 3, 0, 2
57, 28, 3, 1, 2
57, 28, 3, 2, 2
57, 28, 3, 4, 3
57, 28, 3, 4, 3
57, 28, 3, 4, 3
57, 28, 3, 4, 3
57, 28, 3, 4, 4
57, 28, 3, 4, 4
57, 28, 3, 5, 3
57, 28, 3, 5, 3
57, 28, 3, 5, 3
57, 28, 3, 5, 3
57, 28, 3, 6, 3
57, 28, 3, 6, 3
57, 28, 3, 6, 3
57, 28, 3, 6, 3
57, 28, 3, 7, 3
57, 28, 3, 7, 3
57, 28, 3, 7, 3
57, 28, 3, 7, 3
57, 28, 3, 8, 3
57, 28, 3, 8, 3
57, 28, 3, 8, 3
57, 28, 3, 8, 3
57, 28, 3, 8, 4
57, 28, 3, 8, 4
57, 28, 3, 8, 4
57, 22, 4, 0, 2
57, 22, 4, 1, 2
57, 22, 4, 2, 2
57, 22, 4, 3, 2
57, 22, 4, 5, 3
57, 22, 4, 5, 3
57, 22, 4, 5, 3
57, 22, 4, 5, 3
57, 22, 4, 5, 4
57, 22, 4, 5, 4
57, 22, 4, 6, 3
57, 22, 4, 6, 3
57, 22, 4, 6, 3
57, 22, 4, 6, 3
57, 22, 4, 7, 3
57, 22, 4, 7, 3
57, 22, 4, 7, 3
57, 22, 4, 7, 3
57, 22, 4, 8, 3
57, 22, 4, 8, 3
57, 22, 4, 8, 3
57, 22, 4, 8, 3
57, 19, 5, 0, 2
57, 19, 5, 1, 2
57, 19, 5, 2, 2
57, 19, 5, 3, 2
57, 19, 5, 4, 2
57, 19, 5, 6, 3
57, 19, 5, 6, 3
57, 19, 5, 6, 3
57, 19, 5, 6, 3
57, 19, 5, 6, 4
57, 19, 5, 6, 4
57, 19, 5, 7, 3
57, 19, 5, 7, 3
57, 19, 5, 7, 3
57, 19, 5, 7, 3
57, 19, 5, 8, 3
57, 19, 5, 8, 3
57, 19, 5, 8, 3
57, 19, 5, 8, 3
57, 15, 6, 1, 2
57, 15, 6, 2, 2
57, 15, 6, 3, 2
57, 15, 6, 4, 2
57, 15, 6, 5, 2
57, 15, 6, 7, 3
57, 15, 6, 7, 3
57, 15, 6, 7, 3
57, 15, 6, 7, 3
57, 15, 6, 7, 4
57, 15, 6, 7, 4
57, 15, 6, 8, 3
57, 15, 6, 8, 3
57, 15, 6, 8, 3
57, 15, 6, 8, 3
57, 11, 7, 2, 2
57, 11, 7, 3, 2
57, 11, 7, 4, 2
57, 11, 7, 5, 2
57, 11, 7, 6, 2
57, 11, 7, 8, 3
57, 11, 7, 8, 3
57, 11, 7, 8, 3
57, 11, 7, 8, 3
57, 11, 7, 8, 4
57, 11, 7, 8, 4
57, 5, 8, 3, 2
57, 5, 8, 4, 2
57, 5, 8, 5, 2
57, 5, 8, 6, 2
57, 5, 8, 7, 2
58, 8, 0, 1, 2
58, 8, 0, 1, 2
58, 8, 0, 1, 2
58, 8, 0, 1, 2
58, 8, 0, 1, 2
58, 8, 0, 1, 2
58, 8, 0, 1, 2
58, 8, 0, 1, 2
58, 48, 1, 0, 3
58, 48, 1, 0, 3
58, 48, 1, 0, 3
58, 48, 1, 0, 3
58, 48, 1, 0, 3
58, 48, 1, 0, 3
58, 48, 1, 0, 3
58, 48, 1, 0, 3
58, 48, 1, 0, 3
58, 48, 1, 0, 3
58, 48, 1, 0, 3
58, 48, 1, 0, 3
58, 48, 1, 0, 3
58, 48, 1, 0, 3
58, 48, 1, 0, 3
58, 48, 1, 0, 3
58, 48, 1, 0, 3
58, 48, 1, 0, 3
58, 48, 1, 0, 3
58, 48, 1, 0, 3
58, 48, 1, 0, 3
58, 48, 1, 0, 3
58, 48, 1, 0, 3
58, 48, 1, 0, 3
58, 48, 1, 0, 3
58, 48, 1, 0, 3
58, 48, 1, 0, 3
58, 48, 1, 0, 3
58, 48, 1, 0, 3
58, 48, 1, 0, 3
58, 48, 1, 0, 3
58, 48, 1, 0, 3
58, 48, 1, 0, 4
58, 48, 1, 0, 4
58, 48, 1, 0, 4
58, 48, 1, 0, 4
58, 48, 1, 0, 4
58, 48, 1, 0, 4
58, 48, 1, 0, 4
58, 48, 1, 0, 4
58, 48, 1, 0, 4
58, 48, 1, 0, 4
58, 48, 1, 0, 4
58, 48, 1, 0, 4
58, 48, 1, 0, 4
58, 48, 1, 0, 4
58, 48, 1, 0, 4
58, 48, 1, 0, 4
59, 4, 0, 1, 2
59, 4, 0, 1, 2
59, 4, 0, 1, 2
59, 4, 0, 1, 2
59, 28, 1, 0, 3
59, 28, 1, 0, 3
59, 28, 1, 0, 3
59, 28, 1, 0, 3
59, 28, 1, 0, 3
59, 28, 1, 0, 3
59, 28, 1, 0, 3
59, 28, 1, 0, 3
59, 28, 1, 0, 3
59, 28, 1, 0, 3
59, 28, 1, 0, 3
59, 28, 1, 0, 3
59, 28, 1, 0, 3
59, 28, 1, 0, 3
59, 28, 1, 0, 3
59, 28, 1, 0, 3
59, 28, 1, 0, 4
59, 28, 1, 0, 4
59, 28, 1, 0, 4
59, 28, 1, 0, 4
59, 28, 1, 0, 4
59, 28, 1, 0, 4
59, 28, 1, 0, 4
59, 28, 1, 0, 4
59, 28, 1, 0, 4
59, 28, 1, 0, 4
59, 28, 1, 0, 4
59, 28, 1, 0, 4
60, 25, 0, 1, 3
60, 25, 0, 1, 3
60, 25, 0, 1, 3
60, 25, 0, 1, 3
60, 25, 0, 1, 4
60, 25, 0, 1, 4
60, 25, 0, 2, 3
60, 25, 0, 2, 3
60, 25, 0, 2, 3
60, 25, 0, 2, 3
60, 25, 0, 3, 3
60, 25, 0, 3, 3
60, 25, 0, 3, 3
60, 25, 0, 3, 3
60, 25, 0, 4, 3
60, 25, 0, 4, 3
60, 25, 0, 4, 3
60, 25, 0, 4, 3
60, 25, 0, 5, 3
60, 25, 0, 5, 3
60, 25, 0, 5, 3
60, 25, 0, 5, 3
60, 25, 0, 5, 4
60, 25, 0, 5, 4
60, 25, 0, 5, 4
60, 26, 1, 0, 2
60, 26, 1, 2, 3
60, 26, 1, 2, 3
60, 26, 1, 2, 3
60, 26, 1, 2, 3
60, 26, 1, 2, 4
60, 26, 1, 2, 4
60, 26, 1, 3, 3
60, 26, 1, 3, 3
60, 26, 1, 3, 3
60, 26, 1, 3, 3
60, 26, 1, 4, 3
60, 26, 1, 4, 3
60, 26, 1, 4, 3
60, 26, 1, 4, 3
60, 26, 1, 5, 3
60, 26, 1, 5, 3
60, 26, 1, 5, 3
60, 26, 1, 5, 3
60, 26, 1, 6, 3
60, 26, 1, 6, 3
60, 26, 1, 6, 3
60, 26, 1, 6, 3
60, 26, 1, 6, 4
60, 26, 1, 6, 4
60, 26, 1, 6, 4
60, 27, 2, 0, 2
60, 27, 2, 1, 2
60, 27, 2, 3, 3
60, 27, 2, 3, 3
60, 27, 2, 3, 3
60, 27, 2, 3, 3
60, 27, 2, 3, 4
60, 27, 2, 3, 4
60, 27, 2, 4, 3
60, 27, 2, 4, 3
60, 27, 2, 4, 3
60, 27, 2, 4, 3
60, 27, 2, 5, 3
60, 27, 2, 5, 3
60, 27, 2, 5, 3
60, 27, 2, 5, 3
60, 27, 2, 6, 3
60, 27, 2, 6, 3
60, 27, 2, 6, 3
60, 27, 2, 6, 3
60, 27, 2, 7, 3
60, 27, 2, 7, 3
60, 27, 2, 7, 3
60, 27, 2, 7, 3
60, 27, 2, 7, 4
60, 27, 2, 7, 4
60, 27, 2, 7, 4
60, 28, 3, 0, 2
60, 28, 3, 1, 2
60, 28, 3, 2, 2
60, 28, 3, 4, 3
60, 28, 3, 4, 3
60, 28, 3, 4, 3
60, 28, 3, 4, 3
60, 28, 3, 4, 4
60, 28, 3, 4, 4
60, 28, 3, 5, 3
60, 28, 3, 5, 3
60, 28, 3, 5, 3
60, 28, 3, 5, 3
60, 28, 3, 6, 3
60, 28, 3, 6, 3
60, 28, 3, 6, 3
60, 28, 3, 6, 3
60, 28, 3, 7, 3
60, 28, 3, 7, 3
60, 28, 3, 7, 3
60, 28, 3, 7, 3
60, 28, 3, 8, 3
60, 28, 3, 8, 3
60, 28, 3, 8, 3
60, 28, 3, 8, 3
60, 28, 3, 8, 4
60, 28, 3, 8, 4
60, 28, 3, 8, 4
60, 22, 4, 0, 2
60, 22, 4, 1, 2
60, 22, 4, 2, 2
60, 22, 4, 3, 2
60, 22, 4, 5, 3
60, 22, 4, 5, 3
60, 22, 4, 5, 3
60, 22, 4, 5, 3
60, 22, 4, 5, 4
60, 22, 4, 5, 4
60, 22, 4, 6, 3
60, 22, 4, 6, 3
60, 22, 4, 6, 3
60, 22, 4, 6, 3
60, 22, 4, 7, 3
60, 22, 4, 7, 3
60, 22, 4, 7, 3
60, 22, 4, 7, 3
60, 22, 4, 8, 3
60, 22, 4, 8, 3
60, 22, 4, 8, 3
60, 22, 4, 8, 3
60, 19, 5, 0, 2
60, 19, 5, 1, 2
60, 19, 5, 2, 2
60, 19, 5, 3, 2
60, 19, 5, 4, 2
60, 19, 5, 6, 3
60, 19, 5, 6, 3
60, 19, 5, 6, 3
60, 19, 5, 6, 3
60, 19, 5, 6, 4
60, 19, 5, 6, 4
60, 19, 5, 7, 3
60, 19, 5, 7, 3
60, 19, 5, 7, 3
60, 19, 5, 7, 3
60, 19, 5, 8, 3
60, 19, 5, 8, 3
60, 19, 5, 8, 3
60, 19, 5, 8, 3
60, 15, 6, 1, 2
60, 15, 6, 2, 2
60, 15, 6, 3, 2
60, 15, 6, 4, 2
60, 15, 6, 5, 2
60, 15, 6, 7, 3
60, 15, 6, 7, 3
60, 15, 6, 7, 3
60, 15, 6, 7, 3
60, 15, 6, 7, 4
60, 15, 6, 7, 4
60, 15, 6, 8, 3
60, 15, 6, 8, 3
60, 15, 6, 8, 3
60, 15, 6, 8, 3
60, 11, 7, 2, 2
60, 11, 7, 3, 2
60, 11, 7, 4, 2
60, 11, 7, 5, 2
60, 11, 7, 6, 2
60, 11, 7, 8, 3
60, 11, 7, 8, 3
60, 11, 7, 8, 3
60, 11, 7, 8, 3
60, 11, 7, 8, 4
60, 11, 7, 8, 4
60, 5, 8, 3, 2
60, 5, 8, 4, 2
60, 5, 8, 5, 2
60, 5, 8, 6, 2
60, 5, 8, 7, 2
61, 8, 0, 1, 2
61, 8, 0, 1, 2
61, 8, 0, 1, 2
61, 8, 0, 1, 2
61, 8, 0, 1, 2
61, 8, 0, 1, 2
61, 8, 0, 1, 2
61, 8, 0, 1, 2
61, 48, 1, 0, 3
61, 48, 1, 0, 3
61, 48, 1, 0, 3
61, 48, 1, 0, 3
61, 48, 1, 0, 3
61, 48, 1, 0, 3
61, 48, 1, 0, 3
61, 48, 1, 0, 3
61, 48, 1, 0, 3
61, 48, 1, 0, 3
61, 48, 1, 0, 3
61, 48, 1, 0, 3
61, 48, 1, 0, 3
61, 48, 1, 0, 3
61, 48, 1, 0, 3
61, 48, 1, 0, 3
61, 48, 1, 0, 3
61, 48, 1, 0, 3
61, 48, 1, 0, 3
61, 48, 1, 0, 3
61, 48, 1, 0, 3
61, 48, 1, 0, 3
61, 48, 1, 0, 3
61, 48, 1, 0, 3
61, 48, 1, 0, 3
61, 48, 1, 0, 3
61, 48, 1, 0, 3
61, 48, 1, 0, 3
61, 48, 1, 0, 3
61, 48, 1, 0, 3
61, 48, 1, 0, 3
61, 48, 1, 0, 3
61, 48, 1, 0, 4
61, 48, 1, 0, 4
61, 48, 1, 0, 4
61, 48, 1, 0, 4
61, 48, 1, 0, 4
61, 48, 1, 0, 4
61, 48, 1, 0, 4
61, 48, 1, 0, 4
61, 48, 1, 0, 4
61, 48, 1, 0, 4
61, 48, 1, 0, 4
61, 48, 1, 0, 4
61, 48, 1, 0, 4
61, 48, 1, 0, 4
61, 48, 1, 0, 4
61, 48, 1, 0, 4
62, 4, 0, 1, 2
62, 4, 0, 1, 2
62, 4, 0, 1, 2
62, 4, 0, 1, 2
62, 28, 1, 0, 3
62, 28, 1, 0, 3
62, 28, 1, 0, 3
62, 28, 1, 0, 3
62, 28, 1, 0, 3
62, 28, 1, 0, 3
62, 28, 1, 0, 3
62, 28, 1, 0, 3
62, 28, 1, 0, 3
62, 28, 1, 0, 3
62, 28, 1, 0, 3
62, 28, 1, 0, 3
62, 28, 1, 0, 3
62, 28, 1, 0, 3
62, 28, 1, 0, 3
62, 28, 1, 0, 3
62, 28, 1, 0, 4
62, 28, 1, 0, 4
62, 28, 1, 0, 4
62, 28, 1, 0, 4
62, 28, 1, 0, 4
62, 28, 1, 0, 4
62, 28, 1, 0, 4
62, 28, 1, 0, 4
62, 28, 1, 0, 4
62, 28, 1, 0, 4
62, 28, 1, 0, 4
62, 28, 1, 0, 4
63, 25, 0, 1, 3
63, 25, 0, 1, 3
63, 25, 0, 1, 3
63, 25, 0, 1, 3
63, 25, 0, 1, 4
63, 25, 0, 1, 4
63, 25, 0, 2, 3
63, 25, 0, 2, 3
63, 25, 0, 2, 3
63, 25, 0, 2, 3
63, 25, 0, 3, 3
63, 25, 0, 3, 3
63, 25, 0, 3, 3
63, 25, 0, 3, 3
63, 25, 0, 4, 3
63, 25, 0, 4, 3
63, 25, 0, 4, 3
63, 25, 0, 4, 3
63, 25, 0, 5, 3
63, 25, 0, 5, 3
63, 25, 0, 5, 3
63, 25, 0, 5, 3
63, 25, 0, 5, 4
63, 25, 0, 5, 4
63, 25, 0, 5, 4
63, 26, 1, 0, 2
63, 26, 1, 2, 3
63, 26, 1, 2, 3
63, 26, 1, 2, 3
63, 26, 1, 2, 3
63, 26, 1, 2, 4
63, 26, 1, 2, 4
63, 26, 1, 3, 3
63, 26, 1, 3, 3
63, 26, 1, 3, 3
63, 26, 1, 3, 3
63, 26, 1, 4, 3
63, 26, 1, 4, 3
63, 26, 1, 4, 3
63, 26, 1, 4, 3
63, 26, 1, 5, 3
63, 26, 1, 5, 3
63, 26, 1, 5, 3
63, 26, 1, 5, 3
63, 26, 1, 6, 3
63, 26, 1, 6, 3
63, 26, 1, 6, 3
63, 26, 1, 6, 3
63, 26, 1, 6, 4
63, 26, 1, 6, 4
63, 26, 1, 6, 4
63, 27, 2, 0, 2
63, 27, 2, 1, 2
63, 27, 2, 3, 3
63, 27, 2, 3, 3
63, 27, 2, 3, 3
63, 27, 2, 3, 3
63, 27, 2, 3, 4
63, 27, 2, 3, 4
63, 27, 2, 4, 3
63, 27, 2, 4, 3
63, 27, 2, 4, 3
63, 27, 2, 4, 3
63, 27, 2, 5, 3
63, 27, 2, 5, 3
63, 27, 2, 5, 3
63, 27, 2, 5, 3
63, 27, 2, 6, 3
63, 27, 2, 6, 3
63, 27, 2, 6, 3
63, 27, 2, 6, 3
63, 27, 2, 7, 3
63, 27, 2, 7, 3
63, 27, 2, 7, 3
63, 27, 2, 7, 3
63, 27, 2, 7, 4
63, 27, 2, 7, 4
63, 27, 2, 7, 4
63, 28, 3, 0, 2
63, 28, 3, 1, 2
63, 28, 3, 2, 2
63, 28, 3, 4, 3
63, 28, 3, 4, 3
63, 28, 3, 4, 3
63, 28, 3, 4, 3
63, 28, 3, 4, 4
63, 28, 3, 4, 4
63, 28, 3, 5, 3
63, 28, 3, 5, 3
63, 28, 3, 5, 3
63, 28, 3, 5, 3
63, 28, 3, 6, 3
63, 28, 3, 6, 3
63, 28, 3, 6, 3
63, 28, 3, 6, 3
63, 28, 3, 7, 3
63, 28, 3, 7, 3
63, 28, 3, 7, 3
63, 28, 3, 7, 3
63, 28, 3, 8, 3
63, 28, 3, 8, 3
63, 28, 3, 8, 3
63, 28, 3, 8, 3
63, 28, 3, 8, 4
63, 28, 3, 8, 4
63, 28, 3, 8, 4
63, 22, 4, 0, 2
63, 22, 4, 1, 2
63, 22, 4, 2, 2
63, 22, 4, 3, 2
63, 22, 4, 5, 3
63, 22, 4, 5, 3
63, 22, 4, 5, 3
63, 22, 4, 5, 3
63, 22, 4, 5, 4
63, 22, 4, 5, 4
63, 22, 4, 6, 3
63, 22, 4, 6, 3
63, 22, 4, 6, 3
63, 22, 4, 6, 3
63, 22, 4, 7, 3
63, 22, 4, 7, 3
63, 22, 4, 7, 3
63, 22, 4, 7, 3
63, 22, 4, 8, 3
63, 22, 4, 8, 3
63, 22, 4, 8, 3
63, 22, 4, 8, 3
63, 19, 5, 0, 2
63, 19, 5, 1, 2
63, 19, 5, 2, 2
63, 19, 5, 3, 2
63, 19, 5, 4, 2
63, 19, 5, 6, 3
63, 19, 5, 6, 3
63, 19, 5, 6, 3
63, 19, 5, 6, 3
63, 19, 5, 6, 4
63, 19, 5, 6, 4
63, 19, 5, 7, 3
63, 19, 5, 7, 3
63, 19, 5, 7, 3
63, 19, 5, 7, 3
63, 19, 5, 8, 3
63, 19, 5, 8, 3
63, 19, 5, 8, 3
63, 19, 5, 8, 3
63, 15, 6, 1, 2
63, 15, 6, 2, 2
63, 15, 6, 3, 2
63, 15, 6, 4, 2
63, 15, 6, 5, 2
63, 15, 6, 7, 3
63, 15, 6, 7, 3
63, 15, 6, 7, 3
63, 15, 6, 7, 3
63, 15, 6, 7, 4
63, 15, 6, 7, 4
63, 15, 6, 8, 3
63, 15, 6, 8, 3
63, 15, 6, 8, 3
63, 15, 6, 8, 3
63, 11, 7, 2, 2
63, 11, 7, 3, 2
63, 11, 7, 4, 2
63, 11, 7, 5, 2
63, 11, 7, 6, 2
63, 11, 7, 8, 3
63, 11, 7, 8, 3
63, 11, 7, 8, 3
63, 11, 7, 8, 3
63, 11, 7, 8, 4
63, 11, 7, 8, 4
63, 5, 8, 3, 2
63, 5, 8, 4, 2
63, 5, 8, 5, 2
63, 5, 8, 6, 2
63, 5, 8, 7, 2
64, 8, 0, 1, 2
64, 8, 0, 1, 2
64, 8, 0, 1, 2
64, 8, 0, 1, 2
64, 8, 0, 1, 2
64, 8, 0, 1, 2
64, 8, 0, 1, 2
64, 8, 0, 1, 2
64, 48, 1, 0, 3
64, 48, 1, 0, 3
64, 48, 1, 0, 3
64, 48, 1, 0, 3
64, 48, 1, 0, 3
64, 48, 1, 0, 3
64, 48, 1, 0, 3
64, 48, 1, 0, 3
64, 48, 1, 0, 3
64, 48, 1, 0, 3
64, 48, 1, 0, 3
64, 48, 1, 0, 3
64, 48, 1, 0, 3
64, 48, 1, 0, 3
64, 48, 1, 0, 3
64, 48, 1, 0, 3
64, 48, 1, 0, 3
64, 48, 1, 0, 3
64, 48, 1, 0, 3
64, 48, 1, 0, 3
64, 48, 1, 0, 3
64, 48, 1, 0, 3
64, 48, 1, 0, 3
64, 48, 1, 0, 3
64, 48, 1, 0, 3
64, 48, 1, 0, 3
64, 48, 1, 0, 3
64, 48, 1, 0, 3
64, 48, 1, 0, 3
64, 48, 1, 0, 3
64, 48, 1, 0, 3
64, 48, 1, 0, 3
64, 48, 1, 0, 4
64, 48, 1, 0, 4
64, 48, 1, 0, 4
64, 48, 1, 0, 4
64, 48, 1, 0, 4
64, 48, 1, 0, 4
64, 48, 1, 0, 4
64, 48, 1, 0, 4
64, 48, 1, 0, 4
64, 48, 1, 0, 4
64, 48, 1, 0, 4
64, 48, 1, 0, 4
64, 48, 1, 0, 4
64, 48, 1, 0, 4
64, 48, 1, 0, 4
64, 48, 1, 0, 4
65, 4, 0, 1, 2
65, 4, 0, 1, 2
65, 4, 0, 1, 2
65, 4, 0, 1, 2
65, 28, 1, 0, 3
65, 28, 1, 0, 3
65, 28, 1, 0, 3
65, 28, 1, 0, 3
65, 28, 1, 0, 3
65, 28, 1, 0, 3
65, 28, 1, 0, 3
65, 28, 1, 0, 3
65, 28, 1, 0, 3
65, 28, 1, 0, 3
65, 28, 1, 0, 3
65, 28, 1, 0, 3
65, 28, 1, 0, 3
65, 28, 1, 0, 3
65, 28, 1, 0, 3
65, 28, 1, 0, 3
65, 28, 1, 0, 4
65, 28, 1, 0, 4
65, 28, 1, 0, 4
65, 28, 1, 0, 4
65, 28, 1, 0, 4
65, 28, 1, 0, 4
65, 28, 1, 0, 4
65, 28, 1, 0, 4
65, 28, 1, 0, 4
65, 28, 1, 0, 4
65, 28, 1, 0, 4
65, 28, 1, 0, 4
66, 25, 0, 1, 3
66, 25, 0, 1, 3
66, 25, 0, 1, 3
66, 25, 0, 1, 3
66, 25, 0, 1, 4
66, 25, 0, 1, 4
66, 25, 0, 2, 3
66, 25, 0, 2, 3
66, 25, 0, 2, 3
66, 25, 0, 2, 3
66, 25, 0, 3, 3
66, 25, 0, 3, 3
66, 25, 0, 3, 3
66, 25, 0, 3, 3
66, 25, 0, 4, 3
66, 25, 0, 4, 3
66, 25, 0, 4, 3
66, 25, 0, 4, 3
66, 25, 0, 5, 3
66, 25, 0, 5, 3
66, 25, 0, 5, 3
66, 25, 0, 5, 3
66, 25, 0, 5, 4
66, 25, 0, 5, 4
66, 25, 0, 5, 4
66, 26, 1, 0, 2
66, 26, 1, 2, 3
66, 26, 1, 2, 3
66, 26, 1, 2, 3
66, 26, 1, 2, 3
66, 26, 1, 2, 4
66, 26, 1, 2, 4
66, 26, 1, 3, 3
66, 26, 1, 3, 3
66, 26, 1, 3, 3
66, 26, 1, 3, 3
66, 26, 1, 4, 3
66, 26, 1, 4, 3
66, 26, 1, 4, 3
66, 26, 1, 4, 3
66, 26, 1, 5, 3
66, 26, 1, 5, 3
66, 26, 1, 5, 3
66, 26, 1, 5, 3
66, 26, 1, 6, 3
66, 26, 1, 6, 3
66, 26, 1, 6, 3
66, 26, 1, 6, 3
66, 26, 1, 6, 4
66, 26, 1, 6, 4
66, 26, 1, 6, 4
66, 27, 2, 0, 2
66, 27, 2, 1, 2
66, 27, 2, 3, 3
66, 27, 2, 3, 3
66, 27, 2, 3, 3
66, 27, 2, 3, 3
66, 27, 2, 3, 4
66, 27, 2, 3, 4
66, 27, 2, 4, 3
66, 27, 2, 4, 3
66, 27, 2, 4, 3
66, 27, 2, 4, 3
66, 27, 2, 5, 3
66, 27, 2, 5, 3
66, 27, 2, 5, 3
66, 27, 2, 5, 3
66, 27, 2, 6, 3
66, 27, 2, 6, 3
66, 27, 2, 6, 3
66, 27, 2, 6, 3
66, 27, 2, 7, 3
66, 27, 2, 7, 3
66, 27, 2, 7, 3
66, 27, 2, 7, 3
66, 27, 2, 7, 4
66, 27, 2, 7, 4
66, 27, 2, 7, 4
66, 28, 3, 0, 2
66, 28, 3, 1, 2
66, 28, 3, 2, 2
66, 28, 3, 4, 3
66, 28, 3, 4, 3
66, 28, 3, 4, 3
66, 28, 3, 4, 3
66, 28, 3, 4, 4
66, 28, 3, 4, 4
66, 28, 3, 5, 3
66, 28, 3, 5, 3
66, 28, 3, 5, 3
66, 28, 3, 5, 3
66, 28, 3, 6, 3
66, 28, 3, 6, 3
66, 28, 3, 6, 3
66, 28, 3, 6, 3
66, 28, 3, 7, 3
66, 28, 3, 7, 3
66, 28, 3, 7, 3
66, 28, 3, 7, 3
66, 28, 3, 8, 3
66, 28, 3, 8, 3
66, 28, 3, 8, 3
66, 28, 3, 8, 3
66, 28, 3, 8, 4
66, 28, 3, 8, 4
66, 28, 3, 8, 4
66, 22, 4, 0, 2
66, 22, 4, 1, 2
66, 22, 4, 2, 2
66, 22, 4, 3, 2
66, 22, 4, 5, 3
66, 22, 4, 5, 3
66, 22, 4, 5, 3
66, 22, 4, 5, 3
66, 22, 4, 5, 4
66, 22, 4, 5, 4
66, 22, 4, 6, 3
66, 22, 4, 6, 3
66, 22, 4, 6, 3
66, 22, 4, 6, 3
66, 22, 4, 7, 3
66, 22, 4, 7, 3
66, 22, 4, 7, 3
66, 22, 4, 7, 3
66, 22, 4, 8, 3
66, 22, 4, 8, 3
66, 22, 4, 8, 3
66, 22, 4, 8, 3
66, 19, 5, 0, 2
66, 19, 5, 1, 2
66, 19, 5, 2, 2
66, 19, 5, 3, 2
66, 19, 5, 4, 2
66, 19, 5, 6, 3
66, 19, 5, 6, 3
66, 19, 5, 6, 3
66, 19, 5, 6, 3
66, 19, 5, 6, 4
66, 19, 5, 6, 4
66, 19, 5, 7, 3
66, 19, 5, 7, 3
66, 19, 5, 7, 3
66, 19, 5, 7, 3
66, 19, 5, 8, 3
66, 19, 5, 8, 3
66, 19, 5, 8, 3
66, 19, 5, 8, 3
66, 15, 6, 1, 2
66, 15, 6, 2, 2
66, 15, 6, 3, 2
66, 15, 6, 4, 2
66, 15, 6, 5, 2
66, 15, 6, 7, 3
66, 15, 6, 7, 3
66, 15, 6, 7, 3
66, 15, 6, 7, 3
66, 15, 6, 7, 4
66, 15, 6, 7, 4
66, 15, 6, 8, 3
66, 15, 6, 8, 3
66, 15, 6, 8, 3
66, 15, 6, 8, 3
66, 11, 7, 2, 2
66, 11, 7, 3, 2
66, 11, 7, 4, 2
66, 11, 7, 5, 2
66, 11, 7, 6, 2
66, 11, 7, 8, 3
66, 11, 7, 8, 3
66, 11, 7, 8, 3
66, 11, 7, 8, 3
66, 11, 7, 8, 4
66, 11, 7, 8, 4
66, 5, 8, 3, 2
66, 5, 8, 4, 2
66, 5, 8, 5, 2
66, 5, 8, 6, 2
66, 5, 8, 7, 2
67, 13, 0, 1, 2
67, 13, 0, 1, 2
67, 13, 0, 1, 2
67, 13, 0, 1, 2
67, 13, 0, 1, 2
67, 13, 0, 1, 2
67, 13, 0, 1, 2
67, 13, 0, 1, 2
67, 13, 0, 1, 2
67, 13, 0, 1, 2
67, 13, 0, 1, 2
67, 13, 0, 1, 2
67, 13, 0, 1, 2
67, 13, 1, 0, 2
67, 13, 1, 0, 2
67, 13, 1, 0, 2
67, 13, 1, 0, 2
67, 13, 1, 0, 2
67, 13, 1, 0, 2
67, 13, 1, 0, 2
67, 13, 1, 0, 2
67, 13, 1, 0, 2
67, 13, 1, 0, 2
67, 13, 1, 0, 2
67, 13, 1, 0, 2
67, 13, 1, 0, 2
68, 14, 0, 1, 2
68, 14, 0, 1, 2
68, 14, 0, 1, 2
68, 14, 0, 1, 2
68, 14, 0, 1, 2
68, 14, 0, 1, 2
68, 14, 0, 1, 2
68, 14, 0, 1, 2
68, 14, 0, 1, 2
68, 14, 0, 1, 2
68, 14, 0, 1, 2
68, 14, 0, 1, 2
68, 14, 0, 1, 2
68, 14, 0, 1, 2
68, 98, 1, 0, 3
68, 98, 1, 0, 3
68, 98, 1, 0, 3
68, 98, 1, 0, 3
68, 98, 1, 0, 3
68, 98, 1, 0, 3
68, 98, 1, 0, 3
68, 98, 1, 0, 3
68, 98, 1, 0, 3
68, 98, 1, 0, 3
68, 98, 1, 0, 3
68, 98, 1, 0, 3
68, 98, 1, 0, 3
68, 98, 1, 0, 3
68, 98, 1, 0, 3
68, 98, 1, 0, 3
68, 98, 1, 0, 3
68, 98, 1, 0, 3
68, 98, 1, 0, 3
68, 98, 1, 0, 3
68, 98, 1, 0, 3
68, 98, 1, 0, 3
68, 98, 1, 0, 3
68, 98, 1, 0, 3
68, 98, 1, 0, 3
68, 98, 1, 0, 3
68, 98, 1, 0, 3
68, 98, 1, 0, 3
68, 98, 1, 0, 3
68, 98, 1, 0, 3
68, 98, 1, 0, 3
68, 98, 1, 0, 3
68, 98, 1, 0, 3
68, 98, 1, 0, 3
68, 98, 1, 0, 3
68, 98, 1, 0, 3
68, 98, 1, 0, 3
68, 98, 1, 0, 3
68, 98, 1, 0, 3
68, 98, 1, 0, 3
68, 98, 1, 0, 3
68, 98, 1, 0, 3
68, 98, 1, 0, 3
68, 98, 1, 0, 3
68, 98, 1, 0, 3
68, 98, 1, 0, 3
68, 98, 1, 0, 3
68, 98, 1, 0, 3
68, 98, 1, 0, 3
68, 98, 1, 0, 3
68, 98, 1, 0, 3
68, 98, 1, 0, 3
68, 98, 1, 0, 3
68, 98, 1, 0, 3
68, 98, 1, 0, 3
68, 98, 1, 0, 3
68, 98, 1, 0, 3
68, 98, 1, 0, 3
68, 98, 1, 0, 3
68, 98, 1, 0, 3
68, 98, 1, 0, 3
68, 98, 1, 0, 3
68, 98, 1, 0, 3
68, 98, 1, 0, 3
68, 98, 1, 0, 3
68, 98, 1, 0, 3
68, 98, 1, 0, 3
68, 98, 1, 0, 3
68, 98, 1, 0, 3
68, 98, 1, 0, 3
68, 98, 1, 0, 3
68, 98, 1, 0, 3
68, 98, 1, 0, 3
68, 98, 1, 0, 3
68, 98, 1, 0, 3
68, 98, 1, 0, 3
68, 98, 1, 0, 3
68, 98, 1, 0, 3
68, 98, 1, 0, 3
68, 98, 1, 0, 3
68, 98, 1, 0, 3
68, 98, 1, 0, 3
68, 98, 1, 0, 3
68, 98, 1, 0, 3
68, 98, 1, 0, 3
68, 98, 1, 0, 3
68, 98, 1, 0, 3
68, 98, 1, 0, 3
68, 98, 1, 0, 3
68, 98, 1, 0, 3
68, 98, 1, 0, 3
68, 98, 1, 0, 3
68, 98, 1, 0, 3
68, 98, 1, 0, 3
68, 98, 1, 0, 3
68, 98, 1, 0, 3
68, 98, 1, 0, 3
68, 98, 1, 0, 3
69, 15, 0, 1, 2
69, 15, 0, 1, 2
69, 15, 0, 1, 2
69, 15, 0, 1, 2
69, 15, 0, 1, 2
69, 15, 0, 1, 2
69, 15, 0, 1, 2
69, 15, 0, 1, 2
69, 15, 0, 1, 2
69, 15, 0, 1, 2
69, 15, 0, 1, 2
69, 15, 0, 1, 2
69, 15, 0, 1, 2
69, 15, 0, 1, 2
69, 15, 0, 1, 2
69, 105, 1, 0, 3
69, 105, 1, 0, 3
69, 105, 1, 0, 3
69, 105, 1, 0, 3
69, 105, 1, 0, 3
69, 105, 1, 0, 3
69, 105, 1, 0, 3
69, 105, 1, 0, 3
69, 105, 1, 0, 3
69, 105, 1, 0, 3
69, 105, 1, 0, 3
69, 105, 1, 0, 3
69, 105, 1, 0, 3
69, 105, 1, 0, 3
69, 105, 1, 0, 3
69, 105, 1, 0, 3
69, 105, 1, 0, 3
69, 105, 1, 0, 3
69, 105, 1, 0, 3
69, 105, 1, 0, 3
69, 105, 1, 0, 3
69, 105, 1, 0, 3
69, 105, 1, 0, 3
69, 105, 1, 0, 3
69, 105, 1, 0, 3
69, 105, 1, 0, 3
69, 105, 1, 0, 3
69, 105, 1, 0, 3
69, 105, 1, 0, 3
69, 105, 1, 0, 3
69, 105, 1, 0, 3
69, 105, 1, 0, 3
69, 105, 1, 0, 3
69, 105, 1, 0, 3
69, 105, 1, 0, 3
69, 105, 1, 0, 3
69, 105, 1, 0, 3
69, 105, 1, 0, 3
69, 105, 1, 0, 3
69, 105, 1, 0, 3
69, 105, 1, 0, 3
69, 105, 1, 0, 3
69, 105, 1, 0, 3
69, 105, 1, 0, 3
69, 105, 1, 0, 3
69, 105, 1, 0, 3
69, 105, 1, 0, 3
69, 105, 1, 0, 3
69, 105, 1, 0, 3
69, 105, 1, 0, 3
69, 105, 1, 0, 3
69, 105, 1, 0, 3
69, 105, 1, 0, 3
69, 105, 1, 0, 3
69, 105, 1, 0, 3
69, 105, 1, 0, 3
69, 105, 1, 0, 3
69, 105, 1, 0, 3
69, 105, 1, 0, 3
69, 105, 1, 0, 3
69, 105, 1, 0, 3
69, 105, 1, 0, 3
69, 105, 1, 0, 3
69, 105, 1, 0, 3
69, 105, 1, 0, 3
69, 105, 1, 0, 3
69, 105, 1, 0, 3
69, 105, 1, 0, 3
69, 105, 1, 0, 3
69, 105, 1, 0, 3
69, 105, 1, 0, 3
69, 105, 1, 0, 3
69, 105, 1, 0, 3
69, 105, 1, 0, 3
69, 105, 1, 0, 3
69, 105, 1, 0, 3
69, 105, 1, 0, 3
69, 105, 1, 0, 3
69, 105, 1, 0, 3
69, 105, 1, 0, 3
69, 105, 1, 0, 3
69, 105, 1, 0, 3
69, 105, 1, 0, 3
69, 105, 1, 0, 3
69, 105, 1, 0, 3
69, 105, 1, 0, 3
69, 105, 1, 0, 3
69, 105, 1, 0, 3
69, 105, 1, 0, 3
69, 105, 1, 0, 3
69, 105, 1, 0, 3
69, 105, 1, 0, 3
69, 105, 1, 0, 3
69, 105, 1, 0, 3
69, 105, 1, 0, 3
69, 105, 1, 0, 3
69, 105, 1, 0, 3
69, 105, 1, 0, 3
69, 105, 1, 0, 3
69, 105, 1, 0, 3
69, 105, 1, 0, 3
69, 105, 1, 0, 3
69, 105, 1, 0, 3
69, 105, 1, 0, 3
69, 105, 1, 0, 3
70, 16, 0, 1, 2
70, 16, 0, 1, 2
70, 16, 0, 1, 2
70, 16, 0, 1, 2
70, 16, 0, 1, 2
70, 16, 0, 1, 2
70, 16, 0, 1, 2
70, 16, 0, 1, 2
70, 16, 0, 1, 2
70, 16, 0, 1, 2
70, 16, 0, 1, 2
70, 16, 0, 1, 2
70, 16, 0, 1, 2
70, 16, 0, 1, 2
70, 16, 0, 1, 2
70, 16, 0, 1, 2
70, 144, 1, 0, 3
70, 144, 1, 0, 3
70, 144, 1, 0, 3
70, 144, 1, 0, 3
70, 144, 1, 0, 3
70, 144, 1, 0, 3
70, 144, 1, 0, 3
70, 144, 1, 0, 3
70, 144, 1, 0, 3
70, 144, 1, 0, 3
70, 144, 1, 0, 3
70, 144, 1, 0, 3
70, 144, 1, 0, 3
70, 144, 1, 0, 3
70, 144, 1, 0, 3
70, 144, 1, 0, 3
70, 144, 1, 0, 3
70, 144, 1, 0, 3
70, 144, 1, 0, 3
70, 144, 1, 0, 3
70, 144, 1, 0, 3
70, 144, 1, 0, 3
70, 144, 1, 0, 3
70, 144, 1, 0, 3
70, 144, 1, 0, 3
70, 144, 1, 0, 3
70, 144, 1, 0, 3
70, 144, 1, 0, 3
70, 144, 1, 0, 3
70, 144, 1, 0, 3
70, 144, 1, 0, 3
70, 144, 1, 0, 3
70, 144, 1, 0, 3
70, 144, 1, 0, 3
70, 144, 1, 0, 3
70, 144, 1, 0, 3
70, 144, 1, 0, 3
70, 144, 1, 0, 3
70, 144, 1, 0, 3
70, 144, 1, 0, 3
70, 144, 1, 0, 3
70, 144, 1, 0, 3
70, 144, 1, 0, 3
70, 144, 1, 0, 3
70, 144, 1, 0, 3
70, 144, 1, 0, 3
70, 144, 1, 0, 3
70, 144, 1, 0, 3
70, 144, 1, 0, 3
70, 144, 1, 0, 3
70, 144, 1, 0, 3
70, 144, 1, 0, 3
70, 144, 1, 0, 3
70, 144, 1, 0, 3
70, 144, 1, 0, 3
70, 144, 1, 0, 3
70, 144, 1, 0, 3
70, 144, 1, 0, 3
70, 144, 1, 0, 3
70, 144, 1, 0, 3
70, 144, 1, 0, 3
70, 144, 1, 0, 3
70, 144, 1, 0, 3
70, 144, 1, 0, 3
70, 144, 1, 0, 3
70, 144, 1, 0, 3
70, 144, 1, 0, 3
70, 144, 1, 0, 3
70, 144, 1, 0, 3
70, 144, 1, 0, 3
70, 144, 1, 0, 3
70, 144, 1, 0, 3
70, 144, 1, 0, 3
70, 144, 1, 0, 3
70, 144, 1, 0, 3
70, 144, 1, 0, 3
70, 144, 1, 0, 3
70, 144, 1, 0, 3
70, 144, 1, 0, 3
70, 144, 1, 0, 3
70, 144, 1, 0, 3
70, 144, 1, 0, 3
70, 144, 1, 0, 3
70, 144, 1, 0, 3
70, 144, 1, 0, 3
70, 144, 1, 0, 3
70, 144, 1, 0, 3
70, 144, 1, 0, 3
70, 144, 1, 0, 3
70, 144, 1, 0, 3
70, 144, 1, 0, 3
70, 144, 1, 0, 3
70, 144, 1, 0, 3
70, 144, 1, 0, 3
70, 144, 1, 0, 3
70, 144, 1, 0, 3
70, 144, 1, 0, 3
70, 144, 1, 0, 3
70, 144, 1, 0, 3
70, 144, 1, 0, 3
70, 144, 1, 0, 3
70, 144, 1, 0, 3
70, 144, 1, 0, 3
70, 144, 1, 0, 3
70, 144, 1, 0, 3
70, 144, 1, 0, 3
70, 144, 1, 0, 3
70, 144, 1, 0, 3
70, 144, 1, 0, 3
70, 144, 1, 0, 3
70, 144, 1, 0, 3
70, 144, 1, 0, 3
70, 144, 1, 0, 4
70, 144, 1, 0, 4
70, 144, 1, 0, 4
70, 144, 1, 0, 4
70, 144, 1, 0, 4
70, 144, 1, 0, 4
70, 144, 1, 0, 4
70, 144, 1, 0, 4
70, 144, 1, 0, 4
70, 144, 1, 0, 4
70, 144, 1, 0, 4
70, 144, 1, 0, 4
70, 144, 1, 0, 4
70, 144, 1, 0, 4
70, 144, 1, 0, 4
70, 144, 1, 0, 4
70, 144, 1, 0, 4
70, 144, 1, 0, 4
70, 144, 1, 0, 4
70, 144, 1, 0, 4
70, 144, 1, 0, 4
70, 144, 1, 0, 4
70, 144, 1, 0, 4
70, 144, 1, 0, 4
70, 144, 1, 0, 4
70, 144, 1, 0, 4
70, 144, 1, 0, 4
70, 144, 1, 0, 4
70, 144, 1, 0, 4
70, 144, 1, 0, 4
70, 144, 1, 0, 4
70, 144, 1, 0, 4
71, 12, 0, 1, 2
71, 12, 0, 1, 2
71, 12, 0, 1, 2
71, 12, 0, 1, 2
71, 12, 0, 1, 2
71, 12, 0, 1, 2
71, 12, 0, 1, 2
71, 12, 0, 1, 2
71, 12, 0, 1, 2
71, 12, 0, 1, 2
71, 12, 0, 1, 2
71, 12, 0, 1, 2
71, 120, 1, 0, 3
71, 120, 1, 0, 3
71, 120, 1, 0, 3
71, 120, 1, 0, 3
71, 120, 1, 0, 3
71, 120, 1, 0, 3
71, 120, 1, 0, 3
71, 120, 1, 0, 3
71, 120, 1, 0, 3
71, 120, 1, 0, 3
71, 120, 1, 0, 3
71, 120, 1, 0, 3
71, 120, 1, 0, 3
71, 120, 1, 0, 3
71, 120, 1, 0, 3
71, 120, 1, 0, 3
71, 120, 1, 0, 3
71, 120, 1, 0, 3
71, 120, 1, 0, 3
71, 120, 1, 0, 3
71, 120, 1, 0, 3
71, 120, 1, 0, 3
71, 120, 1, 0, 3
71, 120, 1, 0, 3
71, 120, 1, 0, 3
71, 120, 1, 0, 3
71, 120, 1, 0, 3
71, 120, 1, 0, 3
71, 120, 1, 0, 3
71, 120, 1, 0, 3
71, 120, 1, 0, 3
71, 120, 1, 0, 3
71, 120, 1, 0, 3
71, 120, 1, 0, 3
71, 120, 1, 0, 3
71, 120, 1, 0, 3
71, 120, 1, 0, 3
71, 120, 1, 0, 3
71, 120, 1, 0, 3
71, 120, 1, 0, 3
71, 120, 1, 0, 3
71, 120, 1, 0, 3
71, 120, 1, 0, 3
71, 120, 1, 0, 3
71, 120, 1, 0, 3
71, 120, 1, 0, 3
71, 120, 1, 0, 3
71, 120, 1, 0, 3
71, 120, 1, 0, 3
71, 120, 1, 0, 3
71, 120, 1, 0, 3
71, 120, 1, 0, 3
71, 120, 1, 0, 3
71, 120, 1, 0, 3
71, 120, 1, 0, 3
71, 120, 1, 0, 3
71, 120, 1, 0, 3
71, 120, 1, 0, 3
71, 120, 1, 0, 3
71, 120, 1, 0, 3
71, 120, 1, 0, 3
71, 120, 1, 0, 3
71, 120, 1, 0, 3
71, 120, 1, 0, 3
71, 120, 1, 0, 3
71, 120, 1, 0, 3
71, 120, 1, 0, 3
71, 120, 1, 0, 3
71, 120, 1, 0, 3
71, 120, 1, 0, 3
71, 120, 1, 0, 3
71, 120, 1, 0, 3
71, 120, 1, 0, 3
71, 120, 1, 0, 3
71, 120, 1, 0, 3
71, 120, 1, 0, 3
71, 120, 1, 0, 3
71, 120, 1, 0, 3
71, 120, 1, 0, 3
71, 120, 1, 0, 3
71, 120, 1, 0, 3
71, 120, 1, 0, 3
71, 120, 1, 0, 3
71, 120, 1, 0, 3
71, 120, 1, 0, 4
71, 120, 1, 0, 4
71, 120, 1, 0, 4
71, 120, 1, 0, 4
71, 120, 1, 0, 4
71, 120, 1, 0, 4
71, 120, 1, 0, 4
71, 120, 1, 0, 4
71, 120, 1, 0, 4
71, 120, 1, 0, 4
71, 120, 1, 0, 4
71, 120, 1, 0, 4
71, 120, 1, 0, 4
71, 120, 1, 0, 4
71, 120, 1, 0, 4
71, 120, 1, 0, 4
71, 120, 1, 0, 4
71, 120, 1, 0, 4
71, 120, 1, 0, 4
71, 120, 1, 0, 4
71, 120, 1, 0, 4
71, 120, 1, 0, 4
71, 120, 1, 0, 4
71, 120, 1, 0, 4
71, 120, 1, 0, 4
71, 120, 1, 0, 4
71, 120, 1, 0, 4
71, 120, 1, 0, 4
71, 120, 1, 0, 4
71, 120, 1, 0, 4
71, 120, 1, 0, 4
71, 120, 1, 0, 4
71, 120, 1, 0, 4
71, 120, 1, 0, 4
71, 120, 1, 0, 4
71, 120, 1, 0, 4
72, 34, 0, 1, 3
72, 34, 0, 1, 3
72, 34, 0, 1, 3
72, 34, 0, 1, 3
72, 34, 0, 1, 3
72, 34, 0, 1, 3
72, 34, 0, 1, 3
72, 34, 0, 1, 4
72, 34, 0, 1, 4
72, 34, 0, 9, 3
72, 34, 0, 9, 3
72, 34, 0, 9, 3
72, 34, 0, 9, 3
72, 34, 0, 9, 3
72, 34, 0, 9, 3
72, 34, 0, 9, 3
72, 34, 0, 10, 3
72, 34, 0, 10, 3
72, 34, 0, 10, 3
72, 34, 0, 10, 3
72, 34, 0, 10, 3
72, 34, 0, 10, 3
72, 34, 0, 10, 3
72, 34, 0, 11, 2
72, 34, 0, 12, 3
72, 34, 0, 12, 3
72, 34, 0, 12, 3
72, 34, 0, 12, 3
72, 34, 0, 12, 3
72, 34, 0, 12, 3
72, 34, 0, 12, 3
72, 34, 0, 12, 4
72, 34, 0, 12, 4
72, 34, 0, 12, 4
72, 35, 1, 0, 2
72, 35, 1, 9, 3
72, 35, 1, 9, 3
72, 35, 1, 9, 3
72, 35, 1, 9, 3
72, 35, 1, 9, 3
72, 35, 1, 9, 3
72, 35, 1, 9, 3
72, 35, 1, 9, 4
72, 35, 1, 9, 4
72, 35, 1, 10, 3
72, 35, 1, 10, 3
72, 35, 1, 10, 3
72, 35, 1, 10, 3
72, 35, 1, 10, 3
72, 35, 1, 10, 3
72, 35, 1, 10, 3
72, 35, 1, 11, 3
72, 35, 1, 11, 3
72, 35, 1, 11, 3
72, 35, 1, 11, 3
72, 35, 1, 11, 3
72, 35, 1, 11, 3
72, 35, 1, 11, 3
72, 35, 1, 12, 2
72, 35, 1, 13, 3
72, 35, 1, 13, 3
72, 35, 1, 13, 3
72, 35, 1, 13, 3
72, 35, 1, 13, 3
72, 35, 1, 13, 3
72, 35, 1, 13, 3
72, 35, 1, 13, 4
72, 35, 1, 13, 4
72, 35, 1, 13, 4
72, 39, 2, 3, 3
72, 39, 2, 3, 3
72, 39, 2, 3, 3
72, 39, 2, 3, 3
72, 39, 2, 3, 3
72, 39, 2, 3, 3
72, 39, 2, 3, 3
72, 39, 2, 3, 4
72, 39, 2, 3, 4
72, 39, 2, 4, 3
72, 39, 2, 4, 3
72, 39, 2, 4, 3
72, 39, 2, 4, 3
72, 39, 2, 4, 3
72, 39, 2, 4, 3
72, 39, 2, 4, 3
72, 39, 2, 5, 3
72, 39, 2, 5, 3
72, 39, 2, 5, 3
72, 39, 2, 5, 3
72, 39, 2, 5, 3
72, 39, 2, 5, 3
72, 39, 2, 5, 3
72, 39, 2, 6, 2
72, 39, 2, 7, 3
72, 39, 2, 7, 3
72, 39, 2, 7, 3
72, 39, 2, 7, 3
72, 39, 2, 7, 3
72, 39, 2, 7, 3
72, 39, 2, 7, 3
72, 39, 2, 7, 4
72, 39, 2, 7, 4
72, 39, 2, 7, 4
72, 39, 2, 12, 2
72, 39, 2, 13, 2
72, 39, 2, 14, 2
72, 39, 2, 15, 2
72, 39, 2, 16, 2
72, 39, 3, 2, 2
72, 39, 3, 4, 3
72, 39, 3, 4, 3
72, 39, 3, 4, 3
72, 39, 3, 4, 3
72, 39, 3, 4, 3
72, 39, 3, 4, 3
72, 39, 3, 4, 3
72, 39, 3, 4, 4
72, 39, 3, 4, 4
72, 39, 3, 5, 3
72, 39, 3, 5, 3
72, 39, 3, 5, 3
72, 39, 3, 5, 3
72, 39, 3, 5, 3
72, 39, 3, 5, 3
72, 39, 3, 5, 3
72, 39, 3, 6, 3
72, 39, 3, 6, 3
72, 39, 3, 6, 3
72, 39, 3, 6, 3
72, 39, 3, 6, 3
72, 39, 3, 6, 3
72, 39, 3, 6, 3
72, 39, 3, 7, 2
72, 39, 3, 8, 3
72, 39, 3, 8, 3
72, 39, 3, 8, 3
72, 39, 3, 8, 3
72, 39, 3, 8, 3
72, 39, 3, 8, 3
72, 39, 3, 8, 3
72, 39, 3, 8, 4
72, 39, 3, 8, 4
72, 39, 3, 8, 4
72, 39, 3, 13, 2
72, 39, 3, 14, 2
72, 39, 3, 15, 2
72, 39, 3, 16, 2
72, 29, 4, 2, 2
72, 29, 4, 3, 2
72, 29, 4, 5, 3
72, 29, 4, 5, 3
72, 29, 4, 5, 3
72, 29, 4, 5, 3
72, 29, 4, 5, 3
72, 29, 4, 5, 3
72, 29, 4, 5, 3
72, 29, 4, 5, 4
72, 29, 4, 5, 4
72, 29, 4, 6, 3
72, 29, 4, 6, 3
72, 29, 4, 6, 3
72, 29, 4, 6, 3
72, 29, 4, 6, 3
72, 29, 4, 6, 3
72, 29, 4, 6, 3
72, 29, 4, 7, 3
72, 29, 4, 7, 3
72, 29, 4, 7, 3
72, 29, 4, 7, 3
72, 29, 4, 7, 3
72, 29, 4, 7, 3
72, 29, 4, 7, 3
72, 29, 4, 8, 2
72, 29, 4, 14, 2
72, 29, 4, 15, 2
72, 29, 4, 16, 2
72, 28, 5, 2, 2
72, 28, 5, 3, 2
72, 28, 5, 4, 2
72, 28, 5, 6, 3
72, 28, 5, 6, 3
72, 28, 5, 6, 3
72, 28, 5, 6, 3
72, 28, 5, 6, 3
72, 28, 5, 6, 3
72, 28, 5, 6, 3
72, 28, 5, 6, 4
72, 28, 5, 6, 4
72, 28, 5, 7, 3
72, 28, 5, 7, 3
72, 28, 5, 7, 3
72, 28, 5, 7, 3
72, 28, 5, 7, 3
72, 28, 5, 7, 3
72, 28, 5, 7, 3
72, 28, 5, 8, 3
72, 28, 5, 8, 3
72, 28, 5, 8, 3
72, 28, 5, 8, 3
72, 28, 5, 8, 3
72, 28, 5, 8, 3
72, 28, 5, 8, 3
72, 28, 5, 15, 2
72, 28, 5, 16, 2
72, 21, 6, 2, 2
72, 21, 6, 3, 2
72, 21, 6, 4, 2
72, 21, 6, 5, 2
72, 21, 6, 7, 3
72, 21, 6, 7, 3
72, 21, 6, 7, 3
72, 21, 6, 7, 3
72, 21, 6, 7, 3
72, 21, 6, 7, 3
72, 21, 6, 7, 3
72, 21, 6, 7, 4
72, 21, 6, 7, 4
72, 21, 6, 8, 3
72, 21, 6, 8, 3
72, 21, 6, 8, 3
72, 21, 6, 8, 3
72, 21, 6, 8, 3
72, 21, 6, 8, 3
72, 21, 6, 8, 3
72, 21, 6, 16, 2
72, 14, 7, 2, 2
72, 14, 7, 3, 2
72, 14, 7, 4, 2
72, 14, 7, 5, 2
72, 14, 7, 6, 2
72, 14, 7, 8, 3
72, 14, 7, 8, 3
72, 14, 7, 8, 3
72, 14, 7, 8, 3
72, 14, 7, 8, 3
72, 14, 7, 8, 3
72, 14, 7, 8, 3
72, 14, 7, 8, 4
72, 14, 7, 8, 4
72, 5, 8, 3, 2
72, 5, 8, 4, 2
72, 5, 8, 5, 2
72, 5, 8, 6, 2
72, 5, 8, 7, 2
72, 36, 9, 0, 2
72, 36, 9, 1, 2
72, 36, 9, 10, 3
72, 36, 9, 10, 3
72, 36, 9, 10, 3
72, 36, 9, 10, 3
72, 36, 9, 10, 3
72, 36, 9, 10, 3
72, 36, 9, 10, 3
72, 36, 9, 10, 4
72, 36, 9, 10, 4
72, 36, 9, 11, 3
72, 36, 9, 11, 3
72, 36, 9, 11, 3
72, 36, 9, 11, 3
72, 36, 9, 11, 3
72, 36, 9, 11, 3
72, 36, 9, 11, 3
72, 36, 9, 12, 3
72, 36, 9, 12, 3
72, 36, 9, 12, 3
72, 36, 9, 12, 3
72, 36, 9, 12, 3
72, 36, 9, 12, 3
72, 36, 9, 12, 3
72, 36, 9, 13, 2
72, 36, 9, 14, 3
72, 36, 9, 14, 3
72, 36, 9, 14, 3
72, 36, 9, 14, 3
72, 36, 9, 14, 3
72, 36, 9, 14, 3
72, 36, 9, 14, 3
72, 36, 9, 14, 4
72, 36, 9, 14, 4
72, 36, 9, 14, 4
72, 37, 10, 0, 2
72, 37, 10, 1, 2
72, 37, 10, 9, 2
72, 37, 10, 11, 3
72, 37, 10, 11, 3
72, 37, 10, 11, 3
72, 37, 10, 11, 3
72, 37, 10, 11, 3
72, 37, 10, 11, 3
72, 37, 10, 11, 3
72, 37, 10, 11, 4
72, 37, 10, 11, 4
72, 37, 10, 12, 3
72, 37, 10, 12, 3
72, 37, 10, 12, 3
72, 37, 10, 12, 3
72, 37, 10, 12, 3
72, 37, 10, 12, 3
72, 37, 10, 12, 3
72, 37, 10, 13, 3
72, 37, 10, 13, 3
72, 37, 10, 13, 3
72, 37, 10, 13, 3
72, 37, 10, 13, 3
72, 37, 10, 13, 3
72, 37, 10, 13, 3
72, 37, 10, 14, 2
72, 37, 10, 15, 3
72, 37, 10, 15, 3
72, 37, 10, 15, 3
72, 37, 10, 15, 3
72, 37, 10, 15, 3
72, 37, 10, 15, 3
72, 37, 10, 15, 3
72, 37, 10, 15, 4
72, 37, 10, 15, 4
72, 37, 10, 15, 4
72, 38, 11, 0, 2
72, 38, 11, 1, 2
72, 38, 11, 9, 2
72, 38, 11, 10, 2
72, 38, 11, 12, 3
72, 38, 11, 12, 3
72, 38, 11, 12, 3
72, 38, 11, 12, 3
72, 38, 11, 12, 3
72, 38, 11, 12, 3
72, 38, 11, 12, 3
72, 38, 11, 12, 4
72, 38, 11, 12, 4
72, 38, 11, 13, 3
72, 38, 11, 13, 3
72, 38, 11, 13, 3
72, 38, 11, 13, 3
72, 38, 11, 13, 3
72, 38, 11, 13, 3
72, 38, 11, 13, 3
72, 38, 11, 14, 3
72, 38, 11, 14, 3
72, 38, 11, 14, 3
72, 38, 11, 14, 3
72, 38, 11, 14, 3
72, 38, 11, 14, 3
72, 38, 11, 14, 3
72, 38, 11, 15, 2
72, 38, 11, 16, 3
72, 38, 11, 16, 3
72, 38, 11, 16, 3
72, 38, 11, 16, 3
72, 38, 11, 16, 3
72, 38, 11, 16, 3
72, 38, 11, 16, 3
72, 38, 11, 16, 4
72, 38, 11, 16, 4
72, 38, 11, 16, 4
72, 39, 12, 0, 2
72, 39, 12, 1, 2
72, 39, 12, 2, 3
72, 39, 12, 2, 3
72, 39, 12, 2, 3
72, 39, 12, 2, 3
72, 39, 12, 2, 3
72, 39, 12, 2, 3
72, 39, 12, 2, 3
72, 39, 12, 2, 4
72, 39, 12, 2, 4
72, 39, 12, 2, 4
72, 39, 12, 9, 2
72, 39, 12, 10, 2
72, 39, 12, 11, 2
72, 39, 12, 13, 3
72, 39, 12, 13, 3
72, 39, 12, 13, 3
72, 39, 12, 13, 3
72, 39, 12, 13, 3
72, 39, 12, 13, 3
72, 39, 12, 13, 3
72, 39, 12, 13, 4
72, 39, 12, 13, 4
72, 39, 12, 14, 3
72, 39, 12, 14, 3
72, 39, 12, 14, 3
72, 39, 12, 14, 3
72, 39, 12, 14, 3
72, 39, 12, 14, 3
72, 39, 12, 14, 3
72, 39, 12, 15, 3
72, 39, 12, 15, 3
72, 39, 12, 15, 3
72, 39, 12, 15, 3
72, 39, 12, 15, 3
72, 39, 12, 15, 3
72, 39, 12, 15, 3
72, 39, 12, 16, 2
72, 39, 13, 1, 2
72, 39, 13, 2, 2
72, 39, 13, 3, 3
72, 39, 13, 3, 3
72, 39, 13, 3, 3
72, 39, 13, 3, 3
72, 39, 13, 3, 3
72, 39, 13, 3, 3
72, 39, 13, 3, 3
72, 39, 13, 3, 4
72, 39, 13, 3, 4
72, 39, 13, 3, 4
72, 39, 13, 9, 2
72, 39, 13, 10, 2
72, 39, 13, 11, 2
72, 39, 13, 12, 2
72, 39, 13, 14, 3
72, 39, 13, 14, 3
72, 39, 13, 14, 3
72, 39, 13, 14, 3
72, 39, 13, 14, 3
72, 39, 13, 14, 3
72, 39, 13, 14, 3
72, 39, 13, 14, 4
72, 39, 13, 14, 4
72, 39, 13, 15, 3
72, 39, 13, 15, 3
72, 39, 13, 15, 3
72, 39, 13, 15, 3
72, 39, 13, 15, 3
72, 39, 13, 15, 3
72, 39, 13, 15, 3
72, 39, 13, 16, 3
72, 39, 13, 16, 3
72, 39, 13, 16, 3
72, 39, 13, 16, 3
72, 39, 13, 16, 3
72, 39, 13, 16, 3
72, 39, 13, 16, 3
72, 39, 14, 2, 3
72, 39, 14, 2, 3
72, 39, 14, 2, 3
72, 39, 14, 2, 3
72, 39, 14, 2, 3
72, 39, 14, 2, 3
72, 39, 14, 2, 3
72, 39, 14, 3, 2
72, 39, 14, 4, 3
72, 39, 14, 4, 3
72, 39, 14, 4, 3
72, 39, 14, 4, 3
72, 39, 14, 4, 3
72, 39, 14, 4, 3
72, 39, 14, 4, 3
72, 39, 14, 4, 4
72, 39, 14, 4, 4
72, 39, 14, 4, 4
72, 39, 14, 9, 2
72, 39, 14, 10, 2
72, 39, 14, 11, 2
72, 39, 14, 12, 2
72, 39, 14, 13, 2
72, 39, 14, 15, 3
72, 39, 14, 15, 3
72, 39, 14, 15, 3
72, 39, 14, 15, 3
72, 39, 14, 15, 3
72, 39, 14, 15, 3
72, 39, 14, 15, 3
72, 39, 14, 15, 4
72, 39, 14, 15, 4
72, 39, 14, 16, 3
72, 39, 14, 16, 3
72, 39, 14, 16, 3
72, 39, 14, 16, 3
72, 39, 14, 16, 3
72, 39, 14, 16, 3
72, 39, 14, 16, 3
72, 39, 15, 2, 3
72, 39, 15, 2, 3
72, 39, 15, 2, 3
72, 39, 15, 2, 3
72, 39, 15, 2, 3
72, 39, 15, 2, 3
72, 39, 15, 2, 3
72, 39, 15, 3, 3
72, 39, 15, 3, 3
72, 39, 15, 3, 3
72, 39, 15, 3, 3
72, 39, 15, 3, 3
72, 39, 15, 3, 3
72, 39, 15, 3, 3
72, 39, 15, 4, 2
72, 39, 15, 5, 3
72, 39, 15, 5, 3
72, 39, 15, 5, 3
72, 39, 15, 5, 3
72, 39, 15, 5, 3
72, 39, 15, 5, 3
72, 39, 15, 5, 3
72, 39, 15, 5, 4
72, 39, 15, 5, 4
72, 39, 15, 5, 4
72, 39, 15, 10, 2
72, 39, 15, 11, 2
72, 39, 15, 12, 2
72, 39, 15, 13, 2
72, 39, 15, 14, 2
72, 39, 15, 16, 3
72, 39, 15, 16, 3
72, 39, 15, 16, 3
72, 39, 15, 16, 3
72, 39, 15, 16, 3
72, 39, 15, 16, 3
72, 39, 15, 16, 3
72, 39, 15, 16, 4
72, 39, 15, 16, 4
72, 39, 16, 2, 3
72, 39, 16, 2, 3
72, 39, 16, 2, 3
72, 39, 16, 2, 3
72, 39, 16, 2, 3
72, 39, 16, 2, 3
72, 39, 16, 2, 3
72, 39, 16, 2, 4
72, 39, 16, 2, 4
72, 39, 16, 3, 3
72, 39, 16, 3, 3
72, 39, 16, 3, 3
72, 39, 16, 3, 3
72, 39, 16, 3, 3
72, 39, 16, 3, 3
72, 39, 16, 3, 3
72, 39, 16, 4, 3
72, 39, 16, 4, 3
72, 39, 16, 4, 3
72, 39, 16, 4, 3
72, 39, 16, 4, 3
72, 39, 16, 4, 3
72, 39, 16, 4, 3
72, 39, 16, 5, 2
72, 39, 16, 6, 3
72, 39, 16, 6, 3
72, 39, 16, 6, 3
72, 39, 16, 6, 3
72, 39, 16, 6, 3
72, 39, 16, 6, 3
72, 39, 16, 6, 3
72, 39, 16, 6, 4
72, 39, 16, 6, 4
72, 39, 16, 6, 4
72, 39, 16, 11, 2
72, 39, 16, 12, 2
72, 39, 16, 13, 2
72, 39, 16, 14, 2
72, 39, 16, 15, 2
73, 1, 1, 0, 2
Goal
73
