CG
49
0, 2, 32, 5
0, 2, 40, 5
1, 2, 36, 5
1, 2, 40, 5
2, 2, 23, 4
2, 2, 40, 4
3, 2, 24, 4
3, 2, 42, 4
4, 2, 28, 5
4, 2, 35, 5
5, 2, 25, 7
5, 2, 35, 7
6, 2, 29, 5
6, 2, 35, 5
7, 2, 20, 4
7, 2, 35, 4
8, 2, 34, 8
8, 2, 35, 8
9, 2, 31, 12
9, 2, 46, 12
10, 2, 37, 5
10, 2, 42, 5
11, 2, 30, 12
11, 2, 46, 12
12, 2, 22, 4
12, 2, 40, 4
13, 2, 43, 13
13, 2, 46, 13
14, 2, 41, 8
14, 2, 42, 8
15, 2, 44, 16
15, 2, 46, 16
16, 2, 39, 8
16, 2, 40, 8
17, 2, 26, 7
17, 2, 40, 7
18, 2, 27, 7
18, 2, 42, 7
19, 6, 31, 12
19, 6, 34, 24
19, 6, 28, 5
19, 6, 29, 15
19, 6, 46, 12
19, 6, 35, 56
20, 7, 30, 12
20, 7, 34, 16
20, 7, 28, 5
20, 7, 29, 5
20, 7, 7, 1
20, 7, 46, 12
20, 7, 35, 38
21, 8, 30, 12
21, 8, 22, 4
21, 8, 41, 16
21, 8, 33, 5
21, 8, 37, 5
21, 8, 46, 12
21, 8, 42, 42
21, 8, 40, 4
22, 9, 30, 12
22, 9, 21, 4
22, 9, 39, 16
22, 9, 32, 5
22, 9, 36, 5
22, 9, 12, 1
22, 9, 46, 12
22, 9, 42, 4
22, 9, 40, 42
23, 9, 31, 12
23, 9, 24, 4
23, 9, 39, 24
23, 9, 32, 5
23, 9, 36, 15
23, 9, 2, 1
23, 9, 46, 12
23, 9, 42, 4
23, 9, 40, 60
24, 9, 31, 12
24, 9, 23, 4
24, 9, 41, 24
24, 9, 33, 5
24, 9, 37, 15
24, 9, 3, 1
24, 9, 46, 12
24, 9, 42, 60
24, 9, 40, 4
25, 6, 38, 15
25, 6, 34, 24
25, 6, 28, 5
25, 6, 5, 1
25, 6, 46, 15
25, 6, 35, 50
26, 8, 38, 15
26, 8, 27, 7
26, 8, 39, 24
26, 8, 32, 5
26, 8, 17, 1
26, 8, 46, 15
26, 8, 42, 7
26, 8, 40, 57
27, 8, 38, 15
27, 8, 26, 7
27, 8, 41, 24
27, 8, 33, 5
27, 8, 18, 1
27, 8, 46, 15
27, 8, 42, 57
27, 8, 40, 7
28, 4, 43, 13
28, 4, 4, 1
28, 4, 46, 13
28, 4, 35, 30
29, 4, 45, 13
29, 4, 6, 1
29, 4, 46, 13
29, 4, 35, 35
30, 11, 21, 4
30, 11, 22, 4
30, 11, 20, 4
30, 11, 44, 32
30, 11, 43, 13
30, 11, 45, 13
30, 11, 11, 1
30, 11, 46, 118
30, 11, 42, 4
30, 11, 40, 4
30, 11, 35, 4
31, 11, 24, 4
31, 11, 23, 4
31, 11, 19, 4
31, 11, 44, 48
31, 11, 43, 13
31, 11, 45, 39
31, 11, 9, 1
31, 11, 46, 160
31, 11, 42, 4
31, 11, 40, 4
31, 11, 35, 4
32, 6, 43, 13
32, 6, 33, 5
32, 6, 0, 1
32, 6, 46, 13
32, 6, 42, 5
32, 6, 40, 35
33, 6, 43, 13
33, 6, 32, 5
33, 6, 47, 1
33, 6, 46, 13
33, 6, 42, 35
33, 6, 40, 5
34, 6, 44, 16
34, 6, 28, 15
34, 6, 29, 20
34, 6, 8, 1
34, 6, 46, 16
34, 6, 35, 91
35, 6, 25, 21
35, 6, 20, 12
35, 6, 19, 12
35, 6, 34, 56
35, 6, 28, 30
35, 6, 29, 35
36, 6, 45, 13
36, 6, 37, 5
36, 6, 1, 1
36, 6, 46, 13
36, 6, 42, 5
36, 6, 40, 40
37, 6, 45, 13
37, 6, 36, 5
37, 6, 10, 1
37, 6, 46, 13
37, 6, 42, 40
37, 6, 40, 5
38, 9, 27, 7
38, 9, 26, 7
38, 9, 25, 7
38, 9, 44, 48
38, 9, 43, 13
38, 9, 46, 136
38, 9, 42, 7
38, 9, 40, 7
38, 9, 35, 7
39, 8, 44, 16
39, 8, 41, 8
39, 8, 32, 15
39, 8, 36, 20
39, 8, 16, 1
39, 8, 46, 16
39, 8, 42, 8
39, 8, 40, 99
40, 6, 26, 28
40, 6, 22, 16
40, 6, 23, 16
40, 6, 39, 64
40, 6, 32, 35
40, 6, 36, 40
41, 8, 44, 16
41, 8, 39, 8
41, 8, 33, 15
41, 8, 37, 20
41, 8, 14, 1
41, 8, 46, 16
41, 8, 42, 99
41, 8, 40, 8
42, 6, 27, 28
42, 6, 21, 16
42, 6, 24, 16
42, 6, 41, 64
42, 6, 33, 35
42, 6, 37, 40
43, 8, 33, 5
43, 8, 32, 5
43, 8, 28, 5
43, 8, 13, 1
43, 8, 46, 104
43, 8, 42, 5
43, 8, 40, 5
43, 8, 35, 5
44, 10, 41, 8
44, 10, 39, 8
44, 10, 34, 8
44, 10, 43, 39
44, 10, 45, 52
44, 10, 15, 1
44, 10, 46, 235
44, 10, 42, 8
44, 10, 40, 8
44, 10, 35, 8
45, 8, 37, 5
45, 8, 36, 5
45, 8, 29, 5
45, 8, 48, 1
45, 8, 46, 117
45, 8, 42, 5
45, 8, 40, 5
45, 8, 35, 5
46, 6, 38, 75
46, 6, 30, 60
46, 6, 31, 60
46, 6, 44, 144
46, 6, 43, 104
46, 6, 45, 117
47, 2, 33, 5
47, 2, 42, 5
48, 2, 45, 13
48, 2, 46, 13
DTG
0, 1, 1, 0, 2
1, 1, 1, 0, 2
2, 1, 1, 0, 2
3, 1, 1, 0, 2
4, 1, 1, 0, 2
5, 1, 1, 0, 2
6, 1, 1, 0, 2
7, 1, 1, 0, 2
8, 1, 1, 0, 2
9, 1, 1, 0, 2
10, 1, 1, 0, 2
11, 1, 1, 0, 2
12, 1, 1, 0, 2
13, 1, 1, 0, 2
14, 1, 1, 0, 2
15, 1, 1, 0, 2
16, 1, 1, 0, 2
17, 1, 1, 0, 2
18, 1, 1, 0, 2
19, 4, 0, 1, 2
19, 4, 0, 1, 2
19, 4, 0, 1, 2
19, 4, 0, 1, 2
19, 4, 1, 0, 2
19, 4, 1, 0, 2
19, 4, 1, 0, 2
19, 4, 1, 0, 2
20, 4, 0, 1, 2
20, 4, 0, 1, 2
20, 4, 0, 1, 2
20, 4, 0, 1, 2
20, 8, 1, 0, 3
20, 8, 1, 0, 3
20, 8, 1, 0, 3
20, 8, 1, 0, 3
20, 8, 1, 0, 3
20, 8, 1, 0, 3
20, 8, 1, 0, 3
20, 8, 1, 0, 3
21, 4, 0, 1, 2
21, 4, 0, 1, 2
21, 4, 0, 1, 2
21, 4, 0, 1, 2
21, 4, 1, 0, 2
21, 4, 1, 0, 2
21, 4, 1, 0, 2
21, 4, 1, 0, 2
22, 4, 0, 1, 2
22, 4, 0, 1, 2
22, 4, 0, 1, 2
22, 4, 0, 1, 2
22, 12, 1, 0, 3
22, 12, 1, 0, 3
22, 12, 1, 0, 3
22, 12, 1, 0, 3
22, 12, 1, 0, 3
22, 12, 1, 0, 3
22, 12, 1, 0, 3
22, 12, 1, 0, 3
22, 12, 1, 0, 3
22, 12, 1, 0, 3
22, 12, 1, 0, 3
22, 12, 1, 0, 3
23, 4, 0, 1, 2
23, 4, 0, 1, 2
23, 4, 0, 1, 2
23, 4, 0, 1, 2
23, 12, 1, 0, 3
23, 12, 1, 0, 3
23, 12, 1, 0, 3
23, 12, 1, 0, 3
23, 12, 1, 0, 3
23, 12, 1, 0, 3
23, 12, 1, 0, 3
23, 12, 1, 0, 3
23, 12, 1, 0, 3
23, 12, 1, 0, 3
23, 12, 1, 0, 3
23, 12, 1, 0, 3
24, 4, 0, 1, 2
24, 4, 0, 1, 2
24, 4, 0, 1, 2
24, 4, 0, 1, 2
24, 12, 1, 0, 3
24, 12, 1, 0, 3
24, 12, 1, 0, 3
24, 12, 1, 0, 3
24, 12, 1, 0, 3
24, 12, 1, 0, 3
24, 12, 1, 0, 3
24, 12, 1, 0, 3
24, 12, 1, 0, 3
24, 12, 1, 0, 3
24, 12, 1, 0, 3
24, 12, 1, 0, 3
25, 7, 0, 1, 2
25, 7, 0, 1, 2
25, 7, 0, 1, 2
25, 7, 0, 1, 2
25, 7, 0, 1, 2
25, 7, 0, 1, 2
25, 7, 0, 1, 2
25, 14, 1, 0, 3
25, 14, 1, 0, 3
25, 14, 1, 0, 3
25, 14, 1, 0, 3
25, 14, 1, 0, 3
25, 14, 1, 0, 3
25, 14, 1, 0, 3
25, 14, 1, 0, 3
25, 14, 1, 0, 3
25, 14, 1, 0, 3
25, 14, 1, 0, 3
25, 14, 1, 0, 3
25, 14, 1, 0, 3
25, 14, 1, 0, 3
26, 7, 0, 1, 2
26, 7, 0, 1, 2
26, 7, 0, 1, 2
26, 7, 0, 1, 2
26, 7, 0, 1, 2
26, 7, 0, 1, 2
26, 7, 0, 1, 2
26, 21, 1, 0, 3
26, 21, 1, 0, 3
26, 21, 1, 0, 3
26, 21, 1, 0, 3
26, 21, 1, 0, 3
26, 21, 1, 0, 3
26, 21, 1, 0, 3
26, 21, 1, 0, 3
26, 21, 1, 0, 3
26, 21, 1, 0, 3
26, 21, 1, 0, 3
26, 21, 1, 0, 3
26, 21, 1, 0, 3
26, 21, 1, 0, 3
26, 21, 1, 0, 3
26, 21, 1, 0, 3
26, 21, 1, 0, 3
26, 21, 1, 0, 3
26, 21, 1, 0, 3
26, 21, 1, 0, 3
26, 21, 1, 0, 3
27, 7, 0, 1, 2
27, 7, 0, 1, 2
27, 7, 0, 1, 2
27, 7, 0, 1, 2
27, 7, 0, 1, 2
27, 7, 0, 1, 2
27, 7, 0, 1, 2
27, 21, 1, 0, 3
27, 21, 1, 0, 3
27, 21, 1, 0, 3
27, 21, 1, 0, 3
27, 21, 1, 0, 3
27, 21, 1, 0, 3
27, 21, 1, 0, 3
27, 21, 1, 0, 3
27, 21, 1, 0, 3
27, 21, 1, 0, 3
27, 21, 1, 0, 3
27, 21, 1, 0, 3
27, 21, 1, 0, 3
27, 21, 1, 0, 3
27, 21, 1, 0, 3
27, 21, 1, 0, 3
27, 21, 1, 0, 3
27, 21, 1, 0, 3
27, 21, 1, 0, 3
27, 21, 1, 0, 3
27, 21, 1, 0, 3
28, 5, 0, 1, 2
28, 5, 0, 1, 2
28, 5, 0, 1, 2
28, 5, 0, 1, 2
28, 5, 0, 1, 2
28, 25, 1, 0, 3
28, 25, 1, 0, 3
28, 25, 1, 0, 3
28, 25, 1, 0, 3
28, 25, 1, 0, 3
28, 25, 1, 0, 3
28, 25, 1, 0, 3
28, 25, 1, 0, 3
28, 25, 1, 0, 3
28, 25, 1, 0, 3
28, 25, 1, 0, 4
28, 25, 1, 0, 4
28, 25, 1, 0, 4
28, 25, 1, 0, 4
28, 25, 1, 0, 4
28, 25, 1, 0, 4
28, 25, 1, 0, 4
28, 25, 1, 0, 4
28, 25, 1, 0, 4
28, 25, 1, 0, 4
28, 25, 1, 0, 4
28, 25, 1, 0, 4
28, 25, 1, 0, 4
28, 25, 1, 0, 4
28, 25, 1, 0, 4
29, 5, 0, 1, 2
29, 5, 0, 1, 2
29, 5, 0, 1, 2
29, 5, 0, 1, 2
29, 5, 0, 1, 2
29, 20, 1, 0, 3
29, 20, 1, 0, 3
29, 20, 1, 0, 3
29, 20, 1, 0, 3
29, 20, 1, 0, 3
29, 20, 1, 0, 3
29, 20, 1, 0, 3
29, 20, 1, 0, 3
29, 20, 1, 0, 3
29, 20, 1, 0, 3
29, 20, 1, 0, 4
29, 20, 1, 0, 4
29, 20, 1, 0, 4
29, 20, 1, 0, 4
29, 20, 1, 0, 4
29, 20, 1, 0, 4
29, 20, 1, 0, 4
29, 20, 1, 0, 4
29, 20, 1, 0, 4
29, 20, 1, 0, 4
30, 12, 0, 1, 2
30, 12, 0, 1, 2
30, 12, 0, 1, 2
30, 12, 0, 1, 2
30, 12, 0, 1, 2
30, 12, 0, 1, 2
30, 12, 0, 1, 2
30, 12, 0, 1, 2
30, 12, 0, 1, 2
30, 12, 0, 1, 2
30, 12, 0, 1, 2
30, 12, 0, 1, 2
30, 48, 1, 0, 3
30, 48, 1, 0, 3
30, 48, 1, 0, 3
30, 48, 1, 0, 3
30, 48, 1, 0, 3
30, 48, 1, 0, 3
30, 48, 1, 0, 3
30, 48, 1, 0, 3
30, 48, 1, 0, 3
30, 48, 1, 0, 3
30, 48, 1, 0, 3
30, 48, 1, 0, 3
30, 48, 1, 0, 3
30, 48, 1, 0, 3
30, 48, 1, 0, 3
30, 48, 1, 0, 3
30, 48, 1, 0, 3
30, 48, 1, 0, 3
30, 48, 1, 0, 3
30, 48, 1, 0, 3
30, 48, 1, 0, 3
30, 48, 1, 0, 3
30, 48, 1, 0, 3
30, 48, 1, 0, 3
30, 48, 1, 0, 3
30, 48, 1, 0, 3
30, 48, 1, 0, 3
30, 48, 1, 0, 3
30, 48, 1, 0, 3
30, 48, 1, 0, 3
30, 48, 1, 0, 3
30, 48, 1, 0, 3
30, 48, 1, 0, 3
30, 48, 1, 0, 3
30, 48, 1, 0, 3
30, 48, 1, 0, 3
30, 48, 1, 0, 3
30, 48, 1, 0, 3
30, 48, 1, 0, 3
30, 48, 1, 0, 3
30, 48, 1, 0, 3
30, 48, 1, 0, 3
30, 48, 1, 0, 3
30, 48, 1, 0, 3
30, 48, 1, 0, 3
30, 48, 1, 0, 3
30, 48, 1, 0, 3
30, 48, 1, 0, 3
31, 12, 0, 1, 2
31, 12, 0, 1, 2
31, 12, 0, 1, 2
31, 12, 0, 1, 2
31, 12, 0, 1, 2
31, 12, 0, 1, 2
31, 12, 0, 1, 2
31, 12, 0, 1, 2
31, 12, 0, 1, 2
31, 12, 0, 1, 2
31, 12, 0, 1, 2
31, 12, 0, 1, 2
31, 48, 1, 0, 3
31, 48, 1, 0, 3
31, 48, 1, 0, 3
31, 48, 1, 0, 3
31, 48, 1, 0, 3
31, 48, 1, 0, 3
31, 48, 1, 0, 3
31, 48, 1, 0, 3
31, 48, 1, 0, 3
31, 48, 1, 0, 3
31, 48, 1, 0, 3
31, 48, 1, 0, 3
31, 48, 1, 0, 3
31, 48, 1, 0, 3
31, 48, 1, 0, 3
31, 48, 1, 0, 3
31, 48, 1, 0, 3
31, 48, 1, 0, 3
31, 48, 1, 0, 3
31, 48, 1, 0, 3
31, 48, 1, 0, 3
31, 48, 1, 0, 3
31, 48, 1, 0, 3
31, 48, 1, 0, 3
31, 48, 1, 0, 3
31, 48, 1, 0, 3
31, 48, 1, 0, 3
31, 48, 1, 0, 3
31, 48, 1, 0, 3
31, 48, 1, 0, 3
31, 48, 1, 0, 3
31, 48, 1, 0, 3
31, 48, 1, 0, 3
31, 48, 1, 0, 3
31, 48, 1, 0, 3
31, 48, 1, 0, 3
31, 48, 1, 0, 3
31, 48, 1, 0, 3
31, 48, 1, 0, 3
31, 48, 1, 0, 3
31, 48, 1, 0, 3
31, 48, 1, 0, 3
31, 48, 1, 0, 3
31, 48, 1, 0, 3
31, 48, 1, 0, 3
31, 48, 1, 0, 3
31, 48, 1, 0, 3
31, 48, 1, 0, 3
32, 5, 0, 1, 2
32, 5, 0, 1, 2
32, 5, 0, 1, 2
32, 5, 0, 1, 2
32, 5, 0, 1, 2
32, 30, 1, 0, 3
32, 30, 1, 0, 3
32, 30, 1, 0, 3
32, 30, 1, 0, 3
32, 30, 1, 0, 3
32, 30, 1, 0, 3
32, 30, 1, 0, 3
32, 30, 1, 0, 3
32, 30, 1, 0, 3
32, 30, 1, 0, 3
32, 30, 1, 0, 3
32, 30, 1, 0, 3
32, 30, 1, 0, 3
32, 30, 1, 0, 3
32, 30, 1, 0, 3
32, 30, 1, 0, 4
32, 30, 1, 0, 4
32, 30, 1, 0, 4
32, 30, 1, 0, 4
32, 30, 1, 0, 4
32, 30, 1, 0, 4
32, 30, 1, 0, 4
32, 30, 1, 0, 4
32, 30, 1, 0, 4
32, 30, 1, 0, 4
32, 30, 1, 0, 4
32, 30, 1, 0, 4
32, 30, 1, 0, 4
32, 30, 1, 0, 4
32, 30, 1, 0, 4
33, 5, 0, 1, 2
33, 5, 0, 1, 2
33, 5, 0, 1, 2
33, 5, 0, 1, 2
33, 5, 0, 1, 2
33, 30, 1, 0, 3
33, 30, 1, 0, 3
33, 30, 1, 0, 3
33, 30, 1, 0, 3
33, 30, 1, 0, 3
33, 30, 1, 0, 3
33, 30, 1, 0, 3
33, 30, 1, 0, 3
33, 30, 1, 0, 3
33, 30, 1, 0, 3
33, 30, 1, 0, 3
33, 30, 1, 0, 3
33, 30, 1, 0, 3
33, 30, 1, 0, 3
33, 30, 1, 0, 3
33, 30, 1, 0, 4
33, 30, 1, 0, 4
33, 30, 1, 0, 4
33, 30, 1, 0, 4
33, 30, 1, 0, 4
33, 30, 1, 0, 4
33, 30, 1, 0, 4
33, 30, 1, 0, 4
33, 30, 1, 0, 4
33, 30, 1, 0, 4
33, 30, 1, 0, 4
33, 30, 1, 0, 4
33, 30, 1, 0, 4
33, 30, 1, 0, 4
33, 30, 1, 0, 4
34, 8, 0, 1, 2
34, 8, 0, 1, 2
34, 8, 0, 1, 2
34, 8, 0, 1, 2
34, 8, 0, 1, 2
34, 8, 0, 1, 2
34, 8, 0, 1, 2
34, 8, 0, 1, 2
34, 40, 1, 0, 3
34, 40, 1, 0, 3
34, 40, 1, 0, 3
34, 40, 1, 0, 3
34, 40, 1, 0, 3
34, 40, 1, 0, 3
34, 40, 1, 0, 3
34, 40, 1, 0, 3
34, 40, 1, 0, 3
34, 40, 1, 0, 3
34, 40, 1, 0, 3
34, 40, 1, 0, 3
34, 40, 1, 0, 3
34, 40, 1, 0, 3
34, 40, 1, 0, 3
34, 40, 1, 0, 3
34, 40, 1, 0, 4
34, 40, 1, 0, 4
34, 40, 1, 0, 4
34, 40, 1, 0, 4
34, 40, 1, 0, 4
34, 40, 1, 0, 4
34, 40, 1, 0, 4
34, 40, 1, 0, 4
34, 40, 1, 0, 4
34, 40, 1, 0, 4
34, 40, 1, 0, 4
34, 40, 1, 0, 4
34, 40, 1, 0, 4
34, 40, 1, 0, 4
34, 40, 1, 0, 4
34, 40, 1, 0, 4
34, 40, 1, 0, 4
34, 40, 1, 0, 4
34, 40, 1, 0, 4
34, 40, 1, 0, 4
34, 40, 1, 0, 4
34, 40, 1, 0, 4
34, 40, 1, 0, 4
34, 40, 1, 0, 4
35, 19, 0, 1, 3
35, 19, 0, 1, 3
35, 19, 0, 1, 4
35, 19, 0, 1, 4
35, 19, 0, 1, 4
35, 19, 0, 2, 3
35, 19, 0, 2, 3
35, 19, 0, 4, 3
35, 19, 0, 4, 3
35, 19, 0, 4, 3
35, 19, 0, 4, 3
35, 19, 0, 4, 4
35, 19, 0, 4, 4
35, 19, 0, 4, 4
35, 19, 0, 4, 4
35, 19, 0, 4, 4
35, 19, 0, 5, 2
35, 19, 0, 5, 3
35, 19, 0, 5, 3
35, 20, 1, 0, 2
35, 20, 1, 2, 3
35, 20, 1, 2, 3
35, 20, 1, 2, 4
35, 20, 1, 2, 4
35, 20, 1, 2, 4
35, 20, 1, 3, 3
35, 20, 1, 3, 3
35, 20, 1, 5, 3
35, 20, 1, 5, 3
35, 20, 1, 5, 3
35, 20, 1, 5, 3
35, 20, 1, 5, 4
35, 20, 1, 5, 4
35, 20, 1, 5, 4
35, 20, 1, 5, 4
35, 20, 1, 5, 4
35, 20, 1, 6, 2
35, 20, 1, 6, 3
35, 20, 1, 6, 3
35, 21, 2, 0, 2
35, 21, 2, 1, 2
35, 21, 2, 3, 3
35, 21, 2, 3, 3
35, 21, 2, 3, 4
35, 21, 2, 3, 4
35, 21, 2, 3, 4
35, 21, 2, 4, 3
35, 21, 2, 4, 3
35, 21, 2, 6, 3
35, 21, 2, 6, 3
35, 21, 2, 6, 3
35, 21, 2, 6, 3
35, 21, 2, 6, 4
35, 21, 2, 6, 4
35, 21, 2, 6, 4
35, 21, 2, 6, 4
35, 21, 2, 6, 4
35, 21, 2, 7, 2
35, 21, 2, 7, 3
35, 21, 2, 7, 3
35, 21, 3, 1, 2
35, 21, 3, 2, 2
35, 21, 3, 4, 3
35, 21, 3, 4, 3
35, 21, 3, 4, 4
35, 21, 3, 4, 4
35, 21, 3, 4, 4
35, 21, 3, 5, 3
35, 21, 3, 5, 3
35, 21, 3, 7, 3
35, 21, 3, 7, 3
35, 21, 3, 7, 3
35, 21, 3, 7, 3
35, 21, 3, 7, 4
35, 21, 3, 7, 4
35, 21, 3, 7, 4
35, 21, 3, 7, 4
35, 21, 3, 7, 4
35, 21, 3, 8, 2
35, 21, 3, 8, 3
35, 21, 3, 8, 3
35, 20, 4, 0, 2
35, 20, 4, 0, 2
35, 20, 4, 2, 2
35, 20, 4, 3, 2
35, 20, 4, 5, 3
35, 20, 4, 5, 3
35, 20, 4, 5, 4
35, 20, 4, 5, 4
35, 20, 4, 5, 4
35, 20, 4, 6, 3
35, 20, 4, 6, 3
35, 20, 4, 8, 3
35, 20, 4, 8, 3
35, 20, 4, 8, 3
35, 20, 4, 8, 3
35, 20, 4, 8, 4
35, 20, 4, 8, 4
35, 20, 4, 8, 4
35, 20, 4, 8, 4
35, 20, 4, 8, 4
35, 13, 5, 0, 2
35, 13, 5, 0, 2
35, 13, 5, 1, 2
35, 13, 5, 1, 2
35, 13, 5, 3, 2
35, 13, 5, 4, 2
35, 13, 5, 6, 3
35, 13, 5, 6, 3
35, 13, 5, 6, 4
35, 13, 5, 6, 4
35, 13, 5, 6, 4
35, 13, 5, 7, 3
35, 13, 5, 7, 3
35, 13, 6, 1, 2
35, 13, 6, 1, 2
35, 13, 6, 2, 2
35, 13, 6, 2, 2
35, 13, 6, 4, 2
35, 13, 6, 5, 2
35, 13, 6, 7, 3
35, 13, 6, 7, 3
35, 13, 6, 7, 4
35, 13, 6, 7, 4
35, 13, 6, 7, 4
35, 13, 6, 8, 3
35, 13, 6, 8, 3
35, 11, 7, 2, 2
35, 11, 7, 2, 2
35, 11, 7, 3, 2
35, 11, 7, 3, 2
35, 11, 7, 5, 2
35, 11, 7, 6, 2
35, 11, 7, 8, 3
35, 11, 7, 8, 3
35, 11, 7, 8, 4
35, 11, 7, 8, 4
35, 11, 7, 8, 4
35, 6, 8, 3, 2
35, 6, 8, 3, 2
35, 6, 8, 4, 2
35, 6, 8, 4, 2
35, 6, 8, 6, 2
35, 6, 8, 7, 2
36, 5, 0, 1, 2
36, 5, 0, 1, 2
36, 5, 0, 1, 2
36, 5, 0, 1, 2
36, 5, 0, 1, 2
36, 25, 1, 0, 3
36, 25, 1, 0, 3
36, 25, 1, 0, 3
36, 25, 1, 0, 3
36, 25, 1, 0, 3
36, 25, 1, 0, 3
36, 25, 1, 0, 3
36, 25, 1, 0, 3
36, 25, 1, 0, 3
36, 25, 1, 0, 3
36, 25, 1, 0, 3
36, 25, 1, 0, 3
36, 25, 1, 0, 3
36, 25, 1, 0, 3
36, 25, 1, 0, 3
36, 25, 1, 0, 4
36, 25, 1, 0, 4
36, 25, 1, 0, 4
36, 25, 1, 0, 4
36, 25, 1, 0, 4
36, 25, 1, 0, 4
36, 25, 1, 0, 4
36, 25, 1, 0, 4
36, 25, 1, 0, 4
36, 25, 1, 0, 4
37, 5, 0, 1, 2
37, 5, 0, 1, 2
37, 5, 0, 1, 2
37, 5, 0, 1, 2
37, 5, 0, 1, 2
37, 25, 1, 0, 3
37, 25, 1, 0, 3
37, 25, 1, 0, 3
37, 25, 1, 0, 3
37, 25, 1, 0, 3
37, 25, 1, 0, 3
37, 25, 1, 0, 3
37, 25, 1, 0, 3
37, 25, 1, 0, 3
37, 25, 1, 0, 3
37, 25, 1, 0, 3
37, 25, 1, 0, 3
37, 25, 1, 0, 3
37, 25, 1, 0, 3
37, 25, 1, 0, 3
37, 25, 1, 0, 4
37, 25, 1, 0, 4
37, 25, 1, 0, 4
37, 25, 1, 0, 4
37, 25, 1, 0, 4
37, 25, 1, 0, 4
37, 25, 1, 0, 4
37, 25, 1, 0, 4
37, 25, 1, 0, 4
37, 25, 1, 0, 4
38, 15, 0, 1, 2
38, 15, 0, 1, 2
38, 15, 0, 1, 2
38, 15, 0, 1, 2
38, 15, 0, 1, 2
38, 15, 0, 1, 2
38, 15, 0, 1, 2
38, 15, 0, 1, 2
38, 15, 0, 1, 2
38, 15, 0, 1, 2
38, 15, 0, 1, 2
38, 15, 0, 1, 2
38, 15, 0, 1, 2
38, 15, 0, 1, 2
38, 15, 0, 1, 2
38, 30, 1, 0, 2
38, 30, 1, 0, 2
38, 30, 1, 0, 2
38, 30, 1, 0, 2
38, 30, 1, 0, 2
38, 30, 1, 0, 2
38, 30, 1, 0, 2
38, 30, 1, 0, 2
38, 30, 1, 0, 2
38, 30, 1, 0, 2
38, 30, 1, 0, 2
38, 30, 1, 0, 2
38, 30, 1, 0, 2
38, 30, 1, 0, 2
38, 30, 1, 0, 2
38, 30, 1, 0, 3
38, 30, 1, 0, 3
38, 30, 1, 0, 3
38, 30, 1, 0, 3
38, 30, 1, 0, 3
38, 30, 1, 0, 3
38, 30, 1, 0, 3
38, 30, 1, 0, 3
38, 30, 1, 0, 3
38, 30, 1, 0, 3
38, 30, 1, 0, 3
38, 30, 1, 0, 3
38, 30, 1, 0, 3
38, 30, 1, 0, 3
38, 30, 1, 0, 3
39, 8, 0, 1, 2
39, 8, 0, 1, 2
39, 8, 0, 1, 2
39, 8, 0, 1, 2
39, 8, 0, 1, 2
39, 8, 0, 1, 2
39, 8, 0, 1, 2
39, 8, 0, 1, 2
39, 48, 1, 0, 3
39, 48, 1, 0, 3
39, 48, 1, 0, 3
39, 48, 1, 0, 3
39, 48, 1, 0, 3
39, 48, 1, 0, 3
39, 48, 1, 0, 3
39, 48, 1, 0, 3
39, 48, 1, 0, 3
39, 48, 1, 0, 3
39, 48, 1, 0, 3
39, 48, 1, 0, 3
39, 48, 1, 0, 3
39, 48, 1, 0, 3
39, 48, 1, 0, 3
39, 48, 1, 0, 3
39, 48, 1, 0, 3
39, 48, 1, 0, 3
39, 48, 1, 0, 3
39, 48, 1, 0, 3
39, 48, 1, 0, 3
39, 48, 1, 0, 3
39, 48, 1, 0, 3
39, 48, 1, 0, 3
39, 48, 1, 0, 4
39, 48, 1, 0, 4
39, 48, 1, 0, 4
39, 48, 1, 0, 4
39, 48, 1, 0, 4
39, 48, 1, 0, 4
39, 48, 1, 0, 4
39, 48, 1, 0, 4
39, 48, 1, 0, 4
39, 48, 1, 0, 4
39, 48, 1, 0, 4
39, 48, 1, 0, 4
39, 48, 1, 0, 4
39, 48, 1, 0, 4
39, 48, 1, 0, 4
39, 48, 1, 0, 4
39, 48, 1, 0, 4
39, 48, 1, 0, 4
39, 48, 1, 0, 4
39, 48, 1, 0, 4
39, 48, 1, 0, 4
39, 48, 1, 0, 4
39, 48, 1, 0, 4
39, 48, 1, 0, 4
40, 26, 0, 1, 3
40, 26, 0, 1, 3
40, 26, 0, 1, 3
40, 26, 0, 1, 4
40, 26, 0, 1, 4
40, 26, 0, 1, 4
40, 26, 0, 2, 3
40, 26, 0, 2, 3
40, 26, 0, 2, 3
40, 26, 0, 4, 3
40, 26, 0, 4, 3
40, 26, 0, 4, 3
40, 26, 0, 4, 3
40, 26, 0, 4, 3
40, 26, 0, 4, 3
40, 26, 0, 4, 4
40, 26, 0, 4, 4
40, 26, 0, 4, 4
40, 26, 0, 4, 4
40, 26, 0, 4, 4
40, 26, 0, 5, 3
40, 26, 0, 5, 3
40, 26, 0, 5, 3
40, 26, 0, 5, 3
40, 26, 0, 5, 3
40, 26, 0, 5, 3
40, 27, 1, 0, 2
40, 27, 1, 2, 3
40, 27, 1, 2, 3
40, 27, 1, 2, 3
40, 27, 1, 2, 4
40, 27, 1, 2, 4
40, 27, 1, 2, 4
40, 27, 1, 3, 3
40, 27, 1, 3, 3
40, 27, 1, 3, 3
40, 27, 1, 5, 3
40, 27, 1, 5, 3
40, 27, 1, 5, 3
40, 27, 1, 5, 3
40, 27, 1, 5, 3
40, 27, 1, 5, 3
40, 27, 1, 5, 4
40, 27, 1, 5, 4
40, 27, 1, 5, 4
40, 27, 1, 5, 4
40, 27, 1, 5, 4
40, 27, 1, 6, 3
40, 27, 1, 6, 3
40, 27, 1, 6, 3
40, 27, 1, 6, 3
40, 27, 1, 6, 3
40, 27, 1, 6, 3
40, 28, 2, 0, 2
40, 28, 2, 1, 2
40, 28, 2, 3, 3
40, 28, 2, 3, 3
40, 28, 2, 3, 3
40, 28, 2, 3, 4
40, 28, 2, 3, 4
40, 28, 2, 3, 4
40, 28, 2, 4, 3
40, 28, 2, 4, 3
40, 28, 2, 4, 3
40, 28, 2, 6, 3
40, 28, 2, 6, 3
40, 28, 2, 6, 3
40, 28, 2, 6, 3
40, 28, 2, 6, 3
40, 28, 2, 6, 3
40, 28, 2, 6, 4
40, 28, 2, 6, 4
40, 28, 2, 6, 4
40, 28, 2, 6, 4
40, 28, 2, 6, 4
40, 28, 2, 7, 3
40, 28, 2, 7, 3
40, 28, 2, 7, 3
40, 28, 2, 7, 3
40, 28, 2, 7, 3
40, 28, 2, 7, 3
40, 28, 3, 1, 2
40, 28, 3, 2, 2
40, 28, 3, 4, 3
40, 28, 3, 4, 3
40, 28, 3, 4, 3
40, 28, 3, 4, 4
40, 28, 3, 4, 4
40, 28, 3, 4, 4
40, 28, 3, 5, 3
40, 28, 3, 5, 3
40, 28, 3, 5, 3
40, 28, 3, 7, 3
40, 28, 3, 7, 3
40, 28, 3, 7, 3
40, 28, 3, 7, 3
40, 28, 3, 7, 3
40, 28, 3, 7, 3
40, 28, 3, 7, 4
40, 28, 3, 7, 4
40, 28, 3, 7, 4
40, 28, 3, 7, 4
40, 28, 3, 7, 4
40, 28, 3, 8, 3
40, 28, 3, 8, 3
40, 28, 3, 8, 3
40, 28, 3, 8, 3
40, 28, 3, 8, 3
40, 28, 3, 8, 3
40, 24, 4, 0, 2
40, 24, 4, 0, 2
40, 24, 4, 2, 2
40, 24, 4, 3, 2
40, 24, 4, 5, 3
40, 24, 4, 5, 3
40, 24, 4, 5, 3
40, 24, 4, 5, 4
40, 24, 4, 5, 4
40, 24, 4, 5, 4
40, 24, 4, 6, 3
40, 24, 4, 6, 3
40, 24, 4, 6, 3
40, 24, 4, 8, 3
40, 24, 4, 8, 3
40, 24, 4, 8, 3
40, 24, 4, 8, 3
40, 24, 4, 8, 3
40, 24, 4, 8, 3
40, 24, 4, 8, 4
40, 24, 4, 8, 4
40, 24, 4, 8, 4
40, 24, 4, 8, 4
40, 24, 4, 8, 4
40, 15, 5, 0, 2
40, 15, 5, 0, 2
40, 15, 5, 1, 2
40, 15, 5, 1, 2
40, 15, 5, 3, 2
40, 15, 5, 4, 2
40, 15, 5, 6, 3
40, 15, 5, 6, 3
40, 15, 5, 6, 3
40, 15, 5, 6, 4
40, 15, 5, 6, 4
40, 15, 5, 6, 4
40, 15, 5, 7, 3
40, 15, 5, 7, 3
40, 15, 5, 7, 3
40, 15, 6, 1, 2
40, 15, 6, 1, 2
40, 15, 6, 2, 2
40, 15, 6, 2, 2
40, 15, 6, 4, 2
40, 15, 6, 5, 2
40, 15, 6, 7, 3
40, 15, 6, 7, 3
40, 15, 6, 7, 3
40, 15, 6, 7, 4
40, 15, 6, 7, 4
40, 15, 6, 7, 4
40, 15, 6, 8, 3
40, 15, 6, 8, 3
40, 15, 6, 8, 3
40, 12, 7, 2, 2
40, 12, 7, 2, 2
40, 12, 7, 3, 2
40, 12, 7, 3, 2
40, 12, 7, 5, 2
40, 12, 7, 6, 2
40, 12, 7, 8, 3
40, 12, 7, 8, 3
40, 12, 7, 8, 3
40, 12, 7, 8, 4
40, 12, 7, 8, 4
40, 12, 7, 8, 4
40, 6, 8, 3, 2
40, 6, 8, 3, 2
40, 6, 8, 4, 2
40, 6, 8, 4, 2
40, 6, 8, 6, 2
40, 6, 8, 7, 2
41, 8, 0, 1, 2
41, 8, 0, 1, 2
41, 8, 0, 1, 2
41, 8, 0, 1, 2
41, 8, 0, 1, 2
41, 8, 0, 1, 2
41, 8, 0, 1, 2
41, 8, 0, 1, 2
41, 48, 1, 0, 3
41, 48, 1, 0, 3
41, 48, 1, 0, 3
41, 48, 1, 0, 3
41, 48, 1, 0, 3
41, 48, 1, 0, 3
41, 48, 1, 0, 3
41, 48, 1, 0, 3
41, 48, 1, 0, 3
41, 48, 1, 0, 3
41, 48, 1, 0, 3
41, 48, 1, 0, 3
41, 48, 1, 0, 3
41, 48, 1, 0, 3
41, 48, 1, 0, 3
41, 48, 1, 0, 3
41, 48, 1, 0, 3
41, 48, 1, 0, 3
41, 48, 1, 0, 3
41, 48, 1, 0, 3
41, 48, 1, 0, 3
41, 48, 1, 0, 3
41, 48, 1, 0, 3
41, 48, 1, 0, 3
41, 48, 1, 0, 4
41, 48, 1, 0, 4
41, 48, 1, 0, 4
41, 48, 1, 0, 4
41, 48, 1, 0, 4
41, 48, 1, 0, 4
41, 48, 1, 0, 4
41, 48, 1, 0, 4
41, 48, 1, 0, 4
41, 48, 1, 0, 4
41, 48, 1, 0, 4
41, 48, 1, 0, 4
41, 48, 1, 0, 4
41, 48, 1, 0, 4
41, 48, 1, 0, 4
41, 48, 1, 0, 4
41, 48, 1, 0, 4
41, 48, 1, 0, 4
41, 48, 1, 0, 4
41, 48, 1, 0, 4
41, 48, 1, 0, 4
41, 48, 1, 0, 4
41, 48, 1, 0, 4
41, 48, 1, 0, 4
42, 24, 0, 1, 3
42, 24, 0, 1, 3
42, 24, 0, 1, 3
42, 24, 0, 1, 4
42, 24, 0, 1, 4
42, 24, 0, 1, 4
42, 24, 0, 2, 3
42, 24, 0, 2, 3
42, 24, 0, 2, 3
42, 24, 0, 4, 3
42, 24, 0, 4, 3
42, 24, 0, 4, 3
42, 24, 0, 4, 3
42, 24, 0, 4, 3
42, 24, 0, 4, 3
42, 24, 0, 4, 4
42, 24, 0, 4, 4
42, 24, 0, 4, 4
42, 24, 0, 4, 4
42, 24, 0, 4, 4
42, 24, 0, 5, 2
42, 24, 0, 5, 3
42, 24, 0, 5, 3
42, 24, 0, 5, 3
42, 25, 1, 0, 2
42, 25, 1, 2, 3
42, 25, 1, 2, 3
42, 25, 1, 2, 3
42, 25, 1, 2, 4
42, 25, 1, 2, 4
42, 25, 1, 2, 4
42, 25, 1, 3, 3
42, 25, 1, 3, 3
42, 25, 1, 3, 3
42, 25, 1, 5, 3
42, 25, 1, 5, 3
42, 25, 1, 5, 3
42, 25, 1, 5, 3
42, 25, 1, 5, 3
42, 25, 1, 5, 3
42, 25, 1, 5, 4
42, 25, 1, 5, 4
42, 25, 1, 5, 4
42, 25, 1, 5, 4
42, 25, 1, 5, 4
42, 25, 1, 6, 2
42, 25, 1, 6, 3
42, 25, 1, 6, 3
42, 25, 1, 6, 3
42, 26, 2, 0, 2
42, 26, 2, 1, 2
42, 26, 2, 3, 3
42, 26, 2, 3, 3
42, 26, 2, 3, 3
42, 26, 2, 3, 4
42, 26, 2, 3, 4
42, 26, 2, 3, 4
42, 26, 2, 4, 3
42, 26, 2, 4, 3
42, 26, 2, 4, 3
42, 26, 2, 6, 3
42, 26, 2, 6, 3
42, 26, 2, 6, 3
42, 26, 2, 6, 3
42, 26, 2, 6, 3
42, 26, 2, 6, 3
42, 26, 2, 6, 4
42, 26, 2, 6, 4
42, 26, 2, 6, 4
42, 26, 2, 6, 4
42, 26, 2, 6, 4
42, 26, 2, 7, 2
42, 26, 2, 7, 3
42, 26, 2, 7, 3
42, 26, 2, 7, 3
42, 26, 3, 1, 2
42, 26, 3, 2, 2
42, 26, 3, 4, 3
42, 26, 3, 4, 3
42, 26, 3, 4, 3
42, 26, 3, 4, 4
42, 26, 3, 4, 4
42, 26, 3, 4, 4
42, 26, 3, 5, 3
42, 26, 3, 5, 3
42, 26, 3, 5, 3
42, 26, 3, 7, 3
42, 26, 3, 7, 3
42, 26, 3, 7, 3
42, 26, 3, 7, 3
42, 26, 3, 7, 3
42, 26, 3, 7, 3
42, 26, 3, 7, 4
42, 26, 3, 7, 4
42, 26, 3, 7, 4
42, 26, 3, 7, 4
42, 26, 3, 7, 4
42, 26, 3, 8, 2
42, 26, 3, 8, 3
42, 26, 3, 8, 3
42, 26, 3, 8, 3
42, 24, 4, 0, 2
42, 24, 4, 0, 2
42, 24, 4, 2, 2
42, 24, 4, 3, 2
42, 24, 4, 5, 3
42, 24, 4, 5, 3
42, 24, 4, 5, 3
42, 24, 4, 5, 4
42, 24, 4, 5, 4
42, 24, 4, 5, 4
42, 24, 4, 6, 3
42, 24, 4, 6, 3
42, 24, 4, 6, 3
42, 24, 4, 8, 3
42, 24, 4, 8, 3
42, 24, 4, 8, 3
42, 24, 4, 8, 3
42, 24, 4, 8, 3
42, 24, 4, 8, 3
42, 24, 4, 8, 4
42, 24, 4, 8, 4
42, 24, 4, 8, 4
42, 24, 4, 8, 4
42, 24, 4, 8, 4
42, 15, 5, 0, 2
42, 15, 5, 0, 2
42, 15, 5, 1, 2
42, 15, 5, 1, 2
42, 15, 5, 3, 2
42, 15, 5, 4, 2
42, 15, 5, 6, 3
42, 15, 5, 6, 3
42, 15, 5, 6, 3
42, 15, 5, 6, 4
42, 15, 5, 6, 4
42, 15, 5, 6, 4
42, 15, 5, 7, 3
42, 15, 5, 7, 3
42, 15, 5, 7, 3
42, 15, 6, 1, 2
42, 15, 6, 1, 2
42, 15, 6, 2, 2
42, 15, 6, 2, 2
42, 15, 6, 4, 2
42, 15, 6, 5, 2
42, 15, 6, 7, 3
42, 15, 6, 7, 3
42, 15, 6, 7, 3
42, 15, 6, 7, 4
42, 15, 6, 7, 4
42, 15, 6, 7, 4
42, 15, 6, 8, 3
42, 15, 6, 8, 3
42, 15, 6, 8, 3
42, 12, 7, 2, 2
42, 12, 7, 2, 2
42, 12, 7, 3, 2
42, 12, 7, 3, 2
42, 12, 7, 5, 2
42, 12, 7, 6, 2
42, 12, 7, 8, 3
42, 12, 7, 8, 3
42, 12, 7, 8, 3
42, 12, 7, 8, 4
42, 12, 7, 8, 4
42, 12, 7, 8, 4
42, 6, 8, 3, 2
42, 6, 8, 3, 2
42, 6, 8, 4, 2
42, 6, 8, 4, 2
42, 6, 8, 6, 2
42, 6, 8, 7, 2
43, 13, 0, 1, 2
43, 13, 0, 1, 2
43, 13, 0, 1, 2
43, 13, 0, 1, 2
43, 13, 0, 1, 2
43, 13, 0, 1, 2
43, 13, 0, 1, 2
43, 13, 0, 1, 2
43, 13, 0, 1, 2
43, 13, 0, 1, 2
43, 13, 0, 1, 2
43, 13, 0, 1, 2
43, 13, 0, 1, 2
43, 91, 1, 0, 3
43, 91, 1, 0, 3
43, 91, 1, 0, 3
43, 91, 1, 0, 3
43, 91, 1, 0, 3
43, 91, 1, 0, 3
43, 91, 1, 0, 3
43, 91, 1, 0, 3
43, 91, 1, 0, 3
43, 91, 1, 0, 3
43, 91, 1, 0, 3
43, 91, 1, 0, 3
43, 91, 1, 0, 3
43, 91, 1, 0, 3
43, 91, 1, 0, 3
43, 91, 1, 0, 3
43, 91, 1, 0, 3
43, 91, 1, 0, 3
43, 91, 1, 0, 3
43, 91, 1, 0, 3
43, 91, 1, 0, 3
43, 91, 1, 0, 3
43, 91, 1, 0, 3
43, 91, 1, 0, 3
43, 91, 1, 0, 3
43, 91, 1, 0, 3
43, 91, 1, 0, 3
43, 91, 1, 0, 3
43, 91, 1, 0, 3
43, 91, 1, 0, 3
43, 91, 1, 0, 3
43, 91, 1, 0, 3
43, 91, 1, 0, 3
43, 91, 1, 0, 3
43, 91, 1, 0, 3
43, 91, 1, 0, 3
43, 91, 1, 0, 3
43, 91, 1, 0, 3
43, 91, 1, 0, 3
43, 91, 1, 0, 3
43, 91, 1, 0, 3
43, 91, 1, 0, 3
43, 91, 1, 0, 3
43, 91, 1, 0, 3
43, 91, 1, 0, 3
43, 91, 1, 0, 3
43, 91, 1, 0, 3
43, 91, 1, 0, 3
43, 91, 1, 0, 3
43, 91, 1, 0, 3
43, 91, 1, 0, 3
43, 91, 1, 0, 3
43, 91, 1, 0, 4
43, 91, 1, 0, 4
43, 91, 1, 0, 4
43, 91, 1, 0, 4
43, 91, 1, 0, 4
43, 91, 1, 0, 4
43, 91, 1, 0, 4
43, 91, 1, 0, 4
43, 91, 1, 0, 4
43, 91, 1, 0, 4
43, 91, 1, 0, 4
43, 91, 1, 0, 4
43, 91, 1, 0, 4
43, 91, 1, 0, 4
43, 91, 1, 0, 4
43, 91, 1, 0, 4
43, 91, 1, 0, 4
43, 91, 1, 0, 4
43, 91, 1, 0, 4
43, 91, 1, 0, 4
43, 91, 1, 0, 4
43, 91, 1, 0, 4
43, 91, 1, 0, 4
43, 91, 1, 0, 4
43, 91, 1, 0, 4
43, 91, 1, 0, 4
43, 91, 1, 0, 4
43, 91, 1, 0, 4
43, 91, 1, 0, 4
43, 91, 1, 0, 4
43, 91, 1, 0, 4
43, 91, 1, 0, 4
43, 91, 1, 0, 4
43, 91, 1, 0, 4
43, 91, 1, 0, 4
43, 91, 1, 0, 4
43, 91, 1, 0, 4
43, 91, 1, 0, 4
43, 91, 1, 0, 4
44, 16, 0, 1, 2
44, 16, 0, 1, 2
44, 16, 0, 1, 2
44, 16, 0, 1, 2
44, 16, 0, 1, 2
44, 16, 0, 1, 2
44, 16, 0, 1, 2
44, 16, 0, 1, 2
44, 16, 0, 1, 2
44, 16, 0, 1, 2
44, 16, 0, 1, 2
44, 16, 0, 1, 2
44, 16, 0, 1, 2
44, 16, 0, 1, 2
44, 16, 0, 1, 2
44, 16, 0, 1, 2
44, 112, 1, 0, 3
44, 112, 1, 0, 3
44, 112, 1, 0, 3
44, 112, 1, 0, 3
44, 112, 1, 0, 3
44, 112, 1, 0, 3
44, 112, 1, 0, 3
44, 112, 1, 0, 3
44, 112, 1, 0, 3
44, 112, 1, 0, 3
44, 112, 1, 0, 3
44, 112, 1, 0, 3
44, 112, 1, 0, 3
44, 112, 1, 0, 3
44, 112, 1, 0, 3
44, 112, 1, 0, 3
44, 112, 1, 0, 3
44, 112, 1, 0, 3
44, 112, 1, 0, 3
44, 112, 1, 0, 3
44, 112, 1, 0, 3
44, 112, 1, 0, 3
44, 112, 1, 0, 3
44, 112, 1, 0, 3
44, 112, 1, 0, 3
44, 112, 1, 0, 3
44, 112, 1, 0, 3
44, 112, 1, 0, 3
44, 112, 1, 0, 3
44, 112, 1, 0, 3
44, 112, 1, 0, 3
44, 112, 1, 0, 3
44, 112, 1, 0, 3
44, 112, 1, 0, 3
44, 112, 1, 0, 3
44, 112, 1, 0, 3
44, 112, 1, 0, 3
44, 112, 1, 0, 3
44, 112, 1, 0, 3
44, 112, 1, 0, 3
44, 112, 1, 0, 3
44, 112, 1, 0, 3
44, 112, 1, 0, 3
44, 112, 1, 0, 3
44, 112, 1, 0, 3
44, 112, 1, 0, 3
44, 112, 1, 0, 3
44, 112, 1, 0, 3
44, 112, 1, 0, 3
44, 112, 1, 0, 3
44, 112, 1, 0, 3
44, 112, 1, 0, 3
44, 112, 1, 0, 3
44, 112, 1, 0, 3
44, 112, 1, 0, 3
44, 112, 1, 0, 3
44, 112, 1, 0, 3
44, 112, 1, 0, 3
44, 112, 1, 0, 3
44, 112, 1, 0, 3
44, 112, 1, 0, 3
44, 112, 1, 0, 3
44, 112, 1, 0, 3
44, 112, 1, 0, 3
44, 112, 1, 0, 4
44, 112, 1, 0, 4
44, 112, 1, 0, 4
44, 112, 1, 0, 4
44, 112, 1, 0, 4
44, 112, 1, 0, 4
44, 112, 1, 0, 4
44, 112, 1, 0, 4
44, 112, 1, 0, 4
44, 112, 1, 0, 4
44, 112, 1, 0, 4
44, 112, 1, 0, 4
44, 112, 1, 0, 4
44, 112, 1, 0, 4
44, 112, 1, 0, 4
44, 112, 1, 0, 4
44, 112, 1, 0, 4
44, 112, 1, 0, 4
44, 112, 1, 0, 4
44, 112, 1, 0, 4
44, 112, 1, 0, 4
44, 112, 1, 0, 4
44, 112, 1, 0, 4
44, 112, 1, 0, 4
44, 112, 1, 0, 4
44, 112, 1, 0, 4
44, 112, 1, 0, 4
44, 112, 1, 0, 4
44, 112, 1, 0, 4
44, 112, 1, 0, 4
44, 112, 1, 0, 4
44, 112, 1, 0, 4
44, 112, 1, 0, 4
44, 112, 1, 0, 4
44, 112, 1, 0, 4
44, 112, 1, 0, 4
44, 112, 1, 0, 4
44, 112, 1, 0, 4
44, 112, 1, 0, 4
44, 112, 1, 0, 4
44, 112, 1, 0, 4
44, 112, 1, 0, 4
44, 112, 1, 0, 4
44, 112, 1, 0, 4
44, 112, 1, 0, 4
44, 112, 1, 0, 4
44, 112, 1, 0, 4
44, 112, 1, 0, 4
45, 13, 0, 1, 2
45, 13, 0, 1, 2
45, 13, 0, 1, 2
45, 13, 0, 1, 2
45, 13, 0, 1, 2
45, 13, 0, 1, 2
45, 13, 0, 1, 2
45, 13, 0, 1, 2
45, 13, 0, 1, 2
45, 13, 0, 1, 2
45, 13, 0, 1, 2
45, 13, 0, 1, 2
45, 13, 0, 1, 2
45, 78, 1, 0, 3
45, 78, 1, 0, 3
45, 78, 1, 0, 3
45, 78, 1, 0, 3
45, 78, 1, 0, 3
45, 78, 1, 0, 3
45, 78, 1, 0, 3
45, 78, 1, 0, 3
45, 78, 1, 0, 3
45, 78, 1, 0, 3
45, 78, 1, 0, 3
45, 78, 1, 0, 3
45, 78, 1, 0, 3
45, 78, 1, 0, 3
45, 78, 1, 0, 3
45, 78, 1, 0, 3
45, 78, 1, 0, 3
45, 78, 1, 0, 3
45, 78, 1, 0, 3
45, 78, 1, 0, 3
45, 78, 1, 0, 3
45, 78, 1, 0, 3
45, 78, 1, 0, 3
45, 78, 1, 0, 3
45, 78, 1, 0, 3
45, 78, 1, 0, 3
45, 78, 1, 0, 3
45, 78, 1, 0, 3
45, 78, 1, 0, 3
45, 78, 1, 0, 3
45, 78, 1, 0, 3
45, 78, 1, 0, 3
45, 78, 1, 0, 3
45, 78, 1, 0, 3
45, 78, 1, 0, 3
45, 78, 1, 0, 3
45, 78, 1, 0, 3
45, 78, 1, 0, 3
45, 78, 1, 0, 3
45, 78, 1, 0, 3
45, 78, 1, 0, 3
45, 78, 1, 0, 3
45, 78, 1, 0, 3
45, 78, 1, 0, 3
45, 78, 1, 0, 3
45, 78, 1, 0, 3
45, 78, 1, 0, 3
45, 78, 1, 0, 3
45, 78, 1, 0, 3
45, 78, 1, 0, 3
45, 78, 1, 0, 3
45, 78, 1, 0, 3
45, 78, 1, 0, 4
45, 78, 1, 0, 4
45, 78, 1, 0, 4
45, 78, 1, 0, 4
45, 78, 1, 0, 4
45, 78, 1, 0, 4
45, 78, 1, 0, 4
45, 78, 1, 0, 4
45, 78, 1, 0, 4
45, 78, 1, 0, 4
45, 78, 1, 0, 4
45, 78, 1, 0, 4
45, 78, 1, 0, 4
45, 78, 1, 0, 4
45, 78, 1, 0, 4
45, 78, 1, 0, 4
45, 78, 1, 0, 4
45, 78, 1, 0, 4
45, 78, 1, 0, 4
45, 78, 1, 0, 4
45, 78, 1, 0, 4
45, 78, 1, 0, 4
45, 78, 1, 0, 4
45, 78, 1, 0, 4
45, 78, 1, 0, 4
45, 78, 1, 0, 4
46, 30, 0, 1, 3
46, 30, 0, 1, 3
46, 30, 0, 1, 3
46, 30, 0, 1, 3
46, 30, 0, 1, 4
46, 30, 0, 1, 4
46, 30, 0, 1, 4
46, 30, 0, 9, 2
46, 30, 0, 9, 3
46, 30, 0, 11, 3
46, 30, 0, 11, 3
46, 30, 0, 11, 3
46, 30, 0, 11, 3
46, 30, 0, 11, 3
46, 30, 0, 11, 3
46, 30, 0, 11, 3
46, 30, 0, 11, 3
46, 30, 0, 11, 4
46, 30, 0, 11, 4
46, 30, 0, 11, 4
46, 30, 0, 11, 4
46, 30, 0, 11, 4
46, 30, 0, 12, 3
46, 30, 0, 12, 3
46, 30, 0, 12, 3
46, 30, 0, 12, 3
46, 30, 0, 12, 3
46, 30, 0, 12, 3
46, 30, 0, 12, 3
46, 30, 0, 12, 3
46, 31, 1, 0, 2
46, 31, 1, 9, 3
46, 31, 1, 9, 3
46, 31, 1, 9, 3
46, 31, 1, 9, 3
46, 31, 1, 9, 4
46, 31, 1, 9, 4
46, 31, 1, 9, 4
46, 31, 1, 10, 2
46, 31, 1, 10, 3
46, 31, 1, 12, 3
46, 31, 1, 12, 3
46, 31, 1, 12, 3
46, 31, 1, 12, 3
46, 31, 1, 12, 3
46, 31, 1, 12, 3
46, 31, 1, 12, 3
46, 31, 1, 12, 3
46, 31, 1, 12, 4
46, 31, 1, 12, 4
46, 31, 1, 12, 4
46, 31, 1, 12, 4
46, 31, 1, 12, 4
46, 31, 1, 13, 3
46, 31, 1, 13, 3
46, 31, 1, 13, 3
46, 31, 1, 13, 3
46, 31, 1, 13, 3
46, 31, 1, 13, 3
46, 31, 1, 13, 3
46, 31, 1, 13, 3
46, 36, 2, 3, 3
46, 36, 2, 3, 3
46, 36, 2, 3, 3
46, 36, 2, 3, 3
46, 36, 2, 3, 4
46, 36, 2, 3, 4
46, 36, 2, 3, 4
46, 36, 2, 4, 2
46, 36, 2, 4, 3
46, 36, 2, 6, 3
46, 36, 2, 6, 3
46, 36, 2, 6, 3
46, 36, 2, 6, 3
46, 36, 2, 6, 3
46, 36, 2, 6, 3
46, 36, 2, 6, 3
46, 36, 2, 6, 3
46, 36, 2, 6, 4
46, 36, 2, 6, 4
46, 36, 2, 6, 4
46, 36, 2, 6, 4
46, 36, 2, 6, 4
46, 36, 2, 7, 3
46, 36, 2, 7, 3
46, 36, 2, 7, 3
46, 36, 2, 7, 3
46, 36, 2, 7, 3
46, 36, 2, 7, 3
46, 36, 2, 7, 3
46, 36, 2, 7, 3
46, 36, 2, 12, 2
46, 36, 2, 12, 2
46, 36, 2, 13, 2
46, 36, 2, 13, 2
46, 36, 2, 15, 2
46, 36, 2, 16, 2
46, 36, 3, 2, 2
46, 36, 3, 4, 3
46, 36, 3, 4, 3
46, 36, 3, 4, 3
46, 36, 3, 4, 3
46, 36, 3, 4, 4
46, 36, 3, 4, 4
46, 36, 3, 4, 4
46, 36, 3, 5, 2
46, 36, 3, 5, 3
46, 36, 3, 7, 3
46, 36, 3, 7, 3
46, 36, 3, 7, 3
46, 36, 3, 7, 3
46, 36, 3, 7, 3
46, 36, 3, 7, 3
46, 36, 3, 7, 3
46, 36, 3, 7, 3
46, 36, 3, 7, 4
46, 36, 3, 7, 4
46, 36, 3, 7, 4
46, 36, 3, 7, 4
46, 36, 3, 7, 4
46, 36, 3, 8, 3
46, 36, 3, 8, 3
46, 36, 3, 8, 3
46, 36, 3, 8, 3
46, 36, 3, 8, 3
46, 36, 3, 8, 3
46, 36, 3, 8, 3
46, 36, 3, 8, 3
46, 36, 3, 13, 2
46, 36, 3, 13, 2
46, 36, 3, 14, 2
46, 36, 3, 14, 2
46, 36, 3, 16, 2
46, 28, 4, 2, 2
46, 28, 4, 3, 2
46, 28, 4, 5, 3
46, 28, 4, 5, 3
46, 28, 4, 5, 3
46, 28, 4, 5, 3
46, 28, 4, 5, 4
46, 28, 4, 5, 4
46, 28, 4, 5, 4
46, 28, 4, 6, 2
46, 28, 4, 6, 3
46, 28, 4, 8, 3
46, 28, 4, 8, 3
46, 28, 4, 8, 3
46, 28, 4, 8, 3
46, 28, 4, 8, 3
46, 28, 4, 8, 3
46, 28, 4, 8, 3
46, 28, 4, 8, 3
46, 28, 4, 8, 4
46, 28, 4, 8, 4
46, 28, 4, 8, 4
46, 28, 4, 8, 4
46, 28, 4, 8, 4
46, 28, 4, 14, 2
46, 28, 4, 14, 2
46, 28, 4, 15, 2
46, 28, 4, 15, 2
46, 15, 5, 3, 2
46, 15, 5, 4, 2
46, 15, 5, 6, 3
46, 15, 5, 6, 3
46, 15, 5, 6, 3
46, 15, 5, 6, 3
46, 15, 5, 6, 4
46, 15, 5, 6, 4
46, 15, 5, 6, 4
46, 15, 5, 7, 2
46, 15, 5, 7, 3
46, 15, 5, 15, 2
46, 15, 5, 15, 2
46, 15, 5, 16, 2
46, 15, 5, 16, 2
46, 15, 6, 2, 2
46, 15, 6, 2, 2
46, 15, 6, 4, 2
46, 15, 6, 5, 2
46, 15, 6, 7, 3
46, 15, 6, 7, 3
46, 15, 6, 7, 3
46, 15, 6, 7, 3
46, 15, 6, 7, 4
46, 15, 6, 7, 4
46, 15, 6, 7, 4
46, 15, 6, 8, 2
46, 15, 6, 8, 3
46, 15, 6, 16, 2
46, 15, 6, 16, 2
46, 13, 7, 2, 2
46, 13, 7, 2, 2
46, 13, 7, 3, 2
46, 13, 7, 3, 2
46, 13, 7, 5, 2
46, 13, 7, 6, 2
46, 13, 7, 8, 3
46, 13, 7, 8, 3
46, 13, 7, 8, 3
46, 13, 7, 8, 3
46, 13, 7, 8, 4
46, 13, 7, 8, 4
46, 13, 7, 8, 4
46, 6, 8, 3, 2
46, 6, 8, 3, 2
46, 6, 8, 4, 2
46, 6, 8, 4, 2
46, 6, 8, 6, 2
46, 6, 8, 7, 2
46, 32, 9, 0, 2
46, 32, 9, 1, 2
46, 32, 9, 10, 3
46, 32, 9, 10, 3
46, 32, 9, 10, 3
46, 32, 9, 10, 3
46, 32, 9, 10, 4
46, 32, 9, 10, 4
46, 32, 9, 10, 4
46, 32, 9, 11, 2
46, 32, 9, 11, 3
46, 32, 9, 13, 3
46, 32, 9, 13, 3
46, 32, 9, 13, 3
46, 32, 9, 13, 3
46, 32, 9, 13, 3
46, 32, 9, 13, 3
46, 32, 9, 13, 3
46, 32, 9, 13, 3
46, 32, 9, 13, 4
46, 32, 9, 13, 4
46, 32, 9, 13, 4
46, 32, 9, 13, 4
46, 32, 9, 13, 4
46, 32, 9, 14, 3
46, 32, 9, 14, 3
46, 32, 9, 14, 3
46, 32, 9, 14, 3
46, 32, 9, 14, 3
46, 32, 9, 14, 3
46, 32, 9, 14, 3
46, 32, 9, 14, 3
46, 32, 10, 1, 2
46, 32, 10, 9, 2
46, 32, 10, 11, 3
46, 32, 10, 11, 3
46, 32, 10, 11, 3
46, 32, 10, 11, 3
46, 32, 10, 11, 4
46, 32, 10, 11, 4
46, 32, 10, 11, 4
46, 32, 10, 12, 2
46, 32, 10, 12, 3
46, 32, 10, 14, 3
46, 32, 10, 14, 3
46, 32, 10, 14, 3
46, 32, 10, 14, 3
46, 32, 10, 14, 3
46, 32, 10, 14, 3
46, 32, 10, 14, 3
46, 32, 10, 14, 3
46, 32, 10, 14, 4
46, 32, 10, 14, 4
46, 32, 10, 14, 4
46, 32, 10, 14, 4
46, 32, 10, 14, 4
46, 32, 10, 15, 3
46, 32, 10, 15, 3
46, 32, 10, 15, 3
46, 32, 10, 15, 3
46, 32, 10, 15, 3
46, 32, 10, 15, 3
46, 32, 10, 15, 3
46, 32, 10, 15, 3
46, 34, 11, 0, 2
46, 34, 11, 0, 2
46, 34, 11, 9, 2
46, 34, 11, 10, 2
46, 34, 11, 12, 3
46, 34, 11, 12, 3
46, 34, 11, 12, 3
46, 34, 11, 12, 3
46, 34, 11, 12, 4
46, 34, 11, 12, 4
46, 34, 11, 12, 4
46, 34, 11, 13, 2
46, 34, 11, 13, 3
46, 34, 11, 15, 3
46, 34, 11, 15, 3
46, 34, 11, 15, 3
46, 34, 11, 15, 3
46, 34, 11, 15, 3
46, 34, 11, 15, 3
46, 34, 11, 15, 3
46, 34, 11, 15, 3
46, 34, 11, 15, 4
46, 34, 11, 15, 4
46, 34, 11, 15, 4
46, 34, 11, 15, 4
46, 34, 11, 15, 4
46, 34, 11, 16, 3
46, 34, 11, 16, 3
46, 34, 11, 16, 3
46, 34, 11, 16, 3
46, 34, 11, 16, 3
46, 34, 11, 16, 3
46, 34, 11, 16, 3
46, 34, 11, 16, 3
46, 36, 12, 0, 2
46, 36, 12, 0, 2
46, 36, 12, 1, 2
46, 36, 12, 1, 2
46, 36, 12, 2, 3
46, 36, 12, 2, 3
46, 36, 12, 2, 3
46, 36, 12, 2, 3
46, 36, 12, 2, 3
46, 36, 12, 2, 3
46, 36, 12, 2, 3
46, 36, 12, 2, 3
46, 36, 12, 10, 2
46, 36, 12, 11, 2
46, 36, 12, 13, 3
46, 36, 12, 13, 3
46, 36, 12, 13, 3
46, 36, 12, 13, 3
46, 36, 12, 13, 4
46, 36, 12, 13, 4
46, 36, 12, 13, 4
46, 36, 12, 14, 2
46, 36, 12, 14, 3
46, 36, 12, 16, 3
46, 36, 12, 16, 3
46, 36, 12, 16, 3
46, 36, 12, 16, 3
46, 36, 12, 16, 3
46, 36, 12, 16, 3
46, 36, 12, 16, 3
46, 36, 12, 16, 3
46, 36, 12, 16, 4
46, 36, 12, 16, 4
46, 36, 12, 16, 4
46, 36, 12, 16, 4
46, 36, 12, 16, 4
46, 36, 13, 1, 2
46, 36, 13, 1, 2
46, 36, 13, 2, 3
46, 36, 13, 2, 3
46, 36, 13, 2, 3
46, 36, 13, 2, 3
46, 36, 13, 2, 3
46, 36, 13, 2, 3
46, 36, 13, 2, 3
46, 36, 13, 2, 3
46, 36, 13, 2, 4
46, 36, 13, 2, 4
46, 36, 13, 2, 4
46, 36, 13, 2, 4
46, 36, 13, 2, 4
46, 36, 13, 3, 3
46, 36, 13, 3, 3
46, 36, 13, 3, 3
46, 36, 13, 3, 3
46, 36, 13, 3, 3
46, 36, 13, 3, 3
46, 36, 13, 3, 3
46, 36, 13, 3, 3
46, 36, 13, 9, 2
46, 36, 13, 9, 2
46, 36, 13, 11, 2
46, 36, 13, 12, 2
46, 36, 13, 14, 3
46, 36, 13, 14, 3
46, 36, 13, 14, 3
46, 36, 13, 14, 3
46, 36, 13, 14, 4
46, 36, 13, 14, 4
46, 36, 13, 14, 4
46, 36, 13, 15, 2
46, 36, 13, 15, 3
46, 36, 14, 3, 3
46, 36, 14, 3, 3
46, 36, 14, 3, 3
46, 36, 14, 3, 3
46, 36, 14, 3, 3
46, 36, 14, 3, 3
46, 36, 14, 3, 3
46, 36, 14, 3, 3
46, 36, 14, 3, 4
46, 36, 14, 3, 4
46, 36, 14, 3, 4
46, 36, 14, 3, 4
46, 36, 14, 3, 4
46, 36, 14, 4, 3
46, 36, 14, 4, 3
46, 36, 14, 4, 3
46, 36, 14, 4, 3
46, 36, 14, 4, 3
46, 36, 14, 4, 3
46, 36, 14, 4, 3
46, 36, 14, 4, 3
46, 36, 14, 9, 2
46, 36, 14, 9, 2
46, 36, 14, 10, 2
46, 36, 14, 10, 2
46, 36, 14, 12, 2
46, 36, 14, 13, 2
46, 36, 14, 15, 3
46, 36, 14, 15, 3
46, 36, 14, 15, 3
46, 36, 14, 15, 3
46, 36, 14, 15, 4
46, 36, 14, 15, 4
46, 36, 14, 15, 4
46, 36, 14, 16, 2
46, 36, 14, 16, 3
46, 36, 15, 2, 2
46, 36, 15, 2, 3
46, 36, 15, 4, 3
46, 36, 15, 4, 3
46, 36, 15, 4, 3
46, 36, 15, 4, 3
46, 36, 15, 4, 3
46, 36, 15, 4, 3
46, 36, 15, 4, 3
46, 36, 15, 4, 3
46, 36, 15, 4, 4
46, 36, 15, 4, 4
46, 36, 15, 4, 4
46, 36, 15, 4, 4
46, 36, 15, 4, 4
46, 36, 15, 5, 3
46, 36, 15, 5, 3
46, 36, 15, 5, 3
46, 36, 15, 5, 3
46, 36, 15, 5, 3
46, 36, 15, 5, 3
46, 36, 15, 5, 3
46, 36, 15, 5, 3
46, 36, 15, 10, 2
46, 36, 15, 10, 2
46, 36, 15, 11, 2
46, 36, 15, 11, 2
46, 36, 15, 13, 2
46, 36, 15, 14, 2
46, 36, 15, 16, 3
46, 36, 15, 16, 3
46, 36, 15, 16, 3
46, 36, 15, 16, 3
46, 36, 15, 16, 4
46, 36, 15, 16, 4
46, 36, 15, 16, 4
46, 36, 16, 2, 3
46, 36, 16, 2, 3
46, 36, 16, 2, 3
46, 36, 16, 2, 3
46, 36, 16, 2, 4
46, 36, 16, 2, 4
46, 36, 16, 2, 4
46, 36, 16, 3, 2
46, 36, 16, 3, 3
46, 36, 16, 5, 3
46, 36, 16, 5, 3
46, 36, 16, 5, 3
46, 36, 16, 5, 3
46, 36, 16, 5, 3
46, 36, 16, 5, 3
46, 36, 16, 5, 3
46, 36, 16, 5, 3
46, 36, 16, 5, 4
46, 36, 16, 5, 4
46, 36, 16, 5, 4
46, 36, 16, 5, 4
46, 36, 16, 5, 4
46, 36, 16, 6, 3
46, 36, 16, 6, 3
46, 36, 16, 6, 3
46, 36, 16, 6, 3
46, 36, 16, 6, 3
46, 36, 16, 6, 3
46, 36, 16, 6, 3
46, 36, 16, 6, 3
46, 36, 16, 11, 2
46, 36, 16, 11, 2
46, 36, 16, 12, 2
46, 36, 16, 12, 2
46, 36, 16, 14, 2
46, 36, 16, 15, 2
47, 1, 1, 0, 2
48, 1, 1, 0, 2
Goal
47
48
