CG
48
0, 19, 19, 9
0, 19, 13, 9
0, 19, 14, 9
0, 19, 15, 9
0, 19, 16, 9
0, 19, 24, 9
0, 19, 27, 9
0, 19, 30, 9
0, 19, 31, 9
0, 19, 32, 9
0, 19, 33, 9
0, 19, 47, 11
0, 19, 44, 11
0, 19, 43, 11
0, 19, 46, 11
0, 19, 42, 11
0, 19, 45, 11
0, 19, 41, 11
0, 19, 40, 11
1, 19, 19, 9
1, 19, 13, 9
1, 19, 14, 9
1, 19, 15, 9
1, 19, 16, 9
1, 19, 24, 9
1, 19, 27, 9
1, 19, 30, 9
1, 19, 31, 9
1, 19, 32, 9
1, 19, 33, 9
1, 19, 47, 11
1, 19, 44, 11
1, 19, 43, 11
1, 19, 46, 11
1, 19, 42, 11
1, 19, 45, 11
1, 19, 41, 11
1, 19, 40, 11
2, 4, 13, 6
2, 4, 47, 2
2, 4, 46, 2
2, 4, 45, 2
3, 4, 14, 6
3, 4, 47, 2
3, 4, 46, 2
3, 4, 45, 2
4, 4, 15, 6
4, 4, 47, 2
4, 4, 46, 2
4, 4, 45, 2
5, 4, 16, 6
5, 4, 47, 2
5, 4, 46, 2
5, 4, 45, 2
6, 4, 24, 6
6, 4, 47, 2
6, 4, 46, 2
6, 4, 45, 2
7, 4, 27, 6
7, 4, 47, 2
7, 4, 46, 2
7, 4, 45, 2
8, 4, 30, 6
8, 4, 47, 2
8, 4, 46, 2
8, 4, 45, 2
9, 4, 31, 6
9, 4, 47, 2
9, 4, 46, 2
9, 4, 45, 2
10, 4, 32, 6
10, 4, 47, 2
10, 4, 46, 2
10, 4, 45, 2
11, 4, 33, 6
11, 4, 47, 2
11, 4, 46, 2
11, 4, 45, 2
12, 4, 19, 6
12, 4, 47, 2
12, 4, 46, 2
12, 4, 45, 2
13, 25, 17, 8
13, 25, 34, 11
13, 25, 37, 11
13, 25, 20, 8
13, 25, 23, 8
13, 25, 25, 8
13, 25, 38, 11
13, 25, 28, 8
13, 25, 35, 11
13, 25, 18, 8
13, 25, 21, 8
13, 25, 36, 11
13, 25, 39, 11
13, 25, 22, 8
13, 25, 26, 8
13, 25, 29, 8
13, 25, 2, 9
13, 25, 47, 2
13, 25, 44, 2
13, 25, 43, 2
13, 25, 46, 2
13, 25, 42, 2
13, 25, 45, 2
13, 25, 41, 2
13, 25, 40, 2
14, 25, 17, 8
14, 25, 34, 11
14, 25, 37, 11
14, 25, 20, 8
14, 25, 23, 8
14, 25, 25, 8
14, 25, 38, 11
14, 25, 28, 8
14, 25, 35, 11
14, 25, 18, 8
14, 25, 21, 8
14, 25, 36, 11
14, 25, 39, 11
14, 25, 22, 8
14, 25, 26, 8
14, 25, 29, 8
14, 25, 3, 9
14, 25, 47, 2
14, 25, 44, 2
14, 25, 43, 2
14, 25, 46, 2
14, 25, 42, 2
14, 25, 45, 2
14, 25, 41, 2
14, 25, 40, 2
15, 25, 17, 8
15, 25, 34, 11
15, 25, 37, 11
15, 25, 20, 8
15, 25, 23, 8
15, 25, 25, 8
15, 25, 38, 11
15, 25, 28, 8
15, 25, 35, 11
15, 25, 18, 8
15, 25, 21, 8
15, 25, 36, 11
15, 25, 39, 11
15, 25, 22, 8
15, 25, 26, 8
15, 25, 29, 8
15, 25, 4, 9
15, 25, 47, 2
15, 25, 44, 2
15, 25, 43, 2
15, 25, 46, 2
15, 25, 42, 2
15, 25, 45, 2
15, 25, 41, 2
15, 25, 40, 2
16, 25, 17, 8
16, 25, 34, 11
16, 25, 37, 11
16, 25, 20, 8
16, 25, 23, 8
16, 25, 25, 8
16, 25, 38, 11
16, 25, 28, 8
16, 25, 35, 11
16, 25, 18, 8
16, 25, 21, 8
16, 25, 36, 11
16, 25, 39, 11
16, 25, 22, 8
16, 25, 26, 8
16, 25, 29, 8
16, 25, 5, 9
16, 25, 47, 2
16, 25, 44, 2
16, 25, 43, 2
16, 25, 46, 2
16, 25, 42, 2
16, 25, 45, 2
16, 25, 41, 2
16, 25, 40, 2
17, 19, 35, 11
17, 19, 18, 11
17, 19, 21, 11
17, 19, 36, 11
17, 19, 39, 11
17, 19, 22, 11
17, 19, 26, 11
17, 19, 29, 11
17, 19, 19, 8
17, 19, 13, 8
17, 19, 14, 8
17, 19, 15, 8
17, 19, 16, 8
17, 19, 24, 8
17, 19, 27, 8
17, 19, 30, 8
17, 19, 31, 8
17, 19, 32, 8
17, 19, 33, 8
18, 19, 17, 11
18, 19, 34, 11
18, 19, 37, 11
18, 19, 20, 11
18, 19, 23, 11
18, 19, 25, 11
18, 19, 38, 11
18, 19, 28, 11
18, 19, 19, 8
18, 19, 13, 8
18, 19, 14, 8
18, 19, 15, 8
18, 19, 16, 8
18, 19, 24, 8
18, 19, 27, 8
18, 19, 30, 8
18, 19, 31, 8
18, 19, 32, 8
18, 19, 33, 8
19, 25, 17, 8
19, 25, 34, 11
19, 25, 37, 11
19, 25, 20, 8
19, 25, 23, 8
19, 25, 25, 8
19, 25, 38, 11
19, 25, 28, 8
19, 25, 35, 11
19, 25, 18, 8
19, 25, 21, 8
19, 25, 36, 11
19, 25, 39, 11
19, 25, 22, 8
19, 25, 26, 8
19, 25, 29, 8
19, 25, 12, 9
19, 25, 47, 2
19, 25, 44, 2
19, 25, 43, 2
19, 25, 46, 2
19, 25, 42, 2
19, 25, 45, 2
19, 25, 41, 2
19, 25, 40, 2
20, 19, 35, 11
20, 19, 18, 11
20, 19, 21, 11
20, 19, 36, 11
20, 19, 39, 11
20, 19, 22, 11
20, 19, 26, 11
20, 19, 29, 11
20, 19, 19, 8
20, 19, 13, 8
20, 19, 14, 8
20, 19, 15, 8
20, 19, 16, 8
20, 19, 24, 8
20, 19, 27, 8
20, 19, 30, 8
20, 19, 31, 8
20, 19, 32, 8
20, 19, 33, 8
21, 19, 17, 11
21, 19, 34, 11
21, 19, 37, 11
21, 19, 20, 11
21, 19, 23, 11
21, 19, 25, 11
21, 19, 38, 11
21, 19, 28, 11
21, 19, 19, 8
21, 19, 13, 8
21, 19, 14, 8
21, 19, 15, 8
21, 19, 16, 8
21, 19, 24, 8
21, 19, 27, 8
21, 19, 30, 8
21, 19, 31, 8
21, 19, 32, 8
21, 19, 33, 8
22, 19, 17, 11
22, 19, 34, 11
22, 19, 37, 11
22, 19, 20, 11
22, 19, 23, 11
22, 19, 25, 11
22, 19, 38, 11
22, 19, 28, 11
22, 19, 19, 8
22, 19, 13, 8
22, 19, 14, 8
22, 19, 15, 8
22, 19, 16, 8
22, 19, 24, 8
22, 19, 27, 8
22, 19, 30, 8
22, 19, 31, 8
22, 19, 32, 8
22, 19, 33, 8
23, 19, 35, 11
23, 19, 18, 11
23, 19, 21, 11
23, 19, 36, 11
23, 19, 39, 11
23, 19, 22, 11
23, 19, 26, 11
23, 19, 29, 11
23, 19, 19, 8
23, 19, 13, 8
23, 19, 14, 8
23, 19, 15, 8
23, 19, 16, 8
23, 19, 24, 8
23, 19, 27, 8
23, 19, 30, 8
23, 19, 31, 8
23, 19, 32, 8
23, 19, 33, 8
24, 25, 17, 8
24, 25, 34, 11
24, 25, 37, 11
24, 25, 20, 8
24, 25, 23, 8
24, 25, 25, 8
24, 25, 38, 11
24, 25, 28, 8
24, 25, 35, 11
24, 25, 18, 8
24, 25, 21, 8
24, 25, 36, 11
24, 25, 39, 11
24, 25, 22, 8
24, 25, 26, 8
24, 25, 29, 8
24, 25, 6, 9
24, 25, 47, 2
24, 25, 44, 2
24, 25, 43, 2
24, 25, 46, 2
24, 25, 42, 2
24, 25, 45, 2
24, 25, 41, 2
24, 25, 40, 2
25, 19, 35, 11
25, 19, 18, 11
25, 19, 21, 11
25, 19, 36, 11
25, 19, 39, 11
25, 19, 22, 11
25, 19, 26, 11
25, 19, 29, 11
25, 19, 19, 8
25, 19, 13, 8
25, 19, 14, 8
25, 19, 15, 8
25, 19, 16, 8
25, 19, 24, 8
25, 19, 27, 8
25, 19, 30, 8
25, 19, 31, 8
25, 19, 32, 8
25, 19, 33, 8
26, 19, 17, 11
26, 19, 34, 11
26, 19, 37, 11
26, 19, 20, 11
26, 19, 23, 11
26, 19, 25, 11
26, 19, 38, 11
26, 19, 28, 11
26, 19, 19, 8
26, 19, 13, 8
26, 19, 14, 8
26, 19, 15, 8
26, 19, 16, 8
26, 19, 24, 8
26, 19, 27, 8
26, 19, 30, 8
26, 19, 31, 8
26, 19, 32, 8
26, 19, 33, 8
27, 25, 17, 8
27, 25, 34, 11
27, 25, 37, 11
27, 25, 20, 8
27, 25, 23, 8
27, 25, 25, 8
27, 25, 38, 11
27, 25, 28, 8
27, 25, 35, 11
27, 25, 18, 8
27, 25, 21, 8
27, 25, 36, 11
27, 25, 39, 11
27, 25, 22, 8
27, 25, 26, 8
27, 25, 29, 8
27, 25, 7, 9
27, 25, 47, 2
27, 25, 44, 2
27, 25, 43, 2
27, 25, 46, 2
27, 25, 42, 2
27, 25, 45, 2
27, 25, 41, 2
27, 25, 40, 2
28, 19, 35, 11
28, 19, 18, 11
28, 19, 21, 11
28, 19, 36, 11
28, 19, 39, 11
28, 19, 22, 11
28, 19, 26, 11
28, 19, 29, 11
28, 19, 19, 8
28, 19, 13, 8
28, 19, 14, 8
28, 19, 15, 8
28, 19, 16, 8
28, 19, 24, 8
28, 19, 27, 8
28, 19, 30, 8
28, 19, 31, 8
28, 19, 32, 8
28, 19, 33, 8
29, 19, 17, 11
29, 19, 34, 11
29, 19, 37, 11
29, 19, 20, 11
29, 19, 23, 11
29, 19, 25, 11
29, 19, 38, 11
29, 19, 28, 11
29, 19, 19, 8
29, 19, 13, 8
29, 19, 14, 8
29, 19, 15, 8
29, 19, 16, 8
29, 19, 24, 8
29, 19, 27, 8
29, 19, 30, 8
29, 19, 31, 8
29, 19, 32, 8
29, 19, 33, 8
30, 25, 17, 8
30, 25, 34, 11
30, 25, 37, 11
30, 25, 20, 8
30, 25, 23, 8
30, 25, 25, 8
30, 25, 38, 11
30, 25, 28, 8
30, 25, 35, 11
30, 25, 18, 8
30, 25, 21, 8
30, 25, 36, 11
30, 25, 39, 11
30, 25, 22, 8
30, 25, 26, 8
30, 25, 29, 8
30, 25, 8, 9
30, 25, 47, 2
30, 25, 44, 2
30, 25, 43, 2
30, 25, 46, 2
30, 25, 42, 2
30, 25, 45, 2
30, 25, 41, 2
30, 25, 40, 2
31, 25, 17, 8
31, 25, 34, 11
31, 25, 37, 11
31, 25, 20, 8
31, 25, 23, 8
31, 25, 25, 8
31, 25, 38, 11
31, 25, 28, 8
31, 25, 35, 11
31, 25, 18, 8
31, 25, 21, 8
31, 25, 36, 11
31, 25, 39, 11
31, 25, 22, 8
31, 25, 26, 8
31, 25, 29, 8
31, 25, 9, 9
31, 25, 47, 2
31, 25, 44, 2
31, 25, 43, 2
31, 25, 46, 2
31, 25, 42, 2
31, 25, 45, 2
31, 25, 41, 2
31, 25, 40, 2
32, 25, 17, 8
32, 25, 34, 11
32, 25, 37, 11
32, 25, 20, 8
32, 25, 23, 8
32, 25, 25, 8
32, 25, 38, 11
32, 25, 28, 8
32, 25, 35, 11
32, 25, 18, 8
32, 25, 21, 8
32, 25, 36, 11
32, 25, 39, 11
32, 25, 22, 8
32, 25, 26, 8
32, 25, 29, 8
32, 25, 10, 9
32, 25, 47, 2
32, 25, 44, 2
32, 25, 43, 2
32, 25, 46, 2
32, 25, 42, 2
32, 25, 45, 2
32, 25, 41, 2
32, 25, 40, 2
33, 25, 17, 8
33, 25, 34, 11
33, 25, 37, 11
33, 25, 20, 8
33, 25, 23, 8
33, 25, 25, 8
33, 25, 38, 11
33, 25, 28, 8
33, 25, 35, 11
33, 25, 18, 8
33, 25, 21, 8
33, 25, 36, 11
33, 25, 39, 11
33, 25, 22, 8
33, 25, 26, 8
33, 25, 29, 8
33, 25, 11, 9
33, 25, 47, 2
33, 25, 44, 2
33, 25, 43, 2
33, 25, 46, 2
33, 25, 42, 2
33, 25, 45, 2
33, 25, 41, 2
33, 25, 40, 2
34, 30, 35, 22
34, 30, 18, 11
34, 30, 21, 11
34, 30, 36, 22
34, 30, 39, 22
34, 30, 22, 11
34, 30, 26, 11
34, 30, 29, 11
34, 30, 19, 11
34, 30, 13, 11
34, 30, 14, 11
34, 30, 15, 11
34, 30, 16, 11
34, 30, 24, 11
34, 30, 27, 11
34, 30, 30, 11
34, 30, 31, 11
34, 30, 32, 11
34, 30, 33, 11
34, 30, 12, 3
34, 30, 2, 3
34, 30, 3, 3
34, 30, 4, 3
34, 30, 5, 3
34, 30, 6, 3
34, 30, 7, 3
34, 30, 8, 3
34, 30, 9, 3
34, 30, 10, 3
34, 30, 11, 3
35, 30, 17, 11
35, 30, 34, 22
35, 30, 37, 22
35, 30, 20, 11
35, 30, 23, 11
35, 30, 25, 11
35, 30, 38, 22
35, 30, 28, 11
35, 30, 19, 11
35, 30, 13, 11
35, 30, 14, 11
35, 30, 15, 11
35, 30, 16, 11
35, 30, 24, 11
35, 30, 27, 11
35, 30, 30, 11
35, 30, 31, 11
35, 30, 32, 11
35, 30, 33, 11
35, 30, 12, 3
35, 30, 2, 3
35, 30, 3, 3
35, 30, 4, 3
35, 30, 5, 3
35, 30, 6, 3
35, 30, 7, 3
35, 30, 8, 3
35, 30, 9, 3
35, 30, 10, 3
35, 30, 11, 3
36, 30, 17, 11
36, 30, 34, 22
36, 30, 37, 22
36, 30, 20, 11
36, 30, 23, 11
36, 30, 25, 11
36, 30, 38, 22
36, 30, 28, 11
36, 30, 19, 11
36, 30, 13, 11
36, 30, 14, 11
36, 30, 15, 11
36, 30, 16, 11
36, 30, 24, 11
36, 30, 27, 11
36, 30, 30, 11
36, 30, 31, 11
36, 30, 32, 11
36, 30, 33, 11
36, 30, 12, 3
36, 30, 2, 3
36, 30, 3, 3
36, 30, 4, 3
36, 30, 5, 3
36, 30, 6, 3
36, 30, 7, 3
36, 30, 8, 3
36, 30, 9, 3
36, 30, 10, 3
36, 30, 11, 3
37, 30, 35, 22
37, 30, 18, 11
37, 30, 21, 11
37, 30, 36, 22
37, 30, 39, 22
37, 30, 22, 11
37, 30, 26, 11
37, 30, 29, 11
37, 30, 19, 11
37, 30, 13, 11
37, 30, 14, 11
37, 30, 15, 11
37, 30, 16, 11
37, 30, 24, 11
37, 30, 27, 11
37, 30, 30, 11
37, 30, 31, 11
37, 30, 32, 11
37, 30, 33, 11
37, 30, 12, 3
37, 30, 2, 3
37, 30, 3, 3
37, 30, 4, 3
37, 30, 5, 3
37, 30, 6, 3
37, 30, 7, 3
37, 30, 8, 3
37, 30, 9, 3
37, 30, 10, 3
37, 30, 11, 3
38, 30, 35, 22
38, 30, 18, 11
38, 30, 21, 11
38, 30, 36, 22
38, 30, 39, 22
38, 30, 22, 11
38, 30, 26, 11
38, 30, 29, 11
38, 30, 19, 11
38, 30, 13, 11
38, 30, 14, 11
38, 30, 15, 11
38, 30, 16, 11
38, 30, 24, 11
38, 30, 27, 11
38, 30, 30, 11
38, 30, 31, 11
38, 30, 32, 11
38, 30, 33, 11
38, 30, 12, 3
38, 30, 2, 3
38, 30, 3, 3
38, 30, 4, 3
38, 30, 5, 3
38, 30, 6, 3
38, 30, 7, 3
38, 30, 8, 3
38, 30, 9, 3
38, 30, 10, 3
38, 30, 11, 3
39, 30, 17, 11
39, 30, 34, 22
39, 30, 37, 22
39, 30, 20, 11
39, 30, 23, 11
39, 30, 25, 11
39, 30, 38, 22
39, 30, 28, 11
39, 30, 19, 11
39, 30, 13, 11
39, 30, 14, 11
39, 30, 15, 11
39, 30, 16, 11
39, 30, 24, 11
39, 30, 27, 11
39, 30, 30, 11
39, 30, 31, 11
39, 30, 32, 11
39, 30, 33, 11
39, 30, 12, 3
39, 30, 2, 3
39, 30, 3, 3
39, 30, 4, 3
39, 30, 5, 3
39, 30, 6, 3
39, 30, 7, 3
39, 30, 8, 3
39, 30, 9, 3
39, 30, 10, 3
39, 30, 11, 3
DTG
0, 3, 0, 1, 1
0, 3, 0, 2, 1
0, 3, 0, 3, 1
0, 3, 1, 0, 1
0, 3, 1, 2, 1
0, 3, 1, 3, 1
0, 3, 2, 0, 1
0, 3, 2, 1, 1
0, 3, 2, 3, 1
0, 3, 3, 0, 1
0, 3, 3, 1, 1
0, 3, 3, 2, 1
1, 3, 0, 1, 1
1, 3, 0, 2, 1
1, 3, 0, 3, 1
1, 3, 1, 0, 1
1, 3, 1, 2, 1
1, 3, 1, 3, 1
1, 3, 2, 0, 1
1, 3, 2, 1, 1
1, 3, 2, 3, 1
1, 3, 3, 0, 1
1, 3, 3, 1, 1
1, 3, 3, 2, 1
2, 9, 1, 0, 4
2, 9, 1, 0, 4
2, 9, 1, 0, 4
2, 9, 1, 0, 4
2, 9, 1, 0, 4
2, 9, 1, 0, 4
2, 9, 1, 0, 4
2, 9, 1, 0, 4
2, 9, 1, 0, 4
3, 9, 1, 0, 4
3, 9, 1, 0, 4
3, 9, 1, 0, 4
3, 9, 1, 0, 4
3, 9, 1, 0, 4
3, 9, 1, 0, 4
3, 9, 1, 0, 4
3, 9, 1, 0, 4
3, 9, 1, 0, 4
4, 9, 1, 0, 4
4, 9, 1, 0, 4
4, 9, 1, 0, 4
4, 9, 1, 0, 4
4, 9, 1, 0, 4
4, 9, 1, 0, 4
4, 9, 1, 0, 4
4, 9, 1, 0, 4
4, 9, 1, 0, 4
5, 9, 1, 0, 4
5, 9, 1, 0, 4
5, 9, 1, 0, 4
5, 9, 1, 0, 4
5, 9, 1, 0, 4
5, 9, 1, 0, 4
5, 9, 1, 0, 4
5, 9, 1, 0, 4
5, 9, 1, 0, 4
6, 9, 1, 0, 4
6, 9, 1, 0, 4
6, 9, 1, 0, 4
6, 9, 1, 0, 4
6, 9, 1, 0, 4
6, 9, 1, 0, 4
6, 9, 1, 0, 4
6, 9, 1, 0, 4
6, 9, 1, 0, 4
7, 9, 1, 0, 4
7, 9, 1, 0, 4
7, 9, 1, 0, 4
7, 9, 1, 0, 4
7, 9, 1, 0, 4
7, 9, 1, 0, 4
7, 9, 1, 0, 4
7, 9, 1, 0, 4
7, 9, 1, 0, 4
8, 9, 1, 0, 4
8, 9, 1, 0, 4
8, 9, 1, 0, 4
8, 9, 1, 0, 4
8, 9, 1, 0, 4
8, 9, 1, 0, 4
8, 9, 1, 0, 4
8, 9, 1, 0, 4
8, 9, 1, 0, 4
9, 9, 1, 0, 4
9, 9, 1, 0, 4
9, 9, 1, 0, 4
9, 9, 1, 0, 4
9, 9, 1, 0, 4
9, 9, 1, 0, 4
9, 9, 1, 0, 4
9, 9, 1, 0, 4
9, 9, 1, 0, 4
10, 9, 1, 0, 4
10, 9, 1, 0, 4
10, 9, 1, 0, 4
10, 9, 1, 0, 4
10, 9, 1, 0, 4
10, 9, 1, 0, 4
10, 9, 1, 0, 4
10, 9, 1, 0, 4
10, 9, 1, 0, 4
11, 9, 1, 0, 4
11, 9, 1, 0, 4
11, 9, 1, 0, 4
11, 9, 1, 0, 4
11, 9, 1, 0, 4
11, 9, 1, 0, 4
11, 9, 1, 0, 4
11, 9, 1, 0, 4
11, 9, 1, 0, 4
12, 9, 1, 0, 4
12, 9, 1, 0, 4
12, 9, 1, 0, 4
12, 9, 1, 0, 4
12, 9, 1, 0, 4
12, 9, 1, 0, 4
12, 9, 1, 0, 4
12, 9, 1, 0, 4
12, 9, 1, 0, 4
13, 2, 0, 2, 2
13, 2, 0, 3, 2
13, 64, 1, 0, 3
13, 64, 1, 0, 3
13, 64, 1, 0, 3
13, 64, 1, 0, 3
13, 64, 1, 0, 3
13, 64, 1, 0, 3
13, 64, 1, 0, 3
13, 64, 1, 0, 3
13, 64, 1, 0, 3
13, 64, 1, 0, 3
13, 64, 1, 0, 3
13, 64, 1, 0, 3
13, 64, 1, 0, 3
13, 64, 1, 0, 3
13, 64, 1, 0, 3
13, 64, 1, 0, 3
13, 64, 1, 0, 3
13, 64, 1, 0, 3
13, 64, 1, 0, 3
13, 64, 1, 0, 3
13, 64, 1, 0, 3
13, 64, 1, 0, 3
13, 64, 1, 0, 3
13, 64, 1, 0, 3
13, 64, 1, 0, 3
13, 64, 1, 0, 3
13, 64, 1, 0, 3
13, 64, 1, 0, 3
13, 64, 1, 0, 3
13, 64, 1, 0, 3
13, 64, 1, 0, 3
13, 64, 1, 0, 3
13, 64, 1, 0, 3
13, 64, 1, 0, 3
13, 64, 1, 0, 3
13, 64, 1, 0, 3
13, 64, 1, 0, 3
13, 64, 1, 0, 3
13, 64, 1, 0, 3
13, 64, 1, 0, 3
13, 64, 1, 0, 3
13, 64, 1, 0, 3
13, 64, 1, 0, 3
13, 64, 1, 0, 3
13, 64, 1, 0, 3
13, 64, 1, 0, 3
13, 64, 1, 0, 3
13, 64, 1, 0, 3
13, 64, 1, 0, 3
13, 64, 1, 0, 3
13, 64, 1, 0, 3
13, 64, 1, 0, 3
13, 64, 1, 0, 3
13, 64, 1, 0, 3
13, 64, 1, 0, 3
13, 64, 1, 0, 3
13, 64, 1, 0, 3
13, 64, 1, 0, 3
13, 64, 1, 0, 3
13, 64, 1, 0, 3
13, 64, 1, 0, 3
13, 64, 1, 0, 3
13, 64, 1, 0, 3
13, 64, 1, 0, 3
13, 3, 2, 4, 2
13, 3, 2, 4, 2
13, 3, 2, 4, 2
13, 3, 3, 4, 2
13, 3, 3, 4, 2
13, 3, 3, 4, 2
14, 2, 0, 2, 2
14, 2, 0, 3, 2
14, 64, 1, 0, 3
14, 64, 1, 0, 3
14, 64, 1, 0, 3
14, 64, 1, 0, 3
14, 64, 1, 0, 3
14, 64, 1, 0, 3
14, 64, 1, 0, 3
14, 64, 1, 0, 3
14, 64, 1, 0, 3
14, 64, 1, 0, 3
14, 64, 1, 0, 3
14, 64, 1, 0, 3
14, 64, 1, 0, 3
14, 64, 1, 0, 3
14, 64, 1, 0, 3
14, 64, 1, 0, 3
14, 64, 1, 0, 3
14, 64, 1, 0, 3
14, 64, 1, 0, 3
14, 64, 1, 0, 3
14, 64, 1, 0, 3
14, 64, 1, 0, 3
14, 64, 1, 0, 3
14, 64, 1, 0, 3
14, 64, 1, 0, 3
14, 64, 1, 0, 3
14, 64, 1, 0, 3
14, 64, 1, 0, 3
14, 64, 1, 0, 3
14, 64, 1, 0, 3
14, 64, 1, 0, 3
14, 64, 1, 0, 3
14, 64, 1, 0, 3
14, 64, 1, 0, 3
14, 64, 1, 0, 3
14, 64, 1, 0, 3
14, 64, 1, 0, 3
14, 64, 1, 0, 3
14, 64, 1, 0, 3
14, 64, 1, 0, 3
14, 64, 1, 0, 3
14, 64, 1, 0, 3
14, 64, 1, 0, 3
14, 64, 1, 0, 3
14, 64, 1, 0, 3
14, 64, 1, 0, 3
14, 64, 1, 0, 3
14, 64, 1, 0, 3
14, 64, 1, 0, 3
14, 64, 1, 0, 3
14, 64, 1, 0, 3
14, 64, 1, 0, 3
14, 64, 1, 0, 3
14, 64, 1, 0, 3
14, 64, 1, 0, 3
14, 64, 1, 0, 3
14, 64, 1, 0, 3
14, 64, 1, 0, 3
14, 64, 1, 0, 3
14, 64, 1, 0, 3
14, 64, 1, 0, 3
14, 64, 1, 0, 3
14, 64, 1, 0, 3
14, 64, 1, 0, 3
14, 3, 2, 4, 2
14, 3, 2, 4, 2
14, 3, 2, 4, 2
14, 3, 3, 4, 2
14, 3, 3, 4, 2
14, 3, 3, 4, 2
15, 2, 0, 2, 2
15, 2, 0, 3, 2
15, 64, 1, 0, 3
15, 64, 1, 0, 3
15, 64, 1, 0, 3
15, 64, 1, 0, 3
15, 64, 1, 0, 3
15, 64, 1, 0, 3
15, 64, 1, 0, 3
15, 64, 1, 0, 3
15, 64, 1, 0, 3
15, 64, 1, 0, 3
15, 64, 1, 0, 3
15, 64, 1, 0, 3
15, 64, 1, 0, 3
15, 64, 1, 0, 3
15, 64, 1, 0, 3
15, 64, 1, 0, 3
15, 64, 1, 0, 3
15, 64, 1, 0, 3
15, 64, 1, 0, 3
15, 64, 1, 0, 3
15, 64, 1, 0, 3
15, 64, 1, 0, 3
15, 64, 1, 0, 3
15, 64, 1, 0, 3
15, 64, 1, 0, 3
15, 64, 1, 0, 3
15, 64, 1, 0, 3
15, 64, 1, 0, 3
15, 64, 1, 0, 3
15, 64, 1, 0, 3
15, 64, 1, 0, 3
15, 64, 1, 0, 3
15, 64, 1, 0, 3
15, 64, 1, 0, 3
15, 64, 1, 0, 3
15, 64, 1, 0, 3
15, 64, 1, 0, 3
15, 64, 1, 0, 3
15, 64, 1, 0, 3
15, 64, 1, 0, 3
15, 64, 1, 0, 3
15, 64, 1, 0, 3
15, 64, 1, 0, 3
15, 64, 1, 0, 3
15, 64, 1, 0, 3
15, 64, 1, 0, 3
15, 64, 1, 0, 3
15, 64, 1, 0, 3
15, 64, 1, 0, 3
15, 64, 1, 0, 3
15, 64, 1, 0, 3
15, 64, 1, 0, 3
15, 64, 1, 0, 3
15, 64, 1, 0, 3
15, 64, 1, 0, 3
15, 64, 1, 0, 3
15, 64, 1, 0, 3
15, 64, 1, 0, 3
15, 64, 1, 0, 3
15, 64, 1, 0, 3
15, 64, 1, 0, 3
15, 64, 1, 0, 3
15, 64, 1, 0, 3
15, 64, 1, 0, 3
15, 3, 2, 4, 2
15, 3, 2, 4, 2
15, 3, 2, 4, 2
15, 3, 3, 4, 2
15, 3, 3, 4, 2
15, 3, 3, 4, 2
16, 2, 0, 2, 2
16, 2, 0, 3, 2
16, 64, 1, 0, 3
16, 64, 1, 0, 3
16, 64, 1, 0, 3
16, 64, 1, 0, 3
16, 64, 1, 0, 3
16, 64, 1, 0, 3
16, 64, 1, 0, 3
16, 64, 1, 0, 3
16, 64, 1, 0, 3
16, 64, 1, 0, 3
16, 64, 1, 0, 3
16, 64, 1, 0, 3
16, 64, 1, 0, 3
16, 64, 1, 0, 3
16, 64, 1, 0, 3
16, 64, 1, 0, 3
16, 64, 1, 0, 3
16, 64, 1, 0, 3
16, 64, 1, 0, 3
16, 64, 1, 0, 3
16, 64, 1, 0, 3
16, 64, 1, 0, 3
16, 64, 1, 0, 3
16, 64, 1, 0, 3
16, 64, 1, 0, 3
16, 64, 1, 0, 3
16, 64, 1, 0, 3
16, 64, 1, 0, 3
16, 64, 1, 0, 3
16, 64, 1, 0, 3
16, 64, 1, 0, 3
16, 64, 1, 0, 3
16, 64, 1, 0, 3
16, 64, 1, 0, 3
16, 64, 1, 0, 3
16, 64, 1, 0, 3
16, 64, 1, 0, 3
16, 64, 1, 0, 3
16, 64, 1, 0, 3
16, 64, 1, 0, 3
16, 64, 1, 0, 3
16, 64, 1, 0, 3
16, 64, 1, 0, 3
16, 64, 1, 0, 3
16, 64, 1, 0, 3
16, 64, 1, 0, 3
16, 64, 1, 0, 3
16, 64, 1, 0, 3
16, 64, 1, 0, 3
16, 64, 1, 0, 3
16, 64, 1, 0, 3
16, 64, 1, 0, 3
16, 64, 1, 0, 3
16, 64, 1, 0, 3
16, 64, 1, 0, 3
16, 64, 1, 0, 3
16, 64, 1, 0, 3
16, 64, 1, 0, 3
16, 64, 1, 0, 3
16, 64, 1, 0, 3
16, 64, 1, 0, 3
16, 64, 1, 0, 3
16, 64, 1, 0, 3
16, 64, 1, 0, 3
16, 3, 2, 4, 2
16, 3, 2, 4, 2
16, 3, 2, 4, 2
16, 3, 3, 4, 2
16, 3, 3, 4, 2
16, 3, 3, 4, 2
17, 88, 0, 1, 3
17, 88, 0, 1, 3
17, 88, 0, 1, 3
17, 88, 0, 1, 3
17, 88, 0, 1, 3
17, 88, 0, 1, 3
17, 88, 0, 1, 3
17, 88, 0, 1, 3
17, 88, 0, 1, 3
17, 88, 0, 1, 3
17, 88, 0, 1, 3
17, 88, 0, 1, 3
17, 88, 0, 1, 3
17, 88, 0, 1, 3
17, 88, 0, 1, 3
17, 88, 0, 1, 3
17, 88, 0, 1, 3
17, 88, 0, 1, 3
17, 88, 0, 1, 3
17, 88, 0, 1, 3
17, 88, 0, 1, 3
17, 88, 0, 1, 3
17, 88, 0, 1, 3
17, 88, 0, 1, 3
17, 88, 0, 1, 3
17, 88, 0, 1, 3
17, 88, 0, 1, 3
17, 88, 0, 1, 3
17, 88, 0, 1, 3
17, 88, 0, 1, 3
17, 88, 0, 1, 3
17, 88, 0, 1, 3
17, 88, 0, 1, 3
17, 88, 0, 1, 3
17, 88, 0, 1, 3
17, 88, 0, 1, 3
17, 88, 0, 1, 3
17, 88, 0, 1, 3
17, 88, 0, 1, 3
17, 88, 0, 1, 3
17, 88, 0, 1, 3
17, 88, 0, 1, 3
17, 88, 0, 1, 3
17, 88, 0, 1, 3
17, 88, 0, 1, 3
17, 88, 0, 1, 3
17, 88, 0, 1, 3
17, 88, 0, 1, 3
17, 88, 0, 1, 3
17, 88, 0, 1, 3
17, 88, 0, 1, 3
17, 88, 0, 1, 3
17, 88, 0, 1, 3
17, 88, 0, 1, 3
17, 88, 0, 1, 3
17, 88, 0, 1, 3
17, 88, 0, 1, 3
17, 88, 0, 1, 3
17, 88, 0, 1, 3
17, 88, 0, 1, 3
17, 88, 0, 1, 3
17, 88, 0, 1, 3
17, 88, 0, 1, 3
17, 88, 0, 1, 3
17, 88, 0, 1, 3
17, 88, 0, 1, 3
17, 88, 0, 1, 3
17, 88, 0, 1, 3
17, 88, 0, 1, 3
17, 88, 0, 1, 3
17, 88, 0, 1, 3
17, 88, 0, 1, 3
17, 88, 0, 1, 3
17, 88, 0, 1, 3
17, 88, 0, 1, 3
17, 88, 0, 1, 3
17, 88, 0, 1, 3
17, 88, 0, 1, 3
17, 88, 0, 1, 3
17, 88, 0, 1, 3
17, 88, 0, 1, 3
17, 88, 0, 1, 3
17, 88, 0, 1, 3
17, 88, 0, 1, 3
17, 88, 0, 1, 3
17, 88, 0, 1, 3
17, 88, 0, 1, 3
17, 88, 0, 1, 3
18, 88, 0, 1, 3
18, 88, 0, 1, 3
18, 88, 0, 1, 3
18, 88, 0, 1, 3
18, 88, 0, 1, 3
18, 88, 0, 1, 3
18, 88, 0, 1, 3
18, 88, 0, 1, 3
18, 88, 0, 1, 3
18, 88, 0, 1, 3
18, 88, 0, 1, 3
18, 88, 0, 1, 3
18, 88, 0, 1, 3
18, 88, 0, 1, 3
18, 88, 0, 1, 3
18, 88, 0, 1, 3
18, 88, 0, 1, 3
18, 88, 0, 1, 3
18, 88, 0, 1, 3
18, 88, 0, 1, 3
18, 88, 0, 1, 3
18, 88, 0, 1, 3
18, 88, 0, 1, 3
18, 88, 0, 1, 3
18, 88, 0, 1, 3
18, 88, 0, 1, 3
18, 88, 0, 1, 3
18, 88, 0, 1, 3
18, 88, 0, 1, 3
18, 88, 0, 1, 3
18, 88, 0, 1, 3
18, 88, 0, 1, 3
18, 88, 0, 1, 3
18, 88, 0, 1, 3
18, 88, 0, 1, 3
18, 88, 0, 1, 3
18, 88, 0, 1, 3
18, 88, 0, 1, 3
18, 88, 0, 1, 3
18, 88, 0, 1, 3
18, 88, 0, 1, 3
18, 88, 0, 1, 3
18, 88, 0, 1, 3
18, 88, 0, 1, 3
18, 88, 0, 1, 3
18, 88, 0, 1, 3
18, 88, 0, 1, 3
18, 88, 0, 1, 3
18, 88, 0, 1, 3
18, 88, 0, 1, 3
18, 88, 0, 1, 3
18, 88, 0, 1, 3
18, 88, 0, 1, 3
18, 88, 0, 1, 3
18, 88, 0, 1, 3
18, 88, 0, 1, 3
18, 88, 0, 1, 3
18, 88, 0, 1, 3
18, 88, 0, 1, 3
18, 88, 0, 1, 3
18, 88, 0, 1, 3
18, 88, 0, 1, 3
18, 88, 0, 1, 3
18, 88, 0, 1, 3
18, 88, 0, 1, 3
18, 88, 0, 1, 3
18, 88, 0, 1, 3
18, 88, 0, 1, 3
18, 88, 0, 1, 3
18, 88, 0, 1, 3
18, 88, 0, 1, 3
18, 88, 0, 1, 3
18, 88, 0, 1, 3
18, 88, 0, 1, 3
18, 88, 0, 1, 3
18, 88, 0, 1, 3
18, 88, 0, 1, 3
18, 88, 0, 1, 3
18, 88, 0, 1, 3
18, 88, 0, 1, 3
18, 88, 0, 1, 3
18, 88, 0, 1, 3
18, 88, 0, 1, 3
18, 88, 0, 1, 3
18, 88, 0, 1, 3
18, 88, 0, 1, 3
18, 88, 0, 1, 3
18, 88, 0, 1, 3
19, 2, 0, 2, 2
19, 2, 0, 3, 2
19, 64, 1, 0, 3
19, 64, 1, 0, 3
19, 64, 1, 0, 3
19, 64, 1, 0, 3
19, 64, 1, 0, 3
19, 64, 1, 0, 3
19, 64, 1, 0, 3
19, 64, 1, 0, 3
19, 64, 1, 0, 3
19, 64, 1, 0, 3
19, 64, 1, 0, 3
19, 64, 1, 0, 3
19, 64, 1, 0, 3
19, 64, 1, 0, 3
19, 64, 1, 0, 3
19, 64, 1, 0, 3
19, 64, 1, 0, 3
19, 64, 1, 0, 3
19, 64, 1, 0, 3
19, 64, 1, 0, 3
19, 64, 1, 0, 3
19, 64, 1, 0, 3
19, 64, 1, 0, 3
19, 64, 1, 0, 3
19, 64, 1, 0, 3
19, 64, 1, 0, 3
19, 64, 1, 0, 3
19, 64, 1, 0, 3
19, 64, 1, 0, 3
19, 64, 1, 0, 3
19, 64, 1, 0, 3
19, 64, 1, 0, 3
19, 64, 1, 0, 3
19, 64, 1, 0, 3
19, 64, 1, 0, 3
19, 64, 1, 0, 3
19, 64, 1, 0, 3
19, 64, 1, 0, 3
19, 64, 1, 0, 3
19, 64, 1, 0, 3
19, 64, 1, 0, 3
19, 64, 1, 0, 3
19, 64, 1, 0, 3
19, 64, 1, 0, 3
19, 64, 1, 0, 3
19, 64, 1, 0, 3
19, 64, 1, 0, 3
19, 64, 1, 0, 3
19, 64, 1, 0, 3
19, 64, 1, 0, 3
19, 64, 1, 0, 3
19, 64, 1, 0, 3
19, 64, 1, 0, 3
19, 64, 1, 0, 3
19, 64, 1, 0, 3
19, 64, 1, 0, 3
19, 64, 1, 0, 3
19, 64, 1, 0, 3
19, 64, 1, 0, 3
19, 64, 1, 0, 3
19, 64, 1, 0, 3
19, 64, 1, 0, 3
19, 64, 1, 0, 3
19, 64, 1, 0, 3
19, 3, 2, 4, 2
19, 3, 2, 4, 2
19, 3, 2, 4, 2
19, 3, 3, 4, 2
19, 3, 3, 4, 2
19, 3, 3, 4, 2
20, 88, 0, 1, 3
20, 88, 0, 1, 3
20, 88, 0, 1, 3
20, 88, 0, 1, 3
20, 88, 0, 1, 3
20, 88, 0, 1, 3
20, 88, 0, 1, 3
20, 88, 0, 1, 3
20, 88, 0, 1, 3
20, 88, 0, 1, 3
20, 88, 0, 1, 3
20, 88, 0, 1, 3
20, 88, 0, 1, 3
20, 88, 0, 1, 3
20, 88, 0, 1, 3
20, 88, 0, 1, 3
20, 88, 0, 1, 3
20, 88, 0, 1, 3
20, 88, 0, 1, 3
20, 88, 0, 1, 3
20, 88, 0, 1, 3
20, 88, 0, 1, 3
20, 88, 0, 1, 3
20, 88, 0, 1, 3
20, 88, 0, 1, 3
20, 88, 0, 1, 3
20, 88, 0, 1, 3
20, 88, 0, 1, 3
20, 88, 0, 1, 3
20, 88, 0, 1, 3
20, 88, 0, 1, 3
20, 88, 0, 1, 3
20, 88, 0, 1, 3
20, 88, 0, 1, 3
20, 88, 0, 1, 3
20, 88, 0, 1, 3
20, 88, 0, 1, 3
20, 88, 0, 1, 3
20, 88, 0, 1, 3
20, 88, 0, 1, 3
20, 88, 0, 1, 3
20, 88, 0, 1, 3
20, 88, 0, 1, 3
20, 88, 0, 1, 3
20, 88, 0, 1, 3
20, 88, 0, 1, 3
20, 88, 0, 1, 3
20, 88, 0, 1, 3
20, 88, 0, 1, 3
20, 88, 0, 1, 3
20, 88, 0, 1, 3
20, 88, 0, 1, 3
20, 88, 0, 1, 3
20, 88, 0, 1, 3
20, 88, 0, 1, 3
20, 88, 0, 1, 3
20, 88, 0, 1, 3
20, 88, 0, 1, 3
20, 88, 0, 1, 3
20, 88, 0, 1, 3
20, 88, 0, 1, 3
20, 88, 0, 1, 3
20, 88, 0, 1, 3
20, 88, 0, 1, 3
20, 88, 0, 1, 3
20, 88, 0, 1, 3
20, 88, 0, 1, 3
20, 88, 0, 1, 3
20, 88, 0, 1, 3
20, 88, 0, 1, 3
20, 88, 0, 1, 3
20, 88, 0, 1, 3
20, 88, 0, 1, 3
20, 88, 0, 1, 3
20, 88, 0, 1, 3
20, 88, 0, 1, 3
20, 88, 0, 1, 3
20, 88, 0, 1, 3
20, 88, 0, 1, 3
20, 88, 0, 1, 3
20, 88, 0, 1, 3
20, 88, 0, 1, 3
20, 88, 0, 1, 3
20, 88, 0, 1, 3
20, 88, 0, 1, 3
20, 88, 0, 1, 3
20, 88, 0, 1, 3
20, 88, 0, 1, 3
21, 88, 0, 1, 3
21, 88, 0, 1, 3
21, 88, 0, 1, 3
21, 88, 0, 1, 3
21, 88, 0, 1, 3
21, 88, 0, 1, 3
21, 88, 0, 1, 3
21, 88, 0, 1, 3
21, 88, 0, 1, 3
21, 88, 0, 1, 3
21, 88, 0, 1, 3
21, 88, 0, 1, 3
21, 88, 0, 1, 3
21, 88, 0, 1, 3
21, 88, 0, 1, 3
21, 88, 0, 1, 3
21, 88, 0, 1, 3
21, 88, 0, 1, 3
21, 88, 0, 1, 3
21, 88, 0, 1, 3
21, 88, 0, 1, 3
21, 88, 0, 1, 3
21, 88, 0, 1, 3
21, 88, 0, 1, 3
21, 88, 0, 1, 3
21, 88, 0, 1, 3
21, 88, 0, 1, 3
21, 88, 0, 1, 3
21, 88, 0, 1, 3
21, 88, 0, 1, 3
21, 88, 0, 1, 3
21, 88, 0, 1, 3
21, 88, 0, 1, 3
21, 88, 0, 1, 3
21, 88, 0, 1, 3
21, 88, 0, 1, 3
21, 88, 0, 1, 3
21, 88, 0, 1, 3
21, 88, 0, 1, 3
21, 88, 0, 1, 3
21, 88, 0, 1, 3
21, 88, 0, 1, 3
21, 88, 0, 1, 3
21, 88, 0, 1, 3
21, 88, 0, 1, 3
21, 88, 0, 1, 3
21, 88, 0, 1, 3
21, 88, 0, 1, 3
21, 88, 0, 1, 3
21, 88, 0, 1, 3
21, 88, 0, 1, 3
21, 88, 0, 1, 3
21, 88, 0, 1, 3
21, 88, 0, 1, 3
21, 88, 0, 1, 3
21, 88, 0, 1, 3
21, 88, 0, 1, 3
21, 88, 0, 1, 3
21, 88, 0, 1, 3
21, 88, 0, 1, 3
21, 88, 0, 1, 3
21, 88, 0, 1, 3
21, 88, 0, 1, 3
21, 88, 0, 1, 3
21, 88, 0, 1, 3
21, 88, 0, 1, 3
21, 88, 0, 1, 3
21, 88, 0, 1, 3
21, 88, 0, 1, 3
21, 88, 0, 1, 3
21, 88, 0, 1, 3
21, 88, 0, 1, 3
21, 88, 0, 1, 3
21, 88, 0, 1, 3
21, 88, 0, 1, 3
21, 88, 0, 1, 3
21, 88, 0, 1, 3
21, 88, 0, 1, 3
21, 88, 0, 1, 3
21, 88, 0, 1, 3
21, 88, 0, 1, 3
21, 88, 0, 1, 3
21, 88, 0, 1, 3
21, 88, 0, 1, 3
21, 88, 0, 1, 3
21, 88, 0, 1, 3
21, 88, 0, 1, 3
21, 88, 0, 1, 3
22, 88, 0, 1, 3
22, 88, 0, 1, 3
22, 88, 0, 1, 3
22, 88, 0, 1, 3
22, 88, 0, 1, 3
22, 88, 0, 1, 3
22, 88, 0, 1, 3
22, 88, 0, 1, 3
22, 88, 0, 1, 3
22, 88, 0, 1, 3
22, 88, 0, 1, 3
22, 88, 0, 1, 3
22, 88, 0, 1, 3
22, 88, 0, 1, 3
22, 88, 0, 1, 3
22, 88, 0, 1, 3
22, 88, 0, 1, 3
22, 88, 0, 1, 3
22, 88, 0, 1, 3
22, 88, 0, 1, 3
22, 88, 0, 1, 3
22, 88, 0, 1, 3
22, 88, 0, 1, 3
22, 88, 0, 1, 3
22, 88, 0, 1, 3
22, 88, 0, 1, 3
22, 88, 0, 1, 3
22, 88, 0, 1, 3
22, 88, 0, 1, 3
22, 88, 0, 1, 3
22, 88, 0, 1, 3
22, 88, 0, 1, 3
22, 88, 0, 1, 3
22, 88, 0, 1, 3
22, 88, 0, 1, 3
22, 88, 0, 1, 3
22, 88, 0, 1, 3
22, 88, 0, 1, 3
22, 88, 0, 1, 3
22, 88, 0, 1, 3
22, 88, 0, 1, 3
22, 88, 0, 1, 3
22, 88, 0, 1, 3
22, 88, 0, 1, 3
22, 88, 0, 1, 3
22, 88, 0, 1, 3
22, 88, 0, 1, 3
22, 88, 0, 1, 3
22, 88, 0, 1, 3
22, 88, 0, 1, 3
22, 88, 0, 1, 3
22, 88, 0, 1, 3
22, 88, 0, 1, 3
22, 88, 0, 1, 3
22, 88, 0, 1, 3
22, 88, 0, 1, 3
22, 88, 0, 1, 3
22, 88, 0, 1, 3
22, 88, 0, 1, 3
22, 88, 0, 1, 3
22, 88, 0, 1, 3
22, 88, 0, 1, 3
22, 88, 0, 1, 3
22, 88, 0, 1, 3
22, 88, 0, 1, 3
22, 88, 0, 1, 3
22, 88, 0, 1, 3
22, 88, 0, 1, 3
22, 88, 0, 1, 3
22, 88, 0, 1, 3
22, 88, 0, 1, 3
22, 88, 0, 1, 3
22, 88, 0, 1, 3
22, 88, 0, 1, 3
22, 88, 0, 1, 3
22, 88, 0, 1, 3
22, 88, 0, 1, 3
22, 88, 0, 1, 3
22, 88, 0, 1, 3
22, 88, 0, 1, 3
22, 88, 0, 1, 3
22, 88, 0, 1, 3
22, 88, 0, 1, 3
22, 88, 0, 1, 3
22, 88, 0, 1, 3
22, 88, 0, 1, 3
22, 88, 0, 1, 3
22, 88, 0, 1, 3
23, 88, 0, 1, 3
23, 88, 0, 1, 3
23, 88, 0, 1, 3
23, 88, 0, 1, 3
23, 88, 0, 1, 3
23, 88, 0, 1, 3
23, 88, 0, 1, 3
23, 88, 0, 1, 3
23, 88, 0, 1, 3
23, 88, 0, 1, 3
23, 88, 0, 1, 3
23, 88, 0, 1, 3
23, 88, 0, 1, 3
23, 88, 0, 1, 3
23, 88, 0, 1, 3
23, 88, 0, 1, 3
23, 88, 0, 1, 3
23, 88, 0, 1, 3
23, 88, 0, 1, 3
23, 88, 0, 1, 3
23, 88, 0, 1, 3
23, 88, 0, 1, 3
23, 88, 0, 1, 3
23, 88, 0, 1, 3
23, 88, 0, 1, 3
23, 88, 0, 1, 3
23, 88, 0, 1, 3
23, 88, 0, 1, 3
23, 88, 0, 1, 3
23, 88, 0, 1, 3
23, 88, 0, 1, 3
23, 88, 0, 1, 3
23, 88, 0, 1, 3
23, 88, 0, 1, 3
23, 88, 0, 1, 3
23, 88, 0, 1, 3
23, 88, 0, 1, 3
23, 88, 0, 1, 3
23, 88, 0, 1, 3
23, 88, 0, 1, 3
23, 88, 0, 1, 3
23, 88, 0, 1, 3
23, 88, 0, 1, 3
23, 88, 0, 1, 3
23, 88, 0, 1, 3
23, 88, 0, 1, 3
23, 88, 0, 1, 3
23, 88, 0, 1, 3
23, 88, 0, 1, 3
23, 88, 0, 1, 3
23, 88, 0, 1, 3
23, 88, 0, 1, 3
23, 88, 0, 1, 3
23, 88, 0, 1, 3
23, 88, 0, 1, 3
23, 88, 0, 1, 3
23, 88, 0, 1, 3
23, 88, 0, 1, 3
23, 88, 0, 1, 3
23, 88, 0, 1, 3
23, 88, 0, 1, 3
23, 88, 0, 1, 3
23, 88, 0, 1, 3
23, 88, 0, 1, 3
23, 88, 0, 1, 3
23, 88, 0, 1, 3
23, 88, 0, 1, 3
23, 88, 0, 1, 3
23, 88, 0, 1, 3
23, 88, 0, 1, 3
23, 88, 0, 1, 3
23, 88, 0, 1, 3
23, 88, 0, 1, 3
23, 88, 0, 1, 3
23, 88, 0, 1, 3
23, 88, 0, 1, 3
23, 88, 0, 1, 3
23, 88, 0, 1, 3
23, 88, 0, 1, 3
23, 88, 0, 1, 3
23, 88, 0, 1, 3
23, 88, 0, 1, 3
23, 88, 0, 1, 3
23, 88, 0, 1, 3
23, 88, 0, 1, 3
23, 88, 0, 1, 3
23, 88, 0, 1, 3
23, 88, 0, 1, 3
24, 2, 0, 2, 2
24, 2, 0, 3, 2
24, 64, 1, 0, 3
24, 64, 1, 0, 3
24, 64, 1, 0, 3
24, 64, 1, 0, 3
24, 64, 1, 0, 3
24, 64, 1, 0, 3
24, 64, 1, 0, 3
24, 64, 1, 0, 3
24, 64, 1, 0, 3
24, 64, 1, 0, 3
24, 64, 1, 0, 3
24, 64, 1, 0, 3
24, 64, 1, 0, 3
24, 64, 1, 0, 3
24, 64, 1, 0, 3
24, 64, 1, 0, 3
24, 64, 1, 0, 3
24, 64, 1, 0, 3
24, 64, 1, 0, 3
24, 64, 1, 0, 3
24, 64, 1, 0, 3
24, 64, 1, 0, 3
24, 64, 1, 0, 3
24, 64, 1, 0, 3
24, 64, 1, 0, 3
24, 64, 1, 0, 3
24, 64, 1, 0, 3
24, 64, 1, 0, 3
24, 64, 1, 0, 3
24, 64, 1, 0, 3
24, 64, 1, 0, 3
24, 64, 1, 0, 3
24, 64, 1, 0, 3
24, 64, 1, 0, 3
24, 64, 1, 0, 3
24, 64, 1, 0, 3
24, 64, 1, 0, 3
24, 64, 1, 0, 3
24, 64, 1, 0, 3
24, 64, 1, 0, 3
24, 64, 1, 0, 3
24, 64, 1, 0, 3
24, 64, 1, 0, 3
24, 64, 1, 0, 3
24, 64, 1, 0, 3
24, 64, 1, 0, 3
24, 64, 1, 0, 3
24, 64, 1, 0, 3
24, 64, 1, 0, 3
24, 64, 1, 0, 3
24, 64, 1, 0, 3
24, 64, 1, 0, 3
24, 64, 1, 0, 3
24, 64, 1, 0, 3
24, 64, 1, 0, 3
24, 64, 1, 0, 3
24, 64, 1, 0, 3
24, 64, 1, 0, 3
24, 64, 1, 0, 3
24, 64, 1, 0, 3
24, 64, 1, 0, 3
24, 64, 1, 0, 3
24, 64, 1, 0, 3
24, 64, 1, 0, 3
24, 3, 2, 4, 2
24, 3, 2, 4, 2
24, 3, 2, 4, 2
24, 3, 3, 4, 2
24, 3, 3, 4, 2
24, 3, 3, 4, 2
25, 88, 0, 1, 3
25, 88, 0, 1, 3
25, 88, 0, 1, 3
25, 88, 0, 1, 3
25, 88, 0, 1, 3
25, 88, 0, 1, 3
25, 88, 0, 1, 3
25, 88, 0, 1, 3
25, 88, 0, 1, 3
25, 88, 0, 1, 3
25, 88, 0, 1, 3
25, 88, 0, 1, 3
25, 88, 0, 1, 3
25, 88, 0, 1, 3
25, 88, 0, 1, 3
25, 88, 0, 1, 3
25, 88, 0, 1, 3
25, 88, 0, 1, 3
25, 88, 0, 1, 3
25, 88, 0, 1, 3
25, 88, 0, 1, 3
25, 88, 0, 1, 3
25, 88, 0, 1, 3
25, 88, 0, 1, 3
25, 88, 0, 1, 3
25, 88, 0, 1, 3
25, 88, 0, 1, 3
25, 88, 0, 1, 3
25, 88, 0, 1, 3
25, 88, 0, 1, 3
25, 88, 0, 1, 3
25, 88, 0, 1, 3
25, 88, 0, 1, 3
25, 88, 0, 1, 3
25, 88, 0, 1, 3
25, 88, 0, 1, 3
25, 88, 0, 1, 3
25, 88, 0, 1, 3
25, 88, 0, 1, 3
25, 88, 0, 1, 3
25, 88, 0, 1, 3
25, 88, 0, 1, 3
25, 88, 0, 1, 3
25, 88, 0, 1, 3
25, 88, 0, 1, 3
25, 88, 0, 1, 3
25, 88, 0, 1, 3
25, 88, 0, 1, 3
25, 88, 0, 1, 3
25, 88, 0, 1, 3
25, 88, 0, 1, 3
25, 88, 0, 1, 3
25, 88, 0, 1, 3
25, 88, 0, 1, 3
25, 88, 0, 1, 3
25, 88, 0, 1, 3
25, 88, 0, 1, 3
25, 88, 0, 1, 3
25, 88, 0, 1, 3
25, 88, 0, 1, 3
25, 88, 0, 1, 3
25, 88, 0, 1, 3
25, 88, 0, 1, 3
25, 88, 0, 1, 3
25, 88, 0, 1, 3
25, 88, 0, 1, 3
25, 88, 0, 1, 3
25, 88, 0, 1, 3
25, 88, 0, 1, 3
25, 88, 0, 1, 3
25, 88, 0, 1, 3
25, 88, 0, 1, 3
25, 88, 0, 1, 3
25, 88, 0, 1, 3
25, 88, 0, 1, 3
25, 88, 0, 1, 3
25, 88, 0, 1, 3
25, 88, 0, 1, 3
25, 88, 0, 1, 3
25, 88, 0, 1, 3
25, 88, 0, 1, 3
25, 88, 0, 1, 3
25, 88, 0, 1, 3
25, 88, 0, 1, 3
25, 88, 0, 1, 3
25, 88, 0, 1, 3
25, 88, 0, 1, 3
25, 88, 0, 1, 3
26, 88, 0, 1, 3
26, 88, 0, 1, 3
26, 88, 0, 1, 3
26, 88, 0, 1, 3
26, 88, 0, 1, 3
26, 88, 0, 1, 3
26, 88, 0, 1, 3
26, 88, 0, 1, 3
26, 88, 0, 1, 3
26, 88, 0, 1, 3
26, 88, 0, 1, 3
26, 88, 0, 1, 3
26, 88, 0, 1, 3
26, 88, 0, 1, 3
26, 88, 0, 1, 3
26, 88, 0, 1, 3
26, 88, 0, 1, 3
26, 88, 0, 1, 3
26, 88, 0, 1, 3
26, 88, 0, 1, 3
26, 88, 0, 1, 3
26, 88, 0, 1, 3
26, 88, 0, 1, 3
26, 88, 0, 1, 3
26, 88, 0, 1, 3
26, 88, 0, 1, 3
26, 88, 0, 1, 3
26, 88, 0, 1, 3
26, 88, 0, 1, 3
26, 88, 0, 1, 3
26, 88, 0, 1, 3
26, 88, 0, 1, 3
26, 88, 0, 1, 3
26, 88, 0, 1, 3
26, 88, 0, 1, 3
26, 88, 0, 1, 3
26, 88, 0, 1, 3
26, 88, 0, 1, 3
26, 88, 0, 1, 3
26, 88, 0, 1, 3
26, 88, 0, 1, 3
26, 88, 0, 1, 3
26, 88, 0, 1, 3
26, 88, 0, 1, 3
26, 88, 0, 1, 3
26, 88, 0, 1, 3
26, 88, 0, 1, 3
26, 88, 0, 1, 3
26, 88, 0, 1, 3
26, 88, 0, 1, 3
26, 88, 0, 1, 3
26, 88, 0, 1, 3
26, 88, 0, 1, 3
26, 88, 0, 1, 3
26, 88, 0, 1, 3
26, 88, 0, 1, 3
26, 88, 0, 1, 3
26, 88, 0, 1, 3
26, 88, 0, 1, 3
26, 88, 0, 1, 3
26, 88, 0, 1, 3
26, 88, 0, 1, 3
26, 88, 0, 1, 3
26, 88, 0, 1, 3
26, 88, 0, 1, 3
26, 88, 0, 1, 3
26, 88, 0, 1, 3
26, 88, 0, 1, 3
26, 88, 0, 1, 3
26, 88, 0, 1, 3
26, 88, 0, 1, 3
26, 88, 0, 1, 3
26, 88, 0, 1, 3
26, 88, 0, 1, 3
26, 88, 0, 1, 3
26, 88, 0, 1, 3
26, 88, 0, 1, 3
26, 88, 0, 1, 3
26, 88, 0, 1, 3
26, 88, 0, 1, 3
26, 88, 0, 1, 3
26, 88, 0, 1, 3
26, 88, 0, 1, 3
26, 88, 0, 1, 3
26, 88, 0, 1, 3
26, 88, 0, 1, 3
26, 88, 0, 1, 3
26, 88, 0, 1, 3
27, 2, 0, 2, 2
27, 2, 0, 3, 2
27, 64, 1, 0, 3
27, 64, 1, 0, 3
27, 64, 1, 0, 3
27, 64, 1, 0, 3
27, 64, 1, 0, 3
27, 64, 1, 0, 3
27, 64, 1, 0, 3
27, 64, 1, 0, 3
27, 64, 1, 0, 3
27, 64, 1, 0, 3
27, 64, 1, 0, 3
27, 64, 1, 0, 3
27, 64, 1, 0, 3
27, 64, 1, 0, 3
27, 64, 1, 0, 3
27, 64, 1, 0, 3
27, 64, 1, 0, 3
27, 64, 1, 0, 3
27, 64, 1, 0, 3
27, 64, 1, 0, 3
27, 64, 1, 0, 3
27, 64, 1, 0, 3
27, 64, 1, 0, 3
27, 64, 1, 0, 3
27, 64, 1, 0, 3
27, 64, 1, 0, 3
27, 64, 1, 0, 3
27, 64, 1, 0, 3
27, 64, 1, 0, 3
27, 64, 1, 0, 3
27, 64, 1, 0, 3
27, 64, 1, 0, 3
27, 64, 1, 0, 3
27, 64, 1, 0, 3
27, 64, 1, 0, 3
27, 64, 1, 0, 3
27, 64, 1, 0, 3
27, 64, 1, 0, 3
27, 64, 1, 0, 3
27, 64, 1, 0, 3
27, 64, 1, 0, 3
27, 64, 1, 0, 3
27, 64, 1, 0, 3
27, 64, 1, 0, 3
27, 64, 1, 0, 3
27, 64, 1, 0, 3
27, 64, 1, 0, 3
27, 64, 1, 0, 3
27, 64, 1, 0, 3
27, 64, 1, 0, 3
27, 64, 1, 0, 3
27, 64, 1, 0, 3
27, 64, 1, 0, 3
27, 64, 1, 0, 3
27, 64, 1, 0, 3
27, 64, 1, 0, 3
27, 64, 1, 0, 3
27, 64, 1, 0, 3
27, 64, 1, 0, 3
27, 64, 1, 0, 3
27, 64, 1, 0, 3
27, 64, 1, 0, 3
27, 64, 1, 0, 3
27, 64, 1, 0, 3
27, 3, 2, 4, 2
27, 3, 2, 4, 2
27, 3, 2, 4, 2
27, 3, 3, 4, 2
27, 3, 3, 4, 2
27, 3, 3, 4, 2
28, 88, 0, 1, 3
28, 88, 0, 1, 3
28, 88, 0, 1, 3
28, 88, 0, 1, 3
28, 88, 0, 1, 3
28, 88, 0, 1, 3
28, 88, 0, 1, 3
28, 88, 0, 1, 3
28, 88, 0, 1, 3
28, 88, 0, 1, 3
28, 88, 0, 1, 3
28, 88, 0, 1, 3
28, 88, 0, 1, 3
28, 88, 0, 1, 3
28, 88, 0, 1, 3
28, 88, 0, 1, 3
28, 88, 0, 1, 3
28, 88, 0, 1, 3
28, 88, 0, 1, 3
28, 88, 0, 1, 3
28, 88, 0, 1, 3
28, 88, 0, 1, 3
28, 88, 0, 1, 3
28, 88, 0, 1, 3
28, 88, 0, 1, 3
28, 88, 0, 1, 3
28, 88, 0, 1, 3
28, 88, 0, 1, 3
28, 88, 0, 1, 3
28, 88, 0, 1, 3
28, 88, 0, 1, 3
28, 88, 0, 1, 3
28, 88, 0, 1, 3
28, 88, 0, 1, 3
28, 88, 0, 1, 3
28, 88, 0, 1, 3
28, 88, 0, 1, 3
28, 88, 0, 1, 3
28, 88, 0, 1, 3
28, 88, 0, 1, 3
28, 88, 0, 1, 3
28, 88, 0, 1, 3
28, 88, 0, 1, 3
28, 88, 0, 1, 3
28, 88, 0, 1, 3
28, 88, 0, 1, 3
28, 88, 0, 1, 3
28, 88, 0, 1, 3
28, 88, 0, 1, 3
28, 88, 0, 1, 3
28, 88, 0, 1, 3
28, 88, 0, 1, 3
28, 88, 0, 1, 3
28, 88, 0, 1, 3
28, 88, 0, 1, 3
28, 88, 0, 1, 3
28, 88, 0, 1, 3
28, 88, 0, 1, 3
28, 88, 0, 1, 3
28, 88, 0, 1, 3
28, 88, 0, 1, 3
28, 88, 0, 1, 3
28, 88, 0, 1, 3
28, 88, 0, 1, 3
28, 88, 0, 1, 3
28, 88, 0, 1, 3
28, 88, 0, 1, 3
28, 88, 0, 1, 3
28, 88, 0, 1, 3
28, 88, 0, 1, 3
28, 88, 0, 1, 3
28, 88, 0, 1, 3
28, 88, 0, 1, 3
28, 88, 0, 1, 3
28, 88, 0, 1, 3
28, 88, 0, 1, 3
28, 88, 0, 1, 3
28, 88, 0, 1, 3
28, 88, 0, 1, 3
28, 88, 0, 1, 3
28, 88, 0, 1, 3
28, 88, 0, 1, 3
28, 88, 0, 1, 3
28, 88, 0, 1, 3
28, 88, 0, 1, 3
28, 88, 0, 1, 3
28, 88, 0, 1, 3
28, 88, 0, 1, 3
29, 88, 0, 1, 3
29, 88, 0, 1, 3
29, 88, 0, 1, 3
29, 88, 0, 1, 3
29, 88, 0, 1, 3
29, 88, 0, 1, 3
29, 88, 0, 1, 3
29, 88, 0, 1, 3
29, 88, 0, 1, 3
29, 88, 0, 1, 3
29, 88, 0, 1, 3
29, 88, 0, 1, 3
29, 88, 0, 1, 3
29, 88, 0, 1, 3
29, 88, 0, 1, 3
29, 88, 0, 1, 3
29, 88, 0, 1, 3
29, 88, 0, 1, 3
29, 88, 0, 1, 3
29, 88, 0, 1, 3
29, 88, 0, 1, 3
29, 88, 0, 1, 3
29, 88, 0, 1, 3
29, 88, 0, 1, 3
29, 88, 0, 1, 3
29, 88, 0, 1, 3
29, 88, 0, 1, 3
29, 88, 0, 1, 3
29, 88, 0, 1, 3
29, 88, 0, 1, 3
29, 88, 0, 1, 3
29, 88, 0, 1, 3
29, 88, 0, 1, 3
29, 88, 0, 1, 3
29, 88, 0, 1, 3
29, 88, 0, 1, 3
29, 88, 0, 1, 3
29, 88, 0, 1, 3
29, 88, 0, 1, 3
29, 88, 0, 1, 3
29, 88, 0, 1, 3
29, 88, 0, 1, 3
29, 88, 0, 1, 3
29, 88, 0, 1, 3
29, 88, 0, 1, 3
29, 88, 0, 1, 3
29, 88, 0, 1, 3
29, 88, 0, 1, 3
29, 88, 0, 1, 3
29, 88, 0, 1, 3
29, 88, 0, 1, 3
29, 88, 0, 1, 3
29, 88, 0, 1, 3
29, 88, 0, 1, 3
29, 88, 0, 1, 3
29, 88, 0, 1, 3
29, 88, 0, 1, 3
29, 88, 0, 1, 3
29, 88, 0, 1, 3
29, 88, 0, 1, 3
29, 88, 0, 1, 3
29, 88, 0, 1, 3
29, 88, 0, 1, 3
29, 88, 0, 1, 3
29, 88, 0, 1, 3
29, 88, 0, 1, 3
29, 88, 0, 1, 3
29, 88, 0, 1, 3
29, 88, 0, 1, 3
29, 88, 0, 1, 3
29, 88, 0, 1, 3
29, 88, 0, 1, 3
29, 88, 0, 1, 3
29, 88, 0, 1, 3
29, 88, 0, 1, 3
29, 88, 0, 1, 3
29, 88, 0, 1, 3
29, 88, 0, 1, 3
29, 88, 0, 1, 3
29, 88, 0, 1, 3
29, 88, 0, 1, 3
29, 88, 0, 1, 3
29, 88, 0, 1, 3
29, 88, 0, 1, 3
29, 88, 0, 1, 3
29, 88, 0, 1, 3
29, 88, 0, 1, 3
29, 88, 0, 1, 3
30, 2, 0, 2, 2
30, 2, 0, 3, 2
30, 64, 1, 0, 3
30, 64, 1, 0, 3
30, 64, 1, 0, 3
30, 64, 1, 0, 3
30, 64, 1, 0, 3
30, 64, 1, 0, 3
30, 64, 1, 0, 3
30, 64, 1, 0, 3
30, 64, 1, 0, 3
30, 64, 1, 0, 3
30, 64, 1, 0, 3
30, 64, 1, 0, 3
30, 64, 1, 0, 3
30, 64, 1, 0, 3
30, 64, 1, 0, 3
30, 64, 1, 0, 3
30, 64, 1, 0, 3
30, 64, 1, 0, 3
30, 64, 1, 0, 3
30, 64, 1, 0, 3
30, 64, 1, 0, 3
30, 64, 1, 0, 3
30, 64, 1, 0, 3
30, 64, 1, 0, 3
30, 64, 1, 0, 3
30, 64, 1, 0, 3
30, 64, 1, 0, 3
30, 64, 1, 0, 3
30, 64, 1, 0, 3
30, 64, 1, 0, 3
30, 64, 1, 0, 3
30, 64, 1, 0, 3
30, 64, 1, 0, 3
30, 64, 1, 0, 3
30, 64, 1, 0, 3
30, 64, 1, 0, 3
30, 64, 1, 0, 3
30, 64, 1, 0, 3
30, 64, 1, 0, 3
30, 64, 1, 0, 3
30, 64, 1, 0, 3
30, 64, 1, 0, 3
30, 64, 1, 0, 3
30, 64, 1, 0, 3
30, 64, 1, 0, 3
30, 64, 1, 0, 3
30, 64, 1, 0, 3
30, 64, 1, 0, 3
30, 64, 1, 0, 3
30, 64, 1, 0, 3
30, 64, 1, 0, 3
30, 64, 1, 0, 3
30, 64, 1, 0, 3
30, 64, 1, 0, 3
30, 64, 1, 0, 3
30, 64, 1, 0, 3
30, 64, 1, 0, 3
30, 64, 1, 0, 3
30, 64, 1, 0, 3
30, 64, 1, 0, 3
30, 64, 1, 0, 3
30, 64, 1, 0, 3
30, 64, 1, 0, 3
30, 64, 1, 0, 3
30, 3, 2, 4, 2
30, 3, 2, 4, 2
30, 3, 2, 4, 2
30, 3, 3, 4, 2
30, 3, 3, 4, 2
30, 3, 3, 4, 2
31, 2, 0, 2, 2
31, 2, 0, 3, 2
31, 64, 1, 0, 3
31, 64, 1, 0, 3
31, 64, 1, 0, 3
31, 64, 1, 0, 3
31, 64, 1, 0, 3
31, 64, 1, 0, 3
31, 64, 1, 0, 3
31, 64, 1, 0, 3
31, 64, 1, 0, 3
31, 64, 1, 0, 3
31, 64, 1, 0, 3
31, 64, 1, 0, 3
31, 64, 1, 0, 3
31, 64, 1, 0, 3
31, 64, 1, 0, 3
31, 64, 1, 0, 3
31, 64, 1, 0, 3
31, 64, 1, 0, 3
31, 64, 1, 0, 3
31, 64, 1, 0, 3
31, 64, 1, 0, 3
31, 64, 1, 0, 3
31, 64, 1, 0, 3
31, 64, 1, 0, 3
31, 64, 1, 0, 3
31, 64, 1, 0, 3
31, 64, 1, 0, 3
31, 64, 1, 0, 3
31, 64, 1, 0, 3
31, 64, 1, 0, 3
31, 64, 1, 0, 3
31, 64, 1, 0, 3
31, 64, 1, 0, 3
31, 64, 1, 0, 3
31, 64, 1, 0, 3
31, 64, 1, 0, 3
31, 64, 1, 0, 3
31, 64, 1, 0, 3
31, 64, 1, 0, 3
31, 64, 1, 0, 3
31, 64, 1, 0, 3
31, 64, 1, 0, 3
31, 64, 1, 0, 3
31, 64, 1, 0, 3
31, 64, 1, 0, 3
31, 64, 1, 0, 3
31, 64, 1, 0, 3
31, 64, 1, 0, 3
31, 64, 1, 0, 3
31, 64, 1, 0, 3
31, 64, 1, 0, 3
31, 64, 1, 0, 3
31, 64, 1, 0, 3
31, 64, 1, 0, 3
31, 64, 1, 0, 3
31, 64, 1, 0, 3
31, 64, 1, 0, 3
31, 64, 1, 0, 3
31, 64, 1, 0, 3
31, 64, 1, 0, 3
31, 64, 1, 0, 3
31, 64, 1, 0, 3
31, 64, 1, 0, 3
31, 64, 1, 0, 3
31, 3, 2, 4, 2
31, 3, 2, 4, 2
31, 3, 2, 4, 2
31, 3, 3, 4, 2
31, 3, 3, 4, 2
31, 3, 3, 4, 2
32, 2, 0, 2, 2
32, 2, 0, 3, 2
32, 64, 1, 0, 3
32, 64, 1, 0, 3
32, 64, 1, 0, 3
32, 64, 1, 0, 3
32, 64, 1, 0, 3
32, 64, 1, 0, 3
32, 64, 1, 0, 3
32, 64, 1, 0, 3
32, 64, 1, 0, 3
32, 64, 1, 0, 3
32, 64, 1, 0, 3
32, 64, 1, 0, 3
32, 64, 1, 0, 3
32, 64, 1, 0, 3
32, 64, 1, 0, 3
32, 64, 1, 0, 3
32, 64, 1, 0, 3
32, 64, 1, 0, 3
32, 64, 1, 0, 3
32, 64, 1, 0, 3
32, 64, 1, 0, 3
32, 64, 1, 0, 3
32, 64, 1, 0, 3
32, 64, 1, 0, 3
32, 64, 1, 0, 3
32, 64, 1, 0, 3
32, 64, 1, 0, 3
32, 64, 1, 0, 3
32, 64, 1, 0, 3
32, 64, 1, 0, 3
32, 64, 1, 0, 3
32, 64, 1, 0, 3
32, 64, 1, 0, 3
32, 64, 1, 0, 3
32, 64, 1, 0, 3
32, 64, 1, 0, 3
32, 64, 1, 0, 3
32, 64, 1, 0, 3
32, 64, 1, 0, 3
32, 64, 1, 0, 3
32, 64, 1, 0, 3
32, 64, 1, 0, 3
32, 64, 1, 0, 3
32, 64, 1, 0, 3
32, 64, 1, 0, 3
32, 64, 1, 0, 3
32, 64, 1, 0, 3
32, 64, 1, 0, 3
32, 64, 1, 0, 3
32, 64, 1, 0, 3
32, 64, 1, 0, 3
32, 64, 1, 0, 3
32, 64, 1, 0, 3
32, 64, 1, 0, 3
32, 64, 1, 0, 3
32, 64, 1, 0, 3
32, 64, 1, 0, 3
32, 64, 1, 0, 3
32, 64, 1, 0, 3
32, 64, 1, 0, 3
32, 64, 1, 0, 3
32, 64, 1, 0, 3
32, 64, 1, 0, 3
32, 64, 1, 0, 3
32, 3, 2, 4, 2
32, 3, 2, 4, 2
32, 3, 2, 4, 2
32, 3, 3, 4, 2
32, 3, 3, 4, 2
32, 3, 3, 4, 2
33, 2, 0, 2, 2
33, 2, 0, 3, 2
33, 64, 1, 0, 3
33, 64, 1, 0, 3
33, 64, 1, 0, 3
33, 64, 1, 0, 3
33, 64, 1, 0, 3
33, 64, 1, 0, 3
33, 64, 1, 0, 3
33, 64, 1, 0, 3
33, 64, 1, 0, 3
33, 64, 1, 0, 3
33, 64, 1, 0, 3
33, 64, 1, 0, 3
33, 64, 1, 0, 3
33, 64, 1, 0, 3
33, 64, 1, 0, 3
33, 64, 1, 0, 3
33, 64, 1, 0, 3
33, 64, 1, 0, 3
33, 64, 1, 0, 3
33, 64, 1, 0, 3
33, 64, 1, 0, 3
33, 64, 1, 0, 3
33, 64, 1, 0, 3
33, 64, 1, 0, 3
33, 64, 1, 0, 3
33, 64, 1, 0, 3
33, 64, 1, 0, 3
33, 64, 1, 0, 3
33, 64, 1, 0, 3
33, 64, 1, 0, 3
33, 64, 1, 0, 3
33, 64, 1, 0, 3
33, 64, 1, 0, 3
33, 64, 1, 0, 3
33, 64, 1, 0, 3
33, 64, 1, 0, 3
33, 64, 1, 0, 3
33, 64, 1, 0, 3
33, 64, 1, 0, 3
33, 64, 1, 0, 3
33, 64, 1, 0, 3
33, 64, 1, 0, 3
33, 64, 1, 0, 3
33, 64, 1, 0, 3
33, 64, 1, 0, 3
33, 64, 1, 0, 3
33, 64, 1, 0, 3
33, 64, 1, 0, 3
33, 64, 1, 0, 3
33, 64, 1, 0, 3
33, 64, 1, 0, 3
33, 64, 1, 0, 3
33, 64, 1, 0, 3
33, 64, 1, 0, 3
33, 64, 1, 0, 3
33, 64, 1, 0, 3
33, 64, 1, 0, 3
33, 64, 1, 0, 3
33, 64, 1, 0, 3
33, 64, 1, 0, 3
33, 64, 1, 0, 3
33, 64, 1, 0, 3
33, 64, 1, 0, 3
33, 64, 1, 0, 3
33, 3, 2, 4, 2
33, 3, 2, 4, 2
33, 3, 2, 4, 2
33, 3, 3, 4, 2
33, 3, 3, 4, 2
33, 3, 3, 4, 2
34, 88, 0, 1, 3
34, 88, 0, 1, 3
34, 88, 0, 1, 3
34, 88, 0, 1, 3
34, 88, 0, 1, 3
34, 88, 0, 1, 3
34, 88, 0, 1, 3
34, 88, 0, 1, 3
34, 88, 0, 1, 3
34, 88, 0, 1, 3
34, 88, 0, 1, 3
34, 88, 0, 1, 3
34, 88, 0, 1, 3
34, 88, 0, 1, 3
34, 88, 0, 1, 3
34, 88, 0, 1, 3
34, 88, 0, 1, 3
34, 88, 0, 1, 3
34, 88, 0, 1, 3
34, 88, 0, 1, 3
34, 88, 0, 1, 3
34, 88, 0, 1, 3
34, 88, 0, 1, 3
34, 88, 0, 1, 3
34, 88, 0, 1, 3
34, 88, 0, 1, 3
34, 88, 0, 1, 3
34, 88, 0, 1, 3
34, 88, 0, 1, 3
34, 88, 0, 1, 3
34, 88, 0, 1, 3
34, 88, 0, 1, 3
34, 88, 0, 1, 3
34, 88, 0, 1, 3
34, 88, 0, 1, 3
34, 88, 0, 1, 3
34, 88, 0, 1, 3
34, 88, 0, 1, 3
34, 88, 0, 1, 3
34, 88, 0, 1, 3
34, 88, 0, 1, 3
34, 88, 0, 1, 3
34, 88, 0, 1, 3
34, 88, 0, 1, 3
34, 88, 0, 1, 3
34, 88, 0, 1, 3
34, 88, 0, 1, 3
34, 88, 0, 1, 3
34, 88, 0, 1, 3
34, 88, 0, 1, 3
34, 88, 0, 1, 3
34, 88, 0, 1, 3
34, 88, 0, 1, 3
34, 88, 0, 1, 3
34, 88, 0, 1, 3
34, 88, 0, 1, 3
34, 88, 0, 1, 3
34, 88, 0, 1, 3
34, 88, 0, 1, 3
34, 88, 0, 1, 3
34, 88, 0, 1, 3
34, 88, 0, 1, 3
34, 88, 0, 1, 3
34, 88, 0, 1, 3
34, 88, 0, 1, 3
34, 88, 0, 1, 3
34, 88, 0, 1, 3
34, 88, 0, 1, 3
34, 88, 0, 1, 3
34, 88, 0, 1, 3
34, 88, 0, 1, 3
34, 88, 0, 1, 3
34, 88, 0, 1, 3
34, 88, 0, 1, 3
34, 88, 0, 1, 3
34, 88, 0, 1, 3
34, 88, 0, 1, 3
34, 88, 0, 1, 3
34, 88, 0, 1, 3
34, 88, 0, 1, 3
34, 88, 0, 1, 3
34, 88, 0, 1, 3
34, 88, 0, 1, 3
34, 88, 0, 1, 3
34, 88, 0, 1, 3
34, 88, 0, 1, 3
34, 88, 0, 1, 3
34, 88, 0, 1, 3
35, 88, 0, 1, 3
35, 88, 0, 1, 3
35, 88, 0, 1, 3
35, 88, 0, 1, 3
35, 88, 0, 1, 3
35, 88, 0, 1, 3
35, 88, 0, 1, 3
35, 88, 0, 1, 3
35, 88, 0, 1, 3
35, 88, 0, 1, 3
35, 88, 0, 1, 3
35, 88, 0, 1, 3
35, 88, 0, 1, 3
35, 88, 0, 1, 3
35, 88, 0, 1, 3
35, 88, 0, 1, 3
35, 88, 0, 1, 3
35, 88, 0, 1, 3
35, 88, 0, 1, 3
35, 88, 0, 1, 3
35, 88, 0, 1, 3
35, 88, 0, 1, 3
35, 88, 0, 1, 3
35, 88, 0, 1, 3
35, 88, 0, 1, 3
35, 88, 0, 1, 3
35, 88, 0, 1, 3
35, 88, 0, 1, 3
35, 88, 0, 1, 3
35, 88, 0, 1, 3
35, 88, 0, 1, 3
35, 88, 0, 1, 3
35, 88, 0, 1, 3
35, 88, 0, 1, 3
35, 88, 0, 1, 3
35, 88, 0, 1, 3
35, 88, 0, 1, 3
35, 88, 0, 1, 3
35, 88, 0, 1, 3
35, 88, 0, 1, 3
35, 88, 0, 1, 3
35, 88, 0, 1, 3
35, 88, 0, 1, 3
35, 88, 0, 1, 3
35, 88, 0, 1, 3
35, 88, 0, 1, 3
35, 88, 0, 1, 3
35, 88, 0, 1, 3
35, 88, 0, 1, 3
35, 88, 0, 1, 3
35, 88, 0, 1, 3
35, 88, 0, 1, 3
35, 88, 0, 1, 3
35, 88, 0, 1, 3
35, 88, 0, 1, 3
35, 88, 0, 1, 3
35, 88, 0, 1, 3
35, 88, 0, 1, 3
35, 88, 0, 1, 3
35, 88, 0, 1, 3
35, 88, 0, 1, 3
35, 88, 0, 1, 3
35, 88, 0, 1, 3
35, 88, 0, 1, 3
35, 88, 0, 1, 3
35, 88, 0, 1, 3
35, 88, 0, 1, 3
35, 88, 0, 1, 3
35, 88, 0, 1, 3
35, 88, 0, 1, 3
35, 88, 0, 1, 3
35, 88, 0, 1, 3
35, 88, 0, 1, 3
35, 88, 0, 1, 3
35, 88, 0, 1, 3
35, 88, 0, 1, 3
35, 88, 0, 1, 3
35, 88, 0, 1, 3
35, 88, 0, 1, 3
35, 88, 0, 1, 3
35, 88, 0, 1, 3
35, 88, 0, 1, 3
35, 88, 0, 1, 3
35, 88, 0, 1, 3
35, 88, 0, 1, 3
35, 88, 0, 1, 3
35, 88, 0, 1, 3
35, 88, 0, 1, 3
36, 88, 0, 1, 3
36, 88, 0, 1, 3
36, 88, 0, 1, 3
36, 88, 0, 1, 3
36, 88, 0, 1, 3
36, 88, 0, 1, 3
36, 88, 0, 1, 3
36, 88, 0, 1, 3
36, 88, 0, 1, 3
36, 88, 0, 1, 3
36, 88, 0, 1, 3
36, 88, 0, 1, 3
36, 88, 0, 1, 3
36, 88, 0, 1, 3
36, 88, 0, 1, 3
36, 88, 0, 1, 3
36, 88, 0, 1, 3
36, 88, 0, 1, 3
36, 88, 0, 1, 3
36, 88, 0, 1, 3
36, 88, 0, 1, 3
36, 88, 0, 1, 3
36, 88, 0, 1, 3
36, 88, 0, 1, 3
36, 88, 0, 1, 3
36, 88, 0, 1, 3
36, 88, 0, 1, 3
36, 88, 0, 1, 3
36, 88, 0, 1, 3
36, 88, 0, 1, 3
36, 88, 0, 1, 3
36, 88, 0, 1, 3
36, 88, 0, 1, 3
36, 88, 0, 1, 3
36, 88, 0, 1, 3
36, 88, 0, 1, 3
36, 88, 0, 1, 3
36, 88, 0, 1, 3
36, 88, 0, 1, 3
36, 88, 0, 1, 3
36, 88, 0, 1, 3
36, 88, 0, 1, 3
36, 88, 0, 1, 3
36, 88, 0, 1, 3
36, 88, 0, 1, 3
36, 88, 0, 1, 3
36, 88, 0, 1, 3
36, 88, 0, 1, 3
36, 88, 0, 1, 3
36, 88, 0, 1, 3
36, 88, 0, 1, 3
36, 88, 0, 1, 3
36, 88, 0, 1, 3
36, 88, 0, 1, 3
36, 88, 0, 1, 3
36, 88, 0, 1, 3
36, 88, 0, 1, 3
36, 88, 0, 1, 3
36, 88, 0, 1, 3
36, 88, 0, 1, 3
36, 88, 0, 1, 3
36, 88, 0, 1, 3
36, 88, 0, 1, 3
36, 88, 0, 1, 3
36, 88, 0, 1, 3
36, 88, 0, 1, 3
36, 88, 0, 1, 3
36, 88, 0, 1, 3
36, 88, 0, 1, 3
36, 88, 0, 1, 3
36, 88, 0, 1, 3
36, 88, 0, 1, 3
36, 88, 0, 1, 3
36, 88, 0, 1, 3
36, 88, 0, 1, 3
36, 88, 0, 1, 3
36, 88, 0, 1, 3
36, 88, 0, 1, 3
36, 88, 0, 1, 3
36, 88, 0, 1, 3
36, 88, 0, 1, 3
36, 88, 0, 1, 3
36, 88, 0, 1, 3
36, 88, 0, 1, 3
36, 88, 0, 1, 3
36, 88, 0, 1, 3
36, 88, 0, 1, 3
36, 88, 0, 1, 3
37, 88, 0, 1, 3
37, 88, 0, 1, 3
37, 88, 0, 1, 3
37, 88, 0, 1, 3
37, 88, 0, 1, 3
37, 88, 0, 1, 3
37, 88, 0, 1, 3
37, 88, 0, 1, 3
37, 88, 0, 1, 3
37, 88, 0, 1, 3
37, 88, 0, 1, 3
37, 88, 0, 1, 3
37, 88, 0, 1, 3
37, 88, 0, 1, 3
37, 88, 0, 1, 3
37, 88, 0, 1, 3
37, 88, 0, 1, 3
37, 88, 0, 1, 3
37, 88, 0, 1, 3
37, 88, 0, 1, 3
37, 88, 0, 1, 3
37, 88, 0, 1, 3
37, 88, 0, 1, 3
37, 88, 0, 1, 3
37, 88, 0, 1, 3
37, 88, 0, 1, 3
37, 88, 0, 1, 3
37, 88, 0, 1, 3
37, 88, 0, 1, 3
37, 88, 0, 1, 3
37, 88, 0, 1, 3
37, 88, 0, 1, 3
37, 88, 0, 1, 3
37, 88, 0, 1, 3
37, 88, 0, 1, 3
37, 88, 0, 1, 3
37, 88, 0, 1, 3
37, 88, 0, 1, 3
37, 88, 0, 1, 3
37, 88, 0, 1, 3
37, 88, 0, 1, 3
37, 88, 0, 1, 3
37, 88, 0, 1, 3
37, 88, 0, 1, 3
37, 88, 0, 1, 3
37, 88, 0, 1, 3
37, 88, 0, 1, 3
37, 88, 0, 1, 3
37, 88, 0, 1, 3
37, 88, 0, 1, 3
37, 88, 0, 1, 3
37, 88, 0, 1, 3
37, 88, 0, 1, 3
37, 88, 0, 1, 3
37, 88, 0, 1, 3
37, 88, 0, 1, 3
37, 88, 0, 1, 3
37, 88, 0, 1, 3
37, 88, 0, 1, 3
37, 88, 0, 1, 3
37, 88, 0, 1, 3
37, 88, 0, 1, 3
37, 88, 0, 1, 3
37, 88, 0, 1, 3
37, 88, 0, 1, 3
37, 88, 0, 1, 3
37, 88, 0, 1, 3
37, 88, 0, 1, 3
37, 88, 0, 1, 3
37, 88, 0, 1, 3
37, 88, 0, 1, 3
37, 88, 0, 1, 3
37, 88, 0, 1, 3
37, 88, 0, 1, 3
37, 88, 0, 1, 3
37, 88, 0, 1, 3
37, 88, 0, 1, 3
37, 88, 0, 1, 3
37, 88, 0, 1, 3
37, 88, 0, 1, 3
37, 88, 0, 1, 3
37, 88, 0, 1, 3
37, 88, 0, 1, 3
37, 88, 0, 1, 3
37, 88, 0, 1, 3
37, 88, 0, 1, 3
37, 88, 0, 1, 3
37, 88, 0, 1, 3
38, 88, 0, 1, 3
38, 88, 0, 1, 3
38, 88, 0, 1, 3
38, 88, 0, 1, 3
38, 88, 0, 1, 3
38, 88, 0, 1, 3
38, 88, 0, 1, 3
38, 88, 0, 1, 3
38, 88, 0, 1, 3
38, 88, 0, 1, 3
38, 88, 0, 1, 3
38, 88, 0, 1, 3
38, 88, 0, 1, 3
38, 88, 0, 1, 3
38, 88, 0, 1, 3
38, 88, 0, 1, 3
38, 88, 0, 1, 3
38, 88, 0, 1, 3
38, 88, 0, 1, 3
38, 88, 0, 1, 3
38, 88, 0, 1, 3
38, 88, 0, 1, 3
38, 88, 0, 1, 3
38, 88, 0, 1, 3
38, 88, 0, 1, 3
38, 88, 0, 1, 3
38, 88, 0, 1, 3
38, 88, 0, 1, 3
38, 88, 0, 1, 3
38, 88, 0, 1, 3
38, 88, 0, 1, 3
38, 88, 0, 1, 3
38, 88, 0, 1, 3
38, 88, 0, 1, 3
38, 88, 0, 1, 3
38, 88, 0, 1, 3
38, 88, 0, 1, 3
38, 88, 0, 1, 3
38, 88, 0, 1, 3
38, 88, 0, 1, 3
38, 88, 0, 1, 3
38, 88, 0, 1, 3
38, 88, 0, 1, 3
38, 88, 0, 1, 3
38, 88, 0, 1, 3
38, 88, 0, 1, 3
38, 88, 0, 1, 3
38, 88, 0, 1, 3
38, 88, 0, 1, 3
38, 88, 0, 1, 3
38, 88, 0, 1, 3
38, 88, 0, 1, 3
38, 88, 0, 1, 3
38, 88, 0, 1, 3
38, 88, 0, 1, 3
38, 88, 0, 1, 3
38, 88, 0, 1, 3
38, 88, 0, 1, 3
38, 88, 0, 1, 3
38, 88, 0, 1, 3
38, 88, 0, 1, 3
38, 88, 0, 1, 3
38, 88, 0, 1, 3
38, 88, 0, 1, 3
38, 88, 0, 1, 3
38, 88, 0, 1, 3
38, 88, 0, 1, 3
38, 88, 0, 1, 3
38, 88, 0, 1, 3
38, 88, 0, 1, 3
38, 88, 0, 1, 3
38, 88, 0, 1, 3
38, 88, 0, 1, 3
38, 88, 0, 1, 3
38, 88, 0, 1, 3
38, 88, 0, 1, 3
38, 88, 0, 1, 3
38, 88, 0, 1, 3
38, 88, 0, 1, 3
38, 88, 0, 1, 3
38, 88, 0, 1, 3
38, 88, 0, 1, 3
38, 88, 0, 1, 3
38, 88, 0, 1, 3
38, 88, 0, 1, 3
38, 88, 0, 1, 3
38, 88, 0, 1, 3
38, 88, 0, 1, 3
39, 88, 0, 1, 3
39, 88, 0, 1, 3
39, 88, 0, 1, 3
39, 88, 0, 1, 3
39, 88, 0, 1, 3
39, 88, 0, 1, 3
39, 88, 0, 1, 3
39, 88, 0, 1, 3
39, 88, 0, 1, 3
39, 88, 0, 1, 3
39, 88, 0, 1, 3
39, 88, 0, 1, 3
39, 88, 0, 1, 3
39, 88, 0, 1, 3
39, 88, 0, 1, 3
39, 88, 0, 1, 3
39, 88, 0, 1, 3
39, 88, 0, 1, 3
39, 88, 0, 1, 3
39, 88, 0, 1, 3
39, 88, 0, 1, 3
39, 88, 0, 1, 3
39, 88, 0, 1, 3
39, 88, 0, 1, 3
39, 88, 0, 1, 3
39, 88, 0, 1, 3
39, 88, 0, 1, 3
39, 88, 0, 1, 3
39, 88, 0, 1, 3
39, 88, 0, 1, 3
39, 88, 0, 1, 3
39, 88, 0, 1, 3
39, 88, 0, 1, 3
39, 88, 0, 1, 3
39, 88, 0, 1, 3
39, 88, 0, 1, 3
39, 88, 0, 1, 3
39, 88, 0, 1, 3
39, 88, 0, 1, 3
39, 88, 0, 1, 3
39, 88, 0, 1, 3
39, 88, 0, 1, 3
39, 88, 0, 1, 3
39, 88, 0, 1, 3
39, 88, 0, 1, 3
39, 88, 0, 1, 3
39, 88, 0, 1, 3
39, 88, 0, 1, 3
39, 88, 0, 1, 3
39, 88, 0, 1, 3
39, 88, 0, 1, 3
39, 88, 0, 1, 3
39, 88, 0, 1, 3
39, 88, 0, 1, 3
39, 88, 0, 1, 3
39, 88, 0, 1, 3
39, 88, 0, 1, 3
39, 88, 0, 1, 3
39, 88, 0, 1, 3
39, 88, 0, 1, 3
39, 88, 0, 1, 3
39, 88, 0, 1, 3
39, 88, 0, 1, 3
39, 88, 0, 1, 3
39, 88, 0, 1, 3
39, 88, 0, 1, 3
39, 88, 0, 1, 3
39, 88, 0, 1, 3
39, 88, 0, 1, 3
39, 88, 0, 1, 3
39, 88, 0, 1, 3
39, 88, 0, 1, 3
39, 88, 0, 1, 3
39, 88, 0, 1, 3
39, 88, 0, 1, 3
39, 88, 0, 1, 3
39, 88, 0, 1, 3
39, 88, 0, 1, 3
39, 88, 0, 1, 3
39, 88, 0, 1, 3
39, 88, 0, 1, 3
39, 88, 0, 1, 3
39, 88, 0, 1, 3
39, 88, 0, 1, 3
39, 88, 0, 1, 3
39, 88, 0, 1, 3
39, 88, 0, 1, 3
39, 88, 0, 1, 3
40, 22, 1, 0, 3
40, 22, 1, 0, 3
40, 22, 1, 0, 3
40, 22, 1, 0, 3
40, 22, 1, 0, 3
40, 22, 1, 0, 3
40, 22, 1, 0, 3
40, 22, 1, 0, 3
40, 22, 1, 0, 3
40, 22, 1, 0, 3
40, 22, 1, 0, 3
40, 22, 1, 0, 3
40, 22, 1, 0, 3
40, 22, 1, 0, 3
40, 22, 1, 0, 3
40, 22, 1, 0, 3
40, 22, 1, 0, 3
40, 22, 1, 0, 3
40, 22, 1, 0, 3
40, 22, 1, 0, 3
40, 22, 1, 0, 3
40, 22, 1, 0, 3
41, 22, 1, 0, 3
41, 22, 1, 0, 3
41, 22, 1, 0, 3
41, 22, 1, 0, 3
41, 22, 1, 0, 3
41, 22, 1, 0, 3
41, 22, 1, 0, 3
41, 22, 1, 0, 3
41, 22, 1, 0, 3
41, 22, 1, 0, 3
41, 22, 1, 0, 3
41, 22, 1, 0, 3
41, 22, 1, 0, 3
41, 22, 1, 0, 3
41, 22, 1, 0, 3
41, 22, 1, 0, 3
41, 22, 1, 0, 3
41, 22, 1, 0, 3
41, 22, 1, 0, 3
41, 22, 1, 0, 3
41, 22, 1, 0, 3
41, 22, 1, 0, 3
42, 22, 1, 0, 3
42, 22, 1, 0, 3
42, 22, 1, 0, 3
42, 22, 1, 0, 3
42, 22, 1, 0, 3
42, 22, 1, 0, 3
42, 22, 1, 0, 3
42, 22, 1, 0, 3
42, 22, 1, 0, 3
42, 22, 1, 0, 3
42, 22, 1, 0, 3
42, 22, 1, 0, 3
42, 22, 1, 0, 3
42, 22, 1, 0, 3
42, 22, 1, 0, 3
42, 22, 1, 0, 3
42, 22, 1, 0, 3
42, 22, 1, 0, 3
42, 22, 1, 0, 3
42, 22, 1, 0, 3
42, 22, 1, 0, 3
42, 22, 1, 0, 3
43, 22, 1, 0, 3
43, 22, 1, 0, 3
43, 22, 1, 0, 3
43, 22, 1, 0, 3
43, 22, 1, 0, 3
43, 22, 1, 0, 3
43, 22, 1, 0, 3
43, 22, 1, 0, 3
43, 22, 1, 0, 3
43, 22, 1, 0, 3
43, 22, 1, 0, 3
43, 22, 1, 0, 3
43, 22, 1, 0, 3
43, 22, 1, 0, 3
43, 22, 1, 0, 3
43, 22, 1, 0, 3
43, 22, 1, 0, 3
43, 22, 1, 0, 3
43, 22, 1, 0, 3
43, 22, 1, 0, 3
43, 22, 1, 0, 3
43, 22, 1, 0, 3
44, 22, 1, 0, 3
44, 22, 1, 0, 3
44, 22, 1, 0, 3
44, 22, 1, 0, 3
44, 22, 1, 0, 3
44, 22, 1, 0, 3
44, 22, 1, 0, 3
44, 22, 1, 0, 3
44, 22, 1, 0, 3
44, 22, 1, 0, 3
44, 22, 1, 0, 3
44, 22, 1, 0, 3
44, 22, 1, 0, 3
44, 22, 1, 0, 3
44, 22, 1, 0, 3
44, 22, 1, 0, 3
44, 22, 1, 0, 3
44, 22, 1, 0, 3
44, 22, 1, 0, 3
44, 22, 1, 0, 3
44, 22, 1, 0, 3
44, 22, 1, 0, 3
45, 22, 1, 0, 4
45, 22, 1, 0, 4
45, 22, 1, 0, 4
45, 22, 1, 0, 4
45, 22, 1, 0, 4
45, 22, 1, 0, 4
45, 22, 1, 0, 4
45, 22, 1, 0, 4
45, 22, 1, 0, 4
45, 22, 1, 0, 4
45, 22, 1, 0, 4
45, 22, 1, 0, 4
45, 22, 1, 0, 4
45, 22, 1, 0, 4
45, 22, 1, 0, 4
45, 22, 1, 0, 4
45, 22, 1, 0, 4
45, 22, 1, 0, 4
45, 22, 1, 0, 4
45, 22, 1, 0, 4
45, 22, 1, 0, 4
45, 22, 1, 0, 4
46, 22, 1, 0, 4
46, 22, 1, 0, 4
46, 22, 1, 0, 4
46, 22, 1, 0, 4
46, 22, 1, 0, 4
46, 22, 1, 0, 4
46, 22, 1, 0, 4
46, 22, 1, 0, 4
46, 22, 1, 0, 4
46, 22, 1, 0, 4
46, 22, 1, 0, 4
46, 22, 1, 0, 4
46, 22, 1, 0, 4
46, 22, 1, 0, 4
46, 22, 1, 0, 4
46, 22, 1, 0, 4
46, 22, 1, 0, 4
46, 22, 1, 0, 4
46, 22, 1, 0, 4
46, 22, 1, 0, 4
46, 22, 1, 0, 4
46, 22, 1, 0, 4
47, 22, 1, 0, 4
47, 22, 1, 0, 4
47, 22, 1, 0, 4
47, 22, 1, 0, 4
47, 22, 1, 0, 4
47, 22, 1, 0, 4
47, 22, 1, 0, 4
47, 22, 1, 0, 4
47, 22, 1, 0, 4
47, 22, 1, 0, 4
47, 22, 1, 0, 4
47, 22, 1, 0, 4
47, 22, 1, 0, 4
47, 22, 1, 0, 4
47, 22, 1, 0, 4
47, 22, 1, 0, 4
47, 22, 1, 0, 4
47, 22, 1, 0, 4
47, 22, 1, 0, 4
47, 22, 1, 0, 4
47, 22, 1, 0, 4
47, 22, 1, 0, 4
Goal
40
41
42
43
44
45
46
47
