CG
25
0, 24, 24, 2
0, 24, 23, 3
0, 24, 22, 3
0, 24, 21, 3
0, 24, 20, 2
0, 24, 19, 3
0, 24, 18, 4
0, 24, 17, 4
0, 24, 16, 4
0, 24, 15, 3
0, 24, 14, 3
0, 24, 13, 4
0, 24, 12, 4
0, 24, 11, 3
0, 24, 10, 3
0, 24, 9, 4
0, 24, 8, 4
0, 24, 7, 4
0, 24, 6, 3
0, 24, 5, 2
0, 24, 4, 3
0, 24, 3, 3
0, 24, 2, 3
0, 24, 1, 2
DTG
0, 2, 0, 1, 1
0, 2, 0, 5, 1
0, 3, 1, 0, 1
0, 3, 1, 2, 1
0, 3, 1, 6, 1
0, 3, 2, 1, 1
0, 3, 2, 3, 1
0, 3, 2, 7, 1
0, 3, 3, 2, 1
0, 3, 3, 4, 1
0, 3, 3, 8, 1
0, 2, 4, 3, 1
0, 2, 4, 9, 1
0, 3, 5, 0, 1
0, 3, 5, 6, 1
0, 3, 5, 10, 1
0, 4, 6, 1, 1
0, 4, 6, 5, 1
0, 4, 6, 7, 1
0, 4, 6, 11, 1
0, 4, 7, 2, 1
0, 4, 7, 6, 1
0, 4, 7, 8, 1
0, 4, 7, 12, 1
0, 4, 8, 3, 1
0, 4, 8, 7, 1
0, 4, 8, 9, 1
0, 4, 8, 13, 1
0, 3, 9, 4, 1
0, 3, 9, 8, 1
0, 3, 9, 14, 1
0, 3, 10, 5, 1
0, 3, 10, 11, 1
0, 3, 10, 15, 1
0, 4, 11, 6, 1
0, 4, 11, 10, 1
0, 4, 11, 12, 1
0, 4, 11, 16, 1
0, 4, 12, 7, 1
0, 4, 12, 11, 1
0, 4, 12, 13, 1
0, 4, 12, 17, 1
0, 4, 13, 8, 1
0, 4, 13, 12, 1
0, 4, 13, 14, 1
0, 4, 13, 18, 1
0, 3, 14, 9, 1
0, 3, 14, 13, 1
0, 3, 14, 19, 1
0, 3, 15, 10, 1
0, 3, 15, 16, 1
0, 3, 15, 20, 1
0, 4, 16, 11, 1
0, 4, 16, 15, 1
0, 4, 16, 17, 1
0, 4, 16, 21, 1
0, 4, 17, 12, 1
0, 4, 17, 16, 1
0, 4, 17, 18, 1
0, 4, 17, 22, 1
0, 4, 18, 13, 1
0, 4, 18, 17, 1
0, 4, 18, 19, 1
0, 4, 18, 23, 1
0, 3, 19, 14, 1
0, 3, 19, 18, 1
0, 3, 19, 24, 1
0, 2, 20, 15, 1
0, 2, 20, 21, 1
0, 3, 21, 16, 1
0, 3, 21, 20, 1
0, 3, 21, 22, 1
0, 3, 22, 17, 1
0, 3, 22, 21, 1
0, 3, 22, 23, 1
0, 3, 23, 18, 1
0, 3, 23, 22, 1
0, 3, 23, 24, 1
0, 2, 24, 19, 1
0, 2, 24, 23, 1
1, 2, 1, 0, 2
1, 2, 1, 0, 2
2, 3, 1, 0, 2
2, 3, 1, 0, 2
2, 3, 1, 0, 2
3, 3, 1, 0, 2
3, 3, 1, 0, 2
3, 3, 1, 0, 2
4, 3, 1, 0, 2
4, 3, 1, 0, 2
4, 3, 1, 0, 2
5, 2, 1, 0, 2
5, 2, 1, 0, 2
6, 3, 1, 0, 2
6, 3, 1, 0, 2
6, 3, 1, 0, 2
7, 4, 1, 0, 2
7, 4, 1, 0, 2
7, 4, 1, 0, 2
7, 4, 1, 0, 2
8, 4, 1, 0, 2
8, 4, 1, 0, 2
8, 4, 1, 0, 2
8, 4, 1, 0, 2
9, 4, 1, 0, 2
9, 4, 1, 0, 2
9, 4, 1, 0, 2
9, 4, 1, 0, 2
10, 3, 1, 0, 2
10, 3, 1, 0, 2
10, 3, 1, 0, 2
11, 3, 1, 0, 2
11, 3, 1, 0, 2
11, 3, 1, 0, 2
12, 4, 1, 0, 2
12, 4, 1, 0, 2
12, 4, 1, 0, 2
12, 4, 1, 0, 2
13, 4, 1, 0, 2
13, 4, 1, 0, 2
13, 4, 1, 0, 2
13, 4, 1, 0, 2
14, 3, 1, 0, 2
14, 3, 1, 0, 2
14, 3, 1, 0, 2
15, 3, 1, 0, 2
15, 3, 1, 0, 2
15, 3, 1, 0, 2
16, 4, 1, 0, 2
16, 4, 1, 0, 2
16, 4, 1, 0, 2
16, 4, 1, 0, 2
17, 4, 1, 0, 2
17, 4, 1, 0, 2
17, 4, 1, 0, 2
17, 4, 1, 0, 2
18, 4, 1, 0, 2
18, 4, 1, 0, 2
18, 4, 1, 0, 2
18, 4, 1, 0, 2
19, 3, 1, 0, 2
19, 3, 1, 0, 2
19, 3, 1, 0, 2
20, 2, 1, 0, 2
20, 2, 1, 0, 2
21, 3, 1, 0, 2
21, 3, 1, 0, 2
21, 3, 1, 0, 2
22, 3, 1, 0, 2
22, 3, 1, 0, 2
22, 3, 1, 0, 2
23, 3, 1, 0, 2
23, 3, 1, 0, 2
23, 3, 1, 0, 2
24, 2, 1, 0, 2
24, 2, 1, 0, 2
Goal
1
2
3
4
5
6
7
8
9
10
11
12
13
14
15
16
17
18
19
20
21
22
23
24
