CG
256
0, 255, 255, 2
0, 255, 254, 3
0, 255, 253, 3
0, 255, 252, 3
0, 255, 251, 3
0, 255, 250, 3
0, 255, 249, 3
0, 255, 248, 2
0, 255, 247, 3
0, 255, 246, 3
0, 255, 245, 3
0, 255, 244, 3
0, 255, 243, 3
0, 255, 242, 3
0, 255, 241, 3
0, 255, 240, 3
0, 255, 239, 3
0, 255, 238, 4
0, 255, 237, 4
0, 255, 236, 4
0, 255, 235, 4
0, 255, 234, 4
0, 255, 233, 4
0, 255, 232, 3
0, 255, 231, 4
0, 255, 230, 4
0, 255, 229, 4
0, 255, 228, 4
0, 255, 227, 4
0, 255, 226, 4
0, 255, 225, 4
0, 255, 224, 4
0, 255, 223, 3
0, 255, 222, 4
0, 255, 221, 4
0, 255, 220, 4
0, 255, 219, 4
0, 255, 218, 4
0, 255, 217, 4
0, 255, 216, 3
0, 255, 215, 4
0, 255, 214, 4
0, 255, 213, 4
0, 255, 212, 4
0, 255, 211, 4
0, 255, 210, 4
0, 255, 209, 4
0, 255, 208, 4
0, 255, 207, 3
0, 255, 206, 4
0, 255, 205, 4
0, 255, 204, 4
0, 255, 203, 4
0, 255, 202, 4
0, 255, 201, 4
0, 255, 200, 3
0, 255, 199, 4
0, 255, 198, 4
0, 255, 197, 4
0, 255, 196, 4
0, 255, 195, 4
0, 255, 194, 4
0, 255, 193, 4
0, 255, 192, 4
0, 255, 191, 3
0, 255, 190, 4
0, 255, 189, 4
0, 255, 188, 4
0, 255, 187, 4
0, 255, 186, 4
0, 255, 185, 4
0, 255, 184, 3
0, 255, 183, 4
0, 255, 182, 4
0, 255, 181, 4
0, 255, 180, 4
0, 255, 179, 4
0, 255, 178, 4
0, 255, 177, 4
0, 255, 176, 4
0, 255, 175, 3
0, 255, 174, 4
0, 255, 173, 4
0, 255, 172, 4
0, 255, 171, 4
0, 255, 170, 4
0, 255, 169, 4
0, 255, 168, 3
0, 255, 167, 4
0, 255, 166, 4
0, 255, 165, 4
0, 255, 164, 4
0, 255, 163, 4
0, 255, 162, 4
0, 255, 161, 4
0, 255, 160, 4
0, 255, 159, 3
0, 255, 158, 4
0, 255, 157, 4
0, 255, 156, 4
0, 255, 155, 4
0, 255, 154, 4
0, 255, 153, 4
0, 255, 152, 3
0, 255, 151, 4
0, 255, 150, 4
0, 255, 149, 4
0, 255, 148, 4
0, 255, 147, 4
0, 255, 146, 4
0, 255, 145, 4
0, 255, 144, 4
0, 255, 143, 2
0, 255, 142, 3
0, 255, 141, 3
0, 255, 140, 3
0, 255, 139, 3
0, 255, 138, 3
0, 255, 137, 3
0, 255, 136, 2
0, 255, 135, 3
0, 255, 134, 3
0, 255, 133, 3
0, 255, 132, 3
0, 255, 131, 3
0, 255, 130, 3
0, 255, 129, 3
0, 255, 128, 3
0, 255, 127, 3
0, 255, 126, 4
0, 255, 125, 4
0, 255, 124, 4
0, 255, 123, 4
0, 255, 122, 4
0, 255, 121, 4
0, 255, 120, 3
0, 255, 119, 4
0, 255, 118, 4
0, 255, 117, 4
0, 255, 116, 4
0, 255, 115, 4
0, 255, 114, 4
0, 255, 113, 4
0, 255, 112, 4
0, 255, 111, 3
0, 255, 110, 4
0, 255, 109, 4
0, 255, 108, 4
0, 255, 107, 4
0, 255, 106, 4
0, 255, 105, 4
0, 255, 104, 3
0, 255, 103, 4
0, 255, 102, 4
0, 255, 101, 4
0, 255, 100, 4
0, 255, 99, 4
0, 255, 98, 4
0, 255, 97, 4
0, 255, 96, 4
0, 255, 95, 3
0, 255, 94, 4
0, 255, 93, 4
0, 255, 92, 4
0, 255, 91, 4
0, 255, 90, 4
0, 255, 89, 4
0, 255, 88, 3
0, 255, 87, 4
0, 255, 86, 4
0, 255, 85, 4
0, 255, 84, 4
0, 255, 83, 4
0, 255, 82, 4
0, 255, 81, 4
0, 255, 80, 4
0, 255, 79, 3
0, 255, 78, 4
0, 255, 77, 4
0, 255, 76, 4
0, 255, 75, 4
0, 255, 74, 4
0, 255, 73, 4
0, 255, 72, 3
0, 255, 71, 4
0, 255, 70, 4
0, 255, 69, 4
0, 255, 68, 4
0, 255, 67, 4
0, 255, 66, 4
0, 255, 65, 4
0, 255, 64, 4
0, 255, 63, 3
0, 255, 62, 4
0, 255, 61, 4
0, 255, 60, 4
0, 255, 59, 4
0, 255, 58, 4
0, 255, 57, 4
0, 255, 56, 3
0, 255, 55, 4
0, 255, 54, 4
0, 255, 53, 4
0, 255, 52, 4
0, 255, 51, 4
0, 255, 50, 4
0, 255, 49, 4
0, 255, 48, 4
0, 255, 47, 3
0, 255, 46, 4
0, 255, 45, 4
0, 255, 44, 4
0, 255, 43, 4
0, 255, 42, 4
0, 255, 41, 4
0, 255, 40, 3
0, 255, 39, 4
0, 255, 38, 4
0, 255, 37, 4
0, 255, 36, 4
0, 255, 35, 4
0, 255, 34, 4
0, 255, 33, 4
0, 255, 32, 4
0, 255, 31, 3
0, 255, 30, 4
0, 255, 29, 4
0, 255, 28, 4
0, 255, 27, 4
0, 255, 26, 4
0, 255, 25, 4
0, 255, 24, 3
0, 255, 23, 4
0, 255, 22, 4
0, 255, 21, 4
0, 255, 20, 4
0, 255, 19, 4
0, 255, 18, 4
0, 255, 17, 4
0, 255, 16, 3
0, 255, 15, 4
0, 255, 14, 4
0, 255, 13, 4
0, 255, 12, 4
0, 255, 11, 4
0, 255, 10, 4
0, 255, 9, 3
0, 255, 8, 4
0, 255, 7, 4
0, 255, 6, 4
0, 255, 5, 4
0, 255, 4, 4
0, 255, 3, 4
0, 255, 2, 4
0, 255, 1, 4
DTG
0, 2, 0, 1, 1
0, 2, 0, 16, 1
0, 3, 1, 0, 1
0, 3, 1, 8, 1
0, 3, 1, 17, 1
0, 3, 2, 3, 1
0, 3, 2, 15, 1
0, 3, 2, 18, 1
0, 3, 3, 2, 1
0, 3, 3, 4, 1
0, 3, 3, 19, 1
0, 3, 4, 3, 1
0, 3, 4, 5, 1
0, 3, 4, 20, 1
0, 3, 5, 4, 1
0, 3, 5, 6, 1
0, 3, 5, 21, 1
0, 3, 6, 5, 1
0, 3, 6, 7, 1
0, 3, 6, 22, 1
0, 2, 7, 6, 1
0, 2, 7, 23, 1
0, 3, 8, 1, 1
0, 3, 8, 9, 1
0, 3, 8, 24, 1
0, 3, 9, 8, 1
0, 3, 9, 10, 1
0, 3, 9, 25, 1
0, 3, 10, 9, 1
0, 3, 10, 11, 1
0, 3, 10, 26, 1
0, 3, 11, 10, 1
0, 3, 11, 12, 1
0, 3, 11, 27, 1
0, 3, 12, 11, 1
0, 3, 12, 13, 1
0, 3, 12, 28, 1
0, 3, 13, 12, 1
0, 3, 13, 14, 1
0, 3, 13, 29, 1
0, 3, 14, 13, 1
0, 3, 14, 15, 1
0, 3, 14, 30, 1
0, 3, 15, 2, 1
0, 3, 15, 14, 1
0, 3, 15, 31, 1
0, 3, 16, 0, 1
0, 3, 16, 17, 1
0, 3, 16, 128, 1
0, 4, 17, 1, 1
0, 4, 17, 16, 1
0, 4, 17, 24, 1
0, 4, 17, 129, 1
0, 4, 18, 2, 1
0, 4, 18, 19, 1
0, 4, 18, 31, 1
0, 4, 18, 130, 1
0, 4, 19, 3, 1
0, 4, 19, 18, 1
0, 4, 19, 20, 1
0, 4, 19, 131, 1
0, 4, 20, 4, 1
0, 4, 20, 19, 1
0, 4, 20, 21, 1
0, 4, 20, 132, 1
0, 4, 21, 5, 1
0, 4, 21, 20, 1
0, 4, 21, 22, 1
0, 4, 21, 133, 1
0, 4, 22, 6, 1
0, 4, 22, 21, 1
0, 4, 22, 23, 1
0, 4, 22, 134, 1
0, 3, 23, 7, 1
0, 3, 23, 22, 1
0, 3, 23, 135, 1
0, 4, 24, 8, 1
0, 4, 24, 17, 1
0, 4, 24, 25, 1
0, 4, 24, 136, 1
0, 4, 25, 9, 1
0, 4, 25, 24, 1
0, 4, 25, 26, 1
0, 4, 25, 137, 1
0, 4, 26, 10, 1
0, 4, 26, 25, 1
0, 4, 26, 27, 1
0, 4, 26, 138, 1
0, 4, 27, 11, 1
0, 4, 27, 26, 1
0, 4, 27, 28, 1
0, 4, 27, 139, 1
0, 4, 28, 12, 1
0, 4, 28, 27, 1
0, 4, 28, 29, 1
0, 4, 28, 140, 1
0, 4, 29, 13, 1
0, 4, 29, 28, 1
0, 4, 29, 30, 1
0, 4, 29, 141, 1
0, 4, 30, 14, 1
0, 4, 30, 29, 1
0, 4, 30, 31, 1
0, 4, 30, 142, 1
0, 4, 31, 15, 1
0, 4, 31, 18, 1
0, 4, 31, 30, 1
0, 4, 31, 143, 1
0, 3, 32, 33, 1
0, 3, 32, 48, 1
0, 3, 32, 240, 1
0, 4, 33, 32, 1
0, 4, 33, 40, 1
0, 4, 33, 49, 1
0, 4, 33, 241, 1
0, 4, 34, 35, 1
0, 4, 34, 47, 1
0, 4, 34, 50, 1
0, 4, 34, 242, 1
0, 4, 35, 34, 1
0, 4, 35, 36, 1
0, 4, 35, 51, 1
0, 4, 35, 243, 1
0, 4, 36, 35, 1
0, 4, 36, 37, 1
0, 4, 36, 52, 1
0, 4, 36, 244, 1
0, 4, 37, 36, 1
0, 4, 37, 38, 1
0, 4, 37, 53, 1
0, 4, 37, 245, 1
0, 4, 38, 37, 1
0, 4, 38, 39, 1
0, 4, 38, 54, 1
0, 4, 38, 246, 1
0, 3, 39, 38, 1
0, 3, 39, 55, 1
0, 3, 39, 247, 1
0, 4, 40, 33, 1
0, 4, 40, 41, 1
0, 4, 40, 56, 1
0, 4, 40, 248, 1
0, 4, 41, 40, 1
0, 4, 41, 42, 1
0, 4, 41, 57, 1
0, 4, 41, 249, 1
0, 4, 42, 41, 1
0, 4, 42, 43, 1
0, 4, 42, 58, 1
0, 4, 42, 250, 1
0, 4, 43, 42, 1
0, 4, 43, 44, 1
0, 4, 43, 59, 1
0, 4, 43, 251, 1
0, 4, 44, 43, 1
0, 4, 44, 45, 1
0, 4, 44, 60, 1
0, 4, 44, 252, 1
0, 4, 45, 44, 1
0, 4, 45, 46, 1
0, 4, 45, 61, 1
0, 4, 45, 253, 1
0, 4, 46, 45, 1
0, 4, 46, 47, 1
0, 4, 46, 62, 1
0, 4, 46, 254, 1
0, 4, 47, 34, 1
0, 4, 47, 46, 1
0, 4, 47, 63, 1
0, 4, 47, 255, 1
0, 3, 48, 32, 1
0, 3, 48, 49, 1
0, 3, 48, 64, 1
0, 4, 49, 33, 1
0, 4, 49, 48, 1
0, 4, 49, 56, 1
0, 4, 49, 65, 1
0, 4, 50, 34, 1
0, 4, 50, 51, 1
0, 4, 50, 63, 1
0, 4, 50, 66, 1
0, 4, 51, 35, 1
0, 4, 51, 50, 1
0, 4, 51, 52, 1
0, 4, 51, 67, 1
0, 4, 52, 36, 1
0, 4, 52, 51, 1
0, 4, 52, 53, 1
0, 4, 52, 68, 1
0, 4, 53, 37, 1
0, 4, 53, 52, 1
0, 4, 53, 54, 1
0, 4, 53, 69, 1
0, 4, 54, 38, 1
0, 4, 54, 53, 1
0, 4, 54, 55, 1
0, 4, 54, 70, 1
0, 3, 55, 39, 1
0, 3, 55, 54, 1
0, 3, 55, 71, 1
0, 4, 56, 40, 1
0, 4, 56, 49, 1
0, 4, 56, 57, 1
0, 4, 56, 72, 1
0, 4, 57, 41, 1
0, 4, 57, 56, 1
0, 4, 57, 58, 1
0, 4, 57, 73, 1
0, 4, 58, 42, 1
0, 4, 58, 57, 1
0, 4, 58, 59, 1
0, 4, 58, 74, 1
0, 4, 59, 43, 1
0, 4, 59, 58, 1
0, 4, 59, 60, 1
0, 4, 59, 75, 1
0, 4, 60, 44, 1
0, 4, 60, 59, 1
0, 4, 60, 61, 1
0, 4, 60, 76, 1
0, 4, 61, 45, 1
0, 4, 61, 60, 1
0, 4, 61, 62, 1
0, 4, 61, 77, 1
0, 4, 62, 46, 1
0, 4, 62, 61, 1
0, 4, 62, 63, 1
0, 4, 62, 78, 1
0, 4, 63, 47, 1
0, 4, 63, 50, 1
0, 4, 63, 62, 1
0, 4, 63, 79, 1
0, 3, 64, 48, 1
0, 3, 64, 65, 1
0, 3, 64, 80, 1
0, 4, 65, 49, 1
0, 4, 65, 64, 1
0, 4, 65, 72, 1
0, 4, 65, 81, 1
0, 4, 66, 50, 1
0, 4, 66, 67, 1
0, 4, 66, 79, 1
0, 4, 66, 82, 1
0, 4, 67, 51, 1
0, 4, 67, 66, 1
0, 4, 67, 68, 1
0, 4, 67, 83, 1
0, 4, 68, 52, 1
0, 4, 68, 67, 1
0, 4, 68, 69, 1
0, 4, 68, 84, 1
0, 4, 69, 53, 1
0, 4, 69, 68, 1
0, 4, 69, 70, 1
0, 4, 69, 85, 1
0, 4, 70, 54, 1
0, 4, 70, 69, 1
0, 4, 70, 71, 1
0, 4, 70, 86, 1
0, 3, 71, 55, 1
0, 3, 71, 70, 1
0, 3, 71, 87, 1
0, 4, 72, 56, 1
0, 4, 72, 65, 1
0, 4, 72, 73, 1
0, 4, 72, 88, 1
0, 4, 73, 57, 1
0, 4, 73, 72, 1
0, 4, 73, 74, 1
0, 4, 73, 89, 1
0, 4, 74, 58, 1
0, 4, 74, 73, 1
0, 4, 74, 75, 1
0, 4, 74, 90, 1
0, 4, 75, 59, 1
0, 4, 75, 74, 1
0, 4, 75, 76, 1
0, 4, 75, 91, 1
0, 4, 76, 60, 1
0, 4, 76, 75, 1
0, 4, 76, 77, 1
0, 4, 76, 92, 1
0, 4, 77, 61, 1
0, 4, 77, 76, 1
0, 4, 77, 78, 1
0, 4, 77, 93, 1
0, 4, 78, 62, 1
0, 4, 78, 77, 1
0, 4, 78, 79, 1
0, 4, 78, 94, 1
0, 4, 79, 63, 1
0, 4, 79, 66, 1
0, 4, 79, 78, 1
0, 4, 79, 95, 1
0, 3, 80, 64, 1
0, 3, 80, 81, 1
0, 3, 80, 96, 1
0, 4, 81, 65, 1
0, 4, 81, 80, 1
0, 4, 81, 88, 1
0, 4, 81, 97, 1
0, 4, 82, 66, 1
0, 4, 82, 83, 1
0, 4, 82, 95, 1
0, 4, 82, 98, 1
0, 4, 83, 67, 1
0, 4, 83, 82, 1
0, 4, 83, 84, 1
0, 4, 83, 99, 1
0, 4, 84, 68, 1
0, 4, 84, 83, 1
0, 4, 84, 85, 1
0, 4, 84, 100, 1
0, 4, 85, 69, 1
0, 4, 85, 84, 1
0, 4, 85, 86, 1
0, 4, 85, 101, 1
0, 4, 86, 70, 1
0, 4, 86, 85, 1
0, 4, 86, 87, 1
0, 4, 86, 102, 1
0, 3, 87, 71, 1
0, 3, 87, 86, 1
0, 3, 87, 103, 1
0, 4, 88, 72, 1
0, 4, 88, 81, 1
0, 4, 88, 89, 1
0, 4, 88, 104, 1
0, 4, 89, 73, 1
0, 4, 89, 88, 1
0, 4, 89, 90, 1
0, 4, 89, 105, 1
0, 4, 90, 74, 1
0, 4, 90, 89, 1
0, 4, 90, 91, 1
0, 4, 90, 106, 1
0, 4, 91, 75, 1
0, 4, 91, 90, 1
0, 4, 91, 92, 1
0, 4, 91, 107, 1
0, 4, 92, 76, 1
0, 4, 92, 91, 1
0, 4, 92, 93, 1
0, 4, 92, 108, 1
0, 4, 93, 77, 1
0, 4, 93, 92, 1
0, 4, 93, 94, 1
0, 4, 93, 109, 1
0, 4, 94, 78, 1
0, 4, 94, 93, 1
0, 4, 94, 95, 1
0, 4, 94, 110, 1
0, 4, 95, 79, 1
0, 4, 95, 82, 1
0, 4, 95, 94, 1
0, 4, 95, 111, 1
0, 3, 96, 80, 1
0, 3, 96, 97, 1
0, 3, 96, 112, 1
0, 4, 97, 81, 1
0, 4, 97, 96, 1
0, 4, 97, 104, 1
0, 4, 97, 113, 1
0, 4, 98, 82, 1
0, 4, 98, 99, 1
0, 4, 98, 111, 1
0, 4, 98, 114, 1
0, 4, 99, 83, 1
0, 4, 99, 98, 1
0, 4, 99, 100, 1
0, 4, 99, 115, 1
0, 4, 100, 84, 1
0, 4, 100, 99, 1
0, 4, 100, 101, 1
0, 4, 100, 116, 1
0, 4, 101, 85, 1
0, 4, 101, 100, 1
0, 4, 101, 102, 1
0, 4, 101, 117, 1
0, 4, 102, 86, 1
0, 4, 102, 101, 1
0, 4, 102, 103, 1
0, 4, 102, 118, 1
0, 3, 103, 87, 1
0, 3, 103, 102, 1
0, 3, 103, 119, 1
0, 4, 104, 88, 1
0, 4, 104, 97, 1
0, 4, 104, 105, 1
0, 4, 104, 120, 1
0, 4, 105, 89, 1
0, 4, 105, 104, 1
0, 4, 105, 106, 1
0, 4, 105, 121, 1
0, 4, 106, 90, 1
0, 4, 106, 105, 1
0, 4, 106, 107, 1
0, 4, 106, 122, 1
0, 4, 107, 91, 1
0, 4, 107, 106, 1
0, 4, 107, 108, 1
0, 4, 107, 123, 1
0, 4, 108, 92, 1
0, 4, 108, 107, 1
0, 4, 108, 109, 1
0, 4, 108, 124, 1
0, 4, 109, 93, 1
0, 4, 109, 108, 1
0, 4, 109, 110, 1
0, 4, 109, 125, 1
0, 4, 110, 94, 1
0, 4, 110, 109, 1
0, 4, 110, 111, 1
0, 4, 110, 126, 1
0, 4, 111, 95, 1
0, 4, 111, 98, 1
0, 4, 111, 110, 1
0, 4, 111, 127, 1
0, 2, 112, 96, 1
0, 2, 112, 113, 1
0, 3, 113, 97, 1
0, 3, 113, 112, 1
0, 3, 113, 120, 1
0, 3, 114, 98, 1
0, 3, 114, 115, 1
0, 3, 114, 127, 1
0, 3, 115, 99, 1
0, 3, 115, 114, 1
0, 3, 115, 116, 1
0, 3, 116, 100, 1
0, 3, 116, 115, 1
0, 3, 116, 117, 1
0, 3, 117, 101, 1
0, 3, 117, 116, 1
0, 3, 117, 118, 1
0, 3, 118, 102, 1
0, 3, 118, 117, 1
0, 3, 118, 119, 1
0, 2, 119, 103, 1
0, 2, 119, 118, 1
0, 3, 120, 104, 1
0, 3, 120, 113, 1
0, 3, 120, 121, 1
0, 3, 121, 105, 1
0, 3, 121, 120, 1
0, 3, 121, 122, 1
0, 3, 122, 106, 1
0, 3, 122, 121, 1
0, 3, 122, 123, 1
0, 3, 123, 107, 1
0, 3, 123, 122, 1
0, 3, 123, 124, 1
0, 3, 124, 108, 1
0, 3, 124, 123, 1
0, 3, 124, 125, 1
0, 3, 125, 109, 1
0, 3, 125, 124, 1
0, 3, 125, 126, 1
0, 3, 126, 110, 1
0, 3, 126, 125, 1
0, 3, 126, 127, 1
0, 3, 127, 111, 1
0, 3, 127, 114, 1
0, 3, 127, 126, 1
0, 3, 128, 16, 1
0, 3, 128, 129, 1
0, 3, 128, 144, 1
0, 4, 129, 17, 1
0, 4, 129, 128, 1
0, 4, 129, 136, 1
0, 4, 129, 145, 1
0, 4, 130, 18, 1
0, 4, 130, 131, 1
0, 4, 130, 143, 1
0, 4, 130, 146, 1
0, 4, 131, 19, 1
0, 4, 131, 130, 1
0, 4, 131, 132, 1
0, 4, 131, 147, 1
0, 4, 132, 20, 1
0, 4, 132, 131, 1
0, 4, 132, 133, 1
0, 4, 132, 148, 1
0, 4, 133, 21, 1
0, 4, 133, 132, 1
0, 4, 133, 134, 1
0, 4, 133, 149, 1
0, 4, 134, 22, 1
0, 4, 134, 133, 1
0, 4, 134, 135, 1
0, 4, 134, 150, 1
0, 3, 135, 23, 1
0, 3, 135, 134, 1
0, 3, 135, 151, 1
0, 4, 136, 24, 1
0, 4, 136, 129, 1
0, 4, 136, 137, 1
0, 4, 136, 152, 1
0, 4, 137, 25, 1
0, 4, 137, 136, 1
0, 4, 137, 138, 1
0, 4, 137, 153, 1
0, 4, 138, 26, 1
0, 4, 138, 137, 1
0, 4, 138, 139, 1
0, 4, 138, 154, 1
0, 4, 139, 27, 1
0, 4, 139, 138, 1
0, 4, 139, 140, 1
0, 4, 139, 155, 1
0, 4, 140, 28, 1
0, 4, 140, 139, 1
0, 4, 140, 141, 1
0, 4, 140, 156, 1
0, 4, 141, 29, 1
0, 4, 141, 140, 1
0, 4, 141, 142, 1
0, 4, 141, 157, 1
0, 4, 142, 30, 1
0, 4, 142, 141, 1
0, 4, 142, 143, 1
0, 4, 142, 158, 1
0, 4, 143, 31, 1
0, 4, 143, 130, 1
0, 4, 143, 142, 1
0, 4, 143, 159, 1
0, 3, 144, 128, 1
0, 3, 144, 145, 1
0, 3, 144, 160, 1
0, 4, 145, 129, 1
0, 4, 145, 144, 1
0, 4, 145, 152, 1
0, 4, 145, 161, 1
0, 4, 146, 130, 1
0, 4, 146, 147, 1
0, 4, 146, 159, 1
0, 4, 146, 162, 1
0, 4, 147, 131, 1
0, 4, 147, 146, 1
0, 4, 147, 148, 1
0, 4, 147, 163, 1
0, 4, 148, 132, 1
0, 4, 148, 147, 1
0, 4, 148, 149, 1
0, 4, 148, 164, 1
0, 4, 149, 133, 1
0, 4, 149, 148, 1
0, 4, 149, 150, 1
0, 4, 149, 165, 1
0, 4, 150, 134, 1
0, 4, 150, 149, 1
0, 4, 150, 151, 1
0, 4, 150, 166, 1
0, 3, 151, 135, 1
0, 3, 151, 150, 1
0, 3, 151, 167, 1
0, 4, 152, 136, 1
0, 4, 152, 145, 1
0, 4, 152, 153, 1
0, 4, 152, 168, 1
0, 4, 153, 137, 1
0, 4, 153, 152, 1
0, 4, 153, 154, 1
0, 4, 153, 169, 1
0, 4, 154, 138, 1
0, 4, 154, 153, 1
0, 4, 154, 155, 1
0, 4, 154, 170, 1
0, 4, 155, 139, 1
0, 4, 155, 154, 1
0, 4, 155, 156, 1
0, 4, 155, 171, 1
0, 4, 156, 140, 1
0, 4, 156, 155, 1
0, 4, 156, 157, 1
0, 4, 156, 172, 1
0, 4, 157, 141, 1
0, 4, 157, 156, 1
0, 4, 157, 158, 1
0, 4, 157, 173, 1
0, 4, 158, 142, 1
0, 4, 158, 157, 1
0, 4, 158, 159, 1
0, 4, 158, 174, 1
0, 4, 159, 143, 1
0, 4, 159, 146, 1
0, 4, 159, 158, 1
0, 4, 159, 175, 1
0, 3, 160, 144, 1
0, 3, 160, 161, 1
0, 3, 160, 176, 1
0, 4, 161, 145, 1
0, 4, 161, 160, 1
0, 4, 161, 168, 1
0, 4, 161, 177, 1
0, 4, 162, 146, 1
0, 4, 162, 163, 1
0, 4, 162, 175, 1
0, 4, 162, 178, 1
0, 4, 163, 147, 1
0, 4, 163, 162, 1
0, 4, 163, 164, 1
0, 4, 163, 179, 1
0, 4, 164, 148, 1
0, 4, 164, 163, 1
0, 4, 164, 165, 1
0, 4, 164, 180, 1
0, 4, 165, 149, 1
0, 4, 165, 164, 1
0, 4, 165, 166, 1
0, 4, 165, 181, 1
0, 4, 166, 150, 1
0, 4, 166, 165, 1
0, 4, 166, 167, 1
0, 4, 166, 182, 1
0, 3, 167, 151, 1
0, 3, 167, 166, 1
0, 3, 167, 183, 1
0, 4, 168, 152, 1
0, 4, 168, 161, 1
0, 4, 168, 169, 1
0, 4, 168, 184, 1
0, 4, 169, 153, 1
0, 4, 169, 168, 1
0, 4, 169, 170, 1
0, 4, 169, 185, 1
0, 4, 170, 154, 1
0, 4, 170, 169, 1
0, 4, 170, 171, 1
0, 4, 170, 186, 1
0, 4, 171, 155, 1
0, 4, 171, 170, 1
0, 4, 171, 172, 1
0, 4, 171, 187, 1
0, 4, 172, 156, 1
0, 4, 172, 171, 1
0, 4, 172, 173, 1
0, 4, 172, 188, 1
0, 4, 173, 157, 1
0, 4, 173, 172, 1
0, 4, 173, 174, 1
0, 4, 173, 189, 1
0, 4, 174, 158, 1
0, 4, 174, 173, 1
0, 4, 174, 175, 1
0, 4, 174, 190, 1
0, 4, 175, 159, 1
0, 4, 175, 162, 1
0, 4, 175, 174, 1
0, 4, 175, 191, 1
0, 3, 176, 160, 1
0, 3, 176, 177, 1
0, 3, 176, 192, 1
0, 4, 177, 161, 1
0, 4, 177, 176, 1
0, 4, 177, 184, 1
0, 4, 177, 193, 1
0, 4, 178, 162, 1
0, 4, 178, 179, 1
0, 4, 178, 191, 1
0, 4, 178, 194, 1
0, 4, 179, 163, 1
0, 4, 179, 178, 1
0, 4, 179, 180, 1
0, 4, 179, 195, 1
0, 4, 180, 164, 1
0, 4, 180, 179, 1
0, 4, 180, 181, 1
0, 4, 180, 196, 1
0, 4, 181, 165, 1
0, 4, 181, 180, 1
0, 4, 181, 182, 1
0, 4, 181, 197, 1
0, 4, 182, 166, 1
0, 4, 182, 181, 1
0, 4, 182, 183, 1
0, 4, 182, 198, 1
0, 3, 183, 167, 1
0, 3, 183, 182, 1
0, 3, 183, 199, 1
0, 4, 184, 168, 1
0, 4, 184, 177, 1
0, 4, 184, 185, 1
0, 4, 184, 200, 1
0, 4, 185, 169, 1
0, 4, 185, 184, 1
0, 4, 185, 186, 1
0, 4, 185, 201, 1
0, 4, 186, 170, 1
0, 4, 186, 185, 1
0, 4, 186, 187, 1
0, 4, 186, 202, 1
0, 4, 187, 171, 1
0, 4, 187, 186, 1
0, 4, 187, 188, 1
0, 4, 187, 203, 1
0, 4, 188, 172, 1
0, 4, 188, 187, 1
0, 4, 188, 189, 1
0, 4, 188, 204, 1
0, 4, 189, 173, 1
0, 4, 189, 188, 1
0, 4, 189, 190, 1
0, 4, 189, 205, 1
0, 4, 190, 174, 1
0, 4, 190, 189, 1
0, 4, 190, 191, 1
0, 4, 190, 206, 1
0, 4, 191, 175, 1
0, 4, 191, 178, 1
0, 4, 191, 190, 1
0, 4, 191, 207, 1
0, 3, 192, 176, 1
0, 3, 192, 193, 1
0, 3, 192, 208, 1
0, 4, 193, 177, 1
0, 4, 193, 192, 1
0, 4, 193, 200, 1
0, 4, 193, 209, 1
0, 4, 194, 178, 1
0, 4, 194, 195, 1
0, 4, 194, 207, 1
0, 4, 194, 210, 1
0, 4, 195, 179, 1
0, 4, 195, 194, 1
0, 4, 195, 196, 1
0, 4, 195, 211, 1
0, 4, 196, 180, 1
0, 4, 196, 195, 1
0, 4, 196, 197, 1
0, 4, 196, 212, 1
0, 4, 197, 181, 1
0, 4, 197, 196, 1
0, 4, 197, 198, 1
0, 4, 197, 213, 1
0, 4, 198, 182, 1
0, 4, 198, 197, 1
0, 4, 198, 199, 1
0, 4, 198, 214, 1
0, 3, 199, 183, 1
0, 3, 199, 198, 1
0, 3, 199, 215, 1
0, 4, 200, 184, 1
0, 4, 200, 193, 1
0, 4, 200, 201, 1
0, 4, 200, 216, 1
0, 4, 201, 185, 1
0, 4, 201, 200, 1
0, 4, 201, 202, 1
0, 4, 201, 217, 1
0, 4, 202, 186, 1
0, 4, 202, 201, 1
0, 4, 202, 203, 1
0, 4, 202, 218, 1
0, 4, 203, 187, 1
0, 4, 203, 202, 1
0, 4, 203, 204, 1
0, 4, 203, 219, 1
0, 4, 204, 188, 1
0, 4, 204, 203, 1
0, 4, 204, 205, 1
0, 4, 204, 220, 1
0, 4, 205, 189, 1
0, 4, 205, 204, 1
0, 4, 205, 206, 1
0, 4, 205, 221, 1
0, 4, 206, 190, 1
0, 4, 206, 205, 1
0, 4, 206, 207, 1
0, 4, 206, 222, 1
0, 4, 207, 191, 1
0, 4, 207, 194, 1
0, 4, 207, 206, 1
0, 4, 207, 223, 1
0, 3, 208, 192, 1
0, 3, 208, 209, 1
0, 3, 208, 224, 1
0, 4, 209, 193, 1
0, 4, 209, 208, 1
0, 4, 209, 216, 1
0, 4, 209, 225, 1
0, 4, 210, 194, 1
0, 4, 210, 211, 1
0, 4, 210, 223, 1
0, 4, 210, 226, 1
0, 4, 211, 195, 1
0, 4, 211, 210, 1
0, 4, 211, 212, 1
0, 4, 211, 227, 1
0, 4, 212, 196, 1
0, 4, 212, 211, 1
0, 4, 212, 213, 1
0, 4, 212, 228, 1
0, 4, 213, 197, 1
0, 4, 213, 212, 1
0, 4, 213, 214, 1
0, 4, 213, 229, 1
0, 4, 214, 198, 1
0, 4, 214, 213, 1
0, 4, 214, 215, 1
0, 4, 214, 230, 1
0, 3, 215, 199, 1
0, 3, 215, 214, 1
0, 3, 215, 231, 1
0, 4, 216, 200, 1
0, 4, 216, 209, 1
0, 4, 216, 217, 1
0, 4, 216, 232, 1
0, 4, 217, 201, 1
0, 4, 217, 216, 1
0, 4, 217, 218, 1
0, 4, 217, 233, 1
0, 4, 218, 202, 1
0, 4, 218, 217, 1
0, 4, 218, 219, 1
0, 4, 218, 234, 1
0, 4, 219, 203, 1
0, 4, 219, 218, 1
0, 4, 219, 220, 1
0, 4, 219, 235, 1
0, 4, 220, 204, 1
0, 4, 220, 219, 1
0, 4, 220, 221, 1
0, 4, 220, 236, 1
0, 4, 221, 205, 1
0, 4, 221, 220, 1
0, 4, 221, 222, 1
0, 4, 221, 237, 1
0, 4, 222, 206, 1
0, 4, 222, 221, 1
0, 4, 222, 223, 1
0, 4, 222, 238, 1
0, 4, 223, 207, 1
0, 4, 223, 210, 1
0, 4, 223, 222, 1
0, 4, 223, 239, 1
0, 3, 224, 208, 1
0, 3, 224, 225, 1
0, 3, 224, 240, 1
0, 4, 225, 209, 1
0, 4, 225, 224, 1
0, 4, 225, 232, 1
0, 4, 225, 241, 1
0, 4, 226, 210, 1
0, 4, 226, 227, 1
0, 4, 226, 239, 1
0, 4, 226, 242, 1
0, 4, 227, 211, 1
0, 4, 227, 226, 1
0, 4, 227, 228, 1
0, 4, 227, 243, 1
0, 4, 228, 212, 1
0, 4, 228, 227, 1
0, 4, 228, 229, 1
0, 4, 228, 244, 1
0, 4, 229, 213, 1
0, 4, 229, 228, 1
0, 4, 229, 230, 1
0, 4, 229, 245, 1
0, 4, 230, 214, 1
0, 4, 230, 229, 1
0, 4, 230, 231, 1
0, 4, 230, 246, 1
0, 3, 231, 215, 1
0, 3, 231, 230, 1
0, 3, 231, 247, 1
0, 4, 232, 216, 1
0, 4, 232, 225, 1
0, 4, 232, 233, 1
0, 4, 232, 248, 1
0, 4, 233, 217, 1
0, 4, 233, 232, 1
0, 4, 233, 234, 1
0, 4, 233, 249, 1
0, 4, 234, 218, 1
0, 4, 234, 233, 1
0, 4, 234, 235, 1
0, 4, 234, 250, 1
0, 4, 235, 219, 1
0, 4, 235, 234, 1
0, 4, 235, 236, 1
0, 4, 235, 251, 1
0, 4, 236, 220, 1
0, 4, 236, 235, 1
0, 4, 236, 237, 1
0, 4, 236, 252, 1
0, 4, 237, 221, 1
0, 4, 237, 236, 1
0, 4, 237, 238, 1
0, 4, 237, 253, 1
0, 4, 238, 222, 1
0, 4, 238, 237, 1
0, 4, 238, 239, 1
0, 4, 238, 254, 1
0, 4, 239, 223, 1
0, 4, 239, 226, 1
0, 4, 239, 238, 1
0, 4, 239, 255, 1
0, 3, 240, 32, 1
0, 3, 240, 224, 1
0, 3, 240, 241, 1
0, 4, 241, 33, 1
0, 4, 241, 225, 1
0, 4, 241, 240, 1
0, 4, 241, 248, 1
0, 4, 242, 34, 1
0, 4, 242, 226, 1
0, 4, 242, 243, 1
0, 4, 242, 255, 1
0, 4, 243, 35, 1
0, 4, 243, 227, 1
0, 4, 243, 242, 1
0, 4, 243, 244, 1
0, 4, 244, 36, 1
0, 4, 244, 228, 1
0, 4, 244, 243, 1
0, 4, 244, 245, 1
0, 4, 245, 37, 1
0, 4, 245, 229, 1
0, 4, 245, 244, 1
0, 4, 245, 246, 1
0, 4, 246, 38, 1
0, 4, 246, 230, 1
0, 4, 246, 245, 1
0, 4, 246, 247, 1
0, 3, 247, 39, 1
0, 3, 247, 231, 1
0, 3, 247, 246, 1
0, 4, 248, 40, 1
0, 4, 248, 232, 1
0, 4, 248, 241, 1
0, 4, 248, 249, 1
0, 4, 249, 41, 1
0, 4, 249, 233, 1
0, 4, 249, 248, 1
0, 4, 249, 250, 1
0, 4, 250, 42, 1
0, 4, 250, 234, 1
0, 4, 250, 249, 1
0, 4, 250, 251, 1
0, 4, 251, 43, 1
0, 4, 251, 235, 1
0, 4, 251, 250, 1
0, 4, 251, 252, 1
0, 4, 252, 44, 1
0, 4, 252, 236, 1
0, 4, 252, 251, 1
0, 4, 252, 253, 1
0, 4, 253, 45, 1
0, 4, 253, 237, 1
0, 4, 253, 252, 1
0, 4, 253, 254, 1
0, 4, 254, 46, 1
0, 4, 254, 238, 1
0, 4, 254, 253, 1
0, 4, 254, 255, 1
0, 4, 255, 47, 1
0, 4, 255, 239, 1
0, 4, 255, 242, 1
0, 4, 255, 254, 1
1, 4, 1, 0, 2
1, 4, 1, 0, 2
1, 4, 1, 0, 2
1, 4, 1, 0, 2
2, 4, 1, 0, 2
2, 4, 1, 0, 2
2, 4, 1, 0, 2
2, 4, 1, 0, 2
3, 4, 1, 0, 2
3, 4, 1, 0, 2
3, 4, 1, 0, 2
3, 4, 1, 0, 2
4, 4, 1, 0, 2
4, 4, 1, 0, 2
4, 4, 1, 0, 2
4, 4, 1, 0, 2
5, 4, 1, 0, 2
5, 4, 1, 0, 2
5, 4, 1, 0, 2
5, 4, 1, 0, 2
6, 4, 1, 0, 2
6, 4, 1, 0, 2
6, 4, 1, 0, 2
6, 4, 1, 0, 2
7, 4, 1, 0, 2
7, 4, 1, 0, 2
7, 4, 1, 0, 2
7, 4, 1, 0, 2
8, 4, 1, 0, 2
8, 4, 1, 0, 2
8, 4, 1, 0, 2
8, 4, 1, 0, 2
9, 3, 1, 0, 2
9, 3, 1, 0, 2
9, 3, 1, 0, 2
10, 4, 1, 0, 2
10, 4, 1, 0, 2
10, 4, 1, 0, 2
10, 4, 1, 0, 2
11, 4, 1, 0, 2
11, 4, 1, 0, 2
11, 4, 1, 0, 2
11, 4, 1, 0, 2
12, 4, 1, 0, 2
12, 4, 1, 0, 2
12, 4, 1, 0, 2
12, 4, 1, 0, 2
13, 4, 1, 0, 2
13, 4, 1, 0, 2
13, 4, 1, 0, 2
13, 4, 1, 0, 2
14, 4, 1, 0, 2
14, 4, 1, 0, 2
14, 4, 1, 0, 2
14, 4, 1, 0, 2
15, 4, 1, 0, 2
15, 4, 1, 0, 2
15, 4, 1, 0, 2
15, 4, 1, 0, 2
16, 3, 1, 0, 2
16, 3, 1, 0, 2
16, 3, 1, 0, 2
17, 4, 1, 0, 2
17, 4, 1, 0, 2
17, 4, 1, 0, 2
17, 4, 1, 0, 2
18, 4, 1, 0, 2
18, 4, 1, 0, 2
18, 4, 1, 0, 2
18, 4, 1, 0, 2
19, 4, 1, 0, 2
19, 4, 1, 0, 2
19, 4, 1, 0, 2
19, 4, 1, 0, 2
20, 4, 1, 0, 2
20, 4, 1, 0, 2
20, 4, 1, 0, 2
20, 4, 1, 0, 2
21, 4, 1, 0, 2
21, 4, 1, 0, 2
21, 4, 1, 0, 2
21, 4, 1, 0, 2
22, 4, 1, 0, 2
22, 4, 1, 0, 2
22, 4, 1, 0, 2
22, 4, 1, 0, 2
23, 4, 1, 0, 2
23, 4, 1, 0, 2
23, 4, 1, 0, 2
23, 4, 1, 0, 2
24, 3, 1, 0, 2
24, 3, 1, 0, 2
24, 3, 1, 0, 2
25, 4, 1, 0, 2
25, 4, 1, 0, 2
25, 4, 1, 0, 2
25, 4, 1, 0, 2
26, 4, 1, 0, 2
26, 4, 1, 0, 2
26, 4, 1, 0, 2
26, 4, 1, 0, 2
27, 4, 1, 0, 2
27, 4, 1, 0, 2
27, 4, 1, 0, 2
27, 4, 1, 0, 2
28, 4, 1, 0, 2
28, 4, 1, 0, 2
28, 4, 1, 0, 2
28, 4, 1, 0, 2
29, 4, 1, 0, 2
29, 4, 1, 0, 2
29, 4, 1, 0, 2
29, 4, 1, 0, 2
30, 4, 1, 0, 2
30, 4, 1, 0, 2
30, 4, 1, 0, 2
30, 4, 1, 0, 2
31, 3, 1, 0, 2
31, 3, 1, 0, 2
31, 3, 1, 0, 2
32, 4, 1, 0, 2
32, 4, 1, 0, 2
32, 4, 1, 0, 2
32, 4, 1, 0, 2
33, 4, 1, 0, 2
33, 4, 1, 0, 2
33, 4, 1, 0, 2
33, 4, 1, 0, 2
34, 4, 1, 0, 2
34, 4, 1, 0, 2
34, 4, 1, 0, 2
34, 4, 1, 0, 2
35, 4, 1, 0, 2
35, 4, 1, 0, 2
35, 4, 1, 0, 2
35, 4, 1, 0, 2
36, 4, 1, 0, 2
36, 4, 1, 0, 2
36, 4, 1, 0, 2
36, 4, 1, 0, 2
37, 4, 1, 0, 2
37, 4, 1, 0, 2
37, 4, 1, 0, 2
37, 4, 1, 0, 2
38, 4, 1, 0, 2
38, 4, 1, 0, 2
38, 4, 1, 0, 2
38, 4, 1, 0, 2
39, 4, 1, 0, 2
39, 4, 1, 0, 2
39, 4, 1, 0, 2
39, 4, 1, 0, 2
40, 3, 1, 0, 2
40, 3, 1, 0, 2
40, 3, 1, 0, 2
41, 4, 1, 0, 2
41, 4, 1, 0, 2
41, 4, 1, 0, 2
41, 4, 1, 0, 2
42, 4, 1, 0, 2
42, 4, 1, 0, 2
42, 4, 1, 0, 2
42, 4, 1, 0, 2
43, 4, 1, 0, 2
43, 4, 1, 0, 2
43, 4, 1, 0, 2
43, 4, 1, 0, 2
44, 4, 1, 0, 2
44, 4, 1, 0, 2
44, 4, 1, 0, 2
44, 4, 1, 0, 2
45, 4, 1, 0, 2
45, 4, 1, 0, 2
45, 4, 1, 0, 2
45, 4, 1, 0, 2
46, 4, 1, 0, 2
46, 4, 1, 0, 2
46, 4, 1, 0, 2
46, 4, 1, 0, 2
47, 3, 1, 0, 2
47, 3, 1, 0, 2
47, 3, 1, 0, 2
48, 4, 1, 0, 2
48, 4, 1, 0, 2
48, 4, 1, 0, 2
48, 4, 1, 0, 2
49, 4, 1, 0, 2
49, 4, 1, 0, 2
49, 4, 1, 0, 2
49, 4, 1, 0, 2
50, 4, 1, 0, 2
50, 4, 1, 0, 2
50, 4, 1, 0, 2
50, 4, 1, 0, 2
51, 4, 1, 0, 2
51, 4, 1, 0, 2
51, 4, 1, 0, 2
51, 4, 1, 0, 2
52, 4, 1, 0, 2
52, 4, 1, 0, 2
52, 4, 1, 0, 2
52, 4, 1, 0, 2
53, 4, 1, 0, 2
53, 4, 1, 0, 2
53, 4, 1, 0, 2
53, 4, 1, 0, 2
54, 4, 1, 0, 2
54, 4, 1, 0, 2
54, 4, 1, 0, 2
54, 4, 1, 0, 2
55, 4, 1, 0, 2
55, 4, 1, 0, 2
55, 4, 1, 0, 2
55, 4, 1, 0, 2
56, 3, 1, 0, 2
56, 3, 1, 0, 2
56, 3, 1, 0, 2
57, 4, 1, 0, 2
57, 4, 1, 0, 2
57, 4, 1, 0, 2
57, 4, 1, 0, 2
58, 4, 1, 0, 2
58, 4, 1, 0, 2
58, 4, 1, 0, 2
58, 4, 1, 0, 2
59, 4, 1, 0, 2
59, 4, 1, 0, 2
59, 4, 1, 0, 2
59, 4, 1, 0, 2
60, 4, 1, 0, 2
60, 4, 1, 0, 2
60, 4, 1, 0, 2
60, 4, 1, 0, 2
61, 4, 1, 0, 2
61, 4, 1, 0, 2
61, 4, 1, 0, 2
61, 4, 1, 0, 2
62, 4, 1, 0, 2
62, 4, 1, 0, 2
62, 4, 1, 0, 2
62, 4, 1, 0, 2
63, 3, 1, 0, 2
63, 3, 1, 0, 2
63, 3, 1, 0, 2
64, 4, 1, 0, 2
64, 4, 1, 0, 2
64, 4, 1, 0, 2
64, 4, 1, 0, 2
65, 4, 1, 0, 2
65, 4, 1, 0, 2
65, 4, 1, 0, 2
65, 4, 1, 0, 2
66, 4, 1, 0, 2
66, 4, 1, 0, 2
66, 4, 1, 0, 2
66, 4, 1, 0, 2
67, 4, 1, 0, 2
67, 4, 1, 0, 2
67, 4, 1, 0, 2
67, 4, 1, 0, 2
68, 4, 1, 0, 2
68, 4, 1, 0, 2
68, 4, 1, 0, 2
68, 4, 1, 0, 2
69, 4, 1, 0, 2
69, 4, 1, 0, 2
69, 4, 1, 0, 2
69, 4, 1, 0, 2
70, 4, 1, 0, 2
70, 4, 1, 0, 2
70, 4, 1, 0, 2
70, 4, 1, 0, 2
71, 4, 1, 0, 2
71, 4, 1, 0, 2
71, 4, 1, 0, 2
71, 4, 1, 0, 2
72, 3, 1, 0, 2
72, 3, 1, 0, 2
72, 3, 1, 0, 2
73, 4, 1, 0, 2
73, 4, 1, 0, 2
73, 4, 1, 0, 2
73, 4, 1, 0, 2
74, 4, 1, 0, 2
74, 4, 1, 0, 2
74, 4, 1, 0, 2
74, 4, 1, 0, 2
75, 4, 1, 0, 2
75, 4, 1, 0, 2
75, 4, 1, 0, 2
75, 4, 1, 0, 2
76, 4, 1, 0, 2
76, 4, 1, 0, 2
76, 4, 1, 0, 2
76, 4, 1, 0, 2
77, 4, 1, 0, 2
77, 4, 1, 0, 2
77, 4, 1, 0, 2
77, 4, 1, 0, 2
78, 4, 1, 0, 2
78, 4, 1, 0, 2
78, 4, 1, 0, 2
78, 4, 1, 0, 2
79, 3, 1, 0, 2
79, 3, 1, 0, 2
79, 3, 1, 0, 2
80, 4, 1, 0, 2
80, 4, 1, 0, 2
80, 4, 1, 0, 2
80, 4, 1, 0, 2
81, 4, 1, 0, 2
81, 4, 1, 0, 2
81, 4, 1, 0, 2
81, 4, 1, 0, 2
82, 4, 1, 0, 2
82, 4, 1, 0, 2
82, 4, 1, 0, 2
82, 4, 1, 0, 2
83, 4, 1, 0, 2
83, 4, 1, 0, 2
83, 4, 1, 0, 2
83, 4, 1, 0, 2
84, 4, 1, 0, 2
84, 4, 1, 0, 2
84, 4, 1, 0, 2
84, 4, 1, 0, 2
85, 4, 1, 0, 2
85, 4, 1, 0, 2
85, 4, 1, 0, 2
85, 4, 1, 0, 2
86, 4, 1, 0, 2
86, 4, 1, 0, 2
86, 4, 1, 0, 2
86, 4, 1, 0, 2
87, 4, 1, 0, 2
87, 4, 1, 0, 2
87, 4, 1, 0, 2
87, 4, 1, 0, 2
88, 3, 1, 0, 2
88, 3, 1, 0, 2
88, 3, 1, 0, 2
89, 4, 1, 0, 2
89, 4, 1, 0, 2
89, 4, 1, 0, 2
89, 4, 1, 0, 2
90, 4, 1, 0, 2
90, 4, 1, 0, 2
90, 4, 1, 0, 2
90, 4, 1, 0, 2
91, 4, 1, 0, 2
91, 4, 1, 0, 2
91, 4, 1, 0, 2
91, 4, 1, 0, 2
92, 4, 1, 0, 2
92, 4, 1, 0, 2
92, 4, 1, 0, 2
92, 4, 1, 0, 2
93, 4, 1, 0, 2
93, 4, 1, 0, 2
93, 4, 1, 0, 2
93, 4, 1, 0, 2
94, 4, 1, 0, 2
94, 4, 1, 0, 2
94, 4, 1, 0, 2
94, 4, 1, 0, 2
95, 3, 1, 0, 2
95, 3, 1, 0, 2
95, 3, 1, 0, 2
96, 4, 1, 0, 2
96, 4, 1, 0, 2
96, 4, 1, 0, 2
96, 4, 1, 0, 2
97, 4, 1, 0, 2
97, 4, 1, 0, 2
97, 4, 1, 0, 2
97, 4, 1, 0, 2
98, 4, 1, 0, 2
98, 4, 1, 0, 2
98, 4, 1, 0, 2
98, 4, 1, 0, 2
99, 4, 1, 0, 2
99, 4, 1, 0, 2
99, 4, 1, 0, 2
99, 4, 1, 0, 2
100, 4, 1, 0, 2
100, 4, 1, 0, 2
100, 4, 1, 0, 2
100, 4, 1, 0, 2
101, 4, 1, 0, 2
101, 4, 1, 0, 2
101, 4, 1, 0, 2
101, 4, 1, 0, 2
102, 4, 1, 0, 2
102, 4, 1, 0, 2
102, 4, 1, 0, 2
102, 4, 1, 0, 2
103, 4, 1, 0, 2
103, 4, 1, 0, 2
103, 4, 1, 0, 2
103, 4, 1, 0, 2
104, 3, 1, 0, 2
104, 3, 1, 0, 2
104, 3, 1, 0, 2
105, 4, 1, 0, 2
105, 4, 1, 0, 2
105, 4, 1, 0, 2
105, 4, 1, 0, 2
106, 4, 1, 0, 2
106, 4, 1, 0, 2
106, 4, 1, 0, 2
106, 4, 1, 0, 2
107, 4, 1, 0, 2
107, 4, 1, 0, 2
107, 4, 1, 0, 2
107, 4, 1, 0, 2
108, 4, 1, 0, 2
108, 4, 1, 0, 2
108, 4, 1, 0, 2
108, 4, 1, 0, 2
109, 4, 1, 0, 2
109, 4, 1, 0, 2
109, 4, 1, 0, 2
109, 4, 1, 0, 2
110, 4, 1, 0, 2
110, 4, 1, 0, 2
110, 4, 1, 0, 2
110, 4, 1, 0, 2
111, 3, 1, 0, 2
111, 3, 1, 0, 2
111, 3, 1, 0, 2
112, 4, 1, 0, 2
112, 4, 1, 0, 2
112, 4, 1, 0, 2
112, 4, 1, 0, 2
113, 4, 1, 0, 2
113, 4, 1, 0, 2
113, 4, 1, 0, 2
113, 4, 1, 0, 2
114, 4, 1, 0, 2
114, 4, 1, 0, 2
114, 4, 1, 0, 2
114, 4, 1, 0, 2
115, 4, 1, 0, 2
115, 4, 1, 0, 2
115, 4, 1, 0, 2
115, 4, 1, 0, 2
116, 4, 1, 0, 2
116, 4, 1, 0, 2
116, 4, 1, 0, 2
116, 4, 1, 0, 2
117, 4, 1, 0, 2
117, 4, 1, 0, 2
117, 4, 1, 0, 2
117, 4, 1, 0, 2
118, 4, 1, 0, 2
118, 4, 1, 0, 2
118, 4, 1, 0, 2
118, 4, 1, 0, 2
119, 4, 1, 0, 2
119, 4, 1, 0, 2
119, 4, 1, 0, 2
119, 4, 1, 0, 2
120, 3, 1, 0, 2
120, 3, 1, 0, 2
120, 3, 1, 0, 2
121, 4, 1, 0, 2
121, 4, 1, 0, 2
121, 4, 1, 0, 2
121, 4, 1, 0, 2
122, 4, 1, 0, 2
122, 4, 1, 0, 2
122, 4, 1, 0, 2
122, 4, 1, 0, 2
123, 4, 1, 0, 2
123, 4, 1, 0, 2
123, 4, 1, 0, 2
123, 4, 1, 0, 2
124, 4, 1, 0, 2
124, 4, 1, 0, 2
124, 4, 1, 0, 2
124, 4, 1, 0, 2
125, 4, 1, 0, 2
125, 4, 1, 0, 2
125, 4, 1, 0, 2
125, 4, 1, 0, 2
126, 4, 1, 0, 2
126, 4, 1, 0, 2
126, 4, 1, 0, 2
126, 4, 1, 0, 2
127, 3, 1, 0, 2
127, 3, 1, 0, 2
127, 3, 1, 0, 2
128, 3, 1, 0, 2
128, 3, 1, 0, 2
128, 3, 1, 0, 2
129, 3, 1, 0, 2
129, 3, 1, 0, 2
129, 3, 1, 0, 2
130, 3, 1, 0, 2
130, 3, 1, 0, 2
130, 3, 1, 0, 2
131, 3, 1, 0, 2
131, 3, 1, 0, 2
131, 3, 1, 0, 2
132, 3, 1, 0, 2
132, 3, 1, 0, 2
132, 3, 1, 0, 2
133, 3, 1, 0, 2
133, 3, 1, 0, 2
133, 3, 1, 0, 2
134, 3, 1, 0, 2
134, 3, 1, 0, 2
134, 3, 1, 0, 2
135, 3, 1, 0, 2
135, 3, 1, 0, 2
135, 3, 1, 0, 2
136, 2, 1, 0, 2
136, 2, 1, 0, 2
137, 3, 1, 0, 2
137, 3, 1, 0, 2
137, 3, 1, 0, 2
138, 3, 1, 0, 2
138, 3, 1, 0, 2
138, 3, 1, 0, 2
139, 3, 1, 0, 2
139, 3, 1, 0, 2
139, 3, 1, 0, 2
140, 3, 1, 0, 2
140, 3, 1, 0, 2
140, 3, 1, 0, 2
141, 3, 1, 0, 2
141, 3, 1, 0, 2
141, 3, 1, 0, 2
142, 3, 1, 0, 2
142, 3, 1, 0, 2
142, 3, 1, 0, 2
143, 2, 1, 0, 2
143, 2, 1, 0, 2
144, 4, 1, 0, 2
144, 4, 1, 0, 2
144, 4, 1, 0, 2
144, 4, 1, 0, 2
145, 4, 1, 0, 2
145, 4, 1, 0, 2
145, 4, 1, 0, 2
145, 4, 1, 0, 2
146, 4, 1, 0, 2
146, 4, 1, 0, 2
146, 4, 1, 0, 2
146, 4, 1, 0, 2
147, 4, 1, 0, 2
147, 4, 1, 0, 2
147, 4, 1, 0, 2
147, 4, 1, 0, 2
148, 4, 1, 0, 2
148, 4, 1, 0, 2
148, 4, 1, 0, 2
148, 4, 1, 0, 2
149, 4, 1, 0, 2
149, 4, 1, 0, 2
149, 4, 1, 0, 2
149, 4, 1, 0, 2
150, 4, 1, 0, 2
150, 4, 1, 0, 2
150, 4, 1, 0, 2
150, 4, 1, 0, 2
151, 4, 1, 0, 2
151, 4, 1, 0, 2
151, 4, 1, 0, 2
151, 4, 1, 0, 2
152, 3, 1, 0, 2
152, 3, 1, 0, 2
152, 3, 1, 0, 2
153, 4, 1, 0, 2
153, 4, 1, 0, 2
153, 4, 1, 0, 2
153, 4, 1, 0, 2
154, 4, 1, 0, 2
154, 4, 1, 0, 2
154, 4, 1, 0, 2
154, 4, 1, 0, 2
155, 4, 1, 0, 2
155, 4, 1, 0, 2
155, 4, 1, 0, 2
155, 4, 1, 0, 2
156, 4, 1, 0, 2
156, 4, 1, 0, 2
156, 4, 1, 0, 2
156, 4, 1, 0, 2
157, 4, 1, 0, 2
157, 4, 1, 0, 2
157, 4, 1, 0, 2
157, 4, 1, 0, 2
158, 4, 1, 0, 2
158, 4, 1, 0, 2
158, 4, 1, 0, 2
158, 4, 1, 0, 2
159, 3, 1, 0, 2
159, 3, 1, 0, 2
159, 3, 1, 0, 2
160, 4, 1, 0, 2
160, 4, 1, 0, 2
160, 4, 1, 0, 2
160, 4, 1, 0, 2
161, 4, 1, 0, 2
161, 4, 1, 0, 2
161, 4, 1, 0, 2
161, 4, 1, 0, 2
162, 4, 1, 0, 2
162, 4, 1, 0, 2
162, 4, 1, 0, 2
162, 4, 1, 0, 2
163, 4, 1, 0, 2
163, 4, 1, 0, 2
163, 4, 1, 0, 2
163, 4, 1, 0, 2
164, 4, 1, 0, 2
164, 4, 1, 0, 2
164, 4, 1, 0, 2
164, 4, 1, 0, 2
165, 4, 1, 0, 2
165, 4, 1, 0, 2
165, 4, 1, 0, 2
165, 4, 1, 0, 2
166, 4, 1, 0, 2
166, 4, 1, 0, 2
166, 4, 1, 0, 2
166, 4, 1, 0, 2
167, 4, 1, 0, 2
167, 4, 1, 0, 2
167, 4, 1, 0, 2
167, 4, 1, 0, 2
168, 3, 1, 0, 2
168, 3, 1, 0, 2
168, 3, 1, 0, 2
169, 4, 1, 0, 2
169, 4, 1, 0, 2
169, 4, 1, 0, 2
169, 4, 1, 0, 2
170, 4, 1, 0, 2
170, 4, 1, 0, 2
170, 4, 1, 0, 2
170, 4, 1, 0, 2
171, 4, 1, 0, 2
171, 4, 1, 0, 2
171, 4, 1, 0, 2
171, 4, 1, 0, 2
172, 4, 1, 0, 2
172, 4, 1, 0, 2
172, 4, 1, 0, 2
172, 4, 1, 0, 2
173, 4, 1, 0, 2
173, 4, 1, 0, 2
173, 4, 1, 0, 2
173, 4, 1, 0, 2
174, 4, 1, 0, 2
174, 4, 1, 0, 2
174, 4, 1, 0, 2
174, 4, 1, 0, 2
175, 3, 1, 0, 2
175, 3, 1, 0, 2
175, 3, 1, 0, 2
176, 4, 1, 0, 2
176, 4, 1, 0, 2
176, 4, 1, 0, 2
176, 4, 1, 0, 2
177, 4, 1, 0, 2
177, 4, 1, 0, 2
177, 4, 1, 0, 2
177, 4, 1, 0, 2
178, 4, 1, 0, 2
178, 4, 1, 0, 2
178, 4, 1, 0, 2
178, 4, 1, 0, 2
179, 4, 1, 0, 2
179, 4, 1, 0, 2
179, 4, 1, 0, 2
179, 4, 1, 0, 2
180, 4, 1, 0, 2
180, 4, 1, 0, 2
180, 4, 1, 0, 2
180, 4, 1, 0, 2
181, 4, 1, 0, 2
181, 4, 1, 0, 2
181, 4, 1, 0, 2
181, 4, 1, 0, 2
182, 4, 1, 0, 2
182, 4, 1, 0, 2
182, 4, 1, 0, 2
182, 4, 1, 0, 2
183, 4, 1, 0, 2
183, 4, 1, 0, 2
183, 4, 1, 0, 2
183, 4, 1, 0, 2
184, 3, 1, 0, 2
184, 3, 1, 0, 2
184, 3, 1, 0, 2
185, 4, 1, 0, 2
185, 4, 1, 0, 2
185, 4, 1, 0, 2
185, 4, 1, 0, 2
186, 4, 1, 0, 2
186, 4, 1, 0, 2
186, 4, 1, 0, 2
186, 4, 1, 0, 2
187, 4, 1, 0, 2
187, 4, 1, 0, 2
187, 4, 1, 0, 2
187, 4, 1, 0, 2
188, 4, 1, 0, 2
188, 4, 1, 0, 2
188, 4, 1, 0, 2
188, 4, 1, 0, 2
189, 4, 1, 0, 2
189, 4, 1, 0, 2
189, 4, 1, 0, 2
189, 4, 1, 0, 2
190, 4, 1, 0, 2
190, 4, 1, 0, 2
190, 4, 1, 0, 2
190, 4, 1, 0, 2
191, 3, 1, 0, 2
191, 3, 1, 0, 2
191, 3, 1, 0, 2
192, 4, 1, 0, 2
192, 4, 1, 0, 2
192, 4, 1, 0, 2
192, 4, 1, 0, 2
193, 4, 1, 0, 2
193, 4, 1, 0, 2
193, 4, 1, 0, 2
193, 4, 1, 0, 2
194, 4, 1, 0, 2
194, 4, 1, 0, 2
194, 4, 1, 0, 2
194, 4, 1, 0, 2
195, 4, 1, 0, 2
195, 4, 1, 0, 2
195, 4, 1, 0, 2
195, 4, 1, 0, 2
196, 4, 1, 0, 2
196, 4, 1, 0, 2
196, 4, 1, 0, 2
196, 4, 1, 0, 2
197, 4, 1, 0, 2
197, 4, 1, 0, 2
197, 4, 1, 0, 2
197, 4, 1, 0, 2
198, 4, 1, 0, 2
198, 4, 1, 0, 2
198, 4, 1, 0, 2
198, 4, 1, 0, 2
199, 4, 1, 0, 2
199, 4, 1, 0, 2
199, 4, 1, 0, 2
199, 4, 1, 0, 2
200, 3, 1, 0, 2
200, 3, 1, 0, 2
200, 3, 1, 0, 2
201, 4, 1, 0, 2
201, 4, 1, 0, 2
201, 4, 1, 0, 2
201, 4, 1, 0, 2
202, 4, 1, 0, 2
202, 4, 1, 0, 2
202, 4, 1, 0, 2
202, 4, 1, 0, 2
203, 4, 1, 0, 2
203, 4, 1, 0, 2
203, 4, 1, 0, 2
203, 4, 1, 0, 2
204, 4, 1, 0, 2
204, 4, 1, 0, 2
204, 4, 1, 0, 2
204, 4, 1, 0, 2
205, 4, 1, 0, 2
205, 4, 1, 0, 2
205, 4, 1, 0, 2
205, 4, 1, 0, 2
206, 4, 1, 0, 2
206, 4, 1, 0, 2
206, 4, 1, 0, 2
206, 4, 1, 0, 2
207, 3, 1, 0, 2
207, 3, 1, 0, 2
207, 3, 1, 0, 2
208, 4, 1, 0, 2
208, 4, 1, 0, 2
208, 4, 1, 0, 2
208, 4, 1, 0, 2
209, 4, 1, 0, 2
209, 4, 1, 0, 2
209, 4, 1, 0, 2
209, 4, 1, 0, 2
210, 4, 1, 0, 2
210, 4, 1, 0, 2
210, 4, 1, 0, 2
210, 4, 1, 0, 2
211, 4, 1, 0, 2
211, 4, 1, 0, 2
211, 4, 1, 0, 2
211, 4, 1, 0, 2
212, 4, 1, 0, 2
212, 4, 1, 0, 2
212, 4, 1, 0, 2
212, 4, 1, 0, 2
213, 4, 1, 0, 2
213, 4, 1, 0, 2
213, 4, 1, 0, 2
213, 4, 1, 0, 2
214, 4, 1, 0, 2
214, 4, 1, 0, 2
214, 4, 1, 0, 2
214, 4, 1, 0, 2
215, 4, 1, 0, 2
215, 4, 1, 0, 2
215, 4, 1, 0, 2
215, 4, 1, 0, 2
216, 3, 1, 0, 2
216, 3, 1, 0, 2
216, 3, 1, 0, 2
217, 4, 1, 0, 2
217, 4, 1, 0, 2
217, 4, 1, 0, 2
217, 4, 1, 0, 2
218, 4, 1, 0, 2
218, 4, 1, 0, 2
218, 4, 1, 0, 2
218, 4, 1, 0, 2
219, 4, 1, 0, 2
219, 4, 1, 0, 2
219, 4, 1, 0, 2
219, 4, 1, 0, 2
220, 4, 1, 0, 2
220, 4, 1, 0, 2
220, 4, 1, 0, 2
220, 4, 1, 0, 2
221, 4, 1, 0, 2
221, 4, 1, 0, 2
221, 4, 1, 0, 2
221, 4, 1, 0, 2
222, 4, 1, 0, 2
222, 4, 1, 0, 2
222, 4, 1, 0, 2
222, 4, 1, 0, 2
223, 3, 1, 0, 2
223, 3, 1, 0, 2
223, 3, 1, 0, 2
224, 4, 1, 0, 2
224, 4, 1, 0, 2
224, 4, 1, 0, 2
224, 4, 1, 0, 2
225, 4, 1, 0, 2
225, 4, 1, 0, 2
225, 4, 1, 0, 2
225, 4, 1, 0, 2
226, 4, 1, 0, 2
226, 4, 1, 0, 2
226, 4, 1, 0, 2
226, 4, 1, 0, 2
227, 4, 1, 0, 2
227, 4, 1, 0, 2
227, 4, 1, 0, 2
227, 4, 1, 0, 2
228, 4, 1, 0, 2
228, 4, 1, 0, 2
228, 4, 1, 0, 2
228, 4, 1, 0, 2
229, 4, 1, 0, 2
229, 4, 1, 0, 2
229, 4, 1, 0, 2
229, 4, 1, 0, 2
230, 4, 1, 0, 2
230, 4, 1, 0, 2
230, 4, 1, 0, 2
230, 4, 1, 0, 2
231, 4, 1, 0, 2
231, 4, 1, 0, 2
231, 4, 1, 0, 2
231, 4, 1, 0, 2
232, 3, 1, 0, 2
232, 3, 1, 0, 2
232, 3, 1, 0, 2
233, 4, 1, 0, 2
233, 4, 1, 0, 2
233, 4, 1, 0, 2
233, 4, 1, 0, 2
234, 4, 1, 0, 2
234, 4, 1, 0, 2
234, 4, 1, 0, 2
234, 4, 1, 0, 2
235, 4, 1, 0, 2
235, 4, 1, 0, 2
235, 4, 1, 0, 2
235, 4, 1, 0, 2
236, 4, 1, 0, 2
236, 4, 1, 0, 2
236, 4, 1, 0, 2
236, 4, 1, 0, 2
237, 4, 1, 0, 2
237, 4, 1, 0, 2
237, 4, 1, 0, 2
237, 4, 1, 0, 2
238, 4, 1, 0, 2
238, 4, 1, 0, 2
238, 4, 1, 0, 2
238, 4, 1, 0, 2
239, 3, 1, 0, 2
239, 3, 1, 0, 2
239, 3, 1, 0, 2
240, 3, 1, 0, 2
240, 3, 1, 0, 2
240, 3, 1, 0, 2
241, 3, 1, 0, 2
241, 3, 1, 0, 2
241, 3, 1, 0, 2
242, 3, 1, 0, 2
242, 3, 1, 0, 2
242, 3, 1, 0, 2
243, 3, 1, 0, 2
243, 3, 1, 0, 2
243, 3, 1, 0, 2
244, 3, 1, 0, 2
244, 3, 1, 0, 2
244, 3, 1, 0, 2
245, 3, 1, 0, 2
245, 3, 1, 0, 2
245, 3, 1, 0, 2
246, 3, 1, 0, 2
246, 3, 1, 0, 2
246, 3, 1, 0, 2
247, 3, 1, 0, 2
247, 3, 1, 0, 2
247, 3, 1, 0, 2
248, 2, 1, 0, 2
248, 2, 1, 0, 2
249, 3, 1, 0, 2
249, 3, 1, 0, 2
249, 3, 1, 0, 2
250, 3, 1, 0, 2
250, 3, 1, 0, 2
250, 3, 1, 0, 2
251, 3, 1, 0, 2
251, 3, 1, 0, 2
251, 3, 1, 0, 2
252, 3, 1, 0, 2
252, 3, 1, 0, 2
252, 3, 1, 0, 2
253, 3, 1, 0, 2
253, 3, 1, 0, 2
253, 3, 1, 0, 2
254, 3, 1, 0, 2
254, 3, 1, 0, 2
254, 3, 1, 0, 2
255, 2, 1, 0, 2
255, 2, 1, 0, 2
Goal
1
2
3
4
5
6
7
8
9
10
11
12
13
14
15
16
17
18
19
20
21
22
23
24
25
26
27
28
29
30
31
32
33
34
35
36
37
38
39
40
41
42
43
44
45
46
47
48
49
50
51
52
53
54
55
56
57
58
59
60
61
62
63
64
65
66
67
68
69
70
71
72
73
74
75
76
77
78
79
80
81
82
83
84
85
86
87
88
89
90
91
92
93
94
95
96
97
98
99
100
101
102
103
104
105
106
107
108
109
110
111
112
113
114
115
116
117
118
119
120
121
122
123
124
125
126
127
128
129
130
131
132
133
134
135
136
137
138
139
140
141
142
143
144
145
146
147
148
149
150
151
152
153
154
155
156
157
158
159
160
161
162
163
164
165
166
167
168
169
170
171
172
173
174
175
176
177
178
179
180
181
182
183
184
185
186
187
188
189
190
191
192
193
194
195
196
197
198
199
200
201
202
203
204
205
206
207
208
209
210
211
212
213
214
215
216
217
218
219
220
221
222
223
224
225
226
227
228
229
230
231
232
233
234
235
236
237
238
239
240
241
242
243
244
245
246
247
248
249
250
251
252
253
254
255
