CG
93
0, 16, 76, 1
0, 16, 88, 1
0, 16, 89, 1
0, 16, 77, 1
0, 16, 90, 1
0, 16, 87, 1
0, 16, 78, 3
0, 16, 80, 3
0, 16, 81, 3
0, 16, 79, 3
0, 16, 82, 3
0, 16, 56, 1
0, 16, 57, 1
0, 16, 58, 1
0, 16, 59, 1
0, 16, 60, 1
1, 16, 76, 1
1, 16, 88, 1
1, 16, 89, 1
1, 16, 77, 1
1, 16, 90, 1
1, 16, 87, 1
1, 16, 78, 3
1, 16, 80, 3
1, 16, 81, 3
1, 16, 79, 3
1, 16, 82, 3
1, 16, 61, 1
1, 16, 62, 1
1, 16, 63, 1
1, 16, 64, 1
1, 16, 65, 1
2, 16, 76, 1
2, 16, 88, 1
2, 16, 89, 1
2, 16, 77, 1
2, 16, 90, 1
2, 16, 87, 1
2, 16, 78, 3
2, 16, 80, 3
2, 16, 81, 3
2, 16, 79, 3
2, 16, 82, 3
2, 16, 66, 1
2, 16, 67, 1
2, 16, 68, 1
2, 16, 69, 1
2, 16, 70, 1
3, 16, 76, 1
3, 16, 88, 1
3, 16, 89, 1
3, 16, 77, 1
3, 16, 90, 1
3, 16, 87, 1
3, 16, 78, 3
3, 16, 80, 3
3, 16, 81, 3
3, 16, 79, 3
3, 16, 82, 3
3, 16, 71, 1
3, 16, 72, 1
3, 16, 73, 1
3, 16, 74, 1
3, 16, 75, 1
4, 16, 76, 1
4, 16, 88, 1
4, 16, 89, 1
4, 16, 77, 1
4, 16, 90, 1
4, 16, 87, 1
4, 16, 78, 3
4, 16, 80, 3
4, 16, 81, 3
4, 16, 79, 3
4, 16, 82, 3
4, 16, 56, 1
4, 16, 57, 1
4, 16, 58, 1
4, 16, 59, 1
4, 16, 60, 1
5, 16, 76, 1
5, 16, 88, 1
5, 16, 89, 1
5, 16, 77, 1
5, 16, 90, 1
5, 16, 87, 1
5, 16, 78, 3
5, 16, 80, 3
5, 16, 81, 3
5, 16, 79, 3
5, 16, 82, 3
5, 16, 61, 1
5, 16, 62, 1
5, 16, 63, 1
5, 16, 64, 1
5, 16, 65, 1
6, 16, 76, 1
6, 16, 88, 1
6, 16, 89, 1
6, 16, 77, 1
6, 16, 90, 1
6, 16, 87, 1
6, 16, 78, 3
6, 16, 80, 3
6, 16, 81, 3
6, 16, 79, 3
6, 16, 82, 3
6, 16, 66, 1
6, 16, 67, 1
6, 16, 68, 1
6, 16, 69, 1
6, 16, 70, 1
7, 16, 76, 1
7, 16, 88, 1
7, 16, 89, 1
7, 16, 77, 1
7, 16, 90, 1
7, 16, 87, 1
7, 16, 78, 3
7, 16, 80, 3
7, 16, 81, 3
7, 16, 79, 3
7, 16, 82, 3
7, 16, 71, 1
7, 16, 72, 1
7, 16, 73, 1
7, 16, 74, 1
7, 16, 75, 1
8, 16, 76, 1
8, 16, 88, 1
8, 16, 89, 1
8, 16, 77, 1
8, 16, 90, 1
8, 16, 87, 1
8, 16, 78, 3
8, 16, 80, 3
8, 16, 81, 3
8, 16, 79, 3
8, 16, 82, 3
8, 16, 56, 1
8, 16, 57, 1
8, 16, 58, 1
8, 16, 59, 1
8, 16, 60, 1
9, 16, 76, 1
9, 16, 88, 1
9, 16, 89, 1
9, 16, 77, 1
9, 16, 90, 1
9, 16, 87, 1
9, 16, 78, 3
9, 16, 80, 3
9, 16, 81, 3
9, 16, 79, 3
9, 16, 82, 3
9, 16, 61, 1
9, 16, 62, 1
9, 16, 63, 1
9, 16, 64, 1
9, 16, 65, 1
10, 16, 76, 1
10, 16, 88, 1
10, 16, 89, 1
10, 16, 77, 1
10, 16, 90, 1
10, 16, 87, 1
10, 16, 78, 3
10, 16, 80, 3
10, 16, 81, 3
10, 16, 79, 3
10, 16, 82, 3
10, 16, 66, 1
10, 16, 67, 1
10, 16, 68, 1
10, 16, 69, 1
10, 16, 70, 1
11, 16, 76, 1
11, 16, 88, 1
11, 16, 89, 1
11, 16, 77, 1
11, 16, 90, 1
11, 16, 87, 1
11, 16, 78, 3
11, 16, 80, 3
11, 16, 81, 3
11, 16, 79, 3
11, 16, 82, 3
11, 16, 71, 1
11, 16, 72, 1
11, 16, 73, 1
11, 16, 74, 1
11, 16, 75, 1
12, 16, 76, 1
12, 16, 88, 1
12, 16, 89, 1
12, 16, 77, 1
12, 16, 90, 1
12, 16, 87, 1
12, 16, 78, 3
12, 16, 80, 3
12, 16, 81, 3
12, 16, 79, 3
12, 16, 82, 3
12, 16, 56, 1
12, 16, 57, 1
12, 16, 58, 1
12, 16, 59, 1
12, 16, 60, 1
13, 16, 76, 1
13, 16, 88, 1
13, 16, 89, 1
13, 16, 77, 1
13, 16, 90, 1
13, 16, 87, 1
13, 16, 78, 3
13, 16, 80, 3
13, 16, 81, 3
13, 16, 79, 3
13, 16, 82, 3
13, 16, 61, 1
13, 16, 62, 1
13, 16, 63, 1
13, 16, 64, 1
13, 16, 65, 1
14, 16, 76, 1
14, 16, 88, 1
14, 16, 89, 1
14, 16, 77, 1
14, 16, 90, 1
14, 16, 87, 1
14, 16, 78, 3
14, 16, 80, 3
14, 16, 81, 3
14, 16, 79, 3
14, 16, 82, 3
14, 16, 66, 1
14, 16, 67, 1
14, 16, 68, 1
14, 16, 69, 1
14, 16, 70, 1
15, 16, 76, 1
15, 16, 88, 1
15, 16, 89, 1
15, 16, 77, 1
15, 16, 90, 1
15, 16, 87, 1
15, 16, 78, 3
15, 16, 80, 3
15, 16, 81, 3
15, 16, 79, 3
15, 16, 82, 3
15, 16, 71, 1
15, 16, 72, 1
15, 16, 73, 1
15, 16, 74, 1
15, 16, 75, 1
16, 16, 76, 1
16, 16, 88, 1
16, 16, 89, 1
16, 16, 77, 1
16, 16, 90, 1
16, 16, 87, 1
16, 16, 78, 3
16, 16, 80, 3
16, 16, 81, 3
16, 16, 79, 3
16, 16, 82, 3
16, 16, 56, 1
16, 16, 57, 1
16, 16, 58, 1
16, 16, 59, 1
16, 16, 60, 1
17, 16, 76, 1
17, 16, 88, 1
17, 16, 89, 1
17, 16, 77, 1
17, 16, 90, 1
17, 16, 87, 1
17, 16, 78, 3
17, 16, 80, 3
17, 16, 81, 3
17, 16, 79, 3
17, 16, 82, 3
17, 16, 61, 1
17, 16, 62, 1
17, 16, 63, 1
17, 16, 64, 1
17, 16, 65, 1
18, 16, 76, 1
18, 16, 88, 1
18, 16, 89, 1
18, 16, 77, 1
18, 16, 90, 1
18, 16, 87, 1
18, 16, 78, 3
18, 16, 80, 3
18, 16, 81, 3
18, 16, 79, 3
18, 16, 82, 3
18, 16, 66, 1
18, 16, 67, 1
18, 16, 68, 1
18, 16, 69, 1
18, 16, 70, 1
19, 16, 76, 1
19, 16, 88, 1
19, 16, 89, 1
19, 16, 77, 1
19, 16, 90, 1
19, 16, 87, 1
19, 16, 78, 3
19, 16, 80, 3
19, 16, 81, 3
19, 16, 79, 3
19, 16, 82, 3
19, 16, 71, 1
19, 16, 72, 1
19, 16, 73, 1
19, 16, 74, 1
19, 16, 75, 1
20, 16, 76, 1
20, 16, 88, 1
20, 16, 89, 1
20, 16, 77, 1
20, 16, 90, 1
20, 16, 87, 1
20, 16, 78, 3
20, 16, 80, 3
20, 16, 81, 3
20, 16, 79, 3
20, 16, 82, 3
20, 16, 56, 1
20, 16, 57, 1
20, 16, 58, 1
20, 16, 59, 1
20, 16, 60, 1
21, 16, 76, 1
21, 16, 88, 1
21, 16, 89, 1
21, 16, 77, 1
21, 16, 90, 1
21, 16, 87, 1
21, 16, 78, 3
21, 16, 80, 3
21, 16, 81, 3
21, 16, 79, 3
21, 16, 82, 3
21, 16, 61, 1
21, 16, 62, 1
21, 16, 63, 1
21, 16, 64, 1
21, 16, 65, 1
22, 16, 76, 1
22, 16, 88, 1
22, 16, 89, 1
22, 16, 77, 1
22, 16, 90, 1
22, 16, 87, 1
22, 16, 78, 3
22, 16, 80, 3
22, 16, 81, 3
22, 16, 79, 3
22, 16, 82, 3
22, 16, 66, 1
22, 16, 67, 1
22, 16, 68, 1
22, 16, 69, 1
22, 16, 70, 1
23, 16, 76, 1
23, 16, 88, 1
23, 16, 89, 1
23, 16, 77, 1
23, 16, 90, 1
23, 16, 87, 1
23, 16, 78, 3
23, 16, 80, 3
23, 16, 81, 3
23, 16, 79, 3
23, 16, 82, 3
23, 16, 71, 1
23, 16, 72, 1
23, 16, 73, 1
23, 16, 74, 1
23, 16, 75, 1
24, 16, 76, 1
24, 16, 88, 1
24, 16, 89, 1
24, 16, 77, 1
24, 16, 90, 1
24, 16, 87, 1
24, 16, 78, 3
24, 16, 80, 3
24, 16, 81, 3
24, 16, 79, 3
24, 16, 82, 3
24, 16, 56, 1
24, 16, 57, 1
24, 16, 58, 1
24, 16, 59, 1
24, 16, 60, 1
25, 16, 76, 1
25, 16, 88, 1
25, 16, 89, 1
25, 16, 77, 1
25, 16, 90, 1
25, 16, 87, 1
25, 16, 78, 3
25, 16, 80, 3
25, 16, 81, 3
25, 16, 79, 3
25, 16, 82, 3
25, 16, 61, 1
25, 16, 62, 1
25, 16, 63, 1
25, 16, 64, 1
25, 16, 65, 1
26, 16, 76, 1
26, 16, 88, 1
26, 16, 89, 1
26, 16, 77, 1
26, 16, 90, 1
26, 16, 87, 1
26, 16, 78, 3
26, 16, 80, 3
26, 16, 81, 3
26, 16, 79, 3
26, 16, 82, 3
26, 16, 66, 1
26, 16, 67, 1
26, 16, 68, 1
26, 16, 69, 1
26, 16, 70, 1
27, 16, 76, 1
27, 16, 88, 1
27, 16, 89, 1
27, 16, 77, 1
27, 16, 90, 1
27, 16, 87, 1
27, 16, 78, 3
27, 16, 80, 3
27, 16, 81, 3
27, 16, 79, 3
27, 16, 82, 3
27, 16, 71, 1
27, 16, 72, 1
27, 16, 73, 1
27, 16, 74, 1
27, 16, 75, 1
28, 16, 76, 1
28, 16, 88, 1
28, 16, 89, 1
28, 16, 77, 1
28, 16, 90, 1
28, 16, 87, 1
28, 16, 78, 3
28, 16, 80, 3
28, 16, 81, 3
28, 16, 79, 3
28, 16, 82, 3
28, 16, 56, 1
28, 16, 57, 1
28, 16, 58, 1
28, 16, 59, 1
28, 16, 60, 1
29, 16, 76, 1
29, 16, 88, 1
29, 16, 89, 1
29, 16, 77, 1
29, 16, 90, 1
29, 16, 87, 1
29, 16, 78, 3
29, 16, 80, 3
29, 16, 81, 3
29, 16, 79, 3
29, 16, 82, 3
29, 16, 61, 1
29, 16, 62, 1
29, 16, 63, 1
29, 16, 64, 1
29, 16, 65, 1
30, 16, 76, 1
30, 16, 88, 1
30, 16, 89, 1
30, 16, 77, 1
30, 16, 90, 1
30, 16, 87, 1
30, 16, 78, 3
30, 16, 80, 3
30, 16, 81, 3
30, 16, 79, 3
30, 16, 82, 3
30, 16, 66, 1
30, 16, 67, 1
30, 16, 68, 1
30, 16, 69, 1
30, 16, 70, 1
31, 16, 76, 1
31, 16, 88, 1
31, 16, 89, 1
31, 16, 77, 1
31, 16, 90, 1
31, 16, 87, 1
31, 16, 78, 3
31, 16, 80, 3
31, 16, 81, 3
31, 16, 79, 3
31, 16, 82, 3
31, 16, 71, 1
31, 16, 72, 1
31, 16, 73, 1
31, 16, 74, 1
31, 16, 75, 1
32, 16, 76, 1
32, 16, 88, 1
32, 16, 89, 1
32, 16, 77, 1
32, 16, 90, 1
32, 16, 87, 1
32, 16, 78, 3
32, 16, 80, 3
32, 16, 81, 3
32, 16, 79, 3
32, 16, 82, 3
32, 16, 56, 1
32, 16, 57, 1
32, 16, 58, 1
32, 16, 59, 1
32, 16, 60, 1
33, 16, 76, 1
33, 16, 88, 1
33, 16, 89, 1
33, 16, 77, 1
33, 16, 90, 1
33, 16, 87, 1
33, 16, 78, 3
33, 16, 80, 3
33, 16, 81, 3
33, 16, 79, 3
33, 16, 82, 3
33, 16, 61, 1
33, 16, 62, 1
33, 16, 63, 1
33, 16, 64, 1
33, 16, 65, 1
34, 16, 76, 1
34, 16, 88, 1
34, 16, 89, 1
34, 16, 77, 1
34, 16, 90, 1
34, 16, 87, 1
34, 16, 78, 3
34, 16, 80, 3
34, 16, 81, 3
34, 16, 79, 3
34, 16, 82, 3
34, 16, 66, 1
34, 16, 67, 1
34, 16, 68, 1
34, 16, 69, 1
34, 16, 70, 1
35, 16, 76, 1
35, 16, 88, 1
35, 16, 89, 1
35, 16, 77, 1
35, 16, 90, 1
35, 16, 87, 1
35, 16, 78, 3
35, 16, 80, 3
35, 16, 81, 3
35, 16, 79, 3
35, 16, 82, 3
35, 16, 71, 1
35, 16, 72, 1
35, 16, 73, 1
35, 16, 74, 1
35, 16, 75, 1
36, 16, 76, 1
36, 16, 88, 1
36, 16, 89, 1
36, 16, 77, 1
36, 16, 90, 1
36, 16, 87, 1
36, 16, 78, 3
36, 16, 80, 3
36, 16, 81, 3
36, 16, 79, 3
36, 16, 82, 3
36, 16, 56, 1
36, 16, 57, 1
36, 16, 58, 1
36, 16, 59, 1
36, 16, 60, 1
37, 16, 76, 1
37, 16, 88, 1
37, 16, 89, 1
37, 16, 77, 1
37, 16, 90, 1
37, 16, 87, 1
37, 16, 78, 3
37, 16, 80, 3
37, 16, 81, 3
37, 16, 79, 3
37, 16, 82, 3
37, 16, 61, 1
37, 16, 62, 1
37, 16, 63, 1
37, 16, 64, 1
37, 16, 65, 1
38, 16, 76, 1
38, 16, 88, 1
38, 16, 89, 1
38, 16, 77, 1
38, 16, 90, 1
38, 16, 87, 1
38, 16, 78, 3
38, 16, 80, 3
38, 16, 81, 3
38, 16, 79, 3
38, 16, 82, 3
38, 16, 66, 1
38, 16, 67, 1
38, 16, 68, 1
38, 16, 69, 1
38, 16, 70, 1
39, 16, 76, 1
39, 16, 88, 1
39, 16, 89, 1
39, 16, 77, 1
39, 16, 90, 1
39, 16, 87, 1
39, 16, 78, 3
39, 16, 80, 3
39, 16, 81, 3
39, 16, 79, 3
39, 16, 82, 3
39, 16, 71, 1
39, 16, 72, 1
39, 16, 73, 1
39, 16, 74, 1
39, 16, 75, 1
40, 16, 76, 1
40, 16, 88, 1
40, 16, 89, 1
40, 16, 77, 1
40, 16, 90, 1
40, 16, 87, 1
40, 16, 78, 3
40, 16, 80, 3
40, 16, 81, 3
40, 16, 79, 3
40, 16, 82, 3
40, 16, 56, 1
40, 16, 57, 1
40, 16, 58, 1
40, 16, 59, 1
40, 16, 60, 1
41, 16, 76, 1
41, 16, 88, 1
41, 16, 89, 1
41, 16, 77, 1
41, 16, 90, 1
41, 16, 87, 1
41, 16, 78, 3
41, 16, 80, 3
41, 16, 81, 3
41, 16, 79, 3
41, 16, 82, 3
41, 16, 61, 1
41, 16, 62, 1
41, 16, 63, 1
41, 16, 64, 1
41, 16, 65, 1
42, 16, 76, 1
42, 16, 88, 1
42, 16, 89, 1
42, 16, 77, 1
42, 16, 90, 1
42, 16, 87, 1
42, 16, 78, 3
42, 16, 80, 3
42, 16, 81, 3
42, 16, 79, 3
42, 16, 82, 3
42, 16, 66, 1
42, 16, 67, 1
42, 16, 68, 1
42, 16, 69, 1
42, 16, 70, 1
43, 16, 76, 1
43, 16, 88, 1
43, 16, 89, 1
43, 16, 77, 1
43, 16, 90, 1
43, 16, 87, 1
43, 16, 78, 3
43, 16, 80, 3
43, 16, 81, 3
43, 16, 79, 3
43, 16, 82, 3
43, 16, 71, 1
43, 16, 72, 1
43, 16, 73, 1
43, 16, 74, 1
43, 16, 75, 1
44, 16, 76, 1
44, 16, 88, 1
44, 16, 89, 1
44, 16, 77, 1
44, 16, 90, 1
44, 16, 87, 1
44, 16, 78, 3
44, 16, 80, 3
44, 16, 81, 3
44, 16, 79, 3
44, 16, 82, 3
44, 16, 56, 1
44, 16, 57, 1
44, 16, 58, 1
44, 16, 59, 1
44, 16, 60, 1
45, 16, 76, 1
45, 16, 88, 1
45, 16, 89, 1
45, 16, 77, 1
45, 16, 90, 1
45, 16, 87, 1
45, 16, 78, 3
45, 16, 80, 3
45, 16, 81, 3
45, 16, 79, 3
45, 16, 82, 3
45, 16, 61, 1
45, 16, 62, 1
45, 16, 63, 1
45, 16, 64, 1
45, 16, 65, 1
46, 16, 76, 1
46, 16, 88, 1
46, 16, 89, 1
46, 16, 77, 1
46, 16, 90, 1
46, 16, 87, 1
46, 16, 78, 3
46, 16, 80, 3
46, 16, 81, 3
46, 16, 79, 3
46, 16, 82, 3
46, 16, 66, 1
46, 16, 67, 1
46, 16, 68, 1
46, 16, 69, 1
46, 16, 70, 1
47, 16, 76, 1
47, 16, 88, 1
47, 16, 89, 1
47, 16, 77, 1
47, 16, 90, 1
47, 16, 87, 1
47, 16, 78, 3
47, 16, 80, 3
47, 16, 81, 3
47, 16, 79, 3
47, 16, 82, 3
47, 16, 71, 1
47, 16, 72, 1
47, 16, 73, 1
47, 16, 74, 1
47, 16, 75, 1
48, 28, 76, 24
48, 28, 88, 24
48, 28, 89, 24
48, 28, 77, 24
48, 28, 90, 24
48, 28, 85, 30
48, 28, 86, 30
48, 28, 83, 30
48, 28, 84, 30
48, 28, 0, 1
48, 28, 4, 1
48, 28, 8, 1
48, 28, 12, 1
48, 28, 16, 1
48, 28, 20, 1
48, 28, 24, 1
48, 28, 28, 1
48, 28, 32, 1
48, 28, 36, 1
48, 28, 40, 1
48, 28, 44, 1
48, 28, 87, 12
48, 28, 49, 24
48, 28, 56, 24
48, 28, 57, 24
48, 28, 58, 24
48, 28, 59, 24
48, 28, 60, 24
49, 28, 76, 24
49, 28, 88, 24
49, 28, 89, 24
49, 28, 77, 24
49, 28, 90, 24
49, 28, 85, 30
49, 28, 86, 30
49, 28, 83, 30
49, 28, 84, 30
49, 28, 0, 1
49, 28, 4, 1
49, 28, 8, 1
49, 28, 12, 1
49, 28, 16, 1
49, 28, 20, 1
49, 28, 24, 1
49, 28, 28, 1
49, 28, 32, 1
49, 28, 36, 1
49, 28, 40, 1
49, 28, 44, 1
49, 28, 87, 12
49, 28, 56, 24
49, 28, 57, 24
49, 28, 58, 24
49, 28, 59, 24
49, 28, 60, 24
49, 28, 48, 12
50, 28, 76, 24
50, 28, 88, 24
50, 28, 89, 24
50, 28, 77, 24
50, 28, 90, 24
50, 28, 85, 30
50, 28, 86, 30
50, 28, 83, 30
50, 28, 84, 30
50, 28, 1, 1
50, 28, 5, 1
50, 28, 9, 1
50, 28, 13, 1
50, 28, 17, 1
50, 28, 21, 1
50, 28, 25, 1
50, 28, 29, 1
50, 28, 33, 1
50, 28, 37, 1
50, 28, 41, 1
50, 28, 45, 1
50, 28, 87, 12
50, 28, 51, 24
50, 28, 61, 24
50, 28, 62, 24
50, 28, 63, 24
50, 28, 64, 24
50, 28, 65, 24
51, 28, 76, 24
51, 28, 88, 24
51, 28, 89, 24
51, 28, 77, 24
51, 28, 90, 24
51, 28, 85, 30
51, 28, 86, 30
51, 28, 83, 30
51, 28, 84, 30
51, 28, 1, 1
51, 28, 5, 1
51, 28, 9, 1
51, 28, 13, 1
51, 28, 17, 1
51, 28, 21, 1
51, 28, 25, 1
51, 28, 29, 1
51, 28, 33, 1
51, 28, 37, 1
51, 28, 41, 1
51, 28, 45, 1
51, 28, 87, 12
51, 28, 61, 24
51, 28, 62, 24
51, 28, 63, 24
51, 28, 64, 24
51, 28, 65, 24
51, 28, 50, 12
52, 28, 76, 24
52, 28, 88, 24
52, 28, 89, 24
52, 28, 77, 24
52, 28, 90, 24
52, 28, 85, 30
52, 28, 86, 30
52, 28, 83, 30
52, 28, 84, 30
52, 28, 2, 1
52, 28, 6, 1
52, 28, 10, 1
52, 28, 14, 1
52, 28, 18, 1
52, 28, 22, 1
52, 28, 26, 1
52, 28, 30, 1
52, 28, 34, 1
52, 28, 38, 1
52, 28, 42, 1
52, 28, 46, 1
52, 28, 87, 12
52, 28, 53, 24
52, 28, 66, 24
52, 28, 67, 24
52, 28, 68, 24
52, 28, 69, 24
52, 28, 70, 24
53, 28, 76, 24
53, 28, 88, 24
53, 28, 89, 24
53, 28, 77, 24
53, 28, 90, 24
53, 28, 85, 30
53, 28, 86, 30
53, 28, 83, 30
53, 28, 84, 30
53, 28, 2, 1
53, 28, 6, 1
53, 28, 10, 1
53, 28, 14, 1
53, 28, 18, 1
53, 28, 22, 1
53, 28, 26, 1
53, 28, 30, 1
53, 28, 34, 1
53, 28, 38, 1
53, 28, 42, 1
53, 28, 46, 1
53, 28, 87, 12
53, 28, 66, 24
53, 28, 67, 24
53, 28, 68, 24
53, 28, 69, 24
53, 28, 70, 24
53, 28, 52, 12
54, 28, 76, 24
54, 28, 88, 24
54, 28, 89, 24
54, 28, 77, 24
54, 28, 90, 24
54, 28, 85, 30
54, 28, 86, 30
54, 28, 83, 30
54, 28, 84, 30
54, 28, 3, 1
54, 28, 7, 1
54, 28, 11, 1
54, 28, 15, 1
54, 28, 19, 1
54, 28, 23, 1
54, 28, 27, 1
54, 28, 31, 1
54, 28, 35, 1
54, 28, 39, 1
54, 28, 43, 1
54, 28, 47, 1
54, 28, 87, 12
54, 28, 55, 24
54, 28, 71, 24
54, 28, 72, 24
54, 28, 73, 24
54, 28, 74, 24
54, 28, 75, 24
55, 28, 76, 24
55, 28, 88, 24
55, 28, 89, 24
55, 28, 77, 24
55, 28, 90, 24
55, 28, 85, 30
55, 28, 86, 30
55, 28, 83, 30
55, 28, 84, 30
55, 28, 3, 1
55, 28, 7, 1
55, 28, 11, 1
55, 28, 15, 1
55, 28, 19, 1
55, 28, 23, 1
55, 28, 27, 1
55, 28, 31, 1
55, 28, 35, 1
55, 28, 39, 1
55, 28, 43, 1
55, 28, 47, 1
55, 28, 87, 12
55, 28, 71, 24
55, 28, 72, 24
55, 28, 73, 24
55, 28, 74, 24
55, 28, 75, 24
55, 28, 54, 12
56, 1, 78, 12
57, 1, 80, 12
58, 1, 81, 12
59, 1, 79, 12
60, 1, 82, 12
61, 1, 78, 12
62, 1, 80, 12
63, 1, 81, 12
64, 1, 79, 12
65, 1, 82, 12
66, 1, 78, 12
67, 1, 80, 12
68, 1, 81, 12
69, 1, 79, 12
70, 1, 82, 12
71, 1, 78, 12
72, 1, 80, 12
73, 1, 81, 12
74, 1, 79, 12
75, 1, 82, 12
76, 10, -1, 1
76, 10, -1, 1
76, 10, 92, 1
76, 10, 85, 25
76, 10, 86, 26
76, 10, 83, 25
76, 10, 84, 25
76, 10, 78, 48
76, 10, 56, 36
76, 10, 61, 36
76, 10, 66, 36
76, 10, 71, 36
77, 10, -1, 1
77, 10, -1, 1
77, 10, 91, 1
77, 10, 85, 25
77, 10, 86, 26
77, 10, 83, 25
77, 10, 84, 25
77, 10, 79, 48
77, 10, 59, 36
77, 10, 64, 36
77, 10, 69, 36
77, 10, 74, 36
78, 53, 0, 1
78, 53, 1, 1
78, 53, 2, 1
78, 53, 3, 1
78, 53, 4, 1
78, 53, 5, 1
78, 53, 6, 1
78, 53, 7, 1
78, 53, 8, 1
78, 53, 9, 1
78, 53, 10, 1
78, 53, 11, 1
78, 53, 12, 1
78, 53, 13, 1
78, 53, 14, 1
78, 53, 15, 1
78, 53, 16, 1
78, 53, 17, 1
78, 53, 18, 1
78, 53, 19, 1
78, 53, 20, 1
78, 53, 21, 1
78, 53, 22, 1
78, 53, 23, 1
78, 53, 24, 1
78, 53, 25, 1
78, 53, 26, 1
78, 53, 27, 1
78, 53, 28, 1
78, 53, 29, 1
78, 53, 30, 1
78, 53, 31, 1
78, 53, 32, 1
78, 53, 33, 1
78, 53, 34, 1
78, 53, 35, 1
78, 53, 36, 1
78, 53, 37, 1
78, 53, 38, 1
78, 53, 39, 1
78, 53, 40, 1
78, 53, 41, 1
78, 53, 42, 1
78, 53, 43, 1
78, 53, 44, 1
78, 53, 45, 1
78, 53, 46, 1
78, 53, 47, 1
78, 53, 87, 48
78, 53, 80, 48
78, 53, 81, 48
78, 53, 79, 48
78, 53, 82, 48
79, 53, 0, 1
79, 53, 1, 1
79, 53, 2, 1
79, 53, 3, 1
79, 53, 4, 1
79, 53, 5, 1
79, 53, 6, 1
79, 53, 7, 1
79, 53, 8, 1
79, 53, 9, 1
79, 53, 10, 1
79, 53, 11, 1
79, 53, 12, 1
79, 53, 13, 1
79, 53, 14, 1
79, 53, 15, 1
79, 53, 16, 1
79, 53, 17, 1
79, 53, 18, 1
79, 53, 19, 1
79, 53, 20, 1
79, 53, 21, 1
79, 53, 22, 1
79, 53, 23, 1
79, 53, 24, 1
79, 53, 25, 1
79, 53, 26, 1
79, 53, 27, 1
79, 53, 28, 1
79, 53, 29, 1
79, 53, 30, 1
79, 53, 31, 1
79, 53, 32, 1
79, 53, 33, 1
79, 53, 34, 1
79, 53, 35, 1
79, 53, 36, 1
79, 53, 37, 1
79, 53, 38, 1
79, 53, 39, 1
79, 53, 40, 1
79, 53, 41, 1
79, 53, 42, 1
79, 53, 43, 1
79, 53, 44, 1
79, 53, 45, 1
79, 53, 46, 1
79, 53, 47, 1
79, 53, 87, 48
79, 53, 78, 48
79, 53, 80, 48
79, 53, 81, 48
79, 53, 82, 48
80, 53, 0, 1
80, 53, 1, 1
80, 53, 2, 1
80, 53, 3, 1
80, 53, 4, 1
80, 53, 5, 1
80, 53, 6, 1
80, 53, 7, 1
80, 53, 8, 1
80, 53, 9, 1
80, 53, 10, 1
80, 53, 11, 1
80, 53, 12, 1
80, 53, 13, 1
80, 53, 14, 1
80, 53, 15, 1
80, 53, 16, 1
80, 53, 17, 1
80, 53, 18, 1
80, 53, 19, 1
80, 53, 20, 1
80, 53, 21, 1
80, 53, 22, 1
80, 53, 23, 1
80, 53, 24, 1
80, 53, 25, 1
80, 53, 26, 1
80, 53, 27, 1
80, 53, 28, 1
80, 53, 29, 1
80, 53, 30, 1
80, 53, 31, 1
80, 53, 32, 1
80, 53, 33, 1
80, 53, 34, 1
80, 53, 35, 1
80, 53, 36, 1
80, 53, 37, 1
80, 53, 38, 1
80, 53, 39, 1
80, 53, 40, 1
80, 53, 41, 1
80, 53, 42, 1
80, 53, 43, 1
80, 53, 44, 1
80, 53, 45, 1
80, 53, 46, 1
80, 53, 47, 1
80, 53, 87, 48
80, 53, 78, 48
80, 53, 81, 48
80, 53, 79, 48
80, 53, 82, 48
81, 53, 0, 1
81, 53, 1, 1
81, 53, 2, 1
81, 53, 3, 1
81, 53, 4, 1
81, 53, 5, 1
81, 53, 6, 1
81, 53, 7, 1
81, 53, 8, 1
81, 53, 9, 1
81, 53, 10, 1
81, 53, 11, 1
81, 53, 12, 1
81, 53, 13, 1
81, 53, 14, 1
81, 53, 15, 1
81, 53, 16, 1
81, 53, 17, 1
81, 53, 18, 1
81, 53, 19, 1
81, 53, 20, 1
81, 53, 21, 1
81, 53, 22, 1
81, 53, 23, 1
81, 53, 24, 1
81, 53, 25, 1
81, 53, 26, 1
81, 53, 27, 1
81, 53, 28, 1
81, 53, 29, 1
81, 53, 30, 1
81, 53, 31, 1
81, 53, 32, 1
81, 53, 33, 1
81, 53, 34, 1
81, 53, 35, 1
81, 53, 36, 1
81, 53, 37, 1
81, 53, 38, 1
81, 53, 39, 1
81, 53, 40, 1
81, 53, 41, 1
81, 53, 42, 1
81, 53, 43, 1
81, 53, 44, 1
81, 53, 45, 1
81, 53, 46, 1
81, 53, 47, 1
81, 53, 87, 48
81, 53, 78, 48
81, 53, 80, 48
81, 53, 79, 48
81, 53, 82, 48
82, 53, 0, 1
82, 53, 1, 1
82, 53, 2, 1
82, 53, 3, 1
82, 53, 4, 1
82, 53, 5, 1
82, 53, 6, 1
82, 53, 7, 1
82, 53, 8, 1
82, 53, 9, 1
82, 53, 10, 1
82, 53, 11, 1
82, 53, 12, 1
82, 53, 13, 1
82, 53, 14, 1
82, 53, 15, 1
82, 53, 16, 1
82, 53, 17, 1
82, 53, 18, 1
82, 53, 19, 1
82, 53, 20, 1
82, 53, 21, 1
82, 53, 22, 1
82, 53, 23, 1
82, 53, 24, 1
82, 53, 25, 1
82, 53, 26, 1
82, 53, 27, 1
82, 53, 28, 1
82, 53, 29, 1
82, 53, 30, 1
82, 53, 31, 1
82, 53, 32, 1
82, 53, 33, 1
82, 53, 34, 1
82, 53, 35, 1
82, 53, 36, 1
82, 53, 37, 1
82, 53, 38, 1
82, 53, 39, 1
82, 53, 40, 1
82, 53, 41, 1
82, 53, 42, 1
82, 53, 43, 1
82, 53, 44, 1
82, 53, 45, 1
82, 53, 46, 1
82, 53, 47, 1
82, 53, 87, 48
82, 53, 78, 48
82, 53, 80, 48
82, 53, 81, 48
82, 53, 79, 48
83, 33, 76, 12
83, 33, 88, 12
83, 33, 89, 12
83, 33, 77, 12
83, 33, 90, 12
83, 33, 49, 3
83, 33, 51, 3
83, 33, 53, 3
83, 33, 55, 3
83, 33, 56, 3
83, 33, 61, 3
83, 33, 66, 3
83, 33, 71, 3
83, 33, 57, 3
83, 33, 62, 3
83, 33, 67, 3
83, 33, 72, 3
83, 33, 58, 3
83, 33, 63, 3
83, 33, 68, 3
83, 33, 73, 3
83, 33, 59, 3
83, 33, 64, 3
83, 33, 69, 3
83, 33, 74, 3
83, 33, 60, 3
83, 33, 65, 3
83, 33, 70, 3
83, 33, 75, 3
83, 33, 48, 3
83, 33, 50, 3
83, 33, 52, 3
83, 33, 54, 3
84, 33, 76, 12
84, 33, 88, 12
84, 33, 89, 12
84, 33, 77, 12
84, 33, 90, 12
84, 33, 49, 3
84, 33, 51, 3
84, 33, 53, 3
84, 33, 55, 3
84, 33, 56, 3
84, 33, 61, 3
84, 33, 66, 3
84, 33, 71, 3
84, 33, 57, 3
84, 33, 62, 3
84, 33, 67, 3
84, 33, 72, 3
84, 33, 58, 3
84, 33, 63, 3
84, 33, 68, 3
84, 33, 73, 3
84, 33, 59, 3
84, 33, 64, 3
84, 33, 69, 3
84, 33, 74, 3
84, 33, 60, 3
84, 33, 65, 3
84, 33, 70, 3
84, 33, 75, 3
84, 33, 48, 3
84, 33, 50, 3
84, 33, 52, 3
84, 33, 54, 3
85, 33, 76, 12
85, 33, 88, 13
85, 33, 89, 12
85, 33, 77, 12
85, 33, 90, 12
85, 33, 49, 3
85, 33, 51, 3
85, 33, 53, 3
85, 33, 55, 3
85, 33, 56, 3
85, 33, 61, 3
85, 33, 66, 3
85, 33, 71, 3
85, 33, 57, 3
85, 33, 62, 3
85, 33, 67, 3
85, 33, 72, 3
85, 33, 58, 3
85, 33, 63, 3
85, 33, 68, 3
85, 33, 73, 3
85, 33, 59, 3
85, 33, 64, 3
85, 33, 69, 3
85, 33, 74, 3
85, 33, 60, 3
85, 33, 65, 3
85, 33, 70, 3
85, 33, 75, 3
85, 33, 48, 3
85, 33, 50, 3
85, 33, 52, 3
85, 33, 54, 3
86, 33, 76, 13
86, 33, 88, 12
86, 33, 89, 13
86, 33, 77, 13
86, 33, 90, 13
86, 33, 49, 3
86, 33, 51, 3
86, 33, 53, 3
86, 33, 55, 3
86, 33, 56, 3
86, 33, 61, 3
86, 33, 66, 3
86, 33, 71, 3
86, 33, 57, 3
86, 33, 62, 3
86, 33, 67, 3
86, 33, 72, 3
86, 33, 58, 3
86, 33, 63, 3
86, 33, 68, 3
86, 33, 73, 3
86, 33, 59, 3
86, 33, 64, 3
86, 33, 69, 3
86, 33, 74, 3
86, 33, 60, 3
86, 33, 65, 3
86, 33, 70, 3
86, 33, 75, 3
86, 33, 48, 3
86, 33, 50, 3
86, 33, 52, 3
86, 33, 54, 3
87, 87, -1, 1
87, 87, -1, 1
87, 87, 92, 1
87, 87, 76, 101
87, 87, -1, 1
87, 87, -1, 1
87, 87, -1, 1
87, 87, 88, 101
87, 87, -1, 1
87, 87, -1, 1
87, 87, -1, 1
87, 87, 89, 101
87, 87, -1, 1
87, 87, -1, 1
87, 87, 91, 1
87, 87, 77, 101
87, 87, -1, 1
87, 87, -1, 1
87, 87, -1, 1
87, 87, 90, 101
87, 87, 85, 126
87, 87, 86, 129
87, 87, 83, 125
87, 87, 84, 125
87, 87, 0, 1
87, 87, 1, 1
87, 87, 2, 1
87, 87, 3, 1
87, 87, 4, 1
87, 87, 5, 1
87, 87, 6, 1
87, 87, 7, 1
87, 87, 8, 1
87, 87, 9, 1
87, 87, 10, 1
87, 87, 11, 1
87, 87, 12, 1
87, 87, 13, 1
87, 87, 14, 1
87, 87, 15, 1
87, 87, 16, 1
87, 87, 17, 1
87, 87, 18, 1
87, 87, 19, 1
87, 87, 20, 1
87, 87, 21, 1
87, 87, 22, 1
87, 87, 23, 1
87, 87, 24, 1
87, 87, 25, 1
87, 87, 26, 1
87, 87, 27, 1
87, 87, 28, 1
87, 87, 29, 1
87, 87, 30, 1
87, 87, 31, 1
87, 87, 32, 1
87, 87, 33, 1
87, 87, 34, 1
87, 87, 35, 1
87, 87, 36, 1
87, 87, 37, 1
87, 87, 38, 1
87, 87, 39, 1
87, 87, 40, 1
87, 87, 41, 1
87, 87, 42, 1
87, 87, 43, 1
87, 87, 44, 1
87, 87, 45, 1
87, 87, 46, 1
87, 87, 47, 1
87, 87, 49, 24
87, 87, 51, 24
87, 87, 53, 24
87, 87, 55, 24
87, 87, 56, 24
87, 87, 61, 24
87, 87, 66, 24
87, 87, 71, 24
87, 87, 57, 24
87, 87, 62, 24
87, 87, 67, 24
87, 87, 72, 24
87, 87, 58, 24
87, 87, 63, 24
87, 87, 68, 24
87, 87, 73, 24
87, 87, 59, 24
87, 87, 64, 24
87, 87, 69, 24
87, 87, 74, 24
87, 87, 60, 24
87, 87, 65, 24
87, 87, 70, 24
87, 87, 75, 24
87, 87, 48, 24
87, 87, 50, 24
87, 87, 52, 24
87, 87, 54, 24
88, 9, -1, 1
88, 9, -1, 1
88, 9, -1, 1
88, 9, 85, 26
88, 9, 86, 25
88, 9, 83, 25
88, 9, 84, 25
88, 9, 80, 48
88, 9, 57, 36
88, 9, 62, 36
88, 9, 67, 36
88, 9, 72, 36
89, 9, -1, 1
89, 9, -1, 1
89, 9, -1, 1
89, 9, 85, 25
89, 9, 86, 26
89, 9, 83, 25
89, 9, 84, 25
89, 9, 81, 48
89, 9, 58, 36
89, 9, 63, 36
89, 9, 68, 36
89, 9, 73, 36
90, 9, -1, 1
90, 9, -1, 1
90, 9, -1, 1
90, 9, 85, 25
90, 9, 86, 26
90, 9, 83, 25
90, 9, 84, 25
90, 9, 82, 48
90, 9, 60, 36
90, 9, 65, 36
90, 9, 70, 36
90, 9, 75, 36
DTG
0, 1, 0, 1, 6
0, 1, 1, 0, 4
1, 1, 0, 1, 6
1, 1, 1, 0, 4
2, 1, 0, 1, 6
2, 1, 1, 0, 4
3, 1, 0, 1, 6
3, 1, 1, 0, 4
4, 1, 0, 1, 6
4, 1, 1, 0, 4
5, 1, 0, 1, 6
5, 1, 1, 0, 4
6, 1, 0, 1, 6
6, 1, 1, 0, 4
7, 1, 0, 1, 6
7, 1, 1, 0, 4
8, 1, 0, 1, 6
8, 1, 1, 0, 4
9, 1, 0, 1, 6
9, 1, 1, 0, 4
10, 1, 0, 1, 6
10, 1, 1, 0, 4
11, 1, 0, 1, 6
11, 1, 1, 0, 4
12, 1, 0, 1, 6
12, 1, 1, 0, 4
13, 1, 0, 1, 6
13, 1, 1, 0, 4
14, 1, 0, 1, 6
14, 1, 1, 0, 4
15, 1, 0, 1, 6
15, 1, 1, 0, 4
16, 1, 0, 1, 6
16, 1, 1, 0, 4
17, 1, 0, 1, 6
17, 1, 1, 0, 4
18, 1, 0, 1, 6
18, 1, 1, 0, 4
19, 1, 0, 1, 6
19, 1, 1, 0, 4
20, 1, 0, 1, 6
20, 1, 1, 0, 4
21, 1, 0, 1, 6
21, 1, 1, 0, 4
22, 1, 0, 1, 6
22, 1, 1, 0, 4
23, 1, 0, 1, 6
23, 1, 1, 0, 4
24, 1, 0, 1, 6
24, 1, 1, 0, 4
25, 1, 0, 1, 6
25, 1, 1, 0, 4
26, 1, 0, 1, 6
26, 1, 1, 0, 4
27, 1, 0, 1, 6
27, 1, 1, 0, 4
28, 1, 0, 1, 6
28, 1, 1, 0, 4
29, 1, 0, 1, 6
29, 1, 1, 0, 4
30, 1, 0, 1, 6
30, 1, 1, 0, 4
31, 1, 0, 1, 6
31, 1, 1, 0, 4
32, 1, 0, 1, 6
32, 1, 1, 0, 4
33, 1, 0, 1, 6
33, 1, 1, 0, 4
34, 1, 0, 1, 6
34, 1, 1, 0, 4
35, 1, 0, 1, 6
35, 1, 1, 0, 4
36, 1, 0, 1, 6
36, 1, 1, 0, 4
37, 1, 0, 1, 6
37, 1, 1, 0, 4
38, 1, 0, 1, 6
38, 1, 1, 0, 4
39, 1, 0, 1, 6
39, 1, 1, 0, 4
40, 1, 0, 1, 6
40, 1, 1, 0, 4
41, 1, 0, 1, 6
41, 1, 1, 0, 4
42, 1, 0, 1, 6
42, 1, 1, 0, 4
43, 1, 0, 1, 6
43, 1, 1, 0, 4
44, 1, 0, 1, 6
44, 1, 1, 0, 4
45, 1, 0, 1, 6
45, 1, 1, 0, 4
46, 1, 0, 1, 6
46, 1, 1, 0, 4
47, 1, 0, 1, 6
47, 1, 1, 0, 4
48, 12, 0, 1, 3
48, 12, 0, 2, 3
48, 12, 0, 3, 3
48, 12, 0, 4, 3
48, 12, 0, 5, 3
48, 12, 0, 6, 3
48, 12, 0, 7, 3
48, 12, 0, 8, 3
48, 12, 0, 9, 3
48, 12, 0, 10, 3
48, 12, 0, 11, 3
48, 12, 0, 12, 3
48, 1, 1, 0, 3
48, 1, 2, 0, 3
48, 1, 3, 0, 3
48, 1, 4, 0, 3
48, 1, 5, 0, 3
48, 1, 6, 0, 3
48, 1, 7, 0, 3
48, 1, 8, 0, 3
48, 1, 9, 0, 3
48, 1, 10, 0, 3
48, 1, 11, 0, 3
48, 1, 12, 0, 3
49, 12, 0, 1, 3
49, 12, 0, 1, 3
49, 12, 0, 1, 3
49, 12, 0, 1, 3
49, 12, 0, 1, 3
49, 12, 0, 1, 3
49, 12, 0, 1, 3
49, 12, 0, 1, 3
49, 12, 0, 1, 3
49, 12, 0, 1, 3
49, 12, 0, 1, 3
49, 12, 0, 1, 3
49, 4, 1, 0, 4
49, 4, 1, 0, 4
49, 4, 1, 0, 4
49, 4, 1, 0, 4
50, 12, 0, 1, 3
50, 12, 0, 2, 3
50, 12, 0, 3, 3
50, 12, 0, 4, 3
50, 12, 0, 5, 3
50, 12, 0, 6, 3
50, 12, 0, 7, 3
50, 12, 0, 8, 3
50, 12, 0, 9, 3
50, 12, 0, 10, 3
50, 12, 0, 11, 3
50, 12, 0, 12, 3
50, 1, 1, 0, 3
50, 1, 2, 0, 3
50, 1, 3, 0, 3
50, 1, 4, 0, 3
50, 1, 5, 0, 3
50, 1, 6, 0, 3
50, 1, 7, 0, 3
50, 1, 8, 0, 3
50, 1, 9, 0, 3
50, 1, 10, 0, 3
50, 1, 11, 0, 3
50, 1, 12, 0, 3
51, 12, 0, 1, 3
51, 12, 0, 1, 3
51, 12, 0, 1, 3
51, 12, 0, 1, 3
51, 12, 0, 1, 3
51, 12, 0, 1, 3
51, 12, 0, 1, 3
51, 12, 0, 1, 3
51, 12, 0, 1, 3
51, 12, 0, 1, 3
51, 12, 0, 1, 3
51, 12, 0, 1, 3
51, 4, 1, 0, 4
51, 4, 1, 0, 4
51, 4, 1, 0, 4
51, 4, 1, 0, 4
52, 12, 0, 1, 3
52, 12, 0, 2, 3
52, 12, 0, 3, 3
52, 12, 0, 4, 3
52, 12, 0, 5, 3
52, 12, 0, 6, 3
52, 12, 0, 7, 3
52, 12, 0, 8, 3
52, 12, 0, 9, 3
52, 12, 0, 10, 3
52, 12, 0, 11, 3
52, 12, 0, 12, 3
52, 1, 1, 0, 3
52, 1, 2, 0, 3
52, 1, 3, 0, 3
52, 1, 4, 0, 3
52, 1, 5, 0, 3
52, 1, 6, 0, 3
52, 1, 7, 0, 3
52, 1, 8, 0, 3
52, 1, 9, 0, 3
52, 1, 10, 0, 3
52, 1, 11, 0, 3
52, 1, 12, 0, 3
53, 12, 0, 1, 3
53, 12, 0, 1, 3
53, 12, 0, 1, 3
53, 12, 0, 1, 3
53, 12, 0, 1, 3
53, 12, 0, 1, 3
53, 12, 0, 1, 3
53, 12, 0, 1, 3
53, 12, 0, 1, 3
53, 12, 0, 1, 3
53, 12, 0, 1, 3
53, 12, 0, 1, 3
53, 4, 1, 0, 4
53, 4, 1, 0, 4
53, 4, 1, 0, 4
53, 4, 1, 0, 4
54, 12, 0, 1, 3
54, 12, 0, 2, 3
54, 12, 0, 3, 3
54, 12, 0, 4, 3
54, 12, 0, 5, 3
54, 12, 0, 6, 3
54, 12, 0, 7, 3
54, 12, 0, 8, 3
54, 12, 0, 9, 3
54, 12, 0, 10, 3
54, 12, 0, 11, 3
54, 12, 0, 12, 3
54, 1, 1, 0, 3
54, 1, 2, 0, 3
54, 1, 3, 0, 3
54, 1, 4, 0, 3
54, 1, 5, 0, 3
54, 1, 6, 0, 3
54, 1, 7, 0, 3
54, 1, 8, 0, 3
54, 1, 9, 0, 3
54, 1, 10, 0, 3
54, 1, 11, 0, 3
54, 1, 12, 0, 3
55, 12, 0, 1, 3
55, 12, 0, 1, 3
55, 12, 0, 1, 3
55, 12, 0, 1, 3
55, 12, 0, 1, 3
55, 12, 0, 1, 3
55, 12, 0, 1, 3
55, 12, 0, 1, 3
55, 12, 0, 1, 3
55, 12, 0, 1, 3
55, 12, 0, 1, 3
55, 12, 0, 1, 3
55, 4, 1, 0, 4
55, 4, 1, 0, 4
55, 4, 1, 0, 4
55, 4, 1, 0, 4
56, 12, 0, 1, 5
56, 12, 0, 1, 5
56, 12, 0, 1, 5
56, 12, 0, 1, 5
56, 12, 0, 1, 5
56, 12, 0, 1, 5
56, 12, 0, 1, 5
56, 12, 0, 1, 5
56, 12, 0, 1, 5
56, 12, 0, 1, 5
56, 12, 0, 1, 5
56, 12, 0, 1, 5
56, 24, 1, 0, 3
56, 24, 1, 0, 3
56, 24, 1, 0, 3
56, 24, 1, 0, 3
56, 24, 1, 0, 3
56, 24, 1, 0, 3
56, 24, 1, 0, 3
56, 24, 1, 0, 3
56, 24, 1, 0, 3
56, 24, 1, 0, 3
56, 24, 1, 0, 3
56, 24, 1, 0, 3
56, 24, 1, 0, 6
56, 24, 1, 0, 6
56, 24, 1, 0, 6
56, 24, 1, 0, 6
56, 24, 1, 0, 6
56, 24, 1, 0, 6
56, 24, 1, 0, 6
56, 24, 1, 0, 6
56, 24, 1, 0, 6
56, 24, 1, 0, 6
56, 24, 1, 0, 6
56, 24, 1, 0, 6
57, 12, 0, 1, 5
57, 12, 0, 1, 5
57, 12, 0, 1, 5
57, 12, 0, 1, 5
57, 12, 0, 1, 5
57, 12, 0, 1, 5
57, 12, 0, 1, 5
57, 12, 0, 1, 5
57, 12, 0, 1, 5
57, 12, 0, 1, 5
57, 12, 0, 1, 5
57, 12, 0, 1, 5
57, 24, 1, 0, 3
57, 24, 1, 0, 3
57, 24, 1, 0, 3
57, 24, 1, 0, 3
57, 24, 1, 0, 3
57, 24, 1, 0, 3
57, 24, 1, 0, 3
57, 24, 1, 0, 3
57, 24, 1, 0, 3
57, 24, 1, 0, 3
57, 24, 1, 0, 3
57, 24, 1, 0, 3
57, 24, 1, 0, 6
57, 24, 1, 0, 6
57, 24, 1, 0, 6
57, 24, 1, 0, 6
57, 24, 1, 0, 6
57, 24, 1, 0, 6
57, 24, 1, 0, 6
57, 24, 1, 0, 6
57, 24, 1, 0, 6
57, 24, 1, 0, 6
57, 24, 1, 0, 6
57, 24, 1, 0, 6
58, 12, 0, 1, 5
58, 12, 0, 1, 5
58, 12, 0, 1, 5
58, 12, 0, 1, 5
58, 12, 0, 1, 5
58, 12, 0, 1, 5
58, 12, 0, 1, 5
58, 12, 0, 1, 5
58, 12, 0, 1, 5
58, 12, 0, 1, 5
58, 12, 0, 1, 5
58, 12, 0, 1, 5
58, 24, 1, 0, 3
58, 24, 1, 0, 3
58, 24, 1, 0, 3
58, 24, 1, 0, 3
58, 24, 1, 0, 3
58, 24, 1, 0, 3
58, 24, 1, 0, 3
58, 24, 1, 0, 3
58, 24, 1, 0, 3
58, 24, 1, 0, 3
58, 24, 1, 0, 3
58, 24, 1, 0, 3
58, 24, 1, 0, 6
58, 24, 1, 0, 6
58, 24, 1, 0, 6
58, 24, 1, 0, 6
58, 24, 1, 0, 6
58, 24, 1, 0, 6
58, 24, 1, 0, 6
58, 24, 1, 0, 6
58, 24, 1, 0, 6
58, 24, 1, 0, 6
58, 24, 1, 0, 6
58, 24, 1, 0, 6
59, 12, 0, 1, 5
59, 12, 0, 1, 5
59, 12, 0, 1, 5
59, 12, 0, 1, 5
59, 12, 0, 1, 5
59, 12, 0, 1, 5
59, 12, 0, 1, 5
59, 12, 0, 1, 5
59, 12, 0, 1, 5
59, 12, 0, 1, 5
59, 12, 0, 1, 5
59, 12, 0, 1, 5
59, 24, 1, 0, 3
59, 24, 1, 0, 3
59, 24, 1, 0, 3
59, 24, 1, 0, 3
59, 24, 1, 0, 3
59, 24, 1, 0, 3
59, 24, 1, 0, 3
59, 24, 1, 0, 3
59, 24, 1, 0, 3
59, 24, 1, 0, 3
59, 24, 1, 0, 3
59, 24, 1, 0, 3
59, 24, 1, 0, 6
59, 24, 1, 0, 6
59, 24, 1, 0, 6
59, 24, 1, 0, 6
59, 24, 1, 0, 6
59, 24, 1, 0, 6
59, 24, 1, 0, 6
59, 24, 1, 0, 6
59, 24, 1, 0, 6
59, 24, 1, 0, 6
59, 24, 1, 0, 6
59, 24, 1, 0, 6
60, 12, 0, 1, 5
60, 12, 0, 1, 5
60, 12, 0, 1, 5
60, 12, 0, 1, 5
60, 12, 0, 1, 5
60, 12, 0, 1, 5
60, 12, 0, 1, 5
60, 12, 0, 1, 5
60, 12, 0, 1, 5
60, 12, 0, 1, 5
60, 12, 0, 1, 5
60, 12, 0, 1, 5
60, 24, 1, 0, 3
60, 24, 1, 0, 3
60, 24, 1, 0, 3
60, 24, 1, 0, 3
60, 24, 1, 0, 3
60, 24, 1, 0, 3
60, 24, 1, 0, 3
60, 24, 1, 0, 3
60, 24, 1, 0, 3
60, 24, 1, 0, 3
60, 24, 1, 0, 3
60, 24, 1, 0, 3
60, 24, 1, 0, 6
60, 24, 1, 0, 6
60, 24, 1, 0, 6
60, 24, 1, 0, 6
60, 24, 1, 0, 6
60, 24, 1, 0, 6
60, 24, 1, 0, 6
60, 24, 1, 0, 6
60, 24, 1, 0, 6
60, 24, 1, 0, 6
60, 24, 1, 0, 6
60, 24, 1, 0, 6
61, 12, 0, 1, 5
61, 12, 0, 1, 5
61, 12, 0, 1, 5
61, 12, 0, 1, 5
61, 12, 0, 1, 5
61, 12, 0, 1, 5
61, 12, 0, 1, 5
61, 12, 0, 1, 5
61, 12, 0, 1, 5
61, 12, 0, 1, 5
61, 12, 0, 1, 5
61, 12, 0, 1, 5
61, 24, 1, 0, 3
61, 24, 1, 0, 3
61, 24, 1, 0, 3
61, 24, 1, 0, 3
61, 24, 1, 0, 3
61, 24, 1, 0, 3
61, 24, 1, 0, 3
61, 24, 1, 0, 3
61, 24, 1, 0, 3
61, 24, 1, 0, 3
61, 24, 1, 0, 3
61, 24, 1, 0, 3
61, 24, 1, 0, 6
61, 24, 1, 0, 6
61, 24, 1, 0, 6
61, 24, 1, 0, 6
61, 24, 1, 0, 6
61, 24, 1, 0, 6
61, 24, 1, 0, 6
61, 24, 1, 0, 6
61, 24, 1, 0, 6
61, 24, 1, 0, 6
61, 24, 1, 0, 6
61, 24, 1, 0, 6
62, 12, 0, 1, 5
62, 12, 0, 1, 5
62, 12, 0, 1, 5
62, 12, 0, 1, 5
62, 12, 0, 1, 5
62, 12, 0, 1, 5
62, 12, 0, 1, 5
62, 12, 0, 1, 5
62, 12, 0, 1, 5
62, 12, 0, 1, 5
62, 12, 0, 1, 5
62, 12, 0, 1, 5
62, 24, 1, 0, 3
62, 24, 1, 0, 3
62, 24, 1, 0, 3
62, 24, 1, 0, 3
62, 24, 1, 0, 3
62, 24, 1, 0, 3
62, 24, 1, 0, 3
62, 24, 1, 0, 3
62, 24, 1, 0, 3
62, 24, 1, 0, 3
62, 24, 1, 0, 3
62, 24, 1, 0, 3
62, 24, 1, 0, 6
62, 24, 1, 0, 6
62, 24, 1, 0, 6
62, 24, 1, 0, 6
62, 24, 1, 0, 6
62, 24, 1, 0, 6
62, 24, 1, 0, 6
62, 24, 1, 0, 6
62, 24, 1, 0, 6
62, 24, 1, 0, 6
62, 24, 1, 0, 6
62, 24, 1, 0, 6
63, 12, 0, 1, 5
63, 12, 0, 1, 5
63, 12, 0, 1, 5
63, 12, 0, 1, 5
63, 12, 0, 1, 5
63, 12, 0, 1, 5
63, 12, 0, 1, 5
63, 12, 0, 1, 5
63, 12, 0, 1, 5
63, 12, 0, 1, 5
63, 12, 0, 1, 5
63, 12, 0, 1, 5
63, 24, 1, 0, 3
63, 24, 1, 0, 3
63, 24, 1, 0, 3
63, 24, 1, 0, 3
63, 24, 1, 0, 3
63, 24, 1, 0, 3
63, 24, 1, 0, 3
63, 24, 1, 0, 3
63, 24, 1, 0, 3
63, 24, 1, 0, 3
63, 24, 1, 0, 3
63, 24, 1, 0, 3
63, 24, 1, 0, 6
63, 24, 1, 0, 6
63, 24, 1, 0, 6
63, 24, 1, 0, 6
63, 24, 1, 0, 6
63, 24, 1, 0, 6
63, 24, 1, 0, 6
63, 24, 1, 0, 6
63, 24, 1, 0, 6
63, 24, 1, 0, 6
63, 24, 1, 0, 6
63, 24, 1, 0, 6
64, 12, 0, 1, 5
64, 12, 0, 1, 5
64, 12, 0, 1, 5
64, 12, 0, 1, 5
64, 12, 0, 1, 5
64, 12, 0, 1, 5
64, 12, 0, 1, 5
64, 12, 0, 1, 5
64, 12, 0, 1, 5
64, 12, 0, 1, 5
64, 12, 0, 1, 5
64, 12, 0, 1, 5
64, 24, 1, 0, 3
64, 24, 1, 0, 3
64, 24, 1, 0, 3
64, 24, 1, 0, 3
64, 24, 1, 0, 3
64, 24, 1, 0, 3
64, 24, 1, 0, 3
64, 24, 1, 0, 3
64, 24, 1, 0, 3
64, 24, 1, 0, 3
64, 24, 1, 0, 3
64, 24, 1, 0, 3
64, 24, 1, 0, 6
64, 24, 1, 0, 6
64, 24, 1, 0, 6
64, 24, 1, 0, 6
64, 24, 1, 0, 6
64, 24, 1, 0, 6
64, 24, 1, 0, 6
64, 24, 1, 0, 6
64, 24, 1, 0, 6
64, 24, 1, 0, 6
64, 24, 1, 0, 6
64, 24, 1, 0, 6
65, 12, 0, 1, 5
65, 12, 0, 1, 5
65, 12, 0, 1, 5
65, 12, 0, 1, 5
65, 12, 0, 1, 5
65, 12, 0, 1, 5
65, 12, 0, 1, 5
65, 12, 0, 1, 5
65, 12, 0, 1, 5
65, 12, 0, 1, 5
65, 12, 0, 1, 5
65, 12, 0, 1, 5
65, 24, 1, 0, 3
65, 24, 1, 0, 3
65, 24, 1, 0, 3
65, 24, 1, 0, 3
65, 24, 1, 0, 3
65, 24, 1, 0, 3
65, 24, 1, 0, 3
65, 24, 1, 0, 3
65, 24, 1, 0, 3
65, 24, 1, 0, 3
65, 24, 1, 0, 3
65, 24, 1, 0, 3
65, 24, 1, 0, 6
65, 24, 1, 0, 6
65, 24, 1, 0, 6
65, 24, 1, 0, 6
65, 24, 1, 0, 6
65, 24, 1, 0, 6
65, 24, 1, 0, 6
65, 24, 1, 0, 6
65, 24, 1, 0, 6
65, 24, 1, 0, 6
65, 24, 1, 0, 6
65, 24, 1, 0, 6
66, 12, 0, 1, 5
66, 12, 0, 1, 5
66, 12, 0, 1, 5
66, 12, 0, 1, 5
66, 12, 0, 1, 5
66, 12, 0, 1, 5
66, 12, 0, 1, 5
66, 12, 0, 1, 5
66, 12, 0, 1, 5
66, 12, 0, 1, 5
66, 12, 0, 1, 5
66, 12, 0, 1, 5
66, 24, 1, 0, 3
66, 24, 1, 0, 3
66, 24, 1, 0, 3
66, 24, 1, 0, 3
66, 24, 1, 0, 3
66, 24, 1, 0, 3
66, 24, 1, 0, 3
66, 24, 1, 0, 3
66, 24, 1, 0, 3
66, 24, 1, 0, 3
66, 24, 1, 0, 3
66, 24, 1, 0, 3
66, 24, 1, 0, 6
66, 24, 1, 0, 6
66, 24, 1, 0, 6
66, 24, 1, 0, 6
66, 24, 1, 0, 6
66, 24, 1, 0, 6
66, 24, 1, 0, 6
66, 24, 1, 0, 6
66, 24, 1, 0, 6
66, 24, 1, 0, 6
66, 24, 1, 0, 6
66, 24, 1, 0, 6
67, 12, 0, 1, 5
67, 12, 0, 1, 5
67, 12, 0, 1, 5
67, 12, 0, 1, 5
67, 12, 0, 1, 5
67, 12, 0, 1, 5
67, 12, 0, 1, 5
67, 12, 0, 1, 5
67, 12, 0, 1, 5
67, 12, 0, 1, 5
67, 12, 0, 1, 5
67, 12, 0, 1, 5
67, 24, 1, 0, 3
67, 24, 1, 0, 3
67, 24, 1, 0, 3
67, 24, 1, 0, 3
67, 24, 1, 0, 3
67, 24, 1, 0, 3
67, 24, 1, 0, 3
67, 24, 1, 0, 3
67, 24, 1, 0, 3
67, 24, 1, 0, 3
67, 24, 1, 0, 3
67, 24, 1, 0, 3
67, 24, 1, 0, 6
67, 24, 1, 0, 6
67, 24, 1, 0, 6
67, 24, 1, 0, 6
67, 24, 1, 0, 6
67, 24, 1, 0, 6
67, 24, 1, 0, 6
67, 24, 1, 0, 6
67, 24, 1, 0, 6
67, 24, 1, 0, 6
67, 24, 1, 0, 6
67, 24, 1, 0, 6
68, 12, 0, 1, 5
68, 12, 0, 1, 5
68, 12, 0, 1, 5
68, 12, 0, 1, 5
68, 12, 0, 1, 5
68, 12, 0, 1, 5
68, 12, 0, 1, 5
68, 12, 0, 1, 5
68, 12, 0, 1, 5
68, 12, 0, 1, 5
68, 12, 0, 1, 5
68, 12, 0, 1, 5
68, 24, 1, 0, 3
68, 24, 1, 0, 3
68, 24, 1, 0, 3
68, 24, 1, 0, 3
68, 24, 1, 0, 3
68, 24, 1, 0, 3
68, 24, 1, 0, 3
68, 24, 1, 0, 3
68, 24, 1, 0, 3
68, 24, 1, 0, 3
68, 24, 1, 0, 3
68, 24, 1, 0, 3
68, 24, 1, 0, 6
68, 24, 1, 0, 6
68, 24, 1, 0, 6
68, 24, 1, 0, 6
68, 24, 1, 0, 6
68, 24, 1, 0, 6
68, 24, 1, 0, 6
68, 24, 1, 0, 6
68, 24, 1, 0, 6
68, 24, 1, 0, 6
68, 24, 1, 0, 6
68, 24, 1, 0, 6
69, 12, 0, 1, 5
69, 12, 0, 1, 5
69, 12, 0, 1, 5
69, 12, 0, 1, 5
69, 12, 0, 1, 5
69, 12, 0, 1, 5
69, 12, 0, 1, 5
69, 12, 0, 1, 5
69, 12, 0, 1, 5
69, 12, 0, 1, 5
69, 12, 0, 1, 5
69, 12, 0, 1, 5
69, 24, 1, 0, 3
69, 24, 1, 0, 3
69, 24, 1, 0, 3
69, 24, 1, 0, 3
69, 24, 1, 0, 3
69, 24, 1, 0, 3
69, 24, 1, 0, 3
69, 24, 1, 0, 3
69, 24, 1, 0, 3
69, 24, 1, 0, 3
69, 24, 1, 0, 3
69, 24, 1, 0, 3
69, 24, 1, 0, 6
69, 24, 1, 0, 6
69, 24, 1, 0, 6
69, 24, 1, 0, 6
69, 24, 1, 0, 6
69, 24, 1, 0, 6
69, 24, 1, 0, 6
69, 24, 1, 0, 6
69, 24, 1, 0, 6
69, 24, 1, 0, 6
69, 24, 1, 0, 6
69, 24, 1, 0, 6
70, 12, 0, 1, 5
70, 12, 0, 1, 5
70, 12, 0, 1, 5
70, 12, 0, 1, 5
70, 12, 0, 1, 5
70, 12, 0, 1, 5
70, 12, 0, 1, 5
70, 12, 0, 1, 5
70, 12, 0, 1, 5
70, 12, 0, 1, 5
70, 12, 0, 1, 5
70, 12, 0, 1, 5
70, 24, 1, 0, 3
70, 24, 1, 0, 3
70, 24, 1, 0, 3
70, 24, 1, 0, 3
70, 24, 1, 0, 3
70, 24, 1, 0, 3
70, 24, 1, 0, 3
70, 24, 1, 0, 3
70, 24, 1, 0, 3
70, 24, 1, 0, 3
70, 24, 1, 0, 3
70, 24, 1, 0, 3
70, 24, 1, 0, 6
70, 24, 1, 0, 6
70, 24, 1, 0, 6
70, 24, 1, 0, 6
70, 24, 1, 0, 6
70, 24, 1, 0, 6
70, 24, 1, 0, 6
70, 24, 1, 0, 6
70, 24, 1, 0, 6
70, 24, 1, 0, 6
70, 24, 1, 0, 6
70, 24, 1, 0, 6
71, 12, 0, 1, 5
71, 12, 0, 1, 5
71, 12, 0, 1, 5
71, 12, 0, 1, 5
71, 12, 0, 1, 5
71, 12, 0, 1, 5
71, 12, 0, 1, 5
71, 12, 0, 1, 5
71, 12, 0, 1, 5
71, 12, 0, 1, 5
71, 12, 0, 1, 5
71, 12, 0, 1, 5
71, 24, 1, 0, 3
71, 24, 1, 0, 3
71, 24, 1, 0, 3
71, 24, 1, 0, 3
71, 24, 1, 0, 3
71, 24, 1, 0, 3
71, 24, 1, 0, 3
71, 24, 1, 0, 3
71, 24, 1, 0, 3
71, 24, 1, 0, 3
71, 24, 1, 0, 3
71, 24, 1, 0, 3
71, 24, 1, 0, 6
71, 24, 1, 0, 6
71, 24, 1, 0, 6
71, 24, 1, 0, 6
71, 24, 1, 0, 6
71, 24, 1, 0, 6
71, 24, 1, 0, 6
71, 24, 1, 0, 6
71, 24, 1, 0, 6
71, 24, 1, 0, 6
71, 24, 1, 0, 6
71, 24, 1, 0, 6
72, 12, 0, 1, 5
72, 12, 0, 1, 5
72, 12, 0, 1, 5
72, 12, 0, 1, 5
72, 12, 0, 1, 5
72, 12, 0, 1, 5
72, 12, 0, 1, 5
72, 12, 0, 1, 5
72, 12, 0, 1, 5
72, 12, 0, 1, 5
72, 12, 0, 1, 5
72, 12, 0, 1, 5
72, 24, 1, 0, 3
72, 24, 1, 0, 3
72, 24, 1, 0, 3
72, 24, 1, 0, 3
72, 24, 1, 0, 3
72, 24, 1, 0, 3
72, 24, 1, 0, 3
72, 24, 1, 0, 3
72, 24, 1, 0, 3
72, 24, 1, 0, 3
72, 24, 1, 0, 3
72, 24, 1, 0, 3
72, 24, 1, 0, 6
72, 24, 1, 0, 6
72, 24, 1, 0, 6
72, 24, 1, 0, 6
72, 24, 1, 0, 6
72, 24, 1, 0, 6
72, 24, 1, 0, 6
72, 24, 1, 0, 6
72, 24, 1, 0, 6
72, 24, 1, 0, 6
72, 24, 1, 0, 6
72, 24, 1, 0, 6
73, 12, 0, 1, 5
73, 12, 0, 1, 5
73, 12, 0, 1, 5
73, 12, 0, 1, 5
73, 12, 0, 1, 5
73, 12, 0, 1, 5
73, 12, 0, 1, 5
73, 12, 0, 1, 5
73, 12, 0, 1, 5
73, 12, 0, 1, 5
73, 12, 0, 1, 5
73, 12, 0, 1, 5
73, 24, 1, 0, 3
73, 24, 1, 0, 3
73, 24, 1, 0, 3
73, 24, 1, 0, 3
73, 24, 1, 0, 3
73, 24, 1, 0, 3
73, 24, 1, 0, 3
73, 24, 1, 0, 3
73, 24, 1, 0, 3
73, 24, 1, 0, 3
73, 24, 1, 0, 3
73, 24, 1, 0, 3
73, 24, 1, 0, 6
73, 24, 1, 0, 6
73, 24, 1, 0, 6
73, 24, 1, 0, 6
73, 24, 1, 0, 6
73, 24, 1, 0, 6
73, 24, 1, 0, 6
73, 24, 1, 0, 6
73, 24, 1, 0, 6
73, 24, 1, 0, 6
73, 24, 1, 0, 6
73, 24, 1, 0, 6
74, 12, 0, 1, 5
74, 12, 0, 1, 5
74, 12, 0, 1, 5
74, 12, 0, 1, 5
74, 12, 0, 1, 5
74, 12, 0, 1, 5
74, 12, 0, 1, 5
74, 12, 0, 1, 5
74, 12, 0, 1, 5
74, 12, 0, 1, 5
74, 12, 0, 1, 5
74, 12, 0, 1, 5
74, 24, 1, 0, 3
74, 24, 1, 0, 3
74, 24, 1, 0, 3
74, 24, 1, 0, 3
74, 24, 1, 0, 3
74, 24, 1, 0, 3
74, 24, 1, 0, 3
74, 24, 1, 0, 3
74, 24, 1, 0, 3
74, 24, 1, 0, 3
74, 24, 1, 0, 3
74, 24, 1, 0, 3
74, 24, 1, 0, 6
74, 24, 1, 0, 6
74, 24, 1, 0, 6
74, 24, 1, 0, 6
74, 24, 1, 0, 6
74, 24, 1, 0, 6
74, 24, 1, 0, 6
74, 24, 1, 0, 6
74, 24, 1, 0, 6
74, 24, 1, 0, 6
74, 24, 1, 0, 6
74, 24, 1, 0, 6
75, 12, 0, 1, 5
75, 12, 0, 1, 5
75, 12, 0, 1, 5
75, 12, 0, 1, 5
75, 12, 0, 1, 5
75, 12, 0, 1, 5
75, 12, 0, 1, 5
75, 12, 0, 1, 5
75, 12, 0, 1, 5
75, 12, 0, 1, 5
75, 12, 0, 1, 5
75, 12, 0, 1, 5
75, 24, 1, 0, 3
75, 24, 1, 0, 3
75, 24, 1, 0, 3
75, 24, 1, 0, 3
75, 24, 1, 0, 3
75, 24, 1, 0, 3
75, 24, 1, 0, 3
75, 24, 1, 0, 3
75, 24, 1, 0, 3
75, 24, 1, 0, 3
75, 24, 1, 0, 3
75, 24, 1, 0, 3
75, 24, 1, 0, 6
75, 24, 1, 0, 6
75, 24, 1, 0, 6
75, 24, 1, 0, 6
75, 24, 1, 0, 6
75, 24, 1, 0, 6
75, 24, 1, 0, 6
75, 24, 1, 0, 6
75, 24, 1, 0, 6
75, 24, 1, 0, 6
75, 24, 1, 0, 6
75, 24, 1, 0, 6
76, 13, 1, 5, 4
76, 13, 1, 5, 4
76, 13, 1, 5, 4
76, 13, 1, 6, 4
76, 13, 1, 6, 4
76, 13, 1, 6, 4
76, 13, 1, 7, 4
76, 13, 1, 7, 4
76, 13, 1, 7, 4
76, 13, 1, 8, 4
76, 13, 1, 8, 4
76, 13, 1, 8, 4
76, 13, 1, 10, 2
76, 13, 2, 5, 4
76, 13, 2, 5, 4
76, 13, 2, 5, 4
76, 13, 2, 6, 4
76, 13, 2, 6, 4
76, 13, 2, 6, 4
76, 13, 2, 7, 4
76, 13, 2, 7, 4
76, 13, 2, 7, 4
76, 13, 2, 8, 4
76, 13, 2, 8, 4
76, 13, 2, 8, 4
76, 13, 2, 10, 2
76, 13, 3, 5, 4
76, 13, 3, 5, 4
76, 13, 3, 5, 4
76, 13, 3, 6, 4
76, 13, 3, 6, 4
76, 13, 3, 6, 4
76, 13, 3, 7, 4
76, 13, 3, 7, 4
76, 13, 3, 7, 4
76, 13, 3, 8, 4
76, 13, 3, 8, 4
76, 13, 3, 8, 4
76, 13, 3, 10, 2
76, 13, 4, 0, 2
76, 13, 4, 5, 4
76, 13, 4, 5, 4
76, 13, 4, 5, 4
76, 13, 4, 6, 4
76, 13, 4, 6, 4
76, 13, 4, 6, 4
76, 13, 4, 7, 4
76, 13, 4, 7, 4
76, 13, 4, 7, 4
76, 13, 4, 8, 4
76, 13, 4, 8, 4
76, 13, 4, 8, 4
76, 24, 5, 1, 2
76, 24, 5, 1, 2
76, 24, 5, 1, 2
76, 24, 5, 1, 5
76, 24, 5, 1, 5
76, 24, 5, 1, 5
76, 24, 5, 2, 2
76, 24, 5, 2, 2
76, 24, 5, 2, 2
76, 24, 5, 2, 5
76, 24, 5, 2, 5
76, 24, 5, 2, 5
76, 24, 5, 3, 2
76, 24, 5, 3, 2
76, 24, 5, 3, 2
76, 24, 5, 3, 5
76, 24, 5, 3, 5
76, 24, 5, 3, 5
76, 24, 5, 4, 2
76, 24, 5, 4, 2
76, 24, 5, 4, 2
76, 24, 5, 4, 5
76, 24, 5, 4, 5
76, 24, 5, 4, 5
76, 24, 6, 1, 2
76, 24, 6, 1, 2
76, 24, 6, 1, 2
76, 24, 6, 1, 5
76, 24, 6, 1, 5
76, 24, 6, 1, 5
76, 24, 6, 2, 2
76, 24, 6, 2, 2
76, 24, 6, 2, 2
76, 24, 6, 2, 5
76, 24, 6, 2, 5
76, 24, 6, 2, 5
76, 24, 6, 3, 2
76, 24, 6, 3, 2
76, 24, 6, 3, 2
76, 24, 6, 3, 5
76, 24, 6, 3, 5
76, 24, 6, 3, 5
76, 24, 6, 4, 2
76, 24, 6, 4, 2
76, 24, 6, 4, 2
76, 24, 6, 4, 5
76, 24, 6, 4, 5
76, 24, 6, 4, 5
76, 24, 7, 1, 2
76, 24, 7, 1, 2
76, 24, 7, 1, 2
76, 24, 7, 1, 5
76, 24, 7, 1, 5
76, 24, 7, 1, 5
76, 24, 7, 2, 2
76, 24, 7, 2, 2
76, 24, 7, 2, 2
76, 24, 7, 2, 5
76, 24, 7, 2, 5
76, 24, 7, 2, 5
76, 24, 7, 3, 2
76, 24, 7, 3, 2
76, 24, 7, 3, 2
76, 24, 7, 3, 5
76, 24, 7, 3, 5
76, 24, 7, 3, 5
76, 24, 7, 4, 2
76, 24, 7, 4, 2
76, 24, 7, 4, 2
76, 24, 7, 4, 5
76, 24, 7, 4, 5
76, 24, 7, 4, 5
76, 24, 8, 1, 2
76, 24, 8, 1, 2
76, 24, 8, 1, 2
76, 24, 8, 1, 5
76, 24, 8, 1, 5
76, 24, 8, 1, 5
76, 24, 8, 2, 2
76, 24, 8, 2, 2
76, 24, 8, 2, 2
76, 24, 8, 2, 5
76, 24, 8, 2, 5
76, 24, 8, 2, 5
76, 24, 8, 3, 2
76, 24, 8, 3, 2
76, 24, 8, 3, 2
76, 24, 8, 3, 5
76, 24, 8, 3, 5
76, 24, 8, 3, 5
76, 24, 8, 4, 2
76, 24, 8, 4, 2
76, 24, 8, 4, 2
76, 24, 8, 4, 5
76, 24, 8, 4, 5
76, 24, 8, 4, 5
76, 1, 9, 2, 3
77, 13, 1, 5, 4
77, 13, 1, 5, 4
77, 13, 1, 5, 4
77, 13, 1, 6, 4
77, 13, 1, 6, 4
77, 13, 1, 6, 4
77, 13, 1, 7, 4
77, 13, 1, 7, 4
77, 13, 1, 7, 4
77, 13, 1, 8, 4
77, 13, 1, 8, 4
77, 13, 1, 8, 4
77, 13, 1, 10, 2
77, 13, 2, 5, 4
77, 13, 2, 5, 4
77, 13, 2, 5, 4
77, 13, 2, 6, 4
77, 13, 2, 6, 4
77, 13, 2, 6, 4
77, 13, 2, 7, 4
77, 13, 2, 7, 4
77, 13, 2, 7, 4
77, 13, 2, 8, 4
77, 13, 2, 8, 4
77, 13, 2, 8, 4
77, 13, 2, 10, 2
77, 13, 3, 5, 4
77, 13, 3, 5, 4
77, 13, 3, 5, 4
77, 13, 3, 6, 4
77, 13, 3, 6, 4
77, 13, 3, 6, 4
77, 13, 3, 7, 4
77, 13, 3, 7, 4
77, 13, 3, 7, 4
77, 13, 3, 8, 4
77, 13, 3, 8, 4
77, 13, 3, 8, 4
77, 13, 3, 10, 2
77, 13, 4, 0, 2
77, 13, 4, 5, 4
77, 13, 4, 5, 4
77, 13, 4, 5, 4
77, 13, 4, 6, 4
77, 13, 4, 6, 4
77, 13, 4, 6, 4
77, 13, 4, 7, 4
77, 13, 4, 7, 4
77, 13, 4, 7, 4
77, 13, 4, 8, 4
77, 13, 4, 8, 4
77, 13, 4, 8, 4
77, 24, 5, 1, 2
77, 24, 5, 1, 2
77, 24, 5, 1, 2
77, 24, 5, 1, 5
77, 24, 5, 1, 5
77, 24, 5, 1, 5
77, 24, 5, 2, 2
77, 24, 5, 2, 2
77, 24, 5, 2, 2
77, 24, 5, 2, 5
77, 24, 5, 2, 5
77, 24, 5, 2, 5
77, 24, 5, 3, 2
77, 24, 5, 3, 2
77, 24, 5, 3, 2
77, 24, 5, 3, 5
77, 24, 5, 3, 5
77, 24, 5, 3, 5
77, 24, 5, 4, 2
77, 24, 5, 4, 2
77, 24, 5, 4, 2
77, 24, 5, 4, 5
77, 24, 5, 4, 5
77, 24, 5, 4, 5
77, 24, 6, 1, 2
77, 24, 6, 1, 2
77, 24, 6, 1, 2
77, 24, 6, 1, 5
77, 24, 6, 1, 5
77, 24, 6, 1, 5
77, 24, 6, 2, 2
77, 24, 6, 2, 2
77, 24, 6, 2, 2
77, 24, 6, 2, 5
77, 24, 6, 2, 5
77, 24, 6, 2, 5
77, 24, 6, 3, 2
77, 24, 6, 3, 2
77, 24, 6, 3, 2
77, 24, 6, 3, 5
77, 24, 6, 3, 5
77, 24, 6, 3, 5
77, 24, 6, 4, 2
77, 24, 6, 4, 2
77, 24, 6, 4, 2
77, 24, 6, 4, 5
77, 24, 6, 4, 5
77, 24, 6, 4, 5
77, 24, 7, 1, 2
77, 24, 7, 1, 2
77, 24, 7, 1, 2
77, 24, 7, 1, 5
77, 24, 7, 1, 5
77, 24, 7, 1, 5
77, 24, 7, 2, 2
77, 24, 7, 2, 2
77, 24, 7, 2, 2
77, 24, 7, 2, 5
77, 24, 7, 2, 5
77, 24, 7, 2, 5
77, 24, 7, 3, 2
77, 24, 7, 3, 2
77, 24, 7, 3, 2
77, 24, 7, 3, 5
77, 24, 7, 3, 5
77, 24, 7, 3, 5
77, 24, 7, 4, 2
77, 24, 7, 4, 2
77, 24, 7, 4, 2
77, 24, 7, 4, 5
77, 24, 7, 4, 5
77, 24, 7, 4, 5
77, 24, 8, 1, 2
77, 24, 8, 1, 2
77, 24, 8, 1, 2
77, 24, 8, 1, 5
77, 24, 8, 1, 5
77, 24, 8, 1, 5
77, 24, 8, 2, 2
77, 24, 8, 2, 2
77, 24, 8, 2, 2
77, 24, 8, 2, 5
77, 24, 8, 2, 5
77, 24, 8, 2, 5
77, 24, 8, 3, 2
77, 24, 8, 3, 2
77, 24, 8, 3, 2
77, 24, 8, 3, 5
77, 24, 8, 3, 5
77, 24, 8, 3, 5
77, 24, 8, 4, 2
77, 24, 8, 4, 2
77, 24, 8, 4, 2
77, 24, 8, 4, 5
77, 24, 8, 4, 5
77, 24, 8, 4, 5
77, 1, 9, 2, 3
78, 48, 0, 1, 6
78, 48, 0, 1, 6
78, 48, 0, 1, 6
78, 48, 0, 1, 6
78, 48, 0, 1, 6
78, 48, 0, 1, 6
78, 48, 0, 1, 6
78, 48, 0, 1, 6
78, 48, 0, 1, 6
78, 48, 0, 1, 6
78, 48, 0, 1, 6
78, 48, 0, 1, 6
78, 48, 0, 1, 6
78, 48, 0, 1, 6
78, 48, 0, 1, 6
78, 48, 0, 1, 6
78, 48, 0, 1, 6
78, 48, 0, 1, 6
78, 48, 0, 1, 6
78, 48, 0, 1, 6
78, 48, 0, 1, 6
78, 48, 0, 1, 6
78, 48, 0, 1, 6
78, 48, 0, 1, 6
78, 48, 0, 1, 6
78, 48, 0, 1, 6
78, 48, 0, 1, 6
78, 48, 0, 1, 6
78, 48, 0, 1, 6
78, 48, 0, 1, 6
78, 48, 0, 1, 6
78, 48, 0, 1, 6
78, 48, 0, 1, 6
78, 48, 0, 1, 6
78, 48, 0, 1, 6
78, 48, 0, 1, 6
78, 48, 0, 1, 6
78, 48, 0, 1, 6
78, 48, 0, 1, 6
78, 48, 0, 1, 6
78, 48, 0, 1, 6
78, 48, 0, 1, 6
78, 48, 0, 1, 6
78, 48, 0, 1, 6
78, 48, 0, 1, 6
78, 48, 0, 1, 6
78, 48, 0, 1, 6
78, 48, 0, 1, 6
78, 96, 1, 0, 3
78, 96, 1, 0, 3
78, 96, 1, 0, 3
78, 96, 1, 0, 3
78, 96, 1, 0, 3
78, 96, 1, 0, 3
78, 96, 1, 0, 3
78, 96, 1, 0, 3
78, 96, 1, 0, 3
78, 96, 1, 0, 3
78, 96, 1, 0, 3
78, 96, 1, 0, 3
78, 96, 1, 0, 3
78, 96, 1, 0, 3
78, 96, 1, 0, 3
78, 96, 1, 0, 3
78, 96, 1, 0, 3
78, 96, 1, 0, 3
78, 96, 1, 0, 3
78, 96, 1, 0, 3
78, 96, 1, 0, 3
78, 96, 1, 0, 3
78, 96, 1, 0, 3
78, 96, 1, 0, 3
78, 96, 1, 0, 3
78, 96, 1, 0, 3
78, 96, 1, 0, 3
78, 96, 1, 0, 3
78, 96, 1, 0, 3
78, 96, 1, 0, 3
78, 96, 1, 0, 3
78, 96, 1, 0, 3
78, 96, 1, 0, 3
78, 96, 1, 0, 3
78, 96, 1, 0, 3
78, 96, 1, 0, 3
78, 96, 1, 0, 3
78, 96, 1, 0, 3
78, 96, 1, 0, 3
78, 96, 1, 0, 3
78, 96, 1, 0, 3
78, 96, 1, 0, 3
78, 96, 1, 0, 3
78, 96, 1, 0, 3
78, 96, 1, 0, 3
78, 96, 1, 0, 3
78, 96, 1, 0, 3
78, 96, 1, 0, 3
78, 96, 1, 0, 3
78, 96, 1, 0, 3
78, 96, 1, 0, 3
78, 96, 1, 0, 3
78, 96, 1, 0, 3
78, 96, 1, 0, 3
78, 96, 1, 0, 3
78, 96, 1, 0, 3
78, 96, 1, 0, 3
78, 96, 1, 0, 3
78, 96, 1, 0, 3
78, 96, 1, 0, 3
78, 96, 1, 0, 3
78, 96, 1, 0, 3
78, 96, 1, 0, 3
78, 96, 1, 0, 3
78, 96, 1, 0, 3
78, 96, 1, 0, 3
78, 96, 1, 0, 3
78, 96, 1, 0, 3
78, 96, 1, 0, 3
78, 96, 1, 0, 3
78, 96, 1, 0, 3
78, 96, 1, 0, 3
78, 96, 1, 0, 3
78, 96, 1, 0, 3
78, 96, 1, 0, 3
78, 96, 1, 0, 3
78, 96, 1, 0, 3
78, 96, 1, 0, 3
78, 96, 1, 0, 3
78, 96, 1, 0, 3
78, 96, 1, 0, 3
78, 96, 1, 0, 3
78, 96, 1, 0, 3
78, 96, 1, 0, 3
78, 96, 1, 0, 3
78, 96, 1, 0, 3
78, 96, 1, 0, 3
78, 96, 1, 0, 3
78, 96, 1, 0, 3
78, 96, 1, 0, 3
78, 96, 1, 0, 3
78, 96, 1, 0, 3
78, 96, 1, 0, 3
78, 96, 1, 0, 3
78, 96, 1, 0, 3
78, 96, 1, 0, 3
79, 48, 0, 1, 6
79, 48, 0, 1, 6
79, 48, 0, 1, 6
79, 48, 0, 1, 6
79, 48, 0, 1, 6
79, 48, 0, 1, 6
79, 48, 0, 1, 6
79, 48, 0, 1, 6
79, 48, 0, 1, 6
79, 48, 0, 1, 6
79, 48, 0, 1, 6
79, 48, 0, 1, 6
79, 48, 0, 1, 6
79, 48, 0, 1, 6
79, 48, 0, 1, 6
79, 48, 0, 1, 6
79, 48, 0, 1, 6
79, 48, 0, 1, 6
79, 48, 0, 1, 6
79, 48, 0, 1, 6
79, 48, 0, 1, 6
79, 48, 0, 1, 6
79, 48, 0, 1, 6
79, 48, 0, 1, 6
79, 48, 0, 1, 6
79, 48, 0, 1, 6
79, 48, 0, 1, 6
79, 48, 0, 1, 6
79, 48, 0, 1, 6
79, 48, 0, 1, 6
79, 48, 0, 1, 6
79, 48, 0, 1, 6
79, 48, 0, 1, 6
79, 48, 0, 1, 6
79, 48, 0, 1, 6
79, 48, 0, 1, 6
79, 48, 0, 1, 6
79, 48, 0, 1, 6
79, 48, 0, 1, 6
79, 48, 0, 1, 6
79, 48, 0, 1, 6
79, 48, 0, 1, 6
79, 48, 0, 1, 6
79, 48, 0, 1, 6
79, 48, 0, 1, 6
79, 48, 0, 1, 6
79, 48, 0, 1, 6
79, 48, 0, 1, 6
79, 96, 1, 0, 3
79, 96, 1, 0, 3
79, 96, 1, 0, 3
79, 96, 1, 0, 3
79, 96, 1, 0, 3
79, 96, 1, 0, 3
79, 96, 1, 0, 3
79, 96, 1, 0, 3
79, 96, 1, 0, 3
79, 96, 1, 0, 3
79, 96, 1, 0, 3
79, 96, 1, 0, 3
79, 96, 1, 0, 3
79, 96, 1, 0, 3
79, 96, 1, 0, 3
79, 96, 1, 0, 3
79, 96, 1, 0, 3
79, 96, 1, 0, 3
79, 96, 1, 0, 3
79, 96, 1, 0, 3
79, 96, 1, 0, 3
79, 96, 1, 0, 3
79, 96, 1, 0, 3
79, 96, 1, 0, 3
79, 96, 1, 0, 3
79, 96, 1, 0, 3
79, 96, 1, 0, 3
79, 96, 1, 0, 3
79, 96, 1, 0, 3
79, 96, 1, 0, 3
79, 96, 1, 0, 3
79, 96, 1, 0, 3
79, 96, 1, 0, 3
79, 96, 1, 0, 3
79, 96, 1, 0, 3
79, 96, 1, 0, 3
79, 96, 1, 0, 3
79, 96, 1, 0, 3
79, 96, 1, 0, 3
79, 96, 1, 0, 3
79, 96, 1, 0, 3
79, 96, 1, 0, 3
79, 96, 1, 0, 3
79, 96, 1, 0, 3
79, 96, 1, 0, 3
79, 96, 1, 0, 3
79, 96, 1, 0, 3
79, 96, 1, 0, 3
79, 96, 1, 0, 3
79, 96, 1, 0, 3
79, 96, 1, 0, 3
79, 96, 1, 0, 3
79, 96, 1, 0, 3
79, 96, 1, 0, 3
79, 96, 1, 0, 3
79, 96, 1, 0, 3
79, 96, 1, 0, 3
79, 96, 1, 0, 3
79, 96, 1, 0, 3
79, 96, 1, 0, 3
79, 96, 1, 0, 3
79, 96, 1, 0, 3
79, 96, 1, 0, 3
79, 96, 1, 0, 3
79, 96, 1, 0, 3
79, 96, 1, 0, 3
79, 96, 1, 0, 3
79, 96, 1, 0, 3
79, 96, 1, 0, 3
79, 96, 1, 0, 3
79, 96, 1, 0, 3
79, 96, 1, 0, 3
79, 96, 1, 0, 3
79, 96, 1, 0, 3
79, 96, 1, 0, 3
79, 96, 1, 0, 3
79, 96, 1, 0, 3
79, 96, 1, 0, 3
79, 96, 1, 0, 3
79, 96, 1, 0, 3
79, 96, 1, 0, 3
79, 96, 1, 0, 3
79, 96, 1, 0, 3
79, 96, 1, 0, 3
79, 96, 1, 0, 3
79, 96, 1, 0, 3
79, 96, 1, 0, 3
79, 96, 1, 0, 3
79, 96, 1, 0, 3
79, 96, 1, 0, 3
79, 96, 1, 0, 3
79, 96, 1, 0, 3
79, 96, 1, 0, 3
79, 96, 1, 0, 3
79, 96, 1, 0, 3
79, 96, 1, 0, 3
80, 48, 0, 1, 6
80, 48, 0, 1, 6
80, 48, 0, 1, 6
80, 48, 0, 1, 6
80, 48, 0, 1, 6
80, 48, 0, 1, 6
80, 48, 0, 1, 6
80, 48, 0, 1, 6
80, 48, 0, 1, 6
80, 48, 0, 1, 6
80, 48, 0, 1, 6
80, 48, 0, 1, 6
80, 48, 0, 1, 6
80, 48, 0, 1, 6
80, 48, 0, 1, 6
80, 48, 0, 1, 6
80, 48, 0, 1, 6
80, 48, 0, 1, 6
80, 48, 0, 1, 6
80, 48, 0, 1, 6
80, 48, 0, 1, 6
80, 48, 0, 1, 6
80, 48, 0, 1, 6
80, 48, 0, 1, 6
80, 48, 0, 1, 6
80, 48, 0, 1, 6
80, 48, 0, 1, 6
80, 48, 0, 1, 6
80, 48, 0, 1, 6
80, 48, 0, 1, 6
80, 48, 0, 1, 6
80, 48, 0, 1, 6
80, 48, 0, 1, 6
80, 48, 0, 1, 6
80, 48, 0, 1, 6
80, 48, 0, 1, 6
80, 48, 0, 1, 6
80, 48, 0, 1, 6
80, 48, 0, 1, 6
80, 48, 0, 1, 6
80, 48, 0, 1, 6
80, 48, 0, 1, 6
80, 48, 0, 1, 6
80, 48, 0, 1, 6
80, 48, 0, 1, 6
80, 48, 0, 1, 6
80, 48, 0, 1, 6
80, 48, 0, 1, 6
80, 96, 1, 0, 3
80, 96, 1, 0, 3
80, 96, 1, 0, 3
80, 96, 1, 0, 3
80, 96, 1, 0, 3
80, 96, 1, 0, 3
80, 96, 1, 0, 3
80, 96, 1, 0, 3
80, 96, 1, 0, 3
80, 96, 1, 0, 3
80, 96, 1, 0, 3
80, 96, 1, 0, 3
80, 96, 1, 0, 3
80, 96, 1, 0, 3
80, 96, 1, 0, 3
80, 96, 1, 0, 3
80, 96, 1, 0, 3
80, 96, 1, 0, 3
80, 96, 1, 0, 3
80, 96, 1, 0, 3
80, 96, 1, 0, 3
80, 96, 1, 0, 3
80, 96, 1, 0, 3
80, 96, 1, 0, 3
80, 96, 1, 0, 3
80, 96, 1, 0, 3
80, 96, 1, 0, 3
80, 96, 1, 0, 3
80, 96, 1, 0, 3
80, 96, 1, 0, 3
80, 96, 1, 0, 3
80, 96, 1, 0, 3
80, 96, 1, 0, 3
80, 96, 1, 0, 3
80, 96, 1, 0, 3
80, 96, 1, 0, 3
80, 96, 1, 0, 3
80, 96, 1, 0, 3
80, 96, 1, 0, 3
80, 96, 1, 0, 3
80, 96, 1, 0, 3
80, 96, 1, 0, 3
80, 96, 1, 0, 3
80, 96, 1, 0, 3
80, 96, 1, 0, 3
80, 96, 1, 0, 3
80, 96, 1, 0, 3
80, 96, 1, 0, 3
80, 96, 1, 0, 3
80, 96, 1, 0, 3
80, 96, 1, 0, 3
80, 96, 1, 0, 3
80, 96, 1, 0, 3
80, 96, 1, 0, 3
80, 96, 1, 0, 3
80, 96, 1, 0, 3
80, 96, 1, 0, 3
80, 96, 1, 0, 3
80, 96, 1, 0, 3
80, 96, 1, 0, 3
80, 96, 1, 0, 3
80, 96, 1, 0, 3
80, 96, 1, 0, 3
80, 96, 1, 0, 3
80, 96, 1, 0, 3
80, 96, 1, 0, 3
80, 96, 1, 0, 3
80, 96, 1, 0, 3
80, 96, 1, 0, 3
80, 96, 1, 0, 3
80, 96, 1, 0, 3
80, 96, 1, 0, 3
80, 96, 1, 0, 3
80, 96, 1, 0, 3
80, 96, 1, 0, 3
80, 96, 1, 0, 3
80, 96, 1, 0, 3
80, 96, 1, 0, 3
80, 96, 1, 0, 3
80, 96, 1, 0, 3
80, 96, 1, 0, 3
80, 96, 1, 0, 3
80, 96, 1, 0, 3
80, 96, 1, 0, 3
80, 96, 1, 0, 3
80, 96, 1, 0, 3
80, 96, 1, 0, 3
80, 96, 1, 0, 3
80, 96, 1, 0, 3
80, 96, 1, 0, 3
80, 96, 1, 0, 3
80, 96, 1, 0, 3
80, 96, 1, 0, 3
80, 96, 1, 0, 3
80, 96, 1, 0, 3
80, 96, 1, 0, 3
81, 48, 0, 1, 6
81, 48, 0, 1, 6
81, 48, 0, 1, 6
81, 48, 0, 1, 6
81, 48, 0, 1, 6
81, 48, 0, 1, 6
81, 48, 0, 1, 6
81, 48, 0, 1, 6
81, 48, 0, 1, 6
81, 48, 0, 1, 6
81, 48, 0, 1, 6
81, 48, 0, 1, 6
81, 48, 0, 1, 6
81, 48, 0, 1, 6
81, 48, 0, 1, 6
81, 48, 0, 1, 6
81, 48, 0, 1, 6
81, 48, 0, 1, 6
81, 48, 0, 1, 6
81, 48, 0, 1, 6
81, 48, 0, 1, 6
81, 48, 0, 1, 6
81, 48, 0, 1, 6
81, 48, 0, 1, 6
81, 48, 0, 1, 6
81, 48, 0, 1, 6
81, 48, 0, 1, 6
81, 48, 0, 1, 6
81, 48, 0, 1, 6
81, 48, 0, 1, 6
81, 48, 0, 1, 6
81, 48, 0, 1, 6
81, 48, 0, 1, 6
81, 48, 0, 1, 6
81, 48, 0, 1, 6
81, 48, 0, 1, 6
81, 48, 0, 1, 6
81, 48, 0, 1, 6
81, 48, 0, 1, 6
81, 48, 0, 1, 6
81, 48, 0, 1, 6
81, 48, 0, 1, 6
81, 48, 0, 1, 6
81, 48, 0, 1, 6
81, 48, 0, 1, 6
81, 48, 0, 1, 6
81, 48, 0, 1, 6
81, 48, 0, 1, 6
81, 96, 1, 0, 3
81, 96, 1, 0, 3
81, 96, 1, 0, 3
81, 96, 1, 0, 3
81, 96, 1, 0, 3
81, 96, 1, 0, 3
81, 96, 1, 0, 3
81, 96, 1, 0, 3
81, 96, 1, 0, 3
81, 96, 1, 0, 3
81, 96, 1, 0, 3
81, 96, 1, 0, 3
81, 96, 1, 0, 3
81, 96, 1, 0, 3
81, 96, 1, 0, 3
81, 96, 1, 0, 3
81, 96, 1, 0, 3
81, 96, 1, 0, 3
81, 96, 1, 0, 3
81, 96, 1, 0, 3
81, 96, 1, 0, 3
81, 96, 1, 0, 3
81, 96, 1, 0, 3
81, 96, 1, 0, 3
81, 96, 1, 0, 3
81, 96, 1, 0, 3
81, 96, 1, 0, 3
81, 96, 1, 0, 3
81, 96, 1, 0, 3
81, 96, 1, 0, 3
81, 96, 1, 0, 3
81, 96, 1, 0, 3
81, 96, 1, 0, 3
81, 96, 1, 0, 3
81, 96, 1, 0, 3
81, 96, 1, 0, 3
81, 96, 1, 0, 3
81, 96, 1, 0, 3
81, 96, 1, 0, 3
81, 96, 1, 0, 3
81, 96, 1, 0, 3
81, 96, 1, 0, 3
81, 96, 1, 0, 3
81, 96, 1, 0, 3
81, 96, 1, 0, 3
81, 96, 1, 0, 3
81, 96, 1, 0, 3
81, 96, 1, 0, 3
81, 96, 1, 0, 3
81, 96, 1, 0, 3
81, 96, 1, 0, 3
81, 96, 1, 0, 3
81, 96, 1, 0, 3
81, 96, 1, 0, 3
81, 96, 1, 0, 3
81, 96, 1, 0, 3
81, 96, 1, 0, 3
81, 96, 1, 0, 3
81, 96, 1, 0, 3
81, 96, 1, 0, 3
81, 96, 1, 0, 3
81, 96, 1, 0, 3
81, 96, 1, 0, 3
81, 96, 1, 0, 3
81, 96, 1, 0, 3
81, 96, 1, 0, 3
81, 96, 1, 0, 3
81, 96, 1, 0, 3
81, 96, 1, 0, 3
81, 96, 1, 0, 3
81, 96, 1, 0, 3
81, 96, 1, 0, 3
81, 96, 1, 0, 3
81, 96, 1, 0, 3
81, 96, 1, 0, 3
81, 96, 1, 0, 3
81, 96, 1, 0, 3
81, 96, 1, 0, 3
81, 96, 1, 0, 3
81, 96, 1, 0, 3
81, 96, 1, 0, 3
81, 96, 1, 0, 3
81, 96, 1, 0, 3
81, 96, 1, 0, 3
81, 96, 1, 0, 3
81, 96, 1, 0, 3
81, 96, 1, 0, 3
81, 96, 1, 0, 3
81, 96, 1, 0, 3
81, 96, 1, 0, 3
81, 96, 1, 0, 3
81, 96, 1, 0, 3
81, 96, 1, 0, 3
81, 96, 1, 0, 3
81, 96, 1, 0, 3
81, 96, 1, 0, 3
82, 48, 0, 1, 6
82, 48, 0, 1, 6
82, 48, 0, 1, 6
82, 48, 0, 1, 6
82, 48, 0, 1, 6
82, 48, 0, 1, 6
82, 48, 0, 1, 6
82, 48, 0, 1, 6
82, 48, 0, 1, 6
82, 48, 0, 1, 6
82, 48, 0, 1, 6
82, 48, 0, 1, 6
82, 48, 0, 1, 6
82, 48, 0, 1, 6
82, 48, 0, 1, 6
82, 48, 0, 1, 6
82, 48, 0, 1, 6
82, 48, 0, 1, 6
82, 48, 0, 1, 6
82, 48, 0, 1, 6
82, 48, 0, 1, 6
82, 48, 0, 1, 6
82, 48, 0, 1, 6
82, 48, 0, 1, 6
82, 48, 0, 1, 6
82, 48, 0, 1, 6
82, 48, 0, 1, 6
82, 48, 0, 1, 6
82, 48, 0, 1, 6
82, 48, 0, 1, 6
82, 48, 0, 1, 6
82, 48, 0, 1, 6
82, 48, 0, 1, 6
82, 48, 0, 1, 6
82, 48, 0, 1, 6
82, 48, 0, 1, 6
82, 48, 0, 1, 6
82, 48, 0, 1, 6
82, 48, 0, 1, 6
82, 48, 0, 1, 6
82, 48, 0, 1, 6
82, 48, 0, 1, 6
82, 48, 0, 1, 6
82, 48, 0, 1, 6
82, 48, 0, 1, 6
82, 48, 0, 1, 6
82, 48, 0, 1, 6
82, 48, 0, 1, 6
82, 96, 1, 0, 3
82, 96, 1, 0, 3
82, 96, 1, 0, 3
82, 96, 1, 0, 3
82, 96, 1, 0, 3
82, 96, 1, 0, 3
82, 96, 1, 0, 3
82, 96, 1, 0, 3
82, 96, 1, 0, 3
82, 96, 1, 0, 3
82, 96, 1, 0, 3
82, 96, 1, 0, 3
82, 96, 1, 0, 3
82, 96, 1, 0, 3
82, 96, 1, 0, 3
82, 96, 1, 0, 3
82, 96, 1, 0, 3
82, 96, 1, 0, 3
82, 96, 1, 0, 3
82, 96, 1, 0, 3
82, 96, 1, 0, 3
82, 96, 1, 0, 3
82, 96, 1, 0, 3
82, 96, 1, 0, 3
82, 96, 1, 0, 3
82, 96, 1, 0, 3
82, 96, 1, 0, 3
82, 96, 1, 0, 3
82, 96, 1, 0, 3
82, 96, 1, 0, 3
82, 96, 1, 0, 3
82, 96, 1, 0, 3
82, 96, 1, 0, 3
82, 96, 1, 0, 3
82, 96, 1, 0, 3
82, 96, 1, 0, 3
82, 96, 1, 0, 3
82, 96, 1, 0, 3
82, 96, 1, 0, 3
82, 96, 1, 0, 3
82, 96, 1, 0, 3
82, 96, 1, 0, 3
82, 96, 1, 0, 3
82, 96, 1, 0, 3
82, 96, 1, 0, 3
82, 96, 1, 0, 3
82, 96, 1, 0, 3
82, 96, 1, 0, 3
82, 96, 1, 0, 3
82, 96, 1, 0, 3
82, 96, 1, 0, 3
82, 96, 1, 0, 3
82, 96, 1, 0, 3
82, 96, 1, 0, 3
82, 96, 1, 0, 3
82, 96, 1, 0, 3
82, 96, 1, 0, 3
82, 96, 1, 0, 3
82, 96, 1, 0, 3
82, 96, 1, 0, 3
82, 96, 1, 0, 3
82, 96, 1, 0, 3
82, 96, 1, 0, 3
82, 96, 1, 0, 3
82, 96, 1, 0, 3
82, 96, 1, 0, 3
82, 96, 1, 0, 3
82, 96, 1, 0, 3
82, 96, 1, 0, 3
82, 96, 1, 0, 3
82, 96, 1, 0, 3
82, 96, 1, 0, 3
82, 96, 1, 0, 3
82, 96, 1, 0, 3
82, 96, 1, 0, 3
82, 96, 1, 0, 3
82, 96, 1, 0, 3
82, 96, 1, 0, 3
82, 96, 1, 0, 3
82, 96, 1, 0, 3
82, 96, 1, 0, 3
82, 96, 1, 0, 3
82, 96, 1, 0, 3
82, 96, 1, 0, 3
82, 96, 1, 0, 3
82, 96, 1, 0, 3
82, 96, 1, 0, 3
82, 96, 1, 0, 3
82, 96, 1, 0, 3
82, 96, 1, 0, 3
82, 96, 1, 0, 3
82, 96, 1, 0, 3
82, 96, 1, 0, 3
82, 96, 1, 0, 3
82, 96, 1, 0, 3
82, 96, 1, 0, 3
83, 60, 0, 1, 5
83, 60, 0, 1, 5
83, 60, 0, 1, 5
83, 60, 0, 1, 5
83, 60, 0, 1, 5
83, 60, 0, 1, 5
83, 60, 0, 1, 5
83, 60, 0, 1, 5
83, 60, 0, 1, 5
83, 60, 0, 1, 5
83, 60, 0, 1, 5
83, 60, 0, 1, 5
83, 60, 0, 1, 5
83, 60, 0, 1, 5
83, 60, 0, 1, 5
83, 60, 0, 1, 5
83, 60, 0, 1, 5
83, 60, 0, 1, 5
83, 60, 0, 1, 5
83, 60, 0, 1, 5
83, 60, 0, 1, 5
83, 60, 0, 1, 5
83, 60, 0, 1, 5
83, 60, 0, 1, 5
83, 60, 0, 1, 5
83, 60, 0, 1, 5
83, 60, 0, 1, 5
83, 60, 0, 1, 5
83, 60, 0, 1, 5
83, 60, 0, 1, 5
83, 60, 0, 1, 5
83, 60, 0, 1, 5
83, 60, 0, 1, 5
83, 60, 0, 1, 5
83, 60, 0, 1, 5
83, 60, 0, 1, 5
83, 60, 0, 1, 5
83, 60, 0, 1, 5
83, 60, 0, 1, 5
83, 60, 0, 1, 5
83, 60, 0, 1, 5
83, 60, 0, 1, 5
83, 60, 0, 1, 5
83, 60, 0, 1, 5
83, 60, 0, 1, 5
83, 60, 0, 1, 5
83, 60, 0, 1, 5
83, 60, 0, 1, 5
83, 60, 0, 1, 5
83, 60, 0, 1, 5
83, 60, 0, 1, 5
83, 60, 0, 1, 5
83, 60, 0, 1, 5
83, 60, 0, 1, 5
83, 60, 0, 1, 5
83, 60, 0, 1, 5
83, 60, 0, 1, 5
83, 60, 0, 1, 5
83, 60, 0, 1, 5
83, 60, 0, 1, 5
83, 5, 1, 0, 3
83, 5, 1, 0, 3
83, 5, 1, 0, 3
83, 5, 1, 0, 3
83, 5, 1, 0, 3
84, 60, 0, 1, 5
84, 60, 0, 1, 5
84, 60, 0, 1, 5
84, 60, 0, 1, 5
84, 60, 0, 1, 5
84, 60, 0, 1, 5
84, 60, 0, 1, 5
84, 60, 0, 1, 5
84, 60, 0, 1, 5
84, 60, 0, 1, 5
84, 60, 0, 1, 5
84, 60, 0, 1, 5
84, 60, 0, 1, 5
84, 60, 0, 1, 5
84, 60, 0, 1, 5
84, 60, 0, 1, 5
84, 60, 0, 1, 5
84, 60, 0, 1, 5
84, 60, 0, 1, 5
84, 60, 0, 1, 5
84, 60, 0, 1, 5
84, 60, 0, 1, 5
84, 60, 0, 1, 5
84, 60, 0, 1, 5
84, 60, 0, 1, 5
84, 60, 0, 1, 5
84, 60, 0, 1, 5
84, 60, 0, 1, 5
84, 60, 0, 1, 5
84, 60, 0, 1, 5
84, 60, 0, 1, 5
84, 60, 0, 1, 5
84, 60, 0, 1, 5
84, 60, 0, 1, 5
84, 60, 0, 1, 5
84, 60, 0, 1, 5
84, 60, 0, 1, 5
84, 60, 0, 1, 5
84, 60, 0, 1, 5
84, 60, 0, 1, 5
84, 60, 0, 1, 5
84, 60, 0, 1, 5
84, 60, 0, 1, 5
84, 60, 0, 1, 5
84, 60, 0, 1, 5
84, 60, 0, 1, 5
84, 60, 0, 1, 5
84, 60, 0, 1, 5
84, 60, 0, 1, 5
84, 60, 0, 1, 5
84, 60, 0, 1, 5
84, 60, 0, 1, 5
84, 60, 0, 1, 5
84, 60, 0, 1, 5
84, 60, 0, 1, 5
84, 60, 0, 1, 5
84, 60, 0, 1, 5
84, 60, 0, 1, 5
84, 60, 0, 1, 5
84, 60, 0, 1, 5
84, 5, 1, 0, 3
84, 5, 1, 0, 3
84, 5, 1, 0, 3
84, 5, 1, 0, 3
84, 5, 1, 0, 3
85, 61, 0, 1, 3
85, 61, 0, 1, 5
85, 61, 0, 1, 5
85, 61, 0, 1, 5
85, 61, 0, 1, 5
85, 61, 0, 1, 5
85, 61, 0, 1, 5
85, 61, 0, 1, 5
85, 61, 0, 1, 5
85, 61, 0, 1, 5
85, 61, 0, 1, 5
85, 61, 0, 1, 5
85, 61, 0, 1, 5
85, 61, 0, 1, 5
85, 61, 0, 1, 5
85, 61, 0, 1, 5
85, 61, 0, 1, 5
85, 61, 0, 1, 5
85, 61, 0, 1, 5
85, 61, 0, 1, 5
85, 61, 0, 1, 5
85, 61, 0, 1, 5
85, 61, 0, 1, 5
85, 61, 0, 1, 5
85, 61, 0, 1, 5
85, 61, 0, 1, 5
85, 61, 0, 1, 5
85, 61, 0, 1, 5
85, 61, 0, 1, 5
85, 61, 0, 1, 5
85, 61, 0, 1, 5
85, 61, 0, 1, 5
85, 61, 0, 1, 5
85, 61, 0, 1, 5
85, 61, 0, 1, 5
85, 61, 0, 1, 5
85, 61, 0, 1, 5
85, 61, 0, 1, 5
85, 61, 0, 1, 5
85, 61, 0, 1, 5
85, 61, 0, 1, 5
85, 61, 0, 1, 5
85, 61, 0, 1, 5
85, 61, 0, 1, 5
85, 61, 0, 1, 5
85, 61, 0, 1, 5
85, 61, 0, 1, 5
85, 61, 0, 1, 5
85, 61, 0, 1, 5
85, 61, 0, 1, 5
85, 61, 0, 1, 5
85, 61, 0, 1, 5
85, 61, 0, 1, 5
85, 61, 0, 1, 5
85, 61, 0, 1, 5
85, 61, 0, 1, 5
85, 61, 0, 1, 5
85, 61, 0, 1, 5
85, 61, 0, 1, 5
85, 61, 0, 1, 5
85, 61, 0, 1, 5
85, 5, 1, 0, 3
85, 5, 1, 0, 3
85, 5, 1, 0, 3
85, 5, 1, 0, 3
85, 5, 1, 0, 3
86, 64, 0, 1, 3
86, 64, 0, 1, 3
86, 64, 0, 1, 3
86, 64, 0, 1, 3
86, 64, 0, 1, 5
86, 64, 0, 1, 5
86, 64, 0, 1, 5
86, 64, 0, 1, 5
86, 64, 0, 1, 5
86, 64, 0, 1, 5
86, 64, 0, 1, 5
86, 64, 0, 1, 5
86, 64, 0, 1, 5
86, 64, 0, 1, 5
86, 64, 0, 1, 5
86, 64, 0, 1, 5
86, 64, 0, 1, 5
86, 64, 0, 1, 5
86, 64, 0, 1, 5
86, 64, 0, 1, 5
86, 64, 0, 1, 5
86, 64, 0, 1, 5
86, 64, 0, 1, 5
86, 64, 0, 1, 5
86, 64, 0, 1, 5
86, 64, 0, 1, 5
86, 64, 0, 1, 5
86, 64, 0, 1, 5
86, 64, 0, 1, 5
86, 64, 0, 1, 5
86, 64, 0, 1, 5
86, 64, 0, 1, 5
86, 64, 0, 1, 5
86, 64, 0, 1, 5
86, 64, 0, 1, 5
86, 64, 0, 1, 5
86, 64, 0, 1, 5
86, 64, 0, 1, 5
86, 64, 0, 1, 5
86, 64, 0, 1, 5
86, 64, 0, 1, 5
86, 64, 0, 1, 5
86, 64, 0, 1, 5
86, 64, 0, 1, 5
86, 64, 0, 1, 5
86, 64, 0, 1, 5
86, 64, 0, 1, 5
86, 64, 0, 1, 5
86, 64, 0, 1, 5
86, 64, 0, 1, 5
86, 64, 0, 1, 5
86, 64, 0, 1, 5
86, 64, 0, 1, 5
86, 64, 0, 1, 5
86, 64, 0, 1, 5
86, 64, 0, 1, 5
86, 64, 0, 1, 5
86, 64, 0, 1, 5
86, 64, 0, 1, 5
86, 64, 0, 1, 5
86, 64, 0, 1, 5
86, 64, 0, 1, 5
86, 64, 0, 1, 5
86, 64, 0, 1, 5
86, 5, 1, 0, 3
86, 5, 1, 0, 3
86, 5, 1, 0, 3
86, 5, 1, 0, 3
86, 5, 1, 0, 3
87, 48, 0, 1, 3
87, 48, 0, 1, 3
87, 48, 0, 1, 3
87, 48, 0, 1, 3
87, 48, 0, 1, 3
87, 48, 0, 1, 3
87, 48, 0, 1, 3
87, 48, 0, 1, 3
87, 48, 0, 1, 3
87, 48, 0, 1, 3
87, 48, 0, 1, 3
87, 48, 0, 1, 3
87, 48, 0, 1, 3
87, 48, 0, 1, 3
87, 48, 0, 1, 3
87, 48, 0, 1, 3
87, 48, 0, 1, 3
87, 48, 0, 1, 3
87, 48, 0, 1, 3
87, 48, 0, 1, 3
87, 48, 0, 1, 3
87, 48, 0, 1, 3
87, 48, 0, 1, 3
87, 48, 0, 1, 3
87, 48, 0, 1, 3
87, 48, 0, 1, 3
87, 48, 0, 1, 3
87, 48, 0, 1, 3
87, 48, 0, 1, 3
87, 48, 0, 1, 3
87, 48, 0, 1, 3
87, 48, 0, 1, 3
87, 48, 0, 1, 3
87, 48, 0, 1, 3
87, 48, 0, 1, 3
87, 48, 0, 1, 3
87, 48, 0, 1, 3
87, 48, 0, 1, 3
87, 48, 0, 1, 3
87, 48, 0, 1, 3
87, 48, 0, 1, 3
87, 48, 0, 1, 3
87, 48, 0, 1, 3
87, 48, 0, 1, 3
87, 48, 0, 1, 3
87, 48, 0, 1, 3
87, 48, 0, 1, 3
87, 48, 0, 1, 3
87, 48, 1, 0, 7
87, 48, 1, 0, 7
87, 48, 1, 0, 7
87, 48, 1, 0, 7
87, 48, 1, 0, 7
87, 48, 1, 0, 7
87, 48, 1, 0, 7
87, 48, 1, 0, 7
87, 48, 1, 0, 7
87, 48, 1, 0, 7
87, 48, 1, 0, 7
87, 48, 1, 0, 7
87, 48, 1, 0, 7
87, 48, 1, 0, 7
87, 48, 1, 0, 7
87, 48, 1, 0, 7
87, 48, 1, 0, 7
87, 48, 1, 0, 7
87, 48, 1, 0, 7
87, 48, 1, 0, 7
87, 48, 1, 0, 7
87, 48, 1, 0, 7
87, 48, 1, 0, 7
87, 48, 1, 0, 7
87, 48, 1, 0, 7
87, 48, 1, 0, 7
87, 48, 1, 0, 7
87, 48, 1, 0, 7
87, 48, 1, 0, 7
87, 48, 1, 0, 7
87, 48, 1, 0, 7
87, 48, 1, 0, 7
87, 48, 1, 0, 7
87, 48, 1, 0, 7
87, 48, 1, 0, 7
87, 48, 1, 0, 7
87, 48, 1, 0, 7
87, 48, 1, 0, 7
87, 48, 1, 0, 7
87, 48, 1, 0, 7
87, 48, 1, 0, 7
87, 48, 1, 0, 7
87, 48, 1, 0, 7
87, 48, 1, 0, 7
87, 48, 1, 0, 7
87, 48, 1, 0, 7
87, 48, 1, 0, 7
87, 48, 1, 0, 7
88, 13, 1, 5, 4
88, 13, 1, 5, 4
88, 13, 1, 5, 4
88, 13, 1, 6, 4
88, 13, 1, 6, 4
88, 13, 1, 6, 4
88, 13, 1, 7, 4
88, 13, 1, 7, 4
88, 13, 1, 7, 4
88, 13, 1, 8, 4
88, 13, 1, 8, 4
88, 13, 1, 8, 4
88, 13, 1, 10, 2
88, 13, 2, 5, 4
88, 13, 2, 5, 4
88, 13, 2, 5, 4
88, 13, 2, 6, 4
88, 13, 2, 6, 4
88, 13, 2, 6, 4
88, 13, 2, 7, 4
88, 13, 2, 7, 4
88, 13, 2, 7, 4
88, 13, 2, 8, 4
88, 13, 2, 8, 4
88, 13, 2, 8, 4
88, 13, 2, 10, 2
88, 13, 3, 5, 4
88, 13, 3, 5, 4
88, 13, 3, 5, 4
88, 13, 3, 6, 4
88, 13, 3, 6, 4
88, 13, 3, 6, 4
88, 13, 3, 7, 4
88, 13, 3, 7, 4
88, 13, 3, 7, 4
88, 13, 3, 8, 4
88, 13, 3, 8, 4
88, 13, 3, 8, 4
88, 13, 3, 10, 2
88, 13, 4, 0, 2
88, 13, 4, 5, 4
88, 13, 4, 5, 4
88, 13, 4, 5, 4
88, 13, 4, 6, 4
88, 13, 4, 6, 4
88, 13, 4, 6, 4
88, 13, 4, 7, 4
88, 13, 4, 7, 4
88, 13, 4, 7, 4
88, 13, 4, 8, 4
88, 13, 4, 8, 4
88, 13, 4, 8, 4
88, 24, 5, 1, 2
88, 24, 5, 1, 2
88, 24, 5, 1, 2
88, 24, 5, 1, 5
88, 24, 5, 1, 5
88, 24, 5, 1, 5
88, 24, 5, 2, 2
88, 24, 5, 2, 2
88, 24, 5, 2, 2
88, 24, 5, 2, 5
88, 24, 5, 2, 5
88, 24, 5, 2, 5
88, 24, 5, 3, 2
88, 24, 5, 3, 2
88, 24, 5, 3, 2
88, 24, 5, 3, 5
88, 24, 5, 3, 5
88, 24, 5, 3, 5
88, 24, 5, 4, 2
88, 24, 5, 4, 2
88, 24, 5, 4, 2
88, 24, 5, 4, 5
88, 24, 5, 4, 5
88, 24, 5, 4, 5
88, 24, 6, 1, 2
88, 24, 6, 1, 2
88, 24, 6, 1, 2
88, 24, 6, 1, 5
88, 24, 6, 1, 5
88, 24, 6, 1, 5
88, 24, 6, 2, 2
88, 24, 6, 2, 2
88, 24, 6, 2, 2
88, 24, 6, 2, 5
88, 24, 6, 2, 5
88, 24, 6, 2, 5
88, 24, 6, 3, 2
88, 24, 6, 3, 2
88, 24, 6, 3, 2
88, 24, 6, 3, 5
88, 24, 6, 3, 5
88, 24, 6, 3, 5
88, 24, 6, 4, 2
88, 24, 6, 4, 2
88, 24, 6, 4, 2
88, 24, 6, 4, 5
88, 24, 6, 4, 5
88, 24, 6, 4, 5
88, 24, 7, 1, 2
88, 24, 7, 1, 2
88, 24, 7, 1, 2
88, 24, 7, 1, 5
88, 24, 7, 1, 5
88, 24, 7, 1, 5
88, 24, 7, 2, 2
88, 24, 7, 2, 2
88, 24, 7, 2, 2
88, 24, 7, 2, 5
88, 24, 7, 2, 5
88, 24, 7, 2, 5
88, 24, 7, 3, 2
88, 24, 7, 3, 2
88, 24, 7, 3, 2
88, 24, 7, 3, 5
88, 24, 7, 3, 5
88, 24, 7, 3, 5
88, 24, 7, 4, 2
88, 24, 7, 4, 2
88, 24, 7, 4, 2
88, 24, 7, 4, 5
88, 24, 7, 4, 5
88, 24, 7, 4, 5
88, 24, 8, 1, 2
88, 24, 8, 1, 2
88, 24, 8, 1, 2
88, 24, 8, 1, 5
88, 24, 8, 1, 5
88, 24, 8, 1, 5
88, 24, 8, 2, 2
88, 24, 8, 2, 2
88, 24, 8, 2, 2
88, 24, 8, 2, 5
88, 24, 8, 2, 5
88, 24, 8, 2, 5
88, 24, 8, 3, 2
88, 24, 8, 3, 2
88, 24, 8, 3, 2
88, 24, 8, 3, 5
88, 24, 8, 3, 5
88, 24, 8, 3, 5
88, 24, 8, 4, 2
88, 24, 8, 4, 2
88, 24, 8, 4, 2
88, 24, 8, 4, 5
88, 24, 8, 4, 5
88, 24, 8, 4, 5
88, 1, 9, 1, 3
89, 13, 1, 5, 4
89, 13, 1, 5, 4
89, 13, 1, 5, 4
89, 13, 1, 6, 4
89, 13, 1, 6, 4
89, 13, 1, 6, 4
89, 13, 1, 7, 4
89, 13, 1, 7, 4
89, 13, 1, 7, 4
89, 13, 1, 8, 4
89, 13, 1, 8, 4
89, 13, 1, 8, 4
89, 13, 1, 10, 2
89, 13, 2, 5, 4
89, 13, 2, 5, 4
89, 13, 2, 5, 4
89, 13, 2, 6, 4
89, 13, 2, 6, 4
89, 13, 2, 6, 4
89, 13, 2, 7, 4
89, 13, 2, 7, 4
89, 13, 2, 7, 4
89, 13, 2, 8, 4
89, 13, 2, 8, 4
89, 13, 2, 8, 4
89, 13, 2, 10, 2
89, 13, 3, 5, 4
89, 13, 3, 5, 4
89, 13, 3, 5, 4
89, 13, 3, 6, 4
89, 13, 3, 6, 4
89, 13, 3, 6, 4
89, 13, 3, 7, 4
89, 13, 3, 7, 4
89, 13, 3, 7, 4
89, 13, 3, 8, 4
89, 13, 3, 8, 4
89, 13, 3, 8, 4
89, 13, 3, 10, 2
89, 13, 4, 0, 2
89, 13, 4, 5, 4
89, 13, 4, 5, 4
89, 13, 4, 5, 4
89, 13, 4, 6, 4
89, 13, 4, 6, 4
89, 13, 4, 6, 4
89, 13, 4, 7, 4
89, 13, 4, 7, 4
89, 13, 4, 7, 4
89, 13, 4, 8, 4
89, 13, 4, 8, 4
89, 13, 4, 8, 4
89, 24, 5, 1, 2
89, 24, 5, 1, 2
89, 24, 5, 1, 2
89, 24, 5, 1, 5
89, 24, 5, 1, 5
89, 24, 5, 1, 5
89, 24, 5, 2, 2
89, 24, 5, 2, 2
89, 24, 5, 2, 2
89, 24, 5, 2, 5
89, 24, 5, 2, 5
89, 24, 5, 2, 5
89, 24, 5, 3, 2
89, 24, 5, 3, 2
89, 24, 5, 3, 2
89, 24, 5, 3, 5
89, 24, 5, 3, 5
89, 24, 5, 3, 5
89, 24, 5, 4, 2
89, 24, 5, 4, 2
89, 24, 5, 4, 2
89, 24, 5, 4, 5
89, 24, 5, 4, 5
89, 24, 5, 4, 5
89, 24, 6, 1, 2
89, 24, 6, 1, 2
89, 24, 6, 1, 2
89, 24, 6, 1, 5
89, 24, 6, 1, 5
89, 24, 6, 1, 5
89, 24, 6, 2, 2
89, 24, 6, 2, 2
89, 24, 6, 2, 2
89, 24, 6, 2, 5
89, 24, 6, 2, 5
89, 24, 6, 2, 5
89, 24, 6, 3, 2
89, 24, 6, 3, 2
89, 24, 6, 3, 2
89, 24, 6, 3, 5
89, 24, 6, 3, 5
89, 24, 6, 3, 5
89, 24, 6, 4, 2
89, 24, 6, 4, 2
89, 24, 6, 4, 2
89, 24, 6, 4, 5
89, 24, 6, 4, 5
89, 24, 6, 4, 5
89, 24, 7, 1, 2
89, 24, 7, 1, 2
89, 24, 7, 1, 2
89, 24, 7, 1, 5
89, 24, 7, 1, 5
89, 24, 7, 1, 5
89, 24, 7, 2, 2
89, 24, 7, 2, 2
89, 24, 7, 2, 2
89, 24, 7, 2, 5
89, 24, 7, 2, 5
89, 24, 7, 2, 5
89, 24, 7, 3, 2
89, 24, 7, 3, 2
89, 24, 7, 3, 2
89, 24, 7, 3, 5
89, 24, 7, 3, 5
89, 24, 7, 3, 5
89, 24, 7, 4, 2
89, 24, 7, 4, 2
89, 24, 7, 4, 2
89, 24, 7, 4, 5
89, 24, 7, 4, 5
89, 24, 7, 4, 5
89, 24, 8, 1, 2
89, 24, 8, 1, 2
89, 24, 8, 1, 2
89, 24, 8, 1, 5
89, 24, 8, 1, 5
89, 24, 8, 1, 5
89, 24, 8, 2, 2
89, 24, 8, 2, 2
89, 24, 8, 2, 2
89, 24, 8, 2, 5
89, 24, 8, 2, 5
89, 24, 8, 2, 5
89, 24, 8, 3, 2
89, 24, 8, 3, 2
89, 24, 8, 3, 2
89, 24, 8, 3, 5
89, 24, 8, 3, 5
89, 24, 8, 3, 5
89, 24, 8, 4, 2
89, 24, 8, 4, 2
89, 24, 8, 4, 2
89, 24, 8, 4, 5
89, 24, 8, 4, 5
89, 24, 8, 4, 5
89, 1, 9, 2, 3
90, 13, 1, 5, 4
90, 13, 1, 5, 4
90, 13, 1, 5, 4
90, 13, 1, 6, 4
90, 13, 1, 6, 4
90, 13, 1, 6, 4
90, 13, 1, 7, 4
90, 13, 1, 7, 4
90, 13, 1, 7, 4
90, 13, 1, 8, 4
90, 13, 1, 8, 4
90, 13, 1, 8, 4
90, 13, 1, 10, 2
90, 13, 2, 5, 4
90, 13, 2, 5, 4
90, 13, 2, 5, 4
90, 13, 2, 6, 4
90, 13, 2, 6, 4
90, 13, 2, 6, 4
90, 13, 2, 7, 4
90, 13, 2, 7, 4
90, 13, 2, 7, 4
90, 13, 2, 8, 4
90, 13, 2, 8, 4
90, 13, 2, 8, 4
90, 13, 2, 10, 2
90, 13, 3, 5, 4
90, 13, 3, 5, 4
90, 13, 3, 5, 4
90, 13, 3, 6, 4
90, 13, 3, 6, 4
90, 13, 3, 6, 4
90, 13, 3, 7, 4
90, 13, 3, 7, 4
90, 13, 3, 7, 4
90, 13, 3, 8, 4
90, 13, 3, 8, 4
90, 13, 3, 8, 4
90, 13, 3, 10, 2
90, 13, 4, 0, 2
90, 13, 4, 5, 4
90, 13, 4, 5, 4
90, 13, 4, 5, 4
90, 13, 4, 6, 4
90, 13, 4, 6, 4
90, 13, 4, 6, 4
90, 13, 4, 7, 4
90, 13, 4, 7, 4
90, 13, 4, 7, 4
90, 13, 4, 8, 4
90, 13, 4, 8, 4
90, 13, 4, 8, 4
90, 24, 5, 1, 2
90, 24, 5, 1, 2
90, 24, 5, 1, 2
90, 24, 5, 1, 5
90, 24, 5, 1, 5
90, 24, 5, 1, 5
90, 24, 5, 2, 2
90, 24, 5, 2, 2
90, 24, 5, 2, 2
90, 24, 5, 2, 5
90, 24, 5, 2, 5
90, 24, 5, 2, 5
90, 24, 5, 3, 2
90, 24, 5, 3, 2
90, 24, 5, 3, 2
90, 24, 5, 3, 5
90, 24, 5, 3, 5
90, 24, 5, 3, 5
90, 24, 5, 4, 2
90, 24, 5, 4, 2
90, 24, 5, 4, 2
90, 24, 5, 4, 5
90, 24, 5, 4, 5
90, 24, 5, 4, 5
90, 24, 6, 1, 2
90, 24, 6, 1, 2
90, 24, 6, 1, 2
90, 24, 6, 1, 5
90, 24, 6, 1, 5
90, 24, 6, 1, 5
90, 24, 6, 2, 2
90, 24, 6, 2, 2
90, 24, 6, 2, 2
90, 24, 6, 2, 5
90, 24, 6, 2, 5
90, 24, 6, 2, 5
90, 24, 6, 3, 2
90, 24, 6, 3, 2
90, 24, 6, 3, 2
90, 24, 6, 3, 5
90, 24, 6, 3, 5
90, 24, 6, 3, 5
90, 24, 6, 4, 2
90, 24, 6, 4, 2
90, 24, 6, 4, 2
90, 24, 6, 4, 5
90, 24, 6, 4, 5
90, 24, 6, 4, 5
90, 24, 7, 1, 2
90, 24, 7, 1, 2
90, 24, 7, 1, 2
90, 24, 7, 1, 5
90, 24, 7, 1, 5
90, 24, 7, 1, 5
90, 24, 7, 2, 2
90, 24, 7, 2, 2
90, 24, 7, 2, 2
90, 24, 7, 2, 5
90, 24, 7, 2, 5
90, 24, 7, 2, 5
90, 24, 7, 3, 2
90, 24, 7, 3, 2
90, 24, 7, 3, 2
90, 24, 7, 3, 5
90, 24, 7, 3, 5
90, 24, 7, 3, 5
90, 24, 7, 4, 2
90, 24, 7, 4, 2
90, 24, 7, 4, 2
90, 24, 7, 4, 5
90, 24, 7, 4, 5
90, 24, 7, 4, 5
90, 24, 8, 1, 2
90, 24, 8, 1, 2
90, 24, 8, 1, 2
90, 24, 8, 1, 5
90, 24, 8, 1, 5
90, 24, 8, 1, 5
90, 24, 8, 2, 2
90, 24, 8, 2, 2
90, 24, 8, 2, 2
90, 24, 8, 2, 5
90, 24, 8, 2, 5
90, 24, 8, 2, 5
90, 24, 8, 3, 2
90, 24, 8, 3, 2
90, 24, 8, 3, 2
90, 24, 8, 3, 5
90, 24, 8, 3, 5
90, 24, 8, 3, 5
90, 24, 8, 4, 2
90, 24, 8, 4, 2
90, 24, 8, 4, 2
90, 24, 8, 4, 5
90, 24, 8, 4, 5
90, 24, 8, 4, 5
90, 1, 9, 2, 3
91, 1, 1, 0, 3
92, 1, 1, 0, 3
Goal
87
88
89
90
91
92
