CG
9
0, 6, 4, 192
0, 6, 5, 192
0, 6, 6, 192
0, 6, 7, 192
0, 6, 8, 192
0, 6, 3, 960
1, 6, 4, 192
1, 6, 5, 192
1, 6, 6, 192
1, 6, 7, 192
1, 6, 8, 192
1, 6, 2, 960
2, 5, 4, 192
2, 5, 5, 192
2, 5, 6, 192
2, 5, 7, 192
2, 5, 8, 192
3, 5, 4, 192
3, 5, 5, 192
3, 5, 6, 192
3, 5, 7, 192
3, 5, 8, 192
4, 2, 2, 192
4, 2, 3, 192
5, 2, 2, 192
5, 2, 3, 192
6, 2, 2, 192
6, 2, 3, 192
7, 2, 2, 192
7, 2, 3, 192
8, 2, 2, 192
8, 2, 3, 192
DTG
0, 6, 0, 5, 1
0, 6, 0, 6, 1
0, 6, 0, 7, 1
0, 6, 0, 9, 1
0, 6, 0, 10, 1
0, 6, 0, 11, 1
0, 1, 1, 9, 1
0, 4, 2, 3, 1
0, 4, 2, 4, 1
0, 4, 2, 5, 1
0, 4, 2, 8, 1
0, 4, 3, 2, 1
0, 4, 3, 5, 1
0, 4, 3, 8, 1
0, 4, 3, 9, 1
0, 1, 4, 2, 1
0, 4, 5, 0, 1
0, 4, 5, 2, 1
0, 4, 5, 3, 1
0, 4, 5, 7, 1
0, 4, 6, 0, 1
0, 4, 6, 7, 1
0, 4, 6, 10, 1
0, 4, 6, 11, 1
0, 3, 7, 0, 1
0, 3, 7, 5, 1
0, 3, 7, 6, 1
0, 3, 8, 2, 1
0, 3, 8, 3, 1
0, 3, 8, 13, 1
0, 4, 9, 0, 1
0, 4, 9, 1, 1
0, 4, 9, 3, 1
0, 4, 9, 11, 1
0, 3, 10, 0, 1
0, 3, 10, 6, 1
0, 3, 10, 11, 1
0, 4, 11, 0, 1
0, 4, 11, 6, 1
0, 4, 11, 9, 1
0, 4, 11, 10, 1
0, 5, 12, 13, 1
0, 5, 12, 16, 1
0, 5, 12, 18, 1
0, 5, 12, 19, 1
0, 5, 12, 20, 1
0, 4, 13, 8, 1
0, 4, 13, 12, 1
0, 4, 13, 16, 1
0, 4, 13, 18, 1
0, 4, 14, 15, 1
0, 4, 14, 16, 1
0, 4, 14, 19, 1
0, 4, 14, 23, 1
0, 2, 15, 14, 1
0, 2, 15, 23, 1
0, 6, 16, 12, 1
0, 6, 16, 13, 1
0, 6, 16, 14, 1
0, 6, 16, 18, 1
0, 6, 16, 19, 1
0, 6, 16, 21, 1
0, 2, 17, 21, 1
0, 2, 17, 22, 1
0, 5, 18, 12, 1
0, 5, 18, 13, 1
0, 5, 18, 16, 1
0, 5, 18, 19, 1
0, 5, 18, 21, 1
0, 5, 19, 12, 1
0, 5, 19, 14, 1
0, 5, 19, 16, 1
0, 5, 19, 18, 1
0, 5, 19, 21, 1
0, 1, 20, 12, 1
0, 5, 21, 16, 1
0, 5, 21, 17, 1
0, 5, 21, 18, 1
0, 5, 21, 19, 1
0, 5, 21, 22, 1
0, 2, 22, 17, 1
0, 2, 22, 21, 1
0, 2, 23, 14, 1
0, 2, 23, 15, 1
1, 6, 0, 5, 1
1, 6, 0, 6, 1
1, 6, 0, 7, 1
1, 6, 0, 9, 1
1, 6, 0, 10, 1
1, 6, 0, 11, 1
1, 1, 1, 9, 1
1, 4, 2, 3, 1
1, 4, 2, 4, 1
1, 4, 2, 5, 1
1, 4, 2, 8, 1
1, 4, 3, 2, 1
1, 4, 3, 5, 1
1, 4, 3, 8, 1
1, 4, 3, 9, 1
1, 1, 4, 2, 1
1, 4, 5, 0, 1
1, 4, 5, 2, 1
1, 4, 5, 3, 1
1, 4, 5, 7, 1
1, 4, 6, 0, 1
1, 4, 6, 7, 1
1, 4, 6, 10, 1
1, 4, 6, 11, 1
1, 3, 7, 0, 1
1, 3, 7, 5, 1
1, 3, 7, 6, 1
1, 3, 8, 2, 1
1, 3, 8, 3, 1
1, 3, 8, 13, 1
1, 4, 9, 0, 1
1, 4, 9, 1, 1
1, 4, 9, 3, 1
1, 4, 9, 11, 1
1, 3, 10, 0, 1
1, 3, 10, 6, 1
1, 3, 10, 11, 1
1, 4, 11, 0, 1
1, 4, 11, 6, 1
1, 4, 11, 9, 1
1, 4, 11, 10, 1
1, 5, 12, 13, 1
1, 5, 12, 16, 1
1, 5, 12, 18, 1
1, 5, 12, 19, 1
1, 5, 12, 20, 1
1, 4, 13, 8, 1
1, 4, 13, 12, 1
1, 4, 13, 16, 1
1, 4, 13, 18, 1
1, 4, 14, 15, 1
1, 4, 14, 16, 1
1, 4, 14, 19, 1
1, 4, 14, 23, 1
1, 2, 15, 14, 1
1, 2, 15, 23, 1
1, 6, 16, 12, 1
1, 6, 16, 13, 1
1, 6, 16, 14, 1
1, 6, 16, 18, 1
1, 6, 16, 19, 1
1, 6, 16, 21, 1
1, 2, 17, 21, 1
1, 2, 17, 22, 1
1, 5, 18, 12, 1
1, 5, 18, 13, 1
1, 5, 18, 16, 1
1, 5, 18, 19, 1
1, 5, 18, 21, 1
1, 5, 19, 12, 1
1, 5, 19, 14, 1
1, 5, 19, 16, 1
1, 5, 19, 18, 1
1, 5, 19, 21, 1
1, 1, 20, 12, 1
1, 5, 21, 16, 1
1, 5, 21, 17, 1
1, 5, 21, 18, 1
1, 5, 21, 19, 1
1, 5, 21, 22, 1
1, 2, 22, 17, 1
1, 2, 22, 21, 1
1, 2, 23, 14, 1
1, 2, 23, 15, 1
2, 120, 0, 1, 3
2, 120, 0, 1, 3
2, 120, 0, 1, 3
2, 120, 0, 1, 3
2, 120, 0, 1, 3
2, 120, 0, 1, 3
2, 120, 0, 1, 3
2, 120, 0, 1, 3
2, 120, 0, 1, 3
2, 120, 0, 1, 3
2, 120, 0, 1, 3
2, 120, 0, 1, 3
2, 120, 0, 1, 3
2, 120, 0, 1, 3
2, 120, 0, 1, 3
2, 120, 0, 1, 3
2, 120, 0, 1, 3
2, 120, 0, 1, 3
2, 120, 0, 1, 3
2, 120, 0, 1, 3
2, 120, 0, 1, 3
2, 120, 0, 1, 3
2, 120, 0, 1, 3
2, 120, 0, 1, 3
2, 120, 0, 1, 3
2, 120, 0, 1, 3
2, 120, 0, 1, 3
2, 120, 0, 1, 3
2, 120, 0, 1, 3
2, 120, 0, 1, 3
2, 120, 0, 1, 3
2, 120, 0, 1, 3
2, 120, 0, 1, 3
2, 120, 0, 1, 3
2, 120, 0, 1, 3
2, 120, 0, 1, 3
2, 120, 0, 1, 3
2, 120, 0, 1, 3
2, 120, 0, 1, 3
2, 120, 0, 1, 3
2, 120, 0, 1, 3
2, 120, 0, 1, 3
2, 120, 0, 1, 3
2, 120, 0, 1, 3
2, 120, 0, 1, 3
2, 120, 0, 1, 3
2, 120, 0, 1, 3
2, 120, 0, 1, 3
2, 120, 0, 1, 3
2, 120, 0, 1, 3
2, 120, 0, 1, 3
2, 120, 0, 1, 3
2, 120, 0, 1, 3
2, 120, 0, 1, 3
2, 120, 0, 1, 3
2, 120, 0, 1, 3
2, 120, 0, 1, 3
2, 120, 0, 1, 3
2, 120, 0, 1, 3
2, 120, 0, 1, 3
2, 120, 0, 1, 3
2, 120, 0, 1, 3
2, 120, 0, 1, 3
2, 120, 0, 1, 3
2, 120, 0, 1, 3
2, 120, 0, 1, 3
2, 120, 0, 1, 3
2, 120, 0, 1, 3
2, 120, 0, 1, 3
2, 120, 0, 1, 3
2, 120, 0, 1, 3
2, 120, 0, 1, 3
2, 120, 0, 1, 3
2, 120, 0, 1, 3
2, 120, 0, 1, 3
2, 120, 0, 1, 3
2, 120, 0, 1, 3
2, 120, 0, 1, 3
2, 120, 0, 1, 3
2, 120, 0, 1, 3
2, 120, 0, 1, 3
2, 120, 0, 1, 3
2, 120, 0, 1, 3
2, 120, 0, 1, 3
2, 120, 0, 1, 3
2, 120, 0, 1, 3
2, 120, 0, 1, 3
2, 120, 0, 1, 3
2, 120, 0, 1, 3
2, 120, 0, 1, 3
2, 120, 0, 1, 3
2, 120, 0, 1, 3
2, 120, 0, 1, 3
2, 120, 0, 1, 3
2, 120, 0, 1, 3
2, 120, 0, 1, 3
2, 120, 0, 1, 3
2, 120, 0, 1, 3
2, 120, 0, 1, 3
2, 120, 0, 1, 3
2, 120, 0, 1, 3
2, 120, 0, 1, 3
2, 120, 0, 1, 3
2, 120, 0, 1, 3
2, 120, 0, 1, 3
2, 120, 0, 1, 3
2, 120, 0, 1, 3
2, 120, 0, 1, 3
2, 120, 0, 1, 3
2, 120, 0, 1, 3
2, 120, 0, 1, 3
2, 120, 0, 1, 3
2, 120, 0, 1, 3
2, 120, 0, 1, 3
2, 120, 0, 1, 3
2, 120, 0, 1, 3
2, 120, 0, 1, 3
2, 120, 0, 1, 3
2, 120, 0, 1, 3
2, 120, 0, 1, 3
2, 240, 1, 0, 3
2, 240, 1, 0, 3
2, 240, 1, 0, 3
2, 240, 1, 0, 3
2, 240, 1, 0, 3
2, 240, 1, 0, 3
2, 240, 1, 0, 3
2, 240, 1, 0, 3
2, 240, 1, 0, 3
2, 240, 1, 0, 3
2, 240, 1, 0, 3
2, 240, 1, 0, 3
2, 240, 1, 0, 3
2, 240, 1, 0, 3
2, 240, 1, 0, 3
2, 240, 1, 0, 3
2, 240, 1, 0, 3
2, 240, 1, 0, 3
2, 240, 1, 0, 3
2, 240, 1, 0, 3
2, 240, 1, 0, 3
2, 240, 1, 0, 3
2, 240, 1, 0, 3
2, 240, 1, 0, 3
2, 240, 1, 0, 3
2, 240, 1, 0, 3
2, 240, 1, 0, 3
2, 240, 1, 0, 3
2, 240, 1, 0, 3
2, 240, 1, 0, 3
2, 240, 1, 0, 3
2, 240, 1, 0, 3
2, 240, 1, 0, 3
2, 240, 1, 0, 3
2, 240, 1, 0, 3
2, 240, 1, 0, 3
2, 240, 1, 0, 3
2, 240, 1, 0, 3
2, 240, 1, 0, 3
2, 240, 1, 0, 3
2, 240, 1, 0, 3
2, 240, 1, 0, 3
2, 240, 1, 0, 3
2, 240, 1, 0, 3
2, 240, 1, 0, 3
2, 240, 1, 0, 3
2, 240, 1, 0, 3
2, 240, 1, 0, 3
2, 240, 1, 0, 3
2, 240, 1, 0, 3
2, 240, 1, 0, 3
2, 240, 1, 0, 3
2, 240, 1, 0, 3
2, 240, 1, 0, 3
2, 240, 1, 0, 3
2, 240, 1, 0, 3
2, 240, 1, 0, 3
2, 240, 1, 0, 3
2, 240, 1, 0, 3
2, 240, 1, 0, 3
2, 240, 1, 0, 3
2, 240, 1, 0, 3
2, 240, 1, 0, 3
2, 240, 1, 0, 3
2, 240, 1, 0, 3
2, 240, 1, 0, 3
2, 240, 1, 0, 3
2, 240, 1, 0, 3
2, 240, 1, 0, 3
2, 240, 1, 0, 3
2, 240, 1, 0, 3
2, 240, 1, 0, 3
2, 240, 1, 0, 3
2, 240, 1, 0, 3
2, 240, 1, 0, 3
2, 240, 1, 0, 3
2, 240, 1, 0, 3
2, 240, 1, 0, 3
2, 240, 1, 0, 3
2, 240, 1, 0, 3
2, 240, 1, 0, 3
2, 240, 1, 0, 3
2, 240, 1, 0, 3
2, 240, 1, 0, 3
2, 240, 1, 0, 3
2, 240, 1, 0, 3
2, 240, 1, 0, 3
2, 240, 1, 0, 3
2, 240, 1, 0, 3
2, 240, 1, 0, 3
2, 240, 1, 0, 3
2, 240, 1, 0, 3
2, 240, 1, 0, 3
2, 240, 1, 0, 3
2, 240, 1, 0, 3
2, 240, 1, 0, 3
2, 240, 1, 0, 3
2, 240, 1, 0, 3
2, 240, 1, 0, 3
2, 240, 1, 0, 3
2, 240, 1, 0, 3
2, 240, 1, 0, 3
2, 240, 1, 0, 3
2, 240, 1, 0, 3
2, 240, 1, 0, 3
2, 240, 1, 0, 3
2, 240, 1, 0, 3
2, 240, 1, 0, 3
2, 240, 1, 0, 3
2, 240, 1, 0, 3
2, 240, 1, 0, 3
2, 240, 1, 0, 3
2, 240, 1, 0, 3
2, 240, 1, 0, 3
2, 240, 1, 0, 3
2, 240, 1, 0, 3
2, 240, 1, 0, 3
2, 240, 1, 0, 3
2, 240, 1, 0, 3
2, 240, 1, 0, 3
2, 240, 1, 2, 3
2, 240, 1, 2, 3
2, 240, 1, 2, 3
2, 240, 1, 2, 3
2, 240, 1, 2, 3
2, 240, 1, 2, 3
2, 240, 1, 2, 3
2, 240, 1, 2, 3
2, 240, 1, 2, 3
2, 240, 1, 2, 3
2, 240, 1, 2, 3
2, 240, 1, 2, 3
2, 240, 1, 2, 3
2, 240, 1, 2, 3
2, 240, 1, 2, 3
2, 240, 1, 2, 3
2, 240, 1, 2, 3
2, 240, 1, 2, 3
2, 240, 1, 2, 3
2, 240, 1, 2, 3
2, 240, 1, 2, 3
2, 240, 1, 2, 3
2, 240, 1, 2, 3
2, 240, 1, 2, 3
2, 240, 1, 2, 3
2, 240, 1, 2, 3
2, 240, 1, 2, 3
2, 240, 1, 2, 3
2, 240, 1, 2, 3
2, 240, 1, 2, 3
2, 240, 1, 2, 3
2, 240, 1, 2, 3
2, 240, 1, 2, 3
2, 240, 1, 2, 3
2, 240, 1, 2, 3
2, 240, 1, 2, 3
2, 240, 1, 2, 3
2, 240, 1, 2, 3
2, 240, 1, 2, 3
2, 240, 1, 2, 3
2, 240, 1, 2, 3
2, 240, 1, 2, 3
2, 240, 1, 2, 3
2, 240, 1, 2, 3
2, 240, 1, 2, 3
2, 240, 1, 2, 3
2, 240, 1, 2, 3
2, 240, 1, 2, 3
2, 240, 1, 2, 3
2, 240, 1, 2, 3
2, 240, 1, 2, 3
2, 240, 1, 2, 3
2, 240, 1, 2, 3
2, 240, 1, 2, 3
2, 240, 1, 2, 3
2, 240, 1, 2, 3
2, 240, 1, 2, 3
2, 240, 1, 2, 3
2, 240, 1, 2, 3
2, 240, 1, 2, 3
2, 240, 1, 2, 3
2, 240, 1, 2, 3
2, 240, 1, 2, 3
2, 240, 1, 2, 3
2, 240, 1, 2, 3
2, 240, 1, 2, 3
2, 240, 1, 2, 3
2, 240, 1, 2, 3
2, 240, 1, 2, 3
2, 240, 1, 2, 3
2, 240, 1, 2, 3
2, 240, 1, 2, 3
2, 240, 1, 2, 3
2, 240, 1, 2, 3
2, 240, 1, 2, 3
2, 240, 1, 2, 3
2, 240, 1, 2, 3
2, 240, 1, 2, 3
2, 240, 1, 2, 3
2, 240, 1, 2, 3
2, 240, 1, 2, 3
2, 240, 1, 2, 3
2, 240, 1, 2, 3
2, 240, 1, 2, 3
2, 240, 1, 2, 3
2, 240, 1, 2, 3
2, 240, 1, 2, 3
2, 240, 1, 2, 3
2, 240, 1, 2, 3
2, 240, 1, 2, 3
2, 240, 1, 2, 3
2, 240, 1, 2, 3
2, 240, 1, 2, 3
2, 240, 1, 2, 3
2, 240, 1, 2, 3
2, 240, 1, 2, 3
2, 240, 1, 2, 3
2, 240, 1, 2, 3
2, 240, 1, 2, 3
2, 240, 1, 2, 3
2, 240, 1, 2, 3
2, 240, 1, 2, 3
2, 240, 1, 2, 3
2, 240, 1, 2, 3
2, 240, 1, 2, 3
2, 240, 1, 2, 3
2, 240, 1, 2, 3
2, 240, 1, 2, 3
2, 240, 1, 2, 3
2, 240, 1, 2, 3
2, 240, 1, 2, 3
2, 240, 1, 2, 3
2, 240, 1, 2, 3
2, 240, 1, 2, 3
2, 240, 1, 2, 3
2, 240, 1, 2, 3
2, 240, 1, 2, 3
2, 240, 1, 2, 3
2, 240, 1, 2, 3
2, 240, 1, 2, 3
2, 240, 2, 1, 3
2, 240, 2, 1, 3
2, 240, 2, 1, 3
2, 240, 2, 1, 3
2, 240, 2, 1, 3
2, 240, 2, 1, 3
2, 240, 2, 1, 3
2, 240, 2, 1, 3
2, 240, 2, 1, 3
2, 240, 2, 1, 3
2, 240, 2, 1, 3
2, 240, 2, 1, 3
2, 240, 2, 1, 3
2, 240, 2, 1, 3
2, 240, 2, 1, 3
2, 240, 2, 1, 3
2, 240, 2, 1, 3
2, 240, 2, 1, 3
2, 240, 2, 1, 3
2, 240, 2, 1, 3
2, 240, 2, 1, 3
2, 240, 2, 1, 3
2, 240, 2, 1, 3
2, 240, 2, 1, 3
2, 240, 2, 1, 3
2, 240, 2, 1, 3
2, 240, 2, 1, 3
2, 240, 2, 1, 3
2, 240, 2, 1, 3
2, 240, 2, 1, 3
2, 240, 2, 1, 3
2, 240, 2, 1, 3
2, 240, 2, 1, 3
2, 240, 2, 1, 3
2, 240, 2, 1, 3
2, 240, 2, 1, 3
2, 240, 2, 1, 3
2, 240, 2, 1, 3
2, 240, 2, 1, 3
2, 240, 2, 1, 3
2, 240, 2, 1, 3
2, 240, 2, 1, 3
2, 240, 2, 1, 3
2, 240, 2, 1, 3
2, 240, 2, 1, 3
2, 240, 2, 1, 3
2, 240, 2, 1, 3
2, 240, 2, 1, 3
2, 240, 2, 1, 3
2, 240, 2, 1, 3
2, 240, 2, 1, 3
2, 240, 2, 1, 3
2, 240, 2, 1, 3
2, 240, 2, 1, 3
2, 240, 2, 1, 3
2, 240, 2, 1, 3
2, 240, 2, 1, 3
2, 240, 2, 1, 3
2, 240, 2, 1, 3
2, 240, 2, 1, 3
2, 240, 2, 1, 3
2, 240, 2, 1, 3
2, 240, 2, 1, 3
2, 240, 2, 1, 3
2, 240, 2, 1, 3
2, 240, 2, 1, 3
2, 240, 2, 1, 3
2, 240, 2, 1, 3
2, 240, 2, 1, 3
2, 240, 2, 1, 3
2, 240, 2, 1, 3
2, 240, 2, 1, 3
2, 240, 2, 1, 3
2, 240, 2, 1, 3
2, 240, 2, 1, 3
2, 240, 2, 1, 3
2, 240, 2, 1, 3
2, 240, 2, 1, 3
2, 240, 2, 1, 3
2, 240, 2, 1, 3
2, 240, 2, 1, 3
2, 240, 2, 1, 3
2, 240, 2, 1, 3
2, 240, 2, 1, 3
2, 240, 2, 1, 3
2, 240, 2, 1, 3
2, 240, 2, 1, 3
2, 240, 2, 1, 3
2, 240, 2, 1, 3
2, 240, 2, 1, 3
2, 240, 2, 1, 3
2, 240, 2, 1, 3
2, 240, 2, 1, 3
2, 240, 2, 1, 3
2, 240, 2, 1, 3
2, 240, 2, 1, 3
2, 240, 2, 1, 3
2, 240, 2, 1, 3
2, 240, 2, 1, 3
2, 240, 2, 1, 3
2, 240, 2, 1, 3
2, 240, 2, 1, 3
2, 240, 2, 1, 3
2, 240, 2, 1, 3
2, 240, 2, 1, 3
2, 240, 2, 1, 3
2, 240, 2, 1, 3
2, 240, 2, 1, 3
2, 240, 2, 1, 3
2, 240, 2, 1, 3
2, 240, 2, 1, 3
2, 240, 2, 1, 3
2, 240, 2, 1, 3
2, 240, 2, 1, 3
2, 240, 2, 1, 3
2, 240, 2, 1, 3
2, 240, 2, 1, 3
2, 240, 2, 1, 3
2, 240, 2, 1, 3
2, 240, 2, 1, 3
2, 240, 2, 3, 3
2, 240, 2, 3, 3
2, 240, 2, 3, 3
2, 240, 2, 3, 3
2, 240, 2, 3, 3
2, 240, 2, 3, 3
2, 240, 2, 3, 3
2, 240, 2, 3, 3
2, 240, 2, 3, 3
2, 240, 2, 3, 3
2, 240, 2, 3, 3
2, 240, 2, 3, 3
2, 240, 2, 3, 3
2, 240, 2, 3, 3
2, 240, 2, 3, 3
2, 240, 2, 3, 3
2, 240, 2, 3, 3
2, 240, 2, 3, 3
2, 240, 2, 3, 3
2, 240, 2, 3, 3
2, 240, 2, 3, 3
2, 240, 2, 3, 3
2, 240, 2, 3, 3
2, 240, 2, 3, 3
2, 240, 2, 3, 3
2, 240, 2, 3, 3
2, 240, 2, 3, 3
2, 240, 2, 3, 3
2, 240, 2, 3, 3
2, 240, 2, 3, 3
2, 240, 2, 3, 3
2, 240, 2, 3, 3
2, 240, 2, 3, 3
2, 240, 2, 3, 3
2, 240, 2, 3, 3
2, 240, 2, 3, 3
2, 240, 2, 3, 3
2, 240, 2, 3, 3
2, 240, 2, 3, 3
2, 240, 2, 3, 3
2, 240, 2, 3, 3
2, 240, 2, 3, 3
2, 240, 2, 3, 3
2, 240, 2, 3, 3
2, 240, 2, 3, 3
2, 240, 2, 3, 3
2, 240, 2, 3, 3
2, 240, 2, 3, 3
2, 240, 2, 3, 3
2, 240, 2, 3, 3
2, 240, 2, 3, 3
2, 240, 2, 3, 3
2, 240, 2, 3, 3
2, 240, 2, 3, 3
2, 240, 2, 3, 3
2, 240, 2, 3, 3
2, 240, 2, 3, 3
2, 240, 2, 3, 3
2, 240, 2, 3, 3
2, 240, 2, 3, 3
2, 240, 2, 3, 3
2, 240, 2, 3, 3
2, 240, 2, 3, 3
2, 240, 2, 3, 3
2, 240, 2, 3, 3
2, 240, 2, 3, 3
2, 240, 2, 3, 3
2, 240, 2, 3, 3
2, 240, 2, 3, 3
2, 240, 2, 3, 3
2, 240, 2, 3, 3
2, 240, 2, 3, 3
2, 240, 2, 3, 3
2, 240, 2, 3, 3
2, 240, 2, 3, 3
2, 240, 2, 3, 3
2, 240, 2, 3, 3
2, 240, 2, 3, 3
2, 240, 2, 3, 3
2, 240, 2, 3, 3
2, 240, 2, 3, 3
2, 240, 2, 3, 3
2, 240, 2, 3, 3
2, 240, 2, 3, 3
2, 240, 2, 3, 3
2, 240, 2, 3, 3
2, 240, 2, 3, 3
2, 240, 2, 3, 3
2, 240, 2, 3, 3
2, 240, 2, 3, 3
2, 240, 2, 3, 3
2, 240, 2, 3, 3
2, 240, 2, 3, 3
2, 240, 2, 3, 3
2, 240, 2, 3, 3
2, 240, 2, 3, 3
2, 240, 2, 3, 3
2, 240, 2, 3, 3
2, 240, 2, 3, 3
2, 240, 2, 3, 3
2, 240, 2, 3, 3
2, 240, 2, 3, 3
2, 240, 2, 3, 3
2, 240, 2, 3, 3
2, 240, 2, 3, 3
2, 240, 2, 3, 3
2, 240, 2, 3, 3
2, 240, 2, 3, 3
2, 240, 2, 3, 3
2, 240, 2, 3, 3
2, 240, 2, 3, 3
2, 240, 2, 3, 3
2, 240, 2, 3, 3
2, 240, 2, 3, 3
2, 240, 2, 3, 3
2, 240, 2, 3, 3
2, 240, 2, 3, 3
2, 240, 2, 3, 3
2, 240, 2, 3, 3
2, 240, 2, 3, 3
2, 240, 3, 2, 3
2, 240, 3, 2, 3
2, 240, 3, 2, 3
2, 240, 3, 2, 3
2, 240, 3, 2, 3
2, 240, 3, 2, 3
2, 240, 3, 2, 3
2, 240, 3, 2, 3
2, 240, 3, 2, 3
2, 240, 3, 2, 3
2, 240, 3, 2, 3
2, 240, 3, 2, 3
2, 240, 3, 2, 3
2, 240, 3, 2, 3
2, 240, 3, 2, 3
2, 240, 3, 2, 3
2, 240, 3, 2, 3
2, 240, 3, 2, 3
2, 240, 3, 2, 3
2, 240, 3, 2, 3
2, 240, 3, 2, 3
2, 240, 3, 2, 3
2, 240, 3, 2, 3
2, 240, 3, 2, 3
2, 240, 3, 2, 3
2, 240, 3, 2, 3
2, 240, 3, 2, 3
2, 240, 3, 2, 3
2, 240, 3, 2, 3
2, 240, 3, 2, 3
2, 240, 3, 2, 3
2, 240, 3, 2, 3
2, 240, 3, 2, 3
2, 240, 3, 2, 3
2, 240, 3, 2, 3
2, 240, 3, 2, 3
2, 240, 3, 2, 3
2, 240, 3, 2, 3
2, 240, 3, 2, 3
2, 240, 3, 2, 3
2, 240, 3, 2, 3
2, 240, 3, 2, 3
2, 240, 3, 2, 3
2, 240, 3, 2, 3
2, 240, 3, 2, 3
2, 240, 3, 2, 3
2, 240, 3, 2, 3
2, 240, 3, 2, 3
2, 240, 3, 2, 3
2, 240, 3, 2, 3
2, 240, 3, 2, 3
2, 240, 3, 2, 3
2, 240, 3, 2, 3
2, 240, 3, 2, 3
2, 240, 3, 2, 3
2, 240, 3, 2, 3
2, 240, 3, 2, 3
2, 240, 3, 2, 3
2, 240, 3, 2, 3
2, 240, 3, 2, 3
2, 240, 3, 2, 3
2, 240, 3, 2, 3
2, 240, 3, 2, 3
2, 240, 3, 2, 3
2, 240, 3, 2, 3
2, 240, 3, 2, 3
2, 240, 3, 2, 3
2, 240, 3, 2, 3
2, 240, 3, 2, 3
2, 240, 3, 2, 3
2, 240, 3, 2, 3
2, 240, 3, 2, 3
2, 240, 3, 2, 3
2, 240, 3, 2, 3
2, 240, 3, 2, 3
2, 240, 3, 2, 3
2, 240, 3, 2, 3
2, 240, 3, 2, 3
2, 240, 3, 2, 3
2, 240, 3, 2, 3
2, 240, 3, 2, 3
2, 240, 3, 2, 3
2, 240, 3, 2, 3
2, 240, 3, 2, 3
2, 240, 3, 2, 3
2, 240, 3, 2, 3
2, 240, 3, 2, 3
2, 240, 3, 2, 3
2, 240, 3, 2, 3
2, 240, 3, 2, 3
2, 240, 3, 2, 3
2, 240, 3, 2, 3
2, 240, 3, 2, 3
2, 240, 3, 2, 3
2, 240, 3, 2, 3
2, 240, 3, 2, 3
2, 240, 3, 2, 3
2, 240, 3, 2, 3
2, 240, 3, 2, 3
2, 240, 3, 2, 3
2, 240, 3, 2, 3
2, 240, 3, 2, 3
2, 240, 3, 2, 3
2, 240, 3, 2, 3
2, 240, 3, 2, 3
2, 240, 3, 2, 3
2, 240, 3, 2, 3
2, 240, 3, 2, 3
2, 240, 3, 2, 3
2, 240, 3, 2, 3
2, 240, 3, 2, 3
2, 240, 3, 2, 3
2, 240, 3, 2, 3
2, 240, 3, 2, 3
2, 240, 3, 2, 3
2, 240, 3, 2, 3
2, 240, 3, 2, 3
2, 240, 3, 2, 3
2, 240, 3, 2, 3
2, 240, 3, 2, 3
2, 240, 3, 4, 3
2, 240, 3, 4, 3
2, 240, 3, 4, 3
2, 240, 3, 4, 3
2, 240, 3, 4, 3
2, 240, 3, 4, 3
2, 240, 3, 4, 3
2, 240, 3, 4, 3
2, 240, 3, 4, 3
2, 240, 3, 4, 3
2, 240, 3, 4, 3
2, 240, 3, 4, 3
2, 240, 3, 4, 3
2, 240, 3, 4, 3
2, 240, 3, 4, 3
2, 240, 3, 4, 3
2, 240, 3, 4, 3
2, 240, 3, 4, 3
2, 240, 3, 4, 3
2, 240, 3, 4, 3
2, 240, 3, 4, 3
2, 240, 3, 4, 3
2, 240, 3, 4, 3
2, 240, 3, 4, 3
2, 240, 3, 4, 3
2, 240, 3, 4, 3
2, 240, 3, 4, 3
2, 240, 3, 4, 3
2, 240, 3, 4, 3
2, 240, 3, 4, 3
2, 240, 3, 4, 3
2, 240, 3, 4, 3
2, 240, 3, 4, 3
2, 240, 3, 4, 3
2, 240, 3, 4, 3
2, 240, 3, 4, 3
2, 240, 3, 4, 3
2, 240, 3, 4, 3
2, 240, 3, 4, 3
2, 240, 3, 4, 3
2, 240, 3, 4, 3
2, 240, 3, 4, 3
2, 240, 3, 4, 3
2, 240, 3, 4, 3
2, 240, 3, 4, 3
2, 240, 3, 4, 3
2, 240, 3, 4, 3
2, 240, 3, 4, 3
2, 240, 3, 4, 3
2, 240, 3, 4, 3
2, 240, 3, 4, 3
2, 240, 3, 4, 3
2, 240, 3, 4, 3
2, 240, 3, 4, 3
2, 240, 3, 4, 3
2, 240, 3, 4, 3
2, 240, 3, 4, 3
2, 240, 3, 4, 3
2, 240, 3, 4, 3
2, 240, 3, 4, 3
2, 240, 3, 4, 3
2, 240, 3, 4, 3
2, 240, 3, 4, 3
2, 240, 3, 4, 3
2, 240, 3, 4, 3
2, 240, 3, 4, 3
2, 240, 3, 4, 3
2, 240, 3, 4, 3
2, 240, 3, 4, 3
2, 240, 3, 4, 3
2, 240, 3, 4, 3
2, 240, 3, 4, 3
2, 240, 3, 4, 3
2, 240, 3, 4, 3
2, 240, 3, 4, 3
2, 240, 3, 4, 3
2, 240, 3, 4, 3
2, 240, 3, 4, 3
2, 240, 3, 4, 3
2, 240, 3, 4, 3
2, 240, 3, 4, 3
2, 240, 3, 4, 3
2, 240, 3, 4, 3
2, 240, 3, 4, 3
2, 240, 3, 4, 3
2, 240, 3, 4, 3
2, 240, 3, 4, 3
2, 240, 3, 4, 3
2, 240, 3, 4, 3
2, 240, 3, 4, 3
2, 240, 3, 4, 3
2, 240, 3, 4, 3
2, 240, 3, 4, 3
2, 240, 3, 4, 3
2, 240, 3, 4, 3
2, 240, 3, 4, 3
2, 240, 3, 4, 3
2, 240, 3, 4, 3
2, 240, 3, 4, 3
2, 240, 3, 4, 3
2, 240, 3, 4, 3
2, 240, 3, 4, 3
2, 240, 3, 4, 3
2, 240, 3, 4, 3
2, 240, 3, 4, 3
2, 240, 3, 4, 3
2, 240, 3, 4, 3
2, 240, 3, 4, 3
2, 240, 3, 4, 3
2, 240, 3, 4, 3
2, 240, 3, 4, 3
2, 240, 3, 4, 3
2, 240, 3, 4, 3
2, 240, 3, 4, 3
2, 240, 3, 4, 3
2, 240, 3, 4, 3
2, 240, 3, 4, 3
2, 240, 3, 4, 3
2, 240, 3, 4, 3
2, 240, 3, 4, 3
2, 120, 4, 3, 3
2, 120, 4, 3, 3
2, 120, 4, 3, 3
2, 120, 4, 3, 3
2, 120, 4, 3, 3
2, 120, 4, 3, 3
2, 120, 4, 3, 3
2, 120, 4, 3, 3
2, 120, 4, 3, 3
2, 120, 4, 3, 3
2, 120, 4, 3, 3
2, 120, 4, 3, 3
2, 120, 4, 3, 3
2, 120, 4, 3, 3
2, 120, 4, 3, 3
2, 120, 4, 3, 3
2, 120, 4, 3, 3
2, 120, 4, 3, 3
2, 120, 4, 3, 3
2, 120, 4, 3, 3
2, 120, 4, 3, 3
2, 120, 4, 3, 3
2, 120, 4, 3, 3
2, 120, 4, 3, 3
2, 120, 4, 3, 3
2, 120, 4, 3, 3
2, 120, 4, 3, 3
2, 120, 4, 3, 3
2, 120, 4, 3, 3
2, 120, 4, 3, 3
2, 120, 4, 3, 3
2, 120, 4, 3, 3
2, 120, 4, 3, 3
2, 120, 4, 3, 3
2, 120, 4, 3, 3
2, 120, 4, 3, 3
2, 120, 4, 3, 3
2, 120, 4, 3, 3
2, 120, 4, 3, 3
2, 120, 4, 3, 3
2, 120, 4, 3, 3
2, 120, 4, 3, 3
2, 120, 4, 3, 3
2, 120, 4, 3, 3
2, 120, 4, 3, 3
2, 120, 4, 3, 3
2, 120, 4, 3, 3
2, 120, 4, 3, 3
2, 120, 4, 3, 3
2, 120, 4, 3, 3
2, 120, 4, 3, 3
2, 120, 4, 3, 3
2, 120, 4, 3, 3
2, 120, 4, 3, 3
2, 120, 4, 3, 3
2, 120, 4, 3, 3
2, 120, 4, 3, 3
2, 120, 4, 3, 3
2, 120, 4, 3, 3
2, 120, 4, 3, 3
2, 120, 4, 3, 3
2, 120, 4, 3, 3
2, 120, 4, 3, 3
2, 120, 4, 3, 3
2, 120, 4, 3, 3
2, 120, 4, 3, 3
2, 120, 4, 3, 3
2, 120, 4, 3, 3
2, 120, 4, 3, 3
2, 120, 4, 3, 3
2, 120, 4, 3, 3
2, 120, 4, 3, 3
2, 120, 4, 3, 3
2, 120, 4, 3, 3
2, 120, 4, 3, 3
2, 120, 4, 3, 3
2, 120, 4, 3, 3
2, 120, 4, 3, 3
2, 120, 4, 3, 3
2, 120, 4, 3, 3
2, 120, 4, 3, 3
2, 120, 4, 3, 3
2, 120, 4, 3, 3
2, 120, 4, 3, 3
2, 120, 4, 3, 3
2, 120, 4, 3, 3
2, 120, 4, 3, 3
2, 120, 4, 3, 3
2, 120, 4, 3, 3
2, 120, 4, 3, 3
2, 120, 4, 3, 3
2, 120, 4, 3, 3
2, 120, 4, 3, 3
2, 120, 4, 3, 3
2, 120, 4, 3, 3
2, 120, 4, 3, 3
2, 120, 4, 3, 3
2, 120, 4, 3, 3
2, 120, 4, 3, 3
2, 120, 4, 3, 3
2, 120, 4, 3, 3
2, 120, 4, 3, 3
2, 120, 4, 3, 3
2, 120, 4, 3, 3
2, 120, 4, 3, 3
2, 120, 4, 3, 3
2, 120, 4, 3, 3
2, 120, 4, 3, 3
2, 120, 4, 3, 3
2, 120, 4, 3, 3
2, 120, 4, 3, 3
2, 120, 4, 3, 3
2, 120, 4, 3, 3
2, 120, 4, 3, 3
2, 120, 4, 3, 3
2, 120, 4, 3, 3
2, 120, 4, 3, 3
2, 120, 4, 3, 3
2, 120, 4, 3, 3
2, 120, 4, 3, 3
3, 120, 0, 1, 3
3, 120, 0, 1, 3
3, 120, 0, 1, 3
3, 120, 0, 1, 3
3, 120, 0, 1, 3
3, 120, 0, 1, 3
3, 120, 0, 1, 3
3, 120, 0, 1, 3
3, 120, 0, 1, 3
3, 120, 0, 1, 3
3, 120, 0, 1, 3
3, 120, 0, 1, 3
3, 120, 0, 1, 3
3, 120, 0, 1, 3
3, 120, 0, 1, 3
3, 120, 0, 1, 3
3, 120, 0, 1, 3
3, 120, 0, 1, 3
3, 120, 0, 1, 3
3, 120, 0, 1, 3
3, 120, 0, 1, 3
3, 120, 0, 1, 3
3, 120, 0, 1, 3
3, 120, 0, 1, 3
3, 120, 0, 1, 3
3, 120, 0, 1, 3
3, 120, 0, 1, 3
3, 120, 0, 1, 3
3, 120, 0, 1, 3
3, 120, 0, 1, 3
3, 120, 0, 1, 3
3, 120, 0, 1, 3
3, 120, 0, 1, 3
3, 120, 0, 1, 3
3, 120, 0, 1, 3
3, 120, 0, 1, 3
3, 120, 0, 1, 3
3, 120, 0, 1, 3
3, 120, 0, 1, 3
3, 120, 0, 1, 3
3, 120, 0, 1, 3
3, 120, 0, 1, 3
3, 120, 0, 1, 3
3, 120, 0, 1, 3
3, 120, 0, 1, 3
3, 120, 0, 1, 3
3, 120, 0, 1, 3
3, 120, 0, 1, 3
3, 120, 0, 1, 3
3, 120, 0, 1, 3
3, 120, 0, 1, 3
3, 120, 0, 1, 3
3, 120, 0, 1, 3
3, 120, 0, 1, 3
3, 120, 0, 1, 3
3, 120, 0, 1, 3
3, 120, 0, 1, 3
3, 120, 0, 1, 3
3, 120, 0, 1, 3
3, 120, 0, 1, 3
3, 120, 0, 1, 3
3, 120, 0, 1, 3
3, 120, 0, 1, 3
3, 120, 0, 1, 3
3, 120, 0, 1, 3
3, 120, 0, 1, 3
3, 120, 0, 1, 3
3, 120, 0, 1, 3
3, 120, 0, 1, 3
3, 120, 0, 1, 3
3, 120, 0, 1, 3
3, 120, 0, 1, 3
3, 120, 0, 1, 3
3, 120, 0, 1, 3
3, 120, 0, 1, 3
3, 120, 0, 1, 3
3, 120, 0, 1, 3
3, 120, 0, 1, 3
3, 120, 0, 1, 3
3, 120, 0, 1, 3
3, 120, 0, 1, 3
3, 120, 0, 1, 3
3, 120, 0, 1, 3
3, 120, 0, 1, 3
3, 120, 0, 1, 3
3, 120, 0, 1, 3
3, 120, 0, 1, 3
3, 120, 0, 1, 3
3, 120, 0, 1, 3
3, 120, 0, 1, 3
3, 120, 0, 1, 3
3, 120, 0, 1, 3
3, 120, 0, 1, 3
3, 120, 0, 1, 3
3, 120, 0, 1, 3
3, 120, 0, 1, 3
3, 120, 0, 1, 3
3, 120, 0, 1, 3
3, 120, 0, 1, 3
3, 120, 0, 1, 3
3, 120, 0, 1, 3
3, 120, 0, 1, 3
3, 120, 0, 1, 3
3, 120, 0, 1, 3
3, 120, 0, 1, 3
3, 120, 0, 1, 3
3, 120, 0, 1, 3
3, 120, 0, 1, 3
3, 120, 0, 1, 3
3, 120, 0, 1, 3
3, 120, 0, 1, 3
3, 120, 0, 1, 3
3, 120, 0, 1, 3
3, 120, 0, 1, 3
3, 120, 0, 1, 3
3, 120, 0, 1, 3
3, 120, 0, 1, 3
3, 120, 0, 1, 3
3, 120, 0, 1, 3
3, 120, 0, 1, 3
3, 240, 1, 0, 3
3, 240, 1, 0, 3
3, 240, 1, 0, 3
3, 240, 1, 0, 3
3, 240, 1, 0, 3
3, 240, 1, 0, 3
3, 240, 1, 0, 3
3, 240, 1, 0, 3
3, 240, 1, 0, 3
3, 240, 1, 0, 3
3, 240, 1, 0, 3
3, 240, 1, 0, 3
3, 240, 1, 0, 3
3, 240, 1, 0, 3
3, 240, 1, 0, 3
3, 240, 1, 0, 3
3, 240, 1, 0, 3
3, 240, 1, 0, 3
3, 240, 1, 0, 3
3, 240, 1, 0, 3
3, 240, 1, 0, 3
3, 240, 1, 0, 3
3, 240, 1, 0, 3
3, 240, 1, 0, 3
3, 240, 1, 0, 3
3, 240, 1, 0, 3
3, 240, 1, 0, 3
3, 240, 1, 0, 3
3, 240, 1, 0, 3
3, 240, 1, 0, 3
3, 240, 1, 0, 3
3, 240, 1, 0, 3
3, 240, 1, 0, 3
3, 240, 1, 0, 3
3, 240, 1, 0, 3
3, 240, 1, 0, 3
3, 240, 1, 0, 3
3, 240, 1, 0, 3
3, 240, 1, 0, 3
3, 240, 1, 0, 3
3, 240, 1, 0, 3
3, 240, 1, 0, 3
3, 240, 1, 0, 3
3, 240, 1, 0, 3
3, 240, 1, 0, 3
3, 240, 1, 0, 3
3, 240, 1, 0, 3
3, 240, 1, 0, 3
3, 240, 1, 0, 3
3, 240, 1, 0, 3
3, 240, 1, 0, 3
3, 240, 1, 0, 3
3, 240, 1, 0, 3
3, 240, 1, 0, 3
3, 240, 1, 0, 3
3, 240, 1, 0, 3
3, 240, 1, 0, 3
3, 240, 1, 0, 3
3, 240, 1, 0, 3
3, 240, 1, 0, 3
3, 240, 1, 0, 3
3, 240, 1, 0, 3
3, 240, 1, 0, 3
3, 240, 1, 0, 3
3, 240, 1, 0, 3
3, 240, 1, 0, 3
3, 240, 1, 0, 3
3, 240, 1, 0, 3
3, 240, 1, 0, 3
3, 240, 1, 0, 3
3, 240, 1, 0, 3
3, 240, 1, 0, 3
3, 240, 1, 0, 3
3, 240, 1, 0, 3
3, 240, 1, 0, 3
3, 240, 1, 0, 3
3, 240, 1, 0, 3
3, 240, 1, 0, 3
3, 240, 1, 0, 3
3, 240, 1, 0, 3
3, 240, 1, 0, 3
3, 240, 1, 0, 3
3, 240, 1, 0, 3
3, 240, 1, 0, 3
3, 240, 1, 0, 3
3, 240, 1, 0, 3
3, 240, 1, 0, 3
3, 240, 1, 0, 3
3, 240, 1, 0, 3
3, 240, 1, 0, 3
3, 240, 1, 0, 3
3, 240, 1, 0, 3
3, 240, 1, 0, 3
3, 240, 1, 0, 3
3, 240, 1, 0, 3
3, 240, 1, 0, 3
3, 240, 1, 0, 3
3, 240, 1, 0, 3
3, 240, 1, 0, 3
3, 240, 1, 0, 3
3, 240, 1, 0, 3
3, 240, 1, 0, 3
3, 240, 1, 0, 3
3, 240, 1, 0, 3
3, 240, 1, 0, 3
3, 240, 1, 0, 3
3, 240, 1, 0, 3
3, 240, 1, 0, 3
3, 240, 1, 0, 3
3, 240, 1, 0, 3
3, 240, 1, 0, 3
3, 240, 1, 0, 3
3, 240, 1, 0, 3
3, 240, 1, 0, 3
3, 240, 1, 0, 3
3, 240, 1, 0, 3
3, 240, 1, 0, 3
3, 240, 1, 0, 3
3, 240, 1, 0, 3
3, 240, 1, 0, 3
3, 240, 1, 2, 3
3, 240, 1, 2, 3
3, 240, 1, 2, 3
3, 240, 1, 2, 3
3, 240, 1, 2, 3
3, 240, 1, 2, 3
3, 240, 1, 2, 3
3, 240, 1, 2, 3
3, 240, 1, 2, 3
3, 240, 1, 2, 3
3, 240, 1, 2, 3
3, 240, 1, 2, 3
3, 240, 1, 2, 3
3, 240, 1, 2, 3
3, 240, 1, 2, 3
3, 240, 1, 2, 3
3, 240, 1, 2, 3
3, 240, 1, 2, 3
3, 240, 1, 2, 3
3, 240, 1, 2, 3
3, 240, 1, 2, 3
3, 240, 1, 2, 3
3, 240, 1, 2, 3
3, 240, 1, 2, 3
3, 240, 1, 2, 3
3, 240, 1, 2, 3
3, 240, 1, 2, 3
3, 240, 1, 2, 3
3, 240, 1, 2, 3
3, 240, 1, 2, 3
3, 240, 1, 2, 3
3, 240, 1, 2, 3
3, 240, 1, 2, 3
3, 240, 1, 2, 3
3, 240, 1, 2, 3
3, 240, 1, 2, 3
3, 240, 1, 2, 3
3, 240, 1, 2, 3
3, 240, 1, 2, 3
3, 240, 1, 2, 3
3, 240, 1, 2, 3
3, 240, 1, 2, 3
3, 240, 1, 2, 3
3, 240, 1, 2, 3
3, 240, 1, 2, 3
3, 240, 1, 2, 3
3, 240, 1, 2, 3
3, 240, 1, 2, 3
3, 240, 1, 2, 3
3, 240, 1, 2, 3
3, 240, 1, 2, 3
3, 240, 1, 2, 3
3, 240, 1, 2, 3
3, 240, 1, 2, 3
3, 240, 1, 2, 3
3, 240, 1, 2, 3
3, 240, 1, 2, 3
3, 240, 1, 2, 3
3, 240, 1, 2, 3
3, 240, 1, 2, 3
3, 240, 1, 2, 3
3, 240, 1, 2, 3
3, 240, 1, 2, 3
3, 240, 1, 2, 3
3, 240, 1, 2, 3
3, 240, 1, 2, 3
3, 240, 1, 2, 3
3, 240, 1, 2, 3
3, 240, 1, 2, 3
3, 240, 1, 2, 3
3, 240, 1, 2, 3
3, 240, 1, 2, 3
3, 240, 1, 2, 3
3, 240, 1, 2, 3
3, 240, 1, 2, 3
3, 240, 1, 2, 3
3, 240, 1, 2, 3
3, 240, 1, 2, 3
3, 240, 1, 2, 3
3, 240, 1, 2, 3
3, 240, 1, 2, 3
3, 240, 1, 2, 3
3, 240, 1, 2, 3
3, 240, 1, 2, 3
3, 240, 1, 2, 3
3, 240, 1, 2, 3
3, 240, 1, 2, 3
3, 240, 1, 2, 3
3, 240, 1, 2, 3
3, 240, 1, 2, 3
3, 240, 1, 2, 3
3, 240, 1, 2, 3
3, 240, 1, 2, 3
3, 240, 1, 2, 3
3, 240, 1, 2, 3
3, 240, 1, 2, 3
3, 240, 1, 2, 3
3, 240, 1, 2, 3
3, 240, 1, 2, 3
3, 240, 1, 2, 3
3, 240, 1, 2, 3
3, 240, 1, 2, 3
3, 240, 1, 2, 3
3, 240, 1, 2, 3
3, 240, 1, 2, 3
3, 240, 1, 2, 3
3, 240, 1, 2, 3
3, 240, 1, 2, 3
3, 240, 1, 2, 3
3, 240, 1, 2, 3
3, 240, 1, 2, 3
3, 240, 1, 2, 3
3, 240, 1, 2, 3
3, 240, 1, 2, 3
3, 240, 1, 2, 3
3, 240, 1, 2, 3
3, 240, 1, 2, 3
3, 240, 1, 2, 3
3, 240, 1, 2, 3
3, 240, 1, 2, 3
3, 240, 2, 1, 3
3, 240, 2, 1, 3
3, 240, 2, 1, 3
3, 240, 2, 1, 3
3, 240, 2, 1, 3
3, 240, 2, 1, 3
3, 240, 2, 1, 3
3, 240, 2, 1, 3
3, 240, 2, 1, 3
3, 240, 2, 1, 3
3, 240, 2, 1, 3
3, 240, 2, 1, 3
3, 240, 2, 1, 3
3, 240, 2, 1, 3
3, 240, 2, 1, 3
3, 240, 2, 1, 3
3, 240, 2, 1, 3
3, 240, 2, 1, 3
3, 240, 2, 1, 3
3, 240, 2, 1, 3
3, 240, 2, 1, 3
3, 240, 2, 1, 3
3, 240, 2, 1, 3
3, 240, 2, 1, 3
3, 240, 2, 1, 3
3, 240, 2, 1, 3
3, 240, 2, 1, 3
3, 240, 2, 1, 3
3, 240, 2, 1, 3
3, 240, 2, 1, 3
3, 240, 2, 1, 3
3, 240, 2, 1, 3
3, 240, 2, 1, 3
3, 240, 2, 1, 3
3, 240, 2, 1, 3
3, 240, 2, 1, 3
3, 240, 2, 1, 3
3, 240, 2, 1, 3
3, 240, 2, 1, 3
3, 240, 2, 1, 3
3, 240, 2, 1, 3
3, 240, 2, 1, 3
3, 240, 2, 1, 3
3, 240, 2, 1, 3
3, 240, 2, 1, 3
3, 240, 2, 1, 3
3, 240, 2, 1, 3
3, 240, 2, 1, 3
3, 240, 2, 1, 3
3, 240, 2, 1, 3
3, 240, 2, 1, 3
3, 240, 2, 1, 3
3, 240, 2, 1, 3
3, 240, 2, 1, 3
3, 240, 2, 1, 3
3, 240, 2, 1, 3
3, 240, 2, 1, 3
3, 240, 2, 1, 3
3, 240, 2, 1, 3
3, 240, 2, 1, 3
3, 240, 2, 1, 3
3, 240, 2, 1, 3
3, 240, 2, 1, 3
3, 240, 2, 1, 3
3, 240, 2, 1, 3
3, 240, 2, 1, 3
3, 240, 2, 1, 3
3, 240, 2, 1, 3
3, 240, 2, 1, 3
3, 240, 2, 1, 3
3, 240, 2, 1, 3
3, 240, 2, 1, 3
3, 240, 2, 1, 3
3, 240, 2, 1, 3
3, 240, 2, 1, 3
3, 240, 2, 1, 3
3, 240, 2, 1, 3
3, 240, 2, 1, 3
3, 240, 2, 1, 3
3, 240, 2, 1, 3
3, 240, 2, 1, 3
3, 240, 2, 1, 3
3, 240, 2, 1, 3
3, 240, 2, 1, 3
3, 240, 2, 1, 3
3, 240, 2, 1, 3
3, 240, 2, 1, 3
3, 240, 2, 1, 3
3, 240, 2, 1, 3
3, 240, 2, 1, 3
3, 240, 2, 1, 3
3, 240, 2, 1, 3
3, 240, 2, 1, 3
3, 240, 2, 1, 3
3, 240, 2, 1, 3
3, 240, 2, 1, 3
3, 240, 2, 1, 3
3, 240, 2, 1, 3
3, 240, 2, 1, 3
3, 240, 2, 1, 3
3, 240, 2, 1, 3
3, 240, 2, 1, 3
3, 240, 2, 1, 3
3, 240, 2, 1, 3
3, 240, 2, 1, 3
3, 240, 2, 1, 3
3, 240, 2, 1, 3
3, 240, 2, 1, 3
3, 240, 2, 1, 3
3, 240, 2, 1, 3
3, 240, 2, 1, 3
3, 240, 2, 1, 3
3, 240, 2, 1, 3
3, 240, 2, 1, 3
3, 240, 2, 1, 3
3, 240, 2, 1, 3
3, 240, 2, 1, 3
3, 240, 2, 1, 3
3, 240, 2, 1, 3
3, 240, 2, 1, 3
3, 240, 2, 3, 3
3, 240, 2, 3, 3
3, 240, 2, 3, 3
3, 240, 2, 3, 3
3, 240, 2, 3, 3
3, 240, 2, 3, 3
3, 240, 2, 3, 3
3, 240, 2, 3, 3
3, 240, 2, 3, 3
3, 240, 2, 3, 3
3, 240, 2, 3, 3
3, 240, 2, 3, 3
3, 240, 2, 3, 3
3, 240, 2, 3, 3
3, 240, 2, 3, 3
3, 240, 2, 3, 3
3, 240, 2, 3, 3
3, 240, 2, 3, 3
3, 240, 2, 3, 3
3, 240, 2, 3, 3
3, 240, 2, 3, 3
3, 240, 2, 3, 3
3, 240, 2, 3, 3
3, 240, 2, 3, 3
3, 240, 2, 3, 3
3, 240, 2, 3, 3
3, 240, 2, 3, 3
3, 240, 2, 3, 3
3, 240, 2, 3, 3
3, 240, 2, 3, 3
3, 240, 2, 3, 3
3, 240, 2, 3, 3
3, 240, 2, 3, 3
3, 240, 2, 3, 3
3, 240, 2, 3, 3
3, 240, 2, 3, 3
3, 240, 2, 3, 3
3, 240, 2, 3, 3
3, 240, 2, 3, 3
3, 240, 2, 3, 3
3, 240, 2, 3, 3
3, 240, 2, 3, 3
3, 240, 2, 3, 3
3, 240, 2, 3, 3
3, 240, 2, 3, 3
3, 240, 2, 3, 3
3, 240, 2, 3, 3
3, 240, 2, 3, 3
3, 240, 2, 3, 3
3, 240, 2, 3, 3
3, 240, 2, 3, 3
3, 240, 2, 3, 3
3, 240, 2, 3, 3
3, 240, 2, 3, 3
3, 240, 2, 3, 3
3, 240, 2, 3, 3
3, 240, 2, 3, 3
3, 240, 2, 3, 3
3, 240, 2, 3, 3
3, 240, 2, 3, 3
3, 240, 2, 3, 3
3, 240, 2, 3, 3
3, 240, 2, 3, 3
3, 240, 2, 3, 3
3, 240, 2, 3, 3
3, 240, 2, 3, 3
3, 240, 2, 3, 3
3, 240, 2, 3, 3
3, 240, 2, 3, 3
3, 240, 2, 3, 3
3, 240, 2, 3, 3
3, 240, 2, 3, 3
3, 240, 2, 3, 3
3, 240, 2, 3, 3
3, 240, 2, 3, 3
3, 240, 2, 3, 3
3, 240, 2, 3, 3
3, 240, 2, 3, 3
3, 240, 2, 3, 3
3, 240, 2, 3, 3
3, 240, 2, 3, 3
3, 240, 2, 3, 3
3, 240, 2, 3, 3
3, 240, 2, 3, 3
3, 240, 2, 3, 3
3, 240, 2, 3, 3
3, 240, 2, 3, 3
3, 240, 2, 3, 3
3, 240, 2, 3, 3
3, 240, 2, 3, 3
3, 240, 2, 3, 3
3, 240, 2, 3, 3
3, 240, 2, 3, 3
3, 240, 2, 3, 3
3, 240, 2, 3, 3
3, 240, 2, 3, 3
3, 240, 2, 3, 3
3, 240, 2, 3, 3
3, 240, 2, 3, 3
3, 240, 2, 3, 3
3, 240, 2, 3, 3
3, 240, 2, 3, 3
3, 240, 2, 3, 3
3, 240, 2, 3, 3
3, 240, 2, 3, 3
3, 240, 2, 3, 3
3, 240, 2, 3, 3
3, 240, 2, 3, 3
3, 240, 2, 3, 3
3, 240, 2, 3, 3
3, 240, 2, 3, 3
3, 240, 2, 3, 3
3, 240, 2, 3, 3
3, 240, 2, 3, 3
3, 240, 2, 3, 3
3, 240, 2, 3, 3
3, 240, 2, 3, 3
3, 240, 2, 3, 3
3, 240, 2, 3, 3
3, 240, 2, 3, 3
3, 240, 3, 2, 3
3, 240, 3, 2, 3
3, 240, 3, 2, 3
3, 240, 3, 2, 3
3, 240, 3, 2, 3
3, 240, 3, 2, 3
3, 240, 3, 2, 3
3, 240, 3, 2, 3
3, 240, 3, 2, 3
3, 240, 3, 2, 3
3, 240, 3, 2, 3
3, 240, 3, 2, 3
3, 240, 3, 2, 3
3, 240, 3, 2, 3
3, 240, 3, 2, 3
3, 240, 3, 2, 3
3, 240, 3, 2, 3
3, 240, 3, 2, 3
3, 240, 3, 2, 3
3, 240, 3, 2, 3
3, 240, 3, 2, 3
3, 240, 3, 2, 3
3, 240, 3, 2, 3
3, 240, 3, 2, 3
3, 240, 3, 2, 3
3, 240, 3, 2, 3
3, 240, 3, 2, 3
3, 240, 3, 2, 3
3, 240, 3, 2, 3
3, 240, 3, 2, 3
3, 240, 3, 2, 3
3, 240, 3, 2, 3
3, 240, 3, 2, 3
3, 240, 3, 2, 3
3, 240, 3, 2, 3
3, 240, 3, 2, 3
3, 240, 3, 2, 3
3, 240, 3, 2, 3
3, 240, 3, 2, 3
3, 240, 3, 2, 3
3, 240, 3, 2, 3
3, 240, 3, 2, 3
3, 240, 3, 2, 3
3, 240, 3, 2, 3
3, 240, 3, 2, 3
3, 240, 3, 2, 3
3, 240, 3, 2, 3
3, 240, 3, 2, 3
3, 240, 3, 2, 3
3, 240, 3, 2, 3
3, 240, 3, 2, 3
3, 240, 3, 2, 3
3, 240, 3, 2, 3
3, 240, 3, 2, 3
3, 240, 3, 2, 3
3, 240, 3, 2, 3
3, 240, 3, 2, 3
3, 240, 3, 2, 3
3, 240, 3, 2, 3
3, 240, 3, 2, 3
3, 240, 3, 2, 3
3, 240, 3, 2, 3
3, 240, 3, 2, 3
3, 240, 3, 2, 3
3, 240, 3, 2, 3
3, 240, 3, 2, 3
3, 240, 3, 2, 3
3, 240, 3, 2, 3
3, 240, 3, 2, 3
3, 240, 3, 2, 3
3, 240, 3, 2, 3
3, 240, 3, 2, 3
3, 240, 3, 2, 3
3, 240, 3, 2, 3
3, 240, 3, 2, 3
3, 240, 3, 2, 3
3, 240, 3, 2, 3
3, 240, 3, 2, 3
3, 240, 3, 2, 3
3, 240, 3, 2, 3
3, 240, 3, 2, 3
3, 240, 3, 2, 3
3, 240, 3, 2, 3
3, 240, 3, 2, 3
3, 240, 3, 2, 3
3, 240, 3, 2, 3
3, 240, 3, 2, 3
3, 240, 3, 2, 3
3, 240, 3, 2, 3
3, 240, 3, 2, 3
3, 240, 3, 2, 3
3, 240, 3, 2, 3
3, 240, 3, 2, 3
3, 240, 3, 2, 3
3, 240, 3, 2, 3
3, 240, 3, 2, 3
3, 240, 3, 2, 3
3, 240, 3, 2, 3
3, 240, 3, 2, 3
3, 240, 3, 2, 3
3, 240, 3, 2, 3
3, 240, 3, 2, 3
3, 240, 3, 2, 3
3, 240, 3, 2, 3
3, 240, 3, 2, 3
3, 240, 3, 2, 3
3, 240, 3, 2, 3
3, 240, 3, 2, 3
3, 240, 3, 2, 3
3, 240, 3, 2, 3
3, 240, 3, 2, 3
3, 240, 3, 2, 3
3, 240, 3, 2, 3
3, 240, 3, 2, 3
3, 240, 3, 2, 3
3, 240, 3, 2, 3
3, 240, 3, 2, 3
3, 240, 3, 2, 3
3, 240, 3, 2, 3
3, 240, 3, 2, 3
3, 240, 3, 4, 3
3, 240, 3, 4, 3
3, 240, 3, 4, 3
3, 240, 3, 4, 3
3, 240, 3, 4, 3
3, 240, 3, 4, 3
3, 240, 3, 4, 3
3, 240, 3, 4, 3
3, 240, 3, 4, 3
3, 240, 3, 4, 3
3, 240, 3, 4, 3
3, 240, 3, 4, 3
3, 240, 3, 4, 3
3, 240, 3, 4, 3
3, 240, 3, 4, 3
3, 240, 3, 4, 3
3, 240, 3, 4, 3
3, 240, 3, 4, 3
3, 240, 3, 4, 3
3, 240, 3, 4, 3
3, 240, 3, 4, 3
3, 240, 3, 4, 3
3, 240, 3, 4, 3
3, 240, 3, 4, 3
3, 240, 3, 4, 3
3, 240, 3, 4, 3
3, 240, 3, 4, 3
3, 240, 3, 4, 3
3, 240, 3, 4, 3
3, 240, 3, 4, 3
3, 240, 3, 4, 3
3, 240, 3, 4, 3
3, 240, 3, 4, 3
3, 240, 3, 4, 3
3, 240, 3, 4, 3
3, 240, 3, 4, 3
3, 240, 3, 4, 3
3, 240, 3, 4, 3
3, 240, 3, 4, 3
3, 240, 3, 4, 3
3, 240, 3, 4, 3
3, 240, 3, 4, 3
3, 240, 3, 4, 3
3, 240, 3, 4, 3
3, 240, 3, 4, 3
3, 240, 3, 4, 3
3, 240, 3, 4, 3
3, 240, 3, 4, 3
3, 240, 3, 4, 3
3, 240, 3, 4, 3
3, 240, 3, 4, 3
3, 240, 3, 4, 3
3, 240, 3, 4, 3
3, 240, 3, 4, 3
3, 240, 3, 4, 3
3, 240, 3, 4, 3
3, 240, 3, 4, 3
3, 240, 3, 4, 3
3, 240, 3, 4, 3
3, 240, 3, 4, 3
3, 240, 3, 4, 3
3, 240, 3, 4, 3
3, 240, 3, 4, 3
3, 240, 3, 4, 3
3, 240, 3, 4, 3
3, 240, 3, 4, 3
3, 240, 3, 4, 3
3, 240, 3, 4, 3
3, 240, 3, 4, 3
3, 240, 3, 4, 3
3, 240, 3, 4, 3
3, 240, 3, 4, 3
3, 240, 3, 4, 3
3, 240, 3, 4, 3
3, 240, 3, 4, 3
3, 240, 3, 4, 3
3, 240, 3, 4, 3
3, 240, 3, 4, 3
3, 240, 3, 4, 3
3, 240, 3, 4, 3
3, 240, 3, 4, 3
3, 240, 3, 4, 3
3, 240, 3, 4, 3
3, 240, 3, 4, 3
3, 240, 3, 4, 3
3, 240, 3, 4, 3
3, 240, 3, 4, 3
3, 240, 3, 4, 3
3, 240, 3, 4, 3
3, 240, 3, 4, 3
3, 240, 3, 4, 3
3, 240, 3, 4, 3
3, 240, 3, 4, 3
3, 240, 3, 4, 3
3, 240, 3, 4, 3
3, 240, 3, 4, 3
3, 240, 3, 4, 3
3, 240, 3, 4, 3
3, 240, 3, 4, 3
3, 240, 3, 4, 3
3, 240, 3, 4, 3
3, 240, 3, 4, 3
3, 240, 3, 4, 3
3, 240, 3, 4, 3
3, 240, 3, 4, 3
3, 240, 3, 4, 3
3, 240, 3, 4, 3
3, 240, 3, 4, 3
3, 240, 3, 4, 3
3, 240, 3, 4, 3
3, 240, 3, 4, 3
3, 240, 3, 4, 3
3, 240, 3, 4, 3
3, 240, 3, 4, 3
3, 240, 3, 4, 3
3, 240, 3, 4, 3
3, 240, 3, 4, 3
3, 240, 3, 4, 3
3, 240, 3, 4, 3
3, 240, 3, 4, 3
3, 120, 4, 3, 3
3, 120, 4, 3, 3
3, 120, 4, 3, 3
3, 120, 4, 3, 3
3, 120, 4, 3, 3
3, 120, 4, 3, 3
3, 120, 4, 3, 3
3, 120, 4, 3, 3
3, 120, 4, 3, 3
3, 120, 4, 3, 3
3, 120, 4, 3, 3
3, 120, 4, 3, 3
3, 120, 4, 3, 3
3, 120, 4, 3, 3
3, 120, 4, 3, 3
3, 120, 4, 3, 3
3, 120, 4, 3, 3
3, 120, 4, 3, 3
3, 120, 4, 3, 3
3, 120, 4, 3, 3
3, 120, 4, 3, 3
3, 120, 4, 3, 3
3, 120, 4, 3, 3
3, 120, 4, 3, 3
3, 120, 4, 3, 3
3, 120, 4, 3, 3
3, 120, 4, 3, 3
3, 120, 4, 3, 3
3, 120, 4, 3, 3
3, 120, 4, 3, 3
3, 120, 4, 3, 3
3, 120, 4, 3, 3
3, 120, 4, 3, 3
3, 120, 4, 3, 3
3, 120, 4, 3, 3
3, 120, 4, 3, 3
3, 120, 4, 3, 3
3, 120, 4, 3, 3
3, 120, 4, 3, 3
3, 120, 4, 3, 3
3, 120, 4, 3, 3
3, 120, 4, 3, 3
3, 120, 4, 3, 3
3, 120, 4, 3, 3
3, 120, 4, 3, 3
3, 120, 4, 3, 3
3, 120, 4, 3, 3
3, 120, 4, 3, 3
3, 120, 4, 3, 3
3, 120, 4, 3, 3
3, 120, 4, 3, 3
3, 120, 4, 3, 3
3, 120, 4, 3, 3
3, 120, 4, 3, 3
3, 120, 4, 3, 3
3, 120, 4, 3, 3
3, 120, 4, 3, 3
3, 120, 4, 3, 3
3, 120, 4, 3, 3
3, 120, 4, 3, 3
3, 120, 4, 3, 3
3, 120, 4, 3, 3
3, 120, 4, 3, 3
3, 120, 4, 3, 3
3, 120, 4, 3, 3
3, 120, 4, 3, 3
3, 120, 4, 3, 3
3, 120, 4, 3, 3
3, 120, 4, 3, 3
3, 120, 4, 3, 3
3, 120, 4, 3, 3
3, 120, 4, 3, 3
3, 120, 4, 3, 3
3, 120, 4, 3, 3
3, 120, 4, 3, 3
3, 120, 4, 3, 3
3, 120, 4, 3, 3
3, 120, 4, 3, 3
3, 120, 4, 3, 3
3, 120, 4, 3, 3
3, 120, 4, 3, 3
3, 120, 4, 3, 3
3, 120, 4, 3, 3
3, 120, 4, 3, 3
3, 120, 4, 3, 3
3, 120, 4, 3, 3
3, 120, 4, 3, 3
3, 120, 4, 3, 3
3, 120, 4, 3, 3
3, 120, 4, 3, 3
3, 120, 4, 3, 3
3, 120, 4, 3, 3
3, 120, 4, 3, 3
3, 120, 4, 3, 3
3, 120, 4, 3, 3
3, 120, 4, 3, 3
3, 120, 4, 3, 3
3, 120, 4, 3, 3
3, 120, 4, 3, 3
3, 120, 4, 3, 3
3, 120, 4, 3, 3
3, 120, 4, 3, 3
3, 120, 4, 3, 3
3, 120, 4, 3, 3
3, 120, 4, 3, 3
3, 120, 4, 3, 3
3, 120, 4, 3, 3
3, 120, 4, 3, 3
3, 120, 4, 3, 3
3, 120, 4, 3, 3
3, 120, 4, 3, 3
3, 120, 4, 3, 3
3, 120, 4, 3, 3
3, 120, 4, 3, 3
3, 120, 4, 3, 3
3, 120, 4, 3, 3
3, 120, 4, 3, 3
3, 120, 4, 3, 3
3, 120, 4, 3, 3
3, 120, 4, 3, 3
4, 8, 0, 24, 3
4, 8, 0, 24, 3
4, 8, 0, 24, 3
4, 8, 0, 24, 3
4, 8, 0, 25, 3
4, 8, 0, 25, 3
4, 8, 0, 25, 3
4, 8, 0, 25, 3
4, 8, 1, 24, 3
4, 8, 1, 24, 3
4, 8, 1, 24, 3
4, 8, 1, 24, 3
4, 8, 1, 25, 3
4, 8, 1, 25, 3
4, 8, 1, 25, 3
4, 8, 1, 25, 3
4, 8, 2, 24, 3
4, 8, 2, 24, 3
4, 8, 2, 24, 3
4, 8, 2, 24, 3
4, 8, 2, 25, 3
4, 8, 2, 25, 3
4, 8, 2, 25, 3
4, 8, 2, 25, 3
4, 8, 3, 24, 3
4, 8, 3, 24, 3
4, 8, 3, 24, 3
4, 8, 3, 24, 3
4, 8, 3, 25, 3
4, 8, 3, 25, 3
4, 8, 3, 25, 3
4, 8, 3, 25, 3
4, 8, 4, 24, 3
4, 8, 4, 24, 3
4, 8, 4, 24, 3
4, 8, 4, 24, 3
4, 8, 4, 25, 3
4, 8, 4, 25, 3
4, 8, 4, 25, 3
4, 8, 4, 25, 3
4, 8, 5, 24, 3
4, 8, 5, 24, 3
4, 8, 5, 24, 3
4, 8, 5, 24, 3
4, 8, 5, 25, 3
4, 8, 5, 25, 3
4, 8, 5, 25, 3
4, 8, 5, 25, 3
4, 8, 6, 24, 3
4, 8, 6, 24, 3
4, 8, 6, 24, 3
4, 8, 6, 24, 3
4, 8, 6, 25, 3
4, 8, 6, 25, 3
4, 8, 6, 25, 3
4, 8, 6, 25, 3
4, 8, 7, 24, 3
4, 8, 7, 24, 3
4, 8, 7, 24, 3
4, 8, 7, 24, 3
4, 8, 7, 25, 3
4, 8, 7, 25, 3
4, 8, 7, 25, 3
4, 8, 7, 25, 3
4, 8, 8, 24, 3
4, 8, 8, 24, 3
4, 8, 8, 24, 3
4, 8, 8, 24, 3
4, 8, 8, 25, 3
4, 8, 8, 25, 3
4, 8, 8, 25, 3
4, 8, 8, 25, 3
4, 8, 9, 24, 3
4, 8, 9, 24, 3
4, 8, 9, 24, 3
4, 8, 9, 24, 3
4, 8, 9, 25, 3
4, 8, 9, 25, 3
4, 8, 9, 25, 3
4, 8, 9, 25, 3
4, 8, 10, 24, 3
4, 8, 10, 24, 3
4, 8, 10, 24, 3
4, 8, 10, 24, 3
4, 8, 10, 25, 3
4, 8, 10, 25, 3
4, 8, 10, 25, 3
4, 8, 10, 25, 3
4, 8, 11, 24, 3
4, 8, 11, 24, 3
4, 8, 11, 24, 3
4, 8, 11, 24, 3
4, 8, 11, 25, 3
4, 8, 11, 25, 3
4, 8, 11, 25, 3
4, 8, 11, 25, 3
4, 8, 12, 24, 3
4, 8, 12, 24, 3
4, 8, 12, 24, 3
4, 8, 12, 24, 3
4, 8, 12, 25, 3
4, 8, 12, 25, 3
4, 8, 12, 25, 3
4, 8, 12, 25, 3
4, 8, 13, 24, 3
4, 8, 13, 24, 3
4, 8, 13, 24, 3
4, 8, 13, 24, 3
4, 8, 13, 25, 3
4, 8, 13, 25, 3
4, 8, 13, 25, 3
4, 8, 13, 25, 3
4, 8, 14, 24, 3
4, 8, 14, 24, 3
4, 8, 14, 24, 3
4, 8, 14, 24, 3
4, 8, 14, 25, 3
4, 8, 14, 25, 3
4, 8, 14, 25, 3
4, 8, 14, 25, 3
4, 8, 15, 24, 3
4, 8, 15, 24, 3
4, 8, 15, 24, 3
4, 8, 15, 24, 3
4, 8, 15, 25, 3
4, 8, 15, 25, 3
4, 8, 15, 25, 3
4, 8, 15, 25, 3
4, 8, 16, 24, 3
4, 8, 16, 24, 3
4, 8, 16, 24, 3
4, 8, 16, 24, 3
4, 8, 16, 25, 3
4, 8, 16, 25, 3
4, 8, 16, 25, 3
4, 8, 16, 25, 3
4, 8, 17, 24, 3
4, 8, 17, 24, 3
4, 8, 17, 24, 3
4, 8, 17, 24, 3
4, 8, 17, 25, 3
4, 8, 17, 25, 3
4, 8, 17, 25, 3
4, 8, 17, 25, 3
4, 8, 18, 24, 3
4, 8, 18, 24, 3
4, 8, 18, 24, 3
4, 8, 18, 24, 3
4, 8, 18, 25, 3
4, 8, 18, 25, 3
4, 8, 18, 25, 3
4, 8, 18, 25, 3
4, 8, 19, 24, 3
4, 8, 19, 24, 3
4, 8, 19, 24, 3
4, 8, 19, 24, 3
4, 8, 19, 25, 3
4, 8, 19, 25, 3
4, 8, 19, 25, 3
4, 8, 19, 25, 3
4, 8, 20, 24, 3
4, 8, 20, 24, 3
4, 8, 20, 24, 3
4, 8, 20, 24, 3
4, 8, 20, 25, 3
4, 8, 20, 25, 3
4, 8, 20, 25, 3
4, 8, 20, 25, 3
4, 8, 21, 24, 3
4, 8, 21, 24, 3
4, 8, 21, 24, 3
4, 8, 21, 24, 3
4, 8, 21, 25, 3
4, 8, 21, 25, 3
4, 8, 21, 25, 3
4, 8, 21, 25, 3
4, 8, 22, 24, 3
4, 8, 22, 24, 3
4, 8, 22, 24, 3
4, 8, 22, 24, 3
4, 8, 22, 25, 3
4, 8, 22, 25, 3
4, 8, 22, 25, 3
4, 8, 22, 25, 3
4, 8, 23, 24, 3
4, 8, 23, 24, 3
4, 8, 23, 24, 3
4, 8, 23, 24, 3
4, 8, 23, 25, 3
4, 8, 23, 25, 3
4, 8, 23, 25, 3
4, 8, 23, 25, 3
4, 96, 24, 0, 3
4, 96, 24, 0, 3
4, 96, 24, 0, 3
4, 96, 24, 0, 3
4, 96, 24, 1, 3
4, 96, 24, 1, 3
4, 96, 24, 1, 3
4, 96, 24, 1, 3
4, 96, 24, 2, 3
4, 96, 24, 2, 3
4, 96, 24, 2, 3
4, 96, 24, 2, 3
4, 96, 24, 3, 3
4, 96, 24, 3, 3
4, 96, 24, 3, 3
4, 96, 24, 3, 3
4, 96, 24, 4, 3
4, 96, 24, 4, 3
4, 96, 24, 4, 3
4, 96, 24, 4, 3
4, 96, 24, 5, 3
4, 96, 24, 5, 3
4, 96, 24, 5, 3
4, 96, 24, 5, 3
4, 96, 24, 6, 3
4, 96, 24, 6, 3
4, 96, 24, 6, 3
4, 96, 24, 6, 3
4, 96, 24, 7, 3
4, 96, 24, 7, 3
4, 96, 24, 7, 3
4, 96, 24, 7, 3
4, 96, 24, 8, 3
4, 96, 24, 8, 3
4, 96, 24, 8, 3
4, 96, 24, 8, 3
4, 96, 24, 9, 3
4, 96, 24, 9, 3
4, 96, 24, 9, 3
4, 96, 24, 9, 3
4, 96, 24, 10, 3
4, 96, 24, 10, 3
4, 96, 24, 10, 3
4, 96, 24, 10, 3
4, 96, 24, 11, 3
4, 96, 24, 11, 3
4, 96, 24, 11, 3
4, 96, 24, 11, 3
4, 96, 24, 12, 3
4, 96, 24, 12, 3
4, 96, 24, 12, 3
4, 96, 24, 12, 3
4, 96, 24, 13, 3
4, 96, 24, 13, 3
4, 96, 24, 13, 3
4, 96, 24, 13, 3
4, 96, 24, 14, 3
4, 96, 24, 14, 3
4, 96, 24, 14, 3
4, 96, 24, 14, 3
4, 96, 24, 15, 3
4, 96, 24, 15, 3
4, 96, 24, 15, 3
4, 96, 24, 15, 3
4, 96, 24, 16, 3
4, 96, 24, 16, 3
4, 96, 24, 16, 3
4, 96, 24, 16, 3
4, 96, 24, 17, 3
4, 96, 24, 17, 3
4, 96, 24, 17, 3
4, 96, 24, 17, 3
4, 96, 24, 18, 3
4, 96, 24, 18, 3
4, 96, 24, 18, 3
4, 96, 24, 18, 3
4, 96, 24, 19, 3
4, 96, 24, 19, 3
4, 96, 24, 19, 3
4, 96, 24, 19, 3
4, 96, 24, 20, 3
4, 96, 24, 20, 3
4, 96, 24, 20, 3
4, 96, 24, 20, 3
4, 96, 24, 21, 3
4, 96, 24, 21, 3
4, 96, 24, 21, 3
4, 96, 24, 21, 3
4, 96, 24, 22, 3
4, 96, 24, 22, 3
4, 96, 24, 22, 3
4, 96, 24, 22, 3
4, 96, 24, 23, 3
4, 96, 24, 23, 3
4, 96, 24, 23, 3
4, 96, 24, 23, 3
4, 96, 25, 0, 3
4, 96, 25, 0, 3
4, 96, 25, 0, 3
4, 96, 25, 0, 3
4, 96, 25, 1, 3
4, 96, 25, 1, 3
4, 96, 25, 1, 3
4, 96, 25, 1, 3
4, 96, 25, 2, 3
4, 96, 25, 2, 3
4, 96, 25, 2, 3
4, 96, 25, 2, 3
4, 96, 25, 3, 3
4, 96, 25, 3, 3
4, 96, 25, 3, 3
4, 96, 25, 3, 3
4, 96, 25, 4, 3
4, 96, 25, 4, 3
4, 96, 25, 4, 3
4, 96, 25, 4, 3
4, 96, 25, 5, 3
4, 96, 25, 5, 3
4, 96, 25, 5, 3
4, 96, 25, 5, 3
4, 96, 25, 6, 3
4, 96, 25, 6, 3
4, 96, 25, 6, 3
4, 96, 25, 6, 3
4, 96, 25, 7, 3
4, 96, 25, 7, 3
4, 96, 25, 7, 3
4, 96, 25, 7, 3
4, 96, 25, 8, 3
4, 96, 25, 8, 3
4, 96, 25, 8, 3
4, 96, 25, 8, 3
4, 96, 25, 9, 3
4, 96, 25, 9, 3
4, 96, 25, 9, 3
4, 96, 25, 9, 3
4, 96, 25, 10, 3
4, 96, 25, 10, 3
4, 96, 25, 10, 3
4, 96, 25, 10, 3
4, 96, 25, 11, 3
4, 96, 25, 11, 3
4, 96, 25, 11, 3
4, 96, 25, 11, 3
4, 96, 25, 12, 3
4, 96, 25, 12, 3
4, 96, 25, 12, 3
4, 96, 25, 12, 3
4, 96, 25, 13, 3
4, 96, 25, 13, 3
4, 96, 25, 13, 3
4, 96, 25, 13, 3
4, 96, 25, 14, 3
4, 96, 25, 14, 3
4, 96, 25, 14, 3
4, 96, 25, 14, 3
4, 96, 25, 15, 3
4, 96, 25, 15, 3
4, 96, 25, 15, 3
4, 96, 25, 15, 3
4, 96, 25, 16, 3
4, 96, 25, 16, 3
4, 96, 25, 16, 3
4, 96, 25, 16, 3
4, 96, 25, 17, 3
4, 96, 25, 17, 3
4, 96, 25, 17, 3
4, 96, 25, 17, 3
4, 96, 25, 18, 3
4, 96, 25, 18, 3
4, 96, 25, 18, 3
4, 96, 25, 18, 3
4, 96, 25, 19, 3
4, 96, 25, 19, 3
4, 96, 25, 19, 3
4, 96, 25, 19, 3
4, 96, 25, 20, 3
4, 96, 25, 20, 3
4, 96, 25, 20, 3
4, 96, 25, 20, 3
4, 96, 25, 21, 3
4, 96, 25, 21, 3
4, 96, 25, 21, 3
4, 96, 25, 21, 3
4, 96, 25, 22, 3
4, 96, 25, 22, 3
4, 96, 25, 22, 3
4, 96, 25, 22, 3
4, 96, 25, 23, 3
4, 96, 25, 23, 3
4, 96, 25, 23, 3
4, 96, 25, 23, 3
5, 8, 0, 24, 3
5, 8, 0, 24, 3
5, 8, 0, 24, 3
5, 8, 0, 24, 3
5, 8, 0, 25, 3
5, 8, 0, 25, 3
5, 8, 0, 25, 3
5, 8, 0, 25, 3
5, 8, 1, 24, 3
5, 8, 1, 24, 3
5, 8, 1, 24, 3
5, 8, 1, 24, 3
5, 8, 1, 25, 3
5, 8, 1, 25, 3
5, 8, 1, 25, 3
5, 8, 1, 25, 3
5, 8, 2, 24, 3
5, 8, 2, 24, 3
5, 8, 2, 24, 3
5, 8, 2, 24, 3
5, 8, 2, 25, 3
5, 8, 2, 25, 3
5, 8, 2, 25, 3
5, 8, 2, 25, 3
5, 8, 3, 24, 3
5, 8, 3, 24, 3
5, 8, 3, 24, 3
5, 8, 3, 24, 3
5, 8, 3, 25, 3
5, 8, 3, 25, 3
5, 8, 3, 25, 3
5, 8, 3, 25, 3
5, 8, 4, 24, 3
5, 8, 4, 24, 3
5, 8, 4, 24, 3
5, 8, 4, 24, 3
5, 8, 4, 25, 3
5, 8, 4, 25, 3
5, 8, 4, 25, 3
5, 8, 4, 25, 3
5, 8, 5, 24, 3
5, 8, 5, 24, 3
5, 8, 5, 24, 3
5, 8, 5, 24, 3
5, 8, 5, 25, 3
5, 8, 5, 25, 3
5, 8, 5, 25, 3
5, 8, 5, 25, 3
5, 8, 6, 24, 3
5, 8, 6, 24, 3
5, 8, 6, 24, 3
5, 8, 6, 24, 3
5, 8, 6, 25, 3
5, 8, 6, 25, 3
5, 8, 6, 25, 3
5, 8, 6, 25, 3
5, 8, 7, 24, 3
5, 8, 7, 24, 3
5, 8, 7, 24, 3
5, 8, 7, 24, 3
5, 8, 7, 25, 3
5, 8, 7, 25, 3
5, 8, 7, 25, 3
5, 8, 7, 25, 3
5, 8, 8, 24, 3
5, 8, 8, 24, 3
5, 8, 8, 24, 3
5, 8, 8, 24, 3
5, 8, 8, 25, 3
5, 8, 8, 25, 3
5, 8, 8, 25, 3
5, 8, 8, 25, 3
5, 8, 9, 24, 3
5, 8, 9, 24, 3
5, 8, 9, 24, 3
5, 8, 9, 24, 3
5, 8, 9, 25, 3
5, 8, 9, 25, 3
5, 8, 9, 25, 3
5, 8, 9, 25, 3
5, 8, 10, 24, 3
5, 8, 10, 24, 3
5, 8, 10, 24, 3
5, 8, 10, 24, 3
5, 8, 10, 25, 3
5, 8, 10, 25, 3
5, 8, 10, 25, 3
5, 8, 10, 25, 3
5, 8, 11, 24, 3
5, 8, 11, 24, 3
5, 8, 11, 24, 3
5, 8, 11, 24, 3
5, 8, 11, 25, 3
5, 8, 11, 25, 3
5, 8, 11, 25, 3
5, 8, 11, 25, 3
5, 8, 12, 24, 3
5, 8, 12, 24, 3
5, 8, 12, 24, 3
5, 8, 12, 24, 3
5, 8, 12, 25, 3
5, 8, 12, 25, 3
5, 8, 12, 25, 3
5, 8, 12, 25, 3
5, 8, 13, 24, 3
5, 8, 13, 24, 3
5, 8, 13, 24, 3
5, 8, 13, 24, 3
5, 8, 13, 25, 3
5, 8, 13, 25, 3
5, 8, 13, 25, 3
5, 8, 13, 25, 3
5, 8, 14, 24, 3
5, 8, 14, 24, 3
5, 8, 14, 24, 3
5, 8, 14, 24, 3
5, 8, 14, 25, 3
5, 8, 14, 25, 3
5, 8, 14, 25, 3
5, 8, 14, 25, 3
5, 8, 15, 24, 3
5, 8, 15, 24, 3
5, 8, 15, 24, 3
5, 8, 15, 24, 3
5, 8, 15, 25, 3
5, 8, 15, 25, 3
5, 8, 15, 25, 3
5, 8, 15, 25, 3
5, 8, 16, 24, 3
5, 8, 16, 24, 3
5, 8, 16, 24, 3
5, 8, 16, 24, 3
5, 8, 16, 25, 3
5, 8, 16, 25, 3
5, 8, 16, 25, 3
5, 8, 16, 25, 3
5, 8, 17, 24, 3
5, 8, 17, 24, 3
5, 8, 17, 24, 3
5, 8, 17, 24, 3
5, 8, 17, 25, 3
5, 8, 17, 25, 3
5, 8, 17, 25, 3
5, 8, 17, 25, 3
5, 8, 18, 24, 3
5, 8, 18, 24, 3
5, 8, 18, 24, 3
5, 8, 18, 24, 3
5, 8, 18, 25, 3
5, 8, 18, 25, 3
5, 8, 18, 25, 3
5, 8, 18, 25, 3
5, 8, 19, 24, 3
5, 8, 19, 24, 3
5, 8, 19, 24, 3
5, 8, 19, 24, 3
5, 8, 19, 25, 3
5, 8, 19, 25, 3
5, 8, 19, 25, 3
5, 8, 19, 25, 3
5, 8, 20, 24, 3
5, 8, 20, 24, 3
5, 8, 20, 24, 3
5, 8, 20, 24, 3
5, 8, 20, 25, 3
5, 8, 20, 25, 3
5, 8, 20, 25, 3
5, 8, 20, 25, 3
5, 8, 21, 24, 3
5, 8, 21, 24, 3
5, 8, 21, 24, 3
5, 8, 21, 24, 3
5, 8, 21, 25, 3
5, 8, 21, 25, 3
5, 8, 21, 25, 3
5, 8, 21, 25, 3
5, 8, 22, 24, 3
5, 8, 22, 24, 3
5, 8, 22, 24, 3
5, 8, 22, 24, 3
5, 8, 22, 25, 3
5, 8, 22, 25, 3
5, 8, 22, 25, 3
5, 8, 22, 25, 3
5, 8, 23, 24, 3
5, 8, 23, 24, 3
5, 8, 23, 24, 3
5, 8, 23, 24, 3
5, 8, 23, 25, 3
5, 8, 23, 25, 3
5, 8, 23, 25, 3
5, 8, 23, 25, 3
5, 96, 24, 0, 3
5, 96, 24, 0, 3
5, 96, 24, 0, 3
5, 96, 24, 0, 3
5, 96, 24, 1, 3
5, 96, 24, 1, 3
5, 96, 24, 1, 3
5, 96, 24, 1, 3
5, 96, 24, 2, 3
5, 96, 24, 2, 3
5, 96, 24, 2, 3
5, 96, 24, 2, 3
5, 96, 24, 3, 3
5, 96, 24, 3, 3
5, 96, 24, 3, 3
5, 96, 24, 3, 3
5, 96, 24, 4, 3
5, 96, 24, 4, 3
5, 96, 24, 4, 3
5, 96, 24, 4, 3
5, 96, 24, 5, 3
5, 96, 24, 5, 3
5, 96, 24, 5, 3
5, 96, 24, 5, 3
5, 96, 24, 6, 3
5, 96, 24, 6, 3
5, 96, 24, 6, 3
5, 96, 24, 6, 3
5, 96, 24, 7, 3
5, 96, 24, 7, 3
5, 96, 24, 7, 3
5, 96, 24, 7, 3
5, 96, 24, 8, 3
5, 96, 24, 8, 3
5, 96, 24, 8, 3
5, 96, 24, 8, 3
5, 96, 24, 9, 3
5, 96, 24, 9, 3
5, 96, 24, 9, 3
5, 96, 24, 9, 3
5, 96, 24, 10, 3
5, 96, 24, 10, 3
5, 96, 24, 10, 3
5, 96, 24, 10, 3
5, 96, 24, 11, 3
5, 96, 24, 11, 3
5, 96, 24, 11, 3
5, 96, 24, 11, 3
5, 96, 24, 12, 3
5, 96, 24, 12, 3
5, 96, 24, 12, 3
5, 96, 24, 12, 3
5, 96, 24, 13, 3
5, 96, 24, 13, 3
5, 96, 24, 13, 3
5, 96, 24, 13, 3
5, 96, 24, 14, 3
5, 96, 24, 14, 3
5, 96, 24, 14, 3
5, 96, 24, 14, 3
5, 96, 24, 15, 3
5, 96, 24, 15, 3
5, 96, 24, 15, 3
5, 96, 24, 15, 3
5, 96, 24, 16, 3
5, 96, 24, 16, 3
5, 96, 24, 16, 3
5, 96, 24, 16, 3
5, 96, 24, 17, 3
5, 96, 24, 17, 3
5, 96, 24, 17, 3
5, 96, 24, 17, 3
5, 96, 24, 18, 3
5, 96, 24, 18, 3
5, 96, 24, 18, 3
5, 96, 24, 18, 3
5, 96, 24, 19, 3
5, 96, 24, 19, 3
5, 96, 24, 19, 3
5, 96, 24, 19, 3
5, 96, 24, 20, 3
5, 96, 24, 20, 3
5, 96, 24, 20, 3
5, 96, 24, 20, 3
5, 96, 24, 21, 3
5, 96, 24, 21, 3
5, 96, 24, 21, 3
5, 96, 24, 21, 3
5, 96, 24, 22, 3
5, 96, 24, 22, 3
5, 96, 24, 22, 3
5, 96, 24, 22, 3
5, 96, 24, 23, 3
5, 96, 24, 23, 3
5, 96, 24, 23, 3
5, 96, 24, 23, 3
5, 96, 25, 0, 3
5, 96, 25, 0, 3
5, 96, 25, 0, 3
5, 96, 25, 0, 3
5, 96, 25, 1, 3
5, 96, 25, 1, 3
5, 96, 25, 1, 3
5, 96, 25, 1, 3
5, 96, 25, 2, 3
5, 96, 25, 2, 3
5, 96, 25, 2, 3
5, 96, 25, 2, 3
5, 96, 25, 3, 3
5, 96, 25, 3, 3
5, 96, 25, 3, 3
5, 96, 25, 3, 3
5, 96, 25, 4, 3
5, 96, 25, 4, 3
5, 96, 25, 4, 3
5, 96, 25, 4, 3
5, 96, 25, 5, 3
5, 96, 25, 5, 3
5, 96, 25, 5, 3
5, 96, 25, 5, 3
5, 96, 25, 6, 3
5, 96, 25, 6, 3
5, 96, 25, 6, 3
5, 96, 25, 6, 3
5, 96, 25, 7, 3
5, 96, 25, 7, 3
5, 96, 25, 7, 3
5, 96, 25, 7, 3
5, 96, 25, 8, 3
5, 96, 25, 8, 3
5, 96, 25, 8, 3
5, 96, 25, 8, 3
5, 96, 25, 9, 3
5, 96, 25, 9, 3
5, 96, 25, 9, 3
5, 96, 25, 9, 3
5, 96, 25, 10, 3
5, 96, 25, 10, 3
5, 96, 25, 10, 3
5, 96, 25, 10, 3
5, 96, 25, 11, 3
5, 96, 25, 11, 3
5, 96, 25, 11, 3
5, 96, 25, 11, 3
5, 96, 25, 12, 3
5, 96, 25, 12, 3
5, 96, 25, 12, 3
5, 96, 25, 12, 3
5, 96, 25, 13, 3
5, 96, 25, 13, 3
5, 96, 25, 13, 3
5, 96, 25, 13, 3
5, 96, 25, 14, 3
5, 96, 25, 14, 3
5, 96, 25, 14, 3
5, 96, 25, 14, 3
5, 96, 25, 15, 3
5, 96, 25, 15, 3
5, 96, 25, 15, 3
5, 96, 25, 15, 3
5, 96, 25, 16, 3
5, 96, 25, 16, 3
5, 96, 25, 16, 3
5, 96, 25, 16, 3
5, 96, 25, 17, 3
5, 96, 25, 17, 3
5, 96, 25, 17, 3
5, 96, 25, 17, 3
5, 96, 25, 18, 3
5, 96, 25, 18, 3
5, 96, 25, 18, 3
5, 96, 25, 18, 3
5, 96, 25, 19, 3
5, 96, 25, 19, 3
5, 96, 25, 19, 3
5, 96, 25, 19, 3
5, 96, 25, 20, 3
5, 96, 25, 20, 3
5, 96, 25, 20, 3
5, 96, 25, 20, 3
5, 96, 25, 21, 3
5, 96, 25, 21, 3
5, 96, 25, 21, 3
5, 96, 25, 21, 3
5, 96, 25, 22, 3
5, 96, 25, 22, 3
5, 96, 25, 22, 3
5, 96, 25, 22, 3
5, 96, 25, 23, 3
5, 96, 25, 23, 3
5, 96, 25, 23, 3
5, 96, 25, 23, 3
6, 8, 0, 24, 3
6, 8, 0, 24, 3
6, 8, 0, 24, 3
6, 8, 0, 24, 3
6, 8, 0, 25, 3
6, 8, 0, 25, 3
6, 8, 0, 25, 3
6, 8, 0, 25, 3
6, 8, 1, 24, 3
6, 8, 1, 24, 3
6, 8, 1, 24, 3
6, 8, 1, 24, 3
6, 8, 1, 25, 3
6, 8, 1, 25, 3
6, 8, 1, 25, 3
6, 8, 1, 25, 3
6, 8, 2, 24, 3
6, 8, 2, 24, 3
6, 8, 2, 24, 3
6, 8, 2, 24, 3
6, 8, 2, 25, 3
6, 8, 2, 25, 3
6, 8, 2, 25, 3
6, 8, 2, 25, 3
6, 8, 3, 24, 3
6, 8, 3, 24, 3
6, 8, 3, 24, 3
6, 8, 3, 24, 3
6, 8, 3, 25, 3
6, 8, 3, 25, 3
6, 8, 3, 25, 3
6, 8, 3, 25, 3
6, 8, 4, 24, 3
6, 8, 4, 24, 3
6, 8, 4, 24, 3
6, 8, 4, 24, 3
6, 8, 4, 25, 3
6, 8, 4, 25, 3
6, 8, 4, 25, 3
6, 8, 4, 25, 3
6, 8, 5, 24, 3
6, 8, 5, 24, 3
6, 8, 5, 24, 3
6, 8, 5, 24, 3
6, 8, 5, 25, 3
6, 8, 5, 25, 3
6, 8, 5, 25, 3
6, 8, 5, 25, 3
6, 8, 6, 24, 3
6, 8, 6, 24, 3
6, 8, 6, 24, 3
6, 8, 6, 24, 3
6, 8, 6, 25, 3
6, 8, 6, 25, 3
6, 8, 6, 25, 3
6, 8, 6, 25, 3
6, 8, 7, 24, 3
6, 8, 7, 24, 3
6, 8, 7, 24, 3
6, 8, 7, 24, 3
6, 8, 7, 25, 3
6, 8, 7, 25, 3
6, 8, 7, 25, 3
6, 8, 7, 25, 3
6, 8, 8, 24, 3
6, 8, 8, 24, 3
6, 8, 8, 24, 3
6, 8, 8, 24, 3
6, 8, 8, 25, 3
6, 8, 8, 25, 3
6, 8, 8, 25, 3
6, 8, 8, 25, 3
6, 8, 9, 24, 3
6, 8, 9, 24, 3
6, 8, 9, 24, 3
6, 8, 9, 24, 3
6, 8, 9, 25, 3
6, 8, 9, 25, 3
6, 8, 9, 25, 3
6, 8, 9, 25, 3
6, 8, 10, 24, 3
6, 8, 10, 24, 3
6, 8, 10, 24, 3
6, 8, 10, 24, 3
6, 8, 10, 25, 3
6, 8, 10, 25, 3
6, 8, 10, 25, 3
6, 8, 10, 25, 3
6, 8, 11, 24, 3
6, 8, 11, 24, 3
6, 8, 11, 24, 3
6, 8, 11, 24, 3
6, 8, 11, 25, 3
6, 8, 11, 25, 3
6, 8, 11, 25, 3
6, 8, 11, 25, 3
6, 8, 12, 24, 3
6, 8, 12, 24, 3
6, 8, 12, 24, 3
6, 8, 12, 24, 3
6, 8, 12, 25, 3
6, 8, 12, 25, 3
6, 8, 12, 25, 3
6, 8, 12, 25, 3
6, 8, 13, 24, 3
6, 8, 13, 24, 3
6, 8, 13, 24, 3
6, 8, 13, 24, 3
6, 8, 13, 25, 3
6, 8, 13, 25, 3
6, 8, 13, 25, 3
6, 8, 13, 25, 3
6, 8, 14, 24, 3
6, 8, 14, 24, 3
6, 8, 14, 24, 3
6, 8, 14, 24, 3
6, 8, 14, 25, 3
6, 8, 14, 25, 3
6, 8, 14, 25, 3
6, 8, 14, 25, 3
6, 8, 15, 24, 3
6, 8, 15, 24, 3
6, 8, 15, 24, 3
6, 8, 15, 24, 3
6, 8, 15, 25, 3
6, 8, 15, 25, 3
6, 8, 15, 25, 3
6, 8, 15, 25, 3
6, 8, 16, 24, 3
6, 8, 16, 24, 3
6, 8, 16, 24, 3
6, 8, 16, 24, 3
6, 8, 16, 25, 3
6, 8, 16, 25, 3
6, 8, 16, 25, 3
6, 8, 16, 25, 3
6, 8, 17, 24, 3
6, 8, 17, 24, 3
6, 8, 17, 24, 3
6, 8, 17, 24, 3
6, 8, 17, 25, 3
6, 8, 17, 25, 3
6, 8, 17, 25, 3
6, 8, 17, 25, 3
6, 8, 18, 24, 3
6, 8, 18, 24, 3
6, 8, 18, 24, 3
6, 8, 18, 24, 3
6, 8, 18, 25, 3
6, 8, 18, 25, 3
6, 8, 18, 25, 3
6, 8, 18, 25, 3
6, 8, 19, 24, 3
6, 8, 19, 24, 3
6, 8, 19, 24, 3
6, 8, 19, 24, 3
6, 8, 19, 25, 3
6, 8, 19, 25, 3
6, 8, 19, 25, 3
6, 8, 19, 25, 3
6, 8, 20, 24, 3
6, 8, 20, 24, 3
6, 8, 20, 24, 3
6, 8, 20, 24, 3
6, 8, 20, 25, 3
6, 8, 20, 25, 3
6, 8, 20, 25, 3
6, 8, 20, 25, 3
6, 8, 21, 24, 3
6, 8, 21, 24, 3
6, 8, 21, 24, 3
6, 8, 21, 24, 3
6, 8, 21, 25, 3
6, 8, 21, 25, 3
6, 8, 21, 25, 3
6, 8, 21, 25, 3
6, 8, 22, 24, 3
6, 8, 22, 24, 3
6, 8, 22, 24, 3
6, 8, 22, 24, 3
6, 8, 22, 25, 3
6, 8, 22, 25, 3
6, 8, 22, 25, 3
6, 8, 22, 25, 3
6, 8, 23, 24, 3
6, 8, 23, 24, 3
6, 8, 23, 24, 3
6, 8, 23, 24, 3
6, 8, 23, 25, 3
6, 8, 23, 25, 3
6, 8, 23, 25, 3
6, 8, 23, 25, 3
6, 96, 24, 0, 3
6, 96, 24, 0, 3
6, 96, 24, 0, 3
6, 96, 24, 0, 3
6, 96, 24, 1, 3
6, 96, 24, 1, 3
6, 96, 24, 1, 3
6, 96, 24, 1, 3
6, 96, 24, 2, 3
6, 96, 24, 2, 3
6, 96, 24, 2, 3
6, 96, 24, 2, 3
6, 96, 24, 3, 3
6, 96, 24, 3, 3
6, 96, 24, 3, 3
6, 96, 24, 3, 3
6, 96, 24, 4, 3
6, 96, 24, 4, 3
6, 96, 24, 4, 3
6, 96, 24, 4, 3
6, 96, 24, 5, 3
6, 96, 24, 5, 3
6, 96, 24, 5, 3
6, 96, 24, 5, 3
6, 96, 24, 6, 3
6, 96, 24, 6, 3
6, 96, 24, 6, 3
6, 96, 24, 6, 3
6, 96, 24, 7, 3
6, 96, 24, 7, 3
6, 96, 24, 7, 3
6, 96, 24, 7, 3
6, 96, 24, 8, 3
6, 96, 24, 8, 3
6, 96, 24, 8, 3
6, 96, 24, 8, 3
6, 96, 24, 9, 3
6, 96, 24, 9, 3
6, 96, 24, 9, 3
6, 96, 24, 9, 3
6, 96, 24, 10, 3
6, 96, 24, 10, 3
6, 96, 24, 10, 3
6, 96, 24, 10, 3
6, 96, 24, 11, 3
6, 96, 24, 11, 3
6, 96, 24, 11, 3
6, 96, 24, 11, 3
6, 96, 24, 12, 3
6, 96, 24, 12, 3
6, 96, 24, 12, 3
6, 96, 24, 12, 3
6, 96, 24, 13, 3
6, 96, 24, 13, 3
6, 96, 24, 13, 3
6, 96, 24, 13, 3
6, 96, 24, 14, 3
6, 96, 24, 14, 3
6, 96, 24, 14, 3
6, 96, 24, 14, 3
6, 96, 24, 15, 3
6, 96, 24, 15, 3
6, 96, 24, 15, 3
6, 96, 24, 15, 3
6, 96, 24, 16, 3
6, 96, 24, 16, 3
6, 96, 24, 16, 3
6, 96, 24, 16, 3
6, 96, 24, 17, 3
6, 96, 24, 17, 3
6, 96, 24, 17, 3
6, 96, 24, 17, 3
6, 96, 24, 18, 3
6, 96, 24, 18, 3
6, 96, 24, 18, 3
6, 96, 24, 18, 3
6, 96, 24, 19, 3
6, 96, 24, 19, 3
6, 96, 24, 19, 3
6, 96, 24, 19, 3
6, 96, 24, 20, 3
6, 96, 24, 20, 3
6, 96, 24, 20, 3
6, 96, 24, 20, 3
6, 96, 24, 21, 3
6, 96, 24, 21, 3
6, 96, 24, 21, 3
6, 96, 24, 21, 3
6, 96, 24, 22, 3
6, 96, 24, 22, 3
6, 96, 24, 22, 3
6, 96, 24, 22, 3
6, 96, 24, 23, 3
6, 96, 24, 23, 3
6, 96, 24, 23, 3
6, 96, 24, 23, 3
6, 96, 25, 0, 3
6, 96, 25, 0, 3
6, 96, 25, 0, 3
6, 96, 25, 0, 3
6, 96, 25, 1, 3
6, 96, 25, 1, 3
6, 96, 25, 1, 3
6, 96, 25, 1, 3
6, 96, 25, 2, 3
6, 96, 25, 2, 3
6, 96, 25, 2, 3
6, 96, 25, 2, 3
6, 96, 25, 3, 3
6, 96, 25, 3, 3
6, 96, 25, 3, 3
6, 96, 25, 3, 3
6, 96, 25, 4, 3
6, 96, 25, 4, 3
6, 96, 25, 4, 3
6, 96, 25, 4, 3
6, 96, 25, 5, 3
6, 96, 25, 5, 3
6, 96, 25, 5, 3
6, 96, 25, 5, 3
6, 96, 25, 6, 3
6, 96, 25, 6, 3
6, 96, 25, 6, 3
6, 96, 25, 6, 3
6, 96, 25, 7, 3
6, 96, 25, 7, 3
6, 96, 25, 7, 3
6, 96, 25, 7, 3
6, 96, 25, 8, 3
6, 96, 25, 8, 3
6, 96, 25, 8, 3
6, 96, 25, 8, 3
6, 96, 25, 9, 3
6, 96, 25, 9, 3
6, 96, 25, 9, 3
6, 96, 25, 9, 3
6, 96, 25, 10, 3
6, 96, 25, 10, 3
6, 96, 25, 10, 3
6, 96, 25, 10, 3
6, 96, 25, 11, 3
6, 96, 25, 11, 3
6, 96, 25, 11, 3
6, 96, 25, 11, 3
6, 96, 25, 12, 3
6, 96, 25, 12, 3
6, 96, 25, 12, 3
6, 96, 25, 12, 3
6, 96, 25, 13, 3
6, 96, 25, 13, 3
6, 96, 25, 13, 3
6, 96, 25, 13, 3
6, 96, 25, 14, 3
6, 96, 25, 14, 3
6, 96, 25, 14, 3
6, 96, 25, 14, 3
6, 96, 25, 15, 3
6, 96, 25, 15, 3
6, 96, 25, 15, 3
6, 96, 25, 15, 3
6, 96, 25, 16, 3
6, 96, 25, 16, 3
6, 96, 25, 16, 3
6, 96, 25, 16, 3
6, 96, 25, 17, 3
6, 96, 25, 17, 3
6, 96, 25, 17, 3
6, 96, 25, 17, 3
6, 96, 25, 18, 3
6, 96, 25, 18, 3
6, 96, 25, 18, 3
6, 96, 25, 18, 3
6, 96, 25, 19, 3
6, 96, 25, 19, 3
6, 96, 25, 19, 3
6, 96, 25, 19, 3
6, 96, 25, 20, 3
6, 96, 25, 20, 3
6, 96, 25, 20, 3
6, 96, 25, 20, 3
6, 96, 25, 21, 3
6, 96, 25, 21, 3
6, 96, 25, 21, 3
6, 96, 25, 21, 3
6, 96, 25, 22, 3
6, 96, 25, 22, 3
6, 96, 25, 22, 3
6, 96, 25, 22, 3
6, 96, 25, 23, 3
6, 96, 25, 23, 3
6, 96, 25, 23, 3
6, 96, 25, 23, 3
7, 8, 0, 24, 3
7, 8, 0, 24, 3
7, 8, 0, 24, 3
7, 8, 0, 24, 3
7, 8, 0, 25, 3
7, 8, 0, 25, 3
7, 8, 0, 25, 3
7, 8, 0, 25, 3
7, 8, 1, 24, 3
7, 8, 1, 24, 3
7, 8, 1, 24, 3
7, 8, 1, 24, 3
7, 8, 1, 25, 3
7, 8, 1, 25, 3
7, 8, 1, 25, 3
7, 8, 1, 25, 3
7, 8, 2, 24, 3
7, 8, 2, 24, 3
7, 8, 2, 24, 3
7, 8, 2, 24, 3
7, 8, 2, 25, 3
7, 8, 2, 25, 3
7, 8, 2, 25, 3
7, 8, 2, 25, 3
7, 8, 3, 24, 3
7, 8, 3, 24, 3
7, 8, 3, 24, 3
7, 8, 3, 24, 3
7, 8, 3, 25, 3
7, 8, 3, 25, 3
7, 8, 3, 25, 3
7, 8, 3, 25, 3
7, 8, 4, 24, 3
7, 8, 4, 24, 3
7, 8, 4, 24, 3
7, 8, 4, 24, 3
7, 8, 4, 25, 3
7, 8, 4, 25, 3
7, 8, 4, 25, 3
7, 8, 4, 25, 3
7, 8, 5, 24, 3
7, 8, 5, 24, 3
7, 8, 5, 24, 3
7, 8, 5, 24, 3
7, 8, 5, 25, 3
7, 8, 5, 25, 3
7, 8, 5, 25, 3
7, 8, 5, 25, 3
7, 8, 6, 24, 3
7, 8, 6, 24, 3
7, 8, 6, 24, 3
7, 8, 6, 24, 3
7, 8, 6, 25, 3
7, 8, 6, 25, 3
7, 8, 6, 25, 3
7, 8, 6, 25, 3
7, 8, 7, 24, 3
7, 8, 7, 24, 3
7, 8, 7, 24, 3
7, 8, 7, 24, 3
7, 8, 7, 25, 3
7, 8, 7, 25, 3
7, 8, 7, 25, 3
7, 8, 7, 25, 3
7, 8, 8, 24, 3
7, 8, 8, 24, 3
7, 8, 8, 24, 3
7, 8, 8, 24, 3
7, 8, 8, 25, 3
7, 8, 8, 25, 3
7, 8, 8, 25, 3
7, 8, 8, 25, 3
7, 8, 9, 24, 3
7, 8, 9, 24, 3
7, 8, 9, 24, 3
7, 8, 9, 24, 3
7, 8, 9, 25, 3
7, 8, 9, 25, 3
7, 8, 9, 25, 3
7, 8, 9, 25, 3
7, 8, 10, 24, 3
7, 8, 10, 24, 3
7, 8, 10, 24, 3
7, 8, 10, 24, 3
7, 8, 10, 25, 3
7, 8, 10, 25, 3
7, 8, 10, 25, 3
7, 8, 10, 25, 3
7, 8, 11, 24, 3
7, 8, 11, 24, 3
7, 8, 11, 24, 3
7, 8, 11, 24, 3
7, 8, 11, 25, 3
7, 8, 11, 25, 3
7, 8, 11, 25, 3
7, 8, 11, 25, 3
7, 8, 12, 24, 3
7, 8, 12, 24, 3
7, 8, 12, 24, 3
7, 8, 12, 24, 3
7, 8, 12, 25, 3
7, 8, 12, 25, 3
7, 8, 12, 25, 3
7, 8, 12, 25, 3
7, 8, 13, 24, 3
7, 8, 13, 24, 3
7, 8, 13, 24, 3
7, 8, 13, 24, 3
7, 8, 13, 25, 3
7, 8, 13, 25, 3
7, 8, 13, 25, 3
7, 8, 13, 25, 3
7, 8, 14, 24, 3
7, 8, 14, 24, 3
7, 8, 14, 24, 3
7, 8, 14, 24, 3
7, 8, 14, 25, 3
7, 8, 14, 25, 3
7, 8, 14, 25, 3
7, 8, 14, 25, 3
7, 8, 15, 24, 3
7, 8, 15, 24, 3
7, 8, 15, 24, 3
7, 8, 15, 24, 3
7, 8, 15, 25, 3
7, 8, 15, 25, 3
7, 8, 15, 25, 3
7, 8, 15, 25, 3
7, 8, 16, 24, 3
7, 8, 16, 24, 3
7, 8, 16, 24, 3
7, 8, 16, 24, 3
7, 8, 16, 25, 3
7, 8, 16, 25, 3
7, 8, 16, 25, 3
7, 8, 16, 25, 3
7, 8, 17, 24, 3
7, 8, 17, 24, 3
7, 8, 17, 24, 3
7, 8, 17, 24, 3
7, 8, 17, 25, 3
7, 8, 17, 25, 3
7, 8, 17, 25, 3
7, 8, 17, 25, 3
7, 8, 18, 24, 3
7, 8, 18, 24, 3
7, 8, 18, 24, 3
7, 8, 18, 24, 3
7, 8, 18, 25, 3
7, 8, 18, 25, 3
7, 8, 18, 25, 3
7, 8, 18, 25, 3
7, 8, 19, 24, 3
7, 8, 19, 24, 3
7, 8, 19, 24, 3
7, 8, 19, 24, 3
7, 8, 19, 25, 3
7, 8, 19, 25, 3
7, 8, 19, 25, 3
7, 8, 19, 25, 3
7, 8, 20, 24, 3
7, 8, 20, 24, 3
7, 8, 20, 24, 3
7, 8, 20, 24, 3
7, 8, 20, 25, 3
7, 8, 20, 25, 3
7, 8, 20, 25, 3
7, 8, 20, 25, 3
7, 8, 21, 24, 3
7, 8, 21, 24, 3
7, 8, 21, 24, 3
7, 8, 21, 24, 3
7, 8, 21, 25, 3
7, 8, 21, 25, 3
7, 8, 21, 25, 3
7, 8, 21, 25, 3
7, 8, 22, 24, 3
7, 8, 22, 24, 3
7, 8, 22, 24, 3
7, 8, 22, 24, 3
7, 8, 22, 25, 3
7, 8, 22, 25, 3
7, 8, 22, 25, 3
7, 8, 22, 25, 3
7, 8, 23, 24, 3
7, 8, 23, 24, 3
7, 8, 23, 24, 3
7, 8, 23, 24, 3
7, 8, 23, 25, 3
7, 8, 23, 25, 3
7, 8, 23, 25, 3
7, 8, 23, 25, 3
7, 96, 24, 0, 3
7, 96, 24, 0, 3
7, 96, 24, 0, 3
7, 96, 24, 0, 3
7, 96, 24, 1, 3
7, 96, 24, 1, 3
7, 96, 24, 1, 3
7, 96, 24, 1, 3
7, 96, 24, 2, 3
7, 96, 24, 2, 3
7, 96, 24, 2, 3
7, 96, 24, 2, 3
7, 96, 24, 3, 3
7, 96, 24, 3, 3
7, 96, 24, 3, 3
7, 96, 24, 3, 3
7, 96, 24, 4, 3
7, 96, 24, 4, 3
7, 96, 24, 4, 3
7, 96, 24, 4, 3
7, 96, 24, 5, 3
7, 96, 24, 5, 3
7, 96, 24, 5, 3
7, 96, 24, 5, 3
7, 96, 24, 6, 3
7, 96, 24, 6, 3
7, 96, 24, 6, 3
7, 96, 24, 6, 3
7, 96, 24, 7, 3
7, 96, 24, 7, 3
7, 96, 24, 7, 3
7, 96, 24, 7, 3
7, 96, 24, 8, 3
7, 96, 24, 8, 3
7, 96, 24, 8, 3
7, 96, 24, 8, 3
7, 96, 24, 9, 3
7, 96, 24, 9, 3
7, 96, 24, 9, 3
7, 96, 24, 9, 3
7, 96, 24, 10, 3
7, 96, 24, 10, 3
7, 96, 24, 10, 3
7, 96, 24, 10, 3
7, 96, 24, 11, 3
7, 96, 24, 11, 3
7, 96, 24, 11, 3
7, 96, 24, 11, 3
7, 96, 24, 12, 3
7, 96, 24, 12, 3
7, 96, 24, 12, 3
7, 96, 24, 12, 3
7, 96, 24, 13, 3
7, 96, 24, 13, 3
7, 96, 24, 13, 3
7, 96, 24, 13, 3
7, 96, 24, 14, 3
7, 96, 24, 14, 3
7, 96, 24, 14, 3
7, 96, 24, 14, 3
7, 96, 24, 15, 3
7, 96, 24, 15, 3
7, 96, 24, 15, 3
7, 96, 24, 15, 3
7, 96, 24, 16, 3
7, 96, 24, 16, 3
7, 96, 24, 16, 3
7, 96, 24, 16, 3
7, 96, 24, 17, 3
7, 96, 24, 17, 3
7, 96, 24, 17, 3
7, 96, 24, 17, 3
7, 96, 24, 18, 3
7, 96, 24, 18, 3
7, 96, 24, 18, 3
7, 96, 24, 18, 3
7, 96, 24, 19, 3
7, 96, 24, 19, 3
7, 96, 24, 19, 3
7, 96, 24, 19, 3
7, 96, 24, 20, 3
7, 96, 24, 20, 3
7, 96, 24, 20, 3
7, 96, 24, 20, 3
7, 96, 24, 21, 3
7, 96, 24, 21, 3
7, 96, 24, 21, 3
7, 96, 24, 21, 3
7, 96, 24, 22, 3
7, 96, 24, 22, 3
7, 96, 24, 22, 3
7, 96, 24, 22, 3
7, 96, 24, 23, 3
7, 96, 24, 23, 3
7, 96, 24, 23, 3
7, 96, 24, 23, 3
7, 96, 25, 0, 3
7, 96, 25, 0, 3
7, 96, 25, 0, 3
7, 96, 25, 0, 3
7, 96, 25, 1, 3
7, 96, 25, 1, 3
7, 96, 25, 1, 3
7, 96, 25, 1, 3
7, 96, 25, 2, 3
7, 96, 25, 2, 3
7, 96, 25, 2, 3
7, 96, 25, 2, 3
7, 96, 25, 3, 3
7, 96, 25, 3, 3
7, 96, 25, 3, 3
7, 96, 25, 3, 3
7, 96, 25, 4, 3
7, 96, 25, 4, 3
7, 96, 25, 4, 3
7, 96, 25, 4, 3
7, 96, 25, 5, 3
7, 96, 25, 5, 3
7, 96, 25, 5, 3
7, 96, 25, 5, 3
7, 96, 25, 6, 3
7, 96, 25, 6, 3
7, 96, 25, 6, 3
7, 96, 25, 6, 3
7, 96, 25, 7, 3
7, 96, 25, 7, 3
7, 96, 25, 7, 3
7, 96, 25, 7, 3
7, 96, 25, 8, 3
7, 96, 25, 8, 3
7, 96, 25, 8, 3
7, 96, 25, 8, 3
7, 96, 25, 9, 3
7, 96, 25, 9, 3
7, 96, 25, 9, 3
7, 96, 25, 9, 3
7, 96, 25, 10, 3
7, 96, 25, 10, 3
7, 96, 25, 10, 3
7, 96, 25, 10, 3
7, 96, 25, 11, 3
7, 96, 25, 11, 3
7, 96, 25, 11, 3
7, 96, 25, 11, 3
7, 96, 25, 12, 3
7, 96, 25, 12, 3
7, 96, 25, 12, 3
7, 96, 25, 12, 3
7, 96, 25, 13, 3
7, 96, 25, 13, 3
7, 96, 25, 13, 3
7, 96, 25, 13, 3
7, 96, 25, 14, 3
7, 96, 25, 14, 3
7, 96, 25, 14, 3
7, 96, 25, 14, 3
7, 96, 25, 15, 3
7, 96, 25, 15, 3
7, 96, 25, 15, 3
7, 96, 25, 15, 3
7, 96, 25, 16, 3
7, 96, 25, 16, 3
7, 96, 25, 16, 3
7, 96, 25, 16, 3
7, 96, 25, 17, 3
7, 96, 25, 17, 3
7, 96, 25, 17, 3
7, 96, 25, 17, 3
7, 96, 25, 18, 3
7, 96, 25, 18, 3
7, 96, 25, 18, 3
7, 96, 25, 18, 3
7, 96, 25, 19, 3
7, 96, 25, 19, 3
7, 96, 25, 19, 3
7, 96, 25, 19, 3
7, 96, 25, 20, 3
7, 96, 25, 20, 3
7, 96, 25, 20, 3
7, 96, 25, 20, 3
7, 96, 25, 21, 3
7, 96, 25, 21, 3
7, 96, 25, 21, 3
7, 96, 25, 21, 3
7, 96, 25, 22, 3
7, 96, 25, 22, 3
7, 96, 25, 22, 3
7, 96, 25, 22, 3
7, 96, 25, 23, 3
7, 96, 25, 23, 3
7, 96, 25, 23, 3
7, 96, 25, 23, 3
8, 8, 0, 24, 3
8, 8, 0, 24, 3
8, 8, 0, 24, 3
8, 8, 0, 24, 3
8, 8, 0, 25, 3
8, 8, 0, 25, 3
8, 8, 0, 25, 3
8, 8, 0, 25, 3
8, 8, 1, 24, 3
8, 8, 1, 24, 3
8, 8, 1, 24, 3
8, 8, 1, 24, 3
8, 8, 1, 25, 3
8, 8, 1, 25, 3
8, 8, 1, 25, 3
8, 8, 1, 25, 3
8, 8, 2, 24, 3
8, 8, 2, 24, 3
8, 8, 2, 24, 3
8, 8, 2, 24, 3
8, 8, 2, 25, 3
8, 8, 2, 25, 3
8, 8, 2, 25, 3
8, 8, 2, 25, 3
8, 8, 3, 24, 3
8, 8, 3, 24, 3
8, 8, 3, 24, 3
8, 8, 3, 24, 3
8, 8, 3, 25, 3
8, 8, 3, 25, 3
8, 8, 3, 25, 3
8, 8, 3, 25, 3
8, 8, 4, 24, 3
8, 8, 4, 24, 3
8, 8, 4, 24, 3
8, 8, 4, 24, 3
8, 8, 4, 25, 3
8, 8, 4, 25, 3
8, 8, 4, 25, 3
8, 8, 4, 25, 3
8, 8, 5, 24, 3
8, 8, 5, 24, 3
8, 8, 5, 24, 3
8, 8, 5, 24, 3
8, 8, 5, 25, 3
8, 8, 5, 25, 3
8, 8, 5, 25, 3
8, 8, 5, 25, 3
8, 8, 6, 24, 3
8, 8, 6, 24, 3
8, 8, 6, 24, 3
8, 8, 6, 24, 3
8, 8, 6, 25, 3
8, 8, 6, 25, 3
8, 8, 6, 25, 3
8, 8, 6, 25, 3
8, 8, 7, 24, 3
8, 8, 7, 24, 3
8, 8, 7, 24, 3
8, 8, 7, 24, 3
8, 8, 7, 25, 3
8, 8, 7, 25, 3
8, 8, 7, 25, 3
8, 8, 7, 25, 3
8, 8, 8, 24, 3
8, 8, 8, 24, 3
8, 8, 8, 24, 3
8, 8, 8, 24, 3
8, 8, 8, 25, 3
8, 8, 8, 25, 3
8, 8, 8, 25, 3
8, 8, 8, 25, 3
8, 8, 9, 24, 3
8, 8, 9, 24, 3
8, 8, 9, 24, 3
8, 8, 9, 24, 3
8, 8, 9, 25, 3
8, 8, 9, 25, 3
8, 8, 9, 25, 3
8, 8, 9, 25, 3
8, 8, 10, 24, 3
8, 8, 10, 24, 3
8, 8, 10, 24, 3
8, 8, 10, 24, 3
8, 8, 10, 25, 3
8, 8, 10, 25, 3
8, 8, 10, 25, 3
8, 8, 10, 25, 3
8, 8, 11, 24, 3
8, 8, 11, 24, 3
8, 8, 11, 24, 3
8, 8, 11, 24, 3
8, 8, 11, 25, 3
8, 8, 11, 25, 3
8, 8, 11, 25, 3
8, 8, 11, 25, 3
8, 8, 12, 24, 3
8, 8, 12, 24, 3
8, 8, 12, 24, 3
8, 8, 12, 24, 3
8, 8, 12, 25, 3
8, 8, 12, 25, 3
8, 8, 12, 25, 3
8, 8, 12, 25, 3
8, 8, 13, 24, 3
8, 8, 13, 24, 3
8, 8, 13, 24, 3
8, 8, 13, 24, 3
8, 8, 13, 25, 3
8, 8, 13, 25, 3
8, 8, 13, 25, 3
8, 8, 13, 25, 3
8, 8, 14, 24, 3
8, 8, 14, 24, 3
8, 8, 14, 24, 3
8, 8, 14, 24, 3
8, 8, 14, 25, 3
8, 8, 14, 25, 3
8, 8, 14, 25, 3
8, 8, 14, 25, 3
8, 8, 15, 24, 3
8, 8, 15, 24, 3
8, 8, 15, 24, 3
8, 8, 15, 24, 3
8, 8, 15, 25, 3
8, 8, 15, 25, 3
8, 8, 15, 25, 3
8, 8, 15, 25, 3
8, 8, 16, 24, 3
8, 8, 16, 24, 3
8, 8, 16, 24, 3
8, 8, 16, 24, 3
8, 8, 16, 25, 3
8, 8, 16, 25, 3
8, 8, 16, 25, 3
8, 8, 16, 25, 3
8, 8, 17, 24, 3
8, 8, 17, 24, 3
8, 8, 17, 24, 3
8, 8, 17, 24, 3
8, 8, 17, 25, 3
8, 8, 17, 25, 3
8, 8, 17, 25, 3
8, 8, 17, 25, 3
8, 8, 18, 24, 3
8, 8, 18, 24, 3
8, 8, 18, 24, 3
8, 8, 18, 24, 3
8, 8, 18, 25, 3
8, 8, 18, 25, 3
8, 8, 18, 25, 3
8, 8, 18, 25, 3
8, 8, 19, 24, 3
8, 8, 19, 24, 3
8, 8, 19, 24, 3
8, 8, 19, 24, 3
8, 8, 19, 25, 3
8, 8, 19, 25, 3
8, 8, 19, 25, 3
8, 8, 19, 25, 3
8, 8, 20, 24, 3
8, 8, 20, 24, 3
8, 8, 20, 24, 3
8, 8, 20, 24, 3
8, 8, 20, 25, 3
8, 8, 20, 25, 3
8, 8, 20, 25, 3
8, 8, 20, 25, 3
8, 8, 21, 24, 3
8, 8, 21, 24, 3
8, 8, 21, 24, 3
8, 8, 21, 24, 3
8, 8, 21, 25, 3
8, 8, 21, 25, 3
8, 8, 21, 25, 3
8, 8, 21, 25, 3
8, 8, 22, 24, 3
8, 8, 22, 24, 3
8, 8, 22, 24, 3
8, 8, 22, 24, 3
8, 8, 22, 25, 3
8, 8, 22, 25, 3
8, 8, 22, 25, 3
8, 8, 22, 25, 3
8, 8, 23, 24, 3
8, 8, 23, 24, 3
8, 8, 23, 24, 3
8, 8, 23, 24, 3
8, 8, 23, 25, 3
8, 8, 23, 25, 3
8, 8, 23, 25, 3
8, 8, 23, 25, 3
8, 96, 24, 0, 3
8, 96, 24, 0, 3
8, 96, 24, 0, 3
8, 96, 24, 0, 3
8, 96, 24, 1, 3
8, 96, 24, 1, 3
8, 96, 24, 1, 3
8, 96, 24, 1, 3
8, 96, 24, 2, 3
8, 96, 24, 2, 3
8, 96, 24, 2, 3
8, 96, 24, 2, 3
8, 96, 24, 3, 3
8, 96, 24, 3, 3
8, 96, 24, 3, 3
8, 96, 24, 3, 3
8, 96, 24, 4, 3
8, 96, 24, 4, 3
8, 96, 24, 4, 3
8, 96, 24, 4, 3
8, 96, 24, 5, 3
8, 96, 24, 5, 3
8, 96, 24, 5, 3
8, 96, 24, 5, 3
8, 96, 24, 6, 3
8, 96, 24, 6, 3
8, 96, 24, 6, 3
8, 96, 24, 6, 3
8, 96, 24, 7, 3
8, 96, 24, 7, 3
8, 96, 24, 7, 3
8, 96, 24, 7, 3
8, 96, 24, 8, 3
8, 96, 24, 8, 3
8, 96, 24, 8, 3
8, 96, 24, 8, 3
8, 96, 24, 9, 3
8, 96, 24, 9, 3
8, 96, 24, 9, 3
8, 96, 24, 9, 3
8, 96, 24, 10, 3
8, 96, 24, 10, 3
8, 96, 24, 10, 3
8, 96, 24, 10, 3
8, 96, 24, 11, 3
8, 96, 24, 11, 3
8, 96, 24, 11, 3
8, 96, 24, 11, 3
8, 96, 24, 12, 3
8, 96, 24, 12, 3
8, 96, 24, 12, 3
8, 96, 24, 12, 3
8, 96, 24, 13, 3
8, 96, 24, 13, 3
8, 96, 24, 13, 3
8, 96, 24, 13, 3
8, 96, 24, 14, 3
8, 96, 24, 14, 3
8, 96, 24, 14, 3
8, 96, 24, 14, 3
8, 96, 24, 15, 3
8, 96, 24, 15, 3
8, 96, 24, 15, 3
8, 96, 24, 15, 3
8, 96, 24, 16, 3
8, 96, 24, 16, 3
8, 96, 24, 16, 3
8, 96, 24, 16, 3
8, 96, 24, 17, 3
8, 96, 24, 17, 3
8, 96, 24, 17, 3
8, 96, 24, 17, 3
8, 96, 24, 18, 3
8, 96, 24, 18, 3
8, 96, 24, 18, 3
8, 96, 24, 18, 3
8, 96, 24, 19, 3
8, 96, 24, 19, 3
8, 96, 24, 19, 3
8, 96, 24, 19, 3
8, 96, 24, 20, 3
8, 96, 24, 20, 3
8, 96, 24, 20, 3
8, 96, 24, 20, 3
8, 96, 24, 21, 3
8, 96, 24, 21, 3
8, 96, 24, 21, 3
8, 96, 24, 21, 3
8, 96, 24, 22, 3
8, 96, 24, 22, 3
8, 96, 24, 22, 3
8, 96, 24, 22, 3
8, 96, 24, 23, 3
8, 96, 24, 23, 3
8, 96, 24, 23, 3
8, 96, 24, 23, 3
8, 96, 25, 0, 3
8, 96, 25, 0, 3
8, 96, 25, 0, 3
8, 96, 25, 0, 3
8, 96, 25, 1, 3
8, 96, 25, 1, 3
8, 96, 25, 1, 3
8, 96, 25, 1, 3
8, 96, 25, 2, 3
8, 96, 25, 2, 3
8, 96, 25, 2, 3
8, 96, 25, 2, 3
8, 96, 25, 3, 3
8, 96, 25, 3, 3
8, 96, 25, 3, 3
8, 96, 25, 3, 3
8, 96, 25, 4, 3
8, 96, 25, 4, 3
8, 96, 25, 4, 3
8, 96, 25, 4, 3
8, 96, 25, 5, 3
8, 96, 25, 5, 3
8, 96, 25, 5, 3
8, 96, 25, 5, 3
8, 96, 25, 6, 3
8, 96, 25, 6, 3
8, 96, 25, 6, 3
8, 96, 25, 6, 3
8, 96, 25, 7, 3
8, 96, 25, 7, 3
8, 96, 25, 7, 3
8, 96, 25, 7, 3
8, 96, 25, 8, 3
8, 96, 25, 8, 3
8, 96, 25, 8, 3
8, 96, 25, 8, 3
8, 96, 25, 9, 3
8, 96, 25, 9, 3
8, 96, 25, 9, 3
8, 96, 25, 9, 3
8, 96, 25, 10, 3
8, 96, 25, 10, 3
8, 96, 25, 10, 3
8, 96, 25, 10, 3
8, 96, 25, 11, 3
8, 96, 25, 11, 3
8, 96, 25, 11, 3
8, 96, 25, 11, 3
8, 96, 25, 12, 3
8, 96, 25, 12, 3
8, 96, 25, 12, 3
8, 96, 25, 12, 3
8, 96, 25, 13, 3
8, 96, 25, 13, 3
8, 96, 25, 13, 3
8, 96, 25, 13, 3
8, 96, 25, 14, 3
8, 96, 25, 14, 3
8, 96, 25, 14, 3
8, 96, 25, 14, 3
8, 96, 25, 15, 3
8, 96, 25, 15, 3
8, 96, 25, 15, 3
8, 96, 25, 15, 3
8, 96, 25, 16, 3
8, 96, 25, 16, 3
8, 96, 25, 16, 3
8, 96, 25, 16, 3
8, 96, 25, 17, 3
8, 96, 25, 17, 3
8, 96, 25, 17, 3
8, 96, 25, 17, 3
8, 96, 25, 18, 3
8, 96, 25, 18, 3
8, 96, 25, 18, 3
8, 96, 25, 18, 3
8, 96, 25, 19, 3
8, 96, 25, 19, 3
8, 96, 25, 19, 3
8, 96, 25, 19, 3
8, 96, 25, 20, 3
8, 96, 25, 20, 3
8, 96, 25, 20, 3
8, 96, 25, 20, 3
8, 96, 25, 21, 3
8, 96, 25, 21, 3
8, 96, 25, 21, 3
8, 96, 25, 21, 3
8, 96, 25, 22, 3
8, 96, 25, 22, 3
8, 96, 25, 22, 3
8, 96, 25, 22, 3
8, 96, 25, 23, 3
8, 96, 25, 23, 3
8, 96, 25, 23, 3
8, 96, 25, 23, 3
Goal
4
5
6
7
8
