CG
31
0, 2, 23, 8
0, 2, 25, 8
1, 2, 27, 16
1, 2, 29, 16
2, 2, 20, 8
2, 2, 22, 8
3, 2, 12, 4
3, 2, 22, 4
4, 2, 13, 4
4, 2, 25, 4
5, 2, 28, 13
5, 2, 29, 13
6, 2, 21, 5
6, 2, 22, 5
7, 2, 16, 5
7, 2, 22, 5
8, 2, 26, 13
8, 2, 29, 13
9, 2, 17, 5
9, 2, 25, 5
10, 2, 15, 5
10, 2, 25, 5
11, 2, 19, 13
11, 2, 29, 13
12, 7, 18, 12
12, 7, 16, 10
12, 7, 20, 24
12, 7, 21, 10
12, 7, 3, 1
12, 7, 29, 12
12, 7, 22, 56
13, 7, 18, 12
13, 7, 17, 10
13, 7, 23, 24
13, 7, 24, 10
13, 7, 4, 1
13, 7, 29, 12
13, 7, 25, 56
14, 6, 19, 13
14, 6, 16, 10
14, 6, 20, 24
14, 6, 21, 5
14, 6, 29, 13
14, 6, 22, 54
15, 7, 19, 13
15, 7, 17, 10
15, 7, 23, 24
15, 7, 24, 5
15, 7, 10, 1
15, 7, 29, 13
15, 7, 25, 54
16, 5, 26, 13
16, 5, 21, 20
16, 5, 7, 1
16, 5, 29, 13
16, 5, 22, 45
17, 5, 26, 13
17, 5, 24, 20
17, 5, 9, 1
17, 5, 29, 13
17, 5, 25, 45
18, 8, 13, 4
18, 8, 12, 4
18, 8, 26, 26
18, 8, 27, 48
18, 8, 28, 26
18, 8, 29, 148
18, 8, 25, 4
18, 8, 22, 4
19, 9, 15, 5
19, 9, 14, 5
19, 9, 26, 26
19, 9, 27, 48
19, 9, 28, 13
19, 9, 11, 1
19, 9, 29, 139
19, 9, 25, 5
19, 9, 22, 5
20, 5, 27, 16
20, 5, 21, 15
20, 5, 2, 1
20, 5, 29, 16
20, 5, 22, 63
21, 4, 28, 13
21, 4, 6, 1
21, 4, 29, 13
21, 4, 22, 40
22, 5, 14, 15
22, 5, 12, 12
22, 5, 16, 25
22, 5, 20, 48
22, 5, 21, 40
23, 5, 27, 16
23, 5, 24, 15
23, 5, 0, 1
23, 5, 29, 16
23, 5, 25, 63
24, 4, 28, 13
24, 4, 30, 1
24, 4, 29, 13
24, 4, 25, 40
25, 5, 15, 15
25, 5, 13, 12
25, 5, 17, 25
25, 5, 23, 48
25, 5, 24, 40
26, 7, 17, 5
26, 7, 16, 5
26, 7, 28, 52
26, 7, 8, 1
26, 7, 29, 130
26, 7, 25, 5
26, 7, 22, 5
27, 7, 23, 8
27, 7, 20, 8
27, 7, 28, 39
27, 7, 1, 1
27, 7, 29, 151
27, 7, 25, 8
27, 7, 22, 8
28, 6, 24, 5
28, 6, 21, 5
28, 6, 5, 1
28, 6, 29, 117
28, 6, 25, 5
28, 6, 22, 5
29, 5, 19, 52
29, 5, 18, 48
29, 5, 26, 78
29, 5, 27, 112
29, 5, 28, 117
30, 2, 24, 5
30, 2, 25, 5
DTG
0, 1, 1, 0, 2
1, 1, 1, 0, 2
2, 1, 1, 0, 2
3, 1, 1, 0, 2
4, 1, 1, 0, 2
5, 1, 1, 0, 2
6, 1, 1, 0, 2
7, 1, 1, 0, 2
8, 1, 1, 0, 2
9, 1, 1, 0, 2
10, 1, 1, 0, 2
11, 1, 1, 0, 2
12, 4, 0, 1, 2
12, 4, 0, 1, 2
12, 4, 0, 1, 2
12, 4, 0, 1, 2
12, 8, 1, 0, 3
12, 8, 1, 0, 3
12, 8, 1, 0, 3
12, 8, 1, 0, 3
12, 8, 1, 0, 3
12, 8, 1, 0, 3
12, 8, 1, 0, 3
12, 8, 1, 0, 3
13, 4, 0, 1, 2
13, 4, 0, 1, 2
13, 4, 0, 1, 2
13, 4, 0, 1, 2
13, 8, 1, 0, 3
13, 8, 1, 0, 3
13, 8, 1, 0, 3
13, 8, 1, 0, 3
13, 8, 1, 0, 3
13, 8, 1, 0, 3
13, 8, 1, 0, 3
13, 8, 1, 0, 3
14, 5, 0, 1, 2
14, 5, 0, 1, 2
14, 5, 0, 1, 2
14, 5, 0, 1, 2
14, 5, 0, 1, 2
14, 5, 1, 0, 2
14, 5, 1, 0, 2
14, 5, 1, 0, 2
14, 5, 1, 0, 2
14, 5, 1, 0, 2
15, 5, 0, 1, 2
15, 5, 0, 1, 2
15, 5, 0, 1, 2
15, 5, 0, 1, 2
15, 5, 0, 1, 2
15, 10, 1, 0, 3
15, 10, 1, 0, 3
15, 10, 1, 0, 3
15, 10, 1, 0, 3
15, 10, 1, 0, 3
15, 10, 1, 0, 3
15, 10, 1, 0, 3
15, 10, 1, 0, 3
15, 10, 1, 0, 3
15, 10, 1, 0, 3
16, 5, 0, 1, 2
16, 5, 0, 1, 2
16, 5, 0, 1, 2
16, 5, 0, 1, 2
16, 5, 0, 1, 2
16, 15, 1, 0, 3
16, 15, 1, 0, 3
16, 15, 1, 0, 3
16, 15, 1, 0, 3
16, 15, 1, 0, 3
16, 15, 1, 0, 3
16, 15, 1, 0, 3
16, 15, 1, 0, 3
16, 15, 1, 0, 3
16, 15, 1, 0, 3
16, 15, 1, 0, 4
16, 15, 1, 0, 4
16, 15, 1, 0, 4
16, 15, 1, 0, 4
16, 15, 1, 0, 4
17, 5, 0, 1, 2
17, 5, 0, 1, 2
17, 5, 0, 1, 2
17, 5, 0, 1, 2
17, 5, 0, 1, 2
17, 15, 1, 0, 3
17, 15, 1, 0, 3
17, 15, 1, 0, 3
17, 15, 1, 0, 3
17, 15, 1, 0, 3
17, 15, 1, 0, 3
17, 15, 1, 0, 3
17, 15, 1, 0, 3
17, 15, 1, 0, 3
17, 15, 1, 0, 3
17, 15, 1, 0, 4
17, 15, 1, 0, 4
17, 15, 1, 0, 4
17, 15, 1, 0, 4
17, 15, 1, 0, 4
18, 12, 0, 1, 2
18, 12, 0, 1, 2
18, 12, 0, 1, 2
18, 12, 0, 1, 2
18, 12, 0, 1, 2
18, 12, 0, 1, 2
18, 12, 0, 1, 2
18, 12, 0, 1, 2
18, 12, 0, 1, 2
18, 12, 0, 1, 2
18, 12, 0, 1, 2
18, 12, 0, 1, 2
18, 24, 1, 0, 2
18, 24, 1, 0, 2
18, 24, 1, 0, 2
18, 24, 1, 0, 2
18, 24, 1, 0, 2
18, 24, 1, 0, 2
18, 24, 1, 0, 2
18, 24, 1, 0, 2
18, 24, 1, 0, 2
18, 24, 1, 0, 2
18, 24, 1, 0, 2
18, 24, 1, 0, 2
18, 24, 1, 0, 3
18, 24, 1, 0, 3
18, 24, 1, 0, 3
18, 24, 1, 0, 3
18, 24, 1, 0, 3
18, 24, 1, 0, 3
18, 24, 1, 0, 3
18, 24, 1, 0, 3
18, 24, 1, 0, 3
18, 24, 1, 0, 3
18, 24, 1, 0, 3
18, 24, 1, 0, 3
19, 13, 0, 1, 2
19, 13, 0, 1, 2
19, 13, 0, 1, 2
19, 13, 0, 1, 2
19, 13, 0, 1, 2
19, 13, 0, 1, 2
19, 13, 0, 1, 2
19, 13, 0, 1, 2
19, 13, 0, 1, 2
19, 13, 0, 1, 2
19, 13, 0, 1, 2
19, 13, 0, 1, 2
19, 13, 0, 1, 2
19, 39, 1, 0, 3
19, 39, 1, 0, 3
19, 39, 1, 0, 3
19, 39, 1, 0, 3
19, 39, 1, 0, 3
19, 39, 1, 0, 3
19, 39, 1, 0, 3
19, 39, 1, 0, 3
19, 39, 1, 0, 3
19, 39, 1, 0, 3
19, 39, 1, 0, 3
19, 39, 1, 0, 3
19, 39, 1, 0, 3
19, 39, 1, 0, 3
19, 39, 1, 0, 3
19, 39, 1, 0, 3
19, 39, 1, 0, 3
19, 39, 1, 0, 3
19, 39, 1, 0, 3
19, 39, 1, 0, 3
19, 39, 1, 0, 3
19, 39, 1, 0, 3
19, 39, 1, 0, 3
19, 39, 1, 0, 3
19, 39, 1, 0, 3
19, 39, 1, 0, 3
19, 39, 1, 0, 3
19, 39, 1, 0, 3
19, 39, 1, 0, 3
19, 39, 1, 0, 3
19, 39, 1, 0, 3
19, 39, 1, 0, 3
19, 39, 1, 0, 3
19, 39, 1, 0, 3
19, 39, 1, 0, 3
19, 39, 1, 0, 3
19, 39, 1, 0, 3
19, 39, 1, 0, 3
19, 39, 1, 0, 3
20, 8, 0, 1, 2
20, 8, 0, 1, 2
20, 8, 0, 1, 2
20, 8, 0, 1, 2
20, 8, 0, 1, 2
20, 8, 0, 1, 2
20, 8, 0, 1, 2
20, 8, 0, 1, 2
20, 24, 1, 0, 3
20, 24, 1, 0, 3
20, 24, 1, 0, 3
20, 24, 1, 0, 3
20, 24, 1, 0, 3
20, 24, 1, 0, 3
20, 24, 1, 0, 3
20, 24, 1, 0, 3
20, 24, 1, 0, 3
20, 24, 1, 0, 3
20, 24, 1, 0, 3
20, 24, 1, 0, 3
20, 24, 1, 0, 3
20, 24, 1, 0, 3
20, 24, 1, 0, 3
20, 24, 1, 0, 3
20, 24, 1, 0, 4
20, 24, 1, 0, 4
20, 24, 1, 0, 4
20, 24, 1, 0, 4
20, 24, 1, 0, 4
20, 24, 1, 0, 4
20, 24, 1, 0, 4
20, 24, 1, 0, 4
21, 5, 0, 1, 2
21, 5, 0, 1, 2
21, 5, 0, 1, 2
21, 5, 0, 1, 2
21, 5, 0, 1, 2
21, 30, 1, 0, 3
21, 30, 1, 0, 3
21, 30, 1, 0, 3
21, 30, 1, 0, 3
21, 30, 1, 0, 3
21, 30, 1, 0, 3
21, 30, 1, 0, 3
21, 30, 1, 0, 3
21, 30, 1, 0, 3
21, 30, 1, 0, 3
21, 30, 1, 0, 4
21, 30, 1, 0, 4
21, 30, 1, 0, 4
21, 30, 1, 0, 4
21, 30, 1, 0, 4
21, 30, 1, 0, 4
21, 30, 1, 0, 4
21, 30, 1, 0, 4
21, 30, 1, 0, 4
21, 30, 1, 0, 4
21, 30, 1, 0, 4
21, 30, 1, 0, 4
21, 30, 1, 0, 4
21, 30, 1, 0, 4
21, 30, 1, 0, 4
21, 30, 1, 0, 4
21, 30, 1, 0, 4
21, 30, 1, 0, 4
21, 30, 1, 0, 4
21, 30, 1, 0, 4
22, 15, 0, 1, 3
22, 15, 0, 1, 3
22, 15, 0, 1, 4
22, 15, 0, 4, 2
22, 15, 0, 4, 3
22, 15, 0, 4, 3
22, 15, 0, 4, 3
22, 15, 0, 4, 3
22, 15, 0, 4, 4
22, 15, 0, 4, 4
22, 15, 0, 4, 4
22, 15, 0, 4, 4
22, 15, 0, 4, 4
22, 15, 0, 5, 3
22, 15, 0, 5, 3
22, 16, 1, 0, 2
22, 16, 1, 2, 3
22, 16, 1, 2, 3
22, 16, 1, 2, 4
22, 16, 1, 5, 2
22, 16, 1, 5, 3
22, 16, 1, 5, 3
22, 16, 1, 5, 3
22, 16, 1, 5, 3
22, 16, 1, 5, 4
22, 16, 1, 5, 4
22, 16, 1, 5, 4
22, 16, 1, 5, 4
22, 16, 1, 5, 4
22, 16, 1, 6, 3
22, 16, 1, 6, 3
22, 16, 2, 1, 2
22, 16, 2, 3, 3
22, 16, 2, 3, 3
22, 16, 2, 3, 4
22, 16, 2, 6, 2
22, 16, 2, 6, 3
22, 16, 2, 6, 3
22, 16, 2, 6, 3
22, 16, 2, 6, 3
22, 16, 2, 6, 4
22, 16, 2, 6, 4
22, 16, 2, 6, 4
22, 16, 2, 6, 4
22, 16, 2, 6, 4
22, 16, 2, 7, 3
22, 16, 2, 7, 3
22, 16, 3, 2, 2
22, 16, 3, 4, 3
22, 16, 3, 4, 3
22, 16, 3, 4, 4
22, 16, 3, 7, 2
22, 16, 3, 7, 3
22, 16, 3, 7, 3
22, 16, 3, 7, 3
22, 16, 3, 7, 3
22, 16, 3, 7, 4
22, 16, 3, 7, 4
22, 16, 3, 7, 4
22, 16, 3, 7, 4
22, 16, 3, 7, 4
22, 16, 3, 8, 3
22, 16, 3, 8, 3
22, 17, 4, 0, 2
22, 17, 4, 0, 2
22, 17, 4, 0, 2
22, 17, 4, 3, 2
22, 17, 4, 5, 3
22, 17, 4, 5, 3
22, 17, 4, 5, 4
22, 17, 4, 8, 2
22, 17, 4, 8, 3
22, 17, 4, 8, 3
22, 17, 4, 8, 3
22, 17, 4, 8, 3
22, 17, 4, 8, 4
22, 17, 4, 8, 4
22, 17, 4, 8, 4
22, 17, 4, 8, 4
22, 17, 4, 8, 4
22, 8, 5, 0, 2
22, 8, 5, 1, 2
22, 8, 5, 1, 2
22, 8, 5, 1, 2
22, 8, 5, 4, 2
22, 8, 5, 6, 3
22, 8, 5, 6, 3
22, 8, 5, 6, 4
22, 8, 6, 1, 2
22, 8, 6, 2, 2
22, 8, 6, 2, 2
22, 8, 6, 2, 2
22, 8, 6, 5, 2
22, 8, 6, 7, 3
22, 8, 6, 7, 3
22, 8, 6, 7, 4
22, 8, 7, 2, 2
22, 8, 7, 3, 2
22, 8, 7, 3, 2
22, 8, 7, 3, 2
22, 8, 7, 6, 2
22, 8, 7, 8, 3
22, 8, 7, 8, 3
22, 8, 7, 8, 4
22, 5, 8, 3, 2
22, 5, 8, 4, 2
22, 5, 8, 4, 2
22, 5, 8, 4, 2
22, 5, 8, 7, 2
23, 8, 0, 1, 2
23, 8, 0, 1, 2
23, 8, 0, 1, 2
23, 8, 0, 1, 2
23, 8, 0, 1, 2
23, 8, 0, 1, 2
23, 8, 0, 1, 2
23, 8, 0, 1, 2
23, 24, 1, 0, 3
23, 24, 1, 0, 3
23, 24, 1, 0, 3
23, 24, 1, 0, 3
23, 24, 1, 0, 3
23, 24, 1, 0, 3
23, 24, 1, 0, 3
23, 24, 1, 0, 3
23, 24, 1, 0, 3
23, 24, 1, 0, 3
23, 24, 1, 0, 3
23, 24, 1, 0, 3
23, 24, 1, 0, 3
23, 24, 1, 0, 3
23, 24, 1, 0, 3
23, 24, 1, 0, 3
23, 24, 1, 0, 4
23, 24, 1, 0, 4
23, 24, 1, 0, 4
23, 24, 1, 0, 4
23, 24, 1, 0, 4
23, 24, 1, 0, 4
23, 24, 1, 0, 4
23, 24, 1, 0, 4
24, 5, 0, 1, 2
24, 5, 0, 1, 2
24, 5, 0, 1, 2
24, 5, 0, 1, 2
24, 5, 0, 1, 2
24, 30, 1, 0, 3
24, 30, 1, 0, 3
24, 30, 1, 0, 3
24, 30, 1, 0, 3
24, 30, 1, 0, 3
24, 30, 1, 0, 3
24, 30, 1, 0, 3
24, 30, 1, 0, 3
24, 30, 1, 0, 3
24, 30, 1, 0, 3
24, 30, 1, 0, 4
24, 30, 1, 0, 4
24, 30, 1, 0, 4
24, 30, 1, 0, 4
24, 30, 1, 0, 4
24, 30, 1, 0, 4
24, 30, 1, 0, 4
24, 30, 1, 0, 4
24, 30, 1, 0, 4
24, 30, 1, 0, 4
24, 30, 1, 0, 4
24, 30, 1, 0, 4
24, 30, 1, 0, 4
24, 30, 1, 0, 4
24, 30, 1, 0, 4
24, 30, 1, 0, 4
24, 30, 1, 0, 4
24, 30, 1, 0, 4
24, 30, 1, 0, 4
24, 30, 1, 0, 4
25, 16, 0, 1, 3
25, 16, 0, 1, 3
25, 16, 0, 1, 4
25, 16, 0, 4, 3
25, 16, 0, 4, 3
25, 16, 0, 4, 3
25, 16, 0, 4, 3
25, 16, 0, 4, 3
25, 16, 0, 4, 3
25, 16, 0, 4, 4
25, 16, 0, 4, 4
25, 16, 0, 4, 4
25, 16, 0, 4, 4
25, 16, 0, 4, 4
25, 16, 0, 5, 3
25, 16, 0, 5, 3
25, 17, 1, 0, 2
25, 17, 1, 2, 3
25, 17, 1, 2, 3
25, 17, 1, 2, 4
25, 17, 1, 5, 3
25, 17, 1, 5, 3
25, 17, 1, 5, 3
25, 17, 1, 5, 3
25, 17, 1, 5, 3
25, 17, 1, 5, 3
25, 17, 1, 5, 4
25, 17, 1, 5, 4
25, 17, 1, 5, 4
25, 17, 1, 5, 4
25, 17, 1, 5, 4
25, 17, 1, 6, 3
25, 17, 1, 6, 3
25, 17, 2, 1, 2
25, 17, 2, 3, 3
25, 17, 2, 3, 3
25, 17, 2, 3, 4
25, 17, 2, 6, 3
25, 17, 2, 6, 3
25, 17, 2, 6, 3
25, 17, 2, 6, 3
25, 17, 2, 6, 3
25, 17, 2, 6, 3
25, 17, 2, 6, 4
25, 17, 2, 6, 4
25, 17, 2, 6, 4
25, 17, 2, 6, 4
25, 17, 2, 6, 4
25, 17, 2, 7, 3
25, 17, 2, 7, 3
25, 17, 3, 2, 2
25, 17, 3, 4, 3
25, 17, 3, 4, 3
25, 17, 3, 4, 4
25, 17, 3, 7, 3
25, 17, 3, 7, 3
25, 17, 3, 7, 3
25, 17, 3, 7, 3
25, 17, 3, 7, 3
25, 17, 3, 7, 3
25, 17, 3, 7, 4
25, 17, 3, 7, 4
25, 17, 3, 7, 4
25, 17, 3, 7, 4
25, 17, 3, 7, 4
25, 17, 3, 8, 3
25, 17, 3, 8, 3
25, 18, 4, 0, 2
25, 18, 4, 0, 2
25, 18, 4, 0, 2
25, 18, 4, 3, 2
25, 18, 4, 5, 3
25, 18, 4, 5, 3
25, 18, 4, 5, 4
25, 18, 4, 8, 3
25, 18, 4, 8, 3
25, 18, 4, 8, 3
25, 18, 4, 8, 3
25, 18, 4, 8, 3
25, 18, 4, 8, 3
25, 18, 4, 8, 4
25, 18, 4, 8, 4
25, 18, 4, 8, 4
25, 18, 4, 8, 4
25, 18, 4, 8, 4
25, 8, 5, 0, 2
25, 8, 5, 1, 2
25, 8, 5, 1, 2
25, 8, 5, 1, 2
25, 8, 5, 4, 2
25, 8, 5, 6, 3
25, 8, 5, 6, 3
25, 8, 5, 6, 4
25, 8, 6, 1, 2
25, 8, 6, 2, 2
25, 8, 6, 2, 2
25, 8, 6, 2, 2
25, 8, 6, 5, 2
25, 8, 6, 7, 3
25, 8, 6, 7, 3
25, 8, 6, 7, 4
25, 8, 7, 2, 2
25, 8, 7, 3, 2
25, 8, 7, 3, 2
25, 8, 7, 3, 2
25, 8, 7, 6, 2
25, 8, 7, 8, 3
25, 8, 7, 8, 3
25, 8, 7, 8, 4
25, 5, 8, 3, 2
25, 5, 8, 4, 2
25, 5, 8, 4, 2
25, 5, 8, 4, 2
25, 5, 8, 7, 2
26, 13, 0, 1, 2
26, 13, 0, 1, 2
26, 13, 0, 1, 2
26, 13, 0, 1, 2
26, 13, 0, 1, 2
26, 13, 0, 1, 2
26, 13, 0, 1, 2
26, 13, 0, 1, 2
26, 13, 0, 1, 2
26, 13, 0, 1, 2
26, 13, 0, 1, 2
26, 13, 0, 1, 2
26, 13, 0, 1, 2
26, 52, 1, 0, 3
26, 52, 1, 0, 3
26, 52, 1, 0, 3
26, 52, 1, 0, 3
26, 52, 1, 0, 3
26, 52, 1, 0, 3
26, 52, 1, 0, 3
26, 52, 1, 0, 3
26, 52, 1, 0, 3
26, 52, 1, 0, 3
26, 52, 1, 0, 3
26, 52, 1, 0, 3
26, 52, 1, 0, 3
26, 52, 1, 0, 3
26, 52, 1, 0, 3
26, 52, 1, 0, 3
26, 52, 1, 0, 3
26, 52, 1, 0, 3
26, 52, 1, 0, 3
26, 52, 1, 0, 3
26, 52, 1, 0, 3
26, 52, 1, 0, 3
26, 52, 1, 0, 3
26, 52, 1, 0, 3
26, 52, 1, 0, 3
26, 52, 1, 0, 3
26, 52, 1, 0, 3
26, 52, 1, 0, 3
26, 52, 1, 0, 3
26, 52, 1, 0, 3
26, 52, 1, 0, 3
26, 52, 1, 0, 3
26, 52, 1, 0, 3
26, 52, 1, 0, 3
26, 52, 1, 0, 3
26, 52, 1, 0, 3
26, 52, 1, 0, 3
26, 52, 1, 0, 3
26, 52, 1, 0, 3
26, 52, 1, 0, 4
26, 52, 1, 0, 4
26, 52, 1, 0, 4
26, 52, 1, 0, 4
26, 52, 1, 0, 4
26, 52, 1, 0, 4
26, 52, 1, 0, 4
26, 52, 1, 0, 4
26, 52, 1, 0, 4
26, 52, 1, 0, 4
26, 52, 1, 0, 4
26, 52, 1, 0, 4
26, 52, 1, 0, 4
27, 16, 0, 1, 2
27, 16, 0, 1, 2
27, 16, 0, 1, 2
27, 16, 0, 1, 2
27, 16, 0, 1, 2
27, 16, 0, 1, 2
27, 16, 0, 1, 2
27, 16, 0, 1, 2
27, 16, 0, 1, 2
27, 16, 0, 1, 2
27, 16, 0, 1, 2
27, 16, 0, 1, 2
27, 16, 0, 1, 2
27, 16, 0, 1, 2
27, 16, 0, 1, 2
27, 16, 0, 1, 2
27, 64, 1, 0, 3
27, 64, 1, 0, 3
27, 64, 1, 0, 3
27, 64, 1, 0, 3
27, 64, 1, 0, 3
27, 64, 1, 0, 3
27, 64, 1, 0, 3
27, 64, 1, 0, 3
27, 64, 1, 0, 3
27, 64, 1, 0, 3
27, 64, 1, 0, 3
27, 64, 1, 0, 3
27, 64, 1, 0, 3
27, 64, 1, 0, 3
27, 64, 1, 0, 3
27, 64, 1, 0, 3
27, 64, 1, 0, 3
27, 64, 1, 0, 3
27, 64, 1, 0, 3
27, 64, 1, 0, 3
27, 64, 1, 0, 3
27, 64, 1, 0, 3
27, 64, 1, 0, 3
27, 64, 1, 0, 3
27, 64, 1, 0, 3
27, 64, 1, 0, 3
27, 64, 1, 0, 3
27, 64, 1, 0, 3
27, 64, 1, 0, 3
27, 64, 1, 0, 3
27, 64, 1, 0, 3
27, 64, 1, 0, 3
27, 64, 1, 0, 3
27, 64, 1, 0, 3
27, 64, 1, 0, 3
27, 64, 1, 0, 3
27, 64, 1, 0, 3
27, 64, 1, 0, 3
27, 64, 1, 0, 3
27, 64, 1, 0, 3
27, 64, 1, 0, 3
27, 64, 1, 0, 3
27, 64, 1, 0, 3
27, 64, 1, 0, 3
27, 64, 1, 0, 3
27, 64, 1, 0, 3
27, 64, 1, 0, 3
27, 64, 1, 0, 3
27, 64, 1, 0, 4
27, 64, 1, 0, 4
27, 64, 1, 0, 4
27, 64, 1, 0, 4
27, 64, 1, 0, 4
27, 64, 1, 0, 4
27, 64, 1, 0, 4
27, 64, 1, 0, 4
27, 64, 1, 0, 4
27, 64, 1, 0, 4
27, 64, 1, 0, 4
27, 64, 1, 0, 4
27, 64, 1, 0, 4
27, 64, 1, 0, 4
27, 64, 1, 0, 4
27, 64, 1, 0, 4
28, 13, 0, 1, 2
28, 13, 0, 1, 2
28, 13, 0, 1, 2
28, 13, 0, 1, 2
28, 13, 0, 1, 2
28, 13, 0, 1, 2
28, 13, 0, 1, 2
28, 13, 0, 1, 2
28, 13, 0, 1, 2
28, 13, 0, 1, 2
28, 13, 0, 1, 2
28, 13, 0, 1, 2
28, 13, 0, 1, 2
28, 91, 1, 0, 3
28, 91, 1, 0, 3
28, 91, 1, 0, 3
28, 91, 1, 0, 3
28, 91, 1, 0, 3
28, 91, 1, 0, 3
28, 91, 1, 0, 3
28, 91, 1, 0, 3
28, 91, 1, 0, 3
28, 91, 1, 0, 3
28, 91, 1, 0, 3
28, 91, 1, 0, 3
28, 91, 1, 0, 3
28, 91, 1, 0, 3
28, 91, 1, 0, 3
28, 91, 1, 0, 3
28, 91, 1, 0, 3
28, 91, 1, 0, 3
28, 91, 1, 0, 3
28, 91, 1, 0, 3
28, 91, 1, 0, 3
28, 91, 1, 0, 3
28, 91, 1, 0, 3
28, 91, 1, 0, 3
28, 91, 1, 0, 3
28, 91, 1, 0, 3
28, 91, 1, 0, 3
28, 91, 1, 0, 3
28, 91, 1, 0, 3
28, 91, 1, 0, 3
28, 91, 1, 0, 3
28, 91, 1, 0, 3
28, 91, 1, 0, 3
28, 91, 1, 0, 3
28, 91, 1, 0, 3
28, 91, 1, 0, 3
28, 91, 1, 0, 3
28, 91, 1, 0, 3
28, 91, 1, 0, 3
28, 91, 1, 0, 4
28, 91, 1, 0, 4
28, 91, 1, 0, 4
28, 91, 1, 0, 4
28, 91, 1, 0, 4
28, 91, 1, 0, 4
28, 91, 1, 0, 4
28, 91, 1, 0, 4
28, 91, 1, 0, 4
28, 91, 1, 0, 4
28, 91, 1, 0, 4
28, 91, 1, 0, 4
28, 91, 1, 0, 4
28, 91, 1, 0, 4
28, 91, 1, 0, 4
28, 91, 1, 0, 4
28, 91, 1, 0, 4
28, 91, 1, 0, 4
28, 91, 1, 0, 4
28, 91, 1, 0, 4
28, 91, 1, 0, 4
28, 91, 1, 0, 4
28, 91, 1, 0, 4
28, 91, 1, 0, 4
28, 91, 1, 0, 4
28, 91, 1, 0, 4
28, 91, 1, 0, 4
28, 91, 1, 0, 4
28, 91, 1, 0, 4
28, 91, 1, 0, 4
28, 91, 1, 0, 4
28, 91, 1, 0, 4
28, 91, 1, 0, 4
28, 91, 1, 0, 4
28, 91, 1, 0, 4
28, 91, 1, 0, 4
28, 91, 1, 0, 4
28, 91, 1, 0, 4
28, 91, 1, 0, 4
28, 91, 1, 0, 4
28, 91, 1, 0, 4
28, 91, 1, 0, 4
28, 91, 1, 0, 4
28, 91, 1, 0, 4
28, 91, 1, 0, 4
28, 91, 1, 0, 4
28, 91, 1, 0, 4
28, 91, 1, 0, 4
28, 91, 1, 0, 4
28, 91, 1, 0, 4
28, 91, 1, 0, 4
28, 91, 1, 0, 4
29, 20, 0, 1, 3
29, 20, 0, 1, 3
29, 20, 0, 1, 3
29, 20, 0, 1, 4
29, 20, 0, 11, 3
29, 20, 0, 11, 3
29, 20, 0, 11, 3
29, 20, 0, 11, 3
29, 20, 0, 11, 3
29, 20, 0, 11, 3
29, 20, 0, 11, 3
29, 20, 0, 11, 3
29, 20, 0, 11, 3
29, 20, 0, 11, 4
29, 20, 0, 11, 4
29, 20, 0, 11, 4
29, 20, 0, 11, 4
29, 20, 0, 11, 4
29, 20, 0, 12, 2
29, 20, 0, 12, 3
29, 21, 1, 0, 2
29, 21, 1, 9, 3
29, 21, 1, 9, 3
29, 21, 1, 9, 3
29, 21, 1, 9, 4
29, 21, 1, 12, 3
29, 21, 1, 12, 3
29, 21, 1, 12, 3
29, 21, 1, 12, 3
29, 21, 1, 12, 3
29, 21, 1, 12, 3
29, 21, 1, 12, 3
29, 21, 1, 12, 3
29, 21, 1, 12, 3
29, 21, 1, 12, 4
29, 21, 1, 12, 4
29, 21, 1, 12, 4
29, 21, 1, 12, 4
29, 21, 1, 12, 4
29, 21, 1, 13, 2
29, 21, 1, 13, 3
29, 25, 2, 3, 3
29, 25, 2, 3, 3
29, 25, 2, 3, 3
29, 25, 2, 3, 4
29, 25, 2, 6, 3
29, 25, 2, 6, 3
29, 25, 2, 6, 3
29, 25, 2, 6, 3
29, 25, 2, 6, 3
29, 25, 2, 6, 3
29, 25, 2, 6, 3
29, 25, 2, 6, 3
29, 25, 2, 6, 3
29, 25, 2, 6, 4
29, 25, 2, 6, 4
29, 25, 2, 6, 4
29, 25, 2, 6, 4
29, 25, 2, 6, 4
29, 25, 2, 7, 2
29, 25, 2, 7, 3
29, 25, 2, 12, 2
29, 25, 2, 13, 2
29, 25, 2, 13, 2
29, 25, 2, 13, 2
29, 25, 2, 16, 2
29, 25, 3, 2, 2
29, 25, 3, 4, 3
29, 25, 3, 4, 3
29, 25, 3, 4, 3
29, 25, 3, 4, 4
29, 25, 3, 7, 3
29, 25, 3, 7, 3
29, 25, 3, 7, 3
29, 25, 3, 7, 3
29, 25, 3, 7, 3
29, 25, 3, 7, 3
29, 25, 3, 7, 3
29, 25, 3, 7, 3
29, 25, 3, 7, 3
29, 25, 3, 7, 4
29, 25, 3, 7, 4
29, 25, 3, 7, 4
29, 25, 3, 7, 4
29, 25, 3, 7, 4
29, 25, 3, 8, 2
29, 25, 3, 8, 3
29, 25, 3, 13, 2
29, 25, 3, 14, 2
29, 25, 3, 14, 2
29, 25, 3, 14, 2
29, 23, 4, 3, 2
29, 23, 4, 5, 3
29, 23, 4, 5, 3
29, 23, 4, 5, 3
29, 23, 4, 5, 4
29, 23, 4, 8, 3
29, 23, 4, 8, 3
29, 23, 4, 8, 3
29, 23, 4, 8, 3
29, 23, 4, 8, 3
29, 23, 4, 8, 3
29, 23, 4, 8, 3
29, 23, 4, 8, 3
29, 23, 4, 8, 3
29, 23, 4, 8, 4
29, 23, 4, 8, 4
29, 23, 4, 8, 4
29, 23, 4, 8, 4
29, 23, 4, 8, 4
29, 23, 4, 14, 2
29, 23, 4, 15, 2
29, 23, 4, 15, 2
29, 23, 4, 15, 2
29, 9, 5, 4, 2
29, 9, 5, 6, 3
29, 9, 5, 6, 3
29, 9, 5, 6, 3
29, 9, 5, 6, 4
29, 9, 5, 15, 2
29, 9, 5, 16, 2
29, 9, 5, 16, 2
29, 9, 5, 16, 2
29, 9, 6, 2, 2
29, 9, 6, 2, 2
29, 9, 6, 2, 2
29, 9, 6, 5, 2
29, 9, 6, 7, 3
29, 9, 6, 7, 3
29, 9, 6, 7, 3
29, 9, 6, 7, 4
29, 9, 6, 16, 2
29, 9, 7, 2, 2
29, 9, 7, 3, 2
29, 9, 7, 3, 2
29, 9, 7, 3, 2
29, 9, 7, 6, 2
29, 9, 7, 8, 3
29, 9, 7, 8, 3
29, 9, 7, 8, 3
29, 9, 7, 8, 4
29, 5, 8, 3, 2
29, 5, 8, 4, 2
29, 5, 8, 4, 2
29, 5, 8, 4, 2
29, 5, 8, 7, 2
29, 21, 9, 1, 2
29, 21, 9, 10, 3
29, 21, 9, 10, 3
29, 21, 9, 10, 3
29, 21, 9, 10, 4
29, 21, 9, 13, 3
29, 21, 9, 13, 3
29, 21, 9, 13, 3
29, 21, 9, 13, 3
29, 21, 9, 13, 3
29, 21, 9, 13, 3
29, 21, 9, 13, 3
29, 21, 9, 13, 3
29, 21, 9, 13, 3
29, 21, 9, 13, 4
29, 21, 9, 13, 4
29, 21, 9, 13, 4
29, 21, 9, 13, 4
29, 21, 9, 13, 4
29, 21, 9, 14, 2
29, 21, 9, 14, 3
29, 21, 10, 9, 2
29, 21, 10, 11, 3
29, 21, 10, 11, 3
29, 21, 10, 11, 3
29, 21, 10, 11, 4
29, 21, 10, 14, 3
29, 21, 10, 14, 3
29, 21, 10, 14, 3
29, 21, 10, 14, 3
29, 21, 10, 14, 3
29, 21, 10, 14, 3
29, 21, 10, 14, 3
29, 21, 10, 14, 3
29, 21, 10, 14, 3
29, 21, 10, 14, 4
29, 21, 10, 14, 4
29, 21, 10, 14, 4
29, 21, 10, 14, 4
29, 21, 10, 14, 4
29, 21, 10, 15, 2
29, 21, 10, 15, 3
29, 24, 11, 0, 2
29, 24, 11, 0, 2
29, 24, 11, 0, 2
29, 24, 11, 10, 2
29, 24, 11, 12, 3
29, 24, 11, 12, 3
29, 24, 11, 12, 3
29, 24, 11, 12, 4
29, 24, 11, 15, 3
29, 24, 11, 15, 3
29, 24, 11, 15, 3
29, 24, 11, 15, 3
29, 24, 11, 15, 3
29, 24, 11, 15, 3
29, 24, 11, 15, 3
29, 24, 11, 15, 3
29, 24, 11, 15, 3
29, 24, 11, 15, 4
29, 24, 11, 15, 4
29, 24, 11, 15, 4
29, 24, 11, 15, 4
29, 24, 11, 15, 4
29, 24, 11, 16, 2
29, 24, 11, 16, 3
29, 25, 12, 0, 2
29, 25, 12, 1, 2
29, 25, 12, 1, 2
29, 25, 12, 1, 2
29, 25, 12, 2, 2
29, 25, 12, 2, 3
29, 25, 12, 11, 2
29, 25, 12, 13, 3
29, 25, 12, 13, 3
29, 25, 12, 13, 3
29, 25, 12, 13, 4
29, 25, 12, 16, 3
29, 25, 12, 16, 3
29, 25, 12, 16, 3
29, 25, 12, 16, 3
29, 25, 12, 16, 3
29, 25, 12, 16, 3
29, 25, 12, 16, 3
29, 25, 12, 16, 3
29, 25, 12, 16, 3
29, 25, 12, 16, 4
29, 25, 12, 16, 4
29, 25, 12, 16, 4
29, 25, 12, 16, 4
29, 25, 12, 16, 4
29, 25, 13, 1, 2
29, 25, 13, 2, 3
29, 25, 13, 2, 3
29, 25, 13, 2, 3
29, 25, 13, 2, 3
29, 25, 13, 2, 3
29, 25, 13, 2, 3
29, 25, 13, 2, 3
29, 25, 13, 2, 3
29, 25, 13, 2, 3
29, 25, 13, 2, 4
29, 25, 13, 2, 4
29, 25, 13, 2, 4
29, 25, 13, 2, 4
29, 25, 13, 2, 4
29, 25, 13, 3, 2
29, 25, 13, 3, 3
29, 25, 13, 9, 2
29, 25, 13, 9, 2
29, 25, 13, 9, 2
29, 25, 13, 12, 2
29, 25, 13, 14, 3
29, 25, 13, 14, 3
29, 25, 13, 14, 3
29, 25, 13, 14, 4
29, 25, 14, 3, 3
29, 25, 14, 3, 3
29, 25, 14, 3, 3
29, 25, 14, 3, 3
29, 25, 14, 3, 3
29, 25, 14, 3, 3
29, 25, 14, 3, 3
29, 25, 14, 3, 3
29, 25, 14, 3, 3
29, 25, 14, 3, 4
29, 25, 14, 3, 4
29, 25, 14, 3, 4
29, 25, 14, 3, 4
29, 25, 14, 3, 4
29, 25, 14, 4, 2
29, 25, 14, 4, 3
29, 25, 14, 9, 2
29, 25, 14, 10, 2
29, 25, 14, 10, 2
29, 25, 14, 10, 2
29, 25, 14, 13, 2
29, 25, 14, 15, 3
29, 25, 14, 15, 3
29, 25, 14, 15, 3
29, 25, 14, 15, 4
29, 25, 15, 4, 3
29, 25, 15, 4, 3
29, 25, 15, 4, 3
29, 25, 15, 4, 3
29, 25, 15, 4, 3
29, 25, 15, 4, 3
29, 25, 15, 4, 3
29, 25, 15, 4, 3
29, 25, 15, 4, 3
29, 25, 15, 4, 4
29, 25, 15, 4, 4
29, 25, 15, 4, 4
29, 25, 15, 4, 4
29, 25, 15, 4, 4
29, 25, 15, 5, 2
29, 25, 15, 5, 3
29, 25, 15, 10, 2
29, 25, 15, 11, 2
29, 25, 15, 11, 2
29, 25, 15, 11, 2
29, 25, 15, 14, 2
29, 25, 15, 16, 3
29, 25, 15, 16, 3
29, 25, 15, 16, 3
29, 25, 15, 16, 4
29, 25, 16, 2, 3
29, 25, 16, 2, 3
29, 25, 16, 2, 3
29, 25, 16, 2, 4
29, 25, 16, 5, 3
29, 25, 16, 5, 3
29, 25, 16, 5, 3
29, 25, 16, 5, 3
29, 25, 16, 5, 3
29, 25, 16, 5, 3
29, 25, 16, 5, 3
29, 25, 16, 5, 3
29, 25, 16, 5, 3
29, 25, 16, 5, 4
29, 25, 16, 5, 4
29, 25, 16, 5, 4
29, 25, 16, 5, 4
29, 25, 16, 5, 4
29, 25, 16, 6, 2
29, 25, 16, 6, 3
29, 25, 16, 11, 2
29, 25, 16, 12, 2
29, 25, 16, 12, 2
29, 25, 16, 12, 2
29, 25, 16, 15, 2
30, 1, 1, 0, 2
Goal
30
