CG
13
0, 12, 12, 288
0, 12, 1, 12
0, 12, 6, 30
0, 12, 2, 20
0, 12, 10, 32
0, 12, 8, 30
0, 12, 4, 22
0, 12, 11, 40
0, 12, 9, 30
0, 12, 3, 20
0, 12, 7, 30
0, 12, 5, 20
1, 3, 0, 36
1, 3, 12, 22
1, 3, 6, 10
2, 4, 0, 64
2, 4, 12, 40
2, 4, 6, 10
2, 4, 8, 10
3, 4, 0, 64
3, 4, 12, 40
3, 4, 4, 10
3, 4, 7, 10
4, 4, 0, 68
4, 4, 12, 42
4, 4, 11, 10
4, 4, 3, 10
5, 4, 0, 64
5, 4, 12, 40
5, 4, 9, 10
5, 4, 7, 10
6, 5, 0, 96
6, 5, 12, 60
6, 5, 1, 10
6, 5, 2, 10
6, 5, 10, 10
7, 5, 0, 96
7, 5, 12, 60
7, 5, 11, 10
7, 5, 3, 10
7, 5, 5, 10
8, 5, 0, 96
8, 5, 12, 60
8, 5, 2, 10
8, 5, 10, 10
8, 5, 9, 10
9, 5, 0, 96
9, 5, 12, 60
9, 5, 8, 10
9, 5, 11, 10
9, 5, 5, 10
10, 5, 0, 100
10, 5, 12, 62
10, 5, 6, 10
10, 5, 8, 10
10, 5, 11, 10
11, 6, 0, 128
11, 6, 12, 80
11, 6, 10, 10
11, 6, 4, 10
11, 6, 9, 10
11, 6, 7, 10
12, 11, 1, 12
12, 11, 6, 30
12, 11, 2, 20
12, 11, 10, 32
12, 11, 8, 30
12, 11, 4, 22
12, 11, 11, 40
12, 11, 9, 30
12, 11, 3, 20
12, 11, 7, 30
12, 11, 5, 20
DTG
0, 18, 0, 1, 3
0, 18, 0, 1, 3
0, 18, 0, 1, 3
0, 18, 0, 1, 3
0, 18, 0, 1, 3
0, 18, 0, 1, 3
0, 18, 0, 1, 3
0, 18, 0, 1, 3
0, 18, 0, 1, 3
0, 18, 0, 1, 3
0, 18, 0, 1, 3
0, 18, 0, 1, 3
0, 18, 0, 1, 3
0, 18, 0, 1, 3
0, 18, 0, 1, 3
0, 18, 0, 1, 3
0, 18, 0, 3, 2
0, 18, 0, 3, 2
0, 48, 1, 0, 3
0, 48, 1, 0, 3
0, 48, 1, 0, 3
0, 48, 1, 0, 3
0, 48, 1, 0, 3
0, 48, 1, 0, 3
0, 48, 1, 0, 3
0, 48, 1, 0, 3
0, 48, 1, 0, 3
0, 48, 1, 0, 3
0, 48, 1, 0, 3
0, 48, 1, 0, 3
0, 48, 1, 0, 3
0, 48, 1, 0, 3
0, 48, 1, 0, 3
0, 48, 1, 0, 3
0, 48, 1, 2, 3
0, 48, 1, 2, 3
0, 48, 1, 2, 3
0, 48, 1, 2, 3
0, 48, 1, 2, 3
0, 48, 1, 2, 3
0, 48, 1, 2, 3
0, 48, 1, 2, 3
0, 48, 1, 2, 3
0, 48, 1, 2, 3
0, 48, 1, 2, 3
0, 48, 1, 2, 3
0, 48, 1, 2, 3
0, 48, 1, 2, 3
0, 48, 1, 2, 3
0, 48, 1, 2, 3
0, 48, 1, 4, 3
0, 48, 1, 4, 3
0, 48, 1, 4, 3
0, 48, 1, 4, 3
0, 48, 1, 4, 3
0, 48, 1, 4, 3
0, 48, 1, 4, 3
0, 48, 1, 4, 3
0, 48, 1, 4, 3
0, 48, 1, 4, 3
0, 48, 1, 4, 3
0, 48, 1, 4, 3
0, 48, 1, 4, 3
0, 48, 1, 4, 3
0, 48, 1, 4, 3
0, 48, 1, 4, 3
0, 32, 2, 1, 3
0, 32, 2, 1, 3
0, 32, 2, 1, 3
0, 32, 2, 1, 3
0, 32, 2, 1, 3
0, 32, 2, 1, 3
0, 32, 2, 1, 3
0, 32, 2, 1, 3
0, 32, 2, 1, 3
0, 32, 2, 1, 3
0, 32, 2, 1, 3
0, 32, 2, 1, 3
0, 32, 2, 1, 3
0, 32, 2, 1, 3
0, 32, 2, 1, 3
0, 32, 2, 1, 3
0, 32, 2, 5, 3
0, 32, 2, 5, 3
0, 32, 2, 5, 3
0, 32, 2, 5, 3
0, 32, 2, 5, 3
0, 32, 2, 5, 3
0, 32, 2, 5, 3
0, 32, 2, 5, 3
0, 32, 2, 5, 3
0, 32, 2, 5, 3
0, 32, 2, 5, 3
0, 32, 2, 5, 3
0, 32, 2, 5, 3
0, 32, 2, 5, 3
0, 32, 2, 5, 3
0, 32, 2, 5, 3
0, 6, 3, 0, 2
0, 6, 3, 0, 2
0, 6, 3, 4, 2
0, 6, 3, 4, 2
0, 6, 3, 6, 2
0, 6, 3, 6, 2
0, 50, 4, 1, 3
0, 50, 4, 1, 3
0, 50, 4, 1, 3
0, 50, 4, 1, 3
0, 50, 4, 1, 3
0, 50, 4, 1, 3
0, 50, 4, 1, 3
0, 50, 4, 1, 3
0, 50, 4, 1, 3
0, 50, 4, 1, 3
0, 50, 4, 1, 3
0, 50, 4, 1, 3
0, 50, 4, 1, 3
0, 50, 4, 1, 3
0, 50, 4, 1, 3
0, 50, 4, 1, 3
0, 50, 4, 3, 2
0, 50, 4, 3, 2
0, 50, 4, 5, 3
0, 50, 4, 5, 3
0, 50, 4, 5, 3
0, 50, 4, 5, 3
0, 50, 4, 5, 3
0, 50, 4, 5, 3
0, 50, 4, 5, 3
0, 50, 4, 5, 3
0, 50, 4, 5, 3
0, 50, 4, 5, 3
0, 50, 4, 5, 3
0, 50, 4, 5, 3
0, 50, 4, 5, 3
0, 50, 4, 5, 3
0, 50, 4, 5, 3
0, 50, 4, 5, 3
0, 50, 4, 7, 3
0, 50, 4, 7, 3
0, 50, 4, 7, 3
0, 50, 4, 7, 3
0, 50, 4, 7, 3
0, 50, 4, 7, 3
0, 50, 4, 7, 3
0, 50, 4, 7, 3
0, 50, 4, 7, 3
0, 50, 4, 7, 3
0, 50, 4, 7, 3
0, 50, 4, 7, 3
0, 50, 4, 7, 3
0, 50, 4, 7, 3
0, 50, 4, 7, 3
0, 50, 4, 7, 3
0, 48, 5, 2, 3
0, 48, 5, 2, 3
0, 48, 5, 2, 3
0, 48, 5, 2, 3
0, 48, 5, 2, 3
0, 48, 5, 2, 3
0, 48, 5, 2, 3
0, 48, 5, 2, 3
0, 48, 5, 2, 3
0, 48, 5, 2, 3
0, 48, 5, 2, 3
0, 48, 5, 2, 3
0, 48, 5, 2, 3
0, 48, 5, 2, 3
0, 48, 5, 2, 3
0, 48, 5, 2, 3
0, 48, 5, 4, 3
0, 48, 5, 4, 3
0, 48, 5, 4, 3
0, 48, 5, 4, 3
0, 48, 5, 4, 3
0, 48, 5, 4, 3
0, 48, 5, 4, 3
0, 48, 5, 4, 3
0, 48, 5, 4, 3
0, 48, 5, 4, 3
0, 48, 5, 4, 3
0, 48, 5, 4, 3
0, 48, 5, 4, 3
0, 48, 5, 4, 3
0, 48, 5, 4, 3
0, 48, 5, 4, 3
0, 48, 5, 8, 3
0, 48, 5, 8, 3
0, 48, 5, 8, 3
0, 48, 5, 8, 3
0, 48, 5, 8, 3
0, 48, 5, 8, 3
0, 48, 5, 8, 3
0, 48, 5, 8, 3
0, 48, 5, 8, 3
0, 48, 5, 8, 3
0, 48, 5, 8, 3
0, 48, 5, 8, 3
0, 48, 5, 8, 3
0, 48, 5, 8, 3
0, 48, 5, 8, 3
0, 48, 5, 8, 3
0, 34, 6, 3, 2
0, 34, 6, 3, 2
0, 34, 6, 7, 3
0, 34, 6, 7, 3
0, 34, 6, 7, 3
0, 34, 6, 7, 3
0, 34, 6, 7, 3
0, 34, 6, 7, 3
0, 34, 6, 7, 3
0, 34, 6, 7, 3
0, 34, 6, 7, 3
0, 34, 6, 7, 3
0, 34, 6, 7, 3
0, 34, 6, 7, 3
0, 34, 6, 7, 3
0, 34, 6, 7, 3
0, 34, 6, 7, 3
0, 34, 6, 7, 3
0, 34, 6, 9, 3
0, 34, 6, 9, 3
0, 34, 6, 9, 3
0, 34, 6, 9, 3
0, 34, 6, 9, 3
0, 34, 6, 9, 3
0, 34, 6, 9, 3
0, 34, 6, 9, 3
0, 34, 6, 9, 3
0, 34, 6, 9, 3
0, 34, 6, 9, 3
0, 34, 6, 9, 3
0, 34, 6, 9, 3
0, 34, 6, 9, 3
0, 34, 6, 9, 3
0, 34, 6, 9, 3
0, 64, 7, 4, 3
0, 64, 7, 4, 3
0, 64, 7, 4, 3
0, 64, 7, 4, 3
0, 64, 7, 4, 3
0, 64, 7, 4, 3
0, 64, 7, 4, 3
0, 64, 7, 4, 3
0, 64, 7, 4, 3
0, 64, 7, 4, 3
0, 64, 7, 4, 3
0, 64, 7, 4, 3
0, 64, 7, 4, 3
0, 64, 7, 4, 3
0, 64, 7, 4, 3
0, 64, 7, 4, 3
0, 64, 7, 6, 3
0, 64, 7, 6, 3
0, 64, 7, 6, 3
0, 64, 7, 6, 3
0, 64, 7, 6, 3
0, 64, 7, 6, 3
0, 64, 7, 6, 3
0, 64, 7, 6, 3
0, 64, 7, 6, 3
0, 64, 7, 6, 3
0, 64, 7, 6, 3
0, 64, 7, 6, 3
0, 64, 7, 6, 3
0, 64, 7, 6, 3
0, 64, 7, 6, 3
0, 64, 7, 6, 3
0, 64, 7, 8, 3
0, 64, 7, 8, 3
0, 64, 7, 8, 3
0, 64, 7, 8, 3
0, 64, 7, 8, 3
0, 64, 7, 8, 3
0, 64, 7, 8, 3
0, 64, 7, 8, 3
0, 64, 7, 8, 3
0, 64, 7, 8, 3
0, 64, 7, 8, 3
0, 64, 7, 8, 3
0, 64, 7, 8, 3
0, 64, 7, 8, 3
0, 64, 7, 8, 3
0, 64, 7, 8, 3
0, 64, 7, 10, 3
0, 64, 7, 10, 3
0, 64, 7, 10, 3
0, 64, 7, 10, 3
0, 64, 7, 10, 3
0, 64, 7, 10, 3
0, 64, 7, 10, 3
0, 64, 7, 10, 3
0, 64, 7, 10, 3
0, 64, 7, 10, 3
0, 64, 7, 10, 3
0, 64, 7, 10, 3
0, 64, 7, 10, 3
0, 64, 7, 10, 3
0, 64, 7, 10, 3
0, 64, 7, 10, 3
0, 48, 8, 5, 3
0, 48, 8, 5, 3
0, 48, 8, 5, 3
0, 48, 8, 5, 3
0, 48, 8, 5, 3
0, 48, 8, 5, 3
0, 48, 8, 5, 3
0, 48, 8, 5, 3
0, 48, 8, 5, 3
0, 48, 8, 5, 3
0, 48, 8, 5, 3
0, 48, 8, 5, 3
0, 48, 8, 5, 3
0, 48, 8, 5, 3
0, 48, 8, 5, 3
0, 48, 8, 5, 3
0, 48, 8, 7, 3
0, 48, 8, 7, 3
0, 48, 8, 7, 3
0, 48, 8, 7, 3
0, 48, 8, 7, 3
0, 48, 8, 7, 3
0, 48, 8, 7, 3
0, 48, 8, 7, 3
0, 48, 8, 7, 3
0, 48, 8, 7, 3
0, 48, 8, 7, 3
0, 48, 8, 7, 3
0, 48, 8, 7, 3
0, 48, 8, 7, 3
0, 48, 8, 7, 3
0, 48, 8, 7, 3
0, 48, 8, 11, 3
0, 48, 8, 11, 3
0, 48, 8, 11, 3
0, 48, 8, 11, 3
0, 48, 8, 11, 3
0, 48, 8, 11, 3
0, 48, 8, 11, 3
0, 48, 8, 11, 3
0, 48, 8, 11, 3
0, 48, 8, 11, 3
0, 48, 8, 11, 3
0, 48, 8, 11, 3
0, 48, 8, 11, 3
0, 48, 8, 11, 3
0, 48, 8, 11, 3
0, 48, 8, 11, 3
0, 32, 9, 6, 3
0, 32, 9, 6, 3
0, 32, 9, 6, 3
0, 32, 9, 6, 3
0, 32, 9, 6, 3
0, 32, 9, 6, 3
0, 32, 9, 6, 3
0, 32, 9, 6, 3
0, 32, 9, 6, 3
0, 32, 9, 6, 3
0, 32, 9, 6, 3
0, 32, 9, 6, 3
0, 32, 9, 6, 3
0, 32, 9, 6, 3
0, 32, 9, 6, 3
0, 32, 9, 6, 3
0, 32, 9, 10, 3
0, 32, 9, 10, 3
0, 32, 9, 10, 3
0, 32, 9, 10, 3
0, 32, 9, 10, 3
0, 32, 9, 10, 3
0, 32, 9, 10, 3
0, 32, 9, 10, 3
0, 32, 9, 10, 3
0, 32, 9, 10, 3
0, 32, 9, 10, 3
0, 32, 9, 10, 3
0, 32, 9, 10, 3
0, 32, 9, 10, 3
0, 32, 9, 10, 3
0, 32, 9, 10, 3
0, 48, 10, 7, 3
0, 48, 10, 7, 3
0, 48, 10, 7, 3
0, 48, 10, 7, 3
0, 48, 10, 7, 3
0, 48, 10, 7, 3
0, 48, 10, 7, 3
0, 48, 10, 7, 3
0, 48, 10, 7, 3
0, 48, 10, 7, 3
0, 48, 10, 7, 3
0, 48, 10, 7, 3
0, 48, 10, 7, 3
0, 48, 10, 7, 3
0, 48, 10, 7, 3
0, 48, 10, 7, 3
0, 48, 10, 9, 3
0, 48, 10, 9, 3
0, 48, 10, 9, 3
0, 48, 10, 9, 3
0, 48, 10, 9, 3
0, 48, 10, 9, 3
0, 48, 10, 9, 3
0, 48, 10, 9, 3
0, 48, 10, 9, 3
0, 48, 10, 9, 3
0, 48, 10, 9, 3
0, 48, 10, 9, 3
0, 48, 10, 9, 3
0, 48, 10, 9, 3
0, 48, 10, 9, 3
0, 48, 10, 9, 3
0, 48, 10, 11, 3
0, 48, 10, 11, 3
0, 48, 10, 11, 3
0, 48, 10, 11, 3
0, 48, 10, 11, 3
0, 48, 10, 11, 3
0, 48, 10, 11, 3
0, 48, 10, 11, 3
0, 48, 10, 11, 3
0, 48, 10, 11, 3
0, 48, 10, 11, 3
0, 48, 10, 11, 3
0, 48, 10, 11, 3
0, 48, 10, 11, 3
0, 48, 10, 11, 3
0, 48, 10, 11, 3
0, 32, 11, 8, 3
0, 32, 11, 8, 3
0, 32, 11, 8, 3
0, 32, 11, 8, 3
0, 32, 11, 8, 3
0, 32, 11, 8, 3
0, 32, 11, 8, 3
0, 32, 11, 8, 3
0, 32, 11, 8, 3
0, 32, 11, 8, 3
0, 32, 11, 8, 3
0, 32, 11, 8, 3
0, 32, 11, 8, 3
0, 32, 11, 8, 3
0, 32, 11, 8, 3
0, 32, 11, 8, 3
0, 32, 11, 10, 3
0, 32, 11, 10, 3
0, 32, 11, 10, 3
0, 32, 11, 10, 3
0, 32, 11, 10, 3
0, 32, 11, 10, 3
0, 32, 11, 10, 3
0, 32, 11, 10, 3
0, 32, 11, 10, 3
0, 32, 11, 10, 3
0, 32, 11, 10, 3
0, 32, 11, 10, 3
0, 32, 11, 10, 3
0, 32, 11, 10, 3
0, 32, 11, 10, 3
0, 32, 11, 10, 3
1, 2, 0, 1, 3
1, 2, 0, 1, 4
1, 3, 1, 0, 3
1, 3, 1, 0, 4
1, 3, 1, 2, 4
1, 2, 2, 1, 4
1, 2, 2, 3, 4
1, 2, 3, 2, 4
1, 2, 3, 4, 4
1, 2, 4, 3, 4
1, 2, 4, 5, 4
1, 1, 5, 4, 4
2, 2, 0, 1, 4
2, 2, 0, 1, 4
2, 4, 1, 0, 4
2, 4, 1, 0, 4
2, 4, 1, 2, 4
2, 4, 1, 2, 4
2, 4, 2, 1, 4
2, 4, 2, 1, 4
2, 4, 2, 3, 4
2, 4, 2, 3, 4
2, 4, 3, 2, 4
2, 4, 3, 2, 4
2, 4, 3, 4, 4
2, 4, 3, 4, 4
2, 4, 4, 3, 4
2, 4, 4, 3, 4
2, 4, 4, 5, 4
2, 4, 4, 5, 4
2, 2, 5, 4, 4
2, 2, 5, 4, 4
3, 2, 0, 1, 4
3, 2, 0, 1, 4
3, 4, 1, 0, 4
3, 4, 1, 0, 4
3, 4, 1, 2, 4
3, 4, 1, 2, 4
3, 4, 2, 1, 4
3, 4, 2, 1, 4
3, 4, 2, 3, 4
3, 4, 2, 3, 4
3, 4, 3, 2, 4
3, 4, 3, 2, 4
3, 4, 3, 4, 4
3, 4, 3, 4, 4
3, 4, 4, 3, 4
3, 4, 4, 3, 4
3, 4, 4, 5, 4
3, 4, 4, 5, 4
3, 2, 5, 4, 4
3, 2, 5, 4, 4
4, 3, 0, 1, 3
4, 3, 0, 1, 4
4, 3, 0, 1, 4
4, 5, 1, 0, 3
4, 5, 1, 0, 4
4, 5, 1, 0, 4
4, 5, 1, 2, 4
4, 5, 1, 2, 4
4, 4, 2, 1, 4
4, 4, 2, 1, 4
4, 4, 2, 3, 4
4, 4, 2, 3, 4
4, 4, 3, 2, 4
4, 4, 3, 2, 4
4, 4, 3, 4, 4
4, 4, 3, 4, 4
4, 4, 4, 3, 4
4, 4, 4, 3, 4
4, 4, 4, 5, 4
4, 4, 4, 5, 4
4, 2, 5, 4, 4
4, 2, 5, 4, 4
5, 2, 0, 1, 4
5, 2, 0, 1, 4
5, 4, 1, 0, 4
5, 4, 1, 0, 4
5, 4, 1, 2, 4
5, 4, 1, 2, 4
5, 4, 2, 1, 4
5, 4, 2, 1, 4
5, 4, 2, 3, 4
5, 4, 2, 3, 4
5, 4, 3, 2, 4
5, 4, 3, 2, 4
5, 4, 3, 4, 4
5, 4, 3, 4, 4
5, 4, 4, 3, 4
5, 4, 4, 3, 4
5, 4, 4, 5, 4
5, 4, 4, 5, 4
5, 2, 5, 4, 4
5, 2, 5, 4, 4
6, 3, 0, 1, 4
6, 3, 0, 1, 4
6, 3, 0, 1, 4
6, 6, 1, 0, 4
6, 6, 1, 0, 4
6, 6, 1, 0, 4
6, 6, 1, 2, 4
6, 6, 1, 2, 4
6, 6, 1, 2, 4
6, 6, 2, 1, 4
6, 6, 2, 1, 4
6, 6, 2, 1, 4
6, 6, 2, 3, 4
6, 6, 2, 3, 4
6, 6, 2, 3, 4
6, 6, 3, 2, 4
6, 6, 3, 2, 4
6, 6, 3, 2, 4
6, 6, 3, 4, 4
6, 6, 3, 4, 4
6, 6, 3, 4, 4
6, 6, 4, 3, 4
6, 6, 4, 3, 4
6, 6, 4, 3, 4
6, 6, 4, 5, 4
6, 6, 4, 5, 4
6, 6, 4, 5, 4
6, 3, 5, 4, 4
6, 3, 5, 4, 4
6, 3, 5, 4, 4
7, 3, 0, 1, 4
7, 3, 0, 1, 4
7, 3, 0, 1, 4
7, 6, 1, 0, 4
7, 6, 1, 0, 4
7, 6, 1, 0, 4
7, 6, 1, 2, 4
7, 6, 1, 2, 4
7, 6, 1, 2, 4
7, 6, 2, 1, 4
7, 6, 2, 1, 4
7, 6, 2, 1, 4
7, 6, 2, 3, 4
7, 6, 2, 3, 4
7, 6, 2, 3, 4
7, 6, 3, 2, 4
7, 6, 3, 2, 4
7, 6, 3, 2, 4
7, 6, 3, 4, 4
7, 6, 3, 4, 4
7, 6, 3, 4, 4
7, 6, 4, 3, 4
7, 6, 4, 3, 4
7, 6, 4, 3, 4
7, 6, 4, 5, 4
7, 6, 4, 5, 4
7, 6, 4, 5, 4
7, 3, 5, 4, 4
7, 3, 5, 4, 4
7, 3, 5, 4, 4
8, 3, 0, 1, 4
8, 3, 0, 1, 4
8, 3, 0, 1, 4
8, 6, 1, 0, 4
8, 6, 1, 0, 4
8, 6, 1, 0, 4
8, 6, 1, 2, 4
8, 6, 1, 2, 4
8, 6, 1, 2, 4
8, 6, 2, 1, 4
8, 6, 2, 1, 4
8, 6, 2, 1, 4
8, 6, 2, 3, 4
8, 6, 2, 3, 4
8, 6, 2, 3, 4
8, 6, 3, 2, 4
8, 6, 3, 2, 4
8, 6, 3, 2, 4
8, 6, 3, 4, 4
8, 6, 3, 4, 4
8, 6, 3, 4, 4
8, 6, 4, 3, 4
8, 6, 4, 3, 4
8, 6, 4, 3, 4
8, 6, 4, 5, 4
8, 6, 4, 5, 4
8, 6, 4, 5, 4
8, 3, 5, 4, 4
8, 3, 5, 4, 4
8, 3, 5, 4, 4
9, 3, 0, 1, 4
9, 3, 0, 1, 4
9, 3, 0, 1, 4
9, 6, 1, 0, 4
9, 6, 1, 0, 4
9, 6, 1, 0, 4
9, 6, 1, 2, 4
9, 6, 1, 2, 4
9, 6, 1, 2, 4
9, 6, 2, 1, 4
9, 6, 2, 1, 4
9, 6, 2, 1, 4
9, 6, 2, 3, 4
9, 6, 2, 3, 4
9, 6, 2, 3, 4
9, 6, 3, 2, 4
9, 6, 3, 2, 4
9, 6, 3, 2, 4
9, 6, 3, 4, 4
9, 6, 3, 4, 4
9, 6, 3, 4, 4
9, 6, 4, 3, 4
9, 6, 4, 3, 4
9, 6, 4, 3, 4
9, 6, 4, 5, 4
9, 6, 4, 5, 4
9, 6, 4, 5, 4
9, 3, 5, 4, 4
9, 3, 5, 4, 4
9, 3, 5, 4, 4
10, 4, 0, 1, 3
10, 4, 0, 1, 4
10, 4, 0, 1, 4
10, 4, 0, 1, 4
10, 7, 1, 0, 3
10, 7, 1, 0, 4
10, 7, 1, 0, 4
10, 7, 1, 0, 4
10, 7, 1, 2, 4
10, 7, 1, 2, 4
10, 7, 1, 2, 4
10, 6, 2, 1, 4
10, 6, 2, 1, 4
10, 6, 2, 1, 4
10, 6, 2, 3, 4
10, 6, 2, 3, 4
10, 6, 2, 3, 4
10, 6, 3, 2, 4
10, 6, 3, 2, 4
10, 6, 3, 2, 4
10, 6, 3, 4, 4
10, 6, 3, 4, 4
10, 6, 3, 4, 4
10, 6, 4, 3, 4
10, 6, 4, 3, 4
10, 6, 4, 3, 4
10, 6, 4, 5, 4
10, 6, 4, 5, 4
10, 6, 4, 5, 4
10, 3, 5, 4, 4
10, 3, 5, 4, 4
10, 3, 5, 4, 4
11, 4, 0, 1, 4
11, 4, 0, 1, 4
11, 4, 0, 1, 4
11, 4, 0, 1, 4
11, 8, 1, 0, 4
11, 8, 1, 0, 4
11, 8, 1, 0, 4
11, 8, 1, 0, 4
11, 8, 1, 2, 4
11, 8, 1, 2, 4
11, 8, 1, 2, 4
11, 8, 1, 2, 4
11, 8, 2, 1, 4
11, 8, 2, 1, 4
11, 8, 2, 1, 4
11, 8, 2, 1, 4
11, 8, 2, 3, 4
11, 8, 2, 3, 4
11, 8, 2, 3, 4
11, 8, 2, 3, 4
11, 8, 3, 2, 4
11, 8, 3, 2, 4
11, 8, 3, 2, 4
11, 8, 3, 2, 4
11, 8, 3, 4, 4
11, 8, 3, 4, 4
11, 8, 3, 4, 4
11, 8, 3, 4, 4
11, 8, 4, 3, 4
11, 8, 4, 3, 4
11, 8, 4, 3, 4
11, 8, 4, 3, 4
11, 8, 4, 5, 4
11, 8, 4, 5, 4
11, 8, 4, 5, 4
11, 8, 4, 5, 4
11, 4, 5, 4, 4
11, 4, 5, 4, 4
11, 4, 5, 4, 4
11, 4, 5, 4, 4
12, 141, 0, 1, 2
12, 141, 0, 1, 4
12, 141, 0, 1, 4
12, 141, 0, 1, 4
12, 141, 0, 1, 4
12, 141, 0, 1, 4
12, 141, 0, 1, 4
12, 141, 0, 1, 4
12, 141, 0, 1, 4
12, 141, 0, 1, 4
12, 141, 0, 1, 4
12, 141, 0, 1, 4
12, 141, 0, 1, 4
12, 141, 0, 1, 4
12, 141, 0, 1, 4
12, 141, 0, 1, 4
12, 141, 0, 1, 4
12, 141, 0, 1, 4
12, 141, 0, 1, 4
12, 141, 0, 1, 4
12, 141, 0, 1, 4
12, 141, 0, 1, 4
12, 141, 0, 1, 4
12, 141, 0, 1, 4
12, 141, 0, 1, 4
12, 141, 0, 1, 4
12, 141, 0, 1, 4
12, 141, 0, 1, 4
12, 141, 0, 1, 4
12, 141, 0, 1, 4
12, 141, 0, 1, 4
12, 141, 0, 1, 4
12, 141, 0, 1, 4
12, 141, 0, 1, 4
12, 141, 0, 1, 4
12, 141, 0, 1, 4
12, 141, 0, 1, 4
12, 141, 0, 1, 4
12, 141, 0, 1, 4
12, 141, 0, 1, 4
12, 141, 0, 1, 4
12, 141, 0, 1, 4
12, 141, 0, 1, 4
12, 141, 0, 1, 4
12, 141, 0, 1, 4
12, 141, 0, 1, 4
12, 141, 0, 1, 4
12, 141, 0, 1, 4
12, 141, 0, 1, 4
12, 141, 0, 1, 4
12, 141, 0, 1, 4
12, 141, 0, 1, 4
12, 141, 0, 1, 4
12, 141, 0, 1, 4
12, 141, 0, 1, 4
12, 141, 0, 1, 4
12, 141, 0, 1, 4
12, 141, 0, 1, 4
12, 141, 0, 1, 4
12, 141, 0, 1, 4
12, 141, 0, 1, 4
12, 141, 0, 1, 4
12, 141, 0, 1, 4
12, 141, 0, 1, 4
12, 141, 0, 1, 4
12, 141, 0, 1, 4
12, 141, 0, 1, 4
12, 141, 0, 1, 4
12, 141, 0, 1, 4
12, 141, 0, 1, 4
12, 141, 0, 1, 4
12, 141, 0, 1, 4
12, 141, 0, 1, 4
12, 141, 0, 1, 4
12, 141, 0, 1, 4
12, 141, 0, 1, 4
12, 141, 0, 1, 4
12, 141, 0, 1, 4
12, 141, 0, 1, 4
12, 141, 0, 1, 4
12, 141, 0, 1, 4
12, 141, 0, 1, 4
12, 141, 0, 1, 4
12, 141, 0, 1, 4
12, 141, 0, 1, 4
12, 141, 0, 1, 4
12, 141, 0, 1, 4
12, 141, 0, 1, 4
12, 141, 0, 1, 4
12, 141, 0, 1, 4
12, 141, 0, 1, 4
12, 141, 0, 1, 4
12, 141, 0, 1, 4
12, 141, 0, 1, 4
12, 141, 0, 1, 4
12, 141, 0, 1, 4
12, 141, 0, 1, 4
12, 141, 0, 1, 4
12, 141, 0, 1, 4
12, 141, 0, 1, 4
12, 141, 0, 1, 4
12, 141, 0, 1, 4
12, 141, 0, 1, 4
12, 141, 0, 1, 4
12, 141, 0, 1, 4
12, 141, 0, 1, 4
12, 141, 0, 1, 4
12, 141, 0, 1, 4
12, 141, 0, 1, 4
12, 141, 0, 1, 4
12, 141, 0, 1, 4
12, 141, 0, 1, 4
12, 141, 0, 1, 4
12, 141, 0, 1, 4
12, 141, 0, 1, 4
12, 141, 0, 1, 4
12, 141, 0, 1, 4
12, 141, 0, 1, 4
12, 141, 0, 1, 4
12, 141, 0, 1, 4
12, 141, 0, 1, 4
12, 141, 0, 1, 4
12, 141, 0, 1, 4
12, 141, 0, 1, 4
12, 141, 0, 1, 4
12, 141, 0, 1, 4
12, 141, 0, 1, 4
12, 141, 0, 1, 4
12, 141, 0, 1, 4
12, 141, 0, 1, 4
12, 141, 0, 1, 4
12, 141, 0, 1, 4
12, 141, 0, 1, 4
12, 141, 0, 1, 4
12, 141, 0, 1, 4
12, 141, 0, 1, 4
12, 141, 0, 1, 4
12, 141, 0, 1, 4
12, 141, 0, 1, 4
12, 141, 0, 1, 4
12, 141, 0, 1, 4
12, 141, 1, 0, 2
12, 141, 1, 0, 4
12, 141, 1, 0, 4
12, 141, 1, 0, 4
12, 141, 1, 0, 4
12, 141, 1, 0, 4
12, 141, 1, 0, 4
12, 141, 1, 0, 4
12, 141, 1, 0, 4
12, 141, 1, 0, 4
12, 141, 1, 0, 4
12, 141, 1, 0, 4
12, 141, 1, 0, 4
12, 141, 1, 0, 4
12, 141, 1, 0, 4
12, 141, 1, 0, 4
12, 141, 1, 0, 4
12, 141, 1, 0, 4
12, 141, 1, 0, 4
12, 141, 1, 0, 4
12, 141, 1, 0, 4
12, 141, 1, 0, 4
12, 141, 1, 0, 4
12, 141, 1, 0, 4
12, 141, 1, 0, 4
12, 141, 1, 0, 4
12, 141, 1, 0, 4
12, 141, 1, 0, 4
12, 141, 1, 0, 4
12, 141, 1, 0, 4
12, 141, 1, 0, 4
12, 141, 1, 0, 4
12, 141, 1, 0, 4
12, 141, 1, 0, 4
12, 141, 1, 0, 4
12, 141, 1, 0, 4
12, 141, 1, 0, 4
12, 141, 1, 0, 4
12, 141, 1, 0, 4
12, 141, 1, 0, 4
12, 141, 1, 0, 4
12, 141, 1, 0, 4
12, 141, 1, 0, 4
12, 141, 1, 0, 4
12, 141, 1, 0, 4
12, 141, 1, 0, 4
12, 141, 1, 0, 4
12, 141, 1, 0, 4
12, 141, 1, 0, 4
12, 141, 1, 0, 4
12, 141, 1, 0, 4
12, 141, 1, 0, 4
12, 141, 1, 0, 4
12, 141, 1, 0, 4
12, 141, 1, 0, 4
12, 141, 1, 0, 4
12, 141, 1, 0, 4
12, 141, 1, 0, 4
12, 141, 1, 0, 4
12, 141, 1, 0, 4
12, 141, 1, 0, 4
12, 141, 1, 0, 4
12, 141, 1, 0, 4
12, 141, 1, 0, 4
12, 141, 1, 0, 4
12, 141, 1, 0, 4
12, 141, 1, 0, 4
12, 141, 1, 0, 4
12, 141, 1, 0, 4
12, 141, 1, 0, 4
12, 141, 1, 0, 4
12, 141, 1, 0, 4
12, 141, 1, 0, 4
12, 141, 1, 0, 4
12, 141, 1, 0, 4
12, 141, 1, 0, 4
12, 141, 1, 0, 4
12, 141, 1, 0, 4
12, 141, 1, 0, 4
12, 141, 1, 0, 4
12, 141, 1, 0, 4
12, 141, 1, 0, 4
12, 141, 1, 0, 4
12, 141, 1, 0, 4
12, 141, 1, 0, 4
12, 141, 1, 0, 4
12, 141, 1, 0, 4
12, 141, 1, 0, 4
12, 141, 1, 0, 4
12, 141, 1, 0, 4
12, 141, 1, 0, 4
12, 141, 1, 0, 4
12, 141, 1, 0, 4
12, 141, 1, 0, 4
12, 141, 1, 0, 4
12, 141, 1, 0, 4
12, 141, 1, 0, 4
12, 141, 1, 0, 4
12, 141, 1, 0, 4
12, 141, 1, 0, 4
12, 141, 1, 0, 4
12, 141, 1, 0, 4
12, 141, 1, 0, 4
12, 141, 1, 0, 4
12, 141, 1, 0, 4
12, 141, 1, 0, 4
12, 141, 1, 0, 4
12, 141, 1, 0, 4
12, 141, 1, 0, 4
12, 141, 1, 0, 4
12, 141, 1, 0, 4
12, 141, 1, 0, 4
12, 141, 1, 0, 4
12, 141, 1, 0, 4
12, 141, 1, 0, 4
12, 141, 1, 0, 4
12, 141, 1, 0, 4
12, 141, 1, 0, 4
12, 141, 1, 0, 4
12, 141, 1, 0, 4
12, 141, 1, 0, 4
12, 141, 1, 0, 4
12, 141, 1, 0, 4
12, 141, 1, 0, 4
12, 141, 1, 0, 4
12, 141, 1, 0, 4
12, 141, 1, 0, 4
12, 141, 1, 0, 4
12, 141, 1, 0, 4
12, 141, 1, 0, 4
12, 141, 1, 0, 4
12, 141, 1, 0, 4
12, 141, 1, 0, 4
12, 141, 1, 0, 4
12, 141, 1, 0, 4
12, 141, 1, 0, 4
12, 141, 1, 0, 4
12, 141, 1, 0, 4
12, 141, 1, 0, 4
12, 141, 1, 0, 4
12, 141, 1, 0, 4
Goal
1
2
3
4
5
6
7
8
9
10
11
12
