CG
101
0, 2, 52, 4
0, 2, 82, 4
1, 2, 81, 7
1, 2, 82, 7
2, 2, 57, 5
2, 2, 93, 5
3, 2, 61, 7
3, 2, 80, 7
4, 2, 72, 7
4, 2, 93, 7
5, 2, 65, 7
5, 2, 93, 7
6, 2, 63, 7
6, 2, 84, 7
7, 2, 51, 4
7, 2, 93, 4
8, 2, 59, 5
8, 2, 84, 5
9, 2, 60, 5
9, 2, 80, 5
10, 2, 58, 5
10, 2, 82, 5
11, 2, 56, 5
11, 2, 87, 5
12, 2, 75, 13
12, 2, 98, 13
13, 2, 79, 7
13, 2, 80, 7
14, 2, 83, 7
14, 2, 84, 7
15, 2, 90, 7
15, 2, 91, 7
16, 2, 97, 15
16, 2, 98, 15
17, 2, 86, 7
17, 2, 87, 7
18, 2, 64, 7
18, 2, 87, 7
19, 2, 66, 7
19, 2, 91, 7
20, 2, 62, 7
20, 2, 82, 7
21, 2, 54, 4
21, 2, 87, 4
22, 2, 53, 4
22, 2, 91, 4
23, 2, 68, 12
23, 2, 98, 12
24, 2, 50, 4
24, 2, 80, 4
25, 2, 69, 7
25, 2, 82, 7
26, 2, 70, 7
26, 2, 87, 7
27, 2, 71, 7
27, 2, 91, 7
28, 2, 95, 15
28, 2, 98, 15
29, 2, 73, 7
29, 2, 84, 7
30, 2, 78, 7
30, 2, 84, 7
31, 2, 76, 7
31, 2, 80, 7
32, 2, 77, 7
32, 2, 82, 7
33, 2, 85, 7
33, 2, 87, 7
34, 2, 89, 7
34, 2, 91, 7
35, 2, 96, 15
35, 2, 98, 15
36, 2, 88, 7
36, 2, 93, 7
37, 2, 45, 4
37, 2, 93, 4
38, 2, 47, 4
38, 2, 84, 4
39, 2, 48, 4
39, 2, 80, 4
40, 2, 46, 4
40, 2, 82, 4
41, 2, 44, 4
41, 2, 87, 4
42, 2, 67, 12
42, 2, 98, 12
43, 10, 67, 12
43, 10, 44, 4
43, 10, 45, 4
43, 10, 89, 28
43, 10, 71, 7
43, 10, 90, 14
43, 10, 98, 12
43, 10, 91, 69
43, 10, 87, 4
43, 10, 93, 4
44, 11, 67, 12
44, 11, 43, 4
44, 11, 46, 4
44, 11, 85, 28
44, 11, 70, 7
44, 11, 86, 14
44, 11, 41, 1
44, 11, 98, 12
44, 11, 91, 4
44, 11, 87, 69
44, 11, 82, 4
45, 11, 67, 12
45, 11, 43, 4
45, 11, 47, 4
45, 11, 88, 28
45, 11, 72, 7
45, 11, 92, 14
45, 11, 37, 1
45, 11, 98, 12
45, 11, 91, 4
45, 11, 84, 4
45, 11, 93, 69
46, 11, 67, 12
46, 11, 44, 4
46, 11, 48, 4
46, 11, 77, 28
46, 11, 69, 7
46, 11, 81, 14
46, 11, 40, 1
46, 11, 98, 12
46, 11, 87, 4
46, 11, 82, 69
46, 11, 80, 4
47, 11, 67, 12
47, 11, 48, 4
47, 11, 45, 4
47, 11, 78, 28
47, 11, 73, 7
47, 11, 83, 14
47, 11, 38, 1
47, 11, 98, 12
47, 11, 80, 4
47, 11, 84, 69
47, 11, 93, 4
48, 11, 67, 12
48, 11, 46, 4
48, 11, 47, 4
48, 11, 76, 28
48, 11, 74, 7
48, 11, 79, 14
48, 11, 39, 1
48, 11, 98, 12
48, 11, 82, 4
48, 11, 80, 69
48, 11, 84, 4
49, 9, 68, 12
49, 9, 50, 4
49, 9, 51, 4
49, 9, 78, 7
49, 9, 73, 7
49, 9, 98, 12
49, 9, 80, 4
49, 9, 84, 34
49, 9, 93, 4
50, 10, 68, 12
50, 10, 52, 4
50, 10, 49, 4
50, 10, 76, 7
50, 10, 74, 7
50, 10, 24, 1
50, 10, 98, 12
50, 10, 82, 4
50, 10, 80, 34
50, 10, 84, 4
51, 10, 68, 12
51, 10, 53, 4
51, 10, 49, 4
51, 10, 88, 7
51, 10, 72, 7
51, 10, 7, 1
51, 10, 98, 12
51, 10, 91, 4
51, 10, 84, 4
51, 10, 93, 34
52, 10, 68, 12
52, 10, 54, 4
52, 10, 50, 4
52, 10, 77, 7
52, 10, 69, 7
52, 10, 0, 1
52, 10, 98, 12
52, 10, 87, 4
52, 10, 82, 34
52, 10, 80, 4
53, 10, 68, 12
53, 10, 54, 4
53, 10, 51, 4
53, 10, 89, 7
53, 10, 71, 7
53, 10, 22, 1
53, 10, 98, 12
53, 10, 91, 34
53, 10, 87, 4
53, 10, 93, 4
54, 10, 68, 12
54, 10, 53, 4
54, 10, 52, 4
54, 10, 85, 7
54, 10, 70, 7
54, 10, 21, 1
54, 10, 98, 12
54, 10, 91, 4
54, 10, 87, 34
54, 10, 82, 4
55, 9, 75, 13
55, 9, 56, 5
55, 9, 57, 5
55, 9, 89, 28
55, 9, 90, 14
55, 9, 98, 13
55, 9, 91, 67
55, 9, 87, 5
55, 9, 93, 5
56, 10, 75, 13
56, 10, 55, 5
56, 10, 58, 5
56, 10, 85, 28
56, 10, 86, 14
56, 10, 11, 1
56, 10, 98, 13
56, 10, 91, 5
56, 10, 87, 67
56, 10, 82, 5
57, 10, 75, 13
57, 10, 55, 5
57, 10, 59, 5
57, 10, 88, 28
57, 10, 92, 14
57, 10, 2, 1
57, 10, 98, 13
57, 10, 91, 5
57, 10, 84, 5
57, 10, 93, 67
58, 10, 75, 13
58, 10, 56, 5
58, 10, 60, 5
58, 10, 77, 28
58, 10, 81, 14
58, 10, 10, 1
58, 10, 98, 13
58, 10, 87, 5
58, 10, 82, 67
58, 10, 80, 5
59, 10, 75, 13
59, 10, 60, 5
59, 10, 57, 5
59, 10, 78, 28
59, 10, 83, 14
59, 10, 8, 1
59, 10, 98, 13
59, 10, 80, 5
59, 10, 84, 67
59, 10, 93, 5
60, 10, 75, 13
60, 10, 58, 5
60, 10, 59, 5
60, 10, 76, 28
60, 10, 79, 14
60, 10, 9, 1
60, 10, 98, 13
60, 10, 82, 5
60, 10, 80, 67
60, 10, 84, 5
61, 11, 94, 15
61, 11, 62, 7
61, 11, 63, 7
61, 11, 76, 35
61, 11, 74, 7
61, 11, 79, 14
61, 11, 3, 1
61, 11, 98, 15
61, 11, 82, 7
61, 11, 80, 91
61, 11, 84, 7
62, 11, 94, 15
62, 11, 64, 7
62, 11, 61, 7
62, 11, 77, 35
62, 11, 69, 7
62, 11, 81, 14
62, 11, 20, 1
62, 11, 98, 15
62, 11, 87, 7
62, 11, 82, 91
62, 11, 80, 7
63, 11, 94, 15
63, 11, 61, 7
63, 11, 65, 7
63, 11, 78, 35
63, 11, 73, 7
63, 11, 83, 14
63, 11, 6, 1
63, 11, 98, 15
63, 11, 80, 7
63, 11, 84, 91
63, 11, 93, 7
64, 11, 94, 15
64, 11, 66, 7
64, 11, 62, 7
64, 11, 85, 35
64, 11, 70, 7
64, 11, 86, 14
64, 11, 18, 1
64, 11, 98, 15
64, 11, 91, 7
64, 11, 87, 91
64, 11, 82, 7
65, 11, 94, 15
65, 11, 66, 7
65, 11, 63, 7
65, 11, 88, 35
65, 11, 72, 7
65, 11, 92, 14
65, 11, 5, 1
65, 11, 98, 15
65, 11, 91, 7
65, 11, 84, 7
65, 11, 93, 91
66, 11, 94, 15
66, 11, 64, 7
66, 11, 65, 7
66, 11, 89, 35
66, 11, 71, 7
66, 11, 90, 14
66, 11, 19, 1
66, 11, 98, 15
66, 11, 91, 91
66, 11, 87, 7
66, 11, 93, 7
67, 17, 43, 4
67, 17, 44, 4
67, 17, 46, 4
67, 17, 48, 4
67, 17, 47, 4
67, 17, 45, 4
67, 17, 96, 60
67, 17, 95, 15
67, 17, 97, 30
67, 17, 42, 1
67, 17, 98, 201
67, 17, 91, 4
67, 17, 87, 4
67, 17, 82, 4
67, 17, 80, 4
67, 17, 84, 4
67, 17, 93, 4
68, 16, 53, 4
68, 16, 54, 4
68, 16, 52, 4
68, 16, 50, 4
68, 16, 49, 4
68, 16, 51, 4
68, 16, 96, 15
68, 16, 95, 15
68, 16, 23, 1
68, 16, 98, 126
68, 16, 91, 4
68, 16, 87, 4
68, 16, 82, 4
68, 16, 80, 4
68, 16, 84, 4
68, 16, 93, 4
69, 8, 95, 15
69, 8, 70, 7
69, 8, 74, 7
69, 8, 25, 1
69, 8, 98, 15
69, 8, 87, 7
69, 8, 82, 56
69, 8, 80, 7
70, 8, 95, 15
70, 8, 71, 7
70, 8, 69, 7
70, 8, 26, 1
70, 8, 98, 15
70, 8, 91, 7
70, 8, 87, 56
70, 8, 82, 7
71, 8, 95, 15
71, 8, 70, 7
71, 8, 72, 7
71, 8, 27, 1
71, 8, 98, 15
71, 8, 91, 56
71, 8, 87, 7
71, 8, 93, 7
72, 8, 95, 15
72, 8, 71, 7
72, 8, 73, 7
72, 8, 4, 1
72, 8, 98, 15
72, 8, 91, 7
72, 8, 84, 7
72, 8, 93, 56
73, 8, 95, 15
73, 8, 74, 7
73, 8, 72, 7
73, 8, 29, 1
73, 8, 98, 15
73, 8, 80, 7
73, 8, 84, 56
73, 8, 93, 7
74, 8, 95, 15
74, 8, 69, 7
74, 8, 73, 7
74, 8, 99, 1
74, 8, 98, 15
74, 8, 82, 7
74, 8, 80, 56
74, 8, 84, 7
75, 16, 55, 5
75, 16, 56, 5
75, 16, 58, 5
75, 16, 60, 5
75, 16, 59, 5
75, 16, 57, 5
75, 16, 96, 60
75, 16, 97, 30
75, 16, 12, 1
75, 16, 98, 194
75, 16, 91, 5
75, 16, 87, 5
75, 16, 82, 5
75, 16, 80, 5
75, 16, 84, 5
75, 16, 93, 5
76, 10, 96, 15
76, 10, 77, 7
76, 10, 78, 7
76, 10, 74, 21
76, 10, 79, 42
76, 10, 31, 1
76, 10, 98, 15
76, 10, 82, 7
76, 10, 80, 147
76, 10, 84, 7
77, 10, 96, 15
77, 10, 85, 7
77, 10, 76, 7
77, 10, 69, 21
77, 10, 81, 42
77, 10, 32, 1
77, 10, 98, 15
77, 10, 87, 7
77, 10, 82, 147
77, 10, 80, 7
78, 10, 96, 15
78, 10, 76, 7
78, 10, 88, 7
78, 10, 73, 21
78, 10, 83, 42
78, 10, 30, 1
78, 10, 98, 15
78, 10, 80, 7
78, 10, 84, 147
78, 10, 93, 7
79, 8, 97, 15
79, 8, 81, 7
79, 8, 83, 7
79, 8, 13, 1
79, 8, 98, 15
79, 8, 82, 7
79, 8, 80, 77
79, 8, 84, 7
80, 7, 48, 20
80, 7, 50, 20
80, 7, 61, 35
80, 7, 60, 25
80, 7, 76, 84
80, 7, 74, 56
80, 7, 79, 77
81, 8, 97, 15
81, 8, 86, 7
81, 8, 79, 7
81, 8, 1, 1
81, 8, 98, 15
81, 8, 87, 7
81, 8, 82, 77
81, 8, 80, 7
82, 7, 46, 20
82, 7, 52, 20
82, 7, 62, 35
82, 7, 58, 25
82, 7, 77, 84
82, 7, 69, 56
82, 7, 81, 77
83, 8, 97, 15
83, 8, 79, 7
83, 8, 92, 7
83, 8, 14, 1
83, 8, 98, 15
83, 8, 80, 7
83, 8, 84, 77
83, 8, 93, 7
84, 7, 47, 20
84, 7, 49, 20
84, 7, 63, 35
84, 7, 59, 25
84, 7, 78, 84
84, 7, 73, 56
84, 7, 83, 77
85, 10, 96, 15
85, 10, 89, 7
85, 10, 77, 7
85, 10, 70, 21
85, 10, 86, 42
85, 10, 33, 1
85, 10, 98, 15
85, 10, 91, 7
85, 10, 87, 147
85, 10, 82, 7
86, 8, 97, 15
86, 8, 90, 7
86, 8, 81, 7
86, 8, 17, 1
86, 8, 98, 15
86, 8, 91, 7
86, 8, 87, 77
86, 8, 82, 7
87, 7, 44, 20
87, 7, 54, 20
87, 7, 64, 35
87, 7, 56, 25
87, 7, 85, 84
87, 7, 70, 56
87, 7, 86, 77
88, 10, 96, 15
88, 10, 89, 7
88, 10, 78, 7
88, 10, 72, 21
88, 10, 92, 42
88, 10, 36, 1
88, 10, 98, 15
88, 10, 91, 7
88, 10, 84, 7
88, 10, 93, 147
89, 10, 96, 15
89, 10, 85, 7
89, 10, 88, 7
89, 10, 71, 21
89, 10, 90, 42
89, 10, 34, 1
89, 10, 98, 15
89, 10, 91, 147
89, 10, 87, 7
89, 10, 93, 7
90, 8, 97, 15
90, 8, 86, 7
90, 8, 92, 7
90, 8, 15, 1
90, 8, 98, 15
90, 8, 91, 77
90, 8, 87, 7
90, 8, 93, 7
91, 7, 43, 20
91, 7, 53, 20
91, 7, 66, 35
91, 7, 55, 25
91, 7, 89, 84
91, 7, 71, 56
91, 7, 90, 77
92, 8, 97, 15
92, 8, 90, 7
92, 8, 83, 7
92, 8, 100, 1
92, 8, 98, 15
92, 8, 91, 7
92, 8, 84, 7
92, 8, 93, 77
93, 7, 45, 20
93, 7, 51, 20
93, 7, 65, 35
93, 7, 57, 25
93, 7, 88, 84
93, 7, 72, 56
93, 7, 92, 77
94, 16, 66, 7
94, 16, 64, 7
94, 16, 62, 7
94, 16, 61, 7
94, 16, 63, 7
94, 16, 65, 7
94, 16, 96, 75
94, 16, 95, 15
94, 16, 97, 30
94, 16, 98, 240
94, 16, 91, 7
94, 16, 87, 7
94, 16, 82, 7
94, 16, 80, 7
94, 16, 84, 7
94, 16, 93, 7
95, 14, 71, 7
95, 14, 70, 7
95, 14, 69, 7
95, 14, 74, 7
95, 14, 73, 7
95, 14, 72, 7
95, 14, 28, 1
95, 14, 98, 165
95, 14, 91, 7
95, 14, 87, 7
95, 14, 82, 7
95, 14, 80, 7
95, 14, 84, 7
95, 14, 93, 7
96, 16, 89, 7
96, 16, 85, 7
96, 16, 77, 7
96, 16, 76, 7
96, 16, 78, 7
96, 16, 88, 7
96, 16, 95, 45
96, 16, 97, 90
96, 16, 35, 1
96, 16, 98, 360
96, 16, 91, 7
96, 16, 87, 7
96, 16, 82, 7
96, 16, 80, 7
96, 16, 84, 7
96, 16, 93, 7
97, 14, 90, 7
97, 14, 86, 7
97, 14, 81, 7
97, 14, 79, 7
97, 14, 83, 7
97, 14, 92, 7
97, 14, 16, 1
97, 14, 98, 210
97, 14, 91, 7
97, 14, 87, 7
97, 14, 82, 7
97, 14, 80, 7
97, 14, 84, 7
97, 14, 93, 7
98, 7, 67, 96
98, 7, 68, 96
98, 7, 94, 120
98, 7, 75, 104
98, 7, 96, 225
98, 7, 95, 165
98, 7, 97, 210
99, 2, 74, 7
99, 2, 80, 7
100, 2, 92, 7
100, 2, 93, 7
DTG
0, 1, 1, 0, 2
1, 1, 1, 0, 2
2, 1, 1, 0, 2
3, 1, 1, 0, 2
4, 1, 1, 0, 2
5, 1, 1, 0, 2
6, 1, 1, 0, 2
7, 1, 1, 0, 2
8, 1, 1, 0, 2
9, 1, 1, 0, 2
10, 1, 1, 0, 2
11, 1, 1, 0, 2
12, 1, 1, 0, 2
13, 1, 1, 0, 2
14, 1, 1, 0, 2
15, 1, 1, 0, 2
16, 1, 1, 0, 2
17, 1, 1, 0, 2
18, 1, 1, 0, 2
19, 1, 1, 0, 2
20, 1, 1, 0, 2
21, 1, 1, 0, 2
22, 1, 1, 0, 2
23, 1, 1, 0, 2
24, 1, 1, 0, 2
25, 1, 1, 0, 2
26, 1, 1, 0, 2
27, 1, 1, 0, 2
28, 1, 1, 0, 2
29, 1, 1, 0, 2
30, 1, 1, 0, 2
31, 1, 1, 0, 2
32, 1, 1, 0, 2
33, 1, 1, 0, 2
34, 1, 1, 0, 2
35, 1, 1, 0, 2
36, 1, 1, 0, 2
37, 1, 1, 0, 2
38, 1, 1, 0, 2
39, 1, 1, 0, 2
40, 1, 1, 0, 2
41, 1, 1, 0, 2
42, 1, 1, 0, 2
43, 4, 0, 1, 2
43, 4, 0, 1, 2
43, 4, 0, 1, 2
43, 4, 0, 1, 2
43, 4, 1, 0, 2
43, 4, 1, 0, 2
43, 4, 1, 0, 2
43, 4, 1, 0, 2
44, 4, 0, 1, 2
44, 4, 0, 1, 2
44, 4, 0, 1, 2
44, 4, 0, 1, 2
44, 16, 1, 0, 3
44, 16, 1, 0, 3
44, 16, 1, 0, 3
44, 16, 1, 0, 3
44, 16, 1, 0, 3
44, 16, 1, 0, 3
44, 16, 1, 0, 3
44, 16, 1, 0, 3
44, 16, 1, 0, 3
44, 16, 1, 0, 3
44, 16, 1, 0, 3
44, 16, 1, 0, 3
44, 16, 1, 0, 3
44, 16, 1, 0, 3
44, 16, 1, 0, 3
44, 16, 1, 0, 3
45, 4, 0, 1, 2
45, 4, 0, 1, 2
45, 4, 0, 1, 2
45, 4, 0, 1, 2
45, 16, 1, 0, 3
45, 16, 1, 0, 3
45, 16, 1, 0, 3
45, 16, 1, 0, 3
45, 16, 1, 0, 3
45, 16, 1, 0, 3
45, 16, 1, 0, 3
45, 16, 1, 0, 3
45, 16, 1, 0, 3
45, 16, 1, 0, 3
45, 16, 1, 0, 3
45, 16, 1, 0, 3
45, 16, 1, 0, 3
45, 16, 1, 0, 3
45, 16, 1, 0, 3
45, 16, 1, 0, 3
46, 4, 0, 1, 2
46, 4, 0, 1, 2
46, 4, 0, 1, 2
46, 4, 0, 1, 2
46, 16, 1, 0, 3
46, 16, 1, 0, 3
46, 16, 1, 0, 3
46, 16, 1, 0, 3
46, 16, 1, 0, 3
46, 16, 1, 0, 3
46, 16, 1, 0, 3
46, 16, 1, 0, 3
46, 16, 1, 0, 3
46, 16, 1, 0, 3
46, 16, 1, 0, 3
46, 16, 1, 0, 3
46, 16, 1, 0, 3
46, 16, 1, 0, 3
46, 16, 1, 0, 3
46, 16, 1, 0, 3
47, 4, 0, 1, 2
47, 4, 0, 1, 2
47, 4, 0, 1, 2
47, 4, 0, 1, 2
47, 16, 1, 0, 3
47, 16, 1, 0, 3
47, 16, 1, 0, 3
47, 16, 1, 0, 3
47, 16, 1, 0, 3
47, 16, 1, 0, 3
47, 16, 1, 0, 3
47, 16, 1, 0, 3
47, 16, 1, 0, 3
47, 16, 1, 0, 3
47, 16, 1, 0, 3
47, 16, 1, 0, 3
47, 16, 1, 0, 3
47, 16, 1, 0, 3
47, 16, 1, 0, 3
47, 16, 1, 0, 3
48, 4, 0, 1, 2
48, 4, 0, 1, 2
48, 4, 0, 1, 2
48, 4, 0, 1, 2
48, 16, 1, 0, 3
48, 16, 1, 0, 3
48, 16, 1, 0, 3
48, 16, 1, 0, 3
48, 16, 1, 0, 3
48, 16, 1, 0, 3
48, 16, 1, 0, 3
48, 16, 1, 0, 3
48, 16, 1, 0, 3
48, 16, 1, 0, 3
48, 16, 1, 0, 3
48, 16, 1, 0, 3
48, 16, 1, 0, 3
48, 16, 1, 0, 3
48, 16, 1, 0, 3
48, 16, 1, 0, 3
49, 4, 0, 1, 2
49, 4, 0, 1, 2
49, 4, 0, 1, 2
49, 4, 0, 1, 2
49, 4, 1, 0, 2
49, 4, 1, 0, 2
49, 4, 1, 0, 2
49, 4, 1, 0, 2
50, 4, 0, 1, 2
50, 4, 0, 1, 2
50, 4, 0, 1, 2
50, 4, 0, 1, 2
50, 16, 1, 0, 3
50, 16, 1, 0, 3
50, 16, 1, 0, 3
50, 16, 1, 0, 3
50, 16, 1, 0, 3
50, 16, 1, 0, 3
50, 16, 1, 0, 3
50, 16, 1, 0, 3
50, 16, 1, 0, 3
50, 16, 1, 0, 3
50, 16, 1, 0, 3
50, 16, 1, 0, 3
50, 16, 1, 0, 3
50, 16, 1, 0, 3
50, 16, 1, 0, 3
50, 16, 1, 0, 3
51, 4, 0, 1, 2
51, 4, 0, 1, 2
51, 4, 0, 1, 2
51, 4, 0, 1, 2
51, 16, 1, 0, 3
51, 16, 1, 0, 3
51, 16, 1, 0, 3
51, 16, 1, 0, 3
51, 16, 1, 0, 3
51, 16, 1, 0, 3
51, 16, 1, 0, 3
51, 16, 1, 0, 3
51, 16, 1, 0, 3
51, 16, 1, 0, 3
51, 16, 1, 0, 3
51, 16, 1, 0, 3
51, 16, 1, 0, 3
51, 16, 1, 0, 3
51, 16, 1, 0, 3
51, 16, 1, 0, 3
52, 4, 0, 1, 2
52, 4, 0, 1, 2
52, 4, 0, 1, 2
52, 4, 0, 1, 2
52, 16, 1, 0, 3
52, 16, 1, 0, 3
52, 16, 1, 0, 3
52, 16, 1, 0, 3
52, 16, 1, 0, 3
52, 16, 1, 0, 3
52, 16, 1, 0, 3
52, 16, 1, 0, 3
52, 16, 1, 0, 3
52, 16, 1, 0, 3
52, 16, 1, 0, 3
52, 16, 1, 0, 3
52, 16, 1, 0, 3
52, 16, 1, 0, 3
52, 16, 1, 0, 3
52, 16, 1, 0, 3
53, 4, 0, 1, 2
53, 4, 0, 1, 2
53, 4, 0, 1, 2
53, 4, 0, 1, 2
53, 16, 1, 0, 3
53, 16, 1, 0, 3
53, 16, 1, 0, 3
53, 16, 1, 0, 3
53, 16, 1, 0, 3
53, 16, 1, 0, 3
53, 16, 1, 0, 3
53, 16, 1, 0, 3
53, 16, 1, 0, 3
53, 16, 1, 0, 3
53, 16, 1, 0, 3
53, 16, 1, 0, 3
53, 16, 1, 0, 3
53, 16, 1, 0, 3
53, 16, 1, 0, 3
53, 16, 1, 0, 3
54, 4, 0, 1, 2
54, 4, 0, 1, 2
54, 4, 0, 1, 2
54, 4, 0, 1, 2
54, 16, 1, 0, 3
54, 16, 1, 0, 3
54, 16, 1, 0, 3
54, 16, 1, 0, 3
54, 16, 1, 0, 3
54, 16, 1, 0, 3
54, 16, 1, 0, 3
54, 16, 1, 0, 3
54, 16, 1, 0, 3
54, 16, 1, 0, 3
54, 16, 1, 0, 3
54, 16, 1, 0, 3
54, 16, 1, 0, 3
54, 16, 1, 0, 3
54, 16, 1, 0, 3
54, 16, 1, 0, 3
55, 5, 0, 1, 2
55, 5, 0, 1, 2
55, 5, 0, 1, 2
55, 5, 0, 1, 2
55, 5, 0, 1, 2
55, 5, 1, 0, 2
55, 5, 1, 0, 2
55, 5, 1, 0, 2
55, 5, 1, 0, 2
55, 5, 1, 0, 2
56, 5, 0, 1, 2
56, 5, 0, 1, 2
56, 5, 0, 1, 2
56, 5, 0, 1, 2
56, 5, 0, 1, 2
56, 20, 1, 0, 3
56, 20, 1, 0, 3
56, 20, 1, 0, 3
56, 20, 1, 0, 3
56, 20, 1, 0, 3
56, 20, 1, 0, 3
56, 20, 1, 0, 3
56, 20, 1, 0, 3
56, 20, 1, 0, 3
56, 20, 1, 0, 3
56, 20, 1, 0, 3
56, 20, 1, 0, 3
56, 20, 1, 0, 3
56, 20, 1, 0, 3
56, 20, 1, 0, 3
56, 20, 1, 0, 3
56, 20, 1, 0, 3
56, 20, 1, 0, 3
56, 20, 1, 0, 3
56, 20, 1, 0, 3
57, 5, 0, 1, 2
57, 5, 0, 1, 2
57, 5, 0, 1, 2
57, 5, 0, 1, 2
57, 5, 0, 1, 2
57, 20, 1, 0, 3
57, 20, 1, 0, 3
57, 20, 1, 0, 3
57, 20, 1, 0, 3
57, 20, 1, 0, 3
57, 20, 1, 0, 3
57, 20, 1, 0, 3
57, 20, 1, 0, 3
57, 20, 1, 0, 3
57, 20, 1, 0, 3
57, 20, 1, 0, 3
57, 20, 1, 0, 3
57, 20, 1, 0, 3
57, 20, 1, 0, 3
57, 20, 1, 0, 3
57, 20, 1, 0, 3
57, 20, 1, 0, 3
57, 20, 1, 0, 3
57, 20, 1, 0, 3
57, 20, 1, 0, 3
58, 5, 0, 1, 2
58, 5, 0, 1, 2
58, 5, 0, 1, 2
58, 5, 0, 1, 2
58, 5, 0, 1, 2
58, 20, 1, 0, 3
58, 20, 1, 0, 3
58, 20, 1, 0, 3
58, 20, 1, 0, 3
58, 20, 1, 0, 3
58, 20, 1, 0, 3
58, 20, 1, 0, 3
58, 20, 1, 0, 3
58, 20, 1, 0, 3
58, 20, 1, 0, 3
58, 20, 1, 0, 3
58, 20, 1, 0, 3
58, 20, 1, 0, 3
58, 20, 1, 0, 3
58, 20, 1, 0, 3
58, 20, 1, 0, 3
58, 20, 1, 0, 3
58, 20, 1, 0, 3
58, 20, 1, 0, 3
58, 20, 1, 0, 3
59, 5, 0, 1, 2
59, 5, 0, 1, 2
59, 5, 0, 1, 2
59, 5, 0, 1, 2
59, 5, 0, 1, 2
59, 20, 1, 0, 3
59, 20, 1, 0, 3
59, 20, 1, 0, 3
59, 20, 1, 0, 3
59, 20, 1, 0, 3
59, 20, 1, 0, 3
59, 20, 1, 0, 3
59, 20, 1, 0, 3
59, 20, 1, 0, 3
59, 20, 1, 0, 3
59, 20, 1, 0, 3
59, 20, 1, 0, 3
59, 20, 1, 0, 3
59, 20, 1, 0, 3
59, 20, 1, 0, 3
59, 20, 1, 0, 3
59, 20, 1, 0, 3
59, 20, 1, 0, 3
59, 20, 1, 0, 3
59, 20, 1, 0, 3
60, 5, 0, 1, 2
60, 5, 0, 1, 2
60, 5, 0, 1, 2
60, 5, 0, 1, 2
60, 5, 0, 1, 2
60, 20, 1, 0, 3
60, 20, 1, 0, 3
60, 20, 1, 0, 3
60, 20, 1, 0, 3
60, 20, 1, 0, 3
60, 20, 1, 0, 3
60, 20, 1, 0, 3
60, 20, 1, 0, 3
60, 20, 1, 0, 3
60, 20, 1, 0, 3
60, 20, 1, 0, 3
60, 20, 1, 0, 3
60, 20, 1, 0, 3
60, 20, 1, 0, 3
60, 20, 1, 0, 3
60, 20, 1, 0, 3
60, 20, 1, 0, 3
60, 20, 1, 0, 3
60, 20, 1, 0, 3
60, 20, 1, 0, 3
61, 7, 0, 1, 2
61, 7, 0, 1, 2
61, 7, 0, 1, 2
61, 7, 0, 1, 2
61, 7, 0, 1, 2
61, 7, 0, 1, 2
61, 7, 0, 1, 2
61, 28, 1, 0, 3
61, 28, 1, 0, 3
61, 28, 1, 0, 3
61, 28, 1, 0, 3
61, 28, 1, 0, 3
61, 28, 1, 0, 3
61, 28, 1, 0, 3
61, 28, 1, 0, 3
61, 28, 1, 0, 3
61, 28, 1, 0, 3
61, 28, 1, 0, 3
61, 28, 1, 0, 3
61, 28, 1, 0, 3
61, 28, 1, 0, 3
61, 28, 1, 0, 3
61, 28, 1, 0, 3
61, 28, 1, 0, 3
61, 28, 1, 0, 3
61, 28, 1, 0, 3
61, 28, 1, 0, 3
61, 28, 1, 0, 3
61, 28, 1, 0, 3
61, 28, 1, 0, 3
61, 28, 1, 0, 3
61, 28, 1, 0, 3
61, 28, 1, 0, 3
61, 28, 1, 0, 3
61, 28, 1, 0, 3
62, 7, 0, 1, 2
62, 7, 0, 1, 2
62, 7, 0, 1, 2
62, 7, 0, 1, 2
62, 7, 0, 1, 2
62, 7, 0, 1, 2
62, 7, 0, 1, 2
62, 28, 1, 0, 3
62, 28, 1, 0, 3
62, 28, 1, 0, 3
62, 28, 1, 0, 3
62, 28, 1, 0, 3
62, 28, 1, 0, 3
62, 28, 1, 0, 3
62, 28, 1, 0, 3
62, 28, 1, 0, 3
62, 28, 1, 0, 3
62, 28, 1, 0, 3
62, 28, 1, 0, 3
62, 28, 1, 0, 3
62, 28, 1, 0, 3
62, 28, 1, 0, 3
62, 28, 1, 0, 3
62, 28, 1, 0, 3
62, 28, 1, 0, 3
62, 28, 1, 0, 3
62, 28, 1, 0, 3
62, 28, 1, 0, 3
62, 28, 1, 0, 3
62, 28, 1, 0, 3
62, 28, 1, 0, 3
62, 28, 1, 0, 3
62, 28, 1, 0, 3
62, 28, 1, 0, 3
62, 28, 1, 0, 3
63, 7, 0, 1, 2
63, 7, 0, 1, 2
63, 7, 0, 1, 2
63, 7, 0, 1, 2
63, 7, 0, 1, 2
63, 7, 0, 1, 2
63, 7, 0, 1, 2
63, 28, 1, 0, 3
63, 28, 1, 0, 3
63, 28, 1, 0, 3
63, 28, 1, 0, 3
63, 28, 1, 0, 3
63, 28, 1, 0, 3
63, 28, 1, 0, 3
63, 28, 1, 0, 3
63, 28, 1, 0, 3
63, 28, 1, 0, 3
63, 28, 1, 0, 3
63, 28, 1, 0, 3
63, 28, 1, 0, 3
63, 28, 1, 0, 3
63, 28, 1, 0, 3
63, 28, 1, 0, 3
63, 28, 1, 0, 3
63, 28, 1, 0, 3
63, 28, 1, 0, 3
63, 28, 1, 0, 3
63, 28, 1, 0, 3
63, 28, 1, 0, 3
63, 28, 1, 0, 3
63, 28, 1, 0, 3
63, 28, 1, 0, 3
63, 28, 1, 0, 3
63, 28, 1, 0, 3
63, 28, 1, 0, 3
64, 7, 0, 1, 2
64, 7, 0, 1, 2
64, 7, 0, 1, 2
64, 7, 0, 1, 2
64, 7, 0, 1, 2
64, 7, 0, 1, 2
64, 7, 0, 1, 2
64, 28, 1, 0, 3
64, 28, 1, 0, 3
64, 28, 1, 0, 3
64, 28, 1, 0, 3
64, 28, 1, 0, 3
64, 28, 1, 0, 3
64, 28, 1, 0, 3
64, 28, 1, 0, 3
64, 28, 1, 0, 3
64, 28, 1, 0, 3
64, 28, 1, 0, 3
64, 28, 1, 0, 3
64, 28, 1, 0, 3
64, 28, 1, 0, 3
64, 28, 1, 0, 3
64, 28, 1, 0, 3
64, 28, 1, 0, 3
64, 28, 1, 0, 3
64, 28, 1, 0, 3
64, 28, 1, 0, 3
64, 28, 1, 0, 3
64, 28, 1, 0, 3
64, 28, 1, 0, 3
64, 28, 1, 0, 3
64, 28, 1, 0, 3
64, 28, 1, 0, 3
64, 28, 1, 0, 3
64, 28, 1, 0, 3
65, 7, 0, 1, 2
65, 7, 0, 1, 2
65, 7, 0, 1, 2
65, 7, 0, 1, 2
65, 7, 0, 1, 2
65, 7, 0, 1, 2
65, 7, 0, 1, 2
65, 28, 1, 0, 3
65, 28, 1, 0, 3
65, 28, 1, 0, 3
65, 28, 1, 0, 3
65, 28, 1, 0, 3
65, 28, 1, 0, 3
65, 28, 1, 0, 3
65, 28, 1, 0, 3
65, 28, 1, 0, 3
65, 28, 1, 0, 3
65, 28, 1, 0, 3
65, 28, 1, 0, 3
65, 28, 1, 0, 3
65, 28, 1, 0, 3
65, 28, 1, 0, 3
65, 28, 1, 0, 3
65, 28, 1, 0, 3
65, 28, 1, 0, 3
65, 28, 1, 0, 3
65, 28, 1, 0, 3
65, 28, 1, 0, 3
65, 28, 1, 0, 3
65, 28, 1, 0, 3
65, 28, 1, 0, 3
65, 28, 1, 0, 3
65, 28, 1, 0, 3
65, 28, 1, 0, 3
65, 28, 1, 0, 3
66, 7, 0, 1, 2
66, 7, 0, 1, 2
66, 7, 0, 1, 2
66, 7, 0, 1, 2
66, 7, 0, 1, 2
66, 7, 0, 1, 2
66, 7, 0, 1, 2
66, 28, 1, 0, 3
66, 28, 1, 0, 3
66, 28, 1, 0, 3
66, 28, 1, 0, 3
66, 28, 1, 0, 3
66, 28, 1, 0, 3
66, 28, 1, 0, 3
66, 28, 1, 0, 3
66, 28, 1, 0, 3
66, 28, 1, 0, 3
66, 28, 1, 0, 3
66, 28, 1, 0, 3
66, 28, 1, 0, 3
66, 28, 1, 0, 3
66, 28, 1, 0, 3
66, 28, 1, 0, 3
66, 28, 1, 0, 3
66, 28, 1, 0, 3
66, 28, 1, 0, 3
66, 28, 1, 0, 3
66, 28, 1, 0, 3
66, 28, 1, 0, 3
66, 28, 1, 0, 3
66, 28, 1, 0, 3
66, 28, 1, 0, 3
66, 28, 1, 0, 3
66, 28, 1, 0, 3
66, 28, 1, 0, 3
67, 12, 0, 1, 2
67, 12, 0, 1, 2
67, 12, 0, 1, 2
67, 12, 0, 1, 2
67, 12, 0, 1, 2
67, 12, 0, 1, 2
67, 12, 0, 1, 2
67, 12, 0, 1, 2
67, 12, 0, 1, 2
67, 12, 0, 1, 2
67, 12, 0, 1, 2
67, 12, 0, 1, 2
67, 84, 1, 0, 3
67, 84, 1, 0, 3
67, 84, 1, 0, 3
67, 84, 1, 0, 3
67, 84, 1, 0, 3
67, 84, 1, 0, 3
67, 84, 1, 0, 3
67, 84, 1, 0, 3
67, 84, 1, 0, 3
67, 84, 1, 0, 3
67, 84, 1, 0, 3
67, 84, 1, 0, 3
67, 84, 1, 0, 3
67, 84, 1, 0, 3
67, 84, 1, 0, 3
67, 84, 1, 0, 3
67, 84, 1, 0, 3
67, 84, 1, 0, 3
67, 84, 1, 0, 3
67, 84, 1, 0, 3
67, 84, 1, 0, 3
67, 84, 1, 0, 3
67, 84, 1, 0, 3
67, 84, 1, 0, 3
67, 84, 1, 0, 3
67, 84, 1, 0, 3
67, 84, 1, 0, 3
67, 84, 1, 0, 3
67, 84, 1, 0, 3
67, 84, 1, 0, 3
67, 84, 1, 0, 3
67, 84, 1, 0, 3
67, 84, 1, 0, 3
67, 84, 1, 0, 3
67, 84, 1, 0, 3
67, 84, 1, 0, 3
67, 84, 1, 0, 3
67, 84, 1, 0, 3
67, 84, 1, 0, 3
67, 84, 1, 0, 3
67, 84, 1, 0, 3
67, 84, 1, 0, 3
67, 84, 1, 0, 3
67, 84, 1, 0, 3
67, 84, 1, 0, 3
67, 84, 1, 0, 3
67, 84, 1, 0, 3
67, 84, 1, 0, 3
67, 84, 1, 0, 3
67, 84, 1, 0, 3
67, 84, 1, 0, 3
67, 84, 1, 0, 3
67, 84, 1, 0, 3
67, 84, 1, 0, 3
67, 84, 1, 0, 3
67, 84, 1, 0, 3
67, 84, 1, 0, 3
67, 84, 1, 0, 3
67, 84, 1, 0, 3
67, 84, 1, 0, 3
67, 84, 1, 0, 3
67, 84, 1, 0, 3
67, 84, 1, 0, 3
67, 84, 1, 0, 3
67, 84, 1, 0, 3
67, 84, 1, 0, 3
67, 84, 1, 0, 3
67, 84, 1, 0, 3
67, 84, 1, 0, 3
67, 84, 1, 0, 3
67, 84, 1, 0, 3
67, 84, 1, 0, 3
67, 84, 1, 0, 3
67, 84, 1, 0, 3
67, 84, 1, 0, 3
67, 84, 1, 0, 3
67, 84, 1, 0, 3
67, 84, 1, 0, 3
67, 84, 1, 0, 3
67, 84, 1, 0, 3
67, 84, 1, 0, 3
67, 84, 1, 0, 3
67, 84, 1, 0, 3
67, 84, 1, 0, 3
68, 12, 0, 1, 2
68, 12, 0, 1, 2
68, 12, 0, 1, 2
68, 12, 0, 1, 2
68, 12, 0, 1, 2
68, 12, 0, 1, 2
68, 12, 0, 1, 2
68, 12, 0, 1, 2
68, 12, 0, 1, 2
68, 12, 0, 1, 2
68, 12, 0, 1, 2
68, 12, 0, 1, 2
68, 84, 1, 0, 3
68, 84, 1, 0, 3
68, 84, 1, 0, 3
68, 84, 1, 0, 3
68, 84, 1, 0, 3
68, 84, 1, 0, 3
68, 84, 1, 0, 3
68, 84, 1, 0, 3
68, 84, 1, 0, 3
68, 84, 1, 0, 3
68, 84, 1, 0, 3
68, 84, 1, 0, 3
68, 84, 1, 0, 3
68, 84, 1, 0, 3
68, 84, 1, 0, 3
68, 84, 1, 0, 3
68, 84, 1, 0, 3
68, 84, 1, 0, 3
68, 84, 1, 0, 3
68, 84, 1, 0, 3
68, 84, 1, 0, 3
68, 84, 1, 0, 3
68, 84, 1, 0, 3
68, 84, 1, 0, 3
68, 84, 1, 0, 3
68, 84, 1, 0, 3
68, 84, 1, 0, 3
68, 84, 1, 0, 3
68, 84, 1, 0, 3
68, 84, 1, 0, 3
68, 84, 1, 0, 3
68, 84, 1, 0, 3
68, 84, 1, 0, 3
68, 84, 1, 0, 3
68, 84, 1, 0, 3
68, 84, 1, 0, 3
68, 84, 1, 0, 3
68, 84, 1, 0, 3
68, 84, 1, 0, 3
68, 84, 1, 0, 3
68, 84, 1, 0, 3
68, 84, 1, 0, 3
68, 84, 1, 0, 3
68, 84, 1, 0, 3
68, 84, 1, 0, 3
68, 84, 1, 0, 3
68, 84, 1, 0, 3
68, 84, 1, 0, 3
68, 84, 1, 0, 3
68, 84, 1, 0, 3
68, 84, 1, 0, 3
68, 84, 1, 0, 3
68, 84, 1, 0, 3
68, 84, 1, 0, 3
68, 84, 1, 0, 3
68, 84, 1, 0, 3
68, 84, 1, 0, 3
68, 84, 1, 0, 3
68, 84, 1, 0, 3
68, 84, 1, 0, 3
68, 84, 1, 0, 3
68, 84, 1, 0, 3
68, 84, 1, 0, 3
68, 84, 1, 0, 3
68, 84, 1, 0, 3
68, 84, 1, 0, 3
68, 84, 1, 0, 3
68, 84, 1, 0, 3
68, 84, 1, 0, 3
68, 84, 1, 0, 3
68, 84, 1, 0, 3
68, 84, 1, 0, 3
68, 84, 1, 0, 3
68, 84, 1, 0, 3
68, 84, 1, 0, 3
68, 84, 1, 0, 3
68, 84, 1, 0, 3
68, 84, 1, 0, 3
68, 84, 1, 0, 3
68, 84, 1, 0, 3
68, 84, 1, 0, 3
68, 84, 1, 0, 3
68, 84, 1, 0, 3
68, 84, 1, 0, 3
69, 7, 0, 1, 2
69, 7, 0, 1, 2
69, 7, 0, 1, 2
69, 7, 0, 1, 2
69, 7, 0, 1, 2
69, 7, 0, 1, 2
69, 7, 0, 1, 2
69, 49, 1, 0, 3
69, 49, 1, 0, 3
69, 49, 1, 0, 3
69, 49, 1, 0, 3
69, 49, 1, 0, 3
69, 49, 1, 0, 3
69, 49, 1, 0, 3
69, 49, 1, 0, 3
69, 49, 1, 0, 3
69, 49, 1, 0, 3
69, 49, 1, 0, 3
69, 49, 1, 0, 3
69, 49, 1, 0, 3
69, 49, 1, 0, 3
69, 49, 1, 0, 3
69, 49, 1, 0, 3
69, 49, 1, 0, 3
69, 49, 1, 0, 3
69, 49, 1, 0, 3
69, 49, 1, 0, 3
69, 49, 1, 0, 3
69, 49, 1, 0, 3
69, 49, 1, 0, 3
69, 49, 1, 0, 3
69, 49, 1, 0, 3
69, 49, 1, 0, 3
69, 49, 1, 0, 3
69, 49, 1, 0, 3
69, 49, 1, 0, 4
69, 49, 1, 0, 4
69, 49, 1, 0, 4
69, 49, 1, 0, 4
69, 49, 1, 0, 4
69, 49, 1, 0, 4
69, 49, 1, 0, 4
69, 49, 1, 0, 4
69, 49, 1, 0, 4
69, 49, 1, 0, 4
69, 49, 1, 0, 4
69, 49, 1, 0, 4
69, 49, 1, 0, 4
69, 49, 1, 0, 4
69, 49, 1, 0, 4
69, 49, 1, 0, 4
69, 49, 1, 0, 4
69, 49, 1, 0, 4
69, 49, 1, 0, 4
69, 49, 1, 0, 4
69, 49, 1, 0, 4
70, 7, 0, 1, 2
70, 7, 0, 1, 2
70, 7, 0, 1, 2
70, 7, 0, 1, 2
70, 7, 0, 1, 2
70, 7, 0, 1, 2
70, 7, 0, 1, 2
70, 49, 1, 0, 3
70, 49, 1, 0, 3
70, 49, 1, 0, 3
70, 49, 1, 0, 3
70, 49, 1, 0, 3
70, 49, 1, 0, 3
70, 49, 1, 0, 3
70, 49, 1, 0, 3
70, 49, 1, 0, 3
70, 49, 1, 0, 3
70, 49, 1, 0, 3
70, 49, 1, 0, 3
70, 49, 1, 0, 3
70, 49, 1, 0, 3
70, 49, 1, 0, 3
70, 49, 1, 0, 3
70, 49, 1, 0, 3
70, 49, 1, 0, 3
70, 49, 1, 0, 3
70, 49, 1, 0, 3
70, 49, 1, 0, 3
70, 49, 1, 0, 3
70, 49, 1, 0, 3
70, 49, 1, 0, 3
70, 49, 1, 0, 3
70, 49, 1, 0, 3
70, 49, 1, 0, 3
70, 49, 1, 0, 3
70, 49, 1, 0, 4
70, 49, 1, 0, 4
70, 49, 1, 0, 4
70, 49, 1, 0, 4
70, 49, 1, 0, 4
70, 49, 1, 0, 4
70, 49, 1, 0, 4
70, 49, 1, 0, 4
70, 49, 1, 0, 4
70, 49, 1, 0, 4
70, 49, 1, 0, 4
70, 49, 1, 0, 4
70, 49, 1, 0, 4
70, 49, 1, 0, 4
70, 49, 1, 0, 4
70, 49, 1, 0, 4
70, 49, 1, 0, 4
70, 49, 1, 0, 4
70, 49, 1, 0, 4
70, 49, 1, 0, 4
70, 49, 1, 0, 4
71, 7, 0, 1, 2
71, 7, 0, 1, 2
71, 7, 0, 1, 2
71, 7, 0, 1, 2
71, 7, 0, 1, 2
71, 7, 0, 1, 2
71, 7, 0, 1, 2
71, 49, 1, 0, 3
71, 49, 1, 0, 3
71, 49, 1, 0, 3
71, 49, 1, 0, 3
71, 49, 1, 0, 3
71, 49, 1, 0, 3
71, 49, 1, 0, 3
71, 49, 1, 0, 3
71, 49, 1, 0, 3
71, 49, 1, 0, 3
71, 49, 1, 0, 3
71, 49, 1, 0, 3
71, 49, 1, 0, 3
71, 49, 1, 0, 3
71, 49, 1, 0, 3
71, 49, 1, 0, 3
71, 49, 1, 0, 3
71, 49, 1, 0, 3
71, 49, 1, 0, 3
71, 49, 1, 0, 3
71, 49, 1, 0, 3
71, 49, 1, 0, 3
71, 49, 1, 0, 3
71, 49, 1, 0, 3
71, 49, 1, 0, 3
71, 49, 1, 0, 3
71, 49, 1, 0, 3
71, 49, 1, 0, 3
71, 49, 1, 0, 4
71, 49, 1, 0, 4
71, 49, 1, 0, 4
71, 49, 1, 0, 4
71, 49, 1, 0, 4
71, 49, 1, 0, 4
71, 49, 1, 0, 4
71, 49, 1, 0, 4
71, 49, 1, 0, 4
71, 49, 1, 0, 4
71, 49, 1, 0, 4
71, 49, 1, 0, 4
71, 49, 1, 0, 4
71, 49, 1, 0, 4
71, 49, 1, 0, 4
71, 49, 1, 0, 4
71, 49, 1, 0, 4
71, 49, 1, 0, 4
71, 49, 1, 0, 4
71, 49, 1, 0, 4
71, 49, 1, 0, 4
72, 7, 0, 1, 2
72, 7, 0, 1, 2
72, 7, 0, 1, 2
72, 7, 0, 1, 2
72, 7, 0, 1, 2
72, 7, 0, 1, 2
72, 7, 0, 1, 2
72, 49, 1, 0, 3
72, 49, 1, 0, 3
72, 49, 1, 0, 3
72, 49, 1, 0, 3
72, 49, 1, 0, 3
72, 49, 1, 0, 3
72, 49, 1, 0, 3
72, 49, 1, 0, 3
72, 49, 1, 0, 3
72, 49, 1, 0, 3
72, 49, 1, 0, 3
72, 49, 1, 0, 3
72, 49, 1, 0, 3
72, 49, 1, 0, 3
72, 49, 1, 0, 3
72, 49, 1, 0, 3
72, 49, 1, 0, 3
72, 49, 1, 0, 3
72, 49, 1, 0, 3
72, 49, 1, 0, 3
72, 49, 1, 0, 3
72, 49, 1, 0, 3
72, 49, 1, 0, 3
72, 49, 1, 0, 3
72, 49, 1, 0, 3
72, 49, 1, 0, 3
72, 49, 1, 0, 3
72, 49, 1, 0, 3
72, 49, 1, 0, 4
72, 49, 1, 0, 4
72, 49, 1, 0, 4
72, 49, 1, 0, 4
72, 49, 1, 0, 4
72, 49, 1, 0, 4
72, 49, 1, 0, 4
72, 49, 1, 0, 4
72, 49, 1, 0, 4
72, 49, 1, 0, 4
72, 49, 1, 0, 4
72, 49, 1, 0, 4
72, 49, 1, 0, 4
72, 49, 1, 0, 4
72, 49, 1, 0, 4
72, 49, 1, 0, 4
72, 49, 1, 0, 4
72, 49, 1, 0, 4
72, 49, 1, 0, 4
72, 49, 1, 0, 4
72, 49, 1, 0, 4
73, 7, 0, 1, 2
73, 7, 0, 1, 2
73, 7, 0, 1, 2
73, 7, 0, 1, 2
73, 7, 0, 1, 2
73, 7, 0, 1, 2
73, 7, 0, 1, 2
73, 49, 1, 0, 3
73, 49, 1, 0, 3
73, 49, 1, 0, 3
73, 49, 1, 0, 3
73, 49, 1, 0, 3
73, 49, 1, 0, 3
73, 49, 1, 0, 3
73, 49, 1, 0, 3
73, 49, 1, 0, 3
73, 49, 1, 0, 3
73, 49, 1, 0, 3
73, 49, 1, 0, 3
73, 49, 1, 0, 3
73, 49, 1, 0, 3
73, 49, 1, 0, 3
73, 49, 1, 0, 3
73, 49, 1, 0, 3
73, 49, 1, 0, 3
73, 49, 1, 0, 3
73, 49, 1, 0, 3
73, 49, 1, 0, 3
73, 49, 1, 0, 3
73, 49, 1, 0, 3
73, 49, 1, 0, 3
73, 49, 1, 0, 3
73, 49, 1, 0, 3
73, 49, 1, 0, 3
73, 49, 1, 0, 3
73, 49, 1, 0, 4
73, 49, 1, 0, 4
73, 49, 1, 0, 4
73, 49, 1, 0, 4
73, 49, 1, 0, 4
73, 49, 1, 0, 4
73, 49, 1, 0, 4
73, 49, 1, 0, 4
73, 49, 1, 0, 4
73, 49, 1, 0, 4
73, 49, 1, 0, 4
73, 49, 1, 0, 4
73, 49, 1, 0, 4
73, 49, 1, 0, 4
73, 49, 1, 0, 4
73, 49, 1, 0, 4
73, 49, 1, 0, 4
73, 49, 1, 0, 4
73, 49, 1, 0, 4
73, 49, 1, 0, 4
73, 49, 1, 0, 4
74, 7, 0, 1, 2
74, 7, 0, 1, 2
74, 7, 0, 1, 2
74, 7, 0, 1, 2
74, 7, 0, 1, 2
74, 7, 0, 1, 2
74, 7, 0, 1, 2
74, 49, 1, 0, 3
74, 49, 1, 0, 3
74, 49, 1, 0, 3
74, 49, 1, 0, 3
74, 49, 1, 0, 3
74, 49, 1, 0, 3
74, 49, 1, 0, 3
74, 49, 1, 0, 3
74, 49, 1, 0, 3
74, 49, 1, 0, 3
74, 49, 1, 0, 3
74, 49, 1, 0, 3
74, 49, 1, 0, 3
74, 49, 1, 0, 3
74, 49, 1, 0, 3
74, 49, 1, 0, 3
74, 49, 1, 0, 3
74, 49, 1, 0, 3
74, 49, 1, 0, 3
74, 49, 1, 0, 3
74, 49, 1, 0, 3
74, 49, 1, 0, 3
74, 49, 1, 0, 3
74, 49, 1, 0, 3
74, 49, 1, 0, 3
74, 49, 1, 0, 3
74, 49, 1, 0, 3
74, 49, 1, 0, 3
74, 49, 1, 0, 4
74, 49, 1, 0, 4
74, 49, 1, 0, 4
74, 49, 1, 0, 4
74, 49, 1, 0, 4
74, 49, 1, 0, 4
74, 49, 1, 0, 4
74, 49, 1, 0, 4
74, 49, 1, 0, 4
74, 49, 1, 0, 4
74, 49, 1, 0, 4
74, 49, 1, 0, 4
74, 49, 1, 0, 4
74, 49, 1, 0, 4
74, 49, 1, 0, 4
74, 49, 1, 0, 4
74, 49, 1, 0, 4
74, 49, 1, 0, 4
74, 49, 1, 0, 4
74, 49, 1, 0, 4
74, 49, 1, 0, 4
75, 13, 0, 1, 2
75, 13, 0, 1, 2
75, 13, 0, 1, 2
75, 13, 0, 1, 2
75, 13, 0, 1, 2
75, 13, 0, 1, 2
75, 13, 0, 1, 2
75, 13, 0, 1, 2
75, 13, 0, 1, 2
75, 13, 0, 1, 2
75, 13, 0, 1, 2
75, 13, 0, 1, 2
75, 13, 0, 1, 2
75, 91, 1, 0, 3
75, 91, 1, 0, 3
75, 91, 1, 0, 3
75, 91, 1, 0, 3
75, 91, 1, 0, 3
75, 91, 1, 0, 3
75, 91, 1, 0, 3
75, 91, 1, 0, 3
75, 91, 1, 0, 3
75, 91, 1, 0, 3
75, 91, 1, 0, 3
75, 91, 1, 0, 3
75, 91, 1, 0, 3
75, 91, 1, 0, 3
75, 91, 1, 0, 3
75, 91, 1, 0, 3
75, 91, 1, 0, 3
75, 91, 1, 0, 3
75, 91, 1, 0, 3
75, 91, 1, 0, 3
75, 91, 1, 0, 3
75, 91, 1, 0, 3
75, 91, 1, 0, 3
75, 91, 1, 0, 3
75, 91, 1, 0, 3
75, 91, 1, 0, 3
75, 91, 1, 0, 3
75, 91, 1, 0, 3
75, 91, 1, 0, 3
75, 91, 1, 0, 3
75, 91, 1, 0, 3
75, 91, 1, 0, 3
75, 91, 1, 0, 3
75, 91, 1, 0, 3
75, 91, 1, 0, 3
75, 91, 1, 0, 3
75, 91, 1, 0, 3
75, 91, 1, 0, 3
75, 91, 1, 0, 3
75, 91, 1, 0, 3
75, 91, 1, 0, 3
75, 91, 1, 0, 3
75, 91, 1, 0, 3
75, 91, 1, 0, 3
75, 91, 1, 0, 3
75, 91, 1, 0, 3
75, 91, 1, 0, 3
75, 91, 1, 0, 3
75, 91, 1, 0, 3
75, 91, 1, 0, 3
75, 91, 1, 0, 3
75, 91, 1, 0, 3
75, 91, 1, 0, 3
75, 91, 1, 0, 3
75, 91, 1, 0, 3
75, 91, 1, 0, 3
75, 91, 1, 0, 3
75, 91, 1, 0, 3
75, 91, 1, 0, 3
75, 91, 1, 0, 3
75, 91, 1, 0, 3
75, 91, 1, 0, 3
75, 91, 1, 0, 3
75, 91, 1, 0, 3
75, 91, 1, 0, 3
75, 91, 1, 0, 3
75, 91, 1, 0, 3
75, 91, 1, 0, 3
75, 91, 1, 0, 3
75, 91, 1, 0, 3
75, 91, 1, 0, 3
75, 91, 1, 0, 3
75, 91, 1, 0, 3
75, 91, 1, 0, 3
75, 91, 1, 0, 3
75, 91, 1, 0, 3
75, 91, 1, 0, 3
75, 91, 1, 0, 3
75, 91, 1, 0, 3
75, 91, 1, 0, 3
75, 91, 1, 0, 3
75, 91, 1, 0, 3
75, 91, 1, 0, 3
75, 91, 1, 0, 3
75, 91, 1, 0, 3
75, 91, 1, 0, 3
75, 91, 1, 0, 3
75, 91, 1, 0, 3
75, 91, 1, 0, 3
75, 91, 1, 0, 3
75, 91, 1, 0, 3
76, 7, 0, 1, 2
76, 7, 0, 1, 2
76, 7, 0, 1, 2
76, 7, 0, 1, 2
76, 7, 0, 1, 2
76, 7, 0, 1, 2
76, 7, 0, 1, 2
76, 56, 1, 0, 3
76, 56, 1, 0, 3
76, 56, 1, 0, 3
76, 56, 1, 0, 3
76, 56, 1, 0, 3
76, 56, 1, 0, 3
76, 56, 1, 0, 3
76, 56, 1, 0, 3
76, 56, 1, 0, 3
76, 56, 1, 0, 3
76, 56, 1, 0, 3
76, 56, 1, 0, 3
76, 56, 1, 0, 3
76, 56, 1, 0, 3
76, 56, 1, 0, 3
76, 56, 1, 0, 3
76, 56, 1, 0, 3
76, 56, 1, 0, 3
76, 56, 1, 0, 3
76, 56, 1, 0, 3
76, 56, 1, 0, 3
76, 56, 1, 0, 3
76, 56, 1, 0, 3
76, 56, 1, 0, 3
76, 56, 1, 0, 3
76, 56, 1, 0, 3
76, 56, 1, 0, 3
76, 56, 1, 0, 3
76, 56, 1, 0, 4
76, 56, 1, 0, 4
76, 56, 1, 0, 4
76, 56, 1, 0, 4
76, 56, 1, 0, 4
76, 56, 1, 0, 4
76, 56, 1, 0, 4
76, 56, 1, 0, 4
76, 56, 1, 0, 4
76, 56, 1, 0, 4
76, 56, 1, 0, 4
76, 56, 1, 0, 4
76, 56, 1, 0, 4
76, 56, 1, 0, 4
76, 56, 1, 0, 4
76, 56, 1, 0, 4
76, 56, 1, 0, 4
76, 56, 1, 0, 4
76, 56, 1, 0, 4
76, 56, 1, 0, 4
76, 56, 1, 0, 4
76, 56, 1, 0, 4
76, 56, 1, 0, 4
76, 56, 1, 0, 4
76, 56, 1, 0, 4
76, 56, 1, 0, 4
76, 56, 1, 0, 4
76, 56, 1, 0, 4
77, 7, 0, 1, 2
77, 7, 0, 1, 2
77, 7, 0, 1, 2
77, 7, 0, 1, 2
77, 7, 0, 1, 2
77, 7, 0, 1, 2
77, 7, 0, 1, 2
77, 56, 1, 0, 3
77, 56, 1, 0, 3
77, 56, 1, 0, 3
77, 56, 1, 0, 3
77, 56, 1, 0, 3
77, 56, 1, 0, 3
77, 56, 1, 0, 3
77, 56, 1, 0, 3
77, 56, 1, 0, 3
77, 56, 1, 0, 3
77, 56, 1, 0, 3
77, 56, 1, 0, 3
77, 56, 1, 0, 3
77, 56, 1, 0, 3
77, 56, 1, 0, 3
77, 56, 1, 0, 3
77, 56, 1, 0, 3
77, 56, 1, 0, 3
77, 56, 1, 0, 3
77, 56, 1, 0, 3
77, 56, 1, 0, 3
77, 56, 1, 0, 3
77, 56, 1, 0, 3
77, 56, 1, 0, 3
77, 56, 1, 0, 3
77, 56, 1, 0, 3
77, 56, 1, 0, 3
77, 56, 1, 0, 3
77, 56, 1, 0, 4
77, 56, 1, 0, 4
77, 56, 1, 0, 4
77, 56, 1, 0, 4
77, 56, 1, 0, 4
77, 56, 1, 0, 4
77, 56, 1, 0, 4
77, 56, 1, 0, 4
77, 56, 1, 0, 4
77, 56, 1, 0, 4
77, 56, 1, 0, 4
77, 56, 1, 0, 4
77, 56, 1, 0, 4
77, 56, 1, 0, 4
77, 56, 1, 0, 4
77, 56, 1, 0, 4
77, 56, 1, 0, 4
77, 56, 1, 0, 4
77, 56, 1, 0, 4
77, 56, 1, 0, 4
77, 56, 1, 0, 4
77, 56, 1, 0, 4
77, 56, 1, 0, 4
77, 56, 1, 0, 4
77, 56, 1, 0, 4
77, 56, 1, 0, 4
77, 56, 1, 0, 4
77, 56, 1, 0, 4
78, 7, 0, 1, 2
78, 7, 0, 1, 2
78, 7, 0, 1, 2
78, 7, 0, 1, 2
78, 7, 0, 1, 2
78, 7, 0, 1, 2
78, 7, 0, 1, 2
78, 56, 1, 0, 3
78, 56, 1, 0, 3
78, 56, 1, 0, 3
78, 56, 1, 0, 3
78, 56, 1, 0, 3
78, 56, 1, 0, 3
78, 56, 1, 0, 3
78, 56, 1, 0, 3
78, 56, 1, 0, 3
78, 56, 1, 0, 3
78, 56, 1, 0, 3
78, 56, 1, 0, 3
78, 56, 1, 0, 3
78, 56, 1, 0, 3
78, 56, 1, 0, 3
78, 56, 1, 0, 3
78, 56, 1, 0, 3
78, 56, 1, 0, 3
78, 56, 1, 0, 3
78, 56, 1, 0, 3
78, 56, 1, 0, 3
78, 56, 1, 0, 3
78, 56, 1, 0, 3
78, 56, 1, 0, 3
78, 56, 1, 0, 3
78, 56, 1, 0, 3
78, 56, 1, 0, 3
78, 56, 1, 0, 3
78, 56, 1, 0, 4
78, 56, 1, 0, 4
78, 56, 1, 0, 4
78, 56, 1, 0, 4
78, 56, 1, 0, 4
78, 56, 1, 0, 4
78, 56, 1, 0, 4
78, 56, 1, 0, 4
78, 56, 1, 0, 4
78, 56, 1, 0, 4
78, 56, 1, 0, 4
78, 56, 1, 0, 4
78, 56, 1, 0, 4
78, 56, 1, 0, 4
78, 56, 1, 0, 4
78, 56, 1, 0, 4
78, 56, 1, 0, 4
78, 56, 1, 0, 4
78, 56, 1, 0, 4
78, 56, 1, 0, 4
78, 56, 1, 0, 4
78, 56, 1, 0, 4
78, 56, 1, 0, 4
78, 56, 1, 0, 4
78, 56, 1, 0, 4
78, 56, 1, 0, 4
78, 56, 1, 0, 4
78, 56, 1, 0, 4
79, 7, 0, 1, 2
79, 7, 0, 1, 2
79, 7, 0, 1, 2
79, 7, 0, 1, 2
79, 7, 0, 1, 2
79, 7, 0, 1, 2
79, 7, 0, 1, 2
79, 49, 1, 0, 3
79, 49, 1, 0, 3
79, 49, 1, 0, 3
79, 49, 1, 0, 3
79, 49, 1, 0, 3
79, 49, 1, 0, 3
79, 49, 1, 0, 3
79, 49, 1, 0, 3
79, 49, 1, 0, 3
79, 49, 1, 0, 3
79, 49, 1, 0, 3
79, 49, 1, 0, 3
79, 49, 1, 0, 3
79, 49, 1, 0, 3
79, 49, 1, 0, 3
79, 49, 1, 0, 3
79, 49, 1, 0, 3
79, 49, 1, 0, 3
79, 49, 1, 0, 3
79, 49, 1, 0, 3
79, 49, 1, 0, 3
79, 49, 1, 0, 3
79, 49, 1, 0, 3
79, 49, 1, 0, 3
79, 49, 1, 0, 3
79, 49, 1, 0, 3
79, 49, 1, 0, 3
79, 49, 1, 0, 3
79, 49, 1, 0, 4
79, 49, 1, 0, 4
79, 49, 1, 0, 4
79, 49, 1, 0, 4
79, 49, 1, 0, 4
79, 49, 1, 0, 4
79, 49, 1, 0, 4
79, 49, 1, 0, 4
79, 49, 1, 0, 4
79, 49, 1, 0, 4
79, 49, 1, 0, 4
79, 49, 1, 0, 4
79, 49, 1, 0, 4
79, 49, 1, 0, 4
79, 49, 1, 0, 4
79, 49, 1, 0, 4
79, 49, 1, 0, 4
79, 49, 1, 0, 4
79, 49, 1, 0, 4
79, 49, 1, 0, 4
79, 49, 1, 0, 4
80, 38, 0, 2, 3
80, 38, 0, 2, 3
80, 38, 0, 2, 3
80, 38, 0, 2, 3
80, 38, 0, 2, 3
80, 38, 0, 2, 3
80, 38, 0, 2, 3
80, 38, 0, 2, 3
80, 38, 0, 2, 3
80, 38, 0, 2, 3
80, 38, 0, 2, 3
80, 38, 0, 2, 3
80, 38, 0, 2, 3
80, 38, 0, 2, 3
80, 38, 0, 2, 3
80, 38, 0, 2, 3
80, 38, 0, 2, 4
80, 38, 0, 2, 4
80, 38, 0, 2, 4
80, 38, 0, 2, 4
80, 38, 0, 2, 4
80, 38, 0, 2, 4
80, 38, 0, 2, 4
80, 38, 0, 2, 4
80, 38, 0, 2, 4
80, 38, 0, 2, 4
80, 38, 0, 4, 3
80, 38, 0, 4, 3
80, 38, 0, 4, 3
80, 38, 0, 4, 3
80, 38, 0, 5, 3
80, 38, 0, 5, 3
80, 38, 0, 5, 3
80, 38, 0, 5, 3
80, 38, 0, 5, 3
80, 38, 0, 5, 3
80, 38, 0, 5, 3
80, 38, 0, 5, 3
80, 38, 1, 3, 3
80, 38, 1, 3, 3
80, 38, 1, 3, 3
80, 38, 1, 3, 3
80, 38, 1, 3, 3
80, 38, 1, 3, 3
80, 38, 1, 3, 3
80, 38, 1, 3, 3
80, 38, 1, 3, 3
80, 38, 1, 3, 3
80, 38, 1, 3, 3
80, 38, 1, 3, 3
80, 38, 1, 3, 3
80, 38, 1, 3, 3
80, 38, 1, 3, 3
80, 38, 1, 3, 3
80, 38, 1, 3, 4
80, 38, 1, 3, 4
80, 38, 1, 3, 4
80, 38, 1, 3, 4
80, 38, 1, 3, 4
80, 38, 1, 3, 4
80, 38, 1, 3, 4
80, 38, 1, 3, 4
80, 38, 1, 3, 4
80, 38, 1, 3, 4
80, 38, 1, 5, 3
80, 38, 1, 5, 3
80, 38, 1, 5, 3
80, 38, 1, 5, 3
80, 38, 1, 6, 3
80, 38, 1, 6, 3
80, 38, 1, 6, 3
80, 38, 1, 6, 3
80, 38, 1, 6, 3
80, 38, 1, 6, 3
80, 38, 1, 6, 3
80, 38, 1, 6, 3
80, 42, 2, 0, 2
80, 42, 2, 0, 2
80, 42, 2, 0, 2
80, 42, 2, 0, 2
80, 42, 2, 4, 3
80, 42, 2, 4, 3
80, 42, 2, 4, 3
80, 42, 2, 4, 3
80, 42, 2, 4, 3
80, 42, 2, 4, 3
80, 42, 2, 4, 3
80, 42, 2, 4, 3
80, 42, 2, 4, 3
80, 42, 2, 4, 3
80, 42, 2, 4, 3
80, 42, 2, 4, 3
80, 42, 2, 4, 3
80, 42, 2, 4, 3
80, 42, 2, 4, 3
80, 42, 2, 4, 3
80, 42, 2, 4, 4
80, 42, 2, 4, 4
80, 42, 2, 4, 4
80, 42, 2, 4, 4
80, 42, 2, 4, 4
80, 42, 2, 4, 4
80, 42, 2, 4, 4
80, 42, 2, 4, 4
80, 42, 2, 4, 4
80, 42, 2, 4, 4
80, 42, 2, 6, 3
80, 42, 2, 6, 3
80, 42, 2, 6, 3
80, 42, 2, 6, 3
80, 42, 2, 7, 3
80, 42, 2, 7, 3
80, 42, 2, 7, 3
80, 42, 2, 7, 3
80, 42, 2, 7, 3
80, 42, 2, 7, 3
80, 42, 2, 7, 3
80, 42, 2, 7, 3
80, 42, 3, 1, 2
80, 42, 3, 1, 2
80, 42, 3, 1, 2
80, 42, 3, 1, 2
80, 42, 3, 5, 3
80, 42, 3, 5, 3
80, 42, 3, 5, 3
80, 42, 3, 5, 3
80, 42, 3, 5, 3
80, 42, 3, 5, 3
80, 42, 3, 5, 3
80, 42, 3, 5, 3
80, 42, 3, 5, 3
80, 42, 3, 5, 3
80, 42, 3, 5, 3
80, 42, 3, 5, 3
80, 42, 3, 5, 3
80, 42, 3, 5, 3
80, 42, 3, 5, 3
80, 42, 3, 5, 3
80, 42, 3, 5, 4
80, 42, 3, 5, 4
80, 42, 3, 5, 4
80, 42, 3, 5, 4
80, 42, 3, 5, 4
80, 42, 3, 5, 4
80, 42, 3, 5, 4
80, 42, 3, 5, 4
80, 42, 3, 5, 4
80, 42, 3, 5, 4
80, 42, 3, 7, 3
80, 42, 3, 7, 3
80, 42, 3, 7, 3
80, 42, 3, 7, 3
80, 42, 3, 8, 3
80, 42, 3, 8, 3
80, 42, 3, 8, 3
80, 42, 3, 8, 3
80, 42, 3, 8, 3
80, 42, 3, 8, 3
80, 42, 3, 8, 3
80, 42, 3, 8, 3
80, 35, 4, 0, 2
80, 35, 4, 2, 2
80, 35, 4, 2, 2
80, 35, 4, 2, 2
80, 35, 4, 2, 2
80, 35, 4, 6, 3
80, 35, 4, 6, 3
80, 35, 4, 6, 3
80, 35, 4, 6, 3
80, 35, 4, 6, 3
80, 35, 4, 6, 3
80, 35, 4, 6, 3
80, 35, 4, 6, 3
80, 35, 4, 6, 3
80, 35, 4, 6, 3
80, 35, 4, 6, 3
80, 35, 4, 6, 3
80, 35, 4, 6, 3
80, 35, 4, 6, 3
80, 35, 4, 6, 3
80, 35, 4, 6, 3
80, 35, 4, 6, 4
80, 35, 4, 6, 4
80, 35, 4, 6, 4
80, 35, 4, 6, 4
80, 35, 4, 6, 4
80, 35, 4, 6, 4
80, 35, 4, 6, 4
80, 35, 4, 6, 4
80, 35, 4, 6, 4
80, 35, 4, 6, 4
80, 35, 4, 8, 3
80, 35, 4, 8, 3
80, 35, 4, 8, 3
80, 35, 4, 8, 3
80, 33, 5, 0, 2
80, 33, 5, 0, 2
80, 33, 5, 1, 2
80, 33, 5, 3, 2
80, 33, 5, 3, 2
80, 33, 5, 3, 2
80, 33, 5, 3, 2
80, 33, 5, 7, 3
80, 33, 5, 7, 3
80, 33, 5, 7, 3
80, 33, 5, 7, 3
80, 33, 5, 7, 3
80, 33, 5, 7, 3
80, 33, 5, 7, 3
80, 33, 5, 7, 3
80, 33, 5, 7, 3
80, 33, 5, 7, 3
80, 33, 5, 7, 3
80, 33, 5, 7, 3
80, 33, 5, 7, 3
80, 33, 5, 7, 3
80, 33, 5, 7, 3
80, 33, 5, 7, 3
80, 33, 5, 7, 4
80, 33, 5, 7, 4
80, 33, 5, 7, 4
80, 33, 5, 7, 4
80, 33, 5, 7, 4
80, 33, 5, 7, 4
80, 33, 5, 7, 4
80, 33, 5, 7, 4
80, 33, 5, 7, 4
80, 33, 5, 7, 4
80, 33, 6, 1, 2
80, 33, 6, 1, 2
80, 33, 6, 2, 2
80, 33, 6, 4, 2
80, 33, 6, 4, 2
80, 33, 6, 4, 2
80, 33, 6, 4, 2
80, 33, 6, 8, 3
80, 33, 6, 8, 3
80, 33, 6, 8, 3
80, 33, 6, 8, 3
80, 33, 6, 8, 3
80, 33, 6, 8, 3
80, 33, 6, 8, 3
80, 33, 6, 8, 3
80, 33, 6, 8, 3
80, 33, 6, 8, 3
80, 33, 6, 8, 3
80, 33, 6, 8, 3
80, 33, 6, 8, 3
80, 33, 6, 8, 3
80, 33, 6, 8, 3
80, 33, 6, 8, 3
80, 33, 6, 8, 4
80, 33, 6, 8, 4
80, 33, 6, 8, 4
80, 33, 6, 8, 4
80, 33, 6, 8, 4
80, 33, 6, 8, 4
80, 33, 6, 8, 4
80, 33, 6, 8, 4
80, 33, 6, 8, 4
80, 33, 6, 8, 4
80, 7, 7, 2, 2
80, 7, 7, 2, 2
80, 7, 7, 3, 2
80, 7, 7, 5, 2
80, 7, 7, 5, 2
80, 7, 7, 5, 2
80, 7, 7, 5, 2
80, 7, 8, 3, 2
80, 7, 8, 3, 2
80, 7, 8, 4, 2
80, 7, 8, 6, 2
80, 7, 8, 6, 2
80, 7, 8, 6, 2
80, 7, 8, 6, 2
81, 7, 0, 1, 2
81, 7, 0, 1, 2
81, 7, 0, 1, 2
81, 7, 0, 1, 2
81, 7, 0, 1, 2
81, 7, 0, 1, 2
81, 7, 0, 1, 2
81, 49, 1, 0, 3
81, 49, 1, 0, 3
81, 49, 1, 0, 3
81, 49, 1, 0, 3
81, 49, 1, 0, 3
81, 49, 1, 0, 3
81, 49, 1, 0, 3
81, 49, 1, 0, 3
81, 49, 1, 0, 3
81, 49, 1, 0, 3
81, 49, 1, 0, 3
81, 49, 1, 0, 3
81, 49, 1, 0, 3
81, 49, 1, 0, 3
81, 49, 1, 0, 3
81, 49, 1, 0, 3
81, 49, 1, 0, 3
81, 49, 1, 0, 3
81, 49, 1, 0, 3
81, 49, 1, 0, 3
81, 49, 1, 0, 3
81, 49, 1, 0, 3
81, 49, 1, 0, 3
81, 49, 1, 0, 3
81, 49, 1, 0, 3
81, 49, 1, 0, 3
81, 49, 1, 0, 3
81, 49, 1, 0, 3
81, 49, 1, 0, 4
81, 49, 1, 0, 4
81, 49, 1, 0, 4
81, 49, 1, 0, 4
81, 49, 1, 0, 4
81, 49, 1, 0, 4
81, 49, 1, 0, 4
81, 49, 1, 0, 4
81, 49, 1, 0, 4
81, 49, 1, 0, 4
81, 49, 1, 0, 4
81, 49, 1, 0, 4
81, 49, 1, 0, 4
81, 49, 1, 0, 4
81, 49, 1, 0, 4
81, 49, 1, 0, 4
81, 49, 1, 0, 4
81, 49, 1, 0, 4
81, 49, 1, 0, 4
81, 49, 1, 0, 4
81, 49, 1, 0, 4
82, 38, 0, 2, 3
82, 38, 0, 2, 3
82, 38, 0, 2, 3
82, 38, 0, 2, 3
82, 38, 0, 2, 3
82, 38, 0, 2, 3
82, 38, 0, 2, 3
82, 38, 0, 2, 3
82, 38, 0, 2, 3
82, 38, 0, 2, 3
82, 38, 0, 2, 3
82, 38, 0, 2, 3
82, 38, 0, 2, 3
82, 38, 0, 2, 3
82, 38, 0, 2, 3
82, 38, 0, 2, 3
82, 38, 0, 2, 4
82, 38, 0, 2, 4
82, 38, 0, 2, 4
82, 38, 0, 2, 4
82, 38, 0, 2, 4
82, 38, 0, 2, 4
82, 38, 0, 2, 4
82, 38, 0, 2, 4
82, 38, 0, 2, 4
82, 38, 0, 2, 4
82, 38, 0, 4, 3
82, 38, 0, 4, 3
82, 38, 0, 4, 3
82, 38, 0, 4, 3
82, 38, 0, 5, 3
82, 38, 0, 5, 3
82, 38, 0, 5, 3
82, 38, 0, 5, 3
82, 38, 0, 5, 3
82, 38, 0, 5, 3
82, 38, 0, 5, 3
82, 38, 0, 5, 3
82, 38, 1, 3, 3
82, 38, 1, 3, 3
82, 38, 1, 3, 3
82, 38, 1, 3, 3
82, 38, 1, 3, 3
82, 38, 1, 3, 3
82, 38, 1, 3, 3
82, 38, 1, 3, 3
82, 38, 1, 3, 3
82, 38, 1, 3, 3
82, 38, 1, 3, 3
82, 38, 1, 3, 3
82, 38, 1, 3, 3
82, 38, 1, 3, 3
82, 38, 1, 3, 3
82, 38, 1, 3, 3
82, 38, 1, 3, 4
82, 38, 1, 3, 4
82, 38, 1, 3, 4
82, 38, 1, 3, 4
82, 38, 1, 3, 4
82, 38, 1, 3, 4
82, 38, 1, 3, 4
82, 38, 1, 3, 4
82, 38, 1, 3, 4
82, 38, 1, 3, 4
82, 38, 1, 5, 3
82, 38, 1, 5, 3
82, 38, 1, 5, 3
82, 38, 1, 5, 3
82, 38, 1, 6, 3
82, 38, 1, 6, 3
82, 38, 1, 6, 3
82, 38, 1, 6, 3
82, 38, 1, 6, 3
82, 38, 1, 6, 3
82, 38, 1, 6, 3
82, 38, 1, 6, 3
82, 42, 2, 0, 2
82, 42, 2, 0, 2
82, 42, 2, 0, 2
82, 42, 2, 0, 2
82, 42, 2, 4, 3
82, 42, 2, 4, 3
82, 42, 2, 4, 3
82, 42, 2, 4, 3
82, 42, 2, 4, 3
82, 42, 2, 4, 3
82, 42, 2, 4, 3
82, 42, 2, 4, 3
82, 42, 2, 4, 3
82, 42, 2, 4, 3
82, 42, 2, 4, 3
82, 42, 2, 4, 3
82, 42, 2, 4, 3
82, 42, 2, 4, 3
82, 42, 2, 4, 3
82, 42, 2, 4, 3
82, 42, 2, 4, 4
82, 42, 2, 4, 4
82, 42, 2, 4, 4
82, 42, 2, 4, 4
82, 42, 2, 4, 4
82, 42, 2, 4, 4
82, 42, 2, 4, 4
82, 42, 2, 4, 4
82, 42, 2, 4, 4
82, 42, 2, 4, 4
82, 42, 2, 6, 3
82, 42, 2, 6, 3
82, 42, 2, 6, 3
82, 42, 2, 6, 3
82, 42, 2, 7, 3
82, 42, 2, 7, 3
82, 42, 2, 7, 3
82, 42, 2, 7, 3
82, 42, 2, 7, 3
82, 42, 2, 7, 3
82, 42, 2, 7, 3
82, 42, 2, 7, 3
82, 42, 3, 1, 2
82, 42, 3, 1, 2
82, 42, 3, 1, 2
82, 42, 3, 1, 2
82, 42, 3, 5, 3
82, 42, 3, 5, 3
82, 42, 3, 5, 3
82, 42, 3, 5, 3
82, 42, 3, 5, 3
82, 42, 3, 5, 3
82, 42, 3, 5, 3
82, 42, 3, 5, 3
82, 42, 3, 5, 3
82, 42, 3, 5, 3
82, 42, 3, 5, 3
82, 42, 3, 5, 3
82, 42, 3, 5, 3
82, 42, 3, 5, 3
82, 42, 3, 5, 3
82, 42, 3, 5, 3
82, 42, 3, 5, 4
82, 42, 3, 5, 4
82, 42, 3, 5, 4
82, 42, 3, 5, 4
82, 42, 3, 5, 4
82, 42, 3, 5, 4
82, 42, 3, 5, 4
82, 42, 3, 5, 4
82, 42, 3, 5, 4
82, 42, 3, 5, 4
82, 42, 3, 7, 3
82, 42, 3, 7, 3
82, 42, 3, 7, 3
82, 42, 3, 7, 3
82, 42, 3, 8, 3
82, 42, 3, 8, 3
82, 42, 3, 8, 3
82, 42, 3, 8, 3
82, 42, 3, 8, 3
82, 42, 3, 8, 3
82, 42, 3, 8, 3
82, 42, 3, 8, 3
82, 35, 4, 0, 2
82, 35, 4, 2, 2
82, 35, 4, 2, 2
82, 35, 4, 2, 2
82, 35, 4, 2, 2
82, 35, 4, 6, 3
82, 35, 4, 6, 3
82, 35, 4, 6, 3
82, 35, 4, 6, 3
82, 35, 4, 6, 3
82, 35, 4, 6, 3
82, 35, 4, 6, 3
82, 35, 4, 6, 3
82, 35, 4, 6, 3
82, 35, 4, 6, 3
82, 35, 4, 6, 3
82, 35, 4, 6, 3
82, 35, 4, 6, 3
82, 35, 4, 6, 3
82, 35, 4, 6, 3
82, 35, 4, 6, 3
82, 35, 4, 6, 4
82, 35, 4, 6, 4
82, 35, 4, 6, 4
82, 35, 4, 6, 4
82, 35, 4, 6, 4
82, 35, 4, 6, 4
82, 35, 4, 6, 4
82, 35, 4, 6, 4
82, 35, 4, 6, 4
82, 35, 4, 6, 4
82, 35, 4, 8, 3
82, 35, 4, 8, 3
82, 35, 4, 8, 3
82, 35, 4, 8, 3
82, 33, 5, 0, 2
82, 33, 5, 0, 2
82, 33, 5, 1, 2
82, 33, 5, 3, 2
82, 33, 5, 3, 2
82, 33, 5, 3, 2
82, 33, 5, 3, 2
82, 33, 5, 7, 3
82, 33, 5, 7, 3
82, 33, 5, 7, 3
82, 33, 5, 7, 3
82, 33, 5, 7, 3
82, 33, 5, 7, 3
82, 33, 5, 7, 3
82, 33, 5, 7, 3
82, 33, 5, 7, 3
82, 33, 5, 7, 3
82, 33, 5, 7, 3
82, 33, 5, 7, 3
82, 33, 5, 7, 3
82, 33, 5, 7, 3
82, 33, 5, 7, 3
82, 33, 5, 7, 3
82, 33, 5, 7, 4
82, 33, 5, 7, 4
82, 33, 5, 7, 4
82, 33, 5, 7, 4
82, 33, 5, 7, 4
82, 33, 5, 7, 4
82, 33, 5, 7, 4
82, 33, 5, 7, 4
82, 33, 5, 7, 4
82, 33, 5, 7, 4
82, 33, 6, 1, 2
82, 33, 6, 1, 2
82, 33, 6, 2, 2
82, 33, 6, 4, 2
82, 33, 6, 4, 2
82, 33, 6, 4, 2
82, 33, 6, 4, 2
82, 33, 6, 8, 3
82, 33, 6, 8, 3
82, 33, 6, 8, 3
82, 33, 6, 8, 3
82, 33, 6, 8, 3
82, 33, 6, 8, 3
82, 33, 6, 8, 3
82, 33, 6, 8, 3
82, 33, 6, 8, 3
82, 33, 6, 8, 3
82, 33, 6, 8, 3
82, 33, 6, 8, 3
82, 33, 6, 8, 3
82, 33, 6, 8, 3
82, 33, 6, 8, 3
82, 33, 6, 8, 3
82, 33, 6, 8, 4
82, 33, 6, 8, 4
82, 33, 6, 8, 4
82, 33, 6, 8, 4
82, 33, 6, 8, 4
82, 33, 6, 8, 4
82, 33, 6, 8, 4
82, 33, 6, 8, 4
82, 33, 6, 8, 4
82, 33, 6, 8, 4
82, 7, 7, 2, 2
82, 7, 7, 2, 2
82, 7, 7, 3, 2
82, 7, 7, 5, 2
82, 7, 7, 5, 2
82, 7, 7, 5, 2
82, 7, 7, 5, 2
82, 7, 8, 3, 2
82, 7, 8, 3, 2
82, 7, 8, 4, 2
82, 7, 8, 6, 2
82, 7, 8, 6, 2
82, 7, 8, 6, 2
82, 7, 8, 6, 2
83, 7, 0, 1, 2
83, 7, 0, 1, 2
83, 7, 0, 1, 2
83, 7, 0, 1, 2
83, 7, 0, 1, 2
83, 7, 0, 1, 2
83, 7, 0, 1, 2
83, 49, 1, 0, 3
83, 49, 1, 0, 3
83, 49, 1, 0, 3
83, 49, 1, 0, 3
83, 49, 1, 0, 3
83, 49, 1, 0, 3
83, 49, 1, 0, 3
83, 49, 1, 0, 3
83, 49, 1, 0, 3
83, 49, 1, 0, 3
83, 49, 1, 0, 3
83, 49, 1, 0, 3
83, 49, 1, 0, 3
83, 49, 1, 0, 3
83, 49, 1, 0, 3
83, 49, 1, 0, 3
83, 49, 1, 0, 3
83, 49, 1, 0, 3
83, 49, 1, 0, 3
83, 49, 1, 0, 3
83, 49, 1, 0, 3
83, 49, 1, 0, 3
83, 49, 1, 0, 3
83, 49, 1, 0, 3
83, 49, 1, 0, 3
83, 49, 1, 0, 3
83, 49, 1, 0, 3
83, 49, 1, 0, 3
83, 49, 1, 0, 4
83, 49, 1, 0, 4
83, 49, 1, 0, 4
83, 49, 1, 0, 4
83, 49, 1, 0, 4
83, 49, 1, 0, 4
83, 49, 1, 0, 4
83, 49, 1, 0, 4
83, 49, 1, 0, 4
83, 49, 1, 0, 4
83, 49, 1, 0, 4
83, 49, 1, 0, 4
83, 49, 1, 0, 4
83, 49, 1, 0, 4
83, 49, 1, 0, 4
83, 49, 1, 0, 4
83, 49, 1, 0, 4
83, 49, 1, 0, 4
83, 49, 1, 0, 4
83, 49, 1, 0, 4
83, 49, 1, 0, 4
84, 35, 0, 2, 3
84, 35, 0, 2, 3
84, 35, 0, 2, 3
84, 35, 0, 2, 3
84, 35, 0, 2, 3
84, 35, 0, 2, 3
84, 35, 0, 2, 3
84, 35, 0, 2, 3
84, 35, 0, 2, 3
84, 35, 0, 2, 3
84, 35, 0, 2, 3
84, 35, 0, 2, 3
84, 35, 0, 2, 3
84, 35, 0, 2, 3
84, 35, 0, 2, 3
84, 35, 0, 2, 3
84, 35, 0, 2, 4
84, 35, 0, 2, 4
84, 35, 0, 2, 4
84, 35, 0, 2, 4
84, 35, 0, 2, 4
84, 35, 0, 2, 4
84, 35, 0, 2, 4
84, 35, 0, 2, 4
84, 35, 0, 2, 4
84, 35, 0, 2, 4
84, 35, 0, 4, 3
84, 35, 0, 4, 3
84, 35, 0, 4, 3
84, 35, 0, 4, 3
84, 35, 0, 5, 2
84, 35, 0, 5, 3
84, 35, 0, 5, 3
84, 35, 0, 5, 3
84, 35, 0, 5, 3
84, 35, 1, 3, 3
84, 35, 1, 3, 3
84, 35, 1, 3, 3
84, 35, 1, 3, 3
84, 35, 1, 3, 3
84, 35, 1, 3, 3
84, 35, 1, 3, 3
84, 35, 1, 3, 3
84, 35, 1, 3, 3
84, 35, 1, 3, 3
84, 35, 1, 3, 3
84, 35, 1, 3, 3
84, 35, 1, 3, 3
84, 35, 1, 3, 3
84, 35, 1, 3, 3
84, 35, 1, 3, 3
84, 35, 1, 3, 4
84, 35, 1, 3, 4
84, 35, 1, 3, 4
84, 35, 1, 3, 4
84, 35, 1, 3, 4
84, 35, 1, 3, 4
84, 35, 1, 3, 4
84, 35, 1, 3, 4
84, 35, 1, 3, 4
84, 35, 1, 3, 4
84, 35, 1, 5, 3
84, 35, 1, 5, 3
84, 35, 1, 5, 3
84, 35, 1, 5, 3
84, 35, 1, 6, 2
84, 35, 1, 6, 3
84, 35, 1, 6, 3
84, 35, 1, 6, 3
84, 35, 1, 6, 3
84, 39, 2, 0, 2
84, 39, 2, 0, 2
84, 39, 2, 0, 2
84, 39, 2, 0, 2
84, 39, 2, 4, 3
84, 39, 2, 4, 3
84, 39, 2, 4, 3
84, 39, 2, 4, 3
84, 39, 2, 4, 3
84, 39, 2, 4, 3
84, 39, 2, 4, 3
84, 39, 2, 4, 3
84, 39, 2, 4, 3
84, 39, 2, 4, 3
84, 39, 2, 4, 3
84, 39, 2, 4, 3
84, 39, 2, 4, 3
84, 39, 2, 4, 3
84, 39, 2, 4, 3
84, 39, 2, 4, 3
84, 39, 2, 4, 4
84, 39, 2, 4, 4
84, 39, 2, 4, 4
84, 39, 2, 4, 4
84, 39, 2, 4, 4
84, 39, 2, 4, 4
84, 39, 2, 4, 4
84, 39, 2, 4, 4
84, 39, 2, 4, 4
84, 39, 2, 4, 4
84, 39, 2, 6, 3
84, 39, 2, 6, 3
84, 39, 2, 6, 3
84, 39, 2, 6, 3
84, 39, 2, 7, 2
84, 39, 2, 7, 3
84, 39, 2, 7, 3
84, 39, 2, 7, 3
84, 39, 2, 7, 3
84, 39, 3, 1, 2
84, 39, 3, 1, 2
84, 39, 3, 1, 2
84, 39, 3, 1, 2
84, 39, 3, 5, 3
84, 39, 3, 5, 3
84, 39, 3, 5, 3
84, 39, 3, 5, 3
84, 39, 3, 5, 3
84, 39, 3, 5, 3
84, 39, 3, 5, 3
84, 39, 3, 5, 3
84, 39, 3, 5, 3
84, 39, 3, 5, 3
84, 39, 3, 5, 3
84, 39, 3, 5, 3
84, 39, 3, 5, 3
84, 39, 3, 5, 3
84, 39, 3, 5, 3
84, 39, 3, 5, 3
84, 39, 3, 5, 4
84, 39, 3, 5, 4
84, 39, 3, 5, 4
84, 39, 3, 5, 4
84, 39, 3, 5, 4
84, 39, 3, 5, 4
84, 39, 3, 5, 4
84, 39, 3, 5, 4
84, 39, 3, 5, 4
84, 39, 3, 5, 4
84, 39, 3, 7, 3
84, 39, 3, 7, 3
84, 39, 3, 7, 3
84, 39, 3, 7, 3
84, 39, 3, 8, 2
84, 39, 3, 8, 3
84, 39, 3, 8, 3
84, 39, 3, 8, 3
84, 39, 3, 8, 3
84, 35, 4, 0, 2
84, 35, 4, 2, 2
84, 35, 4, 2, 2
84, 35, 4, 2, 2
84, 35, 4, 2, 2
84, 35, 4, 6, 3
84, 35, 4, 6, 3
84, 35, 4, 6, 3
84, 35, 4, 6, 3
84, 35, 4, 6, 3
84, 35, 4, 6, 3
84, 35, 4, 6, 3
84, 35, 4, 6, 3
84, 35, 4, 6, 3
84, 35, 4, 6, 3
84, 35, 4, 6, 3
84, 35, 4, 6, 3
84, 35, 4, 6, 3
84, 35, 4, 6, 3
84, 35, 4, 6, 3
84, 35, 4, 6, 3
84, 35, 4, 6, 4
84, 35, 4, 6, 4
84, 35, 4, 6, 4
84, 35, 4, 6, 4
84, 35, 4, 6, 4
84, 35, 4, 6, 4
84, 35, 4, 6, 4
84, 35, 4, 6, 4
84, 35, 4, 6, 4
84, 35, 4, 6, 4
84, 35, 4, 8, 3
84, 35, 4, 8, 3
84, 35, 4, 8, 3
84, 35, 4, 8, 3
84, 33, 5, 0, 2
84, 33, 5, 0, 2
84, 33, 5, 1, 2
84, 33, 5, 3, 2
84, 33, 5, 3, 2
84, 33, 5, 3, 2
84, 33, 5, 3, 2
84, 33, 5, 7, 3
84, 33, 5, 7, 3
84, 33, 5, 7, 3
84, 33, 5, 7, 3
84, 33, 5, 7, 3
84, 33, 5, 7, 3
84, 33, 5, 7, 3
84, 33, 5, 7, 3
84, 33, 5, 7, 3
84, 33, 5, 7, 3
84, 33, 5, 7, 3
84, 33, 5, 7, 3
84, 33, 5, 7, 3
84, 33, 5, 7, 3
84, 33, 5, 7, 3
84, 33, 5, 7, 3
84, 33, 5, 7, 4
84, 33, 5, 7, 4
84, 33, 5, 7, 4
84, 33, 5, 7, 4
84, 33, 5, 7, 4
84, 33, 5, 7, 4
84, 33, 5, 7, 4
84, 33, 5, 7, 4
84, 33, 5, 7, 4
84, 33, 5, 7, 4
84, 33, 6, 1, 2
84, 33, 6, 1, 2
84, 33, 6, 2, 2
84, 33, 6, 4, 2
84, 33, 6, 4, 2
84, 33, 6, 4, 2
84, 33, 6, 4, 2
84, 33, 6, 8, 3
84, 33, 6, 8, 3
84, 33, 6, 8, 3
84, 33, 6, 8, 3
84, 33, 6, 8, 3
84, 33, 6, 8, 3
84, 33, 6, 8, 3
84, 33, 6, 8, 3
84, 33, 6, 8, 3
84, 33, 6, 8, 3
84, 33, 6, 8, 3
84, 33, 6, 8, 3
84, 33, 6, 8, 3
84, 33, 6, 8, 3
84, 33, 6, 8, 3
84, 33, 6, 8, 3
84, 33, 6, 8, 4
84, 33, 6, 8, 4
84, 33, 6, 8, 4
84, 33, 6, 8, 4
84, 33, 6, 8, 4
84, 33, 6, 8, 4
84, 33, 6, 8, 4
84, 33, 6, 8, 4
84, 33, 6, 8, 4
84, 33, 6, 8, 4
84, 7, 7, 2, 2
84, 7, 7, 2, 2
84, 7, 7, 3, 2
84, 7, 7, 5, 2
84, 7, 7, 5, 2
84, 7, 7, 5, 2
84, 7, 7, 5, 2
84, 7, 8, 3, 2
84, 7, 8, 3, 2
84, 7, 8, 4, 2
84, 7, 8, 6, 2
84, 7, 8, 6, 2
84, 7, 8, 6, 2
84, 7, 8, 6, 2
85, 7, 0, 1, 2
85, 7, 0, 1, 2
85, 7, 0, 1, 2
85, 7, 0, 1, 2
85, 7, 0, 1, 2
85, 7, 0, 1, 2
85, 7, 0, 1, 2
85, 56, 1, 0, 3
85, 56, 1, 0, 3
85, 56, 1, 0, 3
85, 56, 1, 0, 3
85, 56, 1, 0, 3
85, 56, 1, 0, 3
85, 56, 1, 0, 3
85, 56, 1, 0, 3
85, 56, 1, 0, 3
85, 56, 1, 0, 3
85, 56, 1, 0, 3
85, 56, 1, 0, 3
85, 56, 1, 0, 3
85, 56, 1, 0, 3
85, 56, 1, 0, 3
85, 56, 1, 0, 3
85, 56, 1, 0, 3
85, 56, 1, 0, 3
85, 56, 1, 0, 3
85, 56, 1, 0, 3
85, 56, 1, 0, 3
85, 56, 1, 0, 3
85, 56, 1, 0, 3
85, 56, 1, 0, 3
85, 56, 1, 0, 3
85, 56, 1, 0, 3
85, 56, 1, 0, 3
85, 56, 1, 0, 3
85, 56, 1, 0, 4
85, 56, 1, 0, 4
85, 56, 1, 0, 4
85, 56, 1, 0, 4
85, 56, 1, 0, 4
85, 56, 1, 0, 4
85, 56, 1, 0, 4
85, 56, 1, 0, 4
85, 56, 1, 0, 4
85, 56, 1, 0, 4
85, 56, 1, 0, 4
85, 56, 1, 0, 4
85, 56, 1, 0, 4
85, 56, 1, 0, 4
85, 56, 1, 0, 4
85, 56, 1, 0, 4
85, 56, 1, 0, 4
85, 56, 1, 0, 4
85, 56, 1, 0, 4
85, 56, 1, 0, 4
85, 56, 1, 0, 4
85, 56, 1, 0, 4
85, 56, 1, 0, 4
85, 56, 1, 0, 4
85, 56, 1, 0, 4
85, 56, 1, 0, 4
85, 56, 1, 0, 4
85, 56, 1, 0, 4
86, 7, 0, 1, 2
86, 7, 0, 1, 2
86, 7, 0, 1, 2
86, 7, 0, 1, 2
86, 7, 0, 1, 2
86, 7, 0, 1, 2
86, 7, 0, 1, 2
86, 49, 1, 0, 3
86, 49, 1, 0, 3
86, 49, 1, 0, 3
86, 49, 1, 0, 3
86, 49, 1, 0, 3
86, 49, 1, 0, 3
86, 49, 1, 0, 3
86, 49, 1, 0, 3
86, 49, 1, 0, 3
86, 49, 1, 0, 3
86, 49, 1, 0, 3
86, 49, 1, 0, 3
86, 49, 1, 0, 3
86, 49, 1, 0, 3
86, 49, 1, 0, 3
86, 49, 1, 0, 3
86, 49, 1, 0, 3
86, 49, 1, 0, 3
86, 49, 1, 0, 3
86, 49, 1, 0, 3
86, 49, 1, 0, 3
86, 49, 1, 0, 3
86, 49, 1, 0, 3
86, 49, 1, 0, 3
86, 49, 1, 0, 3
86, 49, 1, 0, 3
86, 49, 1, 0, 3
86, 49, 1, 0, 3
86, 49, 1, 0, 4
86, 49, 1, 0, 4
86, 49, 1, 0, 4
86, 49, 1, 0, 4
86, 49, 1, 0, 4
86, 49, 1, 0, 4
86, 49, 1, 0, 4
86, 49, 1, 0, 4
86, 49, 1, 0, 4
86, 49, 1, 0, 4
86, 49, 1, 0, 4
86, 49, 1, 0, 4
86, 49, 1, 0, 4
86, 49, 1, 0, 4
86, 49, 1, 0, 4
86, 49, 1, 0, 4
86, 49, 1, 0, 4
86, 49, 1, 0, 4
86, 49, 1, 0, 4
86, 49, 1, 0, 4
86, 49, 1, 0, 4
87, 38, 0, 2, 3
87, 38, 0, 2, 3
87, 38, 0, 2, 3
87, 38, 0, 2, 3
87, 38, 0, 2, 3
87, 38, 0, 2, 3
87, 38, 0, 2, 3
87, 38, 0, 2, 3
87, 38, 0, 2, 3
87, 38, 0, 2, 3
87, 38, 0, 2, 3
87, 38, 0, 2, 3
87, 38, 0, 2, 3
87, 38, 0, 2, 3
87, 38, 0, 2, 3
87, 38, 0, 2, 3
87, 38, 0, 2, 4
87, 38, 0, 2, 4
87, 38, 0, 2, 4
87, 38, 0, 2, 4
87, 38, 0, 2, 4
87, 38, 0, 2, 4
87, 38, 0, 2, 4
87, 38, 0, 2, 4
87, 38, 0, 2, 4
87, 38, 0, 2, 4
87, 38, 0, 4, 3
87, 38, 0, 4, 3
87, 38, 0, 4, 3
87, 38, 0, 4, 3
87, 38, 0, 5, 3
87, 38, 0, 5, 3
87, 38, 0, 5, 3
87, 38, 0, 5, 3
87, 38, 0, 5, 3
87, 38, 0, 5, 3
87, 38, 0, 5, 3
87, 38, 0, 5, 3
87, 38, 1, 3, 3
87, 38, 1, 3, 3
87, 38, 1, 3, 3
87, 38, 1, 3, 3
87, 38, 1, 3, 3
87, 38, 1, 3, 3
87, 38, 1, 3, 3
87, 38, 1, 3, 3
87, 38, 1, 3, 3
87, 38, 1, 3, 3
87, 38, 1, 3, 3
87, 38, 1, 3, 3
87, 38, 1, 3, 3
87, 38, 1, 3, 3
87, 38, 1, 3, 3
87, 38, 1, 3, 3
87, 38, 1, 3, 4
87, 38, 1, 3, 4
87, 38, 1, 3, 4
87, 38, 1, 3, 4
87, 38, 1, 3, 4
87, 38, 1, 3, 4
87, 38, 1, 3, 4
87, 38, 1, 3, 4
87, 38, 1, 3, 4
87, 38, 1, 3, 4
87, 38, 1, 5, 3
87, 38, 1, 5, 3
87, 38, 1, 5, 3
87, 38, 1, 5, 3
87, 38, 1, 6, 3
87, 38, 1, 6, 3
87, 38, 1, 6, 3
87, 38, 1, 6, 3
87, 38, 1, 6, 3
87, 38, 1, 6, 3
87, 38, 1, 6, 3
87, 38, 1, 6, 3
87, 42, 2, 0, 2
87, 42, 2, 0, 2
87, 42, 2, 0, 2
87, 42, 2, 0, 2
87, 42, 2, 4, 3
87, 42, 2, 4, 3
87, 42, 2, 4, 3
87, 42, 2, 4, 3
87, 42, 2, 4, 3
87, 42, 2, 4, 3
87, 42, 2, 4, 3
87, 42, 2, 4, 3
87, 42, 2, 4, 3
87, 42, 2, 4, 3
87, 42, 2, 4, 3
87, 42, 2, 4, 3
87, 42, 2, 4, 3
87, 42, 2, 4, 3
87, 42, 2, 4, 3
87, 42, 2, 4, 3
87, 42, 2, 4, 4
87, 42, 2, 4, 4
87, 42, 2, 4, 4
87, 42, 2, 4, 4
87, 42, 2, 4, 4
87, 42, 2, 4, 4
87, 42, 2, 4, 4
87, 42, 2, 4, 4
87, 42, 2, 4, 4
87, 42, 2, 4, 4
87, 42, 2, 6, 3
87, 42, 2, 6, 3
87, 42, 2, 6, 3
87, 42, 2, 6, 3
87, 42, 2, 7, 3
87, 42, 2, 7, 3
87, 42, 2, 7, 3
87, 42, 2, 7, 3
87, 42, 2, 7, 3
87, 42, 2, 7, 3
87, 42, 2, 7, 3
87, 42, 2, 7, 3
87, 42, 3, 1, 2
87, 42, 3, 1, 2
87, 42, 3, 1, 2
87, 42, 3, 1, 2
87, 42, 3, 5, 3
87, 42, 3, 5, 3
87, 42, 3, 5, 3
87, 42, 3, 5, 3
87, 42, 3, 5, 3
87, 42, 3, 5, 3
87, 42, 3, 5, 3
87, 42, 3, 5, 3
87, 42, 3, 5, 3
87, 42, 3, 5, 3
87, 42, 3, 5, 3
87, 42, 3, 5, 3
87, 42, 3, 5, 3
87, 42, 3, 5, 3
87, 42, 3, 5, 3
87, 42, 3, 5, 3
87, 42, 3, 5, 4
87, 42, 3, 5, 4
87, 42, 3, 5, 4
87, 42, 3, 5, 4
87, 42, 3, 5, 4
87, 42, 3, 5, 4
87, 42, 3, 5, 4
87, 42, 3, 5, 4
87, 42, 3, 5, 4
87, 42, 3, 5, 4
87, 42, 3, 7, 3
87, 42, 3, 7, 3
87, 42, 3, 7, 3
87, 42, 3, 7, 3
87, 42, 3, 8, 3
87, 42, 3, 8, 3
87, 42, 3, 8, 3
87, 42, 3, 8, 3
87, 42, 3, 8, 3
87, 42, 3, 8, 3
87, 42, 3, 8, 3
87, 42, 3, 8, 3
87, 35, 4, 0, 2
87, 35, 4, 2, 2
87, 35, 4, 2, 2
87, 35, 4, 2, 2
87, 35, 4, 2, 2
87, 35, 4, 6, 3
87, 35, 4, 6, 3
87, 35, 4, 6, 3
87, 35, 4, 6, 3
87, 35, 4, 6, 3
87, 35, 4, 6, 3
87, 35, 4, 6, 3
87, 35, 4, 6, 3
87, 35, 4, 6, 3
87, 35, 4, 6, 3
87, 35, 4, 6, 3
87, 35, 4, 6, 3
87, 35, 4, 6, 3
87, 35, 4, 6, 3
87, 35, 4, 6, 3
87, 35, 4, 6, 3
87, 35, 4, 6, 4
87, 35, 4, 6, 4
87, 35, 4, 6, 4
87, 35, 4, 6, 4
87, 35, 4, 6, 4
87, 35, 4, 6, 4
87, 35, 4, 6, 4
87, 35, 4, 6, 4
87, 35, 4, 6, 4
87, 35, 4, 6, 4
87, 35, 4, 8, 3
87, 35, 4, 8, 3
87, 35, 4, 8, 3
87, 35, 4, 8, 3
87, 33, 5, 0, 2
87, 33, 5, 0, 2
87, 33, 5, 1, 2
87, 33, 5, 3, 2
87, 33, 5, 3, 2
87, 33, 5, 3, 2
87, 33, 5, 3, 2
87, 33, 5, 7, 3
87, 33, 5, 7, 3
87, 33, 5, 7, 3
87, 33, 5, 7, 3
87, 33, 5, 7, 3
87, 33, 5, 7, 3
87, 33, 5, 7, 3
87, 33, 5, 7, 3
87, 33, 5, 7, 3
87, 33, 5, 7, 3
87, 33, 5, 7, 3
87, 33, 5, 7, 3
87, 33, 5, 7, 3
87, 33, 5, 7, 3
87, 33, 5, 7, 3
87, 33, 5, 7, 3
87, 33, 5, 7, 4
87, 33, 5, 7, 4
87, 33, 5, 7, 4
87, 33, 5, 7, 4
87, 33, 5, 7, 4
87, 33, 5, 7, 4
87, 33, 5, 7, 4
87, 33, 5, 7, 4
87, 33, 5, 7, 4
87, 33, 5, 7, 4
87, 33, 6, 1, 2
87, 33, 6, 1, 2
87, 33, 6, 2, 2
87, 33, 6, 4, 2
87, 33, 6, 4, 2
87, 33, 6, 4, 2
87, 33, 6, 4, 2
87, 33, 6, 8, 3
87, 33, 6, 8, 3
87, 33, 6, 8, 3
87, 33, 6, 8, 3
87, 33, 6, 8, 3
87, 33, 6, 8, 3
87, 33, 6, 8, 3
87, 33, 6, 8, 3
87, 33, 6, 8, 3
87, 33, 6, 8, 3
87, 33, 6, 8, 3
87, 33, 6, 8, 3
87, 33, 6, 8, 3
87, 33, 6, 8, 3
87, 33, 6, 8, 3
87, 33, 6, 8, 3
87, 33, 6, 8, 4
87, 33, 6, 8, 4
87, 33, 6, 8, 4
87, 33, 6, 8, 4
87, 33, 6, 8, 4
87, 33, 6, 8, 4
87, 33, 6, 8, 4
87, 33, 6, 8, 4
87, 33, 6, 8, 4
87, 33, 6, 8, 4
87, 7, 7, 2, 2
87, 7, 7, 2, 2
87, 7, 7, 3, 2
87, 7, 7, 5, 2
87, 7, 7, 5, 2
87, 7, 7, 5, 2
87, 7, 7, 5, 2
87, 7, 8, 3, 2
87, 7, 8, 3, 2
87, 7, 8, 4, 2
87, 7, 8, 6, 2
87, 7, 8, 6, 2
87, 7, 8, 6, 2
87, 7, 8, 6, 2
88, 7, 0, 1, 2
88, 7, 0, 1, 2
88, 7, 0, 1, 2
88, 7, 0, 1, 2
88, 7, 0, 1, 2
88, 7, 0, 1, 2
88, 7, 0, 1, 2
88, 56, 1, 0, 3
88, 56, 1, 0, 3
88, 56, 1, 0, 3
88, 56, 1, 0, 3
88, 56, 1, 0, 3
88, 56, 1, 0, 3
88, 56, 1, 0, 3
88, 56, 1, 0, 3
88, 56, 1, 0, 3
88, 56, 1, 0, 3
88, 56, 1, 0, 3
88, 56, 1, 0, 3
88, 56, 1, 0, 3
88, 56, 1, 0, 3
88, 56, 1, 0, 3
88, 56, 1, 0, 3
88, 56, 1, 0, 3
88, 56, 1, 0, 3
88, 56, 1, 0, 3
88, 56, 1, 0, 3
88, 56, 1, 0, 3
88, 56, 1, 0, 3
88, 56, 1, 0, 3
88, 56, 1, 0, 3
88, 56, 1, 0, 3
88, 56, 1, 0, 3
88, 56, 1, 0, 3
88, 56, 1, 0, 3
88, 56, 1, 0, 4
88, 56, 1, 0, 4
88, 56, 1, 0, 4
88, 56, 1, 0, 4
88, 56, 1, 0, 4
88, 56, 1, 0, 4
88, 56, 1, 0, 4
88, 56, 1, 0, 4
88, 56, 1, 0, 4
88, 56, 1, 0, 4
88, 56, 1, 0, 4
88, 56, 1, 0, 4
88, 56, 1, 0, 4
88, 56, 1, 0, 4
88, 56, 1, 0, 4
88, 56, 1, 0, 4
88, 56, 1, 0, 4
88, 56, 1, 0, 4
88, 56, 1, 0, 4
88, 56, 1, 0, 4
88, 56, 1, 0, 4
88, 56, 1, 0, 4
88, 56, 1, 0, 4
88, 56, 1, 0, 4
88, 56, 1, 0, 4
88, 56, 1, 0, 4
88, 56, 1, 0, 4
88, 56, 1, 0, 4
89, 7, 0, 1, 2
89, 7, 0, 1, 2
89, 7, 0, 1, 2
89, 7, 0, 1, 2
89, 7, 0, 1, 2
89, 7, 0, 1, 2
89, 7, 0, 1, 2
89, 56, 1, 0, 3
89, 56, 1, 0, 3
89, 56, 1, 0, 3
89, 56, 1, 0, 3
89, 56, 1, 0, 3
89, 56, 1, 0, 3
89, 56, 1, 0, 3
89, 56, 1, 0, 3
89, 56, 1, 0, 3
89, 56, 1, 0, 3
89, 56, 1, 0, 3
89, 56, 1, 0, 3
89, 56, 1, 0, 3
89, 56, 1, 0, 3
89, 56, 1, 0, 3
89, 56, 1, 0, 3
89, 56, 1, 0, 3
89, 56, 1, 0, 3
89, 56, 1, 0, 3
89, 56, 1, 0, 3
89, 56, 1, 0, 3
89, 56, 1, 0, 3
89, 56, 1, 0, 3
89, 56, 1, 0, 3
89, 56, 1, 0, 3
89, 56, 1, 0, 3
89, 56, 1, 0, 3
89, 56, 1, 0, 3
89, 56, 1, 0, 4
89, 56, 1, 0, 4
89, 56, 1, 0, 4
89, 56, 1, 0, 4
89, 56, 1, 0, 4
89, 56, 1, 0, 4
89, 56, 1, 0, 4
89, 56, 1, 0, 4
89, 56, 1, 0, 4
89, 56, 1, 0, 4
89, 56, 1, 0, 4
89, 56, 1, 0, 4
89, 56, 1, 0, 4
89, 56, 1, 0, 4
89, 56, 1, 0, 4
89, 56, 1, 0, 4
89, 56, 1, 0, 4
89, 56, 1, 0, 4
89, 56, 1, 0, 4
89, 56, 1, 0, 4
89, 56, 1, 0, 4
89, 56, 1, 0, 4
89, 56, 1, 0, 4
89, 56, 1, 0, 4
89, 56, 1, 0, 4
89, 56, 1, 0, 4
89, 56, 1, 0, 4
89, 56, 1, 0, 4
90, 7, 0, 1, 2
90, 7, 0, 1, 2
90, 7, 0, 1, 2
90, 7, 0, 1, 2
90, 7, 0, 1, 2
90, 7, 0, 1, 2
90, 7, 0, 1, 2
90, 49, 1, 0, 3
90, 49, 1, 0, 3
90, 49, 1, 0, 3
90, 49, 1, 0, 3
90, 49, 1, 0, 3
90, 49, 1, 0, 3
90, 49, 1, 0, 3
90, 49, 1, 0, 3
90, 49, 1, 0, 3
90, 49, 1, 0, 3
90, 49, 1, 0, 3
90, 49, 1, 0, 3
90, 49, 1, 0, 3
90, 49, 1, 0, 3
90, 49, 1, 0, 3
90, 49, 1, 0, 3
90, 49, 1, 0, 3
90, 49, 1, 0, 3
90, 49, 1, 0, 3
90, 49, 1, 0, 3
90, 49, 1, 0, 3
90, 49, 1, 0, 3
90, 49, 1, 0, 3
90, 49, 1, 0, 3
90, 49, 1, 0, 3
90, 49, 1, 0, 3
90, 49, 1, 0, 3
90, 49, 1, 0, 3
90, 49, 1, 0, 4
90, 49, 1, 0, 4
90, 49, 1, 0, 4
90, 49, 1, 0, 4
90, 49, 1, 0, 4
90, 49, 1, 0, 4
90, 49, 1, 0, 4
90, 49, 1, 0, 4
90, 49, 1, 0, 4
90, 49, 1, 0, 4
90, 49, 1, 0, 4
90, 49, 1, 0, 4
90, 49, 1, 0, 4
90, 49, 1, 0, 4
90, 49, 1, 0, 4
90, 49, 1, 0, 4
90, 49, 1, 0, 4
90, 49, 1, 0, 4
90, 49, 1, 0, 4
90, 49, 1, 0, 4
90, 49, 1, 0, 4
91, 32, 0, 2, 3
91, 32, 0, 2, 3
91, 32, 0, 2, 3
91, 32, 0, 2, 3
91, 32, 0, 2, 3
91, 32, 0, 2, 3
91, 32, 0, 2, 3
91, 32, 0, 2, 3
91, 32, 0, 2, 3
91, 32, 0, 2, 3
91, 32, 0, 2, 3
91, 32, 0, 2, 3
91, 32, 0, 2, 3
91, 32, 0, 2, 3
91, 32, 0, 2, 3
91, 32, 0, 2, 3
91, 32, 0, 2, 4
91, 32, 0, 2, 4
91, 32, 0, 2, 4
91, 32, 0, 2, 4
91, 32, 0, 2, 4
91, 32, 0, 2, 4
91, 32, 0, 2, 4
91, 32, 0, 2, 4
91, 32, 0, 2, 4
91, 32, 0, 2, 4
91, 32, 0, 4, 2
91, 32, 0, 5, 2
91, 32, 0, 5, 3
91, 32, 0, 5, 3
91, 32, 0, 5, 3
91, 32, 0, 5, 3
91, 32, 1, 3, 3
91, 32, 1, 3, 3
91, 32, 1, 3, 3
91, 32, 1, 3, 3
91, 32, 1, 3, 3
91, 32, 1, 3, 3
91, 32, 1, 3, 3
91, 32, 1, 3, 3
91, 32, 1, 3, 3
91, 32, 1, 3, 3
91, 32, 1, 3, 3
91, 32, 1, 3, 3
91, 32, 1, 3, 3
91, 32, 1, 3, 3
91, 32, 1, 3, 3
91, 32, 1, 3, 3
91, 32, 1, 3, 4
91, 32, 1, 3, 4
91, 32, 1, 3, 4
91, 32, 1, 3, 4
91, 32, 1, 3, 4
91, 32, 1, 3, 4
91, 32, 1, 3, 4
91, 32, 1, 3, 4
91, 32, 1, 3, 4
91, 32, 1, 3, 4
91, 32, 1, 5, 2
91, 32, 1, 6, 2
91, 32, 1, 6, 3
91, 32, 1, 6, 3
91, 32, 1, 6, 3
91, 32, 1, 6, 3
91, 36, 2, 0, 2
91, 36, 2, 0, 2
91, 36, 2, 0, 2
91, 36, 2, 0, 2
91, 36, 2, 4, 3
91, 36, 2, 4, 3
91, 36, 2, 4, 3
91, 36, 2, 4, 3
91, 36, 2, 4, 3
91, 36, 2, 4, 3
91, 36, 2, 4, 3
91, 36, 2, 4, 3
91, 36, 2, 4, 3
91, 36, 2, 4, 3
91, 36, 2, 4, 3
91, 36, 2, 4, 3
91, 36, 2, 4, 3
91, 36, 2, 4, 3
91, 36, 2, 4, 3
91, 36, 2, 4, 3
91, 36, 2, 4, 4
91, 36, 2, 4, 4
91, 36, 2, 4, 4
91, 36, 2, 4, 4
91, 36, 2, 4, 4
91, 36, 2, 4, 4
91, 36, 2, 4, 4
91, 36, 2, 4, 4
91, 36, 2, 4, 4
91, 36, 2, 4, 4
91, 36, 2, 6, 2
91, 36, 2, 7, 2
91, 36, 2, 7, 3
91, 36, 2, 7, 3
91, 36, 2, 7, 3
91, 36, 2, 7, 3
91, 36, 3, 1, 2
91, 36, 3, 1, 2
91, 36, 3, 1, 2
91, 36, 3, 1, 2
91, 36, 3, 5, 3
91, 36, 3, 5, 3
91, 36, 3, 5, 3
91, 36, 3, 5, 3
91, 36, 3, 5, 3
91, 36, 3, 5, 3
91, 36, 3, 5, 3
91, 36, 3, 5, 3
91, 36, 3, 5, 3
91, 36, 3, 5, 3
91, 36, 3, 5, 3
91, 36, 3, 5, 3
91, 36, 3, 5, 3
91, 36, 3, 5, 3
91, 36, 3, 5, 3
91, 36, 3, 5, 3
91, 36, 3, 5, 4
91, 36, 3, 5, 4
91, 36, 3, 5, 4
91, 36, 3, 5, 4
91, 36, 3, 5, 4
91, 36, 3, 5, 4
91, 36, 3, 5, 4
91, 36, 3, 5, 4
91, 36, 3, 5, 4
91, 36, 3, 5, 4
91, 36, 3, 7, 2
91, 36, 3, 8, 2
91, 36, 3, 8, 3
91, 36, 3, 8, 3
91, 36, 3, 8, 3
91, 36, 3, 8, 3
91, 32, 4, 0, 2
91, 32, 4, 2, 2
91, 32, 4, 2, 2
91, 32, 4, 2, 2
91, 32, 4, 2, 2
91, 32, 4, 6, 3
91, 32, 4, 6, 3
91, 32, 4, 6, 3
91, 32, 4, 6, 3
91, 32, 4, 6, 3
91, 32, 4, 6, 3
91, 32, 4, 6, 3
91, 32, 4, 6, 3
91, 32, 4, 6, 3
91, 32, 4, 6, 3
91, 32, 4, 6, 3
91, 32, 4, 6, 3
91, 32, 4, 6, 3
91, 32, 4, 6, 3
91, 32, 4, 6, 3
91, 32, 4, 6, 3
91, 32, 4, 6, 4
91, 32, 4, 6, 4
91, 32, 4, 6, 4
91, 32, 4, 6, 4
91, 32, 4, 6, 4
91, 32, 4, 6, 4
91, 32, 4, 6, 4
91, 32, 4, 6, 4
91, 32, 4, 6, 4
91, 32, 4, 6, 4
91, 32, 4, 8, 2
91, 33, 5, 0, 2
91, 33, 5, 0, 2
91, 33, 5, 1, 2
91, 33, 5, 3, 2
91, 33, 5, 3, 2
91, 33, 5, 3, 2
91, 33, 5, 3, 2
91, 33, 5, 7, 3
91, 33, 5, 7, 3
91, 33, 5, 7, 3
91, 33, 5, 7, 3
91, 33, 5, 7, 3
91, 33, 5, 7, 3
91, 33, 5, 7, 3
91, 33, 5, 7, 3
91, 33, 5, 7, 3
91, 33, 5, 7, 3
91, 33, 5, 7, 3
91, 33, 5, 7, 3
91, 33, 5, 7, 3
91, 33, 5, 7, 3
91, 33, 5, 7, 3
91, 33, 5, 7, 3
91, 33, 5, 7, 4
91, 33, 5, 7, 4
91, 33, 5, 7, 4
91, 33, 5, 7, 4
91, 33, 5, 7, 4
91, 33, 5, 7, 4
91, 33, 5, 7, 4
91, 33, 5, 7, 4
91, 33, 5, 7, 4
91, 33, 5, 7, 4
91, 33, 6, 1, 2
91, 33, 6, 1, 2
91, 33, 6, 2, 2
91, 33, 6, 4, 2
91, 33, 6, 4, 2
91, 33, 6, 4, 2
91, 33, 6, 4, 2
91, 33, 6, 8, 3
91, 33, 6, 8, 3
91, 33, 6, 8, 3
91, 33, 6, 8, 3
91, 33, 6, 8, 3
91, 33, 6, 8, 3
91, 33, 6, 8, 3
91, 33, 6, 8, 3
91, 33, 6, 8, 3
91, 33, 6, 8, 3
91, 33, 6, 8, 3
91, 33, 6, 8, 3
91, 33, 6, 8, 3
91, 33, 6, 8, 3
91, 33, 6, 8, 3
91, 33, 6, 8, 3
91, 33, 6, 8, 4
91, 33, 6, 8, 4
91, 33, 6, 8, 4
91, 33, 6, 8, 4
91, 33, 6, 8, 4
91, 33, 6, 8, 4
91, 33, 6, 8, 4
91, 33, 6, 8, 4
91, 33, 6, 8, 4
91, 33, 6, 8, 4
91, 7, 7, 2, 2
91, 7, 7, 2, 2
91, 7, 7, 3, 2
91, 7, 7, 5, 2
91, 7, 7, 5, 2
91, 7, 7, 5, 2
91, 7, 7, 5, 2
91, 7, 8, 3, 2
91, 7, 8, 3, 2
91, 7, 8, 4, 2
91, 7, 8, 6, 2
91, 7, 8, 6, 2
91, 7, 8, 6, 2
91, 7, 8, 6, 2
92, 7, 0, 1, 2
92, 7, 0, 1, 2
92, 7, 0, 1, 2
92, 7, 0, 1, 2
92, 7, 0, 1, 2
92, 7, 0, 1, 2
92, 7, 0, 1, 2
92, 49, 1, 0, 3
92, 49, 1, 0, 3
92, 49, 1, 0, 3
92, 49, 1, 0, 3
92, 49, 1, 0, 3
92, 49, 1, 0, 3
92, 49, 1, 0, 3
92, 49, 1, 0, 3
92, 49, 1, 0, 3
92, 49, 1, 0, 3
92, 49, 1, 0, 3
92, 49, 1, 0, 3
92, 49, 1, 0, 3
92, 49, 1, 0, 3
92, 49, 1, 0, 3
92, 49, 1, 0, 3
92, 49, 1, 0, 3
92, 49, 1, 0, 3
92, 49, 1, 0, 3
92, 49, 1, 0, 3
92, 49, 1, 0, 3
92, 49, 1, 0, 3
92, 49, 1, 0, 3
92, 49, 1, 0, 3
92, 49, 1, 0, 3
92, 49, 1, 0, 3
92, 49, 1, 0, 3
92, 49, 1, 0, 3
92, 49, 1, 0, 4
92, 49, 1, 0, 4
92, 49, 1, 0, 4
92, 49, 1, 0, 4
92, 49, 1, 0, 4
92, 49, 1, 0, 4
92, 49, 1, 0, 4
92, 49, 1, 0, 4
92, 49, 1, 0, 4
92, 49, 1, 0, 4
92, 49, 1, 0, 4
92, 49, 1, 0, 4
92, 49, 1, 0, 4
92, 49, 1, 0, 4
92, 49, 1, 0, 4
92, 49, 1, 0, 4
92, 49, 1, 0, 4
92, 49, 1, 0, 4
92, 49, 1, 0, 4
92, 49, 1, 0, 4
92, 49, 1, 0, 4
93, 38, 0, 2, 3
93, 38, 0, 2, 3
93, 38, 0, 2, 3
93, 38, 0, 2, 3
93, 38, 0, 2, 3
93, 38, 0, 2, 3
93, 38, 0, 2, 3
93, 38, 0, 2, 3
93, 38, 0, 2, 3
93, 38, 0, 2, 3
93, 38, 0, 2, 3
93, 38, 0, 2, 3
93, 38, 0, 2, 3
93, 38, 0, 2, 3
93, 38, 0, 2, 3
93, 38, 0, 2, 3
93, 38, 0, 2, 4
93, 38, 0, 2, 4
93, 38, 0, 2, 4
93, 38, 0, 2, 4
93, 38, 0, 2, 4
93, 38, 0, 2, 4
93, 38, 0, 2, 4
93, 38, 0, 2, 4
93, 38, 0, 2, 4
93, 38, 0, 2, 4
93, 38, 0, 4, 3
93, 38, 0, 4, 3
93, 38, 0, 4, 3
93, 38, 0, 4, 3
93, 38, 0, 5, 3
93, 38, 0, 5, 3
93, 38, 0, 5, 3
93, 38, 0, 5, 3
93, 38, 0, 5, 3
93, 38, 0, 5, 3
93, 38, 0, 5, 3
93, 38, 0, 5, 3
93, 38, 1, 3, 3
93, 38, 1, 3, 3
93, 38, 1, 3, 3
93, 38, 1, 3, 3
93, 38, 1, 3, 3
93, 38, 1, 3, 3
93, 38, 1, 3, 3
93, 38, 1, 3, 3
93, 38, 1, 3, 3
93, 38, 1, 3, 3
93, 38, 1, 3, 3
93, 38, 1, 3, 3
93, 38, 1, 3, 3
93, 38, 1, 3, 3
93, 38, 1, 3, 3
93, 38, 1, 3, 3
93, 38, 1, 3, 4
93, 38, 1, 3, 4
93, 38, 1, 3, 4
93, 38, 1, 3, 4
93, 38, 1, 3, 4
93, 38, 1, 3, 4
93, 38, 1, 3, 4
93, 38, 1, 3, 4
93, 38, 1, 3, 4
93, 38, 1, 3, 4
93, 38, 1, 5, 3
93, 38, 1, 5, 3
93, 38, 1, 5, 3
93, 38, 1, 5, 3
93, 38, 1, 6, 3
93, 38, 1, 6, 3
93, 38, 1, 6, 3
93, 38, 1, 6, 3
93, 38, 1, 6, 3
93, 38, 1, 6, 3
93, 38, 1, 6, 3
93, 38, 1, 6, 3
93, 42, 2, 0, 2
93, 42, 2, 0, 2
93, 42, 2, 0, 2
93, 42, 2, 0, 2
93, 42, 2, 4, 3
93, 42, 2, 4, 3
93, 42, 2, 4, 3
93, 42, 2, 4, 3
93, 42, 2, 4, 3
93, 42, 2, 4, 3
93, 42, 2, 4, 3
93, 42, 2, 4, 3
93, 42, 2, 4, 3
93, 42, 2, 4, 3
93, 42, 2, 4, 3
93, 42, 2, 4, 3
93, 42, 2, 4, 3
93, 42, 2, 4, 3
93, 42, 2, 4, 3
93, 42, 2, 4, 3
93, 42, 2, 4, 4
93, 42, 2, 4, 4
93, 42, 2, 4, 4
93, 42, 2, 4, 4
93, 42, 2, 4, 4
93, 42, 2, 4, 4
93, 42, 2, 4, 4
93, 42, 2, 4, 4
93, 42, 2, 4, 4
93, 42, 2, 4, 4
93, 42, 2, 6, 3
93, 42, 2, 6, 3
93, 42, 2, 6, 3
93, 42, 2, 6, 3
93, 42, 2, 7, 3
93, 42, 2, 7, 3
93, 42, 2, 7, 3
93, 42, 2, 7, 3
93, 42, 2, 7, 3
93, 42, 2, 7, 3
93, 42, 2, 7, 3
93, 42, 2, 7, 3
93, 42, 3, 1, 2
93, 42, 3, 1, 2
93, 42, 3, 1, 2
93, 42, 3, 1, 2
93, 42, 3, 5, 3
93, 42, 3, 5, 3
93, 42, 3, 5, 3
93, 42, 3, 5, 3
93, 42, 3, 5, 3
93, 42, 3, 5, 3
93, 42, 3, 5, 3
93, 42, 3, 5, 3
93, 42, 3, 5, 3
93, 42, 3, 5, 3
93, 42, 3, 5, 3
93, 42, 3, 5, 3
93, 42, 3, 5, 3
93, 42, 3, 5, 3
93, 42, 3, 5, 3
93, 42, 3, 5, 3
93, 42, 3, 5, 4
93, 42, 3, 5, 4
93, 42, 3, 5, 4
93, 42, 3, 5, 4
93, 42, 3, 5, 4
93, 42, 3, 5, 4
93, 42, 3, 5, 4
93, 42, 3, 5, 4
93, 42, 3, 5, 4
93, 42, 3, 5, 4
93, 42, 3, 7, 3
93, 42, 3, 7, 3
93, 42, 3, 7, 3
93, 42, 3, 7, 3
93, 42, 3, 8, 3
93, 42, 3, 8, 3
93, 42, 3, 8, 3
93, 42, 3, 8, 3
93, 42, 3, 8, 3
93, 42, 3, 8, 3
93, 42, 3, 8, 3
93, 42, 3, 8, 3
93, 35, 4, 0, 2
93, 35, 4, 2, 2
93, 35, 4, 2, 2
93, 35, 4, 2, 2
93, 35, 4, 2, 2
93, 35, 4, 6, 3
93, 35, 4, 6, 3
93, 35, 4, 6, 3
93, 35, 4, 6, 3
93, 35, 4, 6, 3
93, 35, 4, 6, 3
93, 35, 4, 6, 3
93, 35, 4, 6, 3
93, 35, 4, 6, 3
93, 35, 4, 6, 3
93, 35, 4, 6, 3
93, 35, 4, 6, 3
93, 35, 4, 6, 3
93, 35, 4, 6, 3
93, 35, 4, 6, 3
93, 35, 4, 6, 3
93, 35, 4, 6, 4
93, 35, 4, 6, 4
93, 35, 4, 6, 4
93, 35, 4, 6, 4
93, 35, 4, 6, 4
93, 35, 4, 6, 4
93, 35, 4, 6, 4
93, 35, 4, 6, 4
93, 35, 4, 6, 4
93, 35, 4, 6, 4
93, 35, 4, 8, 3
93, 35, 4, 8, 3
93, 35, 4, 8, 3
93, 35, 4, 8, 3
93, 33, 5, 0, 2
93, 33, 5, 0, 2
93, 33, 5, 1, 2
93, 33, 5, 3, 2
93, 33, 5, 3, 2
93, 33, 5, 3, 2
93, 33, 5, 3, 2
93, 33, 5, 7, 3
93, 33, 5, 7, 3
93, 33, 5, 7, 3
93, 33, 5, 7, 3
93, 33, 5, 7, 3
93, 33, 5, 7, 3
93, 33, 5, 7, 3
93, 33, 5, 7, 3
93, 33, 5, 7, 3
93, 33, 5, 7, 3
93, 33, 5, 7, 3
93, 33, 5, 7, 3
93, 33, 5, 7, 3
93, 33, 5, 7, 3
93, 33, 5, 7, 3
93, 33, 5, 7, 3
93, 33, 5, 7, 4
93, 33, 5, 7, 4
93, 33, 5, 7, 4
93, 33, 5, 7, 4
93, 33, 5, 7, 4
93, 33, 5, 7, 4
93, 33, 5, 7, 4
93, 33, 5, 7, 4
93, 33, 5, 7, 4
93, 33, 5, 7, 4
93, 33, 6, 1, 2
93, 33, 6, 1, 2
93, 33, 6, 2, 2
93, 33, 6, 4, 2
93, 33, 6, 4, 2
93, 33, 6, 4, 2
93, 33, 6, 4, 2
93, 33, 6, 8, 3
93, 33, 6, 8, 3
93, 33, 6, 8, 3
93, 33, 6, 8, 3
93, 33, 6, 8, 3
93, 33, 6, 8, 3
93, 33, 6, 8, 3
93, 33, 6, 8, 3
93, 33, 6, 8, 3
93, 33, 6, 8, 3
93, 33, 6, 8, 3
93, 33, 6, 8, 3
93, 33, 6, 8, 3
93, 33, 6, 8, 3
93, 33, 6, 8, 3
93, 33, 6, 8, 3
93, 33, 6, 8, 4
93, 33, 6, 8, 4
93, 33, 6, 8, 4
93, 33, 6, 8, 4
93, 33, 6, 8, 4
93, 33, 6, 8, 4
93, 33, 6, 8, 4
93, 33, 6, 8, 4
93, 33, 6, 8, 4
93, 33, 6, 8, 4
93, 7, 7, 2, 2
93, 7, 7, 2, 2
93, 7, 7, 3, 2
93, 7, 7, 5, 2
93, 7, 7, 5, 2
93, 7, 7, 5, 2
93, 7, 7, 5, 2
93, 7, 8, 3, 2
93, 7, 8, 3, 2
93, 7, 8, 4, 2
93, 7, 8, 6, 2
93, 7, 8, 6, 2
93, 7, 8, 6, 2
93, 7, 8, 6, 2
94, 15, 0, 1, 2
94, 15, 0, 1, 2
94, 15, 0, 1, 2
94, 15, 0, 1, 2
94, 15, 0, 1, 2
94, 15, 0, 1, 2
94, 15, 0, 1, 2
94, 15, 0, 1, 2
94, 15, 0, 1, 2
94, 15, 0, 1, 2
94, 15, 0, 1, 2
94, 15, 0, 1, 2
94, 15, 0, 1, 2
94, 15, 0, 1, 2
94, 15, 0, 1, 2
94, 15, 1, 0, 2
94, 15, 1, 0, 2
94, 15, 1, 0, 2
94, 15, 1, 0, 2
94, 15, 1, 0, 2
94, 15, 1, 0, 2
94, 15, 1, 0, 2
94, 15, 1, 0, 2
94, 15, 1, 0, 2
94, 15, 1, 0, 2
94, 15, 1, 0, 2
94, 15, 1, 0, 2
94, 15, 1, 0, 2
94, 15, 1, 0, 2
94, 15, 1, 0, 2
95, 15, 0, 1, 2
95, 15, 0, 1, 2
95, 15, 0, 1, 2
95, 15, 0, 1, 2
95, 15, 0, 1, 2
95, 15, 0, 1, 2
95, 15, 0, 1, 2
95, 15, 0, 1, 2
95, 15, 0, 1, 2
95, 15, 0, 1, 2
95, 15, 0, 1, 2
95, 15, 0, 1, 2
95, 15, 0, 1, 2
95, 15, 0, 1, 2
95, 15, 0, 1, 2
95, 150, 1, 0, 3
95, 150, 1, 0, 3
95, 150, 1, 0, 3
95, 150, 1, 0, 3
95, 150, 1, 0, 3
95, 150, 1, 0, 3
95, 150, 1, 0, 3
95, 150, 1, 0, 3
95, 150, 1, 0, 3
95, 150, 1, 0, 3
95, 150, 1, 0, 3
95, 150, 1, 0, 3
95, 150, 1, 0, 3
95, 150, 1, 0, 3
95, 150, 1, 0, 3
95, 150, 1, 0, 3
95, 150, 1, 0, 3
95, 150, 1, 0, 3
95, 150, 1, 0, 3
95, 150, 1, 0, 3
95, 150, 1, 0, 3
95, 150, 1, 0, 3
95, 150, 1, 0, 3
95, 150, 1, 0, 3
95, 150, 1, 0, 3
95, 150, 1, 0, 3
95, 150, 1, 0, 3
95, 150, 1, 0, 3
95, 150, 1, 0, 3
95, 150, 1, 0, 3
95, 150, 1, 0, 3
95, 150, 1, 0, 3
95, 150, 1, 0, 3
95, 150, 1, 0, 3
95, 150, 1, 0, 3
95, 150, 1, 0, 3
95, 150, 1, 0, 3
95, 150, 1, 0, 3
95, 150, 1, 0, 3
95, 150, 1, 0, 3
95, 150, 1, 0, 3
95, 150, 1, 0, 3
95, 150, 1, 0, 3
95, 150, 1, 0, 3
95, 150, 1, 0, 3
95, 150, 1, 0, 3
95, 150, 1, 0, 3
95, 150, 1, 0, 3
95, 150, 1, 0, 3
95, 150, 1, 0, 3
95, 150, 1, 0, 3
95, 150, 1, 0, 3
95, 150, 1, 0, 3
95, 150, 1, 0, 3
95, 150, 1, 0, 3
95, 150, 1, 0, 3
95, 150, 1, 0, 3
95, 150, 1, 0, 3
95, 150, 1, 0, 3
95, 150, 1, 0, 3
95, 150, 1, 0, 3
95, 150, 1, 0, 3
95, 150, 1, 0, 3
95, 150, 1, 0, 3
95, 150, 1, 0, 3
95, 150, 1, 0, 3
95, 150, 1, 0, 3
95, 150, 1, 0, 3
95, 150, 1, 0, 3
95, 150, 1, 0, 3
95, 150, 1, 0, 3
95, 150, 1, 0, 3
95, 150, 1, 0, 3
95, 150, 1, 0, 3
95, 150, 1, 0, 3
95, 150, 1, 0, 3
95, 150, 1, 0, 3
95, 150, 1, 0, 3
95, 150, 1, 0, 3
95, 150, 1, 0, 3
95, 150, 1, 0, 3
95, 150, 1, 0, 3
95, 150, 1, 0, 3
95, 150, 1, 0, 3
95, 150, 1, 0, 3
95, 150, 1, 0, 3
95, 150, 1, 0, 3
95, 150, 1, 0, 3
95, 150, 1, 0, 3
95, 150, 1, 0, 3
95, 150, 1, 0, 3
95, 150, 1, 0, 3
95, 150, 1, 0, 3
95, 150, 1, 0, 3
95, 150, 1, 0, 3
95, 150, 1, 0, 3
95, 150, 1, 0, 3
95, 150, 1, 0, 3
95, 150, 1, 0, 3
95, 150, 1, 0, 3
95, 150, 1, 0, 3
95, 150, 1, 0, 3
95, 150, 1, 0, 3
95, 150, 1, 0, 3
95, 150, 1, 0, 3
95, 150, 1, 0, 4
95, 150, 1, 0, 4
95, 150, 1, 0, 4
95, 150, 1, 0, 4
95, 150, 1, 0, 4
95, 150, 1, 0, 4
95, 150, 1, 0, 4
95, 150, 1, 0, 4
95, 150, 1, 0, 4
95, 150, 1, 0, 4
95, 150, 1, 0, 4
95, 150, 1, 0, 4
95, 150, 1, 0, 4
95, 150, 1, 0, 4
95, 150, 1, 0, 4
95, 150, 1, 0, 4
95, 150, 1, 0, 4
95, 150, 1, 0, 4
95, 150, 1, 0, 4
95, 150, 1, 0, 4
95, 150, 1, 0, 4
95, 150, 1, 0, 4
95, 150, 1, 0, 4
95, 150, 1, 0, 4
95, 150, 1, 0, 4
95, 150, 1, 0, 4
95, 150, 1, 0, 4
95, 150, 1, 0, 4
95, 150, 1, 0, 4
95, 150, 1, 0, 4
95, 150, 1, 0, 4
95, 150, 1, 0, 4
95, 150, 1, 0, 4
95, 150, 1, 0, 4
95, 150, 1, 0, 4
95, 150, 1, 0, 4
95, 150, 1, 0, 4
95, 150, 1, 0, 4
95, 150, 1, 0, 4
95, 150, 1, 0, 4
95, 150, 1, 0, 4
95, 150, 1, 0, 4
95, 150, 1, 0, 4
95, 150, 1, 0, 4
95, 150, 1, 0, 4
96, 15, 0, 1, 2
96, 15, 0, 1, 2
96, 15, 0, 1, 2
96, 15, 0, 1, 2
96, 15, 0, 1, 2
96, 15, 0, 1, 2
96, 15, 0, 1, 2
96, 15, 0, 1, 2
96, 15, 0, 1, 2
96, 15, 0, 1, 2
96, 15, 0, 1, 2
96, 15, 0, 1, 2
96, 15, 0, 1, 2
96, 15, 0, 1, 2
96, 15, 0, 1, 2
96, 165, 1, 0, 3
96, 165, 1, 0, 3
96, 165, 1, 0, 3
96, 165, 1, 0, 3
96, 165, 1, 0, 3
96, 165, 1, 0, 3
96, 165, 1, 0, 3
96, 165, 1, 0, 3
96, 165, 1, 0, 3
96, 165, 1, 0, 3
96, 165, 1, 0, 3
96, 165, 1, 0, 3
96, 165, 1, 0, 3
96, 165, 1, 0, 3
96, 165, 1, 0, 3
96, 165, 1, 0, 3
96, 165, 1, 0, 3
96, 165, 1, 0, 3
96, 165, 1, 0, 3
96, 165, 1, 0, 3
96, 165, 1, 0, 3
96, 165, 1, 0, 3
96, 165, 1, 0, 3
96, 165, 1, 0, 3
96, 165, 1, 0, 3
96, 165, 1, 0, 3
96, 165, 1, 0, 3
96, 165, 1, 0, 3
96, 165, 1, 0, 3
96, 165, 1, 0, 3
96, 165, 1, 0, 3
96, 165, 1, 0, 3
96, 165, 1, 0, 3
96, 165, 1, 0, 3
96, 165, 1, 0, 3
96, 165, 1, 0, 3
96, 165, 1, 0, 3
96, 165, 1, 0, 3
96, 165, 1, 0, 3
96, 165, 1, 0, 3
96, 165, 1, 0, 3
96, 165, 1, 0, 3
96, 165, 1, 0, 3
96, 165, 1, 0, 3
96, 165, 1, 0, 3
96, 165, 1, 0, 3
96, 165, 1, 0, 3
96, 165, 1, 0, 3
96, 165, 1, 0, 3
96, 165, 1, 0, 3
96, 165, 1, 0, 3
96, 165, 1, 0, 3
96, 165, 1, 0, 3
96, 165, 1, 0, 3
96, 165, 1, 0, 3
96, 165, 1, 0, 3
96, 165, 1, 0, 3
96, 165, 1, 0, 3
96, 165, 1, 0, 3
96, 165, 1, 0, 3
96, 165, 1, 0, 3
96, 165, 1, 0, 3
96, 165, 1, 0, 3
96, 165, 1, 0, 3
96, 165, 1, 0, 3
96, 165, 1, 0, 3
96, 165, 1, 0, 3
96, 165, 1, 0, 3
96, 165, 1, 0, 3
96, 165, 1, 0, 3
96, 165, 1, 0, 3
96, 165, 1, 0, 3
96, 165, 1, 0, 3
96, 165, 1, 0, 3
96, 165, 1, 0, 3
96, 165, 1, 0, 3
96, 165, 1, 0, 3
96, 165, 1, 0, 3
96, 165, 1, 0, 3
96, 165, 1, 0, 3
96, 165, 1, 0, 3
96, 165, 1, 0, 3
96, 165, 1, 0, 3
96, 165, 1, 0, 3
96, 165, 1, 0, 3
96, 165, 1, 0, 3
96, 165, 1, 0, 3
96, 165, 1, 0, 3
96, 165, 1, 0, 3
96, 165, 1, 0, 3
96, 165, 1, 0, 3
96, 165, 1, 0, 3
96, 165, 1, 0, 3
96, 165, 1, 0, 3
96, 165, 1, 0, 3
96, 165, 1, 0, 3
96, 165, 1, 0, 3
96, 165, 1, 0, 3
96, 165, 1, 0, 3
96, 165, 1, 0, 3
96, 165, 1, 0, 3
96, 165, 1, 0, 3
96, 165, 1, 0, 3
96, 165, 1, 0, 3
96, 165, 1, 0, 3
96, 165, 1, 0, 4
96, 165, 1, 0, 4
96, 165, 1, 0, 4
96, 165, 1, 0, 4
96, 165, 1, 0, 4
96, 165, 1, 0, 4
96, 165, 1, 0, 4
96, 165, 1, 0, 4
96, 165, 1, 0, 4
96, 165, 1, 0, 4
96, 165, 1, 0, 4
96, 165, 1, 0, 4
96, 165, 1, 0, 4
96, 165, 1, 0, 4
96, 165, 1, 0, 4
96, 165, 1, 0, 4
96, 165, 1, 0, 4
96, 165, 1, 0, 4
96, 165, 1, 0, 4
96, 165, 1, 0, 4
96, 165, 1, 0, 4
96, 165, 1, 0, 4
96, 165, 1, 0, 4
96, 165, 1, 0, 4
96, 165, 1, 0, 4
96, 165, 1, 0, 4
96, 165, 1, 0, 4
96, 165, 1, 0, 4
96, 165, 1, 0, 4
96, 165, 1, 0, 4
96, 165, 1, 0, 4
96, 165, 1, 0, 4
96, 165, 1, 0, 4
96, 165, 1, 0, 4
96, 165, 1, 0, 4
96, 165, 1, 0, 4
96, 165, 1, 0, 4
96, 165, 1, 0, 4
96, 165, 1, 0, 4
96, 165, 1, 0, 4
96, 165, 1, 0, 4
96, 165, 1, 0, 4
96, 165, 1, 0, 4
96, 165, 1, 0, 4
96, 165, 1, 0, 4
96, 165, 1, 0, 4
96, 165, 1, 0, 4
96, 165, 1, 0, 4
96, 165, 1, 0, 4
96, 165, 1, 0, 4
96, 165, 1, 0, 4
96, 165, 1, 0, 4
96, 165, 1, 0, 4
96, 165, 1, 0, 4
96, 165, 1, 0, 4
96, 165, 1, 0, 4
96, 165, 1, 0, 4
96, 165, 1, 0, 4
96, 165, 1, 0, 4
96, 165, 1, 0, 4
97, 15, 0, 1, 2
97, 15, 0, 1, 2
97, 15, 0, 1, 2
97, 15, 0, 1, 2
97, 15, 0, 1, 2
97, 15, 0, 1, 2
97, 15, 0, 1, 2
97, 15, 0, 1, 2
97, 15, 0, 1, 2
97, 15, 0, 1, 2
97, 15, 0, 1, 2
97, 15, 0, 1, 2
97, 15, 0, 1, 2
97, 15, 0, 1, 2
97, 15, 0, 1, 2
97, 150, 1, 0, 3
97, 150, 1, 0, 3
97, 150, 1, 0, 3
97, 150, 1, 0, 3
97, 150, 1, 0, 3
97, 150, 1, 0, 3
97, 150, 1, 0, 3
97, 150, 1, 0, 3
97, 150, 1, 0, 3
97, 150, 1, 0, 3
97, 150, 1, 0, 3
97, 150, 1, 0, 3
97, 150, 1, 0, 3
97, 150, 1, 0, 3
97, 150, 1, 0, 3
97, 150, 1, 0, 3
97, 150, 1, 0, 3
97, 150, 1, 0, 3
97, 150, 1, 0, 3
97, 150, 1, 0, 3
97, 150, 1, 0, 3
97, 150, 1, 0, 3
97, 150, 1, 0, 3
97, 150, 1, 0, 3
97, 150, 1, 0, 3
97, 150, 1, 0, 3
97, 150, 1, 0, 3
97, 150, 1, 0, 3
97, 150, 1, 0, 3
97, 150, 1, 0, 3
97, 150, 1, 0, 3
97, 150, 1, 0, 3
97, 150, 1, 0, 3
97, 150, 1, 0, 3
97, 150, 1, 0, 3
97, 150, 1, 0, 3
97, 150, 1, 0, 3
97, 150, 1, 0, 3
97, 150, 1, 0, 3
97, 150, 1, 0, 3
97, 150, 1, 0, 3
97, 150, 1, 0, 3
97, 150, 1, 0, 3
97, 150, 1, 0, 3
97, 150, 1, 0, 3
97, 150, 1, 0, 3
97, 150, 1, 0, 3
97, 150, 1, 0, 3
97, 150, 1, 0, 3
97, 150, 1, 0, 3
97, 150, 1, 0, 3
97, 150, 1, 0, 3
97, 150, 1, 0, 3
97, 150, 1, 0, 3
97, 150, 1, 0, 3
97, 150, 1, 0, 3
97, 150, 1, 0, 3
97, 150, 1, 0, 3
97, 150, 1, 0, 3
97, 150, 1, 0, 3
97, 150, 1, 0, 3
97, 150, 1, 0, 3
97, 150, 1, 0, 3
97, 150, 1, 0, 3
97, 150, 1, 0, 3
97, 150, 1, 0, 3
97, 150, 1, 0, 3
97, 150, 1, 0, 3
97, 150, 1, 0, 3
97, 150, 1, 0, 3
97, 150, 1, 0, 3
97, 150, 1, 0, 3
97, 150, 1, 0, 3
97, 150, 1, 0, 3
97, 150, 1, 0, 3
97, 150, 1, 0, 3
97, 150, 1, 0, 3
97, 150, 1, 0, 3
97, 150, 1, 0, 3
97, 150, 1, 0, 3
97, 150, 1, 0, 3
97, 150, 1, 0, 3
97, 150, 1, 0, 3
97, 150, 1, 0, 3
97, 150, 1, 0, 3
97, 150, 1, 0, 3
97, 150, 1, 0, 3
97, 150, 1, 0, 3
97, 150, 1, 0, 3
97, 150, 1, 0, 3
97, 150, 1, 0, 3
97, 150, 1, 0, 3
97, 150, 1, 0, 3
97, 150, 1, 0, 3
97, 150, 1, 0, 3
97, 150, 1, 0, 3
97, 150, 1, 0, 3
97, 150, 1, 0, 3
97, 150, 1, 0, 3
97, 150, 1, 0, 3
97, 150, 1, 0, 3
97, 150, 1, 0, 3
97, 150, 1, 0, 3
97, 150, 1, 0, 3
97, 150, 1, 0, 3
97, 150, 1, 0, 4
97, 150, 1, 0, 4
97, 150, 1, 0, 4
97, 150, 1, 0, 4
97, 150, 1, 0, 4
97, 150, 1, 0, 4
97, 150, 1, 0, 4
97, 150, 1, 0, 4
97, 150, 1, 0, 4
97, 150, 1, 0, 4
97, 150, 1, 0, 4
97, 150, 1, 0, 4
97, 150, 1, 0, 4
97, 150, 1, 0, 4
97, 150, 1, 0, 4
97, 150, 1, 0, 4
97, 150, 1, 0, 4
97, 150, 1, 0, 4
97, 150, 1, 0, 4
97, 150, 1, 0, 4
97, 150, 1, 0, 4
97, 150, 1, 0, 4
97, 150, 1, 0, 4
97, 150, 1, 0, 4
97, 150, 1, 0, 4
97, 150, 1, 0, 4
97, 150, 1, 0, 4
97, 150, 1, 0, 4
97, 150, 1, 0, 4
97, 150, 1, 0, 4
97, 150, 1, 0, 4
97, 150, 1, 0, 4
97, 150, 1, 0, 4
97, 150, 1, 0, 4
97, 150, 1, 0, 4
97, 150, 1, 0, 4
97, 150, 1, 0, 4
97, 150, 1, 0, 4
97, 150, 1, 0, 4
97, 150, 1, 0, 4
97, 150, 1, 0, 4
97, 150, 1, 0, 4
97, 150, 1, 0, 4
97, 150, 1, 0, 4
97, 150, 1, 0, 4
98, 53, 0, 9, 2
98, 53, 0, 9, 3
98, 53, 0, 9, 3
98, 53, 0, 9, 3
98, 53, 0, 9, 3
98, 53, 0, 9, 3
98, 53, 0, 9, 3
98, 53, 0, 9, 3
98, 53, 0, 9, 3
98, 53, 0, 9, 3
98, 53, 0, 9, 3
98, 53, 0, 9, 3
98, 53, 0, 9, 3
98, 53, 0, 9, 3
98, 53, 0, 9, 3
98, 53, 0, 9, 3
98, 53, 0, 9, 3
98, 53, 0, 9, 3
98, 53, 0, 9, 3
98, 53, 0, 9, 3
98, 53, 0, 9, 3
98, 53, 0, 9, 3
98, 53, 0, 9, 4
98, 53, 0, 9, 4
98, 53, 0, 9, 4
98, 53, 0, 9, 4
98, 53, 0, 9, 4
98, 53, 0, 9, 4
98, 53, 0, 9, 4
98, 53, 0, 9, 4
98, 53, 0, 9, 4
98, 53, 0, 9, 4
98, 53, 0, 11, 3
98, 53, 0, 11, 3
98, 53, 0, 11, 3
98, 53, 0, 11, 3
98, 53, 0, 11, 3
98, 53, 0, 11, 3
98, 53, 0, 11, 3
98, 53, 0, 12, 3
98, 53, 0, 12, 3
98, 53, 0, 12, 3
98, 53, 0, 12, 3
98, 53, 0, 12, 3
98, 53, 0, 12, 3
98, 53, 0, 12, 3
98, 53, 0, 12, 3
98, 53, 0, 12, 3
98, 53, 0, 12, 3
98, 53, 0, 12, 3
98, 53, 0, 12, 3
98, 53, 0, 12, 3
98, 53, 0, 12, 3
98, 53, 1, 10, 2
98, 53, 1, 10, 3
98, 53, 1, 10, 3
98, 53, 1, 10, 3
98, 53, 1, 10, 3
98, 53, 1, 10, 3
98, 53, 1, 10, 3
98, 53, 1, 10, 3
98, 53, 1, 10, 3
98, 53, 1, 10, 3
98, 53, 1, 10, 3
98, 53, 1, 10, 3
98, 53, 1, 10, 3
98, 53, 1, 10, 3
98, 53, 1, 10, 3
98, 53, 1, 10, 3
98, 53, 1, 10, 3
98, 53, 1, 10, 3
98, 53, 1, 10, 3
98, 53, 1, 10, 3
98, 53, 1, 10, 3
98, 53, 1, 10, 3
98, 53, 1, 10, 4
98, 53, 1, 10, 4
98, 53, 1, 10, 4
98, 53, 1, 10, 4
98, 53, 1, 10, 4
98, 53, 1, 10, 4
98, 53, 1, 10, 4
98, 53, 1, 10, 4
98, 53, 1, 10, 4
98, 53, 1, 10, 4
98, 53, 1, 12, 3
98, 53, 1, 12, 3
98, 53, 1, 12, 3
98, 53, 1, 12, 3
98, 53, 1, 12, 3
98, 53, 1, 12, 3
98, 53, 1, 12, 3
98, 53, 1, 13, 3
98, 53, 1, 13, 3
98, 53, 1, 13, 3
98, 53, 1, 13, 3
98, 53, 1, 13, 3
98, 53, 1, 13, 3
98, 53, 1, 13, 3
98, 53, 1, 13, 3
98, 53, 1, 13, 3
98, 53, 1, 13, 3
98, 53, 1, 13, 3
98, 53, 1, 13, 3
98, 53, 1, 13, 3
98, 53, 1, 13, 3
98, 60, 2, 4, 2
98, 60, 2, 4, 3
98, 60, 2, 4, 3
98, 60, 2, 4, 3
98, 60, 2, 4, 3
98, 60, 2, 4, 3
98, 60, 2, 4, 3
98, 60, 2, 4, 3
98, 60, 2, 4, 3
98, 60, 2, 4, 3
98, 60, 2, 4, 3
98, 60, 2, 4, 3
98, 60, 2, 4, 3
98, 60, 2, 4, 3
98, 60, 2, 4, 3
98, 60, 2, 4, 3
98, 60, 2, 4, 3
98, 60, 2, 4, 3
98, 60, 2, 4, 3
98, 60, 2, 4, 3
98, 60, 2, 4, 3
98, 60, 2, 4, 3
98, 60, 2, 4, 4
98, 60, 2, 4, 4
98, 60, 2, 4, 4
98, 60, 2, 4, 4
98, 60, 2, 4, 4
98, 60, 2, 4, 4
98, 60, 2, 4, 4
98, 60, 2, 4, 4
98, 60, 2, 4, 4
98, 60, 2, 4, 4
98, 60, 2, 6, 3
98, 60, 2, 6, 3
98, 60, 2, 6, 3
98, 60, 2, 6, 3
98, 60, 2, 6, 3
98, 60, 2, 6, 3
98, 60, 2, 6, 3
98, 60, 2, 7, 3
98, 60, 2, 7, 3
98, 60, 2, 7, 3
98, 60, 2, 7, 3
98, 60, 2, 7, 3
98, 60, 2, 7, 3
98, 60, 2, 7, 3
98, 60, 2, 7, 3
98, 60, 2, 7, 3
98, 60, 2, 7, 3
98, 60, 2, 7, 3
98, 60, 2, 7, 3
98, 60, 2, 7, 3
98, 60, 2, 7, 3
98, 60, 2, 12, 2
98, 60, 2, 12, 2
98, 60, 2, 13, 2
98, 60, 2, 15, 2
98, 60, 2, 15, 2
98, 60, 2, 15, 2
98, 60, 2, 15, 2
98, 60, 3, 5, 2
98, 60, 3, 5, 3
98, 60, 3, 5, 3
98, 60, 3, 5, 3
98, 60, 3, 5, 3
98, 60, 3, 5, 3
98, 60, 3, 5, 3
98, 60, 3, 5, 3
98, 60, 3, 5, 3
98, 60, 3, 5, 3
98, 60, 3, 5, 3
98, 60, 3, 5, 3
98, 60, 3, 5, 3
98, 60, 3, 5, 3
98, 60, 3, 5, 3
98, 60, 3, 5, 3
98, 60, 3, 5, 3
98, 60, 3, 5, 3
98, 60, 3, 5, 3
98, 60, 3, 5, 3
98, 60, 3, 5, 3
98, 60, 3, 5, 3
98, 60, 3, 5, 4
98, 60, 3, 5, 4
98, 60, 3, 5, 4
98, 60, 3, 5, 4
98, 60, 3, 5, 4
98, 60, 3, 5, 4
98, 60, 3, 5, 4
98, 60, 3, 5, 4
98, 60, 3, 5, 4
98, 60, 3, 5, 4
98, 60, 3, 7, 3
98, 60, 3, 7, 3
98, 60, 3, 7, 3
98, 60, 3, 7, 3
98, 60, 3, 7, 3
98, 60, 3, 7, 3
98, 60, 3, 7, 3
98, 60, 3, 8, 3
98, 60, 3, 8, 3
98, 60, 3, 8, 3
98, 60, 3, 8, 3
98, 60, 3, 8, 3
98, 60, 3, 8, 3
98, 60, 3, 8, 3
98, 60, 3, 8, 3
98, 60, 3, 8, 3
98, 60, 3, 8, 3
98, 60, 3, 8, 3
98, 60, 3, 8, 3
98, 60, 3, 8, 3
98, 60, 3, 8, 3
98, 60, 3, 13, 2
98, 60, 3, 13, 2
98, 60, 3, 14, 2
98, 60, 3, 16, 2
98, 60, 3, 16, 2
98, 60, 3, 16, 2
98, 60, 3, 16, 2
98, 46, 4, 2, 2
98, 46, 4, 2, 2
98, 46, 4, 2, 2
98, 46, 4, 2, 2
98, 46, 4, 6, 2
98, 46, 4, 6, 3
98, 46, 4, 6, 3
98, 46, 4, 6, 3
98, 46, 4, 6, 3
98, 46, 4, 6, 3
98, 46, 4, 6, 3
98, 46, 4, 6, 3
98, 46, 4, 6, 3
98, 46, 4, 6, 3
98, 46, 4, 6, 3
98, 46, 4, 6, 3
98, 46, 4, 6, 3
98, 46, 4, 6, 3
98, 46, 4, 6, 3
98, 46, 4, 6, 3
98, 46, 4, 6, 3
98, 46, 4, 6, 3
98, 46, 4, 6, 3
98, 46, 4, 6, 3
98, 46, 4, 6, 3
98, 46, 4, 6, 3
98, 46, 4, 6, 4
98, 46, 4, 6, 4
98, 46, 4, 6, 4
98, 46, 4, 6, 4
98, 46, 4, 6, 4
98, 46, 4, 6, 4
98, 46, 4, 6, 4
98, 46, 4, 6, 4
98, 46, 4, 6, 4
98, 46, 4, 6, 4
98, 46, 4, 8, 3
98, 46, 4, 8, 3
98, 46, 4, 8, 3
98, 46, 4, 8, 3
98, 46, 4, 8, 3
98, 46, 4, 8, 3
98, 46, 4, 8, 3
98, 46, 4, 14, 2
98, 46, 4, 14, 2
98, 46, 4, 15, 2
98, 39, 5, 3, 2
98, 39, 5, 3, 2
98, 39, 5, 3, 2
98, 39, 5, 3, 2
98, 39, 5, 7, 2
98, 39, 5, 7, 3
98, 39, 5, 7, 3
98, 39, 5, 7, 3
98, 39, 5, 7, 3
98, 39, 5, 7, 3
98, 39, 5, 7, 3
98, 39, 5, 7, 3
98, 39, 5, 7, 3
98, 39, 5, 7, 3
98, 39, 5, 7, 3
98, 39, 5, 7, 3
98, 39, 5, 7, 3
98, 39, 5, 7, 3
98, 39, 5, 7, 3
98, 39, 5, 7, 3
98, 39, 5, 7, 3
98, 39, 5, 7, 3
98, 39, 5, 7, 3
98, 39, 5, 7, 3
98, 39, 5, 7, 3
98, 39, 5, 7, 3
98, 39, 5, 7, 4
98, 39, 5, 7, 4
98, 39, 5, 7, 4
98, 39, 5, 7, 4
98, 39, 5, 7, 4
98, 39, 5, 7, 4
98, 39, 5, 7, 4
98, 39, 5, 7, 4
98, 39, 5, 7, 4
98, 39, 5, 7, 4
98, 39, 5, 15, 2
98, 39, 5, 15, 2
98, 39, 5, 16, 2
98, 39, 6, 2, 2
98, 39, 6, 4, 2
98, 39, 6, 4, 2
98, 39, 6, 4, 2
98, 39, 6, 4, 2
98, 39, 6, 8, 2
98, 39, 6, 8, 3
98, 39, 6, 8, 3
98, 39, 6, 8, 3
98, 39, 6, 8, 3
98, 39, 6, 8, 3
98, 39, 6, 8, 3
98, 39, 6, 8, 3
98, 39, 6, 8, 3
98, 39, 6, 8, 3
98, 39, 6, 8, 3
98, 39, 6, 8, 3
98, 39, 6, 8, 3
98, 39, 6, 8, 3
98, 39, 6, 8, 3
98, 39, 6, 8, 3
98, 39, 6, 8, 3
98, 39, 6, 8, 3
98, 39, 6, 8, 3
98, 39, 6, 8, 3
98, 39, 6, 8, 3
98, 39, 6, 8, 3
98, 39, 6, 8, 4
98, 39, 6, 8, 4
98, 39, 6, 8, 4
98, 39, 6, 8, 4
98, 39, 6, 8, 4
98, 39, 6, 8, 4
98, 39, 6, 8, 4
98, 39, 6, 8, 4
98, 39, 6, 8, 4
98, 39, 6, 8, 4
98, 39, 6, 16, 2
98, 39, 6, 16, 2
98, 7, 7, 2, 2
98, 7, 7, 2, 2
98, 7, 7, 3, 2
98, 7, 7, 5, 2
98, 7, 7, 5, 2
98, 7, 7, 5, 2
98, 7, 7, 5, 2
98, 7, 8, 3, 2
98, 7, 8, 3, 2
98, 7, 8, 4, 2
98, 7, 8, 6, 2
98, 7, 8, 6, 2
98, 7, 8, 6, 2
98, 7, 8, 6, 2
98, 57, 9, 0, 2
98, 57, 9, 0, 2
98, 57, 9, 0, 2
98, 57, 9, 0, 2
98, 57, 9, 11, 2
98, 57, 9, 11, 3
98, 57, 9, 11, 3
98, 57, 9, 11, 3
98, 57, 9, 11, 3
98, 57, 9, 11, 3
98, 57, 9, 11, 3
98, 57, 9, 11, 3
98, 57, 9, 11, 3
98, 57, 9, 11, 3
98, 57, 9, 11, 3
98, 57, 9, 11, 3
98, 57, 9, 11, 3
98, 57, 9, 11, 3
98, 57, 9, 11, 3
98, 57, 9, 11, 3
98, 57, 9, 11, 3
98, 57, 9, 11, 3
98, 57, 9, 11, 3
98, 57, 9, 11, 3
98, 57, 9, 11, 3
98, 57, 9, 11, 3
98, 57, 9, 11, 4
98, 57, 9, 11, 4
98, 57, 9, 11, 4
98, 57, 9, 11, 4
98, 57, 9, 11, 4
98, 57, 9, 11, 4
98, 57, 9, 11, 4
98, 57, 9, 11, 4
98, 57, 9, 11, 4
98, 57, 9, 11, 4
98, 57, 9, 13, 3
98, 57, 9, 13, 3
98, 57, 9, 13, 3
98, 57, 9, 13, 3
98, 57, 9, 13, 3
98, 57, 9, 13, 3
98, 57, 9, 13, 3
98, 57, 9, 14, 3
98, 57, 9, 14, 3
98, 57, 9, 14, 3
98, 57, 9, 14, 3
98, 57, 9, 14, 3
98, 57, 9, 14, 3
98, 57, 9, 14, 3
98, 57, 9, 14, 3
98, 57, 9, 14, 3
98, 57, 9, 14, 3
98, 57, 9, 14, 3
98, 57, 9, 14, 3
98, 57, 9, 14, 3
98, 57, 9, 14, 3
98, 57, 10, 1, 2
98, 57, 10, 1, 2
98, 57, 10, 1, 2
98, 57, 10, 1, 2
98, 57, 10, 12, 2
98, 57, 10, 12, 3
98, 57, 10, 12, 3
98, 57, 10, 12, 3
98, 57, 10, 12, 3
98, 57, 10, 12, 3
98, 57, 10, 12, 3
98, 57, 10, 12, 3
98, 57, 10, 12, 3
98, 57, 10, 12, 3
98, 57, 10, 12, 3
98, 57, 10, 12, 3
98, 57, 10, 12, 3
98, 57, 10, 12, 3
98, 57, 10, 12, 3
98, 57, 10, 12, 3
98, 57, 10, 12, 3
98, 57, 10, 12, 3
98, 57, 10, 12, 3
98, 57, 10, 12, 3
98, 57, 10, 12, 3
98, 57, 10, 12, 3
98, 57, 10, 12, 4
98, 57, 10, 12, 4
98, 57, 10, 12, 4
98, 57, 10, 12, 4
98, 57, 10, 12, 4
98, 57, 10, 12, 4
98, 57, 10, 12, 4
98, 57, 10, 12, 4
98, 57, 10, 12, 4
98, 57, 10, 12, 4
98, 57, 10, 14, 3
98, 57, 10, 14, 3
98, 57, 10, 14, 3
98, 57, 10, 14, 3
98, 57, 10, 14, 3
98, 57, 10, 14, 3
98, 57, 10, 14, 3
98, 57, 10, 15, 3
98, 57, 10, 15, 3
98, 57, 10, 15, 3
98, 57, 10, 15, 3
98, 57, 10, 15, 3
98, 57, 10, 15, 3
98, 57, 10, 15, 3
98, 57, 10, 15, 3
98, 57, 10, 15, 3
98, 57, 10, 15, 3
98, 57, 10, 15, 3
98, 57, 10, 15, 3
98, 57, 10, 15, 3
98, 57, 10, 15, 3
98, 58, 11, 0, 2
98, 58, 11, 9, 2
98, 58, 11, 9, 2
98, 58, 11, 9, 2
98, 58, 11, 9, 2
98, 58, 11, 13, 2
98, 58, 11, 13, 3
98, 58, 11, 13, 3
98, 58, 11, 13, 3
98, 58, 11, 13, 3
98, 58, 11, 13, 3
98, 58, 11, 13, 3
98, 58, 11, 13, 3
98, 58, 11, 13, 3
98, 58, 11, 13, 3
98, 58, 11, 13, 3
98, 58, 11, 13, 3
98, 58, 11, 13, 3
98, 58, 11, 13, 3
98, 58, 11, 13, 3
98, 58, 11, 13, 3
98, 58, 11, 13, 3
98, 58, 11, 13, 3
98, 58, 11, 13, 3
98, 58, 11, 13, 3
98, 58, 11, 13, 3
98, 58, 11, 13, 3
98, 58, 11, 13, 4
98, 58, 11, 13, 4
98, 58, 11, 13, 4
98, 58, 11, 13, 4
98, 58, 11, 13, 4
98, 58, 11, 13, 4
98, 58, 11, 13, 4
98, 58, 11, 13, 4
98, 58, 11, 13, 4
98, 58, 11, 13, 4
98, 58, 11, 15, 3
98, 58, 11, 15, 3
98, 58, 11, 15, 3
98, 58, 11, 15, 3
98, 58, 11, 15, 3
98, 58, 11, 15, 3
98, 58, 11, 15, 3
98, 58, 11, 16, 3
98, 58, 11, 16, 3
98, 58, 11, 16, 3
98, 58, 11, 16, 3
98, 58, 11, 16, 3
98, 58, 11, 16, 3
98, 58, 11, 16, 3
98, 58, 11, 16, 3
98, 58, 11, 16, 3
98, 58, 11, 16, 3
98, 58, 11, 16, 3
98, 58, 11, 16, 3
98, 58, 11, 16, 3
98, 58, 11, 16, 3
98, 60, 12, 0, 2
98, 60, 12, 0, 2
98, 60, 12, 1, 2
98, 60, 12, 2, 3
98, 60, 12, 2, 3
98, 60, 12, 2, 3
98, 60, 12, 2, 3
98, 60, 12, 2, 3
98, 60, 12, 2, 3
98, 60, 12, 2, 3
98, 60, 12, 2, 3
98, 60, 12, 2, 3
98, 60, 12, 2, 3
98, 60, 12, 2, 3
98, 60, 12, 2, 3
98, 60, 12, 2, 3
98, 60, 12, 2, 3
98, 60, 12, 10, 2
98, 60, 12, 10, 2
98, 60, 12, 10, 2
98, 60, 12, 10, 2
98, 60, 12, 14, 2
98, 60, 12, 14, 3
98, 60, 12, 14, 3
98, 60, 12, 14, 3
98, 60, 12, 14, 3
98, 60, 12, 14, 3
98, 60, 12, 14, 3
98, 60, 12, 14, 3
98, 60, 12, 14, 3
98, 60, 12, 14, 3
98, 60, 12, 14, 3
98, 60, 12, 14, 3
98, 60, 12, 14, 3
98, 60, 12, 14, 3
98, 60, 12, 14, 3
98, 60, 12, 14, 3
98, 60, 12, 14, 3
98, 60, 12, 14, 3
98, 60, 12, 14, 3
98, 60, 12, 14, 3
98, 60, 12, 14, 3
98, 60, 12, 14, 3
98, 60, 12, 14, 4
98, 60, 12, 14, 4
98, 60, 12, 14, 4
98, 60, 12, 14, 4
98, 60, 12, 14, 4
98, 60, 12, 14, 4
98, 60, 12, 14, 4
98, 60, 12, 14, 4
98, 60, 12, 14, 4
98, 60, 12, 14, 4
98, 60, 12, 16, 3
98, 60, 12, 16, 3
98, 60, 12, 16, 3
98, 60, 12, 16, 3
98, 60, 12, 16, 3
98, 60, 12, 16, 3
98, 60, 12, 16, 3
98, 60, 13, 1, 2
98, 60, 13, 1, 2
98, 60, 13, 2, 3
98, 60, 13, 2, 3
98, 60, 13, 2, 3
98, 60, 13, 2, 3
98, 60, 13, 2, 3
98, 60, 13, 2, 3
98, 60, 13, 2, 3
98, 60, 13, 3, 3
98, 60, 13, 3, 3
98, 60, 13, 3, 3
98, 60, 13, 3, 3
98, 60, 13, 3, 3
98, 60, 13, 3, 3
98, 60, 13, 3, 3
98, 60, 13, 3, 3
98, 60, 13, 3, 3
98, 60, 13, 3, 3
98, 60, 13, 3, 3
98, 60, 13, 3, 3
98, 60, 13, 3, 3
98, 60, 13, 3, 3
98, 60, 13, 9, 2
98, 60, 13, 11, 2
98, 60, 13, 11, 2
98, 60, 13, 11, 2
98, 60, 13, 11, 2
98, 60, 13, 15, 2
98, 60, 13, 15, 3
98, 60, 13, 15, 3
98, 60, 13, 15, 3
98, 60, 13, 15, 3
98, 60, 13, 15, 3
98, 60, 13, 15, 3
98, 60, 13, 15, 3
98, 60, 13, 15, 3
98, 60, 13, 15, 3
98, 60, 13, 15, 3
98, 60, 13, 15, 3
98, 60, 13, 15, 3
98, 60, 13, 15, 3
98, 60, 13, 15, 3
98, 60, 13, 15, 3
98, 60, 13, 15, 3
98, 60, 13, 15, 3
98, 60, 13, 15, 3
98, 60, 13, 15, 3
98, 60, 13, 15, 3
98, 60, 13, 15, 3
98, 60, 13, 15, 4
98, 60, 13, 15, 4
98, 60, 13, 15, 4
98, 60, 13, 15, 4
98, 60, 13, 15, 4
98, 60, 13, 15, 4
98, 60, 13, 15, 4
98, 60, 13, 15, 4
98, 60, 13, 15, 4
98, 60, 13, 15, 4
98, 60, 14, 3, 3
98, 60, 14, 3, 3
98, 60, 14, 3, 3
98, 60, 14, 3, 3
98, 60, 14, 3, 3
98, 60, 14, 3, 3
98, 60, 14, 3, 3
98, 60, 14, 4, 3
98, 60, 14, 4, 3
98, 60, 14, 4, 3
98, 60, 14, 4, 3
98, 60, 14, 4, 3
98, 60, 14, 4, 3
98, 60, 14, 4, 3
98, 60, 14, 4, 3
98, 60, 14, 4, 3
98, 60, 14, 4, 3
98, 60, 14, 4, 3
98, 60, 14, 4, 3
98, 60, 14, 4, 3
98, 60, 14, 4, 3
98, 60, 14, 9, 2
98, 60, 14, 9, 2
98, 60, 14, 10, 2
98, 60, 14, 12, 2
98, 60, 14, 12, 2
98, 60, 14, 12, 2
98, 60, 14, 12, 2
98, 60, 14, 16, 2
98, 60, 14, 16, 3
98, 60, 14, 16, 3
98, 60, 14, 16, 3
98, 60, 14, 16, 3
98, 60, 14, 16, 3
98, 60, 14, 16, 3
98, 60, 14, 16, 3
98, 60, 14, 16, 3
98, 60, 14, 16, 3
98, 60, 14, 16, 3
98, 60, 14, 16, 3
98, 60, 14, 16, 3
98, 60, 14, 16, 3
98, 60, 14, 16, 3
98, 60, 14, 16, 3
98, 60, 14, 16, 3
98, 60, 14, 16, 3
98, 60, 14, 16, 3
98, 60, 14, 16, 3
98, 60, 14, 16, 3
98, 60, 14, 16, 3
98, 60, 14, 16, 4
98, 60, 14, 16, 4
98, 60, 14, 16, 4
98, 60, 14, 16, 4
98, 60, 14, 16, 4
98, 60, 14, 16, 4
98, 60, 14, 16, 4
98, 60, 14, 16, 4
98, 60, 14, 16, 4
98, 60, 14, 16, 4
98, 60, 15, 2, 2
98, 60, 15, 2, 3
98, 60, 15, 2, 3
98, 60, 15, 2, 3
98, 60, 15, 2, 3
98, 60, 15, 2, 3
98, 60, 15, 2, 3
98, 60, 15, 2, 3
98, 60, 15, 2, 3
98, 60, 15, 2, 3
98, 60, 15, 2, 3
98, 60, 15, 2, 3
98, 60, 15, 2, 3
98, 60, 15, 2, 3
98, 60, 15, 2, 3
98, 60, 15, 2, 3
98, 60, 15, 2, 3
98, 60, 15, 2, 3
98, 60, 15, 2, 3
98, 60, 15, 2, 3
98, 60, 15, 2, 3
98, 60, 15, 2, 3
98, 60, 15, 2, 4
98, 60, 15, 2, 4
98, 60, 15, 2, 4
98, 60, 15, 2, 4
98, 60, 15, 2, 4
98, 60, 15, 2, 4
98, 60, 15, 2, 4
98, 60, 15, 2, 4
98, 60, 15, 2, 4
98, 60, 15, 2, 4
98, 60, 15, 4, 3
98, 60, 15, 4, 3
98, 60, 15, 4, 3
98, 60, 15, 4, 3
98, 60, 15, 4, 3
98, 60, 15, 4, 3
98, 60, 15, 4, 3
98, 60, 15, 5, 3
98, 60, 15, 5, 3
98, 60, 15, 5, 3
98, 60, 15, 5, 3
98, 60, 15, 5, 3
98, 60, 15, 5, 3
98, 60, 15, 5, 3
98, 60, 15, 5, 3
98, 60, 15, 5, 3
98, 60, 15, 5, 3
98, 60, 15, 5, 3
98, 60, 15, 5, 3
98, 60, 15, 5, 3
98, 60, 15, 5, 3
98, 60, 15, 10, 2
98, 60, 15, 10, 2
98, 60, 15, 11, 2
98, 60, 15, 13, 2
98, 60, 15, 13, 2
98, 60, 15, 13, 2
98, 60, 15, 13, 2
98, 60, 16, 3, 2
98, 60, 16, 3, 3
98, 60, 16, 3, 3
98, 60, 16, 3, 3
98, 60, 16, 3, 3
98, 60, 16, 3, 3
98, 60, 16, 3, 3
98, 60, 16, 3, 3
98, 60, 16, 3, 3
98, 60, 16, 3, 3
98, 60, 16, 3, 3
98, 60, 16, 3, 3
98, 60, 16, 3, 3
98, 60, 16, 3, 3
98, 60, 16, 3, 3
98, 60, 16, 3, 3
98, 60, 16, 3, 3
98, 60, 16, 3, 3
98, 60, 16, 3, 3
98, 60, 16, 3, 3
98, 60, 16, 3, 3
98, 60, 16, 3, 3
98, 60, 16, 3, 4
98, 60, 16, 3, 4
98, 60, 16, 3, 4
98, 60, 16, 3, 4
98, 60, 16, 3, 4
98, 60, 16, 3, 4
98, 60, 16, 3, 4
98, 60, 16, 3, 4
98, 60, 16, 3, 4
98, 60, 16, 3, 4
98, 60, 16, 5, 3
98, 60, 16, 5, 3
98, 60, 16, 5, 3
98, 60, 16, 5, 3
98, 60, 16, 5, 3
98, 60, 16, 5, 3
98, 60, 16, 5, 3
98, 60, 16, 6, 3
98, 60, 16, 6, 3
98, 60, 16, 6, 3
98, 60, 16, 6, 3
98, 60, 16, 6, 3
98, 60, 16, 6, 3
98, 60, 16, 6, 3
98, 60, 16, 6, 3
98, 60, 16, 6, 3
98, 60, 16, 6, 3
98, 60, 16, 6, 3
98, 60, 16, 6, 3
98, 60, 16, 6, 3
98, 60, 16, 6, 3
98, 60, 16, 11, 2
98, 60, 16, 11, 2
98, 60, 16, 12, 2
98, 60, 16, 14, 2
98, 60, 16, 14, 2
98, 60, 16, 14, 2
98, 60, 16, 14, 2
99, 1, 1, 0, 2
100, 1, 1, 0, 2
Goal
99
100
