CG
12
0, 7, 6, 144
0, 7, 7, 144
0, 7, 8, 144
0, 7, 9, 144
0, 7, 10, 144
0, 7, 11, 144
0, 7, 5, 864
1, 7, 6, 144
1, 7, 7, 144
1, 7, 8, 144
1, 7, 9, 144
1, 7, 10, 144
1, 7, 11, 144
1, 7, 4, 864
2, 7, 6, 144
2, 7, 7, 144
2, 7, 8, 144
2, 7, 9, 144
2, 7, 10, 144
2, 7, 11, 144
2, 7, 3, 864
3, 6, 6, 144
3, 6, 7, 144
3, 6, 8, 144
3, 6, 9, 144
3, 6, 10, 144
3, 6, 11, 144
4, 6, 6, 144
4, 6, 7, 144
4, 6, 8, 144
4, 6, 9, 144
4, 6, 10, 144
4, 6, 11, 144
5, 6, 6, 144
5, 6, 7, 144
5, 6, 8, 144
5, 6, 9, 144
5, 6, 10, 144
5, 6, 11, 144
6, 3, 3, 144
6, 3, 4, 144
6, 3, 5, 144
7, 3, 3, 144
7, 3, 4, 144
7, 3, 5, 144
8, 3, 3, 144
8, 3, 4, 144
8, 3, 5, 144
9, 3, 3, 144
9, 3, 4, 144
9, 3, 5, 144
10, 3, 3, 144
10, 3, 4, 144
10, 3, 5, 144
11, 3, 3, 144
11, 3, 4, 144
11, 3, 5, 144
DTG
0, 6, 0, 1, 1
0, 6, 0, 9, 1
0, 6, 0, 11, 1
0, 6, 0, 13, 1
0, 6, 0, 16, 1
0, 6, 0, 17, 1
0, 4, 1, 0, 1
0, 4, 1, 11, 1
0, 4, 1, 13, 1
0, 4, 1, 16, 1
0, 4, 2, 6, 1
0, 4, 2, 7, 1
0, 4, 2, 10, 1
0, 4, 2, 11, 1
0, 2, 3, 4, 1
0, 2, 3, 10, 1
0, 3, 4, 3, 1
0, 3, 4, 10, 1
0, 3, 4, 15, 1
0, 4, 5, 8, 1
0, 4, 5, 12, 1
0, 4, 5, 14, 1
0, 4, 5, 15, 1
0, 4, 6, 2, 1
0, 4, 6, 7, 1
0, 4, 6, 10, 1
0, 4, 6, 11, 1
0, 3, 7, 2, 1
0, 3, 7, 6, 1
0, 3, 7, 10, 1
0, 4, 8, 5, 1
0, 4, 8, 12, 1
0, 4, 8, 14, 1
0, 4, 8, 15, 1
0, 4, 9, 0, 1
0, 4, 9, 12, 1
0, 4, 9, 16, 1
0, 4, 9, 17, 1
0, 5, 10, 2, 1
0, 5, 10, 3, 1
0, 5, 10, 4, 1
0, 5, 10, 6, 1
0, 5, 10, 7, 1
0, 4, 11, 0, 1
0, 4, 11, 1, 1
0, 4, 11, 2, 1
0, 4, 11, 6, 1
0, 5, 12, 5, 1
0, 5, 12, 8, 1
0, 5, 12, 9, 1
0, 5, 12, 14, 1
0, 5, 12, 17, 1
0, 3, 13, 0, 1
0, 3, 13, 1, 1
0, 3, 13, 16, 1
0, 3, 14, 5, 1
0, 3, 14, 8, 1
0, 3, 14, 12, 1
0, 3, 15, 4, 1
0, 3, 15, 5, 1
0, 3, 15, 8, 1
0, 5, 16, 0, 1
0, 5, 16, 1, 1
0, 5, 16, 9, 1
0, 5, 16, 13, 1
0, 5, 16, 17, 1
0, 4, 17, 0, 1
0, 4, 17, 9, 1
0, 4, 17, 12, 1
0, 4, 17, 16, 1
1, 6, 0, 1, 1
1, 6, 0, 9, 1
1, 6, 0, 11, 1
1, 6, 0, 13, 1
1, 6, 0, 16, 1
1, 6, 0, 17, 1
1, 4, 1, 0, 1
1, 4, 1, 11, 1
1, 4, 1, 13, 1
1, 4, 1, 16, 1
1, 4, 2, 6, 1
1, 4, 2, 7, 1
1, 4, 2, 10, 1
1, 4, 2, 11, 1
1, 2, 3, 4, 1
1, 2, 3, 10, 1
1, 3, 4, 3, 1
1, 3, 4, 10, 1
1, 3, 4, 15, 1
1, 4, 5, 8, 1
1, 4, 5, 12, 1
1, 4, 5, 14, 1
1, 4, 5, 15, 1
1, 4, 6, 2, 1
1, 4, 6, 7, 1
1, 4, 6, 10, 1
1, 4, 6, 11, 1
1, 3, 7, 2, 1
1, 3, 7, 6, 1
1, 3, 7, 10, 1
1, 4, 8, 5, 1
1, 4, 8, 12, 1
1, 4, 8, 14, 1
1, 4, 8, 15, 1
1, 4, 9, 0, 1
1, 4, 9, 12, 1
1, 4, 9, 16, 1
1, 4, 9, 17, 1
1, 5, 10, 2, 1
1, 5, 10, 3, 1
1, 5, 10, 4, 1
1, 5, 10, 6, 1
1, 5, 10, 7, 1
1, 4, 11, 0, 1
1, 4, 11, 1, 1
1, 4, 11, 2, 1
1, 4, 11, 6, 1
1, 5, 12, 5, 1
1, 5, 12, 8, 1
1, 5, 12, 9, 1
1, 5, 12, 14, 1
1, 5, 12, 17, 1
1, 3, 13, 0, 1
1, 3, 13, 1, 1
1, 3, 13, 16, 1
1, 3, 14, 5, 1
1, 3, 14, 8, 1
1, 3, 14, 12, 1
1, 3, 15, 4, 1
1, 3, 15, 5, 1
1, 3, 15, 8, 1
1, 5, 16, 0, 1
1, 5, 16, 1, 1
1, 5, 16, 9, 1
1, 5, 16, 13, 1
1, 5, 16, 17, 1
1, 4, 17, 0, 1
1, 4, 17, 9, 1
1, 4, 17, 12, 1
1, 4, 17, 16, 1
2, 6, 0, 1, 1
2, 6, 0, 9, 1
2, 6, 0, 11, 1
2, 6, 0, 13, 1
2, 6, 0, 16, 1
2, 6, 0, 17, 1
2, 4, 1, 0, 1
2, 4, 1, 11, 1
2, 4, 1, 13, 1
2, 4, 1, 16, 1
2, 4, 2, 6, 1
2, 4, 2, 7, 1
2, 4, 2, 10, 1
2, 4, 2, 11, 1
2, 2, 3, 4, 1
2, 2, 3, 10, 1
2, 3, 4, 3, 1
2, 3, 4, 10, 1
2, 3, 4, 15, 1
2, 4, 5, 8, 1
2, 4, 5, 12, 1
2, 4, 5, 14, 1
2, 4, 5, 15, 1
2, 4, 6, 2, 1
2, 4, 6, 7, 1
2, 4, 6, 10, 1
2, 4, 6, 11, 1
2, 3, 7, 2, 1
2, 3, 7, 6, 1
2, 3, 7, 10, 1
2, 4, 8, 5, 1
2, 4, 8, 12, 1
2, 4, 8, 14, 1
2, 4, 8, 15, 1
2, 4, 9, 0, 1
2, 4, 9, 12, 1
2, 4, 9, 16, 1
2, 4, 9, 17, 1
2, 5, 10, 2, 1
2, 5, 10, 3, 1
2, 5, 10, 4, 1
2, 5, 10, 6, 1
2, 5, 10, 7, 1
2, 4, 11, 0, 1
2, 4, 11, 1, 1
2, 4, 11, 2, 1
2, 4, 11, 6, 1
2, 5, 12, 5, 1
2, 5, 12, 8, 1
2, 5, 12, 9, 1
2, 5, 12, 14, 1
2, 5, 12, 17, 1
2, 3, 13, 0, 1
2, 3, 13, 1, 1
2, 3, 13, 16, 1
2, 3, 14, 5, 1
2, 3, 14, 8, 1
2, 3, 14, 12, 1
2, 3, 15, 4, 1
2, 3, 15, 5, 1
2, 3, 15, 8, 1
2, 5, 16, 0, 1
2, 5, 16, 1, 1
2, 5, 16, 9, 1
2, 5, 16, 13, 1
2, 5, 16, 17, 1
2, 4, 17, 0, 1
2, 4, 17, 9, 1
2, 4, 17, 12, 1
2, 4, 17, 16, 1
3, 108, 0, 1, 3
3, 108, 0, 1, 3
3, 108, 0, 1, 3
3, 108, 0, 1, 3
3, 108, 0, 1, 3
3, 108, 0, 1, 3
3, 108, 0, 1, 3
3, 108, 0, 1, 3
3, 108, 0, 1, 3
3, 108, 0, 1, 3
3, 108, 0, 1, 3
3, 108, 0, 1, 3
3, 108, 0, 1, 3
3, 108, 0, 1, 3
3, 108, 0, 1, 3
3, 108, 0, 1, 3
3, 108, 0, 1, 3
3, 108, 0, 1, 3
3, 108, 0, 1, 3
3, 108, 0, 1, 3
3, 108, 0, 1, 3
3, 108, 0, 1, 3
3, 108, 0, 1, 3
3, 108, 0, 1, 3
3, 108, 0, 1, 3
3, 108, 0, 1, 3
3, 108, 0, 1, 3
3, 108, 0, 1, 3
3, 108, 0, 1, 3
3, 108, 0, 1, 3
3, 108, 0, 1, 3
3, 108, 0, 1, 3
3, 108, 0, 1, 3
3, 108, 0, 1, 3
3, 108, 0, 1, 3
3, 108, 0, 1, 3
3, 108, 0, 1, 3
3, 108, 0, 1, 3
3, 108, 0, 1, 3
3, 108, 0, 1, 3
3, 108, 0, 1, 3
3, 108, 0, 1, 3
3, 108, 0, 1, 3
3, 108, 0, 1, 3
3, 108, 0, 1, 3
3, 108, 0, 1, 3
3, 108, 0, 1, 3
3, 108, 0, 1, 3
3, 108, 0, 1, 3
3, 108, 0, 1, 3
3, 108, 0, 1, 3
3, 108, 0, 1, 3
3, 108, 0, 1, 3
3, 108, 0, 1, 3
3, 108, 0, 1, 3
3, 108, 0, 1, 3
3, 108, 0, 1, 3
3, 108, 0, 1, 3
3, 108, 0, 1, 3
3, 108, 0, 1, 3
3, 108, 0, 1, 3
3, 108, 0, 1, 3
3, 108, 0, 1, 3
3, 108, 0, 1, 3
3, 108, 0, 1, 3
3, 108, 0, 1, 3
3, 108, 0, 1, 3
3, 108, 0, 1, 3
3, 108, 0, 1, 3
3, 108, 0, 1, 3
3, 108, 0, 1, 3
3, 108, 0, 1, 3
3, 108, 0, 1, 3
3, 108, 0, 1, 3
3, 108, 0, 1, 3
3, 108, 0, 1, 3
3, 108, 0, 1, 3
3, 108, 0, 1, 3
3, 108, 0, 1, 3
3, 108, 0, 1, 3
3, 108, 0, 1, 3
3, 108, 0, 1, 3
3, 108, 0, 1, 3
3, 108, 0, 1, 3
3, 108, 0, 1, 3
3, 108, 0, 1, 3
3, 108, 0, 1, 3
3, 108, 0, 1, 3
3, 108, 0, 1, 3
3, 108, 0, 1, 3
3, 108, 0, 1, 3
3, 108, 0, 1, 3
3, 108, 0, 1, 3
3, 108, 0, 1, 3
3, 108, 0, 1, 3
3, 108, 0, 1, 3
3, 108, 0, 1, 3
3, 108, 0, 1, 3
3, 108, 0, 1, 3
3, 108, 0, 1, 3
3, 108, 0, 1, 3
3, 108, 0, 1, 3
3, 108, 0, 1, 3
3, 108, 0, 1, 3
3, 108, 0, 1, 3
3, 108, 0, 1, 3
3, 108, 0, 1, 3
3, 108, 0, 1, 3
3, 216, 1, 0, 3
3, 216, 1, 0, 3
3, 216, 1, 0, 3
3, 216, 1, 0, 3
3, 216, 1, 0, 3
3, 216, 1, 0, 3
3, 216, 1, 0, 3
3, 216, 1, 0, 3
3, 216, 1, 0, 3
3, 216, 1, 0, 3
3, 216, 1, 0, 3
3, 216, 1, 0, 3
3, 216, 1, 0, 3
3, 216, 1, 0, 3
3, 216, 1, 0, 3
3, 216, 1, 0, 3
3, 216, 1, 0, 3
3, 216, 1, 0, 3
3, 216, 1, 0, 3
3, 216, 1, 0, 3
3, 216, 1, 0, 3
3, 216, 1, 0, 3
3, 216, 1, 0, 3
3, 216, 1, 0, 3
3, 216, 1, 0, 3
3, 216, 1, 0, 3
3, 216, 1, 0, 3
3, 216, 1, 0, 3
3, 216, 1, 0, 3
3, 216, 1, 0, 3
3, 216, 1, 0, 3
3, 216, 1, 0, 3
3, 216, 1, 0, 3
3, 216, 1, 0, 3
3, 216, 1, 0, 3
3, 216, 1, 0, 3
3, 216, 1, 0, 3
3, 216, 1, 0, 3
3, 216, 1, 0, 3
3, 216, 1, 0, 3
3, 216, 1, 0, 3
3, 216, 1, 0, 3
3, 216, 1, 0, 3
3, 216, 1, 0, 3
3, 216, 1, 0, 3
3, 216, 1, 0, 3
3, 216, 1, 0, 3
3, 216, 1, 0, 3
3, 216, 1, 0, 3
3, 216, 1, 0, 3
3, 216, 1, 0, 3
3, 216, 1, 0, 3
3, 216, 1, 0, 3
3, 216, 1, 0, 3
3, 216, 1, 0, 3
3, 216, 1, 0, 3
3, 216, 1, 0, 3
3, 216, 1, 0, 3
3, 216, 1, 0, 3
3, 216, 1, 0, 3
3, 216, 1, 0, 3
3, 216, 1, 0, 3
3, 216, 1, 0, 3
3, 216, 1, 0, 3
3, 216, 1, 0, 3
3, 216, 1, 0, 3
3, 216, 1, 0, 3
3, 216, 1, 0, 3
3, 216, 1, 0, 3
3, 216, 1, 0, 3
3, 216, 1, 0, 3
3, 216, 1, 0, 3
3, 216, 1, 0, 3
3, 216, 1, 0, 3
3, 216, 1, 0, 3
3, 216, 1, 0, 3
3, 216, 1, 0, 3
3, 216, 1, 0, 3
3, 216, 1, 0, 3
3, 216, 1, 0, 3
3, 216, 1, 0, 3
3, 216, 1, 0, 3
3, 216, 1, 0, 3
3, 216, 1, 0, 3
3, 216, 1, 0, 3
3, 216, 1, 0, 3
3, 216, 1, 0, 3
3, 216, 1, 0, 3
3, 216, 1, 0, 3
3, 216, 1, 0, 3
3, 216, 1, 0, 3
3, 216, 1, 0, 3
3, 216, 1, 0, 3
3, 216, 1, 0, 3
3, 216, 1, 0, 3
3, 216, 1, 0, 3
3, 216, 1, 0, 3
3, 216, 1, 0, 3
3, 216, 1, 0, 3
3, 216, 1, 0, 3
3, 216, 1, 0, 3
3, 216, 1, 0, 3
3, 216, 1, 0, 3
3, 216, 1, 0, 3
3, 216, 1, 0, 3
3, 216, 1, 0, 3
3, 216, 1, 0, 3
3, 216, 1, 0, 3
3, 216, 1, 2, 3
3, 216, 1, 2, 3
3, 216, 1, 2, 3
3, 216, 1, 2, 3
3, 216, 1, 2, 3
3, 216, 1, 2, 3
3, 216, 1, 2, 3
3, 216, 1, 2, 3
3, 216, 1, 2, 3
3, 216, 1, 2, 3
3, 216, 1, 2, 3
3, 216, 1, 2, 3
3, 216, 1, 2, 3
3, 216, 1, 2, 3
3, 216, 1, 2, 3
3, 216, 1, 2, 3
3, 216, 1, 2, 3
3, 216, 1, 2, 3
3, 216, 1, 2, 3
3, 216, 1, 2, 3
3, 216, 1, 2, 3
3, 216, 1, 2, 3
3, 216, 1, 2, 3
3, 216, 1, 2, 3
3, 216, 1, 2, 3
3, 216, 1, 2, 3
3, 216, 1, 2, 3
3, 216, 1, 2, 3
3, 216, 1, 2, 3
3, 216, 1, 2, 3
3, 216, 1, 2, 3
3, 216, 1, 2, 3
3, 216, 1, 2, 3
3, 216, 1, 2, 3
3, 216, 1, 2, 3
3, 216, 1, 2, 3
3, 216, 1, 2, 3
3, 216, 1, 2, 3
3, 216, 1, 2, 3
3, 216, 1, 2, 3
3, 216, 1, 2, 3
3, 216, 1, 2, 3
3, 216, 1, 2, 3
3, 216, 1, 2, 3
3, 216, 1, 2, 3
3, 216, 1, 2, 3
3, 216, 1, 2, 3
3, 216, 1, 2, 3
3, 216, 1, 2, 3
3, 216, 1, 2, 3
3, 216, 1, 2, 3
3, 216, 1, 2, 3
3, 216, 1, 2, 3
3, 216, 1, 2, 3
3, 216, 1, 2, 3
3, 216, 1, 2, 3
3, 216, 1, 2, 3
3, 216, 1, 2, 3
3, 216, 1, 2, 3
3, 216, 1, 2, 3
3, 216, 1, 2, 3
3, 216, 1, 2, 3
3, 216, 1, 2, 3
3, 216, 1, 2, 3
3, 216, 1, 2, 3
3, 216, 1, 2, 3
3, 216, 1, 2, 3
3, 216, 1, 2, 3
3, 216, 1, 2, 3
3, 216, 1, 2, 3
3, 216, 1, 2, 3
3, 216, 1, 2, 3
3, 216, 1, 2, 3
3, 216, 1, 2, 3
3, 216, 1, 2, 3
3, 216, 1, 2, 3
3, 216, 1, 2, 3
3, 216, 1, 2, 3
3, 216, 1, 2, 3
3, 216, 1, 2, 3
3, 216, 1, 2, 3
3, 216, 1, 2, 3
3, 216, 1, 2, 3
3, 216, 1, 2, 3
3, 216, 1, 2, 3
3, 216, 1, 2, 3
3, 216, 1, 2, 3
3, 216, 1, 2, 3
3, 216, 1, 2, 3
3, 216, 1, 2, 3
3, 216, 1, 2, 3
3, 216, 1, 2, 3
3, 216, 1, 2, 3
3, 216, 1, 2, 3
3, 216, 1, 2, 3
3, 216, 1, 2, 3
3, 216, 1, 2, 3
3, 216, 1, 2, 3
3, 216, 1, 2, 3
3, 216, 1, 2, 3
3, 216, 1, 2, 3
3, 216, 1, 2, 3
3, 216, 1, 2, 3
3, 216, 1, 2, 3
3, 216, 1, 2, 3
3, 216, 1, 2, 3
3, 216, 1, 2, 3
3, 216, 1, 2, 3
3, 216, 2, 1, 3
3, 216, 2, 1, 3
3, 216, 2, 1, 3
3, 216, 2, 1, 3
3, 216, 2, 1, 3
3, 216, 2, 1, 3
3, 216, 2, 1, 3
3, 216, 2, 1, 3
3, 216, 2, 1, 3
3, 216, 2, 1, 3
3, 216, 2, 1, 3
3, 216, 2, 1, 3
3, 216, 2, 1, 3
3, 216, 2, 1, 3
3, 216, 2, 1, 3
3, 216, 2, 1, 3
3, 216, 2, 1, 3
3, 216, 2, 1, 3
3, 216, 2, 1, 3
3, 216, 2, 1, 3
3, 216, 2, 1, 3
3, 216, 2, 1, 3
3, 216, 2, 1, 3
3, 216, 2, 1, 3
3, 216, 2, 1, 3
3, 216, 2, 1, 3
3, 216, 2, 1, 3
3, 216, 2, 1, 3
3, 216, 2, 1, 3
3, 216, 2, 1, 3
3, 216, 2, 1, 3
3, 216, 2, 1, 3
3, 216, 2, 1, 3
3, 216, 2, 1, 3
3, 216, 2, 1, 3
3, 216, 2, 1, 3
3, 216, 2, 1, 3
3, 216, 2, 1, 3
3, 216, 2, 1, 3
3, 216, 2, 1, 3
3, 216, 2, 1, 3
3, 216, 2, 1, 3
3, 216, 2, 1, 3
3, 216, 2, 1, 3
3, 216, 2, 1, 3
3, 216, 2, 1, 3
3, 216, 2, 1, 3
3, 216, 2, 1, 3
3, 216, 2, 1, 3
3, 216, 2, 1, 3
3, 216, 2, 1, 3
3, 216, 2, 1, 3
3, 216, 2, 1, 3
3, 216, 2, 1, 3
3, 216, 2, 1, 3
3, 216, 2, 1, 3
3, 216, 2, 1, 3
3, 216, 2, 1, 3
3, 216, 2, 1, 3
3, 216, 2, 1, 3
3, 216, 2, 1, 3
3, 216, 2, 1, 3
3, 216, 2, 1, 3
3, 216, 2, 1, 3
3, 216, 2, 1, 3
3, 216, 2, 1, 3
3, 216, 2, 1, 3
3, 216, 2, 1, 3
3, 216, 2, 1, 3
3, 216, 2, 1, 3
3, 216, 2, 1, 3
3, 216, 2, 1, 3
3, 216, 2, 1, 3
3, 216, 2, 1, 3
3, 216, 2, 1, 3
3, 216, 2, 1, 3
3, 216, 2, 1, 3
3, 216, 2, 1, 3
3, 216, 2, 1, 3
3, 216, 2, 1, 3
3, 216, 2, 1, 3
3, 216, 2, 1, 3
3, 216, 2, 1, 3
3, 216, 2, 1, 3
3, 216, 2, 1, 3
3, 216, 2, 1, 3
3, 216, 2, 1, 3
3, 216, 2, 1, 3
3, 216, 2, 1, 3
3, 216, 2, 1, 3
3, 216, 2, 1, 3
3, 216, 2, 1, 3
3, 216, 2, 1, 3
3, 216, 2, 1, 3
3, 216, 2, 1, 3
3, 216, 2, 1, 3
3, 216, 2, 1, 3
3, 216, 2, 1, 3
3, 216, 2, 1, 3
3, 216, 2, 1, 3
3, 216, 2, 1, 3
3, 216, 2, 1, 3
3, 216, 2, 1, 3
3, 216, 2, 1, 3
3, 216, 2, 1, 3
3, 216, 2, 1, 3
3, 216, 2, 1, 3
3, 216, 2, 1, 3
3, 216, 2, 3, 3
3, 216, 2, 3, 3
3, 216, 2, 3, 3
3, 216, 2, 3, 3
3, 216, 2, 3, 3
3, 216, 2, 3, 3
3, 216, 2, 3, 3
3, 216, 2, 3, 3
3, 216, 2, 3, 3
3, 216, 2, 3, 3
3, 216, 2, 3, 3
3, 216, 2, 3, 3
3, 216, 2, 3, 3
3, 216, 2, 3, 3
3, 216, 2, 3, 3
3, 216, 2, 3, 3
3, 216, 2, 3, 3
3, 216, 2, 3, 3
3, 216, 2, 3, 3
3, 216, 2, 3, 3
3, 216, 2, 3, 3
3, 216, 2, 3, 3
3, 216, 2, 3, 3
3, 216, 2, 3, 3
3, 216, 2, 3, 3
3, 216, 2, 3, 3
3, 216, 2, 3, 3
3, 216, 2, 3, 3
3, 216, 2, 3, 3
3, 216, 2, 3, 3
3, 216, 2, 3, 3
3, 216, 2, 3, 3
3, 216, 2, 3, 3
3, 216, 2, 3, 3
3, 216, 2, 3, 3
3, 216, 2, 3, 3
3, 216, 2, 3, 3
3, 216, 2, 3, 3
3, 216, 2, 3, 3
3, 216, 2, 3, 3
3, 216, 2, 3, 3
3, 216, 2, 3, 3
3, 216, 2, 3, 3
3, 216, 2, 3, 3
3, 216, 2, 3, 3
3, 216, 2, 3, 3
3, 216, 2, 3, 3
3, 216, 2, 3, 3
3, 216, 2, 3, 3
3, 216, 2, 3, 3
3, 216, 2, 3, 3
3, 216, 2, 3, 3
3, 216, 2, 3, 3
3, 216, 2, 3, 3
3, 216, 2, 3, 3
3, 216, 2, 3, 3
3, 216, 2, 3, 3
3, 216, 2, 3, 3
3, 216, 2, 3, 3
3, 216, 2, 3, 3
3, 216, 2, 3, 3
3, 216, 2, 3, 3
3, 216, 2, 3, 3
3, 216, 2, 3, 3
3, 216, 2, 3, 3
3, 216, 2, 3, 3
3, 216, 2, 3, 3
3, 216, 2, 3, 3
3, 216, 2, 3, 3
3, 216, 2, 3, 3
3, 216, 2, 3, 3
3, 216, 2, 3, 3
3, 216, 2, 3, 3
3, 216, 2, 3, 3
3, 216, 2, 3, 3
3, 216, 2, 3, 3
3, 216, 2, 3, 3
3, 216, 2, 3, 3
3, 216, 2, 3, 3
3, 216, 2, 3, 3
3, 216, 2, 3, 3
3, 216, 2, 3, 3
3, 216, 2, 3, 3
3, 216, 2, 3, 3
3, 216, 2, 3, 3
3, 216, 2, 3, 3
3, 216, 2, 3, 3
3, 216, 2, 3, 3
3, 216, 2, 3, 3
3, 216, 2, 3, 3
3, 216, 2, 3, 3
3, 216, 2, 3, 3
3, 216, 2, 3, 3
3, 216, 2, 3, 3
3, 216, 2, 3, 3
3, 216, 2, 3, 3
3, 216, 2, 3, 3
3, 216, 2, 3, 3
3, 216, 2, 3, 3
3, 216, 2, 3, 3
3, 216, 2, 3, 3
3, 216, 2, 3, 3
3, 216, 2, 3, 3
3, 216, 2, 3, 3
3, 216, 2, 3, 3
3, 216, 2, 3, 3
3, 216, 2, 3, 3
3, 216, 2, 3, 3
3, 216, 3, 2, 3
3, 216, 3, 2, 3
3, 216, 3, 2, 3
3, 216, 3, 2, 3
3, 216, 3, 2, 3
3, 216, 3, 2, 3
3, 216, 3, 2, 3
3, 216, 3, 2, 3
3, 216, 3, 2, 3
3, 216, 3, 2, 3
3, 216, 3, 2, 3
3, 216, 3, 2, 3
3, 216, 3, 2, 3
3, 216, 3, 2, 3
3, 216, 3, 2, 3
3, 216, 3, 2, 3
3, 216, 3, 2, 3
3, 216, 3, 2, 3
3, 216, 3, 2, 3
3, 216, 3, 2, 3
3, 216, 3, 2, 3
3, 216, 3, 2, 3
3, 216, 3, 2, 3
3, 216, 3, 2, 3
3, 216, 3, 2, 3
3, 216, 3, 2, 3
3, 216, 3, 2, 3
3, 216, 3, 2, 3
3, 216, 3, 2, 3
3, 216, 3, 2, 3
3, 216, 3, 2, 3
3, 216, 3, 2, 3
3, 216, 3, 2, 3
3, 216, 3, 2, 3
3, 216, 3, 2, 3
3, 216, 3, 2, 3
3, 216, 3, 2, 3
3, 216, 3, 2, 3
3, 216, 3, 2, 3
3, 216, 3, 2, 3
3, 216, 3, 2, 3
3, 216, 3, 2, 3
3, 216, 3, 2, 3
3, 216, 3, 2, 3
3, 216, 3, 2, 3
3, 216, 3, 2, 3
3, 216, 3, 2, 3
3, 216, 3, 2, 3
3, 216, 3, 2, 3
3, 216, 3, 2, 3
3, 216, 3, 2, 3
3, 216, 3, 2, 3
3, 216, 3, 2, 3
3, 216, 3, 2, 3
3, 216, 3, 2, 3
3, 216, 3, 2, 3
3, 216, 3, 2, 3
3, 216, 3, 2, 3
3, 216, 3, 2, 3
3, 216, 3, 2, 3
3, 216, 3, 2, 3
3, 216, 3, 2, 3
3, 216, 3, 2, 3
3, 216, 3, 2, 3
3, 216, 3, 2, 3
3, 216, 3, 2, 3
3, 216, 3, 2, 3
3, 216, 3, 2, 3
3, 216, 3, 2, 3
3, 216, 3, 2, 3
3, 216, 3, 2, 3
3, 216, 3, 2, 3
3, 216, 3, 2, 3
3, 216, 3, 2, 3
3, 216, 3, 2, 3
3, 216, 3, 2, 3
3, 216, 3, 2, 3
3, 216, 3, 2, 3
3, 216, 3, 2, 3
3, 216, 3, 2, 3
3, 216, 3, 2, 3
3, 216, 3, 2, 3
3, 216, 3, 2, 3
3, 216, 3, 2, 3
3, 216, 3, 2, 3
3, 216, 3, 2, 3
3, 216, 3, 2, 3
3, 216, 3, 2, 3
3, 216, 3, 2, 3
3, 216, 3, 2, 3
3, 216, 3, 2, 3
3, 216, 3, 2, 3
3, 216, 3, 2, 3
3, 216, 3, 2, 3
3, 216, 3, 2, 3
3, 216, 3, 2, 3
3, 216, 3, 2, 3
3, 216, 3, 2, 3
3, 216, 3, 2, 3
3, 216, 3, 2, 3
3, 216, 3, 2, 3
3, 216, 3, 2, 3
3, 216, 3, 2, 3
3, 216, 3, 2, 3
3, 216, 3, 2, 3
3, 216, 3, 2, 3
3, 216, 3, 2, 3
3, 216, 3, 2, 3
3, 216, 3, 4, 3
3, 216, 3, 4, 3
3, 216, 3, 4, 3
3, 216, 3, 4, 3
3, 216, 3, 4, 3
3, 216, 3, 4, 3
3, 216, 3, 4, 3
3, 216, 3, 4, 3
3, 216, 3, 4, 3
3, 216, 3, 4, 3
3, 216, 3, 4, 3
3, 216, 3, 4, 3
3, 216, 3, 4, 3
3, 216, 3, 4, 3
3, 216, 3, 4, 3
3, 216, 3, 4, 3
3, 216, 3, 4, 3
3, 216, 3, 4, 3
3, 216, 3, 4, 3
3, 216, 3, 4, 3
3, 216, 3, 4, 3
3, 216, 3, 4, 3
3, 216, 3, 4, 3
3, 216, 3, 4, 3
3, 216, 3, 4, 3
3, 216, 3, 4, 3
3, 216, 3, 4, 3
3, 216, 3, 4, 3
3, 216, 3, 4, 3
3, 216, 3, 4, 3
3, 216, 3, 4, 3
3, 216, 3, 4, 3
3, 216, 3, 4, 3
3, 216, 3, 4, 3
3, 216, 3, 4, 3
3, 216, 3, 4, 3
3, 216, 3, 4, 3
3, 216, 3, 4, 3
3, 216, 3, 4, 3
3, 216, 3, 4, 3
3, 216, 3, 4, 3
3, 216, 3, 4, 3
3, 216, 3, 4, 3
3, 216, 3, 4, 3
3, 216, 3, 4, 3
3, 216, 3, 4, 3
3, 216, 3, 4, 3
3, 216, 3, 4, 3
3, 216, 3, 4, 3
3, 216, 3, 4, 3
3, 216, 3, 4, 3
3, 216, 3, 4, 3
3, 216, 3, 4, 3
3, 216, 3, 4, 3
3, 216, 3, 4, 3
3, 216, 3, 4, 3
3, 216, 3, 4, 3
3, 216, 3, 4, 3
3, 216, 3, 4, 3
3, 216, 3, 4, 3
3, 216, 3, 4, 3
3, 216, 3, 4, 3
3, 216, 3, 4, 3
3, 216, 3, 4, 3
3, 216, 3, 4, 3
3, 216, 3, 4, 3
3, 216, 3, 4, 3
3, 216, 3, 4, 3
3, 216, 3, 4, 3
3, 216, 3, 4, 3
3, 216, 3, 4, 3
3, 216, 3, 4, 3
3, 216, 3, 4, 3
3, 216, 3, 4, 3
3, 216, 3, 4, 3
3, 216, 3, 4, 3
3, 216, 3, 4, 3
3, 216, 3, 4, 3
3, 216, 3, 4, 3
3, 216, 3, 4, 3
3, 216, 3, 4, 3
3, 216, 3, 4, 3
3, 216, 3, 4, 3
3, 216, 3, 4, 3
3, 216, 3, 4, 3
3, 216, 3, 4, 3
3, 216, 3, 4, 3
3, 216, 3, 4, 3
3, 216, 3, 4, 3
3, 216, 3, 4, 3
3, 216, 3, 4, 3
3, 216, 3, 4, 3
3, 216, 3, 4, 3
3, 216, 3, 4, 3
3, 216, 3, 4, 3
3, 216, 3, 4, 3
3, 216, 3, 4, 3
3, 216, 3, 4, 3
3, 216, 3, 4, 3
3, 216, 3, 4, 3
3, 216, 3, 4, 3
3, 216, 3, 4, 3
3, 216, 3, 4, 3
3, 216, 3, 4, 3
3, 216, 3, 4, 3
3, 216, 3, 4, 3
3, 216, 3, 4, 3
3, 216, 3, 4, 3
3, 108, 4, 3, 3
3, 108, 4, 3, 3
3, 108, 4, 3, 3
3, 108, 4, 3, 3
3, 108, 4, 3, 3
3, 108, 4, 3, 3
3, 108, 4, 3, 3
3, 108, 4, 3, 3
3, 108, 4, 3, 3
3, 108, 4, 3, 3
3, 108, 4, 3, 3
3, 108, 4, 3, 3
3, 108, 4, 3, 3
3, 108, 4, 3, 3
3, 108, 4, 3, 3
3, 108, 4, 3, 3
3, 108, 4, 3, 3
3, 108, 4, 3, 3
3, 108, 4, 3, 3
3, 108, 4, 3, 3
3, 108, 4, 3, 3
3, 108, 4, 3, 3
3, 108, 4, 3, 3
3, 108, 4, 3, 3
3, 108, 4, 3, 3
3, 108, 4, 3, 3
3, 108, 4, 3, 3
3, 108, 4, 3, 3
3, 108, 4, 3, 3
3, 108, 4, 3, 3
3, 108, 4, 3, 3
3, 108, 4, 3, 3
3, 108, 4, 3, 3
3, 108, 4, 3, 3
3, 108, 4, 3, 3
3, 108, 4, 3, 3
3, 108, 4, 3, 3
3, 108, 4, 3, 3
3, 108, 4, 3, 3
3, 108, 4, 3, 3
3, 108, 4, 3, 3
3, 108, 4, 3, 3
3, 108, 4, 3, 3
3, 108, 4, 3, 3
3, 108, 4, 3, 3
3, 108, 4, 3, 3
3, 108, 4, 3, 3
3, 108, 4, 3, 3
3, 108, 4, 3, 3
3, 108, 4, 3, 3
3, 108, 4, 3, 3
3, 108, 4, 3, 3
3, 108, 4, 3, 3
3, 108, 4, 3, 3
3, 108, 4, 3, 3
3, 108, 4, 3, 3
3, 108, 4, 3, 3
3, 108, 4, 3, 3
3, 108, 4, 3, 3
3, 108, 4, 3, 3
3, 108, 4, 3, 3
3, 108, 4, 3, 3
3, 108, 4, 3, 3
3, 108, 4, 3, 3
3, 108, 4, 3, 3
3, 108, 4, 3, 3
3, 108, 4, 3, 3
3, 108, 4, 3, 3
3, 108, 4, 3, 3
3, 108, 4, 3, 3
3, 108, 4, 3, 3
3, 108, 4, 3, 3
3, 108, 4, 3, 3
3, 108, 4, 3, 3
3, 108, 4, 3, 3
3, 108, 4, 3, 3
3, 108, 4, 3, 3
3, 108, 4, 3, 3
3, 108, 4, 3, 3
3, 108, 4, 3, 3
3, 108, 4, 3, 3
3, 108, 4, 3, 3
3, 108, 4, 3, 3
3, 108, 4, 3, 3
3, 108, 4, 3, 3
3, 108, 4, 3, 3
3, 108, 4, 3, 3
3, 108, 4, 3, 3
3, 108, 4, 3, 3
3, 108, 4, 3, 3
3, 108, 4, 3, 3
3, 108, 4, 3, 3
3, 108, 4, 3, 3
3, 108, 4, 3, 3
3, 108, 4, 3, 3
3, 108, 4, 3, 3
3, 108, 4, 3, 3
3, 108, 4, 3, 3
3, 108, 4, 3, 3
3, 108, 4, 3, 3
3, 108, 4, 3, 3
3, 108, 4, 3, 3
3, 108, 4, 3, 3
3, 108, 4, 3, 3
3, 108, 4, 3, 3
3, 108, 4, 3, 3
3, 108, 4, 3, 3
3, 108, 4, 3, 3
4, 108, 0, 1, 3
4, 108, 0, 1, 3
4, 108, 0, 1, 3
4, 108, 0, 1, 3
4, 108, 0, 1, 3
4, 108, 0, 1, 3
4, 108, 0, 1, 3
4, 108, 0, 1, 3
4, 108, 0, 1, 3
4, 108, 0, 1, 3
4, 108, 0, 1, 3
4, 108, 0, 1, 3
4, 108, 0, 1, 3
4, 108, 0, 1, 3
4, 108, 0, 1, 3
4, 108, 0, 1, 3
4, 108, 0, 1, 3
4, 108, 0, 1, 3
4, 108, 0, 1, 3
4, 108, 0, 1, 3
4, 108, 0, 1, 3
4, 108, 0, 1, 3
4, 108, 0, 1, 3
4, 108, 0, 1, 3
4, 108, 0, 1, 3
4, 108, 0, 1, 3
4, 108, 0, 1, 3
4, 108, 0, 1, 3
4, 108, 0, 1, 3
4, 108, 0, 1, 3
4, 108, 0, 1, 3
4, 108, 0, 1, 3
4, 108, 0, 1, 3
4, 108, 0, 1, 3
4, 108, 0, 1, 3
4, 108, 0, 1, 3
4, 108, 0, 1, 3
4, 108, 0, 1, 3
4, 108, 0, 1, 3
4, 108, 0, 1, 3
4, 108, 0, 1, 3
4, 108, 0, 1, 3
4, 108, 0, 1, 3
4, 108, 0, 1, 3
4, 108, 0, 1, 3
4, 108, 0, 1, 3
4, 108, 0, 1, 3
4, 108, 0, 1, 3
4, 108, 0, 1, 3
4, 108, 0, 1, 3
4, 108, 0, 1, 3
4, 108, 0, 1, 3
4, 108, 0, 1, 3
4, 108, 0, 1, 3
4, 108, 0, 1, 3
4, 108, 0, 1, 3
4, 108, 0, 1, 3
4, 108, 0, 1, 3
4, 108, 0, 1, 3
4, 108, 0, 1, 3
4, 108, 0, 1, 3
4, 108, 0, 1, 3
4, 108, 0, 1, 3
4, 108, 0, 1, 3
4, 108, 0, 1, 3
4, 108, 0, 1, 3
4, 108, 0, 1, 3
4, 108, 0, 1, 3
4, 108, 0, 1, 3
4, 108, 0, 1, 3
4, 108, 0, 1, 3
4, 108, 0, 1, 3
4, 108, 0, 1, 3
4, 108, 0, 1, 3
4, 108, 0, 1, 3
4, 108, 0, 1, 3
4, 108, 0, 1, 3
4, 108, 0, 1, 3
4, 108, 0, 1, 3
4, 108, 0, 1, 3
4, 108, 0, 1, 3
4, 108, 0, 1, 3
4, 108, 0, 1, 3
4, 108, 0, 1, 3
4, 108, 0, 1, 3
4, 108, 0, 1, 3
4, 108, 0, 1, 3
4, 108, 0, 1, 3
4, 108, 0, 1, 3
4, 108, 0, 1, 3
4, 108, 0, 1, 3
4, 108, 0, 1, 3
4, 108, 0, 1, 3
4, 108, 0, 1, 3
4, 108, 0, 1, 3
4, 108, 0, 1, 3
4, 108, 0, 1, 3
4, 108, 0, 1, 3
4, 108, 0, 1, 3
4, 108, 0, 1, 3
4, 108, 0, 1, 3
4, 108, 0, 1, 3
4, 108, 0, 1, 3
4, 108, 0, 1, 3
4, 108, 0, 1, 3
4, 108, 0, 1, 3
4, 108, 0, 1, 3
4, 108, 0, 1, 3
4, 216, 1, 0, 3
4, 216, 1, 0, 3
4, 216, 1, 0, 3
4, 216, 1, 0, 3
4, 216, 1, 0, 3
4, 216, 1, 0, 3
4, 216, 1, 0, 3
4, 216, 1, 0, 3
4, 216, 1, 0, 3
4, 216, 1, 0, 3
4, 216, 1, 0, 3
4, 216, 1, 0, 3
4, 216, 1, 0, 3
4, 216, 1, 0, 3
4, 216, 1, 0, 3
4, 216, 1, 0, 3
4, 216, 1, 0, 3
4, 216, 1, 0, 3
4, 216, 1, 0, 3
4, 216, 1, 0, 3
4, 216, 1, 0, 3
4, 216, 1, 0, 3
4, 216, 1, 0, 3
4, 216, 1, 0, 3
4, 216, 1, 0, 3
4, 216, 1, 0, 3
4, 216, 1, 0, 3
4, 216, 1, 0, 3
4, 216, 1, 0, 3
4, 216, 1, 0, 3
4, 216, 1, 0, 3
4, 216, 1, 0, 3
4, 216, 1, 0, 3
4, 216, 1, 0, 3
4, 216, 1, 0, 3
4, 216, 1, 0, 3
4, 216, 1, 0, 3
4, 216, 1, 0, 3
4, 216, 1, 0, 3
4, 216, 1, 0, 3
4, 216, 1, 0, 3
4, 216, 1, 0, 3
4, 216, 1, 0, 3
4, 216, 1, 0, 3
4, 216, 1, 0, 3
4, 216, 1, 0, 3
4, 216, 1, 0, 3
4, 216, 1, 0, 3
4, 216, 1, 0, 3
4, 216, 1, 0, 3
4, 216, 1, 0, 3
4, 216, 1, 0, 3
4, 216, 1, 0, 3
4, 216, 1, 0, 3
4, 216, 1, 0, 3
4, 216, 1, 0, 3
4, 216, 1, 0, 3
4, 216, 1, 0, 3
4, 216, 1, 0, 3
4, 216, 1, 0, 3
4, 216, 1, 0, 3
4, 216, 1, 0, 3
4, 216, 1, 0, 3
4, 216, 1, 0, 3
4, 216, 1, 0, 3
4, 216, 1, 0, 3
4, 216, 1, 0, 3
4, 216, 1, 0, 3
4, 216, 1, 0, 3
4, 216, 1, 0, 3
4, 216, 1, 0, 3
4, 216, 1, 0, 3
4, 216, 1, 0, 3
4, 216, 1, 0, 3
4, 216, 1, 0, 3
4, 216, 1, 0, 3
4, 216, 1, 0, 3
4, 216, 1, 0, 3
4, 216, 1, 0, 3
4, 216, 1, 0, 3
4, 216, 1, 0, 3
4, 216, 1, 0, 3
4, 216, 1, 0, 3
4, 216, 1, 0, 3
4, 216, 1, 0, 3
4, 216, 1, 0, 3
4, 216, 1, 0, 3
4, 216, 1, 0, 3
4, 216, 1, 0, 3
4, 216, 1, 0, 3
4, 216, 1, 0, 3
4, 216, 1, 0, 3
4, 216, 1, 0, 3
4, 216, 1, 0, 3
4, 216, 1, 0, 3
4, 216, 1, 0, 3
4, 216, 1, 0, 3
4, 216, 1, 0, 3
4, 216, 1, 0, 3
4, 216, 1, 0, 3
4, 216, 1, 0, 3
4, 216, 1, 0, 3
4, 216, 1, 0, 3
4, 216, 1, 0, 3
4, 216, 1, 0, 3
4, 216, 1, 0, 3
4, 216, 1, 0, 3
4, 216, 1, 0, 3
4, 216, 1, 2, 3
4, 216, 1, 2, 3
4, 216, 1, 2, 3
4, 216, 1, 2, 3
4, 216, 1, 2, 3
4, 216, 1, 2, 3
4, 216, 1, 2, 3
4, 216, 1, 2, 3
4, 216, 1, 2, 3
4, 216, 1, 2, 3
4, 216, 1, 2, 3
4, 216, 1, 2, 3
4, 216, 1, 2, 3
4, 216, 1, 2, 3
4, 216, 1, 2, 3
4, 216, 1, 2, 3
4, 216, 1, 2, 3
4, 216, 1, 2, 3
4, 216, 1, 2, 3
4, 216, 1, 2, 3
4, 216, 1, 2, 3
4, 216, 1, 2, 3
4, 216, 1, 2, 3
4, 216, 1, 2, 3
4, 216, 1, 2, 3
4, 216, 1, 2, 3
4, 216, 1, 2, 3
4, 216, 1, 2, 3
4, 216, 1, 2, 3
4, 216, 1, 2, 3
4, 216, 1, 2, 3
4, 216, 1, 2, 3
4, 216, 1, 2, 3
4, 216, 1, 2, 3
4, 216, 1, 2, 3
4, 216, 1, 2, 3
4, 216, 1, 2, 3
4, 216, 1, 2, 3
4, 216, 1, 2, 3
4, 216, 1, 2, 3
4, 216, 1, 2, 3
4, 216, 1, 2, 3
4, 216, 1, 2, 3
4, 216, 1, 2, 3
4, 216, 1, 2, 3
4, 216, 1, 2, 3
4, 216, 1, 2, 3
4, 216, 1, 2, 3
4, 216, 1, 2, 3
4, 216, 1, 2, 3
4, 216, 1, 2, 3
4, 216, 1, 2, 3
4, 216, 1, 2, 3
4, 216, 1, 2, 3
4, 216, 1, 2, 3
4, 216, 1, 2, 3
4, 216, 1, 2, 3
4, 216, 1, 2, 3
4, 216, 1, 2, 3
4, 216, 1, 2, 3
4, 216, 1, 2, 3
4, 216, 1, 2, 3
4, 216, 1, 2, 3
4, 216, 1, 2, 3
4, 216, 1, 2, 3
4, 216, 1, 2, 3
4, 216, 1, 2, 3
4, 216, 1, 2, 3
4, 216, 1, 2, 3
4, 216, 1, 2, 3
4, 216, 1, 2, 3
4, 216, 1, 2, 3
4, 216, 1, 2, 3
4, 216, 1, 2, 3
4, 216, 1, 2, 3
4, 216, 1, 2, 3
4, 216, 1, 2, 3
4, 216, 1, 2, 3
4, 216, 1, 2, 3
4, 216, 1, 2, 3
4, 216, 1, 2, 3
4, 216, 1, 2, 3
4, 216, 1, 2, 3
4, 216, 1, 2, 3
4, 216, 1, 2, 3
4, 216, 1, 2, 3
4, 216, 1, 2, 3
4, 216, 1, 2, 3
4, 216, 1, 2, 3
4, 216, 1, 2, 3
4, 216, 1, 2, 3
4, 216, 1, 2, 3
4, 216, 1, 2, 3
4, 216, 1, 2, 3
4, 216, 1, 2, 3
4, 216, 1, 2, 3
4, 216, 1, 2, 3
4, 216, 1, 2, 3
4, 216, 1, 2, 3
4, 216, 1, 2, 3
4, 216, 1, 2, 3
4, 216, 1, 2, 3
4, 216, 1, 2, 3
4, 216, 1, 2, 3
4, 216, 1, 2, 3
4, 216, 1, 2, 3
4, 216, 1, 2, 3
4, 216, 1, 2, 3
4, 216, 2, 1, 3
4, 216, 2, 1, 3
4, 216, 2, 1, 3
4, 216, 2, 1, 3
4, 216, 2, 1, 3
4, 216, 2, 1, 3
4, 216, 2, 1, 3
4, 216, 2, 1, 3
4, 216, 2, 1, 3
4, 216, 2, 1, 3
4, 216, 2, 1, 3
4, 216, 2, 1, 3
4, 216, 2, 1, 3
4, 216, 2, 1, 3
4, 216, 2, 1, 3
4, 216, 2, 1, 3
4, 216, 2, 1, 3
4, 216, 2, 1, 3
4, 216, 2, 1, 3
4, 216, 2, 1, 3
4, 216, 2, 1, 3
4, 216, 2, 1, 3
4, 216, 2, 1, 3
4, 216, 2, 1, 3
4, 216, 2, 1, 3
4, 216, 2, 1, 3
4, 216, 2, 1, 3
4, 216, 2, 1, 3
4, 216, 2, 1, 3
4, 216, 2, 1, 3
4, 216, 2, 1, 3
4, 216, 2, 1, 3
4, 216, 2, 1, 3
4, 216, 2, 1, 3
4, 216, 2, 1, 3
4, 216, 2, 1, 3
4, 216, 2, 1, 3
4, 216, 2, 1, 3
4, 216, 2, 1, 3
4, 216, 2, 1, 3
4, 216, 2, 1, 3
4, 216, 2, 1, 3
4, 216, 2, 1, 3
4, 216, 2, 1, 3
4, 216, 2, 1, 3
4, 216, 2, 1, 3
4, 216, 2, 1, 3
4, 216, 2, 1, 3
4, 216, 2, 1, 3
4, 216, 2, 1, 3
4, 216, 2, 1, 3
4, 216, 2, 1, 3
4, 216, 2, 1, 3
4, 216, 2, 1, 3
4, 216, 2, 1, 3
4, 216, 2, 1, 3
4, 216, 2, 1, 3
4, 216, 2, 1, 3
4, 216, 2, 1, 3
4, 216, 2, 1, 3
4, 216, 2, 1, 3
4, 216, 2, 1, 3
4, 216, 2, 1, 3
4, 216, 2, 1, 3
4, 216, 2, 1, 3
4, 216, 2, 1, 3
4, 216, 2, 1, 3
4, 216, 2, 1, 3
4, 216, 2, 1, 3
4, 216, 2, 1, 3
4, 216, 2, 1, 3
4, 216, 2, 1, 3
4, 216, 2, 1, 3
4, 216, 2, 1, 3
4, 216, 2, 1, 3
4, 216, 2, 1, 3
4, 216, 2, 1, 3
4, 216, 2, 1, 3
4, 216, 2, 1, 3
4, 216, 2, 1, 3
4, 216, 2, 1, 3
4, 216, 2, 1, 3
4, 216, 2, 1, 3
4, 216, 2, 1, 3
4, 216, 2, 1, 3
4, 216, 2, 1, 3
4, 216, 2, 1, 3
4, 216, 2, 1, 3
4, 216, 2, 1, 3
4, 216, 2, 1, 3
4, 216, 2, 1, 3
4, 216, 2, 1, 3
4, 216, 2, 1, 3
4, 216, 2, 1, 3
4, 216, 2, 1, 3
4, 216, 2, 1, 3
4, 216, 2, 1, 3
4, 216, 2, 1, 3
4, 216, 2, 1, 3
4, 216, 2, 1, 3
4, 216, 2, 1, 3
4, 216, 2, 1, 3
4, 216, 2, 1, 3
4, 216, 2, 1, 3
4, 216, 2, 1, 3
4, 216, 2, 1, 3
4, 216, 2, 1, 3
4, 216, 2, 1, 3
4, 216, 2, 3, 3
4, 216, 2, 3, 3
4, 216, 2, 3, 3
4, 216, 2, 3, 3
4, 216, 2, 3, 3
4, 216, 2, 3, 3
4, 216, 2, 3, 3
4, 216, 2, 3, 3
4, 216, 2, 3, 3
4, 216, 2, 3, 3
4, 216, 2, 3, 3
4, 216, 2, 3, 3
4, 216, 2, 3, 3
4, 216, 2, 3, 3
4, 216, 2, 3, 3
4, 216, 2, 3, 3
4, 216, 2, 3, 3
4, 216, 2, 3, 3
4, 216, 2, 3, 3
4, 216, 2, 3, 3
4, 216, 2, 3, 3
4, 216, 2, 3, 3
4, 216, 2, 3, 3
4, 216, 2, 3, 3
4, 216, 2, 3, 3
4, 216, 2, 3, 3
4, 216, 2, 3, 3
4, 216, 2, 3, 3
4, 216, 2, 3, 3
4, 216, 2, 3, 3
4, 216, 2, 3, 3
4, 216, 2, 3, 3
4, 216, 2, 3, 3
4, 216, 2, 3, 3
4, 216, 2, 3, 3
4, 216, 2, 3, 3
4, 216, 2, 3, 3
4, 216, 2, 3, 3
4, 216, 2, 3, 3
4, 216, 2, 3, 3
4, 216, 2, 3, 3
4, 216, 2, 3, 3
4, 216, 2, 3, 3
4, 216, 2, 3, 3
4, 216, 2, 3, 3
4, 216, 2, 3, 3
4, 216, 2, 3, 3
4, 216, 2, 3, 3
4, 216, 2, 3, 3
4, 216, 2, 3, 3
4, 216, 2, 3, 3
4, 216, 2, 3, 3
4, 216, 2, 3, 3
4, 216, 2, 3, 3
4, 216, 2, 3, 3
4, 216, 2, 3, 3
4, 216, 2, 3, 3
4, 216, 2, 3, 3
4, 216, 2, 3, 3
4, 216, 2, 3, 3
4, 216, 2, 3, 3
4, 216, 2, 3, 3
4, 216, 2, 3, 3
4, 216, 2, 3, 3
4, 216, 2, 3, 3
4, 216, 2, 3, 3
4, 216, 2, 3, 3
4, 216, 2, 3, 3
4, 216, 2, 3, 3
4, 216, 2, 3, 3
4, 216, 2, 3, 3
4, 216, 2, 3, 3
4, 216, 2, 3, 3
4, 216, 2, 3, 3
4, 216, 2, 3, 3
4, 216, 2, 3, 3
4, 216, 2, 3, 3
4, 216, 2, 3, 3
4, 216, 2, 3, 3
4, 216, 2, 3, 3
4, 216, 2, 3, 3
4, 216, 2, 3, 3
4, 216, 2, 3, 3
4, 216, 2, 3, 3
4, 216, 2, 3, 3
4, 216, 2, 3, 3
4, 216, 2, 3, 3
4, 216, 2, 3, 3
4, 216, 2, 3, 3
4, 216, 2, 3, 3
4, 216, 2, 3, 3
4, 216, 2, 3, 3
4, 216, 2, 3, 3
4, 216, 2, 3, 3
4, 216, 2, 3, 3
4, 216, 2, 3, 3
4, 216, 2, 3, 3
4, 216, 2, 3, 3
4, 216, 2, 3, 3
4, 216, 2, 3, 3
4, 216, 2, 3, 3
4, 216, 2, 3, 3
4, 216, 2, 3, 3
4, 216, 2, 3, 3
4, 216, 2, 3, 3
4, 216, 2, 3, 3
4, 216, 2, 3, 3
4, 216, 2, 3, 3
4, 216, 3, 2, 3
4, 216, 3, 2, 3
4, 216, 3, 2, 3
4, 216, 3, 2, 3
4, 216, 3, 2, 3
4, 216, 3, 2, 3
4, 216, 3, 2, 3
4, 216, 3, 2, 3
4, 216, 3, 2, 3
4, 216, 3, 2, 3
4, 216, 3, 2, 3
4, 216, 3, 2, 3
4, 216, 3, 2, 3
4, 216, 3, 2, 3
4, 216, 3, 2, 3
4, 216, 3, 2, 3
4, 216, 3, 2, 3
4, 216, 3, 2, 3
4, 216, 3, 2, 3
4, 216, 3, 2, 3
4, 216, 3, 2, 3
4, 216, 3, 2, 3
4, 216, 3, 2, 3
4, 216, 3, 2, 3
4, 216, 3, 2, 3
4, 216, 3, 2, 3
4, 216, 3, 2, 3
4, 216, 3, 2, 3
4, 216, 3, 2, 3
4, 216, 3, 2, 3
4, 216, 3, 2, 3
4, 216, 3, 2, 3
4, 216, 3, 2, 3
4, 216, 3, 2, 3
4, 216, 3, 2, 3
4, 216, 3, 2, 3
4, 216, 3, 2, 3
4, 216, 3, 2, 3
4, 216, 3, 2, 3
4, 216, 3, 2, 3
4, 216, 3, 2, 3
4, 216, 3, 2, 3
4, 216, 3, 2, 3
4, 216, 3, 2, 3
4, 216, 3, 2, 3
4, 216, 3, 2, 3
4, 216, 3, 2, 3
4, 216, 3, 2, 3
4, 216, 3, 2, 3
4, 216, 3, 2, 3
4, 216, 3, 2, 3
4, 216, 3, 2, 3
4, 216, 3, 2, 3
4, 216, 3, 2, 3
4, 216, 3, 2, 3
4, 216, 3, 2, 3
4, 216, 3, 2, 3
4, 216, 3, 2, 3
4, 216, 3, 2, 3
4, 216, 3, 2, 3
4, 216, 3, 2, 3
4, 216, 3, 2, 3
4, 216, 3, 2, 3
4, 216, 3, 2, 3
4, 216, 3, 2, 3
4, 216, 3, 2, 3
4, 216, 3, 2, 3
4, 216, 3, 2, 3
4, 216, 3, 2, 3
4, 216, 3, 2, 3
4, 216, 3, 2, 3
4, 216, 3, 2, 3
4, 216, 3, 2, 3
4, 216, 3, 2, 3
4, 216, 3, 2, 3
4, 216, 3, 2, 3
4, 216, 3, 2, 3
4, 216, 3, 2, 3
4, 216, 3, 2, 3
4, 216, 3, 2, 3
4, 216, 3, 2, 3
4, 216, 3, 2, 3
4, 216, 3, 2, 3
4, 216, 3, 2, 3
4, 216, 3, 2, 3
4, 216, 3, 2, 3
4, 216, 3, 2, 3
4, 216, 3, 2, 3
4, 216, 3, 2, 3
4, 216, 3, 2, 3
4, 216, 3, 2, 3
4, 216, 3, 2, 3
4, 216, 3, 2, 3
4, 216, 3, 2, 3
4, 216, 3, 2, 3
4, 216, 3, 2, 3
4, 216, 3, 2, 3
4, 216, 3, 2, 3
4, 216, 3, 2, 3
4, 216, 3, 2, 3
4, 216, 3, 2, 3
4, 216, 3, 2, 3
4, 216, 3, 2, 3
4, 216, 3, 2, 3
4, 216, 3, 2, 3
4, 216, 3, 2, 3
4, 216, 3, 2, 3
4, 216, 3, 2, 3
4, 216, 3, 4, 3
4, 216, 3, 4, 3
4, 216, 3, 4, 3
4, 216, 3, 4, 3
4, 216, 3, 4, 3
4, 216, 3, 4, 3
4, 216, 3, 4, 3
4, 216, 3, 4, 3
4, 216, 3, 4, 3
4, 216, 3, 4, 3
4, 216, 3, 4, 3
4, 216, 3, 4, 3
4, 216, 3, 4, 3
4, 216, 3, 4, 3
4, 216, 3, 4, 3
4, 216, 3, 4, 3
4, 216, 3, 4, 3
4, 216, 3, 4, 3
4, 216, 3, 4, 3
4, 216, 3, 4, 3
4, 216, 3, 4, 3
4, 216, 3, 4, 3
4, 216, 3, 4, 3
4, 216, 3, 4, 3
4, 216, 3, 4, 3
4, 216, 3, 4, 3
4, 216, 3, 4, 3
4, 216, 3, 4, 3
4, 216, 3, 4, 3
4, 216, 3, 4, 3
4, 216, 3, 4, 3
4, 216, 3, 4, 3
4, 216, 3, 4, 3
4, 216, 3, 4, 3
4, 216, 3, 4, 3
4, 216, 3, 4, 3
4, 216, 3, 4, 3
4, 216, 3, 4, 3
4, 216, 3, 4, 3
4, 216, 3, 4, 3
4, 216, 3, 4, 3
4, 216, 3, 4, 3
4, 216, 3, 4, 3
4, 216, 3, 4, 3
4, 216, 3, 4, 3
4, 216, 3, 4, 3
4, 216, 3, 4, 3
4, 216, 3, 4, 3
4, 216, 3, 4, 3
4, 216, 3, 4, 3
4, 216, 3, 4, 3
4, 216, 3, 4, 3
4, 216, 3, 4, 3
4, 216, 3, 4, 3
4, 216, 3, 4, 3
4, 216, 3, 4, 3
4, 216, 3, 4, 3
4, 216, 3, 4, 3
4, 216, 3, 4, 3
4, 216, 3, 4, 3
4, 216, 3, 4, 3
4, 216, 3, 4, 3
4, 216, 3, 4, 3
4, 216, 3, 4, 3
4, 216, 3, 4, 3
4, 216, 3, 4, 3
4, 216, 3, 4, 3
4, 216, 3, 4, 3
4, 216, 3, 4, 3
4, 216, 3, 4, 3
4, 216, 3, 4, 3
4, 216, 3, 4, 3
4, 216, 3, 4, 3
4, 216, 3, 4, 3
4, 216, 3, 4, 3
4, 216, 3, 4, 3
4, 216, 3, 4, 3
4, 216, 3, 4, 3
4, 216, 3, 4, 3
4, 216, 3, 4, 3
4, 216, 3, 4, 3
4, 216, 3, 4, 3
4, 216, 3, 4, 3
4, 216, 3, 4, 3
4, 216, 3, 4, 3
4, 216, 3, 4, 3
4, 216, 3, 4, 3
4, 216, 3, 4, 3
4, 216, 3, 4, 3
4, 216, 3, 4, 3
4, 216, 3, 4, 3
4, 216, 3, 4, 3
4, 216, 3, 4, 3
4, 216, 3, 4, 3
4, 216, 3, 4, 3
4, 216, 3, 4, 3
4, 216, 3, 4, 3
4, 216, 3, 4, 3
4, 216, 3, 4, 3
4, 216, 3, 4, 3
4, 216, 3, 4, 3
4, 216, 3, 4, 3
4, 216, 3, 4, 3
4, 216, 3, 4, 3
4, 216, 3, 4, 3
4, 216, 3, 4, 3
4, 216, 3, 4, 3
4, 216, 3, 4, 3
4, 108, 4, 3, 3
4, 108, 4, 3, 3
4, 108, 4, 3, 3
4, 108, 4, 3, 3
4, 108, 4, 3, 3
4, 108, 4, 3, 3
4, 108, 4, 3, 3
4, 108, 4, 3, 3
4, 108, 4, 3, 3
4, 108, 4, 3, 3
4, 108, 4, 3, 3
4, 108, 4, 3, 3
4, 108, 4, 3, 3
4, 108, 4, 3, 3
4, 108, 4, 3, 3
4, 108, 4, 3, 3
4, 108, 4, 3, 3
4, 108, 4, 3, 3
4, 108, 4, 3, 3
4, 108, 4, 3, 3
4, 108, 4, 3, 3
4, 108, 4, 3, 3
4, 108, 4, 3, 3
4, 108, 4, 3, 3
4, 108, 4, 3, 3
4, 108, 4, 3, 3
4, 108, 4, 3, 3
4, 108, 4, 3, 3
4, 108, 4, 3, 3
4, 108, 4, 3, 3
4, 108, 4, 3, 3
4, 108, 4, 3, 3
4, 108, 4, 3, 3
4, 108, 4, 3, 3
4, 108, 4, 3, 3
4, 108, 4, 3, 3
4, 108, 4, 3, 3
4, 108, 4, 3, 3
4, 108, 4, 3, 3
4, 108, 4, 3, 3
4, 108, 4, 3, 3
4, 108, 4, 3, 3
4, 108, 4, 3, 3
4, 108, 4, 3, 3
4, 108, 4, 3, 3
4, 108, 4, 3, 3
4, 108, 4, 3, 3
4, 108, 4, 3, 3
4, 108, 4, 3, 3
4, 108, 4, 3, 3
4, 108, 4, 3, 3
4, 108, 4, 3, 3
4, 108, 4, 3, 3
4, 108, 4, 3, 3
4, 108, 4, 3, 3
4, 108, 4, 3, 3
4, 108, 4, 3, 3
4, 108, 4, 3, 3
4, 108, 4, 3, 3
4, 108, 4, 3, 3
4, 108, 4, 3, 3
4, 108, 4, 3, 3
4, 108, 4, 3, 3
4, 108, 4, 3, 3
4, 108, 4, 3, 3
4, 108, 4, 3, 3
4, 108, 4, 3, 3
4, 108, 4, 3, 3
4, 108, 4, 3, 3
4, 108, 4, 3, 3
4, 108, 4, 3, 3
4, 108, 4, 3, 3
4, 108, 4, 3, 3
4, 108, 4, 3, 3
4, 108, 4, 3, 3
4, 108, 4, 3, 3
4, 108, 4, 3, 3
4, 108, 4, 3, 3
4, 108, 4, 3, 3
4, 108, 4, 3, 3
4, 108, 4, 3, 3
4, 108, 4, 3, 3
4, 108, 4, 3, 3
4, 108, 4, 3, 3
4, 108, 4, 3, 3
4, 108, 4, 3, 3
4, 108, 4, 3, 3
4, 108, 4, 3, 3
4, 108, 4, 3, 3
4, 108, 4, 3, 3
4, 108, 4, 3, 3
4, 108, 4, 3, 3
4, 108, 4, 3, 3
4, 108, 4, 3, 3
4, 108, 4, 3, 3
4, 108, 4, 3, 3
4, 108, 4, 3, 3
4, 108, 4, 3, 3
4, 108, 4, 3, 3
4, 108, 4, 3, 3
4, 108, 4, 3, 3
4, 108, 4, 3, 3
4, 108, 4, 3, 3
4, 108, 4, 3, 3
4, 108, 4, 3, 3
4, 108, 4, 3, 3
4, 108, 4, 3, 3
4, 108, 4, 3, 3
5, 108, 0, 1, 3
5, 108, 0, 1, 3
5, 108, 0, 1, 3
5, 108, 0, 1, 3
5, 108, 0, 1, 3
5, 108, 0, 1, 3
5, 108, 0, 1, 3
5, 108, 0, 1, 3
5, 108, 0, 1, 3
5, 108, 0, 1, 3
5, 108, 0, 1, 3
5, 108, 0, 1, 3
5, 108, 0, 1, 3
5, 108, 0, 1, 3
5, 108, 0, 1, 3
5, 108, 0, 1, 3
5, 108, 0, 1, 3
5, 108, 0, 1, 3
5, 108, 0, 1, 3
5, 108, 0, 1, 3
5, 108, 0, 1, 3
5, 108, 0, 1, 3
5, 108, 0, 1, 3
5, 108, 0, 1, 3
5, 108, 0, 1, 3
5, 108, 0, 1, 3
5, 108, 0, 1, 3
5, 108, 0, 1, 3
5, 108, 0, 1, 3
5, 108, 0, 1, 3
5, 108, 0, 1, 3
5, 108, 0, 1, 3
5, 108, 0, 1, 3
5, 108, 0, 1, 3
5, 108, 0, 1, 3
5, 108, 0, 1, 3
5, 108, 0, 1, 3
5, 108, 0, 1, 3
5, 108, 0, 1, 3
5, 108, 0, 1, 3
5, 108, 0, 1, 3
5, 108, 0, 1, 3
5, 108, 0, 1, 3
5, 108, 0, 1, 3
5, 108, 0, 1, 3
5, 108, 0, 1, 3
5, 108, 0, 1, 3
5, 108, 0, 1, 3
5, 108, 0, 1, 3
5, 108, 0, 1, 3
5, 108, 0, 1, 3
5, 108, 0, 1, 3
5, 108, 0, 1, 3
5, 108, 0, 1, 3
5, 108, 0, 1, 3
5, 108, 0, 1, 3
5, 108, 0, 1, 3
5, 108, 0, 1, 3
5, 108, 0, 1, 3
5, 108, 0, 1, 3
5, 108, 0, 1, 3
5, 108, 0, 1, 3
5, 108, 0, 1, 3
5, 108, 0, 1, 3
5, 108, 0, 1, 3
5, 108, 0, 1, 3
5, 108, 0, 1, 3
5, 108, 0, 1, 3
5, 108, 0, 1, 3
5, 108, 0, 1, 3
5, 108, 0, 1, 3
5, 108, 0, 1, 3
5, 108, 0, 1, 3
5, 108, 0, 1, 3
5, 108, 0, 1, 3
5, 108, 0, 1, 3
5, 108, 0, 1, 3
5, 108, 0, 1, 3
5, 108, 0, 1, 3
5, 108, 0, 1, 3
5, 108, 0, 1, 3
5, 108, 0, 1, 3
5, 108, 0, 1, 3
5, 108, 0, 1, 3
5, 108, 0, 1, 3
5, 108, 0, 1, 3
5, 108, 0, 1, 3
5, 108, 0, 1, 3
5, 108, 0, 1, 3
5, 108, 0, 1, 3
5, 108, 0, 1, 3
5, 108, 0, 1, 3
5, 108, 0, 1, 3
5, 108, 0, 1, 3
5, 108, 0, 1, 3
5, 108, 0, 1, 3
5, 108, 0, 1, 3
5, 108, 0, 1, 3
5, 108, 0, 1, 3
5, 108, 0, 1, 3
5, 108, 0, 1, 3
5, 108, 0, 1, 3
5, 108, 0, 1, 3
5, 108, 0, 1, 3
5, 108, 0, 1, 3
5, 108, 0, 1, 3
5, 108, 0, 1, 3
5, 108, 0, 1, 3
5, 216, 1, 0, 3
5, 216, 1, 0, 3
5, 216, 1, 0, 3
5, 216, 1, 0, 3
5, 216, 1, 0, 3
5, 216, 1, 0, 3
5, 216, 1, 0, 3
5, 216, 1, 0, 3
5, 216, 1, 0, 3
5, 216, 1, 0, 3
5, 216, 1, 0, 3
5, 216, 1, 0, 3
5, 216, 1, 0, 3
5, 216, 1, 0, 3
5, 216, 1, 0, 3
5, 216, 1, 0, 3
5, 216, 1, 0, 3
5, 216, 1, 0, 3
5, 216, 1, 0, 3
5, 216, 1, 0, 3
5, 216, 1, 0, 3
5, 216, 1, 0, 3
5, 216, 1, 0, 3
5, 216, 1, 0, 3
5, 216, 1, 0, 3
5, 216, 1, 0, 3
5, 216, 1, 0, 3
5, 216, 1, 0, 3
5, 216, 1, 0, 3
5, 216, 1, 0, 3
5, 216, 1, 0, 3
5, 216, 1, 0, 3
5, 216, 1, 0, 3
5, 216, 1, 0, 3
5, 216, 1, 0, 3
5, 216, 1, 0, 3
5, 216, 1, 0, 3
5, 216, 1, 0, 3
5, 216, 1, 0, 3
5, 216, 1, 0, 3
5, 216, 1, 0, 3
5, 216, 1, 0, 3
5, 216, 1, 0, 3
5, 216, 1, 0, 3
5, 216, 1, 0, 3
5, 216, 1, 0, 3
5, 216, 1, 0, 3
5, 216, 1, 0, 3
5, 216, 1, 0, 3
5, 216, 1, 0, 3
5, 216, 1, 0, 3
5, 216, 1, 0, 3
5, 216, 1, 0, 3
5, 216, 1, 0, 3
5, 216, 1, 0, 3
5, 216, 1, 0, 3
5, 216, 1, 0, 3
5, 216, 1, 0, 3
5, 216, 1, 0, 3
5, 216, 1, 0, 3
5, 216, 1, 0, 3
5, 216, 1, 0, 3
5, 216, 1, 0, 3
5, 216, 1, 0, 3
5, 216, 1, 0, 3
5, 216, 1, 0, 3
5, 216, 1, 0, 3
5, 216, 1, 0, 3
5, 216, 1, 0, 3
5, 216, 1, 0, 3
5, 216, 1, 0, 3
5, 216, 1, 0, 3
5, 216, 1, 0, 3
5, 216, 1, 0, 3
5, 216, 1, 0, 3
5, 216, 1, 0, 3
5, 216, 1, 0, 3
5, 216, 1, 0, 3
5, 216, 1, 0, 3
5, 216, 1, 0, 3
5, 216, 1, 0, 3
5, 216, 1, 0, 3
5, 216, 1, 0, 3
5, 216, 1, 0, 3
5, 216, 1, 0, 3
5, 216, 1, 0, 3
5, 216, 1, 0, 3
5, 216, 1, 0, 3
5, 216, 1, 0, 3
5, 216, 1, 0, 3
5, 216, 1, 0, 3
5, 216, 1, 0, 3
5, 216, 1, 0, 3
5, 216, 1, 0, 3
5, 216, 1, 0, 3
5, 216, 1, 0, 3
5, 216, 1, 0, 3
5, 216, 1, 0, 3
5, 216, 1, 0, 3
5, 216, 1, 0, 3
5, 216, 1, 0, 3
5, 216, 1, 0, 3
5, 216, 1, 0, 3
5, 216, 1, 0, 3
5, 216, 1, 0, 3
5, 216, 1, 0, 3
5, 216, 1, 0, 3
5, 216, 1, 0, 3
5, 216, 1, 2, 3
5, 216, 1, 2, 3
5, 216, 1, 2, 3
5, 216, 1, 2, 3
5, 216, 1, 2, 3
5, 216, 1, 2, 3
5, 216, 1, 2, 3
5, 216, 1, 2, 3
5, 216, 1, 2, 3
5, 216, 1, 2, 3
5, 216, 1, 2, 3
5, 216, 1, 2, 3
5, 216, 1, 2, 3
5, 216, 1, 2, 3
5, 216, 1, 2, 3
5, 216, 1, 2, 3
5, 216, 1, 2, 3
5, 216, 1, 2, 3
5, 216, 1, 2, 3
5, 216, 1, 2, 3
5, 216, 1, 2, 3
5, 216, 1, 2, 3
5, 216, 1, 2, 3
5, 216, 1, 2, 3
5, 216, 1, 2, 3
5, 216, 1, 2, 3
5, 216, 1, 2, 3
5, 216, 1, 2, 3
5, 216, 1, 2, 3
5, 216, 1, 2, 3
5, 216, 1, 2, 3
5, 216, 1, 2, 3
5, 216, 1, 2, 3
5, 216, 1, 2, 3
5, 216, 1, 2, 3
5, 216, 1, 2, 3
5, 216, 1, 2, 3
5, 216, 1, 2, 3
5, 216, 1, 2, 3
5, 216, 1, 2, 3
5, 216, 1, 2, 3
5, 216, 1, 2, 3
5, 216, 1, 2, 3
5, 216, 1, 2, 3
5, 216, 1, 2, 3
5, 216, 1, 2, 3
5, 216, 1, 2, 3
5, 216, 1, 2, 3
5, 216, 1, 2, 3
5, 216, 1, 2, 3
5, 216, 1, 2, 3
5, 216, 1, 2, 3
5, 216, 1, 2, 3
5, 216, 1, 2, 3
5, 216, 1, 2, 3
5, 216, 1, 2, 3
5, 216, 1, 2, 3
5, 216, 1, 2, 3
5, 216, 1, 2, 3
5, 216, 1, 2, 3
5, 216, 1, 2, 3
5, 216, 1, 2, 3
5, 216, 1, 2, 3
5, 216, 1, 2, 3
5, 216, 1, 2, 3
5, 216, 1, 2, 3
5, 216, 1, 2, 3
5, 216, 1, 2, 3
5, 216, 1, 2, 3
5, 216, 1, 2, 3
5, 216, 1, 2, 3
5, 216, 1, 2, 3
5, 216, 1, 2, 3
5, 216, 1, 2, 3
5, 216, 1, 2, 3
5, 216, 1, 2, 3
5, 216, 1, 2, 3
5, 216, 1, 2, 3
5, 216, 1, 2, 3
5, 216, 1, 2, 3
5, 216, 1, 2, 3
5, 216, 1, 2, 3
5, 216, 1, 2, 3
5, 216, 1, 2, 3
5, 216, 1, 2, 3
5, 216, 1, 2, 3
5, 216, 1, 2, 3
5, 216, 1, 2, 3
5, 216, 1, 2, 3
5, 216, 1, 2, 3
5, 216, 1, 2, 3
5, 216, 1, 2, 3
5, 216, 1, 2, 3
5, 216, 1, 2, 3
5, 216, 1, 2, 3
5, 216, 1, 2, 3
5, 216, 1, 2, 3
5, 216, 1, 2, 3
5, 216, 1, 2, 3
5, 216, 1, 2, 3
5, 216, 1, 2, 3
5, 216, 1, 2, 3
5, 216, 1, 2, 3
5, 216, 1, 2, 3
5, 216, 1, 2, 3
5, 216, 1, 2, 3
5, 216, 1, 2, 3
5, 216, 1, 2, 3
5, 216, 2, 1, 3
5, 216, 2, 1, 3
5, 216, 2, 1, 3
5, 216, 2, 1, 3
5, 216, 2, 1, 3
5, 216, 2, 1, 3
5, 216, 2, 1, 3
5, 216, 2, 1, 3
5, 216, 2, 1, 3
5, 216, 2, 1, 3
5, 216, 2, 1, 3
5, 216, 2, 1, 3
5, 216, 2, 1, 3
5, 216, 2, 1, 3
5, 216, 2, 1, 3
5, 216, 2, 1, 3
5, 216, 2, 1, 3
5, 216, 2, 1, 3
5, 216, 2, 1, 3
5, 216, 2, 1, 3
5, 216, 2, 1, 3
5, 216, 2, 1, 3
5, 216, 2, 1, 3
5, 216, 2, 1, 3
5, 216, 2, 1, 3
5, 216, 2, 1, 3
5, 216, 2, 1, 3
5, 216, 2, 1, 3
5, 216, 2, 1, 3
5, 216, 2, 1, 3
5, 216, 2, 1, 3
5, 216, 2, 1, 3
5, 216, 2, 1, 3
5, 216, 2, 1, 3
5, 216, 2, 1, 3
5, 216, 2, 1, 3
5, 216, 2, 1, 3
5, 216, 2, 1, 3
5, 216, 2, 1, 3
5, 216, 2, 1, 3
5, 216, 2, 1, 3
5, 216, 2, 1, 3
5, 216, 2, 1, 3
5, 216, 2, 1, 3
5, 216, 2, 1, 3
5, 216, 2, 1, 3
5, 216, 2, 1, 3
5, 216, 2, 1, 3
5, 216, 2, 1, 3
5, 216, 2, 1, 3
5, 216, 2, 1, 3
5, 216, 2, 1, 3
5, 216, 2, 1, 3
5, 216, 2, 1, 3
5, 216, 2, 1, 3
5, 216, 2, 1, 3
5, 216, 2, 1, 3
5, 216, 2, 1, 3
5, 216, 2, 1, 3
5, 216, 2, 1, 3
5, 216, 2, 1, 3
5, 216, 2, 1, 3
5, 216, 2, 1, 3
5, 216, 2, 1, 3
5, 216, 2, 1, 3
5, 216, 2, 1, 3
5, 216, 2, 1, 3
5, 216, 2, 1, 3
5, 216, 2, 1, 3
5, 216, 2, 1, 3
5, 216, 2, 1, 3
5, 216, 2, 1, 3
5, 216, 2, 1, 3
5, 216, 2, 1, 3
5, 216, 2, 1, 3
5, 216, 2, 1, 3
5, 216, 2, 1, 3
5, 216, 2, 1, 3
5, 216, 2, 1, 3
5, 216, 2, 1, 3
5, 216, 2, 1, 3
5, 216, 2, 1, 3
5, 216, 2, 1, 3
5, 216, 2, 1, 3
5, 216, 2, 1, 3
5, 216, 2, 1, 3
5, 216, 2, 1, 3
5, 216, 2, 1, 3
5, 216, 2, 1, 3
5, 216, 2, 1, 3
5, 216, 2, 1, 3
5, 216, 2, 1, 3
5, 216, 2, 1, 3
5, 216, 2, 1, 3
5, 216, 2, 1, 3
5, 216, 2, 1, 3
5, 216, 2, 1, 3
5, 216, 2, 1, 3
5, 216, 2, 1, 3
5, 216, 2, 1, 3
5, 216, 2, 1, 3
5, 216, 2, 1, 3
5, 216, 2, 1, 3
5, 216, 2, 1, 3
5, 216, 2, 1, 3
5, 216, 2, 1, 3
5, 216, 2, 1, 3
5, 216, 2, 1, 3
5, 216, 2, 3, 3
5, 216, 2, 3, 3
5, 216, 2, 3, 3
5, 216, 2, 3, 3
5, 216, 2, 3, 3
5, 216, 2, 3, 3
5, 216, 2, 3, 3
5, 216, 2, 3, 3
5, 216, 2, 3, 3
5, 216, 2, 3, 3
5, 216, 2, 3, 3
5, 216, 2, 3, 3
5, 216, 2, 3, 3
5, 216, 2, 3, 3
5, 216, 2, 3, 3
5, 216, 2, 3, 3
5, 216, 2, 3, 3
5, 216, 2, 3, 3
5, 216, 2, 3, 3
5, 216, 2, 3, 3
5, 216, 2, 3, 3
5, 216, 2, 3, 3
5, 216, 2, 3, 3
5, 216, 2, 3, 3
5, 216, 2, 3, 3
5, 216, 2, 3, 3
5, 216, 2, 3, 3
5, 216, 2, 3, 3
5, 216, 2, 3, 3
5, 216, 2, 3, 3
5, 216, 2, 3, 3
5, 216, 2, 3, 3
5, 216, 2, 3, 3
5, 216, 2, 3, 3
5, 216, 2, 3, 3
5, 216, 2, 3, 3
5, 216, 2, 3, 3
5, 216, 2, 3, 3
5, 216, 2, 3, 3
5, 216, 2, 3, 3
5, 216, 2, 3, 3
5, 216, 2, 3, 3
5, 216, 2, 3, 3
5, 216, 2, 3, 3
5, 216, 2, 3, 3
5, 216, 2, 3, 3
5, 216, 2, 3, 3
5, 216, 2, 3, 3
5, 216, 2, 3, 3
5, 216, 2, 3, 3
5, 216, 2, 3, 3
5, 216, 2, 3, 3
5, 216, 2, 3, 3
5, 216, 2, 3, 3
5, 216, 2, 3, 3
5, 216, 2, 3, 3
5, 216, 2, 3, 3
5, 216, 2, 3, 3
5, 216, 2, 3, 3
5, 216, 2, 3, 3
5, 216, 2, 3, 3
5, 216, 2, 3, 3
5, 216, 2, 3, 3
5, 216, 2, 3, 3
5, 216, 2, 3, 3
5, 216, 2, 3, 3
5, 216, 2, 3, 3
5, 216, 2, 3, 3
5, 216, 2, 3, 3
5, 216, 2, 3, 3
5, 216, 2, 3, 3
5, 216, 2, 3, 3
5, 216, 2, 3, 3
5, 216, 2, 3, 3
5, 216, 2, 3, 3
5, 216, 2, 3, 3
5, 216, 2, 3, 3
5, 216, 2, 3, 3
5, 216, 2, 3, 3
5, 216, 2, 3, 3
5, 216, 2, 3, 3
5, 216, 2, 3, 3
5, 216, 2, 3, 3
5, 216, 2, 3, 3
5, 216, 2, 3, 3
5, 216, 2, 3, 3
5, 216, 2, 3, 3
5, 216, 2, 3, 3
5, 216, 2, 3, 3
5, 216, 2, 3, 3
5, 216, 2, 3, 3
5, 216, 2, 3, 3
5, 216, 2, 3, 3
5, 216, 2, 3, 3
5, 216, 2, 3, 3
5, 216, 2, 3, 3
5, 216, 2, 3, 3
5, 216, 2, 3, 3
5, 216, 2, 3, 3
5, 216, 2, 3, 3
5, 216, 2, 3, 3
5, 216, 2, 3, 3
5, 216, 2, 3, 3
5, 216, 2, 3, 3
5, 216, 2, 3, 3
5, 216, 2, 3, 3
5, 216, 2, 3, 3
5, 216, 2, 3, 3
5, 216, 3, 2, 3
5, 216, 3, 2, 3
5, 216, 3, 2, 3
5, 216, 3, 2, 3
5, 216, 3, 2, 3
5, 216, 3, 2, 3
5, 216, 3, 2, 3
5, 216, 3, 2, 3
5, 216, 3, 2, 3
5, 216, 3, 2, 3
5, 216, 3, 2, 3
5, 216, 3, 2, 3
5, 216, 3, 2, 3
5, 216, 3, 2, 3
5, 216, 3, 2, 3
5, 216, 3, 2, 3
5, 216, 3, 2, 3
5, 216, 3, 2, 3
5, 216, 3, 2, 3
5, 216, 3, 2, 3
5, 216, 3, 2, 3
5, 216, 3, 2, 3
5, 216, 3, 2, 3
5, 216, 3, 2, 3
5, 216, 3, 2, 3
5, 216, 3, 2, 3
5, 216, 3, 2, 3
5, 216, 3, 2, 3
5, 216, 3, 2, 3
5, 216, 3, 2, 3
5, 216, 3, 2, 3
5, 216, 3, 2, 3
5, 216, 3, 2, 3
5, 216, 3, 2, 3
5, 216, 3, 2, 3
5, 216, 3, 2, 3
5, 216, 3, 2, 3
5, 216, 3, 2, 3
5, 216, 3, 2, 3
5, 216, 3, 2, 3
5, 216, 3, 2, 3
5, 216, 3, 2, 3
5, 216, 3, 2, 3
5, 216, 3, 2, 3
5, 216, 3, 2, 3
5, 216, 3, 2, 3
5, 216, 3, 2, 3
5, 216, 3, 2, 3
5, 216, 3, 2, 3
5, 216, 3, 2, 3
5, 216, 3, 2, 3
5, 216, 3, 2, 3
5, 216, 3, 2, 3
5, 216, 3, 2, 3
5, 216, 3, 2, 3
5, 216, 3, 2, 3
5, 216, 3, 2, 3
5, 216, 3, 2, 3
5, 216, 3, 2, 3
5, 216, 3, 2, 3
5, 216, 3, 2, 3
5, 216, 3, 2, 3
5, 216, 3, 2, 3
5, 216, 3, 2, 3
5, 216, 3, 2, 3
5, 216, 3, 2, 3
5, 216, 3, 2, 3
5, 216, 3, 2, 3
5, 216, 3, 2, 3
5, 216, 3, 2, 3
5, 216, 3, 2, 3
5, 216, 3, 2, 3
5, 216, 3, 2, 3
5, 216, 3, 2, 3
5, 216, 3, 2, 3
5, 216, 3, 2, 3
5, 216, 3, 2, 3
5, 216, 3, 2, 3
5, 216, 3, 2, 3
5, 216, 3, 2, 3
5, 216, 3, 2, 3
5, 216, 3, 2, 3
5, 216, 3, 2, 3
5, 216, 3, 2, 3
5, 216, 3, 2, 3
5, 216, 3, 2, 3
5, 216, 3, 2, 3
5, 216, 3, 2, 3
5, 216, 3, 2, 3
5, 216, 3, 2, 3
5, 216, 3, 2, 3
5, 216, 3, 2, 3
5, 216, 3, 2, 3
5, 216, 3, 2, 3
5, 216, 3, 2, 3
5, 216, 3, 2, 3
5, 216, 3, 2, 3
5, 216, 3, 2, 3
5, 216, 3, 2, 3
5, 216, 3, 2, 3
5, 216, 3, 2, 3
5, 216, 3, 2, 3
5, 216, 3, 2, 3
5, 216, 3, 2, 3
5, 216, 3, 2, 3
5, 216, 3, 2, 3
5, 216, 3, 2, 3
5, 216, 3, 2, 3
5, 216, 3, 4, 3
5, 216, 3, 4, 3
5, 216, 3, 4, 3
5, 216, 3, 4, 3
5, 216, 3, 4, 3
5, 216, 3, 4, 3
5, 216, 3, 4, 3
5, 216, 3, 4, 3
5, 216, 3, 4, 3
5, 216, 3, 4, 3
5, 216, 3, 4, 3
5, 216, 3, 4, 3
5, 216, 3, 4, 3
5, 216, 3, 4, 3
5, 216, 3, 4, 3
5, 216, 3, 4, 3
5, 216, 3, 4, 3
5, 216, 3, 4, 3
5, 216, 3, 4, 3
5, 216, 3, 4, 3
5, 216, 3, 4, 3
5, 216, 3, 4, 3
5, 216, 3, 4, 3
5, 216, 3, 4, 3
5, 216, 3, 4, 3
5, 216, 3, 4, 3
5, 216, 3, 4, 3
5, 216, 3, 4, 3
5, 216, 3, 4, 3
5, 216, 3, 4, 3
5, 216, 3, 4, 3
5, 216, 3, 4, 3
5, 216, 3, 4, 3
5, 216, 3, 4, 3
5, 216, 3, 4, 3
5, 216, 3, 4, 3
5, 216, 3, 4, 3
5, 216, 3, 4, 3
5, 216, 3, 4, 3
5, 216, 3, 4, 3
5, 216, 3, 4, 3
5, 216, 3, 4, 3
5, 216, 3, 4, 3
5, 216, 3, 4, 3
5, 216, 3, 4, 3
5, 216, 3, 4, 3
5, 216, 3, 4, 3
5, 216, 3, 4, 3
5, 216, 3, 4, 3
5, 216, 3, 4, 3
5, 216, 3, 4, 3
5, 216, 3, 4, 3
5, 216, 3, 4, 3
5, 216, 3, 4, 3
5, 216, 3, 4, 3
5, 216, 3, 4, 3
5, 216, 3, 4, 3
5, 216, 3, 4, 3
5, 216, 3, 4, 3
5, 216, 3, 4, 3
5, 216, 3, 4, 3
5, 216, 3, 4, 3
5, 216, 3, 4, 3
5, 216, 3, 4, 3
5, 216, 3, 4, 3
5, 216, 3, 4, 3
5, 216, 3, 4, 3
5, 216, 3, 4, 3
5, 216, 3, 4, 3
5, 216, 3, 4, 3
5, 216, 3, 4, 3
5, 216, 3, 4, 3
5, 216, 3, 4, 3
5, 216, 3, 4, 3
5, 216, 3, 4, 3
5, 216, 3, 4, 3
5, 216, 3, 4, 3
5, 216, 3, 4, 3
5, 216, 3, 4, 3
5, 216, 3, 4, 3
5, 216, 3, 4, 3
5, 216, 3, 4, 3
5, 216, 3, 4, 3
5, 216, 3, 4, 3
5, 216, 3, 4, 3
5, 216, 3, 4, 3
5, 216, 3, 4, 3
5, 216, 3, 4, 3
5, 216, 3, 4, 3
5, 216, 3, 4, 3
5, 216, 3, 4, 3
5, 216, 3, 4, 3
5, 216, 3, 4, 3
5, 216, 3, 4, 3
5, 216, 3, 4, 3
5, 216, 3, 4, 3
5, 216, 3, 4, 3
5, 216, 3, 4, 3
5, 216, 3, 4, 3
5, 216, 3, 4, 3
5, 216, 3, 4, 3
5, 216, 3, 4, 3
5, 216, 3, 4, 3
5, 216, 3, 4, 3
5, 216, 3, 4, 3
5, 216, 3, 4, 3
5, 216, 3, 4, 3
5, 216, 3, 4, 3
5, 108, 4, 3, 3
5, 108, 4, 3, 3
5, 108, 4, 3, 3
5, 108, 4, 3, 3
5, 108, 4, 3, 3
5, 108, 4, 3, 3
5, 108, 4, 3, 3
5, 108, 4, 3, 3
5, 108, 4, 3, 3
5, 108, 4, 3, 3
5, 108, 4, 3, 3
5, 108, 4, 3, 3
5, 108, 4, 3, 3
5, 108, 4, 3, 3
5, 108, 4, 3, 3
5, 108, 4, 3, 3
5, 108, 4, 3, 3
5, 108, 4, 3, 3
5, 108, 4, 3, 3
5, 108, 4, 3, 3
5, 108, 4, 3, 3
5, 108, 4, 3, 3
5, 108, 4, 3, 3
5, 108, 4, 3, 3
5, 108, 4, 3, 3
5, 108, 4, 3, 3
5, 108, 4, 3, 3
5, 108, 4, 3, 3
5, 108, 4, 3, 3
5, 108, 4, 3, 3
5, 108, 4, 3, 3
5, 108, 4, 3, 3
5, 108, 4, 3, 3
5, 108, 4, 3, 3
5, 108, 4, 3, 3
5, 108, 4, 3, 3
5, 108, 4, 3, 3
5, 108, 4, 3, 3
5, 108, 4, 3, 3
5, 108, 4, 3, 3
5, 108, 4, 3, 3
5, 108, 4, 3, 3
5, 108, 4, 3, 3
5, 108, 4, 3, 3
5, 108, 4, 3, 3
5, 108, 4, 3, 3
5, 108, 4, 3, 3
5, 108, 4, 3, 3
5, 108, 4, 3, 3
5, 108, 4, 3, 3
5, 108, 4, 3, 3
5, 108, 4, 3, 3
5, 108, 4, 3, 3
5, 108, 4, 3, 3
5, 108, 4, 3, 3
5, 108, 4, 3, 3
5, 108, 4, 3, 3
5, 108, 4, 3, 3
5, 108, 4, 3, 3
5, 108, 4, 3, 3
5, 108, 4, 3, 3
5, 108, 4, 3, 3
5, 108, 4, 3, 3
5, 108, 4, 3, 3
5, 108, 4, 3, 3
5, 108, 4, 3, 3
5, 108, 4, 3, 3
5, 108, 4, 3, 3
5, 108, 4, 3, 3
5, 108, 4, 3, 3
5, 108, 4, 3, 3
5, 108, 4, 3, 3
5, 108, 4, 3, 3
5, 108, 4, 3, 3
5, 108, 4, 3, 3
5, 108, 4, 3, 3
5, 108, 4, 3, 3
5, 108, 4, 3, 3
5, 108, 4, 3, 3
5, 108, 4, 3, 3
5, 108, 4, 3, 3
5, 108, 4, 3, 3
5, 108, 4, 3, 3
5, 108, 4, 3, 3
5, 108, 4, 3, 3
5, 108, 4, 3, 3
5, 108, 4, 3, 3
5, 108, 4, 3, 3
5, 108, 4, 3, 3
5, 108, 4, 3, 3
5, 108, 4, 3, 3
5, 108, 4, 3, 3
5, 108, 4, 3, 3
5, 108, 4, 3, 3
5, 108, 4, 3, 3
5, 108, 4, 3, 3
5, 108, 4, 3, 3
5, 108, 4, 3, 3
5, 108, 4, 3, 3
5, 108, 4, 3, 3
5, 108, 4, 3, 3
5, 108, 4, 3, 3
5, 108, 4, 3, 3
5, 108, 4, 3, 3
5, 108, 4, 3, 3
5, 108, 4, 3, 3
5, 108, 4, 3, 3
5, 108, 4, 3, 3
6, 12, 0, 18, 3
6, 12, 0, 18, 3
6, 12, 0, 18, 3
6, 12, 0, 18, 3
6, 12, 0, 19, 3
6, 12, 0, 19, 3
6, 12, 0, 19, 3
6, 12, 0, 19, 3
6, 12, 0, 20, 3
6, 12, 0, 20, 3
6, 12, 0, 20, 3
6, 12, 0, 20, 3
6, 12, 1, 18, 3
6, 12, 1, 18, 3
6, 12, 1, 18, 3
6, 12, 1, 18, 3
6, 12, 1, 19, 3
6, 12, 1, 19, 3
6, 12, 1, 19, 3
6, 12, 1, 19, 3
6, 12, 1, 20, 3
6, 12, 1, 20, 3
6, 12, 1, 20, 3
6, 12, 1, 20, 3
6, 12, 2, 18, 3
6, 12, 2, 18, 3
6, 12, 2, 18, 3
6, 12, 2, 18, 3
6, 12, 2, 19, 3
6, 12, 2, 19, 3
6, 12, 2, 19, 3
6, 12, 2, 19, 3
6, 12, 2, 20, 3
6, 12, 2, 20, 3
6, 12, 2, 20, 3
6, 12, 2, 20, 3
6, 12, 3, 18, 3
6, 12, 3, 18, 3
6, 12, 3, 18, 3
6, 12, 3, 18, 3
6, 12, 3, 19, 3
6, 12, 3, 19, 3
6, 12, 3, 19, 3
6, 12, 3, 19, 3
6, 12, 3, 20, 3
6, 12, 3, 20, 3
6, 12, 3, 20, 3
6, 12, 3, 20, 3
6, 12, 4, 18, 3
6, 12, 4, 18, 3
6, 12, 4, 18, 3
6, 12, 4, 18, 3
6, 12, 4, 19, 3
6, 12, 4, 19, 3
6, 12, 4, 19, 3
6, 12, 4, 19, 3
6, 12, 4, 20, 3
6, 12, 4, 20, 3
6, 12, 4, 20, 3
6, 12, 4, 20, 3
6, 12, 5, 18, 3
6, 12, 5, 18, 3
6, 12, 5, 18, 3
6, 12, 5, 18, 3
6, 12, 5, 19, 3
6, 12, 5, 19, 3
6, 12, 5, 19, 3
6, 12, 5, 19, 3
6, 12, 5, 20, 3
6, 12, 5, 20, 3
6, 12, 5, 20, 3
6, 12, 5, 20, 3
6, 12, 6, 18, 3
6, 12, 6, 18, 3
6, 12, 6, 18, 3
6, 12, 6, 18, 3
6, 12, 6, 19, 3
6, 12, 6, 19, 3
6, 12, 6, 19, 3
6, 12, 6, 19, 3
6, 12, 6, 20, 3
6, 12, 6, 20, 3
6, 12, 6, 20, 3
6, 12, 6, 20, 3
6, 12, 7, 18, 3
6, 12, 7, 18, 3
6, 12, 7, 18, 3
6, 12, 7, 18, 3
6, 12, 7, 19, 3
6, 12, 7, 19, 3
6, 12, 7, 19, 3
6, 12, 7, 19, 3
6, 12, 7, 20, 3
6, 12, 7, 20, 3
6, 12, 7, 20, 3
6, 12, 7, 20, 3
6, 12, 8, 18, 3
6, 12, 8, 18, 3
6, 12, 8, 18, 3
6, 12, 8, 18, 3
6, 12, 8, 19, 3
6, 12, 8, 19, 3
6, 12, 8, 19, 3
6, 12, 8, 19, 3
6, 12, 8, 20, 3
6, 12, 8, 20, 3
6, 12, 8, 20, 3
6, 12, 8, 20, 3
6, 12, 9, 18, 3
6, 12, 9, 18, 3
6, 12, 9, 18, 3
6, 12, 9, 18, 3
6, 12, 9, 19, 3
6, 12, 9, 19, 3
6, 12, 9, 19, 3
6, 12, 9, 19, 3
6, 12, 9, 20, 3
6, 12, 9, 20, 3
6, 12, 9, 20, 3
6, 12, 9, 20, 3
6, 12, 10, 18, 3
6, 12, 10, 18, 3
6, 12, 10, 18, 3
6, 12, 10, 18, 3
6, 12, 10, 19, 3
6, 12, 10, 19, 3
6, 12, 10, 19, 3
6, 12, 10, 19, 3
6, 12, 10, 20, 3
6, 12, 10, 20, 3
6, 12, 10, 20, 3
6, 12, 10, 20, 3
6, 12, 11, 18, 3
6, 12, 11, 18, 3
6, 12, 11, 18, 3
6, 12, 11, 18, 3
6, 12, 11, 19, 3
6, 12, 11, 19, 3
6, 12, 11, 19, 3
6, 12, 11, 19, 3
6, 12, 11, 20, 3
6, 12, 11, 20, 3
6, 12, 11, 20, 3
6, 12, 11, 20, 3
6, 12, 12, 18, 3
6, 12, 12, 18, 3
6, 12, 12, 18, 3
6, 12, 12, 18, 3
6, 12, 12, 19, 3
6, 12, 12, 19, 3
6, 12, 12, 19, 3
6, 12, 12, 19, 3
6, 12, 12, 20, 3
6, 12, 12, 20, 3
6, 12, 12, 20, 3
6, 12, 12, 20, 3
6, 12, 13, 18, 3
6, 12, 13, 18, 3
6, 12, 13, 18, 3
6, 12, 13, 18, 3
6, 12, 13, 19, 3
6, 12, 13, 19, 3
6, 12, 13, 19, 3
6, 12, 13, 19, 3
6, 12, 13, 20, 3
6, 12, 13, 20, 3
6, 12, 13, 20, 3
6, 12, 13, 20, 3
6, 12, 14, 18, 3
6, 12, 14, 18, 3
6, 12, 14, 18, 3
6, 12, 14, 18, 3
6, 12, 14, 19, 3
6, 12, 14, 19, 3
6, 12, 14, 19, 3
6, 12, 14, 19, 3
6, 12, 14, 20, 3
6, 12, 14, 20, 3
6, 12, 14, 20, 3
6, 12, 14, 20, 3
6, 12, 15, 18, 3
6, 12, 15, 18, 3
6, 12, 15, 18, 3
6, 12, 15, 18, 3
6, 12, 15, 19, 3
6, 12, 15, 19, 3
6, 12, 15, 19, 3
6, 12, 15, 19, 3
6, 12, 15, 20, 3
6, 12, 15, 20, 3
6, 12, 15, 20, 3
6, 12, 15, 20, 3
6, 12, 16, 18, 3
6, 12, 16, 18, 3
6, 12, 16, 18, 3
6, 12, 16, 18, 3
6, 12, 16, 19, 3
6, 12, 16, 19, 3
6, 12, 16, 19, 3
6, 12, 16, 19, 3
6, 12, 16, 20, 3
6, 12, 16, 20, 3
6, 12, 16, 20, 3
6, 12, 16, 20, 3
6, 12, 17, 18, 3
6, 12, 17, 18, 3
6, 12, 17, 18, 3
6, 12, 17, 18, 3
6, 12, 17, 19, 3
6, 12, 17, 19, 3
6, 12, 17, 19, 3
6, 12, 17, 19, 3
6, 12, 17, 20, 3
6, 12, 17, 20, 3
6, 12, 17, 20, 3
6, 12, 17, 20, 3
6, 72, 18, 0, 3
6, 72, 18, 0, 3
6, 72, 18, 0, 3
6, 72, 18, 0, 3
6, 72, 18, 1, 3
6, 72, 18, 1, 3
6, 72, 18, 1, 3
6, 72, 18, 1, 3
6, 72, 18, 2, 3
6, 72, 18, 2, 3
6, 72, 18, 2, 3
6, 72, 18, 2, 3
6, 72, 18, 3, 3
6, 72, 18, 3, 3
6, 72, 18, 3, 3
6, 72, 18, 3, 3
6, 72, 18, 4, 3
6, 72, 18, 4, 3
6, 72, 18, 4, 3
6, 72, 18, 4, 3
6, 72, 18, 5, 3
6, 72, 18, 5, 3
6, 72, 18, 5, 3
6, 72, 18, 5, 3
6, 72, 18, 6, 3
6, 72, 18, 6, 3
6, 72, 18, 6, 3
6, 72, 18, 6, 3
6, 72, 18, 7, 3
6, 72, 18, 7, 3
6, 72, 18, 7, 3
6, 72, 18, 7, 3
6, 72, 18, 8, 3
6, 72, 18, 8, 3
6, 72, 18, 8, 3
6, 72, 18, 8, 3
6, 72, 18, 9, 3
6, 72, 18, 9, 3
6, 72, 18, 9, 3
6, 72, 18, 9, 3
6, 72, 18, 10, 3
6, 72, 18, 10, 3
6, 72, 18, 10, 3
6, 72, 18, 10, 3
6, 72, 18, 11, 3
6, 72, 18, 11, 3
6, 72, 18, 11, 3
6, 72, 18, 11, 3
6, 72, 18, 12, 3
6, 72, 18, 12, 3
6, 72, 18, 12, 3
6, 72, 18, 12, 3
6, 72, 18, 13, 3
6, 72, 18, 13, 3
6, 72, 18, 13, 3
6, 72, 18, 13, 3
6, 72, 18, 14, 3
6, 72, 18, 14, 3
6, 72, 18, 14, 3
6, 72, 18, 14, 3
6, 72, 18, 15, 3
6, 72, 18, 15, 3
6, 72, 18, 15, 3
6, 72, 18, 15, 3
6, 72, 18, 16, 3
6, 72, 18, 16, 3
6, 72, 18, 16, 3
6, 72, 18, 16, 3
6, 72, 18, 17, 3
6, 72, 18, 17, 3
6, 72, 18, 17, 3
6, 72, 18, 17, 3
6, 72, 19, 0, 3
6, 72, 19, 0, 3
6, 72, 19, 0, 3
6, 72, 19, 0, 3
6, 72, 19, 1, 3
6, 72, 19, 1, 3
6, 72, 19, 1, 3
6, 72, 19, 1, 3
6, 72, 19, 2, 3
6, 72, 19, 2, 3
6, 72, 19, 2, 3
6, 72, 19, 2, 3
6, 72, 19, 3, 3
6, 72, 19, 3, 3
6, 72, 19, 3, 3
6, 72, 19, 3, 3
6, 72, 19, 4, 3
6, 72, 19, 4, 3
6, 72, 19, 4, 3
6, 72, 19, 4, 3
6, 72, 19, 5, 3
6, 72, 19, 5, 3
6, 72, 19, 5, 3
6, 72, 19, 5, 3
6, 72, 19, 6, 3
6, 72, 19, 6, 3
6, 72, 19, 6, 3
6, 72, 19, 6, 3
6, 72, 19, 7, 3
6, 72, 19, 7, 3
6, 72, 19, 7, 3
6, 72, 19, 7, 3
6, 72, 19, 8, 3
6, 72, 19, 8, 3
6, 72, 19, 8, 3
6, 72, 19, 8, 3
6, 72, 19, 9, 3
6, 72, 19, 9, 3
6, 72, 19, 9, 3
6, 72, 19, 9, 3
6, 72, 19, 10, 3
6, 72, 19, 10, 3
6, 72, 19, 10, 3
6, 72, 19, 10, 3
6, 72, 19, 11, 3
6, 72, 19, 11, 3
6, 72, 19, 11, 3
6, 72, 19, 11, 3
6, 72, 19, 12, 3
6, 72, 19, 12, 3
6, 72, 19, 12, 3
6, 72, 19, 12, 3
6, 72, 19, 13, 3
6, 72, 19, 13, 3
6, 72, 19, 13, 3
6, 72, 19, 13, 3
6, 72, 19, 14, 3
6, 72, 19, 14, 3
6, 72, 19, 14, 3
6, 72, 19, 14, 3
6, 72, 19, 15, 3
6, 72, 19, 15, 3
6, 72, 19, 15, 3
6, 72, 19, 15, 3
6, 72, 19, 16, 3
6, 72, 19, 16, 3
6, 72, 19, 16, 3
6, 72, 19, 16, 3
6, 72, 19, 17, 3
6, 72, 19, 17, 3
6, 72, 19, 17, 3
6, 72, 19, 17, 3
6, 72, 20, 0, 3
6, 72, 20, 0, 3
6, 72, 20, 0, 3
6, 72, 20, 0, 3
6, 72, 20, 1, 3
6, 72, 20, 1, 3
6, 72, 20, 1, 3
6, 72, 20, 1, 3
6, 72, 20, 2, 3
6, 72, 20, 2, 3
6, 72, 20, 2, 3
6, 72, 20, 2, 3
6, 72, 20, 3, 3
6, 72, 20, 3, 3
6, 72, 20, 3, 3
6, 72, 20, 3, 3
6, 72, 20, 4, 3
6, 72, 20, 4, 3
6, 72, 20, 4, 3
6, 72, 20, 4, 3
6, 72, 20, 5, 3
6, 72, 20, 5, 3
6, 72, 20, 5, 3
6, 72, 20, 5, 3
6, 72, 20, 6, 3
6, 72, 20, 6, 3
6, 72, 20, 6, 3
6, 72, 20, 6, 3
6, 72, 20, 7, 3
6, 72, 20, 7, 3
6, 72, 20, 7, 3
6, 72, 20, 7, 3
6, 72, 20, 8, 3
6, 72, 20, 8, 3
6, 72, 20, 8, 3
6, 72, 20, 8, 3
6, 72, 20, 9, 3
6, 72, 20, 9, 3
6, 72, 20, 9, 3
6, 72, 20, 9, 3
6, 72, 20, 10, 3
6, 72, 20, 10, 3
6, 72, 20, 10, 3
6, 72, 20, 10, 3
6, 72, 20, 11, 3
6, 72, 20, 11, 3
6, 72, 20, 11, 3
6, 72, 20, 11, 3
6, 72, 20, 12, 3
6, 72, 20, 12, 3
6, 72, 20, 12, 3
6, 72, 20, 12, 3
6, 72, 20, 13, 3
6, 72, 20, 13, 3
6, 72, 20, 13, 3
6, 72, 20, 13, 3
6, 72, 20, 14, 3
6, 72, 20, 14, 3
6, 72, 20, 14, 3
6, 72, 20, 14, 3
6, 72, 20, 15, 3
6, 72, 20, 15, 3
6, 72, 20, 15, 3
6, 72, 20, 15, 3
6, 72, 20, 16, 3
6, 72, 20, 16, 3
6, 72, 20, 16, 3
6, 72, 20, 16, 3
6, 72, 20, 17, 3
6, 72, 20, 17, 3
6, 72, 20, 17, 3
6, 72, 20, 17, 3
7, 12, 0, 18, 3
7, 12, 0, 18, 3
7, 12, 0, 18, 3
7, 12, 0, 18, 3
7, 12, 0, 19, 3
7, 12, 0, 19, 3
7, 12, 0, 19, 3
7, 12, 0, 19, 3
7, 12, 0, 20, 3
7, 12, 0, 20, 3
7, 12, 0, 20, 3
7, 12, 0, 20, 3
7, 12, 1, 18, 3
7, 12, 1, 18, 3
7, 12, 1, 18, 3
7, 12, 1, 18, 3
7, 12, 1, 19, 3
7, 12, 1, 19, 3
7, 12, 1, 19, 3
7, 12, 1, 19, 3
7, 12, 1, 20, 3
7, 12, 1, 20, 3
7, 12, 1, 20, 3
7, 12, 1, 20, 3
7, 12, 2, 18, 3
7, 12, 2, 18, 3
7, 12, 2, 18, 3
7, 12, 2, 18, 3
7, 12, 2, 19, 3
7, 12, 2, 19, 3
7, 12, 2, 19, 3
7, 12, 2, 19, 3
7, 12, 2, 20, 3
7, 12, 2, 20, 3
7, 12, 2, 20, 3
7, 12, 2, 20, 3
7, 12, 3, 18, 3
7, 12, 3, 18, 3
7, 12, 3, 18, 3
7, 12, 3, 18, 3
7, 12, 3, 19, 3
7, 12, 3, 19, 3
7, 12, 3, 19, 3
7, 12, 3, 19, 3
7, 12, 3, 20, 3
7, 12, 3, 20, 3
7, 12, 3, 20, 3
7, 12, 3, 20, 3
7, 12, 4, 18, 3
7, 12, 4, 18, 3
7, 12, 4, 18, 3
7, 12, 4, 18, 3
7, 12, 4, 19, 3
7, 12, 4, 19, 3
7, 12, 4, 19, 3
7, 12, 4, 19, 3
7, 12, 4, 20, 3
7, 12, 4, 20, 3
7, 12, 4, 20, 3
7, 12, 4, 20, 3
7, 12, 5, 18, 3
7, 12, 5, 18, 3
7, 12, 5, 18, 3
7, 12, 5, 18, 3
7, 12, 5, 19, 3
7, 12, 5, 19, 3
7, 12, 5, 19, 3
7, 12, 5, 19, 3
7, 12, 5, 20, 3
7, 12, 5, 20, 3
7, 12, 5, 20, 3
7, 12, 5, 20, 3
7, 12, 6, 18, 3
7, 12, 6, 18, 3
7, 12, 6, 18, 3
7, 12, 6, 18, 3
7, 12, 6, 19, 3
7, 12, 6, 19, 3
7, 12, 6, 19, 3
7, 12, 6, 19, 3
7, 12, 6, 20, 3
7, 12, 6, 20, 3
7, 12, 6, 20, 3
7, 12, 6, 20, 3
7, 12, 7, 18, 3
7, 12, 7, 18, 3
7, 12, 7, 18, 3
7, 12, 7, 18, 3
7, 12, 7, 19, 3
7, 12, 7, 19, 3
7, 12, 7, 19, 3
7, 12, 7, 19, 3
7, 12, 7, 20, 3
7, 12, 7, 20, 3
7, 12, 7, 20, 3
7, 12, 7, 20, 3
7, 12, 8, 18, 3
7, 12, 8, 18, 3
7, 12, 8, 18, 3
7, 12, 8, 18, 3
7, 12, 8, 19, 3
7, 12, 8, 19, 3
7, 12, 8, 19, 3
7, 12, 8, 19, 3
7, 12, 8, 20, 3
7, 12, 8, 20, 3
7, 12, 8, 20, 3
7, 12, 8, 20, 3
7, 12, 9, 18, 3
7, 12, 9, 18, 3
7, 12, 9, 18, 3
7, 12, 9, 18, 3
7, 12, 9, 19, 3
7, 12, 9, 19, 3
7, 12, 9, 19, 3
7, 12, 9, 19, 3
7, 12, 9, 20, 3
7, 12, 9, 20, 3
7, 12, 9, 20, 3
7, 12, 9, 20, 3
7, 12, 10, 18, 3
7, 12, 10, 18, 3
7, 12, 10, 18, 3
7, 12, 10, 18, 3
7, 12, 10, 19, 3
7, 12, 10, 19, 3
7, 12, 10, 19, 3
7, 12, 10, 19, 3
7, 12, 10, 20, 3
7, 12, 10, 20, 3
7, 12, 10, 20, 3
7, 12, 10, 20, 3
7, 12, 11, 18, 3
7, 12, 11, 18, 3
7, 12, 11, 18, 3
7, 12, 11, 18, 3
7, 12, 11, 19, 3
7, 12, 11, 19, 3
7, 12, 11, 19, 3
7, 12, 11, 19, 3
7, 12, 11, 20, 3
7, 12, 11, 20, 3
7, 12, 11, 20, 3
7, 12, 11, 20, 3
7, 12, 12, 18, 3
7, 12, 12, 18, 3
7, 12, 12, 18, 3
7, 12, 12, 18, 3
7, 12, 12, 19, 3
7, 12, 12, 19, 3
7, 12, 12, 19, 3
7, 12, 12, 19, 3
7, 12, 12, 20, 3
7, 12, 12, 20, 3
7, 12, 12, 20, 3
7, 12, 12, 20, 3
7, 12, 13, 18, 3
7, 12, 13, 18, 3
7, 12, 13, 18, 3
7, 12, 13, 18, 3
7, 12, 13, 19, 3
7, 12, 13, 19, 3
7, 12, 13, 19, 3
7, 12, 13, 19, 3
7, 12, 13, 20, 3
7, 12, 13, 20, 3
7, 12, 13, 20, 3
7, 12, 13, 20, 3
7, 12, 14, 18, 3
7, 12, 14, 18, 3
7, 12, 14, 18, 3
7, 12, 14, 18, 3
7, 12, 14, 19, 3
7, 12, 14, 19, 3
7, 12, 14, 19, 3
7, 12, 14, 19, 3
7, 12, 14, 20, 3
7, 12, 14, 20, 3
7, 12, 14, 20, 3
7, 12, 14, 20, 3
7, 12, 15, 18, 3
7, 12, 15, 18, 3
7, 12, 15, 18, 3
7, 12, 15, 18, 3
7, 12, 15, 19, 3
7, 12, 15, 19, 3
7, 12, 15, 19, 3
7, 12, 15, 19, 3
7, 12, 15, 20, 3
7, 12, 15, 20, 3
7, 12, 15, 20, 3
7, 12, 15, 20, 3
7, 12, 16, 18, 3
7, 12, 16, 18, 3
7, 12, 16, 18, 3
7, 12, 16, 18, 3
7, 12, 16, 19, 3
7, 12, 16, 19, 3
7, 12, 16, 19, 3
7, 12, 16, 19, 3
7, 12, 16, 20, 3
7, 12, 16, 20, 3
7, 12, 16, 20, 3
7, 12, 16, 20, 3
7, 12, 17, 18, 3
7, 12, 17, 18, 3
7, 12, 17, 18, 3
7, 12, 17, 18, 3
7, 12, 17, 19, 3
7, 12, 17, 19, 3
7, 12, 17, 19, 3
7, 12, 17, 19, 3
7, 12, 17, 20, 3
7, 12, 17, 20, 3
7, 12, 17, 20, 3
7, 12, 17, 20, 3
7, 72, 18, 0, 3
7, 72, 18, 0, 3
7, 72, 18, 0, 3
7, 72, 18, 0, 3
7, 72, 18, 1, 3
7, 72, 18, 1, 3
7, 72, 18, 1, 3
7, 72, 18, 1, 3
7, 72, 18, 2, 3
7, 72, 18, 2, 3
7, 72, 18, 2, 3
7, 72, 18, 2, 3
7, 72, 18, 3, 3
7, 72, 18, 3, 3
7, 72, 18, 3, 3
7, 72, 18, 3, 3
7, 72, 18, 4, 3
7, 72, 18, 4, 3
7, 72, 18, 4, 3
7, 72, 18, 4, 3
7, 72, 18, 5, 3
7, 72, 18, 5, 3
7, 72, 18, 5, 3
7, 72, 18, 5, 3
7, 72, 18, 6, 3
7, 72, 18, 6, 3
7, 72, 18, 6, 3
7, 72, 18, 6, 3
7, 72, 18, 7, 3
7, 72, 18, 7, 3
7, 72, 18, 7, 3
7, 72, 18, 7, 3
7, 72, 18, 8, 3
7, 72, 18, 8, 3
7, 72, 18, 8, 3
7, 72, 18, 8, 3
7, 72, 18, 9, 3
7, 72, 18, 9, 3
7, 72, 18, 9, 3
7, 72, 18, 9, 3
7, 72, 18, 10, 3
7, 72, 18, 10, 3
7, 72, 18, 10, 3
7, 72, 18, 10, 3
7, 72, 18, 11, 3
7, 72, 18, 11, 3
7, 72, 18, 11, 3
7, 72, 18, 11, 3
7, 72, 18, 12, 3
7, 72, 18, 12, 3
7, 72, 18, 12, 3
7, 72, 18, 12, 3
7, 72, 18, 13, 3
7, 72, 18, 13, 3
7, 72, 18, 13, 3
7, 72, 18, 13, 3
7, 72, 18, 14, 3
7, 72, 18, 14, 3
7, 72, 18, 14, 3
7, 72, 18, 14, 3
7, 72, 18, 15, 3
7, 72, 18, 15, 3
7, 72, 18, 15, 3
7, 72, 18, 15, 3
7, 72, 18, 16, 3
7, 72, 18, 16, 3
7, 72, 18, 16, 3
7, 72, 18, 16, 3
7, 72, 18, 17, 3
7, 72, 18, 17, 3
7, 72, 18, 17, 3
7, 72, 18, 17, 3
7, 72, 19, 0, 3
7, 72, 19, 0, 3
7, 72, 19, 0, 3
7, 72, 19, 0, 3
7, 72, 19, 1, 3
7, 72, 19, 1, 3
7, 72, 19, 1, 3
7, 72, 19, 1, 3
7, 72, 19, 2, 3
7, 72, 19, 2, 3
7, 72, 19, 2, 3
7, 72, 19, 2, 3
7, 72, 19, 3, 3
7, 72, 19, 3, 3
7, 72, 19, 3, 3
7, 72, 19, 3, 3
7, 72, 19, 4, 3
7, 72, 19, 4, 3
7, 72, 19, 4, 3
7, 72, 19, 4, 3
7, 72, 19, 5, 3
7, 72, 19, 5, 3
7, 72, 19, 5, 3
7, 72, 19, 5, 3
7, 72, 19, 6, 3
7, 72, 19, 6, 3
7, 72, 19, 6, 3
7, 72, 19, 6, 3
7, 72, 19, 7, 3
7, 72, 19, 7, 3
7, 72, 19, 7, 3
7, 72, 19, 7, 3
7, 72, 19, 8, 3
7, 72, 19, 8, 3
7, 72, 19, 8, 3
7, 72, 19, 8, 3
7, 72, 19, 9, 3
7, 72, 19, 9, 3
7, 72, 19, 9, 3
7, 72, 19, 9, 3
7, 72, 19, 10, 3
7, 72, 19, 10, 3
7, 72, 19, 10, 3
7, 72, 19, 10, 3
7, 72, 19, 11, 3
7, 72, 19, 11, 3
7, 72, 19, 11, 3
7, 72, 19, 11, 3
7, 72, 19, 12, 3
7, 72, 19, 12, 3
7, 72, 19, 12, 3
7, 72, 19, 12, 3
7, 72, 19, 13, 3
7, 72, 19, 13, 3
7, 72, 19, 13, 3
7, 72, 19, 13, 3
7, 72, 19, 14, 3
7, 72, 19, 14, 3
7, 72, 19, 14, 3
7, 72, 19, 14, 3
7, 72, 19, 15, 3
7, 72, 19, 15, 3
7, 72, 19, 15, 3
7, 72, 19, 15, 3
7, 72, 19, 16, 3
7, 72, 19, 16, 3
7, 72, 19, 16, 3
7, 72, 19, 16, 3
7, 72, 19, 17, 3
7, 72, 19, 17, 3
7, 72, 19, 17, 3
7, 72, 19, 17, 3
7, 72, 20, 0, 3
7, 72, 20, 0, 3
7, 72, 20, 0, 3
7, 72, 20, 0, 3
7, 72, 20, 1, 3
7, 72, 20, 1, 3
7, 72, 20, 1, 3
7, 72, 20, 1, 3
7, 72, 20, 2, 3
7, 72, 20, 2, 3
7, 72, 20, 2, 3
7, 72, 20, 2, 3
7, 72, 20, 3, 3
7, 72, 20, 3, 3
7, 72, 20, 3, 3
7, 72, 20, 3, 3
7, 72, 20, 4, 3
7, 72, 20, 4, 3
7, 72, 20, 4, 3
7, 72, 20, 4, 3
7, 72, 20, 5, 3
7, 72, 20, 5, 3
7, 72, 20, 5, 3
7, 72, 20, 5, 3
7, 72, 20, 6, 3
7, 72, 20, 6, 3
7, 72, 20, 6, 3
7, 72, 20, 6, 3
7, 72, 20, 7, 3
7, 72, 20, 7, 3
7, 72, 20, 7, 3
7, 72, 20, 7, 3
7, 72, 20, 8, 3
7, 72, 20, 8, 3
7, 72, 20, 8, 3
7, 72, 20, 8, 3
7, 72, 20, 9, 3
7, 72, 20, 9, 3
7, 72, 20, 9, 3
7, 72, 20, 9, 3
7, 72, 20, 10, 3
7, 72, 20, 10, 3
7, 72, 20, 10, 3
7, 72, 20, 10, 3
7, 72, 20, 11, 3
7, 72, 20, 11, 3
7, 72, 20, 11, 3
7, 72, 20, 11, 3
7, 72, 20, 12, 3
7, 72, 20, 12, 3
7, 72, 20, 12, 3
7, 72, 20, 12, 3
7, 72, 20, 13, 3
7, 72, 20, 13, 3
7, 72, 20, 13, 3
7, 72, 20, 13, 3
7, 72, 20, 14, 3
7, 72, 20, 14, 3
7, 72, 20, 14, 3
7, 72, 20, 14, 3
7, 72, 20, 15, 3
7, 72, 20, 15, 3
7, 72, 20, 15, 3
7, 72, 20, 15, 3
7, 72, 20, 16, 3
7, 72, 20, 16, 3
7, 72, 20, 16, 3
7, 72, 20, 16, 3
7, 72, 20, 17, 3
7, 72, 20, 17, 3
7, 72, 20, 17, 3
7, 72, 20, 17, 3
8, 12, 0, 18, 3
8, 12, 0, 18, 3
8, 12, 0, 18, 3
8, 12, 0, 18, 3
8, 12, 0, 19, 3
8, 12, 0, 19, 3
8, 12, 0, 19, 3
8, 12, 0, 19, 3
8, 12, 0, 20, 3
8, 12, 0, 20, 3
8, 12, 0, 20, 3
8, 12, 0, 20, 3
8, 12, 1, 18, 3
8, 12, 1, 18, 3
8, 12, 1, 18, 3
8, 12, 1, 18, 3
8, 12, 1, 19, 3
8, 12, 1, 19, 3
8, 12, 1, 19, 3
8, 12, 1, 19, 3
8, 12, 1, 20, 3
8, 12, 1, 20, 3
8, 12, 1, 20, 3
8, 12, 1, 20, 3
8, 12, 2, 18, 3
8, 12, 2, 18, 3
8, 12, 2, 18, 3
8, 12, 2, 18, 3
8, 12, 2, 19, 3
8, 12, 2, 19, 3
8, 12, 2, 19, 3
8, 12, 2, 19, 3
8, 12, 2, 20, 3
8, 12, 2, 20, 3
8, 12, 2, 20, 3
8, 12, 2, 20, 3
8, 12, 3, 18, 3
8, 12, 3, 18, 3
8, 12, 3, 18, 3
8, 12, 3, 18, 3
8, 12, 3, 19, 3
8, 12, 3, 19, 3
8, 12, 3, 19, 3
8, 12, 3, 19, 3
8, 12, 3, 20, 3
8, 12, 3, 20, 3
8, 12, 3, 20, 3
8, 12, 3, 20, 3
8, 12, 4, 18, 3
8, 12, 4, 18, 3
8, 12, 4, 18, 3
8, 12, 4, 18, 3
8, 12, 4, 19, 3
8, 12, 4, 19, 3
8, 12, 4, 19, 3
8, 12, 4, 19, 3
8, 12, 4, 20, 3
8, 12, 4, 20, 3
8, 12, 4, 20, 3
8, 12, 4, 20, 3
8, 12, 5, 18, 3
8, 12, 5, 18, 3
8, 12, 5, 18, 3
8, 12, 5, 18, 3
8, 12, 5, 19, 3
8, 12, 5, 19, 3
8, 12, 5, 19, 3
8, 12, 5, 19, 3
8, 12, 5, 20, 3
8, 12, 5, 20, 3
8, 12, 5, 20, 3
8, 12, 5, 20, 3
8, 12, 6, 18, 3
8, 12, 6, 18, 3
8, 12, 6, 18, 3
8, 12, 6, 18, 3
8, 12, 6, 19, 3
8, 12, 6, 19, 3
8, 12, 6, 19, 3
8, 12, 6, 19, 3
8, 12, 6, 20, 3
8, 12, 6, 20, 3
8, 12, 6, 20, 3
8, 12, 6, 20, 3
8, 12, 7, 18, 3
8, 12, 7, 18, 3
8, 12, 7, 18, 3
8, 12, 7, 18, 3
8, 12, 7, 19, 3
8, 12, 7, 19, 3
8, 12, 7, 19, 3
8, 12, 7, 19, 3
8, 12, 7, 20, 3
8, 12, 7, 20, 3
8, 12, 7, 20, 3
8, 12, 7, 20, 3
8, 12, 8, 18, 3
8, 12, 8, 18, 3
8, 12, 8, 18, 3
8, 12, 8, 18, 3
8, 12, 8, 19, 3
8, 12, 8, 19, 3
8, 12, 8, 19, 3
8, 12, 8, 19, 3
8, 12, 8, 20, 3
8, 12, 8, 20, 3
8, 12, 8, 20, 3
8, 12, 8, 20, 3
8, 12, 9, 18, 3
8, 12, 9, 18, 3
8, 12, 9, 18, 3
8, 12, 9, 18, 3
8, 12, 9, 19, 3
8, 12, 9, 19, 3
8, 12, 9, 19, 3
8, 12, 9, 19, 3
8, 12, 9, 20, 3
8, 12, 9, 20, 3
8, 12, 9, 20, 3
8, 12, 9, 20, 3
8, 12, 10, 18, 3
8, 12, 10, 18, 3
8, 12, 10, 18, 3
8, 12, 10, 18, 3
8, 12, 10, 19, 3
8, 12, 10, 19, 3
8, 12, 10, 19, 3
8, 12, 10, 19, 3
8, 12, 10, 20, 3
8, 12, 10, 20, 3
8, 12, 10, 20, 3
8, 12, 10, 20, 3
8, 12, 11, 18, 3
8, 12, 11, 18, 3
8, 12, 11, 18, 3
8, 12, 11, 18, 3
8, 12, 11, 19, 3
8, 12, 11, 19, 3
8, 12, 11, 19, 3
8, 12, 11, 19, 3
8, 12, 11, 20, 3
8, 12, 11, 20, 3
8, 12, 11, 20, 3
8, 12, 11, 20, 3
8, 12, 12, 18, 3
8, 12, 12, 18, 3
8, 12, 12, 18, 3
8, 12, 12, 18, 3
8, 12, 12, 19, 3
8, 12, 12, 19, 3
8, 12, 12, 19, 3
8, 12, 12, 19, 3
8, 12, 12, 20, 3
8, 12, 12, 20, 3
8, 12, 12, 20, 3
8, 12, 12, 20, 3
8, 12, 13, 18, 3
8, 12, 13, 18, 3
8, 12, 13, 18, 3
8, 12, 13, 18, 3
8, 12, 13, 19, 3
8, 12, 13, 19, 3
8, 12, 13, 19, 3
8, 12, 13, 19, 3
8, 12, 13, 20, 3
8, 12, 13, 20, 3
8, 12, 13, 20, 3
8, 12, 13, 20, 3
8, 12, 14, 18, 3
8, 12, 14, 18, 3
8, 12, 14, 18, 3
8, 12, 14, 18, 3
8, 12, 14, 19, 3
8, 12, 14, 19, 3
8, 12, 14, 19, 3
8, 12, 14, 19, 3
8, 12, 14, 20, 3
8, 12, 14, 20, 3
8, 12, 14, 20, 3
8, 12, 14, 20, 3
8, 12, 15, 18, 3
8, 12, 15, 18, 3
8, 12, 15, 18, 3
8, 12, 15, 18, 3
8, 12, 15, 19, 3
8, 12, 15, 19, 3
8, 12, 15, 19, 3
8, 12, 15, 19, 3
8, 12, 15, 20, 3
8, 12, 15, 20, 3
8, 12, 15, 20, 3
8, 12, 15, 20, 3
8, 12, 16, 18, 3
8, 12, 16, 18, 3
8, 12, 16, 18, 3
8, 12, 16, 18, 3
8, 12, 16, 19, 3
8, 12, 16, 19, 3
8, 12, 16, 19, 3
8, 12, 16, 19, 3
8, 12, 16, 20, 3
8, 12, 16, 20, 3
8, 12, 16, 20, 3
8, 12, 16, 20, 3
8, 12, 17, 18, 3
8, 12, 17, 18, 3
8, 12, 17, 18, 3
8, 12, 17, 18, 3
8, 12, 17, 19, 3
8, 12, 17, 19, 3
8, 12, 17, 19, 3
8, 12, 17, 19, 3
8, 12, 17, 20, 3
8, 12, 17, 20, 3
8, 12, 17, 20, 3
8, 12, 17, 20, 3
8, 72, 18, 0, 3
8, 72, 18, 0, 3
8, 72, 18, 0, 3
8, 72, 18, 0, 3
8, 72, 18, 1, 3
8, 72, 18, 1, 3
8, 72, 18, 1, 3
8, 72, 18, 1, 3
8, 72, 18, 2, 3
8, 72, 18, 2, 3
8, 72, 18, 2, 3
8, 72, 18, 2, 3
8, 72, 18, 3, 3
8, 72, 18, 3, 3
8, 72, 18, 3, 3
8, 72, 18, 3, 3
8, 72, 18, 4, 3
8, 72, 18, 4, 3
8, 72, 18, 4, 3
8, 72, 18, 4, 3
8, 72, 18, 5, 3
8, 72, 18, 5, 3
8, 72, 18, 5, 3
8, 72, 18, 5, 3
8, 72, 18, 6, 3
8, 72, 18, 6, 3
8, 72, 18, 6, 3
8, 72, 18, 6, 3
8, 72, 18, 7, 3
8, 72, 18, 7, 3
8, 72, 18, 7, 3
8, 72, 18, 7, 3
8, 72, 18, 8, 3
8, 72, 18, 8, 3
8, 72, 18, 8, 3
8, 72, 18, 8, 3
8, 72, 18, 9, 3
8, 72, 18, 9, 3
8, 72, 18, 9, 3
8, 72, 18, 9, 3
8, 72, 18, 10, 3
8, 72, 18, 10, 3
8, 72, 18, 10, 3
8, 72, 18, 10, 3
8, 72, 18, 11, 3
8, 72, 18, 11, 3
8, 72, 18, 11, 3
8, 72, 18, 11, 3
8, 72, 18, 12, 3
8, 72, 18, 12, 3
8, 72, 18, 12, 3
8, 72, 18, 12, 3
8, 72, 18, 13, 3
8, 72, 18, 13, 3
8, 72, 18, 13, 3
8, 72, 18, 13, 3
8, 72, 18, 14, 3
8, 72, 18, 14, 3
8, 72, 18, 14, 3
8, 72, 18, 14, 3
8, 72, 18, 15, 3
8, 72, 18, 15, 3
8, 72, 18, 15, 3
8, 72, 18, 15, 3
8, 72, 18, 16, 3
8, 72, 18, 16, 3
8, 72, 18, 16, 3
8, 72, 18, 16, 3
8, 72, 18, 17, 3
8, 72, 18, 17, 3
8, 72, 18, 17, 3
8, 72, 18, 17, 3
8, 72, 19, 0, 3
8, 72, 19, 0, 3
8, 72, 19, 0, 3
8, 72, 19, 0, 3
8, 72, 19, 1, 3
8, 72, 19, 1, 3
8, 72, 19, 1, 3
8, 72, 19, 1, 3
8, 72, 19, 2, 3
8, 72, 19, 2, 3
8, 72, 19, 2, 3
8, 72, 19, 2, 3
8, 72, 19, 3, 3
8, 72, 19, 3, 3
8, 72, 19, 3, 3
8, 72, 19, 3, 3
8, 72, 19, 4, 3
8, 72, 19, 4, 3
8, 72, 19, 4, 3
8, 72, 19, 4, 3
8, 72, 19, 5, 3
8, 72, 19, 5, 3
8, 72, 19, 5, 3
8, 72, 19, 5, 3
8, 72, 19, 6, 3
8, 72, 19, 6, 3
8, 72, 19, 6, 3
8, 72, 19, 6, 3
8, 72, 19, 7, 3
8, 72, 19, 7, 3
8, 72, 19, 7, 3
8, 72, 19, 7, 3
8, 72, 19, 8, 3
8, 72, 19, 8, 3
8, 72, 19, 8, 3
8, 72, 19, 8, 3
8, 72, 19, 9, 3
8, 72, 19, 9, 3
8, 72, 19, 9, 3
8, 72, 19, 9, 3
8, 72, 19, 10, 3
8, 72, 19, 10, 3
8, 72, 19, 10, 3
8, 72, 19, 10, 3
8, 72, 19, 11, 3
8, 72, 19, 11, 3
8, 72, 19, 11, 3
8, 72, 19, 11, 3
8, 72, 19, 12, 3
8, 72, 19, 12, 3
8, 72, 19, 12, 3
8, 72, 19, 12, 3
8, 72, 19, 13, 3
8, 72, 19, 13, 3
8, 72, 19, 13, 3
8, 72, 19, 13, 3
8, 72, 19, 14, 3
8, 72, 19, 14, 3
8, 72, 19, 14, 3
8, 72, 19, 14, 3
8, 72, 19, 15, 3
8, 72, 19, 15, 3
8, 72, 19, 15, 3
8, 72, 19, 15, 3
8, 72, 19, 16, 3
8, 72, 19, 16, 3
8, 72, 19, 16, 3
8, 72, 19, 16, 3
8, 72, 19, 17, 3
8, 72, 19, 17, 3
8, 72, 19, 17, 3
8, 72, 19, 17, 3
8, 72, 20, 0, 3
8, 72, 20, 0, 3
8, 72, 20, 0, 3
8, 72, 20, 0, 3
8, 72, 20, 1, 3
8, 72, 20, 1, 3
8, 72, 20, 1, 3
8, 72, 20, 1, 3
8, 72, 20, 2, 3
8, 72, 20, 2, 3
8, 72, 20, 2, 3
8, 72, 20, 2, 3
8, 72, 20, 3, 3
8, 72, 20, 3, 3
8, 72, 20, 3, 3
8, 72, 20, 3, 3
8, 72, 20, 4, 3
8, 72, 20, 4, 3
8, 72, 20, 4, 3
8, 72, 20, 4, 3
8, 72, 20, 5, 3
8, 72, 20, 5, 3
8, 72, 20, 5, 3
8, 72, 20, 5, 3
8, 72, 20, 6, 3
8, 72, 20, 6, 3
8, 72, 20, 6, 3
8, 72, 20, 6, 3
8, 72, 20, 7, 3
8, 72, 20, 7, 3
8, 72, 20, 7, 3
8, 72, 20, 7, 3
8, 72, 20, 8, 3
8, 72, 20, 8, 3
8, 72, 20, 8, 3
8, 72, 20, 8, 3
8, 72, 20, 9, 3
8, 72, 20, 9, 3
8, 72, 20, 9, 3
8, 72, 20, 9, 3
8, 72, 20, 10, 3
8, 72, 20, 10, 3
8, 72, 20, 10, 3
8, 72, 20, 10, 3
8, 72, 20, 11, 3
8, 72, 20, 11, 3
8, 72, 20, 11, 3
8, 72, 20, 11, 3
8, 72, 20, 12, 3
8, 72, 20, 12, 3
8, 72, 20, 12, 3
8, 72, 20, 12, 3
8, 72, 20, 13, 3
8, 72, 20, 13, 3
8, 72, 20, 13, 3
8, 72, 20, 13, 3
8, 72, 20, 14, 3
8, 72, 20, 14, 3
8, 72, 20, 14, 3
8, 72, 20, 14, 3
8, 72, 20, 15, 3
8, 72, 20, 15, 3
8, 72, 20, 15, 3
8, 72, 20, 15, 3
8, 72, 20, 16, 3
8, 72, 20, 16, 3
8, 72, 20, 16, 3
8, 72, 20, 16, 3
8, 72, 20, 17, 3
8, 72, 20, 17, 3
8, 72, 20, 17, 3
8, 72, 20, 17, 3
9, 12, 0, 18, 3
9, 12, 0, 18, 3
9, 12, 0, 18, 3
9, 12, 0, 18, 3
9, 12, 0, 19, 3
9, 12, 0, 19, 3
9, 12, 0, 19, 3
9, 12, 0, 19, 3
9, 12, 0, 20, 3
9, 12, 0, 20, 3
9, 12, 0, 20, 3
9, 12, 0, 20, 3
9, 12, 1, 18, 3
9, 12, 1, 18, 3
9, 12, 1, 18, 3
9, 12, 1, 18, 3
9, 12, 1, 19, 3
9, 12, 1, 19, 3
9, 12, 1, 19, 3
9, 12, 1, 19, 3
9, 12, 1, 20, 3
9, 12, 1, 20, 3
9, 12, 1, 20, 3
9, 12, 1, 20, 3
9, 12, 2, 18, 3
9, 12, 2, 18, 3
9, 12, 2, 18, 3
9, 12, 2, 18, 3
9, 12, 2, 19, 3
9, 12, 2, 19, 3
9, 12, 2, 19, 3
9, 12, 2, 19, 3
9, 12, 2, 20, 3
9, 12, 2, 20, 3
9, 12, 2, 20, 3
9, 12, 2, 20, 3
9, 12, 3, 18, 3
9, 12, 3, 18, 3
9, 12, 3, 18, 3
9, 12, 3, 18, 3
9, 12, 3, 19, 3
9, 12, 3, 19, 3
9, 12, 3, 19, 3
9, 12, 3, 19, 3
9, 12, 3, 20, 3
9, 12, 3, 20, 3
9, 12, 3, 20, 3
9, 12, 3, 20, 3
9, 12, 4, 18, 3
9, 12, 4, 18, 3
9, 12, 4, 18, 3
9, 12, 4, 18, 3
9, 12, 4, 19, 3
9, 12, 4, 19, 3
9, 12, 4, 19, 3
9, 12, 4, 19, 3
9, 12, 4, 20, 3
9, 12, 4, 20, 3
9, 12, 4, 20, 3
9, 12, 4, 20, 3
9, 12, 5, 18, 3
9, 12, 5, 18, 3
9, 12, 5, 18, 3
9, 12, 5, 18, 3
9, 12, 5, 19, 3
9, 12, 5, 19, 3
9, 12, 5, 19, 3
9, 12, 5, 19, 3
9, 12, 5, 20, 3
9, 12, 5, 20, 3
9, 12, 5, 20, 3
9, 12, 5, 20, 3
9, 12, 6, 18, 3
9, 12, 6, 18, 3
9, 12, 6, 18, 3
9, 12, 6, 18, 3
9, 12, 6, 19, 3
9, 12, 6, 19, 3
9, 12, 6, 19, 3
9, 12, 6, 19, 3
9, 12, 6, 20, 3
9, 12, 6, 20, 3
9, 12, 6, 20, 3
9, 12, 6, 20, 3
9, 12, 7, 18, 3
9, 12, 7, 18, 3
9, 12, 7, 18, 3
9, 12, 7, 18, 3
9, 12, 7, 19, 3
9, 12, 7, 19, 3
9, 12, 7, 19, 3
9, 12, 7, 19, 3
9, 12, 7, 20, 3
9, 12, 7, 20, 3
9, 12, 7, 20, 3
9, 12, 7, 20, 3
9, 12, 8, 18, 3
9, 12, 8, 18, 3
9, 12, 8, 18, 3
9, 12, 8, 18, 3
9, 12, 8, 19, 3
9, 12, 8, 19, 3
9, 12, 8, 19, 3
9, 12, 8, 19, 3
9, 12, 8, 20, 3
9, 12, 8, 20, 3
9, 12, 8, 20, 3
9, 12, 8, 20, 3
9, 12, 9, 18, 3
9, 12, 9, 18, 3
9, 12, 9, 18, 3
9, 12, 9, 18, 3
9, 12, 9, 19, 3
9, 12, 9, 19, 3
9, 12, 9, 19, 3
9, 12, 9, 19, 3
9, 12, 9, 20, 3
9, 12, 9, 20, 3
9, 12, 9, 20, 3
9, 12, 9, 20, 3
9, 12, 10, 18, 3
9, 12, 10, 18, 3
9, 12, 10, 18, 3
9, 12, 10, 18, 3
9, 12, 10, 19, 3
9, 12, 10, 19, 3
9, 12, 10, 19, 3
9, 12, 10, 19, 3
9, 12, 10, 20, 3
9, 12, 10, 20, 3
9, 12, 10, 20, 3
9, 12, 10, 20, 3
9, 12, 11, 18, 3
9, 12, 11, 18, 3
9, 12, 11, 18, 3
9, 12, 11, 18, 3
9, 12, 11, 19, 3
9, 12, 11, 19, 3
9, 12, 11, 19, 3
9, 12, 11, 19, 3
9, 12, 11, 20, 3
9, 12, 11, 20, 3
9, 12, 11, 20, 3
9, 12, 11, 20, 3
9, 12, 12, 18, 3
9, 12, 12, 18, 3
9, 12, 12, 18, 3
9, 12, 12, 18, 3
9, 12, 12, 19, 3
9, 12, 12, 19, 3
9, 12, 12, 19, 3
9, 12, 12, 19, 3
9, 12, 12, 20, 3
9, 12, 12, 20, 3
9, 12, 12, 20, 3
9, 12, 12, 20, 3
9, 12, 13, 18, 3
9, 12, 13, 18, 3
9, 12, 13, 18, 3
9, 12, 13, 18, 3
9, 12, 13, 19, 3
9, 12, 13, 19, 3
9, 12, 13, 19, 3
9, 12, 13, 19, 3
9, 12, 13, 20, 3
9, 12, 13, 20, 3
9, 12, 13, 20, 3
9, 12, 13, 20, 3
9, 12, 14, 18, 3
9, 12, 14, 18, 3
9, 12, 14, 18, 3
9, 12, 14, 18, 3
9, 12, 14, 19, 3
9, 12, 14, 19, 3
9, 12, 14, 19, 3
9, 12, 14, 19, 3
9, 12, 14, 20, 3
9, 12, 14, 20, 3
9, 12, 14, 20, 3
9, 12, 14, 20, 3
9, 12, 15, 18, 3
9, 12, 15, 18, 3
9, 12, 15, 18, 3
9, 12, 15, 18, 3
9, 12, 15, 19, 3
9, 12, 15, 19, 3
9, 12, 15, 19, 3
9, 12, 15, 19, 3
9, 12, 15, 20, 3
9, 12, 15, 20, 3
9, 12, 15, 20, 3
9, 12, 15, 20, 3
9, 12, 16, 18, 3
9, 12, 16, 18, 3
9, 12, 16, 18, 3
9, 12, 16, 18, 3
9, 12, 16, 19, 3
9, 12, 16, 19, 3
9, 12, 16, 19, 3
9, 12, 16, 19, 3
9, 12, 16, 20, 3
9, 12, 16, 20, 3
9, 12, 16, 20, 3
9, 12, 16, 20, 3
9, 12, 17, 18, 3
9, 12, 17, 18, 3
9, 12, 17, 18, 3
9, 12, 17, 18, 3
9, 12, 17, 19, 3
9, 12, 17, 19, 3
9, 12, 17, 19, 3
9, 12, 17, 19, 3
9, 12, 17, 20, 3
9, 12, 17, 20, 3
9, 12, 17, 20, 3
9, 12, 17, 20, 3
9, 72, 18, 0, 3
9, 72, 18, 0, 3
9, 72, 18, 0, 3
9, 72, 18, 0, 3
9, 72, 18, 1, 3
9, 72, 18, 1, 3
9, 72, 18, 1, 3
9, 72, 18, 1, 3
9, 72, 18, 2, 3
9, 72, 18, 2, 3
9, 72, 18, 2, 3
9, 72, 18, 2, 3
9, 72, 18, 3, 3
9, 72, 18, 3, 3
9, 72, 18, 3, 3
9, 72, 18, 3, 3
9, 72, 18, 4, 3
9, 72, 18, 4, 3
9, 72, 18, 4, 3
9, 72, 18, 4, 3
9, 72, 18, 5, 3
9, 72, 18, 5, 3
9, 72, 18, 5, 3
9, 72, 18, 5, 3
9, 72, 18, 6, 3
9, 72, 18, 6, 3
9, 72, 18, 6, 3
9, 72, 18, 6, 3
9, 72, 18, 7, 3
9, 72, 18, 7, 3
9, 72, 18, 7, 3
9, 72, 18, 7, 3
9, 72, 18, 8, 3
9, 72, 18, 8, 3
9, 72, 18, 8, 3
9, 72, 18, 8, 3
9, 72, 18, 9, 3
9, 72, 18, 9, 3
9, 72, 18, 9, 3
9, 72, 18, 9, 3
9, 72, 18, 10, 3
9, 72, 18, 10, 3
9, 72, 18, 10, 3
9, 72, 18, 10, 3
9, 72, 18, 11, 3
9, 72, 18, 11, 3
9, 72, 18, 11, 3
9, 72, 18, 11, 3
9, 72, 18, 12, 3
9, 72, 18, 12, 3
9, 72, 18, 12, 3
9, 72, 18, 12, 3
9, 72, 18, 13, 3
9, 72, 18, 13, 3
9, 72, 18, 13, 3
9, 72, 18, 13, 3
9, 72, 18, 14, 3
9, 72, 18, 14, 3
9, 72, 18, 14, 3
9, 72, 18, 14, 3
9, 72, 18, 15, 3
9, 72, 18, 15, 3
9, 72, 18, 15, 3
9, 72, 18, 15, 3
9, 72, 18, 16, 3
9, 72, 18, 16, 3
9, 72, 18, 16, 3
9, 72, 18, 16, 3
9, 72, 18, 17, 3
9, 72, 18, 17, 3
9, 72, 18, 17, 3
9, 72, 18, 17, 3
9, 72, 19, 0, 3
9, 72, 19, 0, 3
9, 72, 19, 0, 3
9, 72, 19, 0, 3
9, 72, 19, 1, 3
9, 72, 19, 1, 3
9, 72, 19, 1, 3
9, 72, 19, 1, 3
9, 72, 19, 2, 3
9, 72, 19, 2, 3
9, 72, 19, 2, 3
9, 72, 19, 2, 3
9, 72, 19, 3, 3
9, 72, 19, 3, 3
9, 72, 19, 3, 3
9, 72, 19, 3, 3
9, 72, 19, 4, 3
9, 72, 19, 4, 3
9, 72, 19, 4, 3
9, 72, 19, 4, 3
9, 72, 19, 5, 3
9, 72, 19, 5, 3
9, 72, 19, 5, 3
9, 72, 19, 5, 3
9, 72, 19, 6, 3
9, 72, 19, 6, 3
9, 72, 19, 6, 3
9, 72, 19, 6, 3
9, 72, 19, 7, 3
9, 72, 19, 7, 3
9, 72, 19, 7, 3
9, 72, 19, 7, 3
9, 72, 19, 8, 3
9, 72, 19, 8, 3
9, 72, 19, 8, 3
9, 72, 19, 8, 3
9, 72, 19, 9, 3
9, 72, 19, 9, 3
9, 72, 19, 9, 3
9, 72, 19, 9, 3
9, 72, 19, 10, 3
9, 72, 19, 10, 3
9, 72, 19, 10, 3
9, 72, 19, 10, 3
9, 72, 19, 11, 3
9, 72, 19, 11, 3
9, 72, 19, 11, 3
9, 72, 19, 11, 3
9, 72, 19, 12, 3
9, 72, 19, 12, 3
9, 72, 19, 12, 3
9, 72, 19, 12, 3
9, 72, 19, 13, 3
9, 72, 19, 13, 3
9, 72, 19, 13, 3
9, 72, 19, 13, 3
9, 72, 19, 14, 3
9, 72, 19, 14, 3
9, 72, 19, 14, 3
9, 72, 19, 14, 3
9, 72, 19, 15, 3
9, 72, 19, 15, 3
9, 72, 19, 15, 3
9, 72, 19, 15, 3
9, 72, 19, 16, 3
9, 72, 19, 16, 3
9, 72, 19, 16, 3
9, 72, 19, 16, 3
9, 72, 19, 17, 3
9, 72, 19, 17, 3
9, 72, 19, 17, 3
9, 72, 19, 17, 3
9, 72, 20, 0, 3
9, 72, 20, 0, 3
9, 72, 20, 0, 3
9, 72, 20, 0, 3
9, 72, 20, 1, 3
9, 72, 20, 1, 3
9, 72, 20, 1, 3
9, 72, 20, 1, 3
9, 72, 20, 2, 3
9, 72, 20, 2, 3
9, 72, 20, 2, 3
9, 72, 20, 2, 3
9, 72, 20, 3, 3
9, 72, 20, 3, 3
9, 72, 20, 3, 3
9, 72, 20, 3, 3
9, 72, 20, 4, 3
9, 72, 20, 4, 3
9, 72, 20, 4, 3
9, 72, 20, 4, 3
9, 72, 20, 5, 3
9, 72, 20, 5, 3
9, 72, 20, 5, 3
9, 72, 20, 5, 3
9, 72, 20, 6, 3
9, 72, 20, 6, 3
9, 72, 20, 6, 3
9, 72, 20, 6, 3
9, 72, 20, 7, 3
9, 72, 20, 7, 3
9, 72, 20, 7, 3
9, 72, 20, 7, 3
9, 72, 20, 8, 3
9, 72, 20, 8, 3
9, 72, 20, 8, 3
9, 72, 20, 8, 3
9, 72, 20, 9, 3
9, 72, 20, 9, 3
9, 72, 20, 9, 3
9, 72, 20, 9, 3
9, 72, 20, 10, 3
9, 72, 20, 10, 3
9, 72, 20, 10, 3
9, 72, 20, 10, 3
9, 72, 20, 11, 3
9, 72, 20, 11, 3
9, 72, 20, 11, 3
9, 72, 20, 11, 3
9, 72, 20, 12, 3
9, 72, 20, 12, 3
9, 72, 20, 12, 3
9, 72, 20, 12, 3
9, 72, 20, 13, 3
9, 72, 20, 13, 3
9, 72, 20, 13, 3
9, 72, 20, 13, 3
9, 72, 20, 14, 3
9, 72, 20, 14, 3
9, 72, 20, 14, 3
9, 72, 20, 14, 3
9, 72, 20, 15, 3
9, 72, 20, 15, 3
9, 72, 20, 15, 3
9, 72, 20, 15, 3
9, 72, 20, 16, 3
9, 72, 20, 16, 3
9, 72, 20, 16, 3
9, 72, 20, 16, 3
9, 72, 20, 17, 3
9, 72, 20, 17, 3
9, 72, 20, 17, 3
9, 72, 20, 17, 3
10, 12, 0, 18, 3
10, 12, 0, 18, 3
10, 12, 0, 18, 3
10, 12, 0, 18, 3
10, 12, 0, 19, 3
10, 12, 0, 19, 3
10, 12, 0, 19, 3
10, 12, 0, 19, 3
10, 12, 0, 20, 3
10, 12, 0, 20, 3
10, 12, 0, 20, 3
10, 12, 0, 20, 3
10, 12, 1, 18, 3
10, 12, 1, 18, 3
10, 12, 1, 18, 3
10, 12, 1, 18, 3
10, 12, 1, 19, 3
10, 12, 1, 19, 3
10, 12, 1, 19, 3
10, 12, 1, 19, 3
10, 12, 1, 20, 3
10, 12, 1, 20, 3
10, 12, 1, 20, 3
10, 12, 1, 20, 3
10, 12, 2, 18, 3
10, 12, 2, 18, 3
10, 12, 2, 18, 3
10, 12, 2, 18, 3
10, 12, 2, 19, 3
10, 12, 2, 19, 3
10, 12, 2, 19, 3
10, 12, 2, 19, 3
10, 12, 2, 20, 3
10, 12, 2, 20, 3
10, 12, 2, 20, 3
10, 12, 2, 20, 3
10, 12, 3, 18, 3
10, 12, 3, 18, 3
10, 12, 3, 18, 3
10, 12, 3, 18, 3
10, 12, 3, 19, 3
10, 12, 3, 19, 3
10, 12, 3, 19, 3
10, 12, 3, 19, 3
10, 12, 3, 20, 3
10, 12, 3, 20, 3
10, 12, 3, 20, 3
10, 12, 3, 20, 3
10, 12, 4, 18, 3
10, 12, 4, 18, 3
10, 12, 4, 18, 3
10, 12, 4, 18, 3
10, 12, 4, 19, 3
10, 12, 4, 19, 3
10, 12, 4, 19, 3
10, 12, 4, 19, 3
10, 12, 4, 20, 3
10, 12, 4, 20, 3
10, 12, 4, 20, 3
10, 12, 4, 20, 3
10, 12, 5, 18, 3
10, 12, 5, 18, 3
10, 12, 5, 18, 3
10, 12, 5, 18, 3
10, 12, 5, 19, 3
10, 12, 5, 19, 3
10, 12, 5, 19, 3
10, 12, 5, 19, 3
10, 12, 5, 20, 3
10, 12, 5, 20, 3
10, 12, 5, 20, 3
10, 12, 5, 20, 3
10, 12, 6, 18, 3
10, 12, 6, 18, 3
10, 12, 6, 18, 3
10, 12, 6, 18, 3
10, 12, 6, 19, 3
10, 12, 6, 19, 3
10, 12, 6, 19, 3
10, 12, 6, 19, 3
10, 12, 6, 20, 3
10, 12, 6, 20, 3
10, 12, 6, 20, 3
10, 12, 6, 20, 3
10, 12, 7, 18, 3
10, 12, 7, 18, 3
10, 12, 7, 18, 3
10, 12, 7, 18, 3
10, 12, 7, 19, 3
10, 12, 7, 19, 3
10, 12, 7, 19, 3
10, 12, 7, 19, 3
10, 12, 7, 20, 3
10, 12, 7, 20, 3
10, 12, 7, 20, 3
10, 12, 7, 20, 3
10, 12, 8, 18, 3
10, 12, 8, 18, 3
10, 12, 8, 18, 3
10, 12, 8, 18, 3
10, 12, 8, 19, 3
10, 12, 8, 19, 3
10, 12, 8, 19, 3
10, 12, 8, 19, 3
10, 12, 8, 20, 3
10, 12, 8, 20, 3
10, 12, 8, 20, 3
10, 12, 8, 20, 3
10, 12, 9, 18, 3
10, 12, 9, 18, 3
10, 12, 9, 18, 3
10, 12, 9, 18, 3
10, 12, 9, 19, 3
10, 12, 9, 19, 3
10, 12, 9, 19, 3
10, 12, 9, 19, 3
10, 12, 9, 20, 3
10, 12, 9, 20, 3
10, 12, 9, 20, 3
10, 12, 9, 20, 3
10, 12, 10, 18, 3
10, 12, 10, 18, 3
10, 12, 10, 18, 3
10, 12, 10, 18, 3
10, 12, 10, 19, 3
10, 12, 10, 19, 3
10, 12, 10, 19, 3
10, 12, 10, 19, 3
10, 12, 10, 20, 3
10, 12, 10, 20, 3
10, 12, 10, 20, 3
10, 12, 10, 20, 3
10, 12, 11, 18, 3
10, 12, 11, 18, 3
10, 12, 11, 18, 3
10, 12, 11, 18, 3
10, 12, 11, 19, 3
10, 12, 11, 19, 3
10, 12, 11, 19, 3
10, 12, 11, 19, 3
10, 12, 11, 20, 3
10, 12, 11, 20, 3
10, 12, 11, 20, 3
10, 12, 11, 20, 3
10, 12, 12, 18, 3
10, 12, 12, 18, 3
10, 12, 12, 18, 3
10, 12, 12, 18, 3
10, 12, 12, 19, 3
10, 12, 12, 19, 3
10, 12, 12, 19, 3
10, 12, 12, 19, 3
10, 12, 12, 20, 3
10, 12, 12, 20, 3
10, 12, 12, 20, 3
10, 12, 12, 20, 3
10, 12, 13, 18, 3
10, 12, 13, 18, 3
10, 12, 13, 18, 3
10, 12, 13, 18, 3
10, 12, 13, 19, 3
10, 12, 13, 19, 3
10, 12, 13, 19, 3
10, 12, 13, 19, 3
10, 12, 13, 20, 3
10, 12, 13, 20, 3
10, 12, 13, 20, 3
10, 12, 13, 20, 3
10, 12, 14, 18, 3
10, 12, 14, 18, 3
10, 12, 14, 18, 3
10, 12, 14, 18, 3
10, 12, 14, 19, 3
10, 12, 14, 19, 3
10, 12, 14, 19, 3
10, 12, 14, 19, 3
10, 12, 14, 20, 3
10, 12, 14, 20, 3
10, 12, 14, 20, 3
10, 12, 14, 20, 3
10, 12, 15, 18, 3
10, 12, 15, 18, 3
10, 12, 15, 18, 3
10, 12, 15, 18, 3
10, 12, 15, 19, 3
10, 12, 15, 19, 3
10, 12, 15, 19, 3
10, 12, 15, 19, 3
10, 12, 15, 20, 3
10, 12, 15, 20, 3
10, 12, 15, 20, 3
10, 12, 15, 20, 3
10, 12, 16, 18, 3
10, 12, 16, 18, 3
10, 12, 16, 18, 3
10, 12, 16, 18, 3
10, 12, 16, 19, 3
10, 12, 16, 19, 3
10, 12, 16, 19, 3
10, 12, 16, 19, 3
10, 12, 16, 20, 3
10, 12, 16, 20, 3
10, 12, 16, 20, 3
10, 12, 16, 20, 3
10, 12, 17, 18, 3
10, 12, 17, 18, 3
10, 12, 17, 18, 3
10, 12, 17, 18, 3
10, 12, 17, 19, 3
10, 12, 17, 19, 3
10, 12, 17, 19, 3
10, 12, 17, 19, 3
10, 12, 17, 20, 3
10, 12, 17, 20, 3
10, 12, 17, 20, 3
10, 12, 17, 20, 3
10, 72, 18, 0, 3
10, 72, 18, 0, 3
10, 72, 18, 0, 3
10, 72, 18, 0, 3
10, 72, 18, 1, 3
10, 72, 18, 1, 3
10, 72, 18, 1, 3
10, 72, 18, 1, 3
10, 72, 18, 2, 3
10, 72, 18, 2, 3
10, 72, 18, 2, 3
10, 72, 18, 2, 3
10, 72, 18, 3, 3
10, 72, 18, 3, 3
10, 72, 18, 3, 3
10, 72, 18, 3, 3
10, 72, 18, 4, 3
10, 72, 18, 4, 3
10, 72, 18, 4, 3
10, 72, 18, 4, 3
10, 72, 18, 5, 3
10, 72, 18, 5, 3
10, 72, 18, 5, 3
10, 72, 18, 5, 3
10, 72, 18, 6, 3
10, 72, 18, 6, 3
10, 72, 18, 6, 3
10, 72, 18, 6, 3
10, 72, 18, 7, 3
10, 72, 18, 7, 3
10, 72, 18, 7, 3
10, 72, 18, 7, 3
10, 72, 18, 8, 3
10, 72, 18, 8, 3
10, 72, 18, 8, 3
10, 72, 18, 8, 3
10, 72, 18, 9, 3
10, 72, 18, 9, 3
10, 72, 18, 9, 3
10, 72, 18, 9, 3
10, 72, 18, 10, 3
10, 72, 18, 10, 3
10, 72, 18, 10, 3
10, 72, 18, 10, 3
10, 72, 18, 11, 3
10, 72, 18, 11, 3
10, 72, 18, 11, 3
10, 72, 18, 11, 3
10, 72, 18, 12, 3
10, 72, 18, 12, 3
10, 72, 18, 12, 3
10, 72, 18, 12, 3
10, 72, 18, 13, 3
10, 72, 18, 13, 3
10, 72, 18, 13, 3
10, 72, 18, 13, 3
10, 72, 18, 14, 3
10, 72, 18, 14, 3
10, 72, 18, 14, 3
10, 72, 18, 14, 3
10, 72, 18, 15, 3
10, 72, 18, 15, 3
10, 72, 18, 15, 3
10, 72, 18, 15, 3
10, 72, 18, 16, 3
10, 72, 18, 16, 3
10, 72, 18, 16, 3
10, 72, 18, 16, 3
10, 72, 18, 17, 3
10, 72, 18, 17, 3
10, 72, 18, 17, 3
10, 72, 18, 17, 3
10, 72, 19, 0, 3
10, 72, 19, 0, 3
10, 72, 19, 0, 3
10, 72, 19, 0, 3
10, 72, 19, 1, 3
10, 72, 19, 1, 3
10, 72, 19, 1, 3
10, 72, 19, 1, 3
10, 72, 19, 2, 3
10, 72, 19, 2, 3
10, 72, 19, 2, 3
10, 72, 19, 2, 3
10, 72, 19, 3, 3
10, 72, 19, 3, 3
10, 72, 19, 3, 3
10, 72, 19, 3, 3
10, 72, 19, 4, 3
10, 72, 19, 4, 3
10, 72, 19, 4, 3
10, 72, 19, 4, 3
10, 72, 19, 5, 3
10, 72, 19, 5, 3
10, 72, 19, 5, 3
10, 72, 19, 5, 3
10, 72, 19, 6, 3
10, 72, 19, 6, 3
10, 72, 19, 6, 3
10, 72, 19, 6, 3
10, 72, 19, 7, 3
10, 72, 19, 7, 3
10, 72, 19, 7, 3
10, 72, 19, 7, 3
10, 72, 19, 8, 3
10, 72, 19, 8, 3
10, 72, 19, 8, 3
10, 72, 19, 8, 3
10, 72, 19, 9, 3
10, 72, 19, 9, 3
10, 72, 19, 9, 3
10, 72, 19, 9, 3
10, 72, 19, 10, 3
10, 72, 19, 10, 3
10, 72, 19, 10, 3
10, 72, 19, 10, 3
10, 72, 19, 11, 3
10, 72, 19, 11, 3
10, 72, 19, 11, 3
10, 72, 19, 11, 3
10, 72, 19, 12, 3
10, 72, 19, 12, 3
10, 72, 19, 12, 3
10, 72, 19, 12, 3
10, 72, 19, 13, 3
10, 72, 19, 13, 3
10, 72, 19, 13, 3
10, 72, 19, 13, 3
10, 72, 19, 14, 3
10, 72, 19, 14, 3
10, 72, 19, 14, 3
10, 72, 19, 14, 3
10, 72, 19, 15, 3
10, 72, 19, 15, 3
10, 72, 19, 15, 3
10, 72, 19, 15, 3
10, 72, 19, 16, 3
10, 72, 19, 16, 3
10, 72, 19, 16, 3
10, 72, 19, 16, 3
10, 72, 19, 17, 3
10, 72, 19, 17, 3
10, 72, 19, 17, 3
10, 72, 19, 17, 3
10, 72, 20, 0, 3
10, 72, 20, 0, 3
10, 72, 20, 0, 3
10, 72, 20, 0, 3
10, 72, 20, 1, 3
10, 72, 20, 1, 3
10, 72, 20, 1, 3
10, 72, 20, 1, 3
10, 72, 20, 2, 3
10, 72, 20, 2, 3
10, 72, 20, 2, 3
10, 72, 20, 2, 3
10, 72, 20, 3, 3
10, 72, 20, 3, 3
10, 72, 20, 3, 3
10, 72, 20, 3, 3
10, 72, 20, 4, 3
10, 72, 20, 4, 3
10, 72, 20, 4, 3
10, 72, 20, 4, 3
10, 72, 20, 5, 3
10, 72, 20, 5, 3
10, 72, 20, 5, 3
10, 72, 20, 5, 3
10, 72, 20, 6, 3
10, 72, 20, 6, 3
10, 72, 20, 6, 3
10, 72, 20, 6, 3
10, 72, 20, 7, 3
10, 72, 20, 7, 3
10, 72, 20, 7, 3
10, 72, 20, 7, 3
10, 72, 20, 8, 3
10, 72, 20, 8, 3
10, 72, 20, 8, 3
10, 72, 20, 8, 3
10, 72, 20, 9, 3
10, 72, 20, 9, 3
10, 72, 20, 9, 3
10, 72, 20, 9, 3
10, 72, 20, 10, 3
10, 72, 20, 10, 3
10, 72, 20, 10, 3
10, 72, 20, 10, 3
10, 72, 20, 11, 3
10, 72, 20, 11, 3
10, 72, 20, 11, 3
10, 72, 20, 11, 3
10, 72, 20, 12, 3
10, 72, 20, 12, 3
10, 72, 20, 12, 3
10, 72, 20, 12, 3
10, 72, 20, 13, 3
10, 72, 20, 13, 3
10, 72, 20, 13, 3
10, 72, 20, 13, 3
10, 72, 20, 14, 3
10, 72, 20, 14, 3
10, 72, 20, 14, 3
10, 72, 20, 14, 3
10, 72, 20, 15, 3
10, 72, 20, 15, 3
10, 72, 20, 15, 3
10, 72, 20, 15, 3
10, 72, 20, 16, 3
10, 72, 20, 16, 3
10, 72, 20, 16, 3
10, 72, 20, 16, 3
10, 72, 20, 17, 3
10, 72, 20, 17, 3
10, 72, 20, 17, 3
10, 72, 20, 17, 3
11, 12, 0, 18, 3
11, 12, 0, 18, 3
11, 12, 0, 18, 3
11, 12, 0, 18, 3
11, 12, 0, 19, 3
11, 12, 0, 19, 3
11, 12, 0, 19, 3
11, 12, 0, 19, 3
11, 12, 0, 20, 3
11, 12, 0, 20, 3
11, 12, 0, 20, 3
11, 12, 0, 20, 3
11, 12, 1, 18, 3
11, 12, 1, 18, 3
11, 12, 1, 18, 3
11, 12, 1, 18, 3
11, 12, 1, 19, 3
11, 12, 1, 19, 3
11, 12, 1, 19, 3
11, 12, 1, 19, 3
11, 12, 1, 20, 3
11, 12, 1, 20, 3
11, 12, 1, 20, 3
11, 12, 1, 20, 3
11, 12, 2, 18, 3
11, 12, 2, 18, 3
11, 12, 2, 18, 3
11, 12, 2, 18, 3
11, 12, 2, 19, 3
11, 12, 2, 19, 3
11, 12, 2, 19, 3
11, 12, 2, 19, 3
11, 12, 2, 20, 3
11, 12, 2, 20, 3
11, 12, 2, 20, 3
11, 12, 2, 20, 3
11, 12, 3, 18, 3
11, 12, 3, 18, 3
11, 12, 3, 18, 3
11, 12, 3, 18, 3
11, 12, 3, 19, 3
11, 12, 3, 19, 3
11, 12, 3, 19, 3
11, 12, 3, 19, 3
11, 12, 3, 20, 3
11, 12, 3, 20, 3
11, 12, 3, 20, 3
11, 12, 3, 20, 3
11, 12, 4, 18, 3
11, 12, 4, 18, 3
11, 12, 4, 18, 3
11, 12, 4, 18, 3
11, 12, 4, 19, 3
11, 12, 4, 19, 3
11, 12, 4, 19, 3
11, 12, 4, 19, 3
11, 12, 4, 20, 3
11, 12, 4, 20, 3
11, 12, 4, 20, 3
11, 12, 4, 20, 3
11, 12, 5, 18, 3
11, 12, 5, 18, 3
11, 12, 5, 18, 3
11, 12, 5, 18, 3
11, 12, 5, 19, 3
11, 12, 5, 19, 3
11, 12, 5, 19, 3
11, 12, 5, 19, 3
11, 12, 5, 20, 3
11, 12, 5, 20, 3
11, 12, 5, 20, 3
11, 12, 5, 20, 3
11, 12, 6, 18, 3
11, 12, 6, 18, 3
11, 12, 6, 18, 3
11, 12, 6, 18, 3
11, 12, 6, 19, 3
11, 12, 6, 19, 3
11, 12, 6, 19, 3
11, 12, 6, 19, 3
11, 12, 6, 20, 3
11, 12, 6, 20, 3
11, 12, 6, 20, 3
11, 12, 6, 20, 3
11, 12, 7, 18, 3
11, 12, 7, 18, 3
11, 12, 7, 18, 3
11, 12, 7, 18, 3
11, 12, 7, 19, 3
11, 12, 7, 19, 3
11, 12, 7, 19, 3
11, 12, 7, 19, 3
11, 12, 7, 20, 3
11, 12, 7, 20, 3
11, 12, 7, 20, 3
11, 12, 7, 20, 3
11, 12, 8, 18, 3
11, 12, 8, 18, 3
11, 12, 8, 18, 3
11, 12, 8, 18, 3
11, 12, 8, 19, 3
11, 12, 8, 19, 3
11, 12, 8, 19, 3
11, 12, 8, 19, 3
11, 12, 8, 20, 3
11, 12, 8, 20, 3
11, 12, 8, 20, 3
11, 12, 8, 20, 3
11, 12, 9, 18, 3
11, 12, 9, 18, 3
11, 12, 9, 18, 3
11, 12, 9, 18, 3
11, 12, 9, 19, 3
11, 12, 9, 19, 3
11, 12, 9, 19, 3
11, 12, 9, 19, 3
11, 12, 9, 20, 3
11, 12, 9, 20, 3
11, 12, 9, 20, 3
11, 12, 9, 20, 3
11, 12, 10, 18, 3
11, 12, 10, 18, 3
11, 12, 10, 18, 3
11, 12, 10, 18, 3
11, 12, 10, 19, 3
11, 12, 10, 19, 3
11, 12, 10, 19, 3
11, 12, 10, 19, 3
11, 12, 10, 20, 3
11, 12, 10, 20, 3
11, 12, 10, 20, 3
11, 12, 10, 20, 3
11, 12, 11, 18, 3
11, 12, 11, 18, 3
11, 12, 11, 18, 3
11, 12, 11, 18, 3
11, 12, 11, 19, 3
11, 12, 11, 19, 3
11, 12, 11, 19, 3
11, 12, 11, 19, 3
11, 12, 11, 20, 3
11, 12, 11, 20, 3
11, 12, 11, 20, 3
11, 12, 11, 20, 3
11, 12, 12, 18, 3
11, 12, 12, 18, 3
11, 12, 12, 18, 3
11, 12, 12, 18, 3
11, 12, 12, 19, 3
11, 12, 12, 19, 3
11, 12, 12, 19, 3
11, 12, 12, 19, 3
11, 12, 12, 20, 3
11, 12, 12, 20, 3
11, 12, 12, 20, 3
11, 12, 12, 20, 3
11, 12, 13, 18, 3
11, 12, 13, 18, 3
11, 12, 13, 18, 3
11, 12, 13, 18, 3
11, 12, 13, 19, 3
11, 12, 13, 19, 3
11, 12, 13, 19, 3
11, 12, 13, 19, 3
11, 12, 13, 20, 3
11, 12, 13, 20, 3
11, 12, 13, 20, 3
11, 12, 13, 20, 3
11, 12, 14, 18, 3
11, 12, 14, 18, 3
11, 12, 14, 18, 3
11, 12, 14, 18, 3
11, 12, 14, 19, 3
11, 12, 14, 19, 3
11, 12, 14, 19, 3
11, 12, 14, 19, 3
11, 12, 14, 20, 3
11, 12, 14, 20, 3
11, 12, 14, 20, 3
11, 12, 14, 20, 3
11, 12, 15, 18, 3
11, 12, 15, 18, 3
11, 12, 15, 18, 3
11, 12, 15, 18, 3
11, 12, 15, 19, 3
11, 12, 15, 19, 3
11, 12, 15, 19, 3
11, 12, 15, 19, 3
11, 12, 15, 20, 3
11, 12, 15, 20, 3
11, 12, 15, 20, 3
11, 12, 15, 20, 3
11, 12, 16, 18, 3
11, 12, 16, 18, 3
11, 12, 16, 18, 3
11, 12, 16, 18, 3
11, 12, 16, 19, 3
11, 12, 16, 19, 3
11, 12, 16, 19, 3
11, 12, 16, 19, 3
11, 12, 16, 20, 3
11, 12, 16, 20, 3
11, 12, 16, 20, 3
11, 12, 16, 20, 3
11, 12, 17, 18, 3
11, 12, 17, 18, 3
11, 12, 17, 18, 3
11, 12, 17, 18, 3
11, 12, 17, 19, 3
11, 12, 17, 19, 3
11, 12, 17, 19, 3
11, 12, 17, 19, 3
11, 12, 17, 20, 3
11, 12, 17, 20, 3
11, 12, 17, 20, 3
11, 12, 17, 20, 3
11, 72, 18, 0, 3
11, 72, 18, 0, 3
11, 72, 18, 0, 3
11, 72, 18, 0, 3
11, 72, 18, 1, 3
11, 72, 18, 1, 3
11, 72, 18, 1, 3
11, 72, 18, 1, 3
11, 72, 18, 2, 3
11, 72, 18, 2, 3
11, 72, 18, 2, 3
11, 72, 18, 2, 3
11, 72, 18, 3, 3
11, 72, 18, 3, 3
11, 72, 18, 3, 3
11, 72, 18, 3, 3
11, 72, 18, 4, 3
11, 72, 18, 4, 3
11, 72, 18, 4, 3
11, 72, 18, 4, 3
11, 72, 18, 5, 3
11, 72, 18, 5, 3
11, 72, 18, 5, 3
11, 72, 18, 5, 3
11, 72, 18, 6, 3
11, 72, 18, 6, 3
11, 72, 18, 6, 3
11, 72, 18, 6, 3
11, 72, 18, 7, 3
11, 72, 18, 7, 3
11, 72, 18, 7, 3
11, 72, 18, 7, 3
11, 72, 18, 8, 3
11, 72, 18, 8, 3
11, 72, 18, 8, 3
11, 72, 18, 8, 3
11, 72, 18, 9, 3
11, 72, 18, 9, 3
11, 72, 18, 9, 3
11, 72, 18, 9, 3
11, 72, 18, 10, 3
11, 72, 18, 10, 3
11, 72, 18, 10, 3
11, 72, 18, 10, 3
11, 72, 18, 11, 3
11, 72, 18, 11, 3
11, 72, 18, 11, 3
11, 72, 18, 11, 3
11, 72, 18, 12, 3
11, 72, 18, 12, 3
11, 72, 18, 12, 3
11, 72, 18, 12, 3
11, 72, 18, 13, 3
11, 72, 18, 13, 3
11, 72, 18, 13, 3
11, 72, 18, 13, 3
11, 72, 18, 14, 3
11, 72, 18, 14, 3
11, 72, 18, 14, 3
11, 72, 18, 14, 3
11, 72, 18, 15, 3
11, 72, 18, 15, 3
11, 72, 18, 15, 3
11, 72, 18, 15, 3
11, 72, 18, 16, 3
11, 72, 18, 16, 3
11, 72, 18, 16, 3
11, 72, 18, 16, 3
11, 72, 18, 17, 3
11, 72, 18, 17, 3
11, 72, 18, 17, 3
11, 72, 18, 17, 3
11, 72, 19, 0, 3
11, 72, 19, 0, 3
11, 72, 19, 0, 3
11, 72, 19, 0, 3
11, 72, 19, 1, 3
11, 72, 19, 1, 3
11, 72, 19, 1, 3
11, 72, 19, 1, 3
11, 72, 19, 2, 3
11, 72, 19, 2, 3
11, 72, 19, 2, 3
11, 72, 19, 2, 3
11, 72, 19, 3, 3
11, 72, 19, 3, 3
11, 72, 19, 3, 3
11, 72, 19, 3, 3
11, 72, 19, 4, 3
11, 72, 19, 4, 3
11, 72, 19, 4, 3
11, 72, 19, 4, 3
11, 72, 19, 5, 3
11, 72, 19, 5, 3
11, 72, 19, 5, 3
11, 72, 19, 5, 3
11, 72, 19, 6, 3
11, 72, 19, 6, 3
11, 72, 19, 6, 3
11, 72, 19, 6, 3
11, 72, 19, 7, 3
11, 72, 19, 7, 3
11, 72, 19, 7, 3
11, 72, 19, 7, 3
11, 72, 19, 8, 3
11, 72, 19, 8, 3
11, 72, 19, 8, 3
11, 72, 19, 8, 3
11, 72, 19, 9, 3
11, 72, 19, 9, 3
11, 72, 19, 9, 3
11, 72, 19, 9, 3
11, 72, 19, 10, 3
11, 72, 19, 10, 3
11, 72, 19, 10, 3
11, 72, 19, 10, 3
11, 72, 19, 11, 3
11, 72, 19, 11, 3
11, 72, 19, 11, 3
11, 72, 19, 11, 3
11, 72, 19, 12, 3
11, 72, 19, 12, 3
11, 72, 19, 12, 3
11, 72, 19, 12, 3
11, 72, 19, 13, 3
11, 72, 19, 13, 3
11, 72, 19, 13, 3
11, 72, 19, 13, 3
11, 72, 19, 14, 3
11, 72, 19, 14, 3
11, 72, 19, 14, 3
11, 72, 19, 14, 3
11, 72, 19, 15, 3
11, 72, 19, 15, 3
11, 72, 19, 15, 3
11, 72, 19, 15, 3
11, 72, 19, 16, 3
11, 72, 19, 16, 3
11, 72, 19, 16, 3
11, 72, 19, 16, 3
11, 72, 19, 17, 3
11, 72, 19, 17, 3
11, 72, 19, 17, 3
11, 72, 19, 17, 3
11, 72, 20, 0, 3
11, 72, 20, 0, 3
11, 72, 20, 0, 3
11, 72, 20, 0, 3
11, 72, 20, 1, 3
11, 72, 20, 1, 3
11, 72, 20, 1, 3
11, 72, 20, 1, 3
11, 72, 20, 2, 3
11, 72, 20, 2, 3
11, 72, 20, 2, 3
11, 72, 20, 2, 3
11, 72, 20, 3, 3
11, 72, 20, 3, 3
11, 72, 20, 3, 3
11, 72, 20, 3, 3
11, 72, 20, 4, 3
11, 72, 20, 4, 3
11, 72, 20, 4, 3
11, 72, 20, 4, 3
11, 72, 20, 5, 3
11, 72, 20, 5, 3
11, 72, 20, 5, 3
11, 72, 20, 5, 3
11, 72, 20, 6, 3
11, 72, 20, 6, 3
11, 72, 20, 6, 3
11, 72, 20, 6, 3
11, 72, 20, 7, 3
11, 72, 20, 7, 3
11, 72, 20, 7, 3
11, 72, 20, 7, 3
11, 72, 20, 8, 3
11, 72, 20, 8, 3
11, 72, 20, 8, 3
11, 72, 20, 8, 3
11, 72, 20, 9, 3
11, 72, 20, 9, 3
11, 72, 20, 9, 3
11, 72, 20, 9, 3
11, 72, 20, 10, 3
11, 72, 20, 10, 3
11, 72, 20, 10, 3
11, 72, 20, 10, 3
11, 72, 20, 11, 3
11, 72, 20, 11, 3
11, 72, 20, 11, 3
11, 72, 20, 11, 3
11, 72, 20, 12, 3
11, 72, 20, 12, 3
11, 72, 20, 12, 3
11, 72, 20, 12, 3
11, 72, 20, 13, 3
11, 72, 20, 13, 3
11, 72, 20, 13, 3
11, 72, 20, 13, 3
11, 72, 20, 14, 3
11, 72, 20, 14, 3
11, 72, 20, 14, 3
11, 72, 20, 14, 3
11, 72, 20, 15, 3
11, 72, 20, 15, 3
11, 72, 20, 15, 3
11, 72, 20, 15, 3
11, 72, 20, 16, 3
11, 72, 20, 16, 3
11, 72, 20, 16, 3
11, 72, 20, 16, 3
11, 72, 20, 17, 3
11, 72, 20, 17, 3
11, 72, 20, 17, 3
11, 72, 20, 17, 3
Goal
6
7
8
9
10
11
