CG
13
0, 12, 12, 186
0, 12, 1, 12
0, 12, 6, 18
0, 12, 2, 12
0, 12, 7, 18
0, 12, 10, 24
0, 12, 8, 18
0, 12, 5, 14
0, 12, 11, 24
0, 12, 9, 18
0, 12, 4, 14
0, 12, 3, 12
1, 4, 0, 40
1, 4, 12, 24
1, 4, 6, 6
1, 4, 7, 6
2, 4, 0, 40
2, 4, 12, 24
2, 4, 6, 6
2, 4, 8, 6
3, 4, 0, 40
3, 4, 12, 24
3, 4, 9, 6
3, 4, 4, 6
4, 4, 0, 44
4, 4, 12, 26
4, 4, 11, 6
4, 4, 3, 6
5, 4, 0, 44
5, 4, 12, 26
5, 4, 7, 6
5, 4, 11, 6
6, 5, 0, 60
6, 5, 12, 36
6, 5, 1, 6
6, 5, 2, 6
6, 5, 10, 6
7, 5, 0, 60
7, 5, 12, 36
7, 5, 1, 6
7, 5, 10, 6
7, 5, 5, 6
8, 5, 0, 60
8, 5, 12, 36
8, 5, 2, 6
8, 5, 10, 6
8, 5, 9, 6
9, 5, 0, 60
9, 5, 12, 36
9, 5, 8, 6
9, 5, 11, 6
9, 5, 3, 6
10, 6, 0, 80
10, 6, 12, 48
10, 6, 6, 6
10, 6, 7, 6
10, 6, 8, 6
10, 6, 11, 6
11, 6, 0, 80
11, 6, 12, 48
11, 6, 10, 6
11, 6, 5, 6
11, 6, 9, 6
11, 6, 4, 6
12, 11, 1, 12
12, 11, 6, 18
12, 11, 2, 12
12, 11, 7, 18
12, 11, 10, 24
12, 11, 8, 18
12, 11, 5, 14
12, 11, 11, 24
12, 11, 9, 18
12, 11, 4, 14
12, 11, 3, 12
DTG
0, 20, 0, 1, 3
0, 20, 0, 1, 3
0, 20, 0, 1, 3
0, 20, 0, 1, 3
0, 20, 0, 1, 3
0, 20, 0, 1, 3
0, 20, 0, 1, 3
0, 20, 0, 1, 3
0, 20, 0, 1, 3
0, 20, 0, 1, 3
0, 20, 0, 3, 3
0, 20, 0, 3, 3
0, 20, 0, 3, 3
0, 20, 0, 3, 3
0, 20, 0, 3, 3
0, 20, 0, 3, 3
0, 20, 0, 3, 3
0, 20, 0, 3, 3
0, 20, 0, 3, 3
0, 20, 0, 3, 3
0, 30, 1, 0, 3
0, 30, 1, 0, 3
0, 30, 1, 0, 3
0, 30, 1, 0, 3
0, 30, 1, 0, 3
0, 30, 1, 0, 3
0, 30, 1, 0, 3
0, 30, 1, 0, 3
0, 30, 1, 0, 3
0, 30, 1, 0, 3
0, 30, 1, 2, 3
0, 30, 1, 2, 3
0, 30, 1, 2, 3
0, 30, 1, 2, 3
0, 30, 1, 2, 3
0, 30, 1, 2, 3
0, 30, 1, 2, 3
0, 30, 1, 2, 3
0, 30, 1, 2, 3
0, 30, 1, 2, 3
0, 30, 1, 4, 3
0, 30, 1, 4, 3
0, 30, 1, 4, 3
0, 30, 1, 4, 3
0, 30, 1, 4, 3
0, 30, 1, 4, 3
0, 30, 1, 4, 3
0, 30, 1, 4, 3
0, 30, 1, 4, 3
0, 30, 1, 4, 3
0, 20, 2, 1, 3
0, 20, 2, 1, 3
0, 20, 2, 1, 3
0, 20, 2, 1, 3
0, 20, 2, 1, 3
0, 20, 2, 1, 3
0, 20, 2, 1, 3
0, 20, 2, 1, 3
0, 20, 2, 1, 3
0, 20, 2, 1, 3
0, 20, 2, 5, 3
0, 20, 2, 5, 3
0, 20, 2, 5, 3
0, 20, 2, 5, 3
0, 20, 2, 5, 3
0, 20, 2, 5, 3
0, 20, 2, 5, 3
0, 20, 2, 5, 3
0, 20, 2, 5, 3
0, 20, 2, 5, 3
0, 30, 3, 0, 3
0, 30, 3, 0, 3
0, 30, 3, 0, 3
0, 30, 3, 0, 3
0, 30, 3, 0, 3
0, 30, 3, 0, 3
0, 30, 3, 0, 3
0, 30, 3, 0, 3
0, 30, 3, 0, 3
0, 30, 3, 0, 3
0, 30, 3, 4, 3
0, 30, 3, 4, 3
0, 30, 3, 4, 3
0, 30, 3, 4, 3
0, 30, 3, 4, 3
0, 30, 3, 4, 3
0, 30, 3, 4, 3
0, 30, 3, 4, 3
0, 30, 3, 4, 3
0, 30, 3, 4, 3
0, 30, 3, 6, 3
0, 30, 3, 6, 3
0, 30, 3, 6, 3
0, 30, 3, 6, 3
0, 30, 3, 6, 3
0, 30, 3, 6, 3
0, 30, 3, 6, 3
0, 30, 3, 6, 3
0, 30, 3, 6, 3
0, 30, 3, 6, 3
0, 40, 4, 1, 3
0, 40, 4, 1, 3
0, 40, 4, 1, 3
0, 40, 4, 1, 3
0, 40, 4, 1, 3
0, 40, 4, 1, 3
0, 40, 4, 1, 3
0, 40, 4, 1, 3
0, 40, 4, 1, 3
0, 40, 4, 1, 3
0, 40, 4, 3, 3
0, 40, 4, 3, 3
0, 40, 4, 3, 3
0, 40, 4, 3, 3
0, 40, 4, 3, 3
0, 40, 4, 3, 3
0, 40, 4, 3, 3
0, 40, 4, 3, 3
0, 40, 4, 3, 3
0, 40, 4, 3, 3
0, 40, 4, 5, 3
0, 40, 4, 5, 3
0, 40, 4, 5, 3
0, 40, 4, 5, 3
0, 40, 4, 5, 3
0, 40, 4, 5, 3
0, 40, 4, 5, 3
0, 40, 4, 5, 3
0, 40, 4, 5, 3
0, 40, 4, 5, 3
0, 40, 4, 7, 3
0, 40, 4, 7, 3
0, 40, 4, 7, 3
0, 40, 4, 7, 3
0, 40, 4, 7, 3
0, 40, 4, 7, 3
0, 40, 4, 7, 3
0, 40, 4, 7, 3
0, 40, 4, 7, 3
0, 40, 4, 7, 3
0, 30, 5, 2, 3
0, 30, 5, 2, 3
0, 30, 5, 2, 3
0, 30, 5, 2, 3
0, 30, 5, 2, 3
0, 30, 5, 2, 3
0, 30, 5, 2, 3
0, 30, 5, 2, 3
0, 30, 5, 2, 3
0, 30, 5, 2, 3
0, 30, 5, 4, 3
0, 30, 5, 4, 3
0, 30, 5, 4, 3
0, 30, 5, 4, 3
0, 30, 5, 4, 3
0, 30, 5, 4, 3
0, 30, 5, 4, 3
0, 30, 5, 4, 3
0, 30, 5, 4, 3
0, 30, 5, 4, 3
0, 30, 5, 8, 3
0, 30, 5, 8, 3
0, 30, 5, 8, 3
0, 30, 5, 8, 3
0, 30, 5, 8, 3
0, 30, 5, 8, 3
0, 30, 5, 8, 3
0, 30, 5, 8, 3
0, 30, 5, 8, 3
0, 30, 5, 8, 3
0, 22, 6, 3, 3
0, 22, 6, 3, 3
0, 22, 6, 3, 3
0, 22, 6, 3, 3
0, 22, 6, 3, 3
0, 22, 6, 3, 3
0, 22, 6, 3, 3
0, 22, 6, 3, 3
0, 22, 6, 3, 3
0, 22, 6, 3, 3
0, 22, 6, 7, 3
0, 22, 6, 7, 3
0, 22, 6, 7, 3
0, 22, 6, 7, 3
0, 22, 6, 7, 3
0, 22, 6, 7, 3
0, 22, 6, 7, 3
0, 22, 6, 7, 3
0, 22, 6, 7, 3
0, 22, 6, 7, 3
0, 22, 6, 9, 2
0, 22, 6, 9, 2
0, 40, 7, 4, 3
0, 40, 7, 4, 3
0, 40, 7, 4, 3
0, 40, 7, 4, 3
0, 40, 7, 4, 3
0, 40, 7, 4, 3
0, 40, 7, 4, 3
0, 40, 7, 4, 3
0, 40, 7, 4, 3
0, 40, 7, 4, 3
0, 40, 7, 6, 3
0, 40, 7, 6, 3
0, 40, 7, 6, 3
0, 40, 7, 6, 3
0, 40, 7, 6, 3
0, 40, 7, 6, 3
0, 40, 7, 6, 3
0, 40, 7, 6, 3
0, 40, 7, 6, 3
0, 40, 7, 6, 3
0, 40, 7, 8, 3
0, 40, 7, 8, 3
0, 40, 7, 8, 3
0, 40, 7, 8, 3
0, 40, 7, 8, 3
0, 40, 7, 8, 3
0, 40, 7, 8, 3
0, 40, 7, 8, 3
0, 40, 7, 8, 3
0, 40, 7, 8, 3
0, 40, 7, 10, 3
0, 40, 7, 10, 3
0, 40, 7, 10, 3
0, 40, 7, 10, 3
0, 40, 7, 10, 3
0, 40, 7, 10, 3
0, 40, 7, 10, 3
0, 40, 7, 10, 3
0, 40, 7, 10, 3
0, 40, 7, 10, 3
0, 30, 8, 5, 3
0, 30, 8, 5, 3
0, 30, 8, 5, 3
0, 30, 8, 5, 3
0, 30, 8, 5, 3
0, 30, 8, 5, 3
0, 30, 8, 5, 3
0, 30, 8, 5, 3
0, 30, 8, 5, 3
0, 30, 8, 5, 3
0, 30, 8, 7, 3
0, 30, 8, 7, 3
0, 30, 8, 7, 3
0, 30, 8, 7, 3
0, 30, 8, 7, 3
0, 30, 8, 7, 3
0, 30, 8, 7, 3
0, 30, 8, 7, 3
0, 30, 8, 7, 3
0, 30, 8, 7, 3
0, 30, 8, 11, 3
0, 30, 8, 11, 3
0, 30, 8, 11, 3
0, 30, 8, 11, 3
0, 30, 8, 11, 3
0, 30, 8, 11, 3
0, 30, 8, 11, 3
0, 30, 8, 11, 3
0, 30, 8, 11, 3
0, 30, 8, 11, 3
0, 4, 9, 6, 2
0, 4, 9, 6, 2
0, 4, 9, 10, 2
0, 4, 9, 10, 2
0, 22, 10, 7, 3
0, 22, 10, 7, 3
0, 22, 10, 7, 3
0, 22, 10, 7, 3
0, 22, 10, 7, 3
0, 22, 10, 7, 3
0, 22, 10, 7, 3
0, 22, 10, 7, 3
0, 22, 10, 7, 3
0, 22, 10, 7, 3
0, 22, 10, 9, 2
0, 22, 10, 9, 2
0, 22, 10, 11, 3
0, 22, 10, 11, 3
0, 22, 10, 11, 3
0, 22, 10, 11, 3
0, 22, 10, 11, 3
0, 22, 10, 11, 3
0, 22, 10, 11, 3
0, 22, 10, 11, 3
0, 22, 10, 11, 3
0, 22, 10, 11, 3
0, 20, 11, 8, 3
0, 20, 11, 8, 3
0, 20, 11, 8, 3
0, 20, 11, 8, 3
0, 20, 11, 8, 3
0, 20, 11, 8, 3
0, 20, 11, 8, 3
0, 20, 11, 8, 3
0, 20, 11, 8, 3
0, 20, 11, 8, 3
0, 20, 11, 10, 3
0, 20, 11, 10, 3
0, 20, 11, 10, 3
0, 20, 11, 10, 3
0, 20, 11, 10, 3
0, 20, 11, 10, 3
0, 20, 11, 10, 3
0, 20, 11, 10, 3
0, 20, 11, 10, 3
0, 20, 11, 10, 3
1, 2, 0, 1, 4
1, 2, 0, 1, 4
1, 4, 1, 0, 4
1, 4, 1, 0, 4
1, 4, 1, 2, 4
1, 4, 1, 2, 4
1, 4, 2, 1, 4
1, 4, 2, 1, 4
1, 4, 2, 3, 4
1, 4, 2, 3, 4
1, 2, 3, 2, 4
1, 2, 3, 2, 4
2, 2, 0, 1, 4
2, 2, 0, 1, 4
2, 4, 1, 0, 4
2, 4, 1, 0, 4
2, 4, 1, 2, 4
2, 4, 1, 2, 4
2, 4, 2, 1, 4
2, 4, 2, 1, 4
2, 4, 2, 3, 4
2, 4, 2, 3, 4
2, 2, 3, 2, 4
2, 2, 3, 2, 4
3, 2, 0, 1, 4
3, 2, 0, 1, 4
3, 4, 1, 0, 4
3, 4, 1, 0, 4
3, 4, 1, 2, 4
3, 4, 1, 2, 4
3, 4, 2, 1, 4
3, 4, 2, 1, 4
3, 4, 2, 3, 4
3, 4, 2, 3, 4
3, 2, 3, 2, 4
3, 2, 3, 2, 4
4, 3, 0, 1, 3
4, 3, 0, 1, 4
4, 3, 0, 1, 4
4, 5, 1, 0, 3
4, 5, 1, 0, 4
4, 5, 1, 0, 4
4, 5, 1, 2, 4
4, 5, 1, 2, 4
4, 4, 2, 1, 4
4, 4, 2, 1, 4
4, 4, 2, 3, 4
4, 4, 2, 3, 4
4, 2, 3, 2, 4
4, 2, 3, 2, 4
5, 3, 0, 1, 3
5, 3, 0, 1, 4
5, 3, 0, 1, 4
5, 5, 1, 0, 3
5, 5, 1, 0, 4
5, 5, 1, 0, 4
5, 5, 1, 2, 4
5, 5, 1, 2, 4
5, 4, 2, 1, 4
5, 4, 2, 1, 4
5, 4, 2, 3, 4
5, 4, 2, 3, 4
5, 2, 3, 2, 4
5, 2, 3, 2, 4
6, 3, 0, 1, 4
6, 3, 0, 1, 4
6, 3, 0, 1, 4
6, 6, 1, 0, 4
6, 6, 1, 0, 4
6, 6, 1, 0, 4
6, 6, 1, 2, 4
6, 6, 1, 2, 4
6, 6, 1, 2, 4
6, 6, 2, 1, 4
6, 6, 2, 1, 4
6, 6, 2, 1, 4
6, 6, 2, 3, 4
6, 6, 2, 3, 4
6, 6, 2, 3, 4
6, 3, 3, 2, 4
6, 3, 3, 2, 4
6, 3, 3, 2, 4
7, 3, 0, 1, 4
7, 3, 0, 1, 4
7, 3, 0, 1, 4
7, 6, 1, 0, 4
7, 6, 1, 0, 4
7, 6, 1, 0, 4
7, 6, 1, 2, 4
7, 6, 1, 2, 4
7, 6, 1, 2, 4
7, 6, 2, 1, 4
7, 6, 2, 1, 4
7, 6, 2, 1, 4
7, 6, 2, 3, 4
7, 6, 2, 3, 4
7, 6, 2, 3, 4
7, 3, 3, 2, 4
7, 3, 3, 2, 4
7, 3, 3, 2, 4
8, 3, 0, 1, 4
8, 3, 0, 1, 4
8, 3, 0, 1, 4
8, 6, 1, 0, 4
8, 6, 1, 0, 4
8, 6, 1, 0, 4
8, 6, 1, 2, 4
8, 6, 1, 2, 4
8, 6, 1, 2, 4
8, 6, 2, 1, 4
8, 6, 2, 1, 4
8, 6, 2, 1, 4
8, 6, 2, 3, 4
8, 6, 2, 3, 4
8, 6, 2, 3, 4
8, 3, 3, 2, 4
8, 3, 3, 2, 4
8, 3, 3, 2, 4
9, 3, 0, 1, 4
9, 3, 0, 1, 4
9, 3, 0, 1, 4
9, 6, 1, 0, 4
9, 6, 1, 0, 4
9, 6, 1, 0, 4
9, 6, 1, 2, 4
9, 6, 1, 2, 4
9, 6, 1, 2, 4
9, 6, 2, 1, 4
9, 6, 2, 1, 4
9, 6, 2, 1, 4
9, 6, 2, 3, 4
9, 6, 2, 3, 4
9, 6, 2, 3, 4
9, 3, 3, 2, 4
9, 3, 3, 2, 4
9, 3, 3, 2, 4
10, 4, 0, 1, 4
10, 4, 0, 1, 4
10, 4, 0, 1, 4
10, 4, 0, 1, 4
10, 8, 1, 0, 4
10, 8, 1, 0, 4
10, 8, 1, 0, 4
10, 8, 1, 0, 4
10, 8, 1, 2, 4
10, 8, 1, 2, 4
10, 8, 1, 2, 4
10, 8, 1, 2, 4
10, 8, 2, 1, 4
10, 8, 2, 1, 4
10, 8, 2, 1, 4
10, 8, 2, 1, 4
10, 8, 2, 3, 4
10, 8, 2, 3, 4
10, 8, 2, 3, 4
10, 8, 2, 3, 4
10, 4, 3, 2, 4
10, 4, 3, 2, 4
10, 4, 3, 2, 4
10, 4, 3, 2, 4
11, 4, 0, 1, 4
11, 4, 0, 1, 4
11, 4, 0, 1, 4
11, 4, 0, 1, 4
11, 8, 1, 0, 4
11, 8, 1, 0, 4
11, 8, 1, 0, 4
11, 8, 1, 0, 4
11, 8, 1, 2, 4
11, 8, 1, 2, 4
11, 8, 1, 2, 4
11, 8, 1, 2, 4
11, 8, 2, 1, 4
11, 8, 2, 1, 4
11, 8, 2, 1, 4
11, 8, 2, 1, 4
11, 8, 2, 3, 4
11, 8, 2, 3, 4
11, 8, 2, 3, 4
11, 8, 2, 3, 4
11, 4, 3, 2, 4
11, 4, 3, 2, 4
11, 4, 3, 2, 4
11, 4, 3, 2, 4
12, 91, 0, 1, 2
12, 91, 0, 1, 4
12, 91, 0, 1, 4
12, 91, 0, 1, 4
12, 91, 0, 1, 4
12, 91, 0, 1, 4
12, 91, 0, 1, 4
12, 91, 0, 1, 4
12, 91, 0, 1, 4
12, 91, 0, 1, 4
12, 91, 0, 1, 4
12, 91, 0, 1, 4
12, 91, 0, 1, 4
12, 91, 0, 1, 4
12, 91, 0, 1, 4
12, 91, 0, 1, 4
12, 91, 0, 1, 4
12, 91, 0, 1, 4
12, 91, 0, 1, 4
12, 91, 0, 1, 4
12, 91, 0, 1, 4
12, 91, 0, 1, 4
12, 91, 0, 1, 4
12, 91, 0, 1, 4
12, 91, 0, 1, 4
12, 91, 0, 1, 4
12, 91, 0, 1, 4
12, 91, 0, 1, 4
12, 91, 0, 1, 4
12, 91, 0, 1, 4
12, 91, 0, 1, 4
12, 91, 0, 1, 4
12, 91, 0, 1, 4
12, 91, 0, 1, 4
12, 91, 0, 1, 4
12, 91, 0, 1, 4
12, 91, 0, 1, 4
12, 91, 0, 1, 4
12, 91, 0, 1, 4
12, 91, 0, 1, 4
12, 91, 0, 1, 4
12, 91, 0, 1, 4
12, 91, 0, 1, 4
12, 91, 0, 1, 4
12, 91, 0, 1, 4
12, 91, 0, 1, 4
12, 91, 0, 1, 4
12, 91, 0, 1, 4
12, 91, 0, 1, 4
12, 91, 0, 1, 4
12, 91, 0, 1, 4
12, 91, 0, 1, 4
12, 91, 0, 1, 4
12, 91, 0, 1, 4
12, 91, 0, 1, 4
12, 91, 0, 1, 4
12, 91, 0, 1, 4
12, 91, 0, 1, 4
12, 91, 0, 1, 4
12, 91, 0, 1, 4
12, 91, 0, 1, 4
12, 91, 0, 1, 4
12, 91, 0, 1, 4
12, 91, 0, 1, 4
12, 91, 0, 1, 4
12, 91, 0, 1, 4
12, 91, 0, 1, 4
12, 91, 0, 1, 4
12, 91, 0, 1, 4
12, 91, 0, 1, 4
12, 91, 0, 1, 4
12, 91, 0, 1, 4
12, 91, 0, 1, 4
12, 91, 0, 1, 4
12, 91, 0, 1, 4
12, 91, 0, 1, 4
12, 91, 0, 1, 4
12, 91, 0, 1, 4
12, 91, 0, 1, 4
12, 91, 0, 1, 4
12, 91, 0, 1, 4
12, 91, 0, 1, 4
12, 91, 0, 1, 4
12, 91, 0, 1, 4
12, 91, 0, 1, 4
12, 91, 0, 1, 4
12, 91, 0, 1, 4
12, 91, 0, 1, 4
12, 91, 0, 1, 4
12, 91, 0, 1, 4
12, 91, 0, 1, 4
12, 91, 1, 0, 2
12, 91, 1, 0, 4
12, 91, 1, 0, 4
12, 91, 1, 0, 4
12, 91, 1, 0, 4
12, 91, 1, 0, 4
12, 91, 1, 0, 4
12, 91, 1, 0, 4
12, 91, 1, 0, 4
12, 91, 1, 0, 4
12, 91, 1, 0, 4
12, 91, 1, 0, 4
12, 91, 1, 0, 4
12, 91, 1, 0, 4
12, 91, 1, 0, 4
12, 91, 1, 0, 4
12, 91, 1, 0, 4
12, 91, 1, 0, 4
12, 91, 1, 0, 4
12, 91, 1, 0, 4
12, 91, 1, 0, 4
12, 91, 1, 0, 4
12, 91, 1, 0, 4
12, 91, 1, 0, 4
12, 91, 1, 0, 4
12, 91, 1, 0, 4
12, 91, 1, 0, 4
12, 91, 1, 0, 4
12, 91, 1, 0, 4
12, 91, 1, 0, 4
12, 91, 1, 0, 4
12, 91, 1, 0, 4
12, 91, 1, 0, 4
12, 91, 1, 0, 4
12, 91, 1, 0, 4
12, 91, 1, 0, 4
12, 91, 1, 0, 4
12, 91, 1, 0, 4
12, 91, 1, 0, 4
12, 91, 1, 0, 4
12, 91, 1, 0, 4
12, 91, 1, 0, 4
12, 91, 1, 0, 4
12, 91, 1, 0, 4
12, 91, 1, 0, 4
12, 91, 1, 0, 4
12, 91, 1, 0, 4
12, 91, 1, 0, 4
12, 91, 1, 0, 4
12, 91, 1, 0, 4
12, 91, 1, 0, 4
12, 91, 1, 0, 4
12, 91, 1, 0, 4
12, 91, 1, 0, 4
12, 91, 1, 0, 4
12, 91, 1, 0, 4
12, 91, 1, 0, 4
12, 91, 1, 0, 4
12, 91, 1, 0, 4
12, 91, 1, 0, 4
12, 91, 1, 0, 4
12, 91, 1, 0, 4
12, 91, 1, 0, 4
12, 91, 1, 0, 4
12, 91, 1, 0, 4
12, 91, 1, 0, 4
12, 91, 1, 0, 4
12, 91, 1, 0, 4
12, 91, 1, 0, 4
12, 91, 1, 0, 4
12, 91, 1, 0, 4
12, 91, 1, 0, 4
12, 91, 1, 0, 4
12, 91, 1, 0, 4
12, 91, 1, 0, 4
12, 91, 1, 0, 4
12, 91, 1, 0, 4
12, 91, 1, 0, 4
12, 91, 1, 0, 4
12, 91, 1, 0, 4
12, 91, 1, 0, 4
12, 91, 1, 0, 4
12, 91, 1, 0, 4
12, 91, 1, 0, 4
12, 91, 1, 0, 4
12, 91, 1, 0, 4
12, 91, 1, 0, 4
12, 91, 1, 0, 4
12, 91, 1, 0, 4
12, 91, 1, 0, 4
12, 91, 1, 0, 4
Goal
1
2
3
4
5
6
7
8
9
10
11
12
