CG
100
0, 19, 93, 1
0, 19, 94, 1
0, 19, 80, 1
0, 19, 95, 1
0, 19, 81, 1
0, 19, 82, 1
0, 19, 96, 1
0, 19, 90, 3
0, 19, 91, 3
0, 19, 87, 3
0, 19, 92, 3
0, 19, 88, 3
0, 19, 89, 3
0, 19, 56, 1
0, 19, 57, 1
0, 19, 58, 1
0, 19, 59, 1
0, 19, 60, 1
0, 19, 61, 1
1, 19, 93, 1
1, 19, 94, 1
1, 19, 80, 1
1, 19, 95, 1
1, 19, 81, 1
1, 19, 82, 1
1, 19, 96, 1
1, 19, 90, 3
1, 19, 91, 3
1, 19, 87, 3
1, 19, 92, 3
1, 19, 88, 3
1, 19, 89, 3
1, 19, 62, 1
1, 19, 63, 1
1, 19, 64, 1
1, 19, 65, 1
1, 19, 66, 1
1, 19, 67, 1
2, 19, 93, 1
2, 19, 94, 1
2, 19, 80, 1
2, 19, 95, 1
2, 19, 81, 1
2, 19, 82, 1
2, 19, 96, 1
2, 19, 90, 3
2, 19, 91, 3
2, 19, 87, 3
2, 19, 92, 3
2, 19, 88, 3
2, 19, 89, 3
2, 19, 68, 1
2, 19, 69, 1
2, 19, 70, 1
2, 19, 71, 1
2, 19, 72, 1
2, 19, 73, 1
3, 19, 93, 1
3, 19, 94, 1
3, 19, 80, 1
3, 19, 95, 1
3, 19, 81, 1
3, 19, 82, 1
3, 19, 96, 1
3, 19, 90, 3
3, 19, 91, 3
3, 19, 87, 3
3, 19, 92, 3
3, 19, 88, 3
3, 19, 89, 3
3, 19, 74, 1
3, 19, 75, 1
3, 19, 76, 1
3, 19, 77, 1
3, 19, 78, 1
3, 19, 79, 1
4, 19, 93, 1
4, 19, 94, 1
4, 19, 80, 1
4, 19, 95, 1
4, 19, 81, 1
4, 19, 82, 1
4, 19, 96, 1
4, 19, 90, 3
4, 19, 91, 3
4, 19, 87, 3
4, 19, 92, 3
4, 19, 88, 3
4, 19, 89, 3
4, 19, 56, 1
4, 19, 57, 1
4, 19, 58, 1
4, 19, 59, 1
4, 19, 60, 1
4, 19, 61, 1
5, 19, 93, 1
5, 19, 94, 1
5, 19, 80, 1
5, 19, 95, 1
5, 19, 81, 1
5, 19, 82, 1
5, 19, 96, 1
5, 19, 90, 3
5, 19, 91, 3
5, 19, 87, 3
5, 19, 92, 3
5, 19, 88, 3
5, 19, 89, 3
5, 19, 62, 1
5, 19, 63, 1
5, 19, 64, 1
5, 19, 65, 1
5, 19, 66, 1
5, 19, 67, 1
6, 19, 93, 1
6, 19, 94, 1
6, 19, 80, 1
6, 19, 95, 1
6, 19, 81, 1
6, 19, 82, 1
6, 19, 96, 1
6, 19, 90, 3
6, 19, 91, 3
6, 19, 87, 3
6, 19, 92, 3
6, 19, 88, 3
6, 19, 89, 3
6, 19, 68, 1
6, 19, 69, 1
6, 19, 70, 1
6, 19, 71, 1
6, 19, 72, 1
6, 19, 73, 1
7, 19, 93, 1
7, 19, 94, 1
7, 19, 80, 1
7, 19, 95, 1
7, 19, 81, 1
7, 19, 82, 1
7, 19, 96, 1
7, 19, 90, 3
7, 19, 91, 3
7, 19, 87, 3
7, 19, 92, 3
7, 19, 88, 3
7, 19, 89, 3
7, 19, 74, 1
7, 19, 75, 1
7, 19, 76, 1
7, 19, 77, 1
7, 19, 78, 1
7, 19, 79, 1
8, 19, 93, 1
8, 19, 94, 1
8, 19, 80, 1
8, 19, 95, 1
8, 19, 81, 1
8, 19, 82, 1
8, 19, 96, 1
8, 19, 90, 3
8, 19, 91, 3
8, 19, 87, 3
8, 19, 92, 3
8, 19, 88, 3
8, 19, 89, 3
8, 19, 56, 1
8, 19, 57, 1
8, 19, 58, 1
8, 19, 59, 1
8, 19, 60, 1
8, 19, 61, 1
9, 19, 93, 1
9, 19, 94, 1
9, 19, 80, 1
9, 19, 95, 1
9, 19, 81, 1
9, 19, 82, 1
9, 19, 96, 1
9, 19, 90, 3
9, 19, 91, 3
9, 19, 87, 3
9, 19, 92, 3
9, 19, 88, 3
9, 19, 89, 3
9, 19, 62, 1
9, 19, 63, 1
9, 19, 64, 1
9, 19, 65, 1
9, 19, 66, 1
9, 19, 67, 1
10, 19, 93, 1
10, 19, 94, 1
10, 19, 80, 1
10, 19, 95, 1
10, 19, 81, 1
10, 19, 82, 1
10, 19, 96, 1
10, 19, 90, 3
10, 19, 91, 3
10, 19, 87, 3
10, 19, 92, 3
10, 19, 88, 3
10, 19, 89, 3
10, 19, 68, 1
10, 19, 69, 1
10, 19, 70, 1
10, 19, 71, 1
10, 19, 72, 1
10, 19, 73, 1
11, 19, 93, 1
11, 19, 94, 1
11, 19, 80, 1
11, 19, 95, 1
11, 19, 81, 1
11, 19, 82, 1
11, 19, 96, 1
11, 19, 90, 3
11, 19, 91, 3
11, 19, 87, 3
11, 19, 92, 3
11, 19, 88, 3
11, 19, 89, 3
11, 19, 74, 1
11, 19, 75, 1
11, 19, 76, 1
11, 19, 77, 1
11, 19, 78, 1
11, 19, 79, 1
12, 19, 93, 1
12, 19, 94, 1
12, 19, 80, 1
12, 19, 95, 1
12, 19, 81, 1
12, 19, 82, 1
12, 19, 96, 1
12, 19, 90, 3
12, 19, 91, 3
12, 19, 87, 3
12, 19, 92, 3
12, 19, 88, 3
12, 19, 89, 3
12, 19, 56, 1
12, 19, 57, 1
12, 19, 58, 1
12, 19, 59, 1
12, 19, 60, 1
12, 19, 61, 1
13, 19, 93, 1
13, 19, 94, 1
13, 19, 80, 1
13, 19, 95, 1
13, 19, 81, 1
13, 19, 82, 1
13, 19, 96, 1
13, 19, 90, 3
13, 19, 91, 3
13, 19, 87, 3
13, 19, 92, 3
13, 19, 88, 3
13, 19, 89, 3
13, 19, 62, 1
13, 19, 63, 1
13, 19, 64, 1
13, 19, 65, 1
13, 19, 66, 1
13, 19, 67, 1
14, 19, 93, 1
14, 19, 94, 1
14, 19, 80, 1
14, 19, 95, 1
14, 19, 81, 1
14, 19, 82, 1
14, 19, 96, 1
14, 19, 90, 3
14, 19, 91, 3
14, 19, 87, 3
14, 19, 92, 3
14, 19, 88, 3
14, 19, 89, 3
14, 19, 68, 1
14, 19, 69, 1
14, 19, 70, 1
14, 19, 71, 1
14, 19, 72, 1
14, 19, 73, 1
15, 19, 93, 1
15, 19, 94, 1
15, 19, 80, 1
15, 19, 95, 1
15, 19, 81, 1
15, 19, 82, 1
15, 19, 96, 1
15, 19, 90, 3
15, 19, 91, 3
15, 19, 87, 3
15, 19, 92, 3
15, 19, 88, 3
15, 19, 89, 3
15, 19, 74, 1
15, 19, 75, 1
15, 19, 76, 1
15, 19, 77, 1
15, 19, 78, 1
15, 19, 79, 1
16, 19, 93, 1
16, 19, 94, 1
16, 19, 80, 1
16, 19, 95, 1
16, 19, 81, 1
16, 19, 82, 1
16, 19, 96, 1
16, 19, 90, 3
16, 19, 91, 3
16, 19, 87, 3
16, 19, 92, 3
16, 19, 88, 3
16, 19, 89, 3
16, 19, 56, 1
16, 19, 57, 1
16, 19, 58, 1
16, 19, 59, 1
16, 19, 60, 1
16, 19, 61, 1
17, 19, 93, 1
17, 19, 94, 1
17, 19, 80, 1
17, 19, 95, 1
17, 19, 81, 1
17, 19, 82, 1
17, 19, 96, 1
17, 19, 90, 3
17, 19, 91, 3
17, 19, 87, 3
17, 19, 92, 3
17, 19, 88, 3
17, 19, 89, 3
17, 19, 62, 1
17, 19, 63, 1
17, 19, 64, 1
17, 19, 65, 1
17, 19, 66, 1
17, 19, 67, 1
18, 19, 93, 1
18, 19, 94, 1
18, 19, 80, 1
18, 19, 95, 1
18, 19, 81, 1
18, 19, 82, 1
18, 19, 96, 1
18, 19, 90, 3
18, 19, 91, 3
18, 19, 87, 3
18, 19, 92, 3
18, 19, 88, 3
18, 19, 89, 3
18, 19, 68, 1
18, 19, 69, 1
18, 19, 70, 1
18, 19, 71, 1
18, 19, 72, 1
18, 19, 73, 1
19, 19, 93, 1
19, 19, 94, 1
19, 19, 80, 1
19, 19, 95, 1
19, 19, 81, 1
19, 19, 82, 1
19, 19, 96, 1
19, 19, 90, 3
19, 19, 91, 3
19, 19, 87, 3
19, 19, 92, 3
19, 19, 88, 3
19, 19, 89, 3
19, 19, 74, 1
19, 19, 75, 1
19, 19, 76, 1
19, 19, 77, 1
19, 19, 78, 1
19, 19, 79, 1
20, 19, 93, 1
20, 19, 94, 1
20, 19, 80, 1
20, 19, 95, 1
20, 19, 81, 1
20, 19, 82, 1
20, 19, 96, 1
20, 19, 90, 3
20, 19, 91, 3
20, 19, 87, 3
20, 19, 92, 3
20, 19, 88, 3
20, 19, 89, 3
20, 19, 56, 1
20, 19, 57, 1
20, 19, 58, 1
20, 19, 59, 1
20, 19, 60, 1
20, 19, 61, 1
21, 19, 93, 1
21, 19, 94, 1
21, 19, 80, 1
21, 19, 95, 1
21, 19, 81, 1
21, 19, 82, 1
21, 19, 96, 1
21, 19, 90, 3
21, 19, 91, 3
21, 19, 87, 3
21, 19, 92, 3
21, 19, 88, 3
21, 19, 89, 3
21, 19, 62, 1
21, 19, 63, 1
21, 19, 64, 1
21, 19, 65, 1
21, 19, 66, 1
21, 19, 67, 1
22, 19, 93, 1
22, 19, 94, 1
22, 19, 80, 1
22, 19, 95, 1
22, 19, 81, 1
22, 19, 82, 1
22, 19, 96, 1
22, 19, 90, 3
22, 19, 91, 3
22, 19, 87, 3
22, 19, 92, 3
22, 19, 88, 3
22, 19, 89, 3
22, 19, 68, 1
22, 19, 69, 1
22, 19, 70, 1
22, 19, 71, 1
22, 19, 72, 1
22, 19, 73, 1
23, 19, 93, 1
23, 19, 94, 1
23, 19, 80, 1
23, 19, 95, 1
23, 19, 81, 1
23, 19, 82, 1
23, 19, 96, 1
23, 19, 90, 3
23, 19, 91, 3
23, 19, 87, 3
23, 19, 92, 3
23, 19, 88, 3
23, 19, 89, 3
23, 19, 74, 1
23, 19, 75, 1
23, 19, 76, 1
23, 19, 77, 1
23, 19, 78, 1
23, 19, 79, 1
24, 19, 93, 1
24, 19, 94, 1
24, 19, 80, 1
24, 19, 95, 1
24, 19, 81, 1
24, 19, 82, 1
24, 19, 96, 1
24, 19, 90, 3
24, 19, 91, 3
24, 19, 87, 3
24, 19, 92, 3
24, 19, 88, 3
24, 19, 89, 3
24, 19, 56, 1
24, 19, 57, 1
24, 19, 58, 1
24, 19, 59, 1
24, 19, 60, 1
24, 19, 61, 1
25, 19, 93, 1
25, 19, 94, 1
25, 19, 80, 1
25, 19, 95, 1
25, 19, 81, 1
25, 19, 82, 1
25, 19, 96, 1
25, 19, 90, 3
25, 19, 91, 3
25, 19, 87, 3
25, 19, 92, 3
25, 19, 88, 3
25, 19, 89, 3
25, 19, 62, 1
25, 19, 63, 1
25, 19, 64, 1
25, 19, 65, 1
25, 19, 66, 1
25, 19, 67, 1
26, 19, 93, 1
26, 19, 94, 1
26, 19, 80, 1
26, 19, 95, 1
26, 19, 81, 1
26, 19, 82, 1
26, 19, 96, 1
26, 19, 90, 3
26, 19, 91, 3
26, 19, 87, 3
26, 19, 92, 3
26, 19, 88, 3
26, 19, 89, 3
26, 19, 68, 1
26, 19, 69, 1
26, 19, 70, 1
26, 19, 71, 1
26, 19, 72, 1
26, 19, 73, 1
27, 19, 93, 1
27, 19, 94, 1
27, 19, 80, 1
27, 19, 95, 1
27, 19, 81, 1
27, 19, 82, 1
27, 19, 96, 1
27, 19, 90, 3
27, 19, 91, 3
27, 19, 87, 3
27, 19, 92, 3
27, 19, 88, 3
27, 19, 89, 3
27, 19, 74, 1
27, 19, 75, 1
27, 19, 76, 1
27, 19, 77, 1
27, 19, 78, 1
27, 19, 79, 1
28, 19, 93, 1
28, 19, 94, 1
28, 19, 80, 1
28, 19, 95, 1
28, 19, 81, 1
28, 19, 82, 1
28, 19, 96, 1
28, 19, 90, 3
28, 19, 91, 3
28, 19, 87, 3
28, 19, 92, 3
28, 19, 88, 3
28, 19, 89, 3
28, 19, 56, 1
28, 19, 57, 1
28, 19, 58, 1
28, 19, 59, 1
28, 19, 60, 1
28, 19, 61, 1
29, 19, 93, 1
29, 19, 94, 1
29, 19, 80, 1
29, 19, 95, 1
29, 19, 81, 1
29, 19, 82, 1
29, 19, 96, 1
29, 19, 90, 3
29, 19, 91, 3
29, 19, 87, 3
29, 19, 92, 3
29, 19, 88, 3
29, 19, 89, 3
29, 19, 62, 1
29, 19, 63, 1
29, 19, 64, 1
29, 19, 65, 1
29, 19, 66, 1
29, 19, 67, 1
30, 19, 93, 1
30, 19, 94, 1
30, 19, 80, 1
30, 19, 95, 1
30, 19, 81, 1
30, 19, 82, 1
30, 19, 96, 1
30, 19, 90, 3
30, 19, 91, 3
30, 19, 87, 3
30, 19, 92, 3
30, 19, 88, 3
30, 19, 89, 3
30, 19, 68, 1
30, 19, 69, 1
30, 19, 70, 1
30, 19, 71, 1
30, 19, 72, 1
30, 19, 73, 1
31, 19, 93, 1
31, 19, 94, 1
31, 19, 80, 1
31, 19, 95, 1
31, 19, 81, 1
31, 19, 82, 1
31, 19, 96, 1
31, 19, 90, 3
31, 19, 91, 3
31, 19, 87, 3
31, 19, 92, 3
31, 19, 88, 3
31, 19, 89, 3
31, 19, 74, 1
31, 19, 75, 1
31, 19, 76, 1
31, 19, 77, 1
31, 19, 78, 1
31, 19, 79, 1
32, 19, 93, 1
32, 19, 94, 1
32, 19, 80, 1
32, 19, 95, 1
32, 19, 81, 1
32, 19, 82, 1
32, 19, 96, 1
32, 19, 90, 3
32, 19, 91, 3
32, 19, 87, 3
32, 19, 92, 3
32, 19, 88, 3
32, 19, 89, 3
32, 19, 56, 1
32, 19, 57, 1
32, 19, 58, 1
32, 19, 59, 1
32, 19, 60, 1
32, 19, 61, 1
33, 19, 93, 1
33, 19, 94, 1
33, 19, 80, 1
33, 19, 95, 1
33, 19, 81, 1
33, 19, 82, 1
33, 19, 96, 1
33, 19, 90, 3
33, 19, 91, 3
33, 19, 87, 3
33, 19, 92, 3
33, 19, 88, 3
33, 19, 89, 3
33, 19, 62, 1
33, 19, 63, 1
33, 19, 64, 1
33, 19, 65, 1
33, 19, 66, 1
33, 19, 67, 1
34, 19, 93, 1
34, 19, 94, 1
34, 19, 80, 1
34, 19, 95, 1
34, 19, 81, 1
34, 19, 82, 1
34, 19, 96, 1
34, 19, 90, 3
34, 19, 91, 3
34, 19, 87, 3
34, 19, 92, 3
34, 19, 88, 3
34, 19, 89, 3
34, 19, 68, 1
34, 19, 69, 1
34, 19, 70, 1
34, 19, 71, 1
34, 19, 72, 1
34, 19, 73, 1
35, 19, 93, 1
35, 19, 94, 1
35, 19, 80, 1
35, 19, 95, 1
35, 19, 81, 1
35, 19, 82, 1
35, 19, 96, 1
35, 19, 90, 3
35, 19, 91, 3
35, 19, 87, 3
35, 19, 92, 3
35, 19, 88, 3
35, 19, 89, 3
35, 19, 74, 1
35, 19, 75, 1
35, 19, 76, 1
35, 19, 77, 1
35, 19, 78, 1
35, 19, 79, 1
36, 19, 93, 1
36, 19, 94, 1
36, 19, 80, 1
36, 19, 95, 1
36, 19, 81, 1
36, 19, 82, 1
36, 19, 96, 1
36, 19, 90, 3
36, 19, 91, 3
36, 19, 87, 3
36, 19, 92, 3
36, 19, 88, 3
36, 19, 89, 3
36, 19, 56, 1
36, 19, 57, 1
36, 19, 58, 1
36, 19, 59, 1
36, 19, 60, 1
36, 19, 61, 1
37, 19, 93, 1
37, 19, 94, 1
37, 19, 80, 1
37, 19, 95, 1
37, 19, 81, 1
37, 19, 82, 1
37, 19, 96, 1
37, 19, 90, 3
37, 19, 91, 3
37, 19, 87, 3
37, 19, 92, 3
37, 19, 88, 3
37, 19, 89, 3
37, 19, 62, 1
37, 19, 63, 1
37, 19, 64, 1
37, 19, 65, 1
37, 19, 66, 1
37, 19, 67, 1
38, 19, 93, 1
38, 19, 94, 1
38, 19, 80, 1
38, 19, 95, 1
38, 19, 81, 1
38, 19, 82, 1
38, 19, 96, 1
38, 19, 90, 3
38, 19, 91, 3
38, 19, 87, 3
38, 19, 92, 3
38, 19, 88, 3
38, 19, 89, 3
38, 19, 68, 1
38, 19, 69, 1
38, 19, 70, 1
38, 19, 71, 1
38, 19, 72, 1
38, 19, 73, 1
39, 19, 93, 1
39, 19, 94, 1
39, 19, 80, 1
39, 19, 95, 1
39, 19, 81, 1
39, 19, 82, 1
39, 19, 96, 1
39, 19, 90, 3
39, 19, 91, 3
39, 19, 87, 3
39, 19, 92, 3
39, 19, 88, 3
39, 19, 89, 3
39, 19, 74, 1
39, 19, 75, 1
39, 19, 76, 1
39, 19, 77, 1
39, 19, 78, 1
39, 19, 79, 1
40, 19, 93, 1
40, 19, 94, 1
40, 19, 80, 1
40, 19, 95, 1
40, 19, 81, 1
40, 19, 82, 1
40, 19, 96, 1
40, 19, 90, 3
40, 19, 91, 3
40, 19, 87, 3
40, 19, 92, 3
40, 19, 88, 3
40, 19, 89, 3
40, 19, 56, 1
40, 19, 57, 1
40, 19, 58, 1
40, 19, 59, 1
40, 19, 60, 1
40, 19, 61, 1
41, 19, 93, 1
41, 19, 94, 1
41, 19, 80, 1
41, 19, 95, 1
41, 19, 81, 1
41, 19, 82, 1
41, 19, 96, 1
41, 19, 90, 3
41, 19, 91, 3
41, 19, 87, 3
41, 19, 92, 3
41, 19, 88, 3
41, 19, 89, 3
41, 19, 62, 1
41, 19, 63, 1
41, 19, 64, 1
41, 19, 65, 1
41, 19, 66, 1
41, 19, 67, 1
42, 19, 93, 1
42, 19, 94, 1
42, 19, 80, 1
42, 19, 95, 1
42, 19, 81, 1
42, 19, 82, 1
42, 19, 96, 1
42, 19, 90, 3
42, 19, 91, 3
42, 19, 87, 3
42, 19, 92, 3
42, 19, 88, 3
42, 19, 89, 3
42, 19, 68, 1
42, 19, 69, 1
42, 19, 70, 1
42, 19, 71, 1
42, 19, 72, 1
42, 19, 73, 1
43, 19, 93, 1
43, 19, 94, 1
43, 19, 80, 1
43, 19, 95, 1
43, 19, 81, 1
43, 19, 82, 1
43, 19, 96, 1
43, 19, 90, 3
43, 19, 91, 3
43, 19, 87, 3
43, 19, 92, 3
43, 19, 88, 3
43, 19, 89, 3
43, 19, 74, 1
43, 19, 75, 1
43, 19, 76, 1
43, 19, 77, 1
43, 19, 78, 1
43, 19, 79, 1
44, 19, 93, 1
44, 19, 94, 1
44, 19, 80, 1
44, 19, 95, 1
44, 19, 81, 1
44, 19, 82, 1
44, 19, 96, 1
44, 19, 90, 3
44, 19, 91, 3
44, 19, 87, 3
44, 19, 92, 3
44, 19, 88, 3
44, 19, 89, 3
44, 19, 56, 1
44, 19, 57, 1
44, 19, 58, 1
44, 19, 59, 1
44, 19, 60, 1
44, 19, 61, 1
45, 19, 93, 1
45, 19, 94, 1
45, 19, 80, 1
45, 19, 95, 1
45, 19, 81, 1
45, 19, 82, 1
45, 19, 96, 1
45, 19, 90, 3
45, 19, 91, 3
45, 19, 87, 3
45, 19, 92, 3
45, 19, 88, 3
45, 19, 89, 3
45, 19, 62, 1
45, 19, 63, 1
45, 19, 64, 1
45, 19, 65, 1
45, 19, 66, 1
45, 19, 67, 1
46, 19, 93, 1
46, 19, 94, 1
46, 19, 80, 1
46, 19, 95, 1
46, 19, 81, 1
46, 19, 82, 1
46, 19, 96, 1
46, 19, 90, 3
46, 19, 91, 3
46, 19, 87, 3
46, 19, 92, 3
46, 19, 88, 3
46, 19, 89, 3
46, 19, 68, 1
46, 19, 69, 1
46, 19, 70, 1
46, 19, 71, 1
46, 19, 72, 1
46, 19, 73, 1
47, 19, 93, 1
47, 19, 94, 1
47, 19, 80, 1
47, 19, 95, 1
47, 19, 81, 1
47, 19, 82, 1
47, 19, 96, 1
47, 19, 90, 3
47, 19, 91, 3
47, 19, 87, 3
47, 19, 92, 3
47, 19, 88, 3
47, 19, 89, 3
47, 19, 74, 1
47, 19, 75, 1
47, 19, 76, 1
47, 19, 77, 1
47, 19, 78, 1
47, 19, 79, 1
48, 30, 93, 24
48, 30, 94, 24
48, 30, 80, 24
48, 30, 95, 24
48, 30, 81, 24
48, 30, 82, 24
48, 30, 83, 36
48, 30, 86, 36
48, 30, 84, 36
48, 30, 85, 36
48, 30, 0, 1
48, 30, 4, 1
48, 30, 8, 1
48, 30, 12, 1
48, 30, 16, 1
48, 30, 20, 1
48, 30, 24, 1
48, 30, 28, 1
48, 30, 32, 1
48, 30, 36, 1
48, 30, 40, 1
48, 30, 44, 1
48, 30, 96, 12
48, 30, 49, 24
48, 30, 56, 24
48, 30, 57, 24
48, 30, 58, 24
48, 30, 59, 24
48, 30, 60, 24
48, 30, 61, 24
49, 30, 93, 24
49, 30, 94, 24
49, 30, 80, 24
49, 30, 95, 24
49, 30, 81, 24
49, 30, 82, 24
49, 30, 83, 36
49, 30, 86, 36
49, 30, 84, 36
49, 30, 85, 36
49, 30, 0, 1
49, 30, 4, 1
49, 30, 8, 1
49, 30, 12, 1
49, 30, 16, 1
49, 30, 20, 1
49, 30, 24, 1
49, 30, 28, 1
49, 30, 32, 1
49, 30, 36, 1
49, 30, 40, 1
49, 30, 44, 1
49, 30, 96, 12
49, 30, 56, 24
49, 30, 57, 24
49, 30, 58, 24
49, 30, 59, 24
49, 30, 60, 24
49, 30, 61, 24
49, 30, 48, 12
50, 30, 93, 24
50, 30, 94, 24
50, 30, 80, 24
50, 30, 95, 24
50, 30, 81, 24
50, 30, 82, 24
50, 30, 83, 36
50, 30, 86, 36
50, 30, 84, 36
50, 30, 85, 36
50, 30, 1, 1
50, 30, 5, 1
50, 30, 9, 1
50, 30, 13, 1
50, 30, 17, 1
50, 30, 21, 1
50, 30, 25, 1
50, 30, 29, 1
50, 30, 33, 1
50, 30, 37, 1
50, 30, 41, 1
50, 30, 45, 1
50, 30, 96, 12
50, 30, 51, 24
50, 30, 62, 24
50, 30, 63, 24
50, 30, 64, 24
50, 30, 65, 24
50, 30, 66, 24
50, 30, 67, 24
51, 30, 93, 24
51, 30, 94, 24
51, 30, 80, 24
51, 30, 95, 24
51, 30, 81, 24
51, 30, 82, 24
51, 30, 83, 36
51, 30, 86, 36
51, 30, 84, 36
51, 30, 85, 36
51, 30, 1, 1
51, 30, 5, 1
51, 30, 9, 1
51, 30, 13, 1
51, 30, 17, 1
51, 30, 21, 1
51, 30, 25, 1
51, 30, 29, 1
51, 30, 33, 1
51, 30, 37, 1
51, 30, 41, 1
51, 30, 45, 1
51, 30, 96, 12
51, 30, 62, 24
51, 30, 63, 24
51, 30, 64, 24
51, 30, 65, 24
51, 30, 66, 24
51, 30, 67, 24
51, 30, 50, 12
52, 30, 93, 24
52, 30, 94, 24
52, 30, 80, 24
52, 30, 95, 24
52, 30, 81, 24
52, 30, 82, 24
52, 30, 83, 36
52, 30, 86, 36
52, 30, 84, 36
52, 30, 85, 36
52, 30, 2, 1
52, 30, 6, 1
52, 30, 10, 1
52, 30, 14, 1
52, 30, 18, 1
52, 30, 22, 1
52, 30, 26, 1
52, 30, 30, 1
52, 30, 34, 1
52, 30, 38, 1
52, 30, 42, 1
52, 30, 46, 1
52, 30, 96, 12
52, 30, 53, 24
52, 30, 68, 24
52, 30, 69, 24
52, 30, 70, 24
52, 30, 71, 24
52, 30, 72, 24
52, 30, 73, 24
53, 30, 93, 24
53, 30, 94, 24
53, 30, 80, 24
53, 30, 95, 24
53, 30, 81, 24
53, 30, 82, 24
53, 30, 83, 36
53, 30, 86, 36
53, 30, 84, 36
53, 30, 85, 36
53, 30, 2, 1
53, 30, 6, 1
53, 30, 10, 1
53, 30, 14, 1
53, 30, 18, 1
53, 30, 22, 1
53, 30, 26, 1
53, 30, 30, 1
53, 30, 34, 1
53, 30, 38, 1
53, 30, 42, 1
53, 30, 46, 1
53, 30, 96, 12
53, 30, 68, 24
53, 30, 69, 24
53, 30, 70, 24
53, 30, 71, 24
53, 30, 72, 24
53, 30, 73, 24
53, 30, 52, 12
54, 30, 93, 24
54, 30, 94, 24
54, 30, 80, 24
54, 30, 95, 24
54, 30, 81, 24
54, 30, 82, 24
54, 30, 83, 36
54, 30, 86, 36
54, 30, 84, 36
54, 30, 85, 36
54, 30, 3, 1
54, 30, 7, 1
54, 30, 11, 1
54, 30, 15, 1
54, 30, 19, 1
54, 30, 23, 1
54, 30, 27, 1
54, 30, 31, 1
54, 30, 35, 1
54, 30, 39, 1
54, 30, 43, 1
54, 30, 47, 1
54, 30, 96, 12
54, 30, 55, 24
54, 30, 74, 24
54, 30, 75, 24
54, 30, 76, 24
54, 30, 77, 24
54, 30, 78, 24
54, 30, 79, 24
55, 30, 93, 24
55, 30, 94, 24
55, 30, 80, 24
55, 30, 95, 24
55, 30, 81, 24
55, 30, 82, 24
55, 30, 83, 36
55, 30, 86, 36
55, 30, 84, 36
55, 30, 85, 36
55, 30, 3, 1
55, 30, 7, 1
55, 30, 11, 1
55, 30, 15, 1
55, 30, 19, 1
55, 30, 23, 1
55, 30, 27, 1
55, 30, 31, 1
55, 30, 35, 1
55, 30, 39, 1
55, 30, 43, 1
55, 30, 47, 1
55, 30, 96, 12
55, 30, 74, 24
55, 30, 75, 24
55, 30, 76, 24
55, 30, 77, 24
55, 30, 78, 24
55, 30, 79, 24
55, 30, 54, 12
56, 1, 90, 12
57, 1, 91, 12
58, 1, 87, 12
59, 1, 92, 12
60, 1, 88, 12
61, 1, 89, 12
62, 1, 90, 12
63, 1, 91, 12
64, 1, 87, 12
65, 1, 92, 12
66, 1, 88, 12
67, 1, 89, 12
68, 1, 90, 12
69, 1, 91, 12
70, 1, 87, 12
71, 1, 92, 12
72, 1, 88, 12
73, 1, 89, 12
74, 1, 90, 12
75, 1, 91, 12
76, 1, 87, 12
77, 1, 92, 12
78, 1, 88, 12
79, 1, 89, 12
80, 10, -1, 1
80, 10, -1, 1
80, 10, 99, 1
80, 10, 83, 25
80, 10, 86, 26
80, 10, 84, 25
80, 10, 85, 25
80, 10, 87, 48
80, 10, 58, 36
80, 10, 64, 36
80, 10, 70, 36
80, 10, 76, 36
81, 10, -1, 1
81, 10, -1, 1
81, 10, 98, 1
81, 10, 83, 25
81, 10, 86, 26
81, 10, 84, 25
81, 10, 85, 25
81, 10, 88, 48
81, 10, 60, 36
81, 10, 66, 36
81, 10, 72, 36
81, 10, 78, 36
82, 10, -1, 1
82, 10, -1, 1
82, 10, 97, 1
82, 10, 83, 25
82, 10, 86, 26
82, 10, 84, 25
82, 10, 85, 25
82, 10, 89, 48
82, 10, 61, 36
82, 10, 67, 36
82, 10, 73, 36
82, 10, 79, 36
83, 38, 93, 12
83, 38, 94, 12
83, 38, 80, 12
83, 38, 95, 12
83, 38, 81, 12
83, 38, 82, 12
83, 38, 49, 3
83, 38, 51, 3
83, 38, 53, 3
83, 38, 55, 3
83, 38, 56, 3
83, 38, 62, 3
83, 38, 68, 3
83, 38, 74, 3
83, 38, 57, 3
83, 38, 63, 3
83, 38, 69, 3
83, 38, 75, 3
83, 38, 58, 3
83, 38, 64, 3
83, 38, 70, 3
83, 38, 76, 3
83, 38, 59, 3
83, 38, 65, 3
83, 38, 71, 3
83, 38, 77, 3
83, 38, 60, 3
83, 38, 66, 3
83, 38, 72, 3
83, 38, 78, 3
83, 38, 61, 3
83, 38, 67, 3
83, 38, 73, 3
83, 38, 79, 3
83, 38, 48, 3
83, 38, 50, 3
83, 38, 52, 3
83, 38, 54, 3
84, 38, 93, 12
84, 38, 94, 12
84, 38, 80, 12
84, 38, 95, 12
84, 38, 81, 12
84, 38, 82, 12
84, 38, 49, 3
84, 38, 51, 3
84, 38, 53, 3
84, 38, 55, 3
84, 38, 56, 3
84, 38, 62, 3
84, 38, 68, 3
84, 38, 74, 3
84, 38, 57, 3
84, 38, 63, 3
84, 38, 69, 3
84, 38, 75, 3
84, 38, 58, 3
84, 38, 64, 3
84, 38, 70, 3
84, 38, 76, 3
84, 38, 59, 3
84, 38, 65, 3
84, 38, 71, 3
84, 38, 77, 3
84, 38, 60, 3
84, 38, 66, 3
84, 38, 72, 3
84, 38, 78, 3
84, 38, 61, 3
84, 38, 67, 3
84, 38, 73, 3
84, 38, 79, 3
84, 38, 48, 3
84, 38, 50, 3
84, 38, 52, 3
84, 38, 54, 3
85, 38, 93, 12
85, 38, 94, 12
85, 38, 80, 12
85, 38, 95, 12
85, 38, 81, 12
85, 38, 82, 12
85, 38, 49, 3
85, 38, 51, 3
85, 38, 53, 3
85, 38, 55, 3
85, 38, 56, 3
85, 38, 62, 3
85, 38, 68, 3
85, 38, 74, 3
85, 38, 57, 3
85, 38, 63, 3
85, 38, 69, 3
85, 38, 75, 3
85, 38, 58, 3
85, 38, 64, 3
85, 38, 70, 3
85, 38, 76, 3
85, 38, 59, 3
85, 38, 65, 3
85, 38, 71, 3
85, 38, 77, 3
85, 38, 60, 3
85, 38, 66, 3
85, 38, 72, 3
85, 38, 78, 3
85, 38, 61, 3
85, 38, 67, 3
85, 38, 73, 3
85, 38, 79, 3
85, 38, 48, 3
85, 38, 50, 3
85, 38, 52, 3
85, 38, 54, 3
86, 38, 93, 13
86, 38, 94, 13
86, 38, 80, 13
86, 38, 95, 13
86, 38, 81, 13
86, 38, 82, 13
86, 38, 49, 3
86, 38, 51, 3
86, 38, 53, 3
86, 38, 55, 3
86, 38, 56, 3
86, 38, 62, 3
86, 38, 68, 3
86, 38, 74, 3
86, 38, 57, 3
86, 38, 63, 3
86, 38, 69, 3
86, 38, 75, 3
86, 38, 58, 3
86, 38, 64, 3
86, 38, 70, 3
86, 38, 76, 3
86, 38, 59, 3
86, 38, 65, 3
86, 38, 71, 3
86, 38, 77, 3
86, 38, 60, 3
86, 38, 66, 3
86, 38, 72, 3
86, 38, 78, 3
86, 38, 61, 3
86, 38, 67, 3
86, 38, 73, 3
86, 38, 79, 3
86, 38, 48, 3
86, 38, 50, 3
86, 38, 52, 3
86, 38, 54, 3
87, 54, 0, 1
87, 54, 1, 1
87, 54, 2, 1
87, 54, 3, 1
87, 54, 4, 1
87, 54, 5, 1
87, 54, 6, 1
87, 54, 7, 1
87, 54, 8, 1
87, 54, 9, 1
87, 54, 10, 1
87, 54, 11, 1
87, 54, 12, 1
87, 54, 13, 1
87, 54, 14, 1
87, 54, 15, 1
87, 54, 16, 1
87, 54, 17, 1
87, 54, 18, 1
87, 54, 19, 1
87, 54, 20, 1
87, 54, 21, 1
87, 54, 22, 1
87, 54, 23, 1
87, 54, 24, 1
87, 54, 25, 1
87, 54, 26, 1
87, 54, 27, 1
87, 54, 28, 1
87, 54, 29, 1
87, 54, 30, 1
87, 54, 31, 1
87, 54, 32, 1
87, 54, 33, 1
87, 54, 34, 1
87, 54, 35, 1
87, 54, 36, 1
87, 54, 37, 1
87, 54, 38, 1
87, 54, 39, 1
87, 54, 40, 1
87, 54, 41, 1
87, 54, 42, 1
87, 54, 43, 1
87, 54, 44, 1
87, 54, 45, 1
87, 54, 46, 1
87, 54, 47, 1
87, 54, 96, 48
87, 54, 90, 48
87, 54, 91, 48
87, 54, 92, 48
87, 54, 88, 48
87, 54, 89, 48
88, 54, 0, 1
88, 54, 1, 1
88, 54, 2, 1
88, 54, 3, 1
88, 54, 4, 1
88, 54, 5, 1
88, 54, 6, 1
88, 54, 7, 1
88, 54, 8, 1
88, 54, 9, 1
88, 54, 10, 1
88, 54, 11, 1
88, 54, 12, 1
88, 54, 13, 1
88, 54, 14, 1
88, 54, 15, 1
88, 54, 16, 1
88, 54, 17, 1
88, 54, 18, 1
88, 54, 19, 1
88, 54, 20, 1
88, 54, 21, 1
88, 54, 22, 1
88, 54, 23, 1
88, 54, 24, 1
88, 54, 25, 1
88, 54, 26, 1
88, 54, 27, 1
88, 54, 28, 1
88, 54, 29, 1
88, 54, 30, 1
88, 54, 31, 1
88, 54, 32, 1
88, 54, 33, 1
88, 54, 34, 1
88, 54, 35, 1
88, 54, 36, 1
88, 54, 37, 1
88, 54, 38, 1
88, 54, 39, 1
88, 54, 40, 1
88, 54, 41, 1
88, 54, 42, 1
88, 54, 43, 1
88, 54, 44, 1
88, 54, 45, 1
88, 54, 46, 1
88, 54, 47, 1
88, 54, 96, 48
88, 54, 90, 48
88, 54, 91, 48
88, 54, 87, 48
88, 54, 92, 48
88, 54, 89, 48
89, 54, 0, 1
89, 54, 1, 1
89, 54, 2, 1
89, 54, 3, 1
89, 54, 4, 1
89, 54, 5, 1
89, 54, 6, 1
89, 54, 7, 1
89, 54, 8, 1
89, 54, 9, 1
89, 54, 10, 1
89, 54, 11, 1
89, 54, 12, 1
89, 54, 13, 1
89, 54, 14, 1
89, 54, 15, 1
89, 54, 16, 1
89, 54, 17, 1
89, 54, 18, 1
89, 54, 19, 1
89, 54, 20, 1
89, 54, 21, 1
89, 54, 22, 1
89, 54, 23, 1
89, 54, 24, 1
89, 54, 25, 1
89, 54, 26, 1
89, 54, 27, 1
89, 54, 28, 1
89, 54, 29, 1
89, 54, 30, 1
89, 54, 31, 1
89, 54, 32, 1
89, 54, 33, 1
89, 54, 34, 1
89, 54, 35, 1
89, 54, 36, 1
89, 54, 37, 1
89, 54, 38, 1
89, 54, 39, 1
89, 54, 40, 1
89, 54, 41, 1
89, 54, 42, 1
89, 54, 43, 1
89, 54, 44, 1
89, 54, 45, 1
89, 54, 46, 1
89, 54, 47, 1
89, 54, 96, 48
89, 54, 90, 48
89, 54, 91, 48
89, 54, 87, 48
89, 54, 92, 48
89, 54, 88, 48
90, 54, 0, 1
90, 54, 1, 1
90, 54, 2, 1
90, 54, 3, 1
90, 54, 4, 1
90, 54, 5, 1
90, 54, 6, 1
90, 54, 7, 1
90, 54, 8, 1
90, 54, 9, 1
90, 54, 10, 1
90, 54, 11, 1
90, 54, 12, 1
90, 54, 13, 1
90, 54, 14, 1
90, 54, 15, 1
90, 54, 16, 1
90, 54, 17, 1
90, 54, 18, 1
90, 54, 19, 1
90, 54, 20, 1
90, 54, 21, 1
90, 54, 22, 1
90, 54, 23, 1
90, 54, 24, 1
90, 54, 25, 1
90, 54, 26, 1
90, 54, 27, 1
90, 54, 28, 1
90, 54, 29, 1
90, 54, 30, 1
90, 54, 31, 1
90, 54, 32, 1
90, 54, 33, 1
90, 54, 34, 1
90, 54, 35, 1
90, 54, 36, 1
90, 54, 37, 1
90, 54, 38, 1
90, 54, 39, 1
90, 54, 40, 1
90, 54, 41, 1
90, 54, 42, 1
90, 54, 43, 1
90, 54, 44, 1
90, 54, 45, 1
90, 54, 46, 1
90, 54, 47, 1
90, 54, 96, 48
90, 54, 91, 48
90, 54, 87, 48
90, 54, 92, 48
90, 54, 88, 48
90, 54, 89, 48
91, 54, 0, 1
91, 54, 1, 1
91, 54, 2, 1
91, 54, 3, 1
91, 54, 4, 1
91, 54, 5, 1
91, 54, 6, 1
91, 54, 7, 1
91, 54, 8, 1
91, 54, 9, 1
91, 54, 10, 1
91, 54, 11, 1
91, 54, 12, 1
91, 54, 13, 1
91, 54, 14, 1
91, 54, 15, 1
91, 54, 16, 1
91, 54, 17, 1
91, 54, 18, 1
91, 54, 19, 1
91, 54, 20, 1
91, 54, 21, 1
91, 54, 22, 1
91, 54, 23, 1
91, 54, 24, 1
91, 54, 25, 1
91, 54, 26, 1
91, 54, 27, 1
91, 54, 28, 1
91, 54, 29, 1
91, 54, 30, 1
91, 54, 31, 1
91, 54, 32, 1
91, 54, 33, 1
91, 54, 34, 1
91, 54, 35, 1
91, 54, 36, 1
91, 54, 37, 1
91, 54, 38, 1
91, 54, 39, 1
91, 54, 40, 1
91, 54, 41, 1
91, 54, 42, 1
91, 54, 43, 1
91, 54, 44, 1
91, 54, 45, 1
91, 54, 46, 1
91, 54, 47, 1
91, 54, 96, 48
91, 54, 90, 48
91, 54, 87, 48
91, 54, 92, 48
91, 54, 88, 48
91, 54, 89, 48
92, 54, 0, 1
92, 54, 1, 1
92, 54, 2, 1
92, 54, 3, 1
92, 54, 4, 1
92, 54, 5, 1
92, 54, 6, 1
92, 54, 7, 1
92, 54, 8, 1
92, 54, 9, 1
92, 54, 10, 1
92, 54, 11, 1
92, 54, 12, 1
92, 54, 13, 1
92, 54, 14, 1
92, 54, 15, 1
92, 54, 16, 1
92, 54, 17, 1
92, 54, 18, 1
92, 54, 19, 1
92, 54, 20, 1
92, 54, 21, 1
92, 54, 22, 1
92, 54, 23, 1
92, 54, 24, 1
92, 54, 25, 1
92, 54, 26, 1
92, 54, 27, 1
92, 54, 28, 1
92, 54, 29, 1
92, 54, 30, 1
92, 54, 31, 1
92, 54, 32, 1
92, 54, 33, 1
92, 54, 34, 1
92, 54, 35, 1
92, 54, 36, 1
92, 54, 37, 1
92, 54, 38, 1
92, 54, 39, 1
92, 54, 40, 1
92, 54, 41, 1
92, 54, 42, 1
92, 54, 43, 1
92, 54, 44, 1
92, 54, 45, 1
92, 54, 46, 1
92, 54, 47, 1
92, 54, 96, 48
92, 54, 90, 48
92, 54, 91, 48
92, 54, 87, 48
92, 54, 88, 48
92, 54, 89, 48
93, 9, -1, 1
93, 9, -1, 1
93, 9, -1, 1
93, 9, 83, 25
93, 9, 86, 26
93, 9, 84, 25
93, 9, 85, 25
93, 9, 90, 48
93, 9, 56, 36
93, 9, 62, 36
93, 9, 68, 36
93, 9, 74, 36
94, 9, -1, 1
94, 9, -1, 1
94, 9, -1, 1
94, 9, 83, 25
94, 9, 86, 26
94, 9, 84, 25
94, 9, 85, 25
94, 9, 91, 48
94, 9, 57, 36
94, 9, 63, 36
94, 9, 69, 36
94, 9, 75, 36
95, 9, -1, 1
95, 9, -1, 1
95, 9, -1, 1
95, 9, 83, 25
95, 9, 86, 26
95, 9, 84, 25
95, 9, 85, 25
95, 9, 92, 48
95, 9, 59, 36
95, 9, 65, 36
95, 9, 71, 36
95, 9, 77, 36
96, 93, -1, 1
96, 93, -1, 1
96, 93, -1, 1
96, 93, 93, 101
96, 93, -1, 1
96, 93, -1, 1
96, 93, -1, 1
96, 93, 94, 101
96, 93, -1, 1
96, 93, -1, 1
96, 93, 99, 1
96, 93, 80, 101
96, 93, -1, 1
96, 93, -1, 1
96, 93, -1, 1
96, 93, 95, 101
96, 93, -1, 1
96, 93, -1, 1
96, 93, 98, 1
96, 93, 81, 101
96, 93, -1, 1
96, 93, -1, 1
96, 93, 97, 1
96, 93, 82, 101
96, 93, 83, 150
96, 93, 86, 156
96, 93, 84, 150
96, 93, 85, 150
96, 93, 0, 1
96, 93, 1, 1
96, 93, 2, 1
96, 93, 3, 1
96, 93, 4, 1
96, 93, 5, 1
96, 93, 6, 1
96, 93, 7, 1
96, 93, 8, 1
96, 93, 9, 1
96, 93, 10, 1
96, 93, 11, 1
96, 93, 12, 1
96, 93, 13, 1
96, 93, 14, 1
96, 93, 15, 1
96, 93, 16, 1
96, 93, 17, 1
96, 93, 18, 1
96, 93, 19, 1
96, 93, 20, 1
96, 93, 21, 1
96, 93, 22, 1
96, 93, 23, 1
96, 93, 24, 1
96, 93, 25, 1
96, 93, 26, 1
96, 93, 27, 1
96, 93, 28, 1
96, 93, 29, 1
96, 93, 30, 1
96, 93, 31, 1
96, 93, 32, 1
96, 93, 33, 1
96, 93, 34, 1
96, 93, 35, 1
96, 93, 36, 1
96, 93, 37, 1
96, 93, 38, 1
96, 93, 39, 1
96, 93, 40, 1
96, 93, 41, 1
96, 93, 42, 1
96, 93, 43, 1
96, 93, 44, 1
96, 93, 45, 1
96, 93, 46, 1
96, 93, 47, 1
96, 93, 49, 24
96, 93, 51, 24
96, 93, 53, 24
96, 93, 55, 24
96, 93, 56, 24
96, 93, 62, 24
96, 93, 68, 24
96, 93, 74, 24
96, 93, 57, 24
96, 93, 63, 24
96, 93, 69, 24
96, 93, 75, 24
96, 93, 58, 24
96, 93, 64, 24
96, 93, 70, 24
96, 93, 76, 24
96, 93, 59, 24
96, 93, 65, 24
96, 93, 71, 24
96, 93, 77, 24
96, 93, 60, 24
96, 93, 66, 24
96, 93, 72, 24
96, 93, 78, 24
96, 93, 61, 24
96, 93, 67, 24
96, 93, 73, 24
96, 93, 79, 24
96, 93, 48, 24
96, 93, 50, 24
96, 93, 52, 24
96, 93, 54, 24
DTG
0, 1, 0, 1, 7
0, 1, 1, 0, 4
1, 1, 0, 1, 7
1, 1, 1, 0, 4
2, 1, 0, 1, 7
2, 1, 1, 0, 4
3, 1, 0, 1, 7
3, 1, 1, 0, 4
4, 1, 0, 1, 7
4, 1, 1, 0, 4
5, 1, 0, 1, 7
5, 1, 1, 0, 4
6, 1, 0, 1, 7
6, 1, 1, 0, 4
7, 1, 0, 1, 7
7, 1, 1, 0, 4
8, 1, 0, 1, 7
8, 1, 1, 0, 4
9, 1, 0, 1, 7
9, 1, 1, 0, 4
10, 1, 0, 1, 7
10, 1, 1, 0, 4
11, 1, 0, 1, 7
11, 1, 1, 0, 4
12, 1, 0, 1, 7
12, 1, 1, 0, 4
13, 1, 0, 1, 7
13, 1, 1, 0, 4
14, 1, 0, 1, 7
14, 1, 1, 0, 4
15, 1, 0, 1, 7
15, 1, 1, 0, 4
16, 1, 0, 1, 7
16, 1, 1, 0, 4
17, 1, 0, 1, 7
17, 1, 1, 0, 4
18, 1, 0, 1, 7
18, 1, 1, 0, 4
19, 1, 0, 1, 7
19, 1, 1, 0, 4
20, 1, 0, 1, 7
20, 1, 1, 0, 4
21, 1, 0, 1, 7
21, 1, 1, 0, 4
22, 1, 0, 1, 7
22, 1, 1, 0, 4
23, 1, 0, 1, 7
23, 1, 1, 0, 4
24, 1, 0, 1, 7
24, 1, 1, 0, 4
25, 1, 0, 1, 7
25, 1, 1, 0, 4
26, 1, 0, 1, 7
26, 1, 1, 0, 4
27, 1, 0, 1, 7
27, 1, 1, 0, 4
28, 1, 0, 1, 7
28, 1, 1, 0, 4
29, 1, 0, 1, 7
29, 1, 1, 0, 4
30, 1, 0, 1, 7
30, 1, 1, 0, 4
31, 1, 0, 1, 7
31, 1, 1, 0, 4
32, 1, 0, 1, 7
32, 1, 1, 0, 4
33, 1, 0, 1, 7
33, 1, 1, 0, 4
34, 1, 0, 1, 7
34, 1, 1, 0, 4
35, 1, 0, 1, 7
35, 1, 1, 0, 4
36, 1, 0, 1, 7
36, 1, 1, 0, 4
37, 1, 0, 1, 7
37, 1, 1, 0, 4
38, 1, 0, 1, 7
38, 1, 1, 0, 4
39, 1, 0, 1, 7
39, 1, 1, 0, 4
40, 1, 0, 1, 7
40, 1, 1, 0, 4
41, 1, 0, 1, 7
41, 1, 1, 0, 4
42, 1, 0, 1, 7
42, 1, 1, 0, 4
43, 1, 0, 1, 7
43, 1, 1, 0, 4
44, 1, 0, 1, 7
44, 1, 1, 0, 4
45, 1, 0, 1, 7
45, 1, 1, 0, 4
46, 1, 0, 1, 7
46, 1, 1, 0, 4
47, 1, 0, 1, 7
47, 1, 1, 0, 4
48, 12, 0, 1, 3
48, 12, 0, 2, 3
48, 12, 0, 3, 3
48, 12, 0, 4, 3
48, 12, 0, 5, 3
48, 12, 0, 6, 3
48, 12, 0, 7, 3
48, 12, 0, 8, 3
48, 12, 0, 9, 3
48, 12, 0, 10, 3
48, 12, 0, 11, 3
48, 12, 0, 12, 3
48, 1, 1, 0, 3
48, 1, 2, 0, 3
48, 1, 3, 0, 3
48, 1, 4, 0, 3
48, 1, 5, 0, 3
48, 1, 6, 0, 3
48, 1, 7, 0, 3
48, 1, 8, 0, 3
48, 1, 9, 0, 3
48, 1, 10, 0, 3
48, 1, 11, 0, 3
48, 1, 12, 0, 3
49, 12, 0, 1, 3
49, 12, 0, 1, 3
49, 12, 0, 1, 3
49, 12, 0, 1, 3
49, 12, 0, 1, 3
49, 12, 0, 1, 3
49, 12, 0, 1, 3
49, 12, 0, 1, 3
49, 12, 0, 1, 3
49, 12, 0, 1, 3
49, 12, 0, 1, 3
49, 12, 0, 1, 3
49, 4, 1, 0, 4
49, 4, 1, 0, 4
49, 4, 1, 0, 4
49, 4, 1, 0, 4
50, 12, 0, 1, 3
50, 12, 0, 2, 3
50, 12, 0, 3, 3
50, 12, 0, 4, 3
50, 12, 0, 5, 3
50, 12, 0, 6, 3
50, 12, 0, 7, 3
50, 12, 0, 8, 3
50, 12, 0, 9, 3
50, 12, 0, 10, 3
50, 12, 0, 11, 3
50, 12, 0, 12, 3
50, 1, 1, 0, 3
50, 1, 2, 0, 3
50, 1, 3, 0, 3
50, 1, 4, 0, 3
50, 1, 5, 0, 3
50, 1, 6, 0, 3
50, 1, 7, 0, 3
50, 1, 8, 0, 3
50, 1, 9, 0, 3
50, 1, 10, 0, 3
50, 1, 11, 0, 3
50, 1, 12, 0, 3
51, 12, 0, 1, 3
51, 12, 0, 1, 3
51, 12, 0, 1, 3
51, 12, 0, 1, 3
51, 12, 0, 1, 3
51, 12, 0, 1, 3
51, 12, 0, 1, 3
51, 12, 0, 1, 3
51, 12, 0, 1, 3
51, 12, 0, 1, 3
51, 12, 0, 1, 3
51, 12, 0, 1, 3
51, 4, 1, 0, 4
51, 4, 1, 0, 4
51, 4, 1, 0, 4
51, 4, 1, 0, 4
52, 12, 0, 1, 3
52, 12, 0, 2, 3
52, 12, 0, 3, 3
52, 12, 0, 4, 3
52, 12, 0, 5, 3
52, 12, 0, 6, 3
52, 12, 0, 7, 3
52, 12, 0, 8, 3
52, 12, 0, 9, 3
52, 12, 0, 10, 3
52, 12, 0, 11, 3
52, 12, 0, 12, 3
52, 1, 1, 0, 3
52, 1, 2, 0, 3
52, 1, 3, 0, 3
52, 1, 4, 0, 3
52, 1, 5, 0, 3
52, 1, 6, 0, 3
52, 1, 7, 0, 3
52, 1, 8, 0, 3
52, 1, 9, 0, 3
52, 1, 10, 0, 3
52, 1, 11, 0, 3
52, 1, 12, 0, 3
53, 12, 0, 1, 3
53, 12, 0, 1, 3
53, 12, 0, 1, 3
53, 12, 0, 1, 3
53, 12, 0, 1, 3
53, 12, 0, 1, 3
53, 12, 0, 1, 3
53, 12, 0, 1, 3
53, 12, 0, 1, 3
53, 12, 0, 1, 3
53, 12, 0, 1, 3
53, 12, 0, 1, 3
53, 4, 1, 0, 4
53, 4, 1, 0, 4
53, 4, 1, 0, 4
53, 4, 1, 0, 4
54, 12, 0, 1, 3
54, 12, 0, 2, 3
54, 12, 0, 3, 3
54, 12, 0, 4, 3
54, 12, 0, 5, 3
54, 12, 0, 6, 3
54, 12, 0, 7, 3
54, 12, 0, 8, 3
54, 12, 0, 9, 3
54, 12, 0, 10, 3
54, 12, 0, 11, 3
54, 12, 0, 12, 3
54, 1, 1, 0, 3
54, 1, 2, 0, 3
54, 1, 3, 0, 3
54, 1, 4, 0, 3
54, 1, 5, 0, 3
54, 1, 6, 0, 3
54, 1, 7, 0, 3
54, 1, 8, 0, 3
54, 1, 9, 0, 3
54, 1, 10, 0, 3
54, 1, 11, 0, 3
54, 1, 12, 0, 3
55, 12, 0, 1, 3
55, 12, 0, 1, 3
55, 12, 0, 1, 3
55, 12, 0, 1, 3
55, 12, 0, 1, 3
55, 12, 0, 1, 3
55, 12, 0, 1, 3
55, 12, 0, 1, 3
55, 12, 0, 1, 3
55, 12, 0, 1, 3
55, 12, 0, 1, 3
55, 12, 0, 1, 3
55, 4, 1, 0, 4
55, 4, 1, 0, 4
55, 4, 1, 0, 4
55, 4, 1, 0, 4
56, 12, 0, 1, 5
56, 12, 0, 1, 5
56, 12, 0, 1, 5
56, 12, 0, 1, 5
56, 12, 0, 1, 5
56, 12, 0, 1, 5
56, 12, 0, 1, 5
56, 12, 0, 1, 5
56, 12, 0, 1, 5
56, 12, 0, 1, 5
56, 12, 0, 1, 5
56, 12, 0, 1, 5
56, 24, 1, 0, 3
56, 24, 1, 0, 3
56, 24, 1, 0, 3
56, 24, 1, 0, 3
56, 24, 1, 0, 3
56, 24, 1, 0, 3
56, 24, 1, 0, 3
56, 24, 1, 0, 3
56, 24, 1, 0, 3
56, 24, 1, 0, 3
56, 24, 1, 0, 3
56, 24, 1, 0, 3
56, 24, 1, 0, 6
56, 24, 1, 0, 6
56, 24, 1, 0, 6
56, 24, 1, 0, 6
56, 24, 1, 0, 6
56, 24, 1, 0, 6
56, 24, 1, 0, 6
56, 24, 1, 0, 6
56, 24, 1, 0, 6
56, 24, 1, 0, 6
56, 24, 1, 0, 6
56, 24, 1, 0, 6
57, 12, 0, 1, 5
57, 12, 0, 1, 5
57, 12, 0, 1, 5
57, 12, 0, 1, 5
57, 12, 0, 1, 5
57, 12, 0, 1, 5
57, 12, 0, 1, 5
57, 12, 0, 1, 5
57, 12, 0, 1, 5
57, 12, 0, 1, 5
57, 12, 0, 1, 5
57, 12, 0, 1, 5
57, 24, 1, 0, 3
57, 24, 1, 0, 3
57, 24, 1, 0, 3
57, 24, 1, 0, 3
57, 24, 1, 0, 3
57, 24, 1, 0, 3
57, 24, 1, 0, 3
57, 24, 1, 0, 3
57, 24, 1, 0, 3
57, 24, 1, 0, 3
57, 24, 1, 0, 3
57, 24, 1, 0, 3
57, 24, 1, 0, 6
57, 24, 1, 0, 6
57, 24, 1, 0, 6
57, 24, 1, 0, 6
57, 24, 1, 0, 6
57, 24, 1, 0, 6
57, 24, 1, 0, 6
57, 24, 1, 0, 6
57, 24, 1, 0, 6
57, 24, 1, 0, 6
57, 24, 1, 0, 6
57, 24, 1, 0, 6
58, 12, 0, 1, 5
58, 12, 0, 1, 5
58, 12, 0, 1, 5
58, 12, 0, 1, 5
58, 12, 0, 1, 5
58, 12, 0, 1, 5
58, 12, 0, 1, 5
58, 12, 0, 1, 5
58, 12, 0, 1, 5
58, 12, 0, 1, 5
58, 12, 0, 1, 5
58, 12, 0, 1, 5
58, 24, 1, 0, 3
58, 24, 1, 0, 3
58, 24, 1, 0, 3
58, 24, 1, 0, 3
58, 24, 1, 0, 3
58, 24, 1, 0, 3
58, 24, 1, 0, 3
58, 24, 1, 0, 3
58, 24, 1, 0, 3
58, 24, 1, 0, 3
58, 24, 1, 0, 3
58, 24, 1, 0, 3
58, 24, 1, 0, 6
58, 24, 1, 0, 6
58, 24, 1, 0, 6
58, 24, 1, 0, 6
58, 24, 1, 0, 6
58, 24, 1, 0, 6
58, 24, 1, 0, 6
58, 24, 1, 0, 6
58, 24, 1, 0, 6
58, 24, 1, 0, 6
58, 24, 1, 0, 6
58, 24, 1, 0, 6
59, 12, 0, 1, 5
59, 12, 0, 1, 5
59, 12, 0, 1, 5
59, 12, 0, 1, 5
59, 12, 0, 1, 5
59, 12, 0, 1, 5
59, 12, 0, 1, 5
59, 12, 0, 1, 5
59, 12, 0, 1, 5
59, 12, 0, 1, 5
59, 12, 0, 1, 5
59, 12, 0, 1, 5
59, 24, 1, 0, 3
59, 24, 1, 0, 3
59, 24, 1, 0, 3
59, 24, 1, 0, 3
59, 24, 1, 0, 3
59, 24, 1, 0, 3
59, 24, 1, 0, 3
59, 24, 1, 0, 3
59, 24, 1, 0, 3
59, 24, 1, 0, 3
59, 24, 1, 0, 3
59, 24, 1, 0, 3
59, 24, 1, 0, 6
59, 24, 1, 0, 6
59, 24, 1, 0, 6
59, 24, 1, 0, 6
59, 24, 1, 0, 6
59, 24, 1, 0, 6
59, 24, 1, 0, 6
59, 24, 1, 0, 6
59, 24, 1, 0, 6
59, 24, 1, 0, 6
59, 24, 1, 0, 6
59, 24, 1, 0, 6
60, 12, 0, 1, 5
60, 12, 0, 1, 5
60, 12, 0, 1, 5
60, 12, 0, 1, 5
60, 12, 0, 1, 5
60, 12, 0, 1, 5
60, 12, 0, 1, 5
60, 12, 0, 1, 5
60, 12, 0, 1, 5
60, 12, 0, 1, 5
60, 12, 0, 1, 5
60, 12, 0, 1, 5
60, 24, 1, 0, 3
60, 24, 1, 0, 3
60, 24, 1, 0, 3
60, 24, 1, 0, 3
60, 24, 1, 0, 3
60, 24, 1, 0, 3
60, 24, 1, 0, 3
60, 24, 1, 0, 3
60, 24, 1, 0, 3
60, 24, 1, 0, 3
60, 24, 1, 0, 3
60, 24, 1, 0, 3
60, 24, 1, 0, 6
60, 24, 1, 0, 6
60, 24, 1, 0, 6
60, 24, 1, 0, 6
60, 24, 1, 0, 6
60, 24, 1, 0, 6
60, 24, 1, 0, 6
60, 24, 1, 0, 6
60, 24, 1, 0, 6
60, 24, 1, 0, 6
60, 24, 1, 0, 6
60, 24, 1, 0, 6
61, 12, 0, 1, 5
61, 12, 0, 1, 5
61, 12, 0, 1, 5
61, 12, 0, 1, 5
61, 12, 0, 1, 5
61, 12, 0, 1, 5
61, 12, 0, 1, 5
61, 12, 0, 1, 5
61, 12, 0, 1, 5
61, 12, 0, 1, 5
61, 12, 0, 1, 5
61, 12, 0, 1, 5
61, 24, 1, 0, 3
61, 24, 1, 0, 3
61, 24, 1, 0, 3
61, 24, 1, 0, 3
61, 24, 1, 0, 3
61, 24, 1, 0, 3
61, 24, 1, 0, 3
61, 24, 1, 0, 3
61, 24, 1, 0, 3
61, 24, 1, 0, 3
61, 24, 1, 0, 3
61, 24, 1, 0, 3
61, 24, 1, 0, 6
61, 24, 1, 0, 6
61, 24, 1, 0, 6
61, 24, 1, 0, 6
61, 24, 1, 0, 6
61, 24, 1, 0, 6
61, 24, 1, 0, 6
61, 24, 1, 0, 6
61, 24, 1, 0, 6
61, 24, 1, 0, 6
61, 24, 1, 0, 6
61, 24, 1, 0, 6
62, 12, 0, 1, 5
62, 12, 0, 1, 5
62, 12, 0, 1, 5
62, 12, 0, 1, 5
62, 12, 0, 1, 5
62, 12, 0, 1, 5
62, 12, 0, 1, 5
62, 12, 0, 1, 5
62, 12, 0, 1, 5
62, 12, 0, 1, 5
62, 12, 0, 1, 5
62, 12, 0, 1, 5
62, 24, 1, 0, 3
62, 24, 1, 0, 3
62, 24, 1, 0, 3
62, 24, 1, 0, 3
62, 24, 1, 0, 3
62, 24, 1, 0, 3
62, 24, 1, 0, 3
62, 24, 1, 0, 3
62, 24, 1, 0, 3
62, 24, 1, 0, 3
62, 24, 1, 0, 3
62, 24, 1, 0, 3
62, 24, 1, 0, 6
62, 24, 1, 0, 6
62, 24, 1, 0, 6
62, 24, 1, 0, 6
62, 24, 1, 0, 6
62, 24, 1, 0, 6
62, 24, 1, 0, 6
62, 24, 1, 0, 6
62, 24, 1, 0, 6
62, 24, 1, 0, 6
62, 24, 1, 0, 6
62, 24, 1, 0, 6
63, 12, 0, 1, 5
63, 12, 0, 1, 5
63, 12, 0, 1, 5
63, 12, 0, 1, 5
63, 12, 0, 1, 5
63, 12, 0, 1, 5
63, 12, 0, 1, 5
63, 12, 0, 1, 5
63, 12, 0, 1, 5
63, 12, 0, 1, 5
63, 12, 0, 1, 5
63, 12, 0, 1, 5
63, 24, 1, 0, 3
63, 24, 1, 0, 3
63, 24, 1, 0, 3
63, 24, 1, 0, 3
63, 24, 1, 0, 3
63, 24, 1, 0, 3
63, 24, 1, 0, 3
63, 24, 1, 0, 3
63, 24, 1, 0, 3
63, 24, 1, 0, 3
63, 24, 1, 0, 3
63, 24, 1, 0, 3
63, 24, 1, 0, 6
63, 24, 1, 0, 6
63, 24, 1, 0, 6
63, 24, 1, 0, 6
63, 24, 1, 0, 6
63, 24, 1, 0, 6
63, 24, 1, 0, 6
63, 24, 1, 0, 6
63, 24, 1, 0, 6
63, 24, 1, 0, 6
63, 24, 1, 0, 6
63, 24, 1, 0, 6
64, 12, 0, 1, 5
64, 12, 0, 1, 5
64, 12, 0, 1, 5
64, 12, 0, 1, 5
64, 12, 0, 1, 5
64, 12, 0, 1, 5
64, 12, 0, 1, 5
64, 12, 0, 1, 5
64, 12, 0, 1, 5
64, 12, 0, 1, 5
64, 12, 0, 1, 5
64, 12, 0, 1, 5
64, 24, 1, 0, 3
64, 24, 1, 0, 3
64, 24, 1, 0, 3
64, 24, 1, 0, 3
64, 24, 1, 0, 3
64, 24, 1, 0, 3
64, 24, 1, 0, 3
64, 24, 1, 0, 3
64, 24, 1, 0, 3
64, 24, 1, 0, 3
64, 24, 1, 0, 3
64, 24, 1, 0, 3
64, 24, 1, 0, 6
64, 24, 1, 0, 6
64, 24, 1, 0, 6
64, 24, 1, 0, 6
64, 24, 1, 0, 6
64, 24, 1, 0, 6
64, 24, 1, 0, 6
64, 24, 1, 0, 6
64, 24, 1, 0, 6
64, 24, 1, 0, 6
64, 24, 1, 0, 6
64, 24, 1, 0, 6
65, 12, 0, 1, 5
65, 12, 0, 1, 5
65, 12, 0, 1, 5
65, 12, 0, 1, 5
65, 12, 0, 1, 5
65, 12, 0, 1, 5
65, 12, 0, 1, 5
65, 12, 0, 1, 5
65, 12, 0, 1, 5
65, 12, 0, 1, 5
65, 12, 0, 1, 5
65, 12, 0, 1, 5
65, 24, 1, 0, 3
65, 24, 1, 0, 3
65, 24, 1, 0, 3
65, 24, 1, 0, 3
65, 24, 1, 0, 3
65, 24, 1, 0, 3
65, 24, 1, 0, 3
65, 24, 1, 0, 3
65, 24, 1, 0, 3
65, 24, 1, 0, 3
65, 24, 1, 0, 3
65, 24, 1, 0, 3
65, 24, 1, 0, 6
65, 24, 1, 0, 6
65, 24, 1, 0, 6
65, 24, 1, 0, 6
65, 24, 1, 0, 6
65, 24, 1, 0, 6
65, 24, 1, 0, 6
65, 24, 1, 0, 6
65, 24, 1, 0, 6
65, 24, 1, 0, 6
65, 24, 1, 0, 6
65, 24, 1, 0, 6
66, 12, 0, 1, 5
66, 12, 0, 1, 5
66, 12, 0, 1, 5
66, 12, 0, 1, 5
66, 12, 0, 1, 5
66, 12, 0, 1, 5
66, 12, 0, 1, 5
66, 12, 0, 1, 5
66, 12, 0, 1, 5
66, 12, 0, 1, 5
66, 12, 0, 1, 5
66, 12, 0, 1, 5
66, 24, 1, 0, 3
66, 24, 1, 0, 3
66, 24, 1, 0, 3
66, 24, 1, 0, 3
66, 24, 1, 0, 3
66, 24, 1, 0, 3
66, 24, 1, 0, 3
66, 24, 1, 0, 3
66, 24, 1, 0, 3
66, 24, 1, 0, 3
66, 24, 1, 0, 3
66, 24, 1, 0, 3
66, 24, 1, 0, 6
66, 24, 1, 0, 6
66, 24, 1, 0, 6
66, 24, 1, 0, 6
66, 24, 1, 0, 6
66, 24, 1, 0, 6
66, 24, 1, 0, 6
66, 24, 1, 0, 6
66, 24, 1, 0, 6
66, 24, 1, 0, 6
66, 24, 1, 0, 6
66, 24, 1, 0, 6
67, 12, 0, 1, 5
67, 12, 0, 1, 5
67, 12, 0, 1, 5
67, 12, 0, 1, 5
67, 12, 0, 1, 5
67, 12, 0, 1, 5
67, 12, 0, 1, 5
67, 12, 0, 1, 5
67, 12, 0, 1, 5
67, 12, 0, 1, 5
67, 12, 0, 1, 5
67, 12, 0, 1, 5
67, 24, 1, 0, 3
67, 24, 1, 0, 3
67, 24, 1, 0, 3
67, 24, 1, 0, 3
67, 24, 1, 0, 3
67, 24, 1, 0, 3
67, 24, 1, 0, 3
67, 24, 1, 0, 3
67, 24, 1, 0, 3
67, 24, 1, 0, 3
67, 24, 1, 0, 3
67, 24, 1, 0, 3
67, 24, 1, 0, 6
67, 24, 1, 0, 6
67, 24, 1, 0, 6
67, 24, 1, 0, 6
67, 24, 1, 0, 6
67, 24, 1, 0, 6
67, 24, 1, 0, 6
67, 24, 1, 0, 6
67, 24, 1, 0, 6
67, 24, 1, 0, 6
67, 24, 1, 0, 6
67, 24, 1, 0, 6
68, 12, 0, 1, 5
68, 12, 0, 1, 5
68, 12, 0, 1, 5
68, 12, 0, 1, 5
68, 12, 0, 1, 5
68, 12, 0, 1, 5
68, 12, 0, 1, 5
68, 12, 0, 1, 5
68, 12, 0, 1, 5
68, 12, 0, 1, 5
68, 12, 0, 1, 5
68, 12, 0, 1, 5
68, 24, 1, 0, 3
68, 24, 1, 0, 3
68, 24, 1, 0, 3
68, 24, 1, 0, 3
68, 24, 1, 0, 3
68, 24, 1, 0, 3
68, 24, 1, 0, 3
68, 24, 1, 0, 3
68, 24, 1, 0, 3
68, 24, 1, 0, 3
68, 24, 1, 0, 3
68, 24, 1, 0, 3
68, 24, 1, 0, 6
68, 24, 1, 0, 6
68, 24, 1, 0, 6
68, 24, 1, 0, 6
68, 24, 1, 0, 6
68, 24, 1, 0, 6
68, 24, 1, 0, 6
68, 24, 1, 0, 6
68, 24, 1, 0, 6
68, 24, 1, 0, 6
68, 24, 1, 0, 6
68, 24, 1, 0, 6
69, 12, 0, 1, 5
69, 12, 0, 1, 5
69, 12, 0, 1, 5
69, 12, 0, 1, 5
69, 12, 0, 1, 5
69, 12, 0, 1, 5
69, 12, 0, 1, 5
69, 12, 0, 1, 5
69, 12, 0, 1, 5
69, 12, 0, 1, 5
69, 12, 0, 1, 5
69, 12, 0, 1, 5
69, 24, 1, 0, 3
69, 24, 1, 0, 3
69, 24, 1, 0, 3
69, 24, 1, 0, 3
69, 24, 1, 0, 3
69, 24, 1, 0, 3
69, 24, 1, 0, 3
69, 24, 1, 0, 3
69, 24, 1, 0, 3
69, 24, 1, 0, 3
69, 24, 1, 0, 3
69, 24, 1, 0, 3
69, 24, 1, 0, 6
69, 24, 1, 0, 6
69, 24, 1, 0, 6
69, 24, 1, 0, 6
69, 24, 1, 0, 6
69, 24, 1, 0, 6
69, 24, 1, 0, 6
69, 24, 1, 0, 6
69, 24, 1, 0, 6
69, 24, 1, 0, 6
69, 24, 1, 0, 6
69, 24, 1, 0, 6
70, 12, 0, 1, 5
70, 12, 0, 1, 5
70, 12, 0, 1, 5
70, 12, 0, 1, 5
70, 12, 0, 1, 5
70, 12, 0, 1, 5
70, 12, 0, 1, 5
70, 12, 0, 1, 5
70, 12, 0, 1, 5
70, 12, 0, 1, 5
70, 12, 0, 1, 5
70, 12, 0, 1, 5
70, 24, 1, 0, 3
70, 24, 1, 0, 3
70, 24, 1, 0, 3
70, 24, 1, 0, 3
70, 24, 1, 0, 3
70, 24, 1, 0, 3
70, 24, 1, 0, 3
70, 24, 1, 0, 3
70, 24, 1, 0, 3
70, 24, 1, 0, 3
70, 24, 1, 0, 3
70, 24, 1, 0, 3
70, 24, 1, 0, 6
70, 24, 1, 0, 6
70, 24, 1, 0, 6
70, 24, 1, 0, 6
70, 24, 1, 0, 6
70, 24, 1, 0, 6
70, 24, 1, 0, 6
70, 24, 1, 0, 6
70, 24, 1, 0, 6
70, 24, 1, 0, 6
70, 24, 1, 0, 6
70, 24, 1, 0, 6
71, 12, 0, 1, 5
71, 12, 0, 1, 5
71, 12, 0, 1, 5
71, 12, 0, 1, 5
71, 12, 0, 1, 5
71, 12, 0, 1, 5
71, 12, 0, 1, 5
71, 12, 0, 1, 5
71, 12, 0, 1, 5
71, 12, 0, 1, 5
71, 12, 0, 1, 5
71, 12, 0, 1, 5
71, 24, 1, 0, 3
71, 24, 1, 0, 3
71, 24, 1, 0, 3
71, 24, 1, 0, 3
71, 24, 1, 0, 3
71, 24, 1, 0, 3
71, 24, 1, 0, 3
71, 24, 1, 0, 3
71, 24, 1, 0, 3
71, 24, 1, 0, 3
71, 24, 1, 0, 3
71, 24, 1, 0, 3
71, 24, 1, 0, 6
71, 24, 1, 0, 6
71, 24, 1, 0, 6
71, 24, 1, 0, 6
71, 24, 1, 0, 6
71, 24, 1, 0, 6
71, 24, 1, 0, 6
71, 24, 1, 0, 6
71, 24, 1, 0, 6
71, 24, 1, 0, 6
71, 24, 1, 0, 6
71, 24, 1, 0, 6
72, 12, 0, 1, 5
72, 12, 0, 1, 5
72, 12, 0, 1, 5
72, 12, 0, 1, 5
72, 12, 0, 1, 5
72, 12, 0, 1, 5
72, 12, 0, 1, 5
72, 12, 0, 1, 5
72, 12, 0, 1, 5
72, 12, 0, 1, 5
72, 12, 0, 1, 5
72, 12, 0, 1, 5
72, 24, 1, 0, 3
72, 24, 1, 0, 3
72, 24, 1, 0, 3
72, 24, 1, 0, 3
72, 24, 1, 0, 3
72, 24, 1, 0, 3
72, 24, 1, 0, 3
72, 24, 1, 0, 3
72, 24, 1, 0, 3
72, 24, 1, 0, 3
72, 24, 1, 0, 3
72, 24, 1, 0, 3
72, 24, 1, 0, 6
72, 24, 1, 0, 6
72, 24, 1, 0, 6
72, 24, 1, 0, 6
72, 24, 1, 0, 6
72, 24, 1, 0, 6
72, 24, 1, 0, 6
72, 24, 1, 0, 6
72, 24, 1, 0, 6
72, 24, 1, 0, 6
72, 24, 1, 0, 6
72, 24, 1, 0, 6
73, 12, 0, 1, 5
73, 12, 0, 1, 5
73, 12, 0, 1, 5
73, 12, 0, 1, 5
73, 12, 0, 1, 5
73, 12, 0, 1, 5
73, 12, 0, 1, 5
73, 12, 0, 1, 5
73, 12, 0, 1, 5
73, 12, 0, 1, 5
73, 12, 0, 1, 5
73, 12, 0, 1, 5
73, 24, 1, 0, 3
73, 24, 1, 0, 3
73, 24, 1, 0, 3
73, 24, 1, 0, 3
73, 24, 1, 0, 3
73, 24, 1, 0, 3
73, 24, 1, 0, 3
73, 24, 1, 0, 3
73, 24, 1, 0, 3
73, 24, 1, 0, 3
73, 24, 1, 0, 3
73, 24, 1, 0, 3
73, 24, 1, 0, 6
73, 24, 1, 0, 6
73, 24, 1, 0, 6
73, 24, 1, 0, 6
73, 24, 1, 0, 6
73, 24, 1, 0, 6
73, 24, 1, 0, 6
73, 24, 1, 0, 6
73, 24, 1, 0, 6
73, 24, 1, 0, 6
73, 24, 1, 0, 6
73, 24, 1, 0, 6
74, 12, 0, 1, 5
74, 12, 0, 1, 5
74, 12, 0, 1, 5
74, 12, 0, 1, 5
74, 12, 0, 1, 5
74, 12, 0, 1, 5
74, 12, 0, 1, 5
74, 12, 0, 1, 5
74, 12, 0, 1, 5
74, 12, 0, 1, 5
74, 12, 0, 1, 5
74, 12, 0, 1, 5
74, 24, 1, 0, 3
74, 24, 1, 0, 3
74, 24, 1, 0, 3
74, 24, 1, 0, 3
74, 24, 1, 0, 3
74, 24, 1, 0, 3
74, 24, 1, 0, 3
74, 24, 1, 0, 3
74, 24, 1, 0, 3
74, 24, 1, 0, 3
74, 24, 1, 0, 3
74, 24, 1, 0, 3
74, 24, 1, 0, 6
74, 24, 1, 0, 6
74, 24, 1, 0, 6
74, 24, 1, 0, 6
74, 24, 1, 0, 6
74, 24, 1, 0, 6
74, 24, 1, 0, 6
74, 24, 1, 0, 6
74, 24, 1, 0, 6
74, 24, 1, 0, 6
74, 24, 1, 0, 6
74, 24, 1, 0, 6
75, 12, 0, 1, 5
75, 12, 0, 1, 5
75, 12, 0, 1, 5
75, 12, 0, 1, 5
75, 12, 0, 1, 5
75, 12, 0, 1, 5
75, 12, 0, 1, 5
75, 12, 0, 1, 5
75, 12, 0, 1, 5
75, 12, 0, 1, 5
75, 12, 0, 1, 5
75, 12, 0, 1, 5
75, 24, 1, 0, 3
75, 24, 1, 0, 3
75, 24, 1, 0, 3
75, 24, 1, 0, 3
75, 24, 1, 0, 3
75, 24, 1, 0, 3
75, 24, 1, 0, 3
75, 24, 1, 0, 3
75, 24, 1, 0, 3
75, 24, 1, 0, 3
75, 24, 1, 0, 3
75, 24, 1, 0, 3
75, 24, 1, 0, 6
75, 24, 1, 0, 6
75, 24, 1, 0, 6
75, 24, 1, 0, 6
75, 24, 1, 0, 6
75, 24, 1, 0, 6
75, 24, 1, 0, 6
75, 24, 1, 0, 6
75, 24, 1, 0, 6
75, 24, 1, 0, 6
75, 24, 1, 0, 6
75, 24, 1, 0, 6
76, 12, 0, 1, 5
76, 12, 0, 1, 5
76, 12, 0, 1, 5
76, 12, 0, 1, 5
76, 12, 0, 1, 5
76, 12, 0, 1, 5
76, 12, 0, 1, 5
76, 12, 0, 1, 5
76, 12, 0, 1, 5
76, 12, 0, 1, 5
76, 12, 0, 1, 5
76, 12, 0, 1, 5
76, 24, 1, 0, 3
76, 24, 1, 0, 3
76, 24, 1, 0, 3
76, 24, 1, 0, 3
76, 24, 1, 0, 3
76, 24, 1, 0, 3
76, 24, 1, 0, 3
76, 24, 1, 0, 3
76, 24, 1, 0, 3
76, 24, 1, 0, 3
76, 24, 1, 0, 3
76, 24, 1, 0, 3
76, 24, 1, 0, 6
76, 24, 1, 0, 6
76, 24, 1, 0, 6
76, 24, 1, 0, 6
76, 24, 1, 0, 6
76, 24, 1, 0, 6
76, 24, 1, 0, 6
76, 24, 1, 0, 6
76, 24, 1, 0, 6
76, 24, 1, 0, 6
76, 24, 1, 0, 6
76, 24, 1, 0, 6
77, 12, 0, 1, 5
77, 12, 0, 1, 5
77, 12, 0, 1, 5
77, 12, 0, 1, 5
77, 12, 0, 1, 5
77, 12, 0, 1, 5
77, 12, 0, 1, 5
77, 12, 0, 1, 5
77, 12, 0, 1, 5
77, 12, 0, 1, 5
77, 12, 0, 1, 5
77, 12, 0, 1, 5
77, 24, 1, 0, 3
77, 24, 1, 0, 3
77, 24, 1, 0, 3
77, 24, 1, 0, 3
77, 24, 1, 0, 3
77, 24, 1, 0, 3
77, 24, 1, 0, 3
77, 24, 1, 0, 3
77, 24, 1, 0, 3
77, 24, 1, 0, 3
77, 24, 1, 0, 3
77, 24, 1, 0, 3
77, 24, 1, 0, 6
77, 24, 1, 0, 6
77, 24, 1, 0, 6
77, 24, 1, 0, 6
77, 24, 1, 0, 6
77, 24, 1, 0, 6
77, 24, 1, 0, 6
77, 24, 1, 0, 6
77, 24, 1, 0, 6
77, 24, 1, 0, 6
77, 24, 1, 0, 6
77, 24, 1, 0, 6
78, 12, 0, 1, 5
78, 12, 0, 1, 5
78, 12, 0, 1, 5
78, 12, 0, 1, 5
78, 12, 0, 1, 5
78, 12, 0, 1, 5
78, 12, 0, 1, 5
78, 12, 0, 1, 5
78, 12, 0, 1, 5
78, 12, 0, 1, 5
78, 12, 0, 1, 5
78, 12, 0, 1, 5
78, 24, 1, 0, 3
78, 24, 1, 0, 3
78, 24, 1, 0, 3
78, 24, 1, 0, 3
78, 24, 1, 0, 3
78, 24, 1, 0, 3
78, 24, 1, 0, 3
78, 24, 1, 0, 3
78, 24, 1, 0, 3
78, 24, 1, 0, 3
78, 24, 1, 0, 3
78, 24, 1, 0, 3
78, 24, 1, 0, 6
78, 24, 1, 0, 6
78, 24, 1, 0, 6
78, 24, 1, 0, 6
78, 24, 1, 0, 6
78, 24, 1, 0, 6
78, 24, 1, 0, 6
78, 24, 1, 0, 6
78, 24, 1, 0, 6
78, 24, 1, 0, 6
78, 24, 1, 0, 6
78, 24, 1, 0, 6
79, 12, 0, 1, 5
79, 12, 0, 1, 5
79, 12, 0, 1, 5
79, 12, 0, 1, 5
79, 12, 0, 1, 5
79, 12, 0, 1, 5
79, 12, 0, 1, 5
79, 12, 0, 1, 5
79, 12, 0, 1, 5
79, 12, 0, 1, 5
79, 12, 0, 1, 5
79, 12, 0, 1, 5
79, 24, 1, 0, 3
79, 24, 1, 0, 3
79, 24, 1, 0, 3
79, 24, 1, 0, 3
79, 24, 1, 0, 3
79, 24, 1, 0, 3
79, 24, 1, 0, 3
79, 24, 1, 0, 3
79, 24, 1, 0, 3
79, 24, 1, 0, 3
79, 24, 1, 0, 3
79, 24, 1, 0, 3
79, 24, 1, 0, 6
79, 24, 1, 0, 6
79, 24, 1, 0, 6
79, 24, 1, 0, 6
79, 24, 1, 0, 6
79, 24, 1, 0, 6
79, 24, 1, 0, 6
79, 24, 1, 0, 6
79, 24, 1, 0, 6
79, 24, 1, 0, 6
79, 24, 1, 0, 6
79, 24, 1, 0, 6
80, 13, 1, 5, 4
80, 13, 1, 5, 4
80, 13, 1, 5, 4
80, 13, 1, 6, 4
80, 13, 1, 6, 4
80, 13, 1, 6, 4
80, 13, 1, 7, 4
80, 13, 1, 7, 4
80, 13, 1, 7, 4
80, 13, 1, 8, 4
80, 13, 1, 8, 4
80, 13, 1, 8, 4
80, 13, 1, 10, 2
80, 13, 2, 5, 4
80, 13, 2, 5, 4
80, 13, 2, 5, 4
80, 13, 2, 6, 4
80, 13, 2, 6, 4
80, 13, 2, 6, 4
80, 13, 2, 7, 4
80, 13, 2, 7, 4
80, 13, 2, 7, 4
80, 13, 2, 8, 4
80, 13, 2, 8, 4
80, 13, 2, 8, 4
80, 13, 2, 10, 2
80, 13, 3, 5, 4
80, 13, 3, 5, 4
80, 13, 3, 5, 4
80, 13, 3, 6, 4
80, 13, 3, 6, 4
80, 13, 3, 6, 4
80, 13, 3, 7, 4
80, 13, 3, 7, 4
80, 13, 3, 7, 4
80, 13, 3, 8, 4
80, 13, 3, 8, 4
80, 13, 3, 8, 4
80, 13, 3, 10, 2
80, 13, 4, 0, 2
80, 13, 4, 5, 4
80, 13, 4, 5, 4
80, 13, 4, 5, 4
80, 13, 4, 6, 4
80, 13, 4, 6, 4
80, 13, 4, 6, 4
80, 13, 4, 7, 4
80, 13, 4, 7, 4
80, 13, 4, 7, 4
80, 13, 4, 8, 4
80, 13, 4, 8, 4
80, 13, 4, 8, 4
80, 24, 5, 1, 2
80, 24, 5, 1, 2
80, 24, 5, 1, 2
80, 24, 5, 1, 5
80, 24, 5, 1, 5
80, 24, 5, 1, 5
80, 24, 5, 2, 2
80, 24, 5, 2, 2
80, 24, 5, 2, 2
80, 24, 5, 2, 5
80, 24, 5, 2, 5
80, 24, 5, 2, 5
80, 24, 5, 3, 2
80, 24, 5, 3, 2
80, 24, 5, 3, 2
80, 24, 5, 3, 5
80, 24, 5, 3, 5
80, 24, 5, 3, 5
80, 24, 5, 4, 2
80, 24, 5, 4, 2
80, 24, 5, 4, 2
80, 24, 5, 4, 5
80, 24, 5, 4, 5
80, 24, 5, 4, 5
80, 24, 6, 1, 2
80, 24, 6, 1, 2
80, 24, 6, 1, 2
80, 24, 6, 1, 5
80, 24, 6, 1, 5
80, 24, 6, 1, 5
80, 24, 6, 2, 2
80, 24, 6, 2, 2
80, 24, 6, 2, 2
80, 24, 6, 2, 5
80, 24, 6, 2, 5
80, 24, 6, 2, 5
80, 24, 6, 3, 2
80, 24, 6, 3, 2
80, 24, 6, 3, 2
80, 24, 6, 3, 5
80, 24, 6, 3, 5
80, 24, 6, 3, 5
80, 24, 6, 4, 2
80, 24, 6, 4, 2
80, 24, 6, 4, 2
80, 24, 6, 4, 5
80, 24, 6, 4, 5
80, 24, 6, 4, 5
80, 24, 7, 1, 2
80, 24, 7, 1, 2
80, 24, 7, 1, 2
80, 24, 7, 1, 5
80, 24, 7, 1, 5
80, 24, 7, 1, 5
80, 24, 7, 2, 2
80, 24, 7, 2, 2
80, 24, 7, 2, 2
80, 24, 7, 2, 5
80, 24, 7, 2, 5
80, 24, 7, 2, 5
80, 24, 7, 3, 2
80, 24, 7, 3, 2
80, 24, 7, 3, 2
80, 24, 7, 3, 5
80, 24, 7, 3, 5
80, 24, 7, 3, 5
80, 24, 7, 4, 2
80, 24, 7, 4, 2
80, 24, 7, 4, 2
80, 24, 7, 4, 5
80, 24, 7, 4, 5
80, 24, 7, 4, 5
80, 24, 8, 1, 2
80, 24, 8, 1, 2
80, 24, 8, 1, 2
80, 24, 8, 1, 5
80, 24, 8, 1, 5
80, 24, 8, 1, 5
80, 24, 8, 2, 2
80, 24, 8, 2, 2
80, 24, 8, 2, 2
80, 24, 8, 2, 5
80, 24, 8, 2, 5
80, 24, 8, 2, 5
80, 24, 8, 3, 2
80, 24, 8, 3, 2
80, 24, 8, 3, 2
80, 24, 8, 3, 5
80, 24, 8, 3, 5
80, 24, 8, 3, 5
80, 24, 8, 4, 2
80, 24, 8, 4, 2
80, 24, 8, 4, 2
80, 24, 8, 4, 5
80, 24, 8, 4, 5
80, 24, 8, 4, 5
80, 1, 9, 2, 3
81, 13, 1, 5, 4
81, 13, 1, 5, 4
81, 13, 1, 5, 4
81, 13, 1, 6, 4
81, 13, 1, 6, 4
81, 13, 1, 6, 4
81, 13, 1, 7, 4
81, 13, 1, 7, 4
81, 13, 1, 7, 4
81, 13, 1, 8, 4
81, 13, 1, 8, 4
81, 13, 1, 8, 4
81, 13, 1, 10, 2
81, 13, 2, 5, 4
81, 13, 2, 5, 4
81, 13, 2, 5, 4
81, 13, 2, 6, 4
81, 13, 2, 6, 4
81, 13, 2, 6, 4
81, 13, 2, 7, 4
81, 13, 2, 7, 4
81, 13, 2, 7, 4
81, 13, 2, 8, 4
81, 13, 2, 8, 4
81, 13, 2, 8, 4
81, 13, 2, 10, 2
81, 13, 3, 5, 4
81, 13, 3, 5, 4
81, 13, 3, 5, 4
81, 13, 3, 6, 4
81, 13, 3, 6, 4
81, 13, 3, 6, 4
81, 13, 3, 7, 4
81, 13, 3, 7, 4
81, 13, 3, 7, 4
81, 13, 3, 8, 4
81, 13, 3, 8, 4
81, 13, 3, 8, 4
81, 13, 3, 10, 2
81, 13, 4, 0, 2
81, 13, 4, 5, 4
81, 13, 4, 5, 4
81, 13, 4, 5, 4
81, 13, 4, 6, 4
81, 13, 4, 6, 4
81, 13, 4, 6, 4
81, 13, 4, 7, 4
81, 13, 4, 7, 4
81, 13, 4, 7, 4
81, 13, 4, 8, 4
81, 13, 4, 8, 4
81, 13, 4, 8, 4
81, 24, 5, 1, 2
81, 24, 5, 1, 2
81, 24, 5, 1, 2
81, 24, 5, 1, 5
81, 24, 5, 1, 5
81, 24, 5, 1, 5
81, 24, 5, 2, 2
81, 24, 5, 2, 2
81, 24, 5, 2, 2
81, 24, 5, 2, 5
81, 24, 5, 2, 5
81, 24, 5, 2, 5
81, 24, 5, 3, 2
81, 24, 5, 3, 2
81, 24, 5, 3, 2
81, 24, 5, 3, 5
81, 24, 5, 3, 5
81, 24, 5, 3, 5
81, 24, 5, 4, 2
81, 24, 5, 4, 2
81, 24, 5, 4, 2
81, 24, 5, 4, 5
81, 24, 5, 4, 5
81, 24, 5, 4, 5
81, 24, 6, 1, 2
81, 24, 6, 1, 2
81, 24, 6, 1, 2
81, 24, 6, 1, 5
81, 24, 6, 1, 5
81, 24, 6, 1, 5
81, 24, 6, 2, 2
81, 24, 6, 2, 2
81, 24, 6, 2, 2
81, 24, 6, 2, 5
81, 24, 6, 2, 5
81, 24, 6, 2, 5
81, 24, 6, 3, 2
81, 24, 6, 3, 2
81, 24, 6, 3, 2
81, 24, 6, 3, 5
81, 24, 6, 3, 5
81, 24, 6, 3, 5
81, 24, 6, 4, 2
81, 24, 6, 4, 2
81, 24, 6, 4, 2
81, 24, 6, 4, 5
81, 24, 6, 4, 5
81, 24, 6, 4, 5
81, 24, 7, 1, 2
81, 24, 7, 1, 2
81, 24, 7, 1, 2
81, 24, 7, 1, 5
81, 24, 7, 1, 5
81, 24, 7, 1, 5
81, 24, 7, 2, 2
81, 24, 7, 2, 2
81, 24, 7, 2, 2
81, 24, 7, 2, 5
81, 24, 7, 2, 5
81, 24, 7, 2, 5
81, 24, 7, 3, 2
81, 24, 7, 3, 2
81, 24, 7, 3, 2
81, 24, 7, 3, 5
81, 24, 7, 3, 5
81, 24, 7, 3, 5
81, 24, 7, 4, 2
81, 24, 7, 4, 2
81, 24, 7, 4, 2
81, 24, 7, 4, 5
81, 24, 7, 4, 5
81, 24, 7, 4, 5
81, 24, 8, 1, 2
81, 24, 8, 1, 2
81, 24, 8, 1, 2
81, 24, 8, 1, 5
81, 24, 8, 1, 5
81, 24, 8, 1, 5
81, 24, 8, 2, 2
81, 24, 8, 2, 2
81, 24, 8, 2, 2
81, 24, 8, 2, 5
81, 24, 8, 2, 5
81, 24, 8, 2, 5
81, 24, 8, 3, 2
81, 24, 8, 3, 2
81, 24, 8, 3, 2
81, 24, 8, 3, 5
81, 24, 8, 3, 5
81, 24, 8, 3, 5
81, 24, 8, 4, 2
81, 24, 8, 4, 2
81, 24, 8, 4, 2
81, 24, 8, 4, 5
81, 24, 8, 4, 5
81, 24, 8, 4, 5
81, 1, 9, 2, 3
82, 13, 1, 5, 4
82, 13, 1, 5, 4
82, 13, 1, 5, 4
82, 13, 1, 6, 4
82, 13, 1, 6, 4
82, 13, 1, 6, 4
82, 13, 1, 7, 4
82, 13, 1, 7, 4
82, 13, 1, 7, 4
82, 13, 1, 8, 4
82, 13, 1, 8, 4
82, 13, 1, 8, 4
82, 13, 1, 10, 2
82, 13, 2, 5, 4
82, 13, 2, 5, 4
82, 13, 2, 5, 4
82, 13, 2, 6, 4
82, 13, 2, 6, 4
82, 13, 2, 6, 4
82, 13, 2, 7, 4
82, 13, 2, 7, 4
82, 13, 2, 7, 4
82, 13, 2, 8, 4
82, 13, 2, 8, 4
82, 13, 2, 8, 4
82, 13, 2, 10, 2
82, 13, 3, 5, 4
82, 13, 3, 5, 4
82, 13, 3, 5, 4
82, 13, 3, 6, 4
82, 13, 3, 6, 4
82, 13, 3, 6, 4
82, 13, 3, 7, 4
82, 13, 3, 7, 4
82, 13, 3, 7, 4
82, 13, 3, 8, 4
82, 13, 3, 8, 4
82, 13, 3, 8, 4
82, 13, 3, 10, 2
82, 13, 4, 0, 2
82, 13, 4, 5, 4
82, 13, 4, 5, 4
82, 13, 4, 5, 4
82, 13, 4, 6, 4
82, 13, 4, 6, 4
82, 13, 4, 6, 4
82, 13, 4, 7, 4
82, 13, 4, 7, 4
82, 13, 4, 7, 4
82, 13, 4, 8, 4
82, 13, 4, 8, 4
82, 13, 4, 8, 4
82, 24, 5, 1, 2
82, 24, 5, 1, 2
82, 24, 5, 1, 2
82, 24, 5, 1, 5
82, 24, 5, 1, 5
82, 24, 5, 1, 5
82, 24, 5, 2, 2
82, 24, 5, 2, 2
82, 24, 5, 2, 2
82, 24, 5, 2, 5
82, 24, 5, 2, 5
82, 24, 5, 2, 5
82, 24, 5, 3, 2
82, 24, 5, 3, 2
82, 24, 5, 3, 2
82, 24, 5, 3, 5
82, 24, 5, 3, 5
82, 24, 5, 3, 5
82, 24, 5, 4, 2
82, 24, 5, 4, 2
82, 24, 5, 4, 2
82, 24, 5, 4, 5
82, 24, 5, 4, 5
82, 24, 5, 4, 5
82, 24, 6, 1, 2
82, 24, 6, 1, 2
82, 24, 6, 1, 2
82, 24, 6, 1, 5
82, 24, 6, 1, 5
82, 24, 6, 1, 5
82, 24, 6, 2, 2
82, 24, 6, 2, 2
82, 24, 6, 2, 2
82, 24, 6, 2, 5
82, 24, 6, 2, 5
82, 24, 6, 2, 5
82, 24, 6, 3, 2
82, 24, 6, 3, 2
82, 24, 6, 3, 2
82, 24, 6, 3, 5
82, 24, 6, 3, 5
82, 24, 6, 3, 5
82, 24, 6, 4, 2
82, 24, 6, 4, 2
82, 24, 6, 4, 2
82, 24, 6, 4, 5
82, 24, 6, 4, 5
82, 24, 6, 4, 5
82, 24, 7, 1, 2
82, 24, 7, 1, 2
82, 24, 7, 1, 2
82, 24, 7, 1, 5
82, 24, 7, 1, 5
82, 24, 7, 1, 5
82, 24, 7, 2, 2
82, 24, 7, 2, 2
82, 24, 7, 2, 2
82, 24, 7, 2, 5
82, 24, 7, 2, 5
82, 24, 7, 2, 5
82, 24, 7, 3, 2
82, 24, 7, 3, 2
82, 24, 7, 3, 2
82, 24, 7, 3, 5
82, 24, 7, 3, 5
82, 24, 7, 3, 5
82, 24, 7, 4, 2
82, 24, 7, 4, 2
82, 24, 7, 4, 2
82, 24, 7, 4, 5
82, 24, 7, 4, 5
82, 24, 7, 4, 5
82, 24, 8, 1, 2
82, 24, 8, 1, 2
82, 24, 8, 1, 2
82, 24, 8, 1, 5
82, 24, 8, 1, 5
82, 24, 8, 1, 5
82, 24, 8, 2, 2
82, 24, 8, 2, 2
82, 24, 8, 2, 2
82, 24, 8, 2, 5
82, 24, 8, 2, 5
82, 24, 8, 2, 5
82, 24, 8, 3, 2
82, 24, 8, 3, 2
82, 24, 8, 3, 2
82, 24, 8, 3, 5
82, 24, 8, 3, 5
82, 24, 8, 3, 5
82, 24, 8, 4, 2
82, 24, 8, 4, 2
82, 24, 8, 4, 2
82, 24, 8, 4, 5
82, 24, 8, 4, 5
82, 24, 8, 4, 5
82, 1, 9, 2, 3
83, 72, 0, 1, 5
83, 72, 0, 1, 5
83, 72, 0, 1, 5
83, 72, 0, 1, 5
83, 72, 0, 1, 5
83, 72, 0, 1, 5
83, 72, 0, 1, 5
83, 72, 0, 1, 5
83, 72, 0, 1, 5
83, 72, 0, 1, 5
83, 72, 0, 1, 5
83, 72, 0, 1, 5
83, 72, 0, 1, 5
83, 72, 0, 1, 5
83, 72, 0, 1, 5
83, 72, 0, 1, 5
83, 72, 0, 1, 5
83, 72, 0, 1, 5
83, 72, 0, 1, 5
83, 72, 0, 1, 5
83, 72, 0, 1, 5
83, 72, 0, 1, 5
83, 72, 0, 1, 5
83, 72, 0, 1, 5
83, 72, 0, 1, 5
83, 72, 0, 1, 5
83, 72, 0, 1, 5
83, 72, 0, 1, 5
83, 72, 0, 1, 5
83, 72, 0, 1, 5
83, 72, 0, 1, 5
83, 72, 0, 1, 5
83, 72, 0, 1, 5
83, 72, 0, 1, 5
83, 72, 0, 1, 5
83, 72, 0, 1, 5
83, 72, 0, 1, 5
83, 72, 0, 1, 5
83, 72, 0, 1, 5
83, 72, 0, 1, 5
83, 72, 0, 1, 5
83, 72, 0, 1, 5
83, 72, 0, 1, 5
83, 72, 0, 1, 5
83, 72, 0, 1, 5
83, 72, 0, 1, 5
83, 72, 0, 1, 5
83, 72, 0, 1, 5
83, 72, 0, 1, 5
83, 72, 0, 1, 5
83, 72, 0, 1, 5
83, 72, 0, 1, 5
83, 72, 0, 1, 5
83, 72, 0, 1, 5
83, 72, 0, 1, 5
83, 72, 0, 1, 5
83, 72, 0, 1, 5
83, 72, 0, 1, 5
83, 72, 0, 1, 5
83, 72, 0, 1, 5
83, 72, 0, 1, 5
83, 72, 0, 1, 5
83, 72, 0, 1, 5
83, 72, 0, 1, 5
83, 72, 0, 1, 5
83, 72, 0, 1, 5
83, 72, 0, 1, 5
83, 72, 0, 1, 5
83, 72, 0, 1, 5
83, 72, 0, 1, 5
83, 72, 0, 1, 5
83, 72, 0, 1, 5
83, 6, 1, 0, 3
83, 6, 1, 0, 3
83, 6, 1, 0, 3
83, 6, 1, 0, 3
83, 6, 1, 0, 3
83, 6, 1, 0, 3
84, 72, 0, 1, 5
84, 72, 0, 1, 5
84, 72, 0, 1, 5
84, 72, 0, 1, 5
84, 72, 0, 1, 5
84, 72, 0, 1, 5
84, 72, 0, 1, 5
84, 72, 0, 1, 5
84, 72, 0, 1, 5
84, 72, 0, 1, 5
84, 72, 0, 1, 5
84, 72, 0, 1, 5
84, 72, 0, 1, 5
84, 72, 0, 1, 5
84, 72, 0, 1, 5
84, 72, 0, 1, 5
84, 72, 0, 1, 5
84, 72, 0, 1, 5
84, 72, 0, 1, 5
84, 72, 0, 1, 5
84, 72, 0, 1, 5
84, 72, 0, 1, 5
84, 72, 0, 1, 5
84, 72, 0, 1, 5
84, 72, 0, 1, 5
84, 72, 0, 1, 5
84, 72, 0, 1, 5
84, 72, 0, 1, 5
84, 72, 0, 1, 5
84, 72, 0, 1, 5
84, 72, 0, 1, 5
84, 72, 0, 1, 5
84, 72, 0, 1, 5
84, 72, 0, 1, 5
84, 72, 0, 1, 5
84, 72, 0, 1, 5
84, 72, 0, 1, 5
84, 72, 0, 1, 5
84, 72, 0, 1, 5
84, 72, 0, 1, 5
84, 72, 0, 1, 5
84, 72, 0, 1, 5
84, 72, 0, 1, 5
84, 72, 0, 1, 5
84, 72, 0, 1, 5
84, 72, 0, 1, 5
84, 72, 0, 1, 5
84, 72, 0, 1, 5
84, 72, 0, 1, 5
84, 72, 0, 1, 5
84, 72, 0, 1, 5
84, 72, 0, 1, 5
84, 72, 0, 1, 5
84, 72, 0, 1, 5
84, 72, 0, 1, 5
84, 72, 0, 1, 5
84, 72, 0, 1, 5
84, 72, 0, 1, 5
84, 72, 0, 1, 5
84, 72, 0, 1, 5
84, 72, 0, 1, 5
84, 72, 0, 1, 5
84, 72, 0, 1, 5
84, 72, 0, 1, 5
84, 72, 0, 1, 5
84, 72, 0, 1, 5
84, 72, 0, 1, 5
84, 72, 0, 1, 5
84, 72, 0, 1, 5
84, 72, 0, 1, 5
84, 72, 0, 1, 5
84, 72, 0, 1, 5
84, 6, 1, 0, 3
84, 6, 1, 0, 3
84, 6, 1, 0, 3
84, 6, 1, 0, 3
84, 6, 1, 0, 3
84, 6, 1, 0, 3
85, 72, 0, 1, 5
85, 72, 0, 1, 5
85, 72, 0, 1, 5
85, 72, 0, 1, 5
85, 72, 0, 1, 5
85, 72, 0, 1, 5
85, 72, 0, 1, 5
85, 72, 0, 1, 5
85, 72, 0, 1, 5
85, 72, 0, 1, 5
85, 72, 0, 1, 5
85, 72, 0, 1, 5
85, 72, 0, 1, 5
85, 72, 0, 1, 5
85, 72, 0, 1, 5
85, 72, 0, 1, 5
85, 72, 0, 1, 5
85, 72, 0, 1, 5
85, 72, 0, 1, 5
85, 72, 0, 1, 5
85, 72, 0, 1, 5
85, 72, 0, 1, 5
85, 72, 0, 1, 5
85, 72, 0, 1, 5
85, 72, 0, 1, 5
85, 72, 0, 1, 5
85, 72, 0, 1, 5
85, 72, 0, 1, 5
85, 72, 0, 1, 5
85, 72, 0, 1, 5
85, 72, 0, 1, 5
85, 72, 0, 1, 5
85, 72, 0, 1, 5
85, 72, 0, 1, 5
85, 72, 0, 1, 5
85, 72, 0, 1, 5
85, 72, 0, 1, 5
85, 72, 0, 1, 5
85, 72, 0, 1, 5
85, 72, 0, 1, 5
85, 72, 0, 1, 5
85, 72, 0, 1, 5
85, 72, 0, 1, 5
85, 72, 0, 1, 5
85, 72, 0, 1, 5
85, 72, 0, 1, 5
85, 72, 0, 1, 5
85, 72, 0, 1, 5
85, 72, 0, 1, 5
85, 72, 0, 1, 5
85, 72, 0, 1, 5
85, 72, 0, 1, 5
85, 72, 0, 1, 5
85, 72, 0, 1, 5
85, 72, 0, 1, 5
85, 72, 0, 1, 5
85, 72, 0, 1, 5
85, 72, 0, 1, 5
85, 72, 0, 1, 5
85, 72, 0, 1, 5
85, 72, 0, 1, 5
85, 72, 0, 1, 5
85, 72, 0, 1, 5
85, 72, 0, 1, 5
85, 72, 0, 1, 5
85, 72, 0, 1, 5
85, 72, 0, 1, 5
85, 72, 0, 1, 5
85, 72, 0, 1, 5
85, 72, 0, 1, 5
85, 72, 0, 1, 5
85, 72, 0, 1, 5
85, 6, 1, 0, 3
85, 6, 1, 0, 3
85, 6, 1, 0, 3
85, 6, 1, 0, 3
85, 6, 1, 0, 3
85, 6, 1, 0, 3
86, 78, 0, 1, 3
86, 78, 0, 1, 3
86, 78, 0, 1, 3
86, 78, 0, 1, 3
86, 78, 0, 1, 3
86, 78, 0, 1, 3
86, 78, 0, 1, 5
86, 78, 0, 1, 5
86, 78, 0, 1, 5
86, 78, 0, 1, 5
86, 78, 0, 1, 5
86, 78, 0, 1, 5
86, 78, 0, 1, 5
86, 78, 0, 1, 5
86, 78, 0, 1, 5
86, 78, 0, 1, 5
86, 78, 0, 1, 5
86, 78, 0, 1, 5
86, 78, 0, 1, 5
86, 78, 0, 1, 5
86, 78, 0, 1, 5
86, 78, 0, 1, 5
86, 78, 0, 1, 5
86, 78, 0, 1, 5
86, 78, 0, 1, 5
86, 78, 0, 1, 5
86, 78, 0, 1, 5
86, 78, 0, 1, 5
86, 78, 0, 1, 5
86, 78, 0, 1, 5
86, 78, 0, 1, 5
86, 78, 0, 1, 5
86, 78, 0, 1, 5
86, 78, 0, 1, 5
86, 78, 0, 1, 5
86, 78, 0, 1, 5
86, 78, 0, 1, 5
86, 78, 0, 1, 5
86, 78, 0, 1, 5
86, 78, 0, 1, 5
86, 78, 0, 1, 5
86, 78, 0, 1, 5
86, 78, 0, 1, 5
86, 78, 0, 1, 5
86, 78, 0, 1, 5
86, 78, 0, 1, 5
86, 78, 0, 1, 5
86, 78, 0, 1, 5
86, 78, 0, 1, 5
86, 78, 0, 1, 5
86, 78, 0, 1, 5
86, 78, 0, 1, 5
86, 78, 0, 1, 5
86, 78, 0, 1, 5
86, 78, 0, 1, 5
86, 78, 0, 1, 5
86, 78, 0, 1, 5
86, 78, 0, 1, 5
86, 78, 0, 1, 5
86, 78, 0, 1, 5
86, 78, 0, 1, 5
86, 78, 0, 1, 5
86, 78, 0, 1, 5
86, 78, 0, 1, 5
86, 78, 0, 1, 5
86, 78, 0, 1, 5
86, 78, 0, 1, 5
86, 78, 0, 1, 5
86, 78, 0, 1, 5
86, 78, 0, 1, 5
86, 78, 0, 1, 5
86, 78, 0, 1, 5
86, 78, 0, 1, 5
86, 78, 0, 1, 5
86, 78, 0, 1, 5
86, 78, 0, 1, 5
86, 78, 0, 1, 5
86, 78, 0, 1, 5
86, 6, 1, 0, 3
86, 6, 1, 0, 3
86, 6, 1, 0, 3
86, 6, 1, 0, 3
86, 6, 1, 0, 3
86, 6, 1, 0, 3
87, 48, 0, 1, 7
87, 48, 0, 1, 7
87, 48, 0, 1, 7
87, 48, 0, 1, 7
87, 48, 0, 1, 7
87, 48, 0, 1, 7
87, 48, 0, 1, 7
87, 48, 0, 1, 7
87, 48, 0, 1, 7
87, 48, 0, 1, 7
87, 48, 0, 1, 7
87, 48, 0, 1, 7
87, 48, 0, 1, 7
87, 48, 0, 1, 7
87, 48, 0, 1, 7
87, 48, 0, 1, 7
87, 48, 0, 1, 7
87, 48, 0, 1, 7
87, 48, 0, 1, 7
87, 48, 0, 1, 7
87, 48, 0, 1, 7
87, 48, 0, 1, 7
87, 48, 0, 1, 7
87, 48, 0, 1, 7
87, 48, 0, 1, 7
87, 48, 0, 1, 7
87, 48, 0, 1, 7
87, 48, 0, 1, 7
87, 48, 0, 1, 7
87, 48, 0, 1, 7
87, 48, 0, 1, 7
87, 48, 0, 1, 7
87, 48, 0, 1, 7
87, 48, 0, 1, 7
87, 48, 0, 1, 7
87, 48, 0, 1, 7
87, 48, 0, 1, 7
87, 48, 0, 1, 7
87, 48, 0, 1, 7
87, 48, 0, 1, 7
87, 48, 0, 1, 7
87, 48, 0, 1, 7
87, 48, 0, 1, 7
87, 48, 0, 1, 7
87, 48, 0, 1, 7
87, 48, 0, 1, 7
87, 48, 0, 1, 7
87, 48, 0, 1, 7
87, 96, 1, 0, 3
87, 96, 1, 0, 3
87, 96, 1, 0, 3
87, 96, 1, 0, 3
87, 96, 1, 0, 3
87, 96, 1, 0, 3
87, 96, 1, 0, 3
87, 96, 1, 0, 3
87, 96, 1, 0, 3
87, 96, 1, 0, 3
87, 96, 1, 0, 3
87, 96, 1, 0, 3
87, 96, 1, 0, 3
87, 96, 1, 0, 3
87, 96, 1, 0, 3
87, 96, 1, 0, 3
87, 96, 1, 0, 3
87, 96, 1, 0, 3
87, 96, 1, 0, 3
87, 96, 1, 0, 3
87, 96, 1, 0, 3
87, 96, 1, 0, 3
87, 96, 1, 0, 3
87, 96, 1, 0, 3
87, 96, 1, 0, 3
87, 96, 1, 0, 3
87, 96, 1, 0, 3
87, 96, 1, 0, 3
87, 96, 1, 0, 3
87, 96, 1, 0, 3
87, 96, 1, 0, 3
87, 96, 1, 0, 3
87, 96, 1, 0, 3
87, 96, 1, 0, 3
87, 96, 1, 0, 3
87, 96, 1, 0, 3
87, 96, 1, 0, 3
87, 96, 1, 0, 3
87, 96, 1, 0, 3
87, 96, 1, 0, 3
87, 96, 1, 0, 3
87, 96, 1, 0, 3
87, 96, 1, 0, 3
87, 96, 1, 0, 3
87, 96, 1, 0, 3
87, 96, 1, 0, 3
87, 96, 1, 0, 3
87, 96, 1, 0, 3
87, 96, 1, 0, 3
87, 96, 1, 0, 3
87, 96, 1, 0, 3
87, 96, 1, 0, 3
87, 96, 1, 0, 3
87, 96, 1, 0, 3
87, 96, 1, 0, 3
87, 96, 1, 0, 3
87, 96, 1, 0, 3
87, 96, 1, 0, 3
87, 96, 1, 0, 3
87, 96, 1, 0, 3
87, 96, 1, 0, 3
87, 96, 1, 0, 3
87, 96, 1, 0, 3
87, 96, 1, 0, 3
87, 96, 1, 0, 3
87, 96, 1, 0, 3
87, 96, 1, 0, 3
87, 96, 1, 0, 3
87, 96, 1, 0, 3
87, 96, 1, 0, 3
87, 96, 1, 0, 3
87, 96, 1, 0, 3
87, 96, 1, 0, 3
87, 96, 1, 0, 3
87, 96, 1, 0, 3
87, 96, 1, 0, 3
87, 96, 1, 0, 3
87, 96, 1, 0, 3
87, 96, 1, 0, 3
87, 96, 1, 0, 3
87, 96, 1, 0, 3
87, 96, 1, 0, 3
87, 96, 1, 0, 3
87, 96, 1, 0, 3
87, 96, 1, 0, 3
87, 96, 1, 0, 3
87, 96, 1, 0, 3
87, 96, 1, 0, 3
87, 96, 1, 0, 3
87, 96, 1, 0, 3
87, 96, 1, 0, 3
87, 96, 1, 0, 3
87, 96, 1, 0, 3
87, 96, 1, 0, 3
87, 96, 1, 0, 3
87, 96, 1, 0, 3
88, 48, 0, 1, 7
88, 48, 0, 1, 7
88, 48, 0, 1, 7
88, 48, 0, 1, 7
88, 48, 0, 1, 7
88, 48, 0, 1, 7
88, 48, 0, 1, 7
88, 48, 0, 1, 7
88, 48, 0, 1, 7
88, 48, 0, 1, 7
88, 48, 0, 1, 7
88, 48, 0, 1, 7
88, 48, 0, 1, 7
88, 48, 0, 1, 7
88, 48, 0, 1, 7
88, 48, 0, 1, 7
88, 48, 0, 1, 7
88, 48, 0, 1, 7
88, 48, 0, 1, 7
88, 48, 0, 1, 7
88, 48, 0, 1, 7
88, 48, 0, 1, 7
88, 48, 0, 1, 7
88, 48, 0, 1, 7
88, 48, 0, 1, 7
88, 48, 0, 1, 7
88, 48, 0, 1, 7
88, 48, 0, 1, 7
88, 48, 0, 1, 7
88, 48, 0, 1, 7
88, 48, 0, 1, 7
88, 48, 0, 1, 7
88, 48, 0, 1, 7
88, 48, 0, 1, 7
88, 48, 0, 1, 7
88, 48, 0, 1, 7
88, 48, 0, 1, 7
88, 48, 0, 1, 7
88, 48, 0, 1, 7
88, 48, 0, 1, 7
88, 48, 0, 1, 7
88, 48, 0, 1, 7
88, 48, 0, 1, 7
88, 48, 0, 1, 7
88, 48, 0, 1, 7
88, 48, 0, 1, 7
88, 48, 0, 1, 7
88, 48, 0, 1, 7
88, 96, 1, 0, 3
88, 96, 1, 0, 3
88, 96, 1, 0, 3
88, 96, 1, 0, 3
88, 96, 1, 0, 3
88, 96, 1, 0, 3
88, 96, 1, 0, 3
88, 96, 1, 0, 3
88, 96, 1, 0, 3
88, 96, 1, 0, 3
88, 96, 1, 0, 3
88, 96, 1, 0, 3
88, 96, 1, 0, 3
88, 96, 1, 0, 3
88, 96, 1, 0, 3
88, 96, 1, 0, 3
88, 96, 1, 0, 3
88, 96, 1, 0, 3
88, 96, 1, 0, 3
88, 96, 1, 0, 3
88, 96, 1, 0, 3
88, 96, 1, 0, 3
88, 96, 1, 0, 3
88, 96, 1, 0, 3
88, 96, 1, 0, 3
88, 96, 1, 0, 3
88, 96, 1, 0, 3
88, 96, 1, 0, 3
88, 96, 1, 0, 3
88, 96, 1, 0, 3
88, 96, 1, 0, 3
88, 96, 1, 0, 3
88, 96, 1, 0, 3
88, 96, 1, 0, 3
88, 96, 1, 0, 3
88, 96, 1, 0, 3
88, 96, 1, 0, 3
88, 96, 1, 0, 3
88, 96, 1, 0, 3
88, 96, 1, 0, 3
88, 96, 1, 0, 3
88, 96, 1, 0, 3
88, 96, 1, 0, 3
88, 96, 1, 0, 3
88, 96, 1, 0, 3
88, 96, 1, 0, 3
88, 96, 1, 0, 3
88, 96, 1, 0, 3
88, 96, 1, 0, 3
88, 96, 1, 0, 3
88, 96, 1, 0, 3
88, 96, 1, 0, 3
88, 96, 1, 0, 3
88, 96, 1, 0, 3
88, 96, 1, 0, 3
88, 96, 1, 0, 3
88, 96, 1, 0, 3
88, 96, 1, 0, 3
88, 96, 1, 0, 3
88, 96, 1, 0, 3
88, 96, 1, 0, 3
88, 96, 1, 0, 3
88, 96, 1, 0, 3
88, 96, 1, 0, 3
88, 96, 1, 0, 3
88, 96, 1, 0, 3
88, 96, 1, 0, 3
88, 96, 1, 0, 3
88, 96, 1, 0, 3
88, 96, 1, 0, 3
88, 96, 1, 0, 3
88, 96, 1, 0, 3
88, 96, 1, 0, 3
88, 96, 1, 0, 3
88, 96, 1, 0, 3
88, 96, 1, 0, 3
88, 96, 1, 0, 3
88, 96, 1, 0, 3
88, 96, 1, 0, 3
88, 96, 1, 0, 3
88, 96, 1, 0, 3
88, 96, 1, 0, 3
88, 96, 1, 0, 3
88, 96, 1, 0, 3
88, 96, 1, 0, 3
88, 96, 1, 0, 3
88, 96, 1, 0, 3
88, 96, 1, 0, 3
88, 96, 1, 0, 3
88, 96, 1, 0, 3
88, 96, 1, 0, 3
88, 96, 1, 0, 3
88, 96, 1, 0, 3
88, 96, 1, 0, 3
88, 96, 1, 0, 3
88, 96, 1, 0, 3
89, 48, 0, 1, 7
89, 48, 0, 1, 7
89, 48, 0, 1, 7
89, 48, 0, 1, 7
89, 48, 0, 1, 7
89, 48, 0, 1, 7
89, 48, 0, 1, 7
89, 48, 0, 1, 7
89, 48, 0, 1, 7
89, 48, 0, 1, 7
89, 48, 0, 1, 7
89, 48, 0, 1, 7
89, 48, 0, 1, 7
89, 48, 0, 1, 7
89, 48, 0, 1, 7
89, 48, 0, 1, 7
89, 48, 0, 1, 7
89, 48, 0, 1, 7
89, 48, 0, 1, 7
89, 48, 0, 1, 7
89, 48, 0, 1, 7
89, 48, 0, 1, 7
89, 48, 0, 1, 7
89, 48, 0, 1, 7
89, 48, 0, 1, 7
89, 48, 0, 1, 7
89, 48, 0, 1, 7
89, 48, 0, 1, 7
89, 48, 0, 1, 7
89, 48, 0, 1, 7
89, 48, 0, 1, 7
89, 48, 0, 1, 7
89, 48, 0, 1, 7
89, 48, 0, 1, 7
89, 48, 0, 1, 7
89, 48, 0, 1, 7
89, 48, 0, 1, 7
89, 48, 0, 1, 7
89, 48, 0, 1, 7
89, 48, 0, 1, 7
89, 48, 0, 1, 7
89, 48, 0, 1, 7
89, 48, 0, 1, 7
89, 48, 0, 1, 7
89, 48, 0, 1, 7
89, 48, 0, 1, 7
89, 48, 0, 1, 7
89, 48, 0, 1, 7
89, 96, 1, 0, 3
89, 96, 1, 0, 3
89, 96, 1, 0, 3
89, 96, 1, 0, 3
89, 96, 1, 0, 3
89, 96, 1, 0, 3
89, 96, 1, 0, 3
89, 96, 1, 0, 3
89, 96, 1, 0, 3
89, 96, 1, 0, 3
89, 96, 1, 0, 3
89, 96, 1, 0, 3
89, 96, 1, 0, 3
89, 96, 1, 0, 3
89, 96, 1, 0, 3
89, 96, 1, 0, 3
89, 96, 1, 0, 3
89, 96, 1, 0, 3
89, 96, 1, 0, 3
89, 96, 1, 0, 3
89, 96, 1, 0, 3
89, 96, 1, 0, 3
89, 96, 1, 0, 3
89, 96, 1, 0, 3
89, 96, 1, 0, 3
89, 96, 1, 0, 3
89, 96, 1, 0, 3
89, 96, 1, 0, 3
89, 96, 1, 0, 3
89, 96, 1, 0, 3
89, 96, 1, 0, 3
89, 96, 1, 0, 3
89, 96, 1, 0, 3
89, 96, 1, 0, 3
89, 96, 1, 0, 3
89, 96, 1, 0, 3
89, 96, 1, 0, 3
89, 96, 1, 0, 3
89, 96, 1, 0, 3
89, 96, 1, 0, 3
89, 96, 1, 0, 3
89, 96, 1, 0, 3
89, 96, 1, 0, 3
89, 96, 1, 0, 3
89, 96, 1, 0, 3
89, 96, 1, 0, 3
89, 96, 1, 0, 3
89, 96, 1, 0, 3
89, 96, 1, 0, 3
89, 96, 1, 0, 3
89, 96, 1, 0, 3
89, 96, 1, 0, 3
89, 96, 1, 0, 3
89, 96, 1, 0, 3
89, 96, 1, 0, 3
89, 96, 1, 0, 3
89, 96, 1, 0, 3
89, 96, 1, 0, 3
89, 96, 1, 0, 3
89, 96, 1, 0, 3
89, 96, 1, 0, 3
89, 96, 1, 0, 3
89, 96, 1, 0, 3
89, 96, 1, 0, 3
89, 96, 1, 0, 3
89, 96, 1, 0, 3
89, 96, 1, 0, 3
89, 96, 1, 0, 3
89, 96, 1, 0, 3
89, 96, 1, 0, 3
89, 96, 1, 0, 3
89, 96, 1, 0, 3
89, 96, 1, 0, 3
89, 96, 1, 0, 3
89, 96, 1, 0, 3
89, 96, 1, 0, 3
89, 96, 1, 0, 3
89, 96, 1, 0, 3
89, 96, 1, 0, 3
89, 96, 1, 0, 3
89, 96, 1, 0, 3
89, 96, 1, 0, 3
89, 96, 1, 0, 3
89, 96, 1, 0, 3
89, 96, 1, 0, 3
89, 96, 1, 0, 3
89, 96, 1, 0, 3
89, 96, 1, 0, 3
89, 96, 1, 0, 3
89, 96, 1, 0, 3
89, 96, 1, 0, 3
89, 96, 1, 0, 3
89, 96, 1, 0, 3
89, 96, 1, 0, 3
89, 96, 1, 0, 3
89, 96, 1, 0, 3
90, 48, 0, 1, 7
90, 48, 0, 1, 7
90, 48, 0, 1, 7
90, 48, 0, 1, 7
90, 48, 0, 1, 7
90, 48, 0, 1, 7
90, 48, 0, 1, 7
90, 48, 0, 1, 7
90, 48, 0, 1, 7
90, 48, 0, 1, 7
90, 48, 0, 1, 7
90, 48, 0, 1, 7
90, 48, 0, 1, 7
90, 48, 0, 1, 7
90, 48, 0, 1, 7
90, 48, 0, 1, 7
90, 48, 0, 1, 7
90, 48, 0, 1, 7
90, 48, 0, 1, 7
90, 48, 0, 1, 7
90, 48, 0, 1, 7
90, 48, 0, 1, 7
90, 48, 0, 1, 7
90, 48, 0, 1, 7
90, 48, 0, 1, 7
90, 48, 0, 1, 7
90, 48, 0, 1, 7
90, 48, 0, 1, 7
90, 48, 0, 1, 7
90, 48, 0, 1, 7
90, 48, 0, 1, 7
90, 48, 0, 1, 7
90, 48, 0, 1, 7
90, 48, 0, 1, 7
90, 48, 0, 1, 7
90, 48, 0, 1, 7
90, 48, 0, 1, 7
90, 48, 0, 1, 7
90, 48, 0, 1, 7
90, 48, 0, 1, 7
90, 48, 0, 1, 7
90, 48, 0, 1, 7
90, 48, 0, 1, 7
90, 48, 0, 1, 7
90, 48, 0, 1, 7
90, 48, 0, 1, 7
90, 48, 0, 1, 7
90, 48, 0, 1, 7
90, 96, 1, 0, 3
90, 96, 1, 0, 3
90, 96, 1, 0, 3
90, 96, 1, 0, 3
90, 96, 1, 0, 3
90, 96, 1, 0, 3
90, 96, 1, 0, 3
90, 96, 1, 0, 3
90, 96, 1, 0, 3
90, 96, 1, 0, 3
90, 96, 1, 0, 3
90, 96, 1, 0, 3
90, 96, 1, 0, 3
90, 96, 1, 0, 3
90, 96, 1, 0, 3
90, 96, 1, 0, 3
90, 96, 1, 0, 3
90, 96, 1, 0, 3
90, 96, 1, 0, 3
90, 96, 1, 0, 3
90, 96, 1, 0, 3
90, 96, 1, 0, 3
90, 96, 1, 0, 3
90, 96, 1, 0, 3
90, 96, 1, 0, 3
90, 96, 1, 0, 3
90, 96, 1, 0, 3
90, 96, 1, 0, 3
90, 96, 1, 0, 3
90, 96, 1, 0, 3
90, 96, 1, 0, 3
90, 96, 1, 0, 3
90, 96, 1, 0, 3
90, 96, 1, 0, 3
90, 96, 1, 0, 3
90, 96, 1, 0, 3
90, 96, 1, 0, 3
90, 96, 1, 0, 3
90, 96, 1, 0, 3
90, 96, 1, 0, 3
90, 96, 1, 0, 3
90, 96, 1, 0, 3
90, 96, 1, 0, 3
90, 96, 1, 0, 3
90, 96, 1, 0, 3
90, 96, 1, 0, 3
90, 96, 1, 0, 3
90, 96, 1, 0, 3
90, 96, 1, 0, 3
90, 96, 1, 0, 3
90, 96, 1, 0, 3
90, 96, 1, 0, 3
90, 96, 1, 0, 3
90, 96, 1, 0, 3
90, 96, 1, 0, 3
90, 96, 1, 0, 3
90, 96, 1, 0, 3
90, 96, 1, 0, 3
90, 96, 1, 0, 3
90, 96, 1, 0, 3
90, 96, 1, 0, 3
90, 96, 1, 0, 3
90, 96, 1, 0, 3
90, 96, 1, 0, 3
90, 96, 1, 0, 3
90, 96, 1, 0, 3
90, 96, 1, 0, 3
90, 96, 1, 0, 3
90, 96, 1, 0, 3
90, 96, 1, 0, 3
90, 96, 1, 0, 3
90, 96, 1, 0, 3
90, 96, 1, 0, 3
90, 96, 1, 0, 3
90, 96, 1, 0, 3
90, 96, 1, 0, 3
90, 96, 1, 0, 3
90, 96, 1, 0, 3
90, 96, 1, 0, 3
90, 96, 1, 0, 3
90, 96, 1, 0, 3
90, 96, 1, 0, 3
90, 96, 1, 0, 3
90, 96, 1, 0, 3
90, 96, 1, 0, 3
90, 96, 1, 0, 3
90, 96, 1, 0, 3
90, 96, 1, 0, 3
90, 96, 1, 0, 3
90, 96, 1, 0, 3
90, 96, 1, 0, 3
90, 96, 1, 0, 3
90, 96, 1, 0, 3
90, 96, 1, 0, 3
90, 96, 1, 0, 3
90, 96, 1, 0, 3
91, 48, 0, 1, 7
91, 48, 0, 1, 7
91, 48, 0, 1, 7
91, 48, 0, 1, 7
91, 48, 0, 1, 7
91, 48, 0, 1, 7
91, 48, 0, 1, 7
91, 48, 0, 1, 7
91, 48, 0, 1, 7
91, 48, 0, 1, 7
91, 48, 0, 1, 7
91, 48, 0, 1, 7
91, 48, 0, 1, 7
91, 48, 0, 1, 7
91, 48, 0, 1, 7
91, 48, 0, 1, 7
91, 48, 0, 1, 7
91, 48, 0, 1, 7
91, 48, 0, 1, 7
91, 48, 0, 1, 7
91, 48, 0, 1, 7
91, 48, 0, 1, 7
91, 48, 0, 1, 7
91, 48, 0, 1, 7
91, 48, 0, 1, 7
91, 48, 0, 1, 7
91, 48, 0, 1, 7
91, 48, 0, 1, 7
91, 48, 0, 1, 7
91, 48, 0, 1, 7
91, 48, 0, 1, 7
91, 48, 0, 1, 7
91, 48, 0, 1, 7
91, 48, 0, 1, 7
91, 48, 0, 1, 7
91, 48, 0, 1, 7
91, 48, 0, 1, 7
91, 48, 0, 1, 7
91, 48, 0, 1, 7
91, 48, 0, 1, 7
91, 48, 0, 1, 7
91, 48, 0, 1, 7
91, 48, 0, 1, 7
91, 48, 0, 1, 7
91, 48, 0, 1, 7
91, 48, 0, 1, 7
91, 48, 0, 1, 7
91, 48, 0, 1, 7
91, 96, 1, 0, 3
91, 96, 1, 0, 3
91, 96, 1, 0, 3
91, 96, 1, 0, 3
91, 96, 1, 0, 3
91, 96, 1, 0, 3
91, 96, 1, 0, 3
91, 96, 1, 0, 3
91, 96, 1, 0, 3
91, 96, 1, 0, 3
91, 96, 1, 0, 3
91, 96, 1, 0, 3
91, 96, 1, 0, 3
91, 96, 1, 0, 3
91, 96, 1, 0, 3
91, 96, 1, 0, 3
91, 96, 1, 0, 3
91, 96, 1, 0, 3
91, 96, 1, 0, 3
91, 96, 1, 0, 3
91, 96, 1, 0, 3
91, 96, 1, 0, 3
91, 96, 1, 0, 3
91, 96, 1, 0, 3
91, 96, 1, 0, 3
91, 96, 1, 0, 3
91, 96, 1, 0, 3
91, 96, 1, 0, 3
91, 96, 1, 0, 3
91, 96, 1, 0, 3
91, 96, 1, 0, 3
91, 96, 1, 0, 3
91, 96, 1, 0, 3
91, 96, 1, 0, 3
91, 96, 1, 0, 3
91, 96, 1, 0, 3
91, 96, 1, 0, 3
91, 96, 1, 0, 3
91, 96, 1, 0, 3
91, 96, 1, 0, 3
91, 96, 1, 0, 3
91, 96, 1, 0, 3
91, 96, 1, 0, 3
91, 96, 1, 0, 3
91, 96, 1, 0, 3
91, 96, 1, 0, 3
91, 96, 1, 0, 3
91, 96, 1, 0, 3
91, 96, 1, 0, 3
91, 96, 1, 0, 3
91, 96, 1, 0, 3
91, 96, 1, 0, 3
91, 96, 1, 0, 3
91, 96, 1, 0, 3
91, 96, 1, 0, 3
91, 96, 1, 0, 3
91, 96, 1, 0, 3
91, 96, 1, 0, 3
91, 96, 1, 0, 3
91, 96, 1, 0, 3
91, 96, 1, 0, 3
91, 96, 1, 0, 3
91, 96, 1, 0, 3
91, 96, 1, 0, 3
91, 96, 1, 0, 3
91, 96, 1, 0, 3
91, 96, 1, 0, 3
91, 96, 1, 0, 3
91, 96, 1, 0, 3
91, 96, 1, 0, 3
91, 96, 1, 0, 3
91, 96, 1, 0, 3
91, 96, 1, 0, 3
91, 96, 1, 0, 3
91, 96, 1, 0, 3
91, 96, 1, 0, 3
91, 96, 1, 0, 3
91, 96, 1, 0, 3
91, 96, 1, 0, 3
91, 96, 1, 0, 3
91, 96, 1, 0, 3
91, 96, 1, 0, 3
91, 96, 1, 0, 3
91, 96, 1, 0, 3
91, 96, 1, 0, 3
91, 96, 1, 0, 3
91, 96, 1, 0, 3
91, 96, 1, 0, 3
91, 96, 1, 0, 3
91, 96, 1, 0, 3
91, 96, 1, 0, 3
91, 96, 1, 0, 3
91, 96, 1, 0, 3
91, 96, 1, 0, 3
91, 96, 1, 0, 3
91, 96, 1, 0, 3
92, 48, 0, 1, 7
92, 48, 0, 1, 7
92, 48, 0, 1, 7
92, 48, 0, 1, 7
92, 48, 0, 1, 7
92, 48, 0, 1, 7
92, 48, 0, 1, 7
92, 48, 0, 1, 7
92, 48, 0, 1, 7
92, 48, 0, 1, 7
92, 48, 0, 1, 7
92, 48, 0, 1, 7
92, 48, 0, 1, 7
92, 48, 0, 1, 7
92, 48, 0, 1, 7
92, 48, 0, 1, 7
92, 48, 0, 1, 7
92, 48, 0, 1, 7
92, 48, 0, 1, 7
92, 48, 0, 1, 7
92, 48, 0, 1, 7
92, 48, 0, 1, 7
92, 48, 0, 1, 7
92, 48, 0, 1, 7
92, 48, 0, 1, 7
92, 48, 0, 1, 7
92, 48, 0, 1, 7
92, 48, 0, 1, 7
92, 48, 0, 1, 7
92, 48, 0, 1, 7
92, 48, 0, 1, 7
92, 48, 0, 1, 7
92, 48, 0, 1, 7
92, 48, 0, 1, 7
92, 48, 0, 1, 7
92, 48, 0, 1, 7
92, 48, 0, 1, 7
92, 48, 0, 1, 7
92, 48, 0, 1, 7
92, 48, 0, 1, 7
92, 48, 0, 1, 7
92, 48, 0, 1, 7
92, 48, 0, 1, 7
92, 48, 0, 1, 7
92, 48, 0, 1, 7
92, 48, 0, 1, 7
92, 48, 0, 1, 7
92, 48, 0, 1, 7
92, 96, 1, 0, 3
92, 96, 1, 0, 3
92, 96, 1, 0, 3
92, 96, 1, 0, 3
92, 96, 1, 0, 3
92, 96, 1, 0, 3
92, 96, 1, 0, 3
92, 96, 1, 0, 3
92, 96, 1, 0, 3
92, 96, 1, 0, 3
92, 96, 1, 0, 3
92, 96, 1, 0, 3
92, 96, 1, 0, 3
92, 96, 1, 0, 3
92, 96, 1, 0, 3
92, 96, 1, 0, 3
92, 96, 1, 0, 3
92, 96, 1, 0, 3
92, 96, 1, 0, 3
92, 96, 1, 0, 3
92, 96, 1, 0, 3
92, 96, 1, 0, 3
92, 96, 1, 0, 3
92, 96, 1, 0, 3
92, 96, 1, 0, 3
92, 96, 1, 0, 3
92, 96, 1, 0, 3
92, 96, 1, 0, 3
92, 96, 1, 0, 3
92, 96, 1, 0, 3
92, 96, 1, 0, 3
92, 96, 1, 0, 3
92, 96, 1, 0, 3
92, 96, 1, 0, 3
92, 96, 1, 0, 3
92, 96, 1, 0, 3
92, 96, 1, 0, 3
92, 96, 1, 0, 3
92, 96, 1, 0, 3
92, 96, 1, 0, 3
92, 96, 1, 0, 3
92, 96, 1, 0, 3
92, 96, 1, 0, 3
92, 96, 1, 0, 3
92, 96, 1, 0, 3
92, 96, 1, 0, 3
92, 96, 1, 0, 3
92, 96, 1, 0, 3
92, 96, 1, 0, 3
92, 96, 1, 0, 3
92, 96, 1, 0, 3
92, 96, 1, 0, 3
92, 96, 1, 0, 3
92, 96, 1, 0, 3
92, 96, 1, 0, 3
92, 96, 1, 0, 3
92, 96, 1, 0, 3
92, 96, 1, 0, 3
92, 96, 1, 0, 3
92, 96, 1, 0, 3
92, 96, 1, 0, 3
92, 96, 1, 0, 3
92, 96, 1, 0, 3
92, 96, 1, 0, 3
92, 96, 1, 0, 3
92, 96, 1, 0, 3
92, 96, 1, 0, 3
92, 96, 1, 0, 3
92, 96, 1, 0, 3
92, 96, 1, 0, 3
92, 96, 1, 0, 3
92, 96, 1, 0, 3
92, 96, 1, 0, 3
92, 96, 1, 0, 3
92, 96, 1, 0, 3
92, 96, 1, 0, 3
92, 96, 1, 0, 3
92, 96, 1, 0, 3
92, 96, 1, 0, 3
92, 96, 1, 0, 3
92, 96, 1, 0, 3
92, 96, 1, 0, 3
92, 96, 1, 0, 3
92, 96, 1, 0, 3
92, 96, 1, 0, 3
92, 96, 1, 0, 3
92, 96, 1, 0, 3
92, 96, 1, 0, 3
92, 96, 1, 0, 3
92, 96, 1, 0, 3
92, 96, 1, 0, 3
92, 96, 1, 0, 3
92, 96, 1, 0, 3
92, 96, 1, 0, 3
92, 96, 1, 0, 3
92, 96, 1, 0, 3
93, 13, 1, 5, 4
93, 13, 1, 5, 4
93, 13, 1, 5, 4
93, 13, 1, 6, 4
93, 13, 1, 6, 4
93, 13, 1, 6, 4
93, 13, 1, 7, 4
93, 13, 1, 7, 4
93, 13, 1, 7, 4
93, 13, 1, 8, 4
93, 13, 1, 8, 4
93, 13, 1, 8, 4
93, 13, 1, 10, 2
93, 13, 2, 5, 4
93, 13, 2, 5, 4
93, 13, 2, 5, 4
93, 13, 2, 6, 4
93, 13, 2, 6, 4
93, 13, 2, 6, 4
93, 13, 2, 7, 4
93, 13, 2, 7, 4
93, 13, 2, 7, 4
93, 13, 2, 8, 4
93, 13, 2, 8, 4
93, 13, 2, 8, 4
93, 13, 2, 10, 2
93, 13, 3, 5, 4
93, 13, 3, 5, 4
93, 13, 3, 5, 4
93, 13, 3, 6, 4
93, 13, 3, 6, 4
93, 13, 3, 6, 4
93, 13, 3, 7, 4
93, 13, 3, 7, 4
93, 13, 3, 7, 4
93, 13, 3, 8, 4
93, 13, 3, 8, 4
93, 13, 3, 8, 4
93, 13, 3, 10, 2
93, 13, 4, 0, 2
93, 13, 4, 5, 4
93, 13, 4, 5, 4
93, 13, 4, 5, 4
93, 13, 4, 6, 4
93, 13, 4, 6, 4
93, 13, 4, 6, 4
93, 13, 4, 7, 4
93, 13, 4, 7, 4
93, 13, 4, 7, 4
93, 13, 4, 8, 4
93, 13, 4, 8, 4
93, 13, 4, 8, 4
93, 24, 5, 1, 2
93, 24, 5, 1, 2
93, 24, 5, 1, 2
93, 24, 5, 1, 5
93, 24, 5, 1, 5
93, 24, 5, 1, 5
93, 24, 5, 2, 2
93, 24, 5, 2, 2
93, 24, 5, 2, 2
93, 24, 5, 2, 5
93, 24, 5, 2, 5
93, 24, 5, 2, 5
93, 24, 5, 3, 2
93, 24, 5, 3, 2
93, 24, 5, 3, 2
93, 24, 5, 3, 5
93, 24, 5, 3, 5
93, 24, 5, 3, 5
93, 24, 5, 4, 2
93, 24, 5, 4, 2
93, 24, 5, 4, 2
93, 24, 5, 4, 5
93, 24, 5, 4, 5
93, 24, 5, 4, 5
93, 24, 6, 1, 2
93, 24, 6, 1, 2
93, 24, 6, 1, 2
93, 24, 6, 1, 5
93, 24, 6, 1, 5
93, 24, 6, 1, 5
93, 24, 6, 2, 2
93, 24, 6, 2, 2
93, 24, 6, 2, 2
93, 24, 6, 2, 5
93, 24, 6, 2, 5
93, 24, 6, 2, 5
93, 24, 6, 3, 2
93, 24, 6, 3, 2
93, 24, 6, 3, 2
93, 24, 6, 3, 5
93, 24, 6, 3, 5
93, 24, 6, 3, 5
93, 24, 6, 4, 2
93, 24, 6, 4, 2
93, 24, 6, 4, 2
93, 24, 6, 4, 5
93, 24, 6, 4, 5
93, 24, 6, 4, 5
93, 24, 7, 1, 2
93, 24, 7, 1, 2
93, 24, 7, 1, 2
93, 24, 7, 1, 5
93, 24, 7, 1, 5
93, 24, 7, 1, 5
93, 24, 7, 2, 2
93, 24, 7, 2, 2
93, 24, 7, 2, 2
93, 24, 7, 2, 5
93, 24, 7, 2, 5
93, 24, 7, 2, 5
93, 24, 7, 3, 2
93, 24, 7, 3, 2
93, 24, 7, 3, 2
93, 24, 7, 3, 5
93, 24, 7, 3, 5
93, 24, 7, 3, 5
93, 24, 7, 4, 2
93, 24, 7, 4, 2
93, 24, 7, 4, 2
93, 24, 7, 4, 5
93, 24, 7, 4, 5
93, 24, 7, 4, 5
93, 24, 8, 1, 2
93, 24, 8, 1, 2
93, 24, 8, 1, 2
93, 24, 8, 1, 5
93, 24, 8, 1, 5
93, 24, 8, 1, 5
93, 24, 8, 2, 2
93, 24, 8, 2, 2
93, 24, 8, 2, 2
93, 24, 8, 2, 5
93, 24, 8, 2, 5
93, 24, 8, 2, 5
93, 24, 8, 3, 2
93, 24, 8, 3, 2
93, 24, 8, 3, 2
93, 24, 8, 3, 5
93, 24, 8, 3, 5
93, 24, 8, 3, 5
93, 24, 8, 4, 2
93, 24, 8, 4, 2
93, 24, 8, 4, 2
93, 24, 8, 4, 5
93, 24, 8, 4, 5
93, 24, 8, 4, 5
93, 1, 9, 2, 3
94, 13, 1, 5, 4
94, 13, 1, 5, 4
94, 13, 1, 5, 4
94, 13, 1, 6, 4
94, 13, 1, 6, 4
94, 13, 1, 6, 4
94, 13, 1, 7, 4
94, 13, 1, 7, 4
94, 13, 1, 7, 4
94, 13, 1, 8, 4
94, 13, 1, 8, 4
94, 13, 1, 8, 4
94, 13, 1, 10, 2
94, 13, 2, 5, 4
94, 13, 2, 5, 4
94, 13, 2, 5, 4
94, 13, 2, 6, 4
94, 13, 2, 6, 4
94, 13, 2, 6, 4
94, 13, 2, 7, 4
94, 13, 2, 7, 4
94, 13, 2, 7, 4
94, 13, 2, 8, 4
94, 13, 2, 8, 4
94, 13, 2, 8, 4
94, 13, 2, 10, 2
94, 13, 3, 5, 4
94, 13, 3, 5, 4
94, 13, 3, 5, 4
94, 13, 3, 6, 4
94, 13, 3, 6, 4
94, 13, 3, 6, 4
94, 13, 3, 7, 4
94, 13, 3, 7, 4
94, 13, 3, 7, 4
94, 13, 3, 8, 4
94, 13, 3, 8, 4
94, 13, 3, 8, 4
94, 13, 3, 10, 2
94, 13, 4, 0, 2
94, 13, 4, 5, 4
94, 13, 4, 5, 4
94, 13, 4, 5, 4
94, 13, 4, 6, 4
94, 13, 4, 6, 4
94, 13, 4, 6, 4
94, 13, 4, 7, 4
94, 13, 4, 7, 4
94, 13, 4, 7, 4
94, 13, 4, 8, 4
94, 13, 4, 8, 4
94, 13, 4, 8, 4
94, 24, 5, 1, 2
94, 24, 5, 1, 2
94, 24, 5, 1, 2
94, 24, 5, 1, 5
94, 24, 5, 1, 5
94, 24, 5, 1, 5
94, 24, 5, 2, 2
94, 24, 5, 2, 2
94, 24, 5, 2, 2
94, 24, 5, 2, 5
94, 24, 5, 2, 5
94, 24, 5, 2, 5
94, 24, 5, 3, 2
94, 24, 5, 3, 2
94, 24, 5, 3, 2
94, 24, 5, 3, 5
94, 24, 5, 3, 5
94, 24, 5, 3, 5
94, 24, 5, 4, 2
94, 24, 5, 4, 2
94, 24, 5, 4, 2
94, 24, 5, 4, 5
94, 24, 5, 4, 5
94, 24, 5, 4, 5
94, 24, 6, 1, 2
94, 24, 6, 1, 2
94, 24, 6, 1, 2
94, 24, 6, 1, 5
94, 24, 6, 1, 5
94, 24, 6, 1, 5
94, 24, 6, 2, 2
94, 24, 6, 2, 2
94, 24, 6, 2, 2
94, 24, 6, 2, 5
94, 24, 6, 2, 5
94, 24, 6, 2, 5
94, 24, 6, 3, 2
94, 24, 6, 3, 2
94, 24, 6, 3, 2
94, 24, 6, 3, 5
94, 24, 6, 3, 5
94, 24, 6, 3, 5
94, 24, 6, 4, 2
94, 24, 6, 4, 2
94, 24, 6, 4, 2
94, 24, 6, 4, 5
94, 24, 6, 4, 5
94, 24, 6, 4, 5
94, 24, 7, 1, 2
94, 24, 7, 1, 2
94, 24, 7, 1, 2
94, 24, 7, 1, 5
94, 24, 7, 1, 5
94, 24, 7, 1, 5
94, 24, 7, 2, 2
94, 24, 7, 2, 2
94, 24, 7, 2, 2
94, 24, 7, 2, 5
94, 24, 7, 2, 5
94, 24, 7, 2, 5
94, 24, 7, 3, 2
94, 24, 7, 3, 2
94, 24, 7, 3, 2
94, 24, 7, 3, 5
94, 24, 7, 3, 5
94, 24, 7, 3, 5
94, 24, 7, 4, 2
94, 24, 7, 4, 2
94, 24, 7, 4, 2
94, 24, 7, 4, 5
94, 24, 7, 4, 5
94, 24, 7, 4, 5
94, 24, 8, 1, 2
94, 24, 8, 1, 2
94, 24, 8, 1, 2
94, 24, 8, 1, 5
94, 24, 8, 1, 5
94, 24, 8, 1, 5
94, 24, 8, 2, 2
94, 24, 8, 2, 2
94, 24, 8, 2, 2
94, 24, 8, 2, 5
94, 24, 8, 2, 5
94, 24, 8, 2, 5
94, 24, 8, 3, 2
94, 24, 8, 3, 2
94, 24, 8, 3, 2
94, 24, 8, 3, 5
94, 24, 8, 3, 5
94, 24, 8, 3, 5
94, 24, 8, 4, 2
94, 24, 8, 4, 2
94, 24, 8, 4, 2
94, 24, 8, 4, 5
94, 24, 8, 4, 5
94, 24, 8, 4, 5
94, 1, 9, 2, 3
95, 13, 1, 5, 4
95, 13, 1, 5, 4
95, 13, 1, 5, 4
95, 13, 1, 6, 4
95, 13, 1, 6, 4
95, 13, 1, 6, 4
95, 13, 1, 7, 4
95, 13, 1, 7, 4
95, 13, 1, 7, 4
95, 13, 1, 8, 4
95, 13, 1, 8, 4
95, 13, 1, 8, 4
95, 13, 1, 10, 2
95, 13, 2, 5, 4
95, 13, 2, 5, 4
95, 13, 2, 5, 4
95, 13, 2, 6, 4
95, 13, 2, 6, 4
95, 13, 2, 6, 4
95, 13, 2, 7, 4
95, 13, 2, 7, 4
95, 13, 2, 7, 4
95, 13, 2, 8, 4
95, 13, 2, 8, 4
95, 13, 2, 8, 4
95, 13, 2, 10, 2
95, 13, 3, 5, 4
95, 13, 3, 5, 4
95, 13, 3, 5, 4
95, 13, 3, 6, 4
95, 13, 3, 6, 4
95, 13, 3, 6, 4
95, 13, 3, 7, 4
95, 13, 3, 7, 4
95, 13, 3, 7, 4
95, 13, 3, 8, 4
95, 13, 3, 8, 4
95, 13, 3, 8, 4
95, 13, 3, 10, 2
95, 13, 4, 0, 2
95, 13, 4, 5, 4
95, 13, 4, 5, 4
95, 13, 4, 5, 4
95, 13, 4, 6, 4
95, 13, 4, 6, 4
95, 13, 4, 6, 4
95, 13, 4, 7, 4
95, 13, 4, 7, 4
95, 13, 4, 7, 4
95, 13, 4, 8, 4
95, 13, 4, 8, 4
95, 13, 4, 8, 4
95, 24, 5, 1, 2
95, 24, 5, 1, 2
95, 24, 5, 1, 2
95, 24, 5, 1, 5
95, 24, 5, 1, 5
95, 24, 5, 1, 5
95, 24, 5, 2, 2
95, 24, 5, 2, 2
95, 24, 5, 2, 2
95, 24, 5, 2, 5
95, 24, 5, 2, 5
95, 24, 5, 2, 5
95, 24, 5, 3, 2
95, 24, 5, 3, 2
95, 24, 5, 3, 2
95, 24, 5, 3, 5
95, 24, 5, 3, 5
95, 24, 5, 3, 5
95, 24, 5, 4, 2
95, 24, 5, 4, 2
95, 24, 5, 4, 2
95, 24, 5, 4, 5
95, 24, 5, 4, 5
95, 24, 5, 4, 5
95, 24, 6, 1, 2
95, 24, 6, 1, 2
95, 24, 6, 1, 2
95, 24, 6, 1, 5
95, 24, 6, 1, 5
95, 24, 6, 1, 5
95, 24, 6, 2, 2
95, 24, 6, 2, 2
95, 24, 6, 2, 2
95, 24, 6, 2, 5
95, 24, 6, 2, 5
95, 24, 6, 2, 5
95, 24, 6, 3, 2
95, 24, 6, 3, 2
95, 24, 6, 3, 2
95, 24, 6, 3, 5
95, 24, 6, 3, 5
95, 24, 6, 3, 5
95, 24, 6, 4, 2
95, 24, 6, 4, 2
95, 24, 6, 4, 2
95, 24, 6, 4, 5
95, 24, 6, 4, 5
95, 24, 6, 4, 5
95, 24, 7, 1, 2
95, 24, 7, 1, 2
95, 24, 7, 1, 2
95, 24, 7, 1, 5
95, 24, 7, 1, 5
95, 24, 7, 1, 5
95, 24, 7, 2, 2
95, 24, 7, 2, 2
95, 24, 7, 2, 2
95, 24, 7, 2, 5
95, 24, 7, 2, 5
95, 24, 7, 2, 5
95, 24, 7, 3, 2
95, 24, 7, 3, 2
95, 24, 7, 3, 2
95, 24, 7, 3, 5
95, 24, 7, 3, 5
95, 24, 7, 3, 5
95, 24, 7, 4, 2
95, 24, 7, 4, 2
95, 24, 7, 4, 2
95, 24, 7, 4, 5
95, 24, 7, 4, 5
95, 24, 7, 4, 5
95, 24, 8, 1, 2
95, 24, 8, 1, 2
95, 24, 8, 1, 2
95, 24, 8, 1, 5
95, 24, 8, 1, 5
95, 24, 8, 1, 5
95, 24, 8, 2, 2
95, 24, 8, 2, 2
95, 24, 8, 2, 2
95, 24, 8, 2, 5
95, 24, 8, 2, 5
95, 24, 8, 2, 5
95, 24, 8, 3, 2
95, 24, 8, 3, 2
95, 24, 8, 3, 2
95, 24, 8, 3, 5
95, 24, 8, 3, 5
95, 24, 8, 3, 5
95, 24, 8, 4, 2
95, 24, 8, 4, 2
95, 24, 8, 4, 2
95, 24, 8, 4, 5
95, 24, 8, 4, 5
95, 24, 8, 4, 5
95, 1, 9, 2, 3
96, 48, 0, 1, 3
96, 48, 0, 1, 3
96, 48, 0, 1, 3
96, 48, 0, 1, 3
96, 48, 0, 1, 3
96, 48, 0, 1, 3
96, 48, 0, 1, 3
96, 48, 0, 1, 3
96, 48, 0, 1, 3
96, 48, 0, 1, 3
96, 48, 0, 1, 3
96, 48, 0, 1, 3
96, 48, 0, 1, 3
96, 48, 0, 1, 3
96, 48, 0, 1, 3
96, 48, 0, 1, 3
96, 48, 0, 1, 3
96, 48, 0, 1, 3
96, 48, 0, 1, 3
96, 48, 0, 1, 3
96, 48, 0, 1, 3
96, 48, 0, 1, 3
96, 48, 0, 1, 3
96, 48, 0, 1, 3
96, 48, 0, 1, 3
96, 48, 0, 1, 3
96, 48, 0, 1, 3
96, 48, 0, 1, 3
96, 48, 0, 1, 3
96, 48, 0, 1, 3
96, 48, 0, 1, 3
96, 48, 0, 1, 3
96, 48, 0, 1, 3
96, 48, 0, 1, 3
96, 48, 0, 1, 3
96, 48, 0, 1, 3
96, 48, 0, 1, 3
96, 48, 0, 1, 3
96, 48, 0, 1, 3
96, 48, 0, 1, 3
96, 48, 0, 1, 3
96, 48, 0, 1, 3
96, 48, 0, 1, 3
96, 48, 0, 1, 3
96, 48, 0, 1, 3
96, 48, 0, 1, 3
96, 48, 0, 1, 3
96, 48, 0, 1, 3
96, 48, 1, 0, 8
96, 48, 1, 0, 8
96, 48, 1, 0, 8
96, 48, 1, 0, 8
96, 48, 1, 0, 8
96, 48, 1, 0, 8
96, 48, 1, 0, 8
96, 48, 1, 0, 8
96, 48, 1, 0, 8
96, 48, 1, 0, 8
96, 48, 1, 0, 8
96, 48, 1, 0, 8
96, 48, 1, 0, 8
96, 48, 1, 0, 8
96, 48, 1, 0, 8
96, 48, 1, 0, 8
96, 48, 1, 0, 8
96, 48, 1, 0, 8
96, 48, 1, 0, 8
96, 48, 1, 0, 8
96, 48, 1, 0, 8
96, 48, 1, 0, 8
96, 48, 1, 0, 8
96, 48, 1, 0, 8
96, 48, 1, 0, 8
96, 48, 1, 0, 8
96, 48, 1, 0, 8
96, 48, 1, 0, 8
96, 48, 1, 0, 8
96, 48, 1, 0, 8
96, 48, 1, 0, 8
96, 48, 1, 0, 8
96, 48, 1, 0, 8
96, 48, 1, 0, 8
96, 48, 1, 0, 8
96, 48, 1, 0, 8
96, 48, 1, 0, 8
96, 48, 1, 0, 8
96, 48, 1, 0, 8
96, 48, 1, 0, 8
96, 48, 1, 0, 8
96, 48, 1, 0, 8
96, 48, 1, 0, 8
96, 48, 1, 0, 8
96, 48, 1, 0, 8
96, 48, 1, 0, 8
96, 48, 1, 0, 8
96, 48, 1, 0, 8
97, 1, 1, 0, 3
98, 1, 1, 0, 3
99, 1, 1, 0, 3
Goal
93
94
95
96
97
98
99
