CG
54
0, 21, 24, 10
0, 21, 15, 10
0, 21, 16, 10
0, 21, 17, 10
0, 21, 18, 10
0, 21, 19, 10
0, 21, 29, 10
0, 21, 32, 10
0, 21, 35, 10
0, 21, 36, 10
0, 21, 37, 10
0, 21, 38, 10
0, 21, 50, 12
0, 21, 53, 12
0, 21, 52, 12
0, 21, 49, 12
0, 21, 48, 12
0, 21, 47, 12
0, 21, 46, 12
0, 21, 45, 12
0, 21, 51, 12
1, 21, 24, 10
1, 21, 15, 10
1, 21, 16, 10
1, 21, 17, 10
1, 21, 18, 10
1, 21, 19, 10
1, 21, 29, 10
1, 21, 32, 10
1, 21, 35, 10
1, 21, 36, 10
1, 21, 37, 10
1, 21, 38, 10
1, 21, 50, 12
1, 21, 53, 12
1, 21, 52, 12
1, 21, 49, 12
1, 21, 48, 12
1, 21, 47, 12
1, 21, 46, 12
1, 21, 45, 12
1, 21, 51, 12
2, 21, 24, 10
2, 21, 15, 10
2, 21, 16, 10
2, 21, 17, 10
2, 21, 18, 10
2, 21, 19, 10
2, 21, 29, 10
2, 21, 32, 10
2, 21, 35, 10
2, 21, 36, 10
2, 21, 37, 10
2, 21, 38, 10
2, 21, 50, 12
2, 21, 53, 12
2, 21, 52, 12
2, 21, 49, 12
2, 21, 48, 12
2, 21, 47, 12
2, 21, 46, 12
2, 21, 45, 12
2, 21, 51, 12
3, 4, 15, 9
3, 4, 53, 3
3, 4, 52, 3
3, 4, 51, 3
4, 4, 16, 9
4, 4, 53, 3
4, 4, 52, 3
4, 4, 51, 3
5, 4, 17, 9
5, 4, 53, 3
5, 4, 52, 3
5, 4, 51, 3
6, 4, 18, 9
6, 4, 53, 3
6, 4, 52, 3
6, 4, 51, 3
7, 4, 19, 9
7, 4, 53, 3
7, 4, 52, 3
7, 4, 51, 3
8, 4, 29, 9
8, 4, 53, 3
8, 4, 52, 3
8, 4, 51, 3
9, 4, 32, 9
9, 4, 53, 3
9, 4, 52, 3
9, 4, 51, 3
10, 4, 35, 9
10, 4, 53, 3
10, 4, 52, 3
10, 4, 51, 3
11, 4, 36, 9
11, 4, 53, 3
11, 4, 52, 3
11, 4, 51, 3
12, 4, 37, 9
12, 4, 53, 3
12, 4, 52, 3
12, 4, 51, 3
13, 4, 38, 9
13, 4, 53, 3
13, 4, 52, 3
13, 4, 51, 3
14, 4, 24, 9
14, 4, 53, 3
14, 4, 52, 3
14, 4, 51, 3
15, 28, 20, 9
15, 28, 39, 12
15, 28, 23, 9
15, 28, 25, 9
15, 28, 28, 9
15, 28, 42, 12
15, 28, 43, 12
15, 28, 30, 9
15, 28, 33, 9
15, 28, 21, 9
15, 28, 22, 9
15, 28, 26, 9
15, 28, 40, 12
15, 28, 41, 12
15, 28, 27, 9
15, 28, 31, 9
15, 28, 34, 9
15, 28, 44, 12
15, 28, 3, 9
15, 28, 50, 3
15, 28, 53, 3
15, 28, 52, 3
15, 28, 49, 3
15, 28, 48, 3
15, 28, 47, 3
15, 28, 46, 3
15, 28, 45, 3
15, 28, 51, 3
16, 28, 20, 9
16, 28, 39, 12
16, 28, 23, 9
16, 28, 25, 9
16, 28, 28, 9
16, 28, 42, 12
16, 28, 43, 12
16, 28, 30, 9
16, 28, 33, 9
16, 28, 21, 9
16, 28, 22, 9
16, 28, 26, 9
16, 28, 40, 12
16, 28, 41, 12
16, 28, 27, 9
16, 28, 31, 9
16, 28, 34, 9
16, 28, 44, 12
16, 28, 4, 9
16, 28, 50, 3
16, 28, 53, 3
16, 28, 52, 3
16, 28, 49, 3
16, 28, 48, 3
16, 28, 47, 3
16, 28, 46, 3
16, 28, 45, 3
16, 28, 51, 3
17, 28, 20, 9
17, 28, 39, 12
17, 28, 23, 9
17, 28, 25, 9
17, 28, 28, 9
17, 28, 42, 12
17, 28, 43, 12
17, 28, 30, 9
17, 28, 33, 9
17, 28, 21, 9
17, 28, 22, 9
17, 28, 26, 9
17, 28, 40, 12
17, 28, 41, 12
17, 28, 27, 9
17, 28, 31, 9
17, 28, 34, 9
17, 28, 44, 12
17, 28, 5, 9
17, 28, 50, 3
17, 28, 53, 3
17, 28, 52, 3
17, 28, 49, 3
17, 28, 48, 3
17, 28, 47, 3
17, 28, 46, 3
17, 28, 45, 3
17, 28, 51, 3
18, 28, 20, 9
18, 28, 39, 12
18, 28, 23, 9
18, 28, 25, 9
18, 28, 28, 9
18, 28, 42, 12
18, 28, 43, 12
18, 28, 30, 9
18, 28, 33, 9
18, 28, 21, 9
18, 28, 22, 9
18, 28, 26, 9
18, 28, 40, 12
18, 28, 41, 12
18, 28, 27, 9
18, 28, 31, 9
18, 28, 34, 9
18, 28, 44, 12
18, 28, 6, 9
18, 28, 50, 3
18, 28, 53, 3
18, 28, 52, 3
18, 28, 49, 3
18, 28, 48, 3
18, 28, 47, 3
18, 28, 46, 3
18, 28, 45, 3
18, 28, 51, 3
19, 28, 20, 9
19, 28, 39, 12
19, 28, 23, 9
19, 28, 25, 9
19, 28, 28, 9
19, 28, 42, 12
19, 28, 43, 12
19, 28, 30, 9
19, 28, 33, 9
19, 28, 21, 9
19, 28, 22, 9
19, 28, 26, 9
19, 28, 40, 12
19, 28, 41, 12
19, 28, 27, 9
19, 28, 31, 9
19, 28, 34, 9
19, 28, 44, 12
19, 28, 7, 9
19, 28, 50, 3
19, 28, 53, 3
19, 28, 52, 3
19, 28, 49, 3
19, 28, 48, 3
19, 28, 47, 3
19, 28, 46, 3
19, 28, 45, 3
19, 28, 51, 3
20, 21, 21, 12
20, 21, 22, 12
20, 21, 26, 12
20, 21, 40, 12
20, 21, 41, 12
20, 21, 27, 12
20, 21, 31, 12
20, 21, 34, 12
20, 21, 44, 12
20, 21, 24, 9
20, 21, 15, 9
20, 21, 16, 9
20, 21, 17, 9
20, 21, 18, 9
20, 21, 19, 9
20, 21, 29, 9
20, 21, 32, 9
20, 21, 35, 9
20, 21, 36, 9
20, 21, 37, 9
20, 21, 38, 9
21, 21, 20, 12
21, 21, 39, 12
21, 21, 23, 12
21, 21, 25, 12
21, 21, 28, 12
21, 21, 42, 12
21, 21, 43, 12
21, 21, 30, 12
21, 21, 33, 12
21, 21, 24, 9
21, 21, 15, 9
21, 21, 16, 9
21, 21, 17, 9
21, 21, 18, 9
21, 21, 19, 9
21, 21, 29, 9
21, 21, 32, 9
21, 21, 35, 9
21, 21, 36, 9
21, 21, 37, 9
21, 21, 38, 9
22, 21, 20, 12
22, 21, 39, 12
22, 21, 23, 12
22, 21, 25, 12
22, 21, 28, 12
22, 21, 42, 12
22, 21, 43, 12
22, 21, 30, 12
22, 21, 33, 12
22, 21, 24, 9
22, 21, 15, 9
22, 21, 16, 9
22, 21, 17, 9
22, 21, 18, 9
22, 21, 19, 9
22, 21, 29, 9
22, 21, 32, 9
22, 21, 35, 9
22, 21, 36, 9
22, 21, 37, 9
22, 21, 38, 9
23, 21, 21, 12
23, 21, 22, 12
23, 21, 26, 12
23, 21, 40, 12
23, 21, 41, 12
23, 21, 27, 12
23, 21, 31, 12
23, 21, 34, 12
23, 21, 44, 12
23, 21, 24, 9
23, 21, 15, 9
23, 21, 16, 9
23, 21, 17, 9
23, 21, 18, 9
23, 21, 19, 9
23, 21, 29, 9
23, 21, 32, 9
23, 21, 35, 9
23, 21, 36, 9
23, 21, 37, 9
23, 21, 38, 9
24, 28, 20, 9
24, 28, 39, 12
24, 28, 23, 9
24, 28, 25, 9
24, 28, 28, 9
24, 28, 42, 12
24, 28, 43, 12
24, 28, 30, 9
24, 28, 33, 9
24, 28, 21, 9
24, 28, 22, 9
24, 28, 26, 9
24, 28, 40, 12
24, 28, 41, 12
24, 28, 27, 9
24, 28, 31, 9
24, 28, 34, 9
24, 28, 44, 12
24, 28, 14, 9
24, 28, 50, 3
24, 28, 53, 3
24, 28, 52, 3
24, 28, 49, 3
24, 28, 48, 3
24, 28, 47, 3
24, 28, 46, 3
24, 28, 45, 3
24, 28, 51, 3
25, 21, 21, 12
25, 21, 22, 12
25, 21, 26, 12
25, 21, 40, 12
25, 21, 41, 12
25, 21, 27, 12
25, 21, 31, 12
25, 21, 34, 12
25, 21, 44, 12
25, 21, 24, 9
25, 21, 15, 9
25, 21, 16, 9
25, 21, 17, 9
25, 21, 18, 9
25, 21, 19, 9
25, 21, 29, 9
25, 21, 32, 9
25, 21, 35, 9
25, 21, 36, 9
25, 21, 37, 9
25, 21, 38, 9
26, 21, 20, 12
26, 21, 39, 12
26, 21, 23, 12
26, 21, 25, 12
26, 21, 28, 12
26, 21, 42, 12
26, 21, 43, 12
26, 21, 30, 12
26, 21, 33, 12
26, 21, 24, 9
26, 21, 15, 9
26, 21, 16, 9
26, 21, 17, 9
26, 21, 18, 9
26, 21, 19, 9
26, 21, 29, 9
26, 21, 32, 9
26, 21, 35, 9
26, 21, 36, 9
26, 21, 37, 9
26, 21, 38, 9
27, 21, 20, 12
27, 21, 39, 12
27, 21, 23, 12
27, 21, 25, 12
27, 21, 28, 12
27, 21, 42, 12
27, 21, 43, 12
27, 21, 30, 12
27, 21, 33, 12
27, 21, 24, 9
27, 21, 15, 9
27, 21, 16, 9
27, 21, 17, 9
27, 21, 18, 9
27, 21, 19, 9
27, 21, 29, 9
27, 21, 32, 9
27, 21, 35, 9
27, 21, 36, 9
27, 21, 37, 9
27, 21, 38, 9
28, 21, 21, 12
28, 21, 22, 12
28, 21, 26, 12
28, 21, 40, 12
28, 21, 41, 12
28, 21, 27, 12
28, 21, 31, 12
28, 21, 34, 12
28, 21, 44, 12
28, 21, 24, 9
28, 21, 15, 9
28, 21, 16, 9
28, 21, 17, 9
28, 21, 18, 9
28, 21, 19, 9
28, 21, 29, 9
28, 21, 32, 9
28, 21, 35, 9
28, 21, 36, 9
28, 21, 37, 9
28, 21, 38, 9
29, 28, 20, 9
29, 28, 39, 12
29, 28, 23, 9
29, 28, 25, 9
29, 28, 28, 9
29, 28, 42, 12
29, 28, 43, 12
29, 28, 30, 9
29, 28, 33, 9
29, 28, 21, 9
29, 28, 22, 9
29, 28, 26, 9
29, 28, 40, 12
29, 28, 41, 12
29, 28, 27, 9
29, 28, 31, 9
29, 28, 34, 9
29, 28, 44, 12
29, 28, 8, 9
29, 28, 50, 3
29, 28, 53, 3
29, 28, 52, 3
29, 28, 49, 3
29, 28, 48, 3
29, 28, 47, 3
29, 28, 46, 3
29, 28, 45, 3
29, 28, 51, 3
30, 21, 21, 12
30, 21, 22, 12
30, 21, 26, 12
30, 21, 40, 12
30, 21, 41, 12
30, 21, 27, 12
30, 21, 31, 12
30, 21, 34, 12
30, 21, 44, 12
30, 21, 24, 9
30, 21, 15, 9
30, 21, 16, 9
30, 21, 17, 9
30, 21, 18, 9
30, 21, 19, 9
30, 21, 29, 9
30, 21, 32, 9
30, 21, 35, 9
30, 21, 36, 9
30, 21, 37, 9
30, 21, 38, 9
31, 21, 20, 12
31, 21, 39, 12
31, 21, 23, 12
31, 21, 25, 12
31, 21, 28, 12
31, 21, 42, 12
31, 21, 43, 12
31, 21, 30, 12
31, 21, 33, 12
31, 21, 24, 9
31, 21, 15, 9
31, 21, 16, 9
31, 21, 17, 9
31, 21, 18, 9
31, 21, 19, 9
31, 21, 29, 9
31, 21, 32, 9
31, 21, 35, 9
31, 21, 36, 9
31, 21, 37, 9
31, 21, 38, 9
32, 28, 20, 9
32, 28, 39, 12
32, 28, 23, 9
32, 28, 25, 9
32, 28, 28, 9
32, 28, 42, 12
32, 28, 43, 12
32, 28, 30, 9
32, 28, 33, 9
32, 28, 21, 9
32, 28, 22, 9
32, 28, 26, 9
32, 28, 40, 12
32, 28, 41, 12
32, 28, 27, 9
32, 28, 31, 9
32, 28, 34, 9
32, 28, 44, 12
32, 28, 9, 9
32, 28, 50, 3
32, 28, 53, 3
32, 28, 52, 3
32, 28, 49, 3
32, 28, 48, 3
32, 28, 47, 3
32, 28, 46, 3
32, 28, 45, 3
32, 28, 51, 3
33, 21, 21, 12
33, 21, 22, 12
33, 21, 26, 12
33, 21, 40, 12
33, 21, 41, 12
33, 21, 27, 12
33, 21, 31, 12
33, 21, 34, 12
33, 21, 44, 12
33, 21, 24, 9
33, 21, 15, 9
33, 21, 16, 9
33, 21, 17, 9
33, 21, 18, 9
33, 21, 19, 9
33, 21, 29, 9
33, 21, 32, 9
33, 21, 35, 9
33, 21, 36, 9
33, 21, 37, 9
33, 21, 38, 9
34, 21, 20, 12
34, 21, 39, 12
34, 21, 23, 12
34, 21, 25, 12
34, 21, 28, 12
34, 21, 42, 12
34, 21, 43, 12
34, 21, 30, 12
34, 21, 33, 12
34, 21, 24, 9
34, 21, 15, 9
34, 21, 16, 9
34, 21, 17, 9
34, 21, 18, 9
34, 21, 19, 9
34, 21, 29, 9
34, 21, 32, 9
34, 21, 35, 9
34, 21, 36, 9
34, 21, 37, 9
34, 21, 38, 9
35, 28, 20, 9
35, 28, 39, 12
35, 28, 23, 9
35, 28, 25, 9
35, 28, 28, 9
35, 28, 42, 12
35, 28, 43, 12
35, 28, 30, 9
35, 28, 33, 9
35, 28, 21, 9
35, 28, 22, 9
35, 28, 26, 9
35, 28, 40, 12
35, 28, 41, 12
35, 28, 27, 9
35, 28, 31, 9
35, 28, 34, 9
35, 28, 44, 12
35, 28, 10, 9
35, 28, 50, 3
35, 28, 53, 3
35, 28, 52, 3
35, 28, 49, 3
35, 28, 48, 3
35, 28, 47, 3
35, 28, 46, 3
35, 28, 45, 3
35, 28, 51, 3
36, 28, 20, 9
36, 28, 39, 12
36, 28, 23, 9
36, 28, 25, 9
36, 28, 28, 9
36, 28, 42, 12
36, 28, 43, 12
36, 28, 30, 9
36, 28, 33, 9
36, 28, 21, 9
36, 28, 22, 9
36, 28, 26, 9
36, 28, 40, 12
36, 28, 41, 12
36, 28, 27, 9
36, 28, 31, 9
36, 28, 34, 9
36, 28, 44, 12
36, 28, 11, 9
36, 28, 50, 3
36, 28, 53, 3
36, 28, 52, 3
36, 28, 49, 3
36, 28, 48, 3
36, 28, 47, 3
36, 28, 46, 3
36, 28, 45, 3
36, 28, 51, 3
37, 28, 20, 9
37, 28, 39, 12
37, 28, 23, 9
37, 28, 25, 9
37, 28, 28, 9
37, 28, 42, 12
37, 28, 43, 12
37, 28, 30, 9
37, 28, 33, 9
37, 28, 21, 9
37, 28, 22, 9
37, 28, 26, 9
37, 28, 40, 12
37, 28, 41, 12
37, 28, 27, 9
37, 28, 31, 9
37, 28, 34, 9
37, 28, 44, 12
37, 28, 12, 9
37, 28, 50, 3
37, 28, 53, 3
37, 28, 52, 3
37, 28, 49, 3
37, 28, 48, 3
37, 28, 47, 3
37, 28, 46, 3
37, 28, 45, 3
37, 28, 51, 3
38, 28, 20, 9
38, 28, 39, 12
38, 28, 23, 9
38, 28, 25, 9
38, 28, 28, 9
38, 28, 42, 12
38, 28, 43, 12
38, 28, 30, 9
38, 28, 33, 9
38, 28, 21, 9
38, 28, 22, 9
38, 28, 26, 9
38, 28, 40, 12
38, 28, 41, 12
38, 28, 27, 9
38, 28, 31, 9
38, 28, 34, 9
38, 28, 44, 12
38, 28, 13, 9
38, 28, 50, 3
38, 28, 53, 3
38, 28, 52, 3
38, 28, 49, 3
38, 28, 48, 3
38, 28, 47, 3
38, 28, 46, 3
38, 28, 45, 3
38, 28, 51, 3
39, 33, 21, 12
39, 33, 22, 12
39, 33, 26, 12
39, 33, 40, 24
39, 33, 41, 24
39, 33, 27, 12
39, 33, 31, 12
39, 33, 34, 12
39, 33, 44, 24
39, 33, 24, 12
39, 33, 15, 12
39, 33, 16, 12
39, 33, 17, 12
39, 33, 18, 12
39, 33, 19, 12
39, 33, 29, 12
39, 33, 32, 12
39, 33, 35, 12
39, 33, 36, 12
39, 33, 37, 12
39, 33, 38, 12
39, 33, 14, 3
39, 33, 3, 3
39, 33, 4, 3
39, 33, 5, 3
39, 33, 6, 3
39, 33, 7, 3
39, 33, 8, 3
39, 33, 9, 3
39, 33, 10, 3
39, 33, 11, 3
39, 33, 12, 3
39, 33, 13, 3
40, 33, 20, 12
40, 33, 39, 24
40, 33, 23, 12
40, 33, 25, 12
40, 33, 28, 12
40, 33, 42, 24
40, 33, 43, 24
40, 33, 30, 12
40, 33, 33, 12
40, 33, 24, 12
40, 33, 15, 12
40, 33, 16, 12
40, 33, 17, 12
40, 33, 18, 12
40, 33, 19, 12
40, 33, 29, 12
40, 33, 32, 12
40, 33, 35, 12
40, 33, 36, 12
40, 33, 37, 12
40, 33, 38, 12
40, 33, 14, 3
40, 33, 3, 3
40, 33, 4, 3
40, 33, 5, 3
40, 33, 6, 3
40, 33, 7, 3
40, 33, 8, 3
40, 33, 9, 3
40, 33, 10, 3
40, 33, 11, 3
40, 33, 12, 3
40, 33, 13, 3
41, 33, 20, 12
41, 33, 39, 24
41, 33, 23, 12
41, 33, 25, 12
41, 33, 28, 12
41, 33, 42, 24
41, 33, 43, 24
41, 33, 30, 12
41, 33, 33, 12
41, 33, 24, 12
41, 33, 15, 12
41, 33, 16, 12
41, 33, 17, 12
41, 33, 18, 12
41, 33, 19, 12
41, 33, 29, 12
41, 33, 32, 12
41, 33, 35, 12
41, 33, 36, 12
41, 33, 37, 12
41, 33, 38, 12
41, 33, 14, 3
41, 33, 3, 3
41, 33, 4, 3
41, 33, 5, 3
41, 33, 6, 3
41, 33, 7, 3
41, 33, 8, 3
41, 33, 9, 3
41, 33, 10, 3
41, 33, 11, 3
41, 33, 12, 3
41, 33, 13, 3
42, 33, 21, 12
42, 33, 22, 12
42, 33, 26, 12
42, 33, 40, 24
42, 33, 41, 24
42, 33, 27, 12
42, 33, 31, 12
42, 33, 34, 12
42, 33, 44, 24
42, 33, 24, 12
42, 33, 15, 12
42, 33, 16, 12
42, 33, 17, 12
42, 33, 18, 12
42, 33, 19, 12
42, 33, 29, 12
42, 33, 32, 12
42, 33, 35, 12
42, 33, 36, 12
42, 33, 37, 12
42, 33, 38, 12
42, 33, 14, 3
42, 33, 3, 3
42, 33, 4, 3
42, 33, 5, 3
42, 33, 6, 3
42, 33, 7, 3
42, 33, 8, 3
42, 33, 9, 3
42, 33, 10, 3
42, 33, 11, 3
42, 33, 12, 3
42, 33, 13, 3
43, 33, 21, 12
43, 33, 22, 12
43, 33, 26, 12
43, 33, 40, 24
43, 33, 41, 24
43, 33, 27, 12
43, 33, 31, 12
43, 33, 34, 12
43, 33, 44, 24
43, 33, 24, 12
43, 33, 15, 12
43, 33, 16, 12
43, 33, 17, 12
43, 33, 18, 12
43, 33, 19, 12
43, 33, 29, 12
43, 33, 32, 12
43, 33, 35, 12
43, 33, 36, 12
43, 33, 37, 12
43, 33, 38, 12
43, 33, 14, 3
43, 33, 3, 3
43, 33, 4, 3
43, 33, 5, 3
43, 33, 6, 3
43, 33, 7, 3
43, 33, 8, 3
43, 33, 9, 3
43, 33, 10, 3
43, 33, 11, 3
43, 33, 12, 3
43, 33, 13, 3
44, 33, 20, 12
44, 33, 39, 24
44, 33, 23, 12
44, 33, 25, 12
44, 33, 28, 12
44, 33, 42, 24
44, 33, 43, 24
44, 33, 30, 12
44, 33, 33, 12
44, 33, 24, 12
44, 33, 15, 12
44, 33, 16, 12
44, 33, 17, 12
44, 33, 18, 12
44, 33, 19, 12
44, 33, 29, 12
44, 33, 32, 12
44, 33, 35, 12
44, 33, 36, 12
44, 33, 37, 12
44, 33, 38, 12
44, 33, 14, 3
44, 33, 3, 3
44, 33, 4, 3
44, 33, 5, 3
44, 33, 6, 3
44, 33, 7, 3
44, 33, 8, 3
44, 33, 9, 3
44, 33, 10, 3
44, 33, 11, 3
44, 33, 12, 3
44, 33, 13, 3
DTG
0, 3, 0, 1, 1
0, 3, 0, 2, 1
0, 3, 0, 3, 1
0, 3, 1, 0, 1
0, 3, 1, 2, 1
0, 3, 1, 3, 1
0, 3, 2, 0, 1
0, 3, 2, 1, 1
0, 3, 2, 3, 1
0, 3, 3, 0, 1
0, 3, 3, 1, 1
0, 3, 3, 2, 1
1, 3, 0, 1, 1
1, 3, 0, 2, 1
1, 3, 0, 3, 1
1, 3, 1, 0, 1
1, 3, 1, 2, 1
1, 3, 1, 3, 1
1, 3, 2, 0, 1
1, 3, 2, 1, 1
1, 3, 2, 3, 1
1, 3, 3, 0, 1
1, 3, 3, 1, 1
1, 3, 3, 2, 1
2, 3, 0, 1, 1
2, 3, 0, 2, 1
2, 3, 0, 3, 1
2, 3, 1, 0, 1
2, 3, 1, 2, 1
2, 3, 1, 3, 1
2, 3, 2, 0, 1
2, 3, 2, 1, 1
2, 3, 2, 3, 1
2, 3, 3, 0, 1
2, 3, 3, 1, 1
2, 3, 3, 2, 1
3, 9, 1, 0, 4
3, 9, 1, 0, 4
3, 9, 1, 0, 4
3, 9, 1, 0, 4
3, 9, 1, 0, 4
3, 9, 1, 0, 4
3, 9, 1, 0, 4
3, 9, 1, 0, 4
3, 9, 1, 0, 4
4, 9, 1, 0, 4
4, 9, 1, 0, 4
4, 9, 1, 0, 4
4, 9, 1, 0, 4
4, 9, 1, 0, 4
4, 9, 1, 0, 4
4, 9, 1, 0, 4
4, 9, 1, 0, 4
4, 9, 1, 0, 4
5, 9, 1, 0, 4
5, 9, 1, 0, 4
5, 9, 1, 0, 4
5, 9, 1, 0, 4
5, 9, 1, 0, 4
5, 9, 1, 0, 4
5, 9, 1, 0, 4
5, 9, 1, 0, 4
5, 9, 1, 0, 4
6, 9, 1, 0, 4
6, 9, 1, 0, 4
6, 9, 1, 0, 4
6, 9, 1, 0, 4
6, 9, 1, 0, 4
6, 9, 1, 0, 4
6, 9, 1, 0, 4
6, 9, 1, 0, 4
6, 9, 1, 0, 4
7, 9, 1, 0, 4
7, 9, 1, 0, 4
7, 9, 1, 0, 4
7, 9, 1, 0, 4
7, 9, 1, 0, 4
7, 9, 1, 0, 4
7, 9, 1, 0, 4
7, 9, 1, 0, 4
7, 9, 1, 0, 4
8, 9, 1, 0, 4
8, 9, 1, 0, 4
8, 9, 1, 0, 4
8, 9, 1, 0, 4
8, 9, 1, 0, 4
8, 9, 1, 0, 4
8, 9, 1, 0, 4
8, 9, 1, 0, 4
8, 9, 1, 0, 4
9, 9, 1, 0, 4
9, 9, 1, 0, 4
9, 9, 1, 0, 4
9, 9, 1, 0, 4
9, 9, 1, 0, 4
9, 9, 1, 0, 4
9, 9, 1, 0, 4
9, 9, 1, 0, 4
9, 9, 1, 0, 4
10, 9, 1, 0, 4
10, 9, 1, 0, 4
10, 9, 1, 0, 4
10, 9, 1, 0, 4
10, 9, 1, 0, 4
10, 9, 1, 0, 4
10, 9, 1, 0, 4
10, 9, 1, 0, 4
10, 9, 1, 0, 4
11, 9, 1, 0, 4
11, 9, 1, 0, 4
11, 9, 1, 0, 4
11, 9, 1, 0, 4
11, 9, 1, 0, 4
11, 9, 1, 0, 4
11, 9, 1, 0, 4
11, 9, 1, 0, 4
11, 9, 1, 0, 4
12, 9, 1, 0, 4
12, 9, 1, 0, 4
12, 9, 1, 0, 4
12, 9, 1, 0, 4
12, 9, 1, 0, 4
12, 9, 1, 0, 4
12, 9, 1, 0, 4
12, 9, 1, 0, 4
12, 9, 1, 0, 4
13, 9, 1, 0, 4
13, 9, 1, 0, 4
13, 9, 1, 0, 4
13, 9, 1, 0, 4
13, 9, 1, 0, 4
13, 9, 1, 0, 4
13, 9, 1, 0, 4
13, 9, 1, 0, 4
13, 9, 1, 0, 4
14, 9, 1, 0, 4
14, 9, 1, 0, 4
14, 9, 1, 0, 4
14, 9, 1, 0, 4
14, 9, 1, 0, 4
14, 9, 1, 0, 4
14, 9, 1, 0, 4
14, 9, 1, 0, 4
14, 9, 1, 0, 4
15, 3, 0, 2, 2
15, 3, 0, 3, 2
15, 3, 0, 4, 2
15, 81, 1, 0, 3
15, 81, 1, 0, 3
15, 81, 1, 0, 3
15, 81, 1, 0, 3
15, 81, 1, 0, 3
15, 81, 1, 0, 3
15, 81, 1, 0, 3
15, 81, 1, 0, 3
15, 81, 1, 0, 3
15, 81, 1, 0, 3
15, 81, 1, 0, 3
15, 81, 1, 0, 3
15, 81, 1, 0, 3
15, 81, 1, 0, 3
15, 81, 1, 0, 3
15, 81, 1, 0, 3
15, 81, 1, 0, 3
15, 81, 1, 0, 3
15, 81, 1, 0, 3
15, 81, 1, 0, 3
15, 81, 1, 0, 3
15, 81, 1, 0, 3
15, 81, 1, 0, 3
15, 81, 1, 0, 3
15, 81, 1, 0, 3
15, 81, 1, 0, 3
15, 81, 1, 0, 3
15, 81, 1, 0, 3
15, 81, 1, 0, 3
15, 81, 1, 0, 3
15, 81, 1, 0, 3
15, 81, 1, 0, 3
15, 81, 1, 0, 3
15, 81, 1, 0, 3
15, 81, 1, 0, 3
15, 81, 1, 0, 3
15, 81, 1, 0, 3
15, 81, 1, 0, 3
15, 81, 1, 0, 3
15, 81, 1, 0, 3
15, 81, 1, 0, 3
15, 81, 1, 0, 3
15, 81, 1, 0, 3
15, 81, 1, 0, 3
15, 81, 1, 0, 3
15, 81, 1, 0, 3
15, 81, 1, 0, 3
15, 81, 1, 0, 3
15, 81, 1, 0, 3
15, 81, 1, 0, 3
15, 81, 1, 0, 3
15, 81, 1, 0, 3
15, 81, 1, 0, 3
15, 81, 1, 0, 3
15, 81, 1, 0, 3
15, 81, 1, 0, 3
15, 81, 1, 0, 3
15, 81, 1, 0, 3
15, 81, 1, 0, 3
15, 81, 1, 0, 3
15, 81, 1, 0, 3
15, 81, 1, 0, 3
15, 81, 1, 0, 3
15, 81, 1, 0, 3
15, 81, 1, 0, 3
15, 81, 1, 0, 3
15, 81, 1, 0, 3
15, 81, 1, 0, 3
15, 81, 1, 0, 3
15, 81, 1, 0, 3
15, 81, 1, 0, 3
15, 81, 1, 0, 3
15, 81, 1, 0, 3
15, 81, 1, 0, 3
15, 81, 1, 0, 3
15, 81, 1, 0, 3
15, 81, 1, 0, 3
15, 81, 1, 0, 3
15, 81, 1, 0, 3
15, 81, 1, 0, 3
15, 81, 1, 0, 3
15, 3, 2, 5, 2
15, 3, 2, 5, 2
15, 3, 2, 5, 2
15, 3, 3, 5, 2
15, 3, 3, 5, 2
15, 3, 3, 5, 2
15, 3, 4, 5, 2
15, 3, 4, 5, 2
15, 3, 4, 5, 2
16, 3, 0, 2, 2
16, 3, 0, 3, 2
16, 3, 0, 4, 2
16, 81, 1, 0, 3
16, 81, 1, 0, 3
16, 81, 1, 0, 3
16, 81, 1, 0, 3
16, 81, 1, 0, 3
16, 81, 1, 0, 3
16, 81, 1, 0, 3
16, 81, 1, 0, 3
16, 81, 1, 0, 3
16, 81, 1, 0, 3
16, 81, 1, 0, 3
16, 81, 1, 0, 3
16, 81, 1, 0, 3
16, 81, 1, 0, 3
16, 81, 1, 0, 3
16, 81, 1, 0, 3
16, 81, 1, 0, 3
16, 81, 1, 0, 3
16, 81, 1, 0, 3
16, 81, 1, 0, 3
16, 81, 1, 0, 3
16, 81, 1, 0, 3
16, 81, 1, 0, 3
16, 81, 1, 0, 3
16, 81, 1, 0, 3
16, 81, 1, 0, 3
16, 81, 1, 0, 3
16, 81, 1, 0, 3
16, 81, 1, 0, 3
16, 81, 1, 0, 3
16, 81, 1, 0, 3
16, 81, 1, 0, 3
16, 81, 1, 0, 3
16, 81, 1, 0, 3
16, 81, 1, 0, 3
16, 81, 1, 0, 3
16, 81, 1, 0, 3
16, 81, 1, 0, 3
16, 81, 1, 0, 3
16, 81, 1, 0, 3
16, 81, 1, 0, 3
16, 81, 1, 0, 3
16, 81, 1, 0, 3
16, 81, 1, 0, 3
16, 81, 1, 0, 3
16, 81, 1, 0, 3
16, 81, 1, 0, 3
16, 81, 1, 0, 3
16, 81, 1, 0, 3
16, 81, 1, 0, 3
16, 81, 1, 0, 3
16, 81, 1, 0, 3
16, 81, 1, 0, 3
16, 81, 1, 0, 3
16, 81, 1, 0, 3
16, 81, 1, 0, 3
16, 81, 1, 0, 3
16, 81, 1, 0, 3
16, 81, 1, 0, 3
16, 81, 1, 0, 3
16, 81, 1, 0, 3
16, 81, 1, 0, 3
16, 81, 1, 0, 3
16, 81, 1, 0, 3
16, 81, 1, 0, 3
16, 81, 1, 0, 3
16, 81, 1, 0, 3
16, 81, 1, 0, 3
16, 81, 1, 0, 3
16, 81, 1, 0, 3
16, 81, 1, 0, 3
16, 81, 1, 0, 3
16, 81, 1, 0, 3
16, 81, 1, 0, 3
16, 81, 1, 0, 3
16, 81, 1, 0, 3
16, 81, 1, 0, 3
16, 81, 1, 0, 3
16, 81, 1, 0, 3
16, 81, 1, 0, 3
16, 81, 1, 0, 3
16, 3, 2, 5, 2
16, 3, 2, 5, 2
16, 3, 2, 5, 2
16, 3, 3, 5, 2
16, 3, 3, 5, 2
16, 3, 3, 5, 2
16, 3, 4, 5, 2
16, 3, 4, 5, 2
16, 3, 4, 5, 2
17, 3, 0, 2, 2
17, 3, 0, 3, 2
17, 3, 0, 4, 2
17, 81, 1, 0, 3
17, 81, 1, 0, 3
17, 81, 1, 0, 3
17, 81, 1, 0, 3
17, 81, 1, 0, 3
17, 81, 1, 0, 3
17, 81, 1, 0, 3
17, 81, 1, 0, 3
17, 81, 1, 0, 3
17, 81, 1, 0, 3
17, 81, 1, 0, 3
17, 81, 1, 0, 3
17, 81, 1, 0, 3
17, 81, 1, 0, 3
17, 81, 1, 0, 3
17, 81, 1, 0, 3
17, 81, 1, 0, 3
17, 81, 1, 0, 3
17, 81, 1, 0, 3
17, 81, 1, 0, 3
17, 81, 1, 0, 3
17, 81, 1, 0, 3
17, 81, 1, 0, 3
17, 81, 1, 0, 3
17, 81, 1, 0, 3
17, 81, 1, 0, 3
17, 81, 1, 0, 3
17, 81, 1, 0, 3
17, 81, 1, 0, 3
17, 81, 1, 0, 3
17, 81, 1, 0, 3
17, 81, 1, 0, 3
17, 81, 1, 0, 3
17, 81, 1, 0, 3
17, 81, 1, 0, 3
17, 81, 1, 0, 3
17, 81, 1, 0, 3
17, 81, 1, 0, 3
17, 81, 1, 0, 3
17, 81, 1, 0, 3
17, 81, 1, 0, 3
17, 81, 1, 0, 3
17, 81, 1, 0, 3
17, 81, 1, 0, 3
17, 81, 1, 0, 3
17, 81, 1, 0, 3
17, 81, 1, 0, 3
17, 81, 1, 0, 3
17, 81, 1, 0, 3
17, 81, 1, 0, 3
17, 81, 1, 0, 3
17, 81, 1, 0, 3
17, 81, 1, 0, 3
17, 81, 1, 0, 3
17, 81, 1, 0, 3
17, 81, 1, 0, 3
17, 81, 1, 0, 3
17, 81, 1, 0, 3
17, 81, 1, 0, 3
17, 81, 1, 0, 3
17, 81, 1, 0, 3
17, 81, 1, 0, 3
17, 81, 1, 0, 3
17, 81, 1, 0, 3
17, 81, 1, 0, 3
17, 81, 1, 0, 3
17, 81, 1, 0, 3
17, 81, 1, 0, 3
17, 81, 1, 0, 3
17, 81, 1, 0, 3
17, 81, 1, 0, 3
17, 81, 1, 0, 3
17, 81, 1, 0, 3
17, 81, 1, 0, 3
17, 81, 1, 0, 3
17, 81, 1, 0, 3
17, 81, 1, 0, 3
17, 81, 1, 0, 3
17, 81, 1, 0, 3
17, 81, 1, 0, 3
17, 81, 1, 0, 3
17, 3, 2, 5, 2
17, 3, 2, 5, 2
17, 3, 2, 5, 2
17, 3, 3, 5, 2
17, 3, 3, 5, 2
17, 3, 3, 5, 2
17, 3, 4, 5, 2
17, 3, 4, 5, 2
17, 3, 4, 5, 2
18, 3, 0, 2, 2
18, 3, 0, 3, 2
18, 3, 0, 4, 2
18, 81, 1, 0, 3
18, 81, 1, 0, 3
18, 81, 1, 0, 3
18, 81, 1, 0, 3
18, 81, 1, 0, 3
18, 81, 1, 0, 3
18, 81, 1, 0, 3
18, 81, 1, 0, 3
18, 81, 1, 0, 3
18, 81, 1, 0, 3
18, 81, 1, 0, 3
18, 81, 1, 0, 3
18, 81, 1, 0, 3
18, 81, 1, 0, 3
18, 81, 1, 0, 3
18, 81, 1, 0, 3
18, 81, 1, 0, 3
18, 81, 1, 0, 3
18, 81, 1, 0, 3
18, 81, 1, 0, 3
18, 81, 1, 0, 3
18, 81, 1, 0, 3
18, 81, 1, 0, 3
18, 81, 1, 0, 3
18, 81, 1, 0, 3
18, 81, 1, 0, 3
18, 81, 1, 0, 3
18, 81, 1, 0, 3
18, 81, 1, 0, 3
18, 81, 1, 0, 3
18, 81, 1, 0, 3
18, 81, 1, 0, 3
18, 81, 1, 0, 3
18, 81, 1, 0, 3
18, 81, 1, 0, 3
18, 81, 1, 0, 3
18, 81, 1, 0, 3
18, 81, 1, 0, 3
18, 81, 1, 0, 3
18, 81, 1, 0, 3
18, 81, 1, 0, 3
18, 81, 1, 0, 3
18, 81, 1, 0, 3
18, 81, 1, 0, 3
18, 81, 1, 0, 3
18, 81, 1, 0, 3
18, 81, 1, 0, 3
18, 81, 1, 0, 3
18, 81, 1, 0, 3
18, 81, 1, 0, 3
18, 81, 1, 0, 3
18, 81, 1, 0, 3
18, 81, 1, 0, 3
18, 81, 1, 0, 3
18, 81, 1, 0, 3
18, 81, 1, 0, 3
18, 81, 1, 0, 3
18, 81, 1, 0, 3
18, 81, 1, 0, 3
18, 81, 1, 0, 3
18, 81, 1, 0, 3
18, 81, 1, 0, 3
18, 81, 1, 0, 3
18, 81, 1, 0, 3
18, 81, 1, 0, 3
18, 81, 1, 0, 3
18, 81, 1, 0, 3
18, 81, 1, 0, 3
18, 81, 1, 0, 3
18, 81, 1, 0, 3
18, 81, 1, 0, 3
18, 81, 1, 0, 3
18, 81, 1, 0, 3
18, 81, 1, 0, 3
18, 81, 1, 0, 3
18, 81, 1, 0, 3
18, 81, 1, 0, 3
18, 81, 1, 0, 3
18, 81, 1, 0, 3
18, 81, 1, 0, 3
18, 81, 1, 0, 3
18, 3, 2, 5, 2
18, 3, 2, 5, 2
18, 3, 2, 5, 2
18, 3, 3, 5, 2
18, 3, 3, 5, 2
18, 3, 3, 5, 2
18, 3, 4, 5, 2
18, 3, 4, 5, 2
18, 3, 4, 5, 2
19, 3, 0, 2, 2
19, 3, 0, 3, 2
19, 3, 0, 4, 2
19, 81, 1, 0, 3
19, 81, 1, 0, 3
19, 81, 1, 0, 3
19, 81, 1, 0, 3
19, 81, 1, 0, 3
19, 81, 1, 0, 3
19, 81, 1, 0, 3
19, 81, 1, 0, 3
19, 81, 1, 0, 3
19, 81, 1, 0, 3
19, 81, 1, 0, 3
19, 81, 1, 0, 3
19, 81, 1, 0, 3
19, 81, 1, 0, 3
19, 81, 1, 0, 3
19, 81, 1, 0, 3
19, 81, 1, 0, 3
19, 81, 1, 0, 3
19, 81, 1, 0, 3
19, 81, 1, 0, 3
19, 81, 1, 0, 3
19, 81, 1, 0, 3
19, 81, 1, 0, 3
19, 81, 1, 0, 3
19, 81, 1, 0, 3
19, 81, 1, 0, 3
19, 81, 1, 0, 3
19, 81, 1, 0, 3
19, 81, 1, 0, 3
19, 81, 1, 0, 3
19, 81, 1, 0, 3
19, 81, 1, 0, 3
19, 81, 1, 0, 3
19, 81, 1, 0, 3
19, 81, 1, 0, 3
19, 81, 1, 0, 3
19, 81, 1, 0, 3
19, 81, 1, 0, 3
19, 81, 1, 0, 3
19, 81, 1, 0, 3
19, 81, 1, 0, 3
19, 81, 1, 0, 3
19, 81, 1, 0, 3
19, 81, 1, 0, 3
19, 81, 1, 0, 3
19, 81, 1, 0, 3
19, 81, 1, 0, 3
19, 81, 1, 0, 3
19, 81, 1, 0, 3
19, 81, 1, 0, 3
19, 81, 1, 0, 3
19, 81, 1, 0, 3
19, 81, 1, 0, 3
19, 81, 1, 0, 3
19, 81, 1, 0, 3
19, 81, 1, 0, 3
19, 81, 1, 0, 3
19, 81, 1, 0, 3
19, 81, 1, 0, 3
19, 81, 1, 0, 3
19, 81, 1, 0, 3
19, 81, 1, 0, 3
19, 81, 1, 0, 3
19, 81, 1, 0, 3
19, 81, 1, 0, 3
19, 81, 1, 0, 3
19, 81, 1, 0, 3
19, 81, 1, 0, 3
19, 81, 1, 0, 3
19, 81, 1, 0, 3
19, 81, 1, 0, 3
19, 81, 1, 0, 3
19, 81, 1, 0, 3
19, 81, 1, 0, 3
19, 81, 1, 0, 3
19, 81, 1, 0, 3
19, 81, 1, 0, 3
19, 81, 1, 0, 3
19, 81, 1, 0, 3
19, 81, 1, 0, 3
19, 81, 1, 0, 3
19, 3, 2, 5, 2
19, 3, 2, 5, 2
19, 3, 2, 5, 2
19, 3, 3, 5, 2
19, 3, 3, 5, 2
19, 3, 3, 5, 2
19, 3, 4, 5, 2
19, 3, 4, 5, 2
19, 3, 4, 5, 2
20, 108, 0, 1, 3
20, 108, 0, 1, 3
20, 108, 0, 1, 3
20, 108, 0, 1, 3
20, 108, 0, 1, 3
20, 108, 0, 1, 3
20, 108, 0, 1, 3
20, 108, 0, 1, 3
20, 108, 0, 1, 3
20, 108, 0, 1, 3
20, 108, 0, 1, 3
20, 108, 0, 1, 3
20, 108, 0, 1, 3
20, 108, 0, 1, 3
20, 108, 0, 1, 3
20, 108, 0, 1, 3
20, 108, 0, 1, 3
20, 108, 0, 1, 3
20, 108, 0, 1, 3
20, 108, 0, 1, 3
20, 108, 0, 1, 3
20, 108, 0, 1, 3
20, 108, 0, 1, 3
20, 108, 0, 1, 3
20, 108, 0, 1, 3
20, 108, 0, 1, 3
20, 108, 0, 1, 3
20, 108, 0, 1, 3
20, 108, 0, 1, 3
20, 108, 0, 1, 3
20, 108, 0, 1, 3
20, 108, 0, 1, 3
20, 108, 0, 1, 3
20, 108, 0, 1, 3
20, 108, 0, 1, 3
20, 108, 0, 1, 3
20, 108, 0, 1, 3
20, 108, 0, 1, 3
20, 108, 0, 1, 3
20, 108, 0, 1, 3
20, 108, 0, 1, 3
20, 108, 0, 1, 3
20, 108, 0, 1, 3
20, 108, 0, 1, 3
20, 108, 0, 1, 3
20, 108, 0, 1, 3
20, 108, 0, 1, 3
20, 108, 0, 1, 3
20, 108, 0, 1, 3
20, 108, 0, 1, 3
20, 108, 0, 1, 3
20, 108, 0, 1, 3
20, 108, 0, 1, 3
20, 108, 0, 1, 3
20, 108, 0, 1, 3
20, 108, 0, 1, 3
20, 108, 0, 1, 3
20, 108, 0, 1, 3
20, 108, 0, 1, 3
20, 108, 0, 1, 3
20, 108, 0, 1, 3
20, 108, 0, 1, 3
20, 108, 0, 1, 3
20, 108, 0, 1, 3
20, 108, 0, 1, 3
20, 108, 0, 1, 3
20, 108, 0, 1, 3
20, 108, 0, 1, 3
20, 108, 0, 1, 3
20, 108, 0, 1, 3
20, 108, 0, 1, 3
20, 108, 0, 1, 3
20, 108, 0, 1, 3
20, 108, 0, 1, 3
20, 108, 0, 1, 3
20, 108, 0, 1, 3
20, 108, 0, 1, 3
20, 108, 0, 1, 3
20, 108, 0, 1, 3
20, 108, 0, 1, 3
20, 108, 0, 1, 3
20, 108, 0, 1, 3
20, 108, 0, 1, 3
20, 108, 0, 1, 3
20, 108, 0, 1, 3
20, 108, 0, 1, 3
20, 108, 0, 1, 3
20, 108, 0, 1, 3
20, 108, 0, 1, 3
20, 108, 0, 1, 3
20, 108, 0, 1, 3
20, 108, 0, 1, 3
20, 108, 0, 1, 3
20, 108, 0, 1, 3
20, 108, 0, 1, 3
20, 108, 0, 1, 3
20, 108, 0, 1, 3
20, 108, 0, 1, 3
20, 108, 0, 1, 3
20, 108, 0, 1, 3
20, 108, 0, 1, 3
20, 108, 0, 1, 3
20, 108, 0, 1, 3
20, 108, 0, 1, 3
20, 108, 0, 1, 3
20, 108, 0, 1, 3
20, 108, 0, 1, 3
20, 108, 0, 1, 3
21, 108, 0, 1, 3
21, 108, 0, 1, 3
21, 108, 0, 1, 3
21, 108, 0, 1, 3
21, 108, 0, 1, 3
21, 108, 0, 1, 3
21, 108, 0, 1, 3
21, 108, 0, 1, 3
21, 108, 0, 1, 3
21, 108, 0, 1, 3
21, 108, 0, 1, 3
21, 108, 0, 1, 3
21, 108, 0, 1, 3
21, 108, 0, 1, 3
21, 108, 0, 1, 3
21, 108, 0, 1, 3
21, 108, 0, 1, 3
21, 108, 0, 1, 3
21, 108, 0, 1, 3
21, 108, 0, 1, 3
21, 108, 0, 1, 3
21, 108, 0, 1, 3
21, 108, 0, 1, 3
21, 108, 0, 1, 3
21, 108, 0, 1, 3
21, 108, 0, 1, 3
21, 108, 0, 1, 3
21, 108, 0, 1, 3
21, 108, 0, 1, 3
21, 108, 0, 1, 3
21, 108, 0, 1, 3
21, 108, 0, 1, 3
21, 108, 0, 1, 3
21, 108, 0, 1, 3
21, 108, 0, 1, 3
21, 108, 0, 1, 3
21, 108, 0, 1, 3
21, 108, 0, 1, 3
21, 108, 0, 1, 3
21, 108, 0, 1, 3
21, 108, 0, 1, 3
21, 108, 0, 1, 3
21, 108, 0, 1, 3
21, 108, 0, 1, 3
21, 108, 0, 1, 3
21, 108, 0, 1, 3
21, 108, 0, 1, 3
21, 108, 0, 1, 3
21, 108, 0, 1, 3
21, 108, 0, 1, 3
21, 108, 0, 1, 3
21, 108, 0, 1, 3
21, 108, 0, 1, 3
21, 108, 0, 1, 3
21, 108, 0, 1, 3
21, 108, 0, 1, 3
21, 108, 0, 1, 3
21, 108, 0, 1, 3
21, 108, 0, 1, 3
21, 108, 0, 1, 3
21, 108, 0, 1, 3
21, 108, 0, 1, 3
21, 108, 0, 1, 3
21, 108, 0, 1, 3
21, 108, 0, 1, 3
21, 108, 0, 1, 3
21, 108, 0, 1, 3
21, 108, 0, 1, 3
21, 108, 0, 1, 3
21, 108, 0, 1, 3
21, 108, 0, 1, 3
21, 108, 0, 1, 3
21, 108, 0, 1, 3
21, 108, 0, 1, 3
21, 108, 0, 1, 3
21, 108, 0, 1, 3
21, 108, 0, 1, 3
21, 108, 0, 1, 3
21, 108, 0, 1, 3
21, 108, 0, 1, 3
21, 108, 0, 1, 3
21, 108, 0, 1, 3
21, 108, 0, 1, 3
21, 108, 0, 1, 3
21, 108, 0, 1, 3
21, 108, 0, 1, 3
21, 108, 0, 1, 3
21, 108, 0, 1, 3
21, 108, 0, 1, 3
21, 108, 0, 1, 3
21, 108, 0, 1, 3
21, 108, 0, 1, 3
21, 108, 0, 1, 3
21, 108, 0, 1, 3
21, 108, 0, 1, 3
21, 108, 0, 1, 3
21, 108, 0, 1, 3
21, 108, 0, 1, 3
21, 108, 0, 1, 3
21, 108, 0, 1, 3
21, 108, 0, 1, 3
21, 108, 0, 1, 3
21, 108, 0, 1, 3
21, 108, 0, 1, 3
21, 108, 0, 1, 3
21, 108, 0, 1, 3
21, 108, 0, 1, 3
21, 108, 0, 1, 3
22, 108, 0, 1, 3
22, 108, 0, 1, 3
22, 108, 0, 1, 3
22, 108, 0, 1, 3
22, 108, 0, 1, 3
22, 108, 0, 1, 3
22, 108, 0, 1, 3
22, 108, 0, 1, 3
22, 108, 0, 1, 3
22, 108, 0, 1, 3
22, 108, 0, 1, 3
22, 108, 0, 1, 3
22, 108, 0, 1, 3
22, 108, 0, 1, 3
22, 108, 0, 1, 3
22, 108, 0, 1, 3
22, 108, 0, 1, 3
22, 108, 0, 1, 3
22, 108, 0, 1, 3
22, 108, 0, 1, 3
22, 108, 0, 1, 3
22, 108, 0, 1, 3
22, 108, 0, 1, 3
22, 108, 0, 1, 3
22, 108, 0, 1, 3
22, 108, 0, 1, 3
22, 108, 0, 1, 3
22, 108, 0, 1, 3
22, 108, 0, 1, 3
22, 108, 0, 1, 3
22, 108, 0, 1, 3
22, 108, 0, 1, 3
22, 108, 0, 1, 3
22, 108, 0, 1, 3
22, 108, 0, 1, 3
22, 108, 0, 1, 3
22, 108, 0, 1, 3
22, 108, 0, 1, 3
22, 108, 0, 1, 3
22, 108, 0, 1, 3
22, 108, 0, 1, 3
22, 108, 0, 1, 3
22, 108, 0, 1, 3
22, 108, 0, 1, 3
22, 108, 0, 1, 3
22, 108, 0, 1, 3
22, 108, 0, 1, 3
22, 108, 0, 1, 3
22, 108, 0, 1, 3
22, 108, 0, 1, 3
22, 108, 0, 1, 3
22, 108, 0, 1, 3
22, 108, 0, 1, 3
22, 108, 0, 1, 3
22, 108, 0, 1, 3
22, 108, 0, 1, 3
22, 108, 0, 1, 3
22, 108, 0, 1, 3
22, 108, 0, 1, 3
22, 108, 0, 1, 3
22, 108, 0, 1, 3
22, 108, 0, 1, 3
22, 108, 0, 1, 3
22, 108, 0, 1, 3
22, 108, 0, 1, 3
22, 108, 0, 1, 3
22, 108, 0, 1, 3
22, 108, 0, 1, 3
22, 108, 0, 1, 3
22, 108, 0, 1, 3
22, 108, 0, 1, 3
22, 108, 0, 1, 3
22, 108, 0, 1, 3
22, 108, 0, 1, 3
22, 108, 0, 1, 3
22, 108, 0, 1, 3
22, 108, 0, 1, 3
22, 108, 0, 1, 3
22, 108, 0, 1, 3
22, 108, 0, 1, 3
22, 108, 0, 1, 3
22, 108, 0, 1, 3
22, 108, 0, 1, 3
22, 108, 0, 1, 3
22, 108, 0, 1, 3
22, 108, 0, 1, 3
22, 108, 0, 1, 3
22, 108, 0, 1, 3
22, 108, 0, 1, 3
22, 108, 0, 1, 3
22, 108, 0, 1, 3
22, 108, 0, 1, 3
22, 108, 0, 1, 3
22, 108, 0, 1, 3
22, 108, 0, 1, 3
22, 108, 0, 1, 3
22, 108, 0, 1, 3
22, 108, 0, 1, 3
22, 108, 0, 1, 3
22, 108, 0, 1, 3
22, 108, 0, 1, 3
22, 108, 0, 1, 3
22, 108, 0, 1, 3
22, 108, 0, 1, 3
22, 108, 0, 1, 3
22, 108, 0, 1, 3
22, 108, 0, 1, 3
22, 108, 0, 1, 3
23, 108, 0, 1, 3
23, 108, 0, 1, 3
23, 108, 0, 1, 3
23, 108, 0, 1, 3
23, 108, 0, 1, 3
23, 108, 0, 1, 3
23, 108, 0, 1, 3
23, 108, 0, 1, 3
23, 108, 0, 1, 3
23, 108, 0, 1, 3
23, 108, 0, 1, 3
23, 108, 0, 1, 3
23, 108, 0, 1, 3
23, 108, 0, 1, 3
23, 108, 0, 1, 3
23, 108, 0, 1, 3
23, 108, 0, 1, 3
23, 108, 0, 1, 3
23, 108, 0, 1, 3
23, 108, 0, 1, 3
23, 108, 0, 1, 3
23, 108, 0, 1, 3
23, 108, 0, 1, 3
23, 108, 0, 1, 3
23, 108, 0, 1, 3
23, 108, 0, 1, 3
23, 108, 0, 1, 3
23, 108, 0, 1, 3
23, 108, 0, 1, 3
23, 108, 0, 1, 3
23, 108, 0, 1, 3
23, 108, 0, 1, 3
23, 108, 0, 1, 3
23, 108, 0, 1, 3
23, 108, 0, 1, 3
23, 108, 0, 1, 3
23, 108, 0, 1, 3
23, 108, 0, 1, 3
23, 108, 0, 1, 3
23, 108, 0, 1, 3
23, 108, 0, 1, 3
23, 108, 0, 1, 3
23, 108, 0, 1, 3
23, 108, 0, 1, 3
23, 108, 0, 1, 3
23, 108, 0, 1, 3
23, 108, 0, 1, 3
23, 108, 0, 1, 3
23, 108, 0, 1, 3
23, 108, 0, 1, 3
23, 108, 0, 1, 3
23, 108, 0, 1, 3
23, 108, 0, 1, 3
23, 108, 0, 1, 3
23, 108, 0, 1, 3
23, 108, 0, 1, 3
23, 108, 0, 1, 3
23, 108, 0, 1, 3
23, 108, 0, 1, 3
23, 108, 0, 1, 3
23, 108, 0, 1, 3
23, 108, 0, 1, 3
23, 108, 0, 1, 3
23, 108, 0, 1, 3
23, 108, 0, 1, 3
23, 108, 0, 1, 3
23, 108, 0, 1, 3
23, 108, 0, 1, 3
23, 108, 0, 1, 3
23, 108, 0, 1, 3
23, 108, 0, 1, 3
23, 108, 0, 1, 3
23, 108, 0, 1, 3
23, 108, 0, 1, 3
23, 108, 0, 1, 3
23, 108, 0, 1, 3
23, 108, 0, 1, 3
23, 108, 0, 1, 3
23, 108, 0, 1, 3
23, 108, 0, 1, 3
23, 108, 0, 1, 3
23, 108, 0, 1, 3
23, 108, 0, 1, 3
23, 108, 0, 1, 3
23, 108, 0, 1, 3
23, 108, 0, 1, 3
23, 108, 0, 1, 3
23, 108, 0, 1, 3
23, 108, 0, 1, 3
23, 108, 0, 1, 3
23, 108, 0, 1, 3
23, 108, 0, 1, 3
23, 108, 0, 1, 3
23, 108, 0, 1, 3
23, 108, 0, 1, 3
23, 108, 0, 1, 3
23, 108, 0, 1, 3
23, 108, 0, 1, 3
23, 108, 0, 1, 3
23, 108, 0, 1, 3
23, 108, 0, 1, 3
23, 108, 0, 1, 3
23, 108, 0, 1, 3
23, 108, 0, 1, 3
23, 108, 0, 1, 3
23, 108, 0, 1, 3
23, 108, 0, 1, 3
23, 108, 0, 1, 3
24, 3, 0, 2, 2
24, 3, 0, 3, 2
24, 3, 0, 4, 2
24, 81, 1, 0, 3
24, 81, 1, 0, 3
24, 81, 1, 0, 3
24, 81, 1, 0, 3
24, 81, 1, 0, 3
24, 81, 1, 0, 3
24, 81, 1, 0, 3
24, 81, 1, 0, 3
24, 81, 1, 0, 3
24, 81, 1, 0, 3
24, 81, 1, 0, 3
24, 81, 1, 0, 3
24, 81, 1, 0, 3
24, 81, 1, 0, 3
24, 81, 1, 0, 3
24, 81, 1, 0, 3
24, 81, 1, 0, 3
24, 81, 1, 0, 3
24, 81, 1, 0, 3
24, 81, 1, 0, 3
24, 81, 1, 0, 3
24, 81, 1, 0, 3
24, 81, 1, 0, 3
24, 81, 1, 0, 3
24, 81, 1, 0, 3
24, 81, 1, 0, 3
24, 81, 1, 0, 3
24, 81, 1, 0, 3
24, 81, 1, 0, 3
24, 81, 1, 0, 3
24, 81, 1, 0, 3
24, 81, 1, 0, 3
24, 81, 1, 0, 3
24, 81, 1, 0, 3
24, 81, 1, 0, 3
24, 81, 1, 0, 3
24, 81, 1, 0, 3
24, 81, 1, 0, 3
24, 81, 1, 0, 3
24, 81, 1, 0, 3
24, 81, 1, 0, 3
24, 81, 1, 0, 3
24, 81, 1, 0, 3
24, 81, 1, 0, 3
24, 81, 1, 0, 3
24, 81, 1, 0, 3
24, 81, 1, 0, 3
24, 81, 1, 0, 3
24, 81, 1, 0, 3
24, 81, 1, 0, 3
24, 81, 1, 0, 3
24, 81, 1, 0, 3
24, 81, 1, 0, 3
24, 81, 1, 0, 3
24, 81, 1, 0, 3
24, 81, 1, 0, 3
24, 81, 1, 0, 3
24, 81, 1, 0, 3
24, 81, 1, 0, 3
24, 81, 1, 0, 3
24, 81, 1, 0, 3
24, 81, 1, 0, 3
24, 81, 1, 0, 3
24, 81, 1, 0, 3
24, 81, 1, 0, 3
24, 81, 1, 0, 3
24, 81, 1, 0, 3
24, 81, 1, 0, 3
24, 81, 1, 0, 3
24, 81, 1, 0, 3
24, 81, 1, 0, 3
24, 81, 1, 0, 3
24, 81, 1, 0, 3
24, 81, 1, 0, 3
24, 81, 1, 0, 3
24, 81, 1, 0, 3
24, 81, 1, 0, 3
24, 81, 1, 0, 3
24, 81, 1, 0, 3
24, 81, 1, 0, 3
24, 81, 1, 0, 3
24, 3, 2, 5, 2
24, 3, 2, 5, 2
24, 3, 2, 5, 2
24, 3, 3, 5, 2
24, 3, 3, 5, 2
24, 3, 3, 5, 2
24, 3, 4, 5, 2
24, 3, 4, 5, 2
24, 3, 4, 5, 2
25, 108, 0, 1, 3
25, 108, 0, 1, 3
25, 108, 0, 1, 3
25, 108, 0, 1, 3
25, 108, 0, 1, 3
25, 108, 0, 1, 3
25, 108, 0, 1, 3
25, 108, 0, 1, 3
25, 108, 0, 1, 3
25, 108, 0, 1, 3
25, 108, 0, 1, 3
25, 108, 0, 1, 3
25, 108, 0, 1, 3
25, 108, 0, 1, 3
25, 108, 0, 1, 3
25, 108, 0, 1, 3
25, 108, 0, 1, 3
25, 108, 0, 1, 3
25, 108, 0, 1, 3
25, 108, 0, 1, 3
25, 108, 0, 1, 3
25, 108, 0, 1, 3
25, 108, 0, 1, 3
25, 108, 0, 1, 3
25, 108, 0, 1, 3
25, 108, 0, 1, 3
25, 108, 0, 1, 3
25, 108, 0, 1, 3
25, 108, 0, 1, 3
25, 108, 0, 1, 3
25, 108, 0, 1, 3
25, 108, 0, 1, 3
25, 108, 0, 1, 3
25, 108, 0, 1, 3
25, 108, 0, 1, 3
25, 108, 0, 1, 3
25, 108, 0, 1, 3
25, 108, 0, 1, 3
25, 108, 0, 1, 3
25, 108, 0, 1, 3
25, 108, 0, 1, 3
25, 108, 0, 1, 3
25, 108, 0, 1, 3
25, 108, 0, 1, 3
25, 108, 0, 1, 3
25, 108, 0, 1, 3
25, 108, 0, 1, 3
25, 108, 0, 1, 3
25, 108, 0, 1, 3
25, 108, 0, 1, 3
25, 108, 0, 1, 3
25, 108, 0, 1, 3
25, 108, 0, 1, 3
25, 108, 0, 1, 3
25, 108, 0, 1, 3
25, 108, 0, 1, 3
25, 108, 0, 1, 3
25, 108, 0, 1, 3
25, 108, 0, 1, 3
25, 108, 0, 1, 3
25, 108, 0, 1, 3
25, 108, 0, 1, 3
25, 108, 0, 1, 3
25, 108, 0, 1, 3
25, 108, 0, 1, 3
25, 108, 0, 1, 3
25, 108, 0, 1, 3
25, 108, 0, 1, 3
25, 108, 0, 1, 3
25, 108, 0, 1, 3
25, 108, 0, 1, 3
25, 108, 0, 1, 3
25, 108, 0, 1, 3
25, 108, 0, 1, 3
25, 108, 0, 1, 3
25, 108, 0, 1, 3
25, 108, 0, 1, 3
25, 108, 0, 1, 3
25, 108, 0, 1, 3
25, 108, 0, 1, 3
25, 108, 0, 1, 3
25, 108, 0, 1, 3
25, 108, 0, 1, 3
25, 108, 0, 1, 3
25, 108, 0, 1, 3
25, 108, 0, 1, 3
25, 108, 0, 1, 3
25, 108, 0, 1, 3
25, 108, 0, 1, 3
25, 108, 0, 1, 3
25, 108, 0, 1, 3
25, 108, 0, 1, 3
25, 108, 0, 1, 3
25, 108, 0, 1, 3
25, 108, 0, 1, 3
25, 108, 0, 1, 3
25, 108, 0, 1, 3
25, 108, 0, 1, 3
25, 108, 0, 1, 3
25, 108, 0, 1, 3
25, 108, 0, 1, 3
25, 108, 0, 1, 3
25, 108, 0, 1, 3
25, 108, 0, 1, 3
25, 108, 0, 1, 3
25, 108, 0, 1, 3
25, 108, 0, 1, 3
25, 108, 0, 1, 3
26, 108, 0, 1, 3
26, 108, 0, 1, 3
26, 108, 0, 1, 3
26, 108, 0, 1, 3
26, 108, 0, 1, 3
26, 108, 0, 1, 3
26, 108, 0, 1, 3
26, 108, 0, 1, 3
26, 108, 0, 1, 3
26, 108, 0, 1, 3
26, 108, 0, 1, 3
26, 108, 0, 1, 3
26, 108, 0, 1, 3
26, 108, 0, 1, 3
26, 108, 0, 1, 3
26, 108, 0, 1, 3
26, 108, 0, 1, 3
26, 108, 0, 1, 3
26, 108, 0, 1, 3
26, 108, 0, 1, 3
26, 108, 0, 1, 3
26, 108, 0, 1, 3
26, 108, 0, 1, 3
26, 108, 0, 1, 3
26, 108, 0, 1, 3
26, 108, 0, 1, 3
26, 108, 0, 1, 3
26, 108, 0, 1, 3
26, 108, 0, 1, 3
26, 108, 0, 1, 3
26, 108, 0, 1, 3
26, 108, 0, 1, 3
26, 108, 0, 1, 3
26, 108, 0, 1, 3
26, 108, 0, 1, 3
26, 108, 0, 1, 3
26, 108, 0, 1, 3
26, 108, 0, 1, 3
26, 108, 0, 1, 3
26, 108, 0, 1, 3
26, 108, 0, 1, 3
26, 108, 0, 1, 3
26, 108, 0, 1, 3
26, 108, 0, 1, 3
26, 108, 0, 1, 3
26, 108, 0, 1, 3
26, 108, 0, 1, 3
26, 108, 0, 1, 3
26, 108, 0, 1, 3
26, 108, 0, 1, 3
26, 108, 0, 1, 3
26, 108, 0, 1, 3
26, 108, 0, 1, 3
26, 108, 0, 1, 3
26, 108, 0, 1, 3
26, 108, 0, 1, 3
26, 108, 0, 1, 3
26, 108, 0, 1, 3
26, 108, 0, 1, 3
26, 108, 0, 1, 3
26, 108, 0, 1, 3
26, 108, 0, 1, 3
26, 108, 0, 1, 3
26, 108, 0, 1, 3
26, 108, 0, 1, 3
26, 108, 0, 1, 3
26, 108, 0, 1, 3
26, 108, 0, 1, 3
26, 108, 0, 1, 3
26, 108, 0, 1, 3
26, 108, 0, 1, 3
26, 108, 0, 1, 3
26, 108, 0, 1, 3
26, 108, 0, 1, 3
26, 108, 0, 1, 3
26, 108, 0, 1, 3
26, 108, 0, 1, 3
26, 108, 0, 1, 3
26, 108, 0, 1, 3
26, 108, 0, 1, 3
26, 108, 0, 1, 3
26, 108, 0, 1, 3
26, 108, 0, 1, 3
26, 108, 0, 1, 3
26, 108, 0, 1, 3
26, 108, 0, 1, 3
26, 108, 0, 1, 3
26, 108, 0, 1, 3
26, 108, 0, 1, 3
26, 108, 0, 1, 3
26, 108, 0, 1, 3
26, 108, 0, 1, 3
26, 108, 0, 1, 3
26, 108, 0, 1, 3
26, 108, 0, 1, 3
26, 108, 0, 1, 3
26, 108, 0, 1, 3
26, 108, 0, 1, 3
26, 108, 0, 1, 3
26, 108, 0, 1, 3
26, 108, 0, 1, 3
26, 108, 0, 1, 3
26, 108, 0, 1, 3
26, 108, 0, 1, 3
26, 108, 0, 1, 3
26, 108, 0, 1, 3
26, 108, 0, 1, 3
26, 108, 0, 1, 3
27, 108, 0, 1, 3
27, 108, 0, 1, 3
27, 108, 0, 1, 3
27, 108, 0, 1, 3
27, 108, 0, 1, 3
27, 108, 0, 1, 3
27, 108, 0, 1, 3
27, 108, 0, 1, 3
27, 108, 0, 1, 3
27, 108, 0, 1, 3
27, 108, 0, 1, 3
27, 108, 0, 1, 3
27, 108, 0, 1, 3
27, 108, 0, 1, 3
27, 108, 0, 1, 3
27, 108, 0, 1, 3
27, 108, 0, 1, 3
27, 108, 0, 1, 3
27, 108, 0, 1, 3
27, 108, 0, 1, 3
27, 108, 0, 1, 3
27, 108, 0, 1, 3
27, 108, 0, 1, 3
27, 108, 0, 1, 3
27, 108, 0, 1, 3
27, 108, 0, 1, 3
27, 108, 0, 1, 3
27, 108, 0, 1, 3
27, 108, 0, 1, 3
27, 108, 0, 1, 3
27, 108, 0, 1, 3
27, 108, 0, 1, 3
27, 108, 0, 1, 3
27, 108, 0, 1, 3
27, 108, 0, 1, 3
27, 108, 0, 1, 3
27, 108, 0, 1, 3
27, 108, 0, 1, 3
27, 108, 0, 1, 3
27, 108, 0, 1, 3
27, 108, 0, 1, 3
27, 108, 0, 1, 3
27, 108, 0, 1, 3
27, 108, 0, 1, 3
27, 108, 0, 1, 3
27, 108, 0, 1, 3
27, 108, 0, 1, 3
27, 108, 0, 1, 3
27, 108, 0, 1, 3
27, 108, 0, 1, 3
27, 108, 0, 1, 3
27, 108, 0, 1, 3
27, 108, 0, 1, 3
27, 108, 0, 1, 3
27, 108, 0, 1, 3
27, 108, 0, 1, 3
27, 108, 0, 1, 3
27, 108, 0, 1, 3
27, 108, 0, 1, 3
27, 108, 0, 1, 3
27, 108, 0, 1, 3
27, 108, 0, 1, 3
27, 108, 0, 1, 3
27, 108, 0, 1, 3
27, 108, 0, 1, 3
27, 108, 0, 1, 3
27, 108, 0, 1, 3
27, 108, 0, 1, 3
27, 108, 0, 1, 3
27, 108, 0, 1, 3
27, 108, 0, 1, 3
27, 108, 0, 1, 3
27, 108, 0, 1, 3
27, 108, 0, 1, 3
27, 108, 0, 1, 3
27, 108, 0, 1, 3
27, 108, 0, 1, 3
27, 108, 0, 1, 3
27, 108, 0, 1, 3
27, 108, 0, 1, 3
27, 108, 0, 1, 3
27, 108, 0, 1, 3
27, 108, 0, 1, 3
27, 108, 0, 1, 3
27, 108, 0, 1, 3
27, 108, 0, 1, 3
27, 108, 0, 1, 3
27, 108, 0, 1, 3
27, 108, 0, 1, 3
27, 108, 0, 1, 3
27, 108, 0, 1, 3
27, 108, 0, 1, 3
27, 108, 0, 1, 3
27, 108, 0, 1, 3
27, 108, 0, 1, 3
27, 108, 0, 1, 3
27, 108, 0, 1, 3
27, 108, 0, 1, 3
27, 108, 0, 1, 3
27, 108, 0, 1, 3
27, 108, 0, 1, 3
27, 108, 0, 1, 3
27, 108, 0, 1, 3
27, 108, 0, 1, 3
27, 108, 0, 1, 3
27, 108, 0, 1, 3
27, 108, 0, 1, 3
27, 108, 0, 1, 3
28, 108, 0, 1, 3
28, 108, 0, 1, 3
28, 108, 0, 1, 3
28, 108, 0, 1, 3
28, 108, 0, 1, 3
28, 108, 0, 1, 3
28, 108, 0, 1, 3
28, 108, 0, 1, 3
28, 108, 0, 1, 3
28, 108, 0, 1, 3
28, 108, 0, 1, 3
28, 108, 0, 1, 3
28, 108, 0, 1, 3
28, 108, 0, 1, 3
28, 108, 0, 1, 3
28, 108, 0, 1, 3
28, 108, 0, 1, 3
28, 108, 0, 1, 3
28, 108, 0, 1, 3
28, 108, 0, 1, 3
28, 108, 0, 1, 3
28, 108, 0, 1, 3
28, 108, 0, 1, 3
28, 108, 0, 1, 3
28, 108, 0, 1, 3
28, 108, 0, 1, 3
28, 108, 0, 1, 3
28, 108, 0, 1, 3
28, 108, 0, 1, 3
28, 108, 0, 1, 3
28, 108, 0, 1, 3
28, 108, 0, 1, 3
28, 108, 0, 1, 3
28, 108, 0, 1, 3
28, 108, 0, 1, 3
28, 108, 0, 1, 3
28, 108, 0, 1, 3
28, 108, 0, 1, 3
28, 108, 0, 1, 3
28, 108, 0, 1, 3
28, 108, 0, 1, 3
28, 108, 0, 1, 3
28, 108, 0, 1, 3
28, 108, 0, 1, 3
28, 108, 0, 1, 3
28, 108, 0, 1, 3
28, 108, 0, 1, 3
28, 108, 0, 1, 3
28, 108, 0, 1, 3
28, 108, 0, 1, 3
28, 108, 0, 1, 3
28, 108, 0, 1, 3
28, 108, 0, 1, 3
28, 108, 0, 1, 3
28, 108, 0, 1, 3
28, 108, 0, 1, 3
28, 108, 0, 1, 3
28, 108, 0, 1, 3
28, 108, 0, 1, 3
28, 108, 0, 1, 3
28, 108, 0, 1, 3
28, 108, 0, 1, 3
28, 108, 0, 1, 3
28, 108, 0, 1, 3
28, 108, 0, 1, 3
28, 108, 0, 1, 3
28, 108, 0, 1, 3
28, 108, 0, 1, 3
28, 108, 0, 1, 3
28, 108, 0, 1, 3
28, 108, 0, 1, 3
28, 108, 0, 1, 3
28, 108, 0, 1, 3
28, 108, 0, 1, 3
28, 108, 0, 1, 3
28, 108, 0, 1, 3
28, 108, 0, 1, 3
28, 108, 0, 1, 3
28, 108, 0, 1, 3
28, 108, 0, 1, 3
28, 108, 0, 1, 3
28, 108, 0, 1, 3
28, 108, 0, 1, 3
28, 108, 0, 1, 3
28, 108, 0, 1, 3
28, 108, 0, 1, 3
28, 108, 0, 1, 3
28, 108, 0, 1, 3
28, 108, 0, 1, 3
28, 108, 0, 1, 3
28, 108, 0, 1, 3
28, 108, 0, 1, 3
28, 108, 0, 1, 3
28, 108, 0, 1, 3
28, 108, 0, 1, 3
28, 108, 0, 1, 3
28, 108, 0, 1, 3
28, 108, 0, 1, 3
28, 108, 0, 1, 3
28, 108, 0, 1, 3
28, 108, 0, 1, 3
28, 108, 0, 1, 3
28, 108, 0, 1, 3
28, 108, 0, 1, 3
28, 108, 0, 1, 3
28, 108, 0, 1, 3
28, 108, 0, 1, 3
28, 108, 0, 1, 3
29, 3, 0, 2, 2
29, 3, 0, 3, 2
29, 3, 0, 4, 2
29, 81, 1, 0, 3
29, 81, 1, 0, 3
29, 81, 1, 0, 3
29, 81, 1, 0, 3
29, 81, 1, 0, 3
29, 81, 1, 0, 3
29, 81, 1, 0, 3
29, 81, 1, 0, 3
29, 81, 1, 0, 3
29, 81, 1, 0, 3
29, 81, 1, 0, 3
29, 81, 1, 0, 3
29, 81, 1, 0, 3
29, 81, 1, 0, 3
29, 81, 1, 0, 3
29, 81, 1, 0, 3
29, 81, 1, 0, 3
29, 81, 1, 0, 3
29, 81, 1, 0, 3
29, 81, 1, 0, 3
29, 81, 1, 0, 3
29, 81, 1, 0, 3
29, 81, 1, 0, 3
29, 81, 1, 0, 3
29, 81, 1, 0, 3
29, 81, 1, 0, 3
29, 81, 1, 0, 3
29, 81, 1, 0, 3
29, 81, 1, 0, 3
29, 81, 1, 0, 3
29, 81, 1, 0, 3
29, 81, 1, 0, 3
29, 81, 1, 0, 3
29, 81, 1, 0, 3
29, 81, 1, 0, 3
29, 81, 1, 0, 3
29, 81, 1, 0, 3
29, 81, 1, 0, 3
29, 81, 1, 0, 3
29, 81, 1, 0, 3
29, 81, 1, 0, 3
29, 81, 1, 0, 3
29, 81, 1, 0, 3
29, 81, 1, 0, 3
29, 81, 1, 0, 3
29, 81, 1, 0, 3
29, 81, 1, 0, 3
29, 81, 1, 0, 3
29, 81, 1, 0, 3
29, 81, 1, 0, 3
29, 81, 1, 0, 3
29, 81, 1, 0, 3
29, 81, 1, 0, 3
29, 81, 1, 0, 3
29, 81, 1, 0, 3
29, 81, 1, 0, 3
29, 81, 1, 0, 3
29, 81, 1, 0, 3
29, 81, 1, 0, 3
29, 81, 1, 0, 3
29, 81, 1, 0, 3
29, 81, 1, 0, 3
29, 81, 1, 0, 3
29, 81, 1, 0, 3
29, 81, 1, 0, 3
29, 81, 1, 0, 3
29, 81, 1, 0, 3
29, 81, 1, 0, 3
29, 81, 1, 0, 3
29, 81, 1, 0, 3
29, 81, 1, 0, 3
29, 81, 1, 0, 3
29, 81, 1, 0, 3
29, 81, 1, 0, 3
29, 81, 1, 0, 3
29, 81, 1, 0, 3
29, 81, 1, 0, 3
29, 81, 1, 0, 3
29, 81, 1, 0, 3
29, 81, 1, 0, 3
29, 81, 1, 0, 3
29, 3, 2, 5, 2
29, 3, 2, 5, 2
29, 3, 2, 5, 2
29, 3, 3, 5, 2
29, 3, 3, 5, 2
29, 3, 3, 5, 2
29, 3, 4, 5, 2
29, 3, 4, 5, 2
29, 3, 4, 5, 2
30, 108, 0, 1, 3
30, 108, 0, 1, 3
30, 108, 0, 1, 3
30, 108, 0, 1, 3
30, 108, 0, 1, 3
30, 108, 0, 1, 3
30, 108, 0, 1, 3
30, 108, 0, 1, 3
30, 108, 0, 1, 3
30, 108, 0, 1, 3
30, 108, 0, 1, 3
30, 108, 0, 1, 3
30, 108, 0, 1, 3
30, 108, 0, 1, 3
30, 108, 0, 1, 3
30, 108, 0, 1, 3
30, 108, 0, 1, 3
30, 108, 0, 1, 3
30, 108, 0, 1, 3
30, 108, 0, 1, 3
30, 108, 0, 1, 3
30, 108, 0, 1, 3
30, 108, 0, 1, 3
30, 108, 0, 1, 3
30, 108, 0, 1, 3
30, 108, 0, 1, 3
30, 108, 0, 1, 3
30, 108, 0, 1, 3
30, 108, 0, 1, 3
30, 108, 0, 1, 3
30, 108, 0, 1, 3
30, 108, 0, 1, 3
30, 108, 0, 1, 3
30, 108, 0, 1, 3
30, 108, 0, 1, 3
30, 108, 0, 1, 3
30, 108, 0, 1, 3
30, 108, 0, 1, 3
30, 108, 0, 1, 3
30, 108, 0, 1, 3
30, 108, 0, 1, 3
30, 108, 0, 1, 3
30, 108, 0, 1, 3
30, 108, 0, 1, 3
30, 108, 0, 1, 3
30, 108, 0, 1, 3
30, 108, 0, 1, 3
30, 108, 0, 1, 3
30, 108, 0, 1, 3
30, 108, 0, 1, 3
30, 108, 0, 1, 3
30, 108, 0, 1, 3
30, 108, 0, 1, 3
30, 108, 0, 1, 3
30, 108, 0, 1, 3
30, 108, 0, 1, 3
30, 108, 0, 1, 3
30, 108, 0, 1, 3
30, 108, 0, 1, 3
30, 108, 0, 1, 3
30, 108, 0, 1, 3
30, 108, 0, 1, 3
30, 108, 0, 1, 3
30, 108, 0, 1, 3
30, 108, 0, 1, 3
30, 108, 0, 1, 3
30, 108, 0, 1, 3
30, 108, 0, 1, 3
30, 108, 0, 1, 3
30, 108, 0, 1, 3
30, 108, 0, 1, 3
30, 108, 0, 1, 3
30, 108, 0, 1, 3
30, 108, 0, 1, 3
30, 108, 0, 1, 3
30, 108, 0, 1, 3
30, 108, 0, 1, 3
30, 108, 0, 1, 3
30, 108, 0, 1, 3
30, 108, 0, 1, 3
30, 108, 0, 1, 3
30, 108, 0, 1, 3
30, 108, 0, 1, 3
30, 108, 0, 1, 3
30, 108, 0, 1, 3
30, 108, 0, 1, 3
30, 108, 0, 1, 3
30, 108, 0, 1, 3
30, 108, 0, 1, 3
30, 108, 0, 1, 3
30, 108, 0, 1, 3
30, 108, 0, 1, 3
30, 108, 0, 1, 3
30, 108, 0, 1, 3
30, 108, 0, 1, 3
30, 108, 0, 1, 3
30, 108, 0, 1, 3
30, 108, 0, 1, 3
30, 108, 0, 1, 3
30, 108, 0, 1, 3
30, 108, 0, 1, 3
30, 108, 0, 1, 3
30, 108, 0, 1, 3
30, 108, 0, 1, 3
30, 108, 0, 1, 3
30, 108, 0, 1, 3
30, 108, 0, 1, 3
30, 108, 0, 1, 3
31, 108, 0, 1, 3
31, 108, 0, 1, 3
31, 108, 0, 1, 3
31, 108, 0, 1, 3
31, 108, 0, 1, 3
31, 108, 0, 1, 3
31, 108, 0, 1, 3
31, 108, 0, 1, 3
31, 108, 0, 1, 3
31, 108, 0, 1, 3
31, 108, 0, 1, 3
31, 108, 0, 1, 3
31, 108, 0, 1, 3
31, 108, 0, 1, 3
31, 108, 0, 1, 3
31, 108, 0, 1, 3
31, 108, 0, 1, 3
31, 108, 0, 1, 3
31, 108, 0, 1, 3
31, 108, 0, 1, 3
31, 108, 0, 1, 3
31, 108, 0, 1, 3
31, 108, 0, 1, 3
31, 108, 0, 1, 3
31, 108, 0, 1, 3
31, 108, 0, 1, 3
31, 108, 0, 1, 3
31, 108, 0, 1, 3
31, 108, 0, 1, 3
31, 108, 0, 1, 3
31, 108, 0, 1, 3
31, 108, 0, 1, 3
31, 108, 0, 1, 3
31, 108, 0, 1, 3
31, 108, 0, 1, 3
31, 108, 0, 1, 3
31, 108, 0, 1, 3
31, 108, 0, 1, 3
31, 108, 0, 1, 3
31, 108, 0, 1, 3
31, 108, 0, 1, 3
31, 108, 0, 1, 3
31, 108, 0, 1, 3
31, 108, 0, 1, 3
31, 108, 0, 1, 3
31, 108, 0, 1, 3
31, 108, 0, 1, 3
31, 108, 0, 1, 3
31, 108, 0, 1, 3
31, 108, 0, 1, 3
31, 108, 0, 1, 3
31, 108, 0, 1, 3
31, 108, 0, 1, 3
31, 108, 0, 1, 3
31, 108, 0, 1, 3
31, 108, 0, 1, 3
31, 108, 0, 1, 3
31, 108, 0, 1, 3
31, 108, 0, 1, 3
31, 108, 0, 1, 3
31, 108, 0, 1, 3
31, 108, 0, 1, 3
31, 108, 0, 1, 3
31, 108, 0, 1, 3
31, 108, 0, 1, 3
31, 108, 0, 1, 3
31, 108, 0, 1, 3
31, 108, 0, 1, 3
31, 108, 0, 1, 3
31, 108, 0, 1, 3
31, 108, 0, 1, 3
31, 108, 0, 1, 3
31, 108, 0, 1, 3
31, 108, 0, 1, 3
31, 108, 0, 1, 3
31, 108, 0, 1, 3
31, 108, 0, 1, 3
31, 108, 0, 1, 3
31, 108, 0, 1, 3
31, 108, 0, 1, 3
31, 108, 0, 1, 3
31, 108, 0, 1, 3
31, 108, 0, 1, 3
31, 108, 0, 1, 3
31, 108, 0, 1, 3
31, 108, 0, 1, 3
31, 108, 0, 1, 3
31, 108, 0, 1, 3
31, 108, 0, 1, 3
31, 108, 0, 1, 3
31, 108, 0, 1, 3
31, 108, 0, 1, 3
31, 108, 0, 1, 3
31, 108, 0, 1, 3
31, 108, 0, 1, 3
31, 108, 0, 1, 3
31, 108, 0, 1, 3
31, 108, 0, 1, 3
31, 108, 0, 1, 3
31, 108, 0, 1, 3
31, 108, 0, 1, 3
31, 108, 0, 1, 3
31, 108, 0, 1, 3
31, 108, 0, 1, 3
31, 108, 0, 1, 3
31, 108, 0, 1, 3
31, 108, 0, 1, 3
31, 108, 0, 1, 3
32, 3, 0, 2, 2
32, 3, 0, 3, 2
32, 3, 0, 4, 2
32, 81, 1, 0, 3
32, 81, 1, 0, 3
32, 81, 1, 0, 3
32, 81, 1, 0, 3
32, 81, 1, 0, 3
32, 81, 1, 0, 3
32, 81, 1, 0, 3
32, 81, 1, 0, 3
32, 81, 1, 0, 3
32, 81, 1, 0, 3
32, 81, 1, 0, 3
32, 81, 1, 0, 3
32, 81, 1, 0, 3
32, 81, 1, 0, 3
32, 81, 1, 0, 3
32, 81, 1, 0, 3
32, 81, 1, 0, 3
32, 81, 1, 0, 3
32, 81, 1, 0, 3
32, 81, 1, 0, 3
32, 81, 1, 0, 3
32, 81, 1, 0, 3
32, 81, 1, 0, 3
32, 81, 1, 0, 3
32, 81, 1, 0, 3
32, 81, 1, 0, 3
32, 81, 1, 0, 3
32, 81, 1, 0, 3
32, 81, 1, 0, 3
32, 81, 1, 0, 3
32, 81, 1, 0, 3
32, 81, 1, 0, 3
32, 81, 1, 0, 3
32, 81, 1, 0, 3
32, 81, 1, 0, 3
32, 81, 1, 0, 3
32, 81, 1, 0, 3
32, 81, 1, 0, 3
32, 81, 1, 0, 3
32, 81, 1, 0, 3
32, 81, 1, 0, 3
32, 81, 1, 0, 3
32, 81, 1, 0, 3
32, 81, 1, 0, 3
32, 81, 1, 0, 3
32, 81, 1, 0, 3
32, 81, 1, 0, 3
32, 81, 1, 0, 3
32, 81, 1, 0, 3
32, 81, 1, 0, 3
32, 81, 1, 0, 3
32, 81, 1, 0, 3
32, 81, 1, 0, 3
32, 81, 1, 0, 3
32, 81, 1, 0, 3
32, 81, 1, 0, 3
32, 81, 1, 0, 3
32, 81, 1, 0, 3
32, 81, 1, 0, 3
32, 81, 1, 0, 3
32, 81, 1, 0, 3
32, 81, 1, 0, 3
32, 81, 1, 0, 3
32, 81, 1, 0, 3
32, 81, 1, 0, 3
32, 81, 1, 0, 3
32, 81, 1, 0, 3
32, 81, 1, 0, 3
32, 81, 1, 0, 3
32, 81, 1, 0, 3
32, 81, 1, 0, 3
32, 81, 1, 0, 3
32, 81, 1, 0, 3
32, 81, 1, 0, 3
32, 81, 1, 0, 3
32, 81, 1, 0, 3
32, 81, 1, 0, 3
32, 81, 1, 0, 3
32, 81, 1, 0, 3
32, 81, 1, 0, 3
32, 81, 1, 0, 3
32, 3, 2, 5, 2
32, 3, 2, 5, 2
32, 3, 2, 5, 2
32, 3, 3, 5, 2
32, 3, 3, 5, 2
32, 3, 3, 5, 2
32, 3, 4, 5, 2
32, 3, 4, 5, 2
32, 3, 4, 5, 2
33, 108, 0, 1, 3
33, 108, 0, 1, 3
33, 108, 0, 1, 3
33, 108, 0, 1, 3
33, 108, 0, 1, 3
33, 108, 0, 1, 3
33, 108, 0, 1, 3
33, 108, 0, 1, 3
33, 108, 0, 1, 3
33, 108, 0, 1, 3
33, 108, 0, 1, 3
33, 108, 0, 1, 3
33, 108, 0, 1, 3
33, 108, 0, 1, 3
33, 108, 0, 1, 3
33, 108, 0, 1, 3
33, 108, 0, 1, 3
33, 108, 0, 1, 3
33, 108, 0, 1, 3
33, 108, 0, 1, 3
33, 108, 0, 1, 3
33, 108, 0, 1, 3
33, 108, 0, 1, 3
33, 108, 0, 1, 3
33, 108, 0, 1, 3
33, 108, 0, 1, 3
33, 108, 0, 1, 3
33, 108, 0, 1, 3
33, 108, 0, 1, 3
33, 108, 0, 1, 3
33, 108, 0, 1, 3
33, 108, 0, 1, 3
33, 108, 0, 1, 3
33, 108, 0, 1, 3
33, 108, 0, 1, 3
33, 108, 0, 1, 3
33, 108, 0, 1, 3
33, 108, 0, 1, 3
33, 108, 0, 1, 3
33, 108, 0, 1, 3
33, 108, 0, 1, 3
33, 108, 0, 1, 3
33, 108, 0, 1, 3
33, 108, 0, 1, 3
33, 108, 0, 1, 3
33, 108, 0, 1, 3
33, 108, 0, 1, 3
33, 108, 0, 1, 3
33, 108, 0, 1, 3
33, 108, 0, 1, 3
33, 108, 0, 1, 3
33, 108, 0, 1, 3
33, 108, 0, 1, 3
33, 108, 0, 1, 3
33, 108, 0, 1, 3
33, 108, 0, 1, 3
33, 108, 0, 1, 3
33, 108, 0, 1, 3
33, 108, 0, 1, 3
33, 108, 0, 1, 3
33, 108, 0, 1, 3
33, 108, 0, 1, 3
33, 108, 0, 1, 3
33, 108, 0, 1, 3
33, 108, 0, 1, 3
33, 108, 0, 1, 3
33, 108, 0, 1, 3
33, 108, 0, 1, 3
33, 108, 0, 1, 3
33, 108, 0, 1, 3
33, 108, 0, 1, 3
33, 108, 0, 1, 3
33, 108, 0, 1, 3
33, 108, 0, 1, 3
33, 108, 0, 1, 3
33, 108, 0, 1, 3
33, 108, 0, 1, 3
33, 108, 0, 1, 3
33, 108, 0, 1, 3
33, 108, 0, 1, 3
33, 108, 0, 1, 3
33, 108, 0, 1, 3
33, 108, 0, 1, 3
33, 108, 0, 1, 3
33, 108, 0, 1, 3
33, 108, 0, 1, 3
33, 108, 0, 1, 3
33, 108, 0, 1, 3
33, 108, 0, 1, 3
33, 108, 0, 1, 3
33, 108, 0, 1, 3
33, 108, 0, 1, 3
33, 108, 0, 1, 3
33, 108, 0, 1, 3
33, 108, 0, 1, 3
33, 108, 0, 1, 3
33, 108, 0, 1, 3
33, 108, 0, 1, 3
33, 108, 0, 1, 3
33, 108, 0, 1, 3
33, 108, 0, 1, 3
33, 108, 0, 1, 3
33, 108, 0, 1, 3
33, 108, 0, 1, 3
33, 108, 0, 1, 3
33, 108, 0, 1, 3
33, 108, 0, 1, 3
33, 108, 0, 1, 3
34, 108, 0, 1, 3
34, 108, 0, 1, 3
34, 108, 0, 1, 3
34, 108, 0, 1, 3
34, 108, 0, 1, 3
34, 108, 0, 1, 3
34, 108, 0, 1, 3
34, 108, 0, 1, 3
34, 108, 0, 1, 3
34, 108, 0, 1, 3
34, 108, 0, 1, 3
34, 108, 0, 1, 3
34, 108, 0, 1, 3
34, 108, 0, 1, 3
34, 108, 0, 1, 3
34, 108, 0, 1, 3
34, 108, 0, 1, 3
34, 108, 0, 1, 3
34, 108, 0, 1, 3
34, 108, 0, 1, 3
34, 108, 0, 1, 3
34, 108, 0, 1, 3
34, 108, 0, 1, 3
34, 108, 0, 1, 3
34, 108, 0, 1, 3
34, 108, 0, 1, 3
34, 108, 0, 1, 3
34, 108, 0, 1, 3
34, 108, 0, 1, 3
34, 108, 0, 1, 3
34, 108, 0, 1, 3
34, 108, 0, 1, 3
34, 108, 0, 1, 3
34, 108, 0, 1, 3
34, 108, 0, 1, 3
34, 108, 0, 1, 3
34, 108, 0, 1, 3
34, 108, 0, 1, 3
34, 108, 0, 1, 3
34, 108, 0, 1, 3
34, 108, 0, 1, 3
34, 108, 0, 1, 3
34, 108, 0, 1, 3
34, 108, 0, 1, 3
34, 108, 0, 1, 3
34, 108, 0, 1, 3
34, 108, 0, 1, 3
34, 108, 0, 1, 3
34, 108, 0, 1, 3
34, 108, 0, 1, 3
34, 108, 0, 1, 3
34, 108, 0, 1, 3
34, 108, 0, 1, 3
34, 108, 0, 1, 3
34, 108, 0, 1, 3
34, 108, 0, 1, 3
34, 108, 0, 1, 3
34, 108, 0, 1, 3
34, 108, 0, 1, 3
34, 108, 0, 1, 3
34, 108, 0, 1, 3
34, 108, 0, 1, 3
34, 108, 0, 1, 3
34, 108, 0, 1, 3
34, 108, 0, 1, 3
34, 108, 0, 1, 3
34, 108, 0, 1, 3
34, 108, 0, 1, 3
34, 108, 0, 1, 3
34, 108, 0, 1, 3
34, 108, 0, 1, 3
34, 108, 0, 1, 3
34, 108, 0, 1, 3
34, 108, 0, 1, 3
34, 108, 0, 1, 3
34, 108, 0, 1, 3
34, 108, 0, 1, 3
34, 108, 0, 1, 3
34, 108, 0, 1, 3
34, 108, 0, 1, 3
34, 108, 0, 1, 3
34, 108, 0, 1, 3
34, 108, 0, 1, 3
34, 108, 0, 1, 3
34, 108, 0, 1, 3
34, 108, 0, 1, 3
34, 108, 0, 1, 3
34, 108, 0, 1, 3
34, 108, 0, 1, 3
34, 108, 0, 1, 3
34, 108, 0, 1, 3
34, 108, 0, 1, 3
34, 108, 0, 1, 3
34, 108, 0, 1, 3
34, 108, 0, 1, 3
34, 108, 0, 1, 3
34, 108, 0, 1, 3
34, 108, 0, 1, 3
34, 108, 0, 1, 3
34, 108, 0, 1, 3
34, 108, 0, 1, 3
34, 108, 0, 1, 3
34, 108, 0, 1, 3
34, 108, 0, 1, 3
34, 108, 0, 1, 3
34, 108, 0, 1, 3
34, 108, 0, 1, 3
34, 108, 0, 1, 3
35, 3, 0, 2, 2
35, 3, 0, 3, 2
35, 3, 0, 4, 2
35, 81, 1, 0, 3
35, 81, 1, 0, 3
35, 81, 1, 0, 3
35, 81, 1, 0, 3
35, 81, 1, 0, 3
35, 81, 1, 0, 3
35, 81, 1, 0, 3
35, 81, 1, 0, 3
35, 81, 1, 0, 3
35, 81, 1, 0, 3
35, 81, 1, 0, 3
35, 81, 1, 0, 3
35, 81, 1, 0, 3
35, 81, 1, 0, 3
35, 81, 1, 0, 3
35, 81, 1, 0, 3
35, 81, 1, 0, 3
35, 81, 1, 0, 3
35, 81, 1, 0, 3
35, 81, 1, 0, 3
35, 81, 1, 0, 3
35, 81, 1, 0, 3
35, 81, 1, 0, 3
35, 81, 1, 0, 3
35, 81, 1, 0, 3
35, 81, 1, 0, 3
35, 81, 1, 0, 3
35, 81, 1, 0, 3
35, 81, 1, 0, 3
35, 81, 1, 0, 3
35, 81, 1, 0, 3
35, 81, 1, 0, 3
35, 81, 1, 0, 3
35, 81, 1, 0, 3
35, 81, 1, 0, 3
35, 81, 1, 0, 3
35, 81, 1, 0, 3
35, 81, 1, 0, 3
35, 81, 1, 0, 3
35, 81, 1, 0, 3
35, 81, 1, 0, 3
35, 81, 1, 0, 3
35, 81, 1, 0, 3
35, 81, 1, 0, 3
35, 81, 1, 0, 3
35, 81, 1, 0, 3
35, 81, 1, 0, 3
35, 81, 1, 0, 3
35, 81, 1, 0, 3
35, 81, 1, 0, 3
35, 81, 1, 0, 3
35, 81, 1, 0, 3
35, 81, 1, 0, 3
35, 81, 1, 0, 3
35, 81, 1, 0, 3
35, 81, 1, 0, 3
35, 81, 1, 0, 3
35, 81, 1, 0, 3
35, 81, 1, 0, 3
35, 81, 1, 0, 3
35, 81, 1, 0, 3
35, 81, 1, 0, 3
35, 81, 1, 0, 3
35, 81, 1, 0, 3
35, 81, 1, 0, 3
35, 81, 1, 0, 3
35, 81, 1, 0, 3
35, 81, 1, 0, 3
35, 81, 1, 0, 3
35, 81, 1, 0, 3
35, 81, 1, 0, 3
35, 81, 1, 0, 3
35, 81, 1, 0, 3
35, 81, 1, 0, 3
35, 81, 1, 0, 3
35, 81, 1, 0, 3
35, 81, 1, 0, 3
35, 81, 1, 0, 3
35, 81, 1, 0, 3
35, 81, 1, 0, 3
35, 81, 1, 0, 3
35, 3, 2, 5, 2
35, 3, 2, 5, 2
35, 3, 2, 5, 2
35, 3, 3, 5, 2
35, 3, 3, 5, 2
35, 3, 3, 5, 2
35, 3, 4, 5, 2
35, 3, 4, 5, 2
35, 3, 4, 5, 2
36, 3, 0, 2, 2
36, 3, 0, 3, 2
36, 3, 0, 4, 2
36, 81, 1, 0, 3
36, 81, 1, 0, 3
36, 81, 1, 0, 3
36, 81, 1, 0, 3
36, 81, 1, 0, 3
36, 81, 1, 0, 3
36, 81, 1, 0, 3
36, 81, 1, 0, 3
36, 81, 1, 0, 3
36, 81, 1, 0, 3
36, 81, 1, 0, 3
36, 81, 1, 0, 3
36, 81, 1, 0, 3
36, 81, 1, 0, 3
36, 81, 1, 0, 3
36, 81, 1, 0, 3
36, 81, 1, 0, 3
36, 81, 1, 0, 3
36, 81, 1, 0, 3
36, 81, 1, 0, 3
36, 81, 1, 0, 3
36, 81, 1, 0, 3
36, 81, 1, 0, 3
36, 81, 1, 0, 3
36, 81, 1, 0, 3
36, 81, 1, 0, 3
36, 81, 1, 0, 3
36, 81, 1, 0, 3
36, 81, 1, 0, 3
36, 81, 1, 0, 3
36, 81, 1, 0, 3
36, 81, 1, 0, 3
36, 81, 1, 0, 3
36, 81, 1, 0, 3
36, 81, 1, 0, 3
36, 81, 1, 0, 3
36, 81, 1, 0, 3
36, 81, 1, 0, 3
36, 81, 1, 0, 3
36, 81, 1, 0, 3
36, 81, 1, 0, 3
36, 81, 1, 0, 3
36, 81, 1, 0, 3
36, 81, 1, 0, 3
36, 81, 1, 0, 3
36, 81, 1, 0, 3
36, 81, 1, 0, 3
36, 81, 1, 0, 3
36, 81, 1, 0, 3
36, 81, 1, 0, 3
36, 81, 1, 0, 3
36, 81, 1, 0, 3
36, 81, 1, 0, 3
36, 81, 1, 0, 3
36, 81, 1, 0, 3
36, 81, 1, 0, 3
36, 81, 1, 0, 3
36, 81, 1, 0, 3
36, 81, 1, 0, 3
36, 81, 1, 0, 3
36, 81, 1, 0, 3
36, 81, 1, 0, 3
36, 81, 1, 0, 3
36, 81, 1, 0, 3
36, 81, 1, 0, 3
36, 81, 1, 0, 3
36, 81, 1, 0, 3
36, 81, 1, 0, 3
36, 81, 1, 0, 3
36, 81, 1, 0, 3
36, 81, 1, 0, 3
36, 81, 1, 0, 3
36, 81, 1, 0, 3
36, 81, 1, 0, 3
36, 81, 1, 0, 3
36, 81, 1, 0, 3
36, 81, 1, 0, 3
36, 81, 1, 0, 3
36, 81, 1, 0, 3
36, 81, 1, 0, 3
36, 81, 1, 0, 3
36, 3, 2, 5, 2
36, 3, 2, 5, 2
36, 3, 2, 5, 2
36, 3, 3, 5, 2
36, 3, 3, 5, 2
36, 3, 3, 5, 2
36, 3, 4, 5, 2
36, 3, 4, 5, 2
36, 3, 4, 5, 2
37, 3, 0, 2, 2
37, 3, 0, 3, 2
37, 3, 0, 4, 2
37, 81, 1, 0, 3
37, 81, 1, 0, 3
37, 81, 1, 0, 3
37, 81, 1, 0, 3
37, 81, 1, 0, 3
37, 81, 1, 0, 3
37, 81, 1, 0, 3
37, 81, 1, 0, 3
37, 81, 1, 0, 3
37, 81, 1, 0, 3
37, 81, 1, 0, 3
37, 81, 1, 0, 3
37, 81, 1, 0, 3
37, 81, 1, 0, 3
37, 81, 1, 0, 3
37, 81, 1, 0, 3
37, 81, 1, 0, 3
37, 81, 1, 0, 3
37, 81, 1, 0, 3
37, 81, 1, 0, 3
37, 81, 1, 0, 3
37, 81, 1, 0, 3
37, 81, 1, 0, 3
37, 81, 1, 0, 3
37, 81, 1, 0, 3
37, 81, 1, 0, 3
37, 81, 1, 0, 3
37, 81, 1, 0, 3
37, 81, 1, 0, 3
37, 81, 1, 0, 3
37, 81, 1, 0, 3
37, 81, 1, 0, 3
37, 81, 1, 0, 3
37, 81, 1, 0, 3
37, 81, 1, 0, 3
37, 81, 1, 0, 3
37, 81, 1, 0, 3
37, 81, 1, 0, 3
37, 81, 1, 0, 3
37, 81, 1, 0, 3
37, 81, 1, 0, 3
37, 81, 1, 0, 3
37, 81, 1, 0, 3
37, 81, 1, 0, 3
37, 81, 1, 0, 3
37, 81, 1, 0, 3
37, 81, 1, 0, 3
37, 81, 1, 0, 3
37, 81, 1, 0, 3
37, 81, 1, 0, 3
37, 81, 1, 0, 3
37, 81, 1, 0, 3
37, 81, 1, 0, 3
37, 81, 1, 0, 3
37, 81, 1, 0, 3
37, 81, 1, 0, 3
37, 81, 1, 0, 3
37, 81, 1, 0, 3
37, 81, 1, 0, 3
37, 81, 1, 0, 3
37, 81, 1, 0, 3
37, 81, 1, 0, 3
37, 81, 1, 0, 3
37, 81, 1, 0, 3
37, 81, 1, 0, 3
37, 81, 1, 0, 3
37, 81, 1, 0, 3
37, 81, 1, 0, 3
37, 81, 1, 0, 3
37, 81, 1, 0, 3
37, 81, 1, 0, 3
37, 81, 1, 0, 3
37, 81, 1, 0, 3
37, 81, 1, 0, 3
37, 81, 1, 0, 3
37, 81, 1, 0, 3
37, 81, 1, 0, 3
37, 81, 1, 0, 3
37, 81, 1, 0, 3
37, 81, 1, 0, 3
37, 81, 1, 0, 3
37, 3, 2, 5, 2
37, 3, 2, 5, 2
37, 3, 2, 5, 2
37, 3, 3, 5, 2
37, 3, 3, 5, 2
37, 3, 3, 5, 2
37, 3, 4, 5, 2
37, 3, 4, 5, 2
37, 3, 4, 5, 2
38, 3, 0, 2, 2
38, 3, 0, 3, 2
38, 3, 0, 4, 2
38, 81, 1, 0, 3
38, 81, 1, 0, 3
38, 81, 1, 0, 3
38, 81, 1, 0, 3
38, 81, 1, 0, 3
38, 81, 1, 0, 3
38, 81, 1, 0, 3
38, 81, 1, 0, 3
38, 81, 1, 0, 3
38, 81, 1, 0, 3
38, 81, 1, 0, 3
38, 81, 1, 0, 3
38, 81, 1, 0, 3
38, 81, 1, 0, 3
38, 81, 1, 0, 3
38, 81, 1, 0, 3
38, 81, 1, 0, 3
38, 81, 1, 0, 3
38, 81, 1, 0, 3
38, 81, 1, 0, 3
38, 81, 1, 0, 3
38, 81, 1, 0, 3
38, 81, 1, 0, 3
38, 81, 1, 0, 3
38, 81, 1, 0, 3
38, 81, 1, 0, 3
38, 81, 1, 0, 3
38, 81, 1, 0, 3
38, 81, 1, 0, 3
38, 81, 1, 0, 3
38, 81, 1, 0, 3
38, 81, 1, 0, 3
38, 81, 1, 0, 3
38, 81, 1, 0, 3
38, 81, 1, 0, 3
38, 81, 1, 0, 3
38, 81, 1, 0, 3
38, 81, 1, 0, 3
38, 81, 1, 0, 3
38, 81, 1, 0, 3
38, 81, 1, 0, 3
38, 81, 1, 0, 3
38, 81, 1, 0, 3
38, 81, 1, 0, 3
38, 81, 1, 0, 3
38, 81, 1, 0, 3
38, 81, 1, 0, 3
38, 81, 1, 0, 3
38, 81, 1, 0, 3
38, 81, 1, 0, 3
38, 81, 1, 0, 3
38, 81, 1, 0, 3
38, 81, 1, 0, 3
38, 81, 1, 0, 3
38, 81, 1, 0, 3
38, 81, 1, 0, 3
38, 81, 1, 0, 3
38, 81, 1, 0, 3
38, 81, 1, 0, 3
38, 81, 1, 0, 3
38, 81, 1, 0, 3
38, 81, 1, 0, 3
38, 81, 1, 0, 3
38, 81, 1, 0, 3
38, 81, 1, 0, 3
38, 81, 1, 0, 3
38, 81, 1, 0, 3
38, 81, 1, 0, 3
38, 81, 1, 0, 3
38, 81, 1, 0, 3
38, 81, 1, 0, 3
38, 81, 1, 0, 3
38, 81, 1, 0, 3
38, 81, 1, 0, 3
38, 81, 1, 0, 3
38, 81, 1, 0, 3
38, 81, 1, 0, 3
38, 81, 1, 0, 3
38, 81, 1, 0, 3
38, 81, 1, 0, 3
38, 81, 1, 0, 3
38, 3, 2, 5, 2
38, 3, 2, 5, 2
38, 3, 2, 5, 2
38, 3, 3, 5, 2
38, 3, 3, 5, 2
38, 3, 3, 5, 2
38, 3, 4, 5, 2
38, 3, 4, 5, 2
38, 3, 4, 5, 2
39, 108, 0, 1, 3
39, 108, 0, 1, 3
39, 108, 0, 1, 3
39, 108, 0, 1, 3
39, 108, 0, 1, 3
39, 108, 0, 1, 3
39, 108, 0, 1, 3
39, 108, 0, 1, 3
39, 108, 0, 1, 3
39, 108, 0, 1, 3
39, 108, 0, 1, 3
39, 108, 0, 1, 3
39, 108, 0, 1, 3
39, 108, 0, 1, 3
39, 108, 0, 1, 3
39, 108, 0, 1, 3
39, 108, 0, 1, 3
39, 108, 0, 1, 3
39, 108, 0, 1, 3
39, 108, 0, 1, 3
39, 108, 0, 1, 3
39, 108, 0, 1, 3
39, 108, 0, 1, 3
39, 108, 0, 1, 3
39, 108, 0, 1, 3
39, 108, 0, 1, 3
39, 108, 0, 1, 3
39, 108, 0, 1, 3
39, 108, 0, 1, 3
39, 108, 0, 1, 3
39, 108, 0, 1, 3
39, 108, 0, 1, 3
39, 108, 0, 1, 3
39, 108, 0, 1, 3
39, 108, 0, 1, 3
39, 108, 0, 1, 3
39, 108, 0, 1, 3
39, 108, 0, 1, 3
39, 108, 0, 1, 3
39, 108, 0, 1, 3
39, 108, 0, 1, 3
39, 108, 0, 1, 3
39, 108, 0, 1, 3
39, 108, 0, 1, 3
39, 108, 0, 1, 3
39, 108, 0, 1, 3
39, 108, 0, 1, 3
39, 108, 0, 1, 3
39, 108, 0, 1, 3
39, 108, 0, 1, 3
39, 108, 0, 1, 3
39, 108, 0, 1, 3
39, 108, 0, 1, 3
39, 108, 0, 1, 3
39, 108, 0, 1, 3
39, 108, 0, 1, 3
39, 108, 0, 1, 3
39, 108, 0, 1, 3
39, 108, 0, 1, 3
39, 108, 0, 1, 3
39, 108, 0, 1, 3
39, 108, 0, 1, 3
39, 108, 0, 1, 3
39, 108, 0, 1, 3
39, 108, 0, 1, 3
39, 108, 0, 1, 3
39, 108, 0, 1, 3
39, 108, 0, 1, 3
39, 108, 0, 1, 3
39, 108, 0, 1, 3
39, 108, 0, 1, 3
39, 108, 0, 1, 3
39, 108, 0, 1, 3
39, 108, 0, 1, 3
39, 108, 0, 1, 3
39, 108, 0, 1, 3
39, 108, 0, 1, 3
39, 108, 0, 1, 3
39, 108, 0, 1, 3
39, 108, 0, 1, 3
39, 108, 0, 1, 3
39, 108, 0, 1, 3
39, 108, 0, 1, 3
39, 108, 0, 1, 3
39, 108, 0, 1, 3
39, 108, 0, 1, 3
39, 108, 0, 1, 3
39, 108, 0, 1, 3
39, 108, 0, 1, 3
39, 108, 0, 1, 3
39, 108, 0, 1, 3
39, 108, 0, 1, 3
39, 108, 0, 1, 3
39, 108, 0, 1, 3
39, 108, 0, 1, 3
39, 108, 0, 1, 3
39, 108, 0, 1, 3
39, 108, 0, 1, 3
39, 108, 0, 1, 3
39, 108, 0, 1, 3
39, 108, 0, 1, 3
39, 108, 0, 1, 3
39, 108, 0, 1, 3
39, 108, 0, 1, 3
39, 108, 0, 1, 3
39, 108, 0, 1, 3
39, 108, 0, 1, 3
39, 108, 0, 1, 3
40, 108, 0, 1, 3
40, 108, 0, 1, 3
40, 108, 0, 1, 3
40, 108, 0, 1, 3
40, 108, 0, 1, 3
40, 108, 0, 1, 3
40, 108, 0, 1, 3
40, 108, 0, 1, 3
40, 108, 0, 1, 3
40, 108, 0, 1, 3
40, 108, 0, 1, 3
40, 108, 0, 1, 3
40, 108, 0, 1, 3
40, 108, 0, 1, 3
40, 108, 0, 1, 3
40, 108, 0, 1, 3
40, 108, 0, 1, 3
40, 108, 0, 1, 3
40, 108, 0, 1, 3
40, 108, 0, 1, 3
40, 108, 0, 1, 3
40, 108, 0, 1, 3
40, 108, 0, 1, 3
40, 108, 0, 1, 3
40, 108, 0, 1, 3
40, 108, 0, 1, 3
40, 108, 0, 1, 3
40, 108, 0, 1, 3
40, 108, 0, 1, 3
40, 108, 0, 1, 3
40, 108, 0, 1, 3
40, 108, 0, 1, 3
40, 108, 0, 1, 3
40, 108, 0, 1, 3
40, 108, 0, 1, 3
40, 108, 0, 1, 3
40, 108, 0, 1, 3
40, 108, 0, 1, 3
40, 108, 0, 1, 3
40, 108, 0, 1, 3
40, 108, 0, 1, 3
40, 108, 0, 1, 3
40, 108, 0, 1, 3
40, 108, 0, 1, 3
40, 108, 0, 1, 3
40, 108, 0, 1, 3
40, 108, 0, 1, 3
40, 108, 0, 1, 3
40, 108, 0, 1, 3
40, 108, 0, 1, 3
40, 108, 0, 1, 3
40, 108, 0, 1, 3
40, 108, 0, 1, 3
40, 108, 0, 1, 3
40, 108, 0, 1, 3
40, 108, 0, 1, 3
40, 108, 0, 1, 3
40, 108, 0, 1, 3
40, 108, 0, 1, 3
40, 108, 0, 1, 3
40, 108, 0, 1, 3
40, 108, 0, 1, 3
40, 108, 0, 1, 3
40, 108, 0, 1, 3
40, 108, 0, 1, 3
40, 108, 0, 1, 3
40, 108, 0, 1, 3
40, 108, 0, 1, 3
40, 108, 0, 1, 3
40, 108, 0, 1, 3
40, 108, 0, 1, 3
40, 108, 0, 1, 3
40, 108, 0, 1, 3
40, 108, 0, 1, 3
40, 108, 0, 1, 3
40, 108, 0, 1, 3
40, 108, 0, 1, 3
40, 108, 0, 1, 3
40, 108, 0, 1, 3
40, 108, 0, 1, 3
40, 108, 0, 1, 3
40, 108, 0, 1, 3
40, 108, 0, 1, 3
40, 108, 0, 1, 3
40, 108, 0, 1, 3
40, 108, 0, 1, 3
40, 108, 0, 1, 3
40, 108, 0, 1, 3
40, 108, 0, 1, 3
40, 108, 0, 1, 3
40, 108, 0, 1, 3
40, 108, 0, 1, 3
40, 108, 0, 1, 3
40, 108, 0, 1, 3
40, 108, 0, 1, 3
40, 108, 0, 1, 3
40, 108, 0, 1, 3
40, 108, 0, 1, 3
40, 108, 0, 1, 3
40, 108, 0, 1, 3
40, 108, 0, 1, 3
40, 108, 0, 1, 3
40, 108, 0, 1, 3
40, 108, 0, 1, 3
40, 108, 0, 1, 3
40, 108, 0, 1, 3
40, 108, 0, 1, 3
40, 108, 0, 1, 3
41, 108, 0, 1, 3
41, 108, 0, 1, 3
41, 108, 0, 1, 3
41, 108, 0, 1, 3
41, 108, 0, 1, 3
41, 108, 0, 1, 3
41, 108, 0, 1, 3
41, 108, 0, 1, 3
41, 108, 0, 1, 3
41, 108, 0, 1, 3
41, 108, 0, 1, 3
41, 108, 0, 1, 3
41, 108, 0, 1, 3
41, 108, 0, 1, 3
41, 108, 0, 1, 3
41, 108, 0, 1, 3
41, 108, 0, 1, 3
41, 108, 0, 1, 3
41, 108, 0, 1, 3
41, 108, 0, 1, 3
41, 108, 0, 1, 3
41, 108, 0, 1, 3
41, 108, 0, 1, 3
41, 108, 0, 1, 3
41, 108, 0, 1, 3
41, 108, 0, 1, 3
41, 108, 0, 1, 3
41, 108, 0, 1, 3
41, 108, 0, 1, 3
41, 108, 0, 1, 3
41, 108, 0, 1, 3
41, 108, 0, 1, 3
41, 108, 0, 1, 3
41, 108, 0, 1, 3
41, 108, 0, 1, 3
41, 108, 0, 1, 3
41, 108, 0, 1, 3
41, 108, 0, 1, 3
41, 108, 0, 1, 3
41, 108, 0, 1, 3
41, 108, 0, 1, 3
41, 108, 0, 1, 3
41, 108, 0, 1, 3
41, 108, 0, 1, 3
41, 108, 0, 1, 3
41, 108, 0, 1, 3
41, 108, 0, 1, 3
41, 108, 0, 1, 3
41, 108, 0, 1, 3
41, 108, 0, 1, 3
41, 108, 0, 1, 3
41, 108, 0, 1, 3
41, 108, 0, 1, 3
41, 108, 0, 1, 3
41, 108, 0, 1, 3
41, 108, 0, 1, 3
41, 108, 0, 1, 3
41, 108, 0, 1, 3
41, 108, 0, 1, 3
41, 108, 0, 1, 3
41, 108, 0, 1, 3
41, 108, 0, 1, 3
41, 108, 0, 1, 3
41, 108, 0, 1, 3
41, 108, 0, 1, 3
41, 108, 0, 1, 3
41, 108, 0, 1, 3
41, 108, 0, 1, 3
41, 108, 0, 1, 3
41, 108, 0, 1, 3
41, 108, 0, 1, 3
41, 108, 0, 1, 3
41, 108, 0, 1, 3
41, 108, 0, 1, 3
41, 108, 0, 1, 3
41, 108, 0, 1, 3
41, 108, 0, 1, 3
41, 108, 0, 1, 3
41, 108, 0, 1, 3
41, 108, 0, 1, 3
41, 108, 0, 1, 3
41, 108, 0, 1, 3
41, 108, 0, 1, 3
41, 108, 0, 1, 3
41, 108, 0, 1, 3
41, 108, 0, 1, 3
41, 108, 0, 1, 3
41, 108, 0, 1, 3
41, 108, 0, 1, 3
41, 108, 0, 1, 3
41, 108, 0, 1, 3
41, 108, 0, 1, 3
41, 108, 0, 1, 3
41, 108, 0, 1, 3
41, 108, 0, 1, 3
41, 108, 0, 1, 3
41, 108, 0, 1, 3
41, 108, 0, 1, 3
41, 108, 0, 1, 3
41, 108, 0, 1, 3
41, 108, 0, 1, 3
41, 108, 0, 1, 3
41, 108, 0, 1, 3
41, 108, 0, 1, 3
41, 108, 0, 1, 3
41, 108, 0, 1, 3
41, 108, 0, 1, 3
41, 108, 0, 1, 3
42, 108, 0, 1, 3
42, 108, 0, 1, 3
42, 108, 0, 1, 3
42, 108, 0, 1, 3
42, 108, 0, 1, 3
42, 108, 0, 1, 3
42, 108, 0, 1, 3
42, 108, 0, 1, 3
42, 108, 0, 1, 3
42, 108, 0, 1, 3
42, 108, 0, 1, 3
42, 108, 0, 1, 3
42, 108, 0, 1, 3
42, 108, 0, 1, 3
42, 108, 0, 1, 3
42, 108, 0, 1, 3
42, 108, 0, 1, 3
42, 108, 0, 1, 3
42, 108, 0, 1, 3
42, 108, 0, 1, 3
42, 108, 0, 1, 3
42, 108, 0, 1, 3
42, 108, 0, 1, 3
42, 108, 0, 1, 3
42, 108, 0, 1, 3
42, 108, 0, 1, 3
42, 108, 0, 1, 3
42, 108, 0, 1, 3
42, 108, 0, 1, 3
42, 108, 0, 1, 3
42, 108, 0, 1, 3
42, 108, 0, 1, 3
42, 108, 0, 1, 3
42, 108, 0, 1, 3
42, 108, 0, 1, 3
42, 108, 0, 1, 3
42, 108, 0, 1, 3
42, 108, 0, 1, 3
42, 108, 0, 1, 3
42, 108, 0, 1, 3
42, 108, 0, 1, 3
42, 108, 0, 1, 3
42, 108, 0, 1, 3
42, 108, 0, 1, 3
42, 108, 0, 1, 3
42, 108, 0, 1, 3
42, 108, 0, 1, 3
42, 108, 0, 1, 3
42, 108, 0, 1, 3
42, 108, 0, 1, 3
42, 108, 0, 1, 3
42, 108, 0, 1, 3
42, 108, 0, 1, 3
42, 108, 0, 1, 3
42, 108, 0, 1, 3
42, 108, 0, 1, 3
42, 108, 0, 1, 3
42, 108, 0, 1, 3
42, 108, 0, 1, 3
42, 108, 0, 1, 3
42, 108, 0, 1, 3
42, 108, 0, 1, 3
42, 108, 0, 1, 3
42, 108, 0, 1, 3
42, 108, 0, 1, 3
42, 108, 0, 1, 3
42, 108, 0, 1, 3
42, 108, 0, 1, 3
42, 108, 0, 1, 3
42, 108, 0, 1, 3
42, 108, 0, 1, 3
42, 108, 0, 1, 3
42, 108, 0, 1, 3
42, 108, 0, 1, 3
42, 108, 0, 1, 3
42, 108, 0, 1, 3
42, 108, 0, 1, 3
42, 108, 0, 1, 3
42, 108, 0, 1, 3
42, 108, 0, 1, 3
42, 108, 0, 1, 3
42, 108, 0, 1, 3
42, 108, 0, 1, 3
42, 108, 0, 1, 3
42, 108, 0, 1, 3
42, 108, 0, 1, 3
42, 108, 0, 1, 3
42, 108, 0, 1, 3
42, 108, 0, 1, 3
42, 108, 0, 1, 3
42, 108, 0, 1, 3
42, 108, 0, 1, 3
42, 108, 0, 1, 3
42, 108, 0, 1, 3
42, 108, 0, 1, 3
42, 108, 0, 1, 3
42, 108, 0, 1, 3
42, 108, 0, 1, 3
42, 108, 0, 1, 3
42, 108, 0, 1, 3
42, 108, 0, 1, 3
42, 108, 0, 1, 3
42, 108, 0, 1, 3
42, 108, 0, 1, 3
42, 108, 0, 1, 3
42, 108, 0, 1, 3
42, 108, 0, 1, 3
42, 108, 0, 1, 3
43, 108, 0, 1, 3
43, 108, 0, 1, 3
43, 108, 0, 1, 3
43, 108, 0, 1, 3
43, 108, 0, 1, 3
43, 108, 0, 1, 3
43, 108, 0, 1, 3
43, 108, 0, 1, 3
43, 108, 0, 1, 3
43, 108, 0, 1, 3
43, 108, 0, 1, 3
43, 108, 0, 1, 3
43, 108, 0, 1, 3
43, 108, 0, 1, 3
43, 108, 0, 1, 3
43, 108, 0, 1, 3
43, 108, 0, 1, 3
43, 108, 0, 1, 3
43, 108, 0, 1, 3
43, 108, 0, 1, 3
43, 108, 0, 1, 3
43, 108, 0, 1, 3
43, 108, 0, 1, 3
43, 108, 0, 1, 3
43, 108, 0, 1, 3
43, 108, 0, 1, 3
43, 108, 0, 1, 3
43, 108, 0, 1, 3
43, 108, 0, 1, 3
43, 108, 0, 1, 3
43, 108, 0, 1, 3
43, 108, 0, 1, 3
43, 108, 0, 1, 3
43, 108, 0, 1, 3
43, 108, 0, 1, 3
43, 108, 0, 1, 3
43, 108, 0, 1, 3
43, 108, 0, 1, 3
43, 108, 0, 1, 3
43, 108, 0, 1, 3
43, 108, 0, 1, 3
43, 108, 0, 1, 3
43, 108, 0, 1, 3
43, 108, 0, 1, 3
43, 108, 0, 1, 3
43, 108, 0, 1, 3
43, 108, 0, 1, 3
43, 108, 0, 1, 3
43, 108, 0, 1, 3
43, 108, 0, 1, 3
43, 108, 0, 1, 3
43, 108, 0, 1, 3
43, 108, 0, 1, 3
43, 108, 0, 1, 3
43, 108, 0, 1, 3
43, 108, 0, 1, 3
43, 108, 0, 1, 3
43, 108, 0, 1, 3
43, 108, 0, 1, 3
43, 108, 0, 1, 3
43, 108, 0, 1, 3
43, 108, 0, 1, 3
43, 108, 0, 1, 3
43, 108, 0, 1, 3
43, 108, 0, 1, 3
43, 108, 0, 1, 3
43, 108, 0, 1, 3
43, 108, 0, 1, 3
43, 108, 0, 1, 3
43, 108, 0, 1, 3
43, 108, 0, 1, 3
43, 108, 0, 1, 3
43, 108, 0, 1, 3
43, 108, 0, 1, 3
43, 108, 0, 1, 3
43, 108, 0, 1, 3
43, 108, 0, 1, 3
43, 108, 0, 1, 3
43, 108, 0, 1, 3
43, 108, 0, 1, 3
43, 108, 0, 1, 3
43, 108, 0, 1, 3
43, 108, 0, 1, 3
43, 108, 0, 1, 3
43, 108, 0, 1, 3
43, 108, 0, 1, 3
43, 108, 0, 1, 3
43, 108, 0, 1, 3
43, 108, 0, 1, 3
43, 108, 0, 1, 3
43, 108, 0, 1, 3
43, 108, 0, 1, 3
43, 108, 0, 1, 3
43, 108, 0, 1, 3
43, 108, 0, 1, 3
43, 108, 0, 1, 3
43, 108, 0, 1, 3
43, 108, 0, 1, 3
43, 108, 0, 1, 3
43, 108, 0, 1, 3
43, 108, 0, 1, 3
43, 108, 0, 1, 3
43, 108, 0, 1, 3
43, 108, 0, 1, 3
43, 108, 0, 1, 3
43, 108, 0, 1, 3
43, 108, 0, 1, 3
43, 108, 0, 1, 3
44, 108, 0, 1, 3
44, 108, 0, 1, 3
44, 108, 0, 1, 3
44, 108, 0, 1, 3
44, 108, 0, 1, 3
44, 108, 0, 1, 3
44, 108, 0, 1, 3
44, 108, 0, 1, 3
44, 108, 0, 1, 3
44, 108, 0, 1, 3
44, 108, 0, 1, 3
44, 108, 0, 1, 3
44, 108, 0, 1, 3
44, 108, 0, 1, 3
44, 108, 0, 1, 3
44, 108, 0, 1, 3
44, 108, 0, 1, 3
44, 108, 0, 1, 3
44, 108, 0, 1, 3
44, 108, 0, 1, 3
44, 108, 0, 1, 3
44, 108, 0, 1, 3
44, 108, 0, 1, 3
44, 108, 0, 1, 3
44, 108, 0, 1, 3
44, 108, 0, 1, 3
44, 108, 0, 1, 3
44, 108, 0, 1, 3
44, 108, 0, 1, 3
44, 108, 0, 1, 3
44, 108, 0, 1, 3
44, 108, 0, 1, 3
44, 108, 0, 1, 3
44, 108, 0, 1, 3
44, 108, 0, 1, 3
44, 108, 0, 1, 3
44, 108, 0, 1, 3
44, 108, 0, 1, 3
44, 108, 0, 1, 3
44, 108, 0, 1, 3
44, 108, 0, 1, 3
44, 108, 0, 1, 3
44, 108, 0, 1, 3
44, 108, 0, 1, 3
44, 108, 0, 1, 3
44, 108, 0, 1, 3
44, 108, 0, 1, 3
44, 108, 0, 1, 3
44, 108, 0, 1, 3
44, 108, 0, 1, 3
44, 108, 0, 1, 3
44, 108, 0, 1, 3
44, 108, 0, 1, 3
44, 108, 0, 1, 3
44, 108, 0, 1, 3
44, 108, 0, 1, 3
44, 108, 0, 1, 3
44, 108, 0, 1, 3
44, 108, 0, 1, 3
44, 108, 0, 1, 3
44, 108, 0, 1, 3
44, 108, 0, 1, 3
44, 108, 0, 1, 3
44, 108, 0, 1, 3
44, 108, 0, 1, 3
44, 108, 0, 1, 3
44, 108, 0, 1, 3
44, 108, 0, 1, 3
44, 108, 0, 1, 3
44, 108, 0, 1, 3
44, 108, 0, 1, 3
44, 108, 0, 1, 3
44, 108, 0, 1, 3
44, 108, 0, 1, 3
44, 108, 0, 1, 3
44, 108, 0, 1, 3
44, 108, 0, 1, 3
44, 108, 0, 1, 3
44, 108, 0, 1, 3
44, 108, 0, 1, 3
44, 108, 0, 1, 3
44, 108, 0, 1, 3
44, 108, 0, 1, 3
44, 108, 0, 1, 3
44, 108, 0, 1, 3
44, 108, 0, 1, 3
44, 108, 0, 1, 3
44, 108, 0, 1, 3
44, 108, 0, 1, 3
44, 108, 0, 1, 3
44, 108, 0, 1, 3
44, 108, 0, 1, 3
44, 108, 0, 1, 3
44, 108, 0, 1, 3
44, 108, 0, 1, 3
44, 108, 0, 1, 3
44, 108, 0, 1, 3
44, 108, 0, 1, 3
44, 108, 0, 1, 3
44, 108, 0, 1, 3
44, 108, 0, 1, 3
44, 108, 0, 1, 3
44, 108, 0, 1, 3
44, 108, 0, 1, 3
44, 108, 0, 1, 3
44, 108, 0, 1, 3
44, 108, 0, 1, 3
44, 108, 0, 1, 3
45, 36, 1, 0, 3
45, 36, 1, 0, 3
45, 36, 1, 0, 3
45, 36, 1, 0, 3
45, 36, 1, 0, 3
45, 36, 1, 0, 3
45, 36, 1, 0, 3
45, 36, 1, 0, 3
45, 36, 1, 0, 3
45, 36, 1, 0, 3
45, 36, 1, 0, 3
45, 36, 1, 0, 3
45, 36, 1, 0, 3
45, 36, 1, 0, 3
45, 36, 1, 0, 3
45, 36, 1, 0, 3
45, 36, 1, 0, 3
45, 36, 1, 0, 3
45, 36, 1, 0, 3
45, 36, 1, 0, 3
45, 36, 1, 0, 3
45, 36, 1, 0, 3
45, 36, 1, 0, 3
45, 36, 1, 0, 3
45, 36, 1, 0, 3
45, 36, 1, 0, 3
45, 36, 1, 0, 3
45, 36, 1, 0, 3
45, 36, 1, 0, 3
45, 36, 1, 0, 3
45, 36, 1, 0, 3
45, 36, 1, 0, 3
45, 36, 1, 0, 3
45, 36, 1, 0, 3
45, 36, 1, 0, 3
45, 36, 1, 0, 3
46, 36, 1, 0, 3
46, 36, 1, 0, 3
46, 36, 1, 0, 3
46, 36, 1, 0, 3
46, 36, 1, 0, 3
46, 36, 1, 0, 3
46, 36, 1, 0, 3
46, 36, 1, 0, 3
46, 36, 1, 0, 3
46, 36, 1, 0, 3
46, 36, 1, 0, 3
46, 36, 1, 0, 3
46, 36, 1, 0, 3
46, 36, 1, 0, 3
46, 36, 1, 0, 3
46, 36, 1, 0, 3
46, 36, 1, 0, 3
46, 36, 1, 0, 3
46, 36, 1, 0, 3
46, 36, 1, 0, 3
46, 36, 1, 0, 3
46, 36, 1, 0, 3
46, 36, 1, 0, 3
46, 36, 1, 0, 3
46, 36, 1, 0, 3
46, 36, 1, 0, 3
46, 36, 1, 0, 3
46, 36, 1, 0, 3
46, 36, 1, 0, 3
46, 36, 1, 0, 3
46, 36, 1, 0, 3
46, 36, 1, 0, 3
46, 36, 1, 0, 3
46, 36, 1, 0, 3
46, 36, 1, 0, 3
46, 36, 1, 0, 3
47, 36, 1, 0, 3
47, 36, 1, 0, 3
47, 36, 1, 0, 3
47, 36, 1, 0, 3
47, 36, 1, 0, 3
47, 36, 1, 0, 3
47, 36, 1, 0, 3
47, 36, 1, 0, 3
47, 36, 1, 0, 3
47, 36, 1, 0, 3
47, 36, 1, 0, 3
47, 36, 1, 0, 3
47, 36, 1, 0, 3
47, 36, 1, 0, 3
47, 36, 1, 0, 3
47, 36, 1, 0, 3
47, 36, 1, 0, 3
47, 36, 1, 0, 3
47, 36, 1, 0, 3
47, 36, 1, 0, 3
47, 36, 1, 0, 3
47, 36, 1, 0, 3
47, 36, 1, 0, 3
47, 36, 1, 0, 3
47, 36, 1, 0, 3
47, 36, 1, 0, 3
47, 36, 1, 0, 3
47, 36, 1, 0, 3
47, 36, 1, 0, 3
47, 36, 1, 0, 3
47, 36, 1, 0, 3
47, 36, 1, 0, 3
47, 36, 1, 0, 3
47, 36, 1, 0, 3
47, 36, 1, 0, 3
47, 36, 1, 0, 3
48, 36, 1, 0, 3
48, 36, 1, 0, 3
48, 36, 1, 0, 3
48, 36, 1, 0, 3
48, 36, 1, 0, 3
48, 36, 1, 0, 3
48, 36, 1, 0, 3
48, 36, 1, 0, 3
48, 36, 1, 0, 3
48, 36, 1, 0, 3
48, 36, 1, 0, 3
48, 36, 1, 0, 3
48, 36, 1, 0, 3
48, 36, 1, 0, 3
48, 36, 1, 0, 3
48, 36, 1, 0, 3
48, 36, 1, 0, 3
48, 36, 1, 0, 3
48, 36, 1, 0, 3
48, 36, 1, 0, 3
48, 36, 1, 0, 3
48, 36, 1, 0, 3
48, 36, 1, 0, 3
48, 36, 1, 0, 3
48, 36, 1, 0, 3
48, 36, 1, 0, 3
48, 36, 1, 0, 3
48, 36, 1, 0, 3
48, 36, 1, 0, 3
48, 36, 1, 0, 3
48, 36, 1, 0, 3
48, 36, 1, 0, 3
48, 36, 1, 0, 3
48, 36, 1, 0, 3
48, 36, 1, 0, 3
48, 36, 1, 0, 3
49, 36, 1, 0, 3
49, 36, 1, 0, 3
49, 36, 1, 0, 3
49, 36, 1, 0, 3
49, 36, 1, 0, 3
49, 36, 1, 0, 3
49, 36, 1, 0, 3
49, 36, 1, 0, 3
49, 36, 1, 0, 3
49, 36, 1, 0, 3
49, 36, 1, 0, 3
49, 36, 1, 0, 3
49, 36, 1, 0, 3
49, 36, 1, 0, 3
49, 36, 1, 0, 3
49, 36, 1, 0, 3
49, 36, 1, 0, 3
49, 36, 1, 0, 3
49, 36, 1, 0, 3
49, 36, 1, 0, 3
49, 36, 1, 0, 3
49, 36, 1, 0, 3
49, 36, 1, 0, 3
49, 36, 1, 0, 3
49, 36, 1, 0, 3
49, 36, 1, 0, 3
49, 36, 1, 0, 3
49, 36, 1, 0, 3
49, 36, 1, 0, 3
49, 36, 1, 0, 3
49, 36, 1, 0, 3
49, 36, 1, 0, 3
49, 36, 1, 0, 3
49, 36, 1, 0, 3
49, 36, 1, 0, 3
49, 36, 1, 0, 3
50, 36, 1, 0, 3
50, 36, 1, 0, 3
50, 36, 1, 0, 3
50, 36, 1, 0, 3
50, 36, 1, 0, 3
50, 36, 1, 0, 3
50, 36, 1, 0, 3
50, 36, 1, 0, 3
50, 36, 1, 0, 3
50, 36, 1, 0, 3
50, 36, 1, 0, 3
50, 36, 1, 0, 3
50, 36, 1, 0, 3
50, 36, 1, 0, 3
50, 36, 1, 0, 3
50, 36, 1, 0, 3
50, 36, 1, 0, 3
50, 36, 1, 0, 3
50, 36, 1, 0, 3
50, 36, 1, 0, 3
50, 36, 1, 0, 3
50, 36, 1, 0, 3
50, 36, 1, 0, 3
50, 36, 1, 0, 3
50, 36, 1, 0, 3
50, 36, 1, 0, 3
50, 36, 1, 0, 3
50, 36, 1, 0, 3
50, 36, 1, 0, 3
50, 36, 1, 0, 3
50, 36, 1, 0, 3
50, 36, 1, 0, 3
50, 36, 1, 0, 3
50, 36, 1, 0, 3
50, 36, 1, 0, 3
50, 36, 1, 0, 3
51, 36, 1, 0, 4
51, 36, 1, 0, 4
51, 36, 1, 0, 4
51, 36, 1, 0, 4
51, 36, 1, 0, 4
51, 36, 1, 0, 4
51, 36, 1, 0, 4
51, 36, 1, 0, 4
51, 36, 1, 0, 4
51, 36, 1, 0, 4
51, 36, 1, 0, 4
51, 36, 1, 0, 4
51, 36, 1, 0, 4
51, 36, 1, 0, 4
51, 36, 1, 0, 4
51, 36, 1, 0, 4
51, 36, 1, 0, 4
51, 36, 1, 0, 4
51, 36, 1, 0, 4
51, 36, 1, 0, 4
51, 36, 1, 0, 4
51, 36, 1, 0, 4
51, 36, 1, 0, 4
51, 36, 1, 0, 4
51, 36, 1, 0, 4
51, 36, 1, 0, 4
51, 36, 1, 0, 4
51, 36, 1, 0, 4
51, 36, 1, 0, 4
51, 36, 1, 0, 4
51, 36, 1, 0, 4
51, 36, 1, 0, 4
51, 36, 1, 0, 4
51, 36, 1, 0, 4
51, 36, 1, 0, 4
51, 36, 1, 0, 4
52, 36, 1, 0, 4
52, 36, 1, 0, 4
52, 36, 1, 0, 4
52, 36, 1, 0, 4
52, 36, 1, 0, 4
52, 36, 1, 0, 4
52, 36, 1, 0, 4
52, 36, 1, 0, 4
52, 36, 1, 0, 4
52, 36, 1, 0, 4
52, 36, 1, 0, 4
52, 36, 1, 0, 4
52, 36, 1, 0, 4
52, 36, 1, 0, 4
52, 36, 1, 0, 4
52, 36, 1, 0, 4
52, 36, 1, 0, 4
52, 36, 1, 0, 4
52, 36, 1, 0, 4
52, 36, 1, 0, 4
52, 36, 1, 0, 4
52, 36, 1, 0, 4
52, 36, 1, 0, 4
52, 36, 1, 0, 4
52, 36, 1, 0, 4
52, 36, 1, 0, 4
52, 36, 1, 0, 4
52, 36, 1, 0, 4
52, 36, 1, 0, 4
52, 36, 1, 0, 4
52, 36, 1, 0, 4
52, 36, 1, 0, 4
52, 36, 1, 0, 4
52, 36, 1, 0, 4
52, 36, 1, 0, 4
52, 36, 1, 0, 4
53, 36, 1, 0, 4
53, 36, 1, 0, 4
53, 36, 1, 0, 4
53, 36, 1, 0, 4
53, 36, 1, 0, 4
53, 36, 1, 0, 4
53, 36, 1, 0, 4
53, 36, 1, 0, 4
53, 36, 1, 0, 4
53, 36, 1, 0, 4
53, 36, 1, 0, 4
53, 36, 1, 0, 4
53, 36, 1, 0, 4
53, 36, 1, 0, 4
53, 36, 1, 0, 4
53, 36, 1, 0, 4
53, 36, 1, 0, 4
53, 36, 1, 0, 4
53, 36, 1, 0, 4
53, 36, 1, 0, 4
53, 36, 1, 0, 4
53, 36, 1, 0, 4
53, 36, 1, 0, 4
53, 36, 1, 0, 4
53, 36, 1, 0, 4
53, 36, 1, 0, 4
53, 36, 1, 0, 4
53, 36, 1, 0, 4
53, 36, 1, 0, 4
53, 36, 1, 0, 4
53, 36, 1, 0, 4
53, 36, 1, 0, 4
53, 36, 1, 0, 4
53, 36, 1, 0, 4
53, 36, 1, 0, 4
53, 36, 1, 0, 4
Goal
45
46
47
48
49
50
51
52
53
