CG
81
0, 80, 80, 2
0, 80, 79, 3
0, 80, 78, 3
0, 80, 77, 3
0, 80, 76, 3
0, 80, 75, 3
0, 80, 74, 3
0, 80, 73, 3
0, 80, 72, 2
0, 80, 71, 3
0, 80, 70, 4
0, 80, 69, 4
0, 80, 68, 4
0, 80, 67, 4
0, 80, 66, 4
0, 80, 65, 4
0, 80, 64, 4
0, 80, 63, 3
0, 80, 62, 3
0, 80, 61, 4
0, 80, 60, 4
0, 80, 59, 4
0, 80, 58, 4
0, 80, 57, 4
0, 80, 56, 4
0, 80, 55, 4
0, 80, 54, 3
0, 80, 53, 3
0, 80, 52, 4
0, 80, 51, 4
0, 80, 50, 4
0, 80, 49, 4
0, 80, 48, 4
0, 80, 47, 4
0, 80, 46, 4
0, 80, 45, 3
0, 80, 44, 3
0, 80, 43, 4
0, 80, 42, 4
0, 80, 41, 4
0, 80, 40, 4
0, 80, 39, 4
0, 80, 38, 4
0, 80, 37, 3
0, 80, 36, 3
0, 80, 35, 4
0, 80, 34, 4
0, 80, 33, 4
0, 80, 32, 4
0, 80, 31, 4
0, 80, 30, 4
0, 80, 29, 4
0, 80, 28, 3
0, 80, 27, 3
0, 80, 26, 4
0, 80, 25, 4
0, 80, 24, 4
0, 80, 23, 4
0, 80, 22, 4
0, 80, 21, 4
0, 80, 20, 4
0, 80, 19, 3
0, 80, 18, 3
0, 80, 17, 4
0, 80, 16, 4
0, 80, 15, 4
0, 80, 14, 4
0, 80, 13, 4
0, 80, 12, 4
0, 80, 11, 4
0, 80, 10, 3
0, 80, 9, 2
0, 80, 8, 3
0, 80, 7, 3
0, 80, 6, 3
0, 80, 5, 3
0, 80, 4, 3
0, 80, 3, 3
0, 80, 2, 3
0, 80, 1, 2
DTG
0, 2, 0, 1, 1
0, 2, 0, 9, 1
0, 3, 1, 0, 1
0, 3, 1, 2, 1
0, 3, 1, 10, 1
0, 3, 2, 1, 1
0, 3, 2, 3, 1
0, 3, 2, 11, 1
0, 3, 3, 2, 1
0, 3, 3, 4, 1
0, 3, 3, 12, 1
0, 3, 4, 3, 1
0, 3, 4, 5, 1
0, 3, 4, 13, 1
0, 3, 5, 4, 1
0, 3, 5, 6, 1
0, 3, 5, 14, 1
0, 3, 6, 5, 1
0, 3, 6, 7, 1
0, 3, 6, 15, 1
0, 3, 7, 6, 1
0, 3, 7, 8, 1
0, 3, 7, 16, 1
0, 2, 8, 7, 1
0, 2, 8, 17, 1
0, 3, 9, 0, 1
0, 3, 9, 10, 1
0, 3, 9, 18, 1
0, 4, 10, 1, 1
0, 4, 10, 9, 1
0, 4, 10, 11, 1
0, 4, 10, 19, 1
0, 4, 11, 2, 1
0, 4, 11, 10, 1
0, 4, 11, 12, 1
0, 4, 11, 20, 1
0, 4, 12, 3, 1
0, 4, 12, 11, 1
0, 4, 12, 13, 1
0, 4, 12, 21, 1
0, 4, 13, 4, 1
0, 4, 13, 12, 1
0, 4, 13, 14, 1
0, 4, 13, 22, 1
0, 4, 14, 5, 1
0, 4, 14, 13, 1
0, 4, 14, 15, 1
0, 4, 14, 23, 1
0, 4, 15, 6, 1
0, 4, 15, 14, 1
0, 4, 15, 16, 1
0, 4, 15, 24, 1
0, 4, 16, 7, 1
0, 4, 16, 15, 1
0, 4, 16, 17, 1
0, 4, 16, 25, 1
0, 3, 17, 8, 1
0, 3, 17, 16, 1
0, 3, 17, 26, 1
0, 3, 18, 9, 1
0, 3, 18, 19, 1
0, 3, 18, 27, 1
0, 4, 19, 10, 1
0, 4, 19, 18, 1
0, 4, 19, 20, 1
0, 4, 19, 28, 1
0, 4, 20, 11, 1
0, 4, 20, 19, 1
0, 4, 20, 21, 1
0, 4, 20, 29, 1
0, 4, 21, 12, 1
0, 4, 21, 20, 1
0, 4, 21, 22, 1
0, 4, 21, 30, 1
0, 4, 22, 13, 1
0, 4, 22, 21, 1
0, 4, 22, 23, 1
0, 4, 22, 31, 1
0, 4, 23, 14, 1
0, 4, 23, 22, 1
0, 4, 23, 24, 1
0, 4, 23, 32, 1
0, 4, 24, 15, 1
0, 4, 24, 23, 1
0, 4, 24, 25, 1
0, 4, 24, 33, 1
0, 4, 25, 16, 1
0, 4, 25, 24, 1
0, 4, 25, 26, 1
0, 4, 25, 34, 1
0, 3, 26, 17, 1
0, 3, 26, 25, 1
0, 3, 26, 35, 1
0, 3, 27, 18, 1
0, 3, 27, 28, 1
0, 3, 27, 36, 1
0, 4, 28, 19, 1
0, 4, 28, 27, 1
0, 4, 28, 29, 1
0, 4, 28, 37, 1
0, 4, 29, 20, 1
0, 4, 29, 28, 1
0, 4, 29, 30, 1
0, 4, 29, 38, 1
0, 4, 30, 21, 1
0, 4, 30, 29, 1
0, 4, 30, 31, 1
0, 4, 30, 39, 1
0, 4, 31, 22, 1
0, 4, 31, 30, 1
0, 4, 31, 32, 1
0, 4, 31, 40, 1
0, 4, 32, 23, 1
0, 4, 32, 31, 1
0, 4, 32, 33, 1
0, 4, 32, 41, 1
0, 4, 33, 24, 1
0, 4, 33, 32, 1
0, 4, 33, 34, 1
0, 4, 33, 42, 1
0, 4, 34, 25, 1
0, 4, 34, 33, 1
0, 4, 34, 35, 1
0, 4, 34, 43, 1
0, 3, 35, 26, 1
0, 3, 35, 34, 1
0, 3, 35, 44, 1
0, 3, 36, 27, 1
0, 3, 36, 37, 1
0, 3, 36, 45, 1
0, 4, 37, 28, 1
0, 4, 37, 36, 1
0, 4, 37, 38, 1
0, 4, 37, 46, 1
0, 4, 38, 29, 1
0, 4, 38, 37, 1
0, 4, 38, 39, 1
0, 4, 38, 47, 1
0, 4, 39, 30, 1
0, 4, 39, 38, 1
0, 4, 39, 40, 1
0, 4, 39, 48, 1
0, 4, 40, 31, 1
0, 4, 40, 39, 1
0, 4, 40, 41, 1
0, 4, 40, 49, 1
0, 4, 41, 32, 1
0, 4, 41, 40, 1
0, 4, 41, 42, 1
0, 4, 41, 50, 1
0, 4, 42, 33, 1
0, 4, 42, 41, 1
0, 4, 42, 43, 1
0, 4, 42, 51, 1
0, 4, 43, 34, 1
0, 4, 43, 42, 1
0, 4, 43, 44, 1
0, 4, 43, 52, 1
0, 3, 44, 35, 1
0, 3, 44, 43, 1
0, 3, 44, 53, 1
0, 3, 45, 36, 1
0, 3, 45, 46, 1
0, 3, 45, 54, 1
0, 4, 46, 37, 1
0, 4, 46, 45, 1
0, 4, 46, 47, 1
0, 4, 46, 55, 1
0, 4, 47, 38, 1
0, 4, 47, 46, 1
0, 4, 47, 48, 1
0, 4, 47, 56, 1
0, 4, 48, 39, 1
0, 4, 48, 47, 1
0, 4, 48, 49, 1
0, 4, 48, 57, 1
0, 4, 49, 40, 1
0, 4, 49, 48, 1
0, 4, 49, 50, 1
0, 4, 49, 58, 1
0, 4, 50, 41, 1
0, 4, 50, 49, 1
0, 4, 50, 51, 1
0, 4, 50, 59, 1
0, 4, 51, 42, 1
0, 4, 51, 50, 1
0, 4, 51, 52, 1
0, 4, 51, 60, 1
0, 4, 52, 43, 1
0, 4, 52, 51, 1
0, 4, 52, 53, 1
0, 4, 52, 61, 1
0, 3, 53, 44, 1
0, 3, 53, 52, 1
0, 3, 53, 62, 1
0, 3, 54, 45, 1
0, 3, 54, 55, 1
0, 3, 54, 63, 1
0, 4, 55, 46, 1
0, 4, 55, 54, 1
0, 4, 55, 56, 1
0, 4, 55, 64, 1
0, 4, 56, 47, 1
0, 4, 56, 55, 1
0, 4, 56, 57, 1
0, 4, 56, 65, 1
0, 4, 57, 48, 1
0, 4, 57, 56, 1
0, 4, 57, 58, 1
0, 4, 57, 66, 1
0, 4, 58, 49, 1
0, 4, 58, 57, 1
0, 4, 58, 59, 1
0, 4, 58, 67, 1
0, 4, 59, 50, 1
0, 4, 59, 58, 1
0, 4, 59, 60, 1
0, 4, 59, 68, 1
0, 4, 60, 51, 1
0, 4, 60, 59, 1
0, 4, 60, 61, 1
0, 4, 60, 69, 1
0, 4, 61, 52, 1
0, 4, 61, 60, 1
0, 4, 61, 62, 1
0, 4, 61, 70, 1
0, 3, 62, 53, 1
0, 3, 62, 61, 1
0, 3, 62, 71, 1
0, 3, 63, 54, 1
0, 3, 63, 64, 1
0, 3, 63, 72, 1
0, 4, 64, 55, 1
0, 4, 64, 63, 1
0, 4, 64, 65, 1
0, 4, 64, 73, 1
0, 4, 65, 56, 1
0, 4, 65, 64, 1
0, 4, 65, 66, 1
0, 4, 65, 74, 1
0, 4, 66, 57, 1
0, 4, 66, 65, 1
0, 4, 66, 67, 1
0, 4, 66, 75, 1
0, 4, 67, 58, 1
0, 4, 67, 66, 1
0, 4, 67, 68, 1
0, 4, 67, 76, 1
0, 4, 68, 59, 1
0, 4, 68, 67, 1
0, 4, 68, 69, 1
0, 4, 68, 77, 1
0, 4, 69, 60, 1
0, 4, 69, 68, 1
0, 4, 69, 70, 1
0, 4, 69, 78, 1
0, 4, 70, 61, 1
0, 4, 70, 69, 1
0, 4, 70, 71, 1
0, 4, 70, 79, 1
0, 3, 71, 62, 1
0, 3, 71, 70, 1
0, 3, 71, 80, 1
0, 2, 72, 63, 1
0, 2, 72, 73, 1
0, 3, 73, 64, 1
0, 3, 73, 72, 1
0, 3, 73, 74, 1
0, 3, 74, 65, 1
0, 3, 74, 73, 1
0, 3, 74, 75, 1
0, 3, 75, 66, 1
0, 3, 75, 74, 1
0, 3, 75, 76, 1
0, 3, 76, 67, 1
0, 3, 76, 75, 1
0, 3, 76, 77, 1
0, 3, 77, 68, 1
0, 3, 77, 76, 1
0, 3, 77, 78, 1
0, 3, 78, 69, 1
0, 3, 78, 77, 1
0, 3, 78, 79, 1
0, 3, 79, 70, 1
0, 3, 79, 78, 1
0, 3, 79, 80, 1
0, 2, 80, 71, 1
0, 2, 80, 79, 1
1, 2, 1, 0, 2
1, 2, 1, 0, 2
2, 3, 1, 0, 2
2, 3, 1, 0, 2
2, 3, 1, 0, 2
3, 3, 1, 0, 2
3, 3, 1, 0, 2
3, 3, 1, 0, 2
4, 3, 1, 0, 2
4, 3, 1, 0, 2
4, 3, 1, 0, 2
5, 3, 1, 0, 2
5, 3, 1, 0, 2
5, 3, 1, 0, 2
6, 3, 1, 0, 2
6, 3, 1, 0, 2
6, 3, 1, 0, 2
7, 3, 1, 0, 2
7, 3, 1, 0, 2
7, 3, 1, 0, 2
8, 3, 1, 0, 2
8, 3, 1, 0, 2
8, 3, 1, 0, 2
9, 2, 1, 0, 2
9, 2, 1, 0, 2
10, 3, 1, 0, 2
10, 3, 1, 0, 2
10, 3, 1, 0, 2
11, 4, 1, 0, 2
11, 4, 1, 0, 2
11, 4, 1, 0, 2
11, 4, 1, 0, 2
12, 4, 1, 0, 2
12, 4, 1, 0, 2
12, 4, 1, 0, 2
12, 4, 1, 0, 2
13, 4, 1, 0, 2
13, 4, 1, 0, 2
13, 4, 1, 0, 2
13, 4, 1, 0, 2
14, 4, 1, 0, 2
14, 4, 1, 0, 2
14, 4, 1, 0, 2
14, 4, 1, 0, 2
15, 4, 1, 0, 2
15, 4, 1, 0, 2
15, 4, 1, 0, 2
15, 4, 1, 0, 2
16, 4, 1, 0, 2
16, 4, 1, 0, 2
16, 4, 1, 0, 2
16, 4, 1, 0, 2
17, 4, 1, 0, 2
17, 4, 1, 0, 2
17, 4, 1, 0, 2
17, 4, 1, 0, 2
18, 3, 1, 0, 2
18, 3, 1, 0, 2
18, 3, 1, 0, 2
19, 3, 1, 0, 2
19, 3, 1, 0, 2
19, 3, 1, 0, 2
20, 4, 1, 0, 2
20, 4, 1, 0, 2
20, 4, 1, 0, 2
20, 4, 1, 0, 2
21, 4, 1, 0, 2
21, 4, 1, 0, 2
21, 4, 1, 0, 2
21, 4, 1, 0, 2
22, 4, 1, 0, 2
22, 4, 1, 0, 2
22, 4, 1, 0, 2
22, 4, 1, 0, 2
23, 4, 1, 0, 2
23, 4, 1, 0, 2
23, 4, 1, 0, 2
23, 4, 1, 0, 2
24, 4, 1, 0, 2
24, 4, 1, 0, 2
24, 4, 1, 0, 2
24, 4, 1, 0, 2
25, 4, 1, 0, 2
25, 4, 1, 0, 2
25, 4, 1, 0, 2
25, 4, 1, 0, 2
26, 4, 1, 0, 2
26, 4, 1, 0, 2
26, 4, 1, 0, 2
26, 4, 1, 0, 2
27, 3, 1, 0, 2
27, 3, 1, 0, 2
27, 3, 1, 0, 2
28, 3, 1, 0, 2
28, 3, 1, 0, 2
28, 3, 1, 0, 2
29, 4, 1, 0, 2
29, 4, 1, 0, 2
29, 4, 1, 0, 2
29, 4, 1, 0, 2
30, 4, 1, 0, 2
30, 4, 1, 0, 2
30, 4, 1, 0, 2
30, 4, 1, 0, 2
31, 4, 1, 0, 2
31, 4, 1, 0, 2
31, 4, 1, 0, 2
31, 4, 1, 0, 2
32, 4, 1, 0, 2
32, 4, 1, 0, 2
32, 4, 1, 0, 2
32, 4, 1, 0, 2
33, 4, 1, 0, 2
33, 4, 1, 0, 2
33, 4, 1, 0, 2
33, 4, 1, 0, 2
34, 4, 1, 0, 2
34, 4, 1, 0, 2
34, 4, 1, 0, 2
34, 4, 1, 0, 2
35, 4, 1, 0, 2
35, 4, 1, 0, 2
35, 4, 1, 0, 2
35, 4, 1, 0, 2
36, 3, 1, 0, 2
36, 3, 1, 0, 2
36, 3, 1, 0, 2
37, 3, 1, 0, 2
37, 3, 1, 0, 2
37, 3, 1, 0, 2
38, 4, 1, 0, 2
38, 4, 1, 0, 2
38, 4, 1, 0, 2
38, 4, 1, 0, 2
39, 4, 1, 0, 2
39, 4, 1, 0, 2
39, 4, 1, 0, 2
39, 4, 1, 0, 2
40, 4, 1, 0, 2
40, 4, 1, 0, 2
40, 4, 1, 0, 2
40, 4, 1, 0, 2
41, 4, 1, 0, 2
41, 4, 1, 0, 2
41, 4, 1, 0, 2
41, 4, 1, 0, 2
42, 4, 1, 0, 2
42, 4, 1, 0, 2
42, 4, 1, 0, 2
42, 4, 1, 0, 2
43, 4, 1, 0, 2
43, 4, 1, 0, 2
43, 4, 1, 0, 2
43, 4, 1, 0, 2
44, 3, 1, 0, 2
44, 3, 1, 0, 2
44, 3, 1, 0, 2
45, 3, 1, 0, 2
45, 3, 1, 0, 2
45, 3, 1, 0, 2
46, 4, 1, 0, 2
46, 4, 1, 0, 2
46, 4, 1, 0, 2
46, 4, 1, 0, 2
47, 4, 1, 0, 2
47, 4, 1, 0, 2
47, 4, 1, 0, 2
47, 4, 1, 0, 2
48, 4, 1, 0, 2
48, 4, 1, 0, 2
48, 4, 1, 0, 2
48, 4, 1, 0, 2
49, 4, 1, 0, 2
49, 4, 1, 0, 2
49, 4, 1, 0, 2
49, 4, 1, 0, 2
50, 4, 1, 0, 2
50, 4, 1, 0, 2
50, 4, 1, 0, 2
50, 4, 1, 0, 2
51, 4, 1, 0, 2
51, 4, 1, 0, 2
51, 4, 1, 0, 2
51, 4, 1, 0, 2
52, 4, 1, 0, 2
52, 4, 1, 0, 2
52, 4, 1, 0, 2
52, 4, 1, 0, 2
53, 3, 1, 0, 2
53, 3, 1, 0, 2
53, 3, 1, 0, 2
54, 3, 1, 0, 2
54, 3, 1, 0, 2
54, 3, 1, 0, 2
55, 4, 1, 0, 2
55, 4, 1, 0, 2
55, 4, 1, 0, 2
55, 4, 1, 0, 2
56, 4, 1, 0, 2
56, 4, 1, 0, 2
56, 4, 1, 0, 2
56, 4, 1, 0, 2
57, 4, 1, 0, 2
57, 4, 1, 0, 2
57, 4, 1, 0, 2
57, 4, 1, 0, 2
58, 4, 1, 0, 2
58, 4, 1, 0, 2
58, 4, 1, 0, 2
58, 4, 1, 0, 2
59, 4, 1, 0, 2
59, 4, 1, 0, 2
59, 4, 1, 0, 2
59, 4, 1, 0, 2
60, 4, 1, 0, 2
60, 4, 1, 0, 2
60, 4, 1, 0, 2
60, 4, 1, 0, 2
61, 4, 1, 0, 2
61, 4, 1, 0, 2
61, 4, 1, 0, 2
61, 4, 1, 0, 2
62, 3, 1, 0, 2
62, 3, 1, 0, 2
62, 3, 1, 0, 2
63, 3, 1, 0, 2
63, 3, 1, 0, 2
63, 3, 1, 0, 2
64, 4, 1, 0, 2
64, 4, 1, 0, 2
64, 4, 1, 0, 2
64, 4, 1, 0, 2
65, 4, 1, 0, 2
65, 4, 1, 0, 2
65, 4, 1, 0, 2
65, 4, 1, 0, 2
66, 4, 1, 0, 2
66, 4, 1, 0, 2
66, 4, 1, 0, 2
66, 4, 1, 0, 2
67, 4, 1, 0, 2
67, 4, 1, 0, 2
67, 4, 1, 0, 2
67, 4, 1, 0, 2
68, 4, 1, 0, 2
68, 4, 1, 0, 2
68, 4, 1, 0, 2
68, 4, 1, 0, 2
69, 4, 1, 0, 2
69, 4, 1, 0, 2
69, 4, 1, 0, 2
69, 4, 1, 0, 2
70, 4, 1, 0, 2
70, 4, 1, 0, 2
70, 4, 1, 0, 2
70, 4, 1, 0, 2
71, 3, 1, 0, 2
71, 3, 1, 0, 2
71, 3, 1, 0, 2
72, 2, 1, 0, 2
72, 2, 1, 0, 2
73, 3, 1, 0, 2
73, 3, 1, 0, 2
73, 3, 1, 0, 2
74, 3, 1, 0, 2
74, 3, 1, 0, 2
74, 3, 1, 0, 2
75, 3, 1, 0, 2
75, 3, 1, 0, 2
75, 3, 1, 0, 2
76, 3, 1, 0, 2
76, 3, 1, 0, 2
76, 3, 1, 0, 2
77, 3, 1, 0, 2
77, 3, 1, 0, 2
77, 3, 1, 0, 2
78, 3, 1, 0, 2
78, 3, 1, 0, 2
78, 3, 1, 0, 2
79, 3, 1, 0, 2
79, 3, 1, 0, 2
79, 3, 1, 0, 2
80, 2, 1, 0, 2
80, 2, 1, 0, 2
Goal
1
2
3
4
5
6
7
8
9
10
11
12
13
14
15
16
17
18
19
20
21
22
23
24
25
26
27
28
29
30
31
32
33
34
35
36
37
38
39
40
41
42
43
44
45
46
47
48
49
50
51
52
53
54
55
56
57
58
59
60
61
62
63
64
65
66
67
68
69
70
71
72
73
74
75
76
77
78
79
80
