CG
43
0, 2, 24, 5
0, 2, 30, 5
1, 2, 28, 8
1, 2, 33, 8
2, 2, 38, 16
2, 2, 40, 16
3, 2, 27, 8
3, 2, 30, 8
4, 2, 37, 13
4, 2, 40, 13
5, 2, 25, 8
5, 2, 33, 8
6, 2, 36, 16
6, 2, 40, 16
7, 2, 23, 8
7, 2, 30, 8
8, 2, 31, 14
8, 2, 40, 14
9, 2, 18, 6
9, 2, 33, 6
10, 2, 39, 14
10, 2, 40, 14
11, 2, 29, 6
11, 2, 30, 6
12, 2, 20, 5
12, 2, 30, 5
13, 2, 35, 13
13, 2, 40, 13
14, 2, 22, 5
14, 2, 33, 5
15, 2, 21, 8
15, 2, 33, 8
16, 2, 34, 16
16, 2, 40, 16
17, 8, 31, 14
17, 8, 20, 10
17, 8, 23, 8
17, 8, 27, 16
17, 8, 29, 6
17, 8, 24, 5
17, 8, 40, 14
17, 8, 30, 63
18, 9, 31, 14
18, 9, 22, 10
18, 9, 25, 8
18, 9, 28, 16
18, 9, 32, 6
18, 9, 26, 5
18, 9, 9, 1
18, 9, 40, 14
18, 9, 33, 63
19, 7, 34, 16
19, 7, 20, 10
19, 7, 23, 8
19, 7, 27, 16
19, 7, 29, 18
19, 7, 40, 16
19, 7, 30, 76
20, 6, 35, 13
20, 6, 29, 6
20, 6, 24, 5
20, 6, 12, 1
20, 6, 40, 13
20, 6, 30, 36
21, 8, 34, 16
21, 8, 22, 10
21, 8, 25, 8
21, 8, 28, 16
21, 8, 32, 18
21, 8, 15, 1
21, 8, 40, 16
21, 8, 33, 76
22, 6, 35, 13
22, 6, 32, 6
22, 6, 26, 5
22, 6, 14, 1
22, 6, 40, 13
22, 6, 33, 36
23, 6, 36, 16
23, 6, 29, 24
23, 6, 24, 5
23, 6, 7, 1
23, 6, 40, 16
23, 6, 30, 61
24, 4, 37, 13
24, 4, 0, 1
24, 4, 40, 13
24, 4, 30, 25
25, 6, 36, 16
25, 6, 32, 24
25, 6, 26, 5
25, 6, 5, 1
25, 6, 40, 16
25, 6, 33, 61
26, 4, 37, 13
26, 4, 41, 1
26, 4, 40, 13
26, 4, 33, 25
27, 6, 38, 16
27, 6, 29, 6
27, 6, 24, 5
27, 6, 3, 1
27, 6, 40, 16
27, 6, 30, 51
28, 6, 38, 16
28, 6, 32, 6
28, 6, 26, 5
28, 6, 1, 1
28, 6, 40, 16
28, 6, 33, 51
29, 4, 39, 14
29, 4, 11, 1
29, 4, 40, 14
29, 4, 30, 48
30, 7, 19, 24
30, 7, 17, 18
30, 7, 20, 25
30, 7, 23, 32
30, 7, 27, 40
30, 7, 29, 48
30, 7, 24, 25
31, 11, 18, 6
31, 11, 17, 6
31, 11, 35, 26
31, 11, 36, 16
31, 11, 38, 32
31, 11, 39, 14
31, 11, 37, 13
31, 11, 8, 1
31, 11, 40, 157
31, 11, 33, 6
31, 11, 30, 6
32, 4, 39, 14
32, 4, 42, 1
32, 4, 40, 14
32, 4, 33, 48
33, 7, 21, 24
33, 7, 18, 18
33, 7, 22, 25
33, 7, 25, 32
33, 7, 28, 40
33, 7, 32, 48
33, 7, 26, 25
34, 10, 21, 8
34, 10, 19, 8
34, 10, 35, 26
34, 10, 36, 16
34, 10, 38, 32
34, 10, 39, 42
34, 10, 16, 1
34, 10, 40, 180
34, 10, 33, 8
34, 10, 30, 8
35, 8, 22, 5
35, 8, 20, 5
35, 8, 39, 14
35, 8, 37, 13
35, 8, 13, 1
35, 8, 40, 105
35, 8, 33, 5
35, 8, 30, 5
36, 8, 25, 8
36, 8, 23, 8
36, 8, 39, 56
36, 8, 37, 13
36, 8, 6, 1
36, 8, 40, 149
36, 8, 33, 8
36, 8, 30, 8
37, 6, 26, 5
37, 6, 24, 5
37, 6, 4, 1
37, 6, 40, 78
37, 6, 33, 5
37, 6, 30, 5
38, 8, 28, 8
38, 8, 27, 8
38, 8, 39, 14
38, 8, 37, 13
38, 8, 2, 1
38, 8, 40, 123
38, 8, 33, 8
38, 8, 30, 8
39, 6, 32, 6
39, 6, 29, 6
39, 6, 10, 1
39, 6, 40, 126
39, 6, 33, 6
39, 6, 30, 6
40, 7, 34, 64
40, 7, 31, 56
40, 7, 35, 78
40, 7, 36, 80
40, 7, 38, 96
40, 7, 39, 126
40, 7, 37, 78
41, 2, 26, 5
41, 2, 33, 5
42, 2, 32, 6
42, 2, 33, 6
DTG
0, 1, 1, 0, 2
1, 1, 1, 0, 2
2, 1, 1, 0, 2
3, 1, 1, 0, 2
4, 1, 1, 0, 2
5, 1, 1, 0, 2
6, 1, 1, 0, 2
7, 1, 1, 0, 2
8, 1, 1, 0, 2
9, 1, 1, 0, 2
10, 1, 1, 0, 2
11, 1, 1, 0, 2
12, 1, 1, 0, 2
13, 1, 1, 0, 2
14, 1, 1, 0, 2
15, 1, 1, 0, 2
16, 1, 1, 0, 2
17, 6, 0, 1, 2
17, 6, 0, 1, 2
17, 6, 0, 1, 2
17, 6, 0, 1, 2
17, 6, 0, 1, 2
17, 6, 0, 1, 2
17, 6, 1, 0, 2
17, 6, 1, 0, 2
17, 6, 1, 0, 2
17, 6, 1, 0, 2
17, 6, 1, 0, 2
17, 6, 1, 0, 2
18, 6, 0, 1, 2
18, 6, 0, 1, 2
18, 6, 0, 1, 2
18, 6, 0, 1, 2
18, 6, 0, 1, 2
18, 6, 0, 1, 2
18, 12, 1, 0, 3
18, 12, 1, 0, 3
18, 12, 1, 0, 3
18, 12, 1, 0, 3
18, 12, 1, 0, 3
18, 12, 1, 0, 3
18, 12, 1, 0, 3
18, 12, 1, 0, 3
18, 12, 1, 0, 3
18, 12, 1, 0, 3
18, 12, 1, 0, 3
18, 12, 1, 0, 3
19, 8, 0, 1, 2
19, 8, 0, 1, 2
19, 8, 0, 1, 2
19, 8, 0, 1, 2
19, 8, 0, 1, 2
19, 8, 0, 1, 2
19, 8, 0, 1, 2
19, 8, 0, 1, 2
19, 8, 1, 0, 2
19, 8, 1, 0, 2
19, 8, 1, 0, 2
19, 8, 1, 0, 2
19, 8, 1, 0, 2
19, 8, 1, 0, 2
19, 8, 1, 0, 2
19, 8, 1, 0, 2
20, 5, 0, 1, 2
20, 5, 0, 1, 2
20, 5, 0, 1, 2
20, 5, 0, 1, 2
20, 5, 0, 1, 2
20, 15, 1, 0, 3
20, 15, 1, 0, 3
20, 15, 1, 0, 3
20, 15, 1, 0, 3
20, 15, 1, 0, 3
20, 15, 1, 0, 3
20, 15, 1, 0, 3
20, 15, 1, 0, 3
20, 15, 1, 0, 3
20, 15, 1, 0, 3
20, 15, 1, 0, 4
20, 15, 1, 0, 4
20, 15, 1, 0, 4
20, 15, 1, 0, 4
20, 15, 1, 0, 4
21, 8, 0, 1, 2
21, 8, 0, 1, 2
21, 8, 0, 1, 2
21, 8, 0, 1, 2
21, 8, 0, 1, 2
21, 8, 0, 1, 2
21, 8, 0, 1, 2
21, 8, 0, 1, 2
21, 16, 1, 0, 3
21, 16, 1, 0, 3
21, 16, 1, 0, 3
21, 16, 1, 0, 3
21, 16, 1, 0, 3
21, 16, 1, 0, 3
21, 16, 1, 0, 3
21, 16, 1, 0, 3
21, 16, 1, 0, 3
21, 16, 1, 0, 3
21, 16, 1, 0, 3
21, 16, 1, 0, 3
21, 16, 1, 0, 3
21, 16, 1, 0, 3
21, 16, 1, 0, 3
21, 16, 1, 0, 3
22, 5, 0, 1, 2
22, 5, 0, 1, 2
22, 5, 0, 1, 2
22, 5, 0, 1, 2
22, 5, 0, 1, 2
22, 15, 1, 0, 3
22, 15, 1, 0, 3
22, 15, 1, 0, 3
22, 15, 1, 0, 3
22, 15, 1, 0, 3
22, 15, 1, 0, 3
22, 15, 1, 0, 3
22, 15, 1, 0, 3
22, 15, 1, 0, 3
22, 15, 1, 0, 3
22, 15, 1, 0, 4
22, 15, 1, 0, 4
22, 15, 1, 0, 4
22, 15, 1, 0, 4
22, 15, 1, 0, 4
23, 8, 0, 1, 2
23, 8, 0, 1, 2
23, 8, 0, 1, 2
23, 8, 0, 1, 2
23, 8, 0, 1, 2
23, 8, 0, 1, 2
23, 8, 0, 1, 2
23, 8, 0, 1, 2
23, 24, 1, 0, 3
23, 24, 1, 0, 3
23, 24, 1, 0, 3
23, 24, 1, 0, 3
23, 24, 1, 0, 3
23, 24, 1, 0, 3
23, 24, 1, 0, 3
23, 24, 1, 0, 3
23, 24, 1, 0, 3
23, 24, 1, 0, 3
23, 24, 1, 0, 3
23, 24, 1, 0, 3
23, 24, 1, 0, 3
23, 24, 1, 0, 3
23, 24, 1, 0, 3
23, 24, 1, 0, 3
23, 24, 1, 0, 4
23, 24, 1, 0, 4
23, 24, 1, 0, 4
23, 24, 1, 0, 4
23, 24, 1, 0, 4
23, 24, 1, 0, 4
23, 24, 1, 0, 4
23, 24, 1, 0, 4
24, 5, 0, 1, 2
24, 5, 0, 1, 2
24, 5, 0, 1, 2
24, 5, 0, 1, 2
24, 5, 0, 1, 2
24, 20, 1, 0, 3
24, 20, 1, 0, 3
24, 20, 1, 0, 3
24, 20, 1, 0, 3
24, 20, 1, 0, 3
24, 20, 1, 0, 3
24, 20, 1, 0, 3
24, 20, 1, 0, 3
24, 20, 1, 0, 3
24, 20, 1, 0, 3
24, 20, 1, 0, 4
24, 20, 1, 0, 4
24, 20, 1, 0, 4
24, 20, 1, 0, 4
24, 20, 1, 0, 4
24, 20, 1, 0, 4
24, 20, 1, 0, 4
24, 20, 1, 0, 4
24, 20, 1, 0, 4
24, 20, 1, 0, 4
25, 8, 0, 1, 2
25, 8, 0, 1, 2
25, 8, 0, 1, 2
25, 8, 0, 1, 2
25, 8, 0, 1, 2
25, 8, 0, 1, 2
25, 8, 0, 1, 2
25, 8, 0, 1, 2
25, 24, 1, 0, 3
25, 24, 1, 0, 3
25, 24, 1, 0, 3
25, 24, 1, 0, 3
25, 24, 1, 0, 3
25, 24, 1, 0, 3
25, 24, 1, 0, 3
25, 24, 1, 0, 3
25, 24, 1, 0, 3
25, 24, 1, 0, 3
25, 24, 1, 0, 3
25, 24, 1, 0, 3
25, 24, 1, 0, 3
25, 24, 1, 0, 3
25, 24, 1, 0, 3
25, 24, 1, 0, 3
25, 24, 1, 0, 4
25, 24, 1, 0, 4
25, 24, 1, 0, 4
25, 24, 1, 0, 4
25, 24, 1, 0, 4
25, 24, 1, 0, 4
25, 24, 1, 0, 4
25, 24, 1, 0, 4
26, 5, 0, 1, 2
26, 5, 0, 1, 2
26, 5, 0, 1, 2
26, 5, 0, 1, 2
26, 5, 0, 1, 2
26, 20, 1, 0, 3
26, 20, 1, 0, 3
26, 20, 1, 0, 3
26, 20, 1, 0, 3
26, 20, 1, 0, 3
26, 20, 1, 0, 3
26, 20, 1, 0, 3
26, 20, 1, 0, 3
26, 20, 1, 0, 3
26, 20, 1, 0, 3
26, 20, 1, 0, 4
26, 20, 1, 0, 4
26, 20, 1, 0, 4
26, 20, 1, 0, 4
26, 20, 1, 0, 4
26, 20, 1, 0, 4
26, 20, 1, 0, 4
26, 20, 1, 0, 4
26, 20, 1, 0, 4
26, 20, 1, 0, 4
27, 8, 0, 1, 2
27, 8, 0, 1, 2
27, 8, 0, 1, 2
27, 8, 0, 1, 2
27, 8, 0, 1, 2
27, 8, 0, 1, 2
27, 8, 0, 1, 2
27, 8, 0, 1, 2
27, 24, 1, 0, 3
27, 24, 1, 0, 3
27, 24, 1, 0, 3
27, 24, 1, 0, 3
27, 24, 1, 0, 3
27, 24, 1, 0, 3
27, 24, 1, 0, 3
27, 24, 1, 0, 3
27, 24, 1, 0, 3
27, 24, 1, 0, 3
27, 24, 1, 0, 3
27, 24, 1, 0, 3
27, 24, 1, 0, 3
27, 24, 1, 0, 3
27, 24, 1, 0, 3
27, 24, 1, 0, 3
27, 24, 1, 0, 4
27, 24, 1, 0, 4
27, 24, 1, 0, 4
27, 24, 1, 0, 4
27, 24, 1, 0, 4
27, 24, 1, 0, 4
27, 24, 1, 0, 4
27, 24, 1, 0, 4
28, 8, 0, 1, 2
28, 8, 0, 1, 2
28, 8, 0, 1, 2
28, 8, 0, 1, 2
28, 8, 0, 1, 2
28, 8, 0, 1, 2
28, 8, 0, 1, 2
28, 8, 0, 1, 2
28, 24, 1, 0, 3
28, 24, 1, 0, 3
28, 24, 1, 0, 3
28, 24, 1, 0, 3
28, 24, 1, 0, 3
28, 24, 1, 0, 3
28, 24, 1, 0, 3
28, 24, 1, 0, 3
28, 24, 1, 0, 3
28, 24, 1, 0, 3
28, 24, 1, 0, 3
28, 24, 1, 0, 3
28, 24, 1, 0, 3
28, 24, 1, 0, 3
28, 24, 1, 0, 3
28, 24, 1, 0, 3
28, 24, 1, 0, 4
28, 24, 1, 0, 4
28, 24, 1, 0, 4
28, 24, 1, 0, 4
28, 24, 1, 0, 4
28, 24, 1, 0, 4
28, 24, 1, 0, 4
28, 24, 1, 0, 4
29, 6, 0, 1, 2
29, 6, 0, 1, 2
29, 6, 0, 1, 2
29, 6, 0, 1, 2
29, 6, 0, 1, 2
29, 6, 0, 1, 2
29, 36, 1, 0, 3
29, 36, 1, 0, 3
29, 36, 1, 0, 3
29, 36, 1, 0, 3
29, 36, 1, 0, 3
29, 36, 1, 0, 3
29, 36, 1, 0, 3
29, 36, 1, 0, 3
29, 36, 1, 0, 3
29, 36, 1, 0, 3
29, 36, 1, 0, 3
29, 36, 1, 0, 3
29, 36, 1, 0, 4
29, 36, 1, 0, 4
29, 36, 1, 0, 4
29, 36, 1, 0, 4
29, 36, 1, 0, 4
29, 36, 1, 0, 4
29, 36, 1, 0, 4
29, 36, 1, 0, 4
29, 36, 1, 0, 4
29, 36, 1, 0, 4
29, 36, 1, 0, 4
29, 36, 1, 0, 4
29, 36, 1, 0, 4
29, 36, 1, 0, 4
29, 36, 1, 0, 4
29, 36, 1, 0, 4
29, 36, 1, 0, 4
29, 36, 1, 0, 4
29, 36, 1, 0, 4
29, 36, 1, 0, 4
29, 36, 1, 0, 4
29, 36, 1, 0, 4
29, 36, 1, 0, 4
29, 36, 1, 0, 4
30, 21, 0, 1, 2
30, 21, 0, 1, 3
30, 21, 0, 1, 3
30, 21, 0, 1, 3
30, 21, 0, 1, 3
30, 21, 0, 1, 4
30, 21, 0, 1, 4
30, 21, 0, 3, 2
30, 21, 0, 3, 3
30, 21, 0, 3, 3
30, 21, 0, 3, 4
30, 21, 0, 3, 4
30, 21, 0, 3, 4
30, 21, 0, 3, 4
30, 21, 0, 4, 3
30, 21, 0, 4, 3
30, 21, 0, 4, 3
30, 21, 0, 4, 3
30, 21, 0, 4, 4
30, 21, 0, 4, 4
30, 21, 0, 4, 4
30, 24, 1, 0, 2
30, 24, 1, 0, 2
30, 24, 1, 0, 2
30, 24, 1, 2, 2
30, 24, 1, 2, 3
30, 24, 1, 2, 3
30, 24, 1, 2, 3
30, 24, 1, 2, 3
30, 24, 1, 2, 4
30, 24, 1, 2, 4
30, 24, 1, 4, 2
30, 24, 1, 4, 3
30, 24, 1, 4, 3
30, 24, 1, 4, 4
30, 24, 1, 4, 4
30, 24, 1, 4, 4
30, 24, 1, 4, 4
30, 24, 1, 5, 3
30, 24, 1, 5, 3
30, 24, 1, 5, 3
30, 24, 1, 5, 3
30, 24, 1, 5, 4
30, 24, 1, 5, 4
30, 24, 1, 5, 4
30, 24, 2, 1, 2
30, 24, 2, 1, 2
30, 24, 2, 1, 2
30, 24, 2, 3, 2
30, 24, 2, 3, 3
30, 24, 2, 3, 3
30, 24, 2, 3, 3
30, 24, 2, 3, 3
30, 24, 2, 3, 4
30, 24, 2, 3, 4
30, 24, 2, 5, 2
30, 24, 2, 5, 3
30, 24, 2, 5, 3
30, 24, 2, 5, 4
30, 24, 2, 5, 4
30, 24, 2, 5, 4
30, 24, 2, 5, 4
30, 24, 2, 6, 3
30, 24, 2, 6, 3
30, 24, 2, 6, 3
30, 24, 2, 6, 3
30, 24, 2, 6, 4
30, 24, 2, 6, 4
30, 24, 2, 6, 4
30, 26, 3, 0, 2
30, 26, 3, 0, 2
30, 26, 3, 2, 2
30, 26, 3, 2, 2
30, 26, 3, 2, 2
30, 26, 3, 4, 2
30, 26, 3, 4, 3
30, 26, 3, 4, 3
30, 26, 3, 4, 3
30, 26, 3, 4, 3
30, 26, 3, 4, 4
30, 26, 3, 4, 4
30, 26, 3, 6, 2
30, 26, 3, 6, 3
30, 26, 3, 6, 3
30, 26, 3, 6, 4
30, 26, 3, 6, 4
30, 26, 3, 6, 4
30, 26, 3, 6, 4
30, 26, 3, 7, 3
30, 26, 3, 7, 3
30, 26, 3, 7, 3
30, 26, 3, 7, 3
30, 26, 3, 7, 4
30, 26, 3, 7, 4
30, 26, 3, 7, 4
30, 28, 4, 0, 2
30, 28, 4, 0, 2
30, 28, 4, 1, 2
30, 28, 4, 1, 2
30, 28, 4, 3, 2
30, 28, 4, 3, 2
30, 28, 4, 3, 2
30, 28, 4, 5, 2
30, 28, 4, 5, 3
30, 28, 4, 5, 3
30, 28, 4, 5, 3
30, 28, 4, 5, 3
30, 28, 4, 5, 4
30, 28, 4, 5, 4
30, 28, 4, 7, 2
30, 28, 4, 7, 3
30, 28, 4, 7, 3
30, 28, 4, 7, 4
30, 28, 4, 7, 4
30, 28, 4, 7, 4
30, 28, 4, 7, 4
30, 28, 4, 8, 3
30, 28, 4, 8, 3
30, 28, 4, 8, 3
30, 28, 4, 8, 3
30, 28, 4, 8, 4
30, 28, 4, 8, 4
30, 28, 4, 8, 4
30, 21, 5, 1, 2
30, 21, 5, 1, 2
30, 21, 5, 2, 2
30, 21, 5, 2, 2
30, 21, 5, 4, 2
30, 21, 5, 4, 2
30, 21, 5, 4, 2
30, 21, 5, 6, 2
30, 21, 5, 6, 3
30, 21, 5, 6, 3
30, 21, 5, 6, 3
30, 21, 5, 6, 3
30, 21, 5, 6, 4
30, 21, 5, 6, 4
30, 21, 5, 8, 2
30, 21, 5, 8, 3
30, 21, 5, 8, 3
30, 21, 5, 8, 4
30, 21, 5, 8, 4
30, 21, 5, 8, 4
30, 21, 5, 8, 4
30, 14, 6, 2, 2
30, 14, 6, 2, 2
30, 14, 6, 3, 2
30, 14, 6, 3, 2
30, 14, 6, 5, 2
30, 14, 6, 5, 2
30, 14, 6, 5, 2
30, 14, 6, 7, 2
30, 14, 6, 7, 3
30, 14, 6, 7, 3
30, 14, 6, 7, 3
30, 14, 6, 7, 3
30, 14, 6, 7, 4
30, 14, 6, 7, 4
30, 14, 7, 3, 2
30, 14, 7, 3, 2
30, 14, 7, 4, 2
30, 14, 7, 4, 2
30, 14, 7, 6, 2
30, 14, 7, 6, 2
30, 14, 7, 6, 2
30, 14, 7, 8, 2
30, 14, 7, 8, 3
30, 14, 7, 8, 3
30, 14, 7, 8, 3
30, 14, 7, 8, 3
30, 14, 7, 8, 4
30, 14, 7, 8, 4
30, 7, 8, 4, 2
30, 7, 8, 4, 2
30, 7, 8, 5, 2
30, 7, 8, 5, 2
30, 7, 8, 7, 2
30, 7, 8, 7, 2
30, 7, 8, 7, 2
31, 14, 0, 1, 2
31, 14, 0, 1, 2
31, 14, 0, 1, 2
31, 14, 0, 1, 2
31, 14, 0, 1, 2
31, 14, 0, 1, 2
31, 14, 0, 1, 2
31, 14, 0, 1, 2
31, 14, 0, 1, 2
31, 14, 0, 1, 2
31, 14, 0, 1, 2
31, 14, 0, 1, 2
31, 14, 0, 1, 2
31, 14, 0, 1, 2
31, 42, 1, 0, 3
31, 42, 1, 0, 3
31, 42, 1, 0, 3
31, 42, 1, 0, 3
31, 42, 1, 0, 3
31, 42, 1, 0, 3
31, 42, 1, 0, 3
31, 42, 1, 0, 3
31, 42, 1, 0, 3
31, 42, 1, 0, 3
31, 42, 1, 0, 3
31, 42, 1, 0, 3
31, 42, 1, 0, 3
31, 42, 1, 0, 3
31, 42, 1, 0, 3
31, 42, 1, 0, 3
31, 42, 1, 0, 3
31, 42, 1, 0, 3
31, 42, 1, 0, 3
31, 42, 1, 0, 3
31, 42, 1, 0, 3
31, 42, 1, 0, 3
31, 42, 1, 0, 3
31, 42, 1, 0, 3
31, 42, 1, 0, 3
31, 42, 1, 0, 3
31, 42, 1, 0, 3
31, 42, 1, 0, 3
31, 42, 1, 0, 3
31, 42, 1, 0, 3
31, 42, 1, 0, 3
31, 42, 1, 0, 3
31, 42, 1, 0, 3
31, 42, 1, 0, 3
31, 42, 1, 0, 3
31, 42, 1, 0, 3
31, 42, 1, 0, 3
31, 42, 1, 0, 3
31, 42, 1, 0, 3
31, 42, 1, 0, 3
31, 42, 1, 0, 3
31, 42, 1, 0, 3
32, 6, 0, 1, 2
32, 6, 0, 1, 2
32, 6, 0, 1, 2
32, 6, 0, 1, 2
32, 6, 0, 1, 2
32, 6, 0, 1, 2
32, 36, 1, 0, 3
32, 36, 1, 0, 3
32, 36, 1, 0, 3
32, 36, 1, 0, 3
32, 36, 1, 0, 3
32, 36, 1, 0, 3
32, 36, 1, 0, 3
32, 36, 1, 0, 3
32, 36, 1, 0, 3
32, 36, 1, 0, 3
32, 36, 1, 0, 3
32, 36, 1, 0, 3
32, 36, 1, 0, 4
32, 36, 1, 0, 4
32, 36, 1, 0, 4
32, 36, 1, 0, 4
32, 36, 1, 0, 4
32, 36, 1, 0, 4
32, 36, 1, 0, 4
32, 36, 1, 0, 4
32, 36, 1, 0, 4
32, 36, 1, 0, 4
32, 36, 1, 0, 4
32, 36, 1, 0, 4
32, 36, 1, 0, 4
32, 36, 1, 0, 4
32, 36, 1, 0, 4
32, 36, 1, 0, 4
32, 36, 1, 0, 4
32, 36, 1, 0, 4
32, 36, 1, 0, 4
32, 36, 1, 0, 4
32, 36, 1, 0, 4
32, 36, 1, 0, 4
32, 36, 1, 0, 4
32, 36, 1, 0, 4
33, 23, 0, 1, 3
33, 23, 0, 1, 3
33, 23, 0, 1, 3
33, 23, 0, 1, 3
33, 23, 0, 1, 3
33, 23, 0, 1, 3
33, 23, 0, 1, 4
33, 23, 0, 1, 4
33, 23, 0, 3, 3
33, 23, 0, 3, 3
33, 23, 0, 3, 3
33, 23, 0, 3, 3
33, 23, 0, 3, 4
33, 23, 0, 3, 4
33, 23, 0, 3, 4
33, 23, 0, 3, 4
33, 23, 0, 4, 3
33, 23, 0, 4, 3
33, 23, 0, 4, 3
33, 23, 0, 4, 3
33, 23, 0, 4, 4
33, 23, 0, 4, 4
33, 23, 0, 4, 4
33, 26, 1, 0, 2
33, 26, 1, 0, 2
33, 26, 1, 0, 2
33, 26, 1, 2, 3
33, 26, 1, 2, 3
33, 26, 1, 2, 3
33, 26, 1, 2, 3
33, 26, 1, 2, 3
33, 26, 1, 2, 3
33, 26, 1, 2, 4
33, 26, 1, 2, 4
33, 26, 1, 4, 3
33, 26, 1, 4, 3
33, 26, 1, 4, 3
33, 26, 1, 4, 3
33, 26, 1, 4, 4
33, 26, 1, 4, 4
33, 26, 1, 4, 4
33, 26, 1, 4, 4
33, 26, 1, 5, 3
33, 26, 1, 5, 3
33, 26, 1, 5, 3
33, 26, 1, 5, 3
33, 26, 1, 5, 4
33, 26, 1, 5, 4
33, 26, 1, 5, 4
33, 26, 2, 1, 2
33, 26, 2, 1, 2
33, 26, 2, 1, 2
33, 26, 2, 3, 3
33, 26, 2, 3, 3
33, 26, 2, 3, 3
33, 26, 2, 3, 3
33, 26, 2, 3, 3
33, 26, 2, 3, 3
33, 26, 2, 3, 4
33, 26, 2, 3, 4
33, 26, 2, 5, 3
33, 26, 2, 5, 3
33, 26, 2, 5, 3
33, 26, 2, 5, 3
33, 26, 2, 5, 4
33, 26, 2, 5, 4
33, 26, 2, 5, 4
33, 26, 2, 5, 4
33, 26, 2, 6, 3
33, 26, 2, 6, 3
33, 26, 2, 6, 3
33, 26, 2, 6, 3
33, 26, 2, 6, 4
33, 26, 2, 6, 4
33, 26, 2, 6, 4
33, 28, 3, 0, 2
33, 28, 3, 0, 2
33, 28, 3, 2, 2
33, 28, 3, 2, 2
33, 28, 3, 2, 2
33, 28, 3, 4, 3
33, 28, 3, 4, 3
33, 28, 3, 4, 3
33, 28, 3, 4, 3
33, 28, 3, 4, 3
33, 28, 3, 4, 3
33, 28, 3, 4, 4
33, 28, 3, 4, 4
33, 28, 3, 6, 3
33, 28, 3, 6, 3
33, 28, 3, 6, 3
33, 28, 3, 6, 3
33, 28, 3, 6, 4
33, 28, 3, 6, 4
33, 28, 3, 6, 4
33, 28, 3, 6, 4
33, 28, 3, 7, 3
33, 28, 3, 7, 3
33, 28, 3, 7, 3
33, 28, 3, 7, 3
33, 28, 3, 7, 4
33, 28, 3, 7, 4
33, 28, 3, 7, 4
33, 30, 4, 0, 2
33, 30, 4, 0, 2
33, 30, 4, 1, 2
33, 30, 4, 1, 2
33, 30, 4, 3, 2
33, 30, 4, 3, 2
33, 30, 4, 3, 2
33, 30, 4, 5, 3
33, 30, 4, 5, 3
33, 30, 4, 5, 3
33, 30, 4, 5, 3
33, 30, 4, 5, 3
33, 30, 4, 5, 3
33, 30, 4, 5, 4
33, 30, 4, 5, 4
33, 30, 4, 7, 3
33, 30, 4, 7, 3
33, 30, 4, 7, 3
33, 30, 4, 7, 3
33, 30, 4, 7, 4
33, 30, 4, 7, 4
33, 30, 4, 7, 4
33, 30, 4, 7, 4
33, 30, 4, 8, 3
33, 30, 4, 8, 3
33, 30, 4, 8, 3
33, 30, 4, 8, 3
33, 30, 4, 8, 4
33, 30, 4, 8, 4
33, 30, 4, 8, 4
33, 23, 5, 1, 2
33, 23, 5, 1, 2
33, 23, 5, 2, 2
33, 23, 5, 2, 2
33, 23, 5, 4, 2
33, 23, 5, 4, 2
33, 23, 5, 4, 2
33, 23, 5, 6, 3
33, 23, 5, 6, 3
33, 23, 5, 6, 3
33, 23, 5, 6, 3
33, 23, 5, 6, 3
33, 23, 5, 6, 3
33, 23, 5, 6, 4
33, 23, 5, 6, 4
33, 23, 5, 8, 3
33, 23, 5, 8, 3
33, 23, 5, 8, 3
33, 23, 5, 8, 3
33, 23, 5, 8, 4
33, 23, 5, 8, 4
33, 23, 5, 8, 4
33, 23, 5, 8, 4
33, 15, 6, 2, 2
33, 15, 6, 2, 2
33, 15, 6, 3, 2
33, 15, 6, 3, 2
33, 15, 6, 5, 2
33, 15, 6, 5, 2
33, 15, 6, 5, 2
33, 15, 6, 7, 3
33, 15, 6, 7, 3
33, 15, 6, 7, 3
33, 15, 6, 7, 3
33, 15, 6, 7, 3
33, 15, 6, 7, 3
33, 15, 6, 7, 4
33, 15, 6, 7, 4
33, 15, 7, 3, 2
33, 15, 7, 3, 2
33, 15, 7, 4, 2
33, 15, 7, 4, 2
33, 15, 7, 6, 2
33, 15, 7, 6, 2
33, 15, 7, 6, 2
33, 15, 7, 8, 3
33, 15, 7, 8, 3
33, 15, 7, 8, 3
33, 15, 7, 8, 3
33, 15, 7, 8, 3
33, 15, 7, 8, 3
33, 15, 7, 8, 4
33, 15, 7, 8, 4
33, 7, 8, 4, 2
33, 7, 8, 4, 2
33, 7, 8, 5, 2
33, 7, 8, 5, 2
33, 7, 8, 7, 2
33, 7, 8, 7, 2
33, 7, 8, 7, 2
34, 16, 0, 1, 2
34, 16, 0, 1, 2
34, 16, 0, 1, 2
34, 16, 0, 1, 2
34, 16, 0, 1, 2
34, 16, 0, 1, 2
34, 16, 0, 1, 2
34, 16, 0, 1, 2
34, 16, 0, 1, 2
34, 16, 0, 1, 2
34, 16, 0, 1, 2
34, 16, 0, 1, 2
34, 16, 0, 1, 2
34, 16, 0, 1, 2
34, 16, 0, 1, 2
34, 16, 0, 1, 2
34, 48, 1, 0, 3
34, 48, 1, 0, 3
34, 48, 1, 0, 3
34, 48, 1, 0, 3
34, 48, 1, 0, 3
34, 48, 1, 0, 3
34, 48, 1, 0, 3
34, 48, 1, 0, 3
34, 48, 1, 0, 3
34, 48, 1, 0, 3
34, 48, 1, 0, 3
34, 48, 1, 0, 3
34, 48, 1, 0, 3
34, 48, 1, 0, 3
34, 48, 1, 0, 3
34, 48, 1, 0, 3
34, 48, 1, 0, 3
34, 48, 1, 0, 3
34, 48, 1, 0, 3
34, 48, 1, 0, 3
34, 48, 1, 0, 3
34, 48, 1, 0, 3
34, 48, 1, 0, 3
34, 48, 1, 0, 3
34, 48, 1, 0, 3
34, 48, 1, 0, 3
34, 48, 1, 0, 3
34, 48, 1, 0, 3
34, 48, 1, 0, 3
34, 48, 1, 0, 3
34, 48, 1, 0, 3
34, 48, 1, 0, 3
34, 48, 1, 0, 3
34, 48, 1, 0, 3
34, 48, 1, 0, 3
34, 48, 1, 0, 3
34, 48, 1, 0, 3
34, 48, 1, 0, 3
34, 48, 1, 0, 3
34, 48, 1, 0, 3
34, 48, 1, 0, 3
34, 48, 1, 0, 3
34, 48, 1, 0, 3
34, 48, 1, 0, 3
34, 48, 1, 0, 3
34, 48, 1, 0, 3
34, 48, 1, 0, 3
34, 48, 1, 0, 3
35, 13, 0, 1, 2
35, 13, 0, 1, 2
35, 13, 0, 1, 2
35, 13, 0, 1, 2
35, 13, 0, 1, 2
35, 13, 0, 1, 2
35, 13, 0, 1, 2
35, 13, 0, 1, 2
35, 13, 0, 1, 2
35, 13, 0, 1, 2
35, 13, 0, 1, 2
35, 13, 0, 1, 2
35, 13, 0, 1, 2
35, 52, 1, 0, 3
35, 52, 1, 0, 3
35, 52, 1, 0, 3
35, 52, 1, 0, 3
35, 52, 1, 0, 3
35, 52, 1, 0, 3
35, 52, 1, 0, 3
35, 52, 1, 0, 3
35, 52, 1, 0, 3
35, 52, 1, 0, 3
35, 52, 1, 0, 3
35, 52, 1, 0, 3
35, 52, 1, 0, 3
35, 52, 1, 0, 3
35, 52, 1, 0, 3
35, 52, 1, 0, 3
35, 52, 1, 0, 3
35, 52, 1, 0, 3
35, 52, 1, 0, 3
35, 52, 1, 0, 3
35, 52, 1, 0, 3
35, 52, 1, 0, 3
35, 52, 1, 0, 3
35, 52, 1, 0, 3
35, 52, 1, 0, 3
35, 52, 1, 0, 3
35, 52, 1, 0, 3
35, 52, 1, 0, 3
35, 52, 1, 0, 3
35, 52, 1, 0, 3
35, 52, 1, 0, 3
35, 52, 1, 0, 3
35, 52, 1, 0, 3
35, 52, 1, 0, 3
35, 52, 1, 0, 3
35, 52, 1, 0, 3
35, 52, 1, 0, 3
35, 52, 1, 0, 3
35, 52, 1, 0, 3
35, 52, 1, 0, 4
35, 52, 1, 0, 4
35, 52, 1, 0, 4
35, 52, 1, 0, 4
35, 52, 1, 0, 4
35, 52, 1, 0, 4
35, 52, 1, 0, 4
35, 52, 1, 0, 4
35, 52, 1, 0, 4
35, 52, 1, 0, 4
35, 52, 1, 0, 4
35, 52, 1, 0, 4
35, 52, 1, 0, 4
36, 16, 0, 1, 2
36, 16, 0, 1, 2
36, 16, 0, 1, 2
36, 16, 0, 1, 2
36, 16, 0, 1, 2
36, 16, 0, 1, 2
36, 16, 0, 1, 2
36, 16, 0, 1, 2
36, 16, 0, 1, 2
36, 16, 0, 1, 2
36, 16, 0, 1, 2
36, 16, 0, 1, 2
36, 16, 0, 1, 2
36, 16, 0, 1, 2
36, 16, 0, 1, 2
36, 16, 0, 1, 2
36, 64, 1, 0, 3
36, 64, 1, 0, 3
36, 64, 1, 0, 3
36, 64, 1, 0, 3
36, 64, 1, 0, 3
36, 64, 1, 0, 3
36, 64, 1, 0, 3
36, 64, 1, 0, 3
36, 64, 1, 0, 3
36, 64, 1, 0, 3
36, 64, 1, 0, 3
36, 64, 1, 0, 3
36, 64, 1, 0, 3
36, 64, 1, 0, 3
36, 64, 1, 0, 3
36, 64, 1, 0, 3
36, 64, 1, 0, 3
36, 64, 1, 0, 3
36, 64, 1, 0, 3
36, 64, 1, 0, 3
36, 64, 1, 0, 3
36, 64, 1, 0, 3
36, 64, 1, 0, 3
36, 64, 1, 0, 3
36, 64, 1, 0, 3
36, 64, 1, 0, 3
36, 64, 1, 0, 3
36, 64, 1, 0, 3
36, 64, 1, 0, 3
36, 64, 1, 0, 3
36, 64, 1, 0, 3
36, 64, 1, 0, 3
36, 64, 1, 0, 3
36, 64, 1, 0, 3
36, 64, 1, 0, 3
36, 64, 1, 0, 3
36, 64, 1, 0, 3
36, 64, 1, 0, 3
36, 64, 1, 0, 3
36, 64, 1, 0, 3
36, 64, 1, 0, 3
36, 64, 1, 0, 3
36, 64, 1, 0, 3
36, 64, 1, 0, 3
36, 64, 1, 0, 3
36, 64, 1, 0, 3
36, 64, 1, 0, 3
36, 64, 1, 0, 3
36, 64, 1, 0, 4
36, 64, 1, 0, 4
36, 64, 1, 0, 4
36, 64, 1, 0, 4
36, 64, 1, 0, 4
36, 64, 1, 0, 4
36, 64, 1, 0, 4
36, 64, 1, 0, 4
36, 64, 1, 0, 4
36, 64, 1, 0, 4
36, 64, 1, 0, 4
36, 64, 1, 0, 4
36, 64, 1, 0, 4
36, 64, 1, 0, 4
36, 64, 1, 0, 4
36, 64, 1, 0, 4
37, 13, 0, 1, 2
37, 13, 0, 1, 2
37, 13, 0, 1, 2
37, 13, 0, 1, 2
37, 13, 0, 1, 2
37, 13, 0, 1, 2
37, 13, 0, 1, 2
37, 13, 0, 1, 2
37, 13, 0, 1, 2
37, 13, 0, 1, 2
37, 13, 0, 1, 2
37, 13, 0, 1, 2
37, 13, 0, 1, 2
37, 65, 1, 0, 3
37, 65, 1, 0, 3
37, 65, 1, 0, 3
37, 65, 1, 0, 3
37, 65, 1, 0, 3
37, 65, 1, 0, 3
37, 65, 1, 0, 3
37, 65, 1, 0, 3
37, 65, 1, 0, 3
37, 65, 1, 0, 3
37, 65, 1, 0, 3
37, 65, 1, 0, 3
37, 65, 1, 0, 3
37, 65, 1, 0, 3
37, 65, 1, 0, 3
37, 65, 1, 0, 3
37, 65, 1, 0, 3
37, 65, 1, 0, 3
37, 65, 1, 0, 3
37, 65, 1, 0, 3
37, 65, 1, 0, 3
37, 65, 1, 0, 3
37, 65, 1, 0, 3
37, 65, 1, 0, 3
37, 65, 1, 0, 3
37, 65, 1, 0, 3
37, 65, 1, 0, 3
37, 65, 1, 0, 3
37, 65, 1, 0, 3
37, 65, 1, 0, 3
37, 65, 1, 0, 3
37, 65, 1, 0, 3
37, 65, 1, 0, 3
37, 65, 1, 0, 3
37, 65, 1, 0, 3
37, 65, 1, 0, 3
37, 65, 1, 0, 3
37, 65, 1, 0, 3
37, 65, 1, 0, 3
37, 65, 1, 0, 4
37, 65, 1, 0, 4
37, 65, 1, 0, 4
37, 65, 1, 0, 4
37, 65, 1, 0, 4
37, 65, 1, 0, 4
37, 65, 1, 0, 4
37, 65, 1, 0, 4
37, 65, 1, 0, 4
37, 65, 1, 0, 4
37, 65, 1, 0, 4
37, 65, 1, 0, 4
37, 65, 1, 0, 4
37, 65, 1, 0, 4
37, 65, 1, 0, 4
37, 65, 1, 0, 4
37, 65, 1, 0, 4
37, 65, 1, 0, 4
37, 65, 1, 0, 4
37, 65, 1, 0, 4
37, 65, 1, 0, 4
37, 65, 1, 0, 4
37, 65, 1, 0, 4
37, 65, 1, 0, 4
37, 65, 1, 0, 4
37, 65, 1, 0, 4
38, 16, 0, 1, 2
38, 16, 0, 1, 2
38, 16, 0, 1, 2
38, 16, 0, 1, 2
38, 16, 0, 1, 2
38, 16, 0, 1, 2
38, 16, 0, 1, 2
38, 16, 0, 1, 2
38, 16, 0, 1, 2
38, 16, 0, 1, 2
38, 16, 0, 1, 2
38, 16, 0, 1, 2
38, 16, 0, 1, 2
38, 16, 0, 1, 2
38, 16, 0, 1, 2
38, 16, 0, 1, 2
38, 64, 1, 0, 3
38, 64, 1, 0, 3
38, 64, 1, 0, 3
38, 64, 1, 0, 3
38, 64, 1, 0, 3
38, 64, 1, 0, 3
38, 64, 1, 0, 3
38, 64, 1, 0, 3
38, 64, 1, 0, 3
38, 64, 1, 0, 3
38, 64, 1, 0, 3
38, 64, 1, 0, 3
38, 64, 1, 0, 3
38, 64, 1, 0, 3
38, 64, 1, 0, 3
38, 64, 1, 0, 3
38, 64, 1, 0, 3
38, 64, 1, 0, 3
38, 64, 1, 0, 3
38, 64, 1, 0, 3
38, 64, 1, 0, 3
38, 64, 1, 0, 3
38, 64, 1, 0, 3
38, 64, 1, 0, 3
38, 64, 1, 0, 3
38, 64, 1, 0, 3
38, 64, 1, 0, 3
38, 64, 1, 0, 3
38, 64, 1, 0, 3
38, 64, 1, 0, 3
38, 64, 1, 0, 3
38, 64, 1, 0, 3
38, 64, 1, 0, 3
38, 64, 1, 0, 3
38, 64, 1, 0, 3
38, 64, 1, 0, 3
38, 64, 1, 0, 3
38, 64, 1, 0, 3
38, 64, 1, 0, 3
38, 64, 1, 0, 3
38, 64, 1, 0, 3
38, 64, 1, 0, 3
38, 64, 1, 0, 3
38, 64, 1, 0, 3
38, 64, 1, 0, 3
38, 64, 1, 0, 3
38, 64, 1, 0, 3
38, 64, 1, 0, 3
38, 64, 1, 0, 4
38, 64, 1, 0, 4
38, 64, 1, 0, 4
38, 64, 1, 0, 4
38, 64, 1, 0, 4
38, 64, 1, 0, 4
38, 64, 1, 0, 4
38, 64, 1, 0, 4
38, 64, 1, 0, 4
38, 64, 1, 0, 4
38, 64, 1, 0, 4
38, 64, 1, 0, 4
38, 64, 1, 0, 4
38, 64, 1, 0, 4
38, 64, 1, 0, 4
38, 64, 1, 0, 4
39, 14, 0, 1, 2
39, 14, 0, 1, 2
39, 14, 0, 1, 2
39, 14, 0, 1, 2
39, 14, 0, 1, 2
39, 14, 0, 1, 2
39, 14, 0, 1, 2
39, 14, 0, 1, 2
39, 14, 0, 1, 2
39, 14, 0, 1, 2
39, 14, 0, 1, 2
39, 14, 0, 1, 2
39, 14, 0, 1, 2
39, 14, 0, 1, 2
39, 98, 1, 0, 3
39, 98, 1, 0, 3
39, 98, 1, 0, 3
39, 98, 1, 0, 3
39, 98, 1, 0, 3
39, 98, 1, 0, 3
39, 98, 1, 0, 3
39, 98, 1, 0, 3
39, 98, 1, 0, 3
39, 98, 1, 0, 3
39, 98, 1, 0, 3
39, 98, 1, 0, 3
39, 98, 1, 0, 3
39, 98, 1, 0, 3
39, 98, 1, 0, 3
39, 98, 1, 0, 3
39, 98, 1, 0, 3
39, 98, 1, 0, 3
39, 98, 1, 0, 3
39, 98, 1, 0, 3
39, 98, 1, 0, 3
39, 98, 1, 0, 3
39, 98, 1, 0, 3
39, 98, 1, 0, 3
39, 98, 1, 0, 3
39, 98, 1, 0, 3
39, 98, 1, 0, 3
39, 98, 1, 0, 3
39, 98, 1, 0, 3
39, 98, 1, 0, 3
39, 98, 1, 0, 3
39, 98, 1, 0, 3
39, 98, 1, 0, 3
39, 98, 1, 0, 3
39, 98, 1, 0, 3
39, 98, 1, 0, 3
39, 98, 1, 0, 3
39, 98, 1, 0, 3
39, 98, 1, 0, 3
39, 98, 1, 0, 3
39, 98, 1, 0, 3
39, 98, 1, 0, 3
39, 98, 1, 0, 4
39, 98, 1, 0, 4
39, 98, 1, 0, 4
39, 98, 1, 0, 4
39, 98, 1, 0, 4
39, 98, 1, 0, 4
39, 98, 1, 0, 4
39, 98, 1, 0, 4
39, 98, 1, 0, 4
39, 98, 1, 0, 4
39, 98, 1, 0, 4
39, 98, 1, 0, 4
39, 98, 1, 0, 4
39, 98, 1, 0, 4
39, 98, 1, 0, 4
39, 98, 1, 0, 4
39, 98, 1, 0, 4
39, 98, 1, 0, 4
39, 98, 1, 0, 4
39, 98, 1, 0, 4
39, 98, 1, 0, 4
39, 98, 1, 0, 4
39, 98, 1, 0, 4
39, 98, 1, 0, 4
39, 98, 1, 0, 4
39, 98, 1, 0, 4
39, 98, 1, 0, 4
39, 98, 1, 0, 4
39, 98, 1, 0, 4
39, 98, 1, 0, 4
39, 98, 1, 0, 4
39, 98, 1, 0, 4
39, 98, 1, 0, 4
39, 98, 1, 0, 4
39, 98, 1, 0, 4
39, 98, 1, 0, 4
39, 98, 1, 0, 4
39, 98, 1, 0, 4
39, 98, 1, 0, 4
39, 98, 1, 0, 4
39, 98, 1, 0, 4
39, 98, 1, 0, 4
39, 98, 1, 0, 4
39, 98, 1, 0, 4
39, 98, 1, 0, 4
39, 98, 1, 0, 4
39, 98, 1, 0, 4
39, 98, 1, 0, 4
39, 98, 1, 0, 4
39, 98, 1, 0, 4
39, 98, 1, 0, 4
39, 98, 1, 0, 4
39, 98, 1, 0, 4
39, 98, 1, 0, 4
39, 98, 1, 0, 4
39, 98, 1, 0, 4
40, 30, 0, 1, 3
40, 30, 0, 1, 3
40, 30, 0, 1, 3
40, 30, 0, 1, 3
40, 30, 0, 1, 3
40, 30, 0, 1, 3
40, 30, 0, 1, 3
40, 30, 0, 1, 3
40, 30, 0, 1, 3
40, 30, 0, 1, 4
40, 30, 0, 1, 4
40, 30, 0, 10, 3
40, 30, 0, 10, 3
40, 30, 0, 10, 3
40, 30, 0, 10, 3
40, 30, 0, 10, 3
40, 30, 0, 10, 3
40, 30, 0, 10, 4
40, 30, 0, 10, 4
40, 30, 0, 10, 4
40, 30, 0, 10, 4
40, 30, 0, 11, 3
40, 30, 0, 11, 3
40, 30, 0, 11, 3
40, 30, 0, 11, 3
40, 30, 0, 11, 3
40, 30, 0, 11, 3
40, 30, 0, 11, 4
40, 30, 0, 11, 4
40, 30, 0, 11, 4
40, 33, 1, 0, 2
40, 33, 1, 0, 2
40, 33, 1, 0, 2
40, 33, 1, 9, 3
40, 33, 1, 9, 3
40, 33, 1, 9, 3
40, 33, 1, 9, 3
40, 33, 1, 9, 3
40, 33, 1, 9, 3
40, 33, 1, 9, 3
40, 33, 1, 9, 3
40, 33, 1, 9, 3
40, 33, 1, 9, 4
40, 33, 1, 9, 4
40, 33, 1, 11, 3
40, 33, 1, 11, 3
40, 33, 1, 11, 3
40, 33, 1, 11, 3
40, 33, 1, 11, 3
40, 33, 1, 11, 3
40, 33, 1, 11, 4
40, 33, 1, 11, 4
40, 33, 1, 11, 4
40, 33, 1, 11, 4
40, 33, 1, 12, 3
40, 33, 1, 12, 3
40, 33, 1, 12, 3
40, 33, 1, 12, 3
40, 33, 1, 12, 3
40, 33, 1, 12, 3
40, 33, 1, 12, 4
40, 33, 1, 12, 4
40, 33, 1, 12, 4
40, 37, 2, 3, 3
40, 37, 2, 3, 3
40, 37, 2, 3, 3
40, 37, 2, 3, 3
40, 37, 2, 3, 3
40, 37, 2, 3, 3
40, 37, 2, 3, 3
40, 37, 2, 3, 3
40, 37, 2, 3, 3
40, 37, 2, 3, 4
40, 37, 2, 3, 4
40, 37, 2, 5, 3
40, 37, 2, 5, 3
40, 37, 2, 5, 3
40, 37, 2, 5, 3
40, 37, 2, 5, 3
40, 37, 2, 5, 3
40, 37, 2, 5, 4
40, 37, 2, 5, 4
40, 37, 2, 5, 4
40, 37, 2, 5, 4
40, 37, 2, 6, 3
40, 37, 2, 6, 3
40, 37, 2, 6, 3
40, 37, 2, 6, 3
40, 37, 2, 6, 3
40, 37, 2, 6, 3
40, 37, 2, 6, 4
40, 37, 2, 6, 4
40, 37, 2, 6, 4
40, 37, 2, 13, 2
40, 37, 2, 13, 2
40, 37, 2, 14, 2
40, 37, 2, 14, 2
40, 37, 2, 16, 2
40, 37, 2, 16, 2
40, 37, 2, 16, 2
40, 37, 3, 2, 2
40, 37, 3, 2, 2
40, 37, 3, 2, 2
40, 37, 3, 4, 3
40, 37, 3, 4, 3
40, 37, 3, 4, 3
40, 37, 3, 4, 3
40, 37, 3, 4, 3
40, 37, 3, 4, 3
40, 37, 3, 4, 3
40, 37, 3, 4, 3
40, 37, 3, 4, 3
40, 37, 3, 4, 4
40, 37, 3, 4, 4
40, 37, 3, 6, 3
40, 37, 3, 6, 3
40, 37, 3, 6, 3
40, 37, 3, 6, 3
40, 37, 3, 6, 3
40, 37, 3, 6, 3
40, 37, 3, 6, 4
40, 37, 3, 6, 4
40, 37, 3, 6, 4
40, 37, 3, 6, 4
40, 37, 3, 7, 3
40, 37, 3, 7, 3
40, 37, 3, 7, 3
40, 37, 3, 7, 3
40, 37, 3, 7, 3
40, 37, 3, 7, 3
40, 37, 3, 7, 4
40, 37, 3, 7, 4
40, 37, 3, 7, 4
40, 37, 3, 14, 2
40, 37, 3, 14, 2
40, 37, 3, 15, 2
40, 37, 3, 15, 2
40, 37, 4, 3, 2
40, 37, 4, 3, 2
40, 37, 4, 3, 2
40, 37, 4, 5, 3
40, 37, 4, 5, 3
40, 37, 4, 5, 3
40, 37, 4, 5, 3
40, 37, 4, 5, 3
40, 37, 4, 5, 3
40, 37, 4, 5, 3
40, 37, 4, 5, 3
40, 37, 4, 5, 3
40, 37, 4, 5, 4
40, 37, 4, 5, 4
40, 37, 4, 7, 3
40, 37, 4, 7, 3
40, 37, 4, 7, 3
40, 37, 4, 7, 3
40, 37, 4, 7, 3
40, 37, 4, 7, 3
40, 37, 4, 7, 4
40, 37, 4, 7, 4
40, 37, 4, 7, 4
40, 37, 4, 7, 4
40, 37, 4, 8, 3
40, 37, 4, 8, 3
40, 37, 4, 8, 3
40, 37, 4, 8, 3
40, 37, 4, 8, 3
40, 37, 4, 8, 3
40, 37, 4, 8, 4
40, 37, 4, 8, 4
40, 37, 4, 8, 4
40, 37, 4, 15, 2
40, 37, 4, 15, 2
40, 37, 4, 16, 2
40, 37, 4, 16, 2
40, 28, 5, 2, 2
40, 28, 5, 2, 2
40, 28, 5, 4, 2
40, 28, 5, 4, 2
40, 28, 5, 4, 2
40, 28, 5, 6, 3
40, 28, 5, 6, 3
40, 28, 5, 6, 3
40, 28, 5, 6, 3
40, 28, 5, 6, 3
40, 28, 5, 6, 3
40, 28, 5, 6, 3
40, 28, 5, 6, 3
40, 28, 5, 6, 3
40, 28, 5, 6, 4
40, 28, 5, 6, 4
40, 28, 5, 8, 3
40, 28, 5, 8, 3
40, 28, 5, 8, 3
40, 28, 5, 8, 3
40, 28, 5, 8, 3
40, 28, 5, 8, 3
40, 28, 5, 8, 4
40, 28, 5, 8, 4
40, 28, 5, 8, 4
40, 28, 5, 8, 4
40, 28, 5, 16, 2
40, 28, 5, 16, 2
40, 18, 6, 2, 2
40, 18, 6, 2, 2
40, 18, 6, 3, 2
40, 18, 6, 3, 2
40, 18, 6, 5, 2
40, 18, 6, 5, 2
40, 18, 6, 5, 2
40, 18, 6, 7, 3
40, 18, 6, 7, 3
40, 18, 6, 7, 3
40, 18, 6, 7, 3
40, 18, 6, 7, 3
40, 18, 6, 7, 3
40, 18, 6, 7, 3
40, 18, 6, 7, 3
40, 18, 6, 7, 3
40, 18, 6, 7, 4
40, 18, 6, 7, 4
40, 18, 7, 3, 2
40, 18, 7, 3, 2
40, 18, 7, 4, 2
40, 18, 7, 4, 2
40, 18, 7, 6, 2
40, 18, 7, 6, 2
40, 18, 7, 6, 2
40, 18, 7, 8, 3
40, 18, 7, 8, 3
40, 18, 7, 8, 3
40, 18, 7, 8, 3
40, 18, 7, 8, 3
40, 18, 7, 8, 3
40, 18, 7, 8, 3
40, 18, 7, 8, 3
40, 18, 7, 8, 3
40, 18, 7, 8, 4
40, 18, 7, 8, 4
40, 7, 8, 4, 2
40, 7, 8, 4, 2
40, 7, 8, 5, 2
40, 7, 8, 5, 2
40, 7, 8, 7, 2
40, 7, 8, 7, 2
40, 7, 8, 7, 2
40, 33, 9, 1, 2
40, 33, 9, 1, 2
40, 33, 9, 1, 2
40, 33, 9, 10, 3
40, 33, 9, 10, 3
40, 33, 9, 10, 3
40, 33, 9, 10, 3
40, 33, 9, 10, 3
40, 33, 9, 10, 3
40, 33, 9, 10, 3
40, 33, 9, 10, 3
40, 33, 9, 10, 3
40, 33, 9, 10, 4
40, 33, 9, 10, 4
40, 33, 9, 12, 3
40, 33, 9, 12, 3
40, 33, 9, 12, 3
40, 33, 9, 12, 3
40, 33, 9, 12, 3
40, 33, 9, 12, 3
40, 33, 9, 12, 4
40, 33, 9, 12, 4
40, 33, 9, 12, 4
40, 33, 9, 12, 4
40, 33, 9, 13, 3
40, 33, 9, 13, 3
40, 33, 9, 13, 3
40, 33, 9, 13, 3
40, 33, 9, 13, 3
40, 33, 9, 13, 3
40, 33, 9, 13, 4
40, 33, 9, 13, 4
40, 33, 9, 13, 4
40, 35, 10, 0, 2
40, 35, 10, 0, 2
40, 35, 10, 9, 2
40, 35, 10, 9, 2
40, 35, 10, 9, 2
40, 35, 10, 11, 3
40, 35, 10, 11, 3
40, 35, 10, 11, 3
40, 35, 10, 11, 3
40, 35, 10, 11, 3
40, 35, 10, 11, 3
40, 35, 10, 11, 3
40, 35, 10, 11, 3
40, 35, 10, 11, 3
40, 35, 10, 11, 4
40, 35, 10, 11, 4
40, 35, 10, 13, 3
40, 35, 10, 13, 3
40, 35, 10, 13, 3
40, 35, 10, 13, 3
40, 35, 10, 13, 3
40, 35, 10, 13, 3
40, 35, 10, 13, 4
40, 35, 10, 13, 4
40, 35, 10, 13, 4
40, 35, 10, 13, 4
40, 35, 10, 14, 3
40, 35, 10, 14, 3
40, 35, 10, 14, 3
40, 35, 10, 14, 3
40, 35, 10, 14, 3
40, 35, 10, 14, 3
40, 35, 10, 14, 4
40, 35, 10, 14, 4
40, 35, 10, 14, 4
40, 37, 11, 0, 2
40, 37, 11, 0, 2
40, 37, 11, 1, 2
40, 37, 11, 1, 2
40, 37, 11, 10, 2
40, 37, 11, 10, 2
40, 37, 11, 10, 2
40, 37, 11, 12, 3
40, 37, 11, 12, 3
40, 37, 11, 12, 3
40, 37, 11, 12, 3
40, 37, 11, 12, 3
40, 37, 11, 12, 3
40, 37, 11, 12, 3
40, 37, 11, 12, 3
40, 37, 11, 12, 3
40, 37, 11, 12, 4
40, 37, 11, 12, 4
40, 37, 11, 14, 3
40, 37, 11, 14, 3
40, 37, 11, 14, 3
40, 37, 11, 14, 3
40, 37, 11, 14, 3
40, 37, 11, 14, 3
40, 37, 11, 14, 4
40, 37, 11, 14, 4
40, 37, 11, 14, 4
40, 37, 11, 14, 4
40, 37, 11, 15, 3
40, 37, 11, 15, 3
40, 37, 11, 15, 3
40, 37, 11, 15, 3
40, 37, 11, 15, 3
40, 37, 11, 15, 3
40, 37, 11, 15, 4
40, 37, 11, 15, 4
40, 37, 11, 15, 4
40, 37, 12, 1, 2
40, 37, 12, 1, 2
40, 37, 12, 9, 2
40, 37, 12, 9, 2
40, 37, 12, 11, 2
40, 37, 12, 11, 2
40, 37, 12, 11, 2
40, 37, 12, 13, 3
40, 37, 12, 13, 3
40, 37, 12, 13, 3
40, 37, 12, 13, 3
40, 37, 12, 13, 3
40, 37, 12, 13, 3
40, 37, 12, 13, 3
40, 37, 12, 13, 3
40, 37, 12, 13, 3
40, 37, 12, 13, 4
40, 37, 12, 13, 4
40, 37, 12, 15, 3
40, 37, 12, 15, 3
40, 37, 12, 15, 3
40, 37, 12, 15, 3
40, 37, 12, 15, 3
40, 37, 12, 15, 3
40, 37, 12, 15, 4
40, 37, 12, 15, 4
40, 37, 12, 15, 4
40, 37, 12, 15, 4
40, 37, 12, 16, 3
40, 37, 12, 16, 3
40, 37, 12, 16, 3
40, 37, 12, 16, 3
40, 37, 12, 16, 3
40, 37, 12, 16, 3
40, 37, 12, 16, 4
40, 37, 12, 16, 4
40, 37, 12, 16, 4
40, 37, 13, 2, 3
40, 37, 13, 2, 3
40, 37, 13, 2, 3
40, 37, 13, 2, 3
40, 37, 13, 2, 3
40, 37, 13, 2, 3
40, 37, 13, 2, 4
40, 37, 13, 2, 4
40, 37, 13, 2, 4
40, 37, 13, 9, 2
40, 37, 13, 9, 2
40, 37, 13, 10, 2
40, 37, 13, 10, 2
40, 37, 13, 12, 2
40, 37, 13, 12, 2
40, 37, 13, 12, 2
40, 37, 13, 14, 3
40, 37, 13, 14, 3
40, 37, 13, 14, 3
40, 37, 13, 14, 3
40, 37, 13, 14, 3
40, 37, 13, 14, 3
40, 37, 13, 14, 3
40, 37, 13, 14, 3
40, 37, 13, 14, 3
40, 37, 13, 14, 4
40, 37, 13, 14, 4
40, 37, 13, 16, 3
40, 37, 13, 16, 3
40, 37, 13, 16, 3
40, 37, 13, 16, 3
40, 37, 13, 16, 3
40, 37, 13, 16, 3
40, 37, 13, 16, 4
40, 37, 13, 16, 4
40, 37, 13, 16, 4
40, 37, 13, 16, 4
40, 37, 14, 2, 3
40, 37, 14, 2, 3
40, 37, 14, 2, 3
40, 37, 14, 2, 3
40, 37, 14, 2, 3
40, 37, 14, 2, 3
40, 37, 14, 2, 4
40, 37, 14, 2, 4
40, 37, 14, 2, 4
40, 37, 14, 2, 4
40, 37, 14, 3, 3
40, 37, 14, 3, 3
40, 37, 14, 3, 3
40, 37, 14, 3, 3
40, 37, 14, 3, 3
40, 37, 14, 3, 3
40, 37, 14, 3, 4
40, 37, 14, 3, 4
40, 37, 14, 3, 4
40, 37, 14, 10, 2
40, 37, 14, 10, 2
40, 37, 14, 11, 2
40, 37, 14, 11, 2
40, 37, 14, 13, 2
40, 37, 14, 13, 2
40, 37, 14, 13, 2
40, 37, 14, 15, 3
40, 37, 14, 15, 3
40, 37, 14, 15, 3
40, 37, 14, 15, 3
40, 37, 14, 15, 3
40, 37, 14, 15, 3
40, 37, 14, 15, 3
40, 37, 14, 15, 3
40, 37, 14, 15, 3
40, 37, 14, 15, 4
40, 37, 14, 15, 4
40, 37, 15, 3, 3
40, 37, 15, 3, 3
40, 37, 15, 3, 3
40, 37, 15, 3, 3
40, 37, 15, 3, 3
40, 37, 15, 3, 3
40, 37, 15, 3, 4
40, 37, 15, 3, 4
40, 37, 15, 3, 4
40, 37, 15, 3, 4
40, 37, 15, 4, 3
40, 37, 15, 4, 3
40, 37, 15, 4, 3
40, 37, 15, 4, 3
40, 37, 15, 4, 3
40, 37, 15, 4, 3
40, 37, 15, 4, 4
40, 37, 15, 4, 4
40, 37, 15, 4, 4
40, 37, 15, 11, 2
40, 37, 15, 11, 2
40, 37, 15, 12, 2
40, 37, 15, 12, 2
40, 37, 15, 14, 2
40, 37, 15, 14, 2
40, 37, 15, 14, 2
40, 37, 15, 16, 3
40, 37, 15, 16, 3
40, 37, 15, 16, 3
40, 37, 15, 16, 3
40, 37, 15, 16, 3
40, 37, 15, 16, 3
40, 37, 15, 16, 3
40, 37, 15, 16, 3
40, 37, 15, 16, 3
40, 37, 15, 16, 4
40, 37, 15, 16, 4
40, 37, 16, 2, 3
40, 37, 16, 2, 3
40, 37, 16, 2, 3
40, 37, 16, 2, 3
40, 37, 16, 2, 3
40, 37, 16, 2, 3
40, 37, 16, 2, 3
40, 37, 16, 2, 3
40, 37, 16, 2, 3
40, 37, 16, 2, 4
40, 37, 16, 2, 4
40, 37, 16, 4, 3
40, 37, 16, 4, 3
40, 37, 16, 4, 3
40, 37, 16, 4, 3
40, 37, 16, 4, 3
40, 37, 16, 4, 3
40, 37, 16, 4, 4
40, 37, 16, 4, 4
40, 37, 16, 4, 4
40, 37, 16, 4, 4
40, 37, 16, 5, 3
40, 37, 16, 5, 3
40, 37, 16, 5, 3
40, 37, 16, 5, 3
40, 37, 16, 5, 3
40, 37, 16, 5, 3
40, 37, 16, 5, 4
40, 37, 16, 5, 4
40, 37, 16, 5, 4
40, 37, 16, 12, 2
40, 37, 16, 12, 2
40, 37, 16, 13, 2
40, 37, 16, 13, 2
40, 37, 16, 15, 2
40, 37, 16, 15, 2
40, 37, 16, 15, 2
41, 1, 1, 0, 2
42, 1, 1, 0, 2
Goal
41
42
