CG
12
0, 7, 8, 48
0, 7, 1, 54
0, 7, 9, 32
0, 7, -1, 72
0, 7, 5, 72
0, 7, -1, 72
0, 7, 2, 72
0, 7, 3, 72
0, 7, 4, 72
1, 11, 8, 52
1, 11, 6, 36
1, 11, 9, 52
1, 11, 0, 36
1, 11, 7, 54
1, 11, 11, 54
1, 11, -1, 54
1, 11, 5, 108
1, 11, -1, 54
1, 11, 10, 54
1, 11, 2, 108
1, 11, 3, 108
1, 11, 4, 108
2, 11, 8, 208
2, 11, 6, 144
2, 11, 1, 162
2, 11, 9, 208
2, 11, 0, 144
2, 11, 7, 162
2, 11, 11, 216
2, 11, -1, 216
2, 11, 5, 432
2, 11, -1, 216
2, 11, 10, 216
2, 11, 3, 432
2, 11, 4, 432
3, 7, 8, 144
3, 7, 1, 162
3, 7, 9, 64
3, 7, 0, 144
3, 7, -1, 216
3, 7, 5, 216
3, 7, -1, 216
3, 7, 2, 216
3, 7, 4, 216
4, 9, 8, 64
4, 9, 6, 144
4, 9, 9, 144
4, 9, 7, 162
4, 9, 11, 216
4, 9, 5, 216
4, 9, 10, 216
4, 9, 2, 216
4, 9, 3, 216
5, 11, 8, 52
5, 11, 6, 36
5, 11, 1, 54
5, 11, 9, 52
5, 11, 0, 36
5, 11, 7, 54
5, 11, 11, 54
5, 11, -1, 54
5, 11, -1, 54
5, 11, 10, 54
5, 11, 2, 108
5, 11, 3, 108
5, 11, 4, 108
6, 9, 8, 32
6, 9, 9, 48
6, 9, 7, 54
6, 9, 11, 72
6, 9, 5, 72
6, 9, 10, 72
6, 9, 2, 72
6, 9, 3, 72
6, 9, 4, 72
7, 11, 8, 52
7, 11, 6, 36
7, 11, 1, 54
7, 11, 9, 52
7, 11, 0, 36
7, 11, 11, 54
7, 11, -1, 54
7, 11, 5, 108
7, 11, -1, 54
7, 11, 10, 54
7, 11, 2, 108
7, 11, 3, 108
7, 11, 4, 108
8, 11, 6, 112
8, 11, 1, 54
8, 11, 9, 144
8, 11, 0, 48
8, 11, 7, 114
8, 11, 11, 152
8, 11, -1, 72
8, 11, 5, 224
8, 11, -1, 72
8, 11, 10, 152
8, 11, 2, 224
8, 11, 3, 224
8, 11, 4, 224
9, 11, 8, 144
9, 11, 6, 48
9, 11, 1, 114
9, 11, 0, 112
9, 11, 7, 54
9, 11, 11, 72
9, 11, -1, 152
9, 11, 5, 224
9, 11, -1, 152
9, 11, 10, 72
9, 11, 2, 224
9, 11, 3, 224
9, 11, 4, 224
DTG
0, 1, 1, 0, 3
1, 1, 1, 0, 3
2, 2, 0, 1, 2
2, 2, 0, 1, 2
3, 1, 0, 1, 2
4, 1, 0, 1, 2
5, 2, 0, 1, 3
5, 2, 0, 1, 3
6, 1, 1, 0, 3
7, 1, 1, 0, 3
8, 2, 1, 0, 3
8, 2, 1, 0, 3
9, 2, 1, 0, 3
9, 2, 1, 0, 3
10, 1, 1, 0, 3
11, 1, 1, 0, 3
Goal
6
7
8
9
10
11
