CG
64
0, 2, 41, 7
0, 2, 53, 7
1, 2, 34, 5
1, 2, 51, 5
2, 2, 54, 13
2, 2, 60, 13
3, 2, 36, 5
3, 2, 53, 5
4, 2, 31, 7
4, 2, 53, 7
5, 2, 42, 15
5, 2, 60, 15
6, 2, 26, 4
6, 2, 53, 4
7, 2, 39, 12
7, 2, 60, 12
8, 2, 35, 8
8, 2, 53, 8
9, 2, 45, 16
9, 2, 60, 16
10, 2, 55, 13
10, 2, 60, 13
11, 2, 37, 5
11, 2, 51, 5
12, 2, 58, 14
12, 2, 60, 14
13, 2, 48, 6
13, 2, 53, 6
14, 2, 47, 7
14, 2, 53, 7
15, 2, 57, 15
15, 2, 60, 15
16, 2, 46, 7
16, 2, 51, 7
17, 2, 28, 6
17, 2, 51, 6
18, 2, 40, 14
18, 2, 60, 14
19, 2, 56, 15
19, 2, 60, 15
20, 2, 49, 6
20, 2, 51, 6
21, 2, 59, 14
21, 2, 60, 14
22, 2, 52, 6
22, 2, 53, 6
23, 2, 32, 7
23, 2, 53, 7
24, 2, 43, 15
24, 2, 60, 15
25, 6, 39, 12
25, 6, 34, 10
25, 6, 49, 24
25, 6, 46, 14
25, 6, 60, 12
25, 6, 51, 60
26, 7, 39, 12
26, 7, 36, 10
26, 7, 52, 24
26, 7, 47, 14
26, 7, 6, 1
26, 7, 60, 12
26, 7, 53, 60
27, 7, 40, 14
27, 7, 52, 6
27, 7, 47, 7
27, 7, 41, 7
27, 7, 48, 6
27, 7, 60, 14
27, 7, 53, 44
28, 8, 40, 14
28, 8, 49, 6
28, 8, 46, 7
28, 8, 44, 7
28, 8, 50, 6
28, 8, 17, 1
28, 8, 60, 14
28, 8, 51, 44
29, 7, 43, 15
29, 7, 49, 30
29, 7, 46, 14
29, 7, 50, 6
29, 7, 37, 5
29, 7, 60, 15
29, 7, 51, 76
30, 7, 42, 15
30, 7, 34, 5
30, 7, 49, 30
30, 7, 46, 21
30, 7, 37, 5
30, 7, 60, 15
30, 7, 51, 82
31, 8, 42, 15
31, 8, 36, 5
31, 8, 52, 30
31, 8, 47, 21
31, 8, 38, 5
31, 8, 4, 1
31, 8, 60, 15
31, 8, 53, 82
32, 8, 43, 15
32, 8, 52, 30
32, 8, 47, 14
32, 8, 48, 6
32, 8, 38, 5
32, 8, 23, 1
32, 8, 60, 15
32, 8, 53, 76
33, 8, 45, 16
33, 8, 34, 5
33, 8, 49, 18
33, 8, 46, 28
33, 8, 44, 7
33, 8, 50, 6
33, 8, 60, 16
33, 8, 51, 88
34, 7, 54, 13
34, 7, 44, 21
34, 7, 50, 12
34, 7, 37, 5
34, 7, 1, 1
34, 7, 60, 13
34, 7, 51, 63
35, 9, 45, 16
35, 9, 36, 5
35, 9, 52, 18
35, 9, 47, 28
35, 9, 41, 7
35, 9, 48, 6
35, 9, 8, 1
35, 9, 60, 16
35, 9, 53, 88
36, 7, 54, 13
36, 7, 41, 21
36, 7, 48, 12
36, 7, 38, 5
36, 7, 3, 1
36, 7, 60, 13
36, 7, 53, 63
37, 4, 55, 13
37, 4, 11, 1
37, 4, 60, 13
37, 4, 51, 25
38, 4, 55, 13
38, 4, 61, 1
38, 4, 60, 13
38, 4, 53, 25
39, 9, 26, 4
39, 9, 25, 4
39, 9, 54, 26
39, 9, 59, 56
39, 9, 57, 30
39, 9, 7, 1
39, 9, 60, 160
39, 9, 53, 4
39, 9, 51, 4
40, 10, 27, 6
40, 10, 28, 6
40, 10, 59, 14
40, 10, 57, 15
40, 10, 56, 15
40, 10, 58, 14
40, 10, 18, 1
40, 10, 60, 114
40, 10, 53, 6
40, 10, 51, 6
41, 4, 56, 15
41, 4, 0, 1
41, 4, 60, 15
41, 4, 53, 42
42, 10, 31, 7
42, 10, 30, 7
42, 10, 54, 13
42, 10, 59, 70
42, 10, 57, 45
42, 10, 55, 13
42, 10, 5, 1
42, 10, 60, 201
42, 10, 53, 7
42, 10, 51, 7
43, 10, 32, 7
43, 10, 29, 7
43, 10, 59, 70
43, 10, 57, 30
43, 10, 58, 14
43, 10, 55, 13
43, 10, 24, 1
43, 10, 60, 187
43, 10, 53, 7
43, 10, 51, 7
44, 4, 56, 15
44, 4, 62, 1
44, 4, 60, 15
44, 4, 51, 42
45, 11, 35, 8
45, 11, 33, 8
45, 11, 54, 13
45, 11, 59, 42
45, 11, 57, 60
45, 11, 56, 15
45, 11, 58, 14
45, 11, 9, 1
45, 11, 60, 208
45, 11, 53, 8
45, 11, 51, 8
46, 6, 57, 15
46, 6, 50, 12
46, 6, 37, 5
46, 6, 16, 1
46, 6, 60, 15
46, 6, 51, 80
47, 6, 57, 15
47, 6, 48, 12
47, 6, 38, 5
47, 6, 14, 1
47, 6, 60, 15
47, 6, 53, 80
48, 4, 58, 14
48, 4, 13, 1
48, 4, 60, 14
48, 4, 53, 48
49, 6, 59, 14
49, 6, 44, 7
49, 6, 50, 18
49, 6, 20, 1
49, 6, 60, 14
49, 6, 51, 97
50, 4, 58, 14
50, 4, 63, 1
50, 4, 60, 14
50, 4, 51, 48
51, 11, 29, 21
51, 11, 28, 18
51, 11, 30, 21
51, 11, 25, 12
51, 11, 33, 24
51, 11, 34, 25
51, 11, 49, 72
51, 11, 46, 63
51, 11, 44, 42
51, 11, 50, 48
51, 11, 37, 25
52, 6, 59, 14
52, 6, 41, 7
52, 6, 48, 18
52, 6, 22, 1
52, 6, 60, 14
52, 6, 53, 97
53, 11, 32, 21
53, 11, 27, 18
53, 11, 31, 21
53, 11, 26, 12
53, 11, 35, 24
53, 11, 36, 25
53, 11, 52, 72
53, 11, 47, 63
53, 11, 41, 42
53, 11, 48, 48
53, 11, 38, 25
54, 9, 36, 5
54, 9, 34, 5
54, 9, 56, 45
54, 9, 58, 28
54, 9, 55, 13
54, 9, 2, 1
54, 9, 60, 164
54, 9, 53, 5
54, 9, 51, 5
55, 6, 38, 5
55, 6, 37, 5
55, 6, 10, 1
55, 6, 60, 78
55, 6, 53, 5
55, 6, 51, 5
56, 6, 41, 7
56, 6, 44, 7
56, 6, 19, 1
56, 6, 60, 105
56, 6, 53, 7
56, 6, 51, 7
57, 8, 47, 7
57, 8, 46, 7
57, 8, 58, 28
57, 8, 55, 13
57, 8, 15, 1
57, 8, 60, 191
57, 8, 53, 7
57, 8, 51, 7
58, 6, 48, 6
58, 6, 50, 6
58, 6, 12, 1
58, 6, 60, 126
58, 6, 53, 6
58, 6, 51, 6
59, 8, 52, 6
59, 8, 49, 6
59, 8, 56, 15
59, 8, 58, 42
59, 8, 21, 1
59, 8, 60, 239
59, 8, 53, 6
59, 8, 51, 6
60, 11, 43, 60
60, 11, 40, 56
60, 11, 42, 60
60, 11, 39, 48
60, 11, 45, 64
60, 11, 54, 78
60, 11, 59, 182
60, 11, 57, 150
60, 11, 56, 105
60, 11, 58, 126
60, 11, 55, 78
61, 2, 38, 5
61, 2, 53, 5
62, 2, 44, 7
62, 2, 51, 7
63, 2, 50, 6
63, 2, 51, 6
DTG
0, 1, 1, 0, 2
1, 1, 1, 0, 2
2, 1, 1, 0, 2
3, 1, 1, 0, 2
4, 1, 1, 0, 2
5, 1, 1, 0, 2
6, 1, 1, 0, 2
7, 1, 1, 0, 2
8, 1, 1, 0, 2
9, 1, 1, 0, 2
10, 1, 1, 0, 2
11, 1, 1, 0, 2
12, 1, 1, 0, 2
13, 1, 1, 0, 2
14, 1, 1, 0, 2
15, 1, 1, 0, 2
16, 1, 1, 0, 2
17, 1, 1, 0, 2
18, 1, 1, 0, 2
19, 1, 1, 0, 2
20, 1, 1, 0, 2
21, 1, 1, 0, 2
22, 1, 1, 0, 2
23, 1, 1, 0, 2
24, 1, 1, 0, 2
25, 4, 0, 1, 2
25, 4, 0, 1, 2
25, 4, 0, 1, 2
25, 4, 0, 1, 2
25, 4, 1, 0, 2
25, 4, 1, 0, 2
25, 4, 1, 0, 2
25, 4, 1, 0, 2
26, 4, 0, 1, 2
26, 4, 0, 1, 2
26, 4, 0, 1, 2
26, 4, 0, 1, 2
26, 8, 1, 0, 3
26, 8, 1, 0, 3
26, 8, 1, 0, 3
26, 8, 1, 0, 3
26, 8, 1, 0, 3
26, 8, 1, 0, 3
26, 8, 1, 0, 3
26, 8, 1, 0, 3
27, 6, 0, 1, 2
27, 6, 0, 1, 2
27, 6, 0, 1, 2
27, 6, 0, 1, 2
27, 6, 0, 1, 2
27, 6, 0, 1, 2
27, 6, 1, 0, 2
27, 6, 1, 0, 2
27, 6, 1, 0, 2
27, 6, 1, 0, 2
27, 6, 1, 0, 2
27, 6, 1, 0, 2
28, 6, 0, 1, 2
28, 6, 0, 1, 2
28, 6, 0, 1, 2
28, 6, 0, 1, 2
28, 6, 0, 1, 2
28, 6, 0, 1, 2
28, 12, 1, 0, 3
28, 12, 1, 0, 3
28, 12, 1, 0, 3
28, 12, 1, 0, 3
28, 12, 1, 0, 3
28, 12, 1, 0, 3
28, 12, 1, 0, 3
28, 12, 1, 0, 3
28, 12, 1, 0, 3
28, 12, 1, 0, 3
28, 12, 1, 0, 3
28, 12, 1, 0, 3
29, 7, 0, 1, 2
29, 7, 0, 1, 2
29, 7, 0, 1, 2
29, 7, 0, 1, 2
29, 7, 0, 1, 2
29, 7, 0, 1, 2
29, 7, 0, 1, 2
29, 7, 1, 0, 2
29, 7, 1, 0, 2
29, 7, 1, 0, 2
29, 7, 1, 0, 2
29, 7, 1, 0, 2
29, 7, 1, 0, 2
29, 7, 1, 0, 2
30, 7, 0, 1, 2
30, 7, 0, 1, 2
30, 7, 0, 1, 2
30, 7, 0, 1, 2
30, 7, 0, 1, 2
30, 7, 0, 1, 2
30, 7, 0, 1, 2
30, 7, 1, 0, 2
30, 7, 1, 0, 2
30, 7, 1, 0, 2
30, 7, 1, 0, 2
30, 7, 1, 0, 2
30, 7, 1, 0, 2
30, 7, 1, 0, 2
31, 7, 0, 1, 2
31, 7, 0, 1, 2
31, 7, 0, 1, 2
31, 7, 0, 1, 2
31, 7, 0, 1, 2
31, 7, 0, 1, 2
31, 7, 0, 1, 2
31, 14, 1, 0, 3
31, 14, 1, 0, 3
31, 14, 1, 0, 3
31, 14, 1, 0, 3
31, 14, 1, 0, 3
31, 14, 1, 0, 3
31, 14, 1, 0, 3
31, 14, 1, 0, 3
31, 14, 1, 0, 3
31, 14, 1, 0, 3
31, 14, 1, 0, 3
31, 14, 1, 0, 3
31, 14, 1, 0, 3
31, 14, 1, 0, 3
32, 7, 0, 1, 2
32, 7, 0, 1, 2
32, 7, 0, 1, 2
32, 7, 0, 1, 2
32, 7, 0, 1, 2
32, 7, 0, 1, 2
32, 7, 0, 1, 2
32, 14, 1, 0, 3
32, 14, 1, 0, 3
32, 14, 1, 0, 3
32, 14, 1, 0, 3
32, 14, 1, 0, 3
32, 14, 1, 0, 3
32, 14, 1, 0, 3
32, 14, 1, 0, 3
32, 14, 1, 0, 3
32, 14, 1, 0, 3
32, 14, 1, 0, 3
32, 14, 1, 0, 3
32, 14, 1, 0, 3
32, 14, 1, 0, 3
33, 8, 0, 1, 2
33, 8, 0, 1, 2
33, 8, 0, 1, 2
33, 8, 0, 1, 2
33, 8, 0, 1, 2
33, 8, 0, 1, 2
33, 8, 0, 1, 2
33, 8, 0, 1, 2
33, 8, 1, 0, 2
33, 8, 1, 0, 2
33, 8, 1, 0, 2
33, 8, 1, 0, 2
33, 8, 1, 0, 2
33, 8, 1, 0, 2
33, 8, 1, 0, 2
33, 8, 1, 0, 2
34, 5, 0, 1, 2
34, 5, 0, 1, 2
34, 5, 0, 1, 2
34, 5, 0, 1, 2
34, 5, 0, 1, 2
34, 20, 1, 0, 3
34, 20, 1, 0, 3
34, 20, 1, 0, 3
34, 20, 1, 0, 3
34, 20, 1, 0, 3
34, 20, 1, 0, 3
34, 20, 1, 0, 3
34, 20, 1, 0, 3
34, 20, 1, 0, 3
34, 20, 1, 0, 3
34, 20, 1, 0, 4
34, 20, 1, 0, 4
34, 20, 1, 0, 4
34, 20, 1, 0, 4
34, 20, 1, 0, 4
34, 20, 1, 0, 4
34, 20, 1, 0, 4
34, 20, 1, 0, 4
34, 20, 1, 0, 4
34, 20, 1, 0, 4
35, 8, 0, 1, 2
35, 8, 0, 1, 2
35, 8, 0, 1, 2
35, 8, 0, 1, 2
35, 8, 0, 1, 2
35, 8, 0, 1, 2
35, 8, 0, 1, 2
35, 8, 0, 1, 2
35, 16, 1, 0, 3
35, 16, 1, 0, 3
35, 16, 1, 0, 3
35, 16, 1, 0, 3
35, 16, 1, 0, 3
35, 16, 1, 0, 3
35, 16, 1, 0, 3
35, 16, 1, 0, 3
35, 16, 1, 0, 3
35, 16, 1, 0, 3
35, 16, 1, 0, 3
35, 16, 1, 0, 3
35, 16, 1, 0, 3
35, 16, 1, 0, 3
35, 16, 1, 0, 3
35, 16, 1, 0, 3
36, 5, 0, 1, 2
36, 5, 0, 1, 2
36, 5, 0, 1, 2
36, 5, 0, 1, 2
36, 5, 0, 1, 2
36, 20, 1, 0, 3
36, 20, 1, 0, 3
36, 20, 1, 0, 3
36, 20, 1, 0, 3
36, 20, 1, 0, 3
36, 20, 1, 0, 3
36, 20, 1, 0, 3
36, 20, 1, 0, 3
36, 20, 1, 0, 3
36, 20, 1, 0, 3
36, 20, 1, 0, 4
36, 20, 1, 0, 4
36, 20, 1, 0, 4
36, 20, 1, 0, 4
36, 20, 1, 0, 4
36, 20, 1, 0, 4
36, 20, 1, 0, 4
36, 20, 1, 0, 4
36, 20, 1, 0, 4
36, 20, 1, 0, 4
37, 5, 0, 1, 2
37, 5, 0, 1, 2
37, 5, 0, 1, 2
37, 5, 0, 1, 2
37, 5, 0, 1, 2
37, 20, 1, 0, 3
37, 20, 1, 0, 3
37, 20, 1, 0, 3
37, 20, 1, 0, 3
37, 20, 1, 0, 3
37, 20, 1, 0, 3
37, 20, 1, 0, 3
37, 20, 1, 0, 3
37, 20, 1, 0, 3
37, 20, 1, 0, 3
37, 20, 1, 0, 4
37, 20, 1, 0, 4
37, 20, 1, 0, 4
37, 20, 1, 0, 4
37, 20, 1, 0, 4
37, 20, 1, 0, 4
37, 20, 1, 0, 4
37, 20, 1, 0, 4
37, 20, 1, 0, 4
37, 20, 1, 0, 4
38, 5, 0, 1, 2
38, 5, 0, 1, 2
38, 5, 0, 1, 2
38, 5, 0, 1, 2
38, 5, 0, 1, 2
38, 20, 1, 0, 3
38, 20, 1, 0, 3
38, 20, 1, 0, 3
38, 20, 1, 0, 3
38, 20, 1, 0, 3
38, 20, 1, 0, 3
38, 20, 1, 0, 3
38, 20, 1, 0, 3
38, 20, 1, 0, 3
38, 20, 1, 0, 3
38, 20, 1, 0, 4
38, 20, 1, 0, 4
38, 20, 1, 0, 4
38, 20, 1, 0, 4
38, 20, 1, 0, 4
38, 20, 1, 0, 4
38, 20, 1, 0, 4
38, 20, 1, 0, 4
38, 20, 1, 0, 4
38, 20, 1, 0, 4
39, 12, 0, 1, 2
39, 12, 0, 1, 2
39, 12, 0, 1, 2
39, 12, 0, 1, 2
39, 12, 0, 1, 2
39, 12, 0, 1, 2
39, 12, 0, 1, 2
39, 12, 0, 1, 2
39, 12, 0, 1, 2
39, 12, 0, 1, 2
39, 12, 0, 1, 2
39, 12, 0, 1, 2
39, 36, 1, 0, 3
39, 36, 1, 0, 3
39, 36, 1, 0, 3
39, 36, 1, 0, 3
39, 36, 1, 0, 3
39, 36, 1, 0, 3
39, 36, 1, 0, 3
39, 36, 1, 0, 3
39, 36, 1, 0, 3
39, 36, 1, 0, 3
39, 36, 1, 0, 3
39, 36, 1, 0, 3
39, 36, 1, 0, 3
39, 36, 1, 0, 3
39, 36, 1, 0, 3
39, 36, 1, 0, 3
39, 36, 1, 0, 3
39, 36, 1, 0, 3
39, 36, 1, 0, 3
39, 36, 1, 0, 3
39, 36, 1, 0, 3
39, 36, 1, 0, 3
39, 36, 1, 0, 3
39, 36, 1, 0, 3
39, 36, 1, 0, 3
39, 36, 1, 0, 3
39, 36, 1, 0, 3
39, 36, 1, 0, 3
39, 36, 1, 0, 3
39, 36, 1, 0, 3
39, 36, 1, 0, 3
39, 36, 1, 0, 3
39, 36, 1, 0, 3
39, 36, 1, 0, 3
39, 36, 1, 0, 3
39, 36, 1, 0, 3
40, 14, 0, 1, 2
40, 14, 0, 1, 2
40, 14, 0, 1, 2
40, 14, 0, 1, 2
40, 14, 0, 1, 2
40, 14, 0, 1, 2
40, 14, 0, 1, 2
40, 14, 0, 1, 2
40, 14, 0, 1, 2
40, 14, 0, 1, 2
40, 14, 0, 1, 2
40, 14, 0, 1, 2
40, 14, 0, 1, 2
40, 14, 0, 1, 2
40, 42, 1, 0, 3
40, 42, 1, 0, 3
40, 42, 1, 0, 3
40, 42, 1, 0, 3
40, 42, 1, 0, 3
40, 42, 1, 0, 3
40, 42, 1, 0, 3
40, 42, 1, 0, 3
40, 42, 1, 0, 3
40, 42, 1, 0, 3
40, 42, 1, 0, 3
40, 42, 1, 0, 3
40, 42, 1, 0, 3
40, 42, 1, 0, 3
40, 42, 1, 0, 3
40, 42, 1, 0, 3
40, 42, 1, 0, 3
40, 42, 1, 0, 3
40, 42, 1, 0, 3
40, 42, 1, 0, 3
40, 42, 1, 0, 3
40, 42, 1, 0, 3
40, 42, 1, 0, 3
40, 42, 1, 0, 3
40, 42, 1, 0, 3
40, 42, 1, 0, 3
40, 42, 1, 0, 3
40, 42, 1, 0, 3
40, 42, 1, 0, 3
40, 42, 1, 0, 3
40, 42, 1, 0, 3
40, 42, 1, 0, 3
40, 42, 1, 0, 3
40, 42, 1, 0, 3
40, 42, 1, 0, 3
40, 42, 1, 0, 3
40, 42, 1, 0, 3
40, 42, 1, 0, 3
40, 42, 1, 0, 3
40, 42, 1, 0, 3
40, 42, 1, 0, 3
40, 42, 1, 0, 3
41, 7, 0, 1, 2
41, 7, 0, 1, 2
41, 7, 0, 1, 2
41, 7, 0, 1, 2
41, 7, 0, 1, 2
41, 7, 0, 1, 2
41, 7, 0, 1, 2
41, 35, 1, 0, 3
41, 35, 1, 0, 3
41, 35, 1, 0, 3
41, 35, 1, 0, 3
41, 35, 1, 0, 3
41, 35, 1, 0, 3
41, 35, 1, 0, 3
41, 35, 1, 0, 3
41, 35, 1, 0, 3
41, 35, 1, 0, 3
41, 35, 1, 0, 3
41, 35, 1, 0, 3
41, 35, 1, 0, 3
41, 35, 1, 0, 3
41, 35, 1, 0, 4
41, 35, 1, 0, 4
41, 35, 1, 0, 4
41, 35, 1, 0, 4
41, 35, 1, 0, 4
41, 35, 1, 0, 4
41, 35, 1, 0, 4
41, 35, 1, 0, 4
41, 35, 1, 0, 4
41, 35, 1, 0, 4
41, 35, 1, 0, 4
41, 35, 1, 0, 4
41, 35, 1, 0, 4
41, 35, 1, 0, 4
41, 35, 1, 0, 4
41, 35, 1, 0, 4
41, 35, 1, 0, 4
41, 35, 1, 0, 4
41, 35, 1, 0, 4
41, 35, 1, 0, 4
41, 35, 1, 0, 4
42, 15, 0, 1, 2
42, 15, 0, 1, 2
42, 15, 0, 1, 2
42, 15, 0, 1, 2
42, 15, 0, 1, 2
42, 15, 0, 1, 2
42, 15, 0, 1, 2
42, 15, 0, 1, 2
42, 15, 0, 1, 2
42, 15, 0, 1, 2
42, 15, 0, 1, 2
42, 15, 0, 1, 2
42, 15, 0, 1, 2
42, 15, 0, 1, 2
42, 15, 0, 1, 2
42, 45, 1, 0, 3
42, 45, 1, 0, 3
42, 45, 1, 0, 3
42, 45, 1, 0, 3
42, 45, 1, 0, 3
42, 45, 1, 0, 3
42, 45, 1, 0, 3
42, 45, 1, 0, 3
42, 45, 1, 0, 3
42, 45, 1, 0, 3
42, 45, 1, 0, 3
42, 45, 1, 0, 3
42, 45, 1, 0, 3
42, 45, 1, 0, 3
42, 45, 1, 0, 3
42, 45, 1, 0, 3
42, 45, 1, 0, 3
42, 45, 1, 0, 3
42, 45, 1, 0, 3
42, 45, 1, 0, 3
42, 45, 1, 0, 3
42, 45, 1, 0, 3
42, 45, 1, 0, 3
42, 45, 1, 0, 3
42, 45, 1, 0, 3
42, 45, 1, 0, 3
42, 45, 1, 0, 3
42, 45, 1, 0, 3
42, 45, 1, 0, 3
42, 45, 1, 0, 3
42, 45, 1, 0, 3
42, 45, 1, 0, 3
42, 45, 1, 0, 3
42, 45, 1, 0, 3
42, 45, 1, 0, 3
42, 45, 1, 0, 3
42, 45, 1, 0, 3
42, 45, 1, 0, 3
42, 45, 1, 0, 3
42, 45, 1, 0, 3
42, 45, 1, 0, 3
42, 45, 1, 0, 3
42, 45, 1, 0, 3
42, 45, 1, 0, 3
42, 45, 1, 0, 3
43, 15, 0, 1, 2
43, 15, 0, 1, 2
43, 15, 0, 1, 2
43, 15, 0, 1, 2
43, 15, 0, 1, 2
43, 15, 0, 1, 2
43, 15, 0, 1, 2
43, 15, 0, 1, 2
43, 15, 0, 1, 2
43, 15, 0, 1, 2
43, 15, 0, 1, 2
43, 15, 0, 1, 2
43, 15, 0, 1, 2
43, 15, 0, 1, 2
43, 15, 0, 1, 2
43, 45, 1, 0, 3
43, 45, 1, 0, 3
43, 45, 1, 0, 3
43, 45, 1, 0, 3
43, 45, 1, 0, 3
43, 45, 1, 0, 3
43, 45, 1, 0, 3
43, 45, 1, 0, 3
43, 45, 1, 0, 3
43, 45, 1, 0, 3
43, 45, 1, 0, 3
43, 45, 1, 0, 3
43, 45, 1, 0, 3
43, 45, 1, 0, 3
43, 45, 1, 0, 3
43, 45, 1, 0, 3
43, 45, 1, 0, 3
43, 45, 1, 0, 3
43, 45, 1, 0, 3
43, 45, 1, 0, 3
43, 45, 1, 0, 3
43, 45, 1, 0, 3
43, 45, 1, 0, 3
43, 45, 1, 0, 3
43, 45, 1, 0, 3
43, 45, 1, 0, 3
43, 45, 1, 0, 3
43, 45, 1, 0, 3
43, 45, 1, 0, 3
43, 45, 1, 0, 3
43, 45, 1, 0, 3
43, 45, 1, 0, 3
43, 45, 1, 0, 3
43, 45, 1, 0, 3
43, 45, 1, 0, 3
43, 45, 1, 0, 3
43, 45, 1, 0, 3
43, 45, 1, 0, 3
43, 45, 1, 0, 3
43, 45, 1, 0, 3
43, 45, 1, 0, 3
43, 45, 1, 0, 3
43, 45, 1, 0, 3
43, 45, 1, 0, 3
43, 45, 1, 0, 3
44, 7, 0, 1, 2
44, 7, 0, 1, 2
44, 7, 0, 1, 2
44, 7, 0, 1, 2
44, 7, 0, 1, 2
44, 7, 0, 1, 2
44, 7, 0, 1, 2
44, 35, 1, 0, 3
44, 35, 1, 0, 3
44, 35, 1, 0, 3
44, 35, 1, 0, 3
44, 35, 1, 0, 3
44, 35, 1, 0, 3
44, 35, 1, 0, 3
44, 35, 1, 0, 3
44, 35, 1, 0, 3
44, 35, 1, 0, 3
44, 35, 1, 0, 3
44, 35, 1, 0, 3
44, 35, 1, 0, 3
44, 35, 1, 0, 3
44, 35, 1, 0, 4
44, 35, 1, 0, 4
44, 35, 1, 0, 4
44, 35, 1, 0, 4
44, 35, 1, 0, 4
44, 35, 1, 0, 4
44, 35, 1, 0, 4
44, 35, 1, 0, 4
44, 35, 1, 0, 4
44, 35, 1, 0, 4
44, 35, 1, 0, 4
44, 35, 1, 0, 4
44, 35, 1, 0, 4
44, 35, 1, 0, 4
44, 35, 1, 0, 4
44, 35, 1, 0, 4
44, 35, 1, 0, 4
44, 35, 1, 0, 4
44, 35, 1, 0, 4
44, 35, 1, 0, 4
44, 35, 1, 0, 4
45, 16, 0, 1, 2
45, 16, 0, 1, 2
45, 16, 0, 1, 2
45, 16, 0, 1, 2
45, 16, 0, 1, 2
45, 16, 0, 1, 2
45, 16, 0, 1, 2
45, 16, 0, 1, 2
45, 16, 0, 1, 2
45, 16, 0, 1, 2
45, 16, 0, 1, 2
45, 16, 0, 1, 2
45, 16, 0, 1, 2
45, 16, 0, 1, 2
45, 16, 0, 1, 2
45, 16, 0, 1, 2
45, 48, 1, 0, 3
45, 48, 1, 0, 3
45, 48, 1, 0, 3
45, 48, 1, 0, 3
45, 48, 1, 0, 3
45, 48, 1, 0, 3
45, 48, 1, 0, 3
45, 48, 1, 0, 3
45, 48, 1, 0, 3
45, 48, 1, 0, 3
45, 48, 1, 0, 3
45, 48, 1, 0, 3
45, 48, 1, 0, 3
45, 48, 1, 0, 3
45, 48, 1, 0, 3
45, 48, 1, 0, 3
45, 48, 1, 0, 3
45, 48, 1, 0, 3
45, 48, 1, 0, 3
45, 48, 1, 0, 3
45, 48, 1, 0, 3
45, 48, 1, 0, 3
45, 48, 1, 0, 3
45, 48, 1, 0, 3
45, 48, 1, 0, 3
45, 48, 1, 0, 3
45, 48, 1, 0, 3
45, 48, 1, 0, 3
45, 48, 1, 0, 3
45, 48, 1, 0, 3
45, 48, 1, 0, 3
45, 48, 1, 0, 3
45, 48, 1, 0, 3
45, 48, 1, 0, 3
45, 48, 1, 0, 3
45, 48, 1, 0, 3
45, 48, 1, 0, 3
45, 48, 1, 0, 3
45, 48, 1, 0, 3
45, 48, 1, 0, 3
45, 48, 1, 0, 3
45, 48, 1, 0, 3
45, 48, 1, 0, 3
45, 48, 1, 0, 3
45, 48, 1, 0, 3
45, 48, 1, 0, 3
45, 48, 1, 0, 3
45, 48, 1, 0, 3
46, 7, 0, 1, 2
46, 7, 0, 1, 2
46, 7, 0, 1, 2
46, 7, 0, 1, 2
46, 7, 0, 1, 2
46, 7, 0, 1, 2
46, 7, 0, 1, 2
46, 49, 1, 0, 3
46, 49, 1, 0, 3
46, 49, 1, 0, 3
46, 49, 1, 0, 3
46, 49, 1, 0, 3
46, 49, 1, 0, 3
46, 49, 1, 0, 3
46, 49, 1, 0, 3
46, 49, 1, 0, 3
46, 49, 1, 0, 3
46, 49, 1, 0, 3
46, 49, 1, 0, 3
46, 49, 1, 0, 3
46, 49, 1, 0, 3
46, 49, 1, 0, 4
46, 49, 1, 0, 4
46, 49, 1, 0, 4
46, 49, 1, 0, 4
46, 49, 1, 0, 4
46, 49, 1, 0, 4
46, 49, 1, 0, 4
46, 49, 1, 0, 4
46, 49, 1, 0, 4
46, 49, 1, 0, 4
46, 49, 1, 0, 4
46, 49, 1, 0, 4
46, 49, 1, 0, 4
46, 49, 1, 0, 4
46, 49, 1, 0, 4
46, 49, 1, 0, 4
46, 49, 1, 0, 4
46, 49, 1, 0, 4
46, 49, 1, 0, 4
46, 49, 1, 0, 4
46, 49, 1, 0, 4
46, 49, 1, 0, 4
46, 49, 1, 0, 4
46, 49, 1, 0, 4
46, 49, 1, 0, 4
46, 49, 1, 0, 4
46, 49, 1, 0, 4
46, 49, 1, 0, 4
46, 49, 1, 0, 4
46, 49, 1, 0, 4
46, 49, 1, 0, 4
46, 49, 1, 0, 4
46, 49, 1, 0, 4
46, 49, 1, 0, 4
46, 49, 1, 0, 4
47, 7, 0, 1, 2
47, 7, 0, 1, 2
47, 7, 0, 1, 2
47, 7, 0, 1, 2
47, 7, 0, 1, 2
47, 7, 0, 1, 2
47, 7, 0, 1, 2
47, 49, 1, 0, 3
47, 49, 1, 0, 3
47, 49, 1, 0, 3
47, 49, 1, 0, 3
47, 49, 1, 0, 3
47, 49, 1, 0, 3
47, 49, 1, 0, 3
47, 49, 1, 0, 3
47, 49, 1, 0, 3
47, 49, 1, 0, 3
47, 49, 1, 0, 3
47, 49, 1, 0, 3
47, 49, 1, 0, 3
47, 49, 1, 0, 3
47, 49, 1, 0, 4
47, 49, 1, 0, 4
47, 49, 1, 0, 4
47, 49, 1, 0, 4
47, 49, 1, 0, 4
47, 49, 1, 0, 4
47, 49, 1, 0, 4
47, 49, 1, 0, 4
47, 49, 1, 0, 4
47, 49, 1, 0, 4
47, 49, 1, 0, 4
47, 49, 1, 0, 4
47, 49, 1, 0, 4
47, 49, 1, 0, 4
47, 49, 1, 0, 4
47, 49, 1, 0, 4
47, 49, 1, 0, 4
47, 49, 1, 0, 4
47, 49, 1, 0, 4
47, 49, 1, 0, 4
47, 49, 1, 0, 4
47, 49, 1, 0, 4
47, 49, 1, 0, 4
47, 49, 1, 0, 4
47, 49, 1, 0, 4
47, 49, 1, 0, 4
47, 49, 1, 0, 4
47, 49, 1, 0, 4
47, 49, 1, 0, 4
47, 49, 1, 0, 4
47, 49, 1, 0, 4
47, 49, 1, 0, 4
47, 49, 1, 0, 4
47, 49, 1, 0, 4
47, 49, 1, 0, 4
48, 6, 0, 1, 2
48, 6, 0, 1, 2
48, 6, 0, 1, 2
48, 6, 0, 1, 2
48, 6, 0, 1, 2
48, 6, 0, 1, 2
48, 42, 1, 0, 3
48, 42, 1, 0, 3
48, 42, 1, 0, 3
48, 42, 1, 0, 3
48, 42, 1, 0, 3
48, 42, 1, 0, 3
48, 42, 1, 0, 3
48, 42, 1, 0, 3
48, 42, 1, 0, 3
48, 42, 1, 0, 3
48, 42, 1, 0, 3
48, 42, 1, 0, 3
48, 42, 1, 0, 4
48, 42, 1, 0, 4
48, 42, 1, 0, 4
48, 42, 1, 0, 4
48, 42, 1, 0, 4
48, 42, 1, 0, 4
48, 42, 1, 0, 4
48, 42, 1, 0, 4
48, 42, 1, 0, 4
48, 42, 1, 0, 4
48, 42, 1, 0, 4
48, 42, 1, 0, 4
48, 42, 1, 0, 4
48, 42, 1, 0, 4
48, 42, 1, 0, 4
48, 42, 1, 0, 4
48, 42, 1, 0, 4
48, 42, 1, 0, 4
48, 42, 1, 0, 4
48, 42, 1, 0, 4
48, 42, 1, 0, 4
48, 42, 1, 0, 4
48, 42, 1, 0, 4
48, 42, 1, 0, 4
48, 42, 1, 0, 4
48, 42, 1, 0, 4
48, 42, 1, 0, 4
48, 42, 1, 0, 4
48, 42, 1, 0, 4
48, 42, 1, 0, 4
49, 6, 0, 1, 2
49, 6, 0, 1, 2
49, 6, 0, 1, 2
49, 6, 0, 1, 2
49, 6, 0, 1, 2
49, 6, 0, 1, 2
49, 54, 1, 0, 3
49, 54, 1, 0, 3
49, 54, 1, 0, 3
49, 54, 1, 0, 3
49, 54, 1, 0, 3
49, 54, 1, 0, 3
49, 54, 1, 0, 3
49, 54, 1, 0, 3
49, 54, 1, 0, 3
49, 54, 1, 0, 3
49, 54, 1, 0, 3
49, 54, 1, 0, 3
49, 54, 1, 0, 4
49, 54, 1, 0, 4
49, 54, 1, 0, 4
49, 54, 1, 0, 4
49, 54, 1, 0, 4
49, 54, 1, 0, 4
49, 54, 1, 0, 4
49, 54, 1, 0, 4
49, 54, 1, 0, 4
49, 54, 1, 0, 4
49, 54, 1, 0, 4
49, 54, 1, 0, 4
49, 54, 1, 0, 4
49, 54, 1, 0, 4
49, 54, 1, 0, 4
49, 54, 1, 0, 4
49, 54, 1, 0, 4
49, 54, 1, 0, 4
49, 54, 1, 0, 4
49, 54, 1, 0, 4
49, 54, 1, 0, 4
49, 54, 1, 0, 4
49, 54, 1, 0, 4
49, 54, 1, 0, 4
49, 54, 1, 0, 4
49, 54, 1, 0, 4
49, 54, 1, 0, 4
49, 54, 1, 0, 4
49, 54, 1, 0, 4
49, 54, 1, 0, 4
49, 54, 1, 0, 4
49, 54, 1, 0, 4
49, 54, 1, 0, 4
49, 54, 1, 0, 4
49, 54, 1, 0, 4
49, 54, 1, 0, 4
49, 54, 1, 0, 4
49, 54, 1, 0, 4
49, 54, 1, 0, 4
49, 54, 1, 0, 4
49, 54, 1, 0, 4
49, 54, 1, 0, 4
50, 6, 0, 1, 2
50, 6, 0, 1, 2
50, 6, 0, 1, 2
50, 6, 0, 1, 2
50, 6, 0, 1, 2
50, 6, 0, 1, 2
50, 42, 1, 0, 3
50, 42, 1, 0, 3
50, 42, 1, 0, 3
50, 42, 1, 0, 3
50, 42, 1, 0, 3
50, 42, 1, 0, 3
50, 42, 1, 0, 3
50, 42, 1, 0, 3
50, 42, 1, 0, 3
50, 42, 1, 0, 3
50, 42, 1, 0, 3
50, 42, 1, 0, 3
50, 42, 1, 0, 4
50, 42, 1, 0, 4
50, 42, 1, 0, 4
50, 42, 1, 0, 4
50, 42, 1, 0, 4
50, 42, 1, 0, 4
50, 42, 1, 0, 4
50, 42, 1, 0, 4
50, 42, 1, 0, 4
50, 42, 1, 0, 4
50, 42, 1, 0, 4
50, 42, 1, 0, 4
50, 42, 1, 0, 4
50, 42, 1, 0, 4
50, 42, 1, 0, 4
50, 42, 1, 0, 4
50, 42, 1, 0, 4
50, 42, 1, 0, 4
50, 42, 1, 0, 4
50, 42, 1, 0, 4
50, 42, 1, 0, 4
50, 42, 1, 0, 4
50, 42, 1, 0, 4
50, 42, 1, 0, 4
50, 42, 1, 0, 4
50, 42, 1, 0, 4
50, 42, 1, 0, 4
50, 42, 1, 0, 4
50, 42, 1, 0, 4
50, 42, 1, 0, 4
51, 42, 0, 1, 2
51, 42, 0, 2, 2
51, 42, 0, 2, 2
51, 42, 0, 2, 3
51, 42, 0, 2, 3
51, 42, 0, 2, 3
51, 42, 0, 2, 3
51, 42, 0, 2, 4
51, 42, 0, 2, 4
51, 42, 0, 2, 4
51, 42, 0, 2, 4
51, 42, 0, 2, 4
51, 42, 0, 2, 4
51, 42, 0, 2, 4
51, 42, 0, 2, 4
51, 42, 0, 3, 3
51, 42, 0, 3, 3
51, 42, 0, 3, 3
51, 42, 0, 3, 3
51, 42, 0, 3, 3
51, 42, 0, 3, 3
51, 42, 0, 3, 4
51, 42, 0, 3, 4
51, 42, 0, 3, 4
51, 42, 0, 3, 4
51, 42, 0, 3, 4
51, 42, 0, 3, 4
51, 42, 0, 3, 4
51, 42, 0, 3, 4
51, 42, 0, 3, 4
51, 42, 0, 3, 4
51, 42, 0, 3, 4
51, 42, 0, 3, 4
51, 42, 0, 4, 3
51, 42, 0, 4, 3
51, 42, 0, 4, 3
51, 42, 0, 4, 3
51, 42, 0, 4, 4
51, 42, 0, 4, 4
51, 42, 0, 4, 4
51, 42, 0, 4, 4
51, 42, 0, 5, 2
51, 43, 1, 0, 2
51, 43, 1, 2, 2
51, 43, 1, 3, 2
51, 43, 1, 3, 2
51, 43, 1, 3, 3
51, 43, 1, 3, 3
51, 43, 1, 3, 3
51, 43, 1, 3, 3
51, 43, 1, 3, 4
51, 43, 1, 3, 4
51, 43, 1, 3, 4
51, 43, 1, 3, 4
51, 43, 1, 3, 4
51, 43, 1, 3, 4
51, 43, 1, 3, 4
51, 43, 1, 3, 4
51, 43, 1, 4, 3
51, 43, 1, 4, 3
51, 43, 1, 4, 3
51, 43, 1, 4, 3
51, 43, 1, 4, 3
51, 43, 1, 4, 3
51, 43, 1, 4, 4
51, 43, 1, 4, 4
51, 43, 1, 4, 4
51, 43, 1, 4, 4
51, 43, 1, 4, 4
51, 43, 1, 4, 4
51, 43, 1, 4, 4
51, 43, 1, 4, 4
51, 43, 1, 4, 4
51, 43, 1, 4, 4
51, 43, 1, 4, 4
51, 43, 1, 4, 4
51, 43, 1, 5, 3
51, 43, 1, 5, 3
51, 43, 1, 5, 3
51, 43, 1, 5, 3
51, 43, 1, 5, 4
51, 43, 1, 5, 4
51, 43, 1, 5, 4
51, 43, 1, 5, 4
51, 43, 1, 6, 2
51, 47, 2, 0, 2
51, 47, 2, 0, 2
51, 47, 2, 0, 2
51, 47, 2, 0, 2
51, 47, 2, 1, 2
51, 47, 2, 3, 2
51, 47, 2, 4, 2
51, 47, 2, 4, 2
51, 47, 2, 4, 3
51, 47, 2, 4, 3
51, 47, 2, 4, 3
51, 47, 2, 4, 3
51, 47, 2, 4, 4
51, 47, 2, 4, 4
51, 47, 2, 4, 4
51, 47, 2, 4, 4
51, 47, 2, 4, 4
51, 47, 2, 4, 4
51, 47, 2, 4, 4
51, 47, 2, 4, 4
51, 47, 2, 5, 3
51, 47, 2, 5, 3
51, 47, 2, 5, 3
51, 47, 2, 5, 3
51, 47, 2, 5, 3
51, 47, 2, 5, 3
51, 47, 2, 5, 4
51, 47, 2, 5, 4
51, 47, 2, 5, 4
51, 47, 2, 5, 4
51, 47, 2, 5, 4
51, 47, 2, 5, 4
51, 47, 2, 5, 4
51, 47, 2, 5, 4
51, 47, 2, 5, 4
51, 47, 2, 5, 4
51, 47, 2, 5, 4
51, 47, 2, 5, 4
51, 47, 2, 6, 3
51, 47, 2, 6, 3
51, 47, 2, 6, 3
51, 47, 2, 6, 3
51, 47, 2, 6, 4
51, 47, 2, 6, 4
51, 47, 2, 6, 4
51, 47, 2, 6, 4
51, 47, 2, 7, 2
51, 50, 3, 0, 2
51, 50, 3, 0, 2
51, 50, 3, 0, 2
51, 50, 3, 1, 2
51, 50, 3, 1, 2
51, 50, 3, 1, 2
51, 50, 3, 1, 2
51, 50, 3, 2, 2
51, 50, 3, 4, 2
51, 50, 3, 5, 2
51, 50, 3, 5, 2
51, 50, 3, 5, 3
51, 50, 3, 5, 3
51, 50, 3, 5, 3
51, 50, 3, 5, 3
51, 50, 3, 5, 4
51, 50, 3, 5, 4
51, 50, 3, 5, 4
51, 50, 3, 5, 4
51, 50, 3, 5, 4
51, 50, 3, 5, 4
51, 50, 3, 5, 4
51, 50, 3, 5, 4
51, 50, 3, 6, 3
51, 50, 3, 6, 3
51, 50, 3, 6, 3
51, 50, 3, 6, 3
51, 50, 3, 6, 3
51, 50, 3, 6, 3
51, 50, 3, 6, 4
51, 50, 3, 6, 4
51, 50, 3, 6, 4
51, 50, 3, 6, 4
51, 50, 3, 6, 4
51, 50, 3, 6, 4
51, 50, 3, 6, 4
51, 50, 3, 6, 4
51, 50, 3, 6, 4
51, 50, 3, 6, 4
51, 50, 3, 6, 4
51, 50, 3, 6, 4
51, 50, 3, 7, 3
51, 50, 3, 7, 3
51, 50, 3, 7, 3
51, 50, 3, 7, 3
51, 50, 3, 7, 4
51, 50, 3, 7, 4
51, 50, 3, 7, 4
51, 50, 3, 7, 4
51, 50, 3, 8, 2
51, 51, 4, 0, 2
51, 51, 4, 0, 2
51, 51, 4, 1, 2
51, 51, 4, 1, 2
51, 51, 4, 1, 2
51, 51, 4, 2, 2
51, 51, 4, 2, 2
51, 51, 4, 2, 2
51, 51, 4, 2, 2
51, 51, 4, 3, 2
51, 51, 4, 5, 2
51, 51, 4, 6, 2
51, 51, 4, 6, 2
51, 51, 4, 6, 3
51, 51, 4, 6, 3
51, 51, 4, 6, 3
51, 51, 4, 6, 3
51, 51, 4, 6, 4
51, 51, 4, 6, 4
51, 51, 4, 6, 4
51, 51, 4, 6, 4
51, 51, 4, 6, 4
51, 51, 4, 6, 4
51, 51, 4, 6, 4
51, 51, 4, 6, 4
51, 51, 4, 7, 3
51, 51, 4, 7, 3
51, 51, 4, 7, 3
51, 51, 4, 7, 3
51, 51, 4, 7, 3
51, 51, 4, 7, 3
51, 51, 4, 7, 4
51, 51, 4, 7, 4
51, 51, 4, 7, 4
51, 51, 4, 7, 4
51, 51, 4, 7, 4
51, 51, 4, 7, 4
51, 51, 4, 7, 4
51, 51, 4, 7, 4
51, 51, 4, 7, 4
51, 51, 4, 7, 4
51, 51, 4, 7, 4
51, 51, 4, 7, 4
51, 51, 4, 8, 3
51, 51, 4, 8, 3
51, 51, 4, 8, 3
51, 51, 4, 8, 3
51, 51, 4, 8, 4
51, 51, 4, 8, 4
51, 51, 4, 8, 4
51, 51, 4, 8, 4
51, 44, 5, 0, 2
51, 44, 5, 1, 2
51, 44, 5, 1, 2
51, 44, 5, 2, 2
51, 44, 5, 2, 2
51, 44, 5, 2, 2
51, 44, 5, 3, 2
51, 44, 5, 3, 2
51, 44, 5, 3, 2
51, 44, 5, 3, 2
51, 44, 5, 4, 2
51, 44, 5, 6, 2
51, 44, 5, 7, 2
51, 44, 5, 7, 2
51, 44, 5, 7, 3
51, 44, 5, 7, 3
51, 44, 5, 7, 3
51, 44, 5, 7, 3
51, 44, 5, 7, 4
51, 44, 5, 7, 4
51, 44, 5, 7, 4
51, 44, 5, 7, 4
51, 44, 5, 7, 4
51, 44, 5, 7, 4
51, 44, 5, 7, 4
51, 44, 5, 7, 4
51, 44, 5, 8, 3
51, 44, 5, 8, 3
51, 44, 5, 8, 3
51, 44, 5, 8, 3
51, 44, 5, 8, 3
51, 44, 5, 8, 3
51, 44, 5, 8, 4
51, 44, 5, 8, 4
51, 44, 5, 8, 4
51, 44, 5, 8, 4
51, 44, 5, 8, 4
51, 44, 5, 8, 4
51, 44, 5, 8, 4
51, 44, 5, 8, 4
51, 44, 5, 8, 4
51, 44, 5, 8, 4
51, 44, 5, 8, 4
51, 44, 5, 8, 4
51, 26, 6, 1, 2
51, 26, 6, 2, 2
51, 26, 6, 2, 2
51, 26, 6, 3, 2
51, 26, 6, 3, 2
51, 26, 6, 3, 2
51, 26, 6, 4, 2
51, 26, 6, 4, 2
51, 26, 6, 4, 2
51, 26, 6, 4, 2
51, 26, 6, 5, 2
51, 26, 6, 7, 2
51, 26, 6, 8, 2
51, 26, 6, 8, 2
51, 26, 6, 8, 3
51, 26, 6, 8, 3
51, 26, 6, 8, 3
51, 26, 6, 8, 3
51, 26, 6, 8, 4
51, 26, 6, 8, 4
51, 26, 6, 8, 4
51, 26, 6, 8, 4
51, 26, 6, 8, 4
51, 26, 6, 8, 4
51, 26, 6, 8, 4
51, 26, 6, 8, 4
51, 12, 7, 2, 2
51, 12, 7, 3, 2
51, 12, 7, 3, 2
51, 12, 7, 4, 2
51, 12, 7, 4, 2
51, 12, 7, 4, 2
51, 12, 7, 5, 2
51, 12, 7, 5, 2
51, 12, 7, 5, 2
51, 12, 7, 5, 2
51, 12, 7, 6, 2
51, 12, 7, 8, 2
51, 11, 8, 3, 2
51, 11, 8, 4, 2
51, 11, 8, 4, 2
51, 11, 8, 5, 2
51, 11, 8, 5, 2
51, 11, 8, 5, 2
51, 11, 8, 6, 2
51, 11, 8, 6, 2
51, 11, 8, 6, 2
51, 11, 8, 6, 2
51, 11, 8, 7, 2
52, 6, 0, 1, 2
52, 6, 0, 1, 2
52, 6, 0, 1, 2
52, 6, 0, 1, 2
52, 6, 0, 1, 2
52, 6, 0, 1, 2
52, 54, 1, 0, 3
52, 54, 1, 0, 3
52, 54, 1, 0, 3
52, 54, 1, 0, 3
52, 54, 1, 0, 3
52, 54, 1, 0, 3
52, 54, 1, 0, 3
52, 54, 1, 0, 3
52, 54, 1, 0, 3
52, 54, 1, 0, 3
52, 54, 1, 0, 3
52, 54, 1, 0, 3
52, 54, 1, 0, 4
52, 54, 1, 0, 4
52, 54, 1, 0, 4
52, 54, 1, 0, 4
52, 54, 1, 0, 4
52, 54, 1, 0, 4
52, 54, 1, 0, 4
52, 54, 1, 0, 4
52, 54, 1, 0, 4
52, 54, 1, 0, 4
52, 54, 1, 0, 4
52, 54, 1, 0, 4
52, 54, 1, 0, 4
52, 54, 1, 0, 4
52, 54, 1, 0, 4
52, 54, 1, 0, 4
52, 54, 1, 0, 4
52, 54, 1, 0, 4
52, 54, 1, 0, 4
52, 54, 1, 0, 4
52, 54, 1, 0, 4
52, 54, 1, 0, 4
52, 54, 1, 0, 4
52, 54, 1, 0, 4
52, 54, 1, 0, 4
52, 54, 1, 0, 4
52, 54, 1, 0, 4
52, 54, 1, 0, 4
52, 54, 1, 0, 4
52, 54, 1, 0, 4
52, 54, 1, 0, 4
52, 54, 1, 0, 4
52, 54, 1, 0, 4
52, 54, 1, 0, 4
52, 54, 1, 0, 4
52, 54, 1, 0, 4
52, 54, 1, 0, 4
52, 54, 1, 0, 4
52, 54, 1, 0, 4
52, 54, 1, 0, 4
52, 54, 1, 0, 4
52, 54, 1, 0, 4
53, 45, 0, 1, 3
53, 45, 0, 1, 3
53, 45, 0, 2, 3
53, 45, 0, 2, 3
53, 45, 0, 2, 3
53, 45, 0, 2, 3
53, 45, 0, 2, 3
53, 45, 0, 2, 3
53, 45, 0, 2, 3
53, 45, 0, 2, 3
53, 45, 0, 2, 4
53, 45, 0, 2, 4
53, 45, 0, 2, 4
53, 45, 0, 2, 4
53, 45, 0, 2, 4
53, 45, 0, 2, 4
53, 45, 0, 2, 4
53, 45, 0, 2, 4
53, 45, 0, 3, 2
53, 45, 0, 3, 3
53, 45, 0, 3, 3
53, 45, 0, 3, 3
53, 45, 0, 3, 3
53, 45, 0, 3, 4
53, 45, 0, 3, 4
53, 45, 0, 3, 4
53, 45, 0, 3, 4
53, 45, 0, 3, 4
53, 45, 0, 3, 4
53, 45, 0, 3, 4
53, 45, 0, 3, 4
53, 45, 0, 3, 4
53, 45, 0, 3, 4
53, 45, 0, 3, 4
53, 45, 0, 3, 4
53, 45, 0, 4, 3
53, 45, 0, 4, 3
53, 45, 0, 4, 3
53, 45, 0, 4, 3
53, 45, 0, 4, 4
53, 45, 0, 4, 4
53, 45, 0, 4, 4
53, 45, 0, 4, 4
53, 45, 0, 5, 3
53, 45, 0, 5, 3
53, 46, 1, 0, 2
53, 46, 1, 2, 3
53, 46, 1, 2, 3
53, 46, 1, 3, 3
53, 46, 1, 3, 3
53, 46, 1, 3, 3
53, 46, 1, 3, 3
53, 46, 1, 3, 3
53, 46, 1, 3, 3
53, 46, 1, 3, 3
53, 46, 1, 3, 3
53, 46, 1, 3, 4
53, 46, 1, 3, 4
53, 46, 1, 3, 4
53, 46, 1, 3, 4
53, 46, 1, 3, 4
53, 46, 1, 3, 4
53, 46, 1, 3, 4
53, 46, 1, 3, 4
53, 46, 1, 4, 2
53, 46, 1, 4, 3
53, 46, 1, 4, 3
53, 46, 1, 4, 3
53, 46, 1, 4, 3
53, 46, 1, 4, 4
53, 46, 1, 4, 4
53, 46, 1, 4, 4
53, 46, 1, 4, 4
53, 46, 1, 4, 4
53, 46, 1, 4, 4
53, 46, 1, 4, 4
53, 46, 1, 4, 4
53, 46, 1, 4, 4
53, 46, 1, 4, 4
53, 46, 1, 4, 4
53, 46, 1, 4, 4
53, 46, 1, 5, 3
53, 46, 1, 5, 3
53, 46, 1, 5, 3
53, 46, 1, 5, 3
53, 46, 1, 5, 4
53, 46, 1, 5, 4
53, 46, 1, 5, 4
53, 46, 1, 5, 4
53, 46, 1, 6, 3
53, 46, 1, 6, 3
53, 50, 2, 0, 2
53, 50, 2, 0, 2
53, 50, 2, 0, 2
53, 50, 2, 0, 2
53, 50, 2, 1, 2
53, 50, 2, 3, 3
53, 50, 2, 3, 3
53, 50, 2, 4, 3
53, 50, 2, 4, 3
53, 50, 2, 4, 3
53, 50, 2, 4, 3
53, 50, 2, 4, 3
53, 50, 2, 4, 3
53, 50, 2, 4, 3
53, 50, 2, 4, 3
53, 50, 2, 4, 4
53, 50, 2, 4, 4
53, 50, 2, 4, 4
53, 50, 2, 4, 4
53, 50, 2, 4, 4
53, 50, 2, 4, 4
53, 50, 2, 4, 4
53, 50, 2, 4, 4
53, 50, 2, 5, 2
53, 50, 2, 5, 3
53, 50, 2, 5, 3
53, 50, 2, 5, 3
53, 50, 2, 5, 3
53, 50, 2, 5, 4
53, 50, 2, 5, 4
53, 50, 2, 5, 4
53, 50, 2, 5, 4
53, 50, 2, 5, 4
53, 50, 2, 5, 4
53, 50, 2, 5, 4
53, 50, 2, 5, 4
53, 50, 2, 5, 4
53, 50, 2, 5, 4
53, 50, 2, 5, 4
53, 50, 2, 5, 4
53, 50, 2, 6, 3
53, 50, 2, 6, 3
53, 50, 2, 6, 3
53, 50, 2, 6, 3
53, 50, 2, 6, 4
53, 50, 2, 6, 4
53, 50, 2, 6, 4
53, 50, 2, 6, 4
53, 50, 2, 7, 3
53, 50, 2, 7, 3
53, 53, 3, 0, 2
53, 53, 3, 0, 2
53, 53, 3, 0, 2
53, 53, 3, 1, 2
53, 53, 3, 1, 2
53, 53, 3, 1, 2
53, 53, 3, 1, 2
53, 53, 3, 2, 2
53, 53, 3, 4, 3
53, 53, 3, 4, 3
53, 53, 3, 5, 3
53, 53, 3, 5, 3
53, 53, 3, 5, 3
53, 53, 3, 5, 3
53, 53, 3, 5, 3
53, 53, 3, 5, 3
53, 53, 3, 5, 3
53, 53, 3, 5, 3
53, 53, 3, 5, 4
53, 53, 3, 5, 4
53, 53, 3, 5, 4
53, 53, 3, 5, 4
53, 53, 3, 5, 4
53, 53, 3, 5, 4
53, 53, 3, 5, 4
53, 53, 3, 5, 4
53, 53, 3, 6, 2
53, 53, 3, 6, 3
53, 53, 3, 6, 3
53, 53, 3, 6, 3
53, 53, 3, 6, 3
53, 53, 3, 6, 4
53, 53, 3, 6, 4
53, 53, 3, 6, 4
53, 53, 3, 6, 4
53, 53, 3, 6, 4
53, 53, 3, 6, 4
53, 53, 3, 6, 4
53, 53, 3, 6, 4
53, 53, 3, 6, 4
53, 53, 3, 6, 4
53, 53, 3, 6, 4
53, 53, 3, 6, 4
53, 53, 3, 7, 3
53, 53, 3, 7, 3
53, 53, 3, 7, 3
53, 53, 3, 7, 3
53, 53, 3, 7, 4
53, 53, 3, 7, 4
53, 53, 3, 7, 4
53, 53, 3, 7, 4
53, 53, 3, 8, 3
53, 53, 3, 8, 3
53, 53, 4, 0, 2
53, 53, 4, 0, 2
53, 53, 4, 1, 2
53, 53, 4, 1, 2
53, 53, 4, 1, 2
53, 53, 4, 2, 2
53, 53, 4, 2, 2
53, 53, 4, 2, 2
53, 53, 4, 2, 2
53, 53, 4, 3, 2
53, 53, 4, 5, 3
53, 53, 4, 5, 3
53, 53, 4, 6, 3
53, 53, 4, 6, 3
53, 53, 4, 6, 3
53, 53, 4, 6, 3
53, 53, 4, 6, 3
53, 53, 4, 6, 3
53, 53, 4, 6, 3
53, 53, 4, 6, 3
53, 53, 4, 6, 4
53, 53, 4, 6, 4
53, 53, 4, 6, 4
53, 53, 4, 6, 4
53, 53, 4, 6, 4
53, 53, 4, 6, 4
53, 53, 4, 6, 4
53, 53, 4, 6, 4
53, 53, 4, 7, 2
53, 53, 4, 7, 3
53, 53, 4, 7, 3
53, 53, 4, 7, 3
53, 53, 4, 7, 3
53, 53, 4, 7, 4
53, 53, 4, 7, 4
53, 53, 4, 7, 4
53, 53, 4, 7, 4
53, 53, 4, 7, 4
53, 53, 4, 7, 4
53, 53, 4, 7, 4
53, 53, 4, 7, 4
53, 53, 4, 7, 4
53, 53, 4, 7, 4
53, 53, 4, 7, 4
53, 53, 4, 7, 4
53, 53, 4, 8, 3
53, 53, 4, 8, 3
53, 53, 4, 8, 3
53, 53, 4, 8, 3
53, 53, 4, 8, 4
53, 53, 4, 8, 4
53, 53, 4, 8, 4
53, 53, 4, 8, 4
53, 46, 5, 0, 2
53, 46, 5, 1, 2
53, 46, 5, 1, 2
53, 46, 5, 2, 2
53, 46, 5, 2, 2
53, 46, 5, 2, 2
53, 46, 5, 3, 2
53, 46, 5, 3, 2
53, 46, 5, 3, 2
53, 46, 5, 3, 2
53, 46, 5, 4, 2
53, 46, 5, 6, 3
53, 46, 5, 6, 3
53, 46, 5, 7, 3
53, 46, 5, 7, 3
53, 46, 5, 7, 3
53, 46, 5, 7, 3
53, 46, 5, 7, 3
53, 46, 5, 7, 3
53, 46, 5, 7, 3
53, 46, 5, 7, 3
53, 46, 5, 7, 4
53, 46, 5, 7, 4
53, 46, 5, 7, 4
53, 46, 5, 7, 4
53, 46, 5, 7, 4
53, 46, 5, 7, 4
53, 46, 5, 7, 4
53, 46, 5, 7, 4
53, 46, 5, 8, 2
53, 46, 5, 8, 3
53, 46, 5, 8, 3
53, 46, 5, 8, 3
53, 46, 5, 8, 3
53, 46, 5, 8, 4
53, 46, 5, 8, 4
53, 46, 5, 8, 4
53, 46, 5, 8, 4
53, 46, 5, 8, 4
53, 46, 5, 8, 4
53, 46, 5, 8, 4
53, 46, 5, 8, 4
53, 46, 5, 8, 4
53, 46, 5, 8, 4
53, 46, 5, 8, 4
53, 46, 5, 8, 4
53, 29, 6, 1, 2
53, 29, 6, 2, 2
53, 29, 6, 2, 2
53, 29, 6, 3, 2
53, 29, 6, 3, 2
53, 29, 6, 3, 2
53, 29, 6, 4, 2
53, 29, 6, 4, 2
53, 29, 6, 4, 2
53, 29, 6, 4, 2
53, 29, 6, 5, 2
53, 29, 6, 7, 3
53, 29, 6, 7, 3
53, 29, 6, 8, 3
53, 29, 6, 8, 3
53, 29, 6, 8, 3
53, 29, 6, 8, 3
53, 29, 6, 8, 3
53, 29, 6, 8, 3
53, 29, 6, 8, 3
53, 29, 6, 8, 3
53, 29, 6, 8, 4
53, 29, 6, 8, 4
53, 29, 6, 8, 4
53, 29, 6, 8, 4
53, 29, 6, 8, 4
53, 29, 6, 8, 4
53, 29, 6, 8, 4
53, 29, 6, 8, 4
53, 13, 7, 2, 2
53, 13, 7, 3, 2
53, 13, 7, 3, 2
53, 13, 7, 4, 2
53, 13, 7, 4, 2
53, 13, 7, 4, 2
53, 13, 7, 5, 2
53, 13, 7, 5, 2
53, 13, 7, 5, 2
53, 13, 7, 5, 2
53, 13, 7, 6, 2
53, 13, 7, 8, 3
53, 13, 7, 8, 3
53, 11, 8, 3, 2
53, 11, 8, 4, 2
53, 11, 8, 4, 2
53, 11, 8, 5, 2
53, 11, 8, 5, 2
53, 11, 8, 5, 2
53, 11, 8, 6, 2
53, 11, 8, 6, 2
53, 11, 8, 6, 2
53, 11, 8, 6, 2
53, 11, 8, 7, 2
54, 13, 0, 1, 2
54, 13, 0, 1, 2
54, 13, 0, 1, 2
54, 13, 0, 1, 2
54, 13, 0, 1, 2
54, 13, 0, 1, 2
54, 13, 0, 1, 2
54, 13, 0, 1, 2
54, 13, 0, 1, 2
54, 13, 0, 1, 2
54, 13, 0, 1, 2
54, 13, 0, 1, 2
54, 13, 0, 1, 2
54, 65, 1, 0, 3
54, 65, 1, 0, 3
54, 65, 1, 0, 3
54, 65, 1, 0, 3
54, 65, 1, 0, 3
54, 65, 1, 0, 3
54, 65, 1, 0, 3
54, 65, 1, 0, 3
54, 65, 1, 0, 3
54, 65, 1, 0, 3
54, 65, 1, 0, 3
54, 65, 1, 0, 3
54, 65, 1, 0, 3
54, 65, 1, 0, 3
54, 65, 1, 0, 3
54, 65, 1, 0, 3
54, 65, 1, 0, 3
54, 65, 1, 0, 3
54, 65, 1, 0, 3
54, 65, 1, 0, 3
54, 65, 1, 0, 3
54, 65, 1, 0, 3
54, 65, 1, 0, 3
54, 65, 1, 0, 3
54, 65, 1, 0, 3
54, 65, 1, 0, 3
54, 65, 1, 0, 3
54, 65, 1, 0, 3
54, 65, 1, 0, 3
54, 65, 1, 0, 3
54, 65, 1, 0, 3
54, 65, 1, 0, 3
54, 65, 1, 0, 3
54, 65, 1, 0, 3
54, 65, 1, 0, 3
54, 65, 1, 0, 3
54, 65, 1, 0, 3
54, 65, 1, 0, 3
54, 65, 1, 0, 3
54, 65, 1, 0, 4
54, 65, 1, 0, 4
54, 65, 1, 0, 4
54, 65, 1, 0, 4
54, 65, 1, 0, 4
54, 65, 1, 0, 4
54, 65, 1, 0, 4
54, 65, 1, 0, 4
54, 65, 1, 0, 4
54, 65, 1, 0, 4
54, 65, 1, 0, 4
54, 65, 1, 0, 4
54, 65, 1, 0, 4
54, 65, 1, 0, 4
54, 65, 1, 0, 4
54, 65, 1, 0, 4
54, 65, 1, 0, 4
54, 65, 1, 0, 4
54, 65, 1, 0, 4
54, 65, 1, 0, 4
54, 65, 1, 0, 4
54, 65, 1, 0, 4
54, 65, 1, 0, 4
54, 65, 1, 0, 4
54, 65, 1, 0, 4
54, 65, 1, 0, 4
55, 13, 0, 1, 2
55, 13, 0, 1, 2
55, 13, 0, 1, 2
55, 13, 0, 1, 2
55, 13, 0, 1, 2
55, 13, 0, 1, 2
55, 13, 0, 1, 2
55, 13, 0, 1, 2
55, 13, 0, 1, 2
55, 13, 0, 1, 2
55, 13, 0, 1, 2
55, 13, 0, 1, 2
55, 13, 0, 1, 2
55, 65, 1, 0, 3
55, 65, 1, 0, 3
55, 65, 1, 0, 3
55, 65, 1, 0, 3
55, 65, 1, 0, 3
55, 65, 1, 0, 3
55, 65, 1, 0, 3
55, 65, 1, 0, 3
55, 65, 1, 0, 3
55, 65, 1, 0, 3
55, 65, 1, 0, 3
55, 65, 1, 0, 3
55, 65, 1, 0, 3
55, 65, 1, 0, 3
55, 65, 1, 0, 3
55, 65, 1, 0, 3
55, 65, 1, 0, 3
55, 65, 1, 0, 3
55, 65, 1, 0, 3
55, 65, 1, 0, 3
55, 65, 1, 0, 3
55, 65, 1, 0, 3
55, 65, 1, 0, 3
55, 65, 1, 0, 3
55, 65, 1, 0, 3
55, 65, 1, 0, 3
55, 65, 1, 0, 3
55, 65, 1, 0, 3
55, 65, 1, 0, 3
55, 65, 1, 0, 3
55, 65, 1, 0, 3
55, 65, 1, 0, 3
55, 65, 1, 0, 3
55, 65, 1, 0, 3
55, 65, 1, 0, 3
55, 65, 1, 0, 3
55, 65, 1, 0, 3
55, 65, 1, 0, 3
55, 65, 1, 0, 3
55, 65, 1, 0, 4
55, 65, 1, 0, 4
55, 65, 1, 0, 4
55, 65, 1, 0, 4
55, 65, 1, 0, 4
55, 65, 1, 0, 4
55, 65, 1, 0, 4
55, 65, 1, 0, 4
55, 65, 1, 0, 4
55, 65, 1, 0, 4
55, 65, 1, 0, 4
55, 65, 1, 0, 4
55, 65, 1, 0, 4
55, 65, 1, 0, 4
55, 65, 1, 0, 4
55, 65, 1, 0, 4
55, 65, 1, 0, 4
55, 65, 1, 0, 4
55, 65, 1, 0, 4
55, 65, 1, 0, 4
55, 65, 1, 0, 4
55, 65, 1, 0, 4
55, 65, 1, 0, 4
55, 65, 1, 0, 4
55, 65, 1, 0, 4
55, 65, 1, 0, 4
56, 15, 0, 1, 2
56, 15, 0, 1, 2
56, 15, 0, 1, 2
56, 15, 0, 1, 2
56, 15, 0, 1, 2
56, 15, 0, 1, 2
56, 15, 0, 1, 2
56, 15, 0, 1, 2
56, 15, 0, 1, 2
56, 15, 0, 1, 2
56, 15, 0, 1, 2
56, 15, 0, 1, 2
56, 15, 0, 1, 2
56, 15, 0, 1, 2
56, 15, 0, 1, 2
56, 90, 1, 0, 3
56, 90, 1, 0, 3
56, 90, 1, 0, 3
56, 90, 1, 0, 3
56, 90, 1, 0, 3
56, 90, 1, 0, 3
56, 90, 1, 0, 3
56, 90, 1, 0, 3
56, 90, 1, 0, 3
56, 90, 1, 0, 3
56, 90, 1, 0, 3
56, 90, 1, 0, 3
56, 90, 1, 0, 3
56, 90, 1, 0, 3
56, 90, 1, 0, 3
56, 90, 1, 0, 3
56, 90, 1, 0, 3
56, 90, 1, 0, 3
56, 90, 1, 0, 3
56, 90, 1, 0, 3
56, 90, 1, 0, 3
56, 90, 1, 0, 3
56, 90, 1, 0, 3
56, 90, 1, 0, 3
56, 90, 1, 0, 3
56, 90, 1, 0, 3
56, 90, 1, 0, 3
56, 90, 1, 0, 3
56, 90, 1, 0, 3
56, 90, 1, 0, 3
56, 90, 1, 0, 3
56, 90, 1, 0, 3
56, 90, 1, 0, 3
56, 90, 1, 0, 3
56, 90, 1, 0, 3
56, 90, 1, 0, 3
56, 90, 1, 0, 3
56, 90, 1, 0, 3
56, 90, 1, 0, 3
56, 90, 1, 0, 3
56, 90, 1, 0, 3
56, 90, 1, 0, 3
56, 90, 1, 0, 3
56, 90, 1, 0, 3
56, 90, 1, 0, 3
56, 90, 1, 0, 4
56, 90, 1, 0, 4
56, 90, 1, 0, 4
56, 90, 1, 0, 4
56, 90, 1, 0, 4
56, 90, 1, 0, 4
56, 90, 1, 0, 4
56, 90, 1, 0, 4
56, 90, 1, 0, 4
56, 90, 1, 0, 4
56, 90, 1, 0, 4
56, 90, 1, 0, 4
56, 90, 1, 0, 4
56, 90, 1, 0, 4
56, 90, 1, 0, 4
56, 90, 1, 0, 4
56, 90, 1, 0, 4
56, 90, 1, 0, 4
56, 90, 1, 0, 4
56, 90, 1, 0, 4
56, 90, 1, 0, 4
56, 90, 1, 0, 4
56, 90, 1, 0, 4
56, 90, 1, 0, 4
56, 90, 1, 0, 4
56, 90, 1, 0, 4
56, 90, 1, 0, 4
56, 90, 1, 0, 4
56, 90, 1, 0, 4
56, 90, 1, 0, 4
56, 90, 1, 0, 4
56, 90, 1, 0, 4
56, 90, 1, 0, 4
56, 90, 1, 0, 4
56, 90, 1, 0, 4
56, 90, 1, 0, 4
56, 90, 1, 0, 4
56, 90, 1, 0, 4
56, 90, 1, 0, 4
56, 90, 1, 0, 4
56, 90, 1, 0, 4
56, 90, 1, 0, 4
56, 90, 1, 0, 4
56, 90, 1, 0, 4
56, 90, 1, 0, 4
57, 15, 0, 1, 2
57, 15, 0, 1, 2
57, 15, 0, 1, 2
57, 15, 0, 1, 2
57, 15, 0, 1, 2
57, 15, 0, 1, 2
57, 15, 0, 1, 2
57, 15, 0, 1, 2
57, 15, 0, 1, 2
57, 15, 0, 1, 2
57, 15, 0, 1, 2
57, 15, 0, 1, 2
57, 15, 0, 1, 2
57, 15, 0, 1, 2
57, 15, 0, 1, 2
57, 120, 1, 0, 3
57, 120, 1, 0, 3
57, 120, 1, 0, 3
57, 120, 1, 0, 3
57, 120, 1, 0, 3
57, 120, 1, 0, 3
57, 120, 1, 0, 3
57, 120, 1, 0, 3
57, 120, 1, 0, 3
57, 120, 1, 0, 3
57, 120, 1, 0, 3
57, 120, 1, 0, 3
57, 120, 1, 0, 3
57, 120, 1, 0, 3
57, 120, 1, 0, 3
57, 120, 1, 0, 3
57, 120, 1, 0, 3
57, 120, 1, 0, 3
57, 120, 1, 0, 3
57, 120, 1, 0, 3
57, 120, 1, 0, 3
57, 120, 1, 0, 3
57, 120, 1, 0, 3
57, 120, 1, 0, 3
57, 120, 1, 0, 3
57, 120, 1, 0, 3
57, 120, 1, 0, 3
57, 120, 1, 0, 3
57, 120, 1, 0, 3
57, 120, 1, 0, 3
57, 120, 1, 0, 3
57, 120, 1, 0, 3
57, 120, 1, 0, 3
57, 120, 1, 0, 3
57, 120, 1, 0, 3
57, 120, 1, 0, 3
57, 120, 1, 0, 3
57, 120, 1, 0, 3
57, 120, 1, 0, 3
57, 120, 1, 0, 3
57, 120, 1, 0, 3
57, 120, 1, 0, 3
57, 120, 1, 0, 3
57, 120, 1, 0, 3
57, 120, 1, 0, 3
57, 120, 1, 0, 4
57, 120, 1, 0, 4
57, 120, 1, 0, 4
57, 120, 1, 0, 4
57, 120, 1, 0, 4
57, 120, 1, 0, 4
57, 120, 1, 0, 4
57, 120, 1, 0, 4
57, 120, 1, 0, 4
57, 120, 1, 0, 4
57, 120, 1, 0, 4
57, 120, 1, 0, 4
57, 120, 1, 0, 4
57, 120, 1, 0, 4
57, 120, 1, 0, 4
57, 120, 1, 0, 4
57, 120, 1, 0, 4
57, 120, 1, 0, 4
57, 120, 1, 0, 4
57, 120, 1, 0, 4
57, 120, 1, 0, 4
57, 120, 1, 0, 4
57, 120, 1, 0, 4
57, 120, 1, 0, 4
57, 120, 1, 0, 4
57, 120, 1, 0, 4
57, 120, 1, 0, 4
57, 120, 1, 0, 4
57, 120, 1, 0, 4
57, 120, 1, 0, 4
57, 120, 1, 0, 4
57, 120, 1, 0, 4
57, 120, 1, 0, 4
57, 120, 1, 0, 4
57, 120, 1, 0, 4
57, 120, 1, 0, 4
57, 120, 1, 0, 4
57, 120, 1, 0, 4
57, 120, 1, 0, 4
57, 120, 1, 0, 4
57, 120, 1, 0, 4
57, 120, 1, 0, 4
57, 120, 1, 0, 4
57, 120, 1, 0, 4
57, 120, 1, 0, 4
57, 120, 1, 0, 4
57, 120, 1, 0, 4
57, 120, 1, 0, 4
57, 120, 1, 0, 4
57, 120, 1, 0, 4
57, 120, 1, 0, 4
57, 120, 1, 0, 4
57, 120, 1, 0, 4
57, 120, 1, 0, 4
57, 120, 1, 0, 4
57, 120, 1, 0, 4
57, 120, 1, 0, 4
57, 120, 1, 0, 4
57, 120, 1, 0, 4
57, 120, 1, 0, 4
57, 120, 1, 0, 4
57, 120, 1, 0, 4
57, 120, 1, 0, 4
57, 120, 1, 0, 4
57, 120, 1, 0, 4
57, 120, 1, 0, 4
57, 120, 1, 0, 4
57, 120, 1, 0, 4
57, 120, 1, 0, 4
57, 120, 1, 0, 4
57, 120, 1, 0, 4
57, 120, 1, 0, 4
57, 120, 1, 0, 4
57, 120, 1, 0, 4
57, 120, 1, 0, 4
58, 14, 0, 1, 2
58, 14, 0, 1, 2
58, 14, 0, 1, 2
58, 14, 0, 1, 2
58, 14, 0, 1, 2
58, 14, 0, 1, 2
58, 14, 0, 1, 2
58, 14, 0, 1, 2
58, 14, 0, 1, 2
58, 14, 0, 1, 2
58, 14, 0, 1, 2
58, 14, 0, 1, 2
58, 14, 0, 1, 2
58, 14, 0, 1, 2
58, 112, 1, 0, 3
58, 112, 1, 0, 3
58, 112, 1, 0, 3
58, 112, 1, 0, 3
58, 112, 1, 0, 3
58, 112, 1, 0, 3
58, 112, 1, 0, 3
58, 112, 1, 0, 3
58, 112, 1, 0, 3
58, 112, 1, 0, 3
58, 112, 1, 0, 3
58, 112, 1, 0, 3
58, 112, 1, 0, 3
58, 112, 1, 0, 3
58, 112, 1, 0, 3
58, 112, 1, 0, 3
58, 112, 1, 0, 3
58, 112, 1, 0, 3
58, 112, 1, 0, 3
58, 112, 1, 0, 3
58, 112, 1, 0, 3
58, 112, 1, 0, 3
58, 112, 1, 0, 3
58, 112, 1, 0, 3
58, 112, 1, 0, 3
58, 112, 1, 0, 3
58, 112, 1, 0, 3
58, 112, 1, 0, 3
58, 112, 1, 0, 3
58, 112, 1, 0, 3
58, 112, 1, 0, 3
58, 112, 1, 0, 3
58, 112, 1, 0, 3
58, 112, 1, 0, 3
58, 112, 1, 0, 3
58, 112, 1, 0, 3
58, 112, 1, 0, 3
58, 112, 1, 0, 3
58, 112, 1, 0, 3
58, 112, 1, 0, 3
58, 112, 1, 0, 3
58, 112, 1, 0, 3
58, 112, 1, 0, 4
58, 112, 1, 0, 4
58, 112, 1, 0, 4
58, 112, 1, 0, 4
58, 112, 1, 0, 4
58, 112, 1, 0, 4
58, 112, 1, 0, 4
58, 112, 1, 0, 4
58, 112, 1, 0, 4
58, 112, 1, 0, 4
58, 112, 1, 0, 4
58, 112, 1, 0, 4
58, 112, 1, 0, 4
58, 112, 1, 0, 4
58, 112, 1, 0, 4
58, 112, 1, 0, 4
58, 112, 1, 0, 4
58, 112, 1, 0, 4
58, 112, 1, 0, 4
58, 112, 1, 0, 4
58, 112, 1, 0, 4
58, 112, 1, 0, 4
58, 112, 1, 0, 4
58, 112, 1, 0, 4
58, 112, 1, 0, 4
58, 112, 1, 0, 4
58, 112, 1, 0, 4
58, 112, 1, 0, 4
58, 112, 1, 0, 4
58, 112, 1, 0, 4
58, 112, 1, 0, 4
58, 112, 1, 0, 4
58, 112, 1, 0, 4
58, 112, 1, 0, 4
58, 112, 1, 0, 4
58, 112, 1, 0, 4
58, 112, 1, 0, 4
58, 112, 1, 0, 4
58, 112, 1, 0, 4
58, 112, 1, 0, 4
58, 112, 1, 0, 4
58, 112, 1, 0, 4
58, 112, 1, 0, 4
58, 112, 1, 0, 4
58, 112, 1, 0, 4
58, 112, 1, 0, 4
58, 112, 1, 0, 4
58, 112, 1, 0, 4
58, 112, 1, 0, 4
58, 112, 1, 0, 4
58, 112, 1, 0, 4
58, 112, 1, 0, 4
58, 112, 1, 0, 4
58, 112, 1, 0, 4
58, 112, 1, 0, 4
58, 112, 1, 0, 4
58, 112, 1, 0, 4
58, 112, 1, 0, 4
58, 112, 1, 0, 4
58, 112, 1, 0, 4
58, 112, 1, 0, 4
58, 112, 1, 0, 4
58, 112, 1, 0, 4
58, 112, 1, 0, 4
58, 112, 1, 0, 4
58, 112, 1, 0, 4
58, 112, 1, 0, 4
58, 112, 1, 0, 4
58, 112, 1, 0, 4
58, 112, 1, 0, 4
59, 14, 0, 1, 2
59, 14, 0, 1, 2
59, 14, 0, 1, 2
59, 14, 0, 1, 2
59, 14, 0, 1, 2
59, 14, 0, 1, 2
59, 14, 0, 1, 2
59, 14, 0, 1, 2
59, 14, 0, 1, 2
59, 14, 0, 1, 2
59, 14, 0, 1, 2
59, 14, 0, 1, 2
59, 14, 0, 1, 2
59, 14, 0, 1, 2
59, 140, 1, 0, 3
59, 140, 1, 0, 3
59, 140, 1, 0, 3
59, 140, 1, 0, 3
59, 140, 1, 0, 3
59, 140, 1, 0, 3
59, 140, 1, 0, 3
59, 140, 1, 0, 3
59, 140, 1, 0, 3
59, 140, 1, 0, 3
59, 140, 1, 0, 3
59, 140, 1, 0, 3
59, 140, 1, 0, 3
59, 140, 1, 0, 3
59, 140, 1, 0, 3
59, 140, 1, 0, 3
59, 140, 1, 0, 3
59, 140, 1, 0, 3
59, 140, 1, 0, 3
59, 140, 1, 0, 3
59, 140, 1, 0, 3
59, 140, 1, 0, 3
59, 140, 1, 0, 3
59, 140, 1, 0, 3
59, 140, 1, 0, 3
59, 140, 1, 0, 3
59, 140, 1, 0, 3
59, 140, 1, 0, 3
59, 140, 1, 0, 3
59, 140, 1, 0, 3
59, 140, 1, 0, 3
59, 140, 1, 0, 3
59, 140, 1, 0, 3
59, 140, 1, 0, 3
59, 140, 1, 0, 3
59, 140, 1, 0, 3
59, 140, 1, 0, 3
59, 140, 1, 0, 3
59, 140, 1, 0, 3
59, 140, 1, 0, 3
59, 140, 1, 0, 3
59, 140, 1, 0, 3
59, 140, 1, 0, 4
59, 140, 1, 0, 4
59, 140, 1, 0, 4
59, 140, 1, 0, 4
59, 140, 1, 0, 4
59, 140, 1, 0, 4
59, 140, 1, 0, 4
59, 140, 1, 0, 4
59, 140, 1, 0, 4
59, 140, 1, 0, 4
59, 140, 1, 0, 4
59, 140, 1, 0, 4
59, 140, 1, 0, 4
59, 140, 1, 0, 4
59, 140, 1, 0, 4
59, 140, 1, 0, 4
59, 140, 1, 0, 4
59, 140, 1, 0, 4
59, 140, 1, 0, 4
59, 140, 1, 0, 4
59, 140, 1, 0, 4
59, 140, 1, 0, 4
59, 140, 1, 0, 4
59, 140, 1, 0, 4
59, 140, 1, 0, 4
59, 140, 1, 0, 4
59, 140, 1, 0, 4
59, 140, 1, 0, 4
59, 140, 1, 0, 4
59, 140, 1, 0, 4
59, 140, 1, 0, 4
59, 140, 1, 0, 4
59, 140, 1, 0, 4
59, 140, 1, 0, 4
59, 140, 1, 0, 4
59, 140, 1, 0, 4
59, 140, 1, 0, 4
59, 140, 1, 0, 4
59, 140, 1, 0, 4
59, 140, 1, 0, 4
59, 140, 1, 0, 4
59, 140, 1, 0, 4
59, 140, 1, 0, 4
59, 140, 1, 0, 4
59, 140, 1, 0, 4
59, 140, 1, 0, 4
59, 140, 1, 0, 4
59, 140, 1, 0, 4
59, 140, 1, 0, 4
59, 140, 1, 0, 4
59, 140, 1, 0, 4
59, 140, 1, 0, 4
59, 140, 1, 0, 4
59, 140, 1, 0, 4
59, 140, 1, 0, 4
59, 140, 1, 0, 4
59, 140, 1, 0, 4
59, 140, 1, 0, 4
59, 140, 1, 0, 4
59, 140, 1, 0, 4
59, 140, 1, 0, 4
59, 140, 1, 0, 4
59, 140, 1, 0, 4
59, 140, 1, 0, 4
59, 140, 1, 0, 4
59, 140, 1, 0, 4
59, 140, 1, 0, 4
59, 140, 1, 0, 4
59, 140, 1, 0, 4
59, 140, 1, 0, 4
59, 140, 1, 0, 4
59, 140, 1, 0, 4
59, 140, 1, 0, 4
59, 140, 1, 0, 4
59, 140, 1, 0, 4
59, 140, 1, 0, 4
59, 140, 1, 0, 4
59, 140, 1, 0, 4
59, 140, 1, 0, 4
59, 140, 1, 0, 4
59, 140, 1, 0, 4
59, 140, 1, 0, 4
59, 140, 1, 0, 4
59, 140, 1, 0, 4
59, 140, 1, 0, 4
59, 140, 1, 0, 4
59, 140, 1, 0, 4
59, 140, 1, 0, 4
59, 140, 1, 0, 4
59, 140, 1, 0, 4
59, 140, 1, 0, 4
59, 140, 1, 0, 4
59, 140, 1, 0, 4
59, 140, 1, 0, 4
59, 140, 1, 0, 4
59, 140, 1, 0, 4
59, 140, 1, 0, 4
59, 140, 1, 0, 4
60, 57, 0, 1, 3
60, 57, 0, 1, 3
60, 57, 0, 1, 3
60, 57, 0, 9, 3
60, 57, 0, 9, 3
60, 57, 0, 9, 3
60, 57, 0, 9, 3
60, 57, 0, 9, 3
60, 57, 0, 9, 3
60, 57, 0, 9, 3
60, 57, 0, 9, 3
60, 57, 0, 9, 3
60, 57, 0, 9, 3
60, 57, 0, 9, 3
60, 57, 0, 9, 3
60, 57, 0, 9, 4
60, 57, 0, 9, 4
60, 57, 0, 9, 4
60, 57, 0, 9, 4
60, 57, 0, 9, 4
60, 57, 0, 9, 4
60, 57, 0, 9, 4
60, 57, 0, 9, 4
60, 57, 0, 10, 3
60, 57, 0, 10, 3
60, 57, 0, 10, 3
60, 57, 0, 10, 3
60, 57, 0, 10, 3
60, 57, 0, 10, 3
60, 57, 0, 10, 3
60, 57, 0, 10, 3
60, 57, 0, 10, 3
60, 57, 0, 10, 4
60, 57, 0, 10, 4
60, 57, 0, 10, 4
60, 57, 0, 10, 4
60, 57, 0, 10, 4
60, 57, 0, 10, 4
60, 57, 0, 10, 4
60, 57, 0, 10, 4
60, 57, 0, 10, 4
60, 57, 0, 10, 4
60, 57, 0, 10, 4
60, 57, 0, 10, 4
60, 57, 0, 11, 3
60, 57, 0, 11, 3
60, 57, 0, 11, 3
60, 57, 0, 11, 3
60, 57, 0, 11, 3
60, 57, 0, 11, 3
60, 57, 0, 11, 4
60, 57, 0, 11, 4
60, 57, 0, 11, 4
60, 57, 0, 11, 4
60, 57, 0, 12, 3
60, 57, 0, 12, 3
60, 57, 0, 12, 3
60, 58, 1, 0, 2
60, 58, 1, 9, 3
60, 58, 1, 9, 3
60, 58, 1, 9, 3
60, 58, 1, 10, 3
60, 58, 1, 10, 3
60, 58, 1, 10, 3
60, 58, 1, 10, 3
60, 58, 1, 10, 3
60, 58, 1, 10, 3
60, 58, 1, 10, 3
60, 58, 1, 10, 3
60, 58, 1, 10, 3
60, 58, 1, 10, 3
60, 58, 1, 10, 3
60, 58, 1, 10, 3
60, 58, 1, 10, 4
60, 58, 1, 10, 4
60, 58, 1, 10, 4
60, 58, 1, 10, 4
60, 58, 1, 10, 4
60, 58, 1, 10, 4
60, 58, 1, 10, 4
60, 58, 1, 10, 4
60, 58, 1, 11, 3
60, 58, 1, 11, 3
60, 58, 1, 11, 3
60, 58, 1, 11, 3
60, 58, 1, 11, 3
60, 58, 1, 11, 3
60, 58, 1, 11, 3
60, 58, 1, 11, 3
60, 58, 1, 11, 3
60, 58, 1, 11, 4
60, 58, 1, 11, 4
60, 58, 1, 11, 4
60, 58, 1, 11, 4
60, 58, 1, 11, 4
60, 58, 1, 11, 4
60, 58, 1, 11, 4
60, 58, 1, 11, 4
60, 58, 1, 11, 4
60, 58, 1, 11, 4
60, 58, 1, 11, 4
60, 58, 1, 11, 4
60, 58, 1, 12, 3
60, 58, 1, 12, 3
60, 58, 1, 12, 3
60, 58, 1, 12, 3
60, 58, 1, 12, 3
60, 58, 1, 12, 3
60, 58, 1, 12, 4
60, 58, 1, 12, 4
60, 58, 1, 12, 4
60, 58, 1, 12, 4
60, 58, 1, 13, 3
60, 58, 1, 13, 3
60, 58, 1, 13, 3
60, 68, 2, 3, 3
60, 68, 2, 3, 3
60, 68, 2, 3, 3
60, 68, 2, 4, 3
60, 68, 2, 4, 3
60, 68, 2, 4, 3
60, 68, 2, 4, 3
60, 68, 2, 4, 3
60, 68, 2, 4, 3
60, 68, 2, 4, 3
60, 68, 2, 4, 3
60, 68, 2, 4, 3
60, 68, 2, 4, 3
60, 68, 2, 4, 3
60, 68, 2, 4, 3
60, 68, 2, 4, 4
60, 68, 2, 4, 4
60, 68, 2, 4, 4
60, 68, 2, 4, 4
60, 68, 2, 4, 4
60, 68, 2, 4, 4
60, 68, 2, 4, 4
60, 68, 2, 4, 4
60, 68, 2, 5, 3
60, 68, 2, 5, 3
60, 68, 2, 5, 3
60, 68, 2, 5, 3
60, 68, 2, 5, 3
60, 68, 2, 5, 3
60, 68, 2, 5, 3
60, 68, 2, 5, 3
60, 68, 2, 5, 3
60, 68, 2, 5, 4
60, 68, 2, 5, 4
60, 68, 2, 5, 4
60, 68, 2, 5, 4
60, 68, 2, 5, 4
60, 68, 2, 5, 4
60, 68, 2, 5, 4
60, 68, 2, 5, 4
60, 68, 2, 5, 4
60, 68, 2, 5, 4
60, 68, 2, 5, 4
60, 68, 2, 5, 4
60, 68, 2, 6, 3
60, 68, 2, 6, 3
60, 68, 2, 6, 3
60, 68, 2, 6, 3
60, 68, 2, 6, 3
60, 68, 2, 6, 3
60, 68, 2, 6, 4
60, 68, 2, 6, 4
60, 68, 2, 6, 4
60, 68, 2, 6, 4
60, 68, 2, 7, 3
60, 68, 2, 7, 3
60, 68, 2, 7, 3
60, 68, 2, 12, 2
60, 68, 2, 13, 2
60, 68, 2, 13, 2
60, 68, 2, 14, 2
60, 68, 2, 14, 2
60, 68, 2, 14, 2
60, 68, 2, 15, 2
60, 68, 2, 15, 2
60, 68, 2, 15, 2
60, 68, 2, 15, 2
60, 68, 2, 16, 2
60, 68, 3, 2, 2
60, 68, 3, 4, 3
60, 68, 3, 4, 3
60, 68, 3, 4, 3
60, 68, 3, 5, 3
60, 68, 3, 5, 3
60, 68, 3, 5, 3
60, 68, 3, 5, 3
60, 68, 3, 5, 3
60, 68, 3, 5, 3
60, 68, 3, 5, 3
60, 68, 3, 5, 3
60, 68, 3, 5, 3
60, 68, 3, 5, 3
60, 68, 3, 5, 3
60, 68, 3, 5, 3
60, 68, 3, 5, 4
60, 68, 3, 5, 4
60, 68, 3, 5, 4
60, 68, 3, 5, 4
60, 68, 3, 5, 4
60, 68, 3, 5, 4
60, 68, 3, 5, 4
60, 68, 3, 5, 4
60, 68, 3, 6, 3
60, 68, 3, 6, 3
60, 68, 3, 6, 3
60, 68, 3, 6, 3
60, 68, 3, 6, 3
60, 68, 3, 6, 3
60, 68, 3, 6, 3
60, 68, 3, 6, 3
60, 68, 3, 6, 3
60, 68, 3, 6, 4
60, 68, 3, 6, 4
60, 68, 3, 6, 4
60, 68, 3, 6, 4
60, 68, 3, 6, 4
60, 68, 3, 6, 4
60, 68, 3, 6, 4
60, 68, 3, 6, 4
60, 68, 3, 6, 4
60, 68, 3, 6, 4
60, 68, 3, 6, 4
60, 68, 3, 6, 4
60, 68, 3, 7, 3
60, 68, 3, 7, 3
60, 68, 3, 7, 3
60, 68, 3, 7, 3
60, 68, 3, 7, 3
60, 68, 3, 7, 3
60, 68, 3, 7, 4
60, 68, 3, 7, 4
60, 68, 3, 7, 4
60, 68, 3, 7, 4
60, 68, 3, 8, 3
60, 68, 3, 8, 3
60, 68, 3, 8, 3
60, 68, 3, 13, 2
60, 68, 3, 14, 2
60, 68, 3, 14, 2
60, 68, 3, 15, 2
60, 68, 3, 15, 2
60, 68, 3, 15, 2
60, 68, 3, 16, 2
60, 68, 3, 16, 2
60, 68, 3, 16, 2
60, 68, 3, 16, 2
60, 65, 4, 2, 2
60, 65, 4, 2, 2
60, 65, 4, 2, 2
60, 65, 4, 2, 2
60, 65, 4, 3, 2
60, 65, 4, 5, 3
60, 65, 4, 5, 3
60, 65, 4, 5, 3
60, 65, 4, 6, 3
60, 65, 4, 6, 3
60, 65, 4, 6, 3
60, 65, 4, 6, 3
60, 65, 4, 6, 3
60, 65, 4, 6, 3
60, 65, 4, 6, 3
60, 65, 4, 6, 3
60, 65, 4, 6, 3
60, 65, 4, 6, 3
60, 65, 4, 6, 3
60, 65, 4, 6, 3
60, 65, 4, 6, 4
60, 65, 4, 6, 4
60, 65, 4, 6, 4
60, 65, 4, 6, 4
60, 65, 4, 6, 4
60, 65, 4, 6, 4
60, 65, 4, 6, 4
60, 65, 4, 6, 4
60, 65, 4, 7, 3
60, 65, 4, 7, 3
60, 65, 4, 7, 3
60, 65, 4, 7, 3
60, 65, 4, 7, 3
60, 65, 4, 7, 3
60, 65, 4, 7, 3
60, 65, 4, 7, 3
60, 65, 4, 7, 3
60, 65, 4, 7, 4
60, 65, 4, 7, 4
60, 65, 4, 7, 4
60, 65, 4, 7, 4
60, 65, 4, 7, 4
60, 65, 4, 7, 4
60, 65, 4, 7, 4
60, 65, 4, 7, 4
60, 65, 4, 7, 4
60, 65, 4, 7, 4
60, 65, 4, 7, 4
60, 65, 4, 7, 4
60, 65, 4, 8, 3
60, 65, 4, 8, 3
60, 65, 4, 8, 3
60, 65, 4, 8, 3
60, 65, 4, 8, 3
60, 65, 4, 8, 3
60, 65, 4, 8, 4
60, 65, 4, 8, 4
60, 65, 4, 8, 4
60, 65, 4, 8, 4
60, 65, 4, 14, 2
60, 65, 4, 15, 2
60, 65, 4, 15, 2
60, 65, 4, 16, 2
60, 65, 4, 16, 2
60, 65, 4, 16, 2
60, 55, 5, 2, 2
60, 55, 5, 2, 2
60, 55, 5, 2, 2
60, 55, 5, 3, 2
60, 55, 5, 3, 2
60, 55, 5, 3, 2
60, 55, 5, 3, 2
60, 55, 5, 4, 2
60, 55, 5, 6, 3
60, 55, 5, 6, 3
60, 55, 5, 6, 3
60, 55, 5, 7, 3
60, 55, 5, 7, 3
60, 55, 5, 7, 3
60, 55, 5, 7, 3
60, 55, 5, 7, 3
60, 55, 5, 7, 3
60, 55, 5, 7, 3
60, 55, 5, 7, 3
60, 55, 5, 7, 3
60, 55, 5, 7, 3
60, 55, 5, 7, 3
60, 55, 5, 7, 3
60, 55, 5, 7, 4
60, 55, 5, 7, 4
60, 55, 5, 7, 4
60, 55, 5, 7, 4
60, 55, 5, 7, 4
60, 55, 5, 7, 4
60, 55, 5, 7, 4
60, 55, 5, 7, 4
60, 55, 5, 8, 3
60, 55, 5, 8, 3
60, 55, 5, 8, 3
60, 55, 5, 8, 3
60, 55, 5, 8, 3
60, 55, 5, 8, 3
60, 55, 5, 8, 3
60, 55, 5, 8, 3
60, 55, 5, 8, 3
60, 55, 5, 8, 4
60, 55, 5, 8, 4
60, 55, 5, 8, 4
60, 55, 5, 8, 4
60, 55, 5, 8, 4
60, 55, 5, 8, 4
60, 55, 5, 8, 4
60, 55, 5, 8, 4
60, 55, 5, 8, 4
60, 55, 5, 8, 4
60, 55, 5, 8, 4
60, 55, 5, 8, 4
60, 55, 5, 15, 2
60, 55, 5, 16, 2
60, 55, 5, 16, 2
60, 34, 6, 2, 2
60, 34, 6, 2, 2
60, 34, 6, 3, 2
60, 34, 6, 3, 2
60, 34, 6, 3, 2
60, 34, 6, 4, 2
60, 34, 6, 4, 2
60, 34, 6, 4, 2
60, 34, 6, 4, 2
60, 34, 6, 5, 2
60, 34, 6, 7, 3
60, 34, 6, 7, 3
60, 34, 6, 7, 3
60, 34, 6, 8, 3
60, 34, 6, 8, 3
60, 34, 6, 8, 3
60, 34, 6, 8, 3
60, 34, 6, 8, 3
60, 34, 6, 8, 3
60, 34, 6, 8, 3
60, 34, 6, 8, 3
60, 34, 6, 8, 3
60, 34, 6, 8, 3
60, 34, 6, 8, 3
60, 34, 6, 8, 3
60, 34, 6, 8, 4
60, 34, 6, 8, 4
60, 34, 6, 8, 4
60, 34, 6, 8, 4
60, 34, 6, 8, 4
60, 34, 6, 8, 4
60, 34, 6, 8, 4
60, 34, 6, 8, 4
60, 34, 6, 16, 2
60, 14, 7, 2, 2
60, 14, 7, 3, 2
60, 14, 7, 3, 2
60, 14, 7, 4, 2
60, 14, 7, 4, 2
60, 14, 7, 4, 2
60, 14, 7, 5, 2
60, 14, 7, 5, 2
60, 14, 7, 5, 2
60, 14, 7, 5, 2
60, 14, 7, 6, 2
60, 14, 7, 8, 3
60, 14, 7, 8, 3
60, 14, 7, 8, 3
60, 11, 8, 3, 2
60, 11, 8, 4, 2
60, 11, 8, 4, 2
60, 11, 8, 5, 2
60, 11, 8, 5, 2
60, 11, 8, 5, 2
60, 11, 8, 6, 2
60, 11, 8, 6, 2
60, 11, 8, 6, 2
60, 11, 8, 6, 2
60, 11, 8, 7, 2
60, 62, 9, 0, 2
60, 62, 9, 0, 2
60, 62, 9, 0, 2
60, 62, 9, 0, 2
60, 62, 9, 1, 2
60, 62, 9, 10, 3
60, 62, 9, 10, 3
60, 62, 9, 10, 3
60, 62, 9, 11, 3
60, 62, 9, 11, 3
60, 62, 9, 11, 3
60, 62, 9, 11, 3
60, 62, 9, 11, 3
60, 62, 9, 11, 3
60, 62, 9, 11, 3
60, 62, 9, 11, 3
60, 62, 9, 11, 3
60, 62, 9, 11, 3
60, 62, 9, 11, 3
60, 62, 9, 11, 3
60, 62, 9, 11, 4
60, 62, 9, 11, 4
60, 62, 9, 11, 4
60, 62, 9, 11, 4
60, 62, 9, 11, 4
60, 62, 9, 11, 4
60, 62, 9, 11, 4
60, 62, 9, 11, 4
60, 62, 9, 12, 3
60, 62, 9, 12, 3
60, 62, 9, 12, 3
60, 62, 9, 12, 3
60, 62, 9, 12, 3
60, 62, 9, 12, 3
60, 62, 9, 12, 3
60, 62, 9, 12, 3
60, 62, 9, 12, 3
60, 62, 9, 12, 4
60, 62, 9, 12, 4
60, 62, 9, 12, 4
60, 62, 9, 12, 4
60, 62, 9, 12, 4
60, 62, 9, 12, 4
60, 62, 9, 12, 4
60, 62, 9, 12, 4
60, 62, 9, 12, 4
60, 62, 9, 12, 4
60, 62, 9, 12, 4
60, 62, 9, 12, 4
60, 62, 9, 13, 3
60, 62, 9, 13, 3
60, 62, 9, 13, 3
60, 62, 9, 13, 3
60, 62, 9, 13, 3
60, 62, 9, 13, 3
60, 62, 9, 13, 4
60, 62, 9, 13, 4
60, 62, 9, 13, 4
60, 62, 9, 13, 4
60, 62, 9, 14, 3
60, 62, 9, 14, 3
60, 62, 9, 14, 3
60, 65, 10, 0, 2
60, 65, 10, 0, 2
60, 65, 10, 0, 2
60, 65, 10, 1, 2
60, 65, 10, 1, 2
60, 65, 10, 1, 2
60, 65, 10, 1, 2
60, 65, 10, 9, 2
60, 65, 10, 11, 3
60, 65, 10, 11, 3
60, 65, 10, 11, 3
60, 65, 10, 12, 3
60, 65, 10, 12, 3
60, 65, 10, 12, 3
60, 65, 10, 12, 3
60, 65, 10, 12, 3
60, 65, 10, 12, 3
60, 65, 10, 12, 3
60, 65, 10, 12, 3
60, 65, 10, 12, 3
60, 65, 10, 12, 3
60, 65, 10, 12, 3
60, 65, 10, 12, 3
60, 65, 10, 12, 4
60, 65, 10, 12, 4
60, 65, 10, 12, 4
60, 65, 10, 12, 4
60, 65, 10, 12, 4
60, 65, 10, 12, 4
60, 65, 10, 12, 4
60, 65, 10, 12, 4
60, 65, 10, 13, 3
60, 65, 10, 13, 3
60, 65, 10, 13, 3
60, 65, 10, 13, 3
60, 65, 10, 13, 3
60, 65, 10, 13, 3
60, 65, 10, 13, 3
60, 65, 10, 13, 3
60, 65, 10, 13, 3
60, 65, 10, 13, 4
60, 65, 10, 13, 4
60, 65, 10, 13, 4
60, 65, 10, 13, 4
60, 65, 10, 13, 4
60, 65, 10, 13, 4
60, 65, 10, 13, 4
60, 65, 10, 13, 4
60, 65, 10, 13, 4
60, 65, 10, 13, 4
60, 65, 10, 13, 4
60, 65, 10, 13, 4
60, 65, 10, 14, 3
60, 65, 10, 14, 3
60, 65, 10, 14, 3
60, 65, 10, 14, 3
60, 65, 10, 14, 3
60, 65, 10, 14, 3
60, 65, 10, 14, 4
60, 65, 10, 14, 4
60, 65, 10, 14, 4
60, 65, 10, 14, 4
60, 65, 10, 15, 3
60, 65, 10, 15, 3
60, 65, 10, 15, 3
60, 67, 11, 0, 2
60, 67, 11, 0, 2
60, 67, 11, 1, 2
60, 67, 11, 1, 2
60, 67, 11, 1, 2
60, 67, 11, 9, 2
60, 67, 11, 9, 2
60, 67, 11, 9, 2
60, 67, 11, 9, 2
60, 67, 11, 10, 2
60, 67, 11, 12, 3
60, 67, 11, 12, 3
60, 67, 11, 12, 3
60, 67, 11, 13, 3
60, 67, 11, 13, 3
60, 67, 11, 13, 3
60, 67, 11, 13, 3
60, 67, 11, 13, 3
60, 67, 11, 13, 3
60, 67, 11, 13, 3
60, 67, 11, 13, 3
60, 67, 11, 13, 3
60, 67, 11, 13, 3
60, 67, 11, 13, 3
60, 67, 11, 13, 3
60, 67, 11, 13, 4
60, 67, 11, 13, 4
60, 67, 11, 13, 4
60, 67, 11, 13, 4
60, 67, 11, 13, 4
60, 67, 11, 13, 4
60, 67, 11, 13, 4
60, 67, 11, 13, 4
60, 67, 11, 14, 3
60, 67, 11, 14, 3
60, 67, 11, 14, 3
60, 67, 11, 14, 3
60, 67, 11, 14, 3
60, 67, 11, 14, 3
60, 67, 11, 14, 3
60, 67, 11, 14, 3
60, 67, 11, 14, 3
60, 67, 11, 14, 4
60, 67, 11, 14, 4
60, 67, 11, 14, 4
60, 67, 11, 14, 4
60, 67, 11, 14, 4
60, 67, 11, 14, 4
60, 67, 11, 14, 4
60, 67, 11, 14, 4
60, 67, 11, 14, 4
60, 67, 11, 14, 4
60, 67, 11, 14, 4
60, 67, 11, 14, 4
60, 67, 11, 15, 3
60, 67, 11, 15, 3
60, 67, 11, 15, 3
60, 67, 11, 15, 3
60, 67, 11, 15, 3
60, 67, 11, 15, 3
60, 67, 11, 15, 4
60, 67, 11, 15, 4
60, 67, 11, 15, 4
60, 67, 11, 15, 4
60, 67, 11, 16, 3
60, 67, 11, 16, 3
60, 67, 11, 16, 3
60, 68, 12, 0, 2
60, 68, 12, 1, 2
60, 68, 12, 1, 2
60, 68, 12, 2, 3
60, 68, 12, 2, 3
60, 68, 12, 2, 3
60, 68, 12, 9, 2
60, 68, 12, 9, 2
60, 68, 12, 9, 2
60, 68, 12, 10, 2
60, 68, 12, 10, 2
60, 68, 12, 10, 2
60, 68, 12, 10, 2
60, 68, 12, 11, 2
60, 68, 12, 13, 3
60, 68, 12, 13, 3
60, 68, 12, 13, 3
60, 68, 12, 14, 3
60, 68, 12, 14, 3
60, 68, 12, 14, 3
60, 68, 12, 14, 3
60, 68, 12, 14, 3
60, 68, 12, 14, 3
60, 68, 12, 14, 3
60, 68, 12, 14, 3
60, 68, 12, 14, 3
60, 68, 12, 14, 3
60, 68, 12, 14, 3
60, 68, 12, 14, 3
60, 68, 12, 14, 4
60, 68, 12, 14, 4
60, 68, 12, 14, 4
60, 68, 12, 14, 4
60, 68, 12, 14, 4
60, 68, 12, 14, 4
60, 68, 12, 14, 4
60, 68, 12, 14, 4
60, 68, 12, 15, 3
60, 68, 12, 15, 3
60, 68, 12, 15, 3
60, 68, 12, 15, 3
60, 68, 12, 15, 3
60, 68, 12, 15, 3
60, 68, 12, 15, 3
60, 68, 12, 15, 3
60, 68, 12, 15, 3
60, 68, 12, 15, 4
60, 68, 12, 15, 4
60, 68, 12, 15, 4
60, 68, 12, 15, 4
60, 68, 12, 15, 4
60, 68, 12, 15, 4
60, 68, 12, 15, 4
60, 68, 12, 15, 4
60, 68, 12, 15, 4
60, 68, 12, 15, 4
60, 68, 12, 15, 4
60, 68, 12, 15, 4
60, 68, 12, 16, 3
60, 68, 12, 16, 3
60, 68, 12, 16, 3
60, 68, 12, 16, 3
60, 68, 12, 16, 3
60, 68, 12, 16, 3
60, 68, 12, 16, 4
60, 68, 12, 16, 4
60, 68, 12, 16, 4
60, 68, 12, 16, 4
60, 68, 13, 1, 2
60, 68, 13, 2, 3
60, 68, 13, 2, 3
60, 68, 13, 2, 3
60, 68, 13, 2, 3
60, 68, 13, 2, 3
60, 68, 13, 2, 3
60, 68, 13, 2, 4
60, 68, 13, 2, 4
60, 68, 13, 2, 4
60, 68, 13, 2, 4
60, 68, 13, 3, 3
60, 68, 13, 3, 3
60, 68, 13, 3, 3
60, 68, 13, 9, 2
60, 68, 13, 9, 2
60, 68, 13, 10, 2
60, 68, 13, 10, 2
60, 68, 13, 10, 2
60, 68, 13, 11, 2
60, 68, 13, 11, 2
60, 68, 13, 11, 2
60, 68, 13, 11, 2
60, 68, 13, 12, 2
60, 68, 13, 14, 3
60, 68, 13, 14, 3
60, 68, 13, 14, 3
60, 68, 13, 15, 3
60, 68, 13, 15, 3
60, 68, 13, 15, 3
60, 68, 13, 15, 3
60, 68, 13, 15, 3
60, 68, 13, 15, 3
60, 68, 13, 15, 3
60, 68, 13, 15, 3
60, 68, 13, 15, 3
60, 68, 13, 15, 3
60, 68, 13, 15, 3
60, 68, 13, 15, 3
60, 68, 13, 15, 4
60, 68, 13, 15, 4
60, 68, 13, 15, 4
60, 68, 13, 15, 4
60, 68, 13, 15, 4
60, 68, 13, 15, 4
60, 68, 13, 15, 4
60, 68, 13, 15, 4
60, 68, 13, 16, 3
60, 68, 13, 16, 3
60, 68, 13, 16, 3
60, 68, 13, 16, 3
60, 68, 13, 16, 3
60, 68, 13, 16, 3
60, 68, 13, 16, 3
60, 68, 13, 16, 3
60, 68, 13, 16, 3
60, 68, 13, 16, 4
60, 68, 13, 16, 4
60, 68, 13, 16, 4
60, 68, 13, 16, 4
60, 68, 13, 16, 4
60, 68, 13, 16, 4
60, 68, 13, 16, 4
60, 68, 13, 16, 4
60, 68, 13, 16, 4
60, 68, 13, 16, 4
60, 68, 13, 16, 4
60, 68, 13, 16, 4
60, 68, 14, 2, 3
60, 68, 14, 2, 3
60, 68, 14, 2, 3
60, 68, 14, 2, 3
60, 68, 14, 2, 3
60, 68, 14, 2, 3
60, 68, 14, 2, 3
60, 68, 14, 2, 3
60, 68, 14, 2, 3
60, 68, 14, 2, 4
60, 68, 14, 2, 4
60, 68, 14, 2, 4
60, 68, 14, 2, 4
60, 68, 14, 2, 4
60, 68, 14, 2, 4
60, 68, 14, 2, 4
60, 68, 14, 2, 4
60, 68, 14, 2, 4
60, 68, 14, 2, 4
60, 68, 14, 2, 4
60, 68, 14, 2, 4
60, 68, 14, 3, 3
60, 68, 14, 3, 3
60, 68, 14, 3, 3
60, 68, 14, 3, 3
60, 68, 14, 3, 3
60, 68, 14, 3, 3
60, 68, 14, 3, 4
60, 68, 14, 3, 4
60, 68, 14, 3, 4
60, 68, 14, 3, 4
60, 68, 14, 4, 3
60, 68, 14, 4, 3
60, 68, 14, 4, 3
60, 68, 14, 9, 2
60, 68, 14, 10, 2
60, 68, 14, 10, 2
60, 68, 14, 11, 2
60, 68, 14, 11, 2
60, 68, 14, 11, 2
60, 68, 14, 12, 2
60, 68, 14, 12, 2
60, 68, 14, 12, 2
60, 68, 14, 12, 2
60, 68, 14, 13, 2
60, 68, 14, 15, 3
60, 68, 14, 15, 3
60, 68, 14, 15, 3
60, 68, 14, 16, 3
60, 68, 14, 16, 3
60, 68, 14, 16, 3
60, 68, 14, 16, 3
60, 68, 14, 16, 3
60, 68, 14, 16, 3
60, 68, 14, 16, 3
60, 68, 14, 16, 3
60, 68, 14, 16, 3
60, 68, 14, 16, 3
60, 68, 14, 16, 3
60, 68, 14, 16, 3
60, 68, 14, 16, 4
60, 68, 14, 16, 4
60, 68, 14, 16, 4
60, 68, 14, 16, 4
60, 68, 14, 16, 4
60, 68, 14, 16, 4
60, 68, 14, 16, 4
60, 68, 14, 16, 4
60, 68, 15, 2, 3
60, 68, 15, 2, 3
60, 68, 15, 2, 3
60, 68, 15, 2, 3
60, 68, 15, 2, 3
60, 68, 15, 2, 3
60, 68, 15, 2, 3
60, 68, 15, 2, 3
60, 68, 15, 2, 3
60, 68, 15, 2, 3
60, 68, 15, 2, 3
60, 68, 15, 2, 3
60, 68, 15, 2, 4
60, 68, 15, 2, 4
60, 68, 15, 2, 4
60, 68, 15, 2, 4
60, 68, 15, 2, 4
60, 68, 15, 2, 4
60, 68, 15, 2, 4
60, 68, 15, 2, 4
60, 68, 15, 3, 3
60, 68, 15, 3, 3
60, 68, 15, 3, 3
60, 68, 15, 3, 3
60, 68, 15, 3, 3
60, 68, 15, 3, 3
60, 68, 15, 3, 3
60, 68, 15, 3, 3
60, 68, 15, 3, 3
60, 68, 15, 3, 4
60, 68, 15, 3, 4
60, 68, 15, 3, 4
60, 68, 15, 3, 4
60, 68, 15, 3, 4
60, 68, 15, 3, 4
60, 68, 15, 3, 4
60, 68, 15, 3, 4
60, 68, 15, 3, 4
60, 68, 15, 3, 4
60, 68, 15, 3, 4
60, 68, 15, 3, 4
60, 68, 15, 4, 3
60, 68, 15, 4, 3
60, 68, 15, 4, 3
60, 68, 15, 4, 3
60, 68, 15, 4, 3
60, 68, 15, 4, 3
60, 68, 15, 4, 4
60, 68, 15, 4, 4
60, 68, 15, 4, 4
60, 68, 15, 4, 4
60, 68, 15, 5, 3
60, 68, 15, 5, 3
60, 68, 15, 5, 3
60, 68, 15, 10, 2
60, 68, 15, 11, 2
60, 68, 15, 11, 2
60, 68, 15, 12, 2
60, 68, 15, 12, 2
60, 68, 15, 12, 2
60, 68, 15, 13, 2
60, 68, 15, 13, 2
60, 68, 15, 13, 2
60, 68, 15, 13, 2
60, 68, 15, 14, 2
60, 68, 15, 16, 3
60, 68, 15, 16, 3
60, 68, 15, 16, 3
60, 68, 16, 2, 3
60, 68, 16, 2, 3
60, 68, 16, 2, 3
60, 68, 16, 3, 3
60, 68, 16, 3, 3
60, 68, 16, 3, 3
60, 68, 16, 3, 3
60, 68, 16, 3, 3
60, 68, 16, 3, 3
60, 68, 16, 3, 3
60, 68, 16, 3, 3
60, 68, 16, 3, 3
60, 68, 16, 3, 3
60, 68, 16, 3, 3
60, 68, 16, 3, 3
60, 68, 16, 3, 4
60, 68, 16, 3, 4
60, 68, 16, 3, 4
60, 68, 16, 3, 4
60, 68, 16, 3, 4
60, 68, 16, 3, 4
60, 68, 16, 3, 4
60, 68, 16, 3, 4
60, 68, 16, 4, 3
60, 68, 16, 4, 3
60, 68, 16, 4, 3
60, 68, 16, 4, 3
60, 68, 16, 4, 3
60, 68, 16, 4, 3
60, 68, 16, 4, 3
60, 68, 16, 4, 3
60, 68, 16, 4, 3
60, 68, 16, 4, 4
60, 68, 16, 4, 4
60, 68, 16, 4, 4
60, 68, 16, 4, 4
60, 68, 16, 4, 4
60, 68, 16, 4, 4
60, 68, 16, 4, 4
60, 68, 16, 4, 4
60, 68, 16, 4, 4
60, 68, 16, 4, 4
60, 68, 16, 4, 4
60, 68, 16, 4, 4
60, 68, 16, 5, 3
60, 68, 16, 5, 3
60, 68, 16, 5, 3
60, 68, 16, 5, 3
60, 68, 16, 5, 3
60, 68, 16, 5, 3
60, 68, 16, 5, 4
60, 68, 16, 5, 4
60, 68, 16, 5, 4
60, 68, 16, 5, 4
60, 68, 16, 6, 3
60, 68, 16, 6, 3
60, 68, 16, 6, 3
60, 68, 16, 11, 2
60, 68, 16, 12, 2
60, 68, 16, 12, 2
60, 68, 16, 13, 2
60, 68, 16, 13, 2
60, 68, 16, 13, 2
60, 68, 16, 14, 2
60, 68, 16, 14, 2
60, 68, 16, 14, 2
60, 68, 16, 14, 2
60, 68, 16, 15, 2
61, 1, 1, 0, 2
62, 1, 1, 0, 2
63, 1, 1, 0, 2
Goal
61
62
63
