CG
8
0, 5, 4, 120
0, 5, 5, 120
0, 5, 6, 120
0, 5, 7, 120
0, 5, 3, 480
1, 5, 4, 120
1, 5, 5, 120
1, 5, 6, 120
1, 5, 7, 120
1, 5, 2, 480
2, 4, 4, 120
2, 4, 5, 120
2, 4, 6, 120
2, 4, 7, 120
3, 4, 4, 120
3, 4, 5, 120
3, 4, 6, 120
3, 4, 7, 120
4, 2, 2, 120
4, 2, 3, 120
5, 2, 2, 120
5, 2, 3, 120
6, 2, 2, 120
6, 2, 3, 120
7, 2, 2, 120
7, 2, 3, 120
DTG
0, 2, 0, 2, 1
0, 2, 0, 3, 1
0, 2, 1, 2, 1
0, 2, 1, 4, 1
0, 4, 2, 0, 1
0, 4, 2, 1, 1
0, 4, 2, 3, 1
0, 4, 2, 4, 1
0, 2, 3, 0, 1
0, 2, 3, 2, 1
0, 4, 4, 1, 1
0, 4, 4, 2, 1
0, 4, 4, 5, 1
0, 4, 4, 10, 1
0, 3, 5, 4, 1
0, 3, 5, 6, 1
0, 3, 5, 10, 1
0, 2, 6, 5, 1
0, 2, 6, 9, 1
0, 2, 7, 8, 1
0, 2, 7, 9, 1
0, 2, 8, 7, 1
0, 2, 8, 9, 1
0, 3, 9, 6, 1
0, 3, 9, 7, 1
0, 3, 9, 8, 1
0, 6, 10, 4, 1
0, 6, 10, 5, 1
0, 6, 10, 11, 1
0, 6, 10, 12, 1
0, 6, 10, 13, 1
0, 6, 10, 14, 1
0, 2, 11, 10, 1
0, 2, 11, 13, 1
0, 1, 12, 10, 1
0, 3, 13, 10, 1
0, 3, 13, 11, 1
0, 3, 13, 14, 1
0, 2, 14, 10, 1
0, 2, 14, 13, 1
1, 2, 0, 2, 1
1, 2, 0, 3, 1
1, 2, 1, 2, 1
1, 2, 1, 4, 1
1, 4, 2, 0, 1
1, 4, 2, 1, 1
1, 4, 2, 3, 1
1, 4, 2, 4, 1
1, 2, 3, 0, 1
1, 2, 3, 2, 1
1, 4, 4, 1, 1
1, 4, 4, 2, 1
1, 4, 4, 5, 1
1, 4, 4, 10, 1
1, 3, 5, 4, 1
1, 3, 5, 6, 1
1, 3, 5, 10, 1
1, 2, 6, 5, 1
1, 2, 6, 9, 1
1, 2, 7, 8, 1
1, 2, 7, 9, 1
1, 2, 8, 7, 1
1, 2, 8, 9, 1
1, 3, 9, 6, 1
1, 3, 9, 7, 1
1, 3, 9, 8, 1
1, 6, 10, 4, 1
1, 6, 10, 5, 1
1, 6, 10, 11, 1
1, 6, 10, 12, 1
1, 6, 10, 13, 1
1, 6, 10, 14, 1
1, 2, 11, 10, 1
1, 2, 11, 13, 1
1, 1, 12, 10, 1
1, 3, 13, 10, 1
1, 3, 13, 11, 1
1, 3, 13, 14, 1
1, 2, 14, 10, 1
1, 2, 14, 13, 1
2, 60, 0, 1, 3
2, 60, 0, 1, 3
2, 60, 0, 1, 3
2, 60, 0, 1, 3
2, 60, 0, 1, 3
2, 60, 0, 1, 3
2, 60, 0, 1, 3
2, 60, 0, 1, 3
2, 60, 0, 1, 3
2, 60, 0, 1, 3
2, 60, 0, 1, 3
2, 60, 0, 1, 3
2, 60, 0, 1, 3
2, 60, 0, 1, 3
2, 60, 0, 1, 3
2, 60, 0, 1, 3
2, 60, 0, 1, 3
2, 60, 0, 1, 3
2, 60, 0, 1, 3
2, 60, 0, 1, 3
2, 60, 0, 1, 3
2, 60, 0, 1, 3
2, 60, 0, 1, 3
2, 60, 0, 1, 3
2, 60, 0, 1, 3
2, 60, 0, 1, 3
2, 60, 0, 1, 3
2, 60, 0, 1, 3
2, 60, 0, 1, 3
2, 60, 0, 1, 3
2, 60, 0, 1, 3
2, 60, 0, 1, 3
2, 60, 0, 1, 3
2, 60, 0, 1, 3
2, 60, 0, 1, 3
2, 60, 0, 1, 3
2, 60, 0, 1, 3
2, 60, 0, 1, 3
2, 60, 0, 1, 3
2, 60, 0, 1, 3
2, 60, 0, 1, 3
2, 60, 0, 1, 3
2, 60, 0, 1, 3
2, 60, 0, 1, 3
2, 60, 0, 1, 3
2, 60, 0, 1, 3
2, 60, 0, 1, 3
2, 60, 0, 1, 3
2, 60, 0, 1, 3
2, 60, 0, 1, 3
2, 60, 0, 1, 3
2, 60, 0, 1, 3
2, 60, 0, 1, 3
2, 60, 0, 1, 3
2, 60, 0, 1, 3
2, 60, 0, 1, 3
2, 60, 0, 1, 3
2, 60, 0, 1, 3
2, 60, 0, 1, 3
2, 60, 0, 1, 3
2, 120, 1, 0, 3
2, 120, 1, 0, 3
2, 120, 1, 0, 3
2, 120, 1, 0, 3
2, 120, 1, 0, 3
2, 120, 1, 0, 3
2, 120, 1, 0, 3
2, 120, 1, 0, 3
2, 120, 1, 0, 3
2, 120, 1, 0, 3
2, 120, 1, 0, 3
2, 120, 1, 0, 3
2, 120, 1, 0, 3
2, 120, 1, 0, 3
2, 120, 1, 0, 3
2, 120, 1, 0, 3
2, 120, 1, 0, 3
2, 120, 1, 0, 3
2, 120, 1, 0, 3
2, 120, 1, 0, 3
2, 120, 1, 0, 3
2, 120, 1, 0, 3
2, 120, 1, 0, 3
2, 120, 1, 0, 3
2, 120, 1, 0, 3
2, 120, 1, 0, 3
2, 120, 1, 0, 3
2, 120, 1, 0, 3
2, 120, 1, 0, 3
2, 120, 1, 0, 3
2, 120, 1, 0, 3
2, 120, 1, 0, 3
2, 120, 1, 0, 3
2, 120, 1, 0, 3
2, 120, 1, 0, 3
2, 120, 1, 0, 3
2, 120, 1, 0, 3
2, 120, 1, 0, 3
2, 120, 1, 0, 3
2, 120, 1, 0, 3
2, 120, 1, 0, 3
2, 120, 1, 0, 3
2, 120, 1, 0, 3
2, 120, 1, 0, 3
2, 120, 1, 0, 3
2, 120, 1, 0, 3
2, 120, 1, 0, 3
2, 120, 1, 0, 3
2, 120, 1, 0, 3
2, 120, 1, 0, 3
2, 120, 1, 0, 3
2, 120, 1, 0, 3
2, 120, 1, 0, 3
2, 120, 1, 0, 3
2, 120, 1, 0, 3
2, 120, 1, 0, 3
2, 120, 1, 0, 3
2, 120, 1, 0, 3
2, 120, 1, 0, 3
2, 120, 1, 0, 3
2, 120, 1, 2, 3
2, 120, 1, 2, 3
2, 120, 1, 2, 3
2, 120, 1, 2, 3
2, 120, 1, 2, 3
2, 120, 1, 2, 3
2, 120, 1, 2, 3
2, 120, 1, 2, 3
2, 120, 1, 2, 3
2, 120, 1, 2, 3
2, 120, 1, 2, 3
2, 120, 1, 2, 3
2, 120, 1, 2, 3
2, 120, 1, 2, 3
2, 120, 1, 2, 3
2, 120, 1, 2, 3
2, 120, 1, 2, 3
2, 120, 1, 2, 3
2, 120, 1, 2, 3
2, 120, 1, 2, 3
2, 120, 1, 2, 3
2, 120, 1, 2, 3
2, 120, 1, 2, 3
2, 120, 1, 2, 3
2, 120, 1, 2, 3
2, 120, 1, 2, 3
2, 120, 1, 2, 3
2, 120, 1, 2, 3
2, 120, 1, 2, 3
2, 120, 1, 2, 3
2, 120, 1, 2, 3
2, 120, 1, 2, 3
2, 120, 1, 2, 3
2, 120, 1, 2, 3
2, 120, 1, 2, 3
2, 120, 1, 2, 3
2, 120, 1, 2, 3
2, 120, 1, 2, 3
2, 120, 1, 2, 3
2, 120, 1, 2, 3
2, 120, 1, 2, 3
2, 120, 1, 2, 3
2, 120, 1, 2, 3
2, 120, 1, 2, 3
2, 120, 1, 2, 3
2, 120, 1, 2, 3
2, 120, 1, 2, 3
2, 120, 1, 2, 3
2, 120, 1, 2, 3
2, 120, 1, 2, 3
2, 120, 1, 2, 3
2, 120, 1, 2, 3
2, 120, 1, 2, 3
2, 120, 1, 2, 3
2, 120, 1, 2, 3
2, 120, 1, 2, 3
2, 120, 1, 2, 3
2, 120, 1, 2, 3
2, 120, 1, 2, 3
2, 120, 1, 2, 3
2, 120, 2, 1, 3
2, 120, 2, 1, 3
2, 120, 2, 1, 3
2, 120, 2, 1, 3
2, 120, 2, 1, 3
2, 120, 2, 1, 3
2, 120, 2, 1, 3
2, 120, 2, 1, 3
2, 120, 2, 1, 3
2, 120, 2, 1, 3
2, 120, 2, 1, 3
2, 120, 2, 1, 3
2, 120, 2, 1, 3
2, 120, 2, 1, 3
2, 120, 2, 1, 3
2, 120, 2, 1, 3
2, 120, 2, 1, 3
2, 120, 2, 1, 3
2, 120, 2, 1, 3
2, 120, 2, 1, 3
2, 120, 2, 1, 3
2, 120, 2, 1, 3
2, 120, 2, 1, 3
2, 120, 2, 1, 3
2, 120, 2, 1, 3
2, 120, 2, 1, 3
2, 120, 2, 1, 3
2, 120, 2, 1, 3
2, 120, 2, 1, 3
2, 120, 2, 1, 3
2, 120, 2, 1, 3
2, 120, 2, 1, 3
2, 120, 2, 1, 3
2, 120, 2, 1, 3
2, 120, 2, 1, 3
2, 120, 2, 1, 3
2, 120, 2, 1, 3
2, 120, 2, 1, 3
2, 120, 2, 1, 3
2, 120, 2, 1, 3
2, 120, 2, 1, 3
2, 120, 2, 1, 3
2, 120, 2, 1, 3
2, 120, 2, 1, 3
2, 120, 2, 1, 3
2, 120, 2, 1, 3
2, 120, 2, 1, 3
2, 120, 2, 1, 3
2, 120, 2, 1, 3
2, 120, 2, 1, 3
2, 120, 2, 1, 3
2, 120, 2, 1, 3
2, 120, 2, 1, 3
2, 120, 2, 1, 3
2, 120, 2, 1, 3
2, 120, 2, 1, 3
2, 120, 2, 1, 3
2, 120, 2, 1, 3
2, 120, 2, 1, 3
2, 120, 2, 1, 3
2, 120, 2, 3, 3
2, 120, 2, 3, 3
2, 120, 2, 3, 3
2, 120, 2, 3, 3
2, 120, 2, 3, 3
2, 120, 2, 3, 3
2, 120, 2, 3, 3
2, 120, 2, 3, 3
2, 120, 2, 3, 3
2, 120, 2, 3, 3
2, 120, 2, 3, 3
2, 120, 2, 3, 3
2, 120, 2, 3, 3
2, 120, 2, 3, 3
2, 120, 2, 3, 3
2, 120, 2, 3, 3
2, 120, 2, 3, 3
2, 120, 2, 3, 3
2, 120, 2, 3, 3
2, 120, 2, 3, 3
2, 120, 2, 3, 3
2, 120, 2, 3, 3
2, 120, 2, 3, 3
2, 120, 2, 3, 3
2, 120, 2, 3, 3
2, 120, 2, 3, 3
2, 120, 2, 3, 3
2, 120, 2, 3, 3
2, 120, 2, 3, 3
2, 120, 2, 3, 3
2, 120, 2, 3, 3
2, 120, 2, 3, 3
2, 120, 2, 3, 3
2, 120, 2, 3, 3
2, 120, 2, 3, 3
2, 120, 2, 3, 3
2, 120, 2, 3, 3
2, 120, 2, 3, 3
2, 120, 2, 3, 3
2, 120, 2, 3, 3
2, 120, 2, 3, 3
2, 120, 2, 3, 3
2, 120, 2, 3, 3
2, 120, 2, 3, 3
2, 120, 2, 3, 3
2, 120, 2, 3, 3
2, 120, 2, 3, 3
2, 120, 2, 3, 3
2, 120, 2, 3, 3
2, 120, 2, 3, 3
2, 120, 2, 3, 3
2, 120, 2, 3, 3
2, 120, 2, 3, 3
2, 120, 2, 3, 3
2, 120, 2, 3, 3
2, 120, 2, 3, 3
2, 120, 2, 3, 3
2, 120, 2, 3, 3
2, 120, 2, 3, 3
2, 120, 2, 3, 3
2, 120, 3, 2, 3
2, 120, 3, 2, 3
2, 120, 3, 2, 3
2, 120, 3, 2, 3
2, 120, 3, 2, 3
2, 120, 3, 2, 3
2, 120, 3, 2, 3
2, 120, 3, 2, 3
2, 120, 3, 2, 3
2, 120, 3, 2, 3
2, 120, 3, 2, 3
2, 120, 3, 2, 3
2, 120, 3, 2, 3
2, 120, 3, 2, 3
2, 120, 3, 2, 3
2, 120, 3, 2, 3
2, 120, 3, 2, 3
2, 120, 3, 2, 3
2, 120, 3, 2, 3
2, 120, 3, 2, 3
2, 120, 3, 2, 3
2, 120, 3, 2, 3
2, 120, 3, 2, 3
2, 120, 3, 2, 3
2, 120, 3, 2, 3
2, 120, 3, 2, 3
2, 120, 3, 2, 3
2, 120, 3, 2, 3
2, 120, 3, 2, 3
2, 120, 3, 2, 3
2, 120, 3, 2, 3
2, 120, 3, 2, 3
2, 120, 3, 2, 3
2, 120, 3, 2, 3
2, 120, 3, 2, 3
2, 120, 3, 2, 3
2, 120, 3, 2, 3
2, 120, 3, 2, 3
2, 120, 3, 2, 3
2, 120, 3, 2, 3
2, 120, 3, 2, 3
2, 120, 3, 2, 3
2, 120, 3, 2, 3
2, 120, 3, 2, 3
2, 120, 3, 2, 3
2, 120, 3, 2, 3
2, 120, 3, 2, 3
2, 120, 3, 2, 3
2, 120, 3, 2, 3
2, 120, 3, 2, 3
2, 120, 3, 2, 3
2, 120, 3, 2, 3
2, 120, 3, 2, 3
2, 120, 3, 2, 3
2, 120, 3, 2, 3
2, 120, 3, 2, 3
2, 120, 3, 2, 3
2, 120, 3, 2, 3
2, 120, 3, 2, 3
2, 120, 3, 2, 3
2, 120, 3, 4, 3
2, 120, 3, 4, 3
2, 120, 3, 4, 3
2, 120, 3, 4, 3
2, 120, 3, 4, 3
2, 120, 3, 4, 3
2, 120, 3, 4, 3
2, 120, 3, 4, 3
2, 120, 3, 4, 3
2, 120, 3, 4, 3
2, 120, 3, 4, 3
2, 120, 3, 4, 3
2, 120, 3, 4, 3
2, 120, 3, 4, 3
2, 120, 3, 4, 3
2, 120, 3, 4, 3
2, 120, 3, 4, 3
2, 120, 3, 4, 3
2, 120, 3, 4, 3
2, 120, 3, 4, 3
2, 120, 3, 4, 3
2, 120, 3, 4, 3
2, 120, 3, 4, 3
2, 120, 3, 4, 3
2, 120, 3, 4, 3
2, 120, 3, 4, 3
2, 120, 3, 4, 3
2, 120, 3, 4, 3
2, 120, 3, 4, 3
2, 120, 3, 4, 3
2, 120, 3, 4, 3
2, 120, 3, 4, 3
2, 120, 3, 4, 3
2, 120, 3, 4, 3
2, 120, 3, 4, 3
2, 120, 3, 4, 3
2, 120, 3, 4, 3
2, 120, 3, 4, 3
2, 120, 3, 4, 3
2, 120, 3, 4, 3
2, 120, 3, 4, 3
2, 120, 3, 4, 3
2, 120, 3, 4, 3
2, 120, 3, 4, 3
2, 120, 3, 4, 3
2, 120, 3, 4, 3
2, 120, 3, 4, 3
2, 120, 3, 4, 3
2, 120, 3, 4, 3
2, 120, 3, 4, 3
2, 120, 3, 4, 3
2, 120, 3, 4, 3
2, 120, 3, 4, 3
2, 120, 3, 4, 3
2, 120, 3, 4, 3
2, 120, 3, 4, 3
2, 120, 3, 4, 3
2, 120, 3, 4, 3
2, 120, 3, 4, 3
2, 120, 3, 4, 3
2, 60, 4, 3, 3
2, 60, 4, 3, 3
2, 60, 4, 3, 3
2, 60, 4, 3, 3
2, 60, 4, 3, 3
2, 60, 4, 3, 3
2, 60, 4, 3, 3
2, 60, 4, 3, 3
2, 60, 4, 3, 3
2, 60, 4, 3, 3
2, 60, 4, 3, 3
2, 60, 4, 3, 3
2, 60, 4, 3, 3
2, 60, 4, 3, 3
2, 60, 4, 3, 3
2, 60, 4, 3, 3
2, 60, 4, 3, 3
2, 60, 4, 3, 3
2, 60, 4, 3, 3
2, 60, 4, 3, 3
2, 60, 4, 3, 3
2, 60, 4, 3, 3
2, 60, 4, 3, 3
2, 60, 4, 3, 3
2, 60, 4, 3, 3
2, 60, 4, 3, 3
2, 60, 4, 3, 3
2, 60, 4, 3, 3
2, 60, 4, 3, 3
2, 60, 4, 3, 3
2, 60, 4, 3, 3
2, 60, 4, 3, 3
2, 60, 4, 3, 3
2, 60, 4, 3, 3
2, 60, 4, 3, 3
2, 60, 4, 3, 3
2, 60, 4, 3, 3
2, 60, 4, 3, 3
2, 60, 4, 3, 3
2, 60, 4, 3, 3
2, 60, 4, 3, 3
2, 60, 4, 3, 3
2, 60, 4, 3, 3
2, 60, 4, 3, 3
2, 60, 4, 3, 3
2, 60, 4, 3, 3
2, 60, 4, 3, 3
2, 60, 4, 3, 3
2, 60, 4, 3, 3
2, 60, 4, 3, 3
2, 60, 4, 3, 3
2, 60, 4, 3, 3
2, 60, 4, 3, 3
2, 60, 4, 3, 3
2, 60, 4, 3, 3
2, 60, 4, 3, 3
2, 60, 4, 3, 3
2, 60, 4, 3, 3
2, 60, 4, 3, 3
2, 60, 4, 3, 3
3, 60, 0, 1, 3
3, 60, 0, 1, 3
3, 60, 0, 1, 3
3, 60, 0, 1, 3
3, 60, 0, 1, 3
3, 60, 0, 1, 3
3, 60, 0, 1, 3
3, 60, 0, 1, 3
3, 60, 0, 1, 3
3, 60, 0, 1, 3
3, 60, 0, 1, 3
3, 60, 0, 1, 3
3, 60, 0, 1, 3
3, 60, 0, 1, 3
3, 60, 0, 1, 3
3, 60, 0, 1, 3
3, 60, 0, 1, 3
3, 60, 0, 1, 3
3, 60, 0, 1, 3
3, 60, 0, 1, 3
3, 60, 0, 1, 3
3, 60, 0, 1, 3
3, 60, 0, 1, 3
3, 60, 0, 1, 3
3, 60, 0, 1, 3
3, 60, 0, 1, 3
3, 60, 0, 1, 3
3, 60, 0, 1, 3
3, 60, 0, 1, 3
3, 60, 0, 1, 3
3, 60, 0, 1, 3
3, 60, 0, 1, 3
3, 60, 0, 1, 3
3, 60, 0, 1, 3
3, 60, 0, 1, 3
3, 60, 0, 1, 3
3, 60, 0, 1, 3
3, 60, 0, 1, 3
3, 60, 0, 1, 3
3, 60, 0, 1, 3
3, 60, 0, 1, 3
3, 60, 0, 1, 3
3, 60, 0, 1, 3
3, 60, 0, 1, 3
3, 60, 0, 1, 3
3, 60, 0, 1, 3
3, 60, 0, 1, 3
3, 60, 0, 1, 3
3, 60, 0, 1, 3
3, 60, 0, 1, 3
3, 60, 0, 1, 3
3, 60, 0, 1, 3
3, 60, 0, 1, 3
3, 60, 0, 1, 3
3, 60, 0, 1, 3
3, 60, 0, 1, 3
3, 60, 0, 1, 3
3, 60, 0, 1, 3
3, 60, 0, 1, 3
3, 60, 0, 1, 3
3, 120, 1, 0, 3
3, 120, 1, 0, 3
3, 120, 1, 0, 3
3, 120, 1, 0, 3
3, 120, 1, 0, 3
3, 120, 1, 0, 3
3, 120, 1, 0, 3
3, 120, 1, 0, 3
3, 120, 1, 0, 3
3, 120, 1, 0, 3
3, 120, 1, 0, 3
3, 120, 1, 0, 3
3, 120, 1, 0, 3
3, 120, 1, 0, 3
3, 120, 1, 0, 3
3, 120, 1, 0, 3
3, 120, 1, 0, 3
3, 120, 1, 0, 3
3, 120, 1, 0, 3
3, 120, 1, 0, 3
3, 120, 1, 0, 3
3, 120, 1, 0, 3
3, 120, 1, 0, 3
3, 120, 1, 0, 3
3, 120, 1, 0, 3
3, 120, 1, 0, 3
3, 120, 1, 0, 3
3, 120, 1, 0, 3
3, 120, 1, 0, 3
3, 120, 1, 0, 3
3, 120, 1, 0, 3
3, 120, 1, 0, 3
3, 120, 1, 0, 3
3, 120, 1, 0, 3
3, 120, 1, 0, 3
3, 120, 1, 0, 3
3, 120, 1, 0, 3
3, 120, 1, 0, 3
3, 120, 1, 0, 3
3, 120, 1, 0, 3
3, 120, 1, 0, 3
3, 120, 1, 0, 3
3, 120, 1, 0, 3
3, 120, 1, 0, 3
3, 120, 1, 0, 3
3, 120, 1, 0, 3
3, 120, 1, 0, 3
3, 120, 1, 0, 3
3, 120, 1, 0, 3
3, 120, 1, 0, 3
3, 120, 1, 0, 3
3, 120, 1, 0, 3
3, 120, 1, 0, 3
3, 120, 1, 0, 3
3, 120, 1, 0, 3
3, 120, 1, 0, 3
3, 120, 1, 0, 3
3, 120, 1, 0, 3
3, 120, 1, 0, 3
3, 120, 1, 0, 3
3, 120, 1, 2, 3
3, 120, 1, 2, 3
3, 120, 1, 2, 3
3, 120, 1, 2, 3
3, 120, 1, 2, 3
3, 120, 1, 2, 3
3, 120, 1, 2, 3
3, 120, 1, 2, 3
3, 120, 1, 2, 3
3, 120, 1, 2, 3
3, 120, 1, 2, 3
3, 120, 1, 2, 3
3, 120, 1, 2, 3
3, 120, 1, 2, 3
3, 120, 1, 2, 3
3, 120, 1, 2, 3
3, 120, 1, 2, 3
3, 120, 1, 2, 3
3, 120, 1, 2, 3
3, 120, 1, 2, 3
3, 120, 1, 2, 3
3, 120, 1, 2, 3
3, 120, 1, 2, 3
3, 120, 1, 2, 3
3, 120, 1, 2, 3
3, 120, 1, 2, 3
3, 120, 1, 2, 3
3, 120, 1, 2, 3
3, 120, 1, 2, 3
3, 120, 1, 2, 3
3, 120, 1, 2, 3
3, 120, 1, 2, 3
3, 120, 1, 2, 3
3, 120, 1, 2, 3
3, 120, 1, 2, 3
3, 120, 1, 2, 3
3, 120, 1, 2, 3
3, 120, 1, 2, 3
3, 120, 1, 2, 3
3, 120, 1, 2, 3
3, 120, 1, 2, 3
3, 120, 1, 2, 3
3, 120, 1, 2, 3
3, 120, 1, 2, 3
3, 120, 1, 2, 3
3, 120, 1, 2, 3
3, 120, 1, 2, 3
3, 120, 1, 2, 3
3, 120, 1, 2, 3
3, 120, 1, 2, 3
3, 120, 1, 2, 3
3, 120, 1, 2, 3
3, 120, 1, 2, 3
3, 120, 1, 2, 3
3, 120, 1, 2, 3
3, 120, 1, 2, 3
3, 120, 1, 2, 3
3, 120, 1, 2, 3
3, 120, 1, 2, 3
3, 120, 1, 2, 3
3, 120, 2, 1, 3
3, 120, 2, 1, 3
3, 120, 2, 1, 3
3, 120, 2, 1, 3
3, 120, 2, 1, 3
3, 120, 2, 1, 3
3, 120, 2, 1, 3
3, 120, 2, 1, 3
3, 120, 2, 1, 3
3, 120, 2, 1, 3
3, 120, 2, 1, 3
3, 120, 2, 1, 3
3, 120, 2, 1, 3
3, 120, 2, 1, 3
3, 120, 2, 1, 3
3, 120, 2, 1, 3
3, 120, 2, 1, 3
3, 120, 2, 1, 3
3, 120, 2, 1, 3
3, 120, 2, 1, 3
3, 120, 2, 1, 3
3, 120, 2, 1, 3
3, 120, 2, 1, 3
3, 120, 2, 1, 3
3, 120, 2, 1, 3
3, 120, 2, 1, 3
3, 120, 2, 1, 3
3, 120, 2, 1, 3
3, 120, 2, 1, 3
3, 120, 2, 1, 3
3, 120, 2, 1, 3
3, 120, 2, 1, 3
3, 120, 2, 1, 3
3, 120, 2, 1, 3
3, 120, 2, 1, 3
3, 120, 2, 1, 3
3, 120, 2, 1, 3
3, 120, 2, 1, 3
3, 120, 2, 1, 3
3, 120, 2, 1, 3
3, 120, 2, 1, 3
3, 120, 2, 1, 3
3, 120, 2, 1, 3
3, 120, 2, 1, 3
3, 120, 2, 1, 3
3, 120, 2, 1, 3
3, 120, 2, 1, 3
3, 120, 2, 1, 3
3, 120, 2, 1, 3
3, 120, 2, 1, 3
3, 120, 2, 1, 3
3, 120, 2, 1, 3
3, 120, 2, 1, 3
3, 120, 2, 1, 3
3, 120, 2, 1, 3
3, 120, 2, 1, 3
3, 120, 2, 1, 3
3, 120, 2, 1, 3
3, 120, 2, 1, 3
3, 120, 2, 1, 3
3, 120, 2, 3, 3
3, 120, 2, 3, 3
3, 120, 2, 3, 3
3, 120, 2, 3, 3
3, 120, 2, 3, 3
3, 120, 2, 3, 3
3, 120, 2, 3, 3
3, 120, 2, 3, 3
3, 120, 2, 3, 3
3, 120, 2, 3, 3
3, 120, 2, 3, 3
3, 120, 2, 3, 3
3, 120, 2, 3, 3
3, 120, 2, 3, 3
3, 120, 2, 3, 3
3, 120, 2, 3, 3
3, 120, 2, 3, 3
3, 120, 2, 3, 3
3, 120, 2, 3, 3
3, 120, 2, 3, 3
3, 120, 2, 3, 3
3, 120, 2, 3, 3
3, 120, 2, 3, 3
3, 120, 2, 3, 3
3, 120, 2, 3, 3
3, 120, 2, 3, 3
3, 120, 2, 3, 3
3, 120, 2, 3, 3
3, 120, 2, 3, 3
3, 120, 2, 3, 3
3, 120, 2, 3, 3
3, 120, 2, 3, 3
3, 120, 2, 3, 3
3, 120, 2, 3, 3
3, 120, 2, 3, 3
3, 120, 2, 3, 3
3, 120, 2, 3, 3
3, 120, 2, 3, 3
3, 120, 2, 3, 3
3, 120, 2, 3, 3
3, 120, 2, 3, 3
3, 120, 2, 3, 3
3, 120, 2, 3, 3
3, 120, 2, 3, 3
3, 120, 2, 3, 3
3, 120, 2, 3, 3
3, 120, 2, 3, 3
3, 120, 2, 3, 3
3, 120, 2, 3, 3
3, 120, 2, 3, 3
3, 120, 2, 3, 3
3, 120, 2, 3, 3
3, 120, 2, 3, 3
3, 120, 2, 3, 3
3, 120, 2, 3, 3
3, 120, 2, 3, 3
3, 120, 2, 3, 3
3, 120, 2, 3, 3
3, 120, 2, 3, 3
3, 120, 2, 3, 3
3, 120, 3, 2, 3
3, 120, 3, 2, 3
3, 120, 3, 2, 3
3, 120, 3, 2, 3
3, 120, 3, 2, 3
3, 120, 3, 2, 3
3, 120, 3, 2, 3
3, 120, 3, 2, 3
3, 120, 3, 2, 3
3, 120, 3, 2, 3
3, 120, 3, 2, 3
3, 120, 3, 2, 3
3, 120, 3, 2, 3
3, 120, 3, 2, 3
3, 120, 3, 2, 3
3, 120, 3, 2, 3
3, 120, 3, 2, 3
3, 120, 3, 2, 3
3, 120, 3, 2, 3
3, 120, 3, 2, 3
3, 120, 3, 2, 3
3, 120, 3, 2, 3
3, 120, 3, 2, 3
3, 120, 3, 2, 3
3, 120, 3, 2, 3
3, 120, 3, 2, 3
3, 120, 3, 2, 3
3, 120, 3, 2, 3
3, 120, 3, 2, 3
3, 120, 3, 2, 3
3, 120, 3, 2, 3
3, 120, 3, 2, 3
3, 120, 3, 2, 3
3, 120, 3, 2, 3
3, 120, 3, 2, 3
3, 120, 3, 2, 3
3, 120, 3, 2, 3
3, 120, 3, 2, 3
3, 120, 3, 2, 3
3, 120, 3, 2, 3
3, 120, 3, 2, 3
3, 120, 3, 2, 3
3, 120, 3, 2, 3
3, 120, 3, 2, 3
3, 120, 3, 2, 3
3, 120, 3, 2, 3
3, 120, 3, 2, 3
3, 120, 3, 2, 3
3, 120, 3, 2, 3
3, 120, 3, 2, 3
3, 120, 3, 2, 3
3, 120, 3, 2, 3
3, 120, 3, 2, 3
3, 120, 3, 2, 3
3, 120, 3, 2, 3
3, 120, 3, 2, 3
3, 120, 3, 2, 3
3, 120, 3, 2, 3
3, 120, 3, 2, 3
3, 120, 3, 2, 3
3, 120, 3, 4, 3
3, 120, 3, 4, 3
3, 120, 3, 4, 3
3, 120, 3, 4, 3
3, 120, 3, 4, 3
3, 120, 3, 4, 3
3, 120, 3, 4, 3
3, 120, 3, 4, 3
3, 120, 3, 4, 3
3, 120, 3, 4, 3
3, 120, 3, 4, 3
3, 120, 3, 4, 3
3, 120, 3, 4, 3
3, 120, 3, 4, 3
3, 120, 3, 4, 3
3, 120, 3, 4, 3
3, 120, 3, 4, 3
3, 120, 3, 4, 3
3, 120, 3, 4, 3
3, 120, 3, 4, 3
3, 120, 3, 4, 3
3, 120, 3, 4, 3
3, 120, 3, 4, 3
3, 120, 3, 4, 3
3, 120, 3, 4, 3
3, 120, 3, 4, 3
3, 120, 3, 4, 3
3, 120, 3, 4, 3
3, 120, 3, 4, 3
3, 120, 3, 4, 3
3, 120, 3, 4, 3
3, 120, 3, 4, 3
3, 120, 3, 4, 3
3, 120, 3, 4, 3
3, 120, 3, 4, 3
3, 120, 3, 4, 3
3, 120, 3, 4, 3
3, 120, 3, 4, 3
3, 120, 3, 4, 3
3, 120, 3, 4, 3
3, 120, 3, 4, 3
3, 120, 3, 4, 3
3, 120, 3, 4, 3
3, 120, 3, 4, 3
3, 120, 3, 4, 3
3, 120, 3, 4, 3
3, 120, 3, 4, 3
3, 120, 3, 4, 3
3, 120, 3, 4, 3
3, 120, 3, 4, 3
3, 120, 3, 4, 3
3, 120, 3, 4, 3
3, 120, 3, 4, 3
3, 120, 3, 4, 3
3, 120, 3, 4, 3
3, 120, 3, 4, 3
3, 120, 3, 4, 3
3, 120, 3, 4, 3
3, 120, 3, 4, 3
3, 120, 3, 4, 3
3, 60, 4, 3, 3
3, 60, 4, 3, 3
3, 60, 4, 3, 3
3, 60, 4, 3, 3
3, 60, 4, 3, 3
3, 60, 4, 3, 3
3, 60, 4, 3, 3
3, 60, 4, 3, 3
3, 60, 4, 3, 3
3, 60, 4, 3, 3
3, 60, 4, 3, 3
3, 60, 4, 3, 3
3, 60, 4, 3, 3
3, 60, 4, 3, 3
3, 60, 4, 3, 3
3, 60, 4, 3, 3
3, 60, 4, 3, 3
3, 60, 4, 3, 3
3, 60, 4, 3, 3
3, 60, 4, 3, 3
3, 60, 4, 3, 3
3, 60, 4, 3, 3
3, 60, 4, 3, 3
3, 60, 4, 3, 3
3, 60, 4, 3, 3
3, 60, 4, 3, 3
3, 60, 4, 3, 3
3, 60, 4, 3, 3
3, 60, 4, 3, 3
3, 60, 4, 3, 3
3, 60, 4, 3, 3
3, 60, 4, 3, 3
3, 60, 4, 3, 3
3, 60, 4, 3, 3
3, 60, 4, 3, 3
3, 60, 4, 3, 3
3, 60, 4, 3, 3
3, 60, 4, 3, 3
3, 60, 4, 3, 3
3, 60, 4, 3, 3
3, 60, 4, 3, 3
3, 60, 4, 3, 3
3, 60, 4, 3, 3
3, 60, 4, 3, 3
3, 60, 4, 3, 3
3, 60, 4, 3, 3
3, 60, 4, 3, 3
3, 60, 4, 3, 3
3, 60, 4, 3, 3
3, 60, 4, 3, 3
3, 60, 4, 3, 3
3, 60, 4, 3, 3
3, 60, 4, 3, 3
3, 60, 4, 3, 3
3, 60, 4, 3, 3
3, 60, 4, 3, 3
3, 60, 4, 3, 3
3, 60, 4, 3, 3
3, 60, 4, 3, 3
3, 60, 4, 3, 3
4, 8, 0, 15, 3
4, 8, 0, 15, 3
4, 8, 0, 15, 3
4, 8, 0, 15, 3
4, 8, 0, 16, 3
4, 8, 0, 16, 3
4, 8, 0, 16, 3
4, 8, 0, 16, 3
4, 8, 1, 15, 3
4, 8, 1, 15, 3
4, 8, 1, 15, 3
4, 8, 1, 15, 3
4, 8, 1, 16, 3
4, 8, 1, 16, 3
4, 8, 1, 16, 3
4, 8, 1, 16, 3
4, 8, 2, 15, 3
4, 8, 2, 15, 3
4, 8, 2, 15, 3
4, 8, 2, 15, 3
4, 8, 2, 16, 3
4, 8, 2, 16, 3
4, 8, 2, 16, 3
4, 8, 2, 16, 3
4, 8, 3, 15, 3
4, 8, 3, 15, 3
4, 8, 3, 15, 3
4, 8, 3, 15, 3
4, 8, 3, 16, 3
4, 8, 3, 16, 3
4, 8, 3, 16, 3
4, 8, 3, 16, 3
4, 8, 4, 15, 3
4, 8, 4, 15, 3
4, 8, 4, 15, 3
4, 8, 4, 15, 3
4, 8, 4, 16, 3
4, 8, 4, 16, 3
4, 8, 4, 16, 3
4, 8, 4, 16, 3
4, 8, 5, 15, 3
4, 8, 5, 15, 3
4, 8, 5, 15, 3
4, 8, 5, 15, 3
4, 8, 5, 16, 3
4, 8, 5, 16, 3
4, 8, 5, 16, 3
4, 8, 5, 16, 3
4, 8, 6, 15, 3
4, 8, 6, 15, 3
4, 8, 6, 15, 3
4, 8, 6, 15, 3
4, 8, 6, 16, 3
4, 8, 6, 16, 3
4, 8, 6, 16, 3
4, 8, 6, 16, 3
4, 8, 7, 15, 3
4, 8, 7, 15, 3
4, 8, 7, 15, 3
4, 8, 7, 15, 3
4, 8, 7, 16, 3
4, 8, 7, 16, 3
4, 8, 7, 16, 3
4, 8, 7, 16, 3
4, 8, 8, 15, 3
4, 8, 8, 15, 3
4, 8, 8, 15, 3
4, 8, 8, 15, 3
4, 8, 8, 16, 3
4, 8, 8, 16, 3
4, 8, 8, 16, 3
4, 8, 8, 16, 3
4, 8, 9, 15, 3
4, 8, 9, 15, 3
4, 8, 9, 15, 3
4, 8, 9, 15, 3
4, 8, 9, 16, 3
4, 8, 9, 16, 3
4, 8, 9, 16, 3
4, 8, 9, 16, 3
4, 8, 10, 15, 3
4, 8, 10, 15, 3
4, 8, 10, 15, 3
4, 8, 10, 15, 3
4, 8, 10, 16, 3
4, 8, 10, 16, 3
4, 8, 10, 16, 3
4, 8, 10, 16, 3
4, 8, 11, 15, 3
4, 8, 11, 15, 3
4, 8, 11, 15, 3
4, 8, 11, 15, 3
4, 8, 11, 16, 3
4, 8, 11, 16, 3
4, 8, 11, 16, 3
4, 8, 11, 16, 3
4, 8, 12, 15, 3
4, 8, 12, 15, 3
4, 8, 12, 15, 3
4, 8, 12, 15, 3
4, 8, 12, 16, 3
4, 8, 12, 16, 3
4, 8, 12, 16, 3
4, 8, 12, 16, 3
4, 8, 13, 15, 3
4, 8, 13, 15, 3
4, 8, 13, 15, 3
4, 8, 13, 15, 3
4, 8, 13, 16, 3
4, 8, 13, 16, 3
4, 8, 13, 16, 3
4, 8, 13, 16, 3
4, 8, 14, 15, 3
4, 8, 14, 15, 3
4, 8, 14, 15, 3
4, 8, 14, 15, 3
4, 8, 14, 16, 3
4, 8, 14, 16, 3
4, 8, 14, 16, 3
4, 8, 14, 16, 3
4, 60, 15, 0, 3
4, 60, 15, 0, 3
4, 60, 15, 0, 3
4, 60, 15, 0, 3
4, 60, 15, 1, 3
4, 60, 15, 1, 3
4, 60, 15, 1, 3
4, 60, 15, 1, 3
4, 60, 15, 2, 3
4, 60, 15, 2, 3
4, 60, 15, 2, 3
4, 60, 15, 2, 3
4, 60, 15, 3, 3
4, 60, 15, 3, 3
4, 60, 15, 3, 3
4, 60, 15, 3, 3
4, 60, 15, 4, 3
4, 60, 15, 4, 3
4, 60, 15, 4, 3
4, 60, 15, 4, 3
4, 60, 15, 5, 3
4, 60, 15, 5, 3
4, 60, 15, 5, 3
4, 60, 15, 5, 3
4, 60, 15, 6, 3
4, 60, 15, 6, 3
4, 60, 15, 6, 3
4, 60, 15, 6, 3
4, 60, 15, 7, 3
4, 60, 15, 7, 3
4, 60, 15, 7, 3
4, 60, 15, 7, 3
4, 60, 15, 8, 3
4, 60, 15, 8, 3
4, 60, 15, 8, 3
4, 60, 15, 8, 3
4, 60, 15, 9, 3
4, 60, 15, 9, 3
4, 60, 15, 9, 3
4, 60, 15, 9, 3
4, 60, 15, 10, 3
4, 60, 15, 10, 3
4, 60, 15, 10, 3
4, 60, 15, 10, 3
4, 60, 15, 11, 3
4, 60, 15, 11, 3
4, 60, 15, 11, 3
4, 60, 15, 11, 3
4, 60, 15, 12, 3
4, 60, 15, 12, 3
4, 60, 15, 12, 3
4, 60, 15, 12, 3
4, 60, 15, 13, 3
4, 60, 15, 13, 3
4, 60, 15, 13, 3
4, 60, 15, 13, 3
4, 60, 15, 14, 3
4, 60, 15, 14, 3
4, 60, 15, 14, 3
4, 60, 15, 14, 3
4, 60, 16, 0, 3
4, 60, 16, 0, 3
4, 60, 16, 0, 3
4, 60, 16, 0, 3
4, 60, 16, 1, 3
4, 60, 16, 1, 3
4, 60, 16, 1, 3
4, 60, 16, 1, 3
4, 60, 16, 2, 3
4, 60, 16, 2, 3
4, 60, 16, 2, 3
4, 60, 16, 2, 3
4, 60, 16, 3, 3
4, 60, 16, 3, 3
4, 60, 16, 3, 3
4, 60, 16, 3, 3
4, 60, 16, 4, 3
4, 60, 16, 4, 3
4, 60, 16, 4, 3
4, 60, 16, 4, 3
4, 60, 16, 5, 3
4, 60, 16, 5, 3
4, 60, 16, 5, 3
4, 60, 16, 5, 3
4, 60, 16, 6, 3
4, 60, 16, 6, 3
4, 60, 16, 6, 3
4, 60, 16, 6, 3
4, 60, 16, 7, 3
4, 60, 16, 7, 3
4, 60, 16, 7, 3
4, 60, 16, 7, 3
4, 60, 16, 8, 3
4, 60, 16, 8, 3
4, 60, 16, 8, 3
4, 60, 16, 8, 3
4, 60, 16, 9, 3
4, 60, 16, 9, 3
4, 60, 16, 9, 3
4, 60, 16, 9, 3
4, 60, 16, 10, 3
4, 60, 16, 10, 3
4, 60, 16, 10, 3
4, 60, 16, 10, 3
4, 60, 16, 11, 3
4, 60, 16, 11, 3
4, 60, 16, 11, 3
4, 60, 16, 11, 3
4, 60, 16, 12, 3
4, 60, 16, 12, 3
4, 60, 16, 12, 3
4, 60, 16, 12, 3
4, 60, 16, 13, 3
4, 60, 16, 13, 3
4, 60, 16, 13, 3
4, 60, 16, 13, 3
4, 60, 16, 14, 3
4, 60, 16, 14, 3
4, 60, 16, 14, 3
4, 60, 16, 14, 3
5, 8, 0, 15, 3
5, 8, 0, 15, 3
5, 8, 0, 15, 3
5, 8, 0, 15, 3
5, 8, 0, 16, 3
5, 8, 0, 16, 3
5, 8, 0, 16, 3
5, 8, 0, 16, 3
5, 8, 1, 15, 3
5, 8, 1, 15, 3
5, 8, 1, 15, 3
5, 8, 1, 15, 3
5, 8, 1, 16, 3
5, 8, 1, 16, 3
5, 8, 1, 16, 3
5, 8, 1, 16, 3
5, 8, 2, 15, 3
5, 8, 2, 15, 3
5, 8, 2, 15, 3
5, 8, 2, 15, 3
5, 8, 2, 16, 3
5, 8, 2, 16, 3
5, 8, 2, 16, 3
5, 8, 2, 16, 3
5, 8, 3, 15, 3
5, 8, 3, 15, 3
5, 8, 3, 15, 3
5, 8, 3, 15, 3
5, 8, 3, 16, 3
5, 8, 3, 16, 3
5, 8, 3, 16, 3
5, 8, 3, 16, 3
5, 8, 4, 15, 3
5, 8, 4, 15, 3
5, 8, 4, 15, 3
5, 8, 4, 15, 3
5, 8, 4, 16, 3
5, 8, 4, 16, 3
5, 8, 4, 16, 3
5, 8, 4, 16, 3
5, 8, 5, 15, 3
5, 8, 5, 15, 3
5, 8, 5, 15, 3
5, 8, 5, 15, 3
5, 8, 5, 16, 3
5, 8, 5, 16, 3
5, 8, 5, 16, 3
5, 8, 5, 16, 3
5, 8, 6, 15, 3
5, 8, 6, 15, 3
5, 8, 6, 15, 3
5, 8, 6, 15, 3
5, 8, 6, 16, 3
5, 8, 6, 16, 3
5, 8, 6, 16, 3
5, 8, 6, 16, 3
5, 8, 7, 15, 3
5, 8, 7, 15, 3
5, 8, 7, 15, 3
5, 8, 7, 15, 3
5, 8, 7, 16, 3
5, 8, 7, 16, 3
5, 8, 7, 16, 3
5, 8, 7, 16, 3
5, 8, 8, 15, 3
5, 8, 8, 15, 3
5, 8, 8, 15, 3
5, 8, 8, 15, 3
5, 8, 8, 16, 3
5, 8, 8, 16, 3
5, 8, 8, 16, 3
5, 8, 8, 16, 3
5, 8, 9, 15, 3
5, 8, 9, 15, 3
5, 8, 9, 15, 3
5, 8, 9, 15, 3
5, 8, 9, 16, 3
5, 8, 9, 16, 3
5, 8, 9, 16, 3
5, 8, 9, 16, 3
5, 8, 10, 15, 3
5, 8, 10, 15, 3
5, 8, 10, 15, 3
5, 8, 10, 15, 3
5, 8, 10, 16, 3
5, 8, 10, 16, 3
5, 8, 10, 16, 3
5, 8, 10, 16, 3
5, 8, 11, 15, 3
5, 8, 11, 15, 3
5, 8, 11, 15, 3
5, 8, 11, 15, 3
5, 8, 11, 16, 3
5, 8, 11, 16, 3
5, 8, 11, 16, 3
5, 8, 11, 16, 3
5, 8, 12, 15, 3
5, 8, 12, 15, 3
5, 8, 12, 15, 3
5, 8, 12, 15, 3
5, 8, 12, 16, 3
5, 8, 12, 16, 3
5, 8, 12, 16, 3
5, 8, 12, 16, 3
5, 8, 13, 15, 3
5, 8, 13, 15, 3
5, 8, 13, 15, 3
5, 8, 13, 15, 3
5, 8, 13, 16, 3
5, 8, 13, 16, 3
5, 8, 13, 16, 3
5, 8, 13, 16, 3
5, 8, 14, 15, 3
5, 8, 14, 15, 3
5, 8, 14, 15, 3
5, 8, 14, 15, 3
5, 8, 14, 16, 3
5, 8, 14, 16, 3
5, 8, 14, 16, 3
5, 8, 14, 16, 3
5, 60, 15, 0, 3
5, 60, 15, 0, 3
5, 60, 15, 0, 3
5, 60, 15, 0, 3
5, 60, 15, 1, 3
5, 60, 15, 1, 3
5, 60, 15, 1, 3
5, 60, 15, 1, 3
5, 60, 15, 2, 3
5, 60, 15, 2, 3
5, 60, 15, 2, 3
5, 60, 15, 2, 3
5, 60, 15, 3, 3
5, 60, 15, 3, 3
5, 60, 15, 3, 3
5, 60, 15, 3, 3
5, 60, 15, 4, 3
5, 60, 15, 4, 3
5, 60, 15, 4, 3
5, 60, 15, 4, 3
5, 60, 15, 5, 3
5, 60, 15, 5, 3
5, 60, 15, 5, 3
5, 60, 15, 5, 3
5, 60, 15, 6, 3
5, 60, 15, 6, 3
5, 60, 15, 6, 3
5, 60, 15, 6, 3
5, 60, 15, 7, 3
5, 60, 15, 7, 3
5, 60, 15, 7, 3
5, 60, 15, 7, 3
5, 60, 15, 8, 3
5, 60, 15, 8, 3
5, 60, 15, 8, 3
5, 60, 15, 8, 3
5, 60, 15, 9, 3
5, 60, 15, 9, 3
5, 60, 15, 9, 3
5, 60, 15, 9, 3
5, 60, 15, 10, 3
5, 60, 15, 10, 3
5, 60, 15, 10, 3
5, 60, 15, 10, 3
5, 60, 15, 11, 3
5, 60, 15, 11, 3
5, 60, 15, 11, 3
5, 60, 15, 11, 3
5, 60, 15, 12, 3
5, 60, 15, 12, 3
5, 60, 15, 12, 3
5, 60, 15, 12, 3
5, 60, 15, 13, 3
5, 60, 15, 13, 3
5, 60, 15, 13, 3
5, 60, 15, 13, 3
5, 60, 15, 14, 3
5, 60, 15, 14, 3
5, 60, 15, 14, 3
5, 60, 15, 14, 3
5, 60, 16, 0, 3
5, 60, 16, 0, 3
5, 60, 16, 0, 3
5, 60, 16, 0, 3
5, 60, 16, 1, 3
5, 60, 16, 1, 3
5, 60, 16, 1, 3
5, 60, 16, 1, 3
5, 60, 16, 2, 3
5, 60, 16, 2, 3
5, 60, 16, 2, 3
5, 60, 16, 2, 3
5, 60, 16, 3, 3
5, 60, 16, 3, 3
5, 60, 16, 3, 3
5, 60, 16, 3, 3
5, 60, 16, 4, 3
5, 60, 16, 4, 3
5, 60, 16, 4, 3
5, 60, 16, 4, 3
5, 60, 16, 5, 3
5, 60, 16, 5, 3
5, 60, 16, 5, 3
5, 60, 16, 5, 3
5, 60, 16, 6, 3
5, 60, 16, 6, 3
5, 60, 16, 6, 3
5, 60, 16, 6, 3
5, 60, 16, 7, 3
5, 60, 16, 7, 3
5, 60, 16, 7, 3
5, 60, 16, 7, 3
5, 60, 16, 8, 3
5, 60, 16, 8, 3
5, 60, 16, 8, 3
5, 60, 16, 8, 3
5, 60, 16, 9, 3
5, 60, 16, 9, 3
5, 60, 16, 9, 3
5, 60, 16, 9, 3
5, 60, 16, 10, 3
5, 60, 16, 10, 3
5, 60, 16, 10, 3
5, 60, 16, 10, 3
5, 60, 16, 11, 3
5, 60, 16, 11, 3
5, 60, 16, 11, 3
5, 60, 16, 11, 3
5, 60, 16, 12, 3
5, 60, 16, 12, 3
5, 60, 16, 12, 3
5, 60, 16, 12, 3
5, 60, 16, 13, 3
5, 60, 16, 13, 3
5, 60, 16, 13, 3
5, 60, 16, 13, 3
5, 60, 16, 14, 3
5, 60, 16, 14, 3
5, 60, 16, 14, 3
5, 60, 16, 14, 3
6, 8, 0, 15, 3
6, 8, 0, 15, 3
6, 8, 0, 15, 3
6, 8, 0, 15, 3
6, 8, 0, 16, 3
6, 8, 0, 16, 3
6, 8, 0, 16, 3
6, 8, 0, 16, 3
6, 8, 1, 15, 3
6, 8, 1, 15, 3
6, 8, 1, 15, 3
6, 8, 1, 15, 3
6, 8, 1, 16, 3
6, 8, 1, 16, 3
6, 8, 1, 16, 3
6, 8, 1, 16, 3
6, 8, 2, 15, 3
6, 8, 2, 15, 3
6, 8, 2, 15, 3
6, 8, 2, 15, 3
6, 8, 2, 16, 3
6, 8, 2, 16, 3
6, 8, 2, 16, 3
6, 8, 2, 16, 3
6, 8, 3, 15, 3
6, 8, 3, 15, 3
6, 8, 3, 15, 3
6, 8, 3, 15, 3
6, 8, 3, 16, 3
6, 8, 3, 16, 3
6, 8, 3, 16, 3
6, 8, 3, 16, 3
6, 8, 4, 15, 3
6, 8, 4, 15, 3
6, 8, 4, 15, 3
6, 8, 4, 15, 3
6, 8, 4, 16, 3
6, 8, 4, 16, 3
6, 8, 4, 16, 3
6, 8, 4, 16, 3
6, 8, 5, 15, 3
6, 8, 5, 15, 3
6, 8, 5, 15, 3
6, 8, 5, 15, 3
6, 8, 5, 16, 3
6, 8, 5, 16, 3
6, 8, 5, 16, 3
6, 8, 5, 16, 3
6, 8, 6, 15, 3
6, 8, 6, 15, 3
6, 8, 6, 15, 3
6, 8, 6, 15, 3
6, 8, 6, 16, 3
6, 8, 6, 16, 3
6, 8, 6, 16, 3
6, 8, 6, 16, 3
6, 8, 7, 15, 3
6, 8, 7, 15, 3
6, 8, 7, 15, 3
6, 8, 7, 15, 3
6, 8, 7, 16, 3
6, 8, 7, 16, 3
6, 8, 7, 16, 3
6, 8, 7, 16, 3
6, 8, 8, 15, 3
6, 8, 8, 15, 3
6, 8, 8, 15, 3
6, 8, 8, 15, 3
6, 8, 8, 16, 3
6, 8, 8, 16, 3
6, 8, 8, 16, 3
6, 8, 8, 16, 3
6, 8, 9, 15, 3
6, 8, 9, 15, 3
6, 8, 9, 15, 3
6, 8, 9, 15, 3
6, 8, 9, 16, 3
6, 8, 9, 16, 3
6, 8, 9, 16, 3
6, 8, 9, 16, 3
6, 8, 10, 15, 3
6, 8, 10, 15, 3
6, 8, 10, 15, 3
6, 8, 10, 15, 3
6, 8, 10, 16, 3
6, 8, 10, 16, 3
6, 8, 10, 16, 3
6, 8, 10, 16, 3
6, 8, 11, 15, 3
6, 8, 11, 15, 3
6, 8, 11, 15, 3
6, 8, 11, 15, 3
6, 8, 11, 16, 3
6, 8, 11, 16, 3
6, 8, 11, 16, 3
6, 8, 11, 16, 3
6, 8, 12, 15, 3
6, 8, 12, 15, 3
6, 8, 12, 15, 3
6, 8, 12, 15, 3
6, 8, 12, 16, 3
6, 8, 12, 16, 3
6, 8, 12, 16, 3
6, 8, 12, 16, 3
6, 8, 13, 15, 3
6, 8, 13, 15, 3
6, 8, 13, 15, 3
6, 8, 13, 15, 3
6, 8, 13, 16, 3
6, 8, 13, 16, 3
6, 8, 13, 16, 3
6, 8, 13, 16, 3
6, 8, 14, 15, 3
6, 8, 14, 15, 3
6, 8, 14, 15, 3
6, 8, 14, 15, 3
6, 8, 14, 16, 3
6, 8, 14, 16, 3
6, 8, 14, 16, 3
6, 8, 14, 16, 3
6, 60, 15, 0, 3
6, 60, 15, 0, 3
6, 60, 15, 0, 3
6, 60, 15, 0, 3
6, 60, 15, 1, 3
6, 60, 15, 1, 3
6, 60, 15, 1, 3
6, 60, 15, 1, 3
6, 60, 15, 2, 3
6, 60, 15, 2, 3
6, 60, 15, 2, 3
6, 60, 15, 2, 3
6, 60, 15, 3, 3
6, 60, 15, 3, 3
6, 60, 15, 3, 3
6, 60, 15, 3, 3
6, 60, 15, 4, 3
6, 60, 15, 4, 3
6, 60, 15, 4, 3
6, 60, 15, 4, 3
6, 60, 15, 5, 3
6, 60, 15, 5, 3
6, 60, 15, 5, 3
6, 60, 15, 5, 3
6, 60, 15, 6, 3
6, 60, 15, 6, 3
6, 60, 15, 6, 3
6, 60, 15, 6, 3
6, 60, 15, 7, 3
6, 60, 15, 7, 3
6, 60, 15, 7, 3
6, 60, 15, 7, 3
6, 60, 15, 8, 3
6, 60, 15, 8, 3
6, 60, 15, 8, 3
6, 60, 15, 8, 3
6, 60, 15, 9, 3
6, 60, 15, 9, 3
6, 60, 15, 9, 3
6, 60, 15, 9, 3
6, 60, 15, 10, 3
6, 60, 15, 10, 3
6, 60, 15, 10, 3
6, 60, 15, 10, 3
6, 60, 15, 11, 3
6, 60, 15, 11, 3
6, 60, 15, 11, 3
6, 60, 15, 11, 3
6, 60, 15, 12, 3
6, 60, 15, 12, 3
6, 60, 15, 12, 3
6, 60, 15, 12, 3
6, 60, 15, 13, 3
6, 60, 15, 13, 3
6, 60, 15, 13, 3
6, 60, 15, 13, 3
6, 60, 15, 14, 3
6, 60, 15, 14, 3
6, 60, 15, 14, 3
6, 60, 15, 14, 3
6, 60, 16, 0, 3
6, 60, 16, 0, 3
6, 60, 16, 0, 3
6, 60, 16, 0, 3
6, 60, 16, 1, 3
6, 60, 16, 1, 3
6, 60, 16, 1, 3
6, 60, 16, 1, 3
6, 60, 16, 2, 3
6, 60, 16, 2, 3
6, 60, 16, 2, 3
6, 60, 16, 2, 3
6, 60, 16, 3, 3
6, 60, 16, 3, 3
6, 60, 16, 3, 3
6, 60, 16, 3, 3
6, 60, 16, 4, 3
6, 60, 16, 4, 3
6, 60, 16, 4, 3
6, 60, 16, 4, 3
6, 60, 16, 5, 3
6, 60, 16, 5, 3
6, 60, 16, 5, 3
6, 60, 16, 5, 3
6, 60, 16, 6, 3
6, 60, 16, 6, 3
6, 60, 16, 6, 3
6, 60, 16, 6, 3
6, 60, 16, 7, 3
6, 60, 16, 7, 3
6, 60, 16, 7, 3
6, 60, 16, 7, 3
6, 60, 16, 8, 3
6, 60, 16, 8, 3
6, 60, 16, 8, 3
6, 60, 16, 8, 3
6, 60, 16, 9, 3
6, 60, 16, 9, 3
6, 60, 16, 9, 3
6, 60, 16, 9, 3
6, 60, 16, 10, 3
6, 60, 16, 10, 3
6, 60, 16, 10, 3
6, 60, 16, 10, 3
6, 60, 16, 11, 3
6, 60, 16, 11, 3
6, 60, 16, 11, 3
6, 60, 16, 11, 3
6, 60, 16, 12, 3
6, 60, 16, 12, 3
6, 60, 16, 12, 3
6, 60, 16, 12, 3
6, 60, 16, 13, 3
6, 60, 16, 13, 3
6, 60, 16, 13, 3
6, 60, 16, 13, 3
6, 60, 16, 14, 3
6, 60, 16, 14, 3
6, 60, 16, 14, 3
6, 60, 16, 14, 3
7, 8, 0, 15, 3
7, 8, 0, 15, 3
7, 8, 0, 15, 3
7, 8, 0, 15, 3
7, 8, 0, 16, 3
7, 8, 0, 16, 3
7, 8, 0, 16, 3
7, 8, 0, 16, 3
7, 8, 1, 15, 3
7, 8, 1, 15, 3
7, 8, 1, 15, 3
7, 8, 1, 15, 3
7, 8, 1, 16, 3
7, 8, 1, 16, 3
7, 8, 1, 16, 3
7, 8, 1, 16, 3
7, 8, 2, 15, 3
7, 8, 2, 15, 3
7, 8, 2, 15, 3
7, 8, 2, 15, 3
7, 8, 2, 16, 3
7, 8, 2, 16, 3
7, 8, 2, 16, 3
7, 8, 2, 16, 3
7, 8, 3, 15, 3
7, 8, 3, 15, 3
7, 8, 3, 15, 3
7, 8, 3, 15, 3
7, 8, 3, 16, 3
7, 8, 3, 16, 3
7, 8, 3, 16, 3
7, 8, 3, 16, 3
7, 8, 4, 15, 3
7, 8, 4, 15, 3
7, 8, 4, 15, 3
7, 8, 4, 15, 3
7, 8, 4, 16, 3
7, 8, 4, 16, 3
7, 8, 4, 16, 3
7, 8, 4, 16, 3
7, 8, 5, 15, 3
7, 8, 5, 15, 3
7, 8, 5, 15, 3
7, 8, 5, 15, 3
7, 8, 5, 16, 3
7, 8, 5, 16, 3
7, 8, 5, 16, 3
7, 8, 5, 16, 3
7, 8, 6, 15, 3
7, 8, 6, 15, 3
7, 8, 6, 15, 3
7, 8, 6, 15, 3
7, 8, 6, 16, 3
7, 8, 6, 16, 3
7, 8, 6, 16, 3
7, 8, 6, 16, 3
7, 8, 7, 15, 3
7, 8, 7, 15, 3
7, 8, 7, 15, 3
7, 8, 7, 15, 3
7, 8, 7, 16, 3
7, 8, 7, 16, 3
7, 8, 7, 16, 3
7, 8, 7, 16, 3
7, 8, 8, 15, 3
7, 8, 8, 15, 3
7, 8, 8, 15, 3
7, 8, 8, 15, 3
7, 8, 8, 16, 3
7, 8, 8, 16, 3
7, 8, 8, 16, 3
7, 8, 8, 16, 3
7, 8, 9, 15, 3
7, 8, 9, 15, 3
7, 8, 9, 15, 3
7, 8, 9, 15, 3
7, 8, 9, 16, 3
7, 8, 9, 16, 3
7, 8, 9, 16, 3
7, 8, 9, 16, 3
7, 8, 10, 15, 3
7, 8, 10, 15, 3
7, 8, 10, 15, 3
7, 8, 10, 15, 3
7, 8, 10, 16, 3
7, 8, 10, 16, 3
7, 8, 10, 16, 3
7, 8, 10, 16, 3
7, 8, 11, 15, 3
7, 8, 11, 15, 3
7, 8, 11, 15, 3
7, 8, 11, 15, 3
7, 8, 11, 16, 3
7, 8, 11, 16, 3
7, 8, 11, 16, 3
7, 8, 11, 16, 3
7, 8, 12, 15, 3
7, 8, 12, 15, 3
7, 8, 12, 15, 3
7, 8, 12, 15, 3
7, 8, 12, 16, 3
7, 8, 12, 16, 3
7, 8, 12, 16, 3
7, 8, 12, 16, 3
7, 8, 13, 15, 3
7, 8, 13, 15, 3
7, 8, 13, 15, 3
7, 8, 13, 15, 3
7, 8, 13, 16, 3
7, 8, 13, 16, 3
7, 8, 13, 16, 3
7, 8, 13, 16, 3
7, 8, 14, 15, 3
7, 8, 14, 15, 3
7, 8, 14, 15, 3
7, 8, 14, 15, 3
7, 8, 14, 16, 3
7, 8, 14, 16, 3
7, 8, 14, 16, 3
7, 8, 14, 16, 3
7, 60, 15, 0, 3
7, 60, 15, 0, 3
7, 60, 15, 0, 3
7, 60, 15, 0, 3
7, 60, 15, 1, 3
7, 60, 15, 1, 3
7, 60, 15, 1, 3
7, 60, 15, 1, 3
7, 60, 15, 2, 3
7, 60, 15, 2, 3
7, 60, 15, 2, 3
7, 60, 15, 2, 3
7, 60, 15, 3, 3
7, 60, 15, 3, 3
7, 60, 15, 3, 3
7, 60, 15, 3, 3
7, 60, 15, 4, 3
7, 60, 15, 4, 3
7, 60, 15, 4, 3
7, 60, 15, 4, 3
7, 60, 15, 5, 3
7, 60, 15, 5, 3
7, 60, 15, 5, 3
7, 60, 15, 5, 3
7, 60, 15, 6, 3
7, 60, 15, 6, 3
7, 60, 15, 6, 3
7, 60, 15, 6, 3
7, 60, 15, 7, 3
7, 60, 15, 7, 3
7, 60, 15, 7, 3
7, 60, 15, 7, 3
7, 60, 15, 8, 3
7, 60, 15, 8, 3
7, 60, 15, 8, 3
7, 60, 15, 8, 3
7, 60, 15, 9, 3
7, 60, 15, 9, 3
7, 60, 15, 9, 3
7, 60, 15, 9, 3
7, 60, 15, 10, 3
7, 60, 15, 10, 3
7, 60, 15, 10, 3
7, 60, 15, 10, 3
7, 60, 15, 11, 3
7, 60, 15, 11, 3
7, 60, 15, 11, 3
7, 60, 15, 11, 3
7, 60, 15, 12, 3
7, 60, 15, 12, 3
7, 60, 15, 12, 3
7, 60, 15, 12, 3
7, 60, 15, 13, 3
7, 60, 15, 13, 3
7, 60, 15, 13, 3
7, 60, 15, 13, 3
7, 60, 15, 14, 3
7, 60, 15, 14, 3
7, 60, 15, 14, 3
7, 60, 15, 14, 3
7, 60, 16, 0, 3
7, 60, 16, 0, 3
7, 60, 16, 0, 3
7, 60, 16, 0, 3
7, 60, 16, 1, 3
7, 60, 16, 1, 3
7, 60, 16, 1, 3
7, 60, 16, 1, 3
7, 60, 16, 2, 3
7, 60, 16, 2, 3
7, 60, 16, 2, 3
7, 60, 16, 2, 3
7, 60, 16, 3, 3
7, 60, 16, 3, 3
7, 60, 16, 3, 3
7, 60, 16, 3, 3
7, 60, 16, 4, 3
7, 60, 16, 4, 3
7, 60, 16, 4, 3
7, 60, 16, 4, 3
7, 60, 16, 5, 3
7, 60, 16, 5, 3
7, 60, 16, 5, 3
7, 60, 16, 5, 3
7, 60, 16, 6, 3
7, 60, 16, 6, 3
7, 60, 16, 6, 3
7, 60, 16, 6, 3
7, 60, 16, 7, 3
7, 60, 16, 7, 3
7, 60, 16, 7, 3
7, 60, 16, 7, 3
7, 60, 16, 8, 3
7, 60, 16, 8, 3
7, 60, 16, 8, 3
7, 60, 16, 8, 3
7, 60, 16, 9, 3
7, 60, 16, 9, 3
7, 60, 16, 9, 3
7, 60, 16, 9, 3
7, 60, 16, 10, 3
7, 60, 16, 10, 3
7, 60, 16, 10, 3
7, 60, 16, 10, 3
7, 60, 16, 11, 3
7, 60, 16, 11, 3
7, 60, 16, 11, 3
7, 60, 16, 11, 3
7, 60, 16, 12, 3
7, 60, 16, 12, 3
7, 60, 16, 12, 3
7, 60, 16, 12, 3
7, 60, 16, 13, 3
7, 60, 16, 13, 3
7, 60, 16, 13, 3
7, 60, 16, 13, 3
7, 60, 16, 14, 3
7, 60, 16, 14, 3
7, 60, 16, 14, 3
7, 60, 16, 14, 3
Goal
4
5
6
7
