CG
17
0, 1, 14, 1
1, 2, 13, 1
1, 2, 10, 1
2, 5, 15, 1
2, 5, 14, 1
2, 5, 10, 1
2, 5, 8, 1
2, 5, 7, 1
3, 3, 15, 1
3, 3, 13, 1
3, 3, 8, 1
4, 2, 11, 1
4, 2, 7, 1
5, 2, 16, 1
5, 2, 12, 1
6, 1, 16, 1
9, 2, 12, 1
9, 2, 11, 1
DTG
0, 1, 0, 1, 1
1, 1, 0, 1, 1
2, 1, 0, 1, 1
3, 1, 0, 1, 1
4, 1, 0, 1, 1
5, 1, 0, 1, 1
6, 1, 0, 1, 1
7, 2, 1, 0, 2
7, 2, 1, 0, 2
8, 2, 1, 0, 2
8, 2, 1, 0, 2
9, 2, 1, 0, 1
9, 2, 1, 2, 1
10, 2, 1, 0, 2
10, 2, 1, 0, 2
11, 2, 1, 0, 2
11, 2, 1, 0, 2
12, 2, 1, 0, 2
12, 2, 1, 0, 2
13, 2, 1, 0, 2
13, 2, 1, 0, 2
14, 2, 1, 0, 2
14, 2, 1, 0, 2
15, 2, 1, 0, 2
15, 2, 1, 0, 2
16, 2, 1, 0, 2
16, 2, 1, 0, 2
Goal
7
8
9
10
11
12
13
14
15
16
