CG
51
0, 2, 49, 25
0, 2, 25, 25
1, 2, 49, 25
1, 2, 25, 25
2, 2, 46, 25
2, 2, 25, 25
3, 2, 47, 25
3, 2, 25, 25
4, 2, 47, 25
4, 2, 25, 25
5, 2, 49, 25
5, 2, 25, 25
6, 3, 31, 25
6, 3, 41, 25
6, 3, 25, 50
7, 3, 47, 25
7, 3, 39, 25
7, 3, 25, 50
8, 3, 26, 25
8, 3, 46, 25
8, 3, 25, 50
9, 4, 43, 25
9, 4, 40, 25
9, 4, 41, 25
9, 4, 25, 75
10, 4, 38, 25
10, 4, 31, 25
10, 4, 42, 25
10, 4, 25, 75
11, 4, 36, 25
11, 4, 49, 25
11, 4, 33, 25
11, 4, 25, 75
12, 4, 47, 25
12, 4, 39, 25
12, 4, 33, 25
12, 4, 25, 75
13, 4, 30, 25
13, 4, 40, 25
13, 4, 46, 25
13, 4, 25, 75
14, 4, 35, 25
14, 4, 48, 25
14, 4, 46, 25
14, 4, 25, 75
15, 5, 29, 25
15, 5, 48, 25
15, 5, 44, 25
15, 5, 42, 25
15, 5, 25, 100
16, 5, 35, 25
16, 5, 37, 25
16, 5, 43, 25
16, 5, 50, 25
16, 5, 25, 100
17, 5, 38, 25
17, 5, 44, 25
17, 5, 50, 25
17, 5, 34, 25
17, 5, 25, 100
18, 5, 48, 25
18, 5, 27, 25
18, 5, 28, 25
18, 5, 42, 25
18, 5, 25, 100
19, 5, 49, 25
19, 5, 39, 25
19, 5, 40, 25
19, 5, 32, 25
19, 5, 25, 100
20, 6, 36, 25
20, 6, 49, 25
20, 6, 43, 25
20, 6, 45, 25
20, 6, 50, 25
20, 6, 25, 125
21, 6, 29, 25
21, 6, 37, 25
21, 6, 48, 25
21, 6, 44, 25
21, 6, 34, 25
21, 6, 25, 125
22, 6, 48, 25
22, 6, 38, 25
22, 6, 45, 25
22, 6, 41, 25
22, 6, 50, 25
22, 6, 25, 125
23, 7, 36, 25
23, 7, 43, 25
23, 7, 44, 25
23, 7, 45, 25
23, 7, 50, 25
23, 7, 32, 25
23, 7, 25, 150
24, 7, 35, 25
24, 7, 37, 25
24, 7, 30, 25
24, 7, 47, 25
24, 7, 45, 25
24, 7, 50, 25
24, 7, 25, 150
25, 25, 29, 50
25, 25, 35, 50
25, 25, 36, 50
25, 25, 37, 50
25, 25, 49, 50
25, 25, 30, 50
25, 25, 26, 50
25, 25, 47, 50
25, 25, 43, 50
25, 25, 48, 50
25, 25, 38, 50
25, 25, 31, 50
25, 25, 39, 50
25, 25, 40, 50
25, 25, 44, 50
25, 25, 45, 50
25, 25, 41, 50
25, 25, 27, 50
25, 25, 50, 50
25, 25, 32, 50
25, 25, 28, 50
25, 25, 33, 50
25, 25, 42, 50
25, 25, 34, 50
25, 25, 46, 50
26, 2, 8, 1
26, 2, 25, 50
27, 2, 18, 1
27, 2, 25, 50
28, 2, 18, 1
28, 2, 25, 50
29, 3, 15, 1
29, 3, 21, 1
29, 3, 25, 50
30, 3, 24, 1
30, 3, 13, 1
30, 3, 25, 50
31, 3, 10, 1
31, 3, 6, 1
31, 3, 25, 50
32, 3, 23, 1
32, 3, 19, 1
32, 3, 25, 50
33, 3, 12, 1
33, 3, 11, 1
33, 3, 25, 50
34, 3, 21, 1
34, 3, 17, 1
34, 3, 25, 50
35, 4, 24, 1
35, 4, 16, 1
35, 4, 14, 1
35, 4, 25, 50
36, 4, 20, 1
36, 4, 23, 1
36, 4, 11, 1
36, 4, 25, 50
37, 4, 24, 1
37, 4, 21, 1
37, 4, 16, 1
37, 4, 25, 50
38, 4, 10, 1
38, 4, 17, 1
38, 4, 22, 1
38, 4, 25, 50
39, 4, 7, 1
39, 4, 12, 1
39, 4, 19, 1
39, 4, 25, 50
40, 4, 9, 1
40, 4, 19, 1
40, 4, 13, 1
40, 4, 25, 50
41, 4, 9, 1
41, 4, 22, 1
41, 4, 6, 1
41, 4, 25, 50
42, 4, 15, 1
42, 4, 10, 1
42, 4, 18, 1
42, 4, 25, 50
43, 5, 9, 1
43, 5, 20, 1
43, 5, 23, 1
43, 5, 16, 1
43, 5, 25, 50
44, 5, 15, 1
44, 5, 23, 1
44, 5, 21, 1
44, 5, 17, 1
44, 5, 25, 50
45, 5, 24, 1
45, 5, 20, 1
45, 5, 23, 1
45, 5, 22, 1
45, 5, 25, 50
46, 5, 2, 1
46, 5, 8, 1
46, 5, 14, 1
46, 5, 13, 1
46, 5, 25, 50
47, 6, 24, 1
47, 6, 7, 1
47, 6, 12, 1
47, 6, 3, 1
47, 6, 4, 1
47, 6, 25, 50
48, 6, 15, 1
48, 6, 18, 1
48, 6, 21, 1
48, 6, 14, 1
48, 6, 22, 1
48, 6, 25, 50
49, 7, 20, 1
49, 7, 0, 1
49, 7, 1, 1
49, 7, 11, 1
49, 7, 5, 1
49, 7, 19, 1
49, 7, 25, 50
50, 7, 24, 1
50, 7, 20, 1
50, 7, 23, 1
50, 7, 16, 1
50, 7, 17, 1
50, 7, 22, 1
50, 7, 25, 50
DTG
0, 1, 1, 0, 2
1, 1, 1, 0, 2
2, 1, 1, 0, 2
3, 1, 1, 0, 2
4, 1, 1, 0, 2
5, 1, 1, 0, 2
6, 1, 1, 0, 3
7, 1, 1, 0, 3
8, 1, 1, 0, 3
9, 1, 1, 0, 4
10, 1, 1, 0, 4
11, 1, 1, 0, 4
12, 1, 1, 0, 4
13, 1, 1, 0, 4
14, 1, 1, 0, 4
15, 1, 1, 0, 5
16, 1, 1, 0, 5
17, 1, 1, 0, 5
18, 1, 1, 0, 5
19, 1, 1, 0, 5
20, 1, 1, 0, 6
21, 1, 1, 0, 6
22, 1, 1, 0, 6
23, 1, 1, 0, 7
24, 1, 1, 0, 7
25, 26, 0, 1, 1
25, 26, 0, 1, 3
25, 26, 0, 1, 3
25, 26, 0, 1, 3
25, 26, 0, 1, 4
25, 26, 0, 1, 4
25, 26, 0, 1, 4
25, 26, 0, 1, 4
25, 26, 0, 1, 4
25, 26, 0, 1, 4
25, 26, 0, 1, 5
25, 26, 0, 1, 5
25, 26, 0, 1, 5
25, 26, 0, 1, 5
25, 26, 0, 1, 5
25, 26, 0, 1, 5
25, 26, 0, 1, 5
25, 26, 0, 1, 5
25, 26, 0, 1, 6
25, 26, 0, 1, 6
25, 26, 0, 1, 6
25, 26, 0, 1, 6
25, 26, 0, 1, 7
25, 26, 0, 1, 7
25, 26, 0, 1, 8
25, 26, 0, 1, 8
25, 51, 1, 0, 2
25, 51, 1, 0, 2
25, 51, 1, 0, 2
25, 51, 1, 0, 2
25, 51, 1, 0, 2
25, 51, 1, 0, 2
25, 51, 1, 0, 2
25, 51, 1, 0, 2
25, 51, 1, 0, 2
25, 51, 1, 0, 2
25, 51, 1, 0, 2
25, 51, 1, 0, 2
25, 51, 1, 0, 2
25, 51, 1, 0, 2
25, 51, 1, 0, 2
25, 51, 1, 0, 2
25, 51, 1, 0, 2
25, 51, 1, 0, 2
25, 51, 1, 0, 2
25, 51, 1, 0, 2
25, 51, 1, 0, 2
25, 51, 1, 0, 2
25, 51, 1, 0, 2
25, 51, 1, 0, 2
25, 51, 1, 0, 2
25, 51, 1, 12, 1
25, 51, 1, 12, 3
25, 51, 1, 12, 3
25, 51, 1, 12, 3
25, 51, 1, 12, 4
25, 51, 1, 12, 4
25, 51, 1, 12, 4
25, 51, 1, 12, 4
25, 51, 1, 12, 4
25, 51, 1, 12, 4
25, 51, 1, 12, 5
25, 51, 1, 12, 5
25, 51, 1, 12, 5
25, 51, 1, 12, 5
25, 51, 1, 12, 5
25, 51, 1, 12, 5
25, 51, 1, 12, 5
25, 51, 1, 12, 5
25, 51, 1, 12, 6
25, 51, 1, 12, 6
25, 51, 1, 12, 6
25, 51, 1, 12, 6
25, 51, 1, 12, 7
25, 51, 1, 12, 7
25, 51, 1, 12, 8
25, 51, 1, 12, 8
25, 51, 2, 3, 1
25, 51, 2, 3, 3
25, 51, 2, 3, 3
25, 51, 2, 3, 3
25, 51, 2, 3, 4
25, 51, 2, 3, 4
25, 51, 2, 3, 4
25, 51, 2, 3, 4
25, 51, 2, 3, 4
25, 51, 2, 3, 4
25, 51, 2, 3, 5
25, 51, 2, 3, 5
25, 51, 2, 3, 5
25, 51, 2, 3, 5
25, 51, 2, 3, 5
25, 51, 2, 3, 5
25, 51, 2, 3, 5
25, 51, 2, 3, 5
25, 51, 2, 3, 6
25, 51, 2, 3, 6
25, 51, 2, 3, 6
25, 51, 2, 3, 6
25, 51, 2, 3, 7
25, 51, 2, 3, 7
25, 51, 2, 3, 8
25, 51, 2, 3, 8
25, 51, 2, 25, 2
25, 51, 2, 25, 2
25, 51, 2, 25, 2
25, 51, 2, 25, 2
25, 51, 2, 25, 2
25, 51, 2, 25, 2
25, 51, 2, 25, 2
25, 51, 2, 25, 2
25, 51, 2, 25, 2
25, 51, 2, 25, 2
25, 51, 2, 25, 2
25, 51, 2, 25, 2
25, 51, 2, 25, 2
25, 51, 2, 25, 2
25, 51, 2, 25, 2
25, 51, 2, 25, 2
25, 51, 2, 25, 2
25, 51, 2, 25, 2
25, 51, 2, 25, 2
25, 51, 2, 25, 2
25, 51, 2, 25, 2
25, 51, 2, 25, 2
25, 51, 2, 25, 2
25, 51, 2, 25, 2
25, 51, 2, 25, 2
25, 51, 3, 2, 2
25, 51, 3, 2, 2
25, 51, 3, 2, 2
25, 51, 3, 2, 2
25, 51, 3, 2, 2
25, 51, 3, 2, 2
25, 51, 3, 2, 2
25, 51, 3, 2, 2
25, 51, 3, 2, 2
25, 51, 3, 2, 2
25, 51, 3, 2, 2
25, 51, 3, 2, 2
25, 51, 3, 2, 2
25, 51, 3, 2, 2
25, 51, 3, 2, 2
25, 51, 3, 2, 2
25, 51, 3, 2, 2
25, 51, 3, 2, 2
25, 51, 3, 2, 2
25, 51, 3, 2, 2
25, 51, 3, 2, 2
25, 51, 3, 2, 2
25, 51, 3, 2, 2
25, 51, 3, 2, 2
25, 51, 3, 2, 2
25, 51, 3, 4, 1
25, 51, 3, 4, 3
25, 51, 3, 4, 3
25, 51, 3, 4, 3
25, 51, 3, 4, 4
25, 51, 3, 4, 4
25, 51, 3, 4, 4
25, 51, 3, 4, 4
25, 51, 3, 4, 4
25, 51, 3, 4, 4
25, 51, 3, 4, 5
25, 51, 3, 4, 5
25, 51, 3, 4, 5
25, 51, 3, 4, 5
25, 51, 3, 4, 5
25, 51, 3, 4, 5
25, 51, 3, 4, 5
25, 51, 3, 4, 5
25, 51, 3, 4, 6
25, 51, 3, 4, 6
25, 51, 3, 4, 6
25, 51, 3, 4, 6
25, 51, 3, 4, 7
25, 51, 3, 4, 7
25, 51, 3, 4, 8
25, 51, 3, 4, 8
25, 51, 4, 3, 2
25, 51, 4, 3, 2
25, 51, 4, 3, 2
25, 51, 4, 3, 2
25, 51, 4, 3, 2
25, 51, 4, 3, 2
25, 51, 4, 3, 2
25, 51, 4, 3, 2
25, 51, 4, 3, 2
25, 51, 4, 3, 2
25, 51, 4, 3, 2
25, 51, 4, 3, 2
25, 51, 4, 3, 2
25, 51, 4, 3, 2
25, 51, 4, 3, 2
25, 51, 4, 3, 2
25, 51, 4, 3, 2
25, 51, 4, 3, 2
25, 51, 4, 3, 2
25, 51, 4, 3, 2
25, 51, 4, 3, 2
25, 51, 4, 3, 2
25, 51, 4, 3, 2
25, 51, 4, 3, 2
25, 51, 4, 3, 2
25, 51, 4, 5, 1
25, 51, 4, 5, 3
25, 51, 4, 5, 3
25, 51, 4, 5, 3
25, 51, 4, 5, 4
25, 51, 4, 5, 4
25, 51, 4, 5, 4
25, 51, 4, 5, 4
25, 51, 4, 5, 4
25, 51, 4, 5, 4
25, 51, 4, 5, 5
25, 51, 4, 5, 5
25, 51, 4, 5, 5
25, 51, 4, 5, 5
25, 51, 4, 5, 5
25, 51, 4, 5, 5
25, 51, 4, 5, 5
25, 51, 4, 5, 5
25, 51, 4, 5, 6
25, 51, 4, 5, 6
25, 51, 4, 5, 6
25, 51, 4, 5, 6
25, 51, 4, 5, 7
25, 51, 4, 5, 7
25, 51, 4, 5, 8
25, 51, 4, 5, 8
25, 51, 5, 4, 2
25, 51, 5, 4, 2
25, 51, 5, 4, 2
25, 51, 5, 4, 2
25, 51, 5, 4, 2
25, 51, 5, 4, 2
25, 51, 5, 4, 2
25, 51, 5, 4, 2
25, 51, 5, 4, 2
25, 51, 5, 4, 2
25, 51, 5, 4, 2
25, 51, 5, 4, 2
25, 51, 5, 4, 2
25, 51, 5, 4, 2
25, 51, 5, 4, 2
25, 51, 5, 4, 2
25, 51, 5, 4, 2
25, 51, 5, 4, 2
25, 51, 5, 4, 2
25, 51, 5, 4, 2
25, 51, 5, 4, 2
25, 51, 5, 4, 2
25, 51, 5, 4, 2
25, 51, 5, 4, 2
25, 51, 5, 4, 2
25, 51, 5, 6, 1
25, 51, 5, 6, 3
25, 51, 5, 6, 3
25, 51, 5, 6, 3
25, 51, 5, 6, 4
25, 51, 5, 6, 4
25, 51, 5, 6, 4
25, 51, 5, 6, 4
25, 51, 5, 6, 4
25, 51, 5, 6, 4
25, 51, 5, 6, 5
25, 51, 5, 6, 5
25, 51, 5, 6, 5
25, 51, 5, 6, 5
25, 51, 5, 6, 5
25, 51, 5, 6, 5
25, 51, 5, 6, 5
25, 51, 5, 6, 5
25, 51, 5, 6, 6
25, 51, 5, 6, 6
25, 51, 5, 6, 6
25, 51, 5, 6, 6
25, 51, 5, 6, 7
25, 51, 5, 6, 7
25, 51, 5, 6, 8
25, 51, 5, 6, 8
25, 51, 6, 5, 2
25, 51, 6, 5, 2
25, 51, 6, 5, 2
25, 51, 6, 5, 2
25, 51, 6, 5, 2
25, 51, 6, 5, 2
25, 51, 6, 5, 2
25, 51, 6, 5, 2
25, 51, 6, 5, 2
25, 51, 6, 5, 2
25, 51, 6, 5, 2
25, 51, 6, 5, 2
25, 51, 6, 5, 2
25, 51, 6, 5, 2
25, 51, 6, 5, 2
25, 51, 6, 5, 2
25, 51, 6, 5, 2
25, 51, 6, 5, 2
25, 51, 6, 5, 2
25, 51, 6, 5, 2
25, 51, 6, 5, 2
25, 51, 6, 5, 2
25, 51, 6, 5, 2
25, 51, 6, 5, 2
25, 51, 6, 5, 2
25, 51, 6, 7, 1
25, 51, 6, 7, 3
25, 51, 6, 7, 3
25, 51, 6, 7, 3
25, 51, 6, 7, 4
25, 51, 6, 7, 4
25, 51, 6, 7, 4
25, 51, 6, 7, 4
25, 51, 6, 7, 4
25, 51, 6, 7, 4
25, 51, 6, 7, 5
25, 51, 6, 7, 5
25, 51, 6, 7, 5
25, 51, 6, 7, 5
25, 51, 6, 7, 5
25, 51, 6, 7, 5
25, 51, 6, 7, 5
25, 51, 6, 7, 5
25, 51, 6, 7, 6
25, 51, 6, 7, 6
25, 51, 6, 7, 6
25, 51, 6, 7, 6
25, 51, 6, 7, 7
25, 51, 6, 7, 7
25, 51, 6, 7, 8
25, 51, 6, 7, 8
25, 51, 7, 6, 2
25, 51, 7, 6, 2
25, 51, 7, 6, 2
25, 51, 7, 6, 2
25, 51, 7, 6, 2
25, 51, 7, 6, 2
25, 51, 7, 6, 2
25, 51, 7, 6, 2
25, 51, 7, 6, 2
25, 51, 7, 6, 2
25, 51, 7, 6, 2
25, 51, 7, 6, 2
25, 51, 7, 6, 2
25, 51, 7, 6, 2
25, 51, 7, 6, 2
25, 51, 7, 6, 2
25, 51, 7, 6, 2
25, 51, 7, 6, 2
25, 51, 7, 6, 2
25, 51, 7, 6, 2
25, 51, 7, 6, 2
25, 51, 7, 6, 2
25, 51, 7, 6, 2
25, 51, 7, 6, 2
25, 51, 7, 6, 2
25, 51, 7, 8, 1
25, 51, 7, 8, 3
25, 51, 7, 8, 3
25, 51, 7, 8, 3
25, 51, 7, 8, 4
25, 51, 7, 8, 4
25, 51, 7, 8, 4
25, 51, 7, 8, 4
25, 51, 7, 8, 4
25, 51, 7, 8, 4
25, 51, 7, 8, 5
25, 51, 7, 8, 5
25, 51, 7, 8, 5
25, 51, 7, 8, 5
25, 51, 7, 8, 5
25, 51, 7, 8, 5
25, 51, 7, 8, 5
25, 51, 7, 8, 5
25, 51, 7, 8, 6
25, 51, 7, 8, 6
25, 51, 7, 8, 6
25, 51, 7, 8, 6
25, 51, 7, 8, 7
25, 51, 7, 8, 7
25, 51, 7, 8, 8
25, 51, 7, 8, 8
25, 51, 8, 7, 2
25, 51, 8, 7, 2
25, 51, 8, 7, 2
25, 51, 8, 7, 2
25, 51, 8, 7, 2
25, 51, 8, 7, 2
25, 51, 8, 7, 2
25, 51, 8, 7, 2
25, 51, 8, 7, 2
25, 51, 8, 7, 2
25, 51, 8, 7, 2
25, 51, 8, 7, 2
25, 51, 8, 7, 2
25, 51, 8, 7, 2
25, 51, 8, 7, 2
25, 51, 8, 7, 2
25, 51, 8, 7, 2
25, 51, 8, 7, 2
25, 51, 8, 7, 2
25, 51, 8, 7, 2
25, 51, 8, 7, 2
25, 51, 8, 7, 2
25, 51, 8, 7, 2
25, 51, 8, 7, 2
25, 51, 8, 7, 2
25, 51, 8, 9, 1
25, 51, 8, 9, 3
25, 51, 8, 9, 3
25, 51, 8, 9, 3
25, 51, 8, 9, 4
25, 51, 8, 9, 4
25, 51, 8, 9, 4
25, 51, 8, 9, 4
25, 51, 8, 9, 4
25, 51, 8, 9, 4
25, 51, 8, 9, 5
25, 51, 8, 9, 5
25, 51, 8, 9, 5
25, 51, 8, 9, 5
25, 51, 8, 9, 5
25, 51, 8, 9, 5
25, 51, 8, 9, 5
25, 51, 8, 9, 5
25, 51, 8, 9, 6
25, 51, 8, 9, 6
25, 51, 8, 9, 6
25, 51, 8, 9, 6
25, 51, 8, 9, 7
25, 51, 8, 9, 7
25, 51, 8, 9, 8
25, 51, 8, 9, 8
25, 51, 9, 8, 2
25, 51, 9, 8, 2
25, 51, 9, 8, 2
25, 51, 9, 8, 2
25, 51, 9, 8, 2
25, 51, 9, 8, 2
25, 51, 9, 8, 2
25, 51, 9, 8, 2
25, 51, 9, 8, 2
25, 51, 9, 8, 2
25, 51, 9, 8, 2
25, 51, 9, 8, 2
25, 51, 9, 8, 2
25, 51, 9, 8, 2
25, 51, 9, 8, 2
25, 51, 9, 8, 2
25, 51, 9, 8, 2
25, 51, 9, 8, 2
25, 51, 9, 8, 2
25, 51, 9, 8, 2
25, 51, 9, 8, 2
25, 51, 9, 8, 2
25, 51, 9, 8, 2
25, 51, 9, 8, 2
25, 51, 9, 8, 2
25, 51, 9, 10, 1
25, 51, 9, 10, 3
25, 51, 9, 10, 3
25, 51, 9, 10, 3
25, 51, 9, 10, 4
25, 51, 9, 10, 4
25, 51, 9, 10, 4
25, 51, 9, 10, 4
25, 51, 9, 10, 4
25, 51, 9, 10, 4
25, 51, 9, 10, 5
25, 51, 9, 10, 5
25, 51, 9, 10, 5
25, 51, 9, 10, 5
25, 51, 9, 10, 5
25, 51, 9, 10, 5
25, 51, 9, 10, 5
25, 51, 9, 10, 5
25, 51, 9, 10, 6
25, 51, 9, 10, 6
25, 51, 9, 10, 6
25, 51, 9, 10, 6
25, 51, 9, 10, 7
25, 51, 9, 10, 7
25, 51, 9, 10, 8
25, 51, 9, 10, 8
25, 51, 10, 9, 2
25, 51, 10, 9, 2
25, 51, 10, 9, 2
25, 51, 10, 9, 2
25, 51, 10, 9, 2
25, 51, 10, 9, 2
25, 51, 10, 9, 2
25, 51, 10, 9, 2
25, 51, 10, 9, 2
25, 51, 10, 9, 2
25, 51, 10, 9, 2
25, 51, 10, 9, 2
25, 51, 10, 9, 2
25, 51, 10, 9, 2
25, 51, 10, 9, 2
25, 51, 10, 9, 2
25, 51, 10, 9, 2
25, 51, 10, 9, 2
25, 51, 10, 9, 2
25, 51, 10, 9, 2
25, 51, 10, 9, 2
25, 51, 10, 9, 2
25, 51, 10, 9, 2
25, 51, 10, 9, 2
25, 51, 10, 9, 2
25, 51, 10, 11, 1
25, 51, 10, 11, 3
25, 51, 10, 11, 3
25, 51, 10, 11, 3
25, 51, 10, 11, 4
25, 51, 10, 11, 4
25, 51, 10, 11, 4
25, 51, 10, 11, 4
25, 51, 10, 11, 4
25, 51, 10, 11, 4
25, 51, 10, 11, 5
25, 51, 10, 11, 5
25, 51, 10, 11, 5
25, 51, 10, 11, 5
25, 51, 10, 11, 5
25, 51, 10, 11, 5
25, 51, 10, 11, 5
25, 51, 10, 11, 5
25, 51, 10, 11, 6
25, 51, 10, 11, 6
25, 51, 10, 11, 6
25, 51, 10, 11, 6
25, 51, 10, 11, 7
25, 51, 10, 11, 7
25, 51, 10, 11, 8
25, 51, 10, 11, 8
25, 51, 11, 10, 2
25, 51, 11, 10, 2
25, 51, 11, 10, 2
25, 51, 11, 10, 2
25, 51, 11, 10, 2
25, 51, 11, 10, 2
25, 51, 11, 10, 2
25, 51, 11, 10, 2
25, 51, 11, 10, 2
25, 51, 11, 10, 2
25, 51, 11, 10, 2
25, 51, 11, 10, 2
25, 51, 11, 10, 2
25, 51, 11, 10, 2
25, 51, 11, 10, 2
25, 51, 11, 10, 2
25, 51, 11, 10, 2
25, 51, 11, 10, 2
25, 51, 11, 10, 2
25, 51, 11, 10, 2
25, 51, 11, 10, 2
25, 51, 11, 10, 2
25, 51, 11, 10, 2
25, 51, 11, 10, 2
25, 51, 11, 10, 2
25, 51, 11, 13, 1
25, 51, 11, 13, 3
25, 51, 11, 13, 3
25, 51, 11, 13, 3
25, 51, 11, 13, 4
25, 51, 11, 13, 4
25, 51, 11, 13, 4
25, 51, 11, 13, 4
25, 51, 11, 13, 4
25, 51, 11, 13, 4
25, 51, 11, 13, 5
25, 51, 11, 13, 5
25, 51, 11, 13, 5
25, 51, 11, 13, 5
25, 51, 11, 13, 5
25, 51, 11, 13, 5
25, 51, 11, 13, 5
25, 51, 11, 13, 5
25, 51, 11, 13, 6
25, 51, 11, 13, 6
25, 51, 11, 13, 6
25, 51, 11, 13, 6
25, 51, 11, 13, 7
25, 51, 11, 13, 7
25, 51, 11, 13, 8
25, 51, 11, 13, 8
25, 51, 12, 1, 2
25, 51, 12, 1, 2
25, 51, 12, 1, 2
25, 51, 12, 1, 2
25, 51, 12, 1, 2
25, 51, 12, 1, 2
25, 51, 12, 1, 2
25, 51, 12, 1, 2
25, 51, 12, 1, 2
25, 51, 12, 1, 2
25, 51, 12, 1, 2
25, 51, 12, 1, 2
25, 51, 12, 1, 2
25, 51, 12, 1, 2
25, 51, 12, 1, 2
25, 51, 12, 1, 2
25, 51, 12, 1, 2
25, 51, 12, 1, 2
25, 51, 12, 1, 2
25, 51, 12, 1, 2
25, 51, 12, 1, 2
25, 51, 12, 1, 2
25, 51, 12, 1, 2
25, 51, 12, 1, 2
25, 51, 12, 1, 2
25, 51, 12, 19, 1
25, 51, 12, 19, 3
25, 51, 12, 19, 3
25, 51, 12, 19, 3
25, 51, 12, 19, 4
25, 51, 12, 19, 4
25, 51, 12, 19, 4
25, 51, 12, 19, 4
25, 51, 12, 19, 4
25, 51, 12, 19, 4
25, 51, 12, 19, 5
25, 51, 12, 19, 5
25, 51, 12, 19, 5
25, 51, 12, 19, 5
25, 51, 12, 19, 5
25, 51, 12, 19, 5
25, 51, 12, 19, 5
25, 51, 12, 19, 5
25, 51, 12, 19, 6
25, 51, 12, 19, 6
25, 51, 12, 19, 6
25, 51, 12, 19, 6
25, 51, 12, 19, 7
25, 51, 12, 19, 7
25, 51, 12, 19, 8
25, 51, 12, 19, 8
25, 51, 13, 11, 2
25, 51, 13, 11, 2
25, 51, 13, 11, 2
25, 51, 13, 11, 2
25, 51, 13, 11, 2
25, 51, 13, 11, 2
25, 51, 13, 11, 2
25, 51, 13, 11, 2
25, 51, 13, 11, 2
25, 51, 13, 11, 2
25, 51, 13, 11, 2
25, 51, 13, 11, 2
25, 51, 13, 11, 2
25, 51, 13, 11, 2
25, 51, 13, 11, 2
25, 51, 13, 11, 2
25, 51, 13, 11, 2
25, 51, 13, 11, 2
25, 51, 13, 11, 2
25, 51, 13, 11, 2
25, 51, 13, 11, 2
25, 51, 13, 11, 2
25, 51, 13, 11, 2
25, 51, 13, 11, 2
25, 51, 13, 11, 2
25, 51, 13, 14, 1
25, 51, 13, 14, 3
25, 51, 13, 14, 3
25, 51, 13, 14, 3
25, 51, 13, 14, 4
25, 51, 13, 14, 4
25, 51, 13, 14, 4
25, 51, 13, 14, 4
25, 51, 13, 14, 4
25, 51, 13, 14, 4
25, 51, 13, 14, 5
25, 51, 13, 14, 5
25, 51, 13, 14, 5
25, 51, 13, 14, 5
25, 51, 13, 14, 5
25, 51, 13, 14, 5
25, 51, 13, 14, 5
25, 51, 13, 14, 5
25, 51, 13, 14, 6
25, 51, 13, 14, 6
25, 51, 13, 14, 6
25, 51, 13, 14, 6
25, 51, 13, 14, 7
25, 51, 13, 14, 7
25, 51, 13, 14, 8
25, 51, 13, 14, 8
25, 51, 14, 13, 2
25, 51, 14, 13, 2
25, 51, 14, 13, 2
25, 51, 14, 13, 2
25, 51, 14, 13, 2
25, 51, 14, 13, 2
25, 51, 14, 13, 2
25, 51, 14, 13, 2
25, 51, 14, 13, 2
25, 51, 14, 13, 2
25, 51, 14, 13, 2
25, 51, 14, 13, 2
25, 51, 14, 13, 2
25, 51, 14, 13, 2
25, 51, 14, 13, 2
25, 51, 14, 13, 2
25, 51, 14, 13, 2
25, 51, 14, 13, 2
25, 51, 14, 13, 2
25, 51, 14, 13, 2
25, 51, 14, 13, 2
25, 51, 14, 13, 2
25, 51, 14, 13, 2
25, 51, 14, 13, 2
25, 51, 14, 13, 2
25, 51, 14, 15, 1
25, 51, 14, 15, 3
25, 51, 14, 15, 3
25, 51, 14, 15, 3
25, 51, 14, 15, 4
25, 51, 14, 15, 4
25, 51, 14, 15, 4
25, 51, 14, 15, 4
25, 51, 14, 15, 4
25, 51, 14, 15, 4
25, 51, 14, 15, 5
25, 51, 14, 15, 5
25, 51, 14, 15, 5
25, 51, 14, 15, 5
25, 51, 14, 15, 5
25, 51, 14, 15, 5
25, 51, 14, 15, 5
25, 51, 14, 15, 5
25, 51, 14, 15, 6
25, 51, 14, 15, 6
25, 51, 14, 15, 6
25, 51, 14, 15, 6
25, 51, 14, 15, 7
25, 51, 14, 15, 7
25, 51, 14, 15, 8
25, 51, 14, 15, 8
25, 51, 15, 14, 2
25, 51, 15, 14, 2
25, 51, 15, 14, 2
25, 51, 15, 14, 2
25, 51, 15, 14, 2
25, 51, 15, 14, 2
25, 51, 15, 14, 2
25, 51, 15, 14, 2
25, 51, 15, 14, 2
25, 51, 15, 14, 2
25, 51, 15, 14, 2
25, 51, 15, 14, 2
25, 51, 15, 14, 2
25, 51, 15, 14, 2
25, 51, 15, 14, 2
25, 51, 15, 14, 2
25, 51, 15, 14, 2
25, 51, 15, 14, 2
25, 51, 15, 14, 2
25, 51, 15, 14, 2
25, 51, 15, 14, 2
25, 51, 15, 14, 2
25, 51, 15, 14, 2
25, 51, 15, 14, 2
25, 51, 15, 14, 2
25, 51, 15, 16, 1
25, 51, 15, 16, 3
25, 51, 15, 16, 3
25, 51, 15, 16, 3
25, 51, 15, 16, 4
25, 51, 15, 16, 4
25, 51, 15, 16, 4
25, 51, 15, 16, 4
25, 51, 15, 16, 4
25, 51, 15, 16, 4
25, 51, 15, 16, 5
25, 51, 15, 16, 5
25, 51, 15, 16, 5
25, 51, 15, 16, 5
25, 51, 15, 16, 5
25, 51, 15, 16, 5
25, 51, 15, 16, 5
25, 51, 15, 16, 5
25, 51, 15, 16, 6
25, 51, 15, 16, 6
25, 51, 15, 16, 6
25, 51, 15, 16, 6
25, 51, 15, 16, 7
25, 51, 15, 16, 7
25, 51, 15, 16, 8
25, 51, 15, 16, 8
25, 51, 16, 15, 2
25, 51, 16, 15, 2
25, 51, 16, 15, 2
25, 51, 16, 15, 2
25, 51, 16, 15, 2
25, 51, 16, 15, 2
25, 51, 16, 15, 2
25, 51, 16, 15, 2
25, 51, 16, 15, 2
25, 51, 16, 15, 2
25, 51, 16, 15, 2
25, 51, 16, 15, 2
25, 51, 16, 15, 2
25, 51, 16, 15, 2
25, 51, 16, 15, 2
25, 51, 16, 15, 2
25, 51, 16, 15, 2
25, 51, 16, 15, 2
25, 51, 16, 15, 2
25, 51, 16, 15, 2
25, 51, 16, 15, 2
25, 51, 16, 15, 2
25, 51, 16, 15, 2
25, 51, 16, 15, 2
25, 51, 16, 15, 2
25, 51, 16, 17, 1
25, 51, 16, 17, 3
25, 51, 16, 17, 3
25, 51, 16, 17, 3
25, 51, 16, 17, 4
25, 51, 16, 17, 4
25, 51, 16, 17, 4
25, 51, 16, 17, 4
25, 51, 16, 17, 4
25, 51, 16, 17, 4
25, 51, 16, 17, 5
25, 51, 16, 17, 5
25, 51, 16, 17, 5
25, 51, 16, 17, 5
25, 51, 16, 17, 5
25, 51, 16, 17, 5
25, 51, 16, 17, 5
25, 51, 16, 17, 5
25, 51, 16, 17, 6
25, 51, 16, 17, 6
25, 51, 16, 17, 6
25, 51, 16, 17, 6
25, 51, 16, 17, 7
25, 51, 16, 17, 7
25, 51, 16, 17, 8
25, 51, 16, 17, 8
25, 51, 17, 16, 2
25, 51, 17, 16, 2
25, 51, 17, 16, 2
25, 51, 17, 16, 2
25, 51, 17, 16, 2
25, 51, 17, 16, 2
25, 51, 17, 16, 2
25, 51, 17, 16, 2
25, 51, 17, 16, 2
25, 51, 17, 16, 2
25, 51, 17, 16, 2
25, 51, 17, 16, 2
25, 51, 17, 16, 2
25, 51, 17, 16, 2
25, 51, 17, 16, 2
25, 51, 17, 16, 2
25, 51, 17, 16, 2
25, 51, 17, 16, 2
25, 51, 17, 16, 2
25, 51, 17, 16, 2
25, 51, 17, 16, 2
25, 51, 17, 16, 2
25, 51, 17, 16, 2
25, 51, 17, 16, 2
25, 51, 17, 16, 2
25, 51, 17, 18, 1
25, 51, 17, 18, 3
25, 51, 17, 18, 3
25, 51, 17, 18, 3
25, 51, 17, 18, 4
25, 51, 17, 18, 4
25, 51, 17, 18, 4
25, 51, 17, 18, 4
25, 51, 17, 18, 4
25, 51, 17, 18, 4
25, 51, 17, 18, 5
25, 51, 17, 18, 5
25, 51, 17, 18, 5
25, 51, 17, 18, 5
25, 51, 17, 18, 5
25, 51, 17, 18, 5
25, 51, 17, 18, 5
25, 51, 17, 18, 5
25, 51, 17, 18, 6
25, 51, 17, 18, 6
25, 51, 17, 18, 6
25, 51, 17, 18, 6
25, 51, 17, 18, 7
25, 51, 17, 18, 7
25, 51, 17, 18, 8
25, 51, 17, 18, 8
25, 25, 18, 17, 2
25, 25, 18, 17, 2
25, 25, 18, 17, 2
25, 25, 18, 17, 2
25, 25, 18, 17, 2
25, 25, 18, 17, 2
25, 25, 18, 17, 2
25, 25, 18, 17, 2
25, 25, 18, 17, 2
25, 25, 18, 17, 2
25, 25, 18, 17, 2
25, 25, 18, 17, 2
25, 25, 18, 17, 2
25, 25, 18, 17, 2
25, 25, 18, 17, 2
25, 25, 18, 17, 2
25, 25, 18, 17, 2
25, 25, 18, 17, 2
25, 25, 18, 17, 2
25, 25, 18, 17, 2
25, 25, 18, 17, 2
25, 25, 18, 17, 2
25, 25, 18, 17, 2
25, 25, 18, 17, 2
25, 25, 18, 17, 2
25, 51, 19, 12, 2
25, 51, 19, 12, 2
25, 51, 19, 12, 2
25, 51, 19, 12, 2
25, 51, 19, 12, 2
25, 51, 19, 12, 2
25, 51, 19, 12, 2
25, 51, 19, 12, 2
25, 51, 19, 12, 2
25, 51, 19, 12, 2
25, 51, 19, 12, 2
25, 51, 19, 12, 2
25, 51, 19, 12, 2
25, 51, 19, 12, 2
25, 51, 19, 12, 2
25, 51, 19, 12, 2
25, 51, 19, 12, 2
25, 51, 19, 12, 2
25, 51, 19, 12, 2
25, 51, 19, 12, 2
25, 51, 19, 12, 2
25, 51, 19, 12, 2
25, 51, 19, 12, 2
25, 51, 19, 12, 2
25, 51, 19, 12, 2
25, 51, 19, 20, 1
25, 51, 19, 20, 3
25, 51, 19, 20, 3
25, 51, 19, 20, 3
25, 51, 19, 20, 4
25, 51, 19, 20, 4
25, 51, 19, 20, 4
25, 51, 19, 20, 4
25, 51, 19, 20, 4
25, 51, 19, 20, 4
25, 51, 19, 20, 5
25, 51, 19, 20, 5
25, 51, 19, 20, 5
25, 51, 19, 20, 5
25, 51, 19, 20, 5
25, 51, 19, 20, 5
25, 51, 19, 20, 5
25, 51, 19, 20, 5
25, 51, 19, 20, 6
25, 51, 19, 20, 6
25, 51, 19, 20, 6
25, 51, 19, 20, 6
25, 51, 19, 20, 7
25, 51, 19, 20, 7
25, 51, 19, 20, 8
25, 51, 19, 20, 8
25, 51, 20, 19, 2
25, 51, 20, 19, 2
25, 51, 20, 19, 2
25, 51, 20, 19, 2
25, 51, 20, 19, 2
25, 51, 20, 19, 2
25, 51, 20, 19, 2
25, 51, 20, 19, 2
25, 51, 20, 19, 2
25, 51, 20, 19, 2
25, 51, 20, 19, 2
25, 51, 20, 19, 2
25, 51, 20, 19, 2
25, 51, 20, 19, 2
25, 51, 20, 19, 2
25, 51, 20, 19, 2
25, 51, 20, 19, 2
25, 51, 20, 19, 2
25, 51, 20, 19, 2
25, 51, 20, 19, 2
25, 51, 20, 19, 2
25, 51, 20, 19, 2
25, 51, 20, 19, 2
25, 51, 20, 19, 2
25, 51, 20, 19, 2
25, 51, 20, 21, 1
25, 51, 20, 21, 3
25, 51, 20, 21, 3
25, 51, 20, 21, 3
25, 51, 20, 21, 4
25, 51, 20, 21, 4
25, 51, 20, 21, 4
25, 51, 20, 21, 4
25, 51, 20, 21, 4
25, 51, 20, 21, 4
25, 51, 20, 21, 5
25, 51, 20, 21, 5
25, 51, 20, 21, 5
25, 51, 20, 21, 5
25, 51, 20, 21, 5
25, 51, 20, 21, 5
25, 51, 20, 21, 5
25, 51, 20, 21, 5
25, 51, 20, 21, 6
25, 51, 20, 21, 6
25, 51, 20, 21, 6
25, 51, 20, 21, 6
25, 51, 20, 21, 7
25, 51, 20, 21, 7
25, 51, 20, 21, 8
25, 51, 20, 21, 8
25, 51, 21, 20, 2
25, 51, 21, 20, 2
25, 51, 21, 20, 2
25, 51, 21, 20, 2
25, 51, 21, 20, 2
25, 51, 21, 20, 2
25, 51, 21, 20, 2
25, 51, 21, 20, 2
25, 51, 21, 20, 2
25, 51, 21, 20, 2
25, 51, 21, 20, 2
25, 51, 21, 20, 2
25, 51, 21, 20, 2
25, 51, 21, 20, 2
25, 51, 21, 20, 2
25, 51, 21, 20, 2
25, 51, 21, 20, 2
25, 51, 21, 20, 2
25, 51, 21, 20, 2
25, 51, 21, 20, 2
25, 51, 21, 20, 2
25, 51, 21, 20, 2
25, 51, 21, 20, 2
25, 51, 21, 20, 2
25, 51, 21, 20, 2
25, 51, 21, 22, 1
25, 51, 21, 22, 3
25, 51, 21, 22, 3
25, 51, 21, 22, 3
25, 51, 21, 22, 4
25, 51, 21, 22, 4
25, 51, 21, 22, 4
25, 51, 21, 22, 4
25, 51, 21, 22, 4
25, 51, 21, 22, 4
25, 51, 21, 22, 5
25, 51, 21, 22, 5
25, 51, 21, 22, 5
25, 51, 21, 22, 5
25, 51, 21, 22, 5
25, 51, 21, 22, 5
25, 51, 21, 22, 5
25, 51, 21, 22, 5
25, 51, 21, 22, 6
25, 51, 21, 22, 6
25, 51, 21, 22, 6
25, 51, 21, 22, 6
25, 51, 21, 22, 7
25, 51, 21, 22, 7
25, 51, 21, 22, 8
25, 51, 21, 22, 8
25, 51, 22, 21, 2
25, 51, 22, 21, 2
25, 51, 22, 21, 2
25, 51, 22, 21, 2
25, 51, 22, 21, 2
25, 51, 22, 21, 2
25, 51, 22, 21, 2
25, 51, 22, 21, 2
25, 51, 22, 21, 2
25, 51, 22, 21, 2
25, 51, 22, 21, 2
25, 51, 22, 21, 2
25, 51, 22, 21, 2
25, 51, 22, 21, 2
25, 51, 22, 21, 2
25, 51, 22, 21, 2
25, 51, 22, 21, 2
25, 51, 22, 21, 2
25, 51, 22, 21, 2
25, 51, 22, 21, 2
25, 51, 22, 21, 2
25, 51, 22, 21, 2
25, 51, 22, 21, 2
25, 51, 22, 21, 2
25, 51, 22, 21, 2
25, 51, 22, 23, 1
25, 51, 22, 23, 3
25, 51, 22, 23, 3
25, 51, 22, 23, 3
25, 51, 22, 23, 4
25, 51, 22, 23, 4
25, 51, 22, 23, 4
25, 51, 22, 23, 4
25, 51, 22, 23, 4
25, 51, 22, 23, 4
25, 51, 22, 23, 5
25, 51, 22, 23, 5
25, 51, 22, 23, 5
25, 51, 22, 23, 5
25, 51, 22, 23, 5
25, 51, 22, 23, 5
25, 51, 22, 23, 5
25, 51, 22, 23, 5
25, 51, 22, 23, 6
25, 51, 22, 23, 6
25, 51, 22, 23, 6
25, 51, 22, 23, 6
25, 51, 22, 23, 7
25, 51, 22, 23, 7
25, 51, 22, 23, 8
25, 51, 22, 23, 8
25, 51, 23, 22, 2
25, 51, 23, 22, 2
25, 51, 23, 22, 2
25, 51, 23, 22, 2
25, 51, 23, 22, 2
25, 51, 23, 22, 2
25, 51, 23, 22, 2
25, 51, 23, 22, 2
25, 51, 23, 22, 2
25, 51, 23, 22, 2
25, 51, 23, 22, 2
25, 51, 23, 22, 2
25, 51, 23, 22, 2
25, 51, 23, 22, 2
25, 51, 23, 22, 2
25, 51, 23, 22, 2
25, 51, 23, 22, 2
25, 51, 23, 22, 2
25, 51, 23, 22, 2
25, 51, 23, 22, 2
25, 51, 23, 22, 2
25, 51, 23, 22, 2
25, 51, 23, 22, 2
25, 51, 23, 22, 2
25, 51, 23, 22, 2
25, 51, 23, 24, 1
25, 51, 23, 24, 3
25, 51, 23, 24, 3
25, 51, 23, 24, 3
25, 51, 23, 24, 4
25, 51, 23, 24, 4
25, 51, 23, 24, 4
25, 51, 23, 24, 4
25, 51, 23, 24, 4
25, 51, 23, 24, 4
25, 51, 23, 24, 5
25, 51, 23, 24, 5
25, 51, 23, 24, 5
25, 51, 23, 24, 5
25, 51, 23, 24, 5
25, 51, 23, 24, 5
25, 51, 23, 24, 5
25, 51, 23, 24, 5
25, 51, 23, 24, 6
25, 51, 23, 24, 6
25, 51, 23, 24, 6
25, 51, 23, 24, 6
25, 51, 23, 24, 7
25, 51, 23, 24, 7
25, 51, 23, 24, 8
25, 51, 23, 24, 8
25, 51, 24, 23, 2
25, 51, 24, 23, 2
25, 51, 24, 23, 2
25, 51, 24, 23, 2
25, 51, 24, 23, 2
25, 51, 24, 23, 2
25, 51, 24, 23, 2
25, 51, 24, 23, 2
25, 51, 24, 23, 2
25, 51, 24, 23, 2
25, 51, 24, 23, 2
25, 51, 24, 23, 2
25, 51, 24, 23, 2
25, 51, 24, 23, 2
25, 51, 24, 23, 2
25, 51, 24, 23, 2
25, 51, 24, 23, 2
25, 51, 24, 23, 2
25, 51, 24, 23, 2
25, 51, 24, 23, 2
25, 51, 24, 23, 2
25, 51, 24, 23, 2
25, 51, 24, 23, 2
25, 51, 24, 23, 2
25, 51, 24, 23, 2
25, 51, 24, 25, 1
25, 51, 24, 25, 3
25, 51, 24, 25, 3
25, 51, 24, 25, 3
25, 51, 24, 25, 4
25, 51, 24, 25, 4
25, 51, 24, 25, 4
25, 51, 24, 25, 4
25, 51, 24, 25, 4
25, 51, 24, 25, 4
25, 51, 24, 25, 5
25, 51, 24, 25, 5
25, 51, 24, 25, 5
25, 51, 24, 25, 5
25, 51, 24, 25, 5
25, 51, 24, 25, 5
25, 51, 24, 25, 5
25, 51, 24, 25, 5
25, 51, 24, 25, 6
25, 51, 24, 25, 6
25, 51, 24, 25, 6
25, 51, 24, 25, 6
25, 51, 24, 25, 7
25, 51, 24, 25, 7
25, 51, 24, 25, 8
25, 51, 24, 25, 8
25, 51, 25, 2, 1
25, 51, 25, 2, 3
25, 51, 25, 2, 3
25, 51, 25, 2, 3
25, 51, 25, 2, 4
25, 51, 25, 2, 4
25, 51, 25, 2, 4
25, 51, 25, 2, 4
25, 51, 25, 2, 4
25, 51, 25, 2, 4
25, 51, 25, 2, 5
25, 51, 25, 2, 5
25, 51, 25, 2, 5
25, 51, 25, 2, 5
25, 51, 25, 2, 5
25, 51, 25, 2, 5
25, 51, 25, 2, 5
25, 51, 25, 2, 5
25, 51, 25, 2, 6
25, 51, 25, 2, 6
25, 51, 25, 2, 6
25, 51, 25, 2, 6
25, 51, 25, 2, 7
25, 51, 25, 2, 7
25, 51, 25, 2, 8
25, 51, 25, 2, 8
25, 51, 25, 24, 2
25, 51, 25, 24, 2
25, 51, 25, 24, 2
25, 51, 25, 24, 2
25, 51, 25, 24, 2
25, 51, 25, 24, 2
25, 51, 25, 24, 2
25, 51, 25, 24, 2
25, 51, 25, 24, 2
25, 51, 25, 24, 2
25, 51, 25, 24, 2
25, 51, 25, 24, 2
25, 51, 25, 24, 2
25, 51, 25, 24, 2
25, 51, 25, 24, 2
25, 51, 25, 24, 2
25, 51, 25, 24, 2
25, 51, 25, 24, 2
25, 51, 25, 24, 2
25, 51, 25, 24, 2
25, 51, 25, 24, 2
25, 51, 25, 24, 2
25, 51, 25, 24, 2
25, 51, 25, 24, 2
25, 51, 25, 24, 2
26, 25, 1, 0, 3
26, 25, 1, 0, 3
26, 25, 1, 0, 3
26, 25, 1, 0, 3
26, 25, 1, 0, 3
26, 25, 1, 0, 3
26, 25, 1, 0, 3
26, 25, 1, 0, 3
26, 25, 1, 0, 3
26, 25, 1, 0, 3
26, 25, 1, 0, 3
26, 25, 1, 0, 3
26, 25, 1, 0, 3
26, 25, 1, 0, 3
26, 25, 1, 0, 3
26, 25, 1, 0, 3
26, 25, 1, 0, 3
26, 25, 1, 0, 3
26, 25, 1, 0, 3
26, 25, 1, 0, 3
26, 25, 1, 0, 3
26, 25, 1, 0, 3
26, 25, 1, 0, 3
26, 25, 1, 0, 3
26, 25, 1, 0, 3
26, 25, 2, 1, 2
26, 25, 2, 1, 2
26, 25, 2, 1, 2
26, 25, 2, 1, 2
26, 25, 2, 1, 2
26, 25, 2, 1, 2
26, 25, 2, 1, 2
26, 25, 2, 1, 2
26, 25, 2, 1, 2
26, 25, 2, 1, 2
26, 25, 2, 1, 2
26, 25, 2, 1, 2
26, 25, 2, 1, 2
26, 25, 2, 1, 2
26, 25, 2, 1, 2
26, 25, 2, 1, 2
26, 25, 2, 1, 2
26, 25, 2, 1, 2
26, 25, 2, 1, 2
26, 25, 2, 1, 2
26, 25, 2, 1, 2
26, 25, 2, 1, 2
26, 25, 2, 1, 2
26, 25, 2, 1, 2
26, 25, 2, 1, 2
27, 25, 1, 0, 3
27, 25, 1, 0, 3
27, 25, 1, 0, 3
27, 25, 1, 0, 3
27, 25, 1, 0, 3
27, 25, 1, 0, 3
27, 25, 1, 0, 3
27, 25, 1, 0, 3
27, 25, 1, 0, 3
27, 25, 1, 0, 3
27, 25, 1, 0, 3
27, 25, 1, 0, 3
27, 25, 1, 0, 3
27, 25, 1, 0, 3
27, 25, 1, 0, 3
27, 25, 1, 0, 3
27, 25, 1, 0, 3
27, 25, 1, 0, 3
27, 25, 1, 0, 3
27, 25, 1, 0, 3
27, 25, 1, 0, 3
27, 25, 1, 0, 3
27, 25, 1, 0, 3
27, 25, 1, 0, 3
27, 25, 1, 0, 3
27, 25, 2, 1, 2
27, 25, 2, 1, 2
27, 25, 2, 1, 2
27, 25, 2, 1, 2
27, 25, 2, 1, 2
27, 25, 2, 1, 2
27, 25, 2, 1, 2
27, 25, 2, 1, 2
27, 25, 2, 1, 2
27, 25, 2, 1, 2
27, 25, 2, 1, 2
27, 25, 2, 1, 2
27, 25, 2, 1, 2
27, 25, 2, 1, 2
27, 25, 2, 1, 2
27, 25, 2, 1, 2
27, 25, 2, 1, 2
27, 25, 2, 1, 2
27, 25, 2, 1, 2
27, 25, 2, 1, 2
27, 25, 2, 1, 2
27, 25, 2, 1, 2
27, 25, 2, 1, 2
27, 25, 2, 1, 2
27, 25, 2, 1, 2
28, 25, 1, 0, 3
28, 25, 1, 0, 3
28, 25, 1, 0, 3
28, 25, 1, 0, 3
28, 25, 1, 0, 3
28, 25, 1, 0, 3
28, 25, 1, 0, 3
28, 25, 1, 0, 3
28, 25, 1, 0, 3
28, 25, 1, 0, 3
28, 25, 1, 0, 3
28, 25, 1, 0, 3
28, 25, 1, 0, 3
28, 25, 1, 0, 3
28, 25, 1, 0, 3
28, 25, 1, 0, 3
28, 25, 1, 0, 3
28, 25, 1, 0, 3
28, 25, 1, 0, 3
28, 25, 1, 0, 3
28, 25, 1, 0, 3
28, 25, 1, 0, 3
28, 25, 1, 0, 3
28, 25, 1, 0, 3
28, 25, 1, 0, 3
28, 25, 2, 1, 2
28, 25, 2, 1, 2
28, 25, 2, 1, 2
28, 25, 2, 1, 2
28, 25, 2, 1, 2
28, 25, 2, 1, 2
28, 25, 2, 1, 2
28, 25, 2, 1, 2
28, 25, 2, 1, 2
28, 25, 2, 1, 2
28, 25, 2, 1, 2
28, 25, 2, 1, 2
28, 25, 2, 1, 2
28, 25, 2, 1, 2
28, 25, 2, 1, 2
28, 25, 2, 1, 2
28, 25, 2, 1, 2
28, 25, 2, 1, 2
28, 25, 2, 1, 2
28, 25, 2, 1, 2
28, 25, 2, 1, 2
28, 25, 2, 1, 2
28, 25, 2, 1, 2
28, 25, 2, 1, 2
28, 25, 2, 1, 2
29, 25, 1, 0, 4
29, 25, 1, 0, 4
29, 25, 1, 0, 4
29, 25, 1, 0, 4
29, 25, 1, 0, 4
29, 25, 1, 0, 4
29, 25, 1, 0, 4
29, 25, 1, 0, 4
29, 25, 1, 0, 4
29, 25, 1, 0, 4
29, 25, 1, 0, 4
29, 25, 1, 0, 4
29, 25, 1, 0, 4
29, 25, 1, 0, 4
29, 25, 1, 0, 4
29, 25, 1, 0, 4
29, 25, 1, 0, 4
29, 25, 1, 0, 4
29, 25, 1, 0, 4
29, 25, 1, 0, 4
29, 25, 1, 0, 4
29, 25, 1, 0, 4
29, 25, 1, 0, 4
29, 25, 1, 0, 4
29, 25, 1, 0, 4
29, 25, 2, 1, 2
29, 25, 2, 1, 2
29, 25, 2, 1, 2
29, 25, 2, 1, 2
29, 25, 2, 1, 2
29, 25, 2, 1, 2
29, 25, 2, 1, 2
29, 25, 2, 1, 2
29, 25, 2, 1, 2
29, 25, 2, 1, 2
29, 25, 2, 1, 2
29, 25, 2, 1, 2
29, 25, 2, 1, 2
29, 25, 2, 1, 2
29, 25, 2, 1, 2
29, 25, 2, 1, 2
29, 25, 2, 1, 2
29, 25, 2, 1, 2
29, 25, 2, 1, 2
29, 25, 2, 1, 2
29, 25, 2, 1, 2
29, 25, 2, 1, 2
29, 25, 2, 1, 2
29, 25, 2, 1, 2
29, 25, 2, 1, 2
30, 25, 1, 0, 4
30, 25, 1, 0, 4
30, 25, 1, 0, 4
30, 25, 1, 0, 4
30, 25, 1, 0, 4
30, 25, 1, 0, 4
30, 25, 1, 0, 4
30, 25, 1, 0, 4
30, 25, 1, 0, 4
30, 25, 1, 0, 4
30, 25, 1, 0, 4
30, 25, 1, 0, 4
30, 25, 1, 0, 4
30, 25, 1, 0, 4
30, 25, 1, 0, 4
30, 25, 1, 0, 4
30, 25, 1, 0, 4
30, 25, 1, 0, 4
30, 25, 1, 0, 4
30, 25, 1, 0, 4
30, 25, 1, 0, 4
30, 25, 1, 0, 4
30, 25, 1, 0, 4
30, 25, 1, 0, 4
30, 25, 1, 0, 4
30, 25, 2, 1, 2
30, 25, 2, 1, 2
30, 25, 2, 1, 2
30, 25, 2, 1, 2
30, 25, 2, 1, 2
30, 25, 2, 1, 2
30, 25, 2, 1, 2
30, 25, 2, 1, 2
30, 25, 2, 1, 2
30, 25, 2, 1, 2
30, 25, 2, 1, 2
30, 25, 2, 1, 2
30, 25, 2, 1, 2
30, 25, 2, 1, 2
30, 25, 2, 1, 2
30, 25, 2, 1, 2
30, 25, 2, 1, 2
30, 25, 2, 1, 2
30, 25, 2, 1, 2
30, 25, 2, 1, 2
30, 25, 2, 1, 2
30, 25, 2, 1, 2
30, 25, 2, 1, 2
30, 25, 2, 1, 2
30, 25, 2, 1, 2
31, 25, 1, 0, 4
31, 25, 1, 0, 4
31, 25, 1, 0, 4
31, 25, 1, 0, 4
31, 25, 1, 0, 4
31, 25, 1, 0, 4
31, 25, 1, 0, 4
31, 25, 1, 0, 4
31, 25, 1, 0, 4
31, 25, 1, 0, 4
31, 25, 1, 0, 4
31, 25, 1, 0, 4
31, 25, 1, 0, 4
31, 25, 1, 0, 4
31, 25, 1, 0, 4
31, 25, 1, 0, 4
31, 25, 1, 0, 4
31, 25, 1, 0, 4
31, 25, 1, 0, 4
31, 25, 1, 0, 4
31, 25, 1, 0, 4
31, 25, 1, 0, 4
31, 25, 1, 0, 4
31, 25, 1, 0, 4
31, 25, 1, 0, 4
31, 25, 2, 1, 2
31, 25, 2, 1, 2
31, 25, 2, 1, 2
31, 25, 2, 1, 2
31, 25, 2, 1, 2
31, 25, 2, 1, 2
31, 25, 2, 1, 2
31, 25, 2, 1, 2
31, 25, 2, 1, 2
31, 25, 2, 1, 2
31, 25, 2, 1, 2
31, 25, 2, 1, 2
31, 25, 2, 1, 2
31, 25, 2, 1, 2
31, 25, 2, 1, 2
31, 25, 2, 1, 2
31, 25, 2, 1, 2
31, 25, 2, 1, 2
31, 25, 2, 1, 2
31, 25, 2, 1, 2
31, 25, 2, 1, 2
31, 25, 2, 1, 2
31, 25, 2, 1, 2
31, 25, 2, 1, 2
31, 25, 2, 1, 2
32, 25, 1, 0, 4
32, 25, 1, 0, 4
32, 25, 1, 0, 4
32, 25, 1, 0, 4
32, 25, 1, 0, 4
32, 25, 1, 0, 4
32, 25, 1, 0, 4
32, 25, 1, 0, 4
32, 25, 1, 0, 4
32, 25, 1, 0, 4
32, 25, 1, 0, 4
32, 25, 1, 0, 4
32, 25, 1, 0, 4
32, 25, 1, 0, 4
32, 25, 1, 0, 4
32, 25, 1, 0, 4
32, 25, 1, 0, 4
32, 25, 1, 0, 4
32, 25, 1, 0, 4
32, 25, 1, 0, 4
32, 25, 1, 0, 4
32, 25, 1, 0, 4
32, 25, 1, 0, 4
32, 25, 1, 0, 4
32, 25, 1, 0, 4
32, 25, 2, 1, 2
32, 25, 2, 1, 2
32, 25, 2, 1, 2
32, 25, 2, 1, 2
32, 25, 2, 1, 2
32, 25, 2, 1, 2
32, 25, 2, 1, 2
32, 25, 2, 1, 2
32, 25, 2, 1, 2
32, 25, 2, 1, 2
32, 25, 2, 1, 2
32, 25, 2, 1, 2
32, 25, 2, 1, 2
32, 25, 2, 1, 2
32, 25, 2, 1, 2
32, 25, 2, 1, 2
32, 25, 2, 1, 2
32, 25, 2, 1, 2
32, 25, 2, 1, 2
32, 25, 2, 1, 2
32, 25, 2, 1, 2
32, 25, 2, 1, 2
32, 25, 2, 1, 2
32, 25, 2, 1, 2
32, 25, 2, 1, 2
33, 25, 1, 0, 4
33, 25, 1, 0, 4
33, 25, 1, 0, 4
33, 25, 1, 0, 4
33, 25, 1, 0, 4
33, 25, 1, 0, 4
33, 25, 1, 0, 4
33, 25, 1, 0, 4
33, 25, 1, 0, 4
33, 25, 1, 0, 4
33, 25, 1, 0, 4
33, 25, 1, 0, 4
33, 25, 1, 0, 4
33, 25, 1, 0, 4
33, 25, 1, 0, 4
33, 25, 1, 0, 4
33, 25, 1, 0, 4
33, 25, 1, 0, 4
33, 25, 1, 0, 4
33, 25, 1, 0, 4
33, 25, 1, 0, 4
33, 25, 1, 0, 4
33, 25, 1, 0, 4
33, 25, 1, 0, 4
33, 25, 1, 0, 4
33, 25, 2, 1, 2
33, 25, 2, 1, 2
33, 25, 2, 1, 2
33, 25, 2, 1, 2
33, 25, 2, 1, 2
33, 25, 2, 1, 2
33, 25, 2, 1, 2
33, 25, 2, 1, 2
33, 25, 2, 1, 2
33, 25, 2, 1, 2
33, 25, 2, 1, 2
33, 25, 2, 1, 2
33, 25, 2, 1, 2
33, 25, 2, 1, 2
33, 25, 2, 1, 2
33, 25, 2, 1, 2
33, 25, 2, 1, 2
33, 25, 2, 1, 2
33, 25, 2, 1, 2
33, 25, 2, 1, 2
33, 25, 2, 1, 2
33, 25, 2, 1, 2
33, 25, 2, 1, 2
33, 25, 2, 1, 2
33, 25, 2, 1, 2
34, 25, 1, 0, 4
34, 25, 1, 0, 4
34, 25, 1, 0, 4
34, 25, 1, 0, 4
34, 25, 1, 0, 4
34, 25, 1, 0, 4
34, 25, 1, 0, 4
34, 25, 1, 0, 4
34, 25, 1, 0, 4
34, 25, 1, 0, 4
34, 25, 1, 0, 4
34, 25, 1, 0, 4
34, 25, 1, 0, 4
34, 25, 1, 0, 4
34, 25, 1, 0, 4
34, 25, 1, 0, 4
34, 25, 1, 0, 4
34, 25, 1, 0, 4
34, 25, 1, 0, 4
34, 25, 1, 0, 4
34, 25, 1, 0, 4
34, 25, 1, 0, 4
34, 25, 1, 0, 4
34, 25, 1, 0, 4
34, 25, 1, 0, 4
34, 25, 2, 1, 2
34, 25, 2, 1, 2
34, 25, 2, 1, 2
34, 25, 2, 1, 2
34, 25, 2, 1, 2
34, 25, 2, 1, 2
34, 25, 2, 1, 2
34, 25, 2, 1, 2
34, 25, 2, 1, 2
34, 25, 2, 1, 2
34, 25, 2, 1, 2
34, 25, 2, 1, 2
34, 25, 2, 1, 2
34, 25, 2, 1, 2
34, 25, 2, 1, 2
34, 25, 2, 1, 2
34, 25, 2, 1, 2
34, 25, 2, 1, 2
34, 25, 2, 1, 2
34, 25, 2, 1, 2
34, 25, 2, 1, 2
34, 25, 2, 1, 2
34, 25, 2, 1, 2
34, 25, 2, 1, 2
34, 25, 2, 1, 2
35, 25, 1, 0, 5
35, 25, 1, 0, 5
35, 25, 1, 0, 5
35, 25, 1, 0, 5
35, 25, 1, 0, 5
35, 25, 1, 0, 5
35, 25, 1, 0, 5
35, 25, 1, 0, 5
35, 25, 1, 0, 5
35, 25, 1, 0, 5
35, 25, 1, 0, 5
35, 25, 1, 0, 5
35, 25, 1, 0, 5
35, 25, 1, 0, 5
35, 25, 1, 0, 5
35, 25, 1, 0, 5
35, 25, 1, 0, 5
35, 25, 1, 0, 5
35, 25, 1, 0, 5
35, 25, 1, 0, 5
35, 25, 1, 0, 5
35, 25, 1, 0, 5
35, 25, 1, 0, 5
35, 25, 1, 0, 5
35, 25, 1, 0, 5
35, 25, 2, 1, 2
35, 25, 2, 1, 2
35, 25, 2, 1, 2
35, 25, 2, 1, 2
35, 25, 2, 1, 2
35, 25, 2, 1, 2
35, 25, 2, 1, 2
35, 25, 2, 1, 2
35, 25, 2, 1, 2
35, 25, 2, 1, 2
35, 25, 2, 1, 2
35, 25, 2, 1, 2
35, 25, 2, 1, 2
35, 25, 2, 1, 2
35, 25, 2, 1, 2
35, 25, 2, 1, 2
35, 25, 2, 1, 2
35, 25, 2, 1, 2
35, 25, 2, 1, 2
35, 25, 2, 1, 2
35, 25, 2, 1, 2
35, 25, 2, 1, 2
35, 25, 2, 1, 2
35, 25, 2, 1, 2
35, 25, 2, 1, 2
36, 25, 1, 0, 5
36, 25, 1, 0, 5
36, 25, 1, 0, 5
36, 25, 1, 0, 5
36, 25, 1, 0, 5
36, 25, 1, 0, 5
36, 25, 1, 0, 5
36, 25, 1, 0, 5
36, 25, 1, 0, 5
36, 25, 1, 0, 5
36, 25, 1, 0, 5
36, 25, 1, 0, 5
36, 25, 1, 0, 5
36, 25, 1, 0, 5
36, 25, 1, 0, 5
36, 25, 1, 0, 5
36, 25, 1, 0, 5
36, 25, 1, 0, 5
36, 25, 1, 0, 5
36, 25, 1, 0, 5
36, 25, 1, 0, 5
36, 25, 1, 0, 5
36, 25, 1, 0, 5
36, 25, 1, 0, 5
36, 25, 1, 0, 5
36, 25, 2, 1, 2
36, 25, 2, 1, 2
36, 25, 2, 1, 2
36, 25, 2, 1, 2
36, 25, 2, 1, 2
36, 25, 2, 1, 2
36, 25, 2, 1, 2
36, 25, 2, 1, 2
36, 25, 2, 1, 2
36, 25, 2, 1, 2
36, 25, 2, 1, 2
36, 25, 2, 1, 2
36, 25, 2, 1, 2
36, 25, 2, 1, 2
36, 25, 2, 1, 2
36, 25, 2, 1, 2
36, 25, 2, 1, 2
36, 25, 2, 1, 2
36, 25, 2, 1, 2
36, 25, 2, 1, 2
36, 25, 2, 1, 2
36, 25, 2, 1, 2
36, 25, 2, 1, 2
36, 25, 2, 1, 2
36, 25, 2, 1, 2
37, 25, 1, 0, 5
37, 25, 1, 0, 5
37, 25, 1, 0, 5
37, 25, 1, 0, 5
37, 25, 1, 0, 5
37, 25, 1, 0, 5
37, 25, 1, 0, 5
37, 25, 1, 0, 5
37, 25, 1, 0, 5
37, 25, 1, 0, 5
37, 25, 1, 0, 5
37, 25, 1, 0, 5
37, 25, 1, 0, 5
37, 25, 1, 0, 5
37, 25, 1, 0, 5
37, 25, 1, 0, 5
37, 25, 1, 0, 5
37, 25, 1, 0, 5
37, 25, 1, 0, 5
37, 25, 1, 0, 5
37, 25, 1, 0, 5
37, 25, 1, 0, 5
37, 25, 1, 0, 5
37, 25, 1, 0, 5
37, 25, 1, 0, 5
37, 25, 2, 1, 2
37, 25, 2, 1, 2
37, 25, 2, 1, 2
37, 25, 2, 1, 2
37, 25, 2, 1, 2
37, 25, 2, 1, 2
37, 25, 2, 1, 2
37, 25, 2, 1, 2
37, 25, 2, 1, 2
37, 25, 2, 1, 2
37, 25, 2, 1, 2
37, 25, 2, 1, 2
37, 25, 2, 1, 2
37, 25, 2, 1, 2
37, 25, 2, 1, 2
37, 25, 2, 1, 2
37, 25, 2, 1, 2
37, 25, 2, 1, 2
37, 25, 2, 1, 2
37, 25, 2, 1, 2
37, 25, 2, 1, 2
37, 25, 2, 1, 2
37, 25, 2, 1, 2
37, 25, 2, 1, 2
37, 25, 2, 1, 2
38, 25, 1, 0, 5
38, 25, 1, 0, 5
38, 25, 1, 0, 5
38, 25, 1, 0, 5
38, 25, 1, 0, 5
38, 25, 1, 0, 5
38, 25, 1, 0, 5
38, 25, 1, 0, 5
38, 25, 1, 0, 5
38, 25, 1, 0, 5
38, 25, 1, 0, 5
38, 25, 1, 0, 5
38, 25, 1, 0, 5
38, 25, 1, 0, 5
38, 25, 1, 0, 5
38, 25, 1, 0, 5
38, 25, 1, 0, 5
38, 25, 1, 0, 5
38, 25, 1, 0, 5
38, 25, 1, 0, 5
38, 25, 1, 0, 5
38, 25, 1, 0, 5
38, 25, 1, 0, 5
38, 25, 1, 0, 5
38, 25, 1, 0, 5
38, 25, 2, 1, 2
38, 25, 2, 1, 2
38, 25, 2, 1, 2
38, 25, 2, 1, 2
38, 25, 2, 1, 2
38, 25, 2, 1, 2
38, 25, 2, 1, 2
38, 25, 2, 1, 2
38, 25, 2, 1, 2
38, 25, 2, 1, 2
38, 25, 2, 1, 2
38, 25, 2, 1, 2
38, 25, 2, 1, 2
38, 25, 2, 1, 2
38, 25, 2, 1, 2
38, 25, 2, 1, 2
38, 25, 2, 1, 2
38, 25, 2, 1, 2
38, 25, 2, 1, 2
38, 25, 2, 1, 2
38, 25, 2, 1, 2
38, 25, 2, 1, 2
38, 25, 2, 1, 2
38, 25, 2, 1, 2
38, 25, 2, 1, 2
39, 25, 1, 0, 5
39, 25, 1, 0, 5
39, 25, 1, 0, 5
39, 25, 1, 0, 5
39, 25, 1, 0, 5
39, 25, 1, 0, 5
39, 25, 1, 0, 5
39, 25, 1, 0, 5
39, 25, 1, 0, 5
39, 25, 1, 0, 5
39, 25, 1, 0, 5
39, 25, 1, 0, 5
39, 25, 1, 0, 5
39, 25, 1, 0, 5
39, 25, 1, 0, 5
39, 25, 1, 0, 5
39, 25, 1, 0, 5
39, 25, 1, 0, 5
39, 25, 1, 0, 5
39, 25, 1, 0, 5
39, 25, 1, 0, 5
39, 25, 1, 0, 5
39, 25, 1, 0, 5
39, 25, 1, 0, 5
39, 25, 1, 0, 5
39, 25, 2, 1, 2
39, 25, 2, 1, 2
39, 25, 2, 1, 2
39, 25, 2, 1, 2
39, 25, 2, 1, 2
39, 25, 2, 1, 2
39, 25, 2, 1, 2
39, 25, 2, 1, 2
39, 25, 2, 1, 2
39, 25, 2, 1, 2
39, 25, 2, 1, 2
39, 25, 2, 1, 2
39, 25, 2, 1, 2
39, 25, 2, 1, 2
39, 25, 2, 1, 2
39, 25, 2, 1, 2
39, 25, 2, 1, 2
39, 25, 2, 1, 2
39, 25, 2, 1, 2
39, 25, 2, 1, 2
39, 25, 2, 1, 2
39, 25, 2, 1, 2
39, 25, 2, 1, 2
39, 25, 2, 1, 2
39, 25, 2, 1, 2
40, 25, 1, 0, 5
40, 25, 1, 0, 5
40, 25, 1, 0, 5
40, 25, 1, 0, 5
40, 25, 1, 0, 5
40, 25, 1, 0, 5
40, 25, 1, 0, 5
40, 25, 1, 0, 5
40, 25, 1, 0, 5
40, 25, 1, 0, 5
40, 25, 1, 0, 5
40, 25, 1, 0, 5
40, 25, 1, 0, 5
40, 25, 1, 0, 5
40, 25, 1, 0, 5
40, 25, 1, 0, 5
40, 25, 1, 0, 5
40, 25, 1, 0, 5
40, 25, 1, 0, 5
40, 25, 1, 0, 5
40, 25, 1, 0, 5
40, 25, 1, 0, 5
40, 25, 1, 0, 5
40, 25, 1, 0, 5
40, 25, 1, 0, 5
40, 25, 2, 1, 2
40, 25, 2, 1, 2
40, 25, 2, 1, 2
40, 25, 2, 1, 2
40, 25, 2, 1, 2
40, 25, 2, 1, 2
40, 25, 2, 1, 2
40, 25, 2, 1, 2
40, 25, 2, 1, 2
40, 25, 2, 1, 2
40, 25, 2, 1, 2
40, 25, 2, 1, 2
40, 25, 2, 1, 2
40, 25, 2, 1, 2
40, 25, 2, 1, 2
40, 25, 2, 1, 2
40, 25, 2, 1, 2
40, 25, 2, 1, 2
40, 25, 2, 1, 2
40, 25, 2, 1, 2
40, 25, 2, 1, 2
40, 25, 2, 1, 2
40, 25, 2, 1, 2
40, 25, 2, 1, 2
40, 25, 2, 1, 2
41, 25, 1, 0, 5
41, 25, 1, 0, 5
41, 25, 1, 0, 5
41, 25, 1, 0, 5
41, 25, 1, 0, 5
41, 25, 1, 0, 5
41, 25, 1, 0, 5
41, 25, 1, 0, 5
41, 25, 1, 0, 5
41, 25, 1, 0, 5
41, 25, 1, 0, 5
41, 25, 1, 0, 5
41, 25, 1, 0, 5
41, 25, 1, 0, 5
41, 25, 1, 0, 5
41, 25, 1, 0, 5
41, 25, 1, 0, 5
41, 25, 1, 0, 5
41, 25, 1, 0, 5
41, 25, 1, 0, 5
41, 25, 1, 0, 5
41, 25, 1, 0, 5
41, 25, 1, 0, 5
41, 25, 1, 0, 5
41, 25, 1, 0, 5
41, 25, 2, 1, 2
41, 25, 2, 1, 2
41, 25, 2, 1, 2
41, 25, 2, 1, 2
41, 25, 2, 1, 2
41, 25, 2, 1, 2
41, 25, 2, 1, 2
41, 25, 2, 1, 2
41, 25, 2, 1, 2
41, 25, 2, 1, 2
41, 25, 2, 1, 2
41, 25, 2, 1, 2
41, 25, 2, 1, 2
41, 25, 2, 1, 2
41, 25, 2, 1, 2
41, 25, 2, 1, 2
41, 25, 2, 1, 2
41, 25, 2, 1, 2
41, 25, 2, 1, 2
41, 25, 2, 1, 2
41, 25, 2, 1, 2
41, 25, 2, 1, 2
41, 25, 2, 1, 2
41, 25, 2, 1, 2
41, 25, 2, 1, 2
42, 25, 1, 0, 5
42, 25, 1, 0, 5
42, 25, 1, 0, 5
42, 25, 1, 0, 5
42, 25, 1, 0, 5
42, 25, 1, 0, 5
42, 25, 1, 0, 5
42, 25, 1, 0, 5
42, 25, 1, 0, 5
42, 25, 1, 0, 5
42, 25, 1, 0, 5
42, 25, 1, 0, 5
42, 25, 1, 0, 5
42, 25, 1, 0, 5
42, 25, 1, 0, 5
42, 25, 1, 0, 5
42, 25, 1, 0, 5
42, 25, 1, 0, 5
42, 25, 1, 0, 5
42, 25, 1, 0, 5
42, 25, 1, 0, 5
42, 25, 1, 0, 5
42, 25, 1, 0, 5
42, 25, 1, 0, 5
42, 25, 1, 0, 5
42, 25, 2, 1, 2
42, 25, 2, 1, 2
42, 25, 2, 1, 2
42, 25, 2, 1, 2
42, 25, 2, 1, 2
42, 25, 2, 1, 2
42, 25, 2, 1, 2
42, 25, 2, 1, 2
42, 25, 2, 1, 2
42, 25, 2, 1, 2
42, 25, 2, 1, 2
42, 25, 2, 1, 2
42, 25, 2, 1, 2
42, 25, 2, 1, 2
42, 25, 2, 1, 2
42, 25, 2, 1, 2
42, 25, 2, 1, 2
42, 25, 2, 1, 2
42, 25, 2, 1, 2
42, 25, 2, 1, 2
42, 25, 2, 1, 2
42, 25, 2, 1, 2
42, 25, 2, 1, 2
42, 25, 2, 1, 2
42, 25, 2, 1, 2
43, 25, 1, 0, 6
43, 25, 1, 0, 6
43, 25, 1, 0, 6
43, 25, 1, 0, 6
43, 25, 1, 0, 6
43, 25, 1, 0, 6
43, 25, 1, 0, 6
43, 25, 1, 0, 6
43, 25, 1, 0, 6
43, 25, 1, 0, 6
43, 25, 1, 0, 6
43, 25, 1, 0, 6
43, 25, 1, 0, 6
43, 25, 1, 0, 6
43, 25, 1, 0, 6
43, 25, 1, 0, 6
43, 25, 1, 0, 6
43, 25, 1, 0, 6
43, 25, 1, 0, 6
43, 25, 1, 0, 6
43, 25, 1, 0, 6
43, 25, 1, 0, 6
43, 25, 1, 0, 6
43, 25, 1, 0, 6
43, 25, 1, 0, 6
43, 25, 2, 1, 2
43, 25, 2, 1, 2
43, 25, 2, 1, 2
43, 25, 2, 1, 2
43, 25, 2, 1, 2
43, 25, 2, 1, 2
43, 25, 2, 1, 2
43, 25, 2, 1, 2
43, 25, 2, 1, 2
43, 25, 2, 1, 2
43, 25, 2, 1, 2
43, 25, 2, 1, 2
43, 25, 2, 1, 2
43, 25, 2, 1, 2
43, 25, 2, 1, 2
43, 25, 2, 1, 2
43, 25, 2, 1, 2
43, 25, 2, 1, 2
43, 25, 2, 1, 2
43, 25, 2, 1, 2
43, 25, 2, 1, 2
43, 25, 2, 1, 2
43, 25, 2, 1, 2
43, 25, 2, 1, 2
43, 25, 2, 1, 2
44, 25, 1, 0, 6
44, 25, 1, 0, 6
44, 25, 1, 0, 6
44, 25, 1, 0, 6
44, 25, 1, 0, 6
44, 25, 1, 0, 6
44, 25, 1, 0, 6
44, 25, 1, 0, 6
44, 25, 1, 0, 6
44, 25, 1, 0, 6
44, 25, 1, 0, 6
44, 25, 1, 0, 6
44, 25, 1, 0, 6
44, 25, 1, 0, 6
44, 25, 1, 0, 6
44, 25, 1, 0, 6
44, 25, 1, 0, 6
44, 25, 1, 0, 6
44, 25, 1, 0, 6
44, 25, 1, 0, 6
44, 25, 1, 0, 6
44, 25, 1, 0, 6
44, 25, 1, 0, 6
44, 25, 1, 0, 6
44, 25, 1, 0, 6
44, 25, 2, 1, 2
44, 25, 2, 1, 2
44, 25, 2, 1, 2
44, 25, 2, 1, 2
44, 25, 2, 1, 2
44, 25, 2, 1, 2
44, 25, 2, 1, 2
44, 25, 2, 1, 2
44, 25, 2, 1, 2
44, 25, 2, 1, 2
44, 25, 2, 1, 2
44, 25, 2, 1, 2
44, 25, 2, 1, 2
44, 25, 2, 1, 2
44, 25, 2, 1, 2
44, 25, 2, 1, 2
44, 25, 2, 1, 2
44, 25, 2, 1, 2
44, 25, 2, 1, 2
44, 25, 2, 1, 2
44, 25, 2, 1, 2
44, 25, 2, 1, 2
44, 25, 2, 1, 2
44, 25, 2, 1, 2
44, 25, 2, 1, 2
45, 25, 1, 0, 6
45, 25, 1, 0, 6
45, 25, 1, 0, 6
45, 25, 1, 0, 6
45, 25, 1, 0, 6
45, 25, 1, 0, 6
45, 25, 1, 0, 6
45, 25, 1, 0, 6
45, 25, 1, 0, 6
45, 25, 1, 0, 6
45, 25, 1, 0, 6
45, 25, 1, 0, 6
45, 25, 1, 0, 6
45, 25, 1, 0, 6
45, 25, 1, 0, 6
45, 25, 1, 0, 6
45, 25, 1, 0, 6
45, 25, 1, 0, 6
45, 25, 1, 0, 6
45, 25, 1, 0, 6
45, 25, 1, 0, 6
45, 25, 1, 0, 6
45, 25, 1, 0, 6
45, 25, 1, 0, 6
45, 25, 1, 0, 6
45, 25, 2, 1, 2
45, 25, 2, 1, 2
45, 25, 2, 1, 2
45, 25, 2, 1, 2
45, 25, 2, 1, 2
45, 25, 2, 1, 2
45, 25, 2, 1, 2
45, 25, 2, 1, 2
45, 25, 2, 1, 2
45, 25, 2, 1, 2
45, 25, 2, 1, 2
45, 25, 2, 1, 2
45, 25, 2, 1, 2
45, 25, 2, 1, 2
45, 25, 2, 1, 2
45, 25, 2, 1, 2
45, 25, 2, 1, 2
45, 25, 2, 1, 2
45, 25, 2, 1, 2
45, 25, 2, 1, 2
45, 25, 2, 1, 2
45, 25, 2, 1, 2
45, 25, 2, 1, 2
45, 25, 2, 1, 2
45, 25, 2, 1, 2
46, 25, 1, 0, 6
46, 25, 1, 0, 6
46, 25, 1, 0, 6
46, 25, 1, 0, 6
46, 25, 1, 0, 6
46, 25, 1, 0, 6
46, 25, 1, 0, 6
46, 25, 1, 0, 6
46, 25, 1, 0, 6
46, 25, 1, 0, 6
46, 25, 1, 0, 6
46, 25, 1, 0, 6
46, 25, 1, 0, 6
46, 25, 1, 0, 6
46, 25, 1, 0, 6
46, 25, 1, 0, 6
46, 25, 1, 0, 6
46, 25, 1, 0, 6
46, 25, 1, 0, 6
46, 25, 1, 0, 6
46, 25, 1, 0, 6
46, 25, 1, 0, 6
46, 25, 1, 0, 6
46, 25, 1, 0, 6
46, 25, 1, 0, 6
46, 25, 2, 1, 2
46, 25, 2, 1, 2
46, 25, 2, 1, 2
46, 25, 2, 1, 2
46, 25, 2, 1, 2
46, 25, 2, 1, 2
46, 25, 2, 1, 2
46, 25, 2, 1, 2
46, 25, 2, 1, 2
46, 25, 2, 1, 2
46, 25, 2, 1, 2
46, 25, 2, 1, 2
46, 25, 2, 1, 2
46, 25, 2, 1, 2
46, 25, 2, 1, 2
46, 25, 2, 1, 2
46, 25, 2, 1, 2
46, 25, 2, 1, 2
46, 25, 2, 1, 2
46, 25, 2, 1, 2
46, 25, 2, 1, 2
46, 25, 2, 1, 2
46, 25, 2, 1, 2
46, 25, 2, 1, 2
46, 25, 2, 1, 2
47, 25, 1, 0, 7
47, 25, 1, 0, 7
47, 25, 1, 0, 7
47, 25, 1, 0, 7
47, 25, 1, 0, 7
47, 25, 1, 0, 7
47, 25, 1, 0, 7
47, 25, 1, 0, 7
47, 25, 1, 0, 7
47, 25, 1, 0, 7
47, 25, 1, 0, 7
47, 25, 1, 0, 7
47, 25, 1, 0, 7
47, 25, 1, 0, 7
47, 25, 1, 0, 7
47, 25, 1, 0, 7
47, 25, 1, 0, 7
47, 25, 1, 0, 7
47, 25, 1, 0, 7
47, 25, 1, 0, 7
47, 25, 1, 0, 7
47, 25, 1, 0, 7
47, 25, 1, 0, 7
47, 25, 1, 0, 7
47, 25, 1, 0, 7
47, 25, 2, 1, 2
47, 25, 2, 1, 2
47, 25, 2, 1, 2
47, 25, 2, 1, 2
47, 25, 2, 1, 2
47, 25, 2, 1, 2
47, 25, 2, 1, 2
47, 25, 2, 1, 2
47, 25, 2, 1, 2
47, 25, 2, 1, 2
47, 25, 2, 1, 2
47, 25, 2, 1, 2
47, 25, 2, 1, 2
47, 25, 2, 1, 2
47, 25, 2, 1, 2
47, 25, 2, 1, 2
47, 25, 2, 1, 2
47, 25, 2, 1, 2
47, 25, 2, 1, 2
47, 25, 2, 1, 2
47, 25, 2, 1, 2
47, 25, 2, 1, 2
47, 25, 2, 1, 2
47, 25, 2, 1, 2
47, 25, 2, 1, 2
48, 25, 1, 0, 7
48, 25, 1, 0, 7
48, 25, 1, 0, 7
48, 25, 1, 0, 7
48, 25, 1, 0, 7
48, 25, 1, 0, 7
48, 25, 1, 0, 7
48, 25, 1, 0, 7
48, 25, 1, 0, 7
48, 25, 1, 0, 7
48, 25, 1, 0, 7
48, 25, 1, 0, 7
48, 25, 1, 0, 7
48, 25, 1, 0, 7
48, 25, 1, 0, 7
48, 25, 1, 0, 7
48, 25, 1, 0, 7
48, 25, 1, 0, 7
48, 25, 1, 0, 7
48, 25, 1, 0, 7
48, 25, 1, 0, 7
48, 25, 1, 0, 7
48, 25, 1, 0, 7
48, 25, 1, 0, 7
48, 25, 1, 0, 7
48, 25, 2, 1, 2
48, 25, 2, 1, 2
48, 25, 2, 1, 2
48, 25, 2, 1, 2
48, 25, 2, 1, 2
48, 25, 2, 1, 2
48, 25, 2, 1, 2
48, 25, 2, 1, 2
48, 25, 2, 1, 2
48, 25, 2, 1, 2
48, 25, 2, 1, 2
48, 25, 2, 1, 2
48, 25, 2, 1, 2
48, 25, 2, 1, 2
48, 25, 2, 1, 2
48, 25, 2, 1, 2
48, 25, 2, 1, 2
48, 25, 2, 1, 2
48, 25, 2, 1, 2
48, 25, 2, 1, 2
48, 25, 2, 1, 2
48, 25, 2, 1, 2
48, 25, 2, 1, 2
48, 25, 2, 1, 2
48, 25, 2, 1, 2
49, 25, 1, 0, 8
49, 25, 1, 0, 8
49, 25, 1, 0, 8
49, 25, 1, 0, 8
49, 25, 1, 0, 8
49, 25, 1, 0, 8
49, 25, 1, 0, 8
49, 25, 1, 0, 8
49, 25, 1, 0, 8
49, 25, 1, 0, 8
49, 25, 1, 0, 8
49, 25, 1, 0, 8
49, 25, 1, 0, 8
49, 25, 1, 0, 8
49, 25, 1, 0, 8
49, 25, 1, 0, 8
49, 25, 1, 0, 8
49, 25, 1, 0, 8
49, 25, 1, 0, 8
49, 25, 1, 0, 8
49, 25, 1, 0, 8
49, 25, 1, 0, 8
49, 25, 1, 0, 8
49, 25, 1, 0, 8
49, 25, 1, 0, 8
49, 25, 2, 1, 2
49, 25, 2, 1, 2
49, 25, 2, 1, 2
49, 25, 2, 1, 2
49, 25, 2, 1, 2
49, 25, 2, 1, 2
49, 25, 2, 1, 2
49, 25, 2, 1, 2
49, 25, 2, 1, 2
49, 25, 2, 1, 2
49, 25, 2, 1, 2
49, 25, 2, 1, 2
49, 25, 2, 1, 2
49, 25, 2, 1, 2
49, 25, 2, 1, 2
49, 25, 2, 1, 2
49, 25, 2, 1, 2
49, 25, 2, 1, 2
49, 25, 2, 1, 2
49, 25, 2, 1, 2
49, 25, 2, 1, 2
49, 25, 2, 1, 2
49, 25, 2, 1, 2
49, 25, 2, 1, 2
49, 25, 2, 1, 2
50, 25, 1, 0, 8
50, 25, 1, 0, 8
50, 25, 1, 0, 8
50, 25, 1, 0, 8
50, 25, 1, 0, 8
50, 25, 1, 0, 8
50, 25, 1, 0, 8
50, 25, 1, 0, 8
50, 25, 1, 0, 8
50, 25, 1, 0, 8
50, 25, 1, 0, 8
50, 25, 1, 0, 8
50, 25, 1, 0, 8
50, 25, 1, 0, 8
50, 25, 1, 0, 8
50, 25, 1, 0, 8
50, 25, 1, 0, 8
50, 25, 1, 0, 8
50, 25, 1, 0, 8
50, 25, 1, 0, 8
50, 25, 1, 0, 8
50, 25, 1, 0, 8
50, 25, 1, 0, 8
50, 25, 1, 0, 8
50, 25, 1, 0, 8
50, 25, 2, 1, 2
50, 25, 2, 1, 2
50, 25, 2, 1, 2
50, 25, 2, 1, 2
50, 25, 2, 1, 2
50, 25, 2, 1, 2
50, 25, 2, 1, 2
50, 25, 2, 1, 2
50, 25, 2, 1, 2
50, 25, 2, 1, 2
50, 25, 2, 1, 2
50, 25, 2, 1, 2
50, 25, 2, 1, 2
50, 25, 2, 1, 2
50, 25, 2, 1, 2
50, 25, 2, 1, 2
50, 25, 2, 1, 2
50, 25, 2, 1, 2
50, 25, 2, 1, 2
50, 25, 2, 1, 2
50, 25, 2, 1, 2
50, 25, 2, 1, 2
50, 25, 2, 1, 2
50, 25, 2, 1, 2
50, 25, 2, 1, 2
Goal
26
27
28
29
30
31
32
33
34
35
36
37
38
39
40
41
42
43
44
45
46
47
48
49
50
