CG
49
0, 2, 25, 5
0, 2, 38, 5
1, 2, 31, 7
1, 2, 36, 7
2, 2, 35, 8
2, 2, 36, 8
3, 2, 37, 8
3, 2, 38, 8
4, 2, 34, 8
4, 2, 38, 8
5, 2, 42, 16
5, 2, 45, 16
6, 2, 33, 8
6, 2, 36, 8
7, 2, 20, 5
7, 2, 36, 5
8, 2, 32, 7
8, 2, 38, 7
9, 2, 30, 8
9, 2, 38, 8
10, 2, 40, 16
10, 2, 45, 16
11, 2, 28, 8
11, 2, 36, 8
12, 2, 29, 14
12, 2, 45, 14
13, 2, 22, 6
13, 2, 38, 6
14, 2, 41, 13
14, 2, 45, 13
15, 2, 23, 8
15, 2, 36, 8
16, 2, 39, 16
16, 2, 45, 16
17, 2, 24, 8
17, 2, 38, 8
18, 2, 26, 13
18, 2, 45, 13
19, 9, 26, 13
19, 9, 24, 16
19, 9, 30, 24
19, 9, 34, 40
19, 9, 25, 5
19, 9, 32, 7
19, 9, 37, 16
19, 9, 45, 13
19, 9, 38, 123
20, 10, 26, 13
20, 10, 23, 16
20, 10, 28, 24
20, 10, 33, 40
20, 10, 27, 5
20, 10, 31, 7
20, 10, 35, 16
20, 10, 7, 1
20, 10, 45, 13
20, 10, 36, 123
21, 9, 29, 14
21, 9, 23, 16
21, 9, 28, 24
21, 9, 33, 40
21, 9, 27, 5
21, 9, 31, 7
21, 9, 35, 32
21, 9, 45, 14
21, 9, 36, 142
22, 10, 29, 14
22, 10, 24, 16
22, 10, 30, 24
22, 10, 34, 40
22, 10, 25, 5
22, 10, 32, 7
22, 10, 37, 32
22, 10, 13, 1
22, 10, 45, 14
22, 10, 38, 142
23, 7, 39, 16
23, 7, 27, 5
23, 7, 31, 7
23, 7, 35, 24
23, 7, 15, 1
23, 7, 45, 16
23, 7, 36, 76
24, 7, 39, 16
24, 7, 25, 5
24, 7, 32, 7
24, 7, 37, 24
24, 7, 17, 1
24, 7, 45, 16
24, 7, 38, 76
25, 4, 41, 13
25, 4, 0, 1
25, 4, 45, 13
25, 4, 38, 30
26, 12, 19, 5
26, 12, 20, 5
26, 12, 39, 32
26, 12, 40, 48
26, 12, 42, 80
26, 12, 41, 13
26, 12, 43, 15
26, 12, 44, 32
26, 12, 18, 1
26, 12, 45, 272
26, 12, 38, 5
26, 12, 36, 5
27, 4, 41, 13
27, 4, 46, 1
27, 4, 45, 13
27, 4, 36, 30
28, 7, 40, 16
28, 7, 27, 5
28, 7, 31, 7
28, 7, 35, 24
28, 7, 11, 1
28, 7, 45, 16
28, 7, 36, 84
29, 12, 22, 6
29, 12, 21, 6
29, 12, 39, 32
29, 12, 40, 48
29, 12, 42, 80
29, 12, 41, 13
29, 12, 43, 15
29, 12, 44, 64
29, 12, 12, 1
29, 12, 45, 308
29, 12, 38, 6
29, 12, 36, 6
30, 7, 40, 16
30, 7, 25, 5
30, 7, 32, 7
30, 7, 37, 24
30, 7, 9, 1
30, 7, 45, 16
30, 7, 38, 84
31, 4, 43, 15
31, 4, 1, 1
31, 4, 45, 15
31, 4, 36, 42
32, 4, 43, 15
32, 4, 8, 1
32, 4, 45, 15
32, 4, 38, 42
33, 7, 42, 16
33, 7, 27, 10
33, 7, 31, 14
33, 7, 35, 16
33, 7, 6, 1
33, 7, 45, 16
33, 7, 36, 104
34, 7, 42, 16
34, 7, 25, 10
34, 7, 32, 14
34, 7, 37, 16
34, 7, 4, 1
34, 7, 45, 16
34, 7, 38, 104
35, 4, 44, 16
35, 4, 2, 1
35, 4, 45, 16
35, 4, 36, 80
36, 8, 20, 15
36, 8, 21, 18
36, 8, 23, 40
36, 8, 28, 48
36, 8, 33, 64
36, 8, 27, 30
36, 8, 31, 42
36, 8, 35, 80
37, 4, 44, 16
37, 4, 3, 1
37, 4, 45, 16
37, 4, 38, 80
38, 8, 19, 15
38, 8, 22, 18
38, 8, 24, 40
38, 8, 30, 48
38, 8, 34, 64
38, 8, 25, 30
38, 8, 32, 42
38, 8, 37, 80
39, 9, 24, 8
39, 9, 23, 8
39, 9, 41, 13
39, 9, 43, 15
39, 9, 44, 48
39, 9, 16, 1
39, 9, 45, 172
39, 9, 38, 8
39, 9, 36, 8
40, 9, 30, 8
40, 9, 28, 8
40, 9, 41, 13
40, 9, 43, 15
40, 9, 44, 48
40, 9, 10, 1
40, 9, 45, 188
40, 9, 38, 8
40, 9, 36, 8
41, 6, 25, 5
41, 6, 27, 5
41, 6, 14, 1
41, 6, 45, 91
41, 6, 38, 5
41, 6, 36, 5
42, 9, 34, 8
42, 9, 33, 8
42, 9, 41, 26
42, 9, 43, 30
42, 9, 44, 32
42, 9, 5, 1
42, 9, 45, 232
42, 9, 38, 8
42, 9, 36, 8
43, 6, 32, 7
43, 6, 31, 7
43, 6, 47, 1
43, 6, 45, 105
43, 6, 38, 7
43, 6, 36, 7
44, 6, 37, 8
44, 6, 35, 8
44, 6, 48, 1
44, 6, 45, 176
44, 6, 38, 8
44, 6, 36, 8
45, 8, 26, 52
45, 8, 29, 56
45, 8, 39, 96
45, 8, 40, 112
45, 8, 42, 144
45, 8, 41, 91
45, 8, 43, 105
45, 8, 44, 176
46, 2, 27, 5
46, 2, 36, 5
47, 2, 43, 15
47, 2, 45, 15
48, 2, 44, 16
48, 2, 45, 16
DTG
0, 1, 1, 0, 2
1, 1, 1, 0, 2
2, 1, 1, 0, 2
3, 1, 1, 0, 2
4, 1, 1, 0, 2
5, 1, 1, 0, 2
6, 1, 1, 0, 2
7, 1, 1, 0, 2
8, 1, 1, 0, 2
9, 1, 1, 0, 2
10, 1, 1, 0, 2
11, 1, 1, 0, 2
12, 1, 1, 0, 2
13, 1, 1, 0, 2
14, 1, 1, 0, 2
15, 1, 1, 0, 2
16, 1, 1, 0, 2
17, 1, 1, 0, 2
18, 1, 1, 0, 2
19, 5, 0, 1, 2
19, 5, 0, 1, 2
19, 5, 0, 1, 2
19, 5, 0, 1, 2
19, 5, 0, 1, 2
19, 5, 1, 0, 2
19, 5, 1, 0, 2
19, 5, 1, 0, 2
19, 5, 1, 0, 2
19, 5, 1, 0, 2
20, 5, 0, 1, 2
20, 5, 0, 1, 2
20, 5, 0, 1, 2
20, 5, 0, 1, 2
20, 5, 0, 1, 2
20, 10, 1, 0, 3
20, 10, 1, 0, 3
20, 10, 1, 0, 3
20, 10, 1, 0, 3
20, 10, 1, 0, 3
20, 10, 1, 0, 3
20, 10, 1, 0, 3
20, 10, 1, 0, 3
20, 10, 1, 0, 3
20, 10, 1, 0, 3
21, 6, 0, 1, 2
21, 6, 0, 1, 2
21, 6, 0, 1, 2
21, 6, 0, 1, 2
21, 6, 0, 1, 2
21, 6, 0, 1, 2
21, 6, 1, 0, 2
21, 6, 1, 0, 2
21, 6, 1, 0, 2
21, 6, 1, 0, 2
21, 6, 1, 0, 2
21, 6, 1, 0, 2
22, 6, 0, 1, 2
22, 6, 0, 1, 2
22, 6, 0, 1, 2
22, 6, 0, 1, 2
22, 6, 0, 1, 2
22, 6, 0, 1, 2
22, 12, 1, 0, 3
22, 12, 1, 0, 3
22, 12, 1, 0, 3
22, 12, 1, 0, 3
22, 12, 1, 0, 3
22, 12, 1, 0, 3
22, 12, 1, 0, 3
22, 12, 1, 0, 3
22, 12, 1, 0, 3
22, 12, 1, 0, 3
22, 12, 1, 0, 3
22, 12, 1, 0, 3
23, 8, 0, 1, 2
23, 8, 0, 1, 2
23, 8, 0, 1, 2
23, 8, 0, 1, 2
23, 8, 0, 1, 2
23, 8, 0, 1, 2
23, 8, 0, 1, 2
23, 8, 0, 1, 2
23, 24, 1, 0, 3
23, 24, 1, 0, 3
23, 24, 1, 0, 3
23, 24, 1, 0, 3
23, 24, 1, 0, 3
23, 24, 1, 0, 3
23, 24, 1, 0, 3
23, 24, 1, 0, 3
23, 24, 1, 0, 3
23, 24, 1, 0, 3
23, 24, 1, 0, 3
23, 24, 1, 0, 3
23, 24, 1, 0, 3
23, 24, 1, 0, 3
23, 24, 1, 0, 3
23, 24, 1, 0, 3
23, 24, 1, 0, 4
23, 24, 1, 0, 4
23, 24, 1, 0, 4
23, 24, 1, 0, 4
23, 24, 1, 0, 4
23, 24, 1, 0, 4
23, 24, 1, 0, 4
23, 24, 1, 0, 4
24, 8, 0, 1, 2
24, 8, 0, 1, 2
24, 8, 0, 1, 2
24, 8, 0, 1, 2
24, 8, 0, 1, 2
24, 8, 0, 1, 2
24, 8, 0, 1, 2
24, 8, 0, 1, 2
24, 24, 1, 0, 3
24, 24, 1, 0, 3
24, 24, 1, 0, 3
24, 24, 1, 0, 3
24, 24, 1, 0, 3
24, 24, 1, 0, 3
24, 24, 1, 0, 3
24, 24, 1, 0, 3
24, 24, 1, 0, 3
24, 24, 1, 0, 3
24, 24, 1, 0, 3
24, 24, 1, 0, 3
24, 24, 1, 0, 3
24, 24, 1, 0, 3
24, 24, 1, 0, 3
24, 24, 1, 0, 3
24, 24, 1, 0, 4
24, 24, 1, 0, 4
24, 24, 1, 0, 4
24, 24, 1, 0, 4
24, 24, 1, 0, 4
24, 24, 1, 0, 4
24, 24, 1, 0, 4
24, 24, 1, 0, 4
25, 5, 0, 1, 2
25, 5, 0, 1, 2
25, 5, 0, 1, 2
25, 5, 0, 1, 2
25, 5, 0, 1, 2
25, 25, 1, 0, 3
25, 25, 1, 0, 3
25, 25, 1, 0, 3
25, 25, 1, 0, 3
25, 25, 1, 0, 3
25, 25, 1, 0, 3
25, 25, 1, 0, 3
25, 25, 1, 0, 3
25, 25, 1, 0, 3
25, 25, 1, 0, 3
25, 25, 1, 0, 4
25, 25, 1, 0, 4
25, 25, 1, 0, 4
25, 25, 1, 0, 4
25, 25, 1, 0, 4
25, 25, 1, 0, 4
25, 25, 1, 0, 4
25, 25, 1, 0, 4
25, 25, 1, 0, 4
25, 25, 1, 0, 4
25, 25, 1, 0, 4
25, 25, 1, 0, 4
25, 25, 1, 0, 4
25, 25, 1, 0, 4
25, 25, 1, 0, 4
26, 13, 0, 1, 2
26, 13, 0, 1, 2
26, 13, 0, 1, 2
26, 13, 0, 1, 2
26, 13, 0, 1, 2
26, 13, 0, 1, 2
26, 13, 0, 1, 2
26, 13, 0, 1, 2
26, 13, 0, 1, 2
26, 13, 0, 1, 2
26, 13, 0, 1, 2
26, 13, 0, 1, 2
26, 13, 0, 1, 2
26, 39, 1, 0, 3
26, 39, 1, 0, 3
26, 39, 1, 0, 3
26, 39, 1, 0, 3
26, 39, 1, 0, 3
26, 39, 1, 0, 3
26, 39, 1, 0, 3
26, 39, 1, 0, 3
26, 39, 1, 0, 3
26, 39, 1, 0, 3
26, 39, 1, 0, 3
26, 39, 1, 0, 3
26, 39, 1, 0, 3
26, 39, 1, 0, 3
26, 39, 1, 0, 3
26, 39, 1, 0, 3
26, 39, 1, 0, 3
26, 39, 1, 0, 3
26, 39, 1, 0, 3
26, 39, 1, 0, 3
26, 39, 1, 0, 3
26, 39, 1, 0, 3
26, 39, 1, 0, 3
26, 39, 1, 0, 3
26, 39, 1, 0, 3
26, 39, 1, 0, 3
26, 39, 1, 0, 3
26, 39, 1, 0, 3
26, 39, 1, 0, 3
26, 39, 1, 0, 3
26, 39, 1, 0, 3
26, 39, 1, 0, 3
26, 39, 1, 0, 3
26, 39, 1, 0, 3
26, 39, 1, 0, 3
26, 39, 1, 0, 3
26, 39, 1, 0, 3
26, 39, 1, 0, 3
26, 39, 1, 0, 3
27, 5, 0, 1, 2
27, 5, 0, 1, 2
27, 5, 0, 1, 2
27, 5, 0, 1, 2
27, 5, 0, 1, 2
27, 25, 1, 0, 3
27, 25, 1, 0, 3
27, 25, 1, 0, 3
27, 25, 1, 0, 3
27, 25, 1, 0, 3
27, 25, 1, 0, 3
27, 25, 1, 0, 3
27, 25, 1, 0, 3
27, 25, 1, 0, 3
27, 25, 1, 0, 3
27, 25, 1, 0, 4
27, 25, 1, 0, 4
27, 25, 1, 0, 4
27, 25, 1, 0, 4
27, 25, 1, 0, 4
27, 25, 1, 0, 4
27, 25, 1, 0, 4
27, 25, 1, 0, 4
27, 25, 1, 0, 4
27, 25, 1, 0, 4
27, 25, 1, 0, 4
27, 25, 1, 0, 4
27, 25, 1, 0, 4
27, 25, 1, 0, 4
27, 25, 1, 0, 4
28, 8, 0, 1, 2
28, 8, 0, 1, 2
28, 8, 0, 1, 2
28, 8, 0, 1, 2
28, 8, 0, 1, 2
28, 8, 0, 1, 2
28, 8, 0, 1, 2
28, 8, 0, 1, 2
28, 24, 1, 0, 3
28, 24, 1, 0, 3
28, 24, 1, 0, 3
28, 24, 1, 0, 3
28, 24, 1, 0, 3
28, 24, 1, 0, 3
28, 24, 1, 0, 3
28, 24, 1, 0, 3
28, 24, 1, 0, 3
28, 24, 1, 0, 3
28, 24, 1, 0, 3
28, 24, 1, 0, 3
28, 24, 1, 0, 3
28, 24, 1, 0, 3
28, 24, 1, 0, 3
28, 24, 1, 0, 3
28, 24, 1, 0, 4
28, 24, 1, 0, 4
28, 24, 1, 0, 4
28, 24, 1, 0, 4
28, 24, 1, 0, 4
28, 24, 1, 0, 4
28, 24, 1, 0, 4
28, 24, 1, 0, 4
29, 14, 0, 1, 2
29, 14, 0, 1, 2
29, 14, 0, 1, 2
29, 14, 0, 1, 2
29, 14, 0, 1, 2
29, 14, 0, 1, 2
29, 14, 0, 1, 2
29, 14, 0, 1, 2
29, 14, 0, 1, 2
29, 14, 0, 1, 2
29, 14, 0, 1, 2
29, 14, 0, 1, 2
29, 14, 0, 1, 2
29, 14, 0, 1, 2
29, 42, 1, 0, 3
29, 42, 1, 0, 3
29, 42, 1, 0, 3
29, 42, 1, 0, 3
29, 42, 1, 0, 3
29, 42, 1, 0, 3
29, 42, 1, 0, 3
29, 42, 1, 0, 3
29, 42, 1, 0, 3
29, 42, 1, 0, 3
29, 42, 1, 0, 3
29, 42, 1, 0, 3
29, 42, 1, 0, 3
29, 42, 1, 0, 3
29, 42, 1, 0, 3
29, 42, 1, 0, 3
29, 42, 1, 0, 3
29, 42, 1, 0, 3
29, 42, 1, 0, 3
29, 42, 1, 0, 3
29, 42, 1, 0, 3
29, 42, 1, 0, 3
29, 42, 1, 0, 3
29, 42, 1, 0, 3
29, 42, 1, 0, 3
29, 42, 1, 0, 3
29, 42, 1, 0, 3
29, 42, 1, 0, 3
29, 42, 1, 0, 3
29, 42, 1, 0, 3
29, 42, 1, 0, 3
29, 42, 1, 0, 3
29, 42, 1, 0, 3
29, 42, 1, 0, 3
29, 42, 1, 0, 3
29, 42, 1, 0, 3
29, 42, 1, 0, 3
29, 42, 1, 0, 3
29, 42, 1, 0, 3
29, 42, 1, 0, 3
29, 42, 1, 0, 3
29, 42, 1, 0, 3
30, 8, 0, 1, 2
30, 8, 0, 1, 2
30, 8, 0, 1, 2
30, 8, 0, 1, 2
30, 8, 0, 1, 2
30, 8, 0, 1, 2
30, 8, 0, 1, 2
30, 8, 0, 1, 2
30, 24, 1, 0, 3
30, 24, 1, 0, 3
30, 24, 1, 0, 3
30, 24, 1, 0, 3
30, 24, 1, 0, 3
30, 24, 1, 0, 3
30, 24, 1, 0, 3
30, 24, 1, 0, 3
30, 24, 1, 0, 3
30, 24, 1, 0, 3
30, 24, 1, 0, 3
30, 24, 1, 0, 3
30, 24, 1, 0, 3
30, 24, 1, 0, 3
30, 24, 1, 0, 3
30, 24, 1, 0, 3
30, 24, 1, 0, 4
30, 24, 1, 0, 4
30, 24, 1, 0, 4
30, 24, 1, 0, 4
30, 24, 1, 0, 4
30, 24, 1, 0, 4
30, 24, 1, 0, 4
30, 24, 1, 0, 4
31, 7, 0, 1, 2
31, 7, 0, 1, 2
31, 7, 0, 1, 2
31, 7, 0, 1, 2
31, 7, 0, 1, 2
31, 7, 0, 1, 2
31, 7, 0, 1, 2
31, 35, 1, 0, 3
31, 35, 1, 0, 3
31, 35, 1, 0, 3
31, 35, 1, 0, 3
31, 35, 1, 0, 3
31, 35, 1, 0, 3
31, 35, 1, 0, 3
31, 35, 1, 0, 3
31, 35, 1, 0, 3
31, 35, 1, 0, 3
31, 35, 1, 0, 3
31, 35, 1, 0, 3
31, 35, 1, 0, 3
31, 35, 1, 0, 3
31, 35, 1, 0, 4
31, 35, 1, 0, 4
31, 35, 1, 0, 4
31, 35, 1, 0, 4
31, 35, 1, 0, 4
31, 35, 1, 0, 4
31, 35, 1, 0, 4
31, 35, 1, 0, 4
31, 35, 1, 0, 4
31, 35, 1, 0, 4
31, 35, 1, 0, 4
31, 35, 1, 0, 4
31, 35, 1, 0, 4
31, 35, 1, 0, 4
31, 35, 1, 0, 4
31, 35, 1, 0, 4
31, 35, 1, 0, 4
31, 35, 1, 0, 4
31, 35, 1, 0, 4
31, 35, 1, 0, 4
31, 35, 1, 0, 4
32, 7, 0, 1, 2
32, 7, 0, 1, 2
32, 7, 0, 1, 2
32, 7, 0, 1, 2
32, 7, 0, 1, 2
32, 7, 0, 1, 2
32, 7, 0, 1, 2
32, 35, 1, 0, 3
32, 35, 1, 0, 3
32, 35, 1, 0, 3
32, 35, 1, 0, 3
32, 35, 1, 0, 3
32, 35, 1, 0, 3
32, 35, 1, 0, 3
32, 35, 1, 0, 3
32, 35, 1, 0, 3
32, 35, 1, 0, 3
32, 35, 1, 0, 3
32, 35, 1, 0, 3
32, 35, 1, 0, 3
32, 35, 1, 0, 3
32, 35, 1, 0, 4
32, 35, 1, 0, 4
32, 35, 1, 0, 4
32, 35, 1, 0, 4
32, 35, 1, 0, 4
32, 35, 1, 0, 4
32, 35, 1, 0, 4
32, 35, 1, 0, 4
32, 35, 1, 0, 4
32, 35, 1, 0, 4
32, 35, 1, 0, 4
32, 35, 1, 0, 4
32, 35, 1, 0, 4
32, 35, 1, 0, 4
32, 35, 1, 0, 4
32, 35, 1, 0, 4
32, 35, 1, 0, 4
32, 35, 1, 0, 4
32, 35, 1, 0, 4
32, 35, 1, 0, 4
32, 35, 1, 0, 4
33, 8, 0, 1, 2
33, 8, 0, 1, 2
33, 8, 0, 1, 2
33, 8, 0, 1, 2
33, 8, 0, 1, 2
33, 8, 0, 1, 2
33, 8, 0, 1, 2
33, 8, 0, 1, 2
33, 24, 1, 0, 3
33, 24, 1, 0, 3
33, 24, 1, 0, 3
33, 24, 1, 0, 3
33, 24, 1, 0, 3
33, 24, 1, 0, 3
33, 24, 1, 0, 3
33, 24, 1, 0, 3
33, 24, 1, 0, 3
33, 24, 1, 0, 3
33, 24, 1, 0, 3
33, 24, 1, 0, 3
33, 24, 1, 0, 3
33, 24, 1, 0, 3
33, 24, 1, 0, 3
33, 24, 1, 0, 3
33, 24, 1, 0, 4
33, 24, 1, 0, 4
33, 24, 1, 0, 4
33, 24, 1, 0, 4
33, 24, 1, 0, 4
33, 24, 1, 0, 4
33, 24, 1, 0, 4
33, 24, 1, 0, 4
34, 8, 0, 1, 2
34, 8, 0, 1, 2
34, 8, 0, 1, 2
34, 8, 0, 1, 2
34, 8, 0, 1, 2
34, 8, 0, 1, 2
34, 8, 0, 1, 2
34, 8, 0, 1, 2
34, 24, 1, 0, 3
34, 24, 1, 0, 3
34, 24, 1, 0, 3
34, 24, 1, 0, 3
34, 24, 1, 0, 3
34, 24, 1, 0, 3
34, 24, 1, 0, 3
34, 24, 1, 0, 3
34, 24, 1, 0, 3
34, 24, 1, 0, 3
34, 24, 1, 0, 3
34, 24, 1, 0, 3
34, 24, 1, 0, 3
34, 24, 1, 0, 3
34, 24, 1, 0, 3
34, 24, 1, 0, 3
34, 24, 1, 0, 4
34, 24, 1, 0, 4
34, 24, 1, 0, 4
34, 24, 1, 0, 4
34, 24, 1, 0, 4
34, 24, 1, 0, 4
34, 24, 1, 0, 4
34, 24, 1, 0, 4
35, 8, 0, 1, 2
35, 8, 0, 1, 2
35, 8, 0, 1, 2
35, 8, 0, 1, 2
35, 8, 0, 1, 2
35, 8, 0, 1, 2
35, 8, 0, 1, 2
35, 8, 0, 1, 2
35, 64, 1, 0, 3
35, 64, 1, 0, 3
35, 64, 1, 0, 3
35, 64, 1, 0, 3
35, 64, 1, 0, 3
35, 64, 1, 0, 3
35, 64, 1, 0, 3
35, 64, 1, 0, 3
35, 64, 1, 0, 3
35, 64, 1, 0, 3
35, 64, 1, 0, 3
35, 64, 1, 0, 3
35, 64, 1, 0, 3
35, 64, 1, 0, 3
35, 64, 1, 0, 3
35, 64, 1, 0, 3
35, 64, 1, 0, 4
35, 64, 1, 0, 4
35, 64, 1, 0, 4
35, 64, 1, 0, 4
35, 64, 1, 0, 4
35, 64, 1, 0, 4
35, 64, 1, 0, 4
35, 64, 1, 0, 4
35, 64, 1, 0, 4
35, 64, 1, 0, 4
35, 64, 1, 0, 4
35, 64, 1, 0, 4
35, 64, 1, 0, 4
35, 64, 1, 0, 4
35, 64, 1, 0, 4
35, 64, 1, 0, 4
35, 64, 1, 0, 4
35, 64, 1, 0, 4
35, 64, 1, 0, 4
35, 64, 1, 0, 4
35, 64, 1, 0, 4
35, 64, 1, 0, 4
35, 64, 1, 0, 4
35, 64, 1, 0, 4
35, 64, 1, 0, 4
35, 64, 1, 0, 4
35, 64, 1, 0, 4
35, 64, 1, 0, 4
35, 64, 1, 0, 4
35, 64, 1, 0, 4
35, 64, 1, 0, 4
35, 64, 1, 0, 4
35, 64, 1, 0, 4
35, 64, 1, 0, 4
35, 64, 1, 0, 4
35, 64, 1, 0, 4
35, 64, 1, 0, 4
35, 64, 1, 0, 4
35, 64, 1, 0, 4
35, 64, 1, 0, 4
35, 64, 1, 0, 4
35, 64, 1, 0, 4
35, 64, 1, 0, 4
35, 64, 1, 0, 4
35, 64, 1, 0, 4
35, 64, 1, 0, 4
35, 64, 1, 0, 4
35, 64, 1, 0, 4
36, 30, 0, 1, 3
36, 30, 0, 1, 3
36, 30, 0, 1, 3
36, 30, 0, 1, 3
36, 30, 0, 1, 3
36, 30, 0, 1, 3
36, 30, 0, 1, 3
36, 30, 0, 1, 3
36, 30, 0, 1, 4
36, 30, 0, 1, 4
36, 30, 0, 1, 4
36, 30, 0, 1, 4
36, 30, 0, 1, 4
36, 30, 0, 1, 4
36, 30, 0, 1, 4
36, 30, 0, 1, 4
36, 30, 0, 1, 4
36, 30, 0, 2, 3
36, 30, 0, 2, 3
36, 30, 0, 2, 4
36, 30, 0, 2, 4
36, 30, 0, 2, 4
36, 30, 0, 3, 2
36, 30, 0, 4, 3
36, 30, 0, 4, 3
36, 30, 0, 4, 3
36, 30, 0, 4, 3
36, 30, 0, 4, 4
36, 30, 0, 4, 4
36, 30, 0, 4, 4
36, 34, 1, 0, 2
36, 34, 1, 0, 2
36, 34, 1, 0, 2
36, 34, 1, 0, 2
36, 34, 1, 2, 3
36, 34, 1, 2, 3
36, 34, 1, 2, 3
36, 34, 1, 2, 3
36, 34, 1, 2, 3
36, 34, 1, 2, 3
36, 34, 1, 2, 3
36, 34, 1, 2, 3
36, 34, 1, 2, 4
36, 34, 1, 2, 4
36, 34, 1, 2, 4
36, 34, 1, 2, 4
36, 34, 1, 2, 4
36, 34, 1, 2, 4
36, 34, 1, 2, 4
36, 34, 1, 2, 4
36, 34, 1, 2, 4
36, 34, 1, 3, 3
36, 34, 1, 3, 3
36, 34, 1, 3, 4
36, 34, 1, 3, 4
36, 34, 1, 3, 4
36, 34, 1, 4, 2
36, 34, 1, 5, 3
36, 34, 1, 5, 3
36, 34, 1, 5, 3
36, 34, 1, 5, 3
36, 34, 1, 5, 4
36, 34, 1, 5, 4
36, 34, 1, 5, 4
36, 35, 2, 0, 2
36, 35, 2, 1, 2
36, 35, 2, 1, 2
36, 35, 2, 1, 2
36, 35, 2, 1, 2
36, 35, 2, 3, 3
36, 35, 2, 3, 3
36, 35, 2, 3, 3
36, 35, 2, 3, 3
36, 35, 2, 3, 3
36, 35, 2, 3, 3
36, 35, 2, 3, 3
36, 35, 2, 3, 3
36, 35, 2, 3, 4
36, 35, 2, 3, 4
36, 35, 2, 3, 4
36, 35, 2, 3, 4
36, 35, 2, 3, 4
36, 35, 2, 3, 4
36, 35, 2, 3, 4
36, 35, 2, 3, 4
36, 35, 2, 3, 4
36, 35, 2, 4, 3
36, 35, 2, 4, 3
36, 35, 2, 4, 4
36, 35, 2, 4, 4
36, 35, 2, 4, 4
36, 35, 2, 5, 2
36, 35, 2, 6, 3
36, 35, 2, 6, 3
36, 35, 2, 6, 3
36, 35, 2, 6, 3
36, 35, 2, 6, 4
36, 35, 2, 6, 4
36, 35, 2, 6, 4
36, 36, 3, 0, 2
36, 36, 3, 1, 2
36, 36, 3, 2, 2
36, 36, 3, 2, 2
36, 36, 3, 2, 2
36, 36, 3, 2, 2
36, 36, 3, 4, 3
36, 36, 3, 4, 3
36, 36, 3, 4, 3
36, 36, 3, 4, 3
36, 36, 3, 4, 3
36, 36, 3, 4, 3
36, 36, 3, 4, 3
36, 36, 3, 4, 3
36, 36, 3, 4, 4
36, 36, 3, 4, 4
36, 36, 3, 4, 4
36, 36, 3, 4, 4
36, 36, 3, 4, 4
36, 36, 3, 4, 4
36, 36, 3, 4, 4
36, 36, 3, 4, 4
36, 36, 3, 4, 4
36, 36, 3, 5, 3
36, 36, 3, 5, 3
36, 36, 3, 5, 4
36, 36, 3, 5, 4
36, 36, 3, 5, 4
36, 36, 3, 6, 2
36, 36, 3, 7, 3
36, 36, 3, 7, 3
36, 36, 3, 7, 3
36, 36, 3, 7, 3
36, 36, 3, 7, 4
36, 36, 3, 7, 4
36, 36, 3, 7, 4
36, 38, 4, 0, 2
36, 38, 4, 0, 2
36, 38, 4, 1, 2
36, 38, 4, 2, 2
36, 38, 4, 3, 2
36, 38, 4, 3, 2
36, 38, 4, 3, 2
36, 38, 4, 3, 2
36, 38, 4, 5, 3
36, 38, 4, 5, 3
36, 38, 4, 5, 3
36, 38, 4, 5, 3
36, 38, 4, 5, 3
36, 38, 4, 5, 3
36, 38, 4, 5, 3
36, 38, 4, 5, 3
36, 38, 4, 5, 4
36, 38, 4, 5, 4
36, 38, 4, 5, 4
36, 38, 4, 5, 4
36, 38, 4, 5, 4
36, 38, 4, 5, 4
36, 38, 4, 5, 4
36, 38, 4, 5, 4
36, 38, 4, 5, 4
36, 38, 4, 6, 3
36, 38, 4, 6, 3
36, 38, 4, 6, 4
36, 38, 4, 6, 4
36, 38, 4, 6, 4
36, 38, 4, 7, 2
36, 38, 4, 8, 3
36, 38, 4, 8, 3
36, 38, 4, 8, 3
36, 38, 4, 8, 3
36, 38, 4, 8, 4
36, 38, 4, 8, 4
36, 38, 4, 8, 4
36, 31, 5, 1, 2
36, 31, 5, 1, 2
36, 31, 5, 2, 2
36, 31, 5, 3, 2
36, 31, 5, 4, 2
36, 31, 5, 4, 2
36, 31, 5, 4, 2
36, 31, 5, 4, 2
36, 31, 5, 6, 3
36, 31, 5, 6, 3
36, 31, 5, 6, 3
36, 31, 5, 6, 3
36, 31, 5, 6, 3
36, 31, 5, 6, 3
36, 31, 5, 6, 3
36, 31, 5, 6, 3
36, 31, 5, 6, 4
36, 31, 5, 6, 4
36, 31, 5, 6, 4
36, 31, 5, 6, 4
36, 31, 5, 6, 4
36, 31, 5, 6, 4
36, 31, 5, 6, 4
36, 31, 5, 6, 4
36, 31, 5, 6, 4
36, 31, 5, 7, 3
36, 31, 5, 7, 3
36, 31, 5, 7, 4
36, 31, 5, 7, 4
36, 31, 5, 7, 4
36, 31, 5, 8, 2
36, 30, 6, 2, 2
36, 30, 6, 2, 2
36, 30, 6, 3, 2
36, 30, 6, 4, 2
36, 30, 6, 5, 2
36, 30, 6, 5, 2
36, 30, 6, 5, 2
36, 30, 6, 5, 2
36, 30, 6, 7, 3
36, 30, 6, 7, 3
36, 30, 6, 7, 3
36, 30, 6, 7, 3
36, 30, 6, 7, 3
36, 30, 6, 7, 3
36, 30, 6, 7, 3
36, 30, 6, 7, 3
36, 30, 6, 7, 4
36, 30, 6, 7, 4
36, 30, 6, 7, 4
36, 30, 6, 7, 4
36, 30, 6, 7, 4
36, 30, 6, 7, 4
36, 30, 6, 7, 4
36, 30, 6, 7, 4
36, 30, 6, 7, 4
36, 30, 6, 8, 3
36, 30, 6, 8, 3
36, 30, 6, 8, 4
36, 30, 6, 8, 4
36, 30, 6, 8, 4
36, 25, 7, 3, 2
36, 25, 7, 3, 2
36, 25, 7, 4, 2
36, 25, 7, 5, 2
36, 25, 7, 6, 2
36, 25, 7, 6, 2
36, 25, 7, 6, 2
36, 25, 7, 6, 2
36, 25, 7, 8, 3
36, 25, 7, 8, 3
36, 25, 7, 8, 3
36, 25, 7, 8, 3
36, 25, 7, 8, 3
36, 25, 7, 8, 3
36, 25, 7, 8, 3
36, 25, 7, 8, 3
36, 25, 7, 8, 4
36, 25, 7, 8, 4
36, 25, 7, 8, 4
36, 25, 7, 8, 4
36, 25, 7, 8, 4
36, 25, 7, 8, 4
36, 25, 7, 8, 4
36, 25, 7, 8, 4
36, 25, 7, 8, 4
36, 8, 8, 4, 2
36, 8, 8, 4, 2
36, 8, 8, 5, 2
36, 8, 8, 6, 2
36, 8, 8, 7, 2
36, 8, 8, 7, 2
36, 8, 8, 7, 2
36, 8, 8, 7, 2
37, 8, 0, 1, 2
37, 8, 0, 1, 2
37, 8, 0, 1, 2
37, 8, 0, 1, 2
37, 8, 0, 1, 2
37, 8, 0, 1, 2
37, 8, 0, 1, 2
37, 8, 0, 1, 2
37, 64, 1, 0, 3
37, 64, 1, 0, 3
37, 64, 1, 0, 3
37, 64, 1, 0, 3
37, 64, 1, 0, 3
37, 64, 1, 0, 3
37, 64, 1, 0, 3
37, 64, 1, 0, 3
37, 64, 1, 0, 3
37, 64, 1, 0, 3
37, 64, 1, 0, 3
37, 64, 1, 0, 3
37, 64, 1, 0, 3
37, 64, 1, 0, 3
37, 64, 1, 0, 3
37, 64, 1, 0, 3
37, 64, 1, 0, 4
37, 64, 1, 0, 4
37, 64, 1, 0, 4
37, 64, 1, 0, 4
37, 64, 1, 0, 4
37, 64, 1, 0, 4
37, 64, 1, 0, 4
37, 64, 1, 0, 4
37, 64, 1, 0, 4
37, 64, 1, 0, 4
37, 64, 1, 0, 4
37, 64, 1, 0, 4
37, 64, 1, 0, 4
37, 64, 1, 0, 4
37, 64, 1, 0, 4
37, 64, 1, 0, 4
37, 64, 1, 0, 4
37, 64, 1, 0, 4
37, 64, 1, 0, 4
37, 64, 1, 0, 4
37, 64, 1, 0, 4
37, 64, 1, 0, 4
37, 64, 1, 0, 4
37, 64, 1, 0, 4
37, 64, 1, 0, 4
37, 64, 1, 0, 4
37, 64, 1, 0, 4
37, 64, 1, 0, 4
37, 64, 1, 0, 4
37, 64, 1, 0, 4
37, 64, 1, 0, 4
37, 64, 1, 0, 4
37, 64, 1, 0, 4
37, 64, 1, 0, 4
37, 64, 1, 0, 4
37, 64, 1, 0, 4
37, 64, 1, 0, 4
37, 64, 1, 0, 4
37, 64, 1, 0, 4
37, 64, 1, 0, 4
37, 64, 1, 0, 4
37, 64, 1, 0, 4
37, 64, 1, 0, 4
37, 64, 1, 0, 4
37, 64, 1, 0, 4
37, 64, 1, 0, 4
37, 64, 1, 0, 4
37, 64, 1, 0, 4
38, 30, 0, 1, 3
38, 30, 0, 1, 3
38, 30, 0, 1, 3
38, 30, 0, 1, 3
38, 30, 0, 1, 3
38, 30, 0, 1, 3
38, 30, 0, 1, 3
38, 30, 0, 1, 3
38, 30, 0, 1, 4
38, 30, 0, 1, 4
38, 30, 0, 1, 4
38, 30, 0, 1, 4
38, 30, 0, 1, 4
38, 30, 0, 1, 4
38, 30, 0, 1, 4
38, 30, 0, 1, 4
38, 30, 0, 1, 4
38, 30, 0, 2, 3
38, 30, 0, 2, 3
38, 30, 0, 2, 4
38, 30, 0, 2, 4
38, 30, 0, 2, 4
38, 30, 0, 3, 3
38, 30, 0, 3, 3
38, 30, 0, 4, 2
38, 30, 0, 4, 3
38, 30, 0, 4, 3
38, 30, 0, 4, 4
38, 30, 0, 4, 4
38, 30, 0, 4, 4
38, 34, 1, 0, 2
38, 34, 1, 0, 2
38, 34, 1, 0, 2
38, 34, 1, 0, 2
38, 34, 1, 2, 3
38, 34, 1, 2, 3
38, 34, 1, 2, 3
38, 34, 1, 2, 3
38, 34, 1, 2, 3
38, 34, 1, 2, 3
38, 34, 1, 2, 3
38, 34, 1, 2, 3
38, 34, 1, 2, 4
38, 34, 1, 2, 4
38, 34, 1, 2, 4
38, 34, 1, 2, 4
38, 34, 1, 2, 4
38, 34, 1, 2, 4
38, 34, 1, 2, 4
38, 34, 1, 2, 4
38, 34, 1, 2, 4
38, 34, 1, 3, 3
38, 34, 1, 3, 3
38, 34, 1, 3, 4
38, 34, 1, 3, 4
38, 34, 1, 3, 4
38, 34, 1, 4, 3
38, 34, 1, 4, 3
38, 34, 1, 5, 2
38, 34, 1, 5, 3
38, 34, 1, 5, 3
38, 34, 1, 5, 4
38, 34, 1, 5, 4
38, 34, 1, 5, 4
38, 35, 2, 0, 2
38, 35, 2, 1, 2
38, 35, 2, 1, 2
38, 35, 2, 1, 2
38, 35, 2, 1, 2
38, 35, 2, 3, 3
38, 35, 2, 3, 3
38, 35, 2, 3, 3
38, 35, 2, 3, 3
38, 35, 2, 3, 3
38, 35, 2, 3, 3
38, 35, 2, 3, 3
38, 35, 2, 3, 3
38, 35, 2, 3, 4
38, 35, 2, 3, 4
38, 35, 2, 3, 4
38, 35, 2, 3, 4
38, 35, 2, 3, 4
38, 35, 2, 3, 4
38, 35, 2, 3, 4
38, 35, 2, 3, 4
38, 35, 2, 3, 4
38, 35, 2, 4, 3
38, 35, 2, 4, 3
38, 35, 2, 4, 4
38, 35, 2, 4, 4
38, 35, 2, 4, 4
38, 35, 2, 5, 3
38, 35, 2, 5, 3
38, 35, 2, 6, 2
38, 35, 2, 6, 3
38, 35, 2, 6, 3
38, 35, 2, 6, 4
38, 35, 2, 6, 4
38, 35, 2, 6, 4
38, 36, 3, 0, 2
38, 36, 3, 1, 2
38, 36, 3, 2, 2
38, 36, 3, 2, 2
38, 36, 3, 2, 2
38, 36, 3, 2, 2
38, 36, 3, 4, 3
38, 36, 3, 4, 3
38, 36, 3, 4, 3
38, 36, 3, 4, 3
38, 36, 3, 4, 3
38, 36, 3, 4, 3
38, 36, 3, 4, 3
38, 36, 3, 4, 3
38, 36, 3, 4, 4
38, 36, 3, 4, 4
38, 36, 3, 4, 4
38, 36, 3, 4, 4
38, 36, 3, 4, 4
38, 36, 3, 4, 4
38, 36, 3, 4, 4
38, 36, 3, 4, 4
38, 36, 3, 4, 4
38, 36, 3, 5, 3
38, 36, 3, 5, 3
38, 36, 3, 5, 4
38, 36, 3, 5, 4
38, 36, 3, 5, 4
38, 36, 3, 6, 3
38, 36, 3, 6, 3
38, 36, 3, 7, 2
38, 36, 3, 7, 3
38, 36, 3, 7, 3
38, 36, 3, 7, 4
38, 36, 3, 7, 4
38, 36, 3, 7, 4
38, 38, 4, 0, 2
38, 38, 4, 0, 2
38, 38, 4, 1, 2
38, 38, 4, 2, 2
38, 38, 4, 3, 2
38, 38, 4, 3, 2
38, 38, 4, 3, 2
38, 38, 4, 3, 2
38, 38, 4, 5, 3
38, 38, 4, 5, 3
38, 38, 4, 5, 3
38, 38, 4, 5, 3
38, 38, 4, 5, 3
38, 38, 4, 5, 3
38, 38, 4, 5, 3
38, 38, 4, 5, 3
38, 38, 4, 5, 4
38, 38, 4, 5, 4
38, 38, 4, 5, 4
38, 38, 4, 5, 4
38, 38, 4, 5, 4
38, 38, 4, 5, 4
38, 38, 4, 5, 4
38, 38, 4, 5, 4
38, 38, 4, 5, 4
38, 38, 4, 6, 3
38, 38, 4, 6, 3
38, 38, 4, 6, 4
38, 38, 4, 6, 4
38, 38, 4, 6, 4
38, 38, 4, 7, 3
38, 38, 4, 7, 3
38, 38, 4, 8, 2
38, 38, 4, 8, 3
38, 38, 4, 8, 3
38, 38, 4, 8, 4
38, 38, 4, 8, 4
38, 38, 4, 8, 4
38, 32, 5, 1, 2
38, 32, 5, 1, 2
38, 32, 5, 2, 2
38, 32, 5, 3, 2
38, 32, 5, 4, 2
38, 32, 5, 4, 2
38, 32, 5, 4, 2
38, 32, 5, 4, 2
38, 32, 5, 6, 3
38, 32, 5, 6, 3
38, 32, 5, 6, 3
38, 32, 5, 6, 3
38, 32, 5, 6, 3
38, 32, 5, 6, 3
38, 32, 5, 6, 3
38, 32, 5, 6, 3
38, 32, 5, 6, 4
38, 32, 5, 6, 4
38, 32, 5, 6, 4
38, 32, 5, 6, 4
38, 32, 5, 6, 4
38, 32, 5, 6, 4
38, 32, 5, 6, 4
38, 32, 5, 6, 4
38, 32, 5, 6, 4
38, 32, 5, 7, 3
38, 32, 5, 7, 3
38, 32, 5, 7, 4
38, 32, 5, 7, 4
38, 32, 5, 7, 4
38, 32, 5, 8, 3
38, 32, 5, 8, 3
38, 30, 6, 2, 2
38, 30, 6, 2, 2
38, 30, 6, 3, 2
38, 30, 6, 4, 2
38, 30, 6, 5, 2
38, 30, 6, 5, 2
38, 30, 6, 5, 2
38, 30, 6, 5, 2
38, 30, 6, 7, 3
38, 30, 6, 7, 3
38, 30, 6, 7, 3
38, 30, 6, 7, 3
38, 30, 6, 7, 3
38, 30, 6, 7, 3
38, 30, 6, 7, 3
38, 30, 6, 7, 3
38, 30, 6, 7, 4
38, 30, 6, 7, 4
38, 30, 6, 7, 4
38, 30, 6, 7, 4
38, 30, 6, 7, 4
38, 30, 6, 7, 4
38, 30, 6, 7, 4
38, 30, 6, 7, 4
38, 30, 6, 7, 4
38, 30, 6, 8, 3
38, 30, 6, 8, 3
38, 30, 6, 8, 4
38, 30, 6, 8, 4
38, 30, 6, 8, 4
38, 25, 7, 3, 2
38, 25, 7, 3, 2
38, 25, 7, 4, 2
38, 25, 7, 5, 2
38, 25, 7, 6, 2
38, 25, 7, 6, 2
38, 25, 7, 6, 2
38, 25, 7, 6, 2
38, 25, 7, 8, 3
38, 25, 7, 8, 3
38, 25, 7, 8, 3
38, 25, 7, 8, 3
38, 25, 7, 8, 3
38, 25, 7, 8, 3
38, 25, 7, 8, 3
38, 25, 7, 8, 3
38, 25, 7, 8, 4
38, 25, 7, 8, 4
38, 25, 7, 8, 4
38, 25, 7, 8, 4
38, 25, 7, 8, 4
38, 25, 7, 8, 4
38, 25, 7, 8, 4
38, 25, 7, 8, 4
38, 25, 7, 8, 4
38, 8, 8, 4, 2
38, 8, 8, 4, 2
38, 8, 8, 5, 2
38, 8, 8, 6, 2
38, 8, 8, 7, 2
38, 8, 8, 7, 2
38, 8, 8, 7, 2
38, 8, 8, 7, 2
39, 16, 0, 1, 2
39, 16, 0, 1, 2
39, 16, 0, 1, 2
39, 16, 0, 1, 2
39, 16, 0, 1, 2
39, 16, 0, 1, 2
39, 16, 0, 1, 2
39, 16, 0, 1, 2
39, 16, 0, 1, 2
39, 16, 0, 1, 2
39, 16, 0, 1, 2
39, 16, 0, 1, 2
39, 16, 0, 1, 2
39, 16, 0, 1, 2
39, 16, 0, 1, 2
39, 16, 0, 1, 2
39, 64, 1, 0, 3
39, 64, 1, 0, 3
39, 64, 1, 0, 3
39, 64, 1, 0, 3
39, 64, 1, 0, 3
39, 64, 1, 0, 3
39, 64, 1, 0, 3
39, 64, 1, 0, 3
39, 64, 1, 0, 3
39, 64, 1, 0, 3
39, 64, 1, 0, 3
39, 64, 1, 0, 3
39, 64, 1, 0, 3
39, 64, 1, 0, 3
39, 64, 1, 0, 3
39, 64, 1, 0, 3
39, 64, 1, 0, 3
39, 64, 1, 0, 3
39, 64, 1, 0, 3
39, 64, 1, 0, 3
39, 64, 1, 0, 3
39, 64, 1, 0, 3
39, 64, 1, 0, 3
39, 64, 1, 0, 3
39, 64, 1, 0, 3
39, 64, 1, 0, 3
39, 64, 1, 0, 3
39, 64, 1, 0, 3
39, 64, 1, 0, 3
39, 64, 1, 0, 3
39, 64, 1, 0, 3
39, 64, 1, 0, 3
39, 64, 1, 0, 3
39, 64, 1, 0, 3
39, 64, 1, 0, 3
39, 64, 1, 0, 3
39, 64, 1, 0, 3
39, 64, 1, 0, 3
39, 64, 1, 0, 3
39, 64, 1, 0, 3
39, 64, 1, 0, 3
39, 64, 1, 0, 3
39, 64, 1, 0, 3
39, 64, 1, 0, 3
39, 64, 1, 0, 3
39, 64, 1, 0, 3
39, 64, 1, 0, 3
39, 64, 1, 0, 3
39, 64, 1, 0, 4
39, 64, 1, 0, 4
39, 64, 1, 0, 4
39, 64, 1, 0, 4
39, 64, 1, 0, 4
39, 64, 1, 0, 4
39, 64, 1, 0, 4
39, 64, 1, 0, 4
39, 64, 1, 0, 4
39, 64, 1, 0, 4
39, 64, 1, 0, 4
39, 64, 1, 0, 4
39, 64, 1, 0, 4
39, 64, 1, 0, 4
39, 64, 1, 0, 4
39, 64, 1, 0, 4
40, 16, 0, 1, 2
40, 16, 0, 1, 2
40, 16, 0, 1, 2
40, 16, 0, 1, 2
40, 16, 0, 1, 2
40, 16, 0, 1, 2
40, 16, 0, 1, 2
40, 16, 0, 1, 2
40, 16, 0, 1, 2
40, 16, 0, 1, 2
40, 16, 0, 1, 2
40, 16, 0, 1, 2
40, 16, 0, 1, 2
40, 16, 0, 1, 2
40, 16, 0, 1, 2
40, 16, 0, 1, 2
40, 64, 1, 0, 3
40, 64, 1, 0, 3
40, 64, 1, 0, 3
40, 64, 1, 0, 3
40, 64, 1, 0, 3
40, 64, 1, 0, 3
40, 64, 1, 0, 3
40, 64, 1, 0, 3
40, 64, 1, 0, 3
40, 64, 1, 0, 3
40, 64, 1, 0, 3
40, 64, 1, 0, 3
40, 64, 1, 0, 3
40, 64, 1, 0, 3
40, 64, 1, 0, 3
40, 64, 1, 0, 3
40, 64, 1, 0, 3
40, 64, 1, 0, 3
40, 64, 1, 0, 3
40, 64, 1, 0, 3
40, 64, 1, 0, 3
40, 64, 1, 0, 3
40, 64, 1, 0, 3
40, 64, 1, 0, 3
40, 64, 1, 0, 3
40, 64, 1, 0, 3
40, 64, 1, 0, 3
40, 64, 1, 0, 3
40, 64, 1, 0, 3
40, 64, 1, 0, 3
40, 64, 1, 0, 3
40, 64, 1, 0, 3
40, 64, 1, 0, 3
40, 64, 1, 0, 3
40, 64, 1, 0, 3
40, 64, 1, 0, 3
40, 64, 1, 0, 3
40, 64, 1, 0, 3
40, 64, 1, 0, 3
40, 64, 1, 0, 3
40, 64, 1, 0, 3
40, 64, 1, 0, 3
40, 64, 1, 0, 3
40, 64, 1, 0, 3
40, 64, 1, 0, 3
40, 64, 1, 0, 3
40, 64, 1, 0, 3
40, 64, 1, 0, 3
40, 64, 1, 0, 4
40, 64, 1, 0, 4
40, 64, 1, 0, 4
40, 64, 1, 0, 4
40, 64, 1, 0, 4
40, 64, 1, 0, 4
40, 64, 1, 0, 4
40, 64, 1, 0, 4
40, 64, 1, 0, 4
40, 64, 1, 0, 4
40, 64, 1, 0, 4
40, 64, 1, 0, 4
40, 64, 1, 0, 4
40, 64, 1, 0, 4
40, 64, 1, 0, 4
40, 64, 1, 0, 4
41, 13, 0, 1, 2
41, 13, 0, 1, 2
41, 13, 0, 1, 2
41, 13, 0, 1, 2
41, 13, 0, 1, 2
41, 13, 0, 1, 2
41, 13, 0, 1, 2
41, 13, 0, 1, 2
41, 13, 0, 1, 2
41, 13, 0, 1, 2
41, 13, 0, 1, 2
41, 13, 0, 1, 2
41, 13, 0, 1, 2
41, 78, 1, 0, 3
41, 78, 1, 0, 3
41, 78, 1, 0, 3
41, 78, 1, 0, 3
41, 78, 1, 0, 3
41, 78, 1, 0, 3
41, 78, 1, 0, 3
41, 78, 1, 0, 3
41, 78, 1, 0, 3
41, 78, 1, 0, 3
41, 78, 1, 0, 3
41, 78, 1, 0, 3
41, 78, 1, 0, 3
41, 78, 1, 0, 3
41, 78, 1, 0, 3
41, 78, 1, 0, 3
41, 78, 1, 0, 3
41, 78, 1, 0, 3
41, 78, 1, 0, 3
41, 78, 1, 0, 3
41, 78, 1, 0, 3
41, 78, 1, 0, 3
41, 78, 1, 0, 3
41, 78, 1, 0, 3
41, 78, 1, 0, 3
41, 78, 1, 0, 3
41, 78, 1, 0, 3
41, 78, 1, 0, 3
41, 78, 1, 0, 3
41, 78, 1, 0, 3
41, 78, 1, 0, 3
41, 78, 1, 0, 3
41, 78, 1, 0, 3
41, 78, 1, 0, 3
41, 78, 1, 0, 3
41, 78, 1, 0, 3
41, 78, 1, 0, 3
41, 78, 1, 0, 3
41, 78, 1, 0, 3
41, 78, 1, 0, 4
41, 78, 1, 0, 4
41, 78, 1, 0, 4
41, 78, 1, 0, 4
41, 78, 1, 0, 4
41, 78, 1, 0, 4
41, 78, 1, 0, 4
41, 78, 1, 0, 4
41, 78, 1, 0, 4
41, 78, 1, 0, 4
41, 78, 1, 0, 4
41, 78, 1, 0, 4
41, 78, 1, 0, 4
41, 78, 1, 0, 4
41, 78, 1, 0, 4
41, 78, 1, 0, 4
41, 78, 1, 0, 4
41, 78, 1, 0, 4
41, 78, 1, 0, 4
41, 78, 1, 0, 4
41, 78, 1, 0, 4
41, 78, 1, 0, 4
41, 78, 1, 0, 4
41, 78, 1, 0, 4
41, 78, 1, 0, 4
41, 78, 1, 0, 4
41, 78, 1, 0, 4
41, 78, 1, 0, 4
41, 78, 1, 0, 4
41, 78, 1, 0, 4
41, 78, 1, 0, 4
41, 78, 1, 0, 4
41, 78, 1, 0, 4
41, 78, 1, 0, 4
41, 78, 1, 0, 4
41, 78, 1, 0, 4
41, 78, 1, 0, 4
41, 78, 1, 0, 4
41, 78, 1, 0, 4
42, 16, 0, 1, 2
42, 16, 0, 1, 2
42, 16, 0, 1, 2
42, 16, 0, 1, 2
42, 16, 0, 1, 2
42, 16, 0, 1, 2
42, 16, 0, 1, 2
42, 16, 0, 1, 2
42, 16, 0, 1, 2
42, 16, 0, 1, 2
42, 16, 0, 1, 2
42, 16, 0, 1, 2
42, 16, 0, 1, 2
42, 16, 0, 1, 2
42, 16, 0, 1, 2
42, 16, 0, 1, 2
42, 64, 1, 0, 3
42, 64, 1, 0, 3
42, 64, 1, 0, 3
42, 64, 1, 0, 3
42, 64, 1, 0, 3
42, 64, 1, 0, 3
42, 64, 1, 0, 3
42, 64, 1, 0, 3
42, 64, 1, 0, 3
42, 64, 1, 0, 3
42, 64, 1, 0, 3
42, 64, 1, 0, 3
42, 64, 1, 0, 3
42, 64, 1, 0, 3
42, 64, 1, 0, 3
42, 64, 1, 0, 3
42, 64, 1, 0, 3
42, 64, 1, 0, 3
42, 64, 1, 0, 3
42, 64, 1, 0, 3
42, 64, 1, 0, 3
42, 64, 1, 0, 3
42, 64, 1, 0, 3
42, 64, 1, 0, 3
42, 64, 1, 0, 3
42, 64, 1, 0, 3
42, 64, 1, 0, 3
42, 64, 1, 0, 3
42, 64, 1, 0, 3
42, 64, 1, 0, 3
42, 64, 1, 0, 3
42, 64, 1, 0, 3
42, 64, 1, 0, 3
42, 64, 1, 0, 3
42, 64, 1, 0, 3
42, 64, 1, 0, 3
42, 64, 1, 0, 3
42, 64, 1, 0, 3
42, 64, 1, 0, 3
42, 64, 1, 0, 3
42, 64, 1, 0, 3
42, 64, 1, 0, 3
42, 64, 1, 0, 3
42, 64, 1, 0, 3
42, 64, 1, 0, 3
42, 64, 1, 0, 3
42, 64, 1, 0, 3
42, 64, 1, 0, 3
42, 64, 1, 0, 4
42, 64, 1, 0, 4
42, 64, 1, 0, 4
42, 64, 1, 0, 4
42, 64, 1, 0, 4
42, 64, 1, 0, 4
42, 64, 1, 0, 4
42, 64, 1, 0, 4
42, 64, 1, 0, 4
42, 64, 1, 0, 4
42, 64, 1, 0, 4
42, 64, 1, 0, 4
42, 64, 1, 0, 4
42, 64, 1, 0, 4
42, 64, 1, 0, 4
42, 64, 1, 0, 4
43, 15, 0, 1, 2
43, 15, 0, 1, 2
43, 15, 0, 1, 2
43, 15, 0, 1, 2
43, 15, 0, 1, 2
43, 15, 0, 1, 2
43, 15, 0, 1, 2
43, 15, 0, 1, 2
43, 15, 0, 1, 2
43, 15, 0, 1, 2
43, 15, 0, 1, 2
43, 15, 0, 1, 2
43, 15, 0, 1, 2
43, 15, 0, 1, 2
43, 15, 0, 1, 2
43, 90, 1, 0, 3
43, 90, 1, 0, 3
43, 90, 1, 0, 3
43, 90, 1, 0, 3
43, 90, 1, 0, 3
43, 90, 1, 0, 3
43, 90, 1, 0, 3
43, 90, 1, 0, 3
43, 90, 1, 0, 3
43, 90, 1, 0, 3
43, 90, 1, 0, 3
43, 90, 1, 0, 3
43, 90, 1, 0, 3
43, 90, 1, 0, 3
43, 90, 1, 0, 3
43, 90, 1, 0, 3
43, 90, 1, 0, 3
43, 90, 1, 0, 3
43, 90, 1, 0, 3
43, 90, 1, 0, 3
43, 90, 1, 0, 3
43, 90, 1, 0, 3
43, 90, 1, 0, 3
43, 90, 1, 0, 3
43, 90, 1, 0, 3
43, 90, 1, 0, 3
43, 90, 1, 0, 3
43, 90, 1, 0, 3
43, 90, 1, 0, 3
43, 90, 1, 0, 3
43, 90, 1, 0, 3
43, 90, 1, 0, 3
43, 90, 1, 0, 3
43, 90, 1, 0, 3
43, 90, 1, 0, 3
43, 90, 1, 0, 3
43, 90, 1, 0, 3
43, 90, 1, 0, 3
43, 90, 1, 0, 3
43, 90, 1, 0, 3
43, 90, 1, 0, 3
43, 90, 1, 0, 3
43, 90, 1, 0, 3
43, 90, 1, 0, 3
43, 90, 1, 0, 3
43, 90, 1, 0, 4
43, 90, 1, 0, 4
43, 90, 1, 0, 4
43, 90, 1, 0, 4
43, 90, 1, 0, 4
43, 90, 1, 0, 4
43, 90, 1, 0, 4
43, 90, 1, 0, 4
43, 90, 1, 0, 4
43, 90, 1, 0, 4
43, 90, 1, 0, 4
43, 90, 1, 0, 4
43, 90, 1, 0, 4
43, 90, 1, 0, 4
43, 90, 1, 0, 4
43, 90, 1, 0, 4
43, 90, 1, 0, 4
43, 90, 1, 0, 4
43, 90, 1, 0, 4
43, 90, 1, 0, 4
43, 90, 1, 0, 4
43, 90, 1, 0, 4
43, 90, 1, 0, 4
43, 90, 1, 0, 4
43, 90, 1, 0, 4
43, 90, 1, 0, 4
43, 90, 1, 0, 4
43, 90, 1, 0, 4
43, 90, 1, 0, 4
43, 90, 1, 0, 4
43, 90, 1, 0, 4
43, 90, 1, 0, 4
43, 90, 1, 0, 4
43, 90, 1, 0, 4
43, 90, 1, 0, 4
43, 90, 1, 0, 4
43, 90, 1, 0, 4
43, 90, 1, 0, 4
43, 90, 1, 0, 4
43, 90, 1, 0, 4
43, 90, 1, 0, 4
43, 90, 1, 0, 4
43, 90, 1, 0, 4
43, 90, 1, 0, 4
43, 90, 1, 0, 4
44, 16, 0, 1, 2
44, 16, 0, 1, 2
44, 16, 0, 1, 2
44, 16, 0, 1, 2
44, 16, 0, 1, 2
44, 16, 0, 1, 2
44, 16, 0, 1, 2
44, 16, 0, 1, 2
44, 16, 0, 1, 2
44, 16, 0, 1, 2
44, 16, 0, 1, 2
44, 16, 0, 1, 2
44, 16, 0, 1, 2
44, 16, 0, 1, 2
44, 16, 0, 1, 2
44, 16, 0, 1, 2
44, 144, 1, 0, 3
44, 144, 1, 0, 3
44, 144, 1, 0, 3
44, 144, 1, 0, 3
44, 144, 1, 0, 3
44, 144, 1, 0, 3
44, 144, 1, 0, 3
44, 144, 1, 0, 3
44, 144, 1, 0, 3
44, 144, 1, 0, 3
44, 144, 1, 0, 3
44, 144, 1, 0, 3
44, 144, 1, 0, 3
44, 144, 1, 0, 3
44, 144, 1, 0, 3
44, 144, 1, 0, 3
44, 144, 1, 0, 3
44, 144, 1, 0, 3
44, 144, 1, 0, 3
44, 144, 1, 0, 3
44, 144, 1, 0, 3
44, 144, 1, 0, 3
44, 144, 1, 0, 3
44, 144, 1, 0, 3
44, 144, 1, 0, 3
44, 144, 1, 0, 3
44, 144, 1, 0, 3
44, 144, 1, 0, 3
44, 144, 1, 0, 3
44, 144, 1, 0, 3
44, 144, 1, 0, 3
44, 144, 1, 0, 3
44, 144, 1, 0, 3
44, 144, 1, 0, 3
44, 144, 1, 0, 3
44, 144, 1, 0, 3
44, 144, 1, 0, 3
44, 144, 1, 0, 3
44, 144, 1, 0, 3
44, 144, 1, 0, 3
44, 144, 1, 0, 3
44, 144, 1, 0, 3
44, 144, 1, 0, 3
44, 144, 1, 0, 3
44, 144, 1, 0, 3
44, 144, 1, 0, 3
44, 144, 1, 0, 3
44, 144, 1, 0, 3
44, 144, 1, 0, 4
44, 144, 1, 0, 4
44, 144, 1, 0, 4
44, 144, 1, 0, 4
44, 144, 1, 0, 4
44, 144, 1, 0, 4
44, 144, 1, 0, 4
44, 144, 1, 0, 4
44, 144, 1, 0, 4
44, 144, 1, 0, 4
44, 144, 1, 0, 4
44, 144, 1, 0, 4
44, 144, 1, 0, 4
44, 144, 1, 0, 4
44, 144, 1, 0, 4
44, 144, 1, 0, 4
44, 144, 1, 0, 4
44, 144, 1, 0, 4
44, 144, 1, 0, 4
44, 144, 1, 0, 4
44, 144, 1, 0, 4
44, 144, 1, 0, 4
44, 144, 1, 0, 4
44, 144, 1, 0, 4
44, 144, 1, 0, 4
44, 144, 1, 0, 4
44, 144, 1, 0, 4
44, 144, 1, 0, 4
44, 144, 1, 0, 4
44, 144, 1, 0, 4
44, 144, 1, 0, 4
44, 144, 1, 0, 4
44, 144, 1, 0, 4
44, 144, 1, 0, 4
44, 144, 1, 0, 4
44, 144, 1, 0, 4
44, 144, 1, 0, 4
44, 144, 1, 0, 4
44, 144, 1, 0, 4
44, 144, 1, 0, 4
44, 144, 1, 0, 4
44, 144, 1, 0, 4
44, 144, 1, 0, 4
44, 144, 1, 0, 4
44, 144, 1, 0, 4
44, 144, 1, 0, 4
44, 144, 1, 0, 4
44, 144, 1, 0, 4
44, 144, 1, 0, 4
44, 144, 1, 0, 4
44, 144, 1, 0, 4
44, 144, 1, 0, 4
44, 144, 1, 0, 4
44, 144, 1, 0, 4
44, 144, 1, 0, 4
44, 144, 1, 0, 4
44, 144, 1, 0, 4
44, 144, 1, 0, 4
44, 144, 1, 0, 4
44, 144, 1, 0, 4
44, 144, 1, 0, 4
44, 144, 1, 0, 4
44, 144, 1, 0, 4
44, 144, 1, 0, 4
44, 144, 1, 0, 4
44, 144, 1, 0, 4
44, 144, 1, 0, 4
44, 144, 1, 0, 4
44, 144, 1, 0, 4
44, 144, 1, 0, 4
44, 144, 1, 0, 4
44, 144, 1, 0, 4
44, 144, 1, 0, 4
44, 144, 1, 0, 4
44, 144, 1, 0, 4
44, 144, 1, 0, 4
44, 144, 1, 0, 4
44, 144, 1, 0, 4
44, 144, 1, 0, 4
44, 144, 1, 0, 4
44, 144, 1, 0, 4
44, 144, 1, 0, 4
44, 144, 1, 0, 4
44, 144, 1, 0, 4
44, 144, 1, 0, 4
44, 144, 1, 0, 4
44, 144, 1, 0, 4
44, 144, 1, 0, 4
44, 144, 1, 0, 4
44, 144, 1, 0, 4
44, 144, 1, 0, 4
44, 144, 1, 0, 4
44, 144, 1, 0, 4
44, 144, 1, 0, 4
44, 144, 1, 0, 4
44, 144, 1, 0, 4
45, 39, 0, 1, 3
45, 39, 0, 1, 3
45, 39, 0, 1, 3
45, 39, 0, 1, 3
45, 39, 0, 1, 3
45, 39, 0, 1, 3
45, 39, 0, 1, 3
45, 39, 0, 1, 3
45, 39, 0, 1, 3
45, 39, 0, 1, 3
45, 39, 0, 1, 3
45, 39, 0, 1, 3
45, 39, 0, 1, 4
45, 39, 0, 1, 4
45, 39, 0, 1, 4
45, 39, 0, 1, 4
45, 39, 0, 1, 4
45, 39, 0, 1, 4
45, 39, 0, 1, 4
45, 39, 0, 1, 4
45, 39, 0, 1, 4
45, 39, 0, 9, 3
45, 39, 0, 9, 3
45, 39, 0, 9, 3
45, 39, 0, 9, 4
45, 39, 0, 9, 4
45, 39, 0, 9, 4
45, 39, 0, 10, 3
45, 39, 0, 10, 3
45, 39, 0, 10, 3
45, 39, 0, 11, 3
45, 39, 0, 11, 3
45, 39, 0, 11, 3
45, 39, 0, 11, 3
45, 39, 0, 11, 3
45, 39, 0, 11, 3
45, 39, 0, 11, 4
45, 39, 0, 11, 4
45, 39, 0, 11, 4
45, 43, 1, 0, 2
45, 43, 1, 0, 2
45, 43, 1, 0, 2
45, 43, 1, 0, 2
45, 43, 1, 9, 3
45, 43, 1, 9, 3
45, 43, 1, 9, 3
45, 43, 1, 9, 3
45, 43, 1, 9, 3
45, 43, 1, 9, 3
45, 43, 1, 9, 3
45, 43, 1, 9, 3
45, 43, 1, 9, 3
45, 43, 1, 9, 3
45, 43, 1, 9, 3
45, 43, 1, 9, 3
45, 43, 1, 9, 4
45, 43, 1, 9, 4
45, 43, 1, 9, 4
45, 43, 1, 9, 4
45, 43, 1, 9, 4
45, 43, 1, 9, 4
45, 43, 1, 9, 4
45, 43, 1, 9, 4
45, 43, 1, 9, 4
45, 43, 1, 10, 3
45, 43, 1, 10, 3
45, 43, 1, 10, 3
45, 43, 1, 10, 4
45, 43, 1, 10, 4
45, 43, 1, 10, 4
45, 43, 1, 11, 3
45, 43, 1, 11, 3
45, 43, 1, 11, 3
45, 43, 1, 12, 3
45, 43, 1, 12, 3
45, 43, 1, 12, 3
45, 43, 1, 12, 3
45, 43, 1, 12, 3
45, 43, 1, 12, 3
45, 43, 1, 12, 4
45, 43, 1, 12, 4
45, 43, 1, 12, 4
45, 47, 2, 3, 3
45, 47, 2, 3, 3
45, 47, 2, 3, 3
45, 47, 2, 3, 3
45, 47, 2, 3, 3
45, 47, 2, 3, 3
45, 47, 2, 3, 3
45, 47, 2, 3, 3
45, 47, 2, 3, 3
45, 47, 2, 3, 3
45, 47, 2, 3, 3
45, 47, 2, 3, 3
45, 47, 2, 3, 4
45, 47, 2, 3, 4
45, 47, 2, 3, 4
45, 47, 2, 3, 4
45, 47, 2, 3, 4
45, 47, 2, 3, 4
45, 47, 2, 3, 4
45, 47, 2, 3, 4
45, 47, 2, 3, 4
45, 47, 2, 4, 3
45, 47, 2, 4, 3
45, 47, 2, 4, 3
45, 47, 2, 4, 4
45, 47, 2, 4, 4
45, 47, 2, 4, 4
45, 47, 2, 5, 3
45, 47, 2, 5, 3
45, 47, 2, 5, 3
45, 47, 2, 6, 3
45, 47, 2, 6, 3
45, 47, 2, 6, 3
45, 47, 2, 6, 3
45, 47, 2, 6, 3
45, 47, 2, 6, 3
45, 47, 2, 6, 4
45, 47, 2, 6, 4
45, 47, 2, 6, 4
45, 47, 2, 13, 2
45, 47, 2, 13, 2
45, 47, 2, 14, 2
45, 47, 2, 15, 2
45, 47, 2, 16, 2
45, 47, 2, 16, 2
45, 47, 2, 16, 2
45, 47, 2, 16, 2
45, 47, 3, 2, 2
45, 47, 3, 2, 2
45, 47, 3, 2, 2
45, 47, 3, 2, 2
45, 47, 3, 4, 3
45, 47, 3, 4, 3
45, 47, 3, 4, 3
45, 47, 3, 4, 3
45, 47, 3, 4, 3
45, 47, 3, 4, 3
45, 47, 3, 4, 3
45, 47, 3, 4, 3
45, 47, 3, 4, 3
45, 47, 3, 4, 3
45, 47, 3, 4, 3
45, 47, 3, 4, 3
45, 47, 3, 4, 4
45, 47, 3, 4, 4
45, 47, 3, 4, 4
45, 47, 3, 4, 4
45, 47, 3, 4, 4
45, 47, 3, 4, 4
45, 47, 3, 4, 4
45, 47, 3, 4, 4
45, 47, 3, 4, 4
45, 47, 3, 5, 3
45, 47, 3, 5, 3
45, 47, 3, 5, 3
45, 47, 3, 5, 4
45, 47, 3, 5, 4
45, 47, 3, 5, 4
45, 47, 3, 6, 3
45, 47, 3, 6, 3
45, 47, 3, 6, 3
45, 47, 3, 7, 3
45, 47, 3, 7, 3
45, 47, 3, 7, 3
45, 47, 3, 7, 3
45, 47, 3, 7, 3
45, 47, 3, 7, 3
45, 47, 3, 7, 4
45, 47, 3, 7, 4
45, 47, 3, 7, 4
45, 47, 3, 14, 2
45, 47, 3, 14, 2
45, 47, 3, 15, 2
45, 47, 3, 16, 2
45, 47, 4, 2, 2
45, 47, 4, 3, 2
45, 47, 4, 3, 2
45, 47, 4, 3, 2
45, 47, 4, 3, 2
45, 47, 4, 5, 3
45, 47, 4, 5, 3
45, 47, 4, 5, 3
45, 47, 4, 5, 3
45, 47, 4, 5, 3
45, 47, 4, 5, 3
45, 47, 4, 5, 3
45, 47, 4, 5, 3
45, 47, 4, 5, 3
45, 47, 4, 5, 3
45, 47, 4, 5, 3
45, 47, 4, 5, 3
45, 47, 4, 5, 4
45, 47, 4, 5, 4
45, 47, 4, 5, 4
45, 47, 4, 5, 4
45, 47, 4, 5, 4
45, 47, 4, 5, 4
45, 47, 4, 5, 4
45, 47, 4, 5, 4
45, 47, 4, 5, 4
45, 47, 4, 6, 3
45, 47, 4, 6, 3
45, 47, 4, 6, 3
45, 47, 4, 6, 4
45, 47, 4, 6, 4
45, 47, 4, 6, 4
45, 47, 4, 7, 3
45, 47, 4, 7, 3
45, 47, 4, 7, 3
45, 47, 4, 8, 3
45, 47, 4, 8, 3
45, 47, 4, 8, 3
45, 47, 4, 8, 3
45, 47, 4, 8, 3
45, 47, 4, 8, 3
45, 47, 4, 8, 4
45, 47, 4, 8, 4
45, 47, 4, 8, 4
45, 47, 4, 15, 2
45, 47, 4, 15, 2
45, 47, 4, 16, 2
45, 38, 5, 2, 2
45, 38, 5, 3, 2
45, 38, 5, 4, 2
45, 38, 5, 4, 2
45, 38, 5, 4, 2
45, 38, 5, 4, 2
45, 38, 5, 6, 3
45, 38, 5, 6, 3
45, 38, 5, 6, 3
45, 38, 5, 6, 3
45, 38, 5, 6, 3
45, 38, 5, 6, 3
45, 38, 5, 6, 3
45, 38, 5, 6, 3
45, 38, 5, 6, 3
45, 38, 5, 6, 3
45, 38, 5, 6, 3
45, 38, 5, 6, 3
45, 38, 5, 6, 4
45, 38, 5, 6, 4
45, 38, 5, 6, 4
45, 38, 5, 6, 4
45, 38, 5, 6, 4
45, 38, 5, 6, 4
45, 38, 5, 6, 4
45, 38, 5, 6, 4
45, 38, 5, 6, 4
45, 38, 5, 7, 3
45, 38, 5, 7, 3
45, 38, 5, 7, 3
45, 38, 5, 7, 4
45, 38, 5, 7, 4
45, 38, 5, 7, 4
45, 38, 5, 8, 3
45, 38, 5, 8, 3
45, 38, 5, 8, 3
45, 38, 5, 16, 2
45, 38, 5, 16, 2
45, 35, 6, 2, 2
45, 35, 6, 2, 2
45, 35, 6, 3, 2
45, 35, 6, 4, 2
45, 35, 6, 5, 2
45, 35, 6, 5, 2
45, 35, 6, 5, 2
45, 35, 6, 5, 2
45, 35, 6, 7, 3
45, 35, 6, 7, 3
45, 35, 6, 7, 3
45, 35, 6, 7, 3
45, 35, 6, 7, 3
45, 35, 6, 7, 3
45, 35, 6, 7, 3
45, 35, 6, 7, 3
45, 35, 6, 7, 3
45, 35, 6, 7, 3
45, 35, 6, 7, 3
45, 35, 6, 7, 3
45, 35, 6, 7, 4
45, 35, 6, 7, 4
45, 35, 6, 7, 4
45, 35, 6, 7, 4
45, 35, 6, 7, 4
45, 35, 6, 7, 4
45, 35, 6, 7, 4
45, 35, 6, 7, 4
45, 35, 6, 7, 4
45, 35, 6, 8, 3
45, 35, 6, 8, 3
45, 35, 6, 8, 3
45, 35, 6, 8, 4
45, 35, 6, 8, 4
45, 35, 6, 8, 4
45, 29, 7, 3, 2
45, 29, 7, 3, 2
45, 29, 7, 4, 2
45, 29, 7, 5, 2
45, 29, 7, 6, 2
45, 29, 7, 6, 2
45, 29, 7, 6, 2
45, 29, 7, 6, 2
45, 29, 7, 8, 3
45, 29, 7, 8, 3
45, 29, 7, 8, 3
45, 29, 7, 8, 3
45, 29, 7, 8, 3
45, 29, 7, 8, 3
45, 29, 7, 8, 3
45, 29, 7, 8, 3
45, 29, 7, 8, 3
45, 29, 7, 8, 3
45, 29, 7, 8, 3
45, 29, 7, 8, 3
45, 29, 7, 8, 4
45, 29, 7, 8, 4
45, 29, 7, 8, 4
45, 29, 7, 8, 4
45, 29, 7, 8, 4
45, 29, 7, 8, 4
45, 29, 7, 8, 4
45, 29, 7, 8, 4
45, 29, 7, 8, 4
45, 8, 8, 4, 2
45, 8, 8, 4, 2
45, 8, 8, 5, 2
45, 8, 8, 6, 2
45, 8, 8, 7, 2
45, 8, 8, 7, 2
45, 8, 8, 7, 2
45, 8, 8, 7, 2
45, 44, 9, 0, 2
45, 44, 9, 1, 2
45, 44, 9, 1, 2
45, 44, 9, 1, 2
45, 44, 9, 1, 2
45, 44, 9, 10, 3
45, 44, 9, 10, 3
45, 44, 9, 10, 3
45, 44, 9, 10, 3
45, 44, 9, 10, 3
45, 44, 9, 10, 3
45, 44, 9, 10, 3
45, 44, 9, 10, 3
45, 44, 9, 10, 3
45, 44, 9, 10, 3
45, 44, 9, 10, 3
45, 44, 9, 10, 3
45, 44, 9, 10, 4
45, 44, 9, 10, 4
45, 44, 9, 10, 4
45, 44, 9, 10, 4
45, 44, 9, 10, 4
45, 44, 9, 10, 4
45, 44, 9, 10, 4
45, 44, 9, 10, 4
45, 44, 9, 10, 4
45, 44, 9, 11, 3
45, 44, 9, 11, 3
45, 44, 9, 11, 3
45, 44, 9, 11, 4
45, 44, 9, 11, 4
45, 44, 9, 11, 4
45, 44, 9, 12, 3
45, 44, 9, 12, 3
45, 44, 9, 12, 3
45, 44, 9, 13, 3
45, 44, 9, 13, 3
45, 44, 9, 13, 3
45, 44, 9, 13, 3
45, 44, 9, 13, 3
45, 44, 9, 13, 3
45, 44, 9, 13, 4
45, 44, 9, 13, 4
45, 44, 9, 13, 4
45, 45, 10, 0, 2
45, 45, 10, 1, 2
45, 45, 10, 9, 2
45, 45, 10, 9, 2
45, 45, 10, 9, 2
45, 45, 10, 9, 2
45, 45, 10, 11, 3
45, 45, 10, 11, 3
45, 45, 10, 11, 3
45, 45, 10, 11, 3
45, 45, 10, 11, 3
45, 45, 10, 11, 3
45, 45, 10, 11, 3
45, 45, 10, 11, 3
45, 45, 10, 11, 3
45, 45, 10, 11, 3
45, 45, 10, 11, 3
45, 45, 10, 11, 3
45, 45, 10, 11, 4
45, 45, 10, 11, 4
45, 45, 10, 11, 4
45, 45, 10, 11, 4
45, 45, 10, 11, 4
45, 45, 10, 11, 4
45, 45, 10, 11, 4
45, 45, 10, 11, 4
45, 45, 10, 11, 4
45, 45, 10, 12, 3
45, 45, 10, 12, 3
45, 45, 10, 12, 3
45, 45, 10, 12, 4
45, 45, 10, 12, 4
45, 45, 10, 12, 4
45, 45, 10, 13, 3
45, 45, 10, 13, 3
45, 45, 10, 13, 3
45, 45, 10, 14, 3
45, 45, 10, 14, 3
45, 45, 10, 14, 3
45, 45, 10, 14, 3
45, 45, 10, 14, 3
45, 45, 10, 14, 3
45, 45, 10, 14, 4
45, 45, 10, 14, 4
45, 45, 10, 14, 4
45, 47, 11, 0, 2
45, 47, 11, 0, 2
45, 47, 11, 1, 2
45, 47, 11, 9, 2
45, 47, 11, 10, 2
45, 47, 11, 10, 2
45, 47, 11, 10, 2
45, 47, 11, 10, 2
45, 47, 11, 12, 3
45, 47, 11, 12, 3
45, 47, 11, 12, 3
45, 47, 11, 12, 3
45, 47, 11, 12, 3
45, 47, 11, 12, 3
45, 47, 11, 12, 3
45, 47, 11, 12, 3
45, 47, 11, 12, 3
45, 47, 11, 12, 3
45, 47, 11, 12, 3
45, 47, 11, 12, 3
45, 47, 11, 12, 4
45, 47, 11, 12, 4
45, 47, 11, 12, 4
45, 47, 11, 12, 4
45, 47, 11, 12, 4
45, 47, 11, 12, 4
45, 47, 11, 12, 4
45, 47, 11, 12, 4
45, 47, 11, 12, 4
45, 47, 11, 13, 3
45, 47, 11, 13, 3
45, 47, 11, 13, 3
45, 47, 11, 13, 4
45, 47, 11, 13, 4
45, 47, 11, 13, 4
45, 47, 11, 14, 3
45, 47, 11, 14, 3
45, 47, 11, 14, 3
45, 47, 11, 15, 3
45, 47, 11, 15, 3
45, 47, 11, 15, 3
45, 47, 11, 15, 3
45, 47, 11, 15, 3
45, 47, 11, 15, 3
45, 47, 11, 15, 4
45, 47, 11, 15, 4
45, 47, 11, 15, 4
45, 47, 12, 1, 2
45, 47, 12, 1, 2
45, 47, 12, 9, 2
45, 47, 12, 10, 2
45, 47, 12, 11, 2
45, 47, 12, 11, 2
45, 47, 12, 11, 2
45, 47, 12, 11, 2
45, 47, 12, 13, 3
45, 47, 12, 13, 3
45, 47, 12, 13, 3
45, 47, 12, 13, 3
45, 47, 12, 13, 3
45, 47, 12, 13, 3
45, 47, 12, 13, 3
45, 47, 12, 13, 3
45, 47, 12, 13, 3
45, 47, 12, 13, 3
45, 47, 12, 13, 3
45, 47, 12, 13, 3
45, 47, 12, 13, 4
45, 47, 12, 13, 4
45, 47, 12, 13, 4
45, 47, 12, 13, 4
45, 47, 12, 13, 4
45, 47, 12, 13, 4
45, 47, 12, 13, 4
45, 47, 12, 13, 4
45, 47, 12, 13, 4
45, 47, 12, 14, 3
45, 47, 12, 14, 3
45, 47, 12, 14, 3
45, 47, 12, 14, 4
45, 47, 12, 14, 4
45, 47, 12, 14, 4
45, 47, 12, 15, 3
45, 47, 12, 15, 3
45, 47, 12, 15, 3
45, 47, 12, 16, 3
45, 47, 12, 16, 3
45, 47, 12, 16, 3
45, 47, 12, 16, 3
45, 47, 12, 16, 3
45, 47, 12, 16, 3
45, 47, 12, 16, 4
45, 47, 12, 16, 4
45, 47, 12, 16, 4
45, 47, 13, 2, 3
45, 47, 13, 2, 3
45, 47, 13, 2, 3
45, 47, 13, 2, 3
45, 47, 13, 2, 3
45, 47, 13, 2, 3
45, 47, 13, 2, 4
45, 47, 13, 2, 4
45, 47, 13, 2, 4
45, 47, 13, 9, 2
45, 47, 13, 9, 2
45, 47, 13, 10, 2
45, 47, 13, 11, 2
45, 47, 13, 12, 2
45, 47, 13, 12, 2
45, 47, 13, 12, 2
45, 47, 13, 12, 2
45, 47, 13, 14, 3
45, 47, 13, 14, 3
45, 47, 13, 14, 3
45, 47, 13, 14, 3
45, 47, 13, 14, 3
45, 47, 13, 14, 3
45, 47, 13, 14, 3
45, 47, 13, 14, 3
45, 47, 13, 14, 3
45, 47, 13, 14, 3
45, 47, 13, 14, 3
45, 47, 13, 14, 3
45, 47, 13, 14, 4
45, 47, 13, 14, 4
45, 47, 13, 14, 4
45, 47, 13, 14, 4
45, 47, 13, 14, 4
45, 47, 13, 14, 4
45, 47, 13, 14, 4
45, 47, 13, 14, 4
45, 47, 13, 14, 4
45, 47, 13, 15, 3
45, 47, 13, 15, 3
45, 47, 13, 15, 3
45, 47, 13, 15, 4
45, 47, 13, 15, 4
45, 47, 13, 15, 4
45, 47, 13, 16, 3
45, 47, 13, 16, 3
45, 47, 13, 16, 3
45, 47, 14, 2, 3
45, 47, 14, 2, 3
45, 47, 14, 2, 3
45, 47, 14, 3, 3
45, 47, 14, 3, 3
45, 47, 14, 3, 3
45, 47, 14, 3, 3
45, 47, 14, 3, 3
45, 47, 14, 3, 3
45, 47, 14, 3, 4
45, 47, 14, 3, 4
45, 47, 14, 3, 4
45, 47, 14, 10, 2
45, 47, 14, 10, 2
45, 47, 14, 11, 2
45, 47, 14, 12, 2
45, 47, 14, 13, 2
45, 47, 14, 13, 2
45, 47, 14, 13, 2
45, 47, 14, 13, 2
45, 47, 14, 15, 3
45, 47, 14, 15, 3
45, 47, 14, 15, 3
45, 47, 14, 15, 3
45, 47, 14, 15, 3
45, 47, 14, 15, 3
45, 47, 14, 15, 3
45, 47, 14, 15, 3
45, 47, 14, 15, 3
45, 47, 14, 15, 3
45, 47, 14, 15, 3
45, 47, 14, 15, 3
45, 47, 14, 15, 4
45, 47, 14, 15, 4
45, 47, 14, 15, 4
45, 47, 14, 15, 4
45, 47, 14, 15, 4
45, 47, 14, 15, 4
45, 47, 14, 15, 4
45, 47, 14, 15, 4
45, 47, 14, 15, 4
45, 47, 14, 16, 3
45, 47, 14, 16, 3
45, 47, 14, 16, 3
45, 47, 14, 16, 4
45, 47, 14, 16, 4
45, 47, 14, 16, 4
45, 47, 15, 2, 3
45, 47, 15, 2, 3
45, 47, 15, 2, 3
45, 47, 15, 2, 4
45, 47, 15, 2, 4
45, 47, 15, 2, 4
45, 47, 15, 3, 3
45, 47, 15, 3, 3
45, 47, 15, 3, 3
45, 47, 15, 4, 3
45, 47, 15, 4, 3
45, 47, 15, 4, 3
45, 47, 15, 4, 3
45, 47, 15, 4, 3
45, 47, 15, 4, 3
45, 47, 15, 4, 4
45, 47, 15, 4, 4
45, 47, 15, 4, 4
45, 47, 15, 11, 2
45, 47, 15, 11, 2
45, 47, 15, 12, 2
45, 47, 15, 13, 2
45, 47, 15, 14, 2
45, 47, 15, 14, 2
45, 47, 15, 14, 2
45, 47, 15, 14, 2
45, 47, 15, 16, 3
45, 47, 15, 16, 3
45, 47, 15, 16, 3
45, 47, 15, 16, 3
45, 47, 15, 16, 3
45, 47, 15, 16, 3
45, 47, 15, 16, 3
45, 47, 15, 16, 3
45, 47, 15, 16, 3
45, 47, 15, 16, 3
45, 47, 15, 16, 3
45, 47, 15, 16, 3
45, 47, 15, 16, 4
45, 47, 15, 16, 4
45, 47, 15, 16, 4
45, 47, 15, 16, 4
45, 47, 15, 16, 4
45, 47, 15, 16, 4
45, 47, 15, 16, 4
45, 47, 15, 16, 4
45, 47, 15, 16, 4
45, 47, 16, 2, 3
45, 47, 16, 2, 3
45, 47, 16, 2, 3
45, 47, 16, 2, 3
45, 47, 16, 2, 3
45, 47, 16, 2, 3
45, 47, 16, 2, 3
45, 47, 16, 2, 3
45, 47, 16, 2, 3
45, 47, 16, 2, 3
45, 47, 16, 2, 3
45, 47, 16, 2, 3
45, 47, 16, 2, 4
45, 47, 16, 2, 4
45, 47, 16, 2, 4
45, 47, 16, 2, 4
45, 47, 16, 2, 4
45, 47, 16, 2, 4
45, 47, 16, 2, 4
45, 47, 16, 2, 4
45, 47, 16, 2, 4
45, 47, 16, 3, 3
45, 47, 16, 3, 3
45, 47, 16, 3, 3
45, 47, 16, 3, 4
45, 47, 16, 3, 4
45, 47, 16, 3, 4
45, 47, 16, 4, 3
45, 47, 16, 4, 3
45, 47, 16, 4, 3
45, 47, 16, 5, 3
45, 47, 16, 5, 3
45, 47, 16, 5, 3
45, 47, 16, 5, 3
45, 47, 16, 5, 3
45, 47, 16, 5, 3
45, 47, 16, 5, 4
45, 47, 16, 5, 4
45, 47, 16, 5, 4
45, 47, 16, 12, 2
45, 47, 16, 12, 2
45, 47, 16, 13, 2
45, 47, 16, 14, 2
45, 47, 16, 15, 2
45, 47, 16, 15, 2
45, 47, 16, 15, 2
45, 47, 16, 15, 2
46, 1, 1, 0, 2
47, 1, 1, 0, 2
48, 1, 1, 0, 2
Goal
46
47
48
