CG
32
0, 12, 29, 24
0, 12, 24, 24
0, 12, 30, 24
0, 12, 23, 18
0, 12, 20, 18
0, 12, 21, 18
0, 12, 22, 18
0, 12, 28, 12
0, 12, 1, 24
0, 12, 8, 24
0, 12, 9, 24
0, 12, 10, 24
1, 12, 29, 24
1, 12, 24, 24
1, 12, 30, 24
1, 12, 23, 18
1, 12, 20, 18
1, 12, 21, 18
1, 12, 22, 18
1, 12, 28, 12
1, 12, 8, 24
1, 12, 9, 24
1, 12, 10, 24
1, 12, 0, 12
2, 12, 29, 24
2, 12, 24, 24
2, 12, 30, 24
2, 12, 23, 18
2, 12, 20, 18
2, 12, 21, 18
2, 12, 22, 18
2, 12, 28, 12
2, 12, 3, 24
2, 12, 11, 24
2, 12, 12, 24
2, 12, 13, 24
3, 12, 29, 24
3, 12, 24, 24
3, 12, 30, 24
3, 12, 23, 18
3, 12, 20, 18
3, 12, 21, 18
3, 12, 22, 18
3, 12, 28, 12
3, 12, 11, 24
3, 12, 12, 24
3, 12, 13, 24
3, 12, 2, 12
4, 12, 29, 24
4, 12, 24, 24
4, 12, 30, 24
4, 12, 23, 18
4, 12, 20, 18
4, 12, 21, 18
4, 12, 22, 18
4, 12, 28, 12
4, 12, 5, 24
4, 12, 14, 24
4, 12, 15, 24
4, 12, 16, 24
5, 12, 29, 24
5, 12, 24, 24
5, 12, 30, 24
5, 12, 23, 18
5, 12, 20, 18
5, 12, 21, 18
5, 12, 22, 18
5, 12, 28, 12
5, 12, 14, 24
5, 12, 15, 24
5, 12, 16, 24
5, 12, 4, 12
6, 12, 29, 24
6, 12, 24, 24
6, 12, 30, 24
6, 12, 23, 18
6, 12, 20, 18
6, 12, 21, 18
6, 12, 22, 18
6, 12, 28, 12
6, 12, 7, 24
6, 12, 17, 24
6, 12, 18, 24
6, 12, 19, 24
7, 12, 29, 24
7, 12, 24, 24
7, 12, 30, 24
7, 12, 23, 18
7, 12, 20, 18
7, 12, 21, 18
7, 12, 22, 18
7, 12, 28, 12
7, 12, 17, 24
7, 12, 18, 24
7, 12, 19, 24
7, 12, 6, 12
8, 1, 26, 12
9, 1, 25, 12
10, 1, 27, 12
11, 1, 26, 12
12, 1, 25, 12
13, 1, 27, 12
14, 1, 26, 12
15, 1, 25, 12
16, 1, 27, 12
17, 1, 26, 12
18, 1, 25, 12
19, 1, 27, 12
20, 23, 29, 12
20, 23, 24, 12
20, 23, 30, 12
20, 23, 5, 3
20, 23, 7, 3
20, 23, 1, 3
20, 23, 3, 3
20, 23, 14, 3
20, 23, 17, 3
20, 23, 8, 3
20, 23, 11, 3
20, 23, 15, 3
20, 23, 18, 3
20, 23, 9, 3
20, 23, 12, 3
20, 23, 16, 3
20, 23, 19, 3
20, 23, 10, 3
20, 23, 13, 3
20, 23, 4, 3
20, 23, 6, 3
20, 23, 0, 3
20, 23, 2, 3
21, 23, 29, 12
21, 23, 24, 12
21, 23, 30, 12
21, 23, 5, 3
21, 23, 7, 3
21, 23, 1, 3
21, 23, 3, 3
21, 23, 14, 3
21, 23, 17, 3
21, 23, 8, 3
21, 23, 11, 3
21, 23, 15, 3
21, 23, 18, 3
21, 23, 9, 3
21, 23, 12, 3
21, 23, 16, 3
21, 23, 19, 3
21, 23, 10, 3
21, 23, 13, 3
21, 23, 4, 3
21, 23, 6, 3
21, 23, 0, 3
21, 23, 2, 3
22, 23, 29, 12
22, 23, 24, 12
22, 23, 30, 12
22, 23, 5, 3
22, 23, 7, 3
22, 23, 1, 3
22, 23, 3, 3
22, 23, 14, 3
22, 23, 17, 3
22, 23, 8, 3
22, 23, 11, 3
22, 23, 15, 3
22, 23, 18, 3
22, 23, 9, 3
22, 23, 12, 3
22, 23, 16, 3
22, 23, 19, 3
22, 23, 10, 3
22, 23, 13, 3
22, 23, 4, 3
22, 23, 6, 3
22, 23, 0, 3
22, 23, 2, 3
23, 23, 29, 13
23, 23, 24, 13
23, 23, 30, 13
23, 23, 5, 3
23, 23, 7, 3
23, 23, 1, 3
23, 23, 3, 3
23, 23, 14, 3
23, 23, 17, 3
23, 23, 8, 3
23, 23, 11, 3
23, 23, 15, 3
23, 23, 18, 3
23, 23, 9, 3
23, 23, 12, 3
23, 23, 16, 3
23, 23, 19, 3
23, 23, 10, 3
23, 23, 13, 3
23, 23, 4, 3
23, 23, 6, 3
23, 23, 0, 3
23, 23, 2, 3
24, 10, -1, 1
24, 10, -1, 1
24, 10, 31, 1
24, 10, 23, 26
24, 10, 20, 25
24, 10, 21, 25
24, 10, 22, 25
24, 10, 25, 48
24, 10, 15, 36
24, 10, 18, 36
24, 10, 9, 36
24, 10, 12, 36
25, 3, 28, 48
25, 3, 26, 48
25, 3, 27, 48
26, 3, 28, 48
26, 3, 25, 48
26, 3, 27, 48
27, 3, 28, 48
27, 3, 26, 48
27, 3, 25, 48
28, 31, -1, 1
28, 31, -1, 1
28, 31, -1, 1
28, 31, 29, 149
28, 31, -1, 1
28, 31, -1, 1
28, 31, 31, 1
28, 31, 24, 149
28, 31, -1, 1
28, 31, -1, 1
28, 31, -1, 1
28, 31, 30, 149
28, 31, 23, 78
28, 31, 20, 75
28, 31, 21, 75
28, 31, 22, 75
28, 31, 26, 144
28, 31, 25, 144
28, 31, 27, 144
28, 31, 5, 24
28, 31, 7, 24
28, 31, 1, 24
28, 31, 3, 24
28, 31, 14, 36
28, 31, 17, 36
28, 31, 8, 36
28, 31, 11, 36
28, 31, 15, 36
28, 31, 18, 36
28, 31, 9, 36
28, 31, 12, 36
28, 31, 16, 36
28, 31, 19, 36
28, 31, 10, 36
28, 31, 13, 36
28, 31, 4, 24
28, 31, 6, 24
28, 31, 0, 24
28, 31, 2, 24
29, 9, -1, 1
29, 9, -1, 1
29, 9, -1, 1
29, 9, 23, 26
29, 9, 20, 25
29, 9, 21, 25
29, 9, 22, 25
29, 9, 26, 48
29, 9, 14, 36
29, 9, 17, 36
29, 9, 8, 36
29, 9, 11, 36
30, 9, -1, 1
30, 9, -1, 1
30, 9, -1, 1
30, 9, 23, 26
30, 9, 20, 25
30, 9, 21, 25
30, 9, 22, 25
30, 9, 27, 48
30, 9, 16, 36
30, 9, 19, 36
30, 9, 10, 36
30, 9, 13, 36
DTG
0, 12, 0, 1, 3
0, 12, 0, 2, 3
0, 12, 0, 3, 3
0, 12, 0, 4, 3
0, 12, 0, 5, 3
0, 12, 0, 6, 3
0, 12, 0, 7, 3
0, 12, 0, 8, 3
0, 12, 0, 9, 3
0, 12, 0, 10, 3
0, 12, 0, 11, 3
0, 12, 0, 12, 3
0, 1, 1, 0, 3
0, 1, 2, 0, 3
0, 1, 3, 0, 3
0, 1, 4, 0, 3
0, 1, 5, 0, 3
0, 1, 6, 0, 3
0, 1, 7, 0, 3
0, 1, 8, 0, 3
0, 1, 9, 0, 3
0, 1, 10, 0, 3
0, 1, 11, 0, 3
0, 1, 12, 0, 3
1, 12, 0, 1, 3
1, 12, 0, 1, 3
1, 12, 0, 1, 3
1, 12, 0, 1, 3
1, 12, 0, 1, 3
1, 12, 0, 1, 3
1, 12, 0, 1, 3
1, 12, 0, 1, 3
1, 12, 0, 1, 3
1, 12, 0, 1, 3
1, 12, 0, 1, 3
1, 12, 0, 1, 3
1, 4, 1, 0, 4
1, 4, 1, 0, 4
1, 4, 1, 0, 4
1, 4, 1, 0, 4
2, 12, 0, 1, 3
2, 12, 0, 2, 3
2, 12, 0, 3, 3
2, 12, 0, 4, 3
2, 12, 0, 5, 3
2, 12, 0, 6, 3
2, 12, 0, 7, 3
2, 12, 0, 8, 3
2, 12, 0, 9, 3
2, 12, 0, 10, 3
2, 12, 0, 11, 3
2, 12, 0, 12, 3
2, 1, 1, 0, 3
2, 1, 2, 0, 3
2, 1, 3, 0, 3
2, 1, 4, 0, 3
2, 1, 5, 0, 3
2, 1, 6, 0, 3
2, 1, 7, 0, 3
2, 1, 8, 0, 3
2, 1, 9, 0, 3
2, 1, 10, 0, 3
2, 1, 11, 0, 3
2, 1, 12, 0, 3
3, 12, 0, 1, 3
3, 12, 0, 1, 3
3, 12, 0, 1, 3
3, 12, 0, 1, 3
3, 12, 0, 1, 3
3, 12, 0, 1, 3
3, 12, 0, 1, 3
3, 12, 0, 1, 3
3, 12, 0, 1, 3
3, 12, 0, 1, 3
3, 12, 0, 1, 3
3, 12, 0, 1, 3
3, 4, 1, 0, 4
3, 4, 1, 0, 4
3, 4, 1, 0, 4
3, 4, 1, 0, 4
4, 12, 0, 1, 3
4, 12, 0, 2, 3
4, 12, 0, 3, 3
4, 12, 0, 4, 3
4, 12, 0, 5, 3
4, 12, 0, 6, 3
4, 12, 0, 7, 3
4, 12, 0, 8, 3
4, 12, 0, 9, 3
4, 12, 0, 10, 3
4, 12, 0, 11, 3
4, 12, 0, 12, 3
4, 1, 1, 0, 3
4, 1, 2, 0, 3
4, 1, 3, 0, 3
4, 1, 4, 0, 3
4, 1, 5, 0, 3
4, 1, 6, 0, 3
4, 1, 7, 0, 3
4, 1, 8, 0, 3
4, 1, 9, 0, 3
4, 1, 10, 0, 3
4, 1, 11, 0, 3
4, 1, 12, 0, 3
5, 12, 0, 1, 3
5, 12, 0, 1, 3
5, 12, 0, 1, 3
5, 12, 0, 1, 3
5, 12, 0, 1, 3
5, 12, 0, 1, 3
5, 12, 0, 1, 3
5, 12, 0, 1, 3
5, 12, 0, 1, 3
5, 12, 0, 1, 3
5, 12, 0, 1, 3
5, 12, 0, 1, 3
5, 4, 1, 0, 4
5, 4, 1, 0, 4
5, 4, 1, 0, 4
5, 4, 1, 0, 4
6, 12, 0, 1, 3
6, 12, 0, 2, 3
6, 12, 0, 3, 3
6, 12, 0, 4, 3
6, 12, 0, 5, 3
6, 12, 0, 6, 3
6, 12, 0, 7, 3
6, 12, 0, 8, 3
6, 12, 0, 9, 3
6, 12, 0, 10, 3
6, 12, 0, 11, 3
6, 12, 0, 12, 3
6, 1, 1, 0, 3
6, 1, 2, 0, 3
6, 1, 3, 0, 3
6, 1, 4, 0, 3
6, 1, 5, 0, 3
6, 1, 6, 0, 3
6, 1, 7, 0, 3
6, 1, 8, 0, 3
6, 1, 9, 0, 3
6, 1, 10, 0, 3
6, 1, 11, 0, 3
6, 1, 12, 0, 3
7, 12, 0, 1, 3
7, 12, 0, 1, 3
7, 12, 0, 1, 3
7, 12, 0, 1, 3
7, 12, 0, 1, 3
7, 12, 0, 1, 3
7, 12, 0, 1, 3
7, 12, 0, 1, 3
7, 12, 0, 1, 3
7, 12, 0, 1, 3
7, 12, 0, 1, 3
7, 12, 0, 1, 3
7, 4, 1, 0, 4
7, 4, 1, 0, 4
7, 4, 1, 0, 4
7, 4, 1, 0, 4
8, 12, 0, 1, 5
8, 12, 0, 1, 5
8, 12, 0, 1, 5
8, 12, 0, 1, 5
8, 12, 0, 1, 5
8, 12, 0, 1, 5
8, 12, 0, 1, 5
8, 12, 0, 1, 5
8, 12, 0, 1, 5
8, 12, 0, 1, 5
8, 12, 0, 1, 5
8, 12, 0, 1, 5
8, 24, 1, 0, 3
8, 24, 1, 0, 3
8, 24, 1, 0, 3
8, 24, 1, 0, 3
8, 24, 1, 0, 3
8, 24, 1, 0, 3
8, 24, 1, 0, 3
8, 24, 1, 0, 3
8, 24, 1, 0, 3
8, 24, 1, 0, 3
8, 24, 1, 0, 3
8, 24, 1, 0, 3
8, 24, 1, 0, 6
8, 24, 1, 0, 6
8, 24, 1, 0, 6
8, 24, 1, 0, 6
8, 24, 1, 0, 6
8, 24, 1, 0, 6
8, 24, 1, 0, 6
8, 24, 1, 0, 6
8, 24, 1, 0, 6
8, 24, 1, 0, 6
8, 24, 1, 0, 6
8, 24, 1, 0, 6
9, 12, 0, 1, 5
9, 12, 0, 1, 5
9, 12, 0, 1, 5
9, 12, 0, 1, 5
9, 12, 0, 1, 5
9, 12, 0, 1, 5
9, 12, 0, 1, 5
9, 12, 0, 1, 5
9, 12, 0, 1, 5
9, 12, 0, 1, 5
9, 12, 0, 1, 5
9, 12, 0, 1, 5
9, 24, 1, 0, 3
9, 24, 1, 0, 3
9, 24, 1, 0, 3
9, 24, 1, 0, 3
9, 24, 1, 0, 3
9, 24, 1, 0, 3
9, 24, 1, 0, 3
9, 24, 1, 0, 3
9, 24, 1, 0, 3
9, 24, 1, 0, 3
9, 24, 1, 0, 3
9, 24, 1, 0, 3
9, 24, 1, 0, 6
9, 24, 1, 0, 6
9, 24, 1, 0, 6
9, 24, 1, 0, 6
9, 24, 1, 0, 6
9, 24, 1, 0, 6
9, 24, 1, 0, 6
9, 24, 1, 0, 6
9, 24, 1, 0, 6
9, 24, 1, 0, 6
9, 24, 1, 0, 6
9, 24, 1, 0, 6
10, 12, 0, 1, 5
10, 12, 0, 1, 5
10, 12, 0, 1, 5
10, 12, 0, 1, 5
10, 12, 0, 1, 5
10, 12, 0, 1, 5
10, 12, 0, 1, 5
10, 12, 0, 1, 5
10, 12, 0, 1, 5
10, 12, 0, 1, 5
10, 12, 0, 1, 5
10, 12, 0, 1, 5
10, 24, 1, 0, 3
10, 24, 1, 0, 3
10, 24, 1, 0, 3
10, 24, 1, 0, 3
10, 24, 1, 0, 3
10, 24, 1, 0, 3
10, 24, 1, 0, 3
10, 24, 1, 0, 3
10, 24, 1, 0, 3
10, 24, 1, 0, 3
10, 24, 1, 0, 3
10, 24, 1, 0, 3
10, 24, 1, 0, 6
10, 24, 1, 0, 6
10, 24, 1, 0, 6
10, 24, 1, 0, 6
10, 24, 1, 0, 6
10, 24, 1, 0, 6
10, 24, 1, 0, 6
10, 24, 1, 0, 6
10, 24, 1, 0, 6
10, 24, 1, 0, 6
10, 24, 1, 0, 6
10, 24, 1, 0, 6
11, 12, 0, 1, 5
11, 12, 0, 1, 5
11, 12, 0, 1, 5
11, 12, 0, 1, 5
11, 12, 0, 1, 5
11, 12, 0, 1, 5
11, 12, 0, 1, 5
11, 12, 0, 1, 5
11, 12, 0, 1, 5
11, 12, 0, 1, 5
11, 12, 0, 1, 5
11, 12, 0, 1, 5
11, 24, 1, 0, 3
11, 24, 1, 0, 3
11, 24, 1, 0, 3
11, 24, 1, 0, 3
11, 24, 1, 0, 3
11, 24, 1, 0, 3
11, 24, 1, 0, 3
11, 24, 1, 0, 3
11, 24, 1, 0, 3
11, 24, 1, 0, 3
11, 24, 1, 0, 3
11, 24, 1, 0, 3
11, 24, 1, 0, 6
11, 24, 1, 0, 6
11, 24, 1, 0, 6
11, 24, 1, 0, 6
11, 24, 1, 0, 6
11, 24, 1, 0, 6
11, 24, 1, 0, 6
11, 24, 1, 0, 6
11, 24, 1, 0, 6
11, 24, 1, 0, 6
11, 24, 1, 0, 6
11, 24, 1, 0, 6
12, 12, 0, 1, 5
12, 12, 0, 1, 5
12, 12, 0, 1, 5
12, 12, 0, 1, 5
12, 12, 0, 1, 5
12, 12, 0, 1, 5
12, 12, 0, 1, 5
12, 12, 0, 1, 5
12, 12, 0, 1, 5
12, 12, 0, 1, 5
12, 12, 0, 1, 5
12, 12, 0, 1, 5
12, 24, 1, 0, 3
12, 24, 1, 0, 3
12, 24, 1, 0, 3
12, 24, 1, 0, 3
12, 24, 1, 0, 3
12, 24, 1, 0, 3
12, 24, 1, 0, 3
12, 24, 1, 0, 3
12, 24, 1, 0, 3
12, 24, 1, 0, 3
12, 24, 1, 0, 3
12, 24, 1, 0, 3
12, 24, 1, 0, 6
12, 24, 1, 0, 6
12, 24, 1, 0, 6
12, 24, 1, 0, 6
12, 24, 1, 0, 6
12, 24, 1, 0, 6
12, 24, 1, 0, 6
12, 24, 1, 0, 6
12, 24, 1, 0, 6
12, 24, 1, 0, 6
12, 24, 1, 0, 6
12, 24, 1, 0, 6
13, 12, 0, 1, 5
13, 12, 0, 1, 5
13, 12, 0, 1, 5
13, 12, 0, 1, 5
13, 12, 0, 1, 5
13, 12, 0, 1, 5
13, 12, 0, 1, 5
13, 12, 0, 1, 5
13, 12, 0, 1, 5
13, 12, 0, 1, 5
13, 12, 0, 1, 5
13, 12, 0, 1, 5
13, 24, 1, 0, 3
13, 24, 1, 0, 3
13, 24, 1, 0, 3
13, 24, 1, 0, 3
13, 24, 1, 0, 3
13, 24, 1, 0, 3
13, 24, 1, 0, 3
13, 24, 1, 0, 3
13, 24, 1, 0, 3
13, 24, 1, 0, 3
13, 24, 1, 0, 3
13, 24, 1, 0, 3
13, 24, 1, 0, 6
13, 24, 1, 0, 6
13, 24, 1, 0, 6
13, 24, 1, 0, 6
13, 24, 1, 0, 6
13, 24, 1, 0, 6
13, 24, 1, 0, 6
13, 24, 1, 0, 6
13, 24, 1, 0, 6
13, 24, 1, 0, 6
13, 24, 1, 0, 6
13, 24, 1, 0, 6
14, 12, 0, 1, 5
14, 12, 0, 1, 5
14, 12, 0, 1, 5
14, 12, 0, 1, 5
14, 12, 0, 1, 5
14, 12, 0, 1, 5
14, 12, 0, 1, 5
14, 12, 0, 1, 5
14, 12, 0, 1, 5
14, 12, 0, 1, 5
14, 12, 0, 1, 5
14, 12, 0, 1, 5
14, 24, 1, 0, 3
14, 24, 1, 0, 3
14, 24, 1, 0, 3
14, 24, 1, 0, 3
14, 24, 1, 0, 3
14, 24, 1, 0, 3
14, 24, 1, 0, 3
14, 24, 1, 0, 3
14, 24, 1, 0, 3
14, 24, 1, 0, 3
14, 24, 1, 0, 3
14, 24, 1, 0, 3
14, 24, 1, 0, 6
14, 24, 1, 0, 6
14, 24, 1, 0, 6
14, 24, 1, 0, 6
14, 24, 1, 0, 6
14, 24, 1, 0, 6
14, 24, 1, 0, 6
14, 24, 1, 0, 6
14, 24, 1, 0, 6
14, 24, 1, 0, 6
14, 24, 1, 0, 6
14, 24, 1, 0, 6
15, 12, 0, 1, 5
15, 12, 0, 1, 5
15, 12, 0, 1, 5
15, 12, 0, 1, 5
15, 12, 0, 1, 5
15, 12, 0, 1, 5
15, 12, 0, 1, 5
15, 12, 0, 1, 5
15, 12, 0, 1, 5
15, 12, 0, 1, 5
15, 12, 0, 1, 5
15, 12, 0, 1, 5
15, 24, 1, 0, 3
15, 24, 1, 0, 3
15, 24, 1, 0, 3
15, 24, 1, 0, 3
15, 24, 1, 0, 3
15, 24, 1, 0, 3
15, 24, 1, 0, 3
15, 24, 1, 0, 3
15, 24, 1, 0, 3
15, 24, 1, 0, 3
15, 24, 1, 0, 3
15, 24, 1, 0, 3
15, 24, 1, 0, 6
15, 24, 1, 0, 6
15, 24, 1, 0, 6
15, 24, 1, 0, 6
15, 24, 1, 0, 6
15, 24, 1, 0, 6
15, 24, 1, 0, 6
15, 24, 1, 0, 6
15, 24, 1, 0, 6
15, 24, 1, 0, 6
15, 24, 1, 0, 6
15, 24, 1, 0, 6
16, 12, 0, 1, 5
16, 12, 0, 1, 5
16, 12, 0, 1, 5
16, 12, 0, 1, 5
16, 12, 0, 1, 5
16, 12, 0, 1, 5
16, 12, 0, 1, 5
16, 12, 0, 1, 5
16, 12, 0, 1, 5
16, 12, 0, 1, 5
16, 12, 0, 1, 5
16, 12, 0, 1, 5
16, 24, 1, 0, 3
16, 24, 1, 0, 3
16, 24, 1, 0, 3
16, 24, 1, 0, 3
16, 24, 1, 0, 3
16, 24, 1, 0, 3
16, 24, 1, 0, 3
16, 24, 1, 0, 3
16, 24, 1, 0, 3
16, 24, 1, 0, 3
16, 24, 1, 0, 3
16, 24, 1, 0, 3
16, 24, 1, 0, 6
16, 24, 1, 0, 6
16, 24, 1, 0, 6
16, 24, 1, 0, 6
16, 24, 1, 0, 6
16, 24, 1, 0, 6
16, 24, 1, 0, 6
16, 24, 1, 0, 6
16, 24, 1, 0, 6
16, 24, 1, 0, 6
16, 24, 1, 0, 6
16, 24, 1, 0, 6
17, 12, 0, 1, 5
17, 12, 0, 1, 5
17, 12, 0, 1, 5
17, 12, 0, 1, 5
17, 12, 0, 1, 5
17, 12, 0, 1, 5
17, 12, 0, 1, 5
17, 12, 0, 1, 5
17, 12, 0, 1, 5
17, 12, 0, 1, 5
17, 12, 0, 1, 5
17, 12, 0, 1, 5
17, 24, 1, 0, 3
17, 24, 1, 0, 3
17, 24, 1, 0, 3
17, 24, 1, 0, 3
17, 24, 1, 0, 3
17, 24, 1, 0, 3
17, 24, 1, 0, 3
17, 24, 1, 0, 3
17, 24, 1, 0, 3
17, 24, 1, 0, 3
17, 24, 1, 0, 3
17, 24, 1, 0, 3
17, 24, 1, 0, 6
17, 24, 1, 0, 6
17, 24, 1, 0, 6
17, 24, 1, 0, 6
17, 24, 1, 0, 6
17, 24, 1, 0, 6
17, 24, 1, 0, 6
17, 24, 1, 0, 6
17, 24, 1, 0, 6
17, 24, 1, 0, 6
17, 24, 1, 0, 6
17, 24, 1, 0, 6
18, 12, 0, 1, 5
18, 12, 0, 1, 5
18, 12, 0, 1, 5
18, 12, 0, 1, 5
18, 12, 0, 1, 5
18, 12, 0, 1, 5
18, 12, 0, 1, 5
18, 12, 0, 1, 5
18, 12, 0, 1, 5
18, 12, 0, 1, 5
18, 12, 0, 1, 5
18, 12, 0, 1, 5
18, 24, 1, 0, 3
18, 24, 1, 0, 3
18, 24, 1, 0, 3
18, 24, 1, 0, 3
18, 24, 1, 0, 3
18, 24, 1, 0, 3
18, 24, 1, 0, 3
18, 24, 1, 0, 3
18, 24, 1, 0, 3
18, 24, 1, 0, 3
18, 24, 1, 0, 3
18, 24, 1, 0, 3
18, 24, 1, 0, 6
18, 24, 1, 0, 6
18, 24, 1, 0, 6
18, 24, 1, 0, 6
18, 24, 1, 0, 6
18, 24, 1, 0, 6
18, 24, 1, 0, 6
18, 24, 1, 0, 6
18, 24, 1, 0, 6
18, 24, 1, 0, 6
18, 24, 1, 0, 6
18, 24, 1, 0, 6
19, 12, 0, 1, 5
19, 12, 0, 1, 5
19, 12, 0, 1, 5
19, 12, 0, 1, 5
19, 12, 0, 1, 5
19, 12, 0, 1, 5
19, 12, 0, 1, 5
19, 12, 0, 1, 5
19, 12, 0, 1, 5
19, 12, 0, 1, 5
19, 12, 0, 1, 5
19, 12, 0, 1, 5
19, 24, 1, 0, 3
19, 24, 1, 0, 3
19, 24, 1, 0, 3
19, 24, 1, 0, 3
19, 24, 1, 0, 3
19, 24, 1, 0, 3
19, 24, 1, 0, 3
19, 24, 1, 0, 3
19, 24, 1, 0, 3
19, 24, 1, 0, 3
19, 24, 1, 0, 3
19, 24, 1, 0, 3
19, 24, 1, 0, 6
19, 24, 1, 0, 6
19, 24, 1, 0, 6
19, 24, 1, 0, 6
19, 24, 1, 0, 6
19, 24, 1, 0, 6
19, 24, 1, 0, 6
19, 24, 1, 0, 6
19, 24, 1, 0, 6
19, 24, 1, 0, 6
19, 24, 1, 0, 6
19, 24, 1, 0, 6
20, 36, 0, 1, 5
20, 36, 0, 1, 5
20, 36, 0, 1, 5
20, 36, 0, 1, 5
20, 36, 0, 1, 5
20, 36, 0, 1, 5
20, 36, 0, 1, 5
20, 36, 0, 1, 5
20, 36, 0, 1, 5
20, 36, 0, 1, 5
20, 36, 0, 1, 5
20, 36, 0, 1, 5
20, 36, 0, 1, 5
20, 36, 0, 1, 5
20, 36, 0, 1, 5
20, 36, 0, 1, 5
20, 36, 0, 1, 5
20, 36, 0, 1, 5
20, 36, 0, 1, 5
20, 36, 0, 1, 5
20, 36, 0, 1, 5
20, 36, 0, 1, 5
20, 36, 0, 1, 5
20, 36, 0, 1, 5
20, 36, 0, 1, 5
20, 36, 0, 1, 5
20, 36, 0, 1, 5
20, 36, 0, 1, 5
20, 36, 0, 1, 5
20, 36, 0, 1, 5
20, 36, 0, 1, 5
20, 36, 0, 1, 5
20, 36, 0, 1, 5
20, 36, 0, 1, 5
20, 36, 0, 1, 5
20, 36, 0, 1, 5
20, 3, 1, 0, 3
20, 3, 1, 0, 3
20, 3, 1, 0, 3
21, 36, 0, 1, 5
21, 36, 0, 1, 5
21, 36, 0, 1, 5
21, 36, 0, 1, 5
21, 36, 0, 1, 5
21, 36, 0, 1, 5
21, 36, 0, 1, 5
21, 36, 0, 1, 5
21, 36, 0, 1, 5
21, 36, 0, 1, 5
21, 36, 0, 1, 5
21, 36, 0, 1, 5
21, 36, 0, 1, 5
21, 36, 0, 1, 5
21, 36, 0, 1, 5
21, 36, 0, 1, 5
21, 36, 0, 1, 5
21, 36, 0, 1, 5
21, 36, 0, 1, 5
21, 36, 0, 1, 5
21, 36, 0, 1, 5
21, 36, 0, 1, 5
21, 36, 0, 1, 5
21, 36, 0, 1, 5
21, 36, 0, 1, 5
21, 36, 0, 1, 5
21, 36, 0, 1, 5
21, 36, 0, 1, 5
21, 36, 0, 1, 5
21, 36, 0, 1, 5
21, 36, 0, 1, 5
21, 36, 0, 1, 5
21, 36, 0, 1, 5
21, 36, 0, 1, 5
21, 36, 0, 1, 5
21, 36, 0, 1, 5
21, 3, 1, 0, 3
21, 3, 1, 0, 3
21, 3, 1, 0, 3
22, 36, 0, 1, 5
22, 36, 0, 1, 5
22, 36, 0, 1, 5
22, 36, 0, 1, 5
22, 36, 0, 1, 5
22, 36, 0, 1, 5
22, 36, 0, 1, 5
22, 36, 0, 1, 5
22, 36, 0, 1, 5
22, 36, 0, 1, 5
22, 36, 0, 1, 5
22, 36, 0, 1, 5
22, 36, 0, 1, 5
22, 36, 0, 1, 5
22, 36, 0, 1, 5
22, 36, 0, 1, 5
22, 36, 0, 1, 5
22, 36, 0, 1, 5
22, 36, 0, 1, 5
22, 36, 0, 1, 5
22, 36, 0, 1, 5
22, 36, 0, 1, 5
22, 36, 0, 1, 5
22, 36, 0, 1, 5
22, 36, 0, 1, 5
22, 36, 0, 1, 5
22, 36, 0, 1, 5
22, 36, 0, 1, 5
22, 36, 0, 1, 5
22, 36, 0, 1, 5
22, 36, 0, 1, 5
22, 36, 0, 1, 5
22, 36, 0, 1, 5
22, 36, 0, 1, 5
22, 36, 0, 1, 5
22, 36, 0, 1, 5
22, 3, 1, 0, 3
22, 3, 1, 0, 3
22, 3, 1, 0, 3
23, 39, 0, 1, 3
23, 39, 0, 1, 3
23, 39, 0, 1, 3
23, 39, 0, 1, 5
23, 39, 0, 1, 5
23, 39, 0, 1, 5
23, 39, 0, 1, 5
23, 39, 0, 1, 5
23, 39, 0, 1, 5
23, 39, 0, 1, 5
23, 39, 0, 1, 5
23, 39, 0, 1, 5
23, 39, 0, 1, 5
23, 39, 0, 1, 5
23, 39, 0, 1, 5
23, 39, 0, 1, 5
23, 39, 0, 1, 5
23, 39, 0, 1, 5
23, 39, 0, 1, 5
23, 39, 0, 1, 5
23, 39, 0, 1, 5
23, 39, 0, 1, 5
23, 39, 0, 1, 5
23, 39, 0, 1, 5
23, 39, 0, 1, 5
23, 39, 0, 1, 5
23, 39, 0, 1, 5
23, 39, 0, 1, 5
23, 39, 0, 1, 5
23, 39, 0, 1, 5
23, 39, 0, 1, 5
23, 39, 0, 1, 5
23, 39, 0, 1, 5
23, 39, 0, 1, 5
23, 39, 0, 1, 5
23, 39, 0, 1, 5
23, 39, 0, 1, 5
23, 39, 0, 1, 5
23, 39, 0, 1, 5
23, 3, 1, 0, 3
23, 3, 1, 0, 3
23, 3, 1, 0, 3
24, 13, 1, 5, 4
24, 13, 1, 5, 4
24, 13, 1, 5, 4
24, 13, 1, 6, 4
24, 13, 1, 6, 4
24, 13, 1, 6, 4
24, 13, 1, 7, 4
24, 13, 1, 7, 4
24, 13, 1, 7, 4
24, 13, 1, 8, 4
24, 13, 1, 8, 4
24, 13, 1, 8, 4
24, 13, 1, 10, 2
24, 13, 2, 5, 4
24, 13, 2, 5, 4
24, 13, 2, 5, 4
24, 13, 2, 6, 4
24, 13, 2, 6, 4
24, 13, 2, 6, 4
24, 13, 2, 7, 4
24, 13, 2, 7, 4
24, 13, 2, 7, 4
24, 13, 2, 8, 4
24, 13, 2, 8, 4
24, 13, 2, 8, 4
24, 13, 2, 10, 2
24, 13, 3, 5, 4
24, 13, 3, 5, 4
24, 13, 3, 5, 4
24, 13, 3, 6, 4
24, 13, 3, 6, 4
24, 13, 3, 6, 4
24, 13, 3, 7, 4
24, 13, 3, 7, 4
24, 13, 3, 7, 4
24, 13, 3, 8, 4
24, 13, 3, 8, 4
24, 13, 3, 8, 4
24, 13, 3, 10, 2
24, 13, 4, 0, 2
24, 13, 4, 5, 4
24, 13, 4, 5, 4
24, 13, 4, 5, 4
24, 13, 4, 6, 4
24, 13, 4, 6, 4
24, 13, 4, 6, 4
24, 13, 4, 7, 4
24, 13, 4, 7, 4
24, 13, 4, 7, 4
24, 13, 4, 8, 4
24, 13, 4, 8, 4
24, 13, 4, 8, 4
24, 24, 5, 1, 2
24, 24, 5, 1, 2
24, 24, 5, 1, 2
24, 24, 5, 1, 5
24, 24, 5, 1, 5
24, 24, 5, 1, 5
24, 24, 5, 2, 2
24, 24, 5, 2, 2
24, 24, 5, 2, 2
24, 24, 5, 2, 5
24, 24, 5, 2, 5
24, 24, 5, 2, 5
24, 24, 5, 3, 2
24, 24, 5, 3, 2
24, 24, 5, 3, 2
24, 24, 5, 3, 5
24, 24, 5, 3, 5
24, 24, 5, 3, 5
24, 24, 5, 4, 2
24, 24, 5, 4, 2
24, 24, 5, 4, 2
24, 24, 5, 4, 5
24, 24, 5, 4, 5
24, 24, 5, 4, 5
24, 24, 6, 1, 2
24, 24, 6, 1, 2
24, 24, 6, 1, 2
24, 24, 6, 1, 5
24, 24, 6, 1, 5
24, 24, 6, 1, 5
24, 24, 6, 2, 2
24, 24, 6, 2, 2
24, 24, 6, 2, 2
24, 24, 6, 2, 5
24, 24, 6, 2, 5
24, 24, 6, 2, 5
24, 24, 6, 3, 2
24, 24, 6, 3, 2
24, 24, 6, 3, 2
24, 24, 6, 3, 5
24, 24, 6, 3, 5
24, 24, 6, 3, 5
24, 24, 6, 4, 2
24, 24, 6, 4, 2
24, 24, 6, 4, 2
24, 24, 6, 4, 5
24, 24, 6, 4, 5
24, 24, 6, 4, 5
24, 24, 7, 1, 2
24, 24, 7, 1, 2
24, 24, 7, 1, 2
24, 24, 7, 1, 5
24, 24, 7, 1, 5
24, 24, 7, 1, 5
24, 24, 7, 2, 2
24, 24, 7, 2, 2
24, 24, 7, 2, 2
24, 24, 7, 2, 5
24, 24, 7, 2, 5
24, 24, 7, 2, 5
24, 24, 7, 3, 2
24, 24, 7, 3, 2
24, 24, 7, 3, 2
24, 24, 7, 3, 5
24, 24, 7, 3, 5
24, 24, 7, 3, 5
24, 24, 7, 4, 2
24, 24, 7, 4, 2
24, 24, 7, 4, 2
24, 24, 7, 4, 5
24, 24, 7, 4, 5
24, 24, 7, 4, 5
24, 24, 8, 1, 2
24, 24, 8, 1, 2
24, 24, 8, 1, 2
24, 24, 8, 1, 5
24, 24, 8, 1, 5
24, 24, 8, 1, 5
24, 24, 8, 2, 2
24, 24, 8, 2, 2
24, 24, 8, 2, 2
24, 24, 8, 2, 5
24, 24, 8, 2, 5
24, 24, 8, 2, 5
24, 24, 8, 3, 2
24, 24, 8, 3, 2
24, 24, 8, 3, 2
24, 24, 8, 3, 5
24, 24, 8, 3, 5
24, 24, 8, 3, 5
24, 24, 8, 4, 2
24, 24, 8, 4, 2
24, 24, 8, 4, 2
24, 24, 8, 4, 5
24, 24, 8, 4, 5
24, 24, 8, 4, 5
24, 1, 9, 1, 3
25, 48, 0, 1, 4
25, 48, 0, 1, 4
25, 48, 0, 1, 4
25, 48, 0, 1, 4
25, 48, 0, 1, 4
25, 48, 0, 1, 4
25, 48, 0, 1, 4
25, 48, 0, 1, 4
25, 48, 0, 1, 4
25, 48, 0, 1, 4
25, 48, 0, 1, 4
25, 48, 0, 1, 4
25, 48, 0, 1, 4
25, 48, 0, 1, 4
25, 48, 0, 1, 4
25, 48, 0, 1, 4
25, 48, 0, 1, 4
25, 48, 0, 1, 4
25, 48, 0, 1, 4
25, 48, 0, 1, 4
25, 48, 0, 1, 4
25, 48, 0, 1, 4
25, 48, 0, 1, 4
25, 48, 0, 1, 4
25, 48, 0, 1, 4
25, 48, 0, 1, 4
25, 48, 0, 1, 4
25, 48, 0, 1, 4
25, 48, 0, 1, 4
25, 48, 0, 1, 4
25, 48, 0, 1, 4
25, 48, 0, 1, 4
25, 48, 0, 1, 4
25, 48, 0, 1, 4
25, 48, 0, 1, 4
25, 48, 0, 1, 4
25, 48, 0, 1, 4
25, 48, 0, 1, 4
25, 48, 0, 1, 4
25, 48, 0, 1, 4
25, 48, 0, 1, 4
25, 48, 0, 1, 4
25, 48, 0, 1, 4
25, 48, 0, 1, 4
25, 48, 0, 1, 4
25, 48, 0, 1, 4
25, 48, 0, 1, 4
25, 48, 0, 1, 4
25, 96, 1, 0, 3
25, 96, 1, 0, 3
25, 96, 1, 0, 3
25, 96, 1, 0, 3
25, 96, 1, 0, 3
25, 96, 1, 0, 3
25, 96, 1, 0, 3
25, 96, 1, 0, 3
25, 96, 1, 0, 3
25, 96, 1, 0, 3
25, 96, 1, 0, 3
25, 96, 1, 0, 3
25, 96, 1, 0, 3
25, 96, 1, 0, 3
25, 96, 1, 0, 3
25, 96, 1, 0, 3
25, 96, 1, 0, 3
25, 96, 1, 0, 3
25, 96, 1, 0, 3
25, 96, 1, 0, 3
25, 96, 1, 0, 3
25, 96, 1, 0, 3
25, 96, 1, 0, 3
25, 96, 1, 0, 3
25, 96, 1, 0, 3
25, 96, 1, 0, 3
25, 96, 1, 0, 3
25, 96, 1, 0, 3
25, 96, 1, 0, 3
25, 96, 1, 0, 3
25, 96, 1, 0, 3
25, 96, 1, 0, 3
25, 96, 1, 0, 3
25, 96, 1, 0, 3
25, 96, 1, 0, 3
25, 96, 1, 0, 3
25, 96, 1, 0, 3
25, 96, 1, 0, 3
25, 96, 1, 0, 3
25, 96, 1, 0, 3
25, 96, 1, 0, 3
25, 96, 1, 0, 3
25, 96, 1, 0, 3
25, 96, 1, 0, 3
25, 96, 1, 0, 3
25, 96, 1, 0, 3
25, 96, 1, 0, 3
25, 96, 1, 0, 3
25, 96, 1, 0, 3
25, 96, 1, 0, 3
25, 96, 1, 0, 3
25, 96, 1, 0, 3
25, 96, 1, 0, 3
25, 96, 1, 0, 3
25, 96, 1, 0, 3
25, 96, 1, 0, 3
25, 96, 1, 0, 3
25, 96, 1, 0, 3
25, 96, 1, 0, 3
25, 96, 1, 0, 3
25, 96, 1, 0, 3
25, 96, 1, 0, 3
25, 96, 1, 0, 3
25, 96, 1, 0, 3
25, 96, 1, 0, 3
25, 96, 1, 0, 3
25, 96, 1, 0, 3
25, 96, 1, 0, 3
25, 96, 1, 0, 3
25, 96, 1, 0, 3
25, 96, 1, 0, 3
25, 96, 1, 0, 3
25, 96, 1, 0, 3
25, 96, 1, 0, 3
25, 96, 1, 0, 3
25, 96, 1, 0, 3
25, 96, 1, 0, 3
25, 96, 1, 0, 3
25, 96, 1, 0, 3
25, 96, 1, 0, 3
25, 96, 1, 0, 3
25, 96, 1, 0, 3
25, 96, 1, 0, 3
25, 96, 1, 0, 3
25, 96, 1, 0, 3
25, 96, 1, 0, 3
25, 96, 1, 0, 3
25, 96, 1, 0, 3
25, 96, 1, 0, 3
25, 96, 1, 0, 3
25, 96, 1, 0, 3
25, 96, 1, 0, 3
25, 96, 1, 0, 3
25, 96, 1, 0, 3
25, 96, 1, 0, 3
25, 96, 1, 0, 3
26, 48, 0, 1, 4
26, 48, 0, 1, 4
26, 48, 0, 1, 4
26, 48, 0, 1, 4
26, 48, 0, 1, 4
26, 48, 0, 1, 4
26, 48, 0, 1, 4
26, 48, 0, 1, 4
26, 48, 0, 1, 4
26, 48, 0, 1, 4
26, 48, 0, 1, 4
26, 48, 0, 1, 4
26, 48, 0, 1, 4
26, 48, 0, 1, 4
26, 48, 0, 1, 4
26, 48, 0, 1, 4
26, 48, 0, 1, 4
26, 48, 0, 1, 4
26, 48, 0, 1, 4
26, 48, 0, 1, 4
26, 48, 0, 1, 4
26, 48, 0, 1, 4
26, 48, 0, 1, 4
26, 48, 0, 1, 4
26, 48, 0, 1, 4
26, 48, 0, 1, 4
26, 48, 0, 1, 4
26, 48, 0, 1, 4
26, 48, 0, 1, 4
26, 48, 0, 1, 4
26, 48, 0, 1, 4
26, 48, 0, 1, 4
26, 48, 0, 1, 4
26, 48, 0, 1, 4
26, 48, 0, 1, 4
26, 48, 0, 1, 4
26, 48, 0, 1, 4
26, 48, 0, 1, 4
26, 48, 0, 1, 4
26, 48, 0, 1, 4
26, 48, 0, 1, 4
26, 48, 0, 1, 4
26, 48, 0, 1, 4
26, 48, 0, 1, 4
26, 48, 0, 1, 4
26, 48, 0, 1, 4
26, 48, 0, 1, 4
26, 48, 0, 1, 4
26, 96, 1, 0, 3
26, 96, 1, 0, 3
26, 96, 1, 0, 3
26, 96, 1, 0, 3
26, 96, 1, 0, 3
26, 96, 1, 0, 3
26, 96, 1, 0, 3
26, 96, 1, 0, 3
26, 96, 1, 0, 3
26, 96, 1, 0, 3
26, 96, 1, 0, 3
26, 96, 1, 0, 3
26, 96, 1, 0, 3
26, 96, 1, 0, 3
26, 96, 1, 0, 3
26, 96, 1, 0, 3
26, 96, 1, 0, 3
26, 96, 1, 0, 3
26, 96, 1, 0, 3
26, 96, 1, 0, 3
26, 96, 1, 0, 3
26, 96, 1, 0, 3
26, 96, 1, 0, 3
26, 96, 1, 0, 3
26, 96, 1, 0, 3
26, 96, 1, 0, 3
26, 96, 1, 0, 3
26, 96, 1, 0, 3
26, 96, 1, 0, 3
26, 96, 1, 0, 3
26, 96, 1, 0, 3
26, 96, 1, 0, 3
26, 96, 1, 0, 3
26, 96, 1, 0, 3
26, 96, 1, 0, 3
26, 96, 1, 0, 3
26, 96, 1, 0, 3
26, 96, 1, 0, 3
26, 96, 1, 0, 3
26, 96, 1, 0, 3
26, 96, 1, 0, 3
26, 96, 1, 0, 3
26, 96, 1, 0, 3
26, 96, 1, 0, 3
26, 96, 1, 0, 3
26, 96, 1, 0, 3
26, 96, 1, 0, 3
26, 96, 1, 0, 3
26, 96, 1, 0, 3
26, 96, 1, 0, 3
26, 96, 1, 0, 3
26, 96, 1, 0, 3
26, 96, 1, 0, 3
26, 96, 1, 0, 3
26, 96, 1, 0, 3
26, 96, 1, 0, 3
26, 96, 1, 0, 3
26, 96, 1, 0, 3
26, 96, 1, 0, 3
26, 96, 1, 0, 3
26, 96, 1, 0, 3
26, 96, 1, 0, 3
26, 96, 1, 0, 3
26, 96, 1, 0, 3
26, 96, 1, 0, 3
26, 96, 1, 0, 3
26, 96, 1, 0, 3
26, 96, 1, 0, 3
26, 96, 1, 0, 3
26, 96, 1, 0, 3
26, 96, 1, 0, 3
26, 96, 1, 0, 3
26, 96, 1, 0, 3
26, 96, 1, 0, 3
26, 96, 1, 0, 3
26, 96, 1, 0, 3
26, 96, 1, 0, 3
26, 96, 1, 0, 3
26, 96, 1, 0, 3
26, 96, 1, 0, 3
26, 96, 1, 0, 3
26, 96, 1, 0, 3
26, 96, 1, 0, 3
26, 96, 1, 0, 3
26, 96, 1, 0, 3
26, 96, 1, 0, 3
26, 96, 1, 0, 3
26, 96, 1, 0, 3
26, 96, 1, 0, 3
26, 96, 1, 0, 3
26, 96, 1, 0, 3
26, 96, 1, 0, 3
26, 96, 1, 0, 3
26, 96, 1, 0, 3
26, 96, 1, 0, 3
26, 96, 1, 0, 3
27, 48, 0, 1, 4
27, 48, 0, 1, 4
27, 48, 0, 1, 4
27, 48, 0, 1, 4
27, 48, 0, 1, 4
27, 48, 0, 1, 4
27, 48, 0, 1, 4
27, 48, 0, 1, 4
27, 48, 0, 1, 4
27, 48, 0, 1, 4
27, 48, 0, 1, 4
27, 48, 0, 1, 4
27, 48, 0, 1, 4
27, 48, 0, 1, 4
27, 48, 0, 1, 4
27, 48, 0, 1, 4
27, 48, 0, 1, 4
27, 48, 0, 1, 4
27, 48, 0, 1, 4
27, 48, 0, 1, 4
27, 48, 0, 1, 4
27, 48, 0, 1, 4
27, 48, 0, 1, 4
27, 48, 0, 1, 4
27, 48, 0, 1, 4
27, 48, 0, 1, 4
27, 48, 0, 1, 4
27, 48, 0, 1, 4
27, 48, 0, 1, 4
27, 48, 0, 1, 4
27, 48, 0, 1, 4
27, 48, 0, 1, 4
27, 48, 0, 1, 4
27, 48, 0, 1, 4
27, 48, 0, 1, 4
27, 48, 0, 1, 4
27, 48, 0, 1, 4
27, 48, 0, 1, 4
27, 48, 0, 1, 4
27, 48, 0, 1, 4
27, 48, 0, 1, 4
27, 48, 0, 1, 4
27, 48, 0, 1, 4
27, 48, 0, 1, 4
27, 48, 0, 1, 4
27, 48, 0, 1, 4
27, 48, 0, 1, 4
27, 48, 0, 1, 4
27, 96, 1, 0, 3
27, 96, 1, 0, 3
27, 96, 1, 0, 3
27, 96, 1, 0, 3
27, 96, 1, 0, 3
27, 96, 1, 0, 3
27, 96, 1, 0, 3
27, 96, 1, 0, 3
27, 96, 1, 0, 3
27, 96, 1, 0, 3
27, 96, 1, 0, 3
27, 96, 1, 0, 3
27, 96, 1, 0, 3
27, 96, 1, 0, 3
27, 96, 1, 0, 3
27, 96, 1, 0, 3
27, 96, 1, 0, 3
27, 96, 1, 0, 3
27, 96, 1, 0, 3
27, 96, 1, 0, 3
27, 96, 1, 0, 3
27, 96, 1, 0, 3
27, 96, 1, 0, 3
27, 96, 1, 0, 3
27, 96, 1, 0, 3
27, 96, 1, 0, 3
27, 96, 1, 0, 3
27, 96, 1, 0, 3
27, 96, 1, 0, 3
27, 96, 1, 0, 3
27, 96, 1, 0, 3
27, 96, 1, 0, 3
27, 96, 1, 0, 3
27, 96, 1, 0, 3
27, 96, 1, 0, 3
27, 96, 1, 0, 3
27, 96, 1, 0, 3
27, 96, 1, 0, 3
27, 96, 1, 0, 3
27, 96, 1, 0, 3
27, 96, 1, 0, 3
27, 96, 1, 0, 3
27, 96, 1, 0, 3
27, 96, 1, 0, 3
27, 96, 1, 0, 3
27, 96, 1, 0, 3
27, 96, 1, 0, 3
27, 96, 1, 0, 3
27, 96, 1, 0, 3
27, 96, 1, 0, 3
27, 96, 1, 0, 3
27, 96, 1, 0, 3
27, 96, 1, 0, 3
27, 96, 1, 0, 3
27, 96, 1, 0, 3
27, 96, 1, 0, 3
27, 96, 1, 0, 3
27, 96, 1, 0, 3
27, 96, 1, 0, 3
27, 96, 1, 0, 3
27, 96, 1, 0, 3
27, 96, 1, 0, 3
27, 96, 1, 0, 3
27, 96, 1, 0, 3
27, 96, 1, 0, 3
27, 96, 1, 0, 3
27, 96, 1, 0, 3
27, 96, 1, 0, 3
27, 96, 1, 0, 3
27, 96, 1, 0, 3
27, 96, 1, 0, 3
27, 96, 1, 0, 3
27, 96, 1, 0, 3
27, 96, 1, 0, 3
27, 96, 1, 0, 3
27, 96, 1, 0, 3
27, 96, 1, 0, 3
27, 96, 1, 0, 3
27, 96, 1, 0, 3
27, 96, 1, 0, 3
27, 96, 1, 0, 3
27, 96, 1, 0, 3
27, 96, 1, 0, 3
27, 96, 1, 0, 3
27, 96, 1, 0, 3
27, 96, 1, 0, 3
27, 96, 1, 0, 3
27, 96, 1, 0, 3
27, 96, 1, 0, 3
27, 96, 1, 0, 3
27, 96, 1, 0, 3
27, 96, 1, 0, 3
27, 96, 1, 0, 3
27, 96, 1, 0, 3
27, 96, 1, 0, 3
27, 96, 1, 0, 3
28, 1, 0, 48, 4
28, 1, 1, 48, 4
28, 1, 2, 48, 4
28, 1, 3, 48, 4
28, 1, 4, 48, 4
28, 1, 5, 48, 4
28, 1, 6, 48, 4
28, 1, 7, 48, 4
28, 1, 8, 48, 4
28, 1, 9, 48, 4
28, 1, 10, 48, 4
28, 1, 11, 48, 4
28, 1, 12, 48, 4
28, 1, 13, 48, 4
28, 1, 14, 48, 4
28, 1, 15, 48, 4
28, 1, 16, 48, 4
28, 1, 17, 48, 4
28, 1, 18, 48, 4
28, 1, 19, 48, 4
28, 1, 20, 48, 4
28, 1, 21, 48, 4
28, 1, 22, 48, 4
28, 1, 23, 48, 4
28, 1, 24, 48, 4
28, 1, 25, 48, 4
28, 1, 26, 48, 4
28, 1, 27, 48, 4
28, 1, 28, 48, 4
28, 1, 29, 48, 4
28, 1, 30, 48, 4
28, 1, 31, 48, 4
28, 1, 32, 48, 4
28, 1, 33, 48, 4
28, 1, 34, 48, 4
28, 1, 35, 48, 4
28, 1, 36, 48, 4
28, 1, 37, 48, 4
28, 1, 38, 48, 4
28, 1, 39, 48, 4
28, 1, 40, 48, 4
28, 1, 41, 48, 4
28, 1, 42, 48, 4
28, 1, 43, 48, 4
28, 1, 44, 48, 4
28, 1, 45, 48, 4
28, 1, 46, 48, 4
28, 1, 47, 48, 4
28, 48, 48, 0, 3
28, 48, 48, 1, 3
28, 48, 48, 2, 3
28, 48, 48, 3, 3
28, 48, 48, 4, 3
28, 48, 48, 5, 3
28, 48, 48, 6, 3
28, 48, 48, 7, 3
28, 48, 48, 8, 3
28, 48, 48, 9, 3
28, 48, 48, 10, 3
28, 48, 48, 11, 3
28, 48, 48, 12, 3
28, 48, 48, 13, 3
28, 48, 48, 14, 3
28, 48, 48, 15, 3
28, 48, 48, 16, 3
28, 48, 48, 17, 3
28, 48, 48, 18, 3
28, 48, 48, 19, 3
28, 48, 48, 20, 3
28, 48, 48, 21, 3
28, 48, 48, 22, 3
28, 48, 48, 23, 3
28, 48, 48, 24, 3
28, 48, 48, 25, 3
28, 48, 48, 26, 3
28, 48, 48, 27, 3
28, 48, 48, 28, 3
28, 48, 48, 29, 3
28, 48, 48, 30, 3
28, 48, 48, 31, 3
28, 48, 48, 32, 3
28, 48, 48, 33, 3
28, 48, 48, 34, 3
28, 48, 48, 35, 3
28, 48, 48, 36, 3
28, 48, 48, 37, 3
28, 48, 48, 38, 3
28, 48, 48, 39, 3
28, 48, 48, 40, 3
28, 48, 48, 41, 3
28, 48, 48, 42, 3
28, 48, 48, 43, 3
28, 48, 48, 44, 3
28, 48, 48, 45, 3
28, 48, 48, 46, 3
28, 48, 48, 47, 3
29, 13, 1, 5, 4
29, 13, 1, 5, 4
29, 13, 1, 5, 4
29, 13, 1, 6, 4
29, 13, 1, 6, 4
29, 13, 1, 6, 4
29, 13, 1, 7, 4
29, 13, 1, 7, 4
29, 13, 1, 7, 4
29, 13, 1, 8, 4
29, 13, 1, 8, 4
29, 13, 1, 8, 4
29, 13, 1, 10, 2
29, 13, 2, 5, 4
29, 13, 2, 5, 4
29, 13, 2, 5, 4
29, 13, 2, 6, 4
29, 13, 2, 6, 4
29, 13, 2, 6, 4
29, 13, 2, 7, 4
29, 13, 2, 7, 4
29, 13, 2, 7, 4
29, 13, 2, 8, 4
29, 13, 2, 8, 4
29, 13, 2, 8, 4
29, 13, 2, 10, 2
29, 13, 3, 5, 4
29, 13, 3, 5, 4
29, 13, 3, 5, 4
29, 13, 3, 6, 4
29, 13, 3, 6, 4
29, 13, 3, 6, 4
29, 13, 3, 7, 4
29, 13, 3, 7, 4
29, 13, 3, 7, 4
29, 13, 3, 8, 4
29, 13, 3, 8, 4
29, 13, 3, 8, 4
29, 13, 3, 10, 2
29, 13, 4, 0, 2
29, 13, 4, 5, 4
29, 13, 4, 5, 4
29, 13, 4, 5, 4
29, 13, 4, 6, 4
29, 13, 4, 6, 4
29, 13, 4, 6, 4
29, 13, 4, 7, 4
29, 13, 4, 7, 4
29, 13, 4, 7, 4
29, 13, 4, 8, 4
29, 13, 4, 8, 4
29, 13, 4, 8, 4
29, 24, 5, 1, 2
29, 24, 5, 1, 2
29, 24, 5, 1, 2
29, 24, 5, 1, 5
29, 24, 5, 1, 5
29, 24, 5, 1, 5
29, 24, 5, 2, 2
29, 24, 5, 2, 2
29, 24, 5, 2, 2
29, 24, 5, 2, 5
29, 24, 5, 2, 5
29, 24, 5, 2, 5
29, 24, 5, 3, 2
29, 24, 5, 3, 2
29, 24, 5, 3, 2
29, 24, 5, 3, 5
29, 24, 5, 3, 5
29, 24, 5, 3, 5
29, 24, 5, 4, 2
29, 24, 5, 4, 2
29, 24, 5, 4, 2
29, 24, 5, 4, 5
29, 24, 5, 4, 5
29, 24, 5, 4, 5
29, 24, 6, 1, 2
29, 24, 6, 1, 2
29, 24, 6, 1, 2
29, 24, 6, 1, 5
29, 24, 6, 1, 5
29, 24, 6, 1, 5
29, 24, 6, 2, 2
29, 24, 6, 2, 2
29, 24, 6, 2, 2
29, 24, 6, 2, 5
29, 24, 6, 2, 5
29, 24, 6, 2, 5
29, 24, 6, 3, 2
29, 24, 6, 3, 2
29, 24, 6, 3, 2
29, 24, 6, 3, 5
29, 24, 6, 3, 5
29, 24, 6, 3, 5
29, 24, 6, 4, 2
29, 24, 6, 4, 2
29, 24, 6, 4, 2
29, 24, 6, 4, 5
29, 24, 6, 4, 5
29, 24, 6, 4, 5
29, 24, 7, 1, 2
29, 24, 7, 1, 2
29, 24, 7, 1, 2
29, 24, 7, 1, 5
29, 24, 7, 1, 5
29, 24, 7, 1, 5
29, 24, 7, 2, 2
29, 24, 7, 2, 2
29, 24, 7, 2, 2
29, 24, 7, 2, 5
29, 24, 7, 2, 5
29, 24, 7, 2, 5
29, 24, 7, 3, 2
29, 24, 7, 3, 2
29, 24, 7, 3, 2
29, 24, 7, 3, 5
29, 24, 7, 3, 5
29, 24, 7, 3, 5
29, 24, 7, 4, 2
29, 24, 7, 4, 2
29, 24, 7, 4, 2
29, 24, 7, 4, 5
29, 24, 7, 4, 5
29, 24, 7, 4, 5
29, 24, 8, 1, 2
29, 24, 8, 1, 2
29, 24, 8, 1, 2
29, 24, 8, 1, 5
29, 24, 8, 1, 5
29, 24, 8, 1, 5
29, 24, 8, 2, 2
29, 24, 8, 2, 2
29, 24, 8, 2, 2
29, 24, 8, 2, 5
29, 24, 8, 2, 5
29, 24, 8, 2, 5
29, 24, 8, 3, 2
29, 24, 8, 3, 2
29, 24, 8, 3, 2
29, 24, 8, 3, 5
29, 24, 8, 3, 5
29, 24, 8, 3, 5
29, 24, 8, 4, 2
29, 24, 8, 4, 2
29, 24, 8, 4, 2
29, 24, 8, 4, 5
29, 24, 8, 4, 5
29, 24, 8, 4, 5
29, 1, 9, 1, 3
30, 13, 1, 5, 4
30, 13, 1, 5, 4
30, 13, 1, 5, 4
30, 13, 1, 6, 4
30, 13, 1, 6, 4
30, 13, 1, 6, 4
30, 13, 1, 7, 4
30, 13, 1, 7, 4
30, 13, 1, 7, 4
30, 13, 1, 8, 4
30, 13, 1, 8, 4
30, 13, 1, 8, 4
30, 13, 1, 10, 2
30, 13, 2, 5, 4
30, 13, 2, 5, 4
30, 13, 2, 5, 4
30, 13, 2, 6, 4
30, 13, 2, 6, 4
30, 13, 2, 6, 4
30, 13, 2, 7, 4
30, 13, 2, 7, 4
30, 13, 2, 7, 4
30, 13, 2, 8, 4
30, 13, 2, 8, 4
30, 13, 2, 8, 4
30, 13, 2, 10, 2
30, 13, 3, 5, 4
30, 13, 3, 5, 4
30, 13, 3, 5, 4
30, 13, 3, 6, 4
30, 13, 3, 6, 4
30, 13, 3, 6, 4
30, 13, 3, 7, 4
30, 13, 3, 7, 4
30, 13, 3, 7, 4
30, 13, 3, 8, 4
30, 13, 3, 8, 4
30, 13, 3, 8, 4
30, 13, 3, 10, 2
30, 13, 4, 0, 2
30, 13, 4, 5, 4
30, 13, 4, 5, 4
30, 13, 4, 5, 4
30, 13, 4, 6, 4
30, 13, 4, 6, 4
30, 13, 4, 6, 4
30, 13, 4, 7, 4
30, 13, 4, 7, 4
30, 13, 4, 7, 4
30, 13, 4, 8, 4
30, 13, 4, 8, 4
30, 13, 4, 8, 4
30, 24, 5, 1, 2
30, 24, 5, 1, 2
30, 24, 5, 1, 2
30, 24, 5, 1, 5
30, 24, 5, 1, 5
30, 24, 5, 1, 5
30, 24, 5, 2, 2
30, 24, 5, 2, 2
30, 24, 5, 2, 2
30, 24, 5, 2, 5
30, 24, 5, 2, 5
30, 24, 5, 2, 5
30, 24, 5, 3, 2
30, 24, 5, 3, 2
30, 24, 5, 3, 2
30, 24, 5, 3, 5
30, 24, 5, 3, 5
30, 24, 5, 3, 5
30, 24, 5, 4, 2
30, 24, 5, 4, 2
30, 24, 5, 4, 2
30, 24, 5, 4, 5
30, 24, 5, 4, 5
30, 24, 5, 4, 5
30, 24, 6, 1, 2
30, 24, 6, 1, 2
30, 24, 6, 1, 2
30, 24, 6, 1, 5
30, 24, 6, 1, 5
30, 24, 6, 1, 5
30, 24, 6, 2, 2
30, 24, 6, 2, 2
30, 24, 6, 2, 2
30, 24, 6, 2, 5
30, 24, 6, 2, 5
30, 24, 6, 2, 5
30, 24, 6, 3, 2
30, 24, 6, 3, 2
30, 24, 6, 3, 2
30, 24, 6, 3, 5
30, 24, 6, 3, 5
30, 24, 6, 3, 5
30, 24, 6, 4, 2
30, 24, 6, 4, 2
30, 24, 6, 4, 2
30, 24, 6, 4, 5
30, 24, 6, 4, 5
30, 24, 6, 4, 5
30, 24, 7, 1, 2
30, 24, 7, 1, 2
30, 24, 7, 1, 2
30, 24, 7, 1, 5
30, 24, 7, 1, 5
30, 24, 7, 1, 5
30, 24, 7, 2, 2
30, 24, 7, 2, 2
30, 24, 7, 2, 2
30, 24, 7, 2, 5
30, 24, 7, 2, 5
30, 24, 7, 2, 5
30, 24, 7, 3, 2
30, 24, 7, 3, 2
30, 24, 7, 3, 2
30, 24, 7, 3, 5
30, 24, 7, 3, 5
30, 24, 7, 3, 5
30, 24, 7, 4, 2
30, 24, 7, 4, 2
30, 24, 7, 4, 2
30, 24, 7, 4, 5
30, 24, 7, 4, 5
30, 24, 7, 4, 5
30, 24, 8, 1, 2
30, 24, 8, 1, 2
30, 24, 8, 1, 2
30, 24, 8, 1, 5
30, 24, 8, 1, 5
30, 24, 8, 1, 5
30, 24, 8, 2, 2
30, 24, 8, 2, 2
30, 24, 8, 2, 2
30, 24, 8, 2, 5
30, 24, 8, 2, 5
30, 24, 8, 2, 5
30, 24, 8, 3, 2
30, 24, 8, 3, 2
30, 24, 8, 3, 2
30, 24, 8, 3, 5
30, 24, 8, 3, 5
30, 24, 8, 3, 5
30, 24, 8, 4, 2
30, 24, 8, 4, 2
30, 24, 8, 4, 2
30, 24, 8, 4, 5
30, 24, 8, 4, 5
30, 24, 8, 4, 5
30, 1, 9, 1, 3
31, 1, 1, 0, 3
Goal
28
29
30
31
