CG
18
0, 17, -1, 2
0, 17, 17, 3
0, 17, 16, 3
0, 17, 15, 3
0, 17, 14, 2
0, 17, 13, 3
0, 17, 12, 4
0, 17, 11, 4
0, 17, 10, 4
0, 17, 9, 3
0, 17, -1, 3
0, 17, 8, 4
0, 17, -1, 4
0, 17, 7, 3
0, 17, 6, 3
0, 17, -1, 4
0, 17, 5, 4
0, 17, -1, 4
0, 17, 4, 3
0, 17, -1, 2
0, 17, 3, 3
0, 17, 2, 3
0, 17, 1, 3
0, 17, -1, 2
DTG
0, 2, 0, 1, 1
0, 2, 0, 5, 1
0, 3, 1, 0, 1
0, 3, 1, 2, 1
0, 3, 1, 6, 1
0, 3, 2, 1, 1
0, 3, 2, 3, 1
0, 3, 2, 7, 1
0, 3, 3, 2, 1
0, 3, 3, 4, 1
0, 3, 3, 8, 1
0, 2, 4, 3, 1
0, 2, 4, 9, 1
0, 3, 5, 0, 1
0, 3, 5, 6, 1
0, 3, 5, 10, 1
0, 4, 6, 1, 1
0, 4, 6, 5, 1
0, 4, 6, 7, 1
0, 4, 6, 11, 1
0, 4, 7, 2, 1
0, 4, 7, 6, 1
0, 4, 7, 8, 1
0, 4, 7, 12, 1
0, 4, 8, 3, 1
0, 4, 8, 7, 1
0, 4, 8, 9, 1
0, 4, 8, 13, 1
0, 3, 9, 4, 1
0, 3, 9, 8, 1
0, 3, 9, 14, 1
0, 3, 10, 5, 1
0, 3, 10, 11, 1
0, 3, 10, 15, 1
0, 4, 11, 6, 1
0, 4, 11, 10, 1
0, 4, 11, 12, 1
0, 4, 11, 16, 1
0, 4, 12, 7, 1
0, 4, 12, 11, 1
0, 4, 12, 13, 1
0, 4, 12, 17, 1
0, 4, 13, 8, 1
0, 4, 13, 12, 1
0, 4, 13, 14, 1
0, 4, 13, 18, 1
0, 3, 14, 9, 1
0, 3, 14, 13, 1
0, 3, 14, 19, 1
0, 3, 15, 10, 1
0, 3, 15, 16, 1
0, 3, 15, 20, 1
0, 4, 16, 11, 1
0, 4, 16, 15, 1
0, 4, 16, 17, 1
0, 4, 16, 21, 1
0, 4, 17, 12, 1
0, 4, 17, 16, 1
0, 4, 17, 18, 1
0, 4, 17, 22, 1
0, 4, 18, 13, 1
0, 4, 18, 17, 1
0, 4, 18, 19, 1
0, 4, 18, 23, 1
0, 3, 19, 14, 1
0, 3, 19, 18, 1
0, 3, 19, 24, 1
0, 2, 20, 15, 1
0, 2, 20, 21, 1
0, 3, 21, 16, 1
0, 3, 21, 20, 1
0, 3, 21, 22, 1
0, 3, 22, 17, 1
0, 3, 22, 21, 1
0, 3, 22, 23, 1
0, 3, 23, 18, 1
0, 3, 23, 22, 1
0, 3, 23, 24, 1
0, 2, 24, 19, 1
0, 2, 24, 23, 1
1, 3, 1, 0, 2
1, 3, 1, 0, 2
1, 3, 1, 0, 2
2, 3, 1, 0, 2
2, 3, 1, 0, 2
2, 3, 1, 0, 2
3, 3, 1, 0, 2
3, 3, 1, 0, 2
3, 3, 1, 0, 2
4, 3, 1, 0, 2
4, 3, 1, 0, 2
4, 3, 1, 0, 2
5, 4, 1, 0, 2
5, 4, 1, 0, 2
5, 4, 1, 0, 2
5, 4, 1, 0, 2
6, 3, 1, 0, 2
6, 3, 1, 0, 2
6, 3, 1, 0, 2
7, 3, 1, 0, 2
7, 3, 1, 0, 2
7, 3, 1, 0, 2
8, 4, 1, 0, 2
8, 4, 1, 0, 2
8, 4, 1, 0, 2
8, 4, 1, 0, 2
9, 3, 1, 0, 2
9, 3, 1, 0, 2
9, 3, 1, 0, 2
10, 4, 1, 0, 2
10, 4, 1, 0, 2
10, 4, 1, 0, 2
10, 4, 1, 0, 2
11, 4, 1, 0, 2
11, 4, 1, 0, 2
11, 4, 1, 0, 2
11, 4, 1, 0, 2
12, 4, 1, 0, 2
12, 4, 1, 0, 2
12, 4, 1, 0, 2
12, 4, 1, 0, 2
13, 3, 1, 0, 2
13, 3, 1, 0, 2
13, 3, 1, 0, 2
14, 2, 1, 0, 2
14, 2, 1, 0, 2
15, 3, 1, 0, 2
15, 3, 1, 0, 2
15, 3, 1, 0, 2
16, 3, 1, 0, 2
16, 3, 1, 0, 2
16, 3, 1, 0, 2
17, 3, 1, 0, 2
17, 3, 1, 0, 2
17, 3, 1, 0, 2
Goal
1
2
3
4
5
6
7
8
9
10
11
12
13
14
15
16
17
