CG
64
0, 2, 54, 5
0, 2, 55, 5
1, 2, 46, 8
1, 2, 55, 8
2, 2, 40, 4
2, 2, 57, 4
3, 2, 48, 5
3, 2, 49, 5
4, 2, 31, 4
4, 2, 49, 4
5, 2, 28, 7
5, 2, 49, 7
6, 2, 43, 8
6, 2, 49, 8
7, 2, 27, 6
7, 2, 49, 6
8, 2, 29, 7
8, 2, 49, 7
9, 2, 34, 8
9, 2, 49, 8
10, 2, 30, 7
10, 2, 49, 7
11, 2, 53, 15
11, 2, 62, 15
12, 2, 42, 7
12, 2, 57, 7
13, 2, 58, 12
13, 2, 62, 12
14, 2, 39, 4
14, 2, 55, 4
15, 2, 38, 7
15, 2, 57, 7
16, 2, 52, 15
16, 2, 62, 15
17, 2, 60, 16
17, 2, 62, 16
18, 2, 47, 8
18, 2, 57, 8
19, 2, 50, 14
19, 2, 62, 14
20, 2, 33, 6
20, 2, 55, 6
21, 2, 56, 5
21, 2, 57, 5
22, 2, 45, 8
22, 2, 57, 8
23, 2, 59, 16
23, 2, 62, 16
24, 2, 44, 8
24, 2, 55, 8
25, 2, 36, 7
25, 2, 57, 7
26, 2, 51, 15
26, 2, 62, 15
27, 6, 50, 14
27, 6, 43, 8
27, 6, 48, 5
27, 6, 7, 1
27, 6, 62, 14
27, 6, 49, 31
28, 6, 51, 15
28, 6, 34, 8
28, 6, 31, 4
28, 6, 5, 1
28, 6, 62, 15
28, 6, 49, 33
29, 7, 52, 15
29, 7, 43, 8
29, 7, 31, 4
29, 7, 48, 5
29, 7, 8, 1
29, 7, 62, 15
29, 7, 49, 38
30, 8, 53, 15
30, 8, 34, 8
30, 8, 43, 16
30, 8, 31, 8
30, 8, 48, 5
30, 8, 10, 1
30, 8, 62, 15
30, 8, 49, 58
31, 5, 58, 12
31, 5, 48, 15
31, 5, 4, 1
31, 5, 62, 12
31, 5, 49, 35
32, 7, 50, 14
32, 7, 33, 6
32, 7, 47, 8
32, 7, 56, 5
32, 7, 62, 14
32, 7, 57, 37
32, 7, 55, 6
33, 8, 50, 14
33, 8, 32, 6
33, 8, 46, 8
33, 8, 54, 5
33, 8, 20, 1
33, 8, 62, 14
33, 8, 57, 6
33, 8, 55, 37
34, 5, 59, 16
34, 5, 48, 30
34, 5, 9, 1
34, 5, 62, 16
34, 5, 49, 62
35, 7, 51, 15
35, 7, 36, 7
35, 7, 44, 8
35, 7, 39, 4
35, 7, 62, 15
35, 7, 57, 7
35, 7, 55, 40
36, 8, 51, 15
36, 8, 35, 7
36, 8, 45, 8
36, 8, 40, 4
36, 8, 25, 1
36, 8, 62, 15
36, 8, 57, 40
36, 8, 55, 7
37, 8, 52, 15
37, 8, 38, 7
37, 8, 46, 8
37, 8, 39, 4
37, 8, 54, 5
37, 8, 62, 15
37, 8, 57, 7
37, 8, 55, 45
38, 9, 52, 15
38, 9, 37, 7
38, 9, 47, 8
38, 9, 40, 4
38, 9, 56, 5
38, 9, 15, 1
38, 9, 62, 15
38, 9, 57, 45
38, 9, 55, 7
39, 7, 58, 12
39, 7, 40, 4
39, 7, 54, 15
39, 7, 14, 1
39, 7, 62, 12
39, 7, 57, 4
39, 7, 55, 39
40, 7, 58, 12
40, 7, 39, 4
40, 7, 56, 15
40, 7, 2, 1
40, 7, 62, 12
40, 7, 57, 39
40, 7, 55, 4
41, 9, 53, 15
41, 9, 42, 7
41, 9, 44, 8
41, 9, 46, 16
41, 9, 39, 8
41, 9, 54, 5
41, 9, 62, 15
41, 9, 57, 7
41, 9, 55, 65
42, 10, 53, 15
42, 10, 41, 7
42, 10, 45, 8
42, 10, 47, 16
42, 10, 40, 8
42, 10, 56, 5
42, 10, 12, 1
42, 10, 62, 15
42, 10, 57, 65
42, 10, 55, 7
43, 5, 60, 16
43, 5, 48, 30
43, 5, 6, 1
43, 5, 62, 16
43, 5, 49, 70
44, 7, 59, 16
44, 7, 45, 8
44, 7, 54, 30
44, 7, 24, 1
44, 7, 62, 16
44, 7, 57, 8
44, 7, 55, 70
45, 7, 59, 16
45, 7, 44, 8
45, 7, 56, 30
45, 7, 22, 1
45, 7, 62, 16
45, 7, 57, 70
45, 7, 55, 8
46, 7, 60, 16
46, 7, 47, 8
46, 7, 54, 30
46, 7, 1, 1
46, 7, 62, 16
46, 7, 57, 8
46, 7, 55, 78
47, 7, 60, 16
47, 7, 46, 8
47, 7, 56, 30
47, 7, 18, 1
47, 7, 62, 16
47, 7, 57, 78
47, 7, 55, 8
48, 4, 61, 13
48, 4, 3, 1
48, 4, 62, 13
48, 4, 49, 60
49, 8, 28, 21
49, 8, 27, 18
49, 8, 29, 21
49, 8, 30, 21
49, 8, 34, 32
49, 8, 43, 40
49, 8, 31, 20
49, 8, 48, 60
50, 10, 32, 6
50, 10, 33, 6
50, 10, 27, 6
50, 10, 60, 16
50, 10, 61, 13
50, 10, 19, 1
50, 10, 62, 99
50, 10, 57, 6
50, 10, 55, 6
50, 10, 49, 6
51, 10, 36, 7
51, 10, 35, 7
51, 10, 28, 7
51, 10, 59, 16
51, 10, 58, 12
51, 10, 26, 1
51, 10, 62, 103
51, 10, 57, 7
51, 10, 55, 7
51, 10, 49, 7
52, 11, 38, 7
52, 11, 37, 7
52, 11, 29, 7
52, 11, 60, 16
52, 11, 58, 12
52, 11, 61, 13
52, 11, 16, 1
52, 11, 62, 116
52, 11, 57, 7
52, 11, 55, 7
52, 11, 49, 7
53, 12, 42, 7
53, 12, 41, 7
53, 12, 30, 7
53, 12, 59, 16
53, 12, 60, 32
53, 12, 58, 24
53, 12, 61, 13
53, 12, 11, 1
53, 12, 62, 160
53, 12, 57, 7
53, 12, 55, 7
53, 12, 49, 7
54, 6, 61, 13
54, 6, 56, 5
54, 6, 0, 1
54, 6, 62, 13
54, 6, 57, 5
54, 6, 55, 65
55, 8, 35, 28
55, 8, 33, 24
55, 8, 37, 28
55, 8, 41, 28
55, 8, 44, 40
55, 8, 46, 48
55, 8, 39, 24
55, 8, 54, 65
56, 6, 61, 13
56, 6, 54, 5
56, 6, 21, 1
56, 6, 62, 13
56, 6, 57, 65
56, 6, 55, 5
57, 8, 36, 28
57, 8, 32, 24
57, 8, 38, 28
57, 8, 42, 28
57, 8, 45, 40
57, 8, 47, 48
57, 8, 40, 24
57, 8, 56, 65
58, 9, 40, 4
58, 9, 39, 4
58, 9, 31, 4
58, 9, 61, 39
58, 9, 13, 1
58, 9, 62, 123
58, 9, 57, 4
58, 9, 55, 4
58, 9, 49, 4
59, 9, 45, 8
59, 9, 44, 8
59, 9, 34, 8
59, 9, 61, 78
59, 9, 23, 1
59, 9, 62, 174
59, 9, 57, 8
59, 9, 55, 8
59, 9, 49, 8
60, 9, 47, 8
60, 9, 46, 8
60, 9, 43, 8
60, 9, 61, 78
60, 9, 17, 1
60, 9, 62, 190
60, 9, 57, 8
60, 9, 55, 8
60, 9, 49, 8
61, 8, 56, 5
61, 8, 54, 5
61, 8, 48, 5
61, 8, 63, 1
61, 8, 62, 182
61, 8, 57, 5
61, 8, 55, 5
61, 8, 49, 5
62, 8, 51, 75
62, 8, 50, 70
62, 8, 52, 75
62, 8, 53, 75
62, 8, 59, 96
62, 8, 60, 112
62, 8, 58, 84
62, 8, 61, 182
63, 2, 61, 13
63, 2, 62, 13
DTG
0, 1, 1, 0, 2
1, 1, 1, 0, 2
2, 1, 1, 0, 2
3, 1, 1, 0, 2
4, 1, 1, 0, 2
5, 1, 1, 0, 2
6, 1, 1, 0, 2
7, 1, 1, 0, 2
8, 1, 1, 0, 2
9, 1, 1, 0, 2
10, 1, 1, 0, 2
11, 1, 1, 0, 2
12, 1, 1, 0, 2
13, 1, 1, 0, 2
14, 1, 1, 0, 2
15, 1, 1, 0, 2
16, 1, 1, 0, 2
17, 1, 1, 0, 2
18, 1, 1, 0, 2
19, 1, 1, 0, 2
20, 1, 1, 0, 2
21, 1, 1, 0, 2
22, 1, 1, 0, 2
23, 1, 1, 0, 2
24, 1, 1, 0, 2
25, 1, 1, 0, 2
26, 1, 1, 0, 2
27, 6, 0, 1, 2
27, 6, 0, 1, 2
27, 6, 0, 1, 2
27, 6, 0, 1, 2
27, 6, 0, 1, 2
27, 6, 0, 1, 2
27, 12, 1, 0, 3
27, 12, 1, 0, 3
27, 12, 1, 0, 3
27, 12, 1, 0, 3
27, 12, 1, 0, 3
27, 12, 1, 0, 3
27, 12, 1, 0, 3
27, 12, 1, 0, 3
27, 12, 1, 0, 3
27, 12, 1, 0, 3
27, 12, 1, 0, 3
27, 12, 1, 0, 3
28, 7, 0, 1, 2
28, 7, 0, 1, 2
28, 7, 0, 1, 2
28, 7, 0, 1, 2
28, 7, 0, 1, 2
28, 7, 0, 1, 2
28, 7, 0, 1, 2
28, 14, 1, 0, 3
28, 14, 1, 0, 3
28, 14, 1, 0, 3
28, 14, 1, 0, 3
28, 14, 1, 0, 3
28, 14, 1, 0, 3
28, 14, 1, 0, 3
28, 14, 1, 0, 3
28, 14, 1, 0, 3
28, 14, 1, 0, 3
28, 14, 1, 0, 3
28, 14, 1, 0, 3
28, 14, 1, 0, 3
28, 14, 1, 0, 3
29, 7, 0, 1, 2
29, 7, 0, 1, 2
29, 7, 0, 1, 2
29, 7, 0, 1, 2
29, 7, 0, 1, 2
29, 7, 0, 1, 2
29, 7, 0, 1, 2
29, 14, 1, 0, 3
29, 14, 1, 0, 3
29, 14, 1, 0, 3
29, 14, 1, 0, 3
29, 14, 1, 0, 3
29, 14, 1, 0, 3
29, 14, 1, 0, 3
29, 14, 1, 0, 3
29, 14, 1, 0, 3
29, 14, 1, 0, 3
29, 14, 1, 0, 3
29, 14, 1, 0, 3
29, 14, 1, 0, 3
29, 14, 1, 0, 3
30, 7, 0, 1, 2
30, 7, 0, 1, 2
30, 7, 0, 1, 2
30, 7, 0, 1, 2
30, 7, 0, 1, 2
30, 7, 0, 1, 2
30, 7, 0, 1, 2
30, 14, 1, 0, 3
30, 14, 1, 0, 3
30, 14, 1, 0, 3
30, 14, 1, 0, 3
30, 14, 1, 0, 3
30, 14, 1, 0, 3
30, 14, 1, 0, 3
30, 14, 1, 0, 3
30, 14, 1, 0, 3
30, 14, 1, 0, 3
30, 14, 1, 0, 3
30, 14, 1, 0, 3
30, 14, 1, 0, 3
30, 14, 1, 0, 3
31, 4, 0, 1, 2
31, 4, 0, 1, 2
31, 4, 0, 1, 2
31, 4, 0, 1, 2
31, 16, 1, 0, 3
31, 16, 1, 0, 3
31, 16, 1, 0, 3
31, 16, 1, 0, 3
31, 16, 1, 0, 3
31, 16, 1, 0, 3
31, 16, 1, 0, 3
31, 16, 1, 0, 3
31, 16, 1, 0, 4
31, 16, 1, 0, 4
31, 16, 1, 0, 4
31, 16, 1, 0, 4
31, 16, 1, 0, 4
31, 16, 1, 0, 4
31, 16, 1, 0, 4
31, 16, 1, 0, 4
32, 6, 0, 1, 2
32, 6, 0, 1, 2
32, 6, 0, 1, 2
32, 6, 0, 1, 2
32, 6, 0, 1, 2
32, 6, 0, 1, 2
32, 6, 1, 0, 2
32, 6, 1, 0, 2
32, 6, 1, 0, 2
32, 6, 1, 0, 2
32, 6, 1, 0, 2
32, 6, 1, 0, 2
33, 6, 0, 1, 2
33, 6, 0, 1, 2
33, 6, 0, 1, 2
33, 6, 0, 1, 2
33, 6, 0, 1, 2
33, 6, 0, 1, 2
33, 18, 1, 0, 3
33, 18, 1, 0, 3
33, 18, 1, 0, 3
33, 18, 1, 0, 3
33, 18, 1, 0, 3
33, 18, 1, 0, 3
33, 18, 1, 0, 3
33, 18, 1, 0, 3
33, 18, 1, 0, 3
33, 18, 1, 0, 3
33, 18, 1, 0, 3
33, 18, 1, 0, 3
33, 18, 1, 0, 3
33, 18, 1, 0, 3
33, 18, 1, 0, 3
33, 18, 1, 0, 3
33, 18, 1, 0, 3
33, 18, 1, 0, 3
34, 8, 0, 1, 2
34, 8, 0, 1, 2
34, 8, 0, 1, 2
34, 8, 0, 1, 2
34, 8, 0, 1, 2
34, 8, 0, 1, 2
34, 8, 0, 1, 2
34, 8, 0, 1, 2
34, 24, 1, 0, 3
34, 24, 1, 0, 3
34, 24, 1, 0, 3
34, 24, 1, 0, 3
34, 24, 1, 0, 3
34, 24, 1, 0, 3
34, 24, 1, 0, 3
34, 24, 1, 0, 3
34, 24, 1, 0, 3
34, 24, 1, 0, 3
34, 24, 1, 0, 3
34, 24, 1, 0, 3
34, 24, 1, 0, 3
34, 24, 1, 0, 3
34, 24, 1, 0, 3
34, 24, 1, 0, 3
34, 24, 1, 0, 4
34, 24, 1, 0, 4
34, 24, 1, 0, 4
34, 24, 1, 0, 4
34, 24, 1, 0, 4
34, 24, 1, 0, 4
34, 24, 1, 0, 4
34, 24, 1, 0, 4
35, 7, 0, 1, 2
35, 7, 0, 1, 2
35, 7, 0, 1, 2
35, 7, 0, 1, 2
35, 7, 0, 1, 2
35, 7, 0, 1, 2
35, 7, 0, 1, 2
35, 7, 1, 0, 2
35, 7, 1, 0, 2
35, 7, 1, 0, 2
35, 7, 1, 0, 2
35, 7, 1, 0, 2
35, 7, 1, 0, 2
35, 7, 1, 0, 2
36, 7, 0, 1, 2
36, 7, 0, 1, 2
36, 7, 0, 1, 2
36, 7, 0, 1, 2
36, 7, 0, 1, 2
36, 7, 0, 1, 2
36, 7, 0, 1, 2
36, 21, 1, 0, 3
36, 21, 1, 0, 3
36, 21, 1, 0, 3
36, 21, 1, 0, 3
36, 21, 1, 0, 3
36, 21, 1, 0, 3
36, 21, 1, 0, 3
36, 21, 1, 0, 3
36, 21, 1, 0, 3
36, 21, 1, 0, 3
36, 21, 1, 0, 3
36, 21, 1, 0, 3
36, 21, 1, 0, 3
36, 21, 1, 0, 3
36, 21, 1, 0, 3
36, 21, 1, 0, 3
36, 21, 1, 0, 3
36, 21, 1, 0, 3
36, 21, 1, 0, 3
36, 21, 1, 0, 3
36, 21, 1, 0, 3
37, 7, 0, 1, 2
37, 7, 0, 1, 2
37, 7, 0, 1, 2
37, 7, 0, 1, 2
37, 7, 0, 1, 2
37, 7, 0, 1, 2
37, 7, 0, 1, 2
37, 7, 1, 0, 2
37, 7, 1, 0, 2
37, 7, 1, 0, 2
37, 7, 1, 0, 2
37, 7, 1, 0, 2
37, 7, 1, 0, 2
37, 7, 1, 0, 2
38, 7, 0, 1, 2
38, 7, 0, 1, 2
38, 7, 0, 1, 2
38, 7, 0, 1, 2
38, 7, 0, 1, 2
38, 7, 0, 1, 2
38, 7, 0, 1, 2
38, 21, 1, 0, 3
38, 21, 1, 0, 3
38, 21, 1, 0, 3
38, 21, 1, 0, 3
38, 21, 1, 0, 3
38, 21, 1, 0, 3
38, 21, 1, 0, 3
38, 21, 1, 0, 3
38, 21, 1, 0, 3
38, 21, 1, 0, 3
38, 21, 1, 0, 3
38, 21, 1, 0, 3
38, 21, 1, 0, 3
38, 21, 1, 0, 3
38, 21, 1, 0, 3
38, 21, 1, 0, 3
38, 21, 1, 0, 3
38, 21, 1, 0, 3
38, 21, 1, 0, 3
38, 21, 1, 0, 3
38, 21, 1, 0, 3
39, 4, 0, 1, 2
39, 4, 0, 1, 2
39, 4, 0, 1, 2
39, 4, 0, 1, 2
39, 20, 1, 0, 3
39, 20, 1, 0, 3
39, 20, 1, 0, 3
39, 20, 1, 0, 3
39, 20, 1, 0, 3
39, 20, 1, 0, 3
39, 20, 1, 0, 3
39, 20, 1, 0, 3
39, 20, 1, 0, 3
39, 20, 1, 0, 3
39, 20, 1, 0, 3
39, 20, 1, 0, 3
39, 20, 1, 0, 4
39, 20, 1, 0, 4
39, 20, 1, 0, 4
39, 20, 1, 0, 4
39, 20, 1, 0, 4
39, 20, 1, 0, 4
39, 20, 1, 0, 4
39, 20, 1, 0, 4
40, 4, 0, 1, 2
40, 4, 0, 1, 2
40, 4, 0, 1, 2
40, 4, 0, 1, 2
40, 20, 1, 0, 3
40, 20, 1, 0, 3
40, 20, 1, 0, 3
40, 20, 1, 0, 3
40, 20, 1, 0, 3
40, 20, 1, 0, 3
40, 20, 1, 0, 3
40, 20, 1, 0, 3
40, 20, 1, 0, 3
40, 20, 1, 0, 3
40, 20, 1, 0, 3
40, 20, 1, 0, 3
40, 20, 1, 0, 4
40, 20, 1, 0, 4
40, 20, 1, 0, 4
40, 20, 1, 0, 4
40, 20, 1, 0, 4
40, 20, 1, 0, 4
40, 20, 1, 0, 4
40, 20, 1, 0, 4
41, 7, 0, 1, 2
41, 7, 0, 1, 2
41, 7, 0, 1, 2
41, 7, 0, 1, 2
41, 7, 0, 1, 2
41, 7, 0, 1, 2
41, 7, 0, 1, 2
41, 7, 1, 0, 2
41, 7, 1, 0, 2
41, 7, 1, 0, 2
41, 7, 1, 0, 2
41, 7, 1, 0, 2
41, 7, 1, 0, 2
41, 7, 1, 0, 2
42, 7, 0, 1, 2
42, 7, 0, 1, 2
42, 7, 0, 1, 2
42, 7, 0, 1, 2
42, 7, 0, 1, 2
42, 7, 0, 1, 2
42, 7, 0, 1, 2
42, 21, 1, 0, 3
42, 21, 1, 0, 3
42, 21, 1, 0, 3
42, 21, 1, 0, 3
42, 21, 1, 0, 3
42, 21, 1, 0, 3
42, 21, 1, 0, 3
42, 21, 1, 0, 3
42, 21, 1, 0, 3
42, 21, 1, 0, 3
42, 21, 1, 0, 3
42, 21, 1, 0, 3
42, 21, 1, 0, 3
42, 21, 1, 0, 3
42, 21, 1, 0, 3
42, 21, 1, 0, 3
42, 21, 1, 0, 3
42, 21, 1, 0, 3
42, 21, 1, 0, 3
42, 21, 1, 0, 3
42, 21, 1, 0, 3
43, 8, 0, 1, 2
43, 8, 0, 1, 2
43, 8, 0, 1, 2
43, 8, 0, 1, 2
43, 8, 0, 1, 2
43, 8, 0, 1, 2
43, 8, 0, 1, 2
43, 8, 0, 1, 2
43, 32, 1, 0, 3
43, 32, 1, 0, 3
43, 32, 1, 0, 3
43, 32, 1, 0, 3
43, 32, 1, 0, 3
43, 32, 1, 0, 3
43, 32, 1, 0, 3
43, 32, 1, 0, 3
43, 32, 1, 0, 3
43, 32, 1, 0, 3
43, 32, 1, 0, 3
43, 32, 1, 0, 3
43, 32, 1, 0, 3
43, 32, 1, 0, 3
43, 32, 1, 0, 3
43, 32, 1, 0, 3
43, 32, 1, 0, 4
43, 32, 1, 0, 4
43, 32, 1, 0, 4
43, 32, 1, 0, 4
43, 32, 1, 0, 4
43, 32, 1, 0, 4
43, 32, 1, 0, 4
43, 32, 1, 0, 4
43, 32, 1, 0, 4
43, 32, 1, 0, 4
43, 32, 1, 0, 4
43, 32, 1, 0, 4
43, 32, 1, 0, 4
43, 32, 1, 0, 4
43, 32, 1, 0, 4
43, 32, 1, 0, 4
44, 8, 0, 1, 2
44, 8, 0, 1, 2
44, 8, 0, 1, 2
44, 8, 0, 1, 2
44, 8, 0, 1, 2
44, 8, 0, 1, 2
44, 8, 0, 1, 2
44, 8, 0, 1, 2
44, 32, 1, 0, 3
44, 32, 1, 0, 3
44, 32, 1, 0, 3
44, 32, 1, 0, 3
44, 32, 1, 0, 3
44, 32, 1, 0, 3
44, 32, 1, 0, 3
44, 32, 1, 0, 3
44, 32, 1, 0, 3
44, 32, 1, 0, 3
44, 32, 1, 0, 3
44, 32, 1, 0, 3
44, 32, 1, 0, 3
44, 32, 1, 0, 3
44, 32, 1, 0, 3
44, 32, 1, 0, 3
44, 32, 1, 0, 3
44, 32, 1, 0, 3
44, 32, 1, 0, 3
44, 32, 1, 0, 3
44, 32, 1, 0, 3
44, 32, 1, 0, 3
44, 32, 1, 0, 3
44, 32, 1, 0, 3
44, 32, 1, 0, 4
44, 32, 1, 0, 4
44, 32, 1, 0, 4
44, 32, 1, 0, 4
44, 32, 1, 0, 4
44, 32, 1, 0, 4
44, 32, 1, 0, 4
44, 32, 1, 0, 4
45, 8, 0, 1, 2
45, 8, 0, 1, 2
45, 8, 0, 1, 2
45, 8, 0, 1, 2
45, 8, 0, 1, 2
45, 8, 0, 1, 2
45, 8, 0, 1, 2
45, 8, 0, 1, 2
45, 32, 1, 0, 3
45, 32, 1, 0, 3
45, 32, 1, 0, 3
45, 32, 1, 0, 3
45, 32, 1, 0, 3
45, 32, 1, 0, 3
45, 32, 1, 0, 3
45, 32, 1, 0, 3
45, 32, 1, 0, 3
45, 32, 1, 0, 3
45, 32, 1, 0, 3
45, 32, 1, 0, 3
45, 32, 1, 0, 3
45, 32, 1, 0, 3
45, 32, 1, 0, 3
45, 32, 1, 0, 3
45, 32, 1, 0, 3
45, 32, 1, 0, 3
45, 32, 1, 0, 3
45, 32, 1, 0, 3
45, 32, 1, 0, 3
45, 32, 1, 0, 3
45, 32, 1, 0, 3
45, 32, 1, 0, 3
45, 32, 1, 0, 4
45, 32, 1, 0, 4
45, 32, 1, 0, 4
45, 32, 1, 0, 4
45, 32, 1, 0, 4
45, 32, 1, 0, 4
45, 32, 1, 0, 4
45, 32, 1, 0, 4
46, 8, 0, 1, 2
46, 8, 0, 1, 2
46, 8, 0, 1, 2
46, 8, 0, 1, 2
46, 8, 0, 1, 2
46, 8, 0, 1, 2
46, 8, 0, 1, 2
46, 8, 0, 1, 2
46, 40, 1, 0, 3
46, 40, 1, 0, 3
46, 40, 1, 0, 3
46, 40, 1, 0, 3
46, 40, 1, 0, 3
46, 40, 1, 0, 3
46, 40, 1, 0, 3
46, 40, 1, 0, 3
46, 40, 1, 0, 3
46, 40, 1, 0, 3
46, 40, 1, 0, 3
46, 40, 1, 0, 3
46, 40, 1, 0, 3
46, 40, 1, 0, 3
46, 40, 1, 0, 3
46, 40, 1, 0, 3
46, 40, 1, 0, 3
46, 40, 1, 0, 3
46, 40, 1, 0, 3
46, 40, 1, 0, 3
46, 40, 1, 0, 3
46, 40, 1, 0, 3
46, 40, 1, 0, 3
46, 40, 1, 0, 3
46, 40, 1, 0, 4
46, 40, 1, 0, 4
46, 40, 1, 0, 4
46, 40, 1, 0, 4
46, 40, 1, 0, 4
46, 40, 1, 0, 4
46, 40, 1, 0, 4
46, 40, 1, 0, 4
46, 40, 1, 0, 4
46, 40, 1, 0, 4
46, 40, 1, 0, 4
46, 40, 1, 0, 4
46, 40, 1, 0, 4
46, 40, 1, 0, 4
46, 40, 1, 0, 4
46, 40, 1, 0, 4
47, 8, 0, 1, 2
47, 8, 0, 1, 2
47, 8, 0, 1, 2
47, 8, 0, 1, 2
47, 8, 0, 1, 2
47, 8, 0, 1, 2
47, 8, 0, 1, 2
47, 8, 0, 1, 2
47, 40, 1, 0, 3
47, 40, 1, 0, 3
47, 40, 1, 0, 3
47, 40, 1, 0, 3
47, 40, 1, 0, 3
47, 40, 1, 0, 3
47, 40, 1, 0, 3
47, 40, 1, 0, 3
47, 40, 1, 0, 3
47, 40, 1, 0, 3
47, 40, 1, 0, 3
47, 40, 1, 0, 3
47, 40, 1, 0, 3
47, 40, 1, 0, 3
47, 40, 1, 0, 3
47, 40, 1, 0, 3
47, 40, 1, 0, 3
47, 40, 1, 0, 3
47, 40, 1, 0, 3
47, 40, 1, 0, 3
47, 40, 1, 0, 3
47, 40, 1, 0, 3
47, 40, 1, 0, 3
47, 40, 1, 0, 3
47, 40, 1, 0, 4
47, 40, 1, 0, 4
47, 40, 1, 0, 4
47, 40, 1, 0, 4
47, 40, 1, 0, 4
47, 40, 1, 0, 4
47, 40, 1, 0, 4
47, 40, 1, 0, 4
47, 40, 1, 0, 4
47, 40, 1, 0, 4
47, 40, 1, 0, 4
47, 40, 1, 0, 4
47, 40, 1, 0, 4
47, 40, 1, 0, 4
47, 40, 1, 0, 4
47, 40, 1, 0, 4
48, 5, 0, 1, 2
48, 5, 0, 1, 2
48, 5, 0, 1, 2
48, 5, 0, 1, 2
48, 5, 0, 1, 2
48, 40, 1, 0, 3
48, 40, 1, 0, 3
48, 40, 1, 0, 3
48, 40, 1, 0, 3
48, 40, 1, 0, 3
48, 40, 1, 0, 3
48, 40, 1, 0, 3
48, 40, 1, 0, 3
48, 40, 1, 0, 3
48, 40, 1, 0, 3
48, 40, 1, 0, 4
48, 40, 1, 0, 4
48, 40, 1, 0, 4
48, 40, 1, 0, 4
48, 40, 1, 0, 4
48, 40, 1, 0, 4
48, 40, 1, 0, 4
48, 40, 1, 0, 4
48, 40, 1, 0, 4
48, 40, 1, 0, 4
48, 40, 1, 0, 4
48, 40, 1, 0, 4
48, 40, 1, 0, 4
48, 40, 1, 0, 4
48, 40, 1, 0, 4
48, 40, 1, 0, 4
48, 40, 1, 0, 4
48, 40, 1, 0, 4
48, 40, 1, 0, 4
48, 40, 1, 0, 4
48, 40, 1, 0, 4
48, 40, 1, 0, 4
48, 40, 1, 0, 4
48, 40, 1, 0, 4
48, 40, 1, 0, 4
48, 40, 1, 0, 4
48, 40, 1, 0, 4
48, 40, 1, 0, 4
48, 40, 1, 0, 4
48, 40, 1, 0, 4
49, 27, 0, 1, 3
49, 27, 0, 1, 3
49, 27, 0, 1, 3
49, 27, 0, 1, 3
49, 27, 0, 1, 4
49, 27, 0, 1, 4
49, 27, 0, 1, 4
49, 27, 0, 2, 3
49, 27, 0, 2, 3
49, 27, 0, 2, 3
49, 27, 0, 2, 3
49, 27, 0, 2, 3
49, 27, 0, 2, 3
49, 27, 0, 3, 3
49, 27, 0, 3, 3
49, 27, 0, 4, 3
49, 27, 0, 4, 3
49, 27, 0, 4, 4
49, 27, 0, 4, 4
49, 27, 0, 4, 4
49, 27, 0, 4, 4
49, 27, 0, 4, 4
49, 27, 0, 4, 4
49, 27, 0, 5, 3
49, 27, 0, 5, 3
49, 27, 0, 5, 4
49, 27, 0, 5, 4
49, 29, 1, 0, 2
49, 29, 1, 0, 2
49, 29, 1, 2, 3
49, 29, 1, 2, 3
49, 29, 1, 2, 3
49, 29, 1, 2, 3
49, 29, 1, 2, 4
49, 29, 1, 2, 4
49, 29, 1, 2, 4
49, 29, 1, 3, 3
49, 29, 1, 3, 3
49, 29, 1, 3, 3
49, 29, 1, 3, 3
49, 29, 1, 3, 3
49, 29, 1, 3, 3
49, 29, 1, 4, 3
49, 29, 1, 4, 3
49, 29, 1, 5, 3
49, 29, 1, 5, 3
49, 29, 1, 5, 4
49, 29, 1, 5, 4
49, 29, 1, 5, 4
49, 29, 1, 5, 4
49, 29, 1, 5, 4
49, 29, 1, 5, 4
49, 29, 1, 6, 3
49, 29, 1, 6, 3
49, 29, 1, 6, 4
49, 29, 1, 6, 4
49, 32, 2, 0, 2
49, 32, 2, 0, 2
49, 32, 2, 0, 2
49, 32, 2, 1, 2
49, 32, 2, 1, 2
49, 32, 2, 3, 3
49, 32, 2, 3, 3
49, 32, 2, 3, 3
49, 32, 2, 3, 3
49, 32, 2, 3, 4
49, 32, 2, 3, 4
49, 32, 2, 3, 4
49, 32, 2, 4, 3
49, 32, 2, 4, 3
49, 32, 2, 4, 3
49, 32, 2, 4, 3
49, 32, 2, 4, 3
49, 32, 2, 4, 3
49, 32, 2, 5, 3
49, 32, 2, 5, 3
49, 32, 2, 6, 3
49, 32, 2, 6, 3
49, 32, 2, 6, 4
49, 32, 2, 6, 4
49, 32, 2, 6, 4
49, 32, 2, 6, 4
49, 32, 2, 6, 4
49, 32, 2, 6, 4
49, 32, 2, 7, 3
49, 32, 2, 7, 3
49, 32, 2, 7, 4
49, 32, 2, 7, 4
49, 33, 3, 0, 2
49, 33, 3, 1, 2
49, 33, 3, 1, 2
49, 33, 3, 1, 2
49, 33, 3, 2, 2
49, 33, 3, 2, 2
49, 33, 3, 4, 3
49, 33, 3, 4, 3
49, 33, 3, 4, 3
49, 33, 3, 4, 3
49, 33, 3, 4, 4
49, 33, 3, 4, 4
49, 33, 3, 4, 4
49, 33, 3, 5, 3
49, 33, 3, 5, 3
49, 33, 3, 5, 3
49, 33, 3, 5, 3
49, 33, 3, 5, 3
49, 33, 3, 5, 3
49, 33, 3, 6, 3
49, 33, 3, 6, 3
49, 33, 3, 7, 3
49, 33, 3, 7, 3
49, 33, 3, 7, 4
49, 33, 3, 7, 4
49, 33, 3, 7, 4
49, 33, 3, 7, 4
49, 33, 3, 7, 4
49, 33, 3, 7, 4
49, 33, 3, 8, 3
49, 33, 3, 8, 3
49, 33, 3, 8, 4
49, 33, 3, 8, 4
49, 30, 4, 0, 2
49, 30, 4, 1, 2
49, 30, 4, 2, 2
49, 30, 4, 2, 2
49, 30, 4, 2, 2
49, 30, 4, 3, 2
49, 30, 4, 3, 2
49, 30, 4, 5, 3
49, 30, 4, 5, 3
49, 30, 4, 5, 3
49, 30, 4, 5, 3
49, 30, 4, 5, 4
49, 30, 4, 5, 4
49, 30, 4, 5, 4
49, 30, 4, 6, 3
49, 30, 4, 6, 3
49, 30, 4, 6, 3
49, 30, 4, 6, 3
49, 30, 4, 6, 3
49, 30, 4, 6, 3
49, 30, 4, 7, 3
49, 30, 4, 7, 3
49, 30, 4, 8, 3
49, 30, 4, 8, 3
49, 30, 4, 8, 4
49, 30, 4, 8, 4
49, 30, 4, 8, 4
49, 30, 4, 8, 4
49, 30, 4, 8, 4
49, 30, 4, 8, 4
49, 23, 5, 0, 2
49, 23, 5, 1, 2
49, 23, 5, 2, 2
49, 23, 5, 3, 2
49, 23, 5, 3, 2
49, 23, 5, 3, 2
49, 23, 5, 4, 2
49, 23, 5, 4, 2
49, 23, 5, 6, 3
49, 23, 5, 6, 3
49, 23, 5, 6, 3
49, 23, 5, 6, 3
49, 23, 5, 6, 4
49, 23, 5, 6, 4
49, 23, 5, 6, 4
49, 23, 5, 7, 3
49, 23, 5, 7, 3
49, 23, 5, 7, 3
49, 23, 5, 7, 3
49, 23, 5, 7, 3
49, 23, 5, 7, 3
49, 23, 5, 8, 3
49, 23, 5, 8, 3
49, 21, 6, 1, 2
49, 21, 6, 2, 2
49, 21, 6, 3, 2
49, 21, 6, 4, 2
49, 21, 6, 4, 2
49, 21, 6, 4, 2
49, 21, 6, 5, 2
49, 21, 6, 5, 2
49, 21, 6, 7, 3
49, 21, 6, 7, 3
49, 21, 6, 7, 3
49, 21, 6, 7, 3
49, 21, 6, 7, 4
49, 21, 6, 7, 4
49, 21, 6, 7, 4
49, 21, 6, 8, 3
49, 21, 6, 8, 3
49, 21, 6, 8, 3
49, 21, 6, 8, 3
49, 21, 6, 8, 3
49, 21, 6, 8, 3
49, 15, 7, 2, 2
49, 15, 7, 3, 2
49, 15, 7, 4, 2
49, 15, 7, 5, 2
49, 15, 7, 5, 2
49, 15, 7, 5, 2
49, 15, 7, 6, 2
49, 15, 7, 6, 2
49, 15, 7, 8, 3
49, 15, 7, 8, 3
49, 15, 7, 8, 3
49, 15, 7, 8, 3
49, 15, 7, 8, 4
49, 15, 7, 8, 4
49, 15, 7, 8, 4
49, 8, 8, 3, 2
49, 8, 8, 4, 2
49, 8, 8, 5, 2
49, 8, 8, 6, 2
49, 8, 8, 6, 2
49, 8, 8, 6, 2
49, 8, 8, 7, 2
49, 8, 8, 7, 2
50, 14, 0, 1, 2
50, 14, 0, 1, 2
50, 14, 0, 1, 2
50, 14, 0, 1, 2
50, 14, 0, 1, 2
50, 14, 0, 1, 2
50, 14, 0, 1, 2
50, 14, 0, 1, 2
50, 14, 0, 1, 2
50, 14, 0, 1, 2
50, 14, 0, 1, 2
50, 14, 0, 1, 2
50, 14, 0, 1, 2
50, 14, 0, 1, 2
50, 56, 1, 0, 3
50, 56, 1, 0, 3
50, 56, 1, 0, 3
50, 56, 1, 0, 3
50, 56, 1, 0, 3
50, 56, 1, 0, 3
50, 56, 1, 0, 3
50, 56, 1, 0, 3
50, 56, 1, 0, 3
50, 56, 1, 0, 3
50, 56, 1, 0, 3
50, 56, 1, 0, 3
50, 56, 1, 0, 3
50, 56, 1, 0, 3
50, 56, 1, 0, 3
50, 56, 1, 0, 3
50, 56, 1, 0, 3
50, 56, 1, 0, 3
50, 56, 1, 0, 3
50, 56, 1, 0, 3
50, 56, 1, 0, 3
50, 56, 1, 0, 3
50, 56, 1, 0, 3
50, 56, 1, 0, 3
50, 56, 1, 0, 3
50, 56, 1, 0, 3
50, 56, 1, 0, 3
50, 56, 1, 0, 3
50, 56, 1, 0, 3
50, 56, 1, 0, 3
50, 56, 1, 0, 3
50, 56, 1, 0, 3
50, 56, 1, 0, 3
50, 56, 1, 0, 3
50, 56, 1, 0, 3
50, 56, 1, 0, 3
50, 56, 1, 0, 3
50, 56, 1, 0, 3
50, 56, 1, 0, 3
50, 56, 1, 0, 3
50, 56, 1, 0, 3
50, 56, 1, 0, 3
50, 56, 1, 0, 3
50, 56, 1, 0, 3
50, 56, 1, 0, 3
50, 56, 1, 0, 3
50, 56, 1, 0, 3
50, 56, 1, 0, 3
50, 56, 1, 0, 3
50, 56, 1, 0, 3
50, 56, 1, 0, 3
50, 56, 1, 0, 3
50, 56, 1, 0, 3
50, 56, 1, 0, 3
50, 56, 1, 0, 3
50, 56, 1, 0, 3
51, 15, 0, 1, 2
51, 15, 0, 1, 2
51, 15, 0, 1, 2
51, 15, 0, 1, 2
51, 15, 0, 1, 2
51, 15, 0, 1, 2
51, 15, 0, 1, 2
51, 15, 0, 1, 2
51, 15, 0, 1, 2
51, 15, 0, 1, 2
51, 15, 0, 1, 2
51, 15, 0, 1, 2
51, 15, 0, 1, 2
51, 15, 0, 1, 2
51, 15, 0, 1, 2
51, 60, 1, 0, 3
51, 60, 1, 0, 3
51, 60, 1, 0, 3
51, 60, 1, 0, 3
51, 60, 1, 0, 3
51, 60, 1, 0, 3
51, 60, 1, 0, 3
51, 60, 1, 0, 3
51, 60, 1, 0, 3
51, 60, 1, 0, 3
51, 60, 1, 0, 3
51, 60, 1, 0, 3
51, 60, 1, 0, 3
51, 60, 1, 0, 3
51, 60, 1, 0, 3
51, 60, 1, 0, 3
51, 60, 1, 0, 3
51, 60, 1, 0, 3
51, 60, 1, 0, 3
51, 60, 1, 0, 3
51, 60, 1, 0, 3
51, 60, 1, 0, 3
51, 60, 1, 0, 3
51, 60, 1, 0, 3
51, 60, 1, 0, 3
51, 60, 1, 0, 3
51, 60, 1, 0, 3
51, 60, 1, 0, 3
51, 60, 1, 0, 3
51, 60, 1, 0, 3
51, 60, 1, 0, 3
51, 60, 1, 0, 3
51, 60, 1, 0, 3
51, 60, 1, 0, 3
51, 60, 1, 0, 3
51, 60, 1, 0, 3
51, 60, 1, 0, 3
51, 60, 1, 0, 3
51, 60, 1, 0, 3
51, 60, 1, 0, 3
51, 60, 1, 0, 3
51, 60, 1, 0, 3
51, 60, 1, 0, 3
51, 60, 1, 0, 3
51, 60, 1, 0, 3
51, 60, 1, 0, 3
51, 60, 1, 0, 3
51, 60, 1, 0, 3
51, 60, 1, 0, 3
51, 60, 1, 0, 3
51, 60, 1, 0, 3
51, 60, 1, 0, 3
51, 60, 1, 0, 3
51, 60, 1, 0, 3
51, 60, 1, 0, 3
51, 60, 1, 0, 3
51, 60, 1, 0, 3
51, 60, 1, 0, 3
51, 60, 1, 0, 3
51, 60, 1, 0, 3
52, 15, 0, 1, 2
52, 15, 0, 1, 2
52, 15, 0, 1, 2
52, 15, 0, 1, 2
52, 15, 0, 1, 2
52, 15, 0, 1, 2
52, 15, 0, 1, 2
52, 15, 0, 1, 2
52, 15, 0, 1, 2
52, 15, 0, 1, 2
52, 15, 0, 1, 2
52, 15, 0, 1, 2
52, 15, 0, 1, 2
52, 15, 0, 1, 2
52, 15, 0, 1, 2
52, 60, 1, 0, 3
52, 60, 1, 0, 3
52, 60, 1, 0, 3
52, 60, 1, 0, 3
52, 60, 1, 0, 3
52, 60, 1, 0, 3
52, 60, 1, 0, 3
52, 60, 1, 0, 3
52, 60, 1, 0, 3
52, 60, 1, 0, 3
52, 60, 1, 0, 3
52, 60, 1, 0, 3
52, 60, 1, 0, 3
52, 60, 1, 0, 3
52, 60, 1, 0, 3
52, 60, 1, 0, 3
52, 60, 1, 0, 3
52, 60, 1, 0, 3
52, 60, 1, 0, 3
52, 60, 1, 0, 3
52, 60, 1, 0, 3
52, 60, 1, 0, 3
52, 60, 1, 0, 3
52, 60, 1, 0, 3
52, 60, 1, 0, 3
52, 60, 1, 0, 3
52, 60, 1, 0, 3
52, 60, 1, 0, 3
52, 60, 1, 0, 3
52, 60, 1, 0, 3
52, 60, 1, 0, 3
52, 60, 1, 0, 3
52, 60, 1, 0, 3
52, 60, 1, 0, 3
52, 60, 1, 0, 3
52, 60, 1, 0, 3
52, 60, 1, 0, 3
52, 60, 1, 0, 3
52, 60, 1, 0, 3
52, 60, 1, 0, 3
52, 60, 1, 0, 3
52, 60, 1, 0, 3
52, 60, 1, 0, 3
52, 60, 1, 0, 3
52, 60, 1, 0, 3
52, 60, 1, 0, 3
52, 60, 1, 0, 3
52, 60, 1, 0, 3
52, 60, 1, 0, 3
52, 60, 1, 0, 3
52, 60, 1, 0, 3
52, 60, 1, 0, 3
52, 60, 1, 0, 3
52, 60, 1, 0, 3
52, 60, 1, 0, 3
52, 60, 1, 0, 3
52, 60, 1, 0, 3
52, 60, 1, 0, 3
52, 60, 1, 0, 3
52, 60, 1, 0, 3
53, 15, 0, 1, 2
53, 15, 0, 1, 2
53, 15, 0, 1, 2
53, 15, 0, 1, 2
53, 15, 0, 1, 2
53, 15, 0, 1, 2
53, 15, 0, 1, 2
53, 15, 0, 1, 2
53, 15, 0, 1, 2
53, 15, 0, 1, 2
53, 15, 0, 1, 2
53, 15, 0, 1, 2
53, 15, 0, 1, 2
53, 15, 0, 1, 2
53, 15, 0, 1, 2
53, 60, 1, 0, 3
53, 60, 1, 0, 3
53, 60, 1, 0, 3
53, 60, 1, 0, 3
53, 60, 1, 0, 3
53, 60, 1, 0, 3
53, 60, 1, 0, 3
53, 60, 1, 0, 3
53, 60, 1, 0, 3
53, 60, 1, 0, 3
53, 60, 1, 0, 3
53, 60, 1, 0, 3
53, 60, 1, 0, 3
53, 60, 1, 0, 3
53, 60, 1, 0, 3
53, 60, 1, 0, 3
53, 60, 1, 0, 3
53, 60, 1, 0, 3
53, 60, 1, 0, 3
53, 60, 1, 0, 3
53, 60, 1, 0, 3
53, 60, 1, 0, 3
53, 60, 1, 0, 3
53, 60, 1, 0, 3
53, 60, 1, 0, 3
53, 60, 1, 0, 3
53, 60, 1, 0, 3
53, 60, 1, 0, 3
53, 60, 1, 0, 3
53, 60, 1, 0, 3
53, 60, 1, 0, 3
53, 60, 1, 0, 3
53, 60, 1, 0, 3
53, 60, 1, 0, 3
53, 60, 1, 0, 3
53, 60, 1, 0, 3
53, 60, 1, 0, 3
53, 60, 1, 0, 3
53, 60, 1, 0, 3
53, 60, 1, 0, 3
53, 60, 1, 0, 3
53, 60, 1, 0, 3
53, 60, 1, 0, 3
53, 60, 1, 0, 3
53, 60, 1, 0, 3
53, 60, 1, 0, 3
53, 60, 1, 0, 3
53, 60, 1, 0, 3
53, 60, 1, 0, 3
53, 60, 1, 0, 3
53, 60, 1, 0, 3
53, 60, 1, 0, 3
53, 60, 1, 0, 3
53, 60, 1, 0, 3
53, 60, 1, 0, 3
53, 60, 1, 0, 3
53, 60, 1, 0, 3
53, 60, 1, 0, 3
53, 60, 1, 0, 3
53, 60, 1, 0, 3
54, 5, 0, 1, 2
54, 5, 0, 1, 2
54, 5, 0, 1, 2
54, 5, 0, 1, 2
54, 5, 0, 1, 2
54, 45, 1, 0, 3
54, 45, 1, 0, 3
54, 45, 1, 0, 3
54, 45, 1, 0, 3
54, 45, 1, 0, 3
54, 45, 1, 0, 3
54, 45, 1, 0, 3
54, 45, 1, 0, 3
54, 45, 1, 0, 3
54, 45, 1, 0, 3
54, 45, 1, 0, 3
54, 45, 1, 0, 3
54, 45, 1, 0, 3
54, 45, 1, 0, 3
54, 45, 1, 0, 3
54, 45, 1, 0, 4
54, 45, 1, 0, 4
54, 45, 1, 0, 4
54, 45, 1, 0, 4
54, 45, 1, 0, 4
54, 45, 1, 0, 4
54, 45, 1, 0, 4
54, 45, 1, 0, 4
54, 45, 1, 0, 4
54, 45, 1, 0, 4
54, 45, 1, 0, 4
54, 45, 1, 0, 4
54, 45, 1, 0, 4
54, 45, 1, 0, 4
54, 45, 1, 0, 4
54, 45, 1, 0, 4
54, 45, 1, 0, 4
54, 45, 1, 0, 4
54, 45, 1, 0, 4
54, 45, 1, 0, 4
54, 45, 1, 0, 4
54, 45, 1, 0, 4
54, 45, 1, 0, 4
54, 45, 1, 0, 4
54, 45, 1, 0, 4
54, 45, 1, 0, 4
54, 45, 1, 0, 4
54, 45, 1, 0, 4
54, 45, 1, 0, 4
54, 45, 1, 0, 4
55, 29, 0, 1, 3
55, 29, 0, 1, 3
55, 29, 0, 1, 3
55, 29, 0, 1, 3
55, 29, 0, 1, 3
55, 29, 0, 1, 3
55, 29, 0, 1, 4
55, 29, 0, 1, 4
55, 29, 0, 1, 4
55, 29, 0, 2, 2
55, 29, 0, 2, 2
55, 29, 0, 2, 2
55, 29, 0, 3, 3
55, 29, 0, 3, 3
55, 29, 0, 3, 3
55, 29, 0, 4, 3
55, 29, 0, 4, 3
55, 29, 0, 4, 3
55, 29, 0, 4, 4
55, 29, 0, 4, 4
55, 29, 0, 4, 4
55, 29, 0, 4, 4
55, 29, 0, 4, 4
55, 29, 0, 4, 4
55, 29, 0, 5, 3
55, 29, 0, 5, 3
55, 29, 0, 5, 3
55, 29, 0, 5, 4
55, 29, 0, 5, 4
55, 31, 1, 0, 2
55, 31, 1, 0, 2
55, 31, 1, 2, 3
55, 31, 1, 2, 3
55, 31, 1, 2, 3
55, 31, 1, 2, 3
55, 31, 1, 2, 3
55, 31, 1, 2, 3
55, 31, 1, 2, 4
55, 31, 1, 2, 4
55, 31, 1, 2, 4
55, 31, 1, 3, 2
55, 31, 1, 3, 2
55, 31, 1, 3, 2
55, 31, 1, 4, 3
55, 31, 1, 4, 3
55, 31, 1, 4, 3
55, 31, 1, 5, 3
55, 31, 1, 5, 3
55, 31, 1, 5, 3
55, 31, 1, 5, 4
55, 31, 1, 5, 4
55, 31, 1, 5, 4
55, 31, 1, 5, 4
55, 31, 1, 5, 4
55, 31, 1, 5, 4
55, 31, 1, 6, 3
55, 31, 1, 6, 3
55, 31, 1, 6, 3
55, 31, 1, 6, 4
55, 31, 1, 6, 4
55, 34, 2, 0, 2
55, 34, 2, 0, 2
55, 34, 2, 0, 2
55, 34, 2, 1, 2
55, 34, 2, 1, 2
55, 34, 2, 3, 3
55, 34, 2, 3, 3
55, 34, 2, 3, 3
55, 34, 2, 3, 3
55, 34, 2, 3, 3
55, 34, 2, 3, 3
55, 34, 2, 3, 4
55, 34, 2, 3, 4
55, 34, 2, 3, 4
55, 34, 2, 4, 2
55, 34, 2, 4, 2
55, 34, 2, 4, 2
55, 34, 2, 5, 3
55, 34, 2, 5, 3
55, 34, 2, 5, 3
55, 34, 2, 6, 3
55, 34, 2, 6, 3
55, 34, 2, 6, 3
55, 34, 2, 6, 4
55, 34, 2, 6, 4
55, 34, 2, 6, 4
55, 34, 2, 6, 4
55, 34, 2, 6, 4
55, 34, 2, 6, 4
55, 34, 2, 7, 3
55, 34, 2, 7, 3
55, 34, 2, 7, 3
55, 34, 2, 7, 4
55, 34, 2, 7, 4
55, 35, 3, 0, 2
55, 35, 3, 1, 2
55, 35, 3, 1, 2
55, 35, 3, 1, 2
55, 35, 3, 2, 2
55, 35, 3, 2, 2
55, 35, 3, 4, 3
55, 35, 3, 4, 3
55, 35, 3, 4, 3
55, 35, 3, 4, 3
55, 35, 3, 4, 3
55, 35, 3, 4, 3
55, 35, 3, 4, 4
55, 35, 3, 4, 4
55, 35, 3, 4, 4
55, 35, 3, 5, 2
55, 35, 3, 5, 2
55, 35, 3, 5, 2
55, 35, 3, 6, 3
55, 35, 3, 6, 3
55, 35, 3, 6, 3
55, 35, 3, 7, 3
55, 35, 3, 7, 3
55, 35, 3, 7, 3
55, 35, 3, 7, 4
55, 35, 3, 7, 4
55, 35, 3, 7, 4
55, 35, 3, 7, 4
55, 35, 3, 7, 4
55, 35, 3, 7, 4
55, 35, 3, 8, 3
55, 35, 3, 8, 3
55, 35, 3, 8, 3
55, 35, 3, 8, 4
55, 35, 3, 8, 4
55, 31, 4, 0, 2
55, 31, 4, 1, 2
55, 31, 4, 2, 2
55, 31, 4, 2, 2
55, 31, 4, 2, 2
55, 31, 4, 3, 2
55, 31, 4, 3, 2
55, 31, 4, 5, 3
55, 31, 4, 5, 3
55, 31, 4, 5, 3
55, 31, 4, 5, 3
55, 31, 4, 5, 3
55, 31, 4, 5, 3
55, 31, 4, 5, 4
55, 31, 4, 5, 4
55, 31, 4, 5, 4
55, 31, 4, 6, 2
55, 31, 4, 6, 2
55, 31, 4, 6, 2
55, 31, 4, 7, 3
55, 31, 4, 7, 3
55, 31, 4, 7, 3
55, 31, 4, 8, 3
55, 31, 4, 8, 3
55, 31, 4, 8, 3
55, 31, 4, 8, 4
55, 31, 4, 8, 4
55, 31, 4, 8, 4
55, 31, 4, 8, 4
55, 31, 4, 8, 4
55, 31, 4, 8, 4
55, 23, 5, 0, 2
55, 23, 5, 1, 2
55, 23, 5, 2, 2
55, 23, 5, 3, 2
55, 23, 5, 3, 2
55, 23, 5, 3, 2
55, 23, 5, 4, 2
55, 23, 5, 4, 2
55, 23, 5, 6, 3
55, 23, 5, 6, 3
55, 23, 5, 6, 3
55, 23, 5, 6, 3
55, 23, 5, 6, 3
55, 23, 5, 6, 3
55, 23, 5, 6, 4
55, 23, 5, 6, 4
55, 23, 5, 6, 4
55, 23, 5, 7, 2
55, 23, 5, 7, 2
55, 23, 5, 7, 2
55, 23, 5, 8, 3
55, 23, 5, 8, 3
55, 23, 5, 8, 3
55, 20, 6, 1, 2
55, 20, 6, 2, 2
55, 20, 6, 3, 2
55, 20, 6, 4, 2
55, 20, 6, 4, 2
55, 20, 6, 4, 2
55, 20, 6, 5, 2
55, 20, 6, 5, 2
55, 20, 6, 7, 3
55, 20, 6, 7, 3
55, 20, 6, 7, 3
55, 20, 6, 7, 3
55, 20, 6, 7, 3
55, 20, 6, 7, 3
55, 20, 6, 7, 4
55, 20, 6, 7, 4
55, 20, 6, 7, 4
55, 20, 6, 8, 2
55, 20, 6, 8, 2
55, 20, 6, 8, 2
55, 17, 7, 2, 2
55, 17, 7, 3, 2
55, 17, 7, 4, 2
55, 17, 7, 5, 2
55, 17, 7, 5, 2
55, 17, 7, 5, 2
55, 17, 7, 6, 2
55, 17, 7, 6, 2
55, 17, 7, 8, 3
55, 17, 7, 8, 3
55, 17, 7, 8, 3
55, 17, 7, 8, 3
55, 17, 7, 8, 3
55, 17, 7, 8, 3
55, 17, 7, 8, 4
55, 17, 7, 8, 4
55, 17, 7, 8, 4
55, 8, 8, 3, 2
55, 8, 8, 4, 2
55, 8, 8, 5, 2
55, 8, 8, 6, 2
55, 8, 8, 6, 2
55, 8, 8, 6, 2
55, 8, 8, 7, 2
55, 8, 8, 7, 2
56, 5, 0, 1, 2
56, 5, 0, 1, 2
56, 5, 0, 1, 2
56, 5, 0, 1, 2
56, 5, 0, 1, 2
56, 45, 1, 0, 3
56, 45, 1, 0, 3
56, 45, 1, 0, 3
56, 45, 1, 0, 3
56, 45, 1, 0, 3
56, 45, 1, 0, 3
56, 45, 1, 0, 3
56, 45, 1, 0, 3
56, 45, 1, 0, 3
56, 45, 1, 0, 3
56, 45, 1, 0, 3
56, 45, 1, 0, 3
56, 45, 1, 0, 3
56, 45, 1, 0, 3
56, 45, 1, 0, 3
56, 45, 1, 0, 4
56, 45, 1, 0, 4
56, 45, 1, 0, 4
56, 45, 1, 0, 4
56, 45, 1, 0, 4
56, 45, 1, 0, 4
56, 45, 1, 0, 4
56, 45, 1, 0, 4
56, 45, 1, 0, 4
56, 45, 1, 0, 4
56, 45, 1, 0, 4
56, 45, 1, 0, 4
56, 45, 1, 0, 4
56, 45, 1, 0, 4
56, 45, 1, 0, 4
56, 45, 1, 0, 4
56, 45, 1, 0, 4
56, 45, 1, 0, 4
56, 45, 1, 0, 4
56, 45, 1, 0, 4
56, 45, 1, 0, 4
56, 45, 1, 0, 4
56, 45, 1, 0, 4
56, 45, 1, 0, 4
56, 45, 1, 0, 4
56, 45, 1, 0, 4
56, 45, 1, 0, 4
56, 45, 1, 0, 4
56, 45, 1, 0, 4
56, 45, 1, 0, 4
57, 33, 0, 1, 3
57, 33, 0, 1, 3
57, 33, 0, 1, 3
57, 33, 0, 1, 3
57, 33, 0, 1, 3
57, 33, 0, 1, 3
57, 33, 0, 1, 4
57, 33, 0, 1, 4
57, 33, 0, 1, 4
57, 33, 0, 2, 3
57, 33, 0, 2, 3
57, 33, 0, 2, 3
57, 33, 0, 2, 3
57, 33, 0, 2, 3
57, 33, 0, 2, 3
57, 33, 0, 2, 3
57, 33, 0, 2, 3
57, 33, 0, 2, 3
57, 33, 0, 3, 2
57, 33, 0, 4, 3
57, 33, 0, 4, 3
57, 33, 0, 4, 3
57, 33, 0, 4, 4
57, 33, 0, 4, 4
57, 33, 0, 4, 4
57, 33, 0, 4, 4
57, 33, 0, 4, 4
57, 33, 0, 4, 4
57, 33, 0, 5, 3
57, 33, 0, 5, 3
57, 33, 0, 5, 3
57, 33, 0, 5, 4
57, 33, 0, 5, 4
57, 35, 1, 0, 2
57, 35, 1, 0, 2
57, 35, 1, 2, 3
57, 35, 1, 2, 3
57, 35, 1, 2, 3
57, 35, 1, 2, 3
57, 35, 1, 2, 3
57, 35, 1, 2, 3
57, 35, 1, 2, 4
57, 35, 1, 2, 4
57, 35, 1, 2, 4
57, 35, 1, 3, 3
57, 35, 1, 3, 3
57, 35, 1, 3, 3
57, 35, 1, 3, 3
57, 35, 1, 3, 3
57, 35, 1, 3, 3
57, 35, 1, 3, 3
57, 35, 1, 3, 3
57, 35, 1, 3, 3
57, 35, 1, 4, 2
57, 35, 1, 5, 3
57, 35, 1, 5, 3
57, 35, 1, 5, 3
57, 35, 1, 5, 4
57, 35, 1, 5, 4
57, 35, 1, 5, 4
57, 35, 1, 5, 4
57, 35, 1, 5, 4
57, 35, 1, 5, 4
57, 35, 1, 6, 3
57, 35, 1, 6, 3
57, 35, 1, 6, 3
57, 35, 1, 6, 4
57, 35, 1, 6, 4
57, 38, 2, 0, 2
57, 38, 2, 0, 2
57, 38, 2, 0, 2
57, 38, 2, 1, 2
57, 38, 2, 1, 2
57, 38, 2, 3, 3
57, 38, 2, 3, 3
57, 38, 2, 3, 3
57, 38, 2, 3, 3
57, 38, 2, 3, 3
57, 38, 2, 3, 3
57, 38, 2, 3, 4
57, 38, 2, 3, 4
57, 38, 2, 3, 4
57, 38, 2, 4, 3
57, 38, 2, 4, 3
57, 38, 2, 4, 3
57, 38, 2, 4, 3
57, 38, 2, 4, 3
57, 38, 2, 4, 3
57, 38, 2, 4, 3
57, 38, 2, 4, 3
57, 38, 2, 4, 3
57, 38, 2, 5, 2
57, 38, 2, 6, 3
57, 38, 2, 6, 3
57, 38, 2, 6, 3
57, 38, 2, 6, 4
57, 38, 2, 6, 4
57, 38, 2, 6, 4
57, 38, 2, 6, 4
57, 38, 2, 6, 4
57, 38, 2, 6, 4
57, 38, 2, 7, 3
57, 38, 2, 7, 3
57, 38, 2, 7, 3
57, 38, 2, 7, 4
57, 38, 2, 7, 4
57, 39, 3, 0, 2
57, 39, 3, 1, 2
57, 39, 3, 1, 2
57, 39, 3, 1, 2
57, 39, 3, 2, 2
57, 39, 3, 2, 2
57, 39, 3, 4, 3
57, 39, 3, 4, 3
57, 39, 3, 4, 3
57, 39, 3, 4, 3
57, 39, 3, 4, 3
57, 39, 3, 4, 3
57, 39, 3, 4, 4
57, 39, 3, 4, 4
57, 39, 3, 4, 4
57, 39, 3, 5, 3
57, 39, 3, 5, 3
57, 39, 3, 5, 3
57, 39, 3, 5, 3
57, 39, 3, 5, 3
57, 39, 3, 5, 3
57, 39, 3, 5, 3
57, 39, 3, 5, 3
57, 39, 3, 5, 3
57, 39, 3, 6, 2
57, 39, 3, 7, 3
57, 39, 3, 7, 3
57, 39, 3, 7, 3
57, 39, 3, 7, 4
57, 39, 3, 7, 4
57, 39, 3, 7, 4
57, 39, 3, 7, 4
57, 39, 3, 7, 4
57, 39, 3, 7, 4
57, 39, 3, 8, 3
57, 39, 3, 8, 3
57, 39, 3, 8, 3
57, 39, 3, 8, 4
57, 39, 3, 8, 4
57, 35, 4, 0, 2
57, 35, 4, 1, 2
57, 35, 4, 2, 2
57, 35, 4, 2, 2
57, 35, 4, 2, 2
57, 35, 4, 3, 2
57, 35, 4, 3, 2
57, 35, 4, 5, 3
57, 35, 4, 5, 3
57, 35, 4, 5, 3
57, 35, 4, 5, 3
57, 35, 4, 5, 3
57, 35, 4, 5, 3
57, 35, 4, 5, 4
57, 35, 4, 5, 4
57, 35, 4, 5, 4
57, 35, 4, 6, 3
57, 35, 4, 6, 3
57, 35, 4, 6, 3
57, 35, 4, 6, 3
57, 35, 4, 6, 3
57, 35, 4, 6, 3
57, 35, 4, 6, 3
57, 35, 4, 6, 3
57, 35, 4, 6, 3
57, 35, 4, 7, 2
57, 35, 4, 8, 3
57, 35, 4, 8, 3
57, 35, 4, 8, 3
57, 35, 4, 8, 4
57, 35, 4, 8, 4
57, 35, 4, 8, 4
57, 35, 4, 8, 4
57, 35, 4, 8, 4
57, 35, 4, 8, 4
57, 27, 5, 0, 2
57, 27, 5, 1, 2
57, 27, 5, 2, 2
57, 27, 5, 3, 2
57, 27, 5, 3, 2
57, 27, 5, 3, 2
57, 27, 5, 4, 2
57, 27, 5, 4, 2
57, 27, 5, 6, 3
57, 27, 5, 6, 3
57, 27, 5, 6, 3
57, 27, 5, 6, 3
57, 27, 5, 6, 3
57, 27, 5, 6, 3
57, 27, 5, 6, 4
57, 27, 5, 6, 4
57, 27, 5, 6, 4
57, 27, 5, 7, 3
57, 27, 5, 7, 3
57, 27, 5, 7, 3
57, 27, 5, 7, 3
57, 27, 5, 7, 3
57, 27, 5, 7, 3
57, 27, 5, 7, 3
57, 27, 5, 7, 3
57, 27, 5, 7, 3
57, 27, 5, 8, 2
57, 26, 6, 1, 2
57, 26, 6, 2, 2
57, 26, 6, 3, 2
57, 26, 6, 4, 2
57, 26, 6, 4, 2
57, 26, 6, 4, 2
57, 26, 6, 5, 2
57, 26, 6, 5, 2
57, 26, 6, 7, 3
57, 26, 6, 7, 3
57, 26, 6, 7, 3
57, 26, 6, 7, 3
57, 26, 6, 7, 3
57, 26, 6, 7, 3
57, 26, 6, 7, 4
57, 26, 6, 7, 4
57, 26, 6, 7, 4
57, 26, 6, 8, 3
57, 26, 6, 8, 3
57, 26, 6, 8, 3
57, 26, 6, 8, 3
57, 26, 6, 8, 3
57, 26, 6, 8, 3
57, 26, 6, 8, 3
57, 26, 6, 8, 3
57, 26, 6, 8, 3
57, 17, 7, 2, 2
57, 17, 7, 3, 2
57, 17, 7, 4, 2
57, 17, 7, 5, 2
57, 17, 7, 5, 2
57, 17, 7, 5, 2
57, 17, 7, 6, 2
57, 17, 7, 6, 2
57, 17, 7, 8, 3
57, 17, 7, 8, 3
57, 17, 7, 8, 3
57, 17, 7, 8, 3
57, 17, 7, 8, 3
57, 17, 7, 8, 3
57, 17, 7, 8, 4
57, 17, 7, 8, 4
57, 17, 7, 8, 4
57, 8, 8, 3, 2
57, 8, 8, 4, 2
57, 8, 8, 5, 2
57, 8, 8, 6, 2
57, 8, 8, 6, 2
57, 8, 8, 6, 2
57, 8, 8, 7, 2
57, 8, 8, 7, 2
58, 12, 0, 1, 2
58, 12, 0, 1, 2
58, 12, 0, 1, 2
58, 12, 0, 1, 2
58, 12, 0, 1, 2
58, 12, 0, 1, 2
58, 12, 0, 1, 2
58, 12, 0, 1, 2
58, 12, 0, 1, 2
58, 12, 0, 1, 2
58, 12, 0, 1, 2
58, 12, 0, 1, 2
58, 72, 1, 0, 3
58, 72, 1, 0, 3
58, 72, 1, 0, 3
58, 72, 1, 0, 3
58, 72, 1, 0, 3
58, 72, 1, 0, 3
58, 72, 1, 0, 3
58, 72, 1, 0, 3
58, 72, 1, 0, 3
58, 72, 1, 0, 3
58, 72, 1, 0, 3
58, 72, 1, 0, 3
58, 72, 1, 0, 3
58, 72, 1, 0, 3
58, 72, 1, 0, 3
58, 72, 1, 0, 3
58, 72, 1, 0, 3
58, 72, 1, 0, 3
58, 72, 1, 0, 3
58, 72, 1, 0, 3
58, 72, 1, 0, 3
58, 72, 1, 0, 3
58, 72, 1, 0, 3
58, 72, 1, 0, 3
58, 72, 1, 0, 3
58, 72, 1, 0, 3
58, 72, 1, 0, 3
58, 72, 1, 0, 3
58, 72, 1, 0, 3
58, 72, 1, 0, 3
58, 72, 1, 0, 3
58, 72, 1, 0, 3
58, 72, 1, 0, 3
58, 72, 1, 0, 3
58, 72, 1, 0, 3
58, 72, 1, 0, 3
58, 72, 1, 0, 3
58, 72, 1, 0, 3
58, 72, 1, 0, 3
58, 72, 1, 0, 3
58, 72, 1, 0, 3
58, 72, 1, 0, 3
58, 72, 1, 0, 3
58, 72, 1, 0, 3
58, 72, 1, 0, 3
58, 72, 1, 0, 3
58, 72, 1, 0, 3
58, 72, 1, 0, 3
58, 72, 1, 0, 4
58, 72, 1, 0, 4
58, 72, 1, 0, 4
58, 72, 1, 0, 4
58, 72, 1, 0, 4
58, 72, 1, 0, 4
58, 72, 1, 0, 4
58, 72, 1, 0, 4
58, 72, 1, 0, 4
58, 72, 1, 0, 4
58, 72, 1, 0, 4
58, 72, 1, 0, 4
58, 72, 1, 0, 4
58, 72, 1, 0, 4
58, 72, 1, 0, 4
58, 72, 1, 0, 4
58, 72, 1, 0, 4
58, 72, 1, 0, 4
58, 72, 1, 0, 4
58, 72, 1, 0, 4
58, 72, 1, 0, 4
58, 72, 1, 0, 4
58, 72, 1, 0, 4
58, 72, 1, 0, 4
59, 16, 0, 1, 2
59, 16, 0, 1, 2
59, 16, 0, 1, 2
59, 16, 0, 1, 2
59, 16, 0, 1, 2
59, 16, 0, 1, 2
59, 16, 0, 1, 2
59, 16, 0, 1, 2
59, 16, 0, 1, 2
59, 16, 0, 1, 2
59, 16, 0, 1, 2
59, 16, 0, 1, 2
59, 16, 0, 1, 2
59, 16, 0, 1, 2
59, 16, 0, 1, 2
59, 16, 0, 1, 2
59, 80, 1, 0, 3
59, 80, 1, 0, 3
59, 80, 1, 0, 3
59, 80, 1, 0, 3
59, 80, 1, 0, 3
59, 80, 1, 0, 3
59, 80, 1, 0, 3
59, 80, 1, 0, 3
59, 80, 1, 0, 3
59, 80, 1, 0, 3
59, 80, 1, 0, 3
59, 80, 1, 0, 3
59, 80, 1, 0, 3
59, 80, 1, 0, 3
59, 80, 1, 0, 3
59, 80, 1, 0, 3
59, 80, 1, 0, 3
59, 80, 1, 0, 3
59, 80, 1, 0, 3
59, 80, 1, 0, 3
59, 80, 1, 0, 3
59, 80, 1, 0, 3
59, 80, 1, 0, 3
59, 80, 1, 0, 3
59, 80, 1, 0, 3
59, 80, 1, 0, 3
59, 80, 1, 0, 3
59, 80, 1, 0, 3
59, 80, 1, 0, 3
59, 80, 1, 0, 3
59, 80, 1, 0, 3
59, 80, 1, 0, 3
59, 80, 1, 0, 3
59, 80, 1, 0, 3
59, 80, 1, 0, 3
59, 80, 1, 0, 3
59, 80, 1, 0, 3
59, 80, 1, 0, 3
59, 80, 1, 0, 3
59, 80, 1, 0, 3
59, 80, 1, 0, 3
59, 80, 1, 0, 3
59, 80, 1, 0, 3
59, 80, 1, 0, 3
59, 80, 1, 0, 3
59, 80, 1, 0, 3
59, 80, 1, 0, 3
59, 80, 1, 0, 3
59, 80, 1, 0, 3
59, 80, 1, 0, 3
59, 80, 1, 0, 3
59, 80, 1, 0, 3
59, 80, 1, 0, 3
59, 80, 1, 0, 3
59, 80, 1, 0, 3
59, 80, 1, 0, 3
59, 80, 1, 0, 3
59, 80, 1, 0, 3
59, 80, 1, 0, 3
59, 80, 1, 0, 3
59, 80, 1, 0, 3
59, 80, 1, 0, 3
59, 80, 1, 0, 3
59, 80, 1, 0, 3
59, 80, 1, 0, 4
59, 80, 1, 0, 4
59, 80, 1, 0, 4
59, 80, 1, 0, 4
59, 80, 1, 0, 4
59, 80, 1, 0, 4
59, 80, 1, 0, 4
59, 80, 1, 0, 4
59, 80, 1, 0, 4
59, 80, 1, 0, 4
59, 80, 1, 0, 4
59, 80, 1, 0, 4
59, 80, 1, 0, 4
59, 80, 1, 0, 4
59, 80, 1, 0, 4
59, 80, 1, 0, 4
60, 16, 0, 1, 2
60, 16, 0, 1, 2
60, 16, 0, 1, 2
60, 16, 0, 1, 2
60, 16, 0, 1, 2
60, 16, 0, 1, 2
60, 16, 0, 1, 2
60, 16, 0, 1, 2
60, 16, 0, 1, 2
60, 16, 0, 1, 2
60, 16, 0, 1, 2
60, 16, 0, 1, 2
60, 16, 0, 1, 2
60, 16, 0, 1, 2
60, 16, 0, 1, 2
60, 16, 0, 1, 2
60, 96, 1, 0, 3
60, 96, 1, 0, 3
60, 96, 1, 0, 3
60, 96, 1, 0, 3
60, 96, 1, 0, 3
60, 96, 1, 0, 3
60, 96, 1, 0, 3
60, 96, 1, 0, 3
60, 96, 1, 0, 3
60, 96, 1, 0, 3
60, 96, 1, 0, 3
60, 96, 1, 0, 3
60, 96, 1, 0, 3
60, 96, 1, 0, 3
60, 96, 1, 0, 3
60, 96, 1, 0, 3
60, 96, 1, 0, 3
60, 96, 1, 0, 3
60, 96, 1, 0, 3
60, 96, 1, 0, 3
60, 96, 1, 0, 3
60, 96, 1, 0, 3
60, 96, 1, 0, 3
60, 96, 1, 0, 3
60, 96, 1, 0, 3
60, 96, 1, 0, 3
60, 96, 1, 0, 3
60, 96, 1, 0, 3
60, 96, 1, 0, 3
60, 96, 1, 0, 3
60, 96, 1, 0, 3
60, 96, 1, 0, 3
60, 96, 1, 0, 3
60, 96, 1, 0, 3
60, 96, 1, 0, 3
60, 96, 1, 0, 3
60, 96, 1, 0, 3
60, 96, 1, 0, 3
60, 96, 1, 0, 3
60, 96, 1, 0, 3
60, 96, 1, 0, 3
60, 96, 1, 0, 3
60, 96, 1, 0, 3
60, 96, 1, 0, 3
60, 96, 1, 0, 3
60, 96, 1, 0, 3
60, 96, 1, 0, 3
60, 96, 1, 0, 3
60, 96, 1, 0, 3
60, 96, 1, 0, 3
60, 96, 1, 0, 3
60, 96, 1, 0, 3
60, 96, 1, 0, 3
60, 96, 1, 0, 3
60, 96, 1, 0, 3
60, 96, 1, 0, 3
60, 96, 1, 0, 3
60, 96, 1, 0, 3
60, 96, 1, 0, 3
60, 96, 1, 0, 3
60, 96, 1, 0, 3
60, 96, 1, 0, 3
60, 96, 1, 0, 3
60, 96, 1, 0, 3
60, 96, 1, 0, 4
60, 96, 1, 0, 4
60, 96, 1, 0, 4
60, 96, 1, 0, 4
60, 96, 1, 0, 4
60, 96, 1, 0, 4
60, 96, 1, 0, 4
60, 96, 1, 0, 4
60, 96, 1, 0, 4
60, 96, 1, 0, 4
60, 96, 1, 0, 4
60, 96, 1, 0, 4
60, 96, 1, 0, 4
60, 96, 1, 0, 4
60, 96, 1, 0, 4
60, 96, 1, 0, 4
60, 96, 1, 0, 4
60, 96, 1, 0, 4
60, 96, 1, 0, 4
60, 96, 1, 0, 4
60, 96, 1, 0, 4
60, 96, 1, 0, 4
60, 96, 1, 0, 4
60, 96, 1, 0, 4
60, 96, 1, 0, 4
60, 96, 1, 0, 4
60, 96, 1, 0, 4
60, 96, 1, 0, 4
60, 96, 1, 0, 4
60, 96, 1, 0, 4
60, 96, 1, 0, 4
60, 96, 1, 0, 4
61, 13, 0, 1, 2
61, 13, 0, 1, 2
61, 13, 0, 1, 2
61, 13, 0, 1, 2
61, 13, 0, 1, 2
61, 13, 0, 1, 2
61, 13, 0, 1, 2
61, 13, 0, 1, 2
61, 13, 0, 1, 2
61, 13, 0, 1, 2
61, 13, 0, 1, 2
61, 13, 0, 1, 2
61, 13, 0, 1, 2
61, 130, 1, 0, 3
61, 130, 1, 0, 3
61, 130, 1, 0, 3
61, 130, 1, 0, 3
61, 130, 1, 0, 3
61, 130, 1, 0, 3
61, 130, 1, 0, 3
61, 130, 1, 0, 3
61, 130, 1, 0, 3
61, 130, 1, 0, 3
61, 130, 1, 0, 3
61, 130, 1, 0, 3
61, 130, 1, 0, 3
61, 130, 1, 0, 3
61, 130, 1, 0, 3
61, 130, 1, 0, 3
61, 130, 1, 0, 3
61, 130, 1, 0, 3
61, 130, 1, 0, 3
61, 130, 1, 0, 3
61, 130, 1, 0, 3
61, 130, 1, 0, 3
61, 130, 1, 0, 3
61, 130, 1, 0, 3
61, 130, 1, 0, 3
61, 130, 1, 0, 3
61, 130, 1, 0, 3
61, 130, 1, 0, 3
61, 130, 1, 0, 3
61, 130, 1, 0, 3
61, 130, 1, 0, 3
61, 130, 1, 0, 3
61, 130, 1, 0, 3
61, 130, 1, 0, 3
61, 130, 1, 0, 3
61, 130, 1, 0, 3
61, 130, 1, 0, 3
61, 130, 1, 0, 3
61, 130, 1, 0, 3
61, 130, 1, 0, 3
61, 130, 1, 0, 3
61, 130, 1, 0, 3
61, 130, 1, 0, 3
61, 130, 1, 0, 3
61, 130, 1, 0, 3
61, 130, 1, 0, 3
61, 130, 1, 0, 3
61, 130, 1, 0, 3
61, 130, 1, 0, 3
61, 130, 1, 0, 3
61, 130, 1, 0, 3
61, 130, 1, 0, 3
61, 130, 1, 0, 4
61, 130, 1, 0, 4
61, 130, 1, 0, 4
61, 130, 1, 0, 4
61, 130, 1, 0, 4
61, 130, 1, 0, 4
61, 130, 1, 0, 4
61, 130, 1, 0, 4
61, 130, 1, 0, 4
61, 130, 1, 0, 4
61, 130, 1, 0, 4
61, 130, 1, 0, 4
61, 130, 1, 0, 4
61, 130, 1, 0, 4
61, 130, 1, 0, 4
61, 130, 1, 0, 4
61, 130, 1, 0, 4
61, 130, 1, 0, 4
61, 130, 1, 0, 4
61, 130, 1, 0, 4
61, 130, 1, 0, 4
61, 130, 1, 0, 4
61, 130, 1, 0, 4
61, 130, 1, 0, 4
61, 130, 1, 0, 4
61, 130, 1, 0, 4
61, 130, 1, 0, 4
61, 130, 1, 0, 4
61, 130, 1, 0, 4
61, 130, 1, 0, 4
61, 130, 1, 0, 4
61, 130, 1, 0, 4
61, 130, 1, 0, 4
61, 130, 1, 0, 4
61, 130, 1, 0, 4
61, 130, 1, 0, 4
61, 130, 1, 0, 4
61, 130, 1, 0, 4
61, 130, 1, 0, 4
61, 130, 1, 0, 4
61, 130, 1, 0, 4
61, 130, 1, 0, 4
61, 130, 1, 0, 4
61, 130, 1, 0, 4
61, 130, 1, 0, 4
61, 130, 1, 0, 4
61, 130, 1, 0, 4
61, 130, 1, 0, 4
61, 130, 1, 0, 4
61, 130, 1, 0, 4
61, 130, 1, 0, 4
61, 130, 1, 0, 4
61, 130, 1, 0, 4
61, 130, 1, 0, 4
61, 130, 1, 0, 4
61, 130, 1, 0, 4
61, 130, 1, 0, 4
61, 130, 1, 0, 4
61, 130, 1, 0, 4
61, 130, 1, 0, 4
61, 130, 1, 0, 4
61, 130, 1, 0, 4
61, 130, 1, 0, 4
61, 130, 1, 0, 4
61, 130, 1, 0, 4
61, 130, 1, 0, 4
61, 130, 1, 0, 4
61, 130, 1, 0, 4
61, 130, 1, 0, 4
61, 130, 1, 0, 4
61, 130, 1, 0, 4
61, 130, 1, 0, 4
61, 130, 1, 0, 4
61, 130, 1, 0, 4
61, 130, 1, 0, 4
61, 130, 1, 0, 4
61, 130, 1, 0, 4
61, 130, 1, 0, 4
62, 43, 0, 1, 3
62, 43, 0, 1, 3
62, 43, 0, 1, 3
62, 43, 0, 1, 3
62, 43, 0, 1, 3
62, 43, 0, 1, 3
62, 43, 0, 1, 3
62, 43, 0, 1, 3
62, 43, 0, 1, 4
62, 43, 0, 1, 4
62, 43, 0, 1, 4
62, 43, 0, 9, 3
62, 43, 0, 9, 3
62, 43, 0, 9, 3
62, 43, 0, 9, 3
62, 43, 0, 9, 3
62, 43, 0, 9, 3
62, 43, 0, 9, 3
62, 43, 0, 9, 3
62, 43, 0, 9, 3
62, 43, 0, 9, 3
62, 43, 0, 9, 3
62, 43, 0, 9, 3
62, 43, 0, 10, 3
62, 43, 0, 10, 3
62, 43, 0, 10, 3
62, 43, 0, 10, 3
62, 43, 0, 11, 3
62, 43, 0, 11, 3
62, 43, 0, 11, 3
62, 43, 0, 11, 3
62, 43, 0, 11, 4
62, 43, 0, 11, 4
62, 43, 0, 11, 4
62, 43, 0, 11, 4
62, 43, 0, 11, 4
62, 43, 0, 11, 4
62, 43, 0, 12, 3
62, 43, 0, 12, 3
62, 43, 0, 12, 3
62, 43, 0, 12, 3
62, 43, 0, 12, 4
62, 43, 0, 12, 4
62, 45, 1, 0, 2
62, 45, 1, 0, 2
62, 45, 1, 9, 3
62, 45, 1, 9, 3
62, 45, 1, 9, 3
62, 45, 1, 9, 3
62, 45, 1, 9, 3
62, 45, 1, 9, 3
62, 45, 1, 9, 3
62, 45, 1, 9, 3
62, 45, 1, 9, 4
62, 45, 1, 9, 4
62, 45, 1, 9, 4
62, 45, 1, 10, 3
62, 45, 1, 10, 3
62, 45, 1, 10, 3
62, 45, 1, 10, 3
62, 45, 1, 10, 3
62, 45, 1, 10, 3
62, 45, 1, 10, 3
62, 45, 1, 10, 3
62, 45, 1, 10, 3
62, 45, 1, 10, 3
62, 45, 1, 10, 3
62, 45, 1, 10, 3
62, 45, 1, 11, 3
62, 45, 1, 11, 3
62, 45, 1, 11, 3
62, 45, 1, 11, 3
62, 45, 1, 12, 3
62, 45, 1, 12, 3
62, 45, 1, 12, 3
62, 45, 1, 12, 3
62, 45, 1, 12, 4
62, 45, 1, 12, 4
62, 45, 1, 12, 4
62, 45, 1, 12, 4
62, 45, 1, 12, 4
62, 45, 1, 12, 4
62, 45, 1, 13, 3
62, 45, 1, 13, 3
62, 45, 1, 13, 3
62, 45, 1, 13, 3
62, 45, 1, 13, 4
62, 45, 1, 13, 4
62, 51, 2, 3, 3
62, 51, 2, 3, 3
62, 51, 2, 3, 3
62, 51, 2, 3, 3
62, 51, 2, 3, 3
62, 51, 2, 3, 3
62, 51, 2, 3, 3
62, 51, 2, 3, 3
62, 51, 2, 3, 4
62, 51, 2, 3, 4
62, 51, 2, 3, 4
62, 51, 2, 4, 3
62, 51, 2, 4, 3
62, 51, 2, 4, 3
62, 51, 2, 4, 3
62, 51, 2, 4, 3
62, 51, 2, 4, 3
62, 51, 2, 4, 3
62, 51, 2, 4, 3
62, 51, 2, 4, 3
62, 51, 2, 4, 3
62, 51, 2, 4, 3
62, 51, 2, 4, 3
62, 51, 2, 5, 3
62, 51, 2, 5, 3
62, 51, 2, 5, 3
62, 51, 2, 5, 3
62, 51, 2, 6, 3
62, 51, 2, 6, 3
62, 51, 2, 6, 3
62, 51, 2, 6, 3
62, 51, 2, 6, 4
62, 51, 2, 6, 4
62, 51, 2, 6, 4
62, 51, 2, 6, 4
62, 51, 2, 6, 4
62, 51, 2, 6, 4
62, 51, 2, 7, 3
62, 51, 2, 7, 3
62, 51, 2, 7, 3
62, 51, 2, 7, 3
62, 51, 2, 7, 4
62, 51, 2, 7, 4
62, 51, 2, 12, 2
62, 51, 2, 13, 2
62, 51, 2, 14, 2
62, 51, 2, 15, 2
62, 51, 2, 15, 2
62, 51, 2, 15, 2
62, 51, 2, 16, 2
62, 51, 2, 16, 2
62, 51, 3, 2, 2
62, 51, 3, 2, 2
62, 51, 3, 4, 3
62, 51, 3, 4, 3
62, 51, 3, 4, 3
62, 51, 3, 4, 3
62, 51, 3, 4, 3
62, 51, 3, 4, 3
62, 51, 3, 4, 3
62, 51, 3, 4, 3
62, 51, 3, 4, 4
62, 51, 3, 4, 4
62, 51, 3, 4, 4
62, 51, 3, 5, 3
62, 51, 3, 5, 3
62, 51, 3, 5, 3
62, 51, 3, 5, 3
62, 51, 3, 5, 3
62, 51, 3, 5, 3
62, 51, 3, 5, 3
62, 51, 3, 5, 3
62, 51, 3, 5, 3
62, 51, 3, 5, 3
62, 51, 3, 5, 3
62, 51, 3, 5, 3
62, 51, 3, 6, 3
62, 51, 3, 6, 3
62, 51, 3, 6, 3
62, 51, 3, 6, 3
62, 51, 3, 7, 3
62, 51, 3, 7, 3
62, 51, 3, 7, 3
62, 51, 3, 7, 3
62, 51, 3, 7, 4
62, 51, 3, 7, 4
62, 51, 3, 7, 4
62, 51, 3, 7, 4
62, 51, 3, 7, 4
62, 51, 3, 7, 4
62, 51, 3, 8, 3
62, 51, 3, 8, 3
62, 51, 3, 8, 3
62, 51, 3, 8, 3
62, 51, 3, 8, 4
62, 51, 3, 8, 4
62, 51, 3, 13, 2
62, 51, 3, 14, 2
62, 51, 3, 15, 2
62, 51, 3, 16, 2
62, 51, 3, 16, 2
62, 51, 3, 16, 2
62, 45, 4, 2, 2
62, 45, 4, 2, 2
62, 45, 4, 2, 2
62, 45, 4, 3, 2
62, 45, 4, 3, 2
62, 45, 4, 5, 3
62, 45, 4, 5, 3
62, 45, 4, 5, 3
62, 45, 4, 5, 3
62, 45, 4, 5, 3
62, 45, 4, 5, 3
62, 45, 4, 5, 3
62, 45, 4, 5, 3
62, 45, 4, 5, 4
62, 45, 4, 5, 4
62, 45, 4, 5, 4
62, 45, 4, 6, 3
62, 45, 4, 6, 3
62, 45, 4, 6, 3
62, 45, 4, 6, 3
62, 45, 4, 6, 3
62, 45, 4, 6, 3
62, 45, 4, 6, 3
62, 45, 4, 6, 3
62, 45, 4, 6, 3
62, 45, 4, 6, 3
62, 45, 4, 6, 3
62, 45, 4, 6, 3
62, 45, 4, 7, 3
62, 45, 4, 7, 3
62, 45, 4, 7, 3
62, 45, 4, 7, 3
62, 45, 4, 8, 3
62, 45, 4, 8, 3
62, 45, 4, 8, 3
62, 45, 4, 8, 3
62, 45, 4, 8, 4
62, 45, 4, 8, 4
62, 45, 4, 8, 4
62, 45, 4, 8, 4
62, 45, 4, 8, 4
62, 45, 4, 8, 4
62, 45, 4, 14, 2
62, 45, 4, 15, 2
62, 45, 4, 16, 2
62, 35, 5, 2, 2
62, 35, 5, 3, 2
62, 35, 5, 3, 2
62, 35, 5, 3, 2
62, 35, 5, 4, 2
62, 35, 5, 4, 2
62, 35, 5, 6, 3
62, 35, 5, 6, 3
62, 35, 5, 6, 3
62, 35, 5, 6, 3
62, 35, 5, 6, 3
62, 35, 5, 6, 3
62, 35, 5, 6, 3
62, 35, 5, 6, 3
62, 35, 5, 6, 4
62, 35, 5, 6, 4
62, 35, 5, 6, 4
62, 35, 5, 7, 3
62, 35, 5, 7, 3
62, 35, 5, 7, 3
62, 35, 5, 7, 3
62, 35, 5, 7, 3
62, 35, 5, 7, 3
62, 35, 5, 7, 3
62, 35, 5, 7, 3
62, 35, 5, 7, 3
62, 35, 5, 7, 3
62, 35, 5, 7, 3
62, 35, 5, 7, 3
62, 35, 5, 8, 3
62, 35, 5, 8, 3
62, 35, 5, 8, 3
62, 35, 5, 8, 3
62, 35, 5, 15, 2
62, 35, 5, 16, 2
62, 31, 6, 2, 2
62, 31, 6, 3, 2
62, 31, 6, 4, 2
62, 31, 6, 4, 2
62, 31, 6, 4, 2
62, 31, 6, 5, 2
62, 31, 6, 5, 2
62, 31, 6, 7, 3
62, 31, 6, 7, 3
62, 31, 6, 7, 3
62, 31, 6, 7, 3
62, 31, 6, 7, 3
62, 31, 6, 7, 3
62, 31, 6, 7, 3
62, 31, 6, 7, 3
62, 31, 6, 7, 4
62, 31, 6, 7, 4
62, 31, 6, 7, 4
62, 31, 6, 8, 3
62, 31, 6, 8, 3
62, 31, 6, 8, 3
62, 31, 6, 8, 3
62, 31, 6, 8, 3
62, 31, 6, 8, 3
62, 31, 6, 8, 3
62, 31, 6, 8, 3
62, 31, 6, 8, 3
62, 31, 6, 8, 3
62, 31, 6, 8, 3
62, 31, 6, 8, 3
62, 31, 6, 16, 2
62, 19, 7, 2, 2
62, 19, 7, 3, 2
62, 19, 7, 4, 2
62, 19, 7, 5, 2
62, 19, 7, 5, 2
62, 19, 7, 5, 2
62, 19, 7, 6, 2
62, 19, 7, 6, 2
62, 19, 7, 8, 3
62, 19, 7, 8, 3
62, 19, 7, 8, 3
62, 19, 7, 8, 3
62, 19, 7, 8, 3
62, 19, 7, 8, 3
62, 19, 7, 8, 3
62, 19, 7, 8, 3
62, 19, 7, 8, 4
62, 19, 7, 8, 4
62, 19, 7, 8, 4
62, 8, 8, 3, 2
62, 8, 8, 4, 2
62, 8, 8, 5, 2
62, 8, 8, 6, 2
62, 8, 8, 6, 2
62, 8, 8, 6, 2
62, 8, 8, 7, 2
62, 8, 8, 7, 2
62, 48, 9, 0, 2
62, 48, 9, 0, 2
62, 48, 9, 0, 2
62, 48, 9, 1, 2
62, 48, 9, 1, 2
62, 48, 9, 10, 3
62, 48, 9, 10, 3
62, 48, 9, 10, 3
62, 48, 9, 10, 3
62, 48, 9, 10, 3
62, 48, 9, 10, 3
62, 48, 9, 10, 3
62, 48, 9, 10, 3
62, 48, 9, 10, 4
62, 48, 9, 10, 4
62, 48, 9, 10, 4
62, 48, 9, 11, 3
62, 48, 9, 11, 3
62, 48, 9, 11, 3
62, 48, 9, 11, 3
62, 48, 9, 11, 3
62, 48, 9, 11, 3
62, 48, 9, 11, 3
62, 48, 9, 11, 3
62, 48, 9, 11, 3
62, 48, 9, 11, 3
62, 48, 9, 11, 3
62, 48, 9, 11, 3
62, 48, 9, 12, 3
62, 48, 9, 12, 3
62, 48, 9, 12, 3
62, 48, 9, 12, 3
62, 48, 9, 13, 3
62, 48, 9, 13, 3
62, 48, 9, 13, 3
62, 48, 9, 13, 3
62, 48, 9, 13, 4
62, 48, 9, 13, 4
62, 48, 9, 13, 4
62, 48, 9, 13, 4
62, 48, 9, 13, 4
62, 48, 9, 13, 4
62, 48, 9, 14, 3
62, 48, 9, 14, 3
62, 48, 9, 14, 3
62, 48, 9, 14, 3
62, 48, 9, 14, 4
62, 48, 9, 14, 4
62, 49, 10, 0, 2
62, 49, 10, 1, 2
62, 49, 10, 1, 2
62, 49, 10, 1, 2
62, 49, 10, 9, 2
62, 49, 10, 9, 2
62, 49, 10, 11, 3
62, 49, 10, 11, 3
62, 49, 10, 11, 3
62, 49, 10, 11, 3
62, 49, 10, 11, 3
62, 49, 10, 11, 3
62, 49, 10, 11, 3
62, 49, 10, 11, 3
62, 49, 10, 11, 4
62, 49, 10, 11, 4
62, 49, 10, 11, 4
62, 49, 10, 12, 3
62, 49, 10, 12, 3
62, 49, 10, 12, 3
62, 49, 10, 12, 3
62, 49, 10, 12, 3
62, 49, 10, 12, 3
62, 49, 10, 12, 3
62, 49, 10, 12, 3
62, 49, 10, 12, 3
62, 49, 10, 12, 3
62, 49, 10, 12, 3
62, 49, 10, 12, 3
62, 49, 10, 13, 3
62, 49, 10, 13, 3
62, 49, 10, 13, 3
62, 49, 10, 13, 3
62, 49, 10, 14, 3
62, 49, 10, 14, 3
62, 49, 10, 14, 3
62, 49, 10, 14, 3
62, 49, 10, 14, 4
62, 49, 10, 14, 4
62, 49, 10, 14, 4
62, 49, 10, 14, 4
62, 49, 10, 14, 4
62, 49, 10, 14, 4
62, 49, 10, 15, 3
62, 49, 10, 15, 3
62, 49, 10, 15, 3
62, 49, 10, 15, 3
62, 49, 10, 15, 4
62, 49, 10, 15, 4
62, 50, 11, 0, 2
62, 50, 11, 1, 2
62, 50, 11, 9, 2
62, 50, 11, 9, 2
62, 50, 11, 9, 2
62, 50, 11, 10, 2
62, 50, 11, 10, 2
62, 50, 11, 12, 3
62, 50, 11, 12, 3
62, 50, 11, 12, 3
62, 50, 11, 12, 3
62, 50, 11, 12, 3
62, 50, 11, 12, 3
62, 50, 11, 12, 3
62, 50, 11, 12, 3
62, 50, 11, 12, 4
62, 50, 11, 12, 4
62, 50, 11, 12, 4
62, 50, 11, 13, 3
62, 50, 11, 13, 3
62, 50, 11, 13, 3
62, 50, 11, 13, 3
62, 50, 11, 13, 3
62, 50, 11, 13, 3
62, 50, 11, 13, 3
62, 50, 11, 13, 3
62, 50, 11, 13, 3
62, 50, 11, 13, 3
62, 50, 11, 13, 3
62, 50, 11, 13, 3
62, 50, 11, 14, 3
62, 50, 11, 14, 3
62, 50, 11, 14, 3
62, 50, 11, 14, 3
62, 50, 11, 15, 3
62, 50, 11, 15, 3
62, 50, 11, 15, 3
62, 50, 11, 15, 3
62, 50, 11, 15, 4
62, 50, 11, 15, 4
62, 50, 11, 15, 4
62, 50, 11, 15, 4
62, 50, 11, 15, 4
62, 50, 11, 15, 4
62, 50, 11, 16, 3
62, 50, 11, 16, 3
62, 50, 11, 16, 3
62, 50, 11, 16, 3
62, 50, 11, 16, 4
62, 50, 11, 16, 4
62, 51, 12, 0, 2
62, 51, 12, 1, 2
62, 51, 12, 2, 3
62, 51, 12, 2, 3
62, 51, 12, 2, 3
62, 51, 12, 2, 3
62, 51, 12, 2, 4
62, 51, 12, 2, 4
62, 51, 12, 9, 2
62, 51, 12, 10, 2
62, 51, 12, 10, 2
62, 51, 12, 10, 2
62, 51, 12, 11, 2
62, 51, 12, 11, 2
62, 51, 12, 13, 3
62, 51, 12, 13, 3
62, 51, 12, 13, 3
62, 51, 12, 13, 3
62, 51, 12, 13, 3
62, 51, 12, 13, 3
62, 51, 12, 13, 3
62, 51, 12, 13, 3
62, 51, 12, 13, 4
62, 51, 12, 13, 4
62, 51, 12, 13, 4
62, 51, 12, 14, 3
62, 51, 12, 14, 3
62, 51, 12, 14, 3
62, 51, 12, 14, 3
62, 51, 12, 14, 3
62, 51, 12, 14, 3
62, 51, 12, 14, 3
62, 51, 12, 14, 3
62, 51, 12, 14, 3
62, 51, 12, 14, 3
62, 51, 12, 14, 3
62, 51, 12, 14, 3
62, 51, 12, 15, 3
62, 51, 12, 15, 3
62, 51, 12, 15, 3
62, 51, 12, 15, 3
62, 51, 12, 16, 3
62, 51, 12, 16, 3
62, 51, 12, 16, 3
62, 51, 12, 16, 3
62, 51, 12, 16, 4
62, 51, 12, 16, 4
62, 51, 12, 16, 4
62, 51, 12, 16, 4
62, 51, 12, 16, 4
62, 51, 12, 16, 4
62, 51, 13, 1, 2
62, 51, 13, 2, 3
62, 51, 13, 2, 3
62, 51, 13, 2, 3
62, 51, 13, 2, 3
62, 51, 13, 2, 4
62, 51, 13, 2, 4
62, 51, 13, 2, 4
62, 51, 13, 2, 4
62, 51, 13, 2, 4
62, 51, 13, 2, 4
62, 51, 13, 3, 3
62, 51, 13, 3, 3
62, 51, 13, 3, 3
62, 51, 13, 3, 3
62, 51, 13, 3, 4
62, 51, 13, 3, 4
62, 51, 13, 9, 2
62, 51, 13, 10, 2
62, 51, 13, 11, 2
62, 51, 13, 11, 2
62, 51, 13, 11, 2
62, 51, 13, 12, 2
62, 51, 13, 12, 2
62, 51, 13, 14, 3
62, 51, 13, 14, 3
62, 51, 13, 14, 3
62, 51, 13, 14, 3
62, 51, 13, 14, 3
62, 51, 13, 14, 3
62, 51, 13, 14, 3
62, 51, 13, 14, 3
62, 51, 13, 14, 4
62, 51, 13, 14, 4
62, 51, 13, 14, 4
62, 51, 13, 15, 3
62, 51, 13, 15, 3
62, 51, 13, 15, 3
62, 51, 13, 15, 3
62, 51, 13, 15, 3
62, 51, 13, 15, 3
62, 51, 13, 15, 3
62, 51, 13, 15, 3
62, 51, 13, 15, 3
62, 51, 13, 15, 3
62, 51, 13, 15, 3
62, 51, 13, 15, 3
62, 51, 13, 16, 3
62, 51, 13, 16, 3
62, 51, 13, 16, 3
62, 51, 13, 16, 3
62, 51, 14, 2, 3
62, 51, 14, 2, 3
62, 51, 14, 2, 3
62, 51, 14, 2, 3
62, 51, 14, 3, 3
62, 51, 14, 3, 3
62, 51, 14, 3, 3
62, 51, 14, 3, 3
62, 51, 14, 3, 4
62, 51, 14, 3, 4
62, 51, 14, 3, 4
62, 51, 14, 3, 4
62, 51, 14, 3, 4
62, 51, 14, 3, 4
62, 51, 14, 4, 3
62, 51, 14, 4, 3
62, 51, 14, 4, 3
62, 51, 14, 4, 3
62, 51, 14, 4, 4
62, 51, 14, 4, 4
62, 51, 14, 9, 2
62, 51, 14, 10, 2
62, 51, 14, 11, 2
62, 51, 14, 12, 2
62, 51, 14, 12, 2
62, 51, 14, 12, 2
62, 51, 14, 13, 2
62, 51, 14, 13, 2
62, 51, 14, 15, 3
62, 51, 14, 15, 3
62, 51, 14, 15, 3
62, 51, 14, 15, 3
62, 51, 14, 15, 3
62, 51, 14, 15, 3
62, 51, 14, 15, 3
62, 51, 14, 15, 3
62, 51, 14, 15, 4
62, 51, 14, 15, 4
62, 51, 14, 15, 4
62, 51, 14, 16, 3
62, 51, 14, 16, 3
62, 51, 14, 16, 3
62, 51, 14, 16, 3
62, 51, 14, 16, 3
62, 51, 14, 16, 3
62, 51, 14, 16, 3
62, 51, 14, 16, 3
62, 51, 14, 16, 3
62, 51, 14, 16, 3
62, 51, 14, 16, 3
62, 51, 14, 16, 3
62, 51, 15, 2, 3
62, 51, 15, 2, 3
62, 51, 15, 2, 3
62, 51, 15, 2, 3
62, 51, 15, 2, 3
62, 51, 15, 2, 3
62, 51, 15, 2, 3
62, 51, 15, 2, 3
62, 51, 15, 2, 3
62, 51, 15, 2, 3
62, 51, 15, 2, 3
62, 51, 15, 2, 3
62, 51, 15, 3, 3
62, 51, 15, 3, 3
62, 51, 15, 3, 3
62, 51, 15, 3, 3
62, 51, 15, 4, 3
62, 51, 15, 4, 3
62, 51, 15, 4, 3
62, 51, 15, 4, 3
62, 51, 15, 4, 4
62, 51, 15, 4, 4
62, 51, 15, 4, 4
62, 51, 15, 4, 4
62, 51, 15, 4, 4
62, 51, 15, 4, 4
62, 51, 15, 5, 3
62, 51, 15, 5, 3
62, 51, 15, 5, 3
62, 51, 15, 5, 3
62, 51, 15, 5, 4
62, 51, 15, 5, 4
62, 51, 15, 10, 2
62, 51, 15, 11, 2
62, 51, 15, 12, 2
62, 51, 15, 13, 2
62, 51, 15, 13, 2
62, 51, 15, 13, 2
62, 51, 15, 14, 2
62, 51, 15, 14, 2
62, 51, 15, 16, 3
62, 51, 15, 16, 3
62, 51, 15, 16, 3
62, 51, 15, 16, 3
62, 51, 15, 16, 3
62, 51, 15, 16, 3
62, 51, 15, 16, 3
62, 51, 15, 16, 3
62, 51, 15, 16, 4
62, 51, 15, 16, 4
62, 51, 15, 16, 4
62, 51, 16, 2, 3
62, 51, 16, 2, 3
62, 51, 16, 2, 3
62, 51, 16, 2, 3
62, 51, 16, 2, 3
62, 51, 16, 2, 3
62, 51, 16, 2, 3
62, 51, 16, 2, 3
62, 51, 16, 2, 4
62, 51, 16, 2, 4
62, 51, 16, 2, 4
62, 51, 16, 3, 3
62, 51, 16, 3, 3
62, 51, 16, 3, 3
62, 51, 16, 3, 3
62, 51, 16, 3, 3
62, 51, 16, 3, 3
62, 51, 16, 3, 3
62, 51, 16, 3, 3
62, 51, 16, 3, 3
62, 51, 16, 3, 3
62, 51, 16, 3, 3
62, 51, 16, 3, 3
62, 51, 16, 4, 3
62, 51, 16, 4, 3
62, 51, 16, 4, 3
62, 51, 16, 4, 3
62, 51, 16, 5, 3
62, 51, 16, 5, 3
62, 51, 16, 5, 3
62, 51, 16, 5, 3
62, 51, 16, 5, 4
62, 51, 16, 5, 4
62, 51, 16, 5, 4
62, 51, 16, 5, 4
62, 51, 16, 5, 4
62, 51, 16, 5, 4
62, 51, 16, 6, 3
62, 51, 16, 6, 3
62, 51, 16, 6, 3
62, 51, 16, 6, 3
62, 51, 16, 6, 4
62, 51, 16, 6, 4
62, 51, 16, 11, 2
62, 51, 16, 12, 2
62, 51, 16, 13, 2
62, 51, 16, 14, 2
62, 51, 16, 14, 2
62, 51, 16, 14, 2
62, 51, 16, 15, 2
62, 51, 16, 15, 2
63, 1, 1, 0, 2
Goal
63
