CG
73
0, 2, 54, 7
0, 2, 62, 7
1, 2, 46, 5
1, 2, 62, 5
2, 2, 48, 5
2, 2, 65, 5
3, 2, 49, 5
3, 2, 62, 5
4, 2, 58, 7
4, 2, 59, 7
5, 2, 50, 7
5, 2, 59, 7
6, 2, 34, 4
6, 2, 59, 4
7, 2, 47, 8
7, 2, 59, 8
8, 2, 35, 5
8, 2, 59, 5
9, 2, 33, 6
9, 2, 59, 6
10, 2, 32, 5
10, 2, 59, 5
11, 2, 40, 5
11, 2, 59, 5
12, 2, 67, 13
12, 2, 70, 13
13, 2, 60, 13
13, 2, 70, 13
14, 2, 45, 5
14, 2, 65, 5
15, 2, 37, 5
15, 2, 65, 5
16, 2, 55, 13
16, 2, 70, 13
17, 2, 53, 7
17, 2, 65, 7
18, 2, 51, 8
18, 2, 65, 8
19, 2, 66, 16
19, 2, 70, 16
20, 2, 52, 8
20, 2, 62, 8
21, 2, 38, 5
21, 2, 62, 5
22, 2, 56, 13
22, 2, 70, 13
23, 2, 39, 5
23, 2, 65, 5
24, 2, 69, 15
24, 2, 70, 15
25, 2, 61, 7
25, 2, 62, 7
26, 2, 44, 4
26, 2, 62, 4
27, 2, 63, 12
27, 2, 70, 12
28, 2, 43, 4
28, 2, 65, 4
29, 2, 42, 6
29, 2, 62, 6
30, 2, 57, 14
30, 2, 70, 14
31, 7, 56, 13
31, 7, 34, 4
31, 7, 47, 8
31, 7, 40, 15
31, 7, 58, 7
31, 7, 70, 13
31, 7, 59, 49
32, 9, 55, 13
32, 9, 34, 4
32, 9, 35, 5
32, 9, 40, 10
32, 9, 58, 7
32, 9, 50, 14
32, 9, 10, 1
32, 9, 70, 13
32, 9, 59, 55
33, 8, 57, 14
33, 8, 34, 8
33, 8, 47, 8
33, 8, 35, 5
33, 8, 40, 5
33, 8, 9, 1
33, 8, 70, 14
33, 8, 59, 44
34, 6, 63, 12
34, 6, 58, 14
34, 6, 50, 7
34, 6, 6, 1
34, 6, 70, 12
34, 6, 59, 41
35, 5, 60, 13
35, 5, 58, 7
35, 5, 8, 1
35, 5, 70, 13
35, 5, 59, 27
36, 10, 55, 13
36, 10, 37, 5
36, 10, 44, 4
36, 10, 46, 5
36, 10, 49, 10
36, 10, 61, 7
36, 10, 54, 14
36, 10, 70, 13
36, 10, 62, 60
36, 10, 65, 5
37, 11, 55, 13
37, 11, 36, 5
37, 11, 43, 4
37, 11, 45, 5
37, 11, 48, 10
37, 11, 64, 7
37, 11, 53, 14
37, 11, 15, 1
37, 11, 70, 13
37, 11, 62, 5
37, 11, 65, 60
38, 10, 56, 13
38, 10, 39, 5
38, 10, 44, 4
38, 10, 52, 8
38, 10, 49, 15
38, 10, 61, 7
38, 10, 21, 1
38, 10, 70, 13
38, 10, 62, 54
38, 10, 65, 5
39, 10, 56, 13
39, 10, 38, 5
39, 10, 43, 4
39, 10, 51, 8
39, 10, 48, 15
39, 10, 64, 7
39, 10, 23, 1
39, 10, 70, 13
39, 10, 62, 5
39, 10, 65, 54
40, 6, 67, 13
40, 6, 58, 21
40, 6, 50, 7
40, 6, 11, 1
40, 6, 70, 13
40, 6, 59, 58
41, 9, 57, 14
41, 9, 42, 6
41, 9, 43, 8
41, 9, 51, 8
41, 9, 45, 5
41, 9, 48, 5
41, 9, 70, 14
41, 9, 62, 6
41, 9, 65, 50
42, 10, 57, 14
42, 10, 41, 6
42, 10, 44, 8
42, 10, 52, 8
42, 10, 46, 5
42, 10, 49, 5
42, 10, 29, 1
42, 10, 70, 14
42, 10, 62, 50
42, 10, 65, 6
43, 8, 63, 12
43, 8, 44, 4
43, 8, 64, 14
43, 8, 53, 7
43, 8, 28, 1
43, 8, 70, 12
43, 8, 62, 4
43, 8, 65, 45
44, 8, 63, 12
44, 8, 43, 4
44, 8, 61, 14
44, 8, 54, 7
44, 8, 26, 1
44, 8, 70, 12
44, 8, 62, 45
44, 8, 65, 4
45, 7, 60, 13
45, 7, 46, 5
45, 7, 64, 7
45, 7, 14, 1
45, 7, 70, 13
45, 7, 62, 5
45, 7, 65, 32
46, 7, 60, 13
46, 7, 45, 5
46, 7, 61, 7
46, 7, 1, 1
46, 7, 70, 13
46, 7, 62, 32
46, 7, 65, 5
47, 6, 66, 16
47, 6, 58, 28
47, 6, 50, 14
47, 6, 7, 1
47, 6, 70, 16
47, 6, 59, 74
48, 8, 67, 13
48, 8, 49, 5
48, 8, 64, 21
48, 8, 53, 7
48, 8, 2, 1
48, 8, 70, 13
48, 8, 62, 5
48, 8, 65, 63
49, 8, 67, 13
49, 8, 48, 5
49, 8, 61, 21
49, 8, 54, 7
49, 8, 3, 1
49, 8, 70, 13
49, 8, 62, 63
49, 8, 65, 5
50, 4, 68, 15
50, 4, 5, 1
50, 4, 70, 15
50, 4, 59, 42
51, 8, 66, 16
51, 8, 52, 8
51, 8, 64, 28
51, 8, 53, 14
51, 8, 18, 1
51, 8, 70, 16
51, 8, 62, 8
51, 8, 65, 82
52, 8, 66, 16
52, 8, 51, 8
52, 8, 61, 28
52, 8, 54, 14
52, 8, 20, 1
52, 8, 70, 16
52, 8, 62, 82
52, 8, 65, 8
53, 6, 68, 15
53, 6, 54, 7
53, 6, 17, 1
53, 6, 70, 15
53, 6, 62, 7
53, 6, 65, 49
54, 6, 68, 15
54, 6, 53, 7
54, 6, 0, 1
54, 6, 70, 15
54, 6, 62, 49
54, 6, 65, 7
55, 13, 36, 5
55, 13, 37, 5
55, 13, 32, 5
55, 13, 63, 12
55, 13, 60, 13
55, 13, 67, 26
55, 13, 69, 15
55, 13, 68, 30
55, 13, 16, 1
55, 13, 70, 161
55, 13, 62, 5
55, 13, 65, 5
55, 13, 59, 5
56, 12, 38, 5
56, 12, 39, 5
56, 12, 31, 5
56, 12, 63, 12
56, 12, 66, 16
56, 12, 67, 39
56, 12, 69, 15
56, 12, 22, 1
56, 12, 70, 147
56, 12, 62, 5
56, 12, 65, 5
56, 12, 59, 5
57, 12, 42, 6
57, 12, 41, 6
57, 12, 33, 6
57, 12, 63, 24
57, 12, 66, 16
57, 12, 60, 13
57, 12, 67, 13
57, 12, 30, 1
57, 12, 70, 136
57, 12, 62, 6
57, 12, 65, 6
57, 12, 59, 6
58, 4, 69, 15
58, 4, 4, 1
58, 4, 70, 15
58, 4, 59, 63
59, 9, 33, 18
59, 9, 31, 15
59, 9, 32, 15
59, 9, 34, 20
59, 9, 47, 32
59, 9, 35, 20
59, 9, 40, 30
59, 9, 58, 63
59, 9, 50, 42
60, 9, 46, 5
60, 9, 45, 5
60, 9, 35, 5
60, 9, 69, 15
60, 9, 13, 1
60, 9, 70, 93
60, 9, 62, 5
60, 9, 65, 5
60, 9, 59, 5
61, 6, 69, 15
61, 6, 64, 7
61, 6, 25, 1
61, 6, 70, 15
61, 6, 62, 70
61, 6, 65, 7
62, 9, 42, 24
62, 9, 38, 20
62, 9, 36, 20
62, 9, 44, 24
62, 9, 52, 40
62, 9, 46, 25
62, 9, 49, 35
62, 9, 61, 70
62, 9, 54, 49
63, 10, 44, 4
63, 10, 43, 4
63, 10, 34, 4
63, 10, 69, 30
63, 10, 68, 15
63, 10, 27, 1
63, 10, 70, 129
63, 10, 62, 4
63, 10, 65, 4
63, 10, 59, 4
64, 6, 69, 15
64, 6, 61, 7
64, 6, 71, 1
64, 6, 70, 15
64, 6, 62, 7
64, 6, 65, 70
65, 9, 41, 24
65, 9, 39, 20
65, 9, 37, 20
65, 9, 43, 24
65, 9, 51, 40
65, 9, 45, 25
65, 9, 48, 35
65, 9, 64, 70
65, 9, 53, 49
66, 10, 52, 8
66, 10, 51, 8
66, 10, 47, 8
66, 10, 69, 60
66, 10, 68, 30
66, 10, 19, 1
66, 10, 70, 186
66, 10, 62, 8
66, 10, 65, 8
66, 10, 59, 8
67, 10, 49, 5
67, 10, 48, 5
67, 10, 40, 5
67, 10, 69, 45
67, 10, 68, 15
67, 10, 12, 1
67, 10, 70, 164
67, 10, 62, 5
67, 10, 65, 5
67, 10, 59, 5
68, 8, 54, 7
68, 8, 53, 7
68, 8, 50, 7
68, 8, 72, 1
68, 8, 70, 120
68, 8, 62, 7
68, 8, 65, 7
68, 8, 59, 7
69, 8, 61, 7
69, 8, 64, 7
69, 8, 58, 7
69, 8, 24, 1
69, 8, 70, 165
69, 8, 62, 7
69, 8, 65, 7
69, 8, 59, 7
70, 9, 57, 70
70, 9, 56, 65
70, 9, 55, 65
70, 9, 63, 84
70, 9, 66, 96
70, 9, 60, 78
70, 9, 67, 104
70, 9, 69, 165
70, 9, 68, 120
71, 2, 64, 7
71, 2, 65, 7
72, 2, 68, 15
72, 2, 70, 15
DTG
0, 1, 1, 0, 2
1, 1, 1, 0, 2
2, 1, 1, 0, 2
3, 1, 1, 0, 2
4, 1, 1, 0, 2
5, 1, 1, 0, 2
6, 1, 1, 0, 2
7, 1, 1, 0, 2
8, 1, 1, 0, 2
9, 1, 1, 0, 2
10, 1, 1, 0, 2
11, 1, 1, 0, 2
12, 1, 1, 0, 2
13, 1, 1, 0, 2
14, 1, 1, 0, 2
15, 1, 1, 0, 2
16, 1, 1, 0, 2
17, 1, 1, 0, 2
18, 1, 1, 0, 2
19, 1, 1, 0, 2
20, 1, 1, 0, 2
21, 1, 1, 0, 2
22, 1, 1, 0, 2
23, 1, 1, 0, 2
24, 1, 1, 0, 2
25, 1, 1, 0, 2
26, 1, 1, 0, 2
27, 1, 1, 0, 2
28, 1, 1, 0, 2
29, 1, 1, 0, 2
30, 1, 1, 0, 2
31, 5, 0, 1, 2
31, 5, 0, 1, 2
31, 5, 0, 1, 2
31, 5, 0, 1, 2
31, 5, 0, 1, 2
31, 5, 1, 0, 2
31, 5, 1, 0, 2
31, 5, 1, 0, 2
31, 5, 1, 0, 2
31, 5, 1, 0, 2
32, 5, 0, 1, 2
32, 5, 0, 1, 2
32, 5, 0, 1, 2
32, 5, 0, 1, 2
32, 5, 0, 1, 2
32, 10, 1, 0, 3
32, 10, 1, 0, 3
32, 10, 1, 0, 3
32, 10, 1, 0, 3
32, 10, 1, 0, 3
32, 10, 1, 0, 3
32, 10, 1, 0, 3
32, 10, 1, 0, 3
32, 10, 1, 0, 3
32, 10, 1, 0, 3
33, 6, 0, 1, 2
33, 6, 0, 1, 2
33, 6, 0, 1, 2
33, 6, 0, 1, 2
33, 6, 0, 1, 2
33, 6, 0, 1, 2
33, 12, 1, 0, 3
33, 12, 1, 0, 3
33, 12, 1, 0, 3
33, 12, 1, 0, 3
33, 12, 1, 0, 3
33, 12, 1, 0, 3
33, 12, 1, 0, 3
33, 12, 1, 0, 3
33, 12, 1, 0, 3
33, 12, 1, 0, 3
33, 12, 1, 0, 3
33, 12, 1, 0, 3
34, 4, 0, 1, 2
34, 4, 0, 1, 2
34, 4, 0, 1, 2
34, 4, 0, 1, 2
34, 16, 1, 0, 3
34, 16, 1, 0, 3
34, 16, 1, 0, 3
34, 16, 1, 0, 3
34, 16, 1, 0, 3
34, 16, 1, 0, 3
34, 16, 1, 0, 3
34, 16, 1, 0, 3
34, 16, 1, 0, 4
34, 16, 1, 0, 4
34, 16, 1, 0, 4
34, 16, 1, 0, 4
34, 16, 1, 0, 4
34, 16, 1, 0, 4
34, 16, 1, 0, 4
34, 16, 1, 0, 4
35, 5, 0, 1, 2
35, 5, 0, 1, 2
35, 5, 0, 1, 2
35, 5, 0, 1, 2
35, 5, 0, 1, 2
35, 15, 1, 0, 3
35, 15, 1, 0, 3
35, 15, 1, 0, 3
35, 15, 1, 0, 3
35, 15, 1, 0, 3
35, 15, 1, 0, 3
35, 15, 1, 0, 3
35, 15, 1, 0, 3
35, 15, 1, 0, 3
35, 15, 1, 0, 3
35, 15, 1, 0, 4
35, 15, 1, 0, 4
35, 15, 1, 0, 4
35, 15, 1, 0, 4
35, 15, 1, 0, 4
36, 5, 0, 1, 2
36, 5, 0, 1, 2
36, 5, 0, 1, 2
36, 5, 0, 1, 2
36, 5, 0, 1, 2
36, 5, 1, 0, 2
36, 5, 1, 0, 2
36, 5, 1, 0, 2
36, 5, 1, 0, 2
36, 5, 1, 0, 2
37, 5, 0, 1, 2
37, 5, 0, 1, 2
37, 5, 0, 1, 2
37, 5, 0, 1, 2
37, 5, 0, 1, 2
37, 15, 1, 0, 3
37, 15, 1, 0, 3
37, 15, 1, 0, 3
37, 15, 1, 0, 3
37, 15, 1, 0, 3
37, 15, 1, 0, 3
37, 15, 1, 0, 3
37, 15, 1, 0, 3
37, 15, 1, 0, 3
37, 15, 1, 0, 3
37, 15, 1, 0, 3
37, 15, 1, 0, 3
37, 15, 1, 0, 3
37, 15, 1, 0, 3
37, 15, 1, 0, 3
38, 5, 0, 1, 2
38, 5, 0, 1, 2
38, 5, 0, 1, 2
38, 5, 0, 1, 2
38, 5, 0, 1, 2
38, 15, 1, 0, 3
38, 15, 1, 0, 3
38, 15, 1, 0, 3
38, 15, 1, 0, 3
38, 15, 1, 0, 3
38, 15, 1, 0, 3
38, 15, 1, 0, 3
38, 15, 1, 0, 3
38, 15, 1, 0, 3
38, 15, 1, 0, 3
38, 15, 1, 0, 3
38, 15, 1, 0, 3
38, 15, 1, 0, 3
38, 15, 1, 0, 3
38, 15, 1, 0, 3
39, 5, 0, 1, 2
39, 5, 0, 1, 2
39, 5, 0, 1, 2
39, 5, 0, 1, 2
39, 5, 0, 1, 2
39, 15, 1, 0, 3
39, 15, 1, 0, 3
39, 15, 1, 0, 3
39, 15, 1, 0, 3
39, 15, 1, 0, 3
39, 15, 1, 0, 3
39, 15, 1, 0, 3
39, 15, 1, 0, 3
39, 15, 1, 0, 3
39, 15, 1, 0, 3
39, 15, 1, 0, 3
39, 15, 1, 0, 3
39, 15, 1, 0, 3
39, 15, 1, 0, 3
39, 15, 1, 0, 3
40, 5, 0, 1, 2
40, 5, 0, 1, 2
40, 5, 0, 1, 2
40, 5, 0, 1, 2
40, 5, 0, 1, 2
40, 20, 1, 0, 3
40, 20, 1, 0, 3
40, 20, 1, 0, 3
40, 20, 1, 0, 3
40, 20, 1, 0, 3
40, 20, 1, 0, 3
40, 20, 1, 0, 3
40, 20, 1, 0, 3
40, 20, 1, 0, 3
40, 20, 1, 0, 3
40, 20, 1, 0, 4
40, 20, 1, 0, 4
40, 20, 1, 0, 4
40, 20, 1, 0, 4
40, 20, 1, 0, 4
40, 20, 1, 0, 4
40, 20, 1, 0, 4
40, 20, 1, 0, 4
40, 20, 1, 0, 4
40, 20, 1, 0, 4
41, 6, 0, 1, 2
41, 6, 0, 1, 2
41, 6, 0, 1, 2
41, 6, 0, 1, 2
41, 6, 0, 1, 2
41, 6, 0, 1, 2
41, 6, 1, 0, 2
41, 6, 1, 0, 2
41, 6, 1, 0, 2
41, 6, 1, 0, 2
41, 6, 1, 0, 2
41, 6, 1, 0, 2
42, 6, 0, 1, 2
42, 6, 0, 1, 2
42, 6, 0, 1, 2
42, 6, 0, 1, 2
42, 6, 0, 1, 2
42, 6, 0, 1, 2
42, 18, 1, 0, 3
42, 18, 1, 0, 3
42, 18, 1, 0, 3
42, 18, 1, 0, 3
42, 18, 1, 0, 3
42, 18, 1, 0, 3
42, 18, 1, 0, 3
42, 18, 1, 0, 3
42, 18, 1, 0, 3
42, 18, 1, 0, 3
42, 18, 1, 0, 3
42, 18, 1, 0, 3
42, 18, 1, 0, 3
42, 18, 1, 0, 3
42, 18, 1, 0, 3
42, 18, 1, 0, 3
42, 18, 1, 0, 3
42, 18, 1, 0, 3
43, 4, 0, 1, 2
43, 4, 0, 1, 2
43, 4, 0, 1, 2
43, 4, 0, 1, 2
43, 20, 1, 0, 3
43, 20, 1, 0, 3
43, 20, 1, 0, 3
43, 20, 1, 0, 3
43, 20, 1, 0, 3
43, 20, 1, 0, 3
43, 20, 1, 0, 3
43, 20, 1, 0, 3
43, 20, 1, 0, 3
43, 20, 1, 0, 3
43, 20, 1, 0, 3
43, 20, 1, 0, 3
43, 20, 1, 0, 4
43, 20, 1, 0, 4
43, 20, 1, 0, 4
43, 20, 1, 0, 4
43, 20, 1, 0, 4
43, 20, 1, 0, 4
43, 20, 1, 0, 4
43, 20, 1, 0, 4
44, 4, 0, 1, 2
44, 4, 0, 1, 2
44, 4, 0, 1, 2
44, 4, 0, 1, 2
44, 20, 1, 0, 3
44, 20, 1, 0, 3
44, 20, 1, 0, 3
44, 20, 1, 0, 3
44, 20, 1, 0, 3
44, 20, 1, 0, 3
44, 20, 1, 0, 3
44, 20, 1, 0, 3
44, 20, 1, 0, 3
44, 20, 1, 0, 3
44, 20, 1, 0, 3
44, 20, 1, 0, 3
44, 20, 1, 0, 4
44, 20, 1, 0, 4
44, 20, 1, 0, 4
44, 20, 1, 0, 4
44, 20, 1, 0, 4
44, 20, 1, 0, 4
44, 20, 1, 0, 4
44, 20, 1, 0, 4
45, 5, 0, 1, 2
45, 5, 0, 1, 2
45, 5, 0, 1, 2
45, 5, 0, 1, 2
45, 5, 0, 1, 2
45, 20, 1, 0, 3
45, 20, 1, 0, 3
45, 20, 1, 0, 3
45, 20, 1, 0, 3
45, 20, 1, 0, 3
45, 20, 1, 0, 3
45, 20, 1, 0, 3
45, 20, 1, 0, 3
45, 20, 1, 0, 3
45, 20, 1, 0, 3
45, 20, 1, 0, 3
45, 20, 1, 0, 3
45, 20, 1, 0, 3
45, 20, 1, 0, 3
45, 20, 1, 0, 3
45, 20, 1, 0, 4
45, 20, 1, 0, 4
45, 20, 1, 0, 4
45, 20, 1, 0, 4
45, 20, 1, 0, 4
46, 5, 0, 1, 2
46, 5, 0, 1, 2
46, 5, 0, 1, 2
46, 5, 0, 1, 2
46, 5, 0, 1, 2
46, 20, 1, 0, 3
46, 20, 1, 0, 3
46, 20, 1, 0, 3
46, 20, 1, 0, 3
46, 20, 1, 0, 3
46, 20, 1, 0, 3
46, 20, 1, 0, 3
46, 20, 1, 0, 3
46, 20, 1, 0, 3
46, 20, 1, 0, 3
46, 20, 1, 0, 3
46, 20, 1, 0, 3
46, 20, 1, 0, 3
46, 20, 1, 0, 3
46, 20, 1, 0, 3
46, 20, 1, 0, 4
46, 20, 1, 0, 4
46, 20, 1, 0, 4
46, 20, 1, 0, 4
46, 20, 1, 0, 4
47, 8, 0, 1, 2
47, 8, 0, 1, 2
47, 8, 0, 1, 2
47, 8, 0, 1, 2
47, 8, 0, 1, 2
47, 8, 0, 1, 2
47, 8, 0, 1, 2
47, 8, 0, 1, 2
47, 24, 1, 0, 3
47, 24, 1, 0, 3
47, 24, 1, 0, 3
47, 24, 1, 0, 3
47, 24, 1, 0, 3
47, 24, 1, 0, 3
47, 24, 1, 0, 3
47, 24, 1, 0, 3
47, 24, 1, 0, 3
47, 24, 1, 0, 3
47, 24, 1, 0, 3
47, 24, 1, 0, 3
47, 24, 1, 0, 3
47, 24, 1, 0, 3
47, 24, 1, 0, 3
47, 24, 1, 0, 3
47, 24, 1, 0, 4
47, 24, 1, 0, 4
47, 24, 1, 0, 4
47, 24, 1, 0, 4
47, 24, 1, 0, 4
47, 24, 1, 0, 4
47, 24, 1, 0, 4
47, 24, 1, 0, 4
48, 5, 0, 1, 2
48, 5, 0, 1, 2
48, 5, 0, 1, 2
48, 5, 0, 1, 2
48, 5, 0, 1, 2
48, 25, 1, 0, 3
48, 25, 1, 0, 3
48, 25, 1, 0, 3
48, 25, 1, 0, 3
48, 25, 1, 0, 3
48, 25, 1, 0, 3
48, 25, 1, 0, 3
48, 25, 1, 0, 3
48, 25, 1, 0, 3
48, 25, 1, 0, 3
48, 25, 1, 0, 3
48, 25, 1, 0, 3
48, 25, 1, 0, 3
48, 25, 1, 0, 3
48, 25, 1, 0, 3
48, 25, 1, 0, 4
48, 25, 1, 0, 4
48, 25, 1, 0, 4
48, 25, 1, 0, 4
48, 25, 1, 0, 4
48, 25, 1, 0, 4
48, 25, 1, 0, 4
48, 25, 1, 0, 4
48, 25, 1, 0, 4
48, 25, 1, 0, 4
49, 5, 0, 1, 2
49, 5, 0, 1, 2
49, 5, 0, 1, 2
49, 5, 0, 1, 2
49, 5, 0, 1, 2
49, 25, 1, 0, 3
49, 25, 1, 0, 3
49, 25, 1, 0, 3
49, 25, 1, 0, 3
49, 25, 1, 0, 3
49, 25, 1, 0, 3
49, 25, 1, 0, 3
49, 25, 1, 0, 3
49, 25, 1, 0, 3
49, 25, 1, 0, 3
49, 25, 1, 0, 3
49, 25, 1, 0, 3
49, 25, 1, 0, 3
49, 25, 1, 0, 3
49, 25, 1, 0, 3
49, 25, 1, 0, 4
49, 25, 1, 0, 4
49, 25, 1, 0, 4
49, 25, 1, 0, 4
49, 25, 1, 0, 4
49, 25, 1, 0, 4
49, 25, 1, 0, 4
49, 25, 1, 0, 4
49, 25, 1, 0, 4
49, 25, 1, 0, 4
50, 7, 0, 1, 2
50, 7, 0, 1, 2
50, 7, 0, 1, 2
50, 7, 0, 1, 2
50, 7, 0, 1, 2
50, 7, 0, 1, 2
50, 7, 0, 1, 2
50, 35, 1, 0, 3
50, 35, 1, 0, 3
50, 35, 1, 0, 3
50, 35, 1, 0, 3
50, 35, 1, 0, 3
50, 35, 1, 0, 3
50, 35, 1, 0, 3
50, 35, 1, 0, 3
50, 35, 1, 0, 3
50, 35, 1, 0, 3
50, 35, 1, 0, 3
50, 35, 1, 0, 3
50, 35, 1, 0, 3
50, 35, 1, 0, 3
50, 35, 1, 0, 4
50, 35, 1, 0, 4
50, 35, 1, 0, 4
50, 35, 1, 0, 4
50, 35, 1, 0, 4
50, 35, 1, 0, 4
50, 35, 1, 0, 4
50, 35, 1, 0, 4
50, 35, 1, 0, 4
50, 35, 1, 0, 4
50, 35, 1, 0, 4
50, 35, 1, 0, 4
50, 35, 1, 0, 4
50, 35, 1, 0, 4
50, 35, 1, 0, 4
50, 35, 1, 0, 4
50, 35, 1, 0, 4
50, 35, 1, 0, 4
50, 35, 1, 0, 4
50, 35, 1, 0, 4
50, 35, 1, 0, 4
51, 8, 0, 1, 2
51, 8, 0, 1, 2
51, 8, 0, 1, 2
51, 8, 0, 1, 2
51, 8, 0, 1, 2
51, 8, 0, 1, 2
51, 8, 0, 1, 2
51, 8, 0, 1, 2
51, 32, 1, 0, 3
51, 32, 1, 0, 3
51, 32, 1, 0, 3
51, 32, 1, 0, 3
51, 32, 1, 0, 3
51, 32, 1, 0, 3
51, 32, 1, 0, 3
51, 32, 1, 0, 3
51, 32, 1, 0, 3
51, 32, 1, 0, 3
51, 32, 1, 0, 3
51, 32, 1, 0, 3
51, 32, 1, 0, 3
51, 32, 1, 0, 3
51, 32, 1, 0, 3
51, 32, 1, 0, 3
51, 32, 1, 0, 3
51, 32, 1, 0, 3
51, 32, 1, 0, 3
51, 32, 1, 0, 3
51, 32, 1, 0, 3
51, 32, 1, 0, 3
51, 32, 1, 0, 3
51, 32, 1, 0, 3
51, 32, 1, 0, 4
51, 32, 1, 0, 4
51, 32, 1, 0, 4
51, 32, 1, 0, 4
51, 32, 1, 0, 4
51, 32, 1, 0, 4
51, 32, 1, 0, 4
51, 32, 1, 0, 4
52, 8, 0, 1, 2
52, 8, 0, 1, 2
52, 8, 0, 1, 2
52, 8, 0, 1, 2
52, 8, 0, 1, 2
52, 8, 0, 1, 2
52, 8, 0, 1, 2
52, 8, 0, 1, 2
52, 32, 1, 0, 3
52, 32, 1, 0, 3
52, 32, 1, 0, 3
52, 32, 1, 0, 3
52, 32, 1, 0, 3
52, 32, 1, 0, 3
52, 32, 1, 0, 3
52, 32, 1, 0, 3
52, 32, 1, 0, 3
52, 32, 1, 0, 3
52, 32, 1, 0, 3
52, 32, 1, 0, 3
52, 32, 1, 0, 3
52, 32, 1, 0, 3
52, 32, 1, 0, 3
52, 32, 1, 0, 3
52, 32, 1, 0, 3
52, 32, 1, 0, 3
52, 32, 1, 0, 3
52, 32, 1, 0, 3
52, 32, 1, 0, 3
52, 32, 1, 0, 3
52, 32, 1, 0, 3
52, 32, 1, 0, 3
52, 32, 1, 0, 4
52, 32, 1, 0, 4
52, 32, 1, 0, 4
52, 32, 1, 0, 4
52, 32, 1, 0, 4
52, 32, 1, 0, 4
52, 32, 1, 0, 4
52, 32, 1, 0, 4
53, 7, 0, 1, 2
53, 7, 0, 1, 2
53, 7, 0, 1, 2
53, 7, 0, 1, 2
53, 7, 0, 1, 2
53, 7, 0, 1, 2
53, 7, 0, 1, 2
53, 42, 1, 0, 3
53, 42, 1, 0, 3
53, 42, 1, 0, 3
53, 42, 1, 0, 3
53, 42, 1, 0, 3
53, 42, 1, 0, 3
53, 42, 1, 0, 3
53, 42, 1, 0, 3
53, 42, 1, 0, 3
53, 42, 1, 0, 3
53, 42, 1, 0, 3
53, 42, 1, 0, 3
53, 42, 1, 0, 3
53, 42, 1, 0, 3
53, 42, 1, 0, 3
53, 42, 1, 0, 3
53, 42, 1, 0, 3
53, 42, 1, 0, 3
53, 42, 1, 0, 3
53, 42, 1, 0, 3
53, 42, 1, 0, 3
53, 42, 1, 0, 4
53, 42, 1, 0, 4
53, 42, 1, 0, 4
53, 42, 1, 0, 4
53, 42, 1, 0, 4
53, 42, 1, 0, 4
53, 42, 1, 0, 4
53, 42, 1, 0, 4
53, 42, 1, 0, 4
53, 42, 1, 0, 4
53, 42, 1, 0, 4
53, 42, 1, 0, 4
53, 42, 1, 0, 4
53, 42, 1, 0, 4
53, 42, 1, 0, 4
53, 42, 1, 0, 4
53, 42, 1, 0, 4
53, 42, 1, 0, 4
53, 42, 1, 0, 4
53, 42, 1, 0, 4
53, 42, 1, 0, 4
54, 7, 0, 1, 2
54, 7, 0, 1, 2
54, 7, 0, 1, 2
54, 7, 0, 1, 2
54, 7, 0, 1, 2
54, 7, 0, 1, 2
54, 7, 0, 1, 2
54, 42, 1, 0, 3
54, 42, 1, 0, 3
54, 42, 1, 0, 3
54, 42, 1, 0, 3
54, 42, 1, 0, 3
54, 42, 1, 0, 3
54, 42, 1, 0, 3
54, 42, 1, 0, 3
54, 42, 1, 0, 3
54, 42, 1, 0, 3
54, 42, 1, 0, 3
54, 42, 1, 0, 3
54, 42, 1, 0, 3
54, 42, 1, 0, 3
54, 42, 1, 0, 3
54, 42, 1, 0, 3
54, 42, 1, 0, 3
54, 42, 1, 0, 3
54, 42, 1, 0, 3
54, 42, 1, 0, 3
54, 42, 1, 0, 3
54, 42, 1, 0, 4
54, 42, 1, 0, 4
54, 42, 1, 0, 4
54, 42, 1, 0, 4
54, 42, 1, 0, 4
54, 42, 1, 0, 4
54, 42, 1, 0, 4
54, 42, 1, 0, 4
54, 42, 1, 0, 4
54, 42, 1, 0, 4
54, 42, 1, 0, 4
54, 42, 1, 0, 4
54, 42, 1, 0, 4
54, 42, 1, 0, 4
54, 42, 1, 0, 4
54, 42, 1, 0, 4
54, 42, 1, 0, 4
54, 42, 1, 0, 4
54, 42, 1, 0, 4
54, 42, 1, 0, 4
54, 42, 1, 0, 4
55, 13, 0, 1, 2
55, 13, 0, 1, 2
55, 13, 0, 1, 2
55, 13, 0, 1, 2
55, 13, 0, 1, 2
55, 13, 0, 1, 2
55, 13, 0, 1, 2
55, 13, 0, 1, 2
55, 13, 0, 1, 2
55, 13, 0, 1, 2
55, 13, 0, 1, 2
55, 13, 0, 1, 2
55, 13, 0, 1, 2
55, 52, 1, 0, 3
55, 52, 1, 0, 3
55, 52, 1, 0, 3
55, 52, 1, 0, 3
55, 52, 1, 0, 3
55, 52, 1, 0, 3
55, 52, 1, 0, 3
55, 52, 1, 0, 3
55, 52, 1, 0, 3
55, 52, 1, 0, 3
55, 52, 1, 0, 3
55, 52, 1, 0, 3
55, 52, 1, 0, 3
55, 52, 1, 0, 3
55, 52, 1, 0, 3
55, 52, 1, 0, 3
55, 52, 1, 0, 3
55, 52, 1, 0, 3
55, 52, 1, 0, 3
55, 52, 1, 0, 3
55, 52, 1, 0, 3
55, 52, 1, 0, 3
55, 52, 1, 0, 3
55, 52, 1, 0, 3
55, 52, 1, 0, 3
55, 52, 1, 0, 3
55, 52, 1, 0, 3
55, 52, 1, 0, 3
55, 52, 1, 0, 3
55, 52, 1, 0, 3
55, 52, 1, 0, 3
55, 52, 1, 0, 3
55, 52, 1, 0, 3
55, 52, 1, 0, 3
55, 52, 1, 0, 3
55, 52, 1, 0, 3
55, 52, 1, 0, 3
55, 52, 1, 0, 3
55, 52, 1, 0, 3
55, 52, 1, 0, 3
55, 52, 1, 0, 3
55, 52, 1, 0, 3
55, 52, 1, 0, 3
55, 52, 1, 0, 3
55, 52, 1, 0, 3
55, 52, 1, 0, 3
55, 52, 1, 0, 3
55, 52, 1, 0, 3
55, 52, 1, 0, 3
55, 52, 1, 0, 3
55, 52, 1, 0, 3
55, 52, 1, 0, 3
56, 13, 0, 1, 2
56, 13, 0, 1, 2
56, 13, 0, 1, 2
56, 13, 0, 1, 2
56, 13, 0, 1, 2
56, 13, 0, 1, 2
56, 13, 0, 1, 2
56, 13, 0, 1, 2
56, 13, 0, 1, 2
56, 13, 0, 1, 2
56, 13, 0, 1, 2
56, 13, 0, 1, 2
56, 13, 0, 1, 2
56, 52, 1, 0, 3
56, 52, 1, 0, 3
56, 52, 1, 0, 3
56, 52, 1, 0, 3
56, 52, 1, 0, 3
56, 52, 1, 0, 3
56, 52, 1, 0, 3
56, 52, 1, 0, 3
56, 52, 1, 0, 3
56, 52, 1, 0, 3
56, 52, 1, 0, 3
56, 52, 1, 0, 3
56, 52, 1, 0, 3
56, 52, 1, 0, 3
56, 52, 1, 0, 3
56, 52, 1, 0, 3
56, 52, 1, 0, 3
56, 52, 1, 0, 3
56, 52, 1, 0, 3
56, 52, 1, 0, 3
56, 52, 1, 0, 3
56, 52, 1, 0, 3
56, 52, 1, 0, 3
56, 52, 1, 0, 3
56, 52, 1, 0, 3
56, 52, 1, 0, 3
56, 52, 1, 0, 3
56, 52, 1, 0, 3
56, 52, 1, 0, 3
56, 52, 1, 0, 3
56, 52, 1, 0, 3
56, 52, 1, 0, 3
56, 52, 1, 0, 3
56, 52, 1, 0, 3
56, 52, 1, 0, 3
56, 52, 1, 0, 3
56, 52, 1, 0, 3
56, 52, 1, 0, 3
56, 52, 1, 0, 3
56, 52, 1, 0, 3
56, 52, 1, 0, 3
56, 52, 1, 0, 3
56, 52, 1, 0, 3
56, 52, 1, 0, 3
56, 52, 1, 0, 3
56, 52, 1, 0, 3
56, 52, 1, 0, 3
56, 52, 1, 0, 3
56, 52, 1, 0, 3
56, 52, 1, 0, 3
56, 52, 1, 0, 3
56, 52, 1, 0, 3
57, 14, 0, 1, 2
57, 14, 0, 1, 2
57, 14, 0, 1, 2
57, 14, 0, 1, 2
57, 14, 0, 1, 2
57, 14, 0, 1, 2
57, 14, 0, 1, 2
57, 14, 0, 1, 2
57, 14, 0, 1, 2
57, 14, 0, 1, 2
57, 14, 0, 1, 2
57, 14, 0, 1, 2
57, 14, 0, 1, 2
57, 14, 0, 1, 2
57, 56, 1, 0, 3
57, 56, 1, 0, 3
57, 56, 1, 0, 3
57, 56, 1, 0, 3
57, 56, 1, 0, 3
57, 56, 1, 0, 3
57, 56, 1, 0, 3
57, 56, 1, 0, 3
57, 56, 1, 0, 3
57, 56, 1, 0, 3
57, 56, 1, 0, 3
57, 56, 1, 0, 3
57, 56, 1, 0, 3
57, 56, 1, 0, 3
57, 56, 1, 0, 3
57, 56, 1, 0, 3
57, 56, 1, 0, 3
57, 56, 1, 0, 3
57, 56, 1, 0, 3
57, 56, 1, 0, 3
57, 56, 1, 0, 3
57, 56, 1, 0, 3
57, 56, 1, 0, 3
57, 56, 1, 0, 3
57, 56, 1, 0, 3
57, 56, 1, 0, 3
57, 56, 1, 0, 3
57, 56, 1, 0, 3
57, 56, 1, 0, 3
57, 56, 1, 0, 3
57, 56, 1, 0, 3
57, 56, 1, 0, 3
57, 56, 1, 0, 3
57, 56, 1, 0, 3
57, 56, 1, 0, 3
57, 56, 1, 0, 3
57, 56, 1, 0, 3
57, 56, 1, 0, 3
57, 56, 1, 0, 3
57, 56, 1, 0, 3
57, 56, 1, 0, 3
57, 56, 1, 0, 3
57, 56, 1, 0, 3
57, 56, 1, 0, 3
57, 56, 1, 0, 3
57, 56, 1, 0, 3
57, 56, 1, 0, 3
57, 56, 1, 0, 3
57, 56, 1, 0, 3
57, 56, 1, 0, 3
57, 56, 1, 0, 3
57, 56, 1, 0, 3
57, 56, 1, 0, 3
57, 56, 1, 0, 3
57, 56, 1, 0, 3
57, 56, 1, 0, 3
58, 7, 0, 1, 2
58, 7, 0, 1, 2
58, 7, 0, 1, 2
58, 7, 0, 1, 2
58, 7, 0, 1, 2
58, 7, 0, 1, 2
58, 7, 0, 1, 2
58, 49, 1, 0, 3
58, 49, 1, 0, 3
58, 49, 1, 0, 3
58, 49, 1, 0, 3
58, 49, 1, 0, 3
58, 49, 1, 0, 3
58, 49, 1, 0, 3
58, 49, 1, 0, 3
58, 49, 1, 0, 3
58, 49, 1, 0, 3
58, 49, 1, 0, 3
58, 49, 1, 0, 3
58, 49, 1, 0, 3
58, 49, 1, 0, 3
58, 49, 1, 0, 4
58, 49, 1, 0, 4
58, 49, 1, 0, 4
58, 49, 1, 0, 4
58, 49, 1, 0, 4
58, 49, 1, 0, 4
58, 49, 1, 0, 4
58, 49, 1, 0, 4
58, 49, 1, 0, 4
58, 49, 1, 0, 4
58, 49, 1, 0, 4
58, 49, 1, 0, 4
58, 49, 1, 0, 4
58, 49, 1, 0, 4
58, 49, 1, 0, 4
58, 49, 1, 0, 4
58, 49, 1, 0, 4
58, 49, 1, 0, 4
58, 49, 1, 0, 4
58, 49, 1, 0, 4
58, 49, 1, 0, 4
58, 49, 1, 0, 4
58, 49, 1, 0, 4
58, 49, 1, 0, 4
58, 49, 1, 0, 4
58, 49, 1, 0, 4
58, 49, 1, 0, 4
58, 49, 1, 0, 4
58, 49, 1, 0, 4
58, 49, 1, 0, 4
58, 49, 1, 0, 4
58, 49, 1, 0, 4
58, 49, 1, 0, 4
58, 49, 1, 0, 4
58, 49, 1, 0, 4
59, 31, 0, 1, 3
59, 31, 0, 1, 3
59, 31, 0, 1, 4
59, 31, 0, 2, 3
59, 31, 0, 2, 3
59, 31, 0, 2, 3
59, 31, 0, 2, 3
59, 31, 0, 2, 4
59, 31, 0, 2, 4
59, 31, 0, 2, 4
59, 31, 0, 2, 4
59, 31, 0, 2, 4
59, 31, 0, 2, 4
59, 31, 0, 2, 4
59, 31, 0, 2, 4
59, 31, 0, 3, 3
59, 31, 0, 3, 3
59, 31, 0, 4, 2
59, 31, 0, 4, 3
59, 31, 0, 4, 3
59, 31, 0, 4, 3
59, 31, 0, 4, 3
59, 31, 0, 4, 3
59, 31, 0, 4, 3
59, 31, 0, 4, 4
59, 31, 0, 4, 4
59, 31, 0, 4, 4
59, 31, 0, 5, 3
59, 31, 0, 5, 3
59, 31, 0, 5, 4
59, 31, 0, 5, 4
59, 32, 1, 0, 2
59, 32, 1, 2, 3
59, 32, 1, 2, 3
59, 32, 1, 2, 4
59, 32, 1, 3, 3
59, 32, 1, 3, 3
59, 32, 1, 3, 3
59, 32, 1, 3, 3
59, 32, 1, 3, 4
59, 32, 1, 3, 4
59, 32, 1, 3, 4
59, 32, 1, 3, 4
59, 32, 1, 3, 4
59, 32, 1, 3, 4
59, 32, 1, 3, 4
59, 32, 1, 3, 4
59, 32, 1, 4, 3
59, 32, 1, 4, 3
59, 32, 1, 5, 2
59, 32, 1, 5, 3
59, 32, 1, 5, 3
59, 32, 1, 5, 3
59, 32, 1, 5, 3
59, 32, 1, 5, 3
59, 32, 1, 5, 3
59, 32, 1, 5, 4
59, 32, 1, 5, 4
59, 32, 1, 5, 4
59, 32, 1, 6, 3
59, 32, 1, 6, 3
59, 32, 1, 6, 4
59, 32, 1, 6, 4
59, 34, 2, 0, 2
59, 34, 2, 0, 2
59, 34, 2, 1, 2
59, 34, 2, 3, 3
59, 34, 2, 3, 3
59, 34, 2, 3, 4
59, 34, 2, 4, 3
59, 34, 2, 4, 3
59, 34, 2, 4, 3
59, 34, 2, 4, 3
59, 34, 2, 4, 4
59, 34, 2, 4, 4
59, 34, 2, 4, 4
59, 34, 2, 4, 4
59, 34, 2, 4, 4
59, 34, 2, 4, 4
59, 34, 2, 4, 4
59, 34, 2, 4, 4
59, 34, 2, 5, 3
59, 34, 2, 5, 3
59, 34, 2, 6, 2
59, 34, 2, 6, 3
59, 34, 2, 6, 3
59, 34, 2, 6, 3
59, 34, 2, 6, 3
59, 34, 2, 6, 3
59, 34, 2, 6, 3
59, 34, 2, 6, 4
59, 34, 2, 6, 4
59, 34, 2, 6, 4
59, 34, 2, 7, 3
59, 34, 2, 7, 3
59, 34, 2, 7, 4
59, 34, 2, 7, 4
59, 35, 3, 0, 2
59, 35, 3, 1, 2
59, 35, 3, 1, 2
59, 35, 3, 2, 2
59, 35, 3, 4, 3
59, 35, 3, 4, 3
59, 35, 3, 4, 4
59, 35, 3, 5, 3
59, 35, 3, 5, 3
59, 35, 3, 5, 3
59, 35, 3, 5, 3
59, 35, 3, 5, 4
59, 35, 3, 5, 4
59, 35, 3, 5, 4
59, 35, 3, 5, 4
59, 35, 3, 5, 4
59, 35, 3, 5, 4
59, 35, 3, 5, 4
59, 35, 3, 5, 4
59, 35, 3, 6, 3
59, 35, 3, 6, 3
59, 35, 3, 7, 2
59, 35, 3, 7, 3
59, 35, 3, 7, 3
59, 35, 3, 7, 3
59, 35, 3, 7, 3
59, 35, 3, 7, 3
59, 35, 3, 7, 3
59, 35, 3, 7, 4
59, 35, 3, 7, 4
59, 35, 3, 7, 4
59, 35, 3, 8, 3
59, 35, 3, 8, 3
59, 35, 3, 8, 4
59, 35, 3, 8, 4
59, 35, 4, 0, 2
59, 35, 4, 0, 2
59, 35, 4, 0, 2
59, 35, 4, 0, 2
59, 35, 4, 1, 2
59, 35, 4, 2, 2
59, 35, 4, 2, 2
59, 35, 4, 3, 2
59, 35, 4, 5, 3
59, 35, 4, 5, 3
59, 35, 4, 5, 4
59, 35, 4, 6, 3
59, 35, 4, 6, 3
59, 35, 4, 6, 3
59, 35, 4, 6, 3
59, 35, 4, 6, 4
59, 35, 4, 6, 4
59, 35, 4, 6, 4
59, 35, 4, 6, 4
59, 35, 4, 6, 4
59, 35, 4, 6, 4
59, 35, 4, 6, 4
59, 35, 4, 6, 4
59, 35, 4, 7, 3
59, 35, 4, 7, 3
59, 35, 4, 8, 2
59, 35, 4, 8, 3
59, 35, 4, 8, 3
59, 35, 4, 8, 3
59, 35, 4, 8, 3
59, 35, 4, 8, 3
59, 35, 4, 8, 3
59, 35, 4, 8, 4
59, 35, 4, 8, 4
59, 35, 4, 8, 4
59, 26, 5, 0, 2
59, 26, 5, 1, 2
59, 26, 5, 1, 2
59, 26, 5, 1, 2
59, 26, 5, 1, 2
59, 26, 5, 2, 2
59, 26, 5, 3, 2
59, 26, 5, 3, 2
59, 26, 5, 4, 2
59, 26, 5, 6, 3
59, 26, 5, 6, 3
59, 26, 5, 6, 4
59, 26, 5, 7, 3
59, 26, 5, 7, 3
59, 26, 5, 7, 3
59, 26, 5, 7, 3
59, 26, 5, 7, 4
59, 26, 5, 7, 4
59, 26, 5, 7, 4
59, 26, 5, 7, 4
59, 26, 5, 7, 4
59, 26, 5, 7, 4
59, 26, 5, 7, 4
59, 26, 5, 7, 4
59, 26, 5, 8, 3
59, 26, 5, 8, 3
59, 24, 6, 1, 2
59, 24, 6, 2, 2
59, 24, 6, 2, 2
59, 24, 6, 2, 2
59, 24, 6, 2, 2
59, 24, 6, 3, 2
59, 24, 6, 4, 2
59, 24, 6, 4, 2
59, 24, 6, 5, 2
59, 24, 6, 7, 3
59, 24, 6, 7, 3
59, 24, 6, 7, 4
59, 24, 6, 8, 3
59, 24, 6, 8, 3
59, 24, 6, 8, 3
59, 24, 6, 8, 3
59, 24, 6, 8, 4
59, 24, 6, 8, 4
59, 24, 6, 8, 4
59, 24, 6, 8, 4
59, 24, 6, 8, 4
59, 24, 6, 8, 4
59, 24, 6, 8, 4
59, 24, 6, 8, 4
59, 12, 7, 2, 2
59, 12, 7, 3, 2
59, 12, 7, 3, 2
59, 12, 7, 3, 2
59, 12, 7, 3, 2
59, 12, 7, 4, 2
59, 12, 7, 5, 2
59, 12, 7, 5, 2
59, 12, 7, 6, 2
59, 12, 7, 8, 3
59, 12, 7, 8, 3
59, 12, 7, 8, 4
59, 9, 8, 3, 2
59, 9, 8, 4, 2
59, 9, 8, 4, 2
59, 9, 8, 4, 2
59, 9, 8, 4, 2
59, 9, 8, 5, 2
59, 9, 8, 6, 2
59, 9, 8, 6, 2
59, 9, 8, 7, 2
60, 13, 0, 1, 2
60, 13, 0, 1, 2
60, 13, 0, 1, 2
60, 13, 0, 1, 2
60, 13, 0, 1, 2
60, 13, 0, 1, 2
60, 13, 0, 1, 2
60, 13, 0, 1, 2
60, 13, 0, 1, 2
60, 13, 0, 1, 2
60, 13, 0, 1, 2
60, 13, 0, 1, 2
60, 13, 0, 1, 2
60, 65, 1, 0, 3
60, 65, 1, 0, 3
60, 65, 1, 0, 3
60, 65, 1, 0, 3
60, 65, 1, 0, 3
60, 65, 1, 0, 3
60, 65, 1, 0, 3
60, 65, 1, 0, 3
60, 65, 1, 0, 3
60, 65, 1, 0, 3
60, 65, 1, 0, 3
60, 65, 1, 0, 3
60, 65, 1, 0, 3
60, 65, 1, 0, 3
60, 65, 1, 0, 3
60, 65, 1, 0, 3
60, 65, 1, 0, 3
60, 65, 1, 0, 3
60, 65, 1, 0, 3
60, 65, 1, 0, 3
60, 65, 1, 0, 3
60, 65, 1, 0, 3
60, 65, 1, 0, 3
60, 65, 1, 0, 3
60, 65, 1, 0, 3
60, 65, 1, 0, 3
60, 65, 1, 0, 3
60, 65, 1, 0, 3
60, 65, 1, 0, 3
60, 65, 1, 0, 3
60, 65, 1, 0, 3
60, 65, 1, 0, 3
60, 65, 1, 0, 3
60, 65, 1, 0, 3
60, 65, 1, 0, 3
60, 65, 1, 0, 3
60, 65, 1, 0, 3
60, 65, 1, 0, 3
60, 65, 1, 0, 3
60, 65, 1, 0, 3
60, 65, 1, 0, 3
60, 65, 1, 0, 3
60, 65, 1, 0, 3
60, 65, 1, 0, 3
60, 65, 1, 0, 3
60, 65, 1, 0, 3
60, 65, 1, 0, 3
60, 65, 1, 0, 3
60, 65, 1, 0, 3
60, 65, 1, 0, 3
60, 65, 1, 0, 3
60, 65, 1, 0, 3
60, 65, 1, 0, 4
60, 65, 1, 0, 4
60, 65, 1, 0, 4
60, 65, 1, 0, 4
60, 65, 1, 0, 4
60, 65, 1, 0, 4
60, 65, 1, 0, 4
60, 65, 1, 0, 4
60, 65, 1, 0, 4
60, 65, 1, 0, 4
60, 65, 1, 0, 4
60, 65, 1, 0, 4
60, 65, 1, 0, 4
61, 7, 0, 1, 2
61, 7, 0, 1, 2
61, 7, 0, 1, 2
61, 7, 0, 1, 2
61, 7, 0, 1, 2
61, 7, 0, 1, 2
61, 7, 0, 1, 2
61, 56, 1, 0, 3
61, 56, 1, 0, 3
61, 56, 1, 0, 3
61, 56, 1, 0, 3
61, 56, 1, 0, 3
61, 56, 1, 0, 3
61, 56, 1, 0, 3
61, 56, 1, 0, 3
61, 56, 1, 0, 3
61, 56, 1, 0, 3
61, 56, 1, 0, 3
61, 56, 1, 0, 3
61, 56, 1, 0, 3
61, 56, 1, 0, 3
61, 56, 1, 0, 3
61, 56, 1, 0, 3
61, 56, 1, 0, 3
61, 56, 1, 0, 3
61, 56, 1, 0, 3
61, 56, 1, 0, 3
61, 56, 1, 0, 3
61, 56, 1, 0, 4
61, 56, 1, 0, 4
61, 56, 1, 0, 4
61, 56, 1, 0, 4
61, 56, 1, 0, 4
61, 56, 1, 0, 4
61, 56, 1, 0, 4
61, 56, 1, 0, 4
61, 56, 1, 0, 4
61, 56, 1, 0, 4
61, 56, 1, 0, 4
61, 56, 1, 0, 4
61, 56, 1, 0, 4
61, 56, 1, 0, 4
61, 56, 1, 0, 4
61, 56, 1, 0, 4
61, 56, 1, 0, 4
61, 56, 1, 0, 4
61, 56, 1, 0, 4
61, 56, 1, 0, 4
61, 56, 1, 0, 4
61, 56, 1, 0, 4
61, 56, 1, 0, 4
61, 56, 1, 0, 4
61, 56, 1, 0, 4
61, 56, 1, 0, 4
61, 56, 1, 0, 4
61, 56, 1, 0, 4
61, 56, 1, 0, 4
61, 56, 1, 0, 4
61, 56, 1, 0, 4
61, 56, 1, 0, 4
61, 56, 1, 0, 4
61, 56, 1, 0, 4
61, 56, 1, 0, 4
62, 39, 0, 1, 3
62, 39, 0, 1, 3
62, 39, 0, 1, 3
62, 39, 0, 1, 4
62, 39, 0, 2, 3
62, 39, 0, 2, 3
62, 39, 0, 2, 3
62, 39, 0, 2, 3
62, 39, 0, 2, 3
62, 39, 0, 2, 3
62, 39, 0, 2, 4
62, 39, 0, 2, 4
62, 39, 0, 2, 4
62, 39, 0, 2, 4
62, 39, 0, 2, 4
62, 39, 0, 2, 4
62, 39, 0, 2, 4
62, 39, 0, 2, 4
62, 39, 0, 3, 3
62, 39, 0, 3, 3
62, 39, 0, 3, 3
62, 39, 0, 4, 2
62, 39, 0, 4, 3
62, 39, 0, 4, 3
62, 39, 0, 4, 3
62, 39, 0, 4, 3
62, 39, 0, 4, 3
62, 39, 0, 4, 3
62, 39, 0, 4, 3
62, 39, 0, 4, 3
62, 39, 0, 4, 3
62, 39, 0, 4, 4
62, 39, 0, 4, 4
62, 39, 0, 4, 4
62, 39, 0, 5, 3
62, 39, 0, 5, 3
62, 39, 0, 5, 3
62, 39, 0, 5, 4
62, 39, 0, 5, 4
62, 40, 1, 0, 2
62, 40, 1, 2, 3
62, 40, 1, 2, 3
62, 40, 1, 2, 3
62, 40, 1, 2, 4
62, 40, 1, 3, 3
62, 40, 1, 3, 3
62, 40, 1, 3, 3
62, 40, 1, 3, 3
62, 40, 1, 3, 3
62, 40, 1, 3, 3
62, 40, 1, 3, 4
62, 40, 1, 3, 4
62, 40, 1, 3, 4
62, 40, 1, 3, 4
62, 40, 1, 3, 4
62, 40, 1, 3, 4
62, 40, 1, 3, 4
62, 40, 1, 3, 4
62, 40, 1, 4, 3
62, 40, 1, 4, 3
62, 40, 1, 4, 3
62, 40, 1, 5, 2
62, 40, 1, 5, 3
62, 40, 1, 5, 3
62, 40, 1, 5, 3
62, 40, 1, 5, 3
62, 40, 1, 5, 3
62, 40, 1, 5, 3
62, 40, 1, 5, 3
62, 40, 1, 5, 3
62, 40, 1, 5, 3
62, 40, 1, 5, 4
62, 40, 1, 5, 4
62, 40, 1, 5, 4
62, 40, 1, 6, 3
62, 40, 1, 6, 3
62, 40, 1, 6, 3
62, 40, 1, 6, 4
62, 40, 1, 6, 4
62, 42, 2, 0, 2
62, 42, 2, 0, 2
62, 42, 2, 1, 2
62, 42, 2, 3, 3
62, 42, 2, 3, 3
62, 42, 2, 3, 3
62, 42, 2, 3, 4
62, 42, 2, 4, 3
62, 42, 2, 4, 3
62, 42, 2, 4, 3
62, 42, 2, 4, 3
62, 42, 2, 4, 3
62, 42, 2, 4, 3
62, 42, 2, 4, 4
62, 42, 2, 4, 4
62, 42, 2, 4, 4
62, 42, 2, 4, 4
62, 42, 2, 4, 4
62, 42, 2, 4, 4
62, 42, 2, 4, 4
62, 42, 2, 4, 4
62, 42, 2, 5, 3
62, 42, 2, 5, 3
62, 42, 2, 5, 3
62, 42, 2, 6, 2
62, 42, 2, 6, 3
62, 42, 2, 6, 3
62, 42, 2, 6, 3
62, 42, 2, 6, 3
62, 42, 2, 6, 3
62, 42, 2, 6, 3
62, 42, 2, 6, 3
62, 42, 2, 6, 3
62, 42, 2, 6, 3
62, 42, 2, 6, 4
62, 42, 2, 6, 4
62, 42, 2, 6, 4
62, 42, 2, 7, 3
62, 42, 2, 7, 3
62, 42, 2, 7, 3
62, 42, 2, 7, 4
62, 42, 2, 7, 4
62, 43, 3, 0, 2
62, 43, 3, 1, 2
62, 43, 3, 1, 2
62, 43, 3, 2, 2
62, 43, 3, 4, 3
62, 43, 3, 4, 3
62, 43, 3, 4, 3
62, 43, 3, 4, 4
62, 43, 3, 5, 3
62, 43, 3, 5, 3
62, 43, 3, 5, 3
62, 43, 3, 5, 3
62, 43, 3, 5, 3
62, 43, 3, 5, 3
62, 43, 3, 5, 4
62, 43, 3, 5, 4
62, 43, 3, 5, 4
62, 43, 3, 5, 4
62, 43, 3, 5, 4
62, 43, 3, 5, 4
62, 43, 3, 5, 4
62, 43, 3, 5, 4
62, 43, 3, 6, 3
62, 43, 3, 6, 3
62, 43, 3, 6, 3
62, 43, 3, 7, 2
62, 43, 3, 7, 3
62, 43, 3, 7, 3
62, 43, 3, 7, 3
62, 43, 3, 7, 3
62, 43, 3, 7, 3
62, 43, 3, 7, 3
62, 43, 3, 7, 3
62, 43, 3, 7, 3
62, 43, 3, 7, 3
62, 43, 3, 7, 4
62, 43, 3, 7, 4
62, 43, 3, 7, 4
62, 43, 3, 8, 3
62, 43, 3, 8, 3
62, 43, 3, 8, 3
62, 43, 3, 8, 4
62, 43, 3, 8, 4
62, 42, 4, 0, 2
62, 42, 4, 0, 2
62, 42, 4, 0, 2
62, 42, 4, 0, 2
62, 42, 4, 1, 2
62, 42, 4, 2, 2
62, 42, 4, 2, 2
62, 42, 4, 3, 2
62, 42, 4, 5, 3
62, 42, 4, 5, 3
62, 42, 4, 5, 3
62, 42, 4, 5, 4
62, 42, 4, 6, 3
62, 42, 4, 6, 3
62, 42, 4, 6, 3
62, 42, 4, 6, 3
62, 42, 4, 6, 3
62, 42, 4, 6, 3
62, 42, 4, 6, 4
62, 42, 4, 6, 4
62, 42, 4, 6, 4
62, 42, 4, 6, 4
62, 42, 4, 6, 4
62, 42, 4, 6, 4
62, 42, 4, 6, 4
62, 42, 4, 6, 4
62, 42, 4, 7, 3
62, 42, 4, 7, 3
62, 42, 4, 7, 3
62, 42, 4, 8, 2
62, 42, 4, 8, 3
62, 42, 4, 8, 3
62, 42, 4, 8, 3
62, 42, 4, 8, 3
62, 42, 4, 8, 3
62, 42, 4, 8, 3
62, 42, 4, 8, 3
62, 42, 4, 8, 3
62, 42, 4, 8, 3
62, 42, 4, 8, 4
62, 42, 4, 8, 4
62, 42, 4, 8, 4
62, 30, 5, 0, 2
62, 30, 5, 1, 2
62, 30, 5, 1, 2
62, 30, 5, 1, 2
62, 30, 5, 1, 2
62, 30, 5, 2, 2
62, 30, 5, 3, 2
62, 30, 5, 3, 2
62, 30, 5, 4, 2
62, 30, 5, 6, 3
62, 30, 5, 6, 3
62, 30, 5, 6, 3
62, 30, 5, 6, 4
62, 30, 5, 7, 3
62, 30, 5, 7, 3
62, 30, 5, 7, 3
62, 30, 5, 7, 3
62, 30, 5, 7, 3
62, 30, 5, 7, 3
62, 30, 5, 7, 4
62, 30, 5, 7, 4
62, 30, 5, 7, 4
62, 30, 5, 7, 4
62, 30, 5, 7, 4
62, 30, 5, 7, 4
62, 30, 5, 7, 4
62, 30, 5, 7, 4
62, 30, 5, 8, 3
62, 30, 5, 8, 3
62, 30, 5, 8, 3
62, 27, 6, 1, 2
62, 27, 6, 2, 2
62, 27, 6, 2, 2
62, 27, 6, 2, 2
62, 27, 6, 2, 2
62, 27, 6, 3, 2
62, 27, 6, 4, 2
62, 27, 6, 4, 2
62, 27, 6, 5, 2
62, 27, 6, 7, 3
62, 27, 6, 7, 3
62, 27, 6, 7, 3
62, 27, 6, 7, 4
62, 27, 6, 8, 3
62, 27, 6, 8, 3
62, 27, 6, 8, 3
62, 27, 6, 8, 3
62, 27, 6, 8, 3
62, 27, 6, 8, 3
62, 27, 6, 8, 4
62, 27, 6, 8, 4
62, 27, 6, 8, 4
62, 27, 6, 8, 4
62, 27, 6, 8, 4
62, 27, 6, 8, 4
62, 27, 6, 8, 4
62, 27, 6, 8, 4
62, 13, 7, 2, 2
62, 13, 7, 3, 2
62, 13, 7, 3, 2
62, 13, 7, 3, 2
62, 13, 7, 3, 2
62, 13, 7, 4, 2
62, 13, 7, 5, 2
62, 13, 7, 5, 2
62, 13, 7, 6, 2
62, 13, 7, 8, 3
62, 13, 7, 8, 3
62, 13, 7, 8, 3
62, 13, 7, 8, 4
62, 9, 8, 3, 2
62, 9, 8, 4, 2
62, 9, 8, 4, 2
62, 9, 8, 4, 2
62, 9, 8, 4, 2
62, 9, 8, 5, 2
62, 9, 8, 6, 2
62, 9, 8, 6, 2
62, 9, 8, 7, 2
63, 12, 0, 1, 2
63, 12, 0, 1, 2
63, 12, 0, 1, 2
63, 12, 0, 1, 2
63, 12, 0, 1, 2
63, 12, 0, 1, 2
63, 12, 0, 1, 2
63, 12, 0, 1, 2
63, 12, 0, 1, 2
63, 12, 0, 1, 2
63, 12, 0, 1, 2
63, 12, 0, 1, 2
63, 72, 1, 0, 3
63, 72, 1, 0, 3
63, 72, 1, 0, 3
63, 72, 1, 0, 3
63, 72, 1, 0, 3
63, 72, 1, 0, 3
63, 72, 1, 0, 3
63, 72, 1, 0, 3
63, 72, 1, 0, 3
63, 72, 1, 0, 3
63, 72, 1, 0, 3
63, 72, 1, 0, 3
63, 72, 1, 0, 3
63, 72, 1, 0, 3
63, 72, 1, 0, 3
63, 72, 1, 0, 3
63, 72, 1, 0, 3
63, 72, 1, 0, 3
63, 72, 1, 0, 3
63, 72, 1, 0, 3
63, 72, 1, 0, 3
63, 72, 1, 0, 3
63, 72, 1, 0, 3
63, 72, 1, 0, 3
63, 72, 1, 0, 3
63, 72, 1, 0, 3
63, 72, 1, 0, 3
63, 72, 1, 0, 3
63, 72, 1, 0, 3
63, 72, 1, 0, 3
63, 72, 1, 0, 3
63, 72, 1, 0, 3
63, 72, 1, 0, 3
63, 72, 1, 0, 3
63, 72, 1, 0, 3
63, 72, 1, 0, 3
63, 72, 1, 0, 3
63, 72, 1, 0, 3
63, 72, 1, 0, 3
63, 72, 1, 0, 3
63, 72, 1, 0, 3
63, 72, 1, 0, 3
63, 72, 1, 0, 3
63, 72, 1, 0, 3
63, 72, 1, 0, 3
63, 72, 1, 0, 3
63, 72, 1, 0, 3
63, 72, 1, 0, 3
63, 72, 1, 0, 4
63, 72, 1, 0, 4
63, 72, 1, 0, 4
63, 72, 1, 0, 4
63, 72, 1, 0, 4
63, 72, 1, 0, 4
63, 72, 1, 0, 4
63, 72, 1, 0, 4
63, 72, 1, 0, 4
63, 72, 1, 0, 4
63, 72, 1, 0, 4
63, 72, 1, 0, 4
63, 72, 1, 0, 4
63, 72, 1, 0, 4
63, 72, 1, 0, 4
63, 72, 1, 0, 4
63, 72, 1, 0, 4
63, 72, 1, 0, 4
63, 72, 1, 0, 4
63, 72, 1, 0, 4
63, 72, 1, 0, 4
63, 72, 1, 0, 4
63, 72, 1, 0, 4
63, 72, 1, 0, 4
64, 7, 0, 1, 2
64, 7, 0, 1, 2
64, 7, 0, 1, 2
64, 7, 0, 1, 2
64, 7, 0, 1, 2
64, 7, 0, 1, 2
64, 7, 0, 1, 2
64, 56, 1, 0, 3
64, 56, 1, 0, 3
64, 56, 1, 0, 3
64, 56, 1, 0, 3
64, 56, 1, 0, 3
64, 56, 1, 0, 3
64, 56, 1, 0, 3
64, 56, 1, 0, 3
64, 56, 1, 0, 3
64, 56, 1, 0, 3
64, 56, 1, 0, 3
64, 56, 1, 0, 3
64, 56, 1, 0, 3
64, 56, 1, 0, 3
64, 56, 1, 0, 3
64, 56, 1, 0, 3
64, 56, 1, 0, 3
64, 56, 1, 0, 3
64, 56, 1, 0, 3
64, 56, 1, 0, 3
64, 56, 1, 0, 3
64, 56, 1, 0, 4
64, 56, 1, 0, 4
64, 56, 1, 0, 4
64, 56, 1, 0, 4
64, 56, 1, 0, 4
64, 56, 1, 0, 4
64, 56, 1, 0, 4
64, 56, 1, 0, 4
64, 56, 1, 0, 4
64, 56, 1, 0, 4
64, 56, 1, 0, 4
64, 56, 1, 0, 4
64, 56, 1, 0, 4
64, 56, 1, 0, 4
64, 56, 1, 0, 4
64, 56, 1, 0, 4
64, 56, 1, 0, 4
64, 56, 1, 0, 4
64, 56, 1, 0, 4
64, 56, 1, 0, 4
64, 56, 1, 0, 4
64, 56, 1, 0, 4
64, 56, 1, 0, 4
64, 56, 1, 0, 4
64, 56, 1, 0, 4
64, 56, 1, 0, 4
64, 56, 1, 0, 4
64, 56, 1, 0, 4
64, 56, 1, 0, 4
64, 56, 1, 0, 4
64, 56, 1, 0, 4
64, 56, 1, 0, 4
64, 56, 1, 0, 4
64, 56, 1, 0, 4
64, 56, 1, 0, 4
65, 39, 0, 1, 3
65, 39, 0, 1, 3
65, 39, 0, 1, 3
65, 39, 0, 1, 4
65, 39, 0, 2, 3
65, 39, 0, 2, 3
65, 39, 0, 2, 3
65, 39, 0, 2, 3
65, 39, 0, 2, 3
65, 39, 0, 2, 3
65, 39, 0, 2, 4
65, 39, 0, 2, 4
65, 39, 0, 2, 4
65, 39, 0, 2, 4
65, 39, 0, 2, 4
65, 39, 0, 2, 4
65, 39, 0, 2, 4
65, 39, 0, 2, 4
65, 39, 0, 3, 2
65, 39, 0, 4, 3
65, 39, 0, 4, 3
65, 39, 0, 4, 3
65, 39, 0, 4, 3
65, 39, 0, 4, 3
65, 39, 0, 4, 3
65, 39, 0, 4, 3
65, 39, 0, 4, 3
65, 39, 0, 4, 3
65, 39, 0, 4, 3
65, 39, 0, 4, 3
65, 39, 0, 4, 3
65, 39, 0, 4, 4
65, 39, 0, 4, 4
65, 39, 0, 4, 4
65, 39, 0, 5, 3
65, 39, 0, 5, 3
65, 39, 0, 5, 3
65, 39, 0, 5, 4
65, 39, 0, 5, 4
65, 40, 1, 0, 2
65, 40, 1, 2, 3
65, 40, 1, 2, 3
65, 40, 1, 2, 3
65, 40, 1, 2, 4
65, 40, 1, 3, 3
65, 40, 1, 3, 3
65, 40, 1, 3, 3
65, 40, 1, 3, 3
65, 40, 1, 3, 3
65, 40, 1, 3, 3
65, 40, 1, 3, 4
65, 40, 1, 3, 4
65, 40, 1, 3, 4
65, 40, 1, 3, 4
65, 40, 1, 3, 4
65, 40, 1, 3, 4
65, 40, 1, 3, 4
65, 40, 1, 3, 4
65, 40, 1, 4, 2
65, 40, 1, 5, 3
65, 40, 1, 5, 3
65, 40, 1, 5, 3
65, 40, 1, 5, 3
65, 40, 1, 5, 3
65, 40, 1, 5, 3
65, 40, 1, 5, 3
65, 40, 1, 5, 3
65, 40, 1, 5, 3
65, 40, 1, 5, 3
65, 40, 1, 5, 3
65, 40, 1, 5, 3
65, 40, 1, 5, 4
65, 40, 1, 5, 4
65, 40, 1, 5, 4
65, 40, 1, 6, 3
65, 40, 1, 6, 3
65, 40, 1, 6, 3
65, 40, 1, 6, 4
65, 40, 1, 6, 4
65, 42, 2, 0, 2
65, 42, 2, 0, 2
65, 42, 2, 1, 2
65, 42, 2, 3, 3
65, 42, 2, 3, 3
65, 42, 2, 3, 3
65, 42, 2, 3, 4
65, 42, 2, 4, 3
65, 42, 2, 4, 3
65, 42, 2, 4, 3
65, 42, 2, 4, 3
65, 42, 2, 4, 3
65, 42, 2, 4, 3
65, 42, 2, 4, 4
65, 42, 2, 4, 4
65, 42, 2, 4, 4
65, 42, 2, 4, 4
65, 42, 2, 4, 4
65, 42, 2, 4, 4
65, 42, 2, 4, 4
65, 42, 2, 4, 4
65, 42, 2, 5, 2
65, 42, 2, 6, 3
65, 42, 2, 6, 3
65, 42, 2, 6, 3
65, 42, 2, 6, 3
65, 42, 2, 6, 3
65, 42, 2, 6, 3
65, 42, 2, 6, 3
65, 42, 2, 6, 3
65, 42, 2, 6, 3
65, 42, 2, 6, 3
65, 42, 2, 6, 3
65, 42, 2, 6, 3
65, 42, 2, 6, 4
65, 42, 2, 6, 4
65, 42, 2, 6, 4
65, 42, 2, 7, 3
65, 42, 2, 7, 3
65, 42, 2, 7, 3
65, 42, 2, 7, 4
65, 42, 2, 7, 4
65, 43, 3, 0, 2
65, 43, 3, 1, 2
65, 43, 3, 1, 2
65, 43, 3, 2, 2
65, 43, 3, 4, 3
65, 43, 3, 4, 3
65, 43, 3, 4, 3
65, 43, 3, 4, 4
65, 43, 3, 5, 3
65, 43, 3, 5, 3
65, 43, 3, 5, 3
65, 43, 3, 5, 3
65, 43, 3, 5, 3
65, 43, 3, 5, 3
65, 43, 3, 5, 4
65, 43, 3, 5, 4
65, 43, 3, 5, 4
65, 43, 3, 5, 4
65, 43, 3, 5, 4
65, 43, 3, 5, 4
65, 43, 3, 5, 4
65, 43, 3, 5, 4
65, 43, 3, 6, 2
65, 43, 3, 7, 3
65, 43, 3, 7, 3
65, 43, 3, 7, 3
65, 43, 3, 7, 3
65, 43, 3, 7, 3
65, 43, 3, 7, 3
65, 43, 3, 7, 3
65, 43, 3, 7, 3
65, 43, 3, 7, 3
65, 43, 3, 7, 3
65, 43, 3, 7, 3
65, 43, 3, 7, 3
65, 43, 3, 7, 4
65, 43, 3, 7, 4
65, 43, 3, 7, 4
65, 43, 3, 8, 3
65, 43, 3, 8, 3
65, 43, 3, 8, 3
65, 43, 3, 8, 4
65, 43, 3, 8, 4
65, 42, 4, 0, 2
65, 42, 4, 0, 2
65, 42, 4, 0, 2
65, 42, 4, 0, 2
65, 42, 4, 1, 2
65, 42, 4, 2, 2
65, 42, 4, 2, 2
65, 42, 4, 3, 2
65, 42, 4, 5, 3
65, 42, 4, 5, 3
65, 42, 4, 5, 3
65, 42, 4, 5, 4
65, 42, 4, 6, 3
65, 42, 4, 6, 3
65, 42, 4, 6, 3
65, 42, 4, 6, 3
65, 42, 4, 6, 3
65, 42, 4, 6, 3
65, 42, 4, 6, 4
65, 42, 4, 6, 4
65, 42, 4, 6, 4
65, 42, 4, 6, 4
65, 42, 4, 6, 4
65, 42, 4, 6, 4
65, 42, 4, 6, 4
65, 42, 4, 6, 4
65, 42, 4, 7, 2
65, 42, 4, 8, 3
65, 42, 4, 8, 3
65, 42, 4, 8, 3
65, 42, 4, 8, 3
65, 42, 4, 8, 3
65, 42, 4, 8, 3
65, 42, 4, 8, 3
65, 42, 4, 8, 3
65, 42, 4, 8, 3
65, 42, 4, 8, 3
65, 42, 4, 8, 3
65, 42, 4, 8, 3
65, 42, 4, 8, 4
65, 42, 4, 8, 4
65, 42, 4, 8, 4
65, 28, 5, 0, 2
65, 28, 5, 1, 2
65, 28, 5, 1, 2
65, 28, 5, 1, 2
65, 28, 5, 1, 2
65, 28, 5, 2, 2
65, 28, 5, 3, 2
65, 28, 5, 3, 2
65, 28, 5, 4, 2
65, 28, 5, 6, 3
65, 28, 5, 6, 3
65, 28, 5, 6, 3
65, 28, 5, 6, 4
65, 28, 5, 7, 3
65, 28, 5, 7, 3
65, 28, 5, 7, 3
65, 28, 5, 7, 3
65, 28, 5, 7, 3
65, 28, 5, 7, 3
65, 28, 5, 7, 4
65, 28, 5, 7, 4
65, 28, 5, 7, 4
65, 28, 5, 7, 4
65, 28, 5, 7, 4
65, 28, 5, 7, 4
65, 28, 5, 7, 4
65, 28, 5, 7, 4
65, 28, 5, 8, 2
65, 27, 6, 1, 2
65, 27, 6, 2, 2
65, 27, 6, 2, 2
65, 27, 6, 2, 2
65, 27, 6, 2, 2
65, 27, 6, 3, 2
65, 27, 6, 4, 2
65, 27, 6, 4, 2
65, 27, 6, 5, 2
65, 27, 6, 7, 3
65, 27, 6, 7, 3
65, 27, 6, 7, 3
65, 27, 6, 7, 4
65, 27, 6, 8, 3
65, 27, 6, 8, 3
65, 27, 6, 8, 3
65, 27, 6, 8, 3
65, 27, 6, 8, 3
65, 27, 6, 8, 3
65, 27, 6, 8, 4
65, 27, 6, 8, 4
65, 27, 6, 8, 4
65, 27, 6, 8, 4
65, 27, 6, 8, 4
65, 27, 6, 8, 4
65, 27, 6, 8, 4
65, 27, 6, 8, 4
65, 13, 7, 2, 2
65, 13, 7, 3, 2
65, 13, 7, 3, 2
65, 13, 7, 3, 2
65, 13, 7, 3, 2
65, 13, 7, 4, 2
65, 13, 7, 5, 2
65, 13, 7, 5, 2
65, 13, 7, 6, 2
65, 13, 7, 8, 3
65, 13, 7, 8, 3
65, 13, 7, 8, 3
65, 13, 7, 8, 4
65, 9, 8, 3, 2
65, 9, 8, 4, 2
65, 9, 8, 4, 2
65, 9, 8, 4, 2
65, 9, 8, 4, 2
65, 9, 8, 5, 2
65, 9, 8, 6, 2
65, 9, 8, 6, 2
65, 9, 8, 7, 2
66, 16, 0, 1, 2
66, 16, 0, 1, 2
66, 16, 0, 1, 2
66, 16, 0, 1, 2
66, 16, 0, 1, 2
66, 16, 0, 1, 2
66, 16, 0, 1, 2
66, 16, 0, 1, 2
66, 16, 0, 1, 2
66, 16, 0, 1, 2
66, 16, 0, 1, 2
66, 16, 0, 1, 2
66, 16, 0, 1, 2
66, 16, 0, 1, 2
66, 16, 0, 1, 2
66, 16, 0, 1, 2
66, 80, 1, 0, 3
66, 80, 1, 0, 3
66, 80, 1, 0, 3
66, 80, 1, 0, 3
66, 80, 1, 0, 3
66, 80, 1, 0, 3
66, 80, 1, 0, 3
66, 80, 1, 0, 3
66, 80, 1, 0, 3
66, 80, 1, 0, 3
66, 80, 1, 0, 3
66, 80, 1, 0, 3
66, 80, 1, 0, 3
66, 80, 1, 0, 3
66, 80, 1, 0, 3
66, 80, 1, 0, 3
66, 80, 1, 0, 3
66, 80, 1, 0, 3
66, 80, 1, 0, 3
66, 80, 1, 0, 3
66, 80, 1, 0, 3
66, 80, 1, 0, 3
66, 80, 1, 0, 3
66, 80, 1, 0, 3
66, 80, 1, 0, 3
66, 80, 1, 0, 3
66, 80, 1, 0, 3
66, 80, 1, 0, 3
66, 80, 1, 0, 3
66, 80, 1, 0, 3
66, 80, 1, 0, 3
66, 80, 1, 0, 3
66, 80, 1, 0, 3
66, 80, 1, 0, 3
66, 80, 1, 0, 3
66, 80, 1, 0, 3
66, 80, 1, 0, 3
66, 80, 1, 0, 3
66, 80, 1, 0, 3
66, 80, 1, 0, 3
66, 80, 1, 0, 3
66, 80, 1, 0, 3
66, 80, 1, 0, 3
66, 80, 1, 0, 3
66, 80, 1, 0, 3
66, 80, 1, 0, 3
66, 80, 1, 0, 3
66, 80, 1, 0, 3
66, 80, 1, 0, 3
66, 80, 1, 0, 3
66, 80, 1, 0, 3
66, 80, 1, 0, 3
66, 80, 1, 0, 3
66, 80, 1, 0, 3
66, 80, 1, 0, 3
66, 80, 1, 0, 3
66, 80, 1, 0, 3
66, 80, 1, 0, 3
66, 80, 1, 0, 3
66, 80, 1, 0, 3
66, 80, 1, 0, 3
66, 80, 1, 0, 3
66, 80, 1, 0, 3
66, 80, 1, 0, 3
66, 80, 1, 0, 4
66, 80, 1, 0, 4
66, 80, 1, 0, 4
66, 80, 1, 0, 4
66, 80, 1, 0, 4
66, 80, 1, 0, 4
66, 80, 1, 0, 4
66, 80, 1, 0, 4
66, 80, 1, 0, 4
66, 80, 1, 0, 4
66, 80, 1, 0, 4
66, 80, 1, 0, 4
66, 80, 1, 0, 4
66, 80, 1, 0, 4
66, 80, 1, 0, 4
66, 80, 1, 0, 4
67, 13, 0, 1, 2
67, 13, 0, 1, 2
67, 13, 0, 1, 2
67, 13, 0, 1, 2
67, 13, 0, 1, 2
67, 13, 0, 1, 2
67, 13, 0, 1, 2
67, 13, 0, 1, 2
67, 13, 0, 1, 2
67, 13, 0, 1, 2
67, 13, 0, 1, 2
67, 13, 0, 1, 2
67, 13, 0, 1, 2
67, 78, 1, 0, 3
67, 78, 1, 0, 3
67, 78, 1, 0, 3
67, 78, 1, 0, 3
67, 78, 1, 0, 3
67, 78, 1, 0, 3
67, 78, 1, 0, 3
67, 78, 1, 0, 3
67, 78, 1, 0, 3
67, 78, 1, 0, 3
67, 78, 1, 0, 3
67, 78, 1, 0, 3
67, 78, 1, 0, 3
67, 78, 1, 0, 3
67, 78, 1, 0, 3
67, 78, 1, 0, 3
67, 78, 1, 0, 3
67, 78, 1, 0, 3
67, 78, 1, 0, 3
67, 78, 1, 0, 3
67, 78, 1, 0, 3
67, 78, 1, 0, 3
67, 78, 1, 0, 3
67, 78, 1, 0, 3
67, 78, 1, 0, 3
67, 78, 1, 0, 3
67, 78, 1, 0, 3
67, 78, 1, 0, 3
67, 78, 1, 0, 3
67, 78, 1, 0, 3
67, 78, 1, 0, 3
67, 78, 1, 0, 3
67, 78, 1, 0, 3
67, 78, 1, 0, 3
67, 78, 1, 0, 3
67, 78, 1, 0, 3
67, 78, 1, 0, 3
67, 78, 1, 0, 3
67, 78, 1, 0, 3
67, 78, 1, 0, 3
67, 78, 1, 0, 3
67, 78, 1, 0, 3
67, 78, 1, 0, 3
67, 78, 1, 0, 3
67, 78, 1, 0, 3
67, 78, 1, 0, 3
67, 78, 1, 0, 3
67, 78, 1, 0, 3
67, 78, 1, 0, 3
67, 78, 1, 0, 3
67, 78, 1, 0, 3
67, 78, 1, 0, 3
67, 78, 1, 0, 4
67, 78, 1, 0, 4
67, 78, 1, 0, 4
67, 78, 1, 0, 4
67, 78, 1, 0, 4
67, 78, 1, 0, 4
67, 78, 1, 0, 4
67, 78, 1, 0, 4
67, 78, 1, 0, 4
67, 78, 1, 0, 4
67, 78, 1, 0, 4
67, 78, 1, 0, 4
67, 78, 1, 0, 4
67, 78, 1, 0, 4
67, 78, 1, 0, 4
67, 78, 1, 0, 4
67, 78, 1, 0, 4
67, 78, 1, 0, 4
67, 78, 1, 0, 4
67, 78, 1, 0, 4
67, 78, 1, 0, 4
67, 78, 1, 0, 4
67, 78, 1, 0, 4
67, 78, 1, 0, 4
67, 78, 1, 0, 4
67, 78, 1, 0, 4
68, 15, 0, 1, 2
68, 15, 0, 1, 2
68, 15, 0, 1, 2
68, 15, 0, 1, 2
68, 15, 0, 1, 2
68, 15, 0, 1, 2
68, 15, 0, 1, 2
68, 15, 0, 1, 2
68, 15, 0, 1, 2
68, 15, 0, 1, 2
68, 15, 0, 1, 2
68, 15, 0, 1, 2
68, 15, 0, 1, 2
68, 15, 0, 1, 2
68, 15, 0, 1, 2
68, 105, 1, 0, 3
68, 105, 1, 0, 3
68, 105, 1, 0, 3
68, 105, 1, 0, 3
68, 105, 1, 0, 3
68, 105, 1, 0, 3
68, 105, 1, 0, 3
68, 105, 1, 0, 3
68, 105, 1, 0, 3
68, 105, 1, 0, 3
68, 105, 1, 0, 3
68, 105, 1, 0, 3
68, 105, 1, 0, 3
68, 105, 1, 0, 3
68, 105, 1, 0, 3
68, 105, 1, 0, 3
68, 105, 1, 0, 3
68, 105, 1, 0, 3
68, 105, 1, 0, 3
68, 105, 1, 0, 3
68, 105, 1, 0, 3
68, 105, 1, 0, 3
68, 105, 1, 0, 3
68, 105, 1, 0, 3
68, 105, 1, 0, 3
68, 105, 1, 0, 3
68, 105, 1, 0, 3
68, 105, 1, 0, 3
68, 105, 1, 0, 3
68, 105, 1, 0, 3
68, 105, 1, 0, 3
68, 105, 1, 0, 3
68, 105, 1, 0, 3
68, 105, 1, 0, 3
68, 105, 1, 0, 3
68, 105, 1, 0, 3
68, 105, 1, 0, 3
68, 105, 1, 0, 3
68, 105, 1, 0, 3
68, 105, 1, 0, 3
68, 105, 1, 0, 3
68, 105, 1, 0, 3
68, 105, 1, 0, 3
68, 105, 1, 0, 3
68, 105, 1, 0, 3
68, 105, 1, 0, 3
68, 105, 1, 0, 3
68, 105, 1, 0, 3
68, 105, 1, 0, 3
68, 105, 1, 0, 3
68, 105, 1, 0, 3
68, 105, 1, 0, 3
68, 105, 1, 0, 3
68, 105, 1, 0, 3
68, 105, 1, 0, 3
68, 105, 1, 0, 3
68, 105, 1, 0, 3
68, 105, 1, 0, 3
68, 105, 1, 0, 3
68, 105, 1, 0, 3
68, 105, 1, 0, 4
68, 105, 1, 0, 4
68, 105, 1, 0, 4
68, 105, 1, 0, 4
68, 105, 1, 0, 4
68, 105, 1, 0, 4
68, 105, 1, 0, 4
68, 105, 1, 0, 4
68, 105, 1, 0, 4
68, 105, 1, 0, 4
68, 105, 1, 0, 4
68, 105, 1, 0, 4
68, 105, 1, 0, 4
68, 105, 1, 0, 4
68, 105, 1, 0, 4
68, 105, 1, 0, 4
68, 105, 1, 0, 4
68, 105, 1, 0, 4
68, 105, 1, 0, 4
68, 105, 1, 0, 4
68, 105, 1, 0, 4
68, 105, 1, 0, 4
68, 105, 1, 0, 4
68, 105, 1, 0, 4
68, 105, 1, 0, 4
68, 105, 1, 0, 4
68, 105, 1, 0, 4
68, 105, 1, 0, 4
68, 105, 1, 0, 4
68, 105, 1, 0, 4
68, 105, 1, 0, 4
68, 105, 1, 0, 4
68, 105, 1, 0, 4
68, 105, 1, 0, 4
68, 105, 1, 0, 4
68, 105, 1, 0, 4
68, 105, 1, 0, 4
68, 105, 1, 0, 4
68, 105, 1, 0, 4
68, 105, 1, 0, 4
68, 105, 1, 0, 4
68, 105, 1, 0, 4
68, 105, 1, 0, 4
68, 105, 1, 0, 4
68, 105, 1, 0, 4
69, 15, 0, 1, 2
69, 15, 0, 1, 2
69, 15, 0, 1, 2
69, 15, 0, 1, 2
69, 15, 0, 1, 2
69, 15, 0, 1, 2
69, 15, 0, 1, 2
69, 15, 0, 1, 2
69, 15, 0, 1, 2
69, 15, 0, 1, 2
69, 15, 0, 1, 2
69, 15, 0, 1, 2
69, 15, 0, 1, 2
69, 15, 0, 1, 2
69, 15, 0, 1, 2
69, 135, 1, 0, 3
69, 135, 1, 0, 3
69, 135, 1, 0, 3
69, 135, 1, 0, 3
69, 135, 1, 0, 3
69, 135, 1, 0, 3
69, 135, 1, 0, 3
69, 135, 1, 0, 3
69, 135, 1, 0, 3
69, 135, 1, 0, 3
69, 135, 1, 0, 3
69, 135, 1, 0, 3
69, 135, 1, 0, 3
69, 135, 1, 0, 3
69, 135, 1, 0, 3
69, 135, 1, 0, 3
69, 135, 1, 0, 3
69, 135, 1, 0, 3
69, 135, 1, 0, 3
69, 135, 1, 0, 3
69, 135, 1, 0, 3
69, 135, 1, 0, 3
69, 135, 1, 0, 3
69, 135, 1, 0, 3
69, 135, 1, 0, 3
69, 135, 1, 0, 3
69, 135, 1, 0, 3
69, 135, 1, 0, 3
69, 135, 1, 0, 3
69, 135, 1, 0, 3
69, 135, 1, 0, 3
69, 135, 1, 0, 3
69, 135, 1, 0, 3
69, 135, 1, 0, 3
69, 135, 1, 0, 3
69, 135, 1, 0, 3
69, 135, 1, 0, 3
69, 135, 1, 0, 3
69, 135, 1, 0, 3
69, 135, 1, 0, 3
69, 135, 1, 0, 3
69, 135, 1, 0, 3
69, 135, 1, 0, 3
69, 135, 1, 0, 3
69, 135, 1, 0, 3
69, 135, 1, 0, 3
69, 135, 1, 0, 3
69, 135, 1, 0, 3
69, 135, 1, 0, 3
69, 135, 1, 0, 3
69, 135, 1, 0, 3
69, 135, 1, 0, 3
69, 135, 1, 0, 3
69, 135, 1, 0, 3
69, 135, 1, 0, 3
69, 135, 1, 0, 3
69, 135, 1, 0, 3
69, 135, 1, 0, 3
69, 135, 1, 0, 3
69, 135, 1, 0, 3
69, 135, 1, 0, 4
69, 135, 1, 0, 4
69, 135, 1, 0, 4
69, 135, 1, 0, 4
69, 135, 1, 0, 4
69, 135, 1, 0, 4
69, 135, 1, 0, 4
69, 135, 1, 0, 4
69, 135, 1, 0, 4
69, 135, 1, 0, 4
69, 135, 1, 0, 4
69, 135, 1, 0, 4
69, 135, 1, 0, 4
69, 135, 1, 0, 4
69, 135, 1, 0, 4
69, 135, 1, 0, 4
69, 135, 1, 0, 4
69, 135, 1, 0, 4
69, 135, 1, 0, 4
69, 135, 1, 0, 4
69, 135, 1, 0, 4
69, 135, 1, 0, 4
69, 135, 1, 0, 4
69, 135, 1, 0, 4
69, 135, 1, 0, 4
69, 135, 1, 0, 4
69, 135, 1, 0, 4
69, 135, 1, 0, 4
69, 135, 1, 0, 4
69, 135, 1, 0, 4
69, 135, 1, 0, 4
69, 135, 1, 0, 4
69, 135, 1, 0, 4
69, 135, 1, 0, 4
69, 135, 1, 0, 4
69, 135, 1, 0, 4
69, 135, 1, 0, 4
69, 135, 1, 0, 4
69, 135, 1, 0, 4
69, 135, 1, 0, 4
69, 135, 1, 0, 4
69, 135, 1, 0, 4
69, 135, 1, 0, 4
69, 135, 1, 0, 4
69, 135, 1, 0, 4
69, 135, 1, 0, 4
69, 135, 1, 0, 4
69, 135, 1, 0, 4
69, 135, 1, 0, 4
69, 135, 1, 0, 4
69, 135, 1, 0, 4
69, 135, 1, 0, 4
69, 135, 1, 0, 4
69, 135, 1, 0, 4
69, 135, 1, 0, 4
69, 135, 1, 0, 4
69, 135, 1, 0, 4
69, 135, 1, 0, 4
69, 135, 1, 0, 4
69, 135, 1, 0, 4
69, 135, 1, 0, 4
69, 135, 1, 0, 4
69, 135, 1, 0, 4
69, 135, 1, 0, 4
69, 135, 1, 0, 4
69, 135, 1, 0, 4
69, 135, 1, 0, 4
69, 135, 1, 0, 4
69, 135, 1, 0, 4
69, 135, 1, 0, 4
69, 135, 1, 0, 4
69, 135, 1, 0, 4
69, 135, 1, 0, 4
69, 135, 1, 0, 4
69, 135, 1, 0, 4
70, 50, 0, 1, 3
70, 50, 0, 1, 3
70, 50, 0, 1, 3
70, 50, 0, 1, 3
70, 50, 0, 1, 4
70, 50, 0, 9, 3
70, 50, 0, 9, 3
70, 50, 0, 9, 3
70, 50, 0, 9, 3
70, 50, 0, 9, 3
70, 50, 0, 9, 3
70, 50, 0, 9, 3
70, 50, 0, 9, 3
70, 50, 0, 9, 4
70, 50, 0, 9, 4
70, 50, 0, 9, 4
70, 50, 0, 9, 4
70, 50, 0, 9, 4
70, 50, 0, 9, 4
70, 50, 0, 9, 4
70, 50, 0, 9, 4
70, 50, 0, 10, 3
70, 50, 0, 10, 3
70, 50, 0, 10, 3
70, 50, 0, 10, 3
70, 50, 0, 11, 3
70, 50, 0, 11, 3
70, 50, 0, 11, 3
70, 50, 0, 11, 3
70, 50, 0, 11, 3
70, 50, 0, 11, 3
70, 50, 0, 11, 3
70, 50, 0, 11, 3
70, 50, 0, 11, 3
70, 50, 0, 11, 3
70, 50, 0, 11, 3
70, 50, 0, 11, 3
70, 50, 0, 11, 3
70, 50, 0, 11, 3
70, 50, 0, 11, 3
70, 50, 0, 11, 3
70, 50, 0, 11, 4
70, 50, 0, 11, 4
70, 50, 0, 11, 4
70, 50, 0, 12, 3
70, 50, 0, 12, 3
70, 50, 0, 12, 3
70, 50, 0, 12, 3
70, 50, 0, 12, 4
70, 50, 0, 12, 4
70, 51, 1, 0, 2
70, 51, 1, 9, 3
70, 51, 1, 9, 3
70, 51, 1, 9, 3
70, 51, 1, 9, 3
70, 51, 1, 9, 4
70, 51, 1, 10, 3
70, 51, 1, 10, 3
70, 51, 1, 10, 3
70, 51, 1, 10, 3
70, 51, 1, 10, 3
70, 51, 1, 10, 3
70, 51, 1, 10, 3
70, 51, 1, 10, 3
70, 51, 1, 10, 4
70, 51, 1, 10, 4
70, 51, 1, 10, 4
70, 51, 1, 10, 4
70, 51, 1, 10, 4
70, 51, 1, 10, 4
70, 51, 1, 10, 4
70, 51, 1, 10, 4
70, 51, 1, 11, 3
70, 51, 1, 11, 3
70, 51, 1, 11, 3
70, 51, 1, 11, 3
70, 51, 1, 12, 3
70, 51, 1, 12, 3
70, 51, 1, 12, 3
70, 51, 1, 12, 3
70, 51, 1, 12, 3
70, 51, 1, 12, 3
70, 51, 1, 12, 3
70, 51, 1, 12, 3
70, 51, 1, 12, 3
70, 51, 1, 12, 3
70, 51, 1, 12, 3
70, 51, 1, 12, 3
70, 51, 1, 12, 3
70, 51, 1, 12, 3
70, 51, 1, 12, 3
70, 51, 1, 12, 3
70, 51, 1, 12, 4
70, 51, 1, 12, 4
70, 51, 1, 12, 4
70, 51, 1, 13, 3
70, 51, 1, 13, 3
70, 51, 1, 13, 3
70, 51, 1, 13, 3
70, 51, 1, 13, 4
70, 51, 1, 13, 4
70, 59, 2, 3, 3
70, 59, 2, 3, 3
70, 59, 2, 3, 3
70, 59, 2, 3, 3
70, 59, 2, 3, 4
70, 59, 2, 4, 3
70, 59, 2, 4, 3
70, 59, 2, 4, 3
70, 59, 2, 4, 3
70, 59, 2, 4, 3
70, 59, 2, 4, 3
70, 59, 2, 4, 3
70, 59, 2, 4, 3
70, 59, 2, 4, 4
70, 59, 2, 4, 4
70, 59, 2, 4, 4
70, 59, 2, 4, 4
70, 59, 2, 4, 4
70, 59, 2, 4, 4
70, 59, 2, 4, 4
70, 59, 2, 4, 4
70, 59, 2, 5, 3
70, 59, 2, 5, 3
70, 59, 2, 5, 3
70, 59, 2, 5, 3
70, 59, 2, 6, 3
70, 59, 2, 6, 3
70, 59, 2, 6, 3
70, 59, 2, 6, 3
70, 59, 2, 6, 3
70, 59, 2, 6, 3
70, 59, 2, 6, 3
70, 59, 2, 6, 3
70, 59, 2, 6, 3
70, 59, 2, 6, 3
70, 59, 2, 6, 3
70, 59, 2, 6, 3
70, 59, 2, 6, 3
70, 59, 2, 6, 3
70, 59, 2, 6, 3
70, 59, 2, 6, 3
70, 59, 2, 6, 4
70, 59, 2, 6, 4
70, 59, 2, 6, 4
70, 59, 2, 7, 3
70, 59, 2, 7, 3
70, 59, 2, 7, 3
70, 59, 2, 7, 3
70, 59, 2, 7, 4
70, 59, 2, 7, 4
70, 59, 2, 12, 2
70, 59, 2, 13, 2
70, 59, 2, 13, 2
70, 59, 2, 13, 2
70, 59, 2, 13, 2
70, 59, 2, 14, 2
70, 59, 2, 15, 2
70, 59, 2, 15, 2
70, 59, 2, 16, 2
70, 59, 3, 2, 2
70, 59, 3, 4, 3
70, 59, 3, 4, 3
70, 59, 3, 4, 3
70, 59, 3, 4, 3
70, 59, 3, 4, 4
70, 59, 3, 5, 3
70, 59, 3, 5, 3
70, 59, 3, 5, 3
70, 59, 3, 5, 3
70, 59, 3, 5, 3
70, 59, 3, 5, 3
70, 59, 3, 5, 3
70, 59, 3, 5, 3
70, 59, 3, 5, 4
70, 59, 3, 5, 4
70, 59, 3, 5, 4
70, 59, 3, 5, 4
70, 59, 3, 5, 4
70, 59, 3, 5, 4
70, 59, 3, 5, 4
70, 59, 3, 5, 4
70, 59, 3, 6, 3
70, 59, 3, 6, 3
70, 59, 3, 6, 3
70, 59, 3, 6, 3
70, 59, 3, 7, 3
70, 59, 3, 7, 3
70, 59, 3, 7, 3
70, 59, 3, 7, 3
70, 59, 3, 7, 3
70, 59, 3, 7, 3
70, 59, 3, 7, 3
70, 59, 3, 7, 3
70, 59, 3, 7, 3
70, 59, 3, 7, 3
70, 59, 3, 7, 3
70, 59, 3, 7, 3
70, 59, 3, 7, 3
70, 59, 3, 7, 3
70, 59, 3, 7, 3
70, 59, 3, 7, 3
70, 59, 3, 7, 4
70, 59, 3, 7, 4
70, 59, 3, 7, 4
70, 59, 3, 8, 3
70, 59, 3, 8, 3
70, 59, 3, 8, 3
70, 59, 3, 8, 3
70, 59, 3, 8, 4
70, 59, 3, 8, 4
70, 59, 3, 13, 2
70, 59, 3, 14, 2
70, 59, 3, 14, 2
70, 59, 3, 14, 2
70, 59, 3, 14, 2
70, 59, 3, 15, 2
70, 59, 3, 16, 2
70, 59, 3, 16, 2
70, 53, 4, 2, 2
70, 53, 4, 2, 2
70, 53, 4, 3, 2
70, 53, 4, 5, 3
70, 53, 4, 5, 3
70, 53, 4, 5, 3
70, 53, 4, 5, 3
70, 53, 4, 5, 4
70, 53, 4, 6, 3
70, 53, 4, 6, 3
70, 53, 4, 6, 3
70, 53, 4, 6, 3
70, 53, 4, 6, 3
70, 53, 4, 6, 3
70, 53, 4, 6, 3
70, 53, 4, 6, 3
70, 53, 4, 6, 4
70, 53, 4, 6, 4
70, 53, 4, 6, 4
70, 53, 4, 6, 4
70, 53, 4, 6, 4
70, 53, 4, 6, 4
70, 53, 4, 6, 4
70, 53, 4, 6, 4
70, 53, 4, 7, 3
70, 53, 4, 7, 3
70, 53, 4, 7, 3
70, 53, 4, 7, 3
70, 53, 4, 8, 3
70, 53, 4, 8, 3
70, 53, 4, 8, 3
70, 53, 4, 8, 3
70, 53, 4, 8, 3
70, 53, 4, 8, 3
70, 53, 4, 8, 3
70, 53, 4, 8, 3
70, 53, 4, 8, 3
70, 53, 4, 8, 3
70, 53, 4, 8, 3
70, 53, 4, 8, 3
70, 53, 4, 8, 3
70, 53, 4, 8, 3
70, 53, 4, 8, 3
70, 53, 4, 8, 3
70, 53, 4, 8, 4
70, 53, 4, 8, 4
70, 53, 4, 8, 4
70, 53, 4, 14, 2
70, 53, 4, 15, 2
70, 53, 4, 15, 2
70, 53, 4, 15, 2
70, 53, 4, 15, 2
70, 53, 4, 16, 2
70, 34, 5, 2, 2
70, 34, 5, 3, 2
70, 34, 5, 3, 2
70, 34, 5, 4, 2
70, 34, 5, 6, 3
70, 34, 5, 6, 3
70, 34, 5, 6, 3
70, 34, 5, 6, 3
70, 34, 5, 6, 4
70, 34, 5, 7, 3
70, 34, 5, 7, 3
70, 34, 5, 7, 3
70, 34, 5, 7, 3
70, 34, 5, 7, 3
70, 34, 5, 7, 3
70, 34, 5, 7, 3
70, 34, 5, 7, 3
70, 34, 5, 7, 4
70, 34, 5, 7, 4
70, 34, 5, 7, 4
70, 34, 5, 7, 4
70, 34, 5, 7, 4
70, 34, 5, 7, 4
70, 34, 5, 7, 4
70, 34, 5, 7, 4
70, 34, 5, 8, 3
70, 34, 5, 8, 3
70, 34, 5, 8, 3
70, 34, 5, 8, 3
70, 34, 5, 15, 2
70, 34, 5, 16, 2
70, 34, 5, 16, 2
70, 34, 5, 16, 2
70, 34, 5, 16, 2
70, 30, 6, 2, 2
70, 30, 6, 2, 2
70, 30, 6, 2, 2
70, 30, 6, 2, 2
70, 30, 6, 3, 2
70, 30, 6, 4, 2
70, 30, 6, 4, 2
70, 30, 6, 5, 2
70, 30, 6, 7, 3
70, 30, 6, 7, 3
70, 30, 6, 7, 3
70, 30, 6, 7, 3
70, 30, 6, 7, 4
70, 30, 6, 8, 3
70, 30, 6, 8, 3
70, 30, 6, 8, 3
70, 30, 6, 8, 3
70, 30, 6, 8, 3
70, 30, 6, 8, 3
70, 30, 6, 8, 3
70, 30, 6, 8, 3
70, 30, 6, 8, 4
70, 30, 6, 8, 4
70, 30, 6, 8, 4
70, 30, 6, 8, 4
70, 30, 6, 8, 4
70, 30, 6, 8, 4
70, 30, 6, 8, 4
70, 30, 6, 8, 4
70, 30, 6, 16, 2
70, 14, 7, 2, 2
70, 14, 7, 3, 2
70, 14, 7, 3, 2
70, 14, 7, 3, 2
70, 14, 7, 3, 2
70, 14, 7, 4, 2
70, 14, 7, 5, 2
70, 14, 7, 5, 2
70, 14, 7, 6, 2
70, 14, 7, 8, 3
70, 14, 7, 8, 3
70, 14, 7, 8, 3
70, 14, 7, 8, 3
70, 14, 7, 8, 4
70, 9, 8, 3, 2
70, 9, 8, 4, 2
70, 9, 8, 4, 2
70, 9, 8, 4, 2
70, 9, 8, 4, 2
70, 9, 8, 5, 2
70, 9, 8, 6, 2
70, 9, 8, 6, 2
70, 9, 8, 7, 2
70, 53, 9, 0, 2
70, 53, 9, 0, 2
70, 53, 9, 1, 2
70, 53, 9, 10, 3
70, 53, 9, 10, 3
70, 53, 9, 10, 3
70, 53, 9, 10, 3
70, 53, 9, 10, 4
70, 53, 9, 11, 3
70, 53, 9, 11, 3
70, 53, 9, 11, 3
70, 53, 9, 11, 3
70, 53, 9, 11, 3
70, 53, 9, 11, 3
70, 53, 9, 11, 3
70, 53, 9, 11, 3
70, 53, 9, 11, 4
70, 53, 9, 11, 4
70, 53, 9, 11, 4
70, 53, 9, 11, 4
70, 53, 9, 11, 4
70, 53, 9, 11, 4
70, 53, 9, 11, 4
70, 53, 9, 11, 4
70, 53, 9, 12, 3
70, 53, 9, 12, 3
70, 53, 9, 12, 3
70, 53, 9, 12, 3
70, 53, 9, 13, 3
70, 53, 9, 13, 3
70, 53, 9, 13, 3
70, 53, 9, 13, 3
70, 53, 9, 13, 3
70, 53, 9, 13, 3
70, 53, 9, 13, 3
70, 53, 9, 13, 3
70, 53, 9, 13, 3
70, 53, 9, 13, 3
70, 53, 9, 13, 3
70, 53, 9, 13, 3
70, 53, 9, 13, 3
70, 53, 9, 13, 3
70, 53, 9, 13, 3
70, 53, 9, 13, 3
70, 53, 9, 13, 4
70, 53, 9, 13, 4
70, 53, 9, 13, 4
70, 53, 9, 14, 3
70, 53, 9, 14, 3
70, 53, 9, 14, 3
70, 53, 9, 14, 3
70, 53, 9, 14, 4
70, 53, 9, 14, 4
70, 54, 10, 0, 2
70, 54, 10, 1, 2
70, 54, 10, 1, 2
70, 54, 10, 9, 2
70, 54, 10, 11, 3
70, 54, 10, 11, 3
70, 54, 10, 11, 3
70, 54, 10, 11, 3
70, 54, 10, 11, 4
70, 54, 10, 12, 3
70, 54, 10, 12, 3
70, 54, 10, 12, 3
70, 54, 10, 12, 3
70, 54, 10, 12, 3
70, 54, 10, 12, 3
70, 54, 10, 12, 3
70, 54, 10, 12, 3
70, 54, 10, 12, 4
70, 54, 10, 12, 4
70, 54, 10, 12, 4
70, 54, 10, 12, 4
70, 54, 10, 12, 4
70, 54, 10, 12, 4
70, 54, 10, 12, 4
70, 54, 10, 12, 4
70, 54, 10, 13, 3
70, 54, 10, 13, 3
70, 54, 10, 13, 3
70, 54, 10, 13, 3
70, 54, 10, 14, 3
70, 54, 10, 14, 3
70, 54, 10, 14, 3
70, 54, 10, 14, 3
70, 54, 10, 14, 3
70, 54, 10, 14, 3
70, 54, 10, 14, 3
70, 54, 10, 14, 3
70, 54, 10, 14, 3
70, 54, 10, 14, 3
70, 54, 10, 14, 3
70, 54, 10, 14, 3
70, 54, 10, 14, 3
70, 54, 10, 14, 3
70, 54, 10, 14, 3
70, 54, 10, 14, 3
70, 54, 10, 14, 4
70, 54, 10, 14, 4
70, 54, 10, 14, 4
70, 54, 10, 15, 3
70, 54, 10, 15, 3
70, 54, 10, 15, 3
70, 54, 10, 15, 3
70, 54, 10, 15, 4
70, 54, 10, 15, 4
70, 58, 11, 0, 2
70, 58, 11, 0, 2
70, 58, 11, 0, 2
70, 58, 11, 0, 2
70, 58, 11, 1, 2
70, 58, 11, 9, 2
70, 58, 11, 9, 2
70, 58, 11, 10, 2
70, 58, 11, 12, 3
70, 58, 11, 12, 3
70, 58, 11, 12, 3
70, 58, 11, 12, 3
70, 58, 11, 12, 4
70, 58, 11, 13, 3
70, 58, 11, 13, 3
70, 58, 11, 13, 3
70, 58, 11, 13, 3
70, 58, 11, 13, 3
70, 58, 11, 13, 3
70, 58, 11, 13, 3
70, 58, 11, 13, 3
70, 58, 11, 13, 4
70, 58, 11, 13, 4
70, 58, 11, 13, 4
70, 58, 11, 13, 4
70, 58, 11, 13, 4
70, 58, 11, 13, 4
70, 58, 11, 13, 4
70, 58, 11, 13, 4
70, 58, 11, 14, 3
70, 58, 11, 14, 3
70, 58, 11, 14, 3
70, 58, 11, 14, 3
70, 58, 11, 15, 3
70, 58, 11, 15, 3
70, 58, 11, 15, 3
70, 58, 11, 15, 3
70, 58, 11, 15, 3
70, 58, 11, 15, 3
70, 58, 11, 15, 3
70, 58, 11, 15, 3
70, 58, 11, 15, 3
70, 58, 11, 15, 3
70, 58, 11, 15, 3
70, 58, 11, 15, 3
70, 58, 11, 15, 3
70, 58, 11, 15, 3
70, 58, 11, 15, 3
70, 58, 11, 15, 3
70, 58, 11, 15, 4
70, 58, 11, 15, 4
70, 58, 11, 15, 4
70, 58, 11, 16, 3
70, 58, 11, 16, 3
70, 58, 11, 16, 3
70, 58, 11, 16, 3
70, 58, 11, 16, 4
70, 58, 11, 16, 4
70, 59, 12, 0, 2
70, 59, 12, 1, 2
70, 59, 12, 1, 2
70, 59, 12, 1, 2
70, 59, 12, 1, 2
70, 59, 12, 2, 3
70, 59, 12, 2, 3
70, 59, 12, 2, 3
70, 59, 12, 2, 3
70, 59, 12, 2, 4
70, 59, 12, 2, 4
70, 59, 12, 9, 2
70, 59, 12, 10, 2
70, 59, 12, 10, 2
70, 59, 12, 11, 2
70, 59, 12, 13, 3
70, 59, 12, 13, 3
70, 59, 12, 13, 3
70, 59, 12, 13, 3
70, 59, 12, 13, 4
70, 59, 12, 14, 3
70, 59, 12, 14, 3
70, 59, 12, 14, 3
70, 59, 12, 14, 3
70, 59, 12, 14, 3
70, 59, 12, 14, 3
70, 59, 12, 14, 3
70, 59, 12, 14, 3
70, 59, 12, 14, 4
70, 59, 12, 14, 4
70, 59, 12, 14, 4
70, 59, 12, 14, 4
70, 59, 12, 14, 4
70, 59, 12, 14, 4
70, 59, 12, 14, 4
70, 59, 12, 14, 4
70, 59, 12, 15, 3
70, 59, 12, 15, 3
70, 59, 12, 15, 3
70, 59, 12, 15, 3
70, 59, 12, 16, 3
70, 59, 12, 16, 3
70, 59, 12, 16, 3
70, 59, 12, 16, 3
70, 59, 12, 16, 3
70, 59, 12, 16, 3
70, 59, 12, 16, 3
70, 59, 12, 16, 3
70, 59, 12, 16, 3
70, 59, 12, 16, 3
70, 59, 12, 16, 3
70, 59, 12, 16, 3
70, 59, 12, 16, 3
70, 59, 12, 16, 3
70, 59, 12, 16, 3
70, 59, 12, 16, 3
70, 59, 12, 16, 4
70, 59, 12, 16, 4
70, 59, 12, 16, 4
70, 59, 13, 1, 2
70, 59, 13, 2, 3
70, 59, 13, 2, 3
70, 59, 13, 2, 3
70, 59, 13, 2, 3
70, 59, 13, 2, 3
70, 59, 13, 2, 3
70, 59, 13, 2, 3
70, 59, 13, 2, 3
70, 59, 13, 2, 3
70, 59, 13, 2, 3
70, 59, 13, 2, 3
70, 59, 13, 2, 3
70, 59, 13, 2, 3
70, 59, 13, 2, 3
70, 59, 13, 2, 3
70, 59, 13, 2, 3
70, 59, 13, 2, 4
70, 59, 13, 2, 4
70, 59, 13, 2, 4
70, 59, 13, 3, 3
70, 59, 13, 3, 3
70, 59, 13, 3, 3
70, 59, 13, 3, 3
70, 59, 13, 3, 4
70, 59, 13, 3, 4
70, 59, 13, 9, 2
70, 59, 13, 9, 2
70, 59, 13, 9, 2
70, 59, 13, 9, 2
70, 59, 13, 10, 2
70, 59, 13, 11, 2
70, 59, 13, 11, 2
70, 59, 13, 12, 2
70, 59, 13, 14, 3
70, 59, 13, 14, 3
70, 59, 13, 14, 3
70, 59, 13, 14, 3
70, 59, 13, 14, 4
70, 59, 13, 15, 3
70, 59, 13, 15, 3
70, 59, 13, 15, 3
70, 59, 13, 15, 3
70, 59, 13, 15, 3
70, 59, 13, 15, 3
70, 59, 13, 15, 3
70, 59, 13, 15, 3
70, 59, 13, 15, 4
70, 59, 13, 15, 4
70, 59, 13, 15, 4
70, 59, 13, 15, 4
70, 59, 13, 15, 4
70, 59, 13, 15, 4
70, 59, 13, 15, 4
70, 59, 13, 15, 4
70, 59, 13, 16, 3
70, 59, 13, 16, 3
70, 59, 13, 16, 3
70, 59, 13, 16, 3
70, 59, 14, 2, 3
70, 59, 14, 2, 3
70, 59, 14, 2, 3
70, 59, 14, 2, 3
70, 59, 14, 3, 3
70, 59, 14, 3, 3
70, 59, 14, 3, 3
70, 59, 14, 3, 3
70, 59, 14, 3, 3
70, 59, 14, 3, 3
70, 59, 14, 3, 3
70, 59, 14, 3, 3
70, 59, 14, 3, 3
70, 59, 14, 3, 3
70, 59, 14, 3, 3
70, 59, 14, 3, 3
70, 59, 14, 3, 3
70, 59, 14, 3, 3
70, 59, 14, 3, 3
70, 59, 14, 3, 3
70, 59, 14, 3, 4
70, 59, 14, 3, 4
70, 59, 14, 3, 4
70, 59, 14, 4, 3
70, 59, 14, 4, 3
70, 59, 14, 4, 3
70, 59, 14, 4, 3
70, 59, 14, 4, 4
70, 59, 14, 4, 4
70, 59, 14, 9, 2
70, 59, 14, 10, 2
70, 59, 14, 10, 2
70, 59, 14, 10, 2
70, 59, 14, 10, 2
70, 59, 14, 11, 2
70, 59, 14, 12, 2
70, 59, 14, 12, 2
70, 59, 14, 13, 2
70, 59, 14, 15, 3
70, 59, 14, 15, 3
70, 59, 14, 15, 3
70, 59, 14, 15, 3
70, 59, 14, 15, 4
70, 59, 14, 16, 3
70, 59, 14, 16, 3
70, 59, 14, 16, 3
70, 59, 14, 16, 3
70, 59, 14, 16, 3
70, 59, 14, 16, 3
70, 59, 14, 16, 3
70, 59, 14, 16, 3
70, 59, 14, 16, 4
70, 59, 14, 16, 4
70, 59, 14, 16, 4
70, 59, 14, 16, 4
70, 59, 14, 16, 4
70, 59, 14, 16, 4
70, 59, 14, 16, 4
70, 59, 14, 16, 4
70, 59, 15, 2, 3
70, 59, 15, 2, 3
70, 59, 15, 2, 3
70, 59, 15, 2, 3
70, 59, 15, 2, 3
70, 59, 15, 2, 3
70, 59, 15, 2, 3
70, 59, 15, 2, 3
70, 59, 15, 2, 4
70, 59, 15, 2, 4
70, 59, 15, 2, 4
70, 59, 15, 2, 4
70, 59, 15, 2, 4
70, 59, 15, 2, 4
70, 59, 15, 2, 4
70, 59, 15, 2, 4
70, 59, 15, 3, 3
70, 59, 15, 3, 3
70, 59, 15, 3, 3
70, 59, 15, 3, 3
70, 59, 15, 4, 3
70, 59, 15, 4, 3
70, 59, 15, 4, 3
70, 59, 15, 4, 3
70, 59, 15, 4, 3
70, 59, 15, 4, 3
70, 59, 15, 4, 3
70, 59, 15, 4, 3
70, 59, 15, 4, 3
70, 59, 15, 4, 3
70, 59, 15, 4, 3
70, 59, 15, 4, 3
70, 59, 15, 4, 3
70, 59, 15, 4, 3
70, 59, 15, 4, 3
70, 59, 15, 4, 3
70, 59, 15, 4, 4
70, 59, 15, 4, 4
70, 59, 15, 4, 4
70, 59, 15, 5, 3
70, 59, 15, 5, 3
70, 59, 15, 5, 3
70, 59, 15, 5, 3
70, 59, 15, 5, 4
70, 59, 15, 5, 4
70, 59, 15, 10, 2
70, 59, 15, 11, 2
70, 59, 15, 11, 2
70, 59, 15, 11, 2
70, 59, 15, 11, 2
70, 59, 15, 12, 2
70, 59, 15, 13, 2
70, 59, 15, 13, 2
70, 59, 15, 14, 2
70, 59, 15, 16, 3
70, 59, 15, 16, 3
70, 59, 15, 16, 3
70, 59, 15, 16, 3
70, 59, 15, 16, 4
70, 59, 16, 2, 3
70, 59, 16, 2, 3
70, 59, 16, 2, 3
70, 59, 16, 2, 3
70, 59, 16, 2, 4
70, 59, 16, 3, 3
70, 59, 16, 3, 3
70, 59, 16, 3, 3
70, 59, 16, 3, 3
70, 59, 16, 3, 3
70, 59, 16, 3, 3
70, 59, 16, 3, 3
70, 59, 16, 3, 3
70, 59, 16, 3, 4
70, 59, 16, 3, 4
70, 59, 16, 3, 4
70, 59, 16, 3, 4
70, 59, 16, 3, 4
70, 59, 16, 3, 4
70, 59, 16, 3, 4
70, 59, 16, 3, 4
70, 59, 16, 4, 3
70, 59, 16, 4, 3
70, 59, 16, 4, 3
70, 59, 16, 4, 3
70, 59, 16, 5, 3
70, 59, 16, 5, 3
70, 59, 16, 5, 3
70, 59, 16, 5, 3
70, 59, 16, 5, 3
70, 59, 16, 5, 3
70, 59, 16, 5, 3
70, 59, 16, 5, 3
70, 59, 16, 5, 3
70, 59, 16, 5, 3
70, 59, 16, 5, 3
70, 59, 16, 5, 3
70, 59, 16, 5, 3
70, 59, 16, 5, 3
70, 59, 16, 5, 3
70, 59, 16, 5, 3
70, 59, 16, 5, 4
70, 59, 16, 5, 4
70, 59, 16, 5, 4
70, 59, 16, 6, 3
70, 59, 16, 6, 3
70, 59, 16, 6, 3
70, 59, 16, 6, 3
70, 59, 16, 6, 4
70, 59, 16, 6, 4
70, 59, 16, 11, 2
70, 59, 16, 12, 2
70, 59, 16, 12, 2
70, 59, 16, 12, 2
70, 59, 16, 12, 2
70, 59, 16, 13, 2
70, 59, 16, 14, 2
70, 59, 16, 14, 2
70, 59, 16, 15, 2
71, 1, 1, 0, 2
72, 1, 1, 0, 2
Goal
71
72
