CG
13
0, 12, 12, 400
0, 12, 2, 28
0, 12, 6, 42
0, 12, 4, 28
0, 12, 3, 30
0, 12, 11, 56
0, 12, 8, 42
0, 12, 10, 44
0, 12, 9, 42
0, 12, 1, 16
0, 12, 7, 42
0, 12, 5, 28
1, 3, 0, 48
1, 3, 12, 30
1, 3, 7, 14
2, 4, 0, 88
2, 4, 12, 56
2, 4, 6, 14
2, 4, 3, 14
3, 4, 0, 92
3, 4, 12, 58
3, 4, 2, 14
3, 4, 11, 14
4, 4, 0, 88
4, 4, 12, 56
4, 4, 6, 14
4, 4, 8, 14
5, 4, 0, 88
5, 4, 12, 56
5, 4, 9, 14
5, 4, 7, 14
6, 5, 0, 132
6, 5, 12, 84
6, 5, 2, 14
6, 5, 4, 14
6, 5, 11, 14
7, 5, 0, 132
7, 5, 12, 84
7, 5, 10, 14
7, 5, 1, 14
7, 5, 5, 14
8, 5, 0, 132
8, 5, 12, 84
8, 5, 4, 14
8, 5, 11, 14
8, 5, 9, 14
9, 5, 0, 132
9, 5, 12, 84
9, 5, 8, 14
9, 5, 10, 14
9, 5, 5, 14
10, 5, 0, 136
10, 5, 12, 86
10, 5, 11, 14
10, 5, 9, 14
10, 5, 7, 14
11, 6, 0, 176
11, 6, 12, 112
11, 6, 6, 14
11, 6, 3, 14
11, 6, 8, 14
11, 6, 10, 14
12, 11, 2, 28
12, 11, 6, 42
12, 11, 4, 28
12, 11, 3, 30
12, 11, 11, 56
12, 11, 8, 42
12, 11, 10, 44
12, 11, 9, 42
12, 11, 1, 16
12, 11, 7, 42
12, 11, 5, 28
DTG
0, 44, 0, 1, 3
0, 44, 0, 1, 3
0, 44, 0, 1, 3
0, 44, 0, 1, 3
0, 44, 0, 1, 3
0, 44, 0, 1, 3
0, 44, 0, 1, 3
0, 44, 0, 1, 3
0, 44, 0, 1, 3
0, 44, 0, 1, 3
0, 44, 0, 1, 3
0, 44, 0, 1, 3
0, 44, 0, 1, 3
0, 44, 0, 1, 3
0, 44, 0, 1, 3
0, 44, 0, 1, 3
0, 44, 0, 1, 3
0, 44, 0, 1, 3
0, 44, 0, 1, 3
0, 44, 0, 1, 3
0, 44, 0, 1, 3
0, 44, 0, 1, 3
0, 44, 0, 3, 3
0, 44, 0, 3, 3
0, 44, 0, 3, 3
0, 44, 0, 3, 3
0, 44, 0, 3, 3
0, 44, 0, 3, 3
0, 44, 0, 3, 3
0, 44, 0, 3, 3
0, 44, 0, 3, 3
0, 44, 0, 3, 3
0, 44, 0, 3, 3
0, 44, 0, 3, 3
0, 44, 0, 3, 3
0, 44, 0, 3, 3
0, 44, 0, 3, 3
0, 44, 0, 3, 3
0, 44, 0, 3, 3
0, 44, 0, 3, 3
0, 44, 0, 3, 3
0, 44, 0, 3, 3
0, 44, 0, 3, 3
0, 44, 0, 3, 3
0, 66, 1, 0, 3
0, 66, 1, 0, 3
0, 66, 1, 0, 3
0, 66, 1, 0, 3
0, 66, 1, 0, 3
0, 66, 1, 0, 3
0, 66, 1, 0, 3
0, 66, 1, 0, 3
0, 66, 1, 0, 3
0, 66, 1, 0, 3
0, 66, 1, 0, 3
0, 66, 1, 0, 3
0, 66, 1, 0, 3
0, 66, 1, 0, 3
0, 66, 1, 0, 3
0, 66, 1, 0, 3
0, 66, 1, 0, 3
0, 66, 1, 0, 3
0, 66, 1, 0, 3
0, 66, 1, 0, 3
0, 66, 1, 0, 3
0, 66, 1, 0, 3
0, 66, 1, 2, 3
0, 66, 1, 2, 3
0, 66, 1, 2, 3
0, 66, 1, 2, 3
0, 66, 1, 2, 3
0, 66, 1, 2, 3
0, 66, 1, 2, 3
0, 66, 1, 2, 3
0, 66, 1, 2, 3
0, 66, 1, 2, 3
0, 66, 1, 2, 3
0, 66, 1, 2, 3
0, 66, 1, 2, 3
0, 66, 1, 2, 3
0, 66, 1, 2, 3
0, 66, 1, 2, 3
0, 66, 1, 2, 3
0, 66, 1, 2, 3
0, 66, 1, 2, 3
0, 66, 1, 2, 3
0, 66, 1, 2, 3
0, 66, 1, 2, 3
0, 66, 1, 4, 3
0, 66, 1, 4, 3
0, 66, 1, 4, 3
0, 66, 1, 4, 3
0, 66, 1, 4, 3
0, 66, 1, 4, 3
0, 66, 1, 4, 3
0, 66, 1, 4, 3
0, 66, 1, 4, 3
0, 66, 1, 4, 3
0, 66, 1, 4, 3
0, 66, 1, 4, 3
0, 66, 1, 4, 3
0, 66, 1, 4, 3
0, 66, 1, 4, 3
0, 66, 1, 4, 3
0, 66, 1, 4, 3
0, 66, 1, 4, 3
0, 66, 1, 4, 3
0, 66, 1, 4, 3
0, 66, 1, 4, 3
0, 66, 1, 4, 3
0, 44, 2, 1, 3
0, 44, 2, 1, 3
0, 44, 2, 1, 3
0, 44, 2, 1, 3
0, 44, 2, 1, 3
0, 44, 2, 1, 3
0, 44, 2, 1, 3
0, 44, 2, 1, 3
0, 44, 2, 1, 3
0, 44, 2, 1, 3
0, 44, 2, 1, 3
0, 44, 2, 1, 3
0, 44, 2, 1, 3
0, 44, 2, 1, 3
0, 44, 2, 1, 3
0, 44, 2, 1, 3
0, 44, 2, 1, 3
0, 44, 2, 1, 3
0, 44, 2, 1, 3
0, 44, 2, 1, 3
0, 44, 2, 1, 3
0, 44, 2, 1, 3
0, 44, 2, 5, 3
0, 44, 2, 5, 3
0, 44, 2, 5, 3
0, 44, 2, 5, 3
0, 44, 2, 5, 3
0, 44, 2, 5, 3
0, 44, 2, 5, 3
0, 44, 2, 5, 3
0, 44, 2, 5, 3
0, 44, 2, 5, 3
0, 44, 2, 5, 3
0, 44, 2, 5, 3
0, 44, 2, 5, 3
0, 44, 2, 5, 3
0, 44, 2, 5, 3
0, 44, 2, 5, 3
0, 44, 2, 5, 3
0, 44, 2, 5, 3
0, 44, 2, 5, 3
0, 44, 2, 5, 3
0, 44, 2, 5, 3
0, 44, 2, 5, 3
0, 46, 3, 0, 3
0, 46, 3, 0, 3
0, 46, 3, 0, 3
0, 46, 3, 0, 3
0, 46, 3, 0, 3
0, 46, 3, 0, 3
0, 46, 3, 0, 3
0, 46, 3, 0, 3
0, 46, 3, 0, 3
0, 46, 3, 0, 3
0, 46, 3, 0, 3
0, 46, 3, 0, 3
0, 46, 3, 0, 3
0, 46, 3, 0, 3
0, 46, 3, 0, 3
0, 46, 3, 0, 3
0, 46, 3, 0, 3
0, 46, 3, 0, 3
0, 46, 3, 0, 3
0, 46, 3, 0, 3
0, 46, 3, 0, 3
0, 46, 3, 0, 3
0, 46, 3, 4, 3
0, 46, 3, 4, 3
0, 46, 3, 4, 3
0, 46, 3, 4, 3
0, 46, 3, 4, 3
0, 46, 3, 4, 3
0, 46, 3, 4, 3
0, 46, 3, 4, 3
0, 46, 3, 4, 3
0, 46, 3, 4, 3
0, 46, 3, 4, 3
0, 46, 3, 4, 3
0, 46, 3, 4, 3
0, 46, 3, 4, 3
0, 46, 3, 4, 3
0, 46, 3, 4, 3
0, 46, 3, 4, 3
0, 46, 3, 4, 3
0, 46, 3, 4, 3
0, 46, 3, 4, 3
0, 46, 3, 4, 3
0, 46, 3, 4, 3
0, 46, 3, 6, 2
0, 46, 3, 6, 2
0, 88, 4, 1, 3
0, 88, 4, 1, 3
0, 88, 4, 1, 3
0, 88, 4, 1, 3
0, 88, 4, 1, 3
0, 88, 4, 1, 3
0, 88, 4, 1, 3
0, 88, 4, 1, 3
0, 88, 4, 1, 3
0, 88, 4, 1, 3
0, 88, 4, 1, 3
0, 88, 4, 1, 3
0, 88, 4, 1, 3
0, 88, 4, 1, 3
0, 88, 4, 1, 3
0, 88, 4, 1, 3
0, 88, 4, 1, 3
0, 88, 4, 1, 3
0, 88, 4, 1, 3
0, 88, 4, 1, 3
0, 88, 4, 1, 3
0, 88, 4, 1, 3
0, 88, 4, 3, 3
0, 88, 4, 3, 3
0, 88, 4, 3, 3
0, 88, 4, 3, 3
0, 88, 4, 3, 3
0, 88, 4, 3, 3
0, 88, 4, 3, 3
0, 88, 4, 3, 3
0, 88, 4, 3, 3
0, 88, 4, 3, 3
0, 88, 4, 3, 3
0, 88, 4, 3, 3
0, 88, 4, 3, 3
0, 88, 4, 3, 3
0, 88, 4, 3, 3
0, 88, 4, 3, 3
0, 88, 4, 3, 3
0, 88, 4, 3, 3
0, 88, 4, 3, 3
0, 88, 4, 3, 3
0, 88, 4, 3, 3
0, 88, 4, 3, 3
0, 88, 4, 5, 3
0, 88, 4, 5, 3
0, 88, 4, 5, 3
0, 88, 4, 5, 3
0, 88, 4, 5, 3
0, 88, 4, 5, 3
0, 88, 4, 5, 3
0, 88, 4, 5, 3
0, 88, 4, 5, 3
0, 88, 4, 5, 3
0, 88, 4, 5, 3
0, 88, 4, 5, 3
0, 88, 4, 5, 3
0, 88, 4, 5, 3
0, 88, 4, 5, 3
0, 88, 4, 5, 3
0, 88, 4, 5, 3
0, 88, 4, 5, 3
0, 88, 4, 5, 3
0, 88, 4, 5, 3
0, 88, 4, 5, 3
0, 88, 4, 5, 3
0, 88, 4, 7, 3
0, 88, 4, 7, 3
0, 88, 4, 7, 3
0, 88, 4, 7, 3
0, 88, 4, 7, 3
0, 88, 4, 7, 3
0, 88, 4, 7, 3
0, 88, 4, 7, 3
0, 88, 4, 7, 3
0, 88, 4, 7, 3
0, 88, 4, 7, 3
0, 88, 4, 7, 3
0, 88, 4, 7, 3
0, 88, 4, 7, 3
0, 88, 4, 7, 3
0, 88, 4, 7, 3
0, 88, 4, 7, 3
0, 88, 4, 7, 3
0, 88, 4, 7, 3
0, 88, 4, 7, 3
0, 88, 4, 7, 3
0, 88, 4, 7, 3
0, 66, 5, 2, 3
0, 66, 5, 2, 3
0, 66, 5, 2, 3
0, 66, 5, 2, 3
0, 66, 5, 2, 3
0, 66, 5, 2, 3
0, 66, 5, 2, 3
0, 66, 5, 2, 3
0, 66, 5, 2, 3
0, 66, 5, 2, 3
0, 66, 5, 2, 3
0, 66, 5, 2, 3
0, 66, 5, 2, 3
0, 66, 5, 2, 3
0, 66, 5, 2, 3
0, 66, 5, 2, 3
0, 66, 5, 2, 3
0, 66, 5, 2, 3
0, 66, 5, 2, 3
0, 66, 5, 2, 3
0, 66, 5, 2, 3
0, 66, 5, 2, 3
0, 66, 5, 4, 3
0, 66, 5, 4, 3
0, 66, 5, 4, 3
0, 66, 5, 4, 3
0, 66, 5, 4, 3
0, 66, 5, 4, 3
0, 66, 5, 4, 3
0, 66, 5, 4, 3
0, 66, 5, 4, 3
0, 66, 5, 4, 3
0, 66, 5, 4, 3
0, 66, 5, 4, 3
0, 66, 5, 4, 3
0, 66, 5, 4, 3
0, 66, 5, 4, 3
0, 66, 5, 4, 3
0, 66, 5, 4, 3
0, 66, 5, 4, 3
0, 66, 5, 4, 3
0, 66, 5, 4, 3
0, 66, 5, 4, 3
0, 66, 5, 4, 3
0, 66, 5, 8, 3
0, 66, 5, 8, 3
0, 66, 5, 8, 3
0, 66, 5, 8, 3
0, 66, 5, 8, 3
0, 66, 5, 8, 3
0, 66, 5, 8, 3
0, 66, 5, 8, 3
0, 66, 5, 8, 3
0, 66, 5, 8, 3
0, 66, 5, 8, 3
0, 66, 5, 8, 3
0, 66, 5, 8, 3
0, 66, 5, 8, 3
0, 66, 5, 8, 3
0, 66, 5, 8, 3
0, 66, 5, 8, 3
0, 66, 5, 8, 3
0, 66, 5, 8, 3
0, 66, 5, 8, 3
0, 66, 5, 8, 3
0, 66, 5, 8, 3
0, 6, 6, 3, 2
0, 6, 6, 3, 2
0, 6, 6, 7, 2
0, 6, 6, 7, 2
0, 6, 6, 9, 2
0, 6, 6, 9, 2
0, 68, 7, 4, 3
0, 68, 7, 4, 3
0, 68, 7, 4, 3
0, 68, 7, 4, 3
0, 68, 7, 4, 3
0, 68, 7, 4, 3
0, 68, 7, 4, 3
0, 68, 7, 4, 3
0, 68, 7, 4, 3
0, 68, 7, 4, 3
0, 68, 7, 4, 3
0, 68, 7, 4, 3
0, 68, 7, 4, 3
0, 68, 7, 4, 3
0, 68, 7, 4, 3
0, 68, 7, 4, 3
0, 68, 7, 4, 3
0, 68, 7, 4, 3
0, 68, 7, 4, 3
0, 68, 7, 4, 3
0, 68, 7, 4, 3
0, 68, 7, 4, 3
0, 68, 7, 6, 2
0, 68, 7, 6, 2
0, 68, 7, 8, 3
0, 68, 7, 8, 3
0, 68, 7, 8, 3
0, 68, 7, 8, 3
0, 68, 7, 8, 3
0, 68, 7, 8, 3
0, 68, 7, 8, 3
0, 68, 7, 8, 3
0, 68, 7, 8, 3
0, 68, 7, 8, 3
0, 68, 7, 8, 3
0, 68, 7, 8, 3
0, 68, 7, 8, 3
0, 68, 7, 8, 3
0, 68, 7, 8, 3
0, 68, 7, 8, 3
0, 68, 7, 8, 3
0, 68, 7, 8, 3
0, 68, 7, 8, 3
0, 68, 7, 8, 3
0, 68, 7, 8, 3
0, 68, 7, 8, 3
0, 68, 7, 10, 3
0, 68, 7, 10, 3
0, 68, 7, 10, 3
0, 68, 7, 10, 3
0, 68, 7, 10, 3
0, 68, 7, 10, 3
0, 68, 7, 10, 3
0, 68, 7, 10, 3
0, 68, 7, 10, 3
0, 68, 7, 10, 3
0, 68, 7, 10, 3
0, 68, 7, 10, 3
0, 68, 7, 10, 3
0, 68, 7, 10, 3
0, 68, 7, 10, 3
0, 68, 7, 10, 3
0, 68, 7, 10, 3
0, 68, 7, 10, 3
0, 68, 7, 10, 3
0, 68, 7, 10, 3
0, 68, 7, 10, 3
0, 68, 7, 10, 3
0, 66, 8, 5, 3
0, 66, 8, 5, 3
0, 66, 8, 5, 3
0, 66, 8, 5, 3
0, 66, 8, 5, 3
0, 66, 8, 5, 3
0, 66, 8, 5, 3
0, 66, 8, 5, 3
0, 66, 8, 5, 3
0, 66, 8, 5, 3
0, 66, 8, 5, 3
0, 66, 8, 5, 3
0, 66, 8, 5, 3
0, 66, 8, 5, 3
0, 66, 8, 5, 3
0, 66, 8, 5, 3
0, 66, 8, 5, 3
0, 66, 8, 5, 3
0, 66, 8, 5, 3
0, 66, 8, 5, 3
0, 66, 8, 5, 3
0, 66, 8, 5, 3
0, 66, 8, 7, 3
0, 66, 8, 7, 3
0, 66, 8, 7, 3
0, 66, 8, 7, 3
0, 66, 8, 7, 3
0, 66, 8, 7, 3
0, 66, 8, 7, 3
0, 66, 8, 7, 3
0, 66, 8, 7, 3
0, 66, 8, 7, 3
0, 66, 8, 7, 3
0, 66, 8, 7, 3
0, 66, 8, 7, 3
0, 66, 8, 7, 3
0, 66, 8, 7, 3
0, 66, 8, 7, 3
0, 66, 8, 7, 3
0, 66, 8, 7, 3
0, 66, 8, 7, 3
0, 66, 8, 7, 3
0, 66, 8, 7, 3
0, 66, 8, 7, 3
0, 66, 8, 11, 3
0, 66, 8, 11, 3
0, 66, 8, 11, 3
0, 66, 8, 11, 3
0, 66, 8, 11, 3
0, 66, 8, 11, 3
0, 66, 8, 11, 3
0, 66, 8, 11, 3
0, 66, 8, 11, 3
0, 66, 8, 11, 3
0, 66, 8, 11, 3
0, 66, 8, 11, 3
0, 66, 8, 11, 3
0, 66, 8, 11, 3
0, 66, 8, 11, 3
0, 66, 8, 11, 3
0, 66, 8, 11, 3
0, 66, 8, 11, 3
0, 66, 8, 11, 3
0, 66, 8, 11, 3
0, 66, 8, 11, 3
0, 66, 8, 11, 3
0, 24, 9, 6, 2
0, 24, 9, 6, 2
0, 24, 9, 10, 3
0, 24, 9, 10, 3
0, 24, 9, 10, 3
0, 24, 9, 10, 3
0, 24, 9, 10, 3
0, 24, 9, 10, 3
0, 24, 9, 10, 3
0, 24, 9, 10, 3
0, 24, 9, 10, 3
0, 24, 9, 10, 3
0, 24, 9, 10, 3
0, 24, 9, 10, 3
0, 24, 9, 10, 3
0, 24, 9, 10, 3
0, 24, 9, 10, 3
0, 24, 9, 10, 3
0, 24, 9, 10, 3
0, 24, 9, 10, 3
0, 24, 9, 10, 3
0, 24, 9, 10, 3
0, 24, 9, 10, 3
0, 24, 9, 10, 3
0, 66, 10, 7, 3
0, 66, 10, 7, 3
0, 66, 10, 7, 3
0, 66, 10, 7, 3
0, 66, 10, 7, 3
0, 66, 10, 7, 3
0, 66, 10, 7, 3
0, 66, 10, 7, 3
0, 66, 10, 7, 3
0, 66, 10, 7, 3
0, 66, 10, 7, 3
0, 66, 10, 7, 3
0, 66, 10, 7, 3
0, 66, 10, 7, 3
0, 66, 10, 7, 3
0, 66, 10, 7, 3
0, 66, 10, 7, 3
0, 66, 10, 7, 3
0, 66, 10, 7, 3
0, 66, 10, 7, 3
0, 66, 10, 7, 3
0, 66, 10, 7, 3
0, 66, 10, 9, 3
0, 66, 10, 9, 3
0, 66, 10, 9, 3
0, 66, 10, 9, 3
0, 66, 10, 9, 3
0, 66, 10, 9, 3
0, 66, 10, 9, 3
0, 66, 10, 9, 3
0, 66, 10, 9, 3
0, 66, 10, 9, 3
0, 66, 10, 9, 3
0, 66, 10, 9, 3
0, 66, 10, 9, 3
0, 66, 10, 9, 3
0, 66, 10, 9, 3
0, 66, 10, 9, 3
0, 66, 10, 9, 3
0, 66, 10, 9, 3
0, 66, 10, 9, 3
0, 66, 10, 9, 3
0, 66, 10, 9, 3
0, 66, 10, 9, 3
0, 66, 10, 11, 3
0, 66, 10, 11, 3
0, 66, 10, 11, 3
0, 66, 10, 11, 3
0, 66, 10, 11, 3
0, 66, 10, 11, 3
0, 66, 10, 11, 3
0, 66, 10, 11, 3
0, 66, 10, 11, 3
0, 66, 10, 11, 3
0, 66, 10, 11, 3
0, 66, 10, 11, 3
0, 66, 10, 11, 3
0, 66, 10, 11, 3
0, 66, 10, 11, 3
0, 66, 10, 11, 3
0, 66, 10, 11, 3
0, 66, 10, 11, 3
0, 66, 10, 11, 3
0, 66, 10, 11, 3
0, 66, 10, 11, 3
0, 66, 10, 11, 3
0, 44, 11, 8, 3
0, 44, 11, 8, 3
0, 44, 11, 8, 3
0, 44, 11, 8, 3
0, 44, 11, 8, 3
0, 44, 11, 8, 3
0, 44, 11, 8, 3
0, 44, 11, 8, 3
0, 44, 11, 8, 3
0, 44, 11, 8, 3
0, 44, 11, 8, 3
0, 44, 11, 8, 3
0, 44, 11, 8, 3
0, 44, 11, 8, 3
0, 44, 11, 8, 3
0, 44, 11, 8, 3
0, 44, 11, 8, 3
0, 44, 11, 8, 3
0, 44, 11, 8, 3
0, 44, 11, 8, 3
0, 44, 11, 8, 3
0, 44, 11, 8, 3
0, 44, 11, 10, 3
0, 44, 11, 10, 3
0, 44, 11, 10, 3
0, 44, 11, 10, 3
0, 44, 11, 10, 3
0, 44, 11, 10, 3
0, 44, 11, 10, 3
0, 44, 11, 10, 3
0, 44, 11, 10, 3
0, 44, 11, 10, 3
0, 44, 11, 10, 3
0, 44, 11, 10, 3
0, 44, 11, 10, 3
0, 44, 11, 10, 3
0, 44, 11, 10, 3
0, 44, 11, 10, 3
0, 44, 11, 10, 3
0, 44, 11, 10, 3
0, 44, 11, 10, 3
0, 44, 11, 10, 3
0, 44, 11, 10, 3
0, 44, 11, 10, 3
1, 2, 0, 1, 3
1, 2, 0, 1, 4
1, 3, 1, 0, 3
1, 3, 1, 0, 4
1, 3, 1, 2, 4
1, 2, 2, 1, 4
1, 2, 2, 3, 4
1, 2, 3, 2, 4
1, 2, 3, 4, 4
1, 2, 4, 3, 4
1, 2, 4, 5, 4
1, 2, 5, 4, 4
1, 2, 5, 6, 4
1, 2, 6, 5, 4
1, 2, 6, 7, 4
1, 1, 7, 6, 4
2, 2, 0, 1, 4
2, 2, 0, 1, 4
2, 4, 1, 0, 4
2, 4, 1, 0, 4
2, 4, 1, 2, 4
2, 4, 1, 2, 4
2, 4, 2, 1, 4
2, 4, 2, 1, 4
2, 4, 2, 3, 4
2, 4, 2, 3, 4
2, 4, 3, 2, 4
2, 4, 3, 2, 4
2, 4, 3, 4, 4
2, 4, 3, 4, 4
2, 4, 4, 3, 4
2, 4, 4, 3, 4
2, 4, 4, 5, 4
2, 4, 4, 5, 4
2, 4, 5, 4, 4
2, 4, 5, 4, 4
2, 4, 5, 6, 4
2, 4, 5, 6, 4
2, 4, 6, 5, 4
2, 4, 6, 5, 4
2, 4, 6, 7, 4
2, 4, 6, 7, 4
2, 2, 7, 6, 4
2, 2, 7, 6, 4
3, 3, 0, 1, 3
3, 3, 0, 1, 4
3, 3, 0, 1, 4
3, 5, 1, 0, 3
3, 5, 1, 0, 4
3, 5, 1, 0, 4
3, 5, 1, 2, 4
3, 5, 1, 2, 4
3, 4, 2, 1, 4
3, 4, 2, 1, 4
3, 4, 2, 3, 4
3, 4, 2, 3, 4
3, 4, 3, 2, 4
3, 4, 3, 2, 4
3, 4, 3, 4, 4
3, 4, 3, 4, 4
3, 4, 4, 3, 4
3, 4, 4, 3, 4
3, 4, 4, 5, 4
3, 4, 4, 5, 4
3, 4, 5, 4, 4
3, 4, 5, 4, 4
3, 4, 5, 6, 4
3, 4, 5, 6, 4
3, 4, 6, 5, 4
3, 4, 6, 5, 4
3, 4, 6, 7, 4
3, 4, 6, 7, 4
3, 2, 7, 6, 4
3, 2, 7, 6, 4
4, 2, 0, 1, 4
4, 2, 0, 1, 4
4, 4, 1, 0, 4
4, 4, 1, 0, 4
4, 4, 1, 2, 4
4, 4, 1, 2, 4
4, 4, 2, 1, 4
4, 4, 2, 1, 4
4, 4, 2, 3, 4
4, 4, 2, 3, 4
4, 4, 3, 2, 4
4, 4, 3, 2, 4
4, 4, 3, 4, 4
4, 4, 3, 4, 4
4, 4, 4, 3, 4
4, 4, 4, 3, 4
4, 4, 4, 5, 4
4, 4, 4, 5, 4
4, 4, 5, 4, 4
4, 4, 5, 4, 4
4, 4, 5, 6, 4
4, 4, 5, 6, 4
4, 4, 6, 5, 4
4, 4, 6, 5, 4
4, 4, 6, 7, 4
4, 4, 6, 7, 4
4, 2, 7, 6, 4
4, 2, 7, 6, 4
5, 2, 0, 1, 4
5, 2, 0, 1, 4
5, 4, 1, 0, 4
5, 4, 1, 0, 4
5, 4, 1, 2, 4
5, 4, 1, 2, 4
5, 4, 2, 1, 4
5, 4, 2, 1, 4
5, 4, 2, 3, 4
5, 4, 2, 3, 4
5, 4, 3, 2, 4
5, 4, 3, 2, 4
5, 4, 3, 4, 4
5, 4, 3, 4, 4
5, 4, 4, 3, 4
5, 4, 4, 3, 4
5, 4, 4, 5, 4
5, 4, 4, 5, 4
5, 4, 5, 4, 4
5, 4, 5, 4, 4
5, 4, 5, 6, 4
5, 4, 5, 6, 4
5, 4, 6, 5, 4
5, 4, 6, 5, 4
5, 4, 6, 7, 4
5, 4, 6, 7, 4
5, 2, 7, 6, 4
5, 2, 7, 6, 4
6, 3, 0, 1, 4
6, 3, 0, 1, 4
6, 3, 0, 1, 4
6, 6, 1, 0, 4
6, 6, 1, 0, 4
6, 6, 1, 0, 4
6, 6, 1, 2, 4
6, 6, 1, 2, 4
6, 6, 1, 2, 4
6, 6, 2, 1, 4
6, 6, 2, 1, 4
6, 6, 2, 1, 4
6, 6, 2, 3, 4
6, 6, 2, 3, 4
6, 6, 2, 3, 4
6, 6, 3, 2, 4
6, 6, 3, 2, 4
6, 6, 3, 2, 4
6, 6, 3, 4, 4
6, 6, 3, 4, 4
6, 6, 3, 4, 4
6, 6, 4, 3, 4
6, 6, 4, 3, 4
6, 6, 4, 3, 4
6, 6, 4, 5, 4
6, 6, 4, 5, 4
6, 6, 4, 5, 4
6, 6, 5, 4, 4
6, 6, 5, 4, 4
6, 6, 5, 4, 4
6, 6, 5, 6, 4
6, 6, 5, 6, 4
6, 6, 5, 6, 4
6, 6, 6, 5, 4
6, 6, 6, 5, 4
6, 6, 6, 5, 4
6, 6, 6, 7, 4
6, 6, 6, 7, 4
6, 6, 6, 7, 4
6, 3, 7, 6, 4
6, 3, 7, 6, 4
6, 3, 7, 6, 4
7, 3, 0, 1, 4
7, 3, 0, 1, 4
7, 3, 0, 1, 4
7, 6, 1, 0, 4
7, 6, 1, 0, 4
7, 6, 1, 0, 4
7, 6, 1, 2, 4
7, 6, 1, 2, 4
7, 6, 1, 2, 4
7, 6, 2, 1, 4
7, 6, 2, 1, 4
7, 6, 2, 1, 4
7, 6, 2, 3, 4
7, 6, 2, 3, 4
7, 6, 2, 3, 4
7, 6, 3, 2, 4
7, 6, 3, 2, 4
7, 6, 3, 2, 4
7, 6, 3, 4, 4
7, 6, 3, 4, 4
7, 6, 3, 4, 4
7, 6, 4, 3, 4
7, 6, 4, 3, 4
7, 6, 4, 3, 4
7, 6, 4, 5, 4
7, 6, 4, 5, 4
7, 6, 4, 5, 4
7, 6, 5, 4, 4
7, 6, 5, 4, 4
7, 6, 5, 4, 4
7, 6, 5, 6, 4
7, 6, 5, 6, 4
7, 6, 5, 6, 4
7, 6, 6, 5, 4
7, 6, 6, 5, 4
7, 6, 6, 5, 4
7, 6, 6, 7, 4
7, 6, 6, 7, 4
7, 6, 6, 7, 4
7, 3, 7, 6, 4
7, 3, 7, 6, 4
7, 3, 7, 6, 4
8, 3, 0, 1, 4
8, 3, 0, 1, 4
8, 3, 0, 1, 4
8, 6, 1, 0, 4
8, 6, 1, 0, 4
8, 6, 1, 0, 4
8, 6, 1, 2, 4
8, 6, 1, 2, 4
8, 6, 1, 2, 4
8, 6, 2, 1, 4
8, 6, 2, 1, 4
8, 6, 2, 1, 4
8, 6, 2, 3, 4
8, 6, 2, 3, 4
8, 6, 2, 3, 4
8, 6, 3, 2, 4
8, 6, 3, 2, 4
8, 6, 3, 2, 4
8, 6, 3, 4, 4
8, 6, 3, 4, 4
8, 6, 3, 4, 4
8, 6, 4, 3, 4
8, 6, 4, 3, 4
8, 6, 4, 3, 4
8, 6, 4, 5, 4
8, 6, 4, 5, 4
8, 6, 4, 5, 4
8, 6, 5, 4, 4
8, 6, 5, 4, 4
8, 6, 5, 4, 4
8, 6, 5, 6, 4
8, 6, 5, 6, 4
8, 6, 5, 6, 4
8, 6, 6, 5, 4
8, 6, 6, 5, 4
8, 6, 6, 5, 4
8, 6, 6, 7, 4
8, 6, 6, 7, 4
8, 6, 6, 7, 4
8, 3, 7, 6, 4
8, 3, 7, 6, 4
8, 3, 7, 6, 4
9, 3, 0, 1, 4
9, 3, 0, 1, 4
9, 3, 0, 1, 4
9, 6, 1, 0, 4
9, 6, 1, 0, 4
9, 6, 1, 0, 4
9, 6, 1, 2, 4
9, 6, 1, 2, 4
9, 6, 1, 2, 4
9, 6, 2, 1, 4
9, 6, 2, 1, 4
9, 6, 2, 1, 4
9, 6, 2, 3, 4
9, 6, 2, 3, 4
9, 6, 2, 3, 4
9, 6, 3, 2, 4
9, 6, 3, 2, 4
9, 6, 3, 2, 4
9, 6, 3, 4, 4
9, 6, 3, 4, 4
9, 6, 3, 4, 4
9, 6, 4, 3, 4
9, 6, 4, 3, 4
9, 6, 4, 3, 4
9, 6, 4, 5, 4
9, 6, 4, 5, 4
9, 6, 4, 5, 4
9, 6, 5, 4, 4
9, 6, 5, 4, 4
9, 6, 5, 4, 4
9, 6, 5, 6, 4
9, 6, 5, 6, 4
9, 6, 5, 6, 4
9, 6, 6, 5, 4
9, 6, 6, 5, 4
9, 6, 6, 5, 4
9, 6, 6, 7, 4
9, 6, 6, 7, 4
9, 6, 6, 7, 4
9, 3, 7, 6, 4
9, 3, 7, 6, 4
9, 3, 7, 6, 4
10, 4, 0, 1, 3
10, 4, 0, 1, 4
10, 4, 0, 1, 4
10, 4, 0, 1, 4
10, 7, 1, 0, 3
10, 7, 1, 0, 4
10, 7, 1, 0, 4
10, 7, 1, 0, 4
10, 7, 1, 2, 4
10, 7, 1, 2, 4
10, 7, 1, 2, 4
10, 6, 2, 1, 4
10, 6, 2, 1, 4
10, 6, 2, 1, 4
10, 6, 2, 3, 4
10, 6, 2, 3, 4
10, 6, 2, 3, 4
10, 6, 3, 2, 4
10, 6, 3, 2, 4
10, 6, 3, 2, 4
10, 6, 3, 4, 4
10, 6, 3, 4, 4
10, 6, 3, 4, 4
10, 6, 4, 3, 4
10, 6, 4, 3, 4
10, 6, 4, 3, 4
10, 6, 4, 5, 4
10, 6, 4, 5, 4
10, 6, 4, 5, 4
10, 6, 5, 4, 4
10, 6, 5, 4, 4
10, 6, 5, 4, 4
10, 6, 5, 6, 4
10, 6, 5, 6, 4
10, 6, 5, 6, 4
10, 6, 6, 5, 4
10, 6, 6, 5, 4
10, 6, 6, 5, 4
10, 6, 6, 7, 4
10, 6, 6, 7, 4
10, 6, 6, 7, 4
10, 3, 7, 6, 4
10, 3, 7, 6, 4
10, 3, 7, 6, 4
11, 4, 0, 1, 4
11, 4, 0, 1, 4
11, 4, 0, 1, 4
11, 4, 0, 1, 4
11, 8, 1, 0, 4
11, 8, 1, 0, 4
11, 8, 1, 0, 4
11, 8, 1, 0, 4
11, 8, 1, 2, 4
11, 8, 1, 2, 4
11, 8, 1, 2, 4
11, 8, 1, 2, 4
11, 8, 2, 1, 4
11, 8, 2, 1, 4
11, 8, 2, 1, 4
11, 8, 2, 1, 4
11, 8, 2, 3, 4
11, 8, 2, 3, 4
11, 8, 2, 3, 4
11, 8, 2, 3, 4
11, 8, 3, 2, 4
11, 8, 3, 2, 4
11, 8, 3, 2, 4
11, 8, 3, 2, 4
11, 8, 3, 4, 4
11, 8, 3, 4, 4
11, 8, 3, 4, 4
11, 8, 3, 4, 4
11, 8, 4, 3, 4
11, 8, 4, 3, 4
11, 8, 4, 3, 4
11, 8, 4, 3, 4
11, 8, 4, 5, 4
11, 8, 4, 5, 4
11, 8, 4, 5, 4
11, 8, 4, 5, 4
11, 8, 5, 4, 4
11, 8, 5, 4, 4
11, 8, 5, 4, 4
11, 8, 5, 4, 4
11, 8, 5, 6, 4
11, 8, 5, 6, 4
11, 8, 5, 6, 4
11, 8, 5, 6, 4
11, 8, 6, 5, 4
11, 8, 6, 5, 4
11, 8, 6, 5, 4
11, 8, 6, 5, 4
11, 8, 6, 7, 4
11, 8, 6, 7, 4
11, 8, 6, 7, 4
11, 8, 6, 7, 4
11, 4, 7, 6, 4
11, 4, 7, 6, 4
11, 4, 7, 6, 4
11, 4, 7, 6, 4
12, 197, 0, 1, 2
12, 197, 0, 1, 4
12, 197, 0, 1, 4
12, 197, 0, 1, 4
12, 197, 0, 1, 4
12, 197, 0, 1, 4
12, 197, 0, 1, 4
12, 197, 0, 1, 4
12, 197, 0, 1, 4
12, 197, 0, 1, 4
12, 197, 0, 1, 4
12, 197, 0, 1, 4
12, 197, 0, 1, 4
12, 197, 0, 1, 4
12, 197, 0, 1, 4
12, 197, 0, 1, 4
12, 197, 0, 1, 4
12, 197, 0, 1, 4
12, 197, 0, 1, 4
12, 197, 0, 1, 4
12, 197, 0, 1, 4
12, 197, 0, 1, 4
12, 197, 0, 1, 4
12, 197, 0, 1, 4
12, 197, 0, 1, 4
12, 197, 0, 1, 4
12, 197, 0, 1, 4
12, 197, 0, 1, 4
12, 197, 0, 1, 4
12, 197, 0, 1, 4
12, 197, 0, 1, 4
12, 197, 0, 1, 4
12, 197, 0, 1, 4
12, 197, 0, 1, 4
12, 197, 0, 1, 4
12, 197, 0, 1, 4
12, 197, 0, 1, 4
12, 197, 0, 1, 4
12, 197, 0, 1, 4
12, 197, 0, 1, 4
12, 197, 0, 1, 4
12, 197, 0, 1, 4
12, 197, 0, 1, 4
12, 197, 0, 1, 4
12, 197, 0, 1, 4
12, 197, 0, 1, 4
12, 197, 0, 1, 4
12, 197, 0, 1, 4
12, 197, 0, 1, 4
12, 197, 0, 1, 4
12, 197, 0, 1, 4
12, 197, 0, 1, 4
12, 197, 0, 1, 4
12, 197, 0, 1, 4
12, 197, 0, 1, 4
12, 197, 0, 1, 4
12, 197, 0, 1, 4
12, 197, 0, 1, 4
12, 197, 0, 1, 4
12, 197, 0, 1, 4
12, 197, 0, 1, 4
12, 197, 0, 1, 4
12, 197, 0, 1, 4
12, 197, 0, 1, 4
12, 197, 0, 1, 4
12, 197, 0, 1, 4
12, 197, 0, 1, 4
12, 197, 0, 1, 4
12, 197, 0, 1, 4
12, 197, 0, 1, 4
12, 197, 0, 1, 4
12, 197, 0, 1, 4
12, 197, 0, 1, 4
12, 197, 0, 1, 4
12, 197, 0, 1, 4
12, 197, 0, 1, 4
12, 197, 0, 1, 4
12, 197, 0, 1, 4
12, 197, 0, 1, 4
12, 197, 0, 1, 4
12, 197, 0, 1, 4
12, 197, 0, 1, 4
12, 197, 0, 1, 4
12, 197, 0, 1, 4
12, 197, 0, 1, 4
12, 197, 0, 1, 4
12, 197, 0, 1, 4
12, 197, 0, 1, 4
12, 197, 0, 1, 4
12, 197, 0, 1, 4
12, 197, 0, 1, 4
12, 197, 0, 1, 4
12, 197, 0, 1, 4
12, 197, 0, 1, 4
12, 197, 0, 1, 4
12, 197, 0, 1, 4
12, 197, 0, 1, 4
12, 197, 0, 1, 4
12, 197, 0, 1, 4
12, 197, 0, 1, 4
12, 197, 0, 1, 4
12, 197, 0, 1, 4
12, 197, 0, 1, 4
12, 197, 0, 1, 4
12, 197, 0, 1, 4
12, 197, 0, 1, 4
12, 197, 0, 1, 4
12, 197, 0, 1, 4
12, 197, 0, 1, 4
12, 197, 0, 1, 4
12, 197, 0, 1, 4
12, 197, 0, 1, 4
12, 197, 0, 1, 4
12, 197, 0, 1, 4
12, 197, 0, 1, 4
12, 197, 0, 1, 4
12, 197, 0, 1, 4
12, 197, 0, 1, 4
12, 197, 0, 1, 4
12, 197, 0, 1, 4
12, 197, 0, 1, 4
12, 197, 0, 1, 4
12, 197, 0, 1, 4
12, 197, 0, 1, 4
12, 197, 0, 1, 4
12, 197, 0, 1, 4
12, 197, 0, 1, 4
12, 197, 0, 1, 4
12, 197, 0, 1, 4
12, 197, 0, 1, 4
12, 197, 0, 1, 4
12, 197, 0, 1, 4
12, 197, 0, 1, 4
12, 197, 0, 1, 4
12, 197, 0, 1, 4
12, 197, 0, 1, 4
12, 197, 0, 1, 4
12, 197, 0, 1, 4
12, 197, 0, 1, 4
12, 197, 0, 1, 4
12, 197, 0, 1, 4
12, 197, 0, 1, 4
12, 197, 0, 1, 4
12, 197, 0, 1, 4
12, 197, 0, 1, 4
12, 197, 0, 1, 4
12, 197, 0, 1, 4
12, 197, 0, 1, 4
12, 197, 0, 1, 4
12, 197, 0, 1, 4
12, 197, 0, 1, 4
12, 197, 0, 1, 4
12, 197, 0, 1, 4
12, 197, 0, 1, 4
12, 197, 0, 1, 4
12, 197, 0, 1, 4
12, 197, 0, 1, 4
12, 197, 0, 1, 4
12, 197, 0, 1, 4
12, 197, 0, 1, 4
12, 197, 0, 1, 4
12, 197, 0, 1, 4
12, 197, 0, 1, 4
12, 197, 0, 1, 4
12, 197, 0, 1, 4
12, 197, 0, 1, 4
12, 197, 0, 1, 4
12, 197, 0, 1, 4
12, 197, 0, 1, 4
12, 197, 0, 1, 4
12, 197, 0, 1, 4
12, 197, 0, 1, 4
12, 197, 0, 1, 4
12, 197, 0, 1, 4
12, 197, 0, 1, 4
12, 197, 0, 1, 4
12, 197, 0, 1, 4
12, 197, 0, 1, 4
12, 197, 0, 1, 4
12, 197, 0, 1, 4
12, 197, 0, 1, 4
12, 197, 0, 1, 4
12, 197, 0, 1, 4
12, 197, 0, 1, 4
12, 197, 0, 1, 4
12, 197, 0, 1, 4
12, 197, 0, 1, 4
12, 197, 0, 1, 4
12, 197, 0, 1, 4
12, 197, 0, 1, 4
12, 197, 0, 1, 4
12, 197, 0, 1, 4
12, 197, 0, 1, 4
12, 197, 0, 1, 4
12, 197, 0, 1, 4
12, 197, 0, 1, 4
12, 197, 0, 1, 4
12, 197, 1, 0, 2
12, 197, 1, 0, 4
12, 197, 1, 0, 4
12, 197, 1, 0, 4
12, 197, 1, 0, 4
12, 197, 1, 0, 4
12, 197, 1, 0, 4
12, 197, 1, 0, 4
12, 197, 1, 0, 4
12, 197, 1, 0, 4
12, 197, 1, 0, 4
12, 197, 1, 0, 4
12, 197, 1, 0, 4
12, 197, 1, 0, 4
12, 197, 1, 0, 4
12, 197, 1, 0, 4
12, 197, 1, 0, 4
12, 197, 1, 0, 4
12, 197, 1, 0, 4
12, 197, 1, 0, 4
12, 197, 1, 0, 4
12, 197, 1, 0, 4
12, 197, 1, 0, 4
12, 197, 1, 0, 4
12, 197, 1, 0, 4
12, 197, 1, 0, 4
12, 197, 1, 0, 4
12, 197, 1, 0, 4
12, 197, 1, 0, 4
12, 197, 1, 0, 4
12, 197, 1, 0, 4
12, 197, 1, 0, 4
12, 197, 1, 0, 4
12, 197, 1, 0, 4
12, 197, 1, 0, 4
12, 197, 1, 0, 4
12, 197, 1, 0, 4
12, 197, 1, 0, 4
12, 197, 1, 0, 4
12, 197, 1, 0, 4
12, 197, 1, 0, 4
12, 197, 1, 0, 4
12, 197, 1, 0, 4
12, 197, 1, 0, 4
12, 197, 1, 0, 4
12, 197, 1, 0, 4
12, 197, 1, 0, 4
12, 197, 1, 0, 4
12, 197, 1, 0, 4
12, 197, 1, 0, 4
12, 197, 1, 0, 4
12, 197, 1, 0, 4
12, 197, 1, 0, 4
12, 197, 1, 0, 4
12, 197, 1, 0, 4
12, 197, 1, 0, 4
12, 197, 1, 0, 4
12, 197, 1, 0, 4
12, 197, 1, 0, 4
12, 197, 1, 0, 4
12, 197, 1, 0, 4
12, 197, 1, 0, 4
12, 197, 1, 0, 4
12, 197, 1, 0, 4
12, 197, 1, 0, 4
12, 197, 1, 0, 4
12, 197, 1, 0, 4
12, 197, 1, 0, 4
12, 197, 1, 0, 4
12, 197, 1, 0, 4
12, 197, 1, 0, 4
12, 197, 1, 0, 4
12, 197, 1, 0, 4
12, 197, 1, 0, 4
12, 197, 1, 0, 4
12, 197, 1, 0, 4
12, 197, 1, 0, 4
12, 197, 1, 0, 4
12, 197, 1, 0, 4
12, 197, 1, 0, 4
12, 197, 1, 0, 4
12, 197, 1, 0, 4
12, 197, 1, 0, 4
12, 197, 1, 0, 4
12, 197, 1, 0, 4
12, 197, 1, 0, 4
12, 197, 1, 0, 4
12, 197, 1, 0, 4
12, 197, 1, 0, 4
12, 197, 1, 0, 4
12, 197, 1, 0, 4
12, 197, 1, 0, 4
12, 197, 1, 0, 4
12, 197, 1, 0, 4
12, 197, 1, 0, 4
12, 197, 1, 0, 4
12, 197, 1, 0, 4
12, 197, 1, 0, 4
12, 197, 1, 0, 4
12, 197, 1, 0, 4
12, 197, 1, 0, 4
12, 197, 1, 0, 4
12, 197, 1, 0, 4
12, 197, 1, 0, 4
12, 197, 1, 0, 4
12, 197, 1, 0, 4
12, 197, 1, 0, 4
12, 197, 1, 0, 4
12, 197, 1, 0, 4
12, 197, 1, 0, 4
12, 197, 1, 0, 4
12, 197, 1, 0, 4
12, 197, 1, 0, 4
12, 197, 1, 0, 4
12, 197, 1, 0, 4
12, 197, 1, 0, 4
12, 197, 1, 0, 4
12, 197, 1, 0, 4
12, 197, 1, 0, 4
12, 197, 1, 0, 4
12, 197, 1, 0, 4
12, 197, 1, 0, 4
12, 197, 1, 0, 4
12, 197, 1, 0, 4
12, 197, 1, 0, 4
12, 197, 1, 0, 4
12, 197, 1, 0, 4
12, 197, 1, 0, 4
12, 197, 1, 0, 4
12, 197, 1, 0, 4
12, 197, 1, 0, 4
12, 197, 1, 0, 4
12, 197, 1, 0, 4
12, 197, 1, 0, 4
12, 197, 1, 0, 4
12, 197, 1, 0, 4
12, 197, 1, 0, 4
12, 197, 1, 0, 4
12, 197, 1, 0, 4
12, 197, 1, 0, 4
12, 197, 1, 0, 4
12, 197, 1, 0, 4
12, 197, 1, 0, 4
12, 197, 1, 0, 4
12, 197, 1, 0, 4
12, 197, 1, 0, 4
12, 197, 1, 0, 4
12, 197, 1, 0, 4
12, 197, 1, 0, 4
12, 197, 1, 0, 4
12, 197, 1, 0, 4
12, 197, 1, 0, 4
12, 197, 1, 0, 4
12, 197, 1, 0, 4
12, 197, 1, 0, 4
12, 197, 1, 0, 4
12, 197, 1, 0, 4
12, 197, 1, 0, 4
12, 197, 1, 0, 4
12, 197, 1, 0, 4
12, 197, 1, 0, 4
12, 197, 1, 0, 4
12, 197, 1, 0, 4
12, 197, 1, 0, 4
12, 197, 1, 0, 4
12, 197, 1, 0, 4
12, 197, 1, 0, 4
12, 197, 1, 0, 4
12, 197, 1, 0, 4
12, 197, 1, 0, 4
12, 197, 1, 0, 4
12, 197, 1, 0, 4
12, 197, 1, 0, 4
12, 197, 1, 0, 4
12, 197, 1, 0, 4
12, 197, 1, 0, 4
12, 197, 1, 0, 4
12, 197, 1, 0, 4
12, 197, 1, 0, 4
12, 197, 1, 0, 4
12, 197, 1, 0, 4
12, 197, 1, 0, 4
12, 197, 1, 0, 4
12, 197, 1, 0, 4
12, 197, 1, 0, 4
12, 197, 1, 0, 4
12, 197, 1, 0, 4
12, 197, 1, 0, 4
12, 197, 1, 0, 4
12, 197, 1, 0, 4
12, 197, 1, 0, 4
12, 197, 1, 0, 4
12, 197, 1, 0, 4
12, 197, 1, 0, 4
12, 197, 1, 0, 4
12, 197, 1, 0, 4
12, 197, 1, 0, 4
Goal
1
2
3
4
5
6
7
8
9
10
11
12
