CG
8
0, 5, 4, 40
0, 5, 5, 40
0, 5, 6, 40
0, 5, 7, 40
0, 5, 3, 160
1, 5, 4, 40
1, 5, 5, 40
1, 5, 6, 40
1, 5, 7, 40
1, 5, 2, 160
2, 4, 4, 40
2, 4, 5, 40
2, 4, 6, 40
2, 4, 7, 40
3, 4, 4, 40
3, 4, 5, 40
3, 4, 6, 40
3, 4, 7, 40
4, 2, 2, 40
4, 2, 3, 40
5, 2, 2, 40
5, 2, 3, 40
6, 2, 2, 40
6, 2, 3, 40
7, 2, 2, 40
7, 2, 3, 40
DTG
0, 2, 0, 2, 1
0, 2, 0, 3, 1
0, 2, 1, 2, 1
0, 2, 1, 4, 1
0, 4, 2, 0, 1
0, 4, 2, 1, 1
0, 4, 2, 3, 1
0, 4, 2, 4, 1
0, 2, 3, 0, 1
0, 2, 3, 2, 1
0, 2, 4, 1, 1
0, 2, 4, 2, 1
1, 2, 0, 2, 1
1, 2, 0, 3, 1
1, 2, 1, 2, 1
1, 2, 1, 4, 1
1, 4, 2, 0, 1
1, 4, 2, 1, 1
1, 4, 2, 3, 1
1, 4, 2, 4, 1
1, 2, 3, 0, 1
1, 2, 3, 2, 1
1, 2, 4, 1, 1
1, 2, 4, 2, 1
2, 20, 0, 1, 3
2, 20, 0, 1, 3
2, 20, 0, 1, 3
2, 20, 0, 1, 3
2, 20, 0, 1, 3
2, 20, 0, 1, 3
2, 20, 0, 1, 3
2, 20, 0, 1, 3
2, 20, 0, 1, 3
2, 20, 0, 1, 3
2, 20, 0, 1, 3
2, 20, 0, 1, 3
2, 20, 0, 1, 3
2, 20, 0, 1, 3
2, 20, 0, 1, 3
2, 20, 0, 1, 3
2, 20, 0, 1, 3
2, 20, 0, 1, 3
2, 20, 0, 1, 3
2, 20, 0, 1, 3
2, 40, 1, 0, 3
2, 40, 1, 0, 3
2, 40, 1, 0, 3
2, 40, 1, 0, 3
2, 40, 1, 0, 3
2, 40, 1, 0, 3
2, 40, 1, 0, 3
2, 40, 1, 0, 3
2, 40, 1, 0, 3
2, 40, 1, 0, 3
2, 40, 1, 0, 3
2, 40, 1, 0, 3
2, 40, 1, 0, 3
2, 40, 1, 0, 3
2, 40, 1, 0, 3
2, 40, 1, 0, 3
2, 40, 1, 0, 3
2, 40, 1, 0, 3
2, 40, 1, 0, 3
2, 40, 1, 0, 3
2, 40, 1, 2, 3
2, 40, 1, 2, 3
2, 40, 1, 2, 3
2, 40, 1, 2, 3
2, 40, 1, 2, 3
2, 40, 1, 2, 3
2, 40, 1, 2, 3
2, 40, 1, 2, 3
2, 40, 1, 2, 3
2, 40, 1, 2, 3
2, 40, 1, 2, 3
2, 40, 1, 2, 3
2, 40, 1, 2, 3
2, 40, 1, 2, 3
2, 40, 1, 2, 3
2, 40, 1, 2, 3
2, 40, 1, 2, 3
2, 40, 1, 2, 3
2, 40, 1, 2, 3
2, 40, 1, 2, 3
2, 40, 2, 1, 3
2, 40, 2, 1, 3
2, 40, 2, 1, 3
2, 40, 2, 1, 3
2, 40, 2, 1, 3
2, 40, 2, 1, 3
2, 40, 2, 1, 3
2, 40, 2, 1, 3
2, 40, 2, 1, 3
2, 40, 2, 1, 3
2, 40, 2, 1, 3
2, 40, 2, 1, 3
2, 40, 2, 1, 3
2, 40, 2, 1, 3
2, 40, 2, 1, 3
2, 40, 2, 1, 3
2, 40, 2, 1, 3
2, 40, 2, 1, 3
2, 40, 2, 1, 3
2, 40, 2, 1, 3
2, 40, 2, 3, 3
2, 40, 2, 3, 3
2, 40, 2, 3, 3
2, 40, 2, 3, 3
2, 40, 2, 3, 3
2, 40, 2, 3, 3
2, 40, 2, 3, 3
2, 40, 2, 3, 3
2, 40, 2, 3, 3
2, 40, 2, 3, 3
2, 40, 2, 3, 3
2, 40, 2, 3, 3
2, 40, 2, 3, 3
2, 40, 2, 3, 3
2, 40, 2, 3, 3
2, 40, 2, 3, 3
2, 40, 2, 3, 3
2, 40, 2, 3, 3
2, 40, 2, 3, 3
2, 40, 2, 3, 3
2, 40, 3, 2, 3
2, 40, 3, 2, 3
2, 40, 3, 2, 3
2, 40, 3, 2, 3
2, 40, 3, 2, 3
2, 40, 3, 2, 3
2, 40, 3, 2, 3
2, 40, 3, 2, 3
2, 40, 3, 2, 3
2, 40, 3, 2, 3
2, 40, 3, 2, 3
2, 40, 3, 2, 3
2, 40, 3, 2, 3
2, 40, 3, 2, 3
2, 40, 3, 2, 3
2, 40, 3, 2, 3
2, 40, 3, 2, 3
2, 40, 3, 2, 3
2, 40, 3, 2, 3
2, 40, 3, 2, 3
2, 40, 3, 4, 3
2, 40, 3, 4, 3
2, 40, 3, 4, 3
2, 40, 3, 4, 3
2, 40, 3, 4, 3
2, 40, 3, 4, 3
2, 40, 3, 4, 3
2, 40, 3, 4, 3
2, 40, 3, 4, 3
2, 40, 3, 4, 3
2, 40, 3, 4, 3
2, 40, 3, 4, 3
2, 40, 3, 4, 3
2, 40, 3, 4, 3
2, 40, 3, 4, 3
2, 40, 3, 4, 3
2, 40, 3, 4, 3
2, 40, 3, 4, 3
2, 40, 3, 4, 3
2, 40, 3, 4, 3
2, 20, 4, 3, 3
2, 20, 4, 3, 3
2, 20, 4, 3, 3
2, 20, 4, 3, 3
2, 20, 4, 3, 3
2, 20, 4, 3, 3
2, 20, 4, 3, 3
2, 20, 4, 3, 3
2, 20, 4, 3, 3
2, 20, 4, 3, 3
2, 20, 4, 3, 3
2, 20, 4, 3, 3
2, 20, 4, 3, 3
2, 20, 4, 3, 3
2, 20, 4, 3, 3
2, 20, 4, 3, 3
2, 20, 4, 3, 3
2, 20, 4, 3, 3
2, 20, 4, 3, 3
2, 20, 4, 3, 3
3, 20, 0, 1, 3
3, 20, 0, 1, 3
3, 20, 0, 1, 3
3, 20, 0, 1, 3
3, 20, 0, 1, 3
3, 20, 0, 1, 3
3, 20, 0, 1, 3
3, 20, 0, 1, 3
3, 20, 0, 1, 3
3, 20, 0, 1, 3
3, 20, 0, 1, 3
3, 20, 0, 1, 3
3, 20, 0, 1, 3
3, 20, 0, 1, 3
3, 20, 0, 1, 3
3, 20, 0, 1, 3
3, 20, 0, 1, 3
3, 20, 0, 1, 3
3, 20, 0, 1, 3
3, 20, 0, 1, 3
3, 40, 1, 0, 3
3, 40, 1, 0, 3
3, 40, 1, 0, 3
3, 40, 1, 0, 3
3, 40, 1, 0, 3
3, 40, 1, 0, 3
3, 40, 1, 0, 3
3, 40, 1, 0, 3
3, 40, 1, 0, 3
3, 40, 1, 0, 3
3, 40, 1, 0, 3
3, 40, 1, 0, 3
3, 40, 1, 0, 3
3, 40, 1, 0, 3
3, 40, 1, 0, 3
3, 40, 1, 0, 3
3, 40, 1, 0, 3
3, 40, 1, 0, 3
3, 40, 1, 0, 3
3, 40, 1, 0, 3
3, 40, 1, 2, 3
3, 40, 1, 2, 3
3, 40, 1, 2, 3
3, 40, 1, 2, 3
3, 40, 1, 2, 3
3, 40, 1, 2, 3
3, 40, 1, 2, 3
3, 40, 1, 2, 3
3, 40, 1, 2, 3
3, 40, 1, 2, 3
3, 40, 1, 2, 3
3, 40, 1, 2, 3
3, 40, 1, 2, 3
3, 40, 1, 2, 3
3, 40, 1, 2, 3
3, 40, 1, 2, 3
3, 40, 1, 2, 3
3, 40, 1, 2, 3
3, 40, 1, 2, 3
3, 40, 1, 2, 3
3, 40, 2, 1, 3
3, 40, 2, 1, 3
3, 40, 2, 1, 3
3, 40, 2, 1, 3
3, 40, 2, 1, 3
3, 40, 2, 1, 3
3, 40, 2, 1, 3
3, 40, 2, 1, 3
3, 40, 2, 1, 3
3, 40, 2, 1, 3
3, 40, 2, 1, 3
3, 40, 2, 1, 3
3, 40, 2, 1, 3
3, 40, 2, 1, 3
3, 40, 2, 1, 3
3, 40, 2, 1, 3
3, 40, 2, 1, 3
3, 40, 2, 1, 3
3, 40, 2, 1, 3
3, 40, 2, 1, 3
3, 40, 2, 3, 3
3, 40, 2, 3, 3
3, 40, 2, 3, 3
3, 40, 2, 3, 3
3, 40, 2, 3, 3
3, 40, 2, 3, 3
3, 40, 2, 3, 3
3, 40, 2, 3, 3
3, 40, 2, 3, 3
3, 40, 2, 3, 3
3, 40, 2, 3, 3
3, 40, 2, 3, 3
3, 40, 2, 3, 3
3, 40, 2, 3, 3
3, 40, 2, 3, 3
3, 40, 2, 3, 3
3, 40, 2, 3, 3
3, 40, 2, 3, 3
3, 40, 2, 3, 3
3, 40, 2, 3, 3
3, 40, 3, 2, 3
3, 40, 3, 2, 3
3, 40, 3, 2, 3
3, 40, 3, 2, 3
3, 40, 3, 2, 3
3, 40, 3, 2, 3
3, 40, 3, 2, 3
3, 40, 3, 2, 3
3, 40, 3, 2, 3
3, 40, 3, 2, 3
3, 40, 3, 2, 3
3, 40, 3, 2, 3
3, 40, 3, 2, 3
3, 40, 3, 2, 3
3, 40, 3, 2, 3
3, 40, 3, 2, 3
3, 40, 3, 2, 3
3, 40, 3, 2, 3
3, 40, 3, 2, 3
3, 40, 3, 2, 3
3, 40, 3, 4, 3
3, 40, 3, 4, 3
3, 40, 3, 4, 3
3, 40, 3, 4, 3
3, 40, 3, 4, 3
3, 40, 3, 4, 3
3, 40, 3, 4, 3
3, 40, 3, 4, 3
3, 40, 3, 4, 3
3, 40, 3, 4, 3
3, 40, 3, 4, 3
3, 40, 3, 4, 3
3, 40, 3, 4, 3
3, 40, 3, 4, 3
3, 40, 3, 4, 3
3, 40, 3, 4, 3
3, 40, 3, 4, 3
3, 40, 3, 4, 3
3, 40, 3, 4, 3
3, 40, 3, 4, 3
3, 20, 4, 3, 3
3, 20, 4, 3, 3
3, 20, 4, 3, 3
3, 20, 4, 3, 3
3, 20, 4, 3, 3
3, 20, 4, 3, 3
3, 20, 4, 3, 3
3, 20, 4, 3, 3
3, 20, 4, 3, 3
3, 20, 4, 3, 3
3, 20, 4, 3, 3
3, 20, 4, 3, 3
3, 20, 4, 3, 3
3, 20, 4, 3, 3
3, 20, 4, 3, 3
3, 20, 4, 3, 3
3, 20, 4, 3, 3
3, 20, 4, 3, 3
3, 20, 4, 3, 3
3, 20, 4, 3, 3
4, 8, 0, 5, 3
4, 8, 0, 5, 3
4, 8, 0, 5, 3
4, 8, 0, 5, 3
4, 8, 0, 6, 3
4, 8, 0, 6, 3
4, 8, 0, 6, 3
4, 8, 0, 6, 3
4, 8, 1, 5, 3
4, 8, 1, 5, 3
4, 8, 1, 5, 3
4, 8, 1, 5, 3
4, 8, 1, 6, 3
4, 8, 1, 6, 3
4, 8, 1, 6, 3
4, 8, 1, 6, 3
4, 8, 2, 5, 3
4, 8, 2, 5, 3
4, 8, 2, 5, 3
4, 8, 2, 5, 3
4, 8, 2, 6, 3
4, 8, 2, 6, 3
4, 8, 2, 6, 3
4, 8, 2, 6, 3
4, 8, 3, 5, 3
4, 8, 3, 5, 3
4, 8, 3, 5, 3
4, 8, 3, 5, 3
4, 8, 3, 6, 3
4, 8, 3, 6, 3
4, 8, 3, 6, 3
4, 8, 3, 6, 3
4, 8, 4, 5, 3
4, 8, 4, 5, 3
4, 8, 4, 5, 3
4, 8, 4, 5, 3
4, 8, 4, 6, 3
4, 8, 4, 6, 3
4, 8, 4, 6, 3
4, 8, 4, 6, 3
4, 20, 5, 0, 3
4, 20, 5, 0, 3
4, 20, 5, 0, 3
4, 20, 5, 0, 3
4, 20, 5, 1, 3
4, 20, 5, 1, 3
4, 20, 5, 1, 3
4, 20, 5, 1, 3
4, 20, 5, 2, 3
4, 20, 5, 2, 3
4, 20, 5, 2, 3
4, 20, 5, 2, 3
4, 20, 5, 3, 3
4, 20, 5, 3, 3
4, 20, 5, 3, 3
4, 20, 5, 3, 3
4, 20, 5, 4, 3
4, 20, 5, 4, 3
4, 20, 5, 4, 3
4, 20, 5, 4, 3
4, 20, 6, 0, 3
4, 20, 6, 0, 3
4, 20, 6, 0, 3
4, 20, 6, 0, 3
4, 20, 6, 1, 3
4, 20, 6, 1, 3
4, 20, 6, 1, 3
4, 20, 6, 1, 3
4, 20, 6, 2, 3
4, 20, 6, 2, 3
4, 20, 6, 2, 3
4, 20, 6, 2, 3
4, 20, 6, 3, 3
4, 20, 6, 3, 3
4, 20, 6, 3, 3
4, 20, 6, 3, 3
4, 20, 6, 4, 3
4, 20, 6, 4, 3
4, 20, 6, 4, 3
4, 20, 6, 4, 3
5, 8, 0, 5, 3
5, 8, 0, 5, 3
5, 8, 0, 5, 3
5, 8, 0, 5, 3
5, 8, 0, 6, 3
5, 8, 0, 6, 3
5, 8, 0, 6, 3
5, 8, 0, 6, 3
5, 8, 1, 5, 3
5, 8, 1, 5, 3
5, 8, 1, 5, 3
5, 8, 1, 5, 3
5, 8, 1, 6, 3
5, 8, 1, 6, 3
5, 8, 1, 6, 3
5, 8, 1, 6, 3
5, 8, 2, 5, 3
5, 8, 2, 5, 3
5, 8, 2, 5, 3
5, 8, 2, 5, 3
5, 8, 2, 6, 3
5, 8, 2, 6, 3
5, 8, 2, 6, 3
5, 8, 2, 6, 3
5, 8, 3, 5, 3
5, 8, 3, 5, 3
5, 8, 3, 5, 3
5, 8, 3, 5, 3
5, 8, 3, 6, 3
5, 8, 3, 6, 3
5, 8, 3, 6, 3
5, 8, 3, 6, 3
5, 8, 4, 5, 3
5, 8, 4, 5, 3
5, 8, 4, 5, 3
5, 8, 4, 5, 3
5, 8, 4, 6, 3
5, 8, 4, 6, 3
5, 8, 4, 6, 3
5, 8, 4, 6, 3
5, 20, 5, 0, 3
5, 20, 5, 0, 3
5, 20, 5, 0, 3
5, 20, 5, 0, 3
5, 20, 5, 1, 3
5, 20, 5, 1, 3
5, 20, 5, 1, 3
5, 20, 5, 1, 3
5, 20, 5, 2, 3
5, 20, 5, 2, 3
5, 20, 5, 2, 3
5, 20, 5, 2, 3
5, 20, 5, 3, 3
5, 20, 5, 3, 3
5, 20, 5, 3, 3
5, 20, 5, 3, 3
5, 20, 5, 4, 3
5, 20, 5, 4, 3
5, 20, 5, 4, 3
5, 20, 5, 4, 3
5, 20, 6, 0, 3
5, 20, 6, 0, 3
5, 20, 6, 0, 3
5, 20, 6, 0, 3
5, 20, 6, 1, 3
5, 20, 6, 1, 3
5, 20, 6, 1, 3
5, 20, 6, 1, 3
5, 20, 6, 2, 3
5, 20, 6, 2, 3
5, 20, 6, 2, 3
5, 20, 6, 2, 3
5, 20, 6, 3, 3
5, 20, 6, 3, 3
5, 20, 6, 3, 3
5, 20, 6, 3, 3
5, 20, 6, 4, 3
5, 20, 6, 4, 3
5, 20, 6, 4, 3
5, 20, 6, 4, 3
6, 8, 0, 5, 3
6, 8, 0, 5, 3
6, 8, 0, 5, 3
6, 8, 0, 5, 3
6, 8, 0, 6, 3
6, 8, 0, 6, 3
6, 8, 0, 6, 3
6, 8, 0, 6, 3
6, 8, 1, 5, 3
6, 8, 1, 5, 3
6, 8, 1, 5, 3
6, 8, 1, 5, 3
6, 8, 1, 6, 3
6, 8, 1, 6, 3
6, 8, 1, 6, 3
6, 8, 1, 6, 3
6, 8, 2, 5, 3
6, 8, 2, 5, 3
6, 8, 2, 5, 3
6, 8, 2, 5, 3
6, 8, 2, 6, 3
6, 8, 2, 6, 3
6, 8, 2, 6, 3
6, 8, 2, 6, 3
6, 8, 3, 5, 3
6, 8, 3, 5, 3
6, 8, 3, 5, 3
6, 8, 3, 5, 3
6, 8, 3, 6, 3
6, 8, 3, 6, 3
6, 8, 3, 6, 3
6, 8, 3, 6, 3
6, 8, 4, 5, 3
6, 8, 4, 5, 3
6, 8, 4, 5, 3
6, 8, 4, 5, 3
6, 8, 4, 6, 3
6, 8, 4, 6, 3
6, 8, 4, 6, 3
6, 8, 4, 6, 3
6, 20, 5, 0, 3
6, 20, 5, 0, 3
6, 20, 5, 0, 3
6, 20, 5, 0, 3
6, 20, 5, 1, 3
6, 20, 5, 1, 3
6, 20, 5, 1, 3
6, 20, 5, 1, 3
6, 20, 5, 2, 3
6, 20, 5, 2, 3
6, 20, 5, 2, 3
6, 20, 5, 2, 3
6, 20, 5, 3, 3
6, 20, 5, 3, 3
6, 20, 5, 3, 3
6, 20, 5, 3, 3
6, 20, 5, 4, 3
6, 20, 5, 4, 3
6, 20, 5, 4, 3
6, 20, 5, 4, 3
6, 20, 6, 0, 3
6, 20, 6, 0, 3
6, 20, 6, 0, 3
6, 20, 6, 0, 3
6, 20, 6, 1, 3
6, 20, 6, 1, 3
6, 20, 6, 1, 3
6, 20, 6, 1, 3
6, 20, 6, 2, 3
6, 20, 6, 2, 3
6, 20, 6, 2, 3
6, 20, 6, 2, 3
6, 20, 6, 3, 3
6, 20, 6, 3, 3
6, 20, 6, 3, 3
6, 20, 6, 3, 3
6, 20, 6, 4, 3
6, 20, 6, 4, 3
6, 20, 6, 4, 3
6, 20, 6, 4, 3
7, 8, 0, 5, 3
7, 8, 0, 5, 3
7, 8, 0, 5, 3
7, 8, 0, 5, 3
7, 8, 0, 6, 3
7, 8, 0, 6, 3
7, 8, 0, 6, 3
7, 8, 0, 6, 3
7, 8, 1, 5, 3
7, 8, 1, 5, 3
7, 8, 1, 5, 3
7, 8, 1, 5, 3
7, 8, 1, 6, 3
7, 8, 1, 6, 3
7, 8, 1, 6, 3
7, 8, 1, 6, 3
7, 8, 2, 5, 3
7, 8, 2, 5, 3
7, 8, 2, 5, 3
7, 8, 2, 5, 3
7, 8, 2, 6, 3
7, 8, 2, 6, 3
7, 8, 2, 6, 3
7, 8, 2, 6, 3
7, 8, 3, 5, 3
7, 8, 3, 5, 3
7, 8, 3, 5, 3
7, 8, 3, 5, 3
7, 8, 3, 6, 3
7, 8, 3, 6, 3
7, 8, 3, 6, 3
7, 8, 3, 6, 3
7, 8, 4, 5, 3
7, 8, 4, 5, 3
7, 8, 4, 5, 3
7, 8, 4, 5, 3
7, 8, 4, 6, 3
7, 8, 4, 6, 3
7, 8, 4, 6, 3
7, 8, 4, 6, 3
7, 20, 5, 0, 3
7, 20, 5, 0, 3
7, 20, 5, 0, 3
7, 20, 5, 0, 3
7, 20, 5, 1, 3
7, 20, 5, 1, 3
7, 20, 5, 1, 3
7, 20, 5, 1, 3
7, 20, 5, 2, 3
7, 20, 5, 2, 3
7, 20, 5, 2, 3
7, 20, 5, 2, 3
7, 20, 5, 3, 3
7, 20, 5, 3, 3
7, 20, 5, 3, 3
7, 20, 5, 3, 3
7, 20, 5, 4, 3
7, 20, 5, 4, 3
7, 20, 5, 4, 3
7, 20, 5, 4, 3
7, 20, 6, 0, 3
7, 20, 6, 0, 3
7, 20, 6, 0, 3
7, 20, 6, 0, 3
7, 20, 6, 1, 3
7, 20, 6, 1, 3
7, 20, 6, 1, 3
7, 20, 6, 1, 3
7, 20, 6, 2, 3
7, 20, 6, 2, 3
7, 20, 6, 2, 3
7, 20, 6, 2, 3
7, 20, 6, 3, 3
7, 20, 6, 3, 3
7, 20, 6, 3, 3
7, 20, 6, 3, 3
7, 20, 6, 4, 3
7, 20, 6, 4, 3
7, 20, 6, 4, 3
7, 20, 6, 4, 3
Goal
4
5
6
7
