CG
140
0, 8, -1, 1
0, 8, 138, 1
0, 8, 78, 3
0, 8, 32, 1
0, 8, 33, 1
0, 8, 34, 1
0, 8, 36, 1
0, 8, 8, 1
0, 8, 37, 1
1, 8, -1, 1
1, 8, 138, 1
1, 8, 78, 3
1, 8, 38, 1
1, 8, 39, 1
1, 8, 40, 1
1, 8, 41, 1
1, 8, 9, 1
1, 8, 42, 1
2, 8, -1, 1
2, 8, 138, 1
2, 8, 78, 3
2, 8, 32, 1
2, 8, 33, 1
2, 8, 34, 1
2, 8, 36, 1
2, 8, 10, 1
2, 8, 37, 1
3, 8, -1, 1
3, 8, 138, 1
3, 8, 78, 3
3, 8, 38, 1
3, 8, 39, 1
3, 8, 40, 1
3, 8, 41, 1
3, 8, 11, 1
3, 8, 42, 1
4, 8, -1, 1
4, 8, 138, 1
4, 8, 78, 3
4, 8, 32, 1
4, 8, 33, 1
4, 8, 34, 1
4, 8, 36, 1
4, 8, 8, 1
4, 8, 37, 1
5, 8, -1, 1
5, 8, 138, 1
5, 8, 78, 3
5, 8, 38, 1
5, 8, 39, 1
5, 8, 40, 1
5, 8, 41, 1
5, 8, 9, 1
5, 8, 42, 1
6, 8, -1, 1
6, 8, 138, 1
6, 8, 78, 3
6, 8, 32, 1
6, 8, 33, 1
6, 8, 34, 1
6, 8, 36, 1
6, 8, 10, 1
6, 8, 37, 1
7, 8, -1, 1
7, 8, 138, 1
7, 8, 78, 3
7, 8, 38, 1
7, 8, 39, 1
7, 8, 40, 1
7, 8, 41, 1
7, 8, 11, 1
7, 8, 42, 1
8, 5, 139, 3
8, 5, 134, 3
8, 5, 61, 3
8, 5, 136, 3
8, 5, 86, 3
9, 5, 139, 3
9, 5, 134, 3
9, 5, 62, 3
9, 5, 136, 3
9, 5, 86, 3
10, 5, 139, 3
10, 5, 135, 3
10, 5, 61, 3
10, 5, 136, 3
10, 5, 86, 3
11, 5, 139, 3
11, 5, 135, 3
11, 5, 62, 3
11, 5, 136, 3
11, 5, 86, 3
12, 7, 138, 1
12, 7, 78, 2
12, 7, 73, 2
12, 7, 74, 2
12, 7, 75, 2
12, 7, 76, 2
12, 7, 77, 2
13, 7, 138, 1
13, 7, 78, 2
13, 7, 73, 2
13, 7, 74, 2
13, 7, 75, 2
13, 7, 76, 2
13, 7, 77, 2
14, 9, 139, 1
14, 9, 61, 1
14, 9, 62, 1
14, 9, 21, 2
14, 9, 129, 3
14, 9, 66, 2
14, 9, 57, 1
14, 9, 86, 2
14, 9, 67, 2
15, 47, 110, 4
15, 47, 130, 2
15, 47, 131, 2
15, 47, 111, 4
15, 47, 112, 4
15, 47, 132, 10
15, 47, 133, 10
15, 47, 134, 2
15, 47, 135, 2
15, 47, 58, 1
15, 47, 59, 1
15, 47, 64, 6
15, 47, 65, 6
15, 47, 70, 2
15, 47, 71, 2
15, 47, 69, 2
15, 47, 72, 2
15, 47, 57, 4
15, 47, 13, 1
15, 47, 24, 1
15, 47, 31, 1
15, 47, 138, 3
15, 47, 79, 4
15, 47, 113, 4
15, 47, 108, 2
15, 47, 107, 6
15, 47, 63, 4
15, 47, 89, 12
15, 47, 109, 12
15, 47, 53, 3
15, 47, -1, 3
15, 47, 47, 4
15, 47, 25, 1
15, 47, 54, 4
15, 47, 26, 1
15, 47, 50, 3
15, 47, -1, 3
15, 47, -1, 3
15, 47, -1, 3
15, 47, 68, 4
15, 47, -1, 3
15, 47, -1, 3
15, 47, -1, 3
15, 47, -1, 1
15, 47, 48, 4
15, 47, -1, 4
15, 47, -1, 3
15, 47, 49, 4
15, 47, 27, 1
15, 47, 28, 1
15, 47, -1, 1
15, 47, 55, 4
15, 47, -1, 4
15, 47, -1, 3
15, 47, 56, 4
15, 47, 29, 1
15, 47, 30, 1
15, 47, 51, 3
15, 47, -1, 3
15, 47, -1, 3
15, 47, 52, 3
15, 47, -1, 3
15, 47, -1, 3
15, 47, -1, 3
15, 47, -1, 3
15, 47, 20, 3
15, 47, -1, 6
15, 47, -1, 3
16, 9, 139, 1
16, 9, 61, 1
16, 9, 62, 1
16, 9, 21, 2
16, 9, 129, 3
16, 9, 66, 2
16, 9, 57, 1
16, 9, 86, 2
16, 9, 67, 2
17, 3, 139, 1
17, 3, 129, 1
17, 3, 57, 1
18, 8, 110, 2
18, 8, 111, 2
18, 8, 112, 2
18, 8, 133, 6
18, 8, 64, 3
18, 8, 65, 3
18, 8, 89, 6
18, 8, 109, 6
19, 9, 130, 1
19, 9, 131, 1
19, 9, 132, 2
19, 9, 135, 2
19, 9, 57, 2
19, 9, 79, 2
19, 9, 113, 2
19, 9, 53, 3
19, 9, -1, 3
19, 9, -1, 3
19, 9, 68, 3
19, 9, -1, 3
20, 8, 110, 2
20, 8, 111, 2
20, 8, 112, 2
20, 8, 132, 6
20, 8, 64, 3
20, 8, 65, 3
20, 8, 89, 6
20, 8, 109, 6
21, 3, 66, 1
21, 3, 67, 1
21, 3, 89, 1
22, 22, 138, 1
22, 22, 78, 3
22, 22, 73, 3
22, 22, 74, 3
22, 22, 75, 3
22, 22, 76, 3
22, 22, 77, 3
22, 22, 60, 3
22, 22, 53, 1
22, 22, 47, 1
22, 22, 25, 1
22, 22, 54, 1
22, 22, 26, 1
22, 22, 68, 1
22, 22, -1, 1
22, 22, 48, 1
22, 22, -1, 1
22, 22, 49, 1
22, 22, 27, 1
22, 22, 28, 1
22, 22, -1, 1
22, 22, 55, 1
22, 22, -1, 1
22, 22, 56, 1
22, 22, 29, 1
22, 22, 30, 1
23, 22, 138, 1
23, 22, 78, 3
23, 22, 73, 3
23, 22, 74, 3
23, 22, 75, 3
23, 22, 76, 3
23, 22, 77, 3
23, 22, 60, 3
23, 22, 53, 1
23, 22, 47, 1
23, 22, 25, 1
23, 22, 54, 1
23, 22, 26, 1
23, 22, 68, 1
23, 22, -1, 1
23, 22, 48, 1
23, 22, -1, 1
23, 22, 49, 1
23, 22, 27, 1
23, 22, 28, 1
23, 22, -1, 1
23, 22, 55, 1
23, 22, -1, 1
23, 22, 56, 1
23, 22, 29, 1
23, 22, 30, 1
24, 22, 138, 1
24, 22, 78, 3
24, 22, 73, 3
24, 22, 74, 3
24, 22, 75, 3
24, 22, 76, 3
24, 22, 77, 3
24, 22, 60, 3
24, 22, 53, 1
24, 22, 47, 1
24, 22, 25, 1
24, 22, 54, 1
24, 22, 26, 1
24, 22, 68, 1
24, 22, -1, 1
24, 22, 48, 1
24, 22, -1, 1
24, 22, 49, 1
24, 22, 27, 1
24, 22, 28, 1
24, 22, -1, 1
24, 22, 55, 1
24, 22, -1, 1
24, 22, 56, 1
24, 22, 29, 1
24, 22, 30, 1
25, 10, 139, 3
25, 10, 110, 2
25, 10, 111, 2
25, 10, 112, 2
25, 10, 132, 3
25, 10, 133, 3
25, 10, 64, 6
25, 10, 79, 3
25, 10, 89, 6
25, 10, 109, 6
26, 10, 139, 3
26, 10, 110, 2
26, 10, 111, 2
26, 10, 112, 2
26, 10, 132, 3
26, 10, 133, 3
26, 10, 65, 6
26, 10, 79, 3
26, 10, 89, 6
26, 10, 109, 6
27, 10, 139, 3
27, 10, 110, 2
27, 10, 111, 2
27, 10, 112, 2
27, 10, 132, 3
27, 10, 133, 3
27, 10, 64, 6
27, 10, 79, 3
27, 10, 89, 6
27, 10, 109, 6
28, 10, 139, 3
28, 10, 110, 2
28, 10, 111, 2
28, 10, 112, 2
28, 10, 132, 3
28, 10, 133, 3
28, 10, 64, 6
28, 10, 79, 3
28, 10, 89, 6
28, 10, 109, 6
29, 10, 139, 3
29, 10, 110, 2
29, 10, 111, 2
29, 10, 112, 2
29, 10, 132, 3
29, 10, 133, 3
29, 10, 65, 6
29, 10, 79, 3
29, 10, 89, 6
29, 10, 109, 6
30, 10, 139, 3
30, 10, 110, 2
30, 10, 111, 2
30, 10, 112, 2
30, 10, 132, 3
30, 10, 133, 3
30, 10, 65, 6
30, 10, 79, 3
30, 10, 89, 6
30, 10, 109, 6
31, 22, 138, 1
31, 22, 78, 3
31, 22, 73, 3
31, 22, 74, 3
31, 22, 75, 3
31, 22, 76, 3
31, 22, 77, 3
31, 22, 60, 3
31, 22, 53, 1
31, 22, 47, 1
31, 22, 25, 1
31, 22, 54, 1
31, 22, 26, 1
31, 22, 68, 1
31, 22, -1, 1
31, 22, 48, 1
31, 22, -1, 1
31, 22, 49, 1
31, 22, 27, 1
31, 22, 28, 1
31, 22, -1, 1
31, 22, 55, 1
31, 22, -1, 1
31, 22, 56, 1
31, 22, 29, 1
31, 22, 30, 1
32, 12, 61, 4
32, 12, 64, 1
32, 12, 65, 1
32, 12, 35, 1
32, 12, 21, 1
32, 12, 114, 1
32, 12, 115, 1
32, 12, 128, 1
32, 12, 129, 1
32, 12, 66, 4
32, 12, 86, 4
32, 12, 67, 4
33, 12, 61, 4
33, 12, 64, 1
33, 12, 65, 1
33, 12, 35, 1
33, 12, 21, 1
33, 12, 114, 1
33, 12, 115, 1
33, 12, 128, 1
33, 12, 129, 1
33, 12, 66, 4
33, 12, 86, 4
33, 12, 67, 4
34, 12, 61, 4
34, 12, 64, 1
34, 12, 65, 1
34, 12, 35, 1
34, 12, 21, 1
34, 12, 114, 1
34, 12, 115, 1
34, 12, 128, 1
34, 12, 129, 1
34, 12, 66, 4
34, 12, 86, 4
34, 12, 67, 4
35, 3, 66, 1
35, 3, 67, 1
35, 3, 89, 1
36, 7, 132, 1
36, 7, 133, 1
36, 7, 70, 1
36, 7, 71, 1
36, 7, 69, 2
36, 7, 107, 2
36, 7, 63, 2
37, 6, 139, 6
37, 6, 134, 3
37, 6, 135, 3
37, 6, 61, 6
37, 6, 136, 6
37, 6, 86, 6
38, 12, 62, 4
38, 12, 64, 1
38, 12, 65, 1
38, 12, 35, 1
38, 12, 21, 1
38, 12, 114, 1
38, 12, 115, 1
38, 12, 128, 1
38, 12, 129, 1
38, 12, 66, 4
38, 12, 86, 4
38, 12, 67, 4
39, 12, 62, 4
39, 12, 64, 1
39, 12, 65, 1
39, 12, 35, 1
39, 12, 21, 1
39, 12, 114, 1
39, 12, 115, 1
39, 12, 128, 1
39, 12, 129, 1
39, 12, 66, 4
39, 12, 86, 4
39, 12, 67, 4
40, 12, 62, 4
40, 12, 64, 1
40, 12, 65, 1
40, 12, 35, 1
40, 12, 21, 1
40, 12, 114, 1
40, 12, 115, 1
40, 12, 128, 1
40, 12, 129, 1
40, 12, 66, 4
40, 12, 86, 4
40, 12, 67, 4
41, 7, 132, 1
41, 7, 133, 1
41, 7, 70, 1
41, 7, 71, 1
41, 7, 72, 2
41, 7, 107, 2
41, 7, 63, 2
42, 6, 139, 6
42, 6, 134, 3
42, 6, 135, 3
42, 6, 62, 6
42, 6, 136, 6
42, 6, 86, 6
43, 9, 139, 4
43, 9, 132, 2
43, 9, 23, 1
43, 9, 138, 1
43, 9, 113, 2
43, 9, 108, 1
43, 9, 109, 1
43, 9, 53, 1
43, 9, -1, 1
43, 9, -1, 1
43, 9, 68, 1
43, 9, -1, 1
44, 9, 139, 4
44, 9, 132, 2
44, 9, 22, 1
44, 9, 138, 1
44, 9, 113, 2
44, 9, 108, 1
44, 9, 109, 1
44, 9, 53, 1
44, 9, -1, 1
44, 9, -1, 1
44, 9, 68, 1
44, 9, -1, 1
45, 21, 139, 5
45, 21, 133, 3
45, 21, 13, 1
45, 21, 138, 1
45, 21, 113, 2
45, 21, 108, 2
45, 21, 109, 1
45, 21, 53, 1
45, 21, 47, 1
45, 21, 25, 1
45, 21, 54, 1
45, 21, 26, 1
45, 21, -1, 1
45, 21, -1, 1
45, 21, 68, 2
45, 21, -1, 1
45, 21, 48, 1
45, 21, -1, 1
45, 21, 49, 1
45, 21, 27, 1
45, 21, 28, 1
45, 21, -1, 1
45, 21, 55, 1
45, 21, -1, 1
45, 21, 56, 1
45, 21, 29, 1
45, 21, 30, 1
45, 21, -1, 1
46, 9, 139, 4
46, 9, 133, 2
46, 9, 24, 1
46, 9, 138, 1
46, 9, 113, 2
46, 9, 108, 1
46, 9, 109, 1
46, 9, 53, 1
46, 9, -1, 1
46, 9, -1, 1
46, 9, 68, 1
46, 9, -1, 1
47, 9, 139, 1
47, 9, 61, 1
47, 9, 62, 1
47, 9, 64, 2
47, 9, 114, 3
47, 9, 66, 2
47, 9, 57, 1
47, 9, 86, 2
47, 9, 67, 2
48, 9, 139, 1
48, 9, 61, 1
48, 9, 62, 1
48, 9, 64, 2
48, 9, 114, 3
48, 9, 66, 2
48, 9, 57, 1
48, 9, 86, 2
48, 9, 67, 2
49, 3, 139, 1
49, 3, 114, 1
49, 3, 57, 1
50, 9, 139, 1
50, 9, 61, 1
50, 9, 62, 1
50, 9, 35, 2
50, 9, 128, 3
50, 9, 66, 2
50, 9, 57, 1
50, 9, 86, 2
50, 9, 67, 2
51, 9, 139, 1
51, 9, 61, 1
51, 9, 62, 1
51, 9, 35, 2
51, 9, 128, 3
51, 9, 66, 2
51, 9, 57, 1
51, 9, 86, 2
51, 9, 67, 2
52, 3, 139, 1
52, 3, 128, 1
52, 3, 57, 1
53, 42, 130, 2
53, 42, 131, 2
53, 42, 132, 2
53, 42, 133, 2
53, 42, 134, 2
53, 42, 135, 2
53, 42, 66, 4
53, 42, 57, 4
53, 42, 12, 1
53, 42, 13, 1
53, 42, 23, 1
53, 42, 24, 1
53, 42, 22, 1
53, 42, 31, 1
53, 42, 138, 6
53, 42, 79, 4
53, 42, 113, 4
53, 42, 67, 4
53, 42, 89, 4
53, 42, 47, 5
53, 42, 25, 2
53, 42, 54, 8
53, 42, 26, 2
53, 42, 50, 6
53, 42, 14, 3
53, 42, 15, 3
53, 42, -1, 3
53, 42, 68, 2
53, 42, -1, 2
53, 42, 48, 5
53, 42, -1, 5
53, 42, -1, 3
53, 42, 49, 5
53, 42, 27, 2
53, 42, 28, 2
53, 42, -1, 2
53, 42, 55, 8
53, 42, -1, 8
53, 42, -1, 6
53, 42, 56, 8
53, 42, 29, 2
53, 42, 30, 2
53, 42, 51, 6
53, 42, -1, 6
53, 42, -1, 6
53, 42, 52, 6
53, 42, 16, 3
53, 42, -1, 3
53, 42, -1, 3
53, 42, 17, 3
53, 42, -1, 3
53, 42, 18, 3
53, 42, -1, 3
53, 42, 20, 3
53, 42, 19, 3
54, 9, 139, 1
54, 9, 61, 1
54, 9, 62, 1
54, 9, 65, 2
54, 9, 115, 3
54, 9, 66, 2
54, 9, 57, 1
54, 9, 86, 2
54, 9, 67, 2
55, 9, 139, 1
55, 9, 61, 1
55, 9, 62, 1
55, 9, 65, 2
55, 9, 115, 3
55, 9, 66, 2
55, 9, 57, 1
55, 9, 86, 2
55, 9, 67, 2
56, 3, 139, 1
56, 3, 115, 1
56, 3, 57, 1
57, 8, 130, 2
57, 8, 131, 2
57, 8, 132, 2
57, 8, 133, 2
57, 8, 134, 2
57, 8, 135, 2
57, 8, 79, 4
57, 8, 113, 4
58, 2, 63, 2
58, 2, 94, 2
59, 2, 63, 2
59, 2, 94, 2
60, 11, 23, 1
60, 11, 24, 1
60, 11, 22, 1
60, 11, 31, 1
60, 11, 138, 4
60, 11, 78, 4
60, 11, 73, 4
60, 11, 74, 4
60, 11, 75, 4
60, 11, 76, 4
60, 11, 77, 4
61, 11, 64, 1
61, 11, 65, 1
61, 11, 35, 1
61, 11, 21, 1
61, 11, 114, 1
61, 11, 115, 1
61, 11, 128, 1
61, 11, 129, 1
61, 11, 66, 4
61, 11, 86, 4
61, 11, 67, 4
62, 11, 64, 1
62, 11, 65, 1
62, 11, 35, 1
62, 11, 21, 1
62, 11, 114, 1
62, 11, 115, 1
62, 11, 128, 1
62, 11, 129, 1
62, 11, 66, 4
62, 11, 86, 4
62, 11, 67, 4
63, 3, 58, 2
63, 3, 59, 2
63, 3, 94, 4
64, 9, 110, 2
64, 9, 111, 2
64, 9, 112, 2
64, 9, 132, 3
64, 9, 133, 3
64, 9, 66, 1
64, 9, 67, 1
64, 9, 89, 7
64, 9, 109, 6
65, 9, 110, 2
65, 9, 111, 2
65, 9, 112, 2
65, 9, 132, 3
65, 9, 133, 3
65, 9, 66, 1
65, 9, 67, 1
65, 9, 89, 7
65, 9, 109, 6
66, 2, 67, 4
66, 2, 89, 4
67, 2, 66, 4
67, 2, 89, 4
68, 12, 130, 2
68, 12, 131, 2
68, 12, 132, 2
68, 12, 133, 2
68, 12, 134, 2
68, 12, 135, 2
68, 12, 66, 4
68, 12, 57, 4
68, 12, 79, 4
68, 12, 113, 4
68, 12, 67, 4
68, 12, 89, 4
69, 16, 139, 6
69, 16, 70, 3
69, 16, 71, 3
69, 16, -1, 2
69, 16, 138, 4
69, 16, 0, 1
69, 16, 2, 1
69, 16, 4, 1
69, 16, 6, 1
69, 16, 94, 6
69, 16, 32, 2
69, 16, 33, 2
69, 16, 34, 2
69, 16, 36, 2
69, 16, 8, 1
69, 16, 10, 1
69, 16, 37, 2
70, 24, 139, 6
70, 24, 58, 1
70, 24, 59, 1
70, 24, 69, 3
70, 24, 72, 3
70, 24, -1, 1
70, 24, -1, 1
70, 24, 138, 4
70, 24, 0, 1
70, 24, 1, 1
70, 24, 4, 1
70, 24, 5, 1
70, 24, 63, 2
70, 24, 94, 8
70, 24, 32, 1
70, 24, 38, 1
70, 24, 33, 1
70, 24, 34, 1
70, 24, 39, 1
70, 24, 40, 1
70, 24, 36, 1
70, 24, 41, 1
70, 24, 8, 1
70, 24, 9, 1
70, 24, 37, 1
70, 24, 42, 1
71, 24, 139, 6
71, 24, 58, 1
71, 24, 59, 1
71, 24, 69, 3
71, 24, 72, 3
71, 24, -1, 1
71, 24, -1, 1
71, 24, 138, 4
71, 24, 2, 1
71, 24, 3, 1
71, 24, 6, 1
71, 24, 7, 1
71, 24, 63, 2
71, 24, 94, 8
71, 24, 32, 1
71, 24, 38, 1
71, 24, 33, 1
71, 24, 34, 1
71, 24, 39, 1
71, 24, 40, 1
71, 24, 36, 1
71, 24, 41, 1
71, 24, 10, 1
71, 24, 11, 1
71, 24, 37, 1
71, 24, 42, 1
72, 16, 139, 6
72, 16, 70, 3
72, 16, 71, 3
72, 16, -1, 2
72, 16, 138, 4
72, 16, 1, 1
72, 16, 3, 1
72, 16, 5, 1
72, 16, 7, 1
72, 16, 94, 6
72, 16, 38, 2
72, 16, 39, 2
72, 16, 40, 2
72, 16, 41, 2
72, 16, 9, 1
72, 16, 11, 1
72, 16, 42, 2
73, 13, 12, 1
73, 13, 13, 1
73, 13, 23, 1
73, 13, 24, 1
73, 13, 22, 1
73, 13, 31, 1
73, 13, 138, 6
73, 13, 78, 6
73, 13, 74, 6
73, 13, 75, 6
73, 13, 76, 6
73, 13, 77, 6
73, 13, 60, 4
74, 13, 12, 1
74, 13, 13, 1
74, 13, 23, 1
74, 13, 24, 1
74, 13, 22, 1
74, 13, 31, 1
74, 13, 138, 6
74, 13, 78, 6
74, 13, 73, 6
74, 13, 75, 6
74, 13, 76, 6
74, 13, 77, 6
74, 13, 60, 4
75, 13, 12, 1
75, 13, 13, 1
75, 13, 23, 1
75, 13, 24, 1
75, 13, 22, 1
75, 13, 31, 1
75, 13, 138, 6
75, 13, 78, 6
75, 13, 73, 6
75, 13, 74, 6
75, 13, 76, 6
75, 13, 77, 6
75, 13, 60, 4
76, 13, 12, 1
76, 13, 13, 1
76, 13, 23, 1
76, 13, 24, 1
76, 13, 22, 1
76, 13, 31, 1
76, 13, 138, 6
76, 13, 78, 6
76, 13, 73, 6
76, 13, 74, 6
76, 13, 75, 6
76, 13, 77, 6
76, 13, 60, 4
77, 13, 12, 1
77, 13, 13, 1
77, 13, 23, 1
77, 13, 24, 1
77, 13, 22, 1
77, 13, 31, 1
77, 13, 138, 6
77, 13, 78, 6
77, 13, 73, 6
77, 13, 74, 6
77, 13, 75, 6
77, 13, 76, 6
77, 13, 60, 4
78, 21, 12, 1
78, 21, 13, 1
78, 21, 23, 1
78, 21, 24, 1
78, 21, 22, 1
78, 21, 31, 1
78, 21, 138, 14
78, 21, 0, 1
78, 21, 1, 1
78, 21, 2, 1
78, 21, 3, 1
78, 21, 4, 1
78, 21, 5, 1
78, 21, 6, 1
78, 21, 7, 1
78, 21, 73, 6
78, 21, 74, 6
78, 21, 75, 6
78, 21, 76, 6
78, 21, 77, 6
78, 21, 60, 4
79, 8, 130, 2
79, 8, 131, 2
79, 8, 132, 2
79, 8, 133, 2
79, 8, 134, 2
79, 8, 135, 2
79, 8, 57, 4
79, 8, 113, 4
80, 32, 139, 8
80, 32, 132, 1
80, 32, 133, 1
80, 32, 134, 2
80, 32, 135, 2
80, 32, 61, 2
80, 32, 62, 2
80, 32, 136, 4
80, 32, 23, 1
80, 32, 24, 1
80, 32, 138, 2
80, 32, 79, 2
80, 32, 108, 2
80, 32, 86, 4
80, 32, 53, 2
80, 32, -1, 2
80, 32, 47, 1
80, 32, 54, 2
80, 32, 50, 2
80, 32, 14, 1
80, 32, -1, 2
80, 32, 15, 1
80, 32, -1, 2
80, 32, -1, 3
80, 32, 68, 2
80, 32, -1, 2
80, 32, -1, 2
80, 32, -1, 2
80, 32, 48, 1
80, 32, -1, 1
80, 32, -1, 1
80, 32, 49, 1
80, 32, 55, 2
80, 32, -1, 2
80, 32, -1, 2
80, 32, 56, 2
80, 32, 51, 2
80, 32, -1, 2
80, 32, -1, 2
80, 32, 52, 2
80, 32, 16, 1
80, 32, -1, 1
80, 32, -1, 1
80, 32, 17, 1
80, 32, -1, 2
80, 32, 18, 1
80, 32, -1, 2
80, 32, -1, 2
80, 32, -1, 2
80, 32, -1, 2
80, 32, -1, 2
80, 32, 20, 1
80, 32, 19, 1
80, 32, -1, 2
80, 32, -1, 1
80, 32, -1, 1
81, 32, 139, 8
81, 32, 132, 1
81, 32, 133, 1
81, 32, 134, 2
81, 32, 135, 2
81, 32, 61, 2
81, 32, 62, 2
81, 32, 136, 4
81, 32, 22, 1
81, 32, 31, 1
81, 32, 138, 2
81, 32, 79, 2
81, 32, 108, 2
81, 32, 86, 4
81, 32, 53, 2
81, 32, -1, 2
81, 32, 47, 1
81, 32, 54, 2
81, 32, 50, 2
81, 32, 14, 1
81, 32, -1, 2
81, 32, 15, 1
81, 32, -1, 2
81, 32, -1, 3
81, 32, 68, 2
81, 32, -1, 2
81, 32, -1, 2
81, 32, -1, 2
81, 32, 48, 1
81, 32, -1, 1
81, 32, -1, 1
81, 32, 49, 1
81, 32, 55, 2
81, 32, -1, 2
81, 32, -1, 2
81, 32, 56, 2
81, 32, 51, 2
81, 32, -1, 2
81, 32, -1, 2
81, 32, 52, 2
81, 32, 16, 1
81, 32, -1, 1
81, 32, -1, 1
81, 32, 17, 1
81, 32, -1, 2
81, 32, 18, 1
81, 32, -1, 2
81, 32, -1, 2
81, 32, -1, 2
81, 32, -1, 2
81, 32, -1, 2
81, 32, 20, 1
81, 32, 19, 1
81, 32, -1, 2
81, 32, -1, 1
81, 32, -1, 1
82, 4, 139, 2
82, 4, 132, 1
82, 4, 133, 1
82, 4, 108, 2
83, 16, 139, 8
83, 16, 132, 1
83, 16, 133, 1
83, 16, 134, 2
83, 16, 135, 2
83, 16, 61, 2
83, 16, 62, 2
83, 16, 136, 4
83, 16, 23, 1
83, 16, 24, 1
83, 16, 138, 2
83, 16, 79, 2
83, 16, 108, 2
83, 16, 86, 4
83, 16, 53, 2
83, 16, -1, 2
83, 16, -1, 2
83, 16, 68, 2
83, 16, -1, 1
83, 16, -1, 1
84, 4, 139, 2
84, 4, 132, 1
84, 4, 133, 1
84, 4, 108, 2
85, 16, 139, 8
85, 16, 132, 1
85, 16, 133, 1
85, 16, 134, 2
85, 16, 135, 2
85, 16, 61, 2
85, 16, 62, 2
85, 16, 136, 4
85, 16, 22, 1
85, 16, 31, 1
85, 16, 138, 2
85, 16, 79, 2
85, 16, 108, 2
85, 16, 86, 4
85, 16, 53, 2
85, 16, -1, 2
85, 16, -1, 2
85, 16, 68, 2
85, 16, -1, 1
85, 16, -1, 1
86, 12, 61, 4
86, 12, 62, 4
86, 12, 64, 2
86, 12, 65, 2
86, 12, 35, 2
86, 12, 21, 2
86, 12, 114, 2
86, 12, 115, 2
86, 12, 128, 2
86, 12, 129, 2
86, 12, 66, 8
86, 12, 67, 8
87, 7, 110, 4
87, 7, 132, 2
87, 7, 133, 2
87, 7, 64, 2
87, 7, 65, 2
87, 7, 89, 4
87, 7, 109, 4
88, 7, 111, 4
88, 7, 132, 2
88, 7, 133, 2
88, 7, 64, 2
88, 7, 65, 2
88, 7, 89, 4
88, 7, 109, 4
89, 8, 110, 4
89, 8, 111, 4
89, 8, 112, 4
89, 8, 132, 6
89, 8, 133, 6
89, 8, 64, 6
89, 8, 65, 6
89, 8, 109, 12
90, 7, 112, 4
90, 7, 132, 2
90, 7, 133, 2
90, 7, 64, 2
90, 7, 65, 2
90, 7, 89, 4
90, 7, 109, 4
91, 7, 78, 6
91, 7, 73, 2
91, 7, 74, 2
91, 7, 75, 2
91, 7, 76, 2
91, 7, 77, 2
91, 7, 60, 2
92, 7, 78, 6
92, 7, 73, 2
92, 7, 74, 2
92, 7, 75, 2
92, 7, 76, 2
92, 7, 77, 2
92, 7, 60, 2
93, 3, 58, 1
93, 3, 63, 1
93, 3, 94, 1
94, 28, 139, 12
94, 28, 70, 6
94, 28, 71, 6
94, 28, 69, 6
94, 28, 72, 6
94, 28, -1, 2
94, 28, -1, 2
94, 28, 138, 8
94, 28, 0, 1
94, 28, 1, 1
94, 28, 2, 1
94, 28, 3, 1
94, 28, 4, 1
94, 28, 5, 1
94, 28, 6, 1
94, 28, 7, 1
94, 28, 32, 2
94, 28, 38, 2
94, 28, 33, 2
94, 28, 34, 2
94, 28, 39, 2
94, 28, 40, 2
94, 28, 36, 2
94, 28, 41, 2
94, 28, 8, 1
94, 28, 10, 1
94, 28, 9, 1
94, 28, 11, 1
94, 28, 37, 2
94, 28, 42, 2
95, 3, 59, 1
95, 3, 63, 1
95, 3, 94, 1
96, 29, -1, 2
96, 29, -1, 2
96, 29, 78, 6
96, 29, 53, 2
96, 29, 32, 2
96, 29, 38, 2
96, 29, 47, 2
96, 29, 25, 2
96, 29, 54, 2
96, 29, 26, 2
96, 29, 68, 2
96, 29, 33, 2
96, 29, 34, 2
96, 29, 39, 2
96, 29, 40, 2
96, 29, -1, 2
96, 29, 48, 2
96, 29, -1, 2
96, 29, 49, 2
96, 29, 27, 2
96, 29, 28, 2
96, 29, -1, 2
96, 29, 55, 2
96, 29, -1, 2
96, 29, 56, 2
96, 29, 29, 2
96, 29, 30, 2
96, 29, 36, 2
96, 29, 41, 2
96, 29, 8, 1
96, 29, 10, 1
96, 29, 9, 1
96, 29, 11, 1
96, 29, 37, 2
96, 29, 42, 2
97, 29, -1, 2
97, 29, -1, 2
97, 29, 78, 6
97, 29, 53, 2
97, 29, 32, 2
97, 29, 38, 2
97, 29, 47, 2
97, 29, 25, 2
97, 29, 54, 2
97, 29, 26, 2
97, 29, 68, 2
97, 29, 33, 2
97, 29, 34, 2
97, 29, 39, 2
97, 29, 40, 2
97, 29, -1, 2
97, 29, 48, 2
97, 29, -1, 2
97, 29, 49, 2
97, 29, 27, 2
97, 29, 28, 2
97, 29, -1, 2
97, 29, 55, 2
97, 29, -1, 2
97, 29, 56, 2
97, 29, 29, 2
97, 29, 30, 2
97, 29, 36, 2
97, 29, 41, 2
97, 29, 8, 1
97, 29, 10, 1
97, 29, 9, 1
97, 29, 11, 1
97, 29, 37, 2
97, 29, 42, 2
98, 4, 139, 2
98, 4, 132, 1
98, 4, 133, 1
98, 4, 108, 2
99, 4, 139, 2
99, 4, 132, 1
99, 4, 133, 1
99, 4, 108, 2
100, 4, 139, 2
100, 4, 132, 1
100, 4, 133, 1
100, 4, 108, 2
101, 3, 58, 1
101, 3, 108, 1
101, 3, 107, 1
102, 3, 58, 1
102, 3, 108, 1
102, 3, 107, 1
103, 3, 59, 1
103, 3, 108, 1
103, 3, 107, 1
104, 3, 59, 1
104, 3, 108, 1
104, 3, 107, 1
105, 3, 58, 1
105, 3, 63, 1
105, 3, 94, 1
106, 3, 59, 1
106, 3, 63, 1
106, 3, 94, 1
107, 7, 132, 2
107, 7, 133, 2
107, 7, 70, 2
107, 7, 71, 2
107, 7, 69, 2
107, 7, 72, 2
107, 7, 63, 4
108, 3, 58, 2
108, 3, 59, 2
108, 3, 107, 4
109, 3, 139, 6
109, 3, 132, 3
109, 3, 133, 3
110, 11, 139, 8
110, 11, 134, 4
110, 11, 135, 4
110, 11, 136, 8
110, 11, 114, 2
110, 11, 115, 2
110, 11, 128, 2
110, 11, 129, 2
110, 11, -1, 6
110, 11, -1, 6
110, 11, 87, 6
110, 11, 98, 6
110, 11, 45, 3
111, 17, 139, 8
111, 17, 134, 4
111, 17, 135, 4
111, 17, 136, 8
111, 17, 114, 2
111, 17, 115, 2
111, 17, 128, 2
111, 17, 129, 2
111, 17, -1, 6
111, 17, 80, 6
111, 17, -1, 6
111, 17, 82, 6
111, 17, 83, 6
111, 17, 88, 6
111, 17, 91, 6
111, 17, 96, 6
111, 17, 99, 6
111, 17, 43, 3
111, 17, 46, 3
112, 17, 139, 8
112, 17, 134, 4
112, 17, 135, 4
112, 17, 136, 8
112, 17, 114, 2
112, 17, 115, 2
112, 17, 128, 2
112, 17, 129, 2
112, 17, -1, 6
112, 17, 81, 6
112, 17, -1, 6
112, 17, 84, 6
112, 17, 85, 6
112, 17, 90, 6
112, 17, 92, 6
112, 17, 97, 6
112, 17, 100, 6
112, 17, 44, 3
112, 17, 137, 3
113, 1, 139, 12
114, 49, 139, 17
114, 49, 110, 2
114, 49, 130, 4
114, 49, 131, 4
114, 49, 111, 2
114, 49, 112, 2
114, 49, 132, 4
114, 49, 133, 4
114, 49, 134, 7
114, 49, 135, 7
114, 49, 136, 6
114, 49, -1, 1
114, 49, -1, 2
114, 49, -1, 2
114, 49, -1, 1
114, 49, -1, 1
114, 49, 79, 3
114, 49, 116, 2
114, 49, 117, 2
114, 49, 80, 1
114, 49, 81, 1
114, 49, -1, 1
114, 49, 118, 2
114, 49, -1, 2
114, 49, 119, 2
114, 49, 120, 2
114, 49, 121, 2
114, 49, -1, 2
114, 49, 122, 2
114, 49, 123, 2
114, 49, -1, 1
114, 49, 82, 1
114, 49, 83, 1
114, 49, -1, 1
114, 49, 84, 1
114, 49, 85, 1
114, 49, 87, 1
114, 49, 124, 2
114, 49, 125, 2
114, 49, 88, 1
114, 49, 90, 1
114, 49, 91, 1
114, 49, 92, 1
114, 49, 105, 2
114, 49, 106, 2
114, 49, 96, 1
114, 49, 97, 1
114, 49, 98, 1
114, 49, 99, 1
114, 49, 100, 1
114, 49, 45, 1
114, 49, 46, 1
114, 49, 137, 1
114, 49, -1, 2
114, 49, -1, 2
114, 49, 126, 2
114, 49, 127, 2
114, 49, 101, 1
114, 49, 102, 1
114, 49, 103, 1
114, 49, 104, 1
115, 53, 139, 17
115, 53, 110, 2
115, 53, 130, 4
115, 53, 131, 4
115, 53, 111, 2
115, 53, 112, 2
115, 53, 132, 4
115, 53, 133, 4
115, 53, 134, 7
115, 53, 135, 7
115, 53, 136, 6
115, 53, -1, 2
115, 53, -1, 4
115, 53, -1, 4
115, 53, -1, 2
115, 53, -1, 2
115, 53, 79, 3
115, 53, 116, 4
115, 53, 117, 4
115, 53, 80, 2
115, 53, 81, 2
115, 53, -1, 2
115, 53, 118, 4
115, 53, -1, 4
115, 53, 119, 4
115, 53, 120, 4
115, 53, 121, 4
115, 53, -1, 4
115, 53, 122, 4
115, 53, 123, 4
115, 53, -1, 2
115, 53, 82, 2
115, 53, 83, 2
115, 53, -1, 2
115, 53, 84, 2
115, 53, 85, 2
115, 53, 87, 2
115, 53, 124, 4
115, 53, 125, 4
115, 53, 88, 2
115, 53, 90, 2
115, 53, 91, 2
115, 53, 92, 2
115, 53, 93, 2
115, 53, 105, 2
115, 53, 95, 2
115, 53, 106, 2
115, 53, 96, 2
115, 53, 97, 2
115, 53, 98, 2
115, 53, 99, 2
115, 53, 100, 2
115, 53, 45, 1
115, 53, 43, 1
115, 53, 46, 1
115, 53, 44, 1
115, 53, 137, 1
115, 53, -1, 4
115, 53, -1, 4
115, 53, 126, 4
115, 53, 127, 4
115, 53, 101, 2
115, 53, 102, 2
115, 53, 103, 2
115, 53, 104, 2
116, 3, 58, 2
116, 3, 108, 2
116, 3, 107, 2
117, 3, 59, 2
117, 3, 108, 2
117, 3, 107, 2
118, 3, 58, 2
118, 3, 108, 2
118, 3, 107, 2
119, 3, 58, 2
119, 3, 108, 2
119, 3, 107, 2
120, 3, 58, 2
120, 3, 108, 2
120, 3, 107, 2
121, 3, 59, 2
121, 3, 108, 2
121, 3, 107, 2
122, 3, 59, 2
122, 3, 108, 2
122, 3, 107, 2
123, 3, 59, 2
123, 3, 108, 2
123, 3, 107, 2
124, 8, 130, 2
124, 8, 132, 1
124, 8, 133, 1
124, 8, 134, 1
124, 8, 135, 1
124, 8, 57, 2
124, 8, 79, 2
124, 8, 113, 2
125, 8, 131, 2
125, 8, 132, 1
125, 8, 133, 1
125, 8, 134, 1
125, 8, 135, 1
125, 8, 57, 2
125, 8, 79, 2
125, 8, 113, 2
126, 3, 58, 2
126, 3, 63, 2
126, 3, 94, 2
127, 3, 59, 2
127, 3, 63, 2
127, 3, 94, 2
128, 52, 139, 14
128, 52, 110, 2
128, 52, 130, 4
128, 52, 131, 4
128, 52, 111, 2
128, 52, 112, 2
128, 52, 132, 4
128, 52, 133, 4
128, 52, 134, 7
128, 52, 135, 7
128, 52, 136, 6
128, 52, -1, 2
128, 52, -1, 4
128, 52, -1, 4
128, 52, -1, 2
128, 52, -1, 2
128, 52, 116, 4
128, 52, 117, 4
128, 52, 80, 2
128, 52, 81, 2
128, 52, -1, 2
128, 52, 118, 4
128, 52, -1, 4
128, 52, 119, 4
128, 52, 120, 4
128, 52, 121, 4
128, 52, -1, 4
128, 52, 122, 4
128, 52, 123, 4
128, 52, -1, 2
128, 52, 82, 2
128, 52, 83, 2
128, 52, -1, 2
128, 52, 84, 2
128, 52, 85, 2
128, 52, 87, 2
128, 52, 124, 4
128, 52, 125, 4
128, 52, 88, 2
128, 52, 90, 2
128, 52, 91, 2
128, 52, 92, 2
128, 52, 93, 2
128, 52, 105, 2
128, 52, 95, 2
128, 52, 106, 2
128, 52, 96, 2
128, 52, 97, 2
128, 52, 98, 2
128, 52, 99, 2
128, 52, 100, 2
128, 52, 45, 1
128, 52, 43, 1
128, 52, 46, 1
128, 52, 44, 1
128, 52, 137, 1
128, 52, -1, 4
128, 52, -1, 4
128, 52, 126, 4
128, 52, 127, 4
128, 52, 101, 2
128, 52, 102, 2
128, 52, 103, 2
128, 52, 104, 2
129, 47, 139, 14
129, 47, 110, 2
129, 47, 130, 4
129, 47, 131, 4
129, 47, 111, 2
129, 47, 112, 2
129, 47, 132, 4
129, 47, 133, 4
129, 47, 134, 7
129, 47, 135, 7
129, 47, 136, 6
129, 47, -1, 1
129, 47, -1, 2
129, 47, -1, 2
129, 47, -1, 1
129, 47, -1, 1
129, 47, 116, 2
129, 47, 117, 2
129, 47, 80, 1
129, 47, 81, 1
129, 47, -1, 1
129, 47, 118, 2
129, 47, -1, 2
129, 47, 119, 2
129, 47, 120, 2
129, 47, 121, 2
129, 47, -1, 2
129, 47, 122, 2
129, 47, 123, 2
129, 47, -1, 1
129, 47, 82, 1
129, 47, 83, 1
129, 47, -1, 1
129, 47, 84, 1
129, 47, 85, 1
129, 47, 87, 1
129, 47, 124, 2
129, 47, 125, 2
129, 47, 88, 1
129, 47, 90, 1
129, 47, 91, 1
129, 47, 92, 1
129, 47, 93, 2
129, 47, 95, 2
129, 47, 96, 1
129, 47, 97, 1
129, 47, 98, 1
129, 47, 99, 1
129, 47, 100, 1
129, 47, 43, 1
129, 47, 44, 1
129, 47, -1, 2
129, 47, -1, 2
129, 47, 126, 2
129, 47, 127, 2
129, 47, 101, 1
129, 47, 102, 1
129, 47, 103, 1
129, 47, 104, 1
130, 19, 139, 16
130, 19, 132, 8
130, 19, 133, 8
130, 19, 134, 8
130, 19, 135, 8
130, 19, 114, 4
130, 19, 115, 4
130, 19, 128, 4
130, 19, 129, 4
130, 19, -1, 12
130, 19, 116, 12
130, 19, 118, 12
130, 19, -1, 12
130, 19, 119, 12
130, 19, 120, 12
130, 19, 124, 12
130, 19, 93, 6
130, 19, 105, 6
130, 19, -1, 12
130, 19, 126, 12
130, 19, 101, 6
130, 19, 102, 6
131, 19, 139, 16
131, 19, 132, 8
131, 19, 133, 8
131, 19, 134, 8
131, 19, 135, 8
131, 19, 114, 4
131, 19, 115, 4
131, 19, 128, 4
131, 19, 129, 4
131, 19, -1, 12
131, 19, 117, 12
131, 19, 121, 12
131, 19, -1, 12
131, 19, 122, 12
131, 19, 123, 12
131, 19, 125, 12
131, 19, 95, 6
131, 19, 106, 6
131, 19, -1, 12
131, 19, 127, 12
131, 19, 103, 6
131, 19, 104, 6
132, 37, 139, 25
132, 37, 130, 8
132, 37, 131, 8
132, 37, 134, 8
132, 37, 135, 8
132, 37, 58, 1
132, 37, 59, 1
132, 37, 71, 2
132, 37, 114, 4
132, 37, 115, 4
132, 37, 128, 4
132, 37, 129, 4
132, 37, 69, 1
132, 37, 72, 1
132, 37, -1, 6
132, 37, -1, 6
132, 37, 113, 6
132, 37, 108, 2
132, 37, 107, 4
132, 37, 63, 2
132, 37, 109, 3
132, 37, 116, 6
132, 37, 117, 6
132, 37, 118, 6
132, 37, -1, 6
132, 37, 119, 6
132, 37, 120, 6
132, 37, 121, 6
132, 37, -1, 6
132, 37, 122, 6
132, 37, 123, 6
132, 37, 124, 6
132, 37, 125, 6
132, 37, 93, 3
132, 37, 105, 3
132, 37, 95, 3
132, 37, 106, 3
132, 37, -1, 6
132, 37, -1, 6
132, 37, 126, 6
132, 37, 127, 6
132, 37, 101, 6
132, 37, 103, 6
133, 37, 139, 25
133, 37, 130, 8
133, 37, 131, 8
133, 37, 134, 8
133, 37, 135, 8
133, 37, 58, 1
133, 37, 59, 1
133, 37, 70, 2
133, 37, 114, 4
133, 37, 115, 4
133, 37, 128, 4
133, 37, 129, 4
133, 37, 69, 1
133, 37, 72, 1
133, 37, -1, 6
133, 37, -1, 6
133, 37, 113, 6
133, 37, 108, 2
133, 37, 107, 4
133, 37, 63, 2
133, 37, 109, 3
133, 37, 116, 6
133, 37, 117, 6
133, 37, 118, 6
133, 37, -1, 6
133, 37, 119, 6
133, 37, 120, 6
133, 37, 121, 6
133, 37, -1, 6
133, 37, 122, 6
133, 37, 123, 6
133, 37, 124, 6
133, 37, 125, 6
133, 37, 93, 3
133, 37, 105, 3
133, 37, 95, 3
133, 37, 106, 3
133, 37, -1, 6
133, 37, -1, 6
133, 37, 126, 6
133, 37, 127, 6
133, 37, 102, 6
133, 37, 104, 6
134, 54, 139, 34
134, 54, 110, 6
134, 54, 130, 8
134, 54, 131, 8
134, 54, 111, 6
134, 54, 112, 6
134, 54, 132, 8
134, 54, 133, 14
134, 54, 136, 12
134, 54, 64, 3
134, 54, 65, 3
134, 54, 114, 7
134, 54, 115, 7
134, 54, 128, 7
134, 54, 129, 7
134, 54, -1, 3
134, 54, -1, 6
134, 54, -1, 6
134, 54, -1, 3
134, 54, -1, 3
134, 54, 113, 6
134, 54, 89, 6
134, 54, 109, 6
134, 54, 116, 6
134, 54, 117, 6
134, 54, 80, 3
134, 54, 81, 3
134, 54, -1, 3
134, 54, 118, 6
134, 54, -1, 6
134, 54, 119, 6
134, 54, 120, 6
134, 54, 121, 6
134, 54, -1, 6
134, 54, 122, 6
134, 54, 123, 6
134, 54, -1, 3
134, 54, 82, 3
134, 54, 83, 3
134, 54, -1, 3
134, 54, 84, 3
134, 54, 85, 3
134, 54, 87, 3
134, 54, 124, 6
134, 54, 125, 6
134, 54, 88, 3
134, 54, 90, 3
134, 54, 91, 3
134, 54, 92, 3
134, 54, 93, 6
134, 54, 95, 6
134, 54, 96, 3
134, 54, 97, 3
134, 54, 98, 3
134, 54, 99, 3
134, 54, 100, 3
134, 54, 43, 3
134, 54, 44, 3
134, 54, -1, 6
134, 54, -1, 6
134, 54, 126, 6
134, 54, 127, 6
134, 54, 101, 3
134, 54, 102, 3
134, 54, 103, 3
134, 54, 104, 3
135, 55, 139, 34
135, 55, 110, 6
135, 55, 130, 8
135, 55, 131, 8
135, 55, 111, 6
135, 55, 112, 6
135, 55, 132, 14
135, 55, 133, 8
135, 55, 136, 12
135, 55, 64, 3
135, 55, 65, 3
135, 55, 114, 7
135, 55, 115, 7
135, 55, 128, 7
135, 55, 129, 7
135, 55, -1, 3
135, 55, -1, 6
135, 55, -1, 6
135, 55, -1, 3
135, 55, -1, 3
135, 55, 113, 6
135, 55, 89, 6
135, 55, 109, 6
135, 55, 116, 6
135, 55, 117, 6
135, 55, 80, 3
135, 55, 81, 3
135, 55, -1, 3
135, 55, 118, 6
135, 55, -1, 6
135, 55, 119, 6
135, 55, 120, 6
135, 55, 121, 6
135, 55, -1, 6
135, 55, 122, 6
135, 55, 123, 6
135, 55, -1, 3
135, 55, 82, 3
135, 55, 83, 3
135, 55, -1, 3
135, 55, 84, 3
135, 55, 85, 3
135, 55, 87, 3
135, 55, 124, 6
135, 55, 125, 6
135, 55, 88, 3
135, 55, 90, 3
135, 55, 91, 3
135, 55, 92, 3
135, 55, 105, 6
135, 55, 106, 6
135, 55, 96, 3
135, 55, 97, 3
135, 55, 98, 3
135, 55, 99, 3
135, 55, 100, 3
135, 55, 45, 3
135, 55, 46, 3
135, 55, 137, 3
135, 55, -1, 6
135, 55, -1, 6
135, 55, 126, 6
135, 55, 127, 6
135, 55, 101, 3
135, 55, 102, 3
135, 55, 103, 3
135, 55, 104, 3
136, 31, 139, 24
136, 31, 110, 8
136, 31, 111, 8
136, 31, 112, 8
136, 31, 134, 12
136, 31, 135, 12
136, 31, 114, 6
136, 31, 115, 6
136, 31, 128, 6
136, 31, 129, 6
136, 31, -1, 6
136, 31, -1, 6
136, 31, -1, 6
136, 31, 80, 6
136, 31, 81, 6
136, 31, -1, 6
136, 31, -1, 6
136, 31, 82, 6
136, 31, 83, 6
136, 31, -1, 6
136, 31, 84, 6
136, 31, 85, 6
136, 31, 87, 6
136, 31, 88, 6
136, 31, 90, 6
136, 31, 91, 6
136, 31, 92, 6
136, 31, 96, 6
136, 31, 97, 6
136, 31, 98, 6
136, 31, 99, 6
136, 31, 100, 6
136, 31, 45, 3
136, 31, 43, 3
136, 31, 46, 3
136, 31, 44, 3
136, 31, 137, 3
137, 9, 139, 4
137, 9, 133, 2
137, 9, 31, 1
137, 9, 138, 1
137, 9, 113, 2
137, 9, 108, 1
137, 9, 109, 1
137, 9, 53, 1
137, 9, -1, 1
137, 9, -1, 1
137, 9, 68, 1
137, 9, -1, 1
138, 132, 139, 116
138, 132, 110, 12
138, 132, 130, 18
138, 132, 131, 18
138, 132, 111, 12
138, 132, 112, 12
138, 132, 132, 33
138, 132, 133, 33
138, 132, 134, 36
138, 132, 135, 36
138, 132, 58, 4
138, 132, 59, 4
138, 132, 61, 10
138, 132, 62, 10
138, 132, 136, 36
138, 132, 64, 8
138, 132, 65, 8
138, 132, 35, 2
138, 132, 21, 2
138, 132, 70, 8
138, 132, 71, 8
138, 132, 114, 17
138, 132, 115, 17
138, 132, 128, 17
138, 132, 129, 17
138, 132, 66, 12
138, 132, 69, 8
138, 132, 72, 8
138, 132, 57, 8
138, 132, -1, 6
138, 132, -1, 12
138, 132, -1, 12
138, 132, -1, 2
138, 132, -1, 2
138, 132, -1, 6
138, 132, -1, 6
138, 132, 12, 1
138, 132, 13, 1
138, 132, 23, 1
138, 132, 24, 1
138, 132, 22, 1
138, 132, 31, 1
138, 132, 0, 1
138, 132, 1, 1
138, 132, 2, 1
138, 132, 3, 1
138, 132, 4, 1
138, 132, 5, 1
138, 132, 6, 1
138, 132, 7, 1
138, 132, 79, 10
138, 132, 113, 16
138, 132, 108, 12
138, 132, 107, 8
138, 132, 63, 8
138, 132, 94, 16
138, 132, 86, 20
138, 132, 67, 12
138, 132, 89, 16
138, 132, 109, 18
138, 132, 53, 6
138, 132, -1, 6
138, 132, 116, 12
138, 132, 117, 12
138, 132, 32, 2
138, 132, 38, 2
138, 132, 80, 6
138, 132, 81, 6
138, 132, 47, 5
138, 132, 25, 2
138, 132, 54, 8
138, 132, 26, 2
138, 132, 50, 6
138, 132, 14, 3
138, 132, -1, 6
138, 132, 15, 3
138, 132, -1, 6
138, 132, -1, 9
138, 132, 68, 8
138, 132, -1, 6
138, 132, -1, 6
138, 132, -1, 6
138, 132, -1, 6
138, 132, 118, 12
138, 132, -1, 12
138, 132, 119, 12
138, 132, 120, 12
138, 132, 121, 12
138, 132, -1, 12
138, 132, 122, 12
138, 132, 123, 12
138, 132, 33, 2
138, 132, 34, 2
138, 132, 39, 2
138, 132, 40, 2
138, 132, -1, 6
138, 132, 82, 6
138, 132, 83, 6
138, 132, -1, 6
138, 132, 84, 6
138, 132, 85, 6
138, 132, -1, 2
138, 132, 48, 5
138, 132, -1, 5
138, 132, -1, 3
138, 132, 49, 5
138, 132, 27, 2
138, 132, 28, 2
138, 132, -1, 2
138, 132, 55, 8
138, 132, -1, 8
138, 132, -1, 6
138, 132, 56, 8
138, 132, 29, 2
138, 132, 30, 2
138, 132, 51, 6
138, 132, -1, 6
138, 132, -1, 6
138, 132, 52, 6
138, 132, 16, 3
138, 132, -1, 3
138, 132, -1, 3
138, 132, 17, 3
138, 132, -1, 6
138, 132, 18, 3
138, 132, -1, 6
138, 132, -1, 6
138, 132, -1, 6
138, 132, -1, 6
138, 132, -1, 6
138, 132, 20, 3
138, 132, 19, 3
138, 132, -1, 6
138, 132, 87, 6
138, 132, 124, 12
138, 132, 125, 12
138, 132, 36, 2
138, 132, 41, 2
138, 132, 88, 6
138, 132, 90, 6
138, 132, 91, 6
138, 132, 92, 6
138, 132, 93, 6
138, 132, 105, 6
138, 132, 95, 6
138, 132, 106, 6
138, 132, 96, 6
138, 132, 97, 6
138, 132, 98, 6
138, 132, 99, 6
138, 132, 100, 6
138, 132, -1, 3
138, 132, 45, 3
138, 132, 8, 1
138, 132, 10, 1
138, 132, 9, 1
138, 132, 11, 1
138, 132, 43, 3
138, 132, 46, 3
138, 132, 44, 3
138, 132, 137, 3
138, 132, -1, 3
138, 132, 37, 2
138, 132, 42, 2
138, 132, -1, 12
138, 132, -1, 12
138, 132, 126, 12
138, 132, 127, 12
138, 132, 101, 6
138, 132, 102, 6
138, 132, 103, 6
138, 132, 104, 6
139, 121, 110, 8
139, 121, 130, 16
139, 121, 131, 16
139, 121, 111, 8
139, 121, 112, 8
139, 121, 132, 23
139, 121, 133, 23
139, 121, 134, 34
139, 121, 135, 34
139, 121, 61, 6
139, 121, 62, 6
139, 121, 136, 36
139, 121, 70, 6
139, 121, 71, 6
139, 121, 114, 15
139, 121, 115, 15
139, 121, 128, 15
139, 121, 129, 15
139, 121, 69, 6
139, 121, 72, 6
139, 121, 57, 4
139, 121, -1, 6
139, 121, -1, 12
139, 121, -1, 12
139, 121, -1, 2
139, 121, -1, 2
139, 121, -1, 6
139, 121, -1, 6
139, 121, 12, 1
139, 121, 13, 1
139, 121, 23, 1
139, 121, 24, 1
139, 121, 22, 1
139, 121, 31, 1
139, 121, 138, 14
139, 121, 0, 1
139, 121, 1, 1
139, 121, 2, 1
139, 121, 3, 1
139, 121, 4, 1
139, 121, 5, 1
139, 121, 6, 1
139, 121, 7, 1
139, 121, 79, 6
139, 121, 113, 12
139, 121, 108, 8
139, 121, 94, 12
139, 121, 86, 12
139, 121, 109, 6
139, 121, 53, 6
139, 121, -1, 6
139, 121, 116, 12
139, 121, 117, 12
139, 121, 32, 2
139, 121, 38, 2
139, 121, 80, 6
139, 121, 81, 6
139, 121, 47, 5
139, 121, 25, 2
139, 121, 54, 8
139, 121, 26, 2
139, 121, 50, 6
139, 121, 14, 3
139, 121, -1, 6
139, 121, 15, 3
139, 121, -1, 6
139, 121, -1, 9
139, 121, 68, 8
139, 121, -1, 6
139, 121, -1, 6
139, 121, -1, 6
139, 121, -1, 6
139, 121, 118, 12
139, 121, -1, 12
139, 121, 119, 12
139, 121, 120, 12
139, 121, 121, 12
139, 121, -1, 12
139, 121, 122, 12
139, 121, 123, 12
139, 121, 33, 2
139, 121, 34, 2
139, 121, 39, 2
139, 121, 40, 2
139, 121, -1, 6
139, 121, 82, 6
139, 121, 83, 6
139, 121, -1, 6
139, 121, 84, 6
139, 121, 85, 6
139, 121, -1, 2
139, 121, 48, 5
139, 121, -1, 5
139, 121, -1, 3
139, 121, 49, 5
139, 121, 27, 2
139, 121, 28, 2
139, 121, -1, 2
139, 121, 55, 8
139, 121, -1, 8
139, 121, -1, 6
139, 121, 56, 8
139, 121, 29, 2
139, 121, 30, 2
139, 121, 51, 6
139, 121, -1, 6
139, 121, -1, 6
139, 121, 52, 6
139, 121, 16, 3
139, 121, -1, 3
139, 121, -1, 3
139, 121, 17, 3
139, 121, -1, 6
139, 121, 18, 3
139, 121, -1, 6
139, 121, -1, 6
139, 121, -1, 6
139, 121, -1, 6
139, 121, -1, 6
139, 121, 20, 3
139, 121, 19, 3
139, 121, -1, 6
139, 121, 87, 6
139, 121, 124, 12
139, 121, 125, 12
139, 121, 36, 2
139, 121, 41, 2
139, 121, 88, 6
139, 121, 90, 6
139, 121, 91, 6
139, 121, 92, 6
139, 121, 93, 6
139, 121, 105, 6
139, 121, 95, 6
139, 121, 106, 6
139, 121, 96, 6
139, 121, 97, 6
139, 121, 98, 6
139, 121, 99, 6
139, 121, 100, 6
139, 121, -1, 3
139, 121, 45, 3
139, 121, 8, 1
139, 121, 10, 1
139, 121, 9, 1
139, 121, 11, 1
139, 121, 43, 3
139, 121, 46, 3
139, 121, 44, 3
139, 121, 137, 3
139, 121, -1, 3
139, 121, 37, 2
139, 121, 42, 2
139, 121, -1, 12
139, 121, -1, 12
139, 121, 126, 12
139, 121, 127, 12
139, 121, 101, 6
139, 121, 102, 6
139, 121, 103, 6
139, 121, 104, 6
DTG
0, 1, 0, 1, 2
0, 1, 1, 0, 6
1, 1, 0, 1, 2
1, 1, 1, 0, 6
2, 1, 0, 1, 2
2, 1, 1, 0, 6
3, 1, 0, 1, 2
3, 1, 1, 0, 6
4, 1, 0, 1, 2
4, 1, 1, 0, 6
5, 1, 0, 1, 2
5, 1, 1, 0, 6
6, 1, 0, 1, 2
6, 1, 1, 0, 6
7, 1, 0, 1, 2
7, 1, 1, 0, 6
8, 3, 1, 0, 3
8, 3, 1, 0, 3
8, 3, 1, 0, 6
9, 3, 1, 0, 3
9, 3, 1, 0, 3
9, 3, 1, 0, 6
10, 3, 1, 0, 3
10, 3, 1, 0, 3
10, 3, 1, 0, 6
11, 3, 1, 0, 3
11, 3, 1, 0, 3
11, 3, 1, 0, 6
12, 1, 0, 1, 7
12, 1, 1, 0, 4
13, 1, 0, 1, 7
13, 1, 1, 0, 6
14, 1, 1, 0, 4
15, 1, 1, 0, 4
16, 1, 1, 0, 4
17, 1, 1, 0, 4
18, 1, 1, 0, 4
19, 1, 1, 0, 4
20, 1, 1, 0, 5
21, 2, 1, 0, 9
21, 2, 1, 0, 9
22, 1, 0, 1, 8
22, 1, 1, 0, 7
23, 1, 0, 1, 8
23, 1, 1, 0, 7
24, 1, 0, 1, 8
24, 1, 1, 0, 8
25, 5, 1, 0, 3
25, 5, 1, 0, 3
25, 5, 1, 0, 3
25, 5, 1, 0, 3
25, 5, 1, 0, 4
26, 5, 1, 0, 3
26, 5, 1, 0, 3
26, 5, 1, 0, 3
26, 5, 1, 0, 3
26, 5, 1, 0, 4
27, 5, 1, 0, 3
27, 5, 1, 0, 3
27, 5, 1, 0, 3
27, 5, 1, 0, 3
27, 5, 1, 0, 4
28, 5, 1, 0, 3
28, 5, 1, 0, 3
28, 5, 1, 0, 3
28, 5, 1, 0, 3
28, 5, 1, 0, 4
29, 5, 1, 0, 3
29, 5, 1, 0, 3
29, 5, 1, 0, 3
29, 5, 1, 0, 3
29, 5, 1, 0, 4
30, 5, 1, 0, 3
30, 5, 1, 0, 3
30, 5, 1, 0, 3
30, 5, 1, 0, 3
30, 5, 1, 0, 4
31, 1, 0, 1, 8
31, 1, 1, 0, 8
32, 6, 1, 0, 3
32, 6, 1, 0, 3
32, 6, 1, 0, 3
32, 6, 1, 0, 3
32, 6, 1, 0, 6
32, 6, 1, 0, 6
33, 6, 1, 0, 3
33, 6, 1, 0, 3
33, 6, 1, 0, 3
33, 6, 1, 0, 3
33, 6, 1, 0, 6
33, 6, 1, 0, 6
34, 6, 1, 0, 3
34, 6, 1, 0, 3
34, 6, 1, 0, 3
34, 6, 1, 0, 3
34, 6, 1, 0, 6
34, 6, 1, 0, 6
35, 2, 1, 0, 9
35, 2, 1, 0, 9
36, 6, 0, 1, 3
36, 6, 0, 1, 3
36, 6, 0, 1, 3
36, 6, 0, 1, 3
36, 6, 0, 1, 6
36, 6, 0, 1, 6
37, 6, 1, 0, 3
37, 6, 1, 0, 3
37, 6, 1, 0, 3
37, 6, 1, 0, 3
37, 6, 1, 0, 6
37, 6, 1, 0, 6
38, 6, 1, 0, 3
38, 6, 1, 0, 3
38, 6, 1, 0, 3
38, 6, 1, 0, 3
38, 6, 1, 0, 6
38, 6, 1, 0, 6
39, 6, 1, 0, 3
39, 6, 1, 0, 3
39, 6, 1, 0, 3
39, 6, 1, 0, 3
39, 6, 1, 0, 6
39, 6, 1, 0, 6
40, 6, 1, 0, 3
40, 6, 1, 0, 3
40, 6, 1, 0, 3
40, 6, 1, 0, 3
40, 6, 1, 0, 6
40, 6, 1, 0, 6
41, 6, 0, 1, 3
41, 6, 0, 1, 3
41, 6, 0, 1, 3
41, 6, 0, 1, 3
41, 6, 0, 1, 6
41, 6, 0, 1, 6
42, 6, 1, 0, 3
42, 6, 1, 0, 3
42, 6, 1, 0, 3
42, 6, 1, 0, 3
42, 6, 1, 0, 6
42, 6, 1, 0, 6
43, 3, 1, 0, 7
43, 3, 1, 0, 7
43, 3, 1, 0, 7
44, 3, 1, 0, 7
44, 3, 1, 0, 7
44, 3, 1, 0, 7
45, 3, 1, 0, 7
45, 3, 1, 0, 7
45, 3, 1, 0, 7
46, 3, 1, 0, 7
46, 3, 1, 0, 7
46, 3, 1, 0, 7
47, 5, 1, 0, 3
47, 5, 1, 0, 3
47, 5, 1, 0, 3
47, 5, 1, 0, 3
47, 5, 1, 0, 4
48, 5, 1, 0, 3
48, 5, 1, 0, 3
48, 5, 1, 0, 3
48, 5, 1, 0, 3
48, 5, 1, 0, 4
49, 5, 1, 0, 3
49, 5, 1, 0, 3
49, 5, 1, 0, 3
49, 5, 1, 0, 3
49, 5, 1, 0, 4
50, 1, 1, 0, 4
51, 1, 1, 0, 4
52, 1, 1, 0, 4
53, 5, 1, 0, 3
53, 5, 1, 0, 3
53, 5, 1, 0, 3
53, 5, 1, 0, 3
53, 5, 1, 0, 3
54, 5, 1, 0, 3
54, 5, 1, 0, 3
54, 5, 1, 0, 3
54, 5, 1, 0, 3
54, 5, 1, 0, 4
55, 5, 1, 0, 3
55, 5, 1, 0, 3
55, 5, 1, 0, 3
55, 5, 1, 0, 3
55, 5, 1, 0, 4
56, 5, 1, 0, 3
56, 5, 1, 0, 3
56, 5, 1, 0, 3
56, 5, 1, 0, 3
56, 5, 1, 0, 4
57, 2, 0, 1, 7
57, 2, 0, 1, 7
57, 4, 1, 0, 6
57, 4, 1, 0, 6
57, 4, 1, 0, 6
57, 4, 1, 0, 6
58, 2, 0, 1, 6
58, 2, 0, 1, 6
58, 2, 1, 0, 9
58, 2, 1, 0, 10
59, 2, 0, 1, 6
59, 2, 0, 1, 6
59, 2, 1, 0, 9
59, 2, 1, 0, 10
60, 4, 0, 1, 8
60, 4, 0, 1, 8
60, 4, 0, 1, 8
60, 4, 0, 1, 8
60, 4, 1, 0, 2
60, 4, 1, 0, 2
60, 4, 1, 0, 2
60, 4, 1, 0, 2
61, 4, 0, 1, 8
61, 4, 0, 1, 8
61, 4, 0, 1, 8
61, 4, 0, 1, 8
61, 2, 1, 0, 5
61, 2, 1, 0, 5
62, 4, 0, 1, 8
62, 4, 0, 1, 8
62, 4, 0, 1, 8
62, 4, 0, 1, 8
62, 2, 1, 0, 5
62, 2, 1, 0, 5
63, 4, 0, 1, 6
63, 4, 0, 1, 6
63, 4, 0, 1, 6
63, 4, 0, 1, 6
63, 4, 1, 0, 6
63, 4, 1, 0, 6
63, 4, 1, 0, 6
63, 4, 1, 0, 6
64, 6, 0, 1, 10
64, 6, 0, 1, 10
64, 6, 0, 1, 10
64, 6, 0, 1, 10
64, 6, 0, 1, 10
64, 6, 0, 1, 10
64, 2, 1, 0, 9
64, 2, 1, 0, 9
65, 6, 0, 1, 10
65, 6, 0, 1, 10
65, 6, 0, 1, 10
65, 6, 0, 1, 10
65, 6, 0, 1, 10
65, 6, 0, 1, 10
65, 2, 1, 0, 9
65, 2, 1, 0, 9
66, 4, 0, 1, 6
66, 4, 0, 1, 6
66, 4, 0, 1, 6
66, 4, 0, 1, 6
66, 8, 1, 0, 9
66, 8, 1, 0, 9
66, 8, 1, 0, 9
66, 8, 1, 0, 9
66, 8, 1, 0, 9
66, 8, 1, 0, 9
66, 8, 1, 0, 9
66, 8, 1, 0, 9
67, 4, 0, 1, 6
67, 4, 0, 1, 6
67, 4, 0, 1, 6
67, 4, 0, 1, 6
67, 8, 1, 0, 9
67, 8, 1, 0, 9
67, 8, 1, 0, 9
67, 8, 1, 0, 9
67, 8, 1, 0, 9
67, 8, 1, 0, 9
67, 8, 1, 0, 9
67, 8, 1, 0, 9
68, 5, 1, 0, 3
68, 5, 1, 0, 3
68, 5, 1, 0, 3
68, 5, 1, 0, 3
68, 5, 1, 0, 3
69, 6, 0, 1, 5
69, 6, 0, 1, 5
69, 6, 0, 1, 5
69, 6, 0, 1, 5
69, 6, 0, 1, 5
69, 6, 0, 1, 5
69, 2, 1, 0, 6
69, 2, 1, 0, 6
70, 6, 0, 1, 5
70, 6, 0, 1, 5
70, 6, 0, 1, 5
70, 6, 0, 1, 5
70, 6, 0, 1, 5
70, 6, 0, 1, 5
70, 2, 1, 0, 6
70, 2, 1, 0, 6
71, 6, 0, 1, 5
71, 6, 0, 1, 5
71, 6, 0, 1, 5
71, 6, 0, 1, 5
71, 6, 0, 1, 5
71, 6, 0, 1, 5
71, 2, 1, 0, 6
71, 2, 1, 0, 6
72, 6, 0, 1, 5
72, 6, 0, 1, 5
72, 6, 0, 1, 5
72, 6, 0, 1, 5
72, 6, 0, 1, 5
72, 6, 0, 1, 5
72, 2, 1, 0, 6
72, 2, 1, 0, 6
73, 6, 0, 1, 7
73, 6, 0, 1, 7
73, 6, 0, 1, 8
73, 6, 0, 1, 8
73, 6, 0, 1, 8
73, 6, 0, 1, 8
73, 6, 1, 0, 2
73, 6, 1, 0, 2
73, 6, 1, 0, 2
73, 6, 1, 0, 2
73, 6, 1, 0, 2
73, 6, 1, 0, 2
74, 6, 0, 1, 7
74, 6, 0, 1, 7
74, 6, 0, 1, 8
74, 6, 0, 1, 8
74, 6, 0, 1, 8
74, 6, 0, 1, 8
74, 6, 1, 0, 2
74, 6, 1, 0, 2
74, 6, 1, 0, 2
74, 6, 1, 0, 2
74, 6, 1, 0, 2
74, 6, 1, 0, 2
75, 6, 0, 1, 7
75, 6, 0, 1, 7
75, 6, 0, 1, 8
75, 6, 0, 1, 8
75, 6, 0, 1, 8
75, 6, 0, 1, 8
75, 6, 1, 0, 2
75, 6, 1, 0, 2
75, 6, 1, 0, 2
75, 6, 1, 0, 2
75, 6, 1, 0, 2
75, 6, 1, 0, 2
76, 6, 0, 1, 7
76, 6, 0, 1, 7
76, 6, 0, 1, 8
76, 6, 0, 1, 8
76, 6, 0, 1, 8
76, 6, 0, 1, 8
76, 6, 1, 0, 2
76, 6, 1, 0, 2
76, 6, 1, 0, 2
76, 6, 1, 0, 2
76, 6, 1, 0, 2
76, 6, 1, 0, 2
77, 6, 0, 1, 7
77, 6, 0, 1, 7
77, 6, 0, 1, 8
77, 6, 0, 1, 8
77, 6, 0, 1, 8
77, 6, 0, 1, 8
77, 6, 1, 0, 2
77, 6, 1, 0, 2
77, 6, 1, 0, 2
77, 6, 1, 0, 2
77, 6, 1, 0, 2
77, 6, 1, 0, 2
78, 14, 0, 1, 2
78, 14, 0, 1, 2
78, 14, 0, 1, 2
78, 14, 0, 1, 2
78, 14, 0, 1, 2
78, 14, 0, 1, 2
78, 14, 0, 1, 2
78, 14, 0, 1, 2
78, 14, 0, 1, 7
78, 14, 0, 1, 7
78, 14, 0, 1, 8
78, 14, 0, 1, 8
78, 14, 0, 1, 8
78, 14, 0, 1, 8
78, 26, 1, 0, 2
78, 26, 1, 0, 2
78, 26, 1, 0, 3
78, 26, 1, 0, 3
78, 26, 1, 0, 3
78, 26, 1, 0, 3
78, 26, 1, 0, 3
78, 26, 1, 0, 3
78, 26, 1, 0, 3
78, 26, 1, 0, 3
78, 26, 1, 0, 3
78, 26, 1, 0, 3
78, 26, 1, 0, 3
78, 26, 1, 0, 3
78, 26, 1, 0, 3
78, 26, 1, 0, 3
78, 26, 1, 0, 3
78, 26, 1, 0, 3
78, 26, 1, 0, 3
78, 26, 1, 0, 3
78, 26, 1, 0, 3
78, 26, 1, 0, 3
78, 26, 1, 0, 3
78, 26, 1, 0, 3
78, 26, 1, 0, 3
78, 26, 1, 0, 3
79, 2, 0, 1, 7
79, 2, 0, 1, 7
79, 2, 1, 0, 7
79, 2, 1, 0, 7
80, 6, 1, 0, 7
80, 6, 1, 0, 7
80, 6, 1, 0, 7
80, 6, 1, 0, 7
80, 6, 1, 0, 7
80, 6, 1, 0, 7
81, 6, 1, 0, 7
81, 6, 1, 0, 7
81, 6, 1, 0, 7
81, 6, 1, 0, 7
81, 6, 1, 0, 7
81, 6, 1, 0, 7
82, 6, 1, 0, 7
82, 6, 1, 0, 7
82, 6, 1, 0, 7
82, 6, 1, 0, 7
82, 6, 1, 0, 7
82, 6, 1, 0, 7
83, 6, 1, 0, 7
83, 6, 1, 0, 7
83, 6, 1, 0, 7
83, 6, 1, 0, 7
83, 6, 1, 0, 7
83, 6, 1, 0, 7
84, 6, 1, 0, 7
84, 6, 1, 0, 7
84, 6, 1, 0, 7
84, 6, 1, 0, 7
84, 6, 1, 0, 7
84, 6, 1, 0, 7
85, 6, 1, 0, 7
85, 6, 1, 0, 7
85, 6, 1, 0, 7
85, 6, 1, 0, 7
85, 6, 1, 0, 7
85, 6, 1, 0, 7
86, 8, 0, 1, 8
86, 8, 0, 1, 8
86, 8, 0, 1, 8
86, 8, 0, 1, 8
86, 8, 0, 1, 8
86, 8, 0, 1, 8
86, 8, 0, 1, 8
86, 8, 0, 1, 8
86, 4, 1, 0, 5
86, 4, 1, 0, 5
86, 4, 1, 0, 5
86, 4, 1, 0, 5
87, 6, 0, 1, 7
87, 6, 0, 1, 7
87, 6, 0, 1, 7
87, 6, 0, 1, 7
87, 6, 0, 1, 7
87, 6, 0, 1, 7
88, 6, 0, 1, 7
88, 6, 0, 1, 7
88, 6, 0, 1, 7
88, 6, 0, 1, 7
88, 6, 0, 1, 7
88, 6, 0, 1, 7
89, 12, 0, 1, 10
89, 12, 0, 1, 10
89, 12, 0, 1, 10
89, 12, 0, 1, 10
89, 12, 0, 1, 10
89, 12, 0, 1, 10
89, 12, 0, 1, 10
89, 12, 0, 1, 10
89, 12, 0, 1, 10
89, 12, 0, 1, 10
89, 12, 0, 1, 10
89, 12, 0, 1, 10
89, 4, 1, 0, 7
89, 4, 1, 0, 7
89, 4, 1, 0, 7
89, 4, 1, 0, 7
90, 6, 0, 1, 7
90, 6, 0, 1, 7
90, 6, 0, 1, 7
90, 6, 0, 1, 7
90, 6, 0, 1, 7
90, 6, 0, 1, 7
91, 6, 0, 1, 7
91, 6, 0, 1, 7
91, 6, 0, 1, 7
91, 6, 0, 1, 7
91, 6, 0, 1, 7
91, 6, 0, 1, 7
92, 6, 0, 1, 7
92, 6, 0, 1, 7
92, 6, 0, 1, 7
92, 6, 0, 1, 7
92, 6, 0, 1, 7
92, 6, 0, 1, 7
93, 6, 1, 0, 7
93, 6, 1, 0, 7
93, 6, 1, 0, 7
93, 6, 1, 0, 7
93, 6, 1, 0, 7
93, 6, 1, 0, 7
94, 12, 0, 1, 5
94, 12, 0, 1, 5
94, 12, 0, 1, 5
94, 12, 0, 1, 5
94, 12, 0, 1, 5
94, 12, 0, 1, 5
94, 12, 0, 1, 5
94, 12, 0, 1, 5
94, 12, 0, 1, 5
94, 12, 0, 1, 5
94, 12, 0, 1, 5
94, 12, 0, 1, 5
94, 4, 1, 0, 7
94, 4, 1, 0, 7
94, 4, 1, 0, 7
94, 4, 1, 0, 7
95, 6, 1, 0, 7
95, 6, 1, 0, 7
95, 6, 1, 0, 7
95, 6, 1, 0, 7
95, 6, 1, 0, 7
95, 6, 1, 0, 7
96, 6, 1, 0, 7
96, 6, 1, 0, 7
96, 6, 1, 0, 7
96, 6, 1, 0, 7
96, 6, 1, 0, 7
96, 6, 1, 0, 7
97, 6, 1, 0, 7
97, 6, 1, 0, 7
97, 6, 1, 0, 7
97, 6, 1, 0, 7
97, 6, 1, 0, 7
97, 6, 1, 0, 7
98, 6, 1, 0, 7
98, 6, 1, 0, 7
98, 6, 1, 0, 7
98, 6, 1, 0, 7
98, 6, 1, 0, 7
98, 6, 1, 0, 7
99, 6, 1, 0, 7
99, 6, 1, 0, 7
99, 6, 1, 0, 7
99, 6, 1, 0, 7
99, 6, 1, 0, 7
99, 6, 1, 0, 7
100, 6, 1, 0, 7
100, 6, 1, 0, 7
100, 6, 1, 0, 7
100, 6, 1, 0, 7
100, 6, 1, 0, 7
100, 6, 1, 0, 7
101, 6, 1, 0, 7
101, 6, 1, 0, 7
101, 6, 1, 0, 7
101, 6, 1, 0, 7
101, 6, 1, 0, 7
101, 6, 1, 0, 7
102, 6, 1, 0, 7
102, 6, 1, 0, 7
102, 6, 1, 0, 7
102, 6, 1, 0, 7
102, 6, 1, 0, 7
102, 6, 1, 0, 7
103, 6, 1, 0, 7
103, 6, 1, 0, 7
103, 6, 1, 0, 7
103, 6, 1, 0, 7
103, 6, 1, 0, 7
103, 6, 1, 0, 7
104, 6, 1, 0, 7
104, 6, 1, 0, 7
104, 6, 1, 0, 7
104, 6, 1, 0, 7
104, 6, 1, 0, 7
104, 6, 1, 0, 7
105, 6, 1, 0, 7
105, 6, 1, 0, 7
105, 6, 1, 0, 7
105, 6, 1, 0, 7
105, 6, 1, 0, 7
105, 6, 1, 0, 7
106, 6, 1, 0, 7
106, 6, 1, 0, 7
106, 6, 1, 0, 7
106, 6, 1, 0, 7
106, 6, 1, 0, 7
106, 6, 1, 0, 7
107, 4, 0, 1, 5
107, 4, 0, 1, 5
107, 4, 0, 1, 5
107, 4, 0, 1, 5
107, 4, 1, 0, 9
107, 4, 1, 0, 9
107, 4, 1, 0, 10
107, 4, 1, 0, 10
108, 4, 0, 1, 8
108, 4, 0, 1, 8
108, 4, 0, 1, 9
108, 4, 0, 1, 9
108, 1, 1, 0, 3
109, 6, 0, 1, 4
109, 6, 0, 1, 5
109, 6, 0, 1, 5
109, 6, 0, 1, 5
109, 6, 0, 1, 5
109, 6, 0, 1, 5
109, 12, 1, 0, 11
109, 12, 1, 0, 11
109, 12, 1, 0, 11
109, 12, 1, 0, 11
109, 12, 1, 0, 11
109, 12, 1, 0, 11
109, 12, 1, 0, 11
109, 12, 1, 0, 11
109, 12, 1, 0, 11
109, 12, 1, 0, 11
109, 12, 1, 0, 11
109, 12, 1, 0, 11
110, 8, 0, 1, 6
110, 8, 0, 1, 6
110, 8, 0, 1, 6
110, 8, 0, 1, 6
110, 8, 0, 1, 6
110, 8, 0, 1, 6
110, 8, 0, 1, 6
110, 8, 0, 1, 6
110, 4, 1, 0, 11
110, 4, 1, 0, 11
110, 4, 1, 0, 11
110, 4, 1, 0, 11
111, 8, 0, 1, 6
111, 8, 0, 1, 6
111, 8, 0, 1, 6
111, 8, 0, 1, 6
111, 8, 0, 1, 6
111, 8, 0, 1, 6
111, 8, 0, 1, 6
111, 8, 0, 1, 6
111, 4, 1, 0, 11
111, 4, 1, 0, 11
111, 4, 1, 0, 11
111, 4, 1, 0, 11
112, 8, 0, 1, 6
112, 8, 0, 1, 6
112, 8, 0, 1, 6
112, 8, 0, 1, 6
112, 8, 0, 1, 6
112, 8, 0, 1, 6
112, 8, 0, 1, 6
112, 8, 0, 1, 6
112, 4, 1, 0, 11
112, 4, 1, 0, 11
112, 4, 1, 0, 11
112, 4, 1, 0, 11
113, 12, 0, 1, 5
113, 12, 0, 1, 5
113, 12, 0, 1, 6
113, 12, 0, 1, 6
113, 12, 0, 1, 6
113, 12, 0, 1, 6
113, 12, 0, 1, 6
113, 12, 0, 1, 6
113, 12, 0, 1, 6
113, 12, 0, 1, 6
113, 12, 0, 1, 6
113, 12, 0, 1, 6
113, 2, 1, 0, 8
113, 2, 1, 0, 8
114, 14, 0, 1, 6
114, 14, 0, 1, 6
114, 14, 0, 1, 6
114, 14, 0, 1, 6
114, 14, 0, 1, 6
114, 14, 0, 1, 6
114, 14, 0, 1, 6
114, 14, 0, 1, 6
114, 14, 0, 1, 6
114, 14, 0, 1, 6
114, 14, 0, 1, 6
114, 14, 0, 1, 6
114, 14, 0, 1, 6
114, 14, 0, 1, 6
114, 3, 1, 0, 6
114, 3, 1, 0, 9
114, 3, 1, 0, 9
115, 14, 0, 1, 6
115, 14, 0, 1, 6
115, 14, 0, 1, 6
115, 14, 0, 1, 6
115, 14, 0, 1, 6
115, 14, 0, 1, 6
115, 14, 0, 1, 6
115, 14, 0, 1, 6
115, 14, 0, 1, 6
115, 14, 0, 1, 6
115, 14, 0, 1, 6
115, 14, 0, 1, 6
115, 14, 0, 1, 6
115, 14, 0, 1, 6
115, 3, 1, 0, 6
115, 3, 1, 0, 9
115, 3, 1, 0, 9
116, 12, 1, 0, 7
116, 12, 1, 0, 7
116, 12, 1, 0, 7
116, 12, 1, 0, 7
116, 12, 1, 0, 7
116, 12, 1, 0, 7
116, 12, 1, 0, 7
116, 12, 1, 0, 7
116, 12, 1, 0, 7
116, 12, 1, 0, 7
116, 12, 1, 0, 7
116, 12, 1, 0, 7
117, 12, 1, 0, 7
117, 12, 1, 0, 7
117, 12, 1, 0, 7
117, 12, 1, 0, 7
117, 12, 1, 0, 7
117, 12, 1, 0, 7
117, 12, 1, 0, 7
117, 12, 1, 0, 7
117, 12, 1, 0, 7
117, 12, 1, 0, 7
117, 12, 1, 0, 7
117, 12, 1, 0, 7
118, 12, 1, 0, 7
118, 12, 1, 0, 7
118, 12, 1, 0, 7
118, 12, 1, 0, 7
118, 12, 1, 0, 7
118, 12, 1, 0, 7
118, 12, 1, 0, 7
118, 12, 1, 0, 7
118, 12, 1, 0, 7
118, 12, 1, 0, 7
118, 12, 1, 0, 7
118, 12, 1, 0, 7
119, 12, 1, 0, 7
119, 12, 1, 0, 7
119, 12, 1, 0, 7
119, 12, 1, 0, 7
119, 12, 1, 0, 7
119, 12, 1, 0, 7
119, 12, 1, 0, 7
119, 12, 1, 0, 7
119, 12, 1, 0, 7
119, 12, 1, 0, 7
119, 12, 1, 0, 7
119, 12, 1, 0, 7
120, 12, 1, 0, 7
120, 12, 1, 0, 7
120, 12, 1, 0, 7
120, 12, 1, 0, 7
120, 12, 1, 0, 7
120, 12, 1, 0, 7
120, 12, 1, 0, 7
120, 12, 1, 0, 7
120, 12, 1, 0, 7
120, 12, 1, 0, 7
120, 12, 1, 0, 7
120, 12, 1, 0, 7
121, 12, 1, 0, 7
121, 12, 1, 0, 7
121, 12, 1, 0, 7
121, 12, 1, 0, 7
121, 12, 1, 0, 7
121, 12, 1, 0, 7
121, 12, 1, 0, 7
121, 12, 1, 0, 7
121, 12, 1, 0, 7
121, 12, 1, 0, 7
121, 12, 1, 0, 7
121, 12, 1, 0, 7
122, 12, 1, 0, 7
122, 12, 1, 0, 7
122, 12, 1, 0, 7
122, 12, 1, 0, 7
122, 12, 1, 0, 7
122, 12, 1, 0, 7
122, 12, 1, 0, 7
122, 12, 1, 0, 7
122, 12, 1, 0, 7
122, 12, 1, 0, 7
122, 12, 1, 0, 7
122, 12, 1, 0, 7
123, 12, 1, 0, 7
123, 12, 1, 0, 7
123, 12, 1, 0, 7
123, 12, 1, 0, 7
123, 12, 1, 0, 7
123, 12, 1, 0, 7
123, 12, 1, 0, 7
123, 12, 1, 0, 7
123, 12, 1, 0, 7
123, 12, 1, 0, 7
123, 12, 1, 0, 7
123, 12, 1, 0, 7
124, 12, 0, 1, 7
124, 12, 0, 1, 7
124, 12, 0, 1, 7
124, 12, 0, 1, 7
124, 12, 0, 1, 7
124, 12, 0, 1, 7
124, 12, 0, 1, 7
124, 12, 0, 1, 7
124, 12, 0, 1, 7
124, 12, 0, 1, 7
124, 12, 0, 1, 7
124, 12, 0, 1, 7
125, 12, 0, 1, 7
125, 12, 0, 1, 7
125, 12, 0, 1, 7
125, 12, 0, 1, 7
125, 12, 0, 1, 7
125, 12, 0, 1, 7
125, 12, 0, 1, 7
125, 12, 0, 1, 7
125, 12, 0, 1, 7
125, 12, 0, 1, 7
125, 12, 0, 1, 7
125, 12, 0, 1, 7
126, 12, 1, 0, 7
126, 12, 1, 0, 7
126, 12, 1, 0, 7
126, 12, 1, 0, 7
126, 12, 1, 0, 7
126, 12, 1, 0, 7
126, 12, 1, 0, 7
126, 12, 1, 0, 7
126, 12, 1, 0, 7
126, 12, 1, 0, 7
126, 12, 1, 0, 7
126, 12, 1, 0, 7
127, 12, 1, 0, 7
127, 12, 1, 0, 7
127, 12, 1, 0, 7
127, 12, 1, 0, 7
127, 12, 1, 0, 7
127, 12, 1, 0, 7
127, 12, 1, 0, 7
127, 12, 1, 0, 7
127, 12, 1, 0, 7
127, 12, 1, 0, 7
127, 12, 1, 0, 7
127, 12, 1, 0, 7
128, 14, 0, 1, 6
128, 14, 0, 1, 6
128, 14, 0, 1, 6
128, 14, 0, 1, 6
128, 14, 0, 1, 6
128, 14, 0, 1, 6
128, 14, 0, 1, 6
128, 14, 0, 1, 6
128, 14, 0, 1, 6
128, 14, 0, 1, 6
128, 14, 0, 1, 6
128, 14, 0, 1, 6
128, 14, 0, 1, 6
128, 14, 0, 1, 6
128, 3, 1, 0, 6
128, 3, 1, 0, 9
128, 3, 1, 0, 9
129, 14, 0, 1, 6
129, 14, 0, 1, 6
129, 14, 0, 1, 6
129, 14, 0, 1, 6
129, 14, 0, 1, 6
129, 14, 0, 1, 6
129, 14, 0, 1, 6
129, 14, 0, 1, 6
129, 14, 0, 1, 6
129, 14, 0, 1, 6
129, 14, 0, 1, 6
129, 14, 0, 1, 6
129, 14, 0, 1, 6
129, 14, 0, 1, 6
129, 3, 1, 0, 6
129, 3, 1, 0, 9
129, 3, 1, 0, 9
130, 16, 0, 1, 6
130, 16, 0, 1, 6
130, 16, 0, 1, 6
130, 16, 0, 1, 6
130, 16, 0, 1, 6
130, 16, 0, 1, 6
130, 16, 0, 1, 6
130, 16, 0, 1, 6
130, 16, 0, 1, 6
130, 16, 0, 1, 6
130, 16, 0, 1, 6
130, 16, 0, 1, 6
130, 16, 0, 1, 6
130, 16, 0, 1, 6
130, 16, 0, 1, 6
130, 16, 0, 1, 6
130, 1, 1, 0, 8
131, 16, 0, 1, 6
131, 16, 0, 1, 6
131, 16, 0, 1, 6
131, 16, 0, 1, 6
131, 16, 0, 1, 6
131, 16, 0, 1, 6
131, 16, 0, 1, 6
131, 16, 0, 1, 6
131, 16, 0, 1, 6
131, 16, 0, 1, 6
131, 16, 0, 1, 6
131, 16, 0, 1, 6
131, 16, 0, 1, 6
131, 16, 0, 1, 6
131, 16, 0, 1, 6
131, 16, 0, 1, 6
131, 1, 1, 0, 8
132, 21, 0, 1, 4
132, 21, 0, 1, 5
132, 21, 0, 1, 5
132, 21, 0, 1, 5
132, 21, 0, 1, 5
132, 21, 0, 1, 6
132, 21, 0, 1, 6
132, 21, 0, 1, 6
132, 21, 0, 1, 6
132, 21, 0, 1, 6
132, 21, 0, 1, 6
132, 21, 0, 1, 6
132, 21, 0, 1, 6
132, 21, 0, 1, 6
132, 21, 0, 1, 6
132, 21, 0, 1, 6
132, 21, 0, 1, 6
132, 21, 0, 1, 6
132, 21, 0, 1, 6
132, 21, 0, 1, 6
132, 21, 0, 1, 6
132, 9, 1, 0, 3
132, 9, 1, 0, 9
132, 9, 1, 0, 9
132, 9, 1, 0, 11
132, 9, 1, 0, 11
132, 9, 1, 0, 11
132, 9, 1, 0, 11
132, 9, 1, 0, 11
132, 9, 1, 0, 11
133, 21, 0, 1, 5
133, 21, 0, 1, 5
133, 21, 0, 1, 5
133, 21, 0, 1, 5
133, 21, 0, 1, 5
133, 21, 0, 1, 6
133, 21, 0, 1, 6
133, 21, 0, 1, 6
133, 21, 0, 1, 6
133, 21, 0, 1, 6
133, 21, 0, 1, 6
133, 21, 0, 1, 6
133, 21, 0, 1, 6
133, 21, 0, 1, 6
133, 21, 0, 1, 6
133, 21, 0, 1, 6
133, 21, 0, 1, 6
133, 21, 0, 1, 6
133, 21, 0, 1, 6
133, 21, 0, 1, 6
133, 21, 0, 1, 6
133, 11, 1, 0, 4
133, 11, 1, 0, 8
133, 11, 1, 0, 8
133, 11, 1, 0, 8
133, 11, 1, 0, 8
133, 11, 1, 0, 11
133, 11, 1, 0, 11
133, 11, 1, 0, 11
133, 11, 1, 0, 11
133, 11, 1, 0, 11
133, 11, 1, 0, 11
134, 28, 0, 1, 6
134, 28, 0, 1, 6
134, 28, 0, 1, 6
134, 28, 0, 1, 6
134, 28, 0, 1, 6
134, 28, 0, 1, 6
134, 28, 0, 1, 6
134, 28, 0, 1, 6
134, 28, 0, 1, 6
134, 28, 0, 1, 6
134, 28, 0, 1, 6
134, 28, 0, 1, 6
134, 28, 0, 1, 6
134, 28, 0, 1, 6
134, 28, 0, 1, 6
134, 28, 0, 1, 6
134, 28, 0, 1, 6
134, 28, 0, 1, 6
134, 28, 0, 1, 6
134, 28, 0, 1, 6
134, 28, 0, 1, 6
134, 28, 0, 1, 6
134, 28, 0, 1, 6
134, 28, 0, 1, 6
134, 28, 0, 1, 6
134, 28, 0, 1, 6
134, 28, 0, 1, 6
134, 28, 0, 1, 6
134, 4, 1, 0, 5
134, 4, 1, 0, 5
134, 4, 1, 0, 8
134, 4, 1, 0, 8
135, 28, 0, 1, 6
135, 28, 0, 1, 6
135, 28, 0, 1, 6
135, 28, 0, 1, 6
135, 28, 0, 1, 6
135, 28, 0, 1, 6
135, 28, 0, 1, 6
135, 28, 0, 1, 6
135, 28, 0, 1, 6
135, 28, 0, 1, 6
135, 28, 0, 1, 6
135, 28, 0, 1, 6
135, 28, 0, 1, 6
135, 28, 0, 1, 6
135, 28, 0, 1, 6
135, 28, 0, 1, 6
135, 28, 0, 1, 6
135, 28, 0, 1, 6
135, 28, 0, 1, 6
135, 28, 0, 1, 6
135, 28, 0, 1, 6
135, 28, 0, 1, 6
135, 28, 0, 1, 6
135, 28, 0, 1, 6
135, 28, 0, 1, 6
135, 28, 0, 1, 6
135, 28, 0, 1, 6
135, 28, 0, 1, 6
135, 4, 1, 0, 5
135, 4, 1, 0, 5
135, 4, 1, 0, 9
135, 4, 1, 0, 9
136, 24, 0, 1, 6
136, 24, 0, 1, 6
136, 24, 0, 1, 6
136, 24, 0, 1, 6
136, 24, 0, 1, 6
136, 24, 0, 1, 6
136, 24, 0, 1, 6
136, 24, 0, 1, 6
136, 24, 0, 1, 6
136, 24, 0, 1, 6
136, 24, 0, 1, 6
136, 24, 0, 1, 6
136, 24, 0, 1, 6
136, 24, 0, 1, 6
136, 24, 0, 1, 6
136, 24, 0, 1, 6
136, 24, 0, 1, 6
136, 24, 0, 1, 6
136, 24, 0, 1, 6
136, 24, 0, 1, 6
136, 24, 0, 1, 6
136, 24, 0, 1, 6
136, 24, 0, 1, 6
136, 24, 0, 1, 6
136, 4, 1, 0, 5
136, 4, 1, 0, 5
136, 4, 1, 0, 5
136, 4, 1, 0, 5
137, 3, 1, 0, 7
137, 3, 1, 0, 7
137, 3, 1, 0, 7
138, 9, 0, 1, 3
138, 9, 0, 1, 5
138, 9, 0, 1, 5
138, 9, 0, 1, 5
138, 9, 0, 1, 5
138, 9, 0, 1, 5
138, 9, 0, 1, 5
138, 9, 0, 1, 5
138, 9, 0, 1, 5
138, 14, 1, 0, 3
138, 14, 1, 0, 3
138, 14, 1, 0, 3
138, 14, 1, 0, 3
138, 14, 1, 0, 3
138, 14, 1, 0, 3
138, 14, 1, 0, 3
138, 14, 1, 0, 3
138, 14, 1, 0, 8
138, 14, 1, 0, 8
138, 14, 1, 0, 9
138, 14, 1, 0, 9
138, 14, 1, 0, 9
138, 14, 1, 0, 9
139, 10, 0, 4, 5
139, 10, 0, 4, 5
139, 10, 0, 4, 6
139, 10, 0, 4, 6
139, 10, 0, 5, 4
139, 10, 0, 5, 5
139, 10, 0, 6, 5
139, 10, 0, 6, 5
139, 10, 0, 6, 5
139, 10, 0, 6, 5
139, 10, 1, 4, 6
139, 10, 1, 4, 6
139, 10, 1, 4, 6
139, 10, 1, 4, 6
139, 10, 1, 5, 5
139, 10, 1, 5, 5
139, 10, 1, 6, 5
139, 10, 1, 6, 5
139, 10, 1, 6, 5
139, 10, 1, 6, 5
139, 10, 2, 4, 6
139, 10, 2, 4, 6
139, 10, 2, 4, 6
139, 10, 2, 4, 6
139, 10, 2, 5, 5
139, 10, 2, 5, 5
139, 10, 2, 6, 5
139, 10, 2, 6, 5
139, 10, 2, 6, 5
139, 10, 2, 6, 5
139, 6, 3, 0, 6
139, 6, 3, 0, 6
139, 6, 3, 1, 8
139, 6, 3, 1, 8
139, 6, 3, 2, 8
139, 6, 3, 2, 8
139, 32, 4, 6, 6
139, 32, 4, 6, 6
139, 32, 4, 6, 6
139, 32, 4, 6, 6
139, 32, 4, 6, 6
139, 32, 4, 6, 6
139, 32, 4, 6, 6
139, 32, 4, 6, 6
139, 32, 4, 6, 6
139, 32, 4, 6, 6
139, 32, 4, 6, 6
139, 32, 4, 6, 6
139, 32, 4, 6, 6
139, 32, 4, 6, 6
139, 32, 4, 6, 6
139, 32, 4, 6, 6
139, 32, 4, 6, 6
139, 32, 4, 6, 6
139, 32, 4, 6, 6
139, 32, 4, 6, 6
139, 32, 4, 6, 6
139, 32, 4, 6, 6
139, 32, 4, 6, 6
139, 32, 4, 6, 6
139, 32, 4, 6, 6
139, 32, 4, 6, 6
139, 32, 4, 6, 6
139, 32, 4, 6, 6
139, 32, 4, 6, 6
139, 32, 4, 6, 6
139, 32, 4, 6, 6
139, 32, 4, 6, 6
139, 24, 5, 6, 6
139, 24, 5, 6, 6
139, 24, 5, 6, 6
139, 24, 5, 6, 6
139, 24, 5, 6, 6
139, 24, 5, 6, 6
139, 24, 5, 6, 6
139, 24, 5, 6, 6
139, 24, 5, 6, 6
139, 24, 5, 6, 6
139, 24, 5, 6, 6
139, 24, 5, 6, 6
139, 24, 5, 6, 6
139, 24, 5, 6, 6
139, 24, 5, 6, 6
139, 24, 5, 6, 6
139, 24, 5, 6, 6
139, 24, 5, 6, 6
139, 24, 5, 6, 6
139, 24, 5, 6, 6
139, 24, 5, 6, 6
139, 24, 5, 6, 6
139, 24, 5, 6, 6
139, 24, 5, 6, 6
139, 21, 6, 0, 2
139, 21, 6, 0, 4
139, 21, 6, 0, 4
139, 21, 6, 0, 4
139, 21, 6, 0, 4
139, 21, 6, 1, 6
139, 21, 6, 1, 6
139, 21, 6, 1, 6
139, 21, 6, 1, 6
139, 21, 6, 1, 7
139, 21, 6, 1, 7
139, 21, 6, 2, 6
139, 21, 6, 2, 6
139, 21, 6, 2, 6
139, 21, 6, 2, 6
139, 21, 6, 2, 7
139, 21, 6, 2, 7
139, 21, 6, 3, 5
139, 21, 6, 3, 5
139, 21, 6, 3, 5
139, 21, 6, 3, 5
Goal
137
138
139
