CG
121
0, 120, 120, 2
0, 120, 119, 3
0, 120, 118, 2
0, 120, 117, 3
0, 120, 116, 3
0, 120, 115, 3
0, 120, 114, 3
0, 120, 113, 3
0, 120, 112, 3
0, 120, 111, 3
0, 120, 110, 3
0, 120, 109, 3
0, 120, 108, 4
0, 120, 107, 3
0, 120, 106, 4
0, 120, 105, 4
0, 120, 104, 4
0, 120, 103, 4
0, 120, 102, 4
0, 120, 101, 4
0, 120, 100, 4
0, 120, 99, 4
0, 120, 98, 2
0, 120, 97, 3
0, 120, 96, 2
0, 120, 95, 3
0, 120, 94, 3
0, 120, 93, 3
0, 120, 92, 3
0, 120, 91, 3
0, 120, 90, 3
0, 120, 89, 3
0, 120, 88, 3
0, 120, 87, 3
0, 120, 86, 4
0, 120, 85, 3
0, 120, 84, 4
0, 120, 83, 4
0, 120, 82, 4
0, 120, 81, 4
0, 120, 80, 4
0, 120, 79, 4
0, 120, 78, 4
0, 120, 77, 4
0, 120, 76, 3
0, 120, 75, 4
0, 120, 74, 3
0, 120, 73, 4
0, 120, 72, 4
0, 120, 71, 4
0, 120, 70, 4
0, 120, 69, 4
0, 120, 68, 4
0, 120, 67, 4
0, 120, 66, 4
0, 120, 65, 3
0, 120, 64, 4
0, 120, 63, 3
0, 120, 62, 4
0, 120, 61, 4
0, 120, 60, 4
0, 120, 59, 4
0, 120, 58, 4
0, 120, 57, 4
0, 120, 56, 4
0, 120, 55, 4
0, 120, 54, 3
0, 120, 53, 4
0, 120, 52, 3
0, 120, 51, 4
0, 120, 50, 4
0, 120, 49, 4
0, 120, 48, 4
0, 120, 47, 4
0, 120, 46, 4
0, 120, 45, 4
0, 120, 44, 3
0, 120, 43, 4
0, 120, 42, 3
0, 120, 41, 4
0, 120, 40, 4
0, 120, 39, 4
0, 120, 38, 4
0, 120, 37, 4
0, 120, 36, 4
0, 120, 35, 4
0, 120, 34, 4
0, 120, 33, 3
0, 120, 32, 4
0, 120, 31, 3
0, 120, 30, 4
0, 120, 29, 4
0, 120, 28, 4
0, 120, 27, 4
0, 120, 26, 4
0, 120, 25, 4
0, 120, 24, 4
0, 120, 23, 4
0, 120, 22, 3
0, 120, 21, 4
0, 120, 20, 3
0, 120, 19, 4
0, 120, 18, 4
0, 120, 17, 4
0, 120, 16, 4
0, 120, 15, 4
0, 120, 14, 4
0, 120, 13, 4
0, 120, 12, 4
0, 120, 11, 3
0, 120, 10, 4
0, 120, 9, 3
0, 120, 8, 4
0, 120, 7, 4
0, 120, 6, 4
0, 120, 5, 4
0, 120, 4, 4
0, 120, 3, 4
0, 120, 2, 4
0, 120, 1, 4
DTG
0, 2, 0, 1, 1
0, 2, 0, 11, 1
0, 3, 1, 0, 1
0, 3, 1, 3, 1
0, 3, 1, 12, 1
0, 2, 2, 10, 1
0, 2, 2, 13, 1
0, 3, 3, 1, 1
0, 3, 3, 4, 1
0, 3, 3, 14, 1
0, 3, 4, 3, 1
0, 3, 4, 5, 1
0, 3, 4, 15, 1
0, 3, 5, 4, 1
0, 3, 5, 6, 1
0, 3, 5, 16, 1
0, 3, 6, 5, 1
0, 3, 6, 7, 1
0, 3, 6, 17, 1
0, 3, 7, 6, 1
0, 3, 7, 8, 1
0, 3, 7, 18, 1
0, 3, 8, 7, 1
0, 3, 8, 9, 1
0, 3, 8, 19, 1
0, 3, 9, 8, 1
0, 3, 9, 10, 1
0, 3, 9, 20, 1
0, 3, 10, 2, 1
0, 3, 10, 9, 1
0, 3, 10, 21, 1
0, 3, 11, 0, 1
0, 3, 11, 12, 1
0, 3, 11, 33, 1
0, 4, 12, 1, 1
0, 4, 12, 11, 1
0, 4, 12, 14, 1
0, 4, 12, 34, 1
0, 3, 13, 2, 1
0, 3, 13, 21, 1
0, 3, 13, 35, 1
0, 4, 14, 3, 1
0, 4, 14, 12, 1
0, 4, 14, 15, 1
0, 4, 14, 36, 1
0, 4, 15, 4, 1
0, 4, 15, 14, 1
0, 4, 15, 16, 1
0, 4, 15, 37, 1
0, 4, 16, 5, 1
0, 4, 16, 15, 1
0, 4, 16, 17, 1
0, 4, 16, 38, 1
0, 4, 17, 6, 1
0, 4, 17, 16, 1
0, 4, 17, 18, 1
0, 4, 17, 39, 1
0, 4, 18, 7, 1
0, 4, 18, 17, 1
0, 4, 18, 19, 1
0, 4, 18, 40, 1
0, 4, 19, 8, 1
0, 4, 19, 18, 1
0, 4, 19, 20, 1
0, 4, 19, 41, 1
0, 4, 20, 9, 1
0, 4, 20, 19, 1
0, 4, 20, 21, 1
0, 4, 20, 42, 1
0, 4, 21, 10, 1
0, 4, 21, 13, 1
0, 4, 21, 20, 1
0, 4, 21, 43, 1
0, 2, 22, 23, 1
0, 2, 22, 110, 1
0, 3, 23, 22, 1
0, 3, 23, 25, 1
0, 3, 23, 111, 1
0, 2, 24, 32, 1
0, 2, 24, 112, 1
0, 3, 25, 23, 1
0, 3, 25, 26, 1
0, 3, 25, 113, 1
0, 3, 26, 25, 1
0, 3, 26, 27, 1
0, 3, 26, 114, 1
0, 3, 27, 26, 1
0, 3, 27, 28, 1
0, 3, 27, 115, 1
0, 3, 28, 27, 1
0, 3, 28, 29, 1
0, 3, 28, 116, 1
0, 3, 29, 28, 1
0, 3, 29, 30, 1
0, 3, 29, 117, 1
0, 3, 30, 29, 1
0, 3, 30, 31, 1
0, 3, 30, 118, 1
0, 3, 31, 30, 1
0, 3, 31, 32, 1
0, 3, 31, 119, 1
0, 3, 32, 24, 1
0, 3, 32, 31, 1
0, 3, 32, 120, 1
0, 3, 33, 11, 1
0, 3, 33, 34, 1
0, 3, 33, 44, 1
0, 4, 34, 12, 1
0, 4, 34, 33, 1
0, 4, 34, 36, 1
0, 4, 34, 45, 1
0, 3, 35, 13, 1
0, 3, 35, 43, 1
0, 3, 35, 46, 1
0, 4, 36, 14, 1
0, 4, 36, 34, 1
0, 4, 36, 37, 1
0, 4, 36, 47, 1
0, 4, 37, 15, 1
0, 4, 37, 36, 1
0, 4, 37, 38, 1
0, 4, 37, 48, 1
0, 4, 38, 16, 1
0, 4, 38, 37, 1
0, 4, 38, 39, 1
0, 4, 38, 49, 1
0, 4, 39, 17, 1
0, 4, 39, 38, 1
0, 4, 39, 40, 1
0, 4, 39, 50, 1
0, 4, 40, 18, 1
0, 4, 40, 39, 1
0, 4, 40, 41, 1
0, 4, 40, 51, 1
0, 4, 41, 19, 1
0, 4, 41, 40, 1
0, 4, 41, 42, 1
0, 4, 41, 52, 1
0, 4, 42, 20, 1
0, 4, 42, 41, 1
0, 4, 42, 43, 1
0, 4, 42, 53, 1
0, 4, 43, 21, 1
0, 4, 43, 35, 1
0, 4, 43, 42, 1
0, 4, 43, 54, 1
0, 3, 44, 33, 1
0, 3, 44, 45, 1
0, 3, 44, 55, 1
0, 4, 45, 34, 1
0, 4, 45, 44, 1
0, 4, 45, 47, 1
0, 4, 45, 56, 1
0, 3, 46, 35, 1
0, 3, 46, 54, 1
0, 3, 46, 57, 1
0, 4, 47, 36, 1
0, 4, 47, 45, 1
0, 4, 47, 48, 1
0, 4, 47, 58, 1
0, 4, 48, 37, 1
0, 4, 48, 47, 1
0, 4, 48, 49, 1
0, 4, 48, 59, 1
0, 4, 49, 38, 1
0, 4, 49, 48, 1
0, 4, 49, 50, 1
0, 4, 49, 60, 1
0, 4, 50, 39, 1
0, 4, 50, 49, 1
0, 4, 50, 51, 1
0, 4, 50, 61, 1
0, 4, 51, 40, 1
0, 4, 51, 50, 1
0, 4, 51, 52, 1
0, 4, 51, 62, 1
0, 4, 52, 41, 1
0, 4, 52, 51, 1
0, 4, 52, 53, 1
0, 4, 52, 63, 1
0, 4, 53, 42, 1
0, 4, 53, 52, 1
0, 4, 53, 54, 1
0, 4, 53, 64, 1
0, 4, 54, 43, 1
0, 4, 54, 46, 1
0, 4, 54, 53, 1
0, 4, 54, 65, 1
0, 3, 55, 44, 1
0, 3, 55, 56, 1
0, 3, 55, 66, 1
0, 4, 56, 45, 1
0, 4, 56, 55, 1
0, 4, 56, 58, 1
0, 4, 56, 67, 1
0, 3, 57, 46, 1
0, 3, 57, 65, 1
0, 3, 57, 68, 1
0, 4, 58, 47, 1
0, 4, 58, 56, 1
0, 4, 58, 59, 1
0, 4, 58, 69, 1
0, 4, 59, 48, 1
0, 4, 59, 58, 1
0, 4, 59, 60, 1
0, 4, 59, 70, 1
0, 4, 60, 49, 1
0, 4, 60, 59, 1
0, 4, 60, 61, 1
0, 4, 60, 71, 1
0, 4, 61, 50, 1
0, 4, 61, 60, 1
0, 4, 61, 62, 1
0, 4, 61, 72, 1
0, 4, 62, 51, 1
0, 4, 62, 61, 1
0, 4, 62, 63, 1
0, 4, 62, 73, 1
0, 4, 63, 52, 1
0, 4, 63, 62, 1
0, 4, 63, 64, 1
0, 4, 63, 74, 1
0, 4, 64, 53, 1
0, 4, 64, 63, 1
0, 4, 64, 65, 1
0, 4, 64, 75, 1
0, 4, 65, 54, 1
0, 4, 65, 57, 1
0, 4, 65, 64, 1
0, 4, 65, 76, 1
0, 3, 66, 55, 1
0, 3, 66, 67, 1
0, 3, 66, 77, 1
0, 4, 67, 56, 1
0, 4, 67, 66, 1
0, 4, 67, 69, 1
0, 4, 67, 78, 1
0, 3, 68, 57, 1
0, 3, 68, 76, 1
0, 3, 68, 79, 1
0, 4, 69, 58, 1
0, 4, 69, 67, 1
0, 4, 69, 70, 1
0, 4, 69, 80, 1
0, 4, 70, 59, 1
0, 4, 70, 69, 1
0, 4, 70, 71, 1
0, 4, 70, 81, 1
0, 4, 71, 60, 1
0, 4, 71, 70, 1
0, 4, 71, 72, 1
0, 4, 71, 82, 1
0, 4, 72, 61, 1
0, 4, 72, 71, 1
0, 4, 72, 73, 1
0, 4, 72, 83, 1
0, 4, 73, 62, 1
0, 4, 73, 72, 1
0, 4, 73, 74, 1
0, 4, 73, 84, 1
0, 4, 74, 63, 1
0, 4, 74, 73, 1
0, 4, 74, 75, 1
0, 4, 74, 85, 1
0, 4, 75, 64, 1
0, 4, 75, 74, 1
0, 4, 75, 76, 1
0, 4, 75, 86, 1
0, 4, 76, 65, 1
0, 4, 76, 68, 1
0, 4, 76, 75, 1
0, 4, 76, 87, 1
0, 3, 77, 66, 1
0, 3, 77, 78, 1
0, 3, 77, 88, 1
0, 4, 78, 67, 1
0, 4, 78, 77, 1
0, 4, 78, 80, 1
0, 4, 78, 89, 1
0, 3, 79, 68, 1
0, 3, 79, 87, 1
0, 3, 79, 90, 1
0, 4, 80, 69, 1
0, 4, 80, 78, 1
0, 4, 80, 81, 1
0, 4, 80, 91, 1
0, 4, 81, 70, 1
0, 4, 81, 80, 1
0, 4, 81, 82, 1
0, 4, 81, 92, 1
0, 4, 82, 71, 1
0, 4, 82, 81, 1
0, 4, 82, 83, 1
0, 4, 82, 93, 1
0, 4, 83, 72, 1
0, 4, 83, 82, 1
0, 4, 83, 84, 1
0, 4, 83, 94, 1
0, 4, 84, 73, 1
0, 4, 84, 83, 1
0, 4, 84, 85, 1
0, 4, 84, 95, 1
0, 4, 85, 74, 1
0, 4, 85, 84, 1
0, 4, 85, 86, 1
0, 4, 85, 96, 1
0, 4, 86, 75, 1
0, 4, 86, 85, 1
0, 4, 86, 87, 1
0, 4, 86, 97, 1
0, 4, 87, 76, 1
0, 4, 87, 79, 1
0, 4, 87, 86, 1
0, 4, 87, 98, 1
0, 3, 88, 77, 1
0, 3, 88, 89, 1
0, 3, 88, 99, 1
0, 4, 89, 78, 1
0, 4, 89, 88, 1
0, 4, 89, 91, 1
0, 4, 89, 100, 1
0, 3, 90, 79, 1
0, 3, 90, 98, 1
0, 3, 90, 101, 1
0, 4, 91, 80, 1
0, 4, 91, 89, 1
0, 4, 91, 92, 1
0, 4, 91, 102, 1
0, 4, 92, 81, 1
0, 4, 92, 91, 1
0, 4, 92, 93, 1
0, 4, 92, 103, 1
0, 4, 93, 82, 1
0, 4, 93, 92, 1
0, 4, 93, 94, 1
0, 4, 93, 104, 1
0, 4, 94, 83, 1
0, 4, 94, 93, 1
0, 4, 94, 95, 1
0, 4, 94, 105, 1
0, 4, 95, 84, 1
0, 4, 95, 94, 1
0, 4, 95, 96, 1
0, 4, 95, 106, 1
0, 4, 96, 85, 1
0, 4, 96, 95, 1
0, 4, 96, 97, 1
0, 4, 96, 107, 1
0, 4, 97, 86, 1
0, 4, 97, 96, 1
0, 4, 97, 98, 1
0, 4, 97, 108, 1
0, 4, 98, 87, 1
0, 4, 98, 90, 1
0, 4, 98, 97, 1
0, 4, 98, 109, 1
0, 3, 99, 88, 1
0, 3, 99, 100, 1
0, 3, 99, 110, 1
0, 4, 100, 89, 1
0, 4, 100, 99, 1
0, 4, 100, 102, 1
0, 4, 100, 111, 1
0, 3, 101, 90, 1
0, 3, 101, 109, 1
0, 3, 101, 112, 1
0, 4, 102, 91, 1
0, 4, 102, 100, 1
0, 4, 102, 103, 1
0, 4, 102, 113, 1
0, 4, 103, 92, 1
0, 4, 103, 102, 1
0, 4, 103, 104, 1
0, 4, 103, 114, 1
0, 4, 104, 93, 1
0, 4, 104, 103, 1
0, 4, 104, 105, 1
0, 4, 104, 115, 1
0, 4, 105, 94, 1
0, 4, 105, 104, 1
0, 4, 105, 106, 1
0, 4, 105, 116, 1
0, 4, 106, 95, 1
0, 4, 106, 105, 1
0, 4, 106, 107, 1
0, 4, 106, 117, 1
0, 4, 107, 96, 1
0, 4, 107, 106, 1
0, 4, 107, 108, 1
0, 4, 107, 118, 1
0, 4, 108, 97, 1
0, 4, 108, 107, 1
0, 4, 108, 109, 1
0, 4, 108, 119, 1
0, 4, 109, 98, 1
0, 4, 109, 101, 1
0, 4, 109, 108, 1
0, 4, 109, 120, 1
0, 3, 110, 22, 1
0, 3, 110, 99, 1
0, 3, 110, 111, 1
0, 4, 111, 23, 1
0, 4, 111, 100, 1
0, 4, 111, 110, 1
0, 4, 111, 113, 1
0, 3, 112, 24, 1
0, 3, 112, 101, 1
0, 3, 112, 120, 1
0, 4, 113, 25, 1
0, 4, 113, 102, 1
0, 4, 113, 111, 1
0, 4, 113, 114, 1
0, 4, 114, 26, 1
0, 4, 114, 103, 1
0, 4, 114, 113, 1
0, 4, 114, 115, 1
0, 4, 115, 27, 1
0, 4, 115, 104, 1
0, 4, 115, 114, 1
0, 4, 115, 116, 1
0, 4, 116, 28, 1
0, 4, 116, 105, 1
0, 4, 116, 115, 1
0, 4, 116, 117, 1
0, 4, 117, 29, 1
0, 4, 117, 106, 1
0, 4, 117, 116, 1
0, 4, 117, 118, 1
0, 4, 118, 30, 1
0, 4, 118, 107, 1
0, 4, 118, 117, 1
0, 4, 118, 119, 1
0, 4, 119, 31, 1
0, 4, 119, 108, 1
0, 4, 119, 118, 1
0, 4, 119, 120, 1
0, 4, 120, 32, 1
0, 4, 120, 109, 1
0, 4, 120, 112, 1
0, 4, 120, 119, 1
1, 4, 1, 0, 2
1, 4, 1, 0, 2
1, 4, 1, 0, 2
1, 4, 1, 0, 2
2, 4, 1, 0, 2
2, 4, 1, 0, 2
2, 4, 1, 0, 2
2, 4, 1, 0, 2
3, 4, 1, 0, 2
3, 4, 1, 0, 2
3, 4, 1, 0, 2
3, 4, 1, 0, 2
4, 4, 1, 0, 2
4, 4, 1, 0, 2
4, 4, 1, 0, 2
4, 4, 1, 0, 2
5, 4, 1, 0, 2
5, 4, 1, 0, 2
5, 4, 1, 0, 2
5, 4, 1, 0, 2
6, 4, 1, 0, 2
6, 4, 1, 0, 2
6, 4, 1, 0, 2
6, 4, 1, 0, 2
7, 4, 1, 0, 2
7, 4, 1, 0, 2
7, 4, 1, 0, 2
7, 4, 1, 0, 2
8, 4, 1, 0, 2
8, 4, 1, 0, 2
8, 4, 1, 0, 2
8, 4, 1, 0, 2
9, 3, 1, 0, 2
9, 3, 1, 0, 2
9, 3, 1, 0, 2
10, 4, 1, 0, 2
10, 4, 1, 0, 2
10, 4, 1, 0, 2
10, 4, 1, 0, 2
11, 3, 1, 0, 2
11, 3, 1, 0, 2
11, 3, 1, 0, 2
12, 4, 1, 0, 2
12, 4, 1, 0, 2
12, 4, 1, 0, 2
12, 4, 1, 0, 2
13, 4, 1, 0, 2
13, 4, 1, 0, 2
13, 4, 1, 0, 2
13, 4, 1, 0, 2
14, 4, 1, 0, 2
14, 4, 1, 0, 2
14, 4, 1, 0, 2
14, 4, 1, 0, 2
15, 4, 1, 0, 2
15, 4, 1, 0, 2
15, 4, 1, 0, 2
15, 4, 1, 0, 2
16, 4, 1, 0, 2
16, 4, 1, 0, 2
16, 4, 1, 0, 2
16, 4, 1, 0, 2
17, 4, 1, 0, 2
17, 4, 1, 0, 2
17, 4, 1, 0, 2
17, 4, 1, 0, 2
18, 4, 1, 0, 2
18, 4, 1, 0, 2
18, 4, 1, 0, 2
18, 4, 1, 0, 2
19, 4, 1, 0, 2
19, 4, 1, 0, 2
19, 4, 1, 0, 2
19, 4, 1, 0, 2
20, 3, 1, 0, 2
20, 3, 1, 0, 2
20, 3, 1, 0, 2
21, 4, 1, 0, 2
21, 4, 1, 0, 2
21, 4, 1, 0, 2
21, 4, 1, 0, 2
22, 3, 1, 0, 2
22, 3, 1, 0, 2
22, 3, 1, 0, 2
23, 4, 1, 0, 2
23, 4, 1, 0, 2
23, 4, 1, 0, 2
23, 4, 1, 0, 2
24, 4, 1, 0, 2
24, 4, 1, 0, 2
24, 4, 1, 0, 2
24, 4, 1, 0, 2
25, 4, 1, 0, 2
25, 4, 1, 0, 2
25, 4, 1, 0, 2
25, 4, 1, 0, 2
26, 4, 1, 0, 2
26, 4, 1, 0, 2
26, 4, 1, 0, 2
26, 4, 1, 0, 2
27, 4, 1, 0, 2
27, 4, 1, 0, 2
27, 4, 1, 0, 2
27, 4, 1, 0, 2
28, 4, 1, 0, 2
28, 4, 1, 0, 2
28, 4, 1, 0, 2
28, 4, 1, 0, 2
29, 4, 1, 0, 2
29, 4, 1, 0, 2
29, 4, 1, 0, 2
29, 4, 1, 0, 2
30, 4, 1, 0, 2
30, 4, 1, 0, 2
30, 4, 1, 0, 2
30, 4, 1, 0, 2
31, 3, 1, 0, 2
31, 3, 1, 0, 2
31, 3, 1, 0, 2
32, 4, 1, 0, 2
32, 4, 1, 0, 2
32, 4, 1, 0, 2
32, 4, 1, 0, 2
33, 3, 1, 0, 2
33, 3, 1, 0, 2
33, 3, 1, 0, 2
34, 4, 1, 0, 2
34, 4, 1, 0, 2
34, 4, 1, 0, 2
34, 4, 1, 0, 2
35, 4, 1, 0, 2
35, 4, 1, 0, 2
35, 4, 1, 0, 2
35, 4, 1, 0, 2
36, 4, 1, 0, 2
36, 4, 1, 0, 2
36, 4, 1, 0, 2
36, 4, 1, 0, 2
37, 4, 1, 0, 2
37, 4, 1, 0, 2
37, 4, 1, 0, 2
37, 4, 1, 0, 2
38, 4, 1, 0, 2
38, 4, 1, 0, 2
38, 4, 1, 0, 2
38, 4, 1, 0, 2
39, 4, 1, 0, 2
39, 4, 1, 0, 2
39, 4, 1, 0, 2
39, 4, 1, 0, 2
40, 4, 1, 0, 2
40, 4, 1, 0, 2
40, 4, 1, 0, 2
40, 4, 1, 0, 2
41, 4, 1, 0, 2
41, 4, 1, 0, 2
41, 4, 1, 0, 2
41, 4, 1, 0, 2
42, 3, 1, 0, 2
42, 3, 1, 0, 2
42, 3, 1, 0, 2
43, 4, 1, 0, 2
43, 4, 1, 0, 2
43, 4, 1, 0, 2
43, 4, 1, 0, 2
44, 3, 1, 0, 2
44, 3, 1, 0, 2
44, 3, 1, 0, 2
45, 4, 1, 0, 2
45, 4, 1, 0, 2
45, 4, 1, 0, 2
45, 4, 1, 0, 2
46, 4, 1, 0, 2
46, 4, 1, 0, 2
46, 4, 1, 0, 2
46, 4, 1, 0, 2
47, 4, 1, 0, 2
47, 4, 1, 0, 2
47, 4, 1, 0, 2
47, 4, 1, 0, 2
48, 4, 1, 0, 2
48, 4, 1, 0, 2
48, 4, 1, 0, 2
48, 4, 1, 0, 2
49, 4, 1, 0, 2
49, 4, 1, 0, 2
49, 4, 1, 0, 2
49, 4, 1, 0, 2
50, 4, 1, 0, 2
50, 4, 1, 0, 2
50, 4, 1, 0, 2
50, 4, 1, 0, 2
51, 4, 1, 0, 2
51, 4, 1, 0, 2
51, 4, 1, 0, 2
51, 4, 1, 0, 2
52, 3, 1, 0, 2
52, 3, 1, 0, 2
52, 3, 1, 0, 2
53, 4, 1, 0, 2
53, 4, 1, 0, 2
53, 4, 1, 0, 2
53, 4, 1, 0, 2
54, 3, 1, 0, 2
54, 3, 1, 0, 2
54, 3, 1, 0, 2
55, 4, 1, 0, 2
55, 4, 1, 0, 2
55, 4, 1, 0, 2
55, 4, 1, 0, 2
56, 4, 1, 0, 2
56, 4, 1, 0, 2
56, 4, 1, 0, 2
56, 4, 1, 0, 2
57, 4, 1, 0, 2
57, 4, 1, 0, 2
57, 4, 1, 0, 2
57, 4, 1, 0, 2
58, 4, 1, 0, 2
58, 4, 1, 0, 2
58, 4, 1, 0, 2
58, 4, 1, 0, 2
59, 4, 1, 0, 2
59, 4, 1, 0, 2
59, 4, 1, 0, 2
59, 4, 1, 0, 2
60, 4, 1, 0, 2
60, 4, 1, 0, 2
60, 4, 1, 0, 2
60, 4, 1, 0, 2
61, 4, 1, 0, 2
61, 4, 1, 0, 2
61, 4, 1, 0, 2
61, 4, 1, 0, 2
62, 4, 1, 0, 2
62, 4, 1, 0, 2
62, 4, 1, 0, 2
62, 4, 1, 0, 2
63, 3, 1, 0, 2
63, 3, 1, 0, 2
63, 3, 1, 0, 2
64, 4, 1, 0, 2
64, 4, 1, 0, 2
64, 4, 1, 0, 2
64, 4, 1, 0, 2
65, 3, 1, 0, 2
65, 3, 1, 0, 2
65, 3, 1, 0, 2
66, 4, 1, 0, 2
66, 4, 1, 0, 2
66, 4, 1, 0, 2
66, 4, 1, 0, 2
67, 4, 1, 0, 2
67, 4, 1, 0, 2
67, 4, 1, 0, 2
67, 4, 1, 0, 2
68, 4, 1, 0, 2
68, 4, 1, 0, 2
68, 4, 1, 0, 2
68, 4, 1, 0, 2
69, 4, 1, 0, 2
69, 4, 1, 0, 2
69, 4, 1, 0, 2
69, 4, 1, 0, 2
70, 4, 1, 0, 2
70, 4, 1, 0, 2
70, 4, 1, 0, 2
70, 4, 1, 0, 2
71, 4, 1, 0, 2
71, 4, 1, 0, 2
71, 4, 1, 0, 2
71, 4, 1, 0, 2
72, 4, 1, 0, 2
72, 4, 1, 0, 2
72, 4, 1, 0, 2
72, 4, 1, 0, 2
73, 4, 1, 0, 2
73, 4, 1, 0, 2
73, 4, 1, 0, 2
73, 4, 1, 0, 2
74, 3, 1, 0, 2
74, 3, 1, 0, 2
74, 3, 1, 0, 2
75, 4, 1, 0, 2
75, 4, 1, 0, 2
75, 4, 1, 0, 2
75, 4, 1, 0, 2
76, 3, 1, 0, 2
76, 3, 1, 0, 2
76, 3, 1, 0, 2
77, 4, 1, 0, 2
77, 4, 1, 0, 2
77, 4, 1, 0, 2
77, 4, 1, 0, 2
78, 4, 1, 0, 2
78, 4, 1, 0, 2
78, 4, 1, 0, 2
78, 4, 1, 0, 2
79, 4, 1, 0, 2
79, 4, 1, 0, 2
79, 4, 1, 0, 2
79, 4, 1, 0, 2
80, 4, 1, 0, 2
80, 4, 1, 0, 2
80, 4, 1, 0, 2
80, 4, 1, 0, 2
81, 4, 1, 0, 2
81, 4, 1, 0, 2
81, 4, 1, 0, 2
81, 4, 1, 0, 2
82, 4, 1, 0, 2
82, 4, 1, 0, 2
82, 4, 1, 0, 2
82, 4, 1, 0, 2
83, 4, 1, 0, 2
83, 4, 1, 0, 2
83, 4, 1, 0, 2
83, 4, 1, 0, 2
84, 4, 1, 0, 2
84, 4, 1, 0, 2
84, 4, 1, 0, 2
84, 4, 1, 0, 2
85, 3, 1, 0, 2
85, 3, 1, 0, 2
85, 3, 1, 0, 2
86, 4, 1, 0, 2
86, 4, 1, 0, 2
86, 4, 1, 0, 2
86, 4, 1, 0, 2
87, 3, 1, 0, 2
87, 3, 1, 0, 2
87, 3, 1, 0, 2
88, 3, 1, 0, 2
88, 3, 1, 0, 2
88, 3, 1, 0, 2
89, 3, 1, 0, 2
89, 3, 1, 0, 2
89, 3, 1, 0, 2
90, 3, 1, 0, 2
90, 3, 1, 0, 2
90, 3, 1, 0, 2
91, 3, 1, 0, 2
91, 3, 1, 0, 2
91, 3, 1, 0, 2
92, 3, 1, 0, 2
92, 3, 1, 0, 2
92, 3, 1, 0, 2
93, 3, 1, 0, 2
93, 3, 1, 0, 2
93, 3, 1, 0, 2
94, 3, 1, 0, 2
94, 3, 1, 0, 2
94, 3, 1, 0, 2
95, 3, 1, 0, 2
95, 3, 1, 0, 2
95, 3, 1, 0, 2
96, 2, 1, 0, 2
96, 2, 1, 0, 2
97, 3, 1, 0, 2
97, 3, 1, 0, 2
97, 3, 1, 0, 2
98, 2, 1, 0, 2
98, 2, 1, 0, 2
99, 4, 1, 0, 2
99, 4, 1, 0, 2
99, 4, 1, 0, 2
99, 4, 1, 0, 2
100, 4, 1, 0, 2
100, 4, 1, 0, 2
100, 4, 1, 0, 2
100, 4, 1, 0, 2
101, 4, 1, 0, 2
101, 4, 1, 0, 2
101, 4, 1, 0, 2
101, 4, 1, 0, 2
102, 4, 1, 0, 2
102, 4, 1, 0, 2
102, 4, 1, 0, 2
102, 4, 1, 0, 2
103, 4, 1, 0, 2
103, 4, 1, 0, 2
103, 4, 1, 0, 2
103, 4, 1, 0, 2
104, 4, 1, 0, 2
104, 4, 1, 0, 2
104, 4, 1, 0, 2
104, 4, 1, 0, 2
105, 4, 1, 0, 2
105, 4, 1, 0, 2
105, 4, 1, 0, 2
105, 4, 1, 0, 2
106, 4, 1, 0, 2
106, 4, 1, 0, 2
106, 4, 1, 0, 2
106, 4, 1, 0, 2
107, 3, 1, 0, 2
107, 3, 1, 0, 2
107, 3, 1, 0, 2
108, 4, 1, 0, 2
108, 4, 1, 0, 2
108, 4, 1, 0, 2
108, 4, 1, 0, 2
109, 3, 1, 0, 2
109, 3, 1, 0, 2
109, 3, 1, 0, 2
110, 3, 1, 0, 2
110, 3, 1, 0, 2
110, 3, 1, 0, 2
111, 3, 1, 0, 2
111, 3, 1, 0, 2
111, 3, 1, 0, 2
112, 3, 1, 0, 2
112, 3, 1, 0, 2
112, 3, 1, 0, 2
113, 3, 1, 0, 2
113, 3, 1, 0, 2
113, 3, 1, 0, 2
114, 3, 1, 0, 2
114, 3, 1, 0, 2
114, 3, 1, 0, 2
115, 3, 1, 0, 2
115, 3, 1, 0, 2
115, 3, 1, 0, 2
116, 3, 1, 0, 2
116, 3, 1, 0, 2
116, 3, 1, 0, 2
117, 3, 1, 0, 2
117, 3, 1, 0, 2
117, 3, 1, 0, 2
118, 2, 1, 0, 2
118, 2, 1, 0, 2
119, 3, 1, 0, 2
119, 3, 1, 0, 2
119, 3, 1, 0, 2
120, 2, 1, 0, 2
120, 2, 1, 0, 2
Goal
1
2
3
4
5
6
7
8
9
10
11
12
13
14
15
16
17
18
19
20
21
22
23
24
25
26
27
28
29
30
31
32
33
34
35
36
37
38
39
40
41
42
43
44
45
46
47
48
49
50
51
52
53
54
55
56
57
58
59
60
61
62
63
64
65
66
67
68
69
70
71
72
73
74
75
76
77
78
79
80
81
82
83
84
85
86
87
88
89
90
91
92
93
94
95
96
97
98
99
100
101
102
103
104
105
106
107
108
109
110
111
112
113
114
115
116
117
118
119
120
