CG
28
0, 24, 2, 2
0, 24, 4, 2
0, 24, 5, 2
0, 24, 3, 2
0, 24, 10, 4
0, 24, 20, 4
0, 24, 21, 4
0, 24, 11, 4
0, 24, 16, 4
0, 24, 24, 4
0, 24, 25, 4
0, 24, 18, 4
0, 24, 17, 4
0, 24, 26, 4
0, 24, 27, 4
0, 24, 19, 4
0, 24, 12, 4
0, 24, 22, 4
0, 24, 23, 4
0, 24, 15, 4
0, 24, 8, 2
0, 24, 13, 2
0, 24, 14, 2
0, 24, 9, 2
1, 24, 2, 2
1, 24, 4, 2
1, 24, 5, 2
1, 24, 3, 2
1, 24, 10, 4
1, 24, 20, 4
1, 24, 21, 4
1, 24, 11, 4
1, 24, 16, 4
1, 24, 24, 4
1, 24, 25, 4
1, 24, 18, 4
1, 24, 17, 4
1, 24, 26, 4
1, 24, 27, 4
1, 24, 19, 4
1, 24, 12, 4
1, 24, 22, 4
1, 24, 23, 4
1, 24, 15, 4
1, 24, 8, 2
1, 24, 13, 2
1, 24, 14, 2
1, 24, 9, 2
2, 4, 4, 2
2, 4, 10, 2
2, 4, 6, 2
2, 4, 7, 2
3, 4, 5, 2
3, 4, 11, 2
3, 4, 6, 2
3, 4, 7, 2
4, 5, 2, 2
4, 5, 5, 2
4, 5, 20, 2
4, 5, 6, 3
4, 5, 7, 3
5, 5, 4, 2
5, 5, 3, 2
5, 5, 21, 2
5, 5, 6, 3
5, 5, 7, 3
6, 24, 2, 6
6, 24, 4, 8
6, 24, 5, 8
6, 24, 3, 6
6, 24, 10, 10
6, 24, 20, 12
6, 24, 21, 12
6, 24, 11, 10
6, 24, 16, 10
6, 24, 24, 12
6, 24, 25, 12
6, 24, 18, 10
6, 24, 17, 10
6, 24, 26, 12
6, 24, 27, 12
6, 24, 19, 10
6, 24, 12, 10
6, 24, 22, 12
6, 24, 23, 12
6, 24, 15, 10
6, 24, 8, 6
6, 24, 13, 8
6, 24, 14, 8
6, 24, 9, 6
7, 24, 2, 6
7, 24, 4, 8
7, 24, 5, 8
7, 24, 3, 6
7, 24, 10, 10
7, 24, 20, 12
7, 24, 21, 12
7, 24, 11, 10
7, 24, 16, 10
7, 24, 24, 12
7, 24, 25, 12
7, 24, 18, 10
7, 24, 17, 10
7, 24, 26, 12
7, 24, 27, 12
7, 24, 19, 10
7, 24, 12, 10
7, 24, 22, 12
7, 24, 23, 12
7, 24, 15, 10
7, 24, 8, 6
7, 24, 13, 8
7, 24, 14, 8
7, 24, 9, 6
8, 4, 12, 2
8, 4, 13, 2
8, 4, 6, 2
8, 4, 7, 2
9, 4, 15, 2
9, 4, 14, 2
9, 4, 6, 2
9, 4, 7, 2
10, 5, 2, 2
10, 5, 20, 2
10, 5, 16, 2
10, 5, 6, 3
10, 5, 7, 3
11, 5, 3, 2
11, 5, 21, 2
11, 5, 18, 2
11, 5, 6, 3
11, 5, 7, 3
12, 5, 17, 2
12, 5, 22, 2
12, 5, 8, 2
12, 5, 6, 3
12, 5, 7, 3
13, 5, 22, 2
13, 5, 8, 2
13, 5, 14, 2
13, 5, 6, 3
13, 5, 7, 3
14, 5, 23, 2
14, 5, 13, 2
14, 5, 9, 2
14, 5, 6, 3
14, 5, 7, 3
15, 5, 19, 2
15, 5, 23, 2
15, 5, 9, 2
15, 5, 6, 3
15, 5, 7, 3
16, 5, 10, 2
16, 5, 24, 2
16, 5, 17, 2
16, 5, 6, 3
16, 5, 7, 3
17, 5, 16, 2
17, 5, 26, 2
17, 5, 12, 2
17, 5, 6, 3
17, 5, 7, 3
18, 5, 11, 2
18, 5, 25, 2
18, 5, 19, 2
18, 5, 6, 3
18, 5, 7, 3
19, 5, 18, 2
19, 5, 27, 2
19, 5, 15, 2
19, 5, 6, 3
19, 5, 7, 3
20, 6, 4, 2
20, 6, 10, 2
20, 6, 21, 2
20, 6, 24, 2
20, 6, 6, 4
20, 6, 7, 4
21, 6, 5, 2
21, 6, 20, 2
21, 6, 11, 2
21, 6, 25, 2
21, 6, 6, 4
21, 6, 7, 4
22, 6, 26, 2
22, 6, 12, 2
22, 6, 23, 2
22, 6, 13, 2
22, 6, 6, 4
22, 6, 7, 4
23, 6, 27, 2
23, 6, 22, 2
23, 6, 15, 2
23, 6, 14, 2
23, 6, 6, 4
23, 6, 7, 4
24, 6, 20, 2
24, 6, 16, 2
24, 6, 25, 2
24, 6, 26, 2
24, 6, 6, 4
24, 6, 7, 4
25, 6, 21, 2
25, 6, 24, 2
25, 6, 18, 2
25, 6, 27, 2
25, 6, 6, 4
25, 6, 7, 4
26, 6, 24, 2
26, 6, 17, 2
26, 6, 27, 2
26, 6, 22, 2
26, 6, 6, 4
26, 6, 7, 4
27, 6, 25, 2
27, 6, 26, 2
27, 6, 19, 2
27, 6, 23, 2
27, 6, 6, 4
27, 6, 7, 4
DTG
0, 1, 0, 1, 1
0, 1, 1, 0, 1
1, 1, 0, 1, 1
1, 1, 1, 0, 1
2, 8, 0, 1, 3
2, 8, 0, 1, 3
2, 8, 0, 2, 3
2, 8, 0, 2, 3
2, 8, 0, 3, 2
2, 8, 0, 3, 2
2, 8, 0, 3, 2
2, 8, 0, 3, 2
2, 4, 1, 0, 3
2, 4, 1, 0, 3
2, 4, 1, 0, 3
2, 4, 1, 0, 3
2, 4, 2, 0, 3
2, 4, 2, 0, 3
2, 4, 2, 0, 3
2, 4, 2, 0, 3
2, 4, 3, 0, 3
2, 4, 3, 0, 3
2, 4, 3, 0, 3
2, 4, 3, 0, 3
3, 8, 0, 1, 3
3, 8, 0, 1, 3
3, 8, 0, 2, 3
3, 8, 0, 2, 3
3, 8, 0, 3, 2
3, 8, 0, 3, 2
3, 8, 0, 3, 2
3, 8, 0, 3, 2
3, 4, 1, 0, 3
3, 4, 1, 0, 3
3, 4, 1, 0, 3
3, 4, 1, 0, 3
3, 4, 2, 0, 3
3, 4, 2, 0, 3
3, 4, 2, 0, 3
3, 4, 2, 0, 3
3, 4, 3, 0, 3
3, 4, 3, 0, 3
3, 4, 3, 0, 3
3, 4, 3, 0, 3
4, 10, 0, 1, 3
4, 10, 0, 1, 3
4, 10, 0, 2, 3
4, 10, 0, 2, 3
4, 10, 0, 3, 2
4, 10, 0, 3, 2
4, 10, 0, 3, 2
4, 10, 0, 3, 2
4, 10, 0, 3, 2
4, 10, 0, 3, 2
4, 6, 1, 0, 3
4, 6, 1, 0, 3
4, 6, 1, 0, 3
4, 6, 1, 0, 3
4, 6, 1, 0, 3
4, 6, 1, 0, 3
4, 6, 2, 0, 3
4, 6, 2, 0, 3
4, 6, 2, 0, 3
4, 6, 2, 0, 3
4, 6, 2, 0, 3
4, 6, 2, 0, 3
4, 6, 3, 0, 3
4, 6, 3, 0, 3
4, 6, 3, 0, 3
4, 6, 3, 0, 3
4, 6, 3, 0, 3
4, 6, 3, 0, 3
5, 10, 0, 1, 3
5, 10, 0, 1, 3
5, 10, 0, 2, 3
5, 10, 0, 2, 3
5, 10, 0, 3, 2
5, 10, 0, 3, 2
5, 10, 0, 3, 2
5, 10, 0, 3, 2
5, 10, 0, 3, 2
5, 10, 0, 3, 2
5, 6, 1, 0, 3
5, 6, 1, 0, 3
5, 6, 1, 0, 3
5, 6, 1, 0, 3
5, 6, 1, 0, 3
5, 6, 1, 0, 3
5, 6, 2, 0, 3
5, 6, 2, 0, 3
5, 6, 2, 0, 3
5, 6, 2, 0, 3
5, 6, 2, 0, 3
5, 6, 2, 0, 3
5, 6, 3, 0, 3
5, 6, 3, 0, 3
5, 6, 3, 0, 3
5, 6, 3, 0, 3
5, 6, 3, 0, 3
5, 6, 3, 0, 3
6, 2, 0, 1, 2
6, 2, 0, 4, 2
6, 3, 1, 0, 2
6, 3, 1, 2, 2
6, 3, 1, 5, 2
6, 3, 2, 1, 2
6, 3, 2, 3, 2
6, 3, 2, 6, 2
6, 2, 3, 2, 2
6, 2, 3, 7, 2
6, 3, 4, 0, 2
6, 3, 4, 5, 2
6, 3, 4, 8, 2
6, 4, 5, 1, 2
6, 4, 5, 4, 2
6, 4, 5, 6, 2
6, 4, 5, 9, 2
6, 4, 6, 2, 2
6, 4, 6, 5, 2
6, 4, 6, 7, 2
6, 4, 6, 10, 2
6, 3, 7, 3, 2
6, 3, 7, 6, 2
6, 3, 7, 11, 2
6, 3, 8, 4, 2
6, 3, 8, 9, 2
6, 3, 8, 12, 2
6, 4, 9, 5, 2
6, 4, 9, 8, 2
6, 4, 9, 10, 2
6, 4, 9, 13, 2
6, 4, 10, 6, 2
6, 4, 10, 9, 2
6, 4, 10, 11, 2
6, 4, 10, 14, 2
6, 3, 11, 7, 2
6, 3, 11, 10, 2
6, 3, 11, 15, 2
6, 3, 12, 8, 2
6, 3, 12, 13, 2
6, 3, 12, 16, 2
6, 4, 13, 9, 2
6, 4, 13, 12, 2
6, 4, 13, 14, 2
6, 4, 13, 17, 2
6, 4, 14, 10, 2
6, 4, 14, 13, 2
6, 4, 14, 15, 2
6, 4, 14, 18, 2
6, 3, 15, 11, 2
6, 3, 15, 14, 2
6, 3, 15, 19, 2
6, 3, 16, 12, 2
6, 3, 16, 17, 2
6, 3, 16, 20, 2
6, 4, 17, 13, 2
6, 4, 17, 16, 2
6, 4, 17, 18, 2
6, 4, 17, 21, 2
6, 4, 18, 14, 2
6, 4, 18, 17, 2
6, 4, 18, 19, 2
6, 4, 18, 22, 2
6, 3, 19, 15, 2
6, 3, 19, 18, 2
6, 3, 19, 23, 2
6, 2, 20, 16, 2
6, 2, 20, 21, 2
6, 3, 21, 17, 2
6, 3, 21, 20, 2
6, 3, 21, 22, 2
6, 3, 22, 18, 2
6, 3, 22, 21, 2
6, 3, 22, 23, 2
6, 2, 23, 19, 2
6, 2, 23, 22, 2
7, 2, 0, 1, 2
7, 2, 0, 4, 2
7, 3, 1, 0, 2
7, 3, 1, 2, 2
7, 3, 1, 5, 2
7, 3, 2, 1, 2
7, 3, 2, 3, 2
7, 3, 2, 6, 2
7, 2, 3, 2, 2
7, 2, 3, 7, 2
7, 3, 4, 0, 2
7, 3, 4, 5, 2
7, 3, 4, 8, 2
7, 4, 5, 1, 2
7, 4, 5, 4, 2
7, 4, 5, 6, 2
7, 4, 5, 9, 2
7, 4, 6, 2, 2
7, 4, 6, 5, 2
7, 4, 6, 7, 2
7, 4, 6, 10, 2
7, 3, 7, 3, 2
7, 3, 7, 6, 2
7, 3, 7, 11, 2
7, 3, 8, 4, 2
7, 3, 8, 9, 2
7, 3, 8, 12, 2
7, 4, 9, 5, 2
7, 4, 9, 8, 2
7, 4, 9, 10, 2
7, 4, 9, 13, 2
7, 4, 10, 6, 2
7, 4, 10, 9, 2
7, 4, 10, 11, 2
7, 4, 10, 14, 2
7, 3, 11, 7, 2
7, 3, 11, 10, 2
7, 3, 11, 15, 2
7, 3, 12, 8, 2
7, 3, 12, 13, 2
7, 3, 12, 16, 2
7, 4, 13, 9, 2
7, 4, 13, 12, 2
7, 4, 13, 14, 2
7, 4, 13, 17, 2
7, 4, 14, 10, 2
7, 4, 14, 13, 2
7, 4, 14, 15, 2
7, 4, 14, 18, 2
7, 3, 15, 11, 2
7, 3, 15, 14, 2
7, 3, 15, 19, 2
7, 3, 16, 12, 2
7, 3, 16, 17, 2
7, 3, 16, 20, 2
7, 4, 17, 13, 2
7, 4, 17, 16, 2
7, 4, 17, 18, 2
7, 4, 17, 21, 2
7, 4, 18, 14, 2
7, 4, 18, 17, 2
7, 4, 18, 19, 2
7, 4, 18, 22, 2
7, 3, 19, 15, 2
7, 3, 19, 18, 2
7, 3, 19, 23, 2
7, 2, 20, 16, 2
7, 2, 20, 21, 2
7, 3, 21, 17, 2
7, 3, 21, 20, 2
7, 3, 21, 22, 2
7, 3, 22, 18, 2
7, 3, 22, 21, 2
7, 3, 22, 23, 2
7, 2, 23, 19, 2
7, 2, 23, 22, 2
8, 8, 0, 1, 3
8, 8, 0, 1, 3
8, 8, 0, 2, 3
8, 8, 0, 2, 3
8, 8, 0, 3, 2
8, 8, 0, 3, 2
8, 8, 0, 3, 2
8, 8, 0, 3, 2
8, 4, 1, 0, 3
8, 4, 1, 0, 3
8, 4, 1, 0, 3
8, 4, 1, 0, 3
8, 4, 2, 0, 3
8, 4, 2, 0, 3
8, 4, 2, 0, 3
8, 4, 2, 0, 3
8, 4, 3, 0, 3
8, 4, 3, 0, 3
8, 4, 3, 0, 3
8, 4, 3, 0, 3
9, 8, 0, 1, 3
9, 8, 0, 1, 3
9, 8, 0, 2, 3
9, 8, 0, 2, 3
9, 8, 0, 3, 2
9, 8, 0, 3, 2
9, 8, 0, 3, 2
9, 8, 0, 3, 2
9, 4, 1, 0, 3
9, 4, 1, 0, 3
9, 4, 1, 0, 3
9, 4, 1, 0, 3
9, 4, 2, 0, 3
9, 4, 2, 0, 3
9, 4, 2, 0, 3
9, 4, 2, 0, 3
9, 4, 3, 0, 3
9, 4, 3, 0, 3
9, 4, 3, 0, 3
9, 4, 3, 0, 3
10, 14, 0, 1, 3
10, 14, 0, 1, 3
10, 14, 0, 1, 3
10, 14, 0, 1, 3
10, 14, 0, 2, 3
10, 14, 0, 2, 3
10, 14, 0, 2, 3
10, 14, 0, 2, 3
10, 14, 0, 3, 2
10, 14, 0, 3, 2
10, 14, 0, 3, 2
10, 14, 0, 3, 2
10, 14, 0, 3, 2
10, 14, 0, 3, 2
10, 6, 1, 0, 3
10, 6, 1, 0, 3
10, 6, 1, 0, 3
10, 6, 1, 0, 3
10, 6, 1, 0, 3
10, 6, 1, 0, 3
10, 6, 2, 0, 3
10, 6, 2, 0, 3
10, 6, 2, 0, 3
10, 6, 2, 0, 3
10, 6, 2, 0, 3
10, 6, 2, 0, 3
10, 6, 3, 0, 3
10, 6, 3, 0, 3
10, 6, 3, 0, 3
10, 6, 3, 0, 3
10, 6, 3, 0, 3
10, 6, 3, 0, 3
11, 14, 0, 1, 3
11, 14, 0, 1, 3
11, 14, 0, 1, 3
11, 14, 0, 1, 3
11, 14, 0, 2, 3
11, 14, 0, 2, 3
11, 14, 0, 2, 3
11, 14, 0, 2, 3
11, 14, 0, 3, 2
11, 14, 0, 3, 2
11, 14, 0, 3, 2
11, 14, 0, 3, 2
11, 14, 0, 3, 2
11, 14, 0, 3, 2
11, 6, 1, 0, 3
11, 6, 1, 0, 3
11, 6, 1, 0, 3
11, 6, 1, 0, 3
11, 6, 1, 0, 3
11, 6, 1, 0, 3
11, 6, 2, 0, 3
11, 6, 2, 0, 3
11, 6, 2, 0, 3
11, 6, 2, 0, 3
11, 6, 2, 0, 3
11, 6, 2, 0, 3
11, 6, 3, 0, 3
11, 6, 3, 0, 3
11, 6, 3, 0, 3
11, 6, 3, 0, 3
11, 6, 3, 0, 3
11, 6, 3, 0, 3
12, 14, 0, 1, 3
12, 14, 0, 1, 3
12, 14, 0, 1, 3
12, 14, 0, 1, 3
12, 14, 0, 2, 3
12, 14, 0, 2, 3
12, 14, 0, 2, 3
12, 14, 0, 2, 3
12, 14, 0, 3, 2
12, 14, 0, 3, 2
12, 14, 0, 3, 2
12, 14, 0, 3, 2
12, 14, 0, 3, 2
12, 14, 0, 3, 2
12, 6, 1, 0, 3
12, 6, 1, 0, 3
12, 6, 1, 0, 3
12, 6, 1, 0, 3
12, 6, 1, 0, 3
12, 6, 1, 0, 3
12, 6, 2, 0, 3
12, 6, 2, 0, 3
12, 6, 2, 0, 3
12, 6, 2, 0, 3
12, 6, 2, 0, 3
12, 6, 2, 0, 3
12, 6, 3, 0, 3
12, 6, 3, 0, 3
12, 6, 3, 0, 3
12, 6, 3, 0, 3
12, 6, 3, 0, 3
12, 6, 3, 0, 3
13, 10, 0, 1, 3
13, 10, 0, 1, 3
13, 10, 0, 2, 3
13, 10, 0, 2, 3
13, 10, 0, 3, 2
13, 10, 0, 3, 2
13, 10, 0, 3, 2
13, 10, 0, 3, 2
13, 10, 0, 3, 2
13, 10, 0, 3, 2
13, 6, 1, 0, 3
13, 6, 1, 0, 3
13, 6, 1, 0, 3
13, 6, 1, 0, 3
13, 6, 1, 0, 3
13, 6, 1, 0, 3
13, 6, 2, 0, 3
13, 6, 2, 0, 3
13, 6, 2, 0, 3
13, 6, 2, 0, 3
13, 6, 2, 0, 3
13, 6, 2, 0, 3
13, 6, 3, 0, 3
13, 6, 3, 0, 3
13, 6, 3, 0, 3
13, 6, 3, 0, 3
13, 6, 3, 0, 3
13, 6, 3, 0, 3
14, 10, 0, 1, 3
14, 10, 0, 1, 3
14, 10, 0, 2, 3
14, 10, 0, 2, 3
14, 10, 0, 3, 2
14, 10, 0, 3, 2
14, 10, 0, 3, 2
14, 10, 0, 3, 2
14, 10, 0, 3, 2
14, 10, 0, 3, 2
14, 6, 1, 0, 3
14, 6, 1, 0, 3
14, 6, 1, 0, 3
14, 6, 1, 0, 3
14, 6, 1, 0, 3
14, 6, 1, 0, 3
14, 6, 2, 0, 3
14, 6, 2, 0, 3
14, 6, 2, 0, 3
14, 6, 2, 0, 3
14, 6, 2, 0, 3
14, 6, 2, 0, 3
14, 6, 3, 0, 3
14, 6, 3, 0, 3
14, 6, 3, 0, 3
14, 6, 3, 0, 3
14, 6, 3, 0, 3
14, 6, 3, 0, 3
15, 14, 0, 1, 3
15, 14, 0, 1, 3
15, 14, 0, 1, 3
15, 14, 0, 1, 3
15, 14, 0, 2, 3
15, 14, 0, 2, 3
15, 14, 0, 2, 3
15, 14, 0, 2, 3
15, 14, 0, 3, 2
15, 14, 0, 3, 2
15, 14, 0, 3, 2
15, 14, 0, 3, 2
15, 14, 0, 3, 2
15, 14, 0, 3, 2
15, 6, 1, 0, 3
15, 6, 1, 0, 3
15, 6, 1, 0, 3
15, 6, 1, 0, 3
15, 6, 1, 0, 3
15, 6, 1, 0, 3
15, 6, 2, 0, 3
15, 6, 2, 0, 3
15, 6, 2, 0, 3
15, 6, 2, 0, 3
15, 6, 2, 0, 3
15, 6, 2, 0, 3
15, 6, 3, 0, 3
15, 6, 3, 0, 3
15, 6, 3, 0, 3
15, 6, 3, 0, 3
15, 6, 3, 0, 3
15, 6, 3, 0, 3
16, 14, 0, 1, 3
16, 14, 0, 1, 3
16, 14, 0, 1, 3
16, 14, 0, 1, 3
16, 14, 0, 2, 3
16, 14, 0, 2, 3
16, 14, 0, 2, 3
16, 14, 0, 2, 3
16, 14, 0, 3, 2
16, 14, 0, 3, 2
16, 14, 0, 3, 2
16, 14, 0, 3, 2
16, 14, 0, 3, 2
16, 14, 0, 3, 2
16, 6, 1, 0, 3
16, 6, 1, 0, 3
16, 6, 1, 0, 3
16, 6, 1, 0, 3
16, 6, 1, 0, 3
16, 6, 1, 0, 3
16, 6, 2, 0, 3
16, 6, 2, 0, 3
16, 6, 2, 0, 3
16, 6, 2, 0, 3
16, 6, 2, 0, 3
16, 6, 2, 0, 3
16, 6, 3, 0, 3
16, 6, 3, 0, 3
16, 6, 3, 0, 3
16, 6, 3, 0, 3
16, 6, 3, 0, 3
16, 6, 3, 0, 3
17, 14, 0, 1, 3
17, 14, 0, 1, 3
17, 14, 0, 1, 3
17, 14, 0, 1, 3
17, 14, 0, 2, 3
17, 14, 0, 2, 3
17, 14, 0, 2, 3
17, 14, 0, 2, 3
17, 14, 0, 3, 2
17, 14, 0, 3, 2
17, 14, 0, 3, 2
17, 14, 0, 3, 2
17, 14, 0, 3, 2
17, 14, 0, 3, 2
17, 6, 1, 0, 3
17, 6, 1, 0, 3
17, 6, 1, 0, 3
17, 6, 1, 0, 3
17, 6, 1, 0, 3
17, 6, 1, 0, 3
17, 6, 2, 0, 3
17, 6, 2, 0, 3
17, 6, 2, 0, 3
17, 6, 2, 0, 3
17, 6, 2, 0, 3
17, 6, 2, 0, 3
17, 6, 3, 0, 3
17, 6, 3, 0, 3
17, 6, 3, 0, 3
17, 6, 3, 0, 3
17, 6, 3, 0, 3
17, 6, 3, 0, 3
18, 14, 0, 1, 3
18, 14, 0, 1, 3
18, 14, 0, 1, 3
18, 14, 0, 1, 3
18, 14, 0, 2, 3
18, 14, 0, 2, 3
18, 14, 0, 2, 3
18, 14, 0, 2, 3
18, 14, 0, 3, 2
18, 14, 0, 3, 2
18, 14, 0, 3, 2
18, 14, 0, 3, 2
18, 14, 0, 3, 2
18, 14, 0, 3, 2
18, 6, 1, 0, 3
18, 6, 1, 0, 3
18, 6, 1, 0, 3
18, 6, 1, 0, 3
18, 6, 1, 0, 3
18, 6, 1, 0, 3
18, 6, 2, 0, 3
18, 6, 2, 0, 3
18, 6, 2, 0, 3
18, 6, 2, 0, 3
18, 6, 2, 0, 3
18, 6, 2, 0, 3
18, 6, 3, 0, 3
18, 6, 3, 0, 3
18, 6, 3, 0, 3
18, 6, 3, 0, 3
18, 6, 3, 0, 3
18, 6, 3, 0, 3
19, 14, 0, 1, 3
19, 14, 0, 1, 3
19, 14, 0, 1, 3
19, 14, 0, 1, 3
19, 14, 0, 2, 3
19, 14, 0, 2, 3
19, 14, 0, 2, 3
19, 14, 0, 2, 3
19, 14, 0, 3, 2
19, 14, 0, 3, 2
19, 14, 0, 3, 2
19, 14, 0, 3, 2
19, 14, 0, 3, 2
19, 14, 0, 3, 2
19, 6, 1, 0, 3
19, 6, 1, 0, 3
19, 6, 1, 0, 3
19, 6, 1, 0, 3
19, 6, 1, 0, 3
19, 6, 1, 0, 3
19, 6, 2, 0, 3
19, 6, 2, 0, 3
19, 6, 2, 0, 3
19, 6, 2, 0, 3
19, 6, 2, 0, 3
19, 6, 2, 0, 3
19, 6, 3, 0, 3
19, 6, 3, 0, 3
19, 6, 3, 0, 3
19, 6, 3, 0, 3
19, 6, 3, 0, 3
19, 6, 3, 0, 3
20, 16, 0, 1, 3
20, 16, 0, 1, 3
20, 16, 0, 1, 3
20, 16, 0, 1, 3
20, 16, 0, 2, 3
20, 16, 0, 2, 3
20, 16, 0, 2, 3
20, 16, 0, 2, 3
20, 16, 0, 3, 2
20, 16, 0, 3, 2
20, 16, 0, 3, 2
20, 16, 0, 3, 2
20, 16, 0, 3, 2
20, 16, 0, 3, 2
20, 16, 0, 3, 2
20, 16, 0, 3, 2
20, 8, 1, 0, 3
20, 8, 1, 0, 3
20, 8, 1, 0, 3
20, 8, 1, 0, 3
20, 8, 1, 0, 3
20, 8, 1, 0, 3
20, 8, 1, 0, 3
20, 8, 1, 0, 3
20, 8, 2, 0, 3
20, 8, 2, 0, 3
20, 8, 2, 0, 3
20, 8, 2, 0, 3
20, 8, 2, 0, 3
20, 8, 2, 0, 3
20, 8, 2, 0, 3
20, 8, 2, 0, 3
20, 8, 3, 0, 3
20, 8, 3, 0, 3
20, 8, 3, 0, 3
20, 8, 3, 0, 3
20, 8, 3, 0, 3
20, 8, 3, 0, 3
20, 8, 3, 0, 3
20, 8, 3, 0, 3
21, 16, 0, 1, 3
21, 16, 0, 1, 3
21, 16, 0, 1, 3
21, 16, 0, 1, 3
21, 16, 0, 2, 3
21, 16, 0, 2, 3
21, 16, 0, 2, 3
21, 16, 0, 2, 3
21, 16, 0, 3, 2
21, 16, 0, 3, 2
21, 16, 0, 3, 2
21, 16, 0, 3, 2
21, 16, 0, 3, 2
21, 16, 0, 3, 2
21, 16, 0, 3, 2
21, 16, 0, 3, 2
21, 8, 1, 0, 3
21, 8, 1, 0, 3
21, 8, 1, 0, 3
21, 8, 1, 0, 3
21, 8, 1, 0, 3
21, 8, 1, 0, 3
21, 8, 1, 0, 3
21, 8, 1, 0, 3
21, 8, 2, 0, 3
21, 8, 2, 0, 3
21, 8, 2, 0, 3
21, 8, 2, 0, 3
21, 8, 2, 0, 3
21, 8, 2, 0, 3
21, 8, 2, 0, 3
21, 8, 2, 0, 3
21, 8, 3, 0, 3
21, 8, 3, 0, 3
21, 8, 3, 0, 3
21, 8, 3, 0, 3
21, 8, 3, 0, 3
21, 8, 3, 0, 3
21, 8, 3, 0, 3
21, 8, 3, 0, 3
22, 16, 0, 1, 3
22, 16, 0, 1, 3
22, 16, 0, 1, 3
22, 16, 0, 1, 3
22, 16, 0, 2, 3
22, 16, 0, 2, 3
22, 16, 0, 2, 3
22, 16, 0, 2, 3
22, 16, 0, 3, 2
22, 16, 0, 3, 2
22, 16, 0, 3, 2
22, 16, 0, 3, 2
22, 16, 0, 3, 2
22, 16, 0, 3, 2
22, 16, 0, 3, 2
22, 16, 0, 3, 2
22, 8, 1, 0, 3
22, 8, 1, 0, 3
22, 8, 1, 0, 3
22, 8, 1, 0, 3
22, 8, 1, 0, 3
22, 8, 1, 0, 3
22, 8, 1, 0, 3
22, 8, 1, 0, 3
22, 8, 2, 0, 3
22, 8, 2, 0, 3
22, 8, 2, 0, 3
22, 8, 2, 0, 3
22, 8, 2, 0, 3
22, 8, 2, 0, 3
22, 8, 2, 0, 3
22, 8, 2, 0, 3
22, 8, 3, 0, 3
22, 8, 3, 0, 3
22, 8, 3, 0, 3
22, 8, 3, 0, 3
22, 8, 3, 0, 3
22, 8, 3, 0, 3
22, 8, 3, 0, 3
22, 8, 3, 0, 3
23, 16, 0, 1, 3
23, 16, 0, 1, 3
23, 16, 0, 1, 3
23, 16, 0, 1, 3
23, 16, 0, 2, 3
23, 16, 0, 2, 3
23, 16, 0, 2, 3
23, 16, 0, 2, 3
23, 16, 0, 3, 2
23, 16, 0, 3, 2
23, 16, 0, 3, 2
23, 16, 0, 3, 2
23, 16, 0, 3, 2
23, 16, 0, 3, 2
23, 16, 0, 3, 2
23, 16, 0, 3, 2
23, 8, 1, 0, 3
23, 8, 1, 0, 3
23, 8, 1, 0, 3
23, 8, 1, 0, 3
23, 8, 1, 0, 3
23, 8, 1, 0, 3
23, 8, 1, 0, 3
23, 8, 1, 0, 3
23, 8, 2, 0, 3
23, 8, 2, 0, 3
23, 8, 2, 0, 3
23, 8, 2, 0, 3
23, 8, 2, 0, 3
23, 8, 2, 0, 3
23, 8, 2, 0, 3
23, 8, 2, 0, 3
23, 8, 3, 0, 3
23, 8, 3, 0, 3
23, 8, 3, 0, 3
23, 8, 3, 0, 3
23, 8, 3, 0, 3
23, 8, 3, 0, 3
23, 8, 3, 0, 3
23, 8, 3, 0, 3
24, 16, 0, 1, 3
24, 16, 0, 1, 3
24, 16, 0, 1, 3
24, 16, 0, 1, 3
24, 16, 0, 2, 3
24, 16, 0, 2, 3
24, 16, 0, 2, 3
24, 16, 0, 2, 3
24, 16, 0, 3, 2
24, 16, 0, 3, 2
24, 16, 0, 3, 2
24, 16, 0, 3, 2
24, 16, 0, 3, 2
24, 16, 0, 3, 2
24, 16, 0, 3, 2
24, 16, 0, 3, 2
24, 8, 1, 0, 3
24, 8, 1, 0, 3
24, 8, 1, 0, 3
24, 8, 1, 0, 3
24, 8, 1, 0, 3
24, 8, 1, 0, 3
24, 8, 1, 0, 3
24, 8, 1, 0, 3
24, 8, 2, 0, 3
24, 8, 2, 0, 3
24, 8, 2, 0, 3
24, 8, 2, 0, 3
24, 8, 2, 0, 3
24, 8, 2, 0, 3
24, 8, 2, 0, 3
24, 8, 2, 0, 3
24, 8, 3, 0, 3
24, 8, 3, 0, 3
24, 8, 3, 0, 3
24, 8, 3, 0, 3
24, 8, 3, 0, 3
24, 8, 3, 0, 3
24, 8, 3, 0, 3
24, 8, 3, 0, 3
25, 16, 0, 1, 3
25, 16, 0, 1, 3
25, 16, 0, 1, 3
25, 16, 0, 1, 3
25, 16, 0, 2, 3
25, 16, 0, 2, 3
25, 16, 0, 2, 3
25, 16, 0, 2, 3
25, 16, 0, 3, 2
25, 16, 0, 3, 2
25, 16, 0, 3, 2
25, 16, 0, 3, 2
25, 16, 0, 3, 2
25, 16, 0, 3, 2
25, 16, 0, 3, 2
25, 16, 0, 3, 2
25, 8, 1, 0, 3
25, 8, 1, 0, 3
25, 8, 1, 0, 3
25, 8, 1, 0, 3
25, 8, 1, 0, 3
25, 8, 1, 0, 3
25, 8, 1, 0, 3
25, 8, 1, 0, 3
25, 8, 2, 0, 3
25, 8, 2, 0, 3
25, 8, 2, 0, 3
25, 8, 2, 0, 3
25, 8, 2, 0, 3
25, 8, 2, 0, 3
25, 8, 2, 0, 3
25, 8, 2, 0, 3
25, 8, 3, 0, 3
25, 8, 3, 0, 3
25, 8, 3, 0, 3
25, 8, 3, 0, 3
25, 8, 3, 0, 3
25, 8, 3, 0, 3
25, 8, 3, 0, 3
25, 8, 3, 0, 3
26, 16, 0, 1, 3
26, 16, 0, 1, 3
26, 16, 0, 1, 3
26, 16, 0, 1, 3
26, 16, 0, 2, 3
26, 16, 0, 2, 3
26, 16, 0, 2, 3
26, 16, 0, 2, 3
26, 16, 0, 3, 2
26, 16, 0, 3, 2
26, 16, 0, 3, 2
26, 16, 0, 3, 2
26, 16, 0, 3, 2
26, 16, 0, 3, 2
26, 16, 0, 3, 2
26, 16, 0, 3, 2
26, 8, 1, 0, 3
26, 8, 1, 0, 3
26, 8, 1, 0, 3
26, 8, 1, 0, 3
26, 8, 1, 0, 3
26, 8, 1, 0, 3
26, 8, 1, 0, 3
26, 8, 1, 0, 3
26, 8, 2, 0, 3
26, 8, 2, 0, 3
26, 8, 2, 0, 3
26, 8, 2, 0, 3
26, 8, 2, 0, 3
26, 8, 2, 0, 3
26, 8, 2, 0, 3
26, 8, 2, 0, 3
26, 8, 3, 0, 3
26, 8, 3, 0, 3
26, 8, 3, 0, 3
26, 8, 3, 0, 3
26, 8, 3, 0, 3
26, 8, 3, 0, 3
26, 8, 3, 0, 3
26, 8, 3, 0, 3
27, 16, 0, 1, 3
27, 16, 0, 1, 3
27, 16, 0, 1, 3
27, 16, 0, 1, 3
27, 16, 0, 2, 3
27, 16, 0, 2, 3
27, 16, 0, 2, 3
27, 16, 0, 2, 3
27, 16, 0, 3, 2
27, 16, 0, 3, 2
27, 16, 0, 3, 2
27, 16, 0, 3, 2
27, 16, 0, 3, 2
27, 16, 0, 3, 2
27, 16, 0, 3, 2
27, 16, 0, 3, 2
27, 8, 1, 0, 3
27, 8, 1, 0, 3
27, 8, 1, 0, 3
27, 8, 1, 0, 3
27, 8, 1, 0, 3
27, 8, 1, 0, 3
27, 8, 1, 0, 3
27, 8, 1, 0, 3
27, 8, 2, 0, 3
27, 8, 2, 0, 3
27, 8, 2, 0, 3
27, 8, 2, 0, 3
27, 8, 2, 0, 3
27, 8, 2, 0, 3
27, 8, 2, 0, 3
27, 8, 2, 0, 3
27, 8, 3, 0, 3
27, 8, 3, 0, 3
27, 8, 3, 0, 3
27, 8, 3, 0, 3
27, 8, 3, 0, 3
27, 8, 3, 0, 3
27, 8, 3, 0, 3
27, 8, 3, 0, 3
Goal
8
9
10
11
12
13
14
15
16
17
18
19
20
21
22
23
24
25
26
27
