CG
11
0, 6, 6, 120
0, 6, 7, 120
0, 6, 8, 120
0, 6, 9, 120
0, 6, 10, 120
0, 6, 5, 600
1, 6, 6, 120
1, 6, 7, 120
1, 6, 8, 120
1, 6, 9, 120
1, 6, 10, 120
1, 6, 4, 600
2, 6, 6, 120
2, 6, 7, 120
2, 6, 8, 120
2, 6, 9, 120
2, 6, 10, 120
2, 6, 3, 600
3, 5, 6, 120
3, 5, 7, 120
3, 5, 8, 120
3, 5, 9, 120
3, 5, 10, 120
4, 5, 6, 120
4, 5, 7, 120
4, 5, 8, 120
4, 5, 9, 120
4, 5, 10, 120
5, 5, 6, 120
5, 5, 7, 120
5, 5, 8, 120
5, 5, 9, 120
5, 5, 10, 120
6, 3, 3, 120
6, 3, 4, 120
6, 3, 5, 120
7, 3, 3, 120
7, 3, 4, 120
7, 3, 5, 120
8, 3, 3, 120
8, 3, 4, 120
8, 3, 5, 120
9, 3, 3, 120
9, 3, 4, 120
9, 3, 5, 120
10, 3, 3, 120
10, 3, 4, 120
10, 3, 5, 120
DTG
0, 3, 0, 3, 1
0, 3, 0, 12, 1
0, 3, 0, 14, 1
0, 3, 1, 10, 1
0, 3, 1, 12, 1
0, 3, 1, 14, 1
0, 3, 2, 6, 1
0, 3, 2, 7, 1
0, 3, 2, 11, 1
0, 2, 3, 0, 1
0, 2, 3, 12, 1
0, 3, 4, 9, 1
0, 3, 4, 10, 1
0, 3, 4, 13, 1
0, 2, 5, 8, 1
0, 2, 5, 14, 1
0, 4, 6, 2, 1
0, 4, 6, 7, 1
0, 4, 6, 10, 1
0, 4, 6, 11, 1
0, 4, 7, 2, 1
0, 4, 7, 6, 1
0, 4, 7, 10, 1
0, 4, 7, 11, 1
0, 2, 8, 5, 1
0, 2, 8, 14, 1
0, 1, 9, 4, 1
0, 5, 10, 1, 1
0, 5, 10, 4, 1
0, 5, 10, 6, 1
0, 5, 10, 7, 1
0, 5, 10, 11, 1
0, 4, 11, 2, 1
0, 4, 11, 6, 1
0, 4, 11, 7, 1
0, 4, 11, 10, 1
0, 3, 12, 0, 1
0, 3, 12, 1, 1
0, 3, 12, 3, 1
0, 1, 13, 4, 1
0, 4, 14, 0, 1
0, 4, 14, 1, 1
0, 4, 14, 5, 1
0, 4, 14, 8, 1
1, 3, 0, 3, 1
1, 3, 0, 12, 1
1, 3, 0, 14, 1
1, 3, 1, 10, 1
1, 3, 1, 12, 1
1, 3, 1, 14, 1
1, 3, 2, 6, 1
1, 3, 2, 7, 1
1, 3, 2, 11, 1
1, 2, 3, 0, 1
1, 2, 3, 12, 1
1, 3, 4, 9, 1
1, 3, 4, 10, 1
1, 3, 4, 13, 1
1, 2, 5, 8, 1
1, 2, 5, 14, 1
1, 4, 6, 2, 1
1, 4, 6, 7, 1
1, 4, 6, 10, 1
1, 4, 6, 11, 1
1, 4, 7, 2, 1
1, 4, 7, 6, 1
1, 4, 7, 10, 1
1, 4, 7, 11, 1
1, 2, 8, 5, 1
1, 2, 8, 14, 1
1, 1, 9, 4, 1
1, 5, 10, 1, 1
1, 5, 10, 4, 1
1, 5, 10, 6, 1
1, 5, 10, 7, 1
1, 5, 10, 11, 1
1, 4, 11, 2, 1
1, 4, 11, 6, 1
1, 4, 11, 7, 1
1, 4, 11, 10, 1
1, 3, 12, 0, 1
1, 3, 12, 1, 1
1, 3, 12, 3, 1
1, 1, 13, 4, 1
1, 4, 14, 0, 1
1, 4, 14, 1, 1
1, 4, 14, 5, 1
1, 4, 14, 8, 1
2, 3, 0, 3, 1
2, 3, 0, 12, 1
2, 3, 0, 14, 1
2, 3, 1, 10, 1
2, 3, 1, 12, 1
2, 3, 1, 14, 1
2, 3, 2, 6, 1
2, 3, 2, 7, 1
2, 3, 2, 11, 1
2, 2, 3, 0, 1
2, 2, 3, 12, 1
2, 3, 4, 9, 1
2, 3, 4, 10, 1
2, 3, 4, 13, 1
2, 2, 5, 8, 1
2, 2, 5, 14, 1
2, 4, 6, 2, 1
2, 4, 6, 7, 1
2, 4, 6, 10, 1
2, 4, 6, 11, 1
2, 4, 7, 2, 1
2, 4, 7, 6, 1
2, 4, 7, 10, 1
2, 4, 7, 11, 1
2, 2, 8, 5, 1
2, 2, 8, 14, 1
2, 1, 9, 4, 1
2, 5, 10, 1, 1
2, 5, 10, 4, 1
2, 5, 10, 6, 1
2, 5, 10, 7, 1
2, 5, 10, 11, 1
2, 4, 11, 2, 1
2, 4, 11, 6, 1
2, 4, 11, 7, 1
2, 4, 11, 10, 1
2, 3, 12, 0, 1
2, 3, 12, 1, 1
2, 3, 12, 3, 1
2, 1, 13, 4, 1
2, 4, 14, 0, 1
2, 4, 14, 1, 1
2, 4, 14, 5, 1
2, 4, 14, 8, 1
3, 75, 0, 1, 3
3, 75, 0, 1, 3
3, 75, 0, 1, 3
3, 75, 0, 1, 3
3, 75, 0, 1, 3
3, 75, 0, 1, 3
3, 75, 0, 1, 3
3, 75, 0, 1, 3
3, 75, 0, 1, 3
3, 75, 0, 1, 3
3, 75, 0, 1, 3
3, 75, 0, 1, 3
3, 75, 0, 1, 3
3, 75, 0, 1, 3
3, 75, 0, 1, 3
3, 75, 0, 1, 3
3, 75, 0, 1, 3
3, 75, 0, 1, 3
3, 75, 0, 1, 3
3, 75, 0, 1, 3
3, 75, 0, 1, 3
3, 75, 0, 1, 3
3, 75, 0, 1, 3
3, 75, 0, 1, 3
3, 75, 0, 1, 3
3, 75, 0, 1, 3
3, 75, 0, 1, 3
3, 75, 0, 1, 3
3, 75, 0, 1, 3
3, 75, 0, 1, 3
3, 75, 0, 1, 3
3, 75, 0, 1, 3
3, 75, 0, 1, 3
3, 75, 0, 1, 3
3, 75, 0, 1, 3
3, 75, 0, 1, 3
3, 75, 0, 1, 3
3, 75, 0, 1, 3
3, 75, 0, 1, 3
3, 75, 0, 1, 3
3, 75, 0, 1, 3
3, 75, 0, 1, 3
3, 75, 0, 1, 3
3, 75, 0, 1, 3
3, 75, 0, 1, 3
3, 75, 0, 1, 3
3, 75, 0, 1, 3
3, 75, 0, 1, 3
3, 75, 0, 1, 3
3, 75, 0, 1, 3
3, 75, 0, 1, 3
3, 75, 0, 1, 3
3, 75, 0, 1, 3
3, 75, 0, 1, 3
3, 75, 0, 1, 3
3, 75, 0, 1, 3
3, 75, 0, 1, 3
3, 75, 0, 1, 3
3, 75, 0, 1, 3
3, 75, 0, 1, 3
3, 75, 0, 1, 3
3, 75, 0, 1, 3
3, 75, 0, 1, 3
3, 75, 0, 1, 3
3, 75, 0, 1, 3
3, 75, 0, 1, 3
3, 75, 0, 1, 3
3, 75, 0, 1, 3
3, 75, 0, 1, 3
3, 75, 0, 1, 3
3, 75, 0, 1, 3
3, 75, 0, 1, 3
3, 75, 0, 1, 3
3, 75, 0, 1, 3
3, 75, 0, 1, 3
3, 150, 1, 0, 3
3, 150, 1, 0, 3
3, 150, 1, 0, 3
3, 150, 1, 0, 3
3, 150, 1, 0, 3
3, 150, 1, 0, 3
3, 150, 1, 0, 3
3, 150, 1, 0, 3
3, 150, 1, 0, 3
3, 150, 1, 0, 3
3, 150, 1, 0, 3
3, 150, 1, 0, 3
3, 150, 1, 0, 3
3, 150, 1, 0, 3
3, 150, 1, 0, 3
3, 150, 1, 0, 3
3, 150, 1, 0, 3
3, 150, 1, 0, 3
3, 150, 1, 0, 3
3, 150, 1, 0, 3
3, 150, 1, 0, 3
3, 150, 1, 0, 3
3, 150, 1, 0, 3
3, 150, 1, 0, 3
3, 150, 1, 0, 3
3, 150, 1, 0, 3
3, 150, 1, 0, 3
3, 150, 1, 0, 3
3, 150, 1, 0, 3
3, 150, 1, 0, 3
3, 150, 1, 0, 3
3, 150, 1, 0, 3
3, 150, 1, 0, 3
3, 150, 1, 0, 3
3, 150, 1, 0, 3
3, 150, 1, 0, 3
3, 150, 1, 0, 3
3, 150, 1, 0, 3
3, 150, 1, 0, 3
3, 150, 1, 0, 3
3, 150, 1, 0, 3
3, 150, 1, 0, 3
3, 150, 1, 0, 3
3, 150, 1, 0, 3
3, 150, 1, 0, 3
3, 150, 1, 0, 3
3, 150, 1, 0, 3
3, 150, 1, 0, 3
3, 150, 1, 0, 3
3, 150, 1, 0, 3
3, 150, 1, 0, 3
3, 150, 1, 0, 3
3, 150, 1, 0, 3
3, 150, 1, 0, 3
3, 150, 1, 0, 3
3, 150, 1, 0, 3
3, 150, 1, 0, 3
3, 150, 1, 0, 3
3, 150, 1, 0, 3
3, 150, 1, 0, 3
3, 150, 1, 0, 3
3, 150, 1, 0, 3
3, 150, 1, 0, 3
3, 150, 1, 0, 3
3, 150, 1, 0, 3
3, 150, 1, 0, 3
3, 150, 1, 0, 3
3, 150, 1, 0, 3
3, 150, 1, 0, 3
3, 150, 1, 0, 3
3, 150, 1, 0, 3
3, 150, 1, 0, 3
3, 150, 1, 0, 3
3, 150, 1, 0, 3
3, 150, 1, 0, 3
3, 150, 1, 2, 3
3, 150, 1, 2, 3
3, 150, 1, 2, 3
3, 150, 1, 2, 3
3, 150, 1, 2, 3
3, 150, 1, 2, 3
3, 150, 1, 2, 3
3, 150, 1, 2, 3
3, 150, 1, 2, 3
3, 150, 1, 2, 3
3, 150, 1, 2, 3
3, 150, 1, 2, 3
3, 150, 1, 2, 3
3, 150, 1, 2, 3
3, 150, 1, 2, 3
3, 150, 1, 2, 3
3, 150, 1, 2, 3
3, 150, 1, 2, 3
3, 150, 1, 2, 3
3, 150, 1, 2, 3
3, 150, 1, 2, 3
3, 150, 1, 2, 3
3, 150, 1, 2, 3
3, 150, 1, 2, 3
3, 150, 1, 2, 3
3, 150, 1, 2, 3
3, 150, 1, 2, 3
3, 150, 1, 2, 3
3, 150, 1, 2, 3
3, 150, 1, 2, 3
3, 150, 1, 2, 3
3, 150, 1, 2, 3
3, 150, 1, 2, 3
3, 150, 1, 2, 3
3, 150, 1, 2, 3
3, 150, 1, 2, 3
3, 150, 1, 2, 3
3, 150, 1, 2, 3
3, 150, 1, 2, 3
3, 150, 1, 2, 3
3, 150, 1, 2, 3
3, 150, 1, 2, 3
3, 150, 1, 2, 3
3, 150, 1, 2, 3
3, 150, 1, 2, 3
3, 150, 1, 2, 3
3, 150, 1, 2, 3
3, 150, 1, 2, 3
3, 150, 1, 2, 3
3, 150, 1, 2, 3
3, 150, 1, 2, 3
3, 150, 1, 2, 3
3, 150, 1, 2, 3
3, 150, 1, 2, 3
3, 150, 1, 2, 3
3, 150, 1, 2, 3
3, 150, 1, 2, 3
3, 150, 1, 2, 3
3, 150, 1, 2, 3
3, 150, 1, 2, 3
3, 150, 1, 2, 3
3, 150, 1, 2, 3
3, 150, 1, 2, 3
3, 150, 1, 2, 3
3, 150, 1, 2, 3
3, 150, 1, 2, 3
3, 150, 1, 2, 3
3, 150, 1, 2, 3
3, 150, 1, 2, 3
3, 150, 1, 2, 3
3, 150, 1, 2, 3
3, 150, 1, 2, 3
3, 150, 1, 2, 3
3, 150, 1, 2, 3
3, 150, 1, 2, 3
3, 150, 2, 1, 3
3, 150, 2, 1, 3
3, 150, 2, 1, 3
3, 150, 2, 1, 3
3, 150, 2, 1, 3
3, 150, 2, 1, 3
3, 150, 2, 1, 3
3, 150, 2, 1, 3
3, 150, 2, 1, 3
3, 150, 2, 1, 3
3, 150, 2, 1, 3
3, 150, 2, 1, 3
3, 150, 2, 1, 3
3, 150, 2, 1, 3
3, 150, 2, 1, 3
3, 150, 2, 1, 3
3, 150, 2, 1, 3
3, 150, 2, 1, 3
3, 150, 2, 1, 3
3, 150, 2, 1, 3
3, 150, 2, 1, 3
3, 150, 2, 1, 3
3, 150, 2, 1, 3
3, 150, 2, 1, 3
3, 150, 2, 1, 3
3, 150, 2, 1, 3
3, 150, 2, 1, 3
3, 150, 2, 1, 3
3, 150, 2, 1, 3
3, 150, 2, 1, 3
3, 150, 2, 1, 3
3, 150, 2, 1, 3
3, 150, 2, 1, 3
3, 150, 2, 1, 3
3, 150, 2, 1, 3
3, 150, 2, 1, 3
3, 150, 2, 1, 3
3, 150, 2, 1, 3
3, 150, 2, 1, 3
3, 150, 2, 1, 3
3, 150, 2, 1, 3
3, 150, 2, 1, 3
3, 150, 2, 1, 3
3, 150, 2, 1, 3
3, 150, 2, 1, 3
3, 150, 2, 1, 3
3, 150, 2, 1, 3
3, 150, 2, 1, 3
3, 150, 2, 1, 3
3, 150, 2, 1, 3
3, 150, 2, 1, 3
3, 150, 2, 1, 3
3, 150, 2, 1, 3
3, 150, 2, 1, 3
3, 150, 2, 1, 3
3, 150, 2, 1, 3
3, 150, 2, 1, 3
3, 150, 2, 1, 3
3, 150, 2, 1, 3
3, 150, 2, 1, 3
3, 150, 2, 1, 3
3, 150, 2, 1, 3
3, 150, 2, 1, 3
3, 150, 2, 1, 3
3, 150, 2, 1, 3
3, 150, 2, 1, 3
3, 150, 2, 1, 3
3, 150, 2, 1, 3
3, 150, 2, 1, 3
3, 150, 2, 1, 3
3, 150, 2, 1, 3
3, 150, 2, 1, 3
3, 150, 2, 1, 3
3, 150, 2, 1, 3
3, 150, 2, 1, 3
3, 150, 2, 3, 3
3, 150, 2, 3, 3
3, 150, 2, 3, 3
3, 150, 2, 3, 3
3, 150, 2, 3, 3
3, 150, 2, 3, 3
3, 150, 2, 3, 3
3, 150, 2, 3, 3
3, 150, 2, 3, 3
3, 150, 2, 3, 3
3, 150, 2, 3, 3
3, 150, 2, 3, 3
3, 150, 2, 3, 3
3, 150, 2, 3, 3
3, 150, 2, 3, 3
3, 150, 2, 3, 3
3, 150, 2, 3, 3
3, 150, 2, 3, 3
3, 150, 2, 3, 3
3, 150, 2, 3, 3
3, 150, 2, 3, 3
3, 150, 2, 3, 3
3, 150, 2, 3, 3
3, 150, 2, 3, 3
3, 150, 2, 3, 3
3, 150, 2, 3, 3
3, 150, 2, 3, 3
3, 150, 2, 3, 3
3, 150, 2, 3, 3
3, 150, 2, 3, 3
3, 150, 2, 3, 3
3, 150, 2, 3, 3
3, 150, 2, 3, 3
3, 150, 2, 3, 3
3, 150, 2, 3, 3
3, 150, 2, 3, 3
3, 150, 2, 3, 3
3, 150, 2, 3, 3
3, 150, 2, 3, 3
3, 150, 2, 3, 3
3, 150, 2, 3, 3
3, 150, 2, 3, 3
3, 150, 2, 3, 3
3, 150, 2, 3, 3
3, 150, 2, 3, 3
3, 150, 2, 3, 3
3, 150, 2, 3, 3
3, 150, 2, 3, 3
3, 150, 2, 3, 3
3, 150, 2, 3, 3
3, 150, 2, 3, 3
3, 150, 2, 3, 3
3, 150, 2, 3, 3
3, 150, 2, 3, 3
3, 150, 2, 3, 3
3, 150, 2, 3, 3
3, 150, 2, 3, 3
3, 150, 2, 3, 3
3, 150, 2, 3, 3
3, 150, 2, 3, 3
3, 150, 2, 3, 3
3, 150, 2, 3, 3
3, 150, 2, 3, 3
3, 150, 2, 3, 3
3, 150, 2, 3, 3
3, 150, 2, 3, 3
3, 150, 2, 3, 3
3, 150, 2, 3, 3
3, 150, 2, 3, 3
3, 150, 2, 3, 3
3, 150, 2, 3, 3
3, 150, 2, 3, 3
3, 150, 2, 3, 3
3, 150, 2, 3, 3
3, 150, 2, 3, 3
3, 150, 3, 2, 3
3, 150, 3, 2, 3
3, 150, 3, 2, 3
3, 150, 3, 2, 3
3, 150, 3, 2, 3
3, 150, 3, 2, 3
3, 150, 3, 2, 3
3, 150, 3, 2, 3
3, 150, 3, 2, 3
3, 150, 3, 2, 3
3, 150, 3, 2, 3
3, 150, 3, 2, 3
3, 150, 3, 2, 3
3, 150, 3, 2, 3
3, 150, 3, 2, 3
3, 150, 3, 2, 3
3, 150, 3, 2, 3
3, 150, 3, 2, 3
3, 150, 3, 2, 3
3, 150, 3, 2, 3
3, 150, 3, 2, 3
3, 150, 3, 2, 3
3, 150, 3, 2, 3
3, 150, 3, 2, 3
3, 150, 3, 2, 3
3, 150, 3, 2, 3
3, 150, 3, 2, 3
3, 150, 3, 2, 3
3, 150, 3, 2, 3
3, 150, 3, 2, 3
3, 150, 3, 2, 3
3, 150, 3, 2, 3
3, 150, 3, 2, 3
3, 150, 3, 2, 3
3, 150, 3, 2, 3
3, 150, 3, 2, 3
3, 150, 3, 2, 3
3, 150, 3, 2, 3
3, 150, 3, 2, 3
3, 150, 3, 2, 3
3, 150, 3, 2, 3
3, 150, 3, 2, 3
3, 150, 3, 2, 3
3, 150, 3, 2, 3
3, 150, 3, 2, 3
3, 150, 3, 2, 3
3, 150, 3, 2, 3
3, 150, 3, 2, 3
3, 150, 3, 2, 3
3, 150, 3, 2, 3
3, 150, 3, 2, 3
3, 150, 3, 2, 3
3, 150, 3, 2, 3
3, 150, 3, 2, 3
3, 150, 3, 2, 3
3, 150, 3, 2, 3
3, 150, 3, 2, 3
3, 150, 3, 2, 3
3, 150, 3, 2, 3
3, 150, 3, 2, 3
3, 150, 3, 2, 3
3, 150, 3, 2, 3
3, 150, 3, 2, 3
3, 150, 3, 2, 3
3, 150, 3, 2, 3
3, 150, 3, 2, 3
3, 150, 3, 2, 3
3, 150, 3, 2, 3
3, 150, 3, 2, 3
3, 150, 3, 2, 3
3, 150, 3, 2, 3
3, 150, 3, 2, 3
3, 150, 3, 2, 3
3, 150, 3, 2, 3
3, 150, 3, 2, 3
3, 150, 3, 4, 3
3, 150, 3, 4, 3
3, 150, 3, 4, 3
3, 150, 3, 4, 3
3, 150, 3, 4, 3
3, 150, 3, 4, 3
3, 150, 3, 4, 3
3, 150, 3, 4, 3
3, 150, 3, 4, 3
3, 150, 3, 4, 3
3, 150, 3, 4, 3
3, 150, 3, 4, 3
3, 150, 3, 4, 3
3, 150, 3, 4, 3
3, 150, 3, 4, 3
3, 150, 3, 4, 3
3, 150, 3, 4, 3
3, 150, 3, 4, 3
3, 150, 3, 4, 3
3, 150, 3, 4, 3
3, 150, 3, 4, 3
3, 150, 3, 4, 3
3, 150, 3, 4, 3
3, 150, 3, 4, 3
3, 150, 3, 4, 3
3, 150, 3, 4, 3
3, 150, 3, 4, 3
3, 150, 3, 4, 3
3, 150, 3, 4, 3
3, 150, 3, 4, 3
3, 150, 3, 4, 3
3, 150, 3, 4, 3
3, 150, 3, 4, 3
3, 150, 3, 4, 3
3, 150, 3, 4, 3
3, 150, 3, 4, 3
3, 150, 3, 4, 3
3, 150, 3, 4, 3
3, 150, 3, 4, 3
3, 150, 3, 4, 3
3, 150, 3, 4, 3
3, 150, 3, 4, 3
3, 150, 3, 4, 3
3, 150, 3, 4, 3
3, 150, 3, 4, 3
3, 150, 3, 4, 3
3, 150, 3, 4, 3
3, 150, 3, 4, 3
3, 150, 3, 4, 3
3, 150, 3, 4, 3
3, 150, 3, 4, 3
3, 150, 3, 4, 3
3, 150, 3, 4, 3
3, 150, 3, 4, 3
3, 150, 3, 4, 3
3, 150, 3, 4, 3
3, 150, 3, 4, 3
3, 150, 3, 4, 3
3, 150, 3, 4, 3
3, 150, 3, 4, 3
3, 150, 3, 4, 3
3, 150, 3, 4, 3
3, 150, 3, 4, 3
3, 150, 3, 4, 3
3, 150, 3, 4, 3
3, 150, 3, 4, 3
3, 150, 3, 4, 3
3, 150, 3, 4, 3
3, 150, 3, 4, 3
3, 150, 3, 4, 3
3, 150, 3, 4, 3
3, 150, 3, 4, 3
3, 150, 3, 4, 3
3, 150, 3, 4, 3
3, 150, 3, 4, 3
3, 75, 4, 3, 3
3, 75, 4, 3, 3
3, 75, 4, 3, 3
3, 75, 4, 3, 3
3, 75, 4, 3, 3
3, 75, 4, 3, 3
3, 75, 4, 3, 3
3, 75, 4, 3, 3
3, 75, 4, 3, 3
3, 75, 4, 3, 3
3, 75, 4, 3, 3
3, 75, 4, 3, 3
3, 75, 4, 3, 3
3, 75, 4, 3, 3
3, 75, 4, 3, 3
3, 75, 4, 3, 3
3, 75, 4, 3, 3
3, 75, 4, 3, 3
3, 75, 4, 3, 3
3, 75, 4, 3, 3
3, 75, 4, 3, 3
3, 75, 4, 3, 3
3, 75, 4, 3, 3
3, 75, 4, 3, 3
3, 75, 4, 3, 3
3, 75, 4, 3, 3
3, 75, 4, 3, 3
3, 75, 4, 3, 3
3, 75, 4, 3, 3
3, 75, 4, 3, 3
3, 75, 4, 3, 3
3, 75, 4, 3, 3
3, 75, 4, 3, 3
3, 75, 4, 3, 3
3, 75, 4, 3, 3
3, 75, 4, 3, 3
3, 75, 4, 3, 3
3, 75, 4, 3, 3
3, 75, 4, 3, 3
3, 75, 4, 3, 3
3, 75, 4, 3, 3
3, 75, 4, 3, 3
3, 75, 4, 3, 3
3, 75, 4, 3, 3
3, 75, 4, 3, 3
3, 75, 4, 3, 3
3, 75, 4, 3, 3
3, 75, 4, 3, 3
3, 75, 4, 3, 3
3, 75, 4, 3, 3
3, 75, 4, 3, 3
3, 75, 4, 3, 3
3, 75, 4, 3, 3
3, 75, 4, 3, 3
3, 75, 4, 3, 3
3, 75, 4, 3, 3
3, 75, 4, 3, 3
3, 75, 4, 3, 3
3, 75, 4, 3, 3
3, 75, 4, 3, 3
3, 75, 4, 3, 3
3, 75, 4, 3, 3
3, 75, 4, 3, 3
3, 75, 4, 3, 3
3, 75, 4, 3, 3
3, 75, 4, 3, 3
3, 75, 4, 3, 3
3, 75, 4, 3, 3
3, 75, 4, 3, 3
3, 75, 4, 3, 3
3, 75, 4, 3, 3
3, 75, 4, 3, 3
3, 75, 4, 3, 3
3, 75, 4, 3, 3
3, 75, 4, 3, 3
4, 75, 0, 1, 3
4, 75, 0, 1, 3
4, 75, 0, 1, 3
4, 75, 0, 1, 3
4, 75, 0, 1, 3
4, 75, 0, 1, 3
4, 75, 0, 1, 3
4, 75, 0, 1, 3
4, 75, 0, 1, 3
4, 75, 0, 1, 3
4, 75, 0, 1, 3
4, 75, 0, 1, 3
4, 75, 0, 1, 3
4, 75, 0, 1, 3
4, 75, 0, 1, 3
4, 75, 0, 1, 3
4, 75, 0, 1, 3
4, 75, 0, 1, 3
4, 75, 0, 1, 3
4, 75, 0, 1, 3
4, 75, 0, 1, 3
4, 75, 0, 1, 3
4, 75, 0, 1, 3
4, 75, 0, 1, 3
4, 75, 0, 1, 3
4, 75, 0, 1, 3
4, 75, 0, 1, 3
4, 75, 0, 1, 3
4, 75, 0, 1, 3
4, 75, 0, 1, 3
4, 75, 0, 1, 3
4, 75, 0, 1, 3
4, 75, 0, 1, 3
4, 75, 0, 1, 3
4, 75, 0, 1, 3
4, 75, 0, 1, 3
4, 75, 0, 1, 3
4, 75, 0, 1, 3
4, 75, 0, 1, 3
4, 75, 0, 1, 3
4, 75, 0, 1, 3
4, 75, 0, 1, 3
4, 75, 0, 1, 3
4, 75, 0, 1, 3
4, 75, 0, 1, 3
4, 75, 0, 1, 3
4, 75, 0, 1, 3
4, 75, 0, 1, 3
4, 75, 0, 1, 3
4, 75, 0, 1, 3
4, 75, 0, 1, 3
4, 75, 0, 1, 3
4, 75, 0, 1, 3
4, 75, 0, 1, 3
4, 75, 0, 1, 3
4, 75, 0, 1, 3
4, 75, 0, 1, 3
4, 75, 0, 1, 3
4, 75, 0, 1, 3
4, 75, 0, 1, 3
4, 75, 0, 1, 3
4, 75, 0, 1, 3
4, 75, 0, 1, 3
4, 75, 0, 1, 3
4, 75, 0, 1, 3
4, 75, 0, 1, 3
4, 75, 0, 1, 3
4, 75, 0, 1, 3
4, 75, 0, 1, 3
4, 75, 0, 1, 3
4, 75, 0, 1, 3
4, 75, 0, 1, 3
4, 75, 0, 1, 3
4, 75, 0, 1, 3
4, 75, 0, 1, 3
4, 150, 1, 0, 3
4, 150, 1, 0, 3
4, 150, 1, 0, 3
4, 150, 1, 0, 3
4, 150, 1, 0, 3
4, 150, 1, 0, 3
4, 150, 1, 0, 3
4, 150, 1, 0, 3
4, 150, 1, 0, 3
4, 150, 1, 0, 3
4, 150, 1, 0, 3
4, 150, 1, 0, 3
4, 150, 1, 0, 3
4, 150, 1, 0, 3
4, 150, 1, 0, 3
4, 150, 1, 0, 3
4, 150, 1, 0, 3
4, 150, 1, 0, 3
4, 150, 1, 0, 3
4, 150, 1, 0, 3
4, 150, 1, 0, 3
4, 150, 1, 0, 3
4, 150, 1, 0, 3
4, 150, 1, 0, 3
4, 150, 1, 0, 3
4, 150, 1, 0, 3
4, 150, 1, 0, 3
4, 150, 1, 0, 3
4, 150, 1, 0, 3
4, 150, 1, 0, 3
4, 150, 1, 0, 3
4, 150, 1, 0, 3
4, 150, 1, 0, 3
4, 150, 1, 0, 3
4, 150, 1, 0, 3
4, 150, 1, 0, 3
4, 150, 1, 0, 3
4, 150, 1, 0, 3
4, 150, 1, 0, 3
4, 150, 1, 0, 3
4, 150, 1, 0, 3
4, 150, 1, 0, 3
4, 150, 1, 0, 3
4, 150, 1, 0, 3
4, 150, 1, 0, 3
4, 150, 1, 0, 3
4, 150, 1, 0, 3
4, 150, 1, 0, 3
4, 150, 1, 0, 3
4, 150, 1, 0, 3
4, 150, 1, 0, 3
4, 150, 1, 0, 3
4, 150, 1, 0, 3
4, 150, 1, 0, 3
4, 150, 1, 0, 3
4, 150, 1, 0, 3
4, 150, 1, 0, 3
4, 150, 1, 0, 3
4, 150, 1, 0, 3
4, 150, 1, 0, 3
4, 150, 1, 0, 3
4, 150, 1, 0, 3
4, 150, 1, 0, 3
4, 150, 1, 0, 3
4, 150, 1, 0, 3
4, 150, 1, 0, 3
4, 150, 1, 0, 3
4, 150, 1, 0, 3
4, 150, 1, 0, 3
4, 150, 1, 0, 3
4, 150, 1, 0, 3
4, 150, 1, 0, 3
4, 150, 1, 0, 3
4, 150, 1, 0, 3
4, 150, 1, 0, 3
4, 150, 1, 2, 3
4, 150, 1, 2, 3
4, 150, 1, 2, 3
4, 150, 1, 2, 3
4, 150, 1, 2, 3
4, 150, 1, 2, 3
4, 150, 1, 2, 3
4, 150, 1, 2, 3
4, 150, 1, 2, 3
4, 150, 1, 2, 3
4, 150, 1, 2, 3
4, 150, 1, 2, 3
4, 150, 1, 2, 3
4, 150, 1, 2, 3
4, 150, 1, 2, 3
4, 150, 1, 2, 3
4, 150, 1, 2, 3
4, 150, 1, 2, 3
4, 150, 1, 2, 3
4, 150, 1, 2, 3
4, 150, 1, 2, 3
4, 150, 1, 2, 3
4, 150, 1, 2, 3
4, 150, 1, 2, 3
4, 150, 1, 2, 3
4, 150, 1, 2, 3
4, 150, 1, 2, 3
4, 150, 1, 2, 3
4, 150, 1, 2, 3
4, 150, 1, 2, 3
4, 150, 1, 2, 3
4, 150, 1, 2, 3
4, 150, 1, 2, 3
4, 150, 1, 2, 3
4, 150, 1, 2, 3
4, 150, 1, 2, 3
4, 150, 1, 2, 3
4, 150, 1, 2, 3
4, 150, 1, 2, 3
4, 150, 1, 2, 3
4, 150, 1, 2, 3
4, 150, 1, 2, 3
4, 150, 1, 2, 3
4, 150, 1, 2, 3
4, 150, 1, 2, 3
4, 150, 1, 2, 3
4, 150, 1, 2, 3
4, 150, 1, 2, 3
4, 150, 1, 2, 3
4, 150, 1, 2, 3
4, 150, 1, 2, 3
4, 150, 1, 2, 3
4, 150, 1, 2, 3
4, 150, 1, 2, 3
4, 150, 1, 2, 3
4, 150, 1, 2, 3
4, 150, 1, 2, 3
4, 150, 1, 2, 3
4, 150, 1, 2, 3
4, 150, 1, 2, 3
4, 150, 1, 2, 3
4, 150, 1, 2, 3
4, 150, 1, 2, 3
4, 150, 1, 2, 3
4, 150, 1, 2, 3
4, 150, 1, 2, 3
4, 150, 1, 2, 3
4, 150, 1, 2, 3
4, 150, 1, 2, 3
4, 150, 1, 2, 3
4, 150, 1, 2, 3
4, 150, 1, 2, 3
4, 150, 1, 2, 3
4, 150, 1, 2, 3
4, 150, 1, 2, 3
4, 150, 2, 1, 3
4, 150, 2, 1, 3
4, 150, 2, 1, 3
4, 150, 2, 1, 3
4, 150, 2, 1, 3
4, 150, 2, 1, 3
4, 150, 2, 1, 3
4, 150, 2, 1, 3
4, 150, 2, 1, 3
4, 150, 2, 1, 3
4, 150, 2, 1, 3
4, 150, 2, 1, 3
4, 150, 2, 1, 3
4, 150, 2, 1, 3
4, 150, 2, 1, 3
4, 150, 2, 1, 3
4, 150, 2, 1, 3
4, 150, 2, 1, 3
4, 150, 2, 1, 3
4, 150, 2, 1, 3
4, 150, 2, 1, 3
4, 150, 2, 1, 3
4, 150, 2, 1, 3
4, 150, 2, 1, 3
4, 150, 2, 1, 3
4, 150, 2, 1, 3
4, 150, 2, 1, 3
4, 150, 2, 1, 3
4, 150, 2, 1, 3
4, 150, 2, 1, 3
4, 150, 2, 1, 3
4, 150, 2, 1, 3
4, 150, 2, 1, 3
4, 150, 2, 1, 3
4, 150, 2, 1, 3
4, 150, 2, 1, 3
4, 150, 2, 1, 3
4, 150, 2, 1, 3
4, 150, 2, 1, 3
4, 150, 2, 1, 3
4, 150, 2, 1, 3
4, 150, 2, 1, 3
4, 150, 2, 1, 3
4, 150, 2, 1, 3
4, 150, 2, 1, 3
4, 150, 2, 1, 3
4, 150, 2, 1, 3
4, 150, 2, 1, 3
4, 150, 2, 1, 3
4, 150, 2, 1, 3
4, 150, 2, 1, 3
4, 150, 2, 1, 3
4, 150, 2, 1, 3
4, 150, 2, 1, 3
4, 150, 2, 1, 3
4, 150, 2, 1, 3
4, 150, 2, 1, 3
4, 150, 2, 1, 3
4, 150, 2, 1, 3
4, 150, 2, 1, 3
4, 150, 2, 1, 3
4, 150, 2, 1, 3
4, 150, 2, 1, 3
4, 150, 2, 1, 3
4, 150, 2, 1, 3
4, 150, 2, 1, 3
4, 150, 2, 1, 3
4, 150, 2, 1, 3
4, 150, 2, 1, 3
4, 150, 2, 1, 3
4, 150, 2, 1, 3
4, 150, 2, 1, 3
4, 150, 2, 1, 3
4, 150, 2, 1, 3
4, 150, 2, 1, 3
4, 150, 2, 3, 3
4, 150, 2, 3, 3
4, 150, 2, 3, 3
4, 150, 2, 3, 3
4, 150, 2, 3, 3
4, 150, 2, 3, 3
4, 150, 2, 3, 3
4, 150, 2, 3, 3
4, 150, 2, 3, 3
4, 150, 2, 3, 3
4, 150, 2, 3, 3
4, 150, 2, 3, 3
4, 150, 2, 3, 3
4, 150, 2, 3, 3
4, 150, 2, 3, 3
4, 150, 2, 3, 3
4, 150, 2, 3, 3
4, 150, 2, 3, 3
4, 150, 2, 3, 3
4, 150, 2, 3, 3
4, 150, 2, 3, 3
4, 150, 2, 3, 3
4, 150, 2, 3, 3
4, 150, 2, 3, 3
4, 150, 2, 3, 3
4, 150, 2, 3, 3
4, 150, 2, 3, 3
4, 150, 2, 3, 3
4, 150, 2, 3, 3
4, 150, 2, 3, 3
4, 150, 2, 3, 3
4, 150, 2, 3, 3
4, 150, 2, 3, 3
4, 150, 2, 3, 3
4, 150, 2, 3, 3
4, 150, 2, 3, 3
4, 150, 2, 3, 3
4, 150, 2, 3, 3
4, 150, 2, 3, 3
4, 150, 2, 3, 3
4, 150, 2, 3, 3
4, 150, 2, 3, 3
4, 150, 2, 3, 3
4, 150, 2, 3, 3
4, 150, 2, 3, 3
4, 150, 2, 3, 3
4, 150, 2, 3, 3
4, 150, 2, 3, 3
4, 150, 2, 3, 3
4, 150, 2, 3, 3
4, 150, 2, 3, 3
4, 150, 2, 3, 3
4, 150, 2, 3, 3
4, 150, 2, 3, 3
4, 150, 2, 3, 3
4, 150, 2, 3, 3
4, 150, 2, 3, 3
4, 150, 2, 3, 3
4, 150, 2, 3, 3
4, 150, 2, 3, 3
4, 150, 2, 3, 3
4, 150, 2, 3, 3
4, 150, 2, 3, 3
4, 150, 2, 3, 3
4, 150, 2, 3, 3
4, 150, 2, 3, 3
4, 150, 2, 3, 3
4, 150, 2, 3, 3
4, 150, 2, 3, 3
4, 150, 2, 3, 3
4, 150, 2, 3, 3
4, 150, 2, 3, 3
4, 150, 2, 3, 3
4, 150, 2, 3, 3
4, 150, 2, 3, 3
4, 150, 3, 2, 3
4, 150, 3, 2, 3
4, 150, 3, 2, 3
4, 150, 3, 2, 3
4, 150, 3, 2, 3
4, 150, 3, 2, 3
4, 150, 3, 2, 3
4, 150, 3, 2, 3
4, 150, 3, 2, 3
4, 150, 3, 2, 3
4, 150, 3, 2, 3
4, 150, 3, 2, 3
4, 150, 3, 2, 3
4, 150, 3, 2, 3
4, 150, 3, 2, 3
4, 150, 3, 2, 3
4, 150, 3, 2, 3
4, 150, 3, 2, 3
4, 150, 3, 2, 3
4, 150, 3, 2, 3
4, 150, 3, 2, 3
4, 150, 3, 2, 3
4, 150, 3, 2, 3
4, 150, 3, 2, 3
4, 150, 3, 2, 3
4, 150, 3, 2, 3
4, 150, 3, 2, 3
4, 150, 3, 2, 3
4, 150, 3, 2, 3
4, 150, 3, 2, 3
4, 150, 3, 2, 3
4, 150, 3, 2, 3
4, 150, 3, 2, 3
4, 150, 3, 2, 3
4, 150, 3, 2, 3
4, 150, 3, 2, 3
4, 150, 3, 2, 3
4, 150, 3, 2, 3
4, 150, 3, 2, 3
4, 150, 3, 2, 3
4, 150, 3, 2, 3
4, 150, 3, 2, 3
4, 150, 3, 2, 3
4, 150, 3, 2, 3
4, 150, 3, 2, 3
4, 150, 3, 2, 3
4, 150, 3, 2, 3
4, 150, 3, 2, 3
4, 150, 3, 2, 3
4, 150, 3, 2, 3
4, 150, 3, 2, 3
4, 150, 3, 2, 3
4, 150, 3, 2, 3
4, 150, 3, 2, 3
4, 150, 3, 2, 3
4, 150, 3, 2, 3
4, 150, 3, 2, 3
4, 150, 3, 2, 3
4, 150, 3, 2, 3
4, 150, 3, 2, 3
4, 150, 3, 2, 3
4, 150, 3, 2, 3
4, 150, 3, 2, 3
4, 150, 3, 2, 3
4, 150, 3, 2, 3
4, 150, 3, 2, 3
4, 150, 3, 2, 3
4, 150, 3, 2, 3
4, 150, 3, 2, 3
4, 150, 3, 2, 3
4, 150, 3, 2, 3
4, 150, 3, 2, 3
4, 150, 3, 2, 3
4, 150, 3, 2, 3
4, 150, 3, 2, 3
4, 150, 3, 4, 3
4, 150, 3, 4, 3
4, 150, 3, 4, 3
4, 150, 3, 4, 3
4, 150, 3, 4, 3
4, 150, 3, 4, 3
4, 150, 3, 4, 3
4, 150, 3, 4, 3
4, 150, 3, 4, 3
4, 150, 3, 4, 3
4, 150, 3, 4, 3
4, 150, 3, 4, 3
4, 150, 3, 4, 3
4, 150, 3, 4, 3
4, 150, 3, 4, 3
4, 150, 3, 4, 3
4, 150, 3, 4, 3
4, 150, 3, 4, 3
4, 150, 3, 4, 3
4, 150, 3, 4, 3
4, 150, 3, 4, 3
4, 150, 3, 4, 3
4, 150, 3, 4, 3
4, 150, 3, 4, 3
4, 150, 3, 4, 3
4, 150, 3, 4, 3
4, 150, 3, 4, 3
4, 150, 3, 4, 3
4, 150, 3, 4, 3
4, 150, 3, 4, 3
4, 150, 3, 4, 3
4, 150, 3, 4, 3
4, 150, 3, 4, 3
4, 150, 3, 4, 3
4, 150, 3, 4, 3
4, 150, 3, 4, 3
4, 150, 3, 4, 3
4, 150, 3, 4, 3
4, 150, 3, 4, 3
4, 150, 3, 4, 3
4, 150, 3, 4, 3
4, 150, 3, 4, 3
4, 150, 3, 4, 3
4, 150, 3, 4, 3
4, 150, 3, 4, 3
4, 150, 3, 4, 3
4, 150, 3, 4, 3
4, 150, 3, 4, 3
4, 150, 3, 4, 3
4, 150, 3, 4, 3
4, 150, 3, 4, 3
4, 150, 3, 4, 3
4, 150, 3, 4, 3
4, 150, 3, 4, 3
4, 150, 3, 4, 3
4, 150, 3, 4, 3
4, 150, 3, 4, 3
4, 150, 3, 4, 3
4, 150, 3, 4, 3
4, 150, 3, 4, 3
4, 150, 3, 4, 3
4, 150, 3, 4, 3
4, 150, 3, 4, 3
4, 150, 3, 4, 3
4, 150, 3, 4, 3
4, 150, 3, 4, 3
4, 150, 3, 4, 3
4, 150, 3, 4, 3
4, 150, 3, 4, 3
4, 150, 3, 4, 3
4, 150, 3, 4, 3
4, 150, 3, 4, 3
4, 150, 3, 4, 3
4, 150, 3, 4, 3
4, 150, 3, 4, 3
4, 75, 4, 3, 3
4, 75, 4, 3, 3
4, 75, 4, 3, 3
4, 75, 4, 3, 3
4, 75, 4, 3, 3
4, 75, 4, 3, 3
4, 75, 4, 3, 3
4, 75, 4, 3, 3
4, 75, 4, 3, 3
4, 75, 4, 3, 3
4, 75, 4, 3, 3
4, 75, 4, 3, 3
4, 75, 4, 3, 3
4, 75, 4, 3, 3
4, 75, 4, 3, 3
4, 75, 4, 3, 3
4, 75, 4, 3, 3
4, 75, 4, 3, 3
4, 75, 4, 3, 3
4, 75, 4, 3, 3
4, 75, 4, 3, 3
4, 75, 4, 3, 3
4, 75, 4, 3, 3
4, 75, 4, 3, 3
4, 75, 4, 3, 3
4, 75, 4, 3, 3
4, 75, 4, 3, 3
4, 75, 4, 3, 3
4, 75, 4, 3, 3
4, 75, 4, 3, 3
4, 75, 4, 3, 3
4, 75, 4, 3, 3
4, 75, 4, 3, 3
4, 75, 4, 3, 3
4, 75, 4, 3, 3
4, 75, 4, 3, 3
4, 75, 4, 3, 3
4, 75, 4, 3, 3
4, 75, 4, 3, 3
4, 75, 4, 3, 3
4, 75, 4, 3, 3
4, 75, 4, 3, 3
4, 75, 4, 3, 3
4, 75, 4, 3, 3
4, 75, 4, 3, 3
4, 75, 4, 3, 3
4, 75, 4, 3, 3
4, 75, 4, 3, 3
4, 75, 4, 3, 3
4, 75, 4, 3, 3
4, 75, 4, 3, 3
4, 75, 4, 3, 3
4, 75, 4, 3, 3
4, 75, 4, 3, 3
4, 75, 4, 3, 3
4, 75, 4, 3, 3
4, 75, 4, 3, 3
4, 75, 4, 3, 3
4, 75, 4, 3, 3
4, 75, 4, 3, 3
4, 75, 4, 3, 3
4, 75, 4, 3, 3
4, 75, 4, 3, 3
4, 75, 4, 3, 3
4, 75, 4, 3, 3
4, 75, 4, 3, 3
4, 75, 4, 3, 3
4, 75, 4, 3, 3
4, 75, 4, 3, 3
4, 75, 4, 3, 3
4, 75, 4, 3, 3
4, 75, 4, 3, 3
4, 75, 4, 3, 3
4, 75, 4, 3, 3
4, 75, 4, 3, 3
5, 75, 0, 1, 3
5, 75, 0, 1, 3
5, 75, 0, 1, 3
5, 75, 0, 1, 3
5, 75, 0, 1, 3
5, 75, 0, 1, 3
5, 75, 0, 1, 3
5, 75, 0, 1, 3
5, 75, 0, 1, 3
5, 75, 0, 1, 3
5, 75, 0, 1, 3
5, 75, 0, 1, 3
5, 75, 0, 1, 3
5, 75, 0, 1, 3
5, 75, 0, 1, 3
5, 75, 0, 1, 3
5, 75, 0, 1, 3
5, 75, 0, 1, 3
5, 75, 0, 1, 3
5, 75, 0, 1, 3
5, 75, 0, 1, 3
5, 75, 0, 1, 3
5, 75, 0, 1, 3
5, 75, 0, 1, 3
5, 75, 0, 1, 3
5, 75, 0, 1, 3
5, 75, 0, 1, 3
5, 75, 0, 1, 3
5, 75, 0, 1, 3
5, 75, 0, 1, 3
5, 75, 0, 1, 3
5, 75, 0, 1, 3
5, 75, 0, 1, 3
5, 75, 0, 1, 3
5, 75, 0, 1, 3
5, 75, 0, 1, 3
5, 75, 0, 1, 3
5, 75, 0, 1, 3
5, 75, 0, 1, 3
5, 75, 0, 1, 3
5, 75, 0, 1, 3
5, 75, 0, 1, 3
5, 75, 0, 1, 3
5, 75, 0, 1, 3
5, 75, 0, 1, 3
5, 75, 0, 1, 3
5, 75, 0, 1, 3
5, 75, 0, 1, 3
5, 75, 0, 1, 3
5, 75, 0, 1, 3
5, 75, 0, 1, 3
5, 75, 0, 1, 3
5, 75, 0, 1, 3
5, 75, 0, 1, 3
5, 75, 0, 1, 3
5, 75, 0, 1, 3
5, 75, 0, 1, 3
5, 75, 0, 1, 3
5, 75, 0, 1, 3
5, 75, 0, 1, 3
5, 75, 0, 1, 3
5, 75, 0, 1, 3
5, 75, 0, 1, 3
5, 75, 0, 1, 3
5, 75, 0, 1, 3
5, 75, 0, 1, 3
5, 75, 0, 1, 3
5, 75, 0, 1, 3
5, 75, 0, 1, 3
5, 75, 0, 1, 3
5, 75, 0, 1, 3
5, 75, 0, 1, 3
5, 75, 0, 1, 3
5, 75, 0, 1, 3
5, 75, 0, 1, 3
5, 150, 1, 0, 3
5, 150, 1, 0, 3
5, 150, 1, 0, 3
5, 150, 1, 0, 3
5, 150, 1, 0, 3
5, 150, 1, 0, 3
5, 150, 1, 0, 3
5, 150, 1, 0, 3
5, 150, 1, 0, 3
5, 150, 1, 0, 3
5, 150, 1, 0, 3
5, 150, 1, 0, 3
5, 150, 1, 0, 3
5, 150, 1, 0, 3
5, 150, 1, 0, 3
5, 150, 1, 0, 3
5, 150, 1, 0, 3
5, 150, 1, 0, 3
5, 150, 1, 0, 3
5, 150, 1, 0, 3
5, 150, 1, 0, 3
5, 150, 1, 0, 3
5, 150, 1, 0, 3
5, 150, 1, 0, 3
5, 150, 1, 0, 3
5, 150, 1, 0, 3
5, 150, 1, 0, 3
5, 150, 1, 0, 3
5, 150, 1, 0, 3
5, 150, 1, 0, 3
5, 150, 1, 0, 3
5, 150, 1, 0, 3
5, 150, 1, 0, 3
5, 150, 1, 0, 3
5, 150, 1, 0, 3
5, 150, 1, 0, 3
5, 150, 1, 0, 3
5, 150, 1, 0, 3
5, 150, 1, 0, 3
5, 150, 1, 0, 3
5, 150, 1, 0, 3
5, 150, 1, 0, 3
5, 150, 1, 0, 3
5, 150, 1, 0, 3
5, 150, 1, 0, 3
5, 150, 1, 0, 3
5, 150, 1, 0, 3
5, 150, 1, 0, 3
5, 150, 1, 0, 3
5, 150, 1, 0, 3
5, 150, 1, 0, 3
5, 150, 1, 0, 3
5, 150, 1, 0, 3
5, 150, 1, 0, 3
5, 150, 1, 0, 3
5, 150, 1, 0, 3
5, 150, 1, 0, 3
5, 150, 1, 0, 3
5, 150, 1, 0, 3
5, 150, 1, 0, 3
5, 150, 1, 0, 3
5, 150, 1, 0, 3
5, 150, 1, 0, 3
5, 150, 1, 0, 3
5, 150, 1, 0, 3
5, 150, 1, 0, 3
5, 150, 1, 0, 3
5, 150, 1, 0, 3
5, 150, 1, 0, 3
5, 150, 1, 0, 3
5, 150, 1, 0, 3
5, 150, 1, 0, 3
5, 150, 1, 0, 3
5, 150, 1, 0, 3
5, 150, 1, 0, 3
5, 150, 1, 2, 3
5, 150, 1, 2, 3
5, 150, 1, 2, 3
5, 150, 1, 2, 3
5, 150, 1, 2, 3
5, 150, 1, 2, 3
5, 150, 1, 2, 3
5, 150, 1, 2, 3
5, 150, 1, 2, 3
5, 150, 1, 2, 3
5, 150, 1, 2, 3
5, 150, 1, 2, 3
5, 150, 1, 2, 3
5, 150, 1, 2, 3
5, 150, 1, 2, 3
5, 150, 1, 2, 3
5, 150, 1, 2, 3
5, 150, 1, 2, 3
5, 150, 1, 2, 3
5, 150, 1, 2, 3
5, 150, 1, 2, 3
5, 150, 1, 2, 3
5, 150, 1, 2, 3
5, 150, 1, 2, 3
5, 150, 1, 2, 3
5, 150, 1, 2, 3
5, 150, 1, 2, 3
5, 150, 1, 2, 3
5, 150, 1, 2, 3
5, 150, 1, 2, 3
5, 150, 1, 2, 3
5, 150, 1, 2, 3
5, 150, 1, 2, 3
5, 150, 1, 2, 3
5, 150, 1, 2, 3
5, 150, 1, 2, 3
5, 150, 1, 2, 3
5, 150, 1, 2, 3
5, 150, 1, 2, 3
5, 150, 1, 2, 3
5, 150, 1, 2, 3
5, 150, 1, 2, 3
5, 150, 1, 2, 3
5, 150, 1, 2, 3
5, 150, 1, 2, 3
5, 150, 1, 2, 3
5, 150, 1, 2, 3
5, 150, 1, 2, 3
5, 150, 1, 2, 3
5, 150, 1, 2, 3
5, 150, 1, 2, 3
5, 150, 1, 2, 3
5, 150, 1, 2, 3
5, 150, 1, 2, 3
5, 150, 1, 2, 3
5, 150, 1, 2, 3
5, 150, 1, 2, 3
5, 150, 1, 2, 3
5, 150, 1, 2, 3
5, 150, 1, 2, 3
5, 150, 1, 2, 3
5, 150, 1, 2, 3
5, 150, 1, 2, 3
5, 150, 1, 2, 3
5, 150, 1, 2, 3
5, 150, 1, 2, 3
5, 150, 1, 2, 3
5, 150, 1, 2, 3
5, 150, 1, 2, 3
5, 150, 1, 2, 3
5, 150, 1, 2, 3
5, 150, 1, 2, 3
5, 150, 1, 2, 3
5, 150, 1, 2, 3
5, 150, 1, 2, 3
5, 150, 2, 1, 3
5, 150, 2, 1, 3
5, 150, 2, 1, 3
5, 150, 2, 1, 3
5, 150, 2, 1, 3
5, 150, 2, 1, 3
5, 150, 2, 1, 3
5, 150, 2, 1, 3
5, 150, 2, 1, 3
5, 150, 2, 1, 3
5, 150, 2, 1, 3
5, 150, 2, 1, 3
5, 150, 2, 1, 3
5, 150, 2, 1, 3
5, 150, 2, 1, 3
5, 150, 2, 1, 3
5, 150, 2, 1, 3
5, 150, 2, 1, 3
5, 150, 2, 1, 3
5, 150, 2, 1, 3
5, 150, 2, 1, 3
5, 150, 2, 1, 3
5, 150, 2, 1, 3
5, 150, 2, 1, 3
5, 150, 2, 1, 3
5, 150, 2, 1, 3
5, 150, 2, 1, 3
5, 150, 2, 1, 3
5, 150, 2, 1, 3
5, 150, 2, 1, 3
5, 150, 2, 1, 3
5, 150, 2, 1, 3
5, 150, 2, 1, 3
5, 150, 2, 1, 3
5, 150, 2, 1, 3
5, 150, 2, 1, 3
5, 150, 2, 1, 3
5, 150, 2, 1, 3
5, 150, 2, 1, 3
5, 150, 2, 1, 3
5, 150, 2, 1, 3
5, 150, 2, 1, 3
5, 150, 2, 1, 3
5, 150, 2, 1, 3
5, 150, 2, 1, 3
5, 150, 2, 1, 3
5, 150, 2, 1, 3
5, 150, 2, 1, 3
5, 150, 2, 1, 3
5, 150, 2, 1, 3
5, 150, 2, 1, 3
5, 150, 2, 1, 3
5, 150, 2, 1, 3
5, 150, 2, 1, 3
5, 150, 2, 1, 3
5, 150, 2, 1, 3
5, 150, 2, 1, 3
5, 150, 2, 1, 3
5, 150, 2, 1, 3
5, 150, 2, 1, 3
5, 150, 2, 1, 3
5, 150, 2, 1, 3
5, 150, 2, 1, 3
5, 150, 2, 1, 3
5, 150, 2, 1, 3
5, 150, 2, 1, 3
5, 150, 2, 1, 3
5, 150, 2, 1, 3
5, 150, 2, 1, 3
5, 150, 2, 1, 3
5, 150, 2, 1, 3
5, 150, 2, 1, 3
5, 150, 2, 1, 3
5, 150, 2, 1, 3
5, 150, 2, 1, 3
5, 150, 2, 3, 3
5, 150, 2, 3, 3
5, 150, 2, 3, 3
5, 150, 2, 3, 3
5, 150, 2, 3, 3
5, 150, 2, 3, 3
5, 150, 2, 3, 3
5, 150, 2, 3, 3
5, 150, 2, 3, 3
5, 150, 2, 3, 3
5, 150, 2, 3, 3
5, 150, 2, 3, 3
5, 150, 2, 3, 3
5, 150, 2, 3, 3
5, 150, 2, 3, 3
5, 150, 2, 3, 3
5, 150, 2, 3, 3
5, 150, 2, 3, 3
5, 150, 2, 3, 3
5, 150, 2, 3, 3
5, 150, 2, 3, 3
5, 150, 2, 3, 3
5, 150, 2, 3, 3
5, 150, 2, 3, 3
5, 150, 2, 3, 3
5, 150, 2, 3, 3
5, 150, 2, 3, 3
5, 150, 2, 3, 3
5, 150, 2, 3, 3
5, 150, 2, 3, 3
5, 150, 2, 3, 3
5, 150, 2, 3, 3
5, 150, 2, 3, 3
5, 150, 2, 3, 3
5, 150, 2, 3, 3
5, 150, 2, 3, 3
5, 150, 2, 3, 3
5, 150, 2, 3, 3
5, 150, 2, 3, 3
5, 150, 2, 3, 3
5, 150, 2, 3, 3
5, 150, 2, 3, 3
5, 150, 2, 3, 3
5, 150, 2, 3, 3
5, 150, 2, 3, 3
5, 150, 2, 3, 3
5, 150, 2, 3, 3
5, 150, 2, 3, 3
5, 150, 2, 3, 3
5, 150, 2, 3, 3
5, 150, 2, 3, 3
5, 150, 2, 3, 3
5, 150, 2, 3, 3
5, 150, 2, 3, 3
5, 150, 2, 3, 3
5, 150, 2, 3, 3
5, 150, 2, 3, 3
5, 150, 2, 3, 3
5, 150, 2, 3, 3
5, 150, 2, 3, 3
5, 150, 2, 3, 3
5, 150, 2, 3, 3
5, 150, 2, 3, 3
5, 150, 2, 3, 3
5, 150, 2, 3, 3
5, 150, 2, 3, 3
5, 150, 2, 3, 3
5, 150, 2, 3, 3
5, 150, 2, 3, 3
5, 150, 2, 3, 3
5, 150, 2, 3, 3
5, 150, 2, 3, 3
5, 150, 2, 3, 3
5, 150, 2, 3, 3
5, 150, 2, 3, 3
5, 150, 3, 2, 3
5, 150, 3, 2, 3
5, 150, 3, 2, 3
5, 150, 3, 2, 3
5, 150, 3, 2, 3
5, 150, 3, 2, 3
5, 150, 3, 2, 3
5, 150, 3, 2, 3
5, 150, 3, 2, 3
5, 150, 3, 2, 3
5, 150, 3, 2, 3
5, 150, 3, 2, 3
5, 150, 3, 2, 3
5, 150, 3, 2, 3
5, 150, 3, 2, 3
5, 150, 3, 2, 3
5, 150, 3, 2, 3
5, 150, 3, 2, 3
5, 150, 3, 2, 3
5, 150, 3, 2, 3
5, 150, 3, 2, 3
5, 150, 3, 2, 3
5, 150, 3, 2, 3
5, 150, 3, 2, 3
5, 150, 3, 2, 3
5, 150, 3, 2, 3
5, 150, 3, 2, 3
5, 150, 3, 2, 3
5, 150, 3, 2, 3
5, 150, 3, 2, 3
5, 150, 3, 2, 3
5, 150, 3, 2, 3
5, 150, 3, 2, 3
5, 150, 3, 2, 3
5, 150, 3, 2, 3
5, 150, 3, 2, 3
5, 150, 3, 2, 3
5, 150, 3, 2, 3
5, 150, 3, 2, 3
5, 150, 3, 2, 3
5, 150, 3, 2, 3
5, 150, 3, 2, 3
5, 150, 3, 2, 3
5, 150, 3, 2, 3
5, 150, 3, 2, 3
5, 150, 3, 2, 3
5, 150, 3, 2, 3
5, 150, 3, 2, 3
5, 150, 3, 2, 3
5, 150, 3, 2, 3
5, 150, 3, 2, 3
5, 150, 3, 2, 3
5, 150, 3, 2, 3
5, 150, 3, 2, 3
5, 150, 3, 2, 3
5, 150, 3, 2, 3
5, 150, 3, 2, 3
5, 150, 3, 2, 3
5, 150, 3, 2, 3
5, 150, 3, 2, 3
5, 150, 3, 2, 3
5, 150, 3, 2, 3
5, 150, 3, 2, 3
5, 150, 3, 2, 3
5, 150, 3, 2, 3
5, 150, 3, 2, 3
5, 150, 3, 2, 3
5, 150, 3, 2, 3
5, 150, 3, 2, 3
5, 150, 3, 2, 3
5, 150, 3, 2, 3
5, 150, 3, 2, 3
5, 150, 3, 2, 3
5, 150, 3, 2, 3
5, 150, 3, 2, 3
5, 150, 3, 4, 3
5, 150, 3, 4, 3
5, 150, 3, 4, 3
5, 150, 3, 4, 3
5, 150, 3, 4, 3
5, 150, 3, 4, 3
5, 150, 3, 4, 3
5, 150, 3, 4, 3
5, 150, 3, 4, 3
5, 150, 3, 4, 3
5, 150, 3, 4, 3
5, 150, 3, 4, 3
5, 150, 3, 4, 3
5, 150, 3, 4, 3
5, 150, 3, 4, 3
5, 150, 3, 4, 3
5, 150, 3, 4, 3
5, 150, 3, 4, 3
5, 150, 3, 4, 3
5, 150, 3, 4, 3
5, 150, 3, 4, 3
5, 150, 3, 4, 3
5, 150, 3, 4, 3
5, 150, 3, 4, 3
5, 150, 3, 4, 3
5, 150, 3, 4, 3
5, 150, 3, 4, 3
5, 150, 3, 4, 3
5, 150, 3, 4, 3
5, 150, 3, 4, 3
5, 150, 3, 4, 3
5, 150, 3, 4, 3
5, 150, 3, 4, 3
5, 150, 3, 4, 3
5, 150, 3, 4, 3
5, 150, 3, 4, 3
5, 150, 3, 4, 3
5, 150, 3, 4, 3
5, 150, 3, 4, 3
5, 150, 3, 4, 3
5, 150, 3, 4, 3
5, 150, 3, 4, 3
5, 150, 3, 4, 3
5, 150, 3, 4, 3
5, 150, 3, 4, 3
5, 150, 3, 4, 3
5, 150, 3, 4, 3
5, 150, 3, 4, 3
5, 150, 3, 4, 3
5, 150, 3, 4, 3
5, 150, 3, 4, 3
5, 150, 3, 4, 3
5, 150, 3, 4, 3
5, 150, 3, 4, 3
5, 150, 3, 4, 3
5, 150, 3, 4, 3
5, 150, 3, 4, 3
5, 150, 3, 4, 3
5, 150, 3, 4, 3
5, 150, 3, 4, 3
5, 150, 3, 4, 3
5, 150, 3, 4, 3
5, 150, 3, 4, 3
5, 150, 3, 4, 3
5, 150, 3, 4, 3
5, 150, 3, 4, 3
5, 150, 3, 4, 3
5, 150, 3, 4, 3
5, 150, 3, 4, 3
5, 150, 3, 4, 3
5, 150, 3, 4, 3
5, 150, 3, 4, 3
5, 150, 3, 4, 3
5, 150, 3, 4, 3
5, 150, 3, 4, 3
5, 75, 4, 3, 3
5, 75, 4, 3, 3
5, 75, 4, 3, 3
5, 75, 4, 3, 3
5, 75, 4, 3, 3
5, 75, 4, 3, 3
5, 75, 4, 3, 3
5, 75, 4, 3, 3
5, 75, 4, 3, 3
5, 75, 4, 3, 3
5, 75, 4, 3, 3
5, 75, 4, 3, 3
5, 75, 4, 3, 3
5, 75, 4, 3, 3
5, 75, 4, 3, 3
5, 75, 4, 3, 3
5, 75, 4, 3, 3
5, 75, 4, 3, 3
5, 75, 4, 3, 3
5, 75, 4, 3, 3
5, 75, 4, 3, 3
5, 75, 4, 3, 3
5, 75, 4, 3, 3
5, 75, 4, 3, 3
5, 75, 4, 3, 3
5, 75, 4, 3, 3
5, 75, 4, 3, 3
5, 75, 4, 3, 3
5, 75, 4, 3, 3
5, 75, 4, 3, 3
5, 75, 4, 3, 3
5, 75, 4, 3, 3
5, 75, 4, 3, 3
5, 75, 4, 3, 3
5, 75, 4, 3, 3
5, 75, 4, 3, 3
5, 75, 4, 3, 3
5, 75, 4, 3, 3
5, 75, 4, 3, 3
5, 75, 4, 3, 3
5, 75, 4, 3, 3
5, 75, 4, 3, 3
5, 75, 4, 3, 3
5, 75, 4, 3, 3
5, 75, 4, 3, 3
5, 75, 4, 3, 3
5, 75, 4, 3, 3
5, 75, 4, 3, 3
5, 75, 4, 3, 3
5, 75, 4, 3, 3
5, 75, 4, 3, 3
5, 75, 4, 3, 3
5, 75, 4, 3, 3
5, 75, 4, 3, 3
5, 75, 4, 3, 3
5, 75, 4, 3, 3
5, 75, 4, 3, 3
5, 75, 4, 3, 3
5, 75, 4, 3, 3
5, 75, 4, 3, 3
5, 75, 4, 3, 3
5, 75, 4, 3, 3
5, 75, 4, 3, 3
5, 75, 4, 3, 3
5, 75, 4, 3, 3
5, 75, 4, 3, 3
5, 75, 4, 3, 3
5, 75, 4, 3, 3
5, 75, 4, 3, 3
5, 75, 4, 3, 3
5, 75, 4, 3, 3
5, 75, 4, 3, 3
5, 75, 4, 3, 3
5, 75, 4, 3, 3
5, 75, 4, 3, 3
6, 12, 0, 15, 3
6, 12, 0, 15, 3
6, 12, 0, 15, 3
6, 12, 0, 15, 3
6, 12, 0, 16, 3
6, 12, 0, 16, 3
6, 12, 0, 16, 3
6, 12, 0, 16, 3
6, 12, 0, 17, 3
6, 12, 0, 17, 3
6, 12, 0, 17, 3
6, 12, 0, 17, 3
6, 12, 1, 15, 3
6, 12, 1, 15, 3
6, 12, 1, 15, 3
6, 12, 1, 15, 3
6, 12, 1, 16, 3
6, 12, 1, 16, 3
6, 12, 1, 16, 3
6, 12, 1, 16, 3
6, 12, 1, 17, 3
6, 12, 1, 17, 3
6, 12, 1, 17, 3
6, 12, 1, 17, 3
6, 12, 2, 15, 3
6, 12, 2, 15, 3
6, 12, 2, 15, 3
6, 12, 2, 15, 3
6, 12, 2, 16, 3
6, 12, 2, 16, 3
6, 12, 2, 16, 3
6, 12, 2, 16, 3
6, 12, 2, 17, 3
6, 12, 2, 17, 3
6, 12, 2, 17, 3
6, 12, 2, 17, 3
6, 12, 3, 15, 3
6, 12, 3, 15, 3
6, 12, 3, 15, 3
6, 12, 3, 15, 3
6, 12, 3, 16, 3
6, 12, 3, 16, 3
6, 12, 3, 16, 3
6, 12, 3, 16, 3
6, 12, 3, 17, 3
6, 12, 3, 17, 3
6, 12, 3, 17, 3
6, 12, 3, 17, 3
6, 12, 4, 15, 3
6, 12, 4, 15, 3
6, 12, 4, 15, 3
6, 12, 4, 15, 3
6, 12, 4, 16, 3
6, 12, 4, 16, 3
6, 12, 4, 16, 3
6, 12, 4, 16, 3
6, 12, 4, 17, 3
6, 12, 4, 17, 3
6, 12, 4, 17, 3
6, 12, 4, 17, 3
6, 12, 5, 15, 3
6, 12, 5, 15, 3
6, 12, 5, 15, 3
6, 12, 5, 15, 3
6, 12, 5, 16, 3
6, 12, 5, 16, 3
6, 12, 5, 16, 3
6, 12, 5, 16, 3
6, 12, 5, 17, 3
6, 12, 5, 17, 3
6, 12, 5, 17, 3
6, 12, 5, 17, 3
6, 12, 6, 15, 3
6, 12, 6, 15, 3
6, 12, 6, 15, 3
6, 12, 6, 15, 3
6, 12, 6, 16, 3
6, 12, 6, 16, 3
6, 12, 6, 16, 3
6, 12, 6, 16, 3
6, 12, 6, 17, 3
6, 12, 6, 17, 3
6, 12, 6, 17, 3
6, 12, 6, 17, 3
6, 12, 7, 15, 3
6, 12, 7, 15, 3
6, 12, 7, 15, 3
6, 12, 7, 15, 3
6, 12, 7, 16, 3
6, 12, 7, 16, 3
6, 12, 7, 16, 3
6, 12, 7, 16, 3
6, 12, 7, 17, 3
6, 12, 7, 17, 3
6, 12, 7, 17, 3
6, 12, 7, 17, 3
6, 12, 8, 15, 3
6, 12, 8, 15, 3
6, 12, 8, 15, 3
6, 12, 8, 15, 3
6, 12, 8, 16, 3
6, 12, 8, 16, 3
6, 12, 8, 16, 3
6, 12, 8, 16, 3
6, 12, 8, 17, 3
6, 12, 8, 17, 3
6, 12, 8, 17, 3
6, 12, 8, 17, 3
6, 12, 9, 15, 3
6, 12, 9, 15, 3
6, 12, 9, 15, 3
6, 12, 9, 15, 3
6, 12, 9, 16, 3
6, 12, 9, 16, 3
6, 12, 9, 16, 3
6, 12, 9, 16, 3
6, 12, 9, 17, 3
6, 12, 9, 17, 3
6, 12, 9, 17, 3
6, 12, 9, 17, 3
6, 12, 10, 15, 3
6, 12, 10, 15, 3
6, 12, 10, 15, 3
6, 12, 10, 15, 3
6, 12, 10, 16, 3
6, 12, 10, 16, 3
6, 12, 10, 16, 3
6, 12, 10, 16, 3
6, 12, 10, 17, 3
6, 12, 10, 17, 3
6, 12, 10, 17, 3
6, 12, 10, 17, 3
6, 12, 11, 15, 3
6, 12, 11, 15, 3
6, 12, 11, 15, 3
6, 12, 11, 15, 3
6, 12, 11, 16, 3
6, 12, 11, 16, 3
6, 12, 11, 16, 3
6, 12, 11, 16, 3
6, 12, 11, 17, 3
6, 12, 11, 17, 3
6, 12, 11, 17, 3
6, 12, 11, 17, 3
6, 12, 12, 15, 3
6, 12, 12, 15, 3
6, 12, 12, 15, 3
6, 12, 12, 15, 3
6, 12, 12, 16, 3
6, 12, 12, 16, 3
6, 12, 12, 16, 3
6, 12, 12, 16, 3
6, 12, 12, 17, 3
6, 12, 12, 17, 3
6, 12, 12, 17, 3
6, 12, 12, 17, 3
6, 12, 13, 15, 3
6, 12, 13, 15, 3
6, 12, 13, 15, 3
6, 12, 13, 15, 3
6, 12, 13, 16, 3
6, 12, 13, 16, 3
6, 12, 13, 16, 3
6, 12, 13, 16, 3
6, 12, 13, 17, 3
6, 12, 13, 17, 3
6, 12, 13, 17, 3
6, 12, 13, 17, 3
6, 12, 14, 15, 3
6, 12, 14, 15, 3
6, 12, 14, 15, 3
6, 12, 14, 15, 3
6, 12, 14, 16, 3
6, 12, 14, 16, 3
6, 12, 14, 16, 3
6, 12, 14, 16, 3
6, 12, 14, 17, 3
6, 12, 14, 17, 3
6, 12, 14, 17, 3
6, 12, 14, 17, 3
6, 60, 15, 0, 3
6, 60, 15, 0, 3
6, 60, 15, 0, 3
6, 60, 15, 0, 3
6, 60, 15, 1, 3
6, 60, 15, 1, 3
6, 60, 15, 1, 3
6, 60, 15, 1, 3
6, 60, 15, 2, 3
6, 60, 15, 2, 3
6, 60, 15, 2, 3
6, 60, 15, 2, 3
6, 60, 15, 3, 3
6, 60, 15, 3, 3
6, 60, 15, 3, 3
6, 60, 15, 3, 3
6, 60, 15, 4, 3
6, 60, 15, 4, 3
6, 60, 15, 4, 3
6, 60, 15, 4, 3
6, 60, 15, 5, 3
6, 60, 15, 5, 3
6, 60, 15, 5, 3
6, 60, 15, 5, 3
6, 60, 15, 6, 3
6, 60, 15, 6, 3
6, 60, 15, 6, 3
6, 60, 15, 6, 3
6, 60, 15, 7, 3
6, 60, 15, 7, 3
6, 60, 15, 7, 3
6, 60, 15, 7, 3
6, 60, 15, 8, 3
6, 60, 15, 8, 3
6, 60, 15, 8, 3
6, 60, 15, 8, 3
6, 60, 15, 9, 3
6, 60, 15, 9, 3
6, 60, 15, 9, 3
6, 60, 15, 9, 3
6, 60, 15, 10, 3
6, 60, 15, 10, 3
6, 60, 15, 10, 3
6, 60, 15, 10, 3
6, 60, 15, 11, 3
6, 60, 15, 11, 3
6, 60, 15, 11, 3
6, 60, 15, 11, 3
6, 60, 15, 12, 3
6, 60, 15, 12, 3
6, 60, 15, 12, 3
6, 60, 15, 12, 3
6, 60, 15, 13, 3
6, 60, 15, 13, 3
6, 60, 15, 13, 3
6, 60, 15, 13, 3
6, 60, 15, 14, 3
6, 60, 15, 14, 3
6, 60, 15, 14, 3
6, 60, 15, 14, 3
6, 60, 16, 0, 3
6, 60, 16, 0, 3
6, 60, 16, 0, 3
6, 60, 16, 0, 3
6, 60, 16, 1, 3
6, 60, 16, 1, 3
6, 60, 16, 1, 3
6, 60, 16, 1, 3
6, 60, 16, 2, 3
6, 60, 16, 2, 3
6, 60, 16, 2, 3
6, 60, 16, 2, 3
6, 60, 16, 3, 3
6, 60, 16, 3, 3
6, 60, 16, 3, 3
6, 60, 16, 3, 3
6, 60, 16, 4, 3
6, 60, 16, 4, 3
6, 60, 16, 4, 3
6, 60, 16, 4, 3
6, 60, 16, 5, 3
6, 60, 16, 5, 3
6, 60, 16, 5, 3
6, 60, 16, 5, 3
6, 60, 16, 6, 3
6, 60, 16, 6, 3
6, 60, 16, 6, 3
6, 60, 16, 6, 3
6, 60, 16, 7, 3
6, 60, 16, 7, 3
6, 60, 16, 7, 3
6, 60, 16, 7, 3
6, 60, 16, 8, 3
6, 60, 16, 8, 3
6, 60, 16, 8, 3
6, 60, 16, 8, 3
6, 60, 16, 9, 3
6, 60, 16, 9, 3
6, 60, 16, 9, 3
6, 60, 16, 9, 3
6, 60, 16, 10, 3
6, 60, 16, 10, 3
6, 60, 16, 10, 3
6, 60, 16, 10, 3
6, 60, 16, 11, 3
6, 60, 16, 11, 3
6, 60, 16, 11, 3
6, 60, 16, 11, 3
6, 60, 16, 12, 3
6, 60, 16, 12, 3
6, 60, 16, 12, 3
6, 60, 16, 12, 3
6, 60, 16, 13, 3
6, 60, 16, 13, 3
6, 60, 16, 13, 3
6, 60, 16, 13, 3
6, 60, 16, 14, 3
6, 60, 16, 14, 3
6, 60, 16, 14, 3
6, 60, 16, 14, 3
6, 60, 17, 0, 3
6, 60, 17, 0, 3
6, 60, 17, 0, 3
6, 60, 17, 0, 3
6, 60, 17, 1, 3
6, 60, 17, 1, 3
6, 60, 17, 1, 3
6, 60, 17, 1, 3
6, 60, 17, 2, 3
6, 60, 17, 2, 3
6, 60, 17, 2, 3
6, 60, 17, 2, 3
6, 60, 17, 3, 3
6, 60, 17, 3, 3
6, 60, 17, 3, 3
6, 60, 17, 3, 3
6, 60, 17, 4, 3
6, 60, 17, 4, 3
6, 60, 17, 4, 3
6, 60, 17, 4, 3
6, 60, 17, 5, 3
6, 60, 17, 5, 3
6, 60, 17, 5, 3
6, 60, 17, 5, 3
6, 60, 17, 6, 3
6, 60, 17, 6, 3
6, 60, 17, 6, 3
6, 60, 17, 6, 3
6, 60, 17, 7, 3
6, 60, 17, 7, 3
6, 60, 17, 7, 3
6, 60, 17, 7, 3
6, 60, 17, 8, 3
6, 60, 17, 8, 3
6, 60, 17, 8, 3
6, 60, 17, 8, 3
6, 60, 17, 9, 3
6, 60, 17, 9, 3
6, 60, 17, 9, 3
6, 60, 17, 9, 3
6, 60, 17, 10, 3
6, 60, 17, 10, 3
6, 60, 17, 10, 3
6, 60, 17, 10, 3
6, 60, 17, 11, 3
6, 60, 17, 11, 3
6, 60, 17, 11, 3
6, 60, 17, 11, 3
6, 60, 17, 12, 3
6, 60, 17, 12, 3
6, 60, 17, 12, 3
6, 60, 17, 12, 3
6, 60, 17, 13, 3
6, 60, 17, 13, 3
6, 60, 17, 13, 3
6, 60, 17, 13, 3
6, 60, 17, 14, 3
6, 60, 17, 14, 3
6, 60, 17, 14, 3
6, 60, 17, 14, 3
7, 12, 0, 15, 3
7, 12, 0, 15, 3
7, 12, 0, 15, 3
7, 12, 0, 15, 3
7, 12, 0, 16, 3
7, 12, 0, 16, 3
7, 12, 0, 16, 3
7, 12, 0, 16, 3
7, 12, 0, 17, 3
7, 12, 0, 17, 3
7, 12, 0, 17, 3
7, 12, 0, 17, 3
7, 12, 1, 15, 3
7, 12, 1, 15, 3
7, 12, 1, 15, 3
7, 12, 1, 15, 3
7, 12, 1, 16, 3
7, 12, 1, 16, 3
7, 12, 1, 16, 3
7, 12, 1, 16, 3
7, 12, 1, 17, 3
7, 12, 1, 17, 3
7, 12, 1, 17, 3
7, 12, 1, 17, 3
7, 12, 2, 15, 3
7, 12, 2, 15, 3
7, 12, 2, 15, 3
7, 12, 2, 15, 3
7, 12, 2, 16, 3
7, 12, 2, 16, 3
7, 12, 2, 16, 3
7, 12, 2, 16, 3
7, 12, 2, 17, 3
7, 12, 2, 17, 3
7, 12, 2, 17, 3
7, 12, 2, 17, 3
7, 12, 3, 15, 3
7, 12, 3, 15, 3
7, 12, 3, 15, 3
7, 12, 3, 15, 3
7, 12, 3, 16, 3
7, 12, 3, 16, 3
7, 12, 3, 16, 3
7, 12, 3, 16, 3
7, 12, 3, 17, 3
7, 12, 3, 17, 3
7, 12, 3, 17, 3
7, 12, 3, 17, 3
7, 12, 4, 15, 3
7, 12, 4, 15, 3
7, 12, 4, 15, 3
7, 12, 4, 15, 3
7, 12, 4, 16, 3
7, 12, 4, 16, 3
7, 12, 4, 16, 3
7, 12, 4, 16, 3
7, 12, 4, 17, 3
7, 12, 4, 17, 3
7, 12, 4, 17, 3
7, 12, 4, 17, 3
7, 12, 5, 15, 3
7, 12, 5, 15, 3
7, 12, 5, 15, 3
7, 12, 5, 15, 3
7, 12, 5, 16, 3
7, 12, 5, 16, 3
7, 12, 5, 16, 3
7, 12, 5, 16, 3
7, 12, 5, 17, 3
7, 12, 5, 17, 3
7, 12, 5, 17, 3
7, 12, 5, 17, 3
7, 12, 6, 15, 3
7, 12, 6, 15, 3
7, 12, 6, 15, 3
7, 12, 6, 15, 3
7, 12, 6, 16, 3
7, 12, 6, 16, 3
7, 12, 6, 16, 3
7, 12, 6, 16, 3
7, 12, 6, 17, 3
7, 12, 6, 17, 3
7, 12, 6, 17, 3
7, 12, 6, 17, 3
7, 12, 7, 15, 3
7, 12, 7, 15, 3
7, 12, 7, 15, 3
7, 12, 7, 15, 3
7, 12, 7, 16, 3
7, 12, 7, 16, 3
7, 12, 7, 16, 3
7, 12, 7, 16, 3
7, 12, 7, 17, 3
7, 12, 7, 17, 3
7, 12, 7, 17, 3
7, 12, 7, 17, 3
7, 12, 8, 15, 3
7, 12, 8, 15, 3
7, 12, 8, 15, 3
7, 12, 8, 15, 3
7, 12, 8, 16, 3
7, 12, 8, 16, 3
7, 12, 8, 16, 3
7, 12, 8, 16, 3
7, 12, 8, 17, 3
7, 12, 8, 17, 3
7, 12, 8, 17, 3
7, 12, 8, 17, 3
7, 12, 9, 15, 3
7, 12, 9, 15, 3
7, 12, 9, 15, 3
7, 12, 9, 15, 3
7, 12, 9, 16, 3
7, 12, 9, 16, 3
7, 12, 9, 16, 3
7, 12, 9, 16, 3
7, 12, 9, 17, 3
7, 12, 9, 17, 3
7, 12, 9, 17, 3
7, 12, 9, 17, 3
7, 12, 10, 15, 3
7, 12, 10, 15, 3
7, 12, 10, 15, 3
7, 12, 10, 15, 3
7, 12, 10, 16, 3
7, 12, 10, 16, 3
7, 12, 10, 16, 3
7, 12, 10, 16, 3
7, 12, 10, 17, 3
7, 12, 10, 17, 3
7, 12, 10, 17, 3
7, 12, 10, 17, 3
7, 12, 11, 15, 3
7, 12, 11, 15, 3
7, 12, 11, 15, 3
7, 12, 11, 15, 3
7, 12, 11, 16, 3
7, 12, 11, 16, 3
7, 12, 11, 16, 3
7, 12, 11, 16, 3
7, 12, 11, 17, 3
7, 12, 11, 17, 3
7, 12, 11, 17, 3
7, 12, 11, 17, 3
7, 12, 12, 15, 3
7, 12, 12, 15, 3
7, 12, 12, 15, 3
7, 12, 12, 15, 3
7, 12, 12, 16, 3
7, 12, 12, 16, 3
7, 12, 12, 16, 3
7, 12, 12, 16, 3
7, 12, 12, 17, 3
7, 12, 12, 17, 3
7, 12, 12, 17, 3
7, 12, 12, 17, 3
7, 12, 13, 15, 3
7, 12, 13, 15, 3
7, 12, 13, 15, 3
7, 12, 13, 15, 3
7, 12, 13, 16, 3
7, 12, 13, 16, 3
7, 12, 13, 16, 3
7, 12, 13, 16, 3
7, 12, 13, 17, 3
7, 12, 13, 17, 3
7, 12, 13, 17, 3
7, 12, 13, 17, 3
7, 12, 14, 15, 3
7, 12, 14, 15, 3
7, 12, 14, 15, 3
7, 12, 14, 15, 3
7, 12, 14, 16, 3
7, 12, 14, 16, 3
7, 12, 14, 16, 3
7, 12, 14, 16, 3
7, 12, 14, 17, 3
7, 12, 14, 17, 3
7, 12, 14, 17, 3
7, 12, 14, 17, 3
7, 60, 15, 0, 3
7, 60, 15, 0, 3
7, 60, 15, 0, 3
7, 60, 15, 0, 3
7, 60, 15, 1, 3
7, 60, 15, 1, 3
7, 60, 15, 1, 3
7, 60, 15, 1, 3
7, 60, 15, 2, 3
7, 60, 15, 2, 3
7, 60, 15, 2, 3
7, 60, 15, 2, 3
7, 60, 15, 3, 3
7, 60, 15, 3, 3
7, 60, 15, 3, 3
7, 60, 15, 3, 3
7, 60, 15, 4, 3
7, 60, 15, 4, 3
7, 60, 15, 4, 3
7, 60, 15, 4, 3
7, 60, 15, 5, 3
7, 60, 15, 5, 3
7, 60, 15, 5, 3
7, 60, 15, 5, 3
7, 60, 15, 6, 3
7, 60, 15, 6, 3
7, 60, 15, 6, 3
7, 60, 15, 6, 3
7, 60, 15, 7, 3
7, 60, 15, 7, 3
7, 60, 15, 7, 3
7, 60, 15, 7, 3
7, 60, 15, 8, 3
7, 60, 15, 8, 3
7, 60, 15, 8, 3
7, 60, 15, 8, 3
7, 60, 15, 9, 3
7, 60, 15, 9, 3
7, 60, 15, 9, 3
7, 60, 15, 9, 3
7, 60, 15, 10, 3
7, 60, 15, 10, 3
7, 60, 15, 10, 3
7, 60, 15, 10, 3
7, 60, 15, 11, 3
7, 60, 15, 11, 3
7, 60, 15, 11, 3
7, 60, 15, 11, 3
7, 60, 15, 12, 3
7, 60, 15, 12, 3
7, 60, 15, 12, 3
7, 60, 15, 12, 3
7, 60, 15, 13, 3
7, 60, 15, 13, 3
7, 60, 15, 13, 3
7, 60, 15, 13, 3
7, 60, 15, 14, 3
7, 60, 15, 14, 3
7, 60, 15, 14, 3
7, 60, 15, 14, 3
7, 60, 16, 0, 3
7, 60, 16, 0, 3
7, 60, 16, 0, 3
7, 60, 16, 0, 3
7, 60, 16, 1, 3
7, 60, 16, 1, 3
7, 60, 16, 1, 3
7, 60, 16, 1, 3
7, 60, 16, 2, 3
7, 60, 16, 2, 3
7, 60, 16, 2, 3
7, 60, 16, 2, 3
7, 60, 16, 3, 3
7, 60, 16, 3, 3
7, 60, 16, 3, 3
7, 60, 16, 3, 3
7, 60, 16, 4, 3
7, 60, 16, 4, 3
7, 60, 16, 4, 3
7, 60, 16, 4, 3
7, 60, 16, 5, 3
7, 60, 16, 5, 3
7, 60, 16, 5, 3
7, 60, 16, 5, 3
7, 60, 16, 6, 3
7, 60, 16, 6, 3
7, 60, 16, 6, 3
7, 60, 16, 6, 3
7, 60, 16, 7, 3
7, 60, 16, 7, 3
7, 60, 16, 7, 3
7, 60, 16, 7, 3
7, 60, 16, 8, 3
7, 60, 16, 8, 3
7, 60, 16, 8, 3
7, 60, 16, 8, 3
7, 60, 16, 9, 3
7, 60, 16, 9, 3
7, 60, 16, 9, 3
7, 60, 16, 9, 3
7, 60, 16, 10, 3
7, 60, 16, 10, 3
7, 60, 16, 10, 3
7, 60, 16, 10, 3
7, 60, 16, 11, 3
7, 60, 16, 11, 3
7, 60, 16, 11, 3
7, 60, 16, 11, 3
7, 60, 16, 12, 3
7, 60, 16, 12, 3
7, 60, 16, 12, 3
7, 60, 16, 12, 3
7, 60, 16, 13, 3
7, 60, 16, 13, 3
7, 60, 16, 13, 3
7, 60, 16, 13, 3
7, 60, 16, 14, 3
7, 60, 16, 14, 3
7, 60, 16, 14, 3
7, 60, 16, 14, 3
7, 60, 17, 0, 3
7, 60, 17, 0, 3
7, 60, 17, 0, 3
7, 60, 17, 0, 3
7, 60, 17, 1, 3
7, 60, 17, 1, 3
7, 60, 17, 1, 3
7, 60, 17, 1, 3
7, 60, 17, 2, 3
7, 60, 17, 2, 3
7, 60, 17, 2, 3
7, 60, 17, 2, 3
7, 60, 17, 3, 3
7, 60, 17, 3, 3
7, 60, 17, 3, 3
7, 60, 17, 3, 3
7, 60, 17, 4, 3
7, 60, 17, 4, 3
7, 60, 17, 4, 3
7, 60, 17, 4, 3
7, 60, 17, 5, 3
7, 60, 17, 5, 3
7, 60, 17, 5, 3
7, 60, 17, 5, 3
7, 60, 17, 6, 3
7, 60, 17, 6, 3
7, 60, 17, 6, 3
7, 60, 17, 6, 3
7, 60, 17, 7, 3
7, 60, 17, 7, 3
7, 60, 17, 7, 3
7, 60, 17, 7, 3
7, 60, 17, 8, 3
7, 60, 17, 8, 3
7, 60, 17, 8, 3
7, 60, 17, 8, 3
7, 60, 17, 9, 3
7, 60, 17, 9, 3
7, 60, 17, 9, 3
7, 60, 17, 9, 3
7, 60, 17, 10, 3
7, 60, 17, 10, 3
7, 60, 17, 10, 3
7, 60, 17, 10, 3
7, 60, 17, 11, 3
7, 60, 17, 11, 3
7, 60, 17, 11, 3
7, 60, 17, 11, 3
7, 60, 17, 12, 3
7, 60, 17, 12, 3
7, 60, 17, 12, 3
7, 60, 17, 12, 3
7, 60, 17, 13, 3
7, 60, 17, 13, 3
7, 60, 17, 13, 3
7, 60, 17, 13, 3
7, 60, 17, 14, 3
7, 60, 17, 14, 3
7, 60, 17, 14, 3
7, 60, 17, 14, 3
8, 12, 0, 15, 3
8, 12, 0, 15, 3
8, 12, 0, 15, 3
8, 12, 0, 15, 3
8, 12, 0, 16, 3
8, 12, 0, 16, 3
8, 12, 0, 16, 3
8, 12, 0, 16, 3
8, 12, 0, 17, 3
8, 12, 0, 17, 3
8, 12, 0, 17, 3
8, 12, 0, 17, 3
8, 12, 1, 15, 3
8, 12, 1, 15, 3
8, 12, 1, 15, 3
8, 12, 1, 15, 3
8, 12, 1, 16, 3
8, 12, 1, 16, 3
8, 12, 1, 16, 3
8, 12, 1, 16, 3
8, 12, 1, 17, 3
8, 12, 1, 17, 3
8, 12, 1, 17, 3
8, 12, 1, 17, 3
8, 12, 2, 15, 3
8, 12, 2, 15, 3
8, 12, 2, 15, 3
8, 12, 2, 15, 3
8, 12, 2, 16, 3
8, 12, 2, 16, 3
8, 12, 2, 16, 3
8, 12, 2, 16, 3
8, 12, 2, 17, 3
8, 12, 2, 17, 3
8, 12, 2, 17, 3
8, 12, 2, 17, 3
8, 12, 3, 15, 3
8, 12, 3, 15, 3
8, 12, 3, 15, 3
8, 12, 3, 15, 3
8, 12, 3, 16, 3
8, 12, 3, 16, 3
8, 12, 3, 16, 3
8, 12, 3, 16, 3
8, 12, 3, 17, 3
8, 12, 3, 17, 3
8, 12, 3, 17, 3
8, 12, 3, 17, 3
8, 12, 4, 15, 3
8, 12, 4, 15, 3
8, 12, 4, 15, 3
8, 12, 4, 15, 3
8, 12, 4, 16, 3
8, 12, 4, 16, 3
8, 12, 4, 16, 3
8, 12, 4, 16, 3
8, 12, 4, 17, 3
8, 12, 4, 17, 3
8, 12, 4, 17, 3
8, 12, 4, 17, 3
8, 12, 5, 15, 3
8, 12, 5, 15, 3
8, 12, 5, 15, 3
8, 12, 5, 15, 3
8, 12, 5, 16, 3
8, 12, 5, 16, 3
8, 12, 5, 16, 3
8, 12, 5, 16, 3
8, 12, 5, 17, 3
8, 12, 5, 17, 3
8, 12, 5, 17, 3
8, 12, 5, 17, 3
8, 12, 6, 15, 3
8, 12, 6, 15, 3
8, 12, 6, 15, 3
8, 12, 6, 15, 3
8, 12, 6, 16, 3
8, 12, 6, 16, 3
8, 12, 6, 16, 3
8, 12, 6, 16, 3
8, 12, 6, 17, 3
8, 12, 6, 17, 3
8, 12, 6, 17, 3
8, 12, 6, 17, 3
8, 12, 7, 15, 3
8, 12, 7, 15, 3
8, 12, 7, 15, 3
8, 12, 7, 15, 3
8, 12, 7, 16, 3
8, 12, 7, 16, 3
8, 12, 7, 16, 3
8, 12, 7, 16, 3
8, 12, 7, 17, 3
8, 12, 7, 17, 3
8, 12, 7, 17, 3
8, 12, 7, 17, 3
8, 12, 8, 15, 3
8, 12, 8, 15, 3
8, 12, 8, 15, 3
8, 12, 8, 15, 3
8, 12, 8, 16, 3
8, 12, 8, 16, 3
8, 12, 8, 16, 3
8, 12, 8, 16, 3
8, 12, 8, 17, 3
8, 12, 8, 17, 3
8, 12, 8, 17, 3
8, 12, 8, 17, 3
8, 12, 9, 15, 3
8, 12, 9, 15, 3
8, 12, 9, 15, 3
8, 12, 9, 15, 3
8, 12, 9, 16, 3
8, 12, 9, 16, 3
8, 12, 9, 16, 3
8, 12, 9, 16, 3
8, 12, 9, 17, 3
8, 12, 9, 17, 3
8, 12, 9, 17, 3
8, 12, 9, 17, 3
8, 12, 10, 15, 3
8, 12, 10, 15, 3
8, 12, 10, 15, 3
8, 12, 10, 15, 3
8, 12, 10, 16, 3
8, 12, 10, 16, 3
8, 12, 10, 16, 3
8, 12, 10, 16, 3
8, 12, 10, 17, 3
8, 12, 10, 17, 3
8, 12, 10, 17, 3
8, 12, 10, 17, 3
8, 12, 11, 15, 3
8, 12, 11, 15, 3
8, 12, 11, 15, 3
8, 12, 11, 15, 3
8, 12, 11, 16, 3
8, 12, 11, 16, 3
8, 12, 11, 16, 3
8, 12, 11, 16, 3
8, 12, 11, 17, 3
8, 12, 11, 17, 3
8, 12, 11, 17, 3
8, 12, 11, 17, 3
8, 12, 12, 15, 3
8, 12, 12, 15, 3
8, 12, 12, 15, 3
8, 12, 12, 15, 3
8, 12, 12, 16, 3
8, 12, 12, 16, 3
8, 12, 12, 16, 3
8, 12, 12, 16, 3
8, 12, 12, 17, 3
8, 12, 12, 17, 3
8, 12, 12, 17, 3
8, 12, 12, 17, 3
8, 12, 13, 15, 3
8, 12, 13, 15, 3
8, 12, 13, 15, 3
8, 12, 13, 15, 3
8, 12, 13, 16, 3
8, 12, 13, 16, 3
8, 12, 13, 16, 3
8, 12, 13, 16, 3
8, 12, 13, 17, 3
8, 12, 13, 17, 3
8, 12, 13, 17, 3
8, 12, 13, 17, 3
8, 12, 14, 15, 3
8, 12, 14, 15, 3
8, 12, 14, 15, 3
8, 12, 14, 15, 3
8, 12, 14, 16, 3
8, 12, 14, 16, 3
8, 12, 14, 16, 3
8, 12, 14, 16, 3
8, 12, 14, 17, 3
8, 12, 14, 17, 3
8, 12, 14, 17, 3
8, 12, 14, 17, 3
8, 60, 15, 0, 3
8, 60, 15, 0, 3
8, 60, 15, 0, 3
8, 60, 15, 0, 3
8, 60, 15, 1, 3
8, 60, 15, 1, 3
8, 60, 15, 1, 3
8, 60, 15, 1, 3
8, 60, 15, 2, 3
8, 60, 15, 2, 3
8, 60, 15, 2, 3
8, 60, 15, 2, 3
8, 60, 15, 3, 3
8, 60, 15, 3, 3
8, 60, 15, 3, 3
8, 60, 15, 3, 3
8, 60, 15, 4, 3
8, 60, 15, 4, 3
8, 60, 15, 4, 3
8, 60, 15, 4, 3
8, 60, 15, 5, 3
8, 60, 15, 5, 3
8, 60, 15, 5, 3
8, 60, 15, 5, 3
8, 60, 15, 6, 3
8, 60, 15, 6, 3
8, 60, 15, 6, 3
8, 60, 15, 6, 3
8, 60, 15, 7, 3
8, 60, 15, 7, 3
8, 60, 15, 7, 3
8, 60, 15, 7, 3
8, 60, 15, 8, 3
8, 60, 15, 8, 3
8, 60, 15, 8, 3
8, 60, 15, 8, 3
8, 60, 15, 9, 3
8, 60, 15, 9, 3
8, 60, 15, 9, 3
8, 60, 15, 9, 3
8, 60, 15, 10, 3
8, 60, 15, 10, 3
8, 60, 15, 10, 3
8, 60, 15, 10, 3
8, 60, 15, 11, 3
8, 60, 15, 11, 3
8, 60, 15, 11, 3
8, 60, 15, 11, 3
8, 60, 15, 12, 3
8, 60, 15, 12, 3
8, 60, 15, 12, 3
8, 60, 15, 12, 3
8, 60, 15, 13, 3
8, 60, 15, 13, 3
8, 60, 15, 13, 3
8, 60, 15, 13, 3
8, 60, 15, 14, 3
8, 60, 15, 14, 3
8, 60, 15, 14, 3
8, 60, 15, 14, 3
8, 60, 16, 0, 3
8, 60, 16, 0, 3
8, 60, 16, 0, 3
8, 60, 16, 0, 3
8, 60, 16, 1, 3
8, 60, 16, 1, 3
8, 60, 16, 1, 3
8, 60, 16, 1, 3
8, 60, 16, 2, 3
8, 60, 16, 2, 3
8, 60, 16, 2, 3
8, 60, 16, 2, 3
8, 60, 16, 3, 3
8, 60, 16, 3, 3
8, 60, 16, 3, 3
8, 60, 16, 3, 3
8, 60, 16, 4, 3
8, 60, 16, 4, 3
8, 60, 16, 4, 3
8, 60, 16, 4, 3
8, 60, 16, 5, 3
8, 60, 16, 5, 3
8, 60, 16, 5, 3
8, 60, 16, 5, 3
8, 60, 16, 6, 3
8, 60, 16, 6, 3
8, 60, 16, 6, 3
8, 60, 16, 6, 3
8, 60, 16, 7, 3
8, 60, 16, 7, 3
8, 60, 16, 7, 3
8, 60, 16, 7, 3
8, 60, 16, 8, 3
8, 60, 16, 8, 3
8, 60, 16, 8, 3
8, 60, 16, 8, 3
8, 60, 16, 9, 3
8, 60, 16, 9, 3
8, 60, 16, 9, 3
8, 60, 16, 9, 3
8, 60, 16, 10, 3
8, 60, 16, 10, 3
8, 60, 16, 10, 3
8, 60, 16, 10, 3
8, 60, 16, 11, 3
8, 60, 16, 11, 3
8, 60, 16, 11, 3
8, 60, 16, 11, 3
8, 60, 16, 12, 3
8, 60, 16, 12, 3
8, 60, 16, 12, 3
8, 60, 16, 12, 3
8, 60, 16, 13, 3
8, 60, 16, 13, 3
8, 60, 16, 13, 3
8, 60, 16, 13, 3
8, 60, 16, 14, 3
8, 60, 16, 14, 3
8, 60, 16, 14, 3
8, 60, 16, 14, 3
8, 60, 17, 0, 3
8, 60, 17, 0, 3
8, 60, 17, 0, 3
8, 60, 17, 0, 3
8, 60, 17, 1, 3
8, 60, 17, 1, 3
8, 60, 17, 1, 3
8, 60, 17, 1, 3
8, 60, 17, 2, 3
8, 60, 17, 2, 3
8, 60, 17, 2, 3
8, 60, 17, 2, 3
8, 60, 17, 3, 3
8, 60, 17, 3, 3
8, 60, 17, 3, 3
8, 60, 17, 3, 3
8, 60, 17, 4, 3
8, 60, 17, 4, 3
8, 60, 17, 4, 3
8, 60, 17, 4, 3
8, 60, 17, 5, 3
8, 60, 17, 5, 3
8, 60, 17, 5, 3
8, 60, 17, 5, 3
8, 60, 17, 6, 3
8, 60, 17, 6, 3
8, 60, 17, 6, 3
8, 60, 17, 6, 3
8, 60, 17, 7, 3
8, 60, 17, 7, 3
8, 60, 17, 7, 3
8, 60, 17, 7, 3
8, 60, 17, 8, 3
8, 60, 17, 8, 3
8, 60, 17, 8, 3
8, 60, 17, 8, 3
8, 60, 17, 9, 3
8, 60, 17, 9, 3
8, 60, 17, 9, 3
8, 60, 17, 9, 3
8, 60, 17, 10, 3
8, 60, 17, 10, 3
8, 60, 17, 10, 3
8, 60, 17, 10, 3
8, 60, 17, 11, 3
8, 60, 17, 11, 3
8, 60, 17, 11, 3
8, 60, 17, 11, 3
8, 60, 17, 12, 3
8, 60, 17, 12, 3
8, 60, 17, 12, 3
8, 60, 17, 12, 3
8, 60, 17, 13, 3
8, 60, 17, 13, 3
8, 60, 17, 13, 3
8, 60, 17, 13, 3
8, 60, 17, 14, 3
8, 60, 17, 14, 3
8, 60, 17, 14, 3
8, 60, 17, 14, 3
9, 12, 0, 15, 3
9, 12, 0, 15, 3
9, 12, 0, 15, 3
9, 12, 0, 15, 3
9, 12, 0, 16, 3
9, 12, 0, 16, 3
9, 12, 0, 16, 3
9, 12, 0, 16, 3
9, 12, 0, 17, 3
9, 12, 0, 17, 3
9, 12, 0, 17, 3
9, 12, 0, 17, 3
9, 12, 1, 15, 3
9, 12, 1, 15, 3
9, 12, 1, 15, 3
9, 12, 1, 15, 3
9, 12, 1, 16, 3
9, 12, 1, 16, 3
9, 12, 1, 16, 3
9, 12, 1, 16, 3
9, 12, 1, 17, 3
9, 12, 1, 17, 3
9, 12, 1, 17, 3
9, 12, 1, 17, 3
9, 12, 2, 15, 3
9, 12, 2, 15, 3
9, 12, 2, 15, 3
9, 12, 2, 15, 3
9, 12, 2, 16, 3
9, 12, 2, 16, 3
9, 12, 2, 16, 3
9, 12, 2, 16, 3
9, 12, 2, 17, 3
9, 12, 2, 17, 3
9, 12, 2, 17, 3
9, 12, 2, 17, 3
9, 12, 3, 15, 3
9, 12, 3, 15, 3
9, 12, 3, 15, 3
9, 12, 3, 15, 3
9, 12, 3, 16, 3
9, 12, 3, 16, 3
9, 12, 3, 16, 3
9, 12, 3, 16, 3
9, 12, 3, 17, 3
9, 12, 3, 17, 3
9, 12, 3, 17, 3
9, 12, 3, 17, 3
9, 12, 4, 15, 3
9, 12, 4, 15, 3
9, 12, 4, 15, 3
9, 12, 4, 15, 3
9, 12, 4, 16, 3
9, 12, 4, 16, 3
9, 12, 4, 16, 3
9, 12, 4, 16, 3
9, 12, 4, 17, 3
9, 12, 4, 17, 3
9, 12, 4, 17, 3
9, 12, 4, 17, 3
9, 12, 5, 15, 3
9, 12, 5, 15, 3
9, 12, 5, 15, 3
9, 12, 5, 15, 3
9, 12, 5, 16, 3
9, 12, 5, 16, 3
9, 12, 5, 16, 3
9, 12, 5, 16, 3
9, 12, 5, 17, 3
9, 12, 5, 17, 3
9, 12, 5, 17, 3
9, 12, 5, 17, 3
9, 12, 6, 15, 3
9, 12, 6, 15, 3
9, 12, 6, 15, 3
9, 12, 6, 15, 3
9, 12, 6, 16, 3
9, 12, 6, 16, 3
9, 12, 6, 16, 3
9, 12, 6, 16, 3
9, 12, 6, 17, 3
9, 12, 6, 17, 3
9, 12, 6, 17, 3
9, 12, 6, 17, 3
9, 12, 7, 15, 3
9, 12, 7, 15, 3
9, 12, 7, 15, 3
9, 12, 7, 15, 3
9, 12, 7, 16, 3
9, 12, 7, 16, 3
9, 12, 7, 16, 3
9, 12, 7, 16, 3
9, 12, 7, 17, 3
9, 12, 7, 17, 3
9, 12, 7, 17, 3
9, 12, 7, 17, 3
9, 12, 8, 15, 3
9, 12, 8, 15, 3
9, 12, 8, 15, 3
9, 12, 8, 15, 3
9, 12, 8, 16, 3
9, 12, 8, 16, 3
9, 12, 8, 16, 3
9, 12, 8, 16, 3
9, 12, 8, 17, 3
9, 12, 8, 17, 3
9, 12, 8, 17, 3
9, 12, 8, 17, 3
9, 12, 9, 15, 3
9, 12, 9, 15, 3
9, 12, 9, 15, 3
9, 12, 9, 15, 3
9, 12, 9, 16, 3
9, 12, 9, 16, 3
9, 12, 9, 16, 3
9, 12, 9, 16, 3
9, 12, 9, 17, 3
9, 12, 9, 17, 3
9, 12, 9, 17, 3
9, 12, 9, 17, 3
9, 12, 10, 15, 3
9, 12, 10, 15, 3
9, 12, 10, 15, 3
9, 12, 10, 15, 3
9, 12, 10, 16, 3
9, 12, 10, 16, 3
9, 12, 10, 16, 3
9, 12, 10, 16, 3
9, 12, 10, 17, 3
9, 12, 10, 17, 3
9, 12, 10, 17, 3
9, 12, 10, 17, 3
9, 12, 11, 15, 3
9, 12, 11, 15, 3
9, 12, 11, 15, 3
9, 12, 11, 15, 3
9, 12, 11, 16, 3
9, 12, 11, 16, 3
9, 12, 11, 16, 3
9, 12, 11, 16, 3
9, 12, 11, 17, 3
9, 12, 11, 17, 3
9, 12, 11, 17, 3
9, 12, 11, 17, 3
9, 12, 12, 15, 3
9, 12, 12, 15, 3
9, 12, 12, 15, 3
9, 12, 12, 15, 3
9, 12, 12, 16, 3
9, 12, 12, 16, 3
9, 12, 12, 16, 3
9, 12, 12, 16, 3
9, 12, 12, 17, 3
9, 12, 12, 17, 3
9, 12, 12, 17, 3
9, 12, 12, 17, 3
9, 12, 13, 15, 3
9, 12, 13, 15, 3
9, 12, 13, 15, 3
9, 12, 13, 15, 3
9, 12, 13, 16, 3
9, 12, 13, 16, 3
9, 12, 13, 16, 3
9, 12, 13, 16, 3
9, 12, 13, 17, 3
9, 12, 13, 17, 3
9, 12, 13, 17, 3
9, 12, 13, 17, 3
9, 12, 14, 15, 3
9, 12, 14, 15, 3
9, 12, 14, 15, 3
9, 12, 14, 15, 3
9, 12, 14, 16, 3
9, 12, 14, 16, 3
9, 12, 14, 16, 3
9, 12, 14, 16, 3
9, 12, 14, 17, 3
9, 12, 14, 17, 3
9, 12, 14, 17, 3
9, 12, 14, 17, 3
9, 60, 15, 0, 3
9, 60, 15, 0, 3
9, 60, 15, 0, 3
9, 60, 15, 0, 3
9, 60, 15, 1, 3
9, 60, 15, 1, 3
9, 60, 15, 1, 3
9, 60, 15, 1, 3
9, 60, 15, 2, 3
9, 60, 15, 2, 3
9, 60, 15, 2, 3
9, 60, 15, 2, 3
9, 60, 15, 3, 3
9, 60, 15, 3, 3
9, 60, 15, 3, 3
9, 60, 15, 3, 3
9, 60, 15, 4, 3
9, 60, 15, 4, 3
9, 60, 15, 4, 3
9, 60, 15, 4, 3
9, 60, 15, 5, 3
9, 60, 15, 5, 3
9, 60, 15, 5, 3
9, 60, 15, 5, 3
9, 60, 15, 6, 3
9, 60, 15, 6, 3
9, 60, 15, 6, 3
9, 60, 15, 6, 3
9, 60, 15, 7, 3
9, 60, 15, 7, 3
9, 60, 15, 7, 3
9, 60, 15, 7, 3
9, 60, 15, 8, 3
9, 60, 15, 8, 3
9, 60, 15, 8, 3
9, 60, 15, 8, 3
9, 60, 15, 9, 3
9, 60, 15, 9, 3
9, 60, 15, 9, 3
9, 60, 15, 9, 3
9, 60, 15, 10, 3
9, 60, 15, 10, 3
9, 60, 15, 10, 3
9, 60, 15, 10, 3
9, 60, 15, 11, 3
9, 60, 15, 11, 3
9, 60, 15, 11, 3
9, 60, 15, 11, 3
9, 60, 15, 12, 3
9, 60, 15, 12, 3
9, 60, 15, 12, 3
9, 60, 15, 12, 3
9, 60, 15, 13, 3
9, 60, 15, 13, 3
9, 60, 15, 13, 3
9, 60, 15, 13, 3
9, 60, 15, 14, 3
9, 60, 15, 14, 3
9, 60, 15, 14, 3
9, 60, 15, 14, 3
9, 60, 16, 0, 3
9, 60, 16, 0, 3
9, 60, 16, 0, 3
9, 60, 16, 0, 3
9, 60, 16, 1, 3
9, 60, 16, 1, 3
9, 60, 16, 1, 3
9, 60, 16, 1, 3
9, 60, 16, 2, 3
9, 60, 16, 2, 3
9, 60, 16, 2, 3
9, 60, 16, 2, 3
9, 60, 16, 3, 3
9, 60, 16, 3, 3
9, 60, 16, 3, 3
9, 60, 16, 3, 3
9, 60, 16, 4, 3
9, 60, 16, 4, 3
9, 60, 16, 4, 3
9, 60, 16, 4, 3
9, 60, 16, 5, 3
9, 60, 16, 5, 3
9, 60, 16, 5, 3
9, 60, 16, 5, 3
9, 60, 16, 6, 3
9, 60, 16, 6, 3
9, 60, 16, 6, 3
9, 60, 16, 6, 3
9, 60, 16, 7, 3
9, 60, 16, 7, 3
9, 60, 16, 7, 3
9, 60, 16, 7, 3
9, 60, 16, 8, 3
9, 60, 16, 8, 3
9, 60, 16, 8, 3
9, 60, 16, 8, 3
9, 60, 16, 9, 3
9, 60, 16, 9, 3
9, 60, 16, 9, 3
9, 60, 16, 9, 3
9, 60, 16, 10, 3
9, 60, 16, 10, 3
9, 60, 16, 10, 3
9, 60, 16, 10, 3
9, 60, 16, 11, 3
9, 60, 16, 11, 3
9, 60, 16, 11, 3
9, 60, 16, 11, 3
9, 60, 16, 12, 3
9, 60, 16, 12, 3
9, 60, 16, 12, 3
9, 60, 16, 12, 3
9, 60, 16, 13, 3
9, 60, 16, 13, 3
9, 60, 16, 13, 3
9, 60, 16, 13, 3
9, 60, 16, 14, 3
9, 60, 16, 14, 3
9, 60, 16, 14, 3
9, 60, 16, 14, 3
9, 60, 17, 0, 3
9, 60, 17, 0, 3
9, 60, 17, 0, 3
9, 60, 17, 0, 3
9, 60, 17, 1, 3
9, 60, 17, 1, 3
9, 60, 17, 1, 3
9, 60, 17, 1, 3
9, 60, 17, 2, 3
9, 60, 17, 2, 3
9, 60, 17, 2, 3
9, 60, 17, 2, 3
9, 60, 17, 3, 3
9, 60, 17, 3, 3
9, 60, 17, 3, 3
9, 60, 17, 3, 3
9, 60, 17, 4, 3
9, 60, 17, 4, 3
9, 60, 17, 4, 3
9, 60, 17, 4, 3
9, 60, 17, 5, 3
9, 60, 17, 5, 3
9, 60, 17, 5, 3
9, 60, 17, 5, 3
9, 60, 17, 6, 3
9, 60, 17, 6, 3
9, 60, 17, 6, 3
9, 60, 17, 6, 3
9, 60, 17, 7, 3
9, 60, 17, 7, 3
9, 60, 17, 7, 3
9, 60, 17, 7, 3
9, 60, 17, 8, 3
9, 60, 17, 8, 3
9, 60, 17, 8, 3
9, 60, 17, 8, 3
9, 60, 17, 9, 3
9, 60, 17, 9, 3
9, 60, 17, 9, 3
9, 60, 17, 9, 3
9, 60, 17, 10, 3
9, 60, 17, 10, 3
9, 60, 17, 10, 3
9, 60, 17, 10, 3
9, 60, 17, 11, 3
9, 60, 17, 11, 3
9, 60, 17, 11, 3
9, 60, 17, 11, 3
9, 60, 17, 12, 3
9, 60, 17, 12, 3
9, 60, 17, 12, 3
9, 60, 17, 12, 3
9, 60, 17, 13, 3
9, 60, 17, 13, 3
9, 60, 17, 13, 3
9, 60, 17, 13, 3
9, 60, 17, 14, 3
9, 60, 17, 14, 3
9, 60, 17, 14, 3
9, 60, 17, 14, 3
10, 12, 0, 15, 3
10, 12, 0, 15, 3
10, 12, 0, 15, 3
10, 12, 0, 15, 3
10, 12, 0, 16, 3
10, 12, 0, 16, 3
10, 12, 0, 16, 3
10, 12, 0, 16, 3
10, 12, 0, 17, 3
10, 12, 0, 17, 3
10, 12, 0, 17, 3
10, 12, 0, 17, 3
10, 12, 1, 15, 3
10, 12, 1, 15, 3
10, 12, 1, 15, 3
10, 12, 1, 15, 3
10, 12, 1, 16, 3
10, 12, 1, 16, 3
10, 12, 1, 16, 3
10, 12, 1, 16, 3
10, 12, 1, 17, 3
10, 12, 1, 17, 3
10, 12, 1, 17, 3
10, 12, 1, 17, 3
10, 12, 2, 15, 3
10, 12, 2, 15, 3
10, 12, 2, 15, 3
10, 12, 2, 15, 3
10, 12, 2, 16, 3
10, 12, 2, 16, 3
10, 12, 2, 16, 3
10, 12, 2, 16, 3
10, 12, 2, 17, 3
10, 12, 2, 17, 3
10, 12, 2, 17, 3
10, 12, 2, 17, 3
10, 12, 3, 15, 3
10, 12, 3, 15, 3
10, 12, 3, 15, 3
10, 12, 3, 15, 3
10, 12, 3, 16, 3
10, 12, 3, 16, 3
10, 12, 3, 16, 3
10, 12, 3, 16, 3
10, 12, 3, 17, 3
10, 12, 3, 17, 3
10, 12, 3, 17, 3
10, 12, 3, 17, 3
10, 12, 4, 15, 3
10, 12, 4, 15, 3
10, 12, 4, 15, 3
10, 12, 4, 15, 3
10, 12, 4, 16, 3
10, 12, 4, 16, 3
10, 12, 4, 16, 3
10, 12, 4, 16, 3
10, 12, 4, 17, 3
10, 12, 4, 17, 3
10, 12, 4, 17, 3
10, 12, 4, 17, 3
10, 12, 5, 15, 3
10, 12, 5, 15, 3
10, 12, 5, 15, 3
10, 12, 5, 15, 3
10, 12, 5, 16, 3
10, 12, 5, 16, 3
10, 12, 5, 16, 3
10, 12, 5, 16, 3
10, 12, 5, 17, 3
10, 12, 5, 17, 3
10, 12, 5, 17, 3
10, 12, 5, 17, 3
10, 12, 6, 15, 3
10, 12, 6, 15, 3
10, 12, 6, 15, 3
10, 12, 6, 15, 3
10, 12, 6, 16, 3
10, 12, 6, 16, 3
10, 12, 6, 16, 3
10, 12, 6, 16, 3
10, 12, 6, 17, 3
10, 12, 6, 17, 3
10, 12, 6, 17, 3
10, 12, 6, 17, 3
10, 12, 7, 15, 3
10, 12, 7, 15, 3
10, 12, 7, 15, 3
10, 12, 7, 15, 3
10, 12, 7, 16, 3
10, 12, 7, 16, 3
10, 12, 7, 16, 3
10, 12, 7, 16, 3
10, 12, 7, 17, 3
10, 12, 7, 17, 3
10, 12, 7, 17, 3
10, 12, 7, 17, 3
10, 12, 8, 15, 3
10, 12, 8, 15, 3
10, 12, 8, 15, 3
10, 12, 8, 15, 3
10, 12, 8, 16, 3
10, 12, 8, 16, 3
10, 12, 8, 16, 3
10, 12, 8, 16, 3
10, 12, 8, 17, 3
10, 12, 8, 17, 3
10, 12, 8, 17, 3
10, 12, 8, 17, 3
10, 12, 9, 15, 3
10, 12, 9, 15, 3
10, 12, 9, 15, 3
10, 12, 9, 15, 3
10, 12, 9, 16, 3
10, 12, 9, 16, 3
10, 12, 9, 16, 3
10, 12, 9, 16, 3
10, 12, 9, 17, 3
10, 12, 9, 17, 3
10, 12, 9, 17, 3
10, 12, 9, 17, 3
10, 12, 10, 15, 3
10, 12, 10, 15, 3
10, 12, 10, 15, 3
10, 12, 10, 15, 3
10, 12, 10, 16, 3
10, 12, 10, 16, 3
10, 12, 10, 16, 3
10, 12, 10, 16, 3
10, 12, 10, 17, 3
10, 12, 10, 17, 3
10, 12, 10, 17, 3
10, 12, 10, 17, 3
10, 12, 11, 15, 3
10, 12, 11, 15, 3
10, 12, 11, 15, 3
10, 12, 11, 15, 3
10, 12, 11, 16, 3
10, 12, 11, 16, 3
10, 12, 11, 16, 3
10, 12, 11, 16, 3
10, 12, 11, 17, 3
10, 12, 11, 17, 3
10, 12, 11, 17, 3
10, 12, 11, 17, 3
10, 12, 12, 15, 3
10, 12, 12, 15, 3
10, 12, 12, 15, 3
10, 12, 12, 15, 3
10, 12, 12, 16, 3
10, 12, 12, 16, 3
10, 12, 12, 16, 3
10, 12, 12, 16, 3
10, 12, 12, 17, 3
10, 12, 12, 17, 3
10, 12, 12, 17, 3
10, 12, 12, 17, 3
10, 12, 13, 15, 3
10, 12, 13, 15, 3
10, 12, 13, 15, 3
10, 12, 13, 15, 3
10, 12, 13, 16, 3
10, 12, 13, 16, 3
10, 12, 13, 16, 3
10, 12, 13, 16, 3
10, 12, 13, 17, 3
10, 12, 13, 17, 3
10, 12, 13, 17, 3
10, 12, 13, 17, 3
10, 12, 14, 15, 3
10, 12, 14, 15, 3
10, 12, 14, 15, 3
10, 12, 14, 15, 3
10, 12, 14, 16, 3
10, 12, 14, 16, 3
10, 12, 14, 16, 3
10, 12, 14, 16, 3
10, 12, 14, 17, 3
10, 12, 14, 17, 3
10, 12, 14, 17, 3
10, 12, 14, 17, 3
10, 60, 15, 0, 3
10, 60, 15, 0, 3
10, 60, 15, 0, 3
10, 60, 15, 0, 3
10, 60, 15, 1, 3
10, 60, 15, 1, 3
10, 60, 15, 1, 3
10, 60, 15, 1, 3
10, 60, 15, 2, 3
10, 60, 15, 2, 3
10, 60, 15, 2, 3
10, 60, 15, 2, 3
10, 60, 15, 3, 3
10, 60, 15, 3, 3
10, 60, 15, 3, 3
10, 60, 15, 3, 3
10, 60, 15, 4, 3
10, 60, 15, 4, 3
10, 60, 15, 4, 3
10, 60, 15, 4, 3
10, 60, 15, 5, 3
10, 60, 15, 5, 3
10, 60, 15, 5, 3
10, 60, 15, 5, 3
10, 60, 15, 6, 3
10, 60, 15, 6, 3
10, 60, 15, 6, 3
10, 60, 15, 6, 3
10, 60, 15, 7, 3
10, 60, 15, 7, 3
10, 60, 15, 7, 3
10, 60, 15, 7, 3
10, 60, 15, 8, 3
10, 60, 15, 8, 3
10, 60, 15, 8, 3
10, 60, 15, 8, 3
10, 60, 15, 9, 3
10, 60, 15, 9, 3
10, 60, 15, 9, 3
10, 60, 15, 9, 3
10, 60, 15, 10, 3
10, 60, 15, 10, 3
10, 60, 15, 10, 3
10, 60, 15, 10, 3
10, 60, 15, 11, 3
10, 60, 15, 11, 3
10, 60, 15, 11, 3
10, 60, 15, 11, 3
10, 60, 15, 12, 3
10, 60, 15, 12, 3
10, 60, 15, 12, 3
10, 60, 15, 12, 3
10, 60, 15, 13, 3
10, 60, 15, 13, 3
10, 60, 15, 13, 3
10, 60, 15, 13, 3
10, 60, 15, 14, 3
10, 60, 15, 14, 3
10, 60, 15, 14, 3
10, 60, 15, 14, 3
10, 60, 16, 0, 3
10, 60, 16, 0, 3
10, 60, 16, 0, 3
10, 60, 16, 0, 3
10, 60, 16, 1, 3
10, 60, 16, 1, 3
10, 60, 16, 1, 3
10, 60, 16, 1, 3
10, 60, 16, 2, 3
10, 60, 16, 2, 3
10, 60, 16, 2, 3
10, 60, 16, 2, 3
10, 60, 16, 3, 3
10, 60, 16, 3, 3
10, 60, 16, 3, 3
10, 60, 16, 3, 3
10, 60, 16, 4, 3
10, 60, 16, 4, 3
10, 60, 16, 4, 3
10, 60, 16, 4, 3
10, 60, 16, 5, 3
10, 60, 16, 5, 3
10, 60, 16, 5, 3
10, 60, 16, 5, 3
10, 60, 16, 6, 3
10, 60, 16, 6, 3
10, 60, 16, 6, 3
10, 60, 16, 6, 3
10, 60, 16, 7, 3
10, 60, 16, 7, 3
10, 60, 16, 7, 3
10, 60, 16, 7, 3
10, 60, 16, 8, 3
10, 60, 16, 8, 3
10, 60, 16, 8, 3
10, 60, 16, 8, 3
10, 60, 16, 9, 3
10, 60, 16, 9, 3
10, 60, 16, 9, 3
10, 60, 16, 9, 3
10, 60, 16, 10, 3
10, 60, 16, 10, 3
10, 60, 16, 10, 3
10, 60, 16, 10, 3
10, 60, 16, 11, 3
10, 60, 16, 11, 3
10, 60, 16, 11, 3
10, 60, 16, 11, 3
10, 60, 16, 12, 3
10, 60, 16, 12, 3
10, 60, 16, 12, 3
10, 60, 16, 12, 3
10, 60, 16, 13, 3
10, 60, 16, 13, 3
10, 60, 16, 13, 3
10, 60, 16, 13, 3
10, 60, 16, 14, 3
10, 60, 16, 14, 3
10, 60, 16, 14, 3
10, 60, 16, 14, 3
10, 60, 17, 0, 3
10, 60, 17, 0, 3
10, 60, 17, 0, 3
10, 60, 17, 0, 3
10, 60, 17, 1, 3
10, 60, 17, 1, 3
10, 60, 17, 1, 3
10, 60, 17, 1, 3
10, 60, 17, 2, 3
10, 60, 17, 2, 3
10, 60, 17, 2, 3
10, 60, 17, 2, 3
10, 60, 17, 3, 3
10, 60, 17, 3, 3
10, 60, 17, 3, 3
10, 60, 17, 3, 3
10, 60, 17, 4, 3
10, 60, 17, 4, 3
10, 60, 17, 4, 3
10, 60, 17, 4, 3
10, 60, 17, 5, 3
10, 60, 17, 5, 3
10, 60, 17, 5, 3
10, 60, 17, 5, 3
10, 60, 17, 6, 3
10, 60, 17, 6, 3
10, 60, 17, 6, 3
10, 60, 17, 6, 3
10, 60, 17, 7, 3
10, 60, 17, 7, 3
10, 60, 17, 7, 3
10, 60, 17, 7, 3
10, 60, 17, 8, 3
10, 60, 17, 8, 3
10, 60, 17, 8, 3
10, 60, 17, 8, 3
10, 60, 17, 9, 3
10, 60, 17, 9, 3
10, 60, 17, 9, 3
10, 60, 17, 9, 3
10, 60, 17, 10, 3
10, 60, 17, 10, 3
10, 60, 17, 10, 3
10, 60, 17, 10, 3
10, 60, 17, 11, 3
10, 60, 17, 11, 3
10, 60, 17, 11, 3
10, 60, 17, 11, 3
10, 60, 17, 12, 3
10, 60, 17, 12, 3
10, 60, 17, 12, 3
10, 60, 17, 12, 3
10, 60, 17, 13, 3
10, 60, 17, 13, 3
10, 60, 17, 13, 3
10, 60, 17, 13, 3
10, 60, 17, 14, 3
10, 60, 17, 14, 3
10, 60, 17, 14, 3
10, 60, 17, 14, 3
Goal
6
7
8
9
10
