CG
324
0, 323, 323, 2
0, 323, 322, 3
0, 323, 321, 3
0, 323, 320, 3
0, 323, 319, 3
0, 323, 318, 3
0, 323, 317, 3
0, 323, 316, 3
0, 323, 315, 3
0, 323, 314, 2
0, 323, 313, 3
0, 323, 312, 3
0, 323, 311, 3
0, 323, 310, 3
0, 323, 309, 3
0, 323, 308, 3
0, 323, 307, 3
0, 323, 306, 3
0, 323, 305, 3
0, 323, 304, 4
0, 323, 303, 4
0, 323, 302, 4
0, 323, 301, 4
0, 323, 300, 4
0, 323, 299, 4
0, 323, 298, 4
0, 323, 297, 4
0, 323, 296, 3
0, 323, 295, 4
0, 323, 294, 4
0, 323, 293, 4
0, 323, 292, 4
0, 323, 291, 4
0, 323, 290, 4
0, 323, 289, 4
0, 323, 288, 4
0, 323, 287, 3
0, 323, 286, 4
0, 323, 285, 4
0, 323, 284, 4
0, 323, 283, 4
0, 323, 282, 4
0, 323, 281, 4
0, 323, 280, 4
0, 323, 279, 4
0, 323, 278, 3
0, 323, 277, 4
0, 323, 276, 4
0, 323, 275, 4
0, 323, 274, 4
0, 323, 273, 4
0, 323, 272, 4
0, 323, 271, 4
0, 323, 270, 4
0, 323, 269, 3
0, 323, 268, 4
0, 323, 267, 4
0, 323, 266, 4
0, 323, 265, 4
0, 323, 264, 4
0, 323, 263, 4
0, 323, 262, 4
0, 323, 261, 4
0, 323, 260, 3
0, 323, 259, 4
0, 323, 258, 4
0, 323, 257, 4
0, 323, 256, 4
0, 323, 255, 4
0, 323, 254, 4
0, 323, 253, 4
0, 323, 252, 4
0, 323, 251, 3
0, 323, 250, 4
0, 323, 249, 4
0, 323, 248, 4
0, 323, 247, 4
0, 323, 246, 4
0, 323, 245, 4
0, 323, 244, 4
0, 323, 243, 4
0, 323, 242, 3
0, 323, 241, 4
0, 323, 240, 4
0, 323, 239, 4
0, 323, 238, 4
0, 323, 237, 4
0, 323, 236, 4
0, 323, 235, 4
0, 323, 234, 4
0, 323, 233, 3
0, 323, 232, 4
0, 323, 231, 4
0, 323, 230, 4
0, 323, 229, 4
0, 323, 228, 4
0, 323, 227, 4
0, 323, 226, 4
0, 323, 225, 4
0, 323, 224, 3
0, 323, 223, 4
0, 323, 222, 4
0, 323, 221, 4
0, 323, 220, 4
0, 323, 219, 4
0, 323, 218, 4
0, 323, 217, 4
0, 323, 216, 4
0, 323, 215, 3
0, 323, 214, 4
0, 323, 213, 4
0, 323, 212, 4
0, 323, 211, 4
0, 323, 210, 4
0, 323, 209, 4
0, 323, 208, 4
0, 323, 207, 4
0, 323, 206, 3
0, 323, 205, 4
0, 323, 204, 4
0, 323, 203, 4
0, 323, 202, 4
0, 323, 201, 4
0, 323, 200, 4
0, 323, 199, 4
0, 323, 198, 4
0, 323, 197, 3
0, 323, 196, 4
0, 323, 195, 4
0, 323, 194, 4
0, 323, 193, 4
0, 323, 192, 4
0, 323, 191, 4
0, 323, 190, 4
0, 323, 189, 4
0, 323, 188, 3
0, 323, 187, 4
0, 323, 186, 4
0, 323, 185, 4
0, 323, 184, 4
0, 323, 183, 4
0, 323, 182, 4
0, 323, 181, 4
0, 323, 180, 4
0, 323, 179, 3
0, 323, 178, 4
0, 323, 177, 4
0, 323, 176, 4
0, 323, 175, 4
0, 323, 174, 4
0, 323, 173, 4
0, 323, 172, 4
0, 323, 171, 4
0, 323, 170, 3
0, 323, 169, 4
0, 323, 168, 4
0, 323, 167, 4
0, 323, 166, 4
0, 323, 165, 4
0, 323, 164, 4
0, 323, 163, 4
0, 323, 162, 4
0, 323, 161, 2
0, 323, 160, 3
0, 323, 159, 3
0, 323, 158, 3
0, 323, 157, 3
0, 323, 156, 3
0, 323, 155, 3
0, 323, 154, 3
0, 323, 153, 3
0, 323, 152, 2
0, 323, 151, 3
0, 323, 150, 3
0, 323, 149, 3
0, 323, 148, 3
0, 323, 147, 3
0, 323, 146, 3
0, 323, 145, 3
0, 323, 144, 3
0, 323, 143, 3
0, 323, 142, 4
0, 323, 141, 4
0, 323, 140, 4
0, 323, 139, 4
0, 323, 138, 4
0, 323, 137, 4
0, 323, 136, 4
0, 323, 135, 4
0, 323, 134, 3
0, 323, 133, 4
0, 323, 132, 4
0, 323, 131, 4
0, 323, 130, 4
0, 323, 129, 4
0, 323, 128, 4
0, 323, 127, 4
0, 323, 126, 4
0, 323, 125, 3
0, 323, 124, 4
0, 323, 123, 4
0, 323, 122, 4
0, 323, 121, 4
0, 323, 120, 4
0, 323, 119, 4
0, 323, 118, 4
0, 323, 117, 4
0, 323, 116, 3
0, 323, 115, 4
0, 323, 114, 4
0, 323, 113, 4
0, 323, 112, 4
0, 323, 111, 4
0, 323, 110, 4
0, 323, 109, 4
0, 323, 108, 4
0, 323, 107, 3
0, 323, 106, 4
0, 323, 105, 4
0, 323, 104, 4
0, 323, 103, 4
0, 323, 102, 4
0, 323, 101, 4
0, 323, 100, 4
0, 323, 99, 4
0, 323, 98, 3
0, 323, 97, 4
0, 323, 96, 4
0, 323, 95, 4
0, 323, 94, 4
0, 323, 93, 4
0, 323, 92, 4
0, 323, 91, 4
0, 323, 90, 4
0, 323, 89, 3
0, 323, 88, 4
0, 323, 87, 4
0, 323, 86, 4
0, 323, 85, 4
0, 323, 84, 4
0, 323, 83, 4
0, 323, 82, 4
0, 323, 81, 4
0, 323, 80, 3
0, 323, 79, 4
0, 323, 78, 4
0, 323, 77, 4
0, 323, 76, 4
0, 323, 75, 4
0, 323, 74, 4
0, 323, 73, 4
0, 323, 72, 4
0, 323, 71, 3
0, 323, 70, 4
0, 323, 69, 4
0, 323, 68, 4
0, 323, 67, 4
0, 323, 66, 4
0, 323, 65, 4
0, 323, 64, 4
0, 323, 63, 4
0, 323, 62, 3
0, 323, 61, 4
0, 323, 60, 4
0, 323, 59, 4
0, 323, 58, 4
0, 323, 57, 4
0, 323, 56, 4
0, 323, 55, 4
0, 323, 54, 4
0, 323, 53, 3
0, 323, 52, 4
0, 323, 51, 4
0, 323, 50, 4
0, 323, 49, 4
0, 323, 48, 4
0, 323, 47, 4
0, 323, 46, 4
0, 323, 45, 4
0, 323, 44, 3
0, 323, 43, 4
0, 323, 42, 4
0, 323, 41, 4
0, 323, 40, 4
0, 323, 39, 4
0, 323, 38, 4
0, 323, 37, 4
0, 323, 36, 4
0, 323, 35, 3
0, 323, 34, 4
0, 323, 33, 4
0, 323, 32, 4
0, 323, 31, 4
0, 323, 30, 4
0, 323, 29, 4
0, 323, 28, 4
0, 323, 27, 4
0, 323, 26, 3
0, 323, 25, 4
0, 323, 24, 4
0, 323, 23, 4
0, 323, 22, 4
0, 323, 21, 4
0, 323, 20, 4
0, 323, 19, 4
0, 323, 18, 4
0, 323, 17, 3
0, 323, 16, 4
0, 323, 15, 4
0, 323, 14, 4
0, 323, 13, 4
0, 323, 12, 4
0, 323, 11, 4
0, 323, 10, 4
0, 323, 9, 4
0, 323, 8, 3
0, 323, 7, 4
0, 323, 6, 4
0, 323, 5, 4
0, 323, 4, 4
0, 323, 3, 4
0, 323, 2, 4
0, 323, 1, 4
DTG
0, 2, 0, 1, 1
0, 2, 0, 18, 1
0, 3, 1, 0, 1
0, 3, 1, 10, 1
0, 3, 1, 19, 1
0, 3, 2, 3, 1
0, 3, 2, 17, 1
0, 3, 2, 20, 1
0, 3, 3, 2, 1
0, 3, 3, 4, 1
0, 3, 3, 21, 1
0, 3, 4, 3, 1
0, 3, 4, 5, 1
0, 3, 4, 22, 1
0, 3, 5, 4, 1
0, 3, 5, 6, 1
0, 3, 5, 23, 1
0, 3, 6, 5, 1
0, 3, 6, 7, 1
0, 3, 6, 24, 1
0, 3, 7, 6, 1
0, 3, 7, 8, 1
0, 3, 7, 25, 1
0, 3, 8, 7, 1
0, 3, 8, 9, 1
0, 3, 8, 26, 1
0, 2, 9, 8, 1
0, 2, 9, 27, 1
0, 3, 10, 1, 1
0, 3, 10, 11, 1
0, 3, 10, 28, 1
0, 3, 11, 10, 1
0, 3, 11, 12, 1
0, 3, 11, 29, 1
0, 3, 12, 11, 1
0, 3, 12, 13, 1
0, 3, 12, 30, 1
0, 3, 13, 12, 1
0, 3, 13, 14, 1
0, 3, 13, 31, 1
0, 3, 14, 13, 1
0, 3, 14, 15, 1
0, 3, 14, 32, 1
0, 3, 15, 14, 1
0, 3, 15, 16, 1
0, 3, 15, 33, 1
0, 3, 16, 15, 1
0, 3, 16, 17, 1
0, 3, 16, 34, 1
0, 3, 17, 2, 1
0, 3, 17, 16, 1
0, 3, 17, 35, 1
0, 3, 18, 0, 1
0, 3, 18, 19, 1
0, 3, 18, 180, 1
0, 4, 19, 1, 1
0, 4, 19, 18, 1
0, 4, 19, 28, 1
0, 4, 19, 181, 1
0, 4, 20, 2, 1
0, 4, 20, 21, 1
0, 4, 20, 35, 1
0, 4, 20, 182, 1
0, 4, 21, 3, 1
0, 4, 21, 20, 1
0, 4, 21, 22, 1
0, 4, 21, 183, 1
0, 4, 22, 4, 1
0, 4, 22, 21, 1
0, 4, 22, 23, 1
0, 4, 22, 184, 1
0, 4, 23, 5, 1
0, 4, 23, 22, 1
0, 4, 23, 24, 1
0, 4, 23, 185, 1
0, 4, 24, 6, 1
0, 4, 24, 23, 1
0, 4, 24, 25, 1
0, 4, 24, 186, 1
0, 4, 25, 7, 1
0, 4, 25, 24, 1
0, 4, 25, 26, 1
0, 4, 25, 187, 1
0, 4, 26, 8, 1
0, 4, 26, 25, 1
0, 4, 26, 27, 1
0, 4, 26, 188, 1
0, 3, 27, 9, 1
0, 3, 27, 26, 1
0, 3, 27, 189, 1
0, 4, 28, 10, 1
0, 4, 28, 19, 1
0, 4, 28, 29, 1
0, 4, 28, 190, 1
0, 4, 29, 11, 1
0, 4, 29, 28, 1
0, 4, 29, 30, 1
0, 4, 29, 191, 1
0, 4, 30, 12, 1
0, 4, 30, 29, 1
0, 4, 30, 31, 1
0, 4, 30, 192, 1
0, 4, 31, 13, 1
0, 4, 31, 30, 1
0, 4, 31, 32, 1
0, 4, 31, 193, 1
0, 4, 32, 14, 1
0, 4, 32, 31, 1
0, 4, 32, 33, 1
0, 4, 32, 194, 1
0, 4, 33, 15, 1
0, 4, 33, 32, 1
0, 4, 33, 34, 1
0, 4, 33, 195, 1
0, 4, 34, 16, 1
0, 4, 34, 33, 1
0, 4, 34, 35, 1
0, 4, 34, 196, 1
0, 4, 35, 17, 1
0, 4, 35, 20, 1
0, 4, 35, 34, 1
0, 4, 35, 197, 1
0, 3, 36, 37, 1
0, 3, 36, 54, 1
0, 3, 36, 306, 1
0, 4, 37, 36, 1
0, 4, 37, 46, 1
0, 4, 37, 55, 1
0, 4, 37, 307, 1
0, 4, 38, 39, 1
0, 4, 38, 53, 1
0, 4, 38, 56, 1
0, 4, 38, 308, 1
0, 4, 39, 38, 1
0, 4, 39, 40, 1
0, 4, 39, 57, 1
0, 4, 39, 309, 1
0, 4, 40, 39, 1
0, 4, 40, 41, 1
0, 4, 40, 58, 1
0, 4, 40, 310, 1
0, 4, 41, 40, 1
0, 4, 41, 42, 1
0, 4, 41, 59, 1
0, 4, 41, 311, 1
0, 4, 42, 41, 1
0, 4, 42, 43, 1
0, 4, 42, 60, 1
0, 4, 42, 312, 1
0, 4, 43, 42, 1
0, 4, 43, 44, 1
0, 4, 43, 61, 1
0, 4, 43, 313, 1
0, 4, 44, 43, 1
0, 4, 44, 45, 1
0, 4, 44, 62, 1
0, 4, 44, 314, 1
0, 3, 45, 44, 1
0, 3, 45, 63, 1
0, 3, 45, 315, 1
0, 4, 46, 37, 1
0, 4, 46, 47, 1
0, 4, 46, 64, 1
0, 4, 46, 316, 1
0, 4, 47, 46, 1
0, 4, 47, 48, 1
0, 4, 47, 65, 1
0, 4, 47, 317, 1
0, 4, 48, 47, 1
0, 4, 48, 49, 1
0, 4, 48, 66, 1
0, 4, 48, 318, 1
0, 4, 49, 48, 1
0, 4, 49, 50, 1
0, 4, 49, 67, 1
0, 4, 49, 319, 1
0, 4, 50, 49, 1
0, 4, 50, 51, 1
0, 4, 50, 68, 1
0, 4, 50, 320, 1
0, 4, 51, 50, 1
0, 4, 51, 52, 1
0, 4, 51, 69, 1
0, 4, 51, 321, 1
0, 4, 52, 51, 1
0, 4, 52, 53, 1
0, 4, 52, 70, 1
0, 4, 52, 322, 1
0, 4, 53, 38, 1
0, 4, 53, 52, 1
0, 4, 53, 71, 1
0, 4, 53, 323, 1
0, 3, 54, 36, 1
0, 3, 54, 55, 1
0, 3, 54, 72, 1
0, 4, 55, 37, 1
0, 4, 55, 54, 1
0, 4, 55, 64, 1
0, 4, 55, 73, 1
0, 4, 56, 38, 1
0, 4, 56, 57, 1
0, 4, 56, 71, 1
0, 4, 56, 74, 1
0, 4, 57, 39, 1
0, 4, 57, 56, 1
0, 4, 57, 58, 1
0, 4, 57, 75, 1
0, 4, 58, 40, 1
0, 4, 58, 57, 1
0, 4, 58, 59, 1
0, 4, 58, 76, 1
0, 4, 59, 41, 1
0, 4, 59, 58, 1
0, 4, 59, 60, 1
0, 4, 59, 77, 1
0, 4, 60, 42, 1
0, 4, 60, 59, 1
0, 4, 60, 61, 1
0, 4, 60, 78, 1
0, 4, 61, 43, 1
0, 4, 61, 60, 1
0, 4, 61, 62, 1
0, 4, 61, 79, 1
0, 4, 62, 44, 1
0, 4, 62, 61, 1
0, 4, 62, 63, 1
0, 4, 62, 80, 1
0, 3, 63, 45, 1
0, 3, 63, 62, 1
0, 3, 63, 81, 1
0, 4, 64, 46, 1
0, 4, 64, 55, 1
0, 4, 64, 65, 1
0, 4, 64, 82, 1
0, 4, 65, 47, 1
0, 4, 65, 64, 1
0, 4, 65, 66, 1
0, 4, 65, 83, 1
0, 4, 66, 48, 1
0, 4, 66, 65, 1
0, 4, 66, 67, 1
0, 4, 66, 84, 1
0, 4, 67, 49, 1
0, 4, 67, 66, 1
0, 4, 67, 68, 1
0, 4, 67, 85, 1
0, 4, 68, 50, 1
0, 4, 68, 67, 1
0, 4, 68, 69, 1
0, 4, 68, 86, 1
0, 4, 69, 51, 1
0, 4, 69, 68, 1
0, 4, 69, 70, 1
0, 4, 69, 87, 1
0, 4, 70, 52, 1
0, 4, 70, 69, 1
0, 4, 70, 71, 1
0, 4, 70, 88, 1
0, 4, 71, 53, 1
0, 4, 71, 56, 1
0, 4, 71, 70, 1
0, 4, 71, 89, 1
0, 3, 72, 54, 1
0, 3, 72, 73, 1
0, 3, 72, 90, 1
0, 4, 73, 55, 1
0, 4, 73, 72, 1
0, 4, 73, 82, 1
0, 4, 73, 91, 1
0, 4, 74, 56, 1
0, 4, 74, 75, 1
0, 4, 74, 89, 1
0, 4, 74, 92, 1
0, 4, 75, 57, 1
0, 4, 75, 74, 1
0, 4, 75, 76, 1
0, 4, 75, 93, 1
0, 4, 76, 58, 1
0, 4, 76, 75, 1
0, 4, 76, 77, 1
0, 4, 76, 94, 1
0, 4, 77, 59, 1
0, 4, 77, 76, 1
0, 4, 77, 78, 1
0, 4, 77, 95, 1
0, 4, 78, 60, 1
0, 4, 78, 77, 1
0, 4, 78, 79, 1
0, 4, 78, 96, 1
0, 4, 79, 61, 1
0, 4, 79, 78, 1
0, 4, 79, 80, 1
0, 4, 79, 97, 1
0, 4, 80, 62, 1
0, 4, 80, 79, 1
0, 4, 80, 81, 1
0, 4, 80, 98, 1
0, 3, 81, 63, 1
0, 3, 81, 80, 1
0, 3, 81, 99, 1
0, 4, 82, 64, 1
0, 4, 82, 73, 1
0, 4, 82, 83, 1
0, 4, 82, 100, 1
0, 4, 83, 65, 1
0, 4, 83, 82, 1
0, 4, 83, 84, 1
0, 4, 83, 101, 1
0, 4, 84, 66, 1
0, 4, 84, 83, 1
0, 4, 84, 85, 1
0, 4, 84, 102, 1
0, 4, 85, 67, 1
0, 4, 85, 84, 1
0, 4, 85, 86, 1
0, 4, 85, 103, 1
0, 4, 86, 68, 1
0, 4, 86, 85, 1
0, 4, 86, 87, 1
0, 4, 86, 104, 1
0, 4, 87, 69, 1
0, 4, 87, 86, 1
0, 4, 87, 88, 1
0, 4, 87, 105, 1
0, 4, 88, 70, 1
0, 4, 88, 87, 1
0, 4, 88, 89, 1
0, 4, 88, 106, 1
0, 4, 89, 71, 1
0, 4, 89, 74, 1
0, 4, 89, 88, 1
0, 4, 89, 107, 1
0, 3, 90, 72, 1
0, 3, 90, 91, 1
0, 3, 90, 108, 1
0, 4, 91, 73, 1
0, 4, 91, 90, 1
0, 4, 91, 100, 1
0, 4, 91, 109, 1
0, 4, 92, 74, 1
0, 4, 92, 93, 1
0, 4, 92, 107, 1
0, 4, 92, 110, 1
0, 4, 93, 75, 1
0, 4, 93, 92, 1
0, 4, 93, 94, 1
0, 4, 93, 111, 1
0, 4, 94, 76, 1
0, 4, 94, 93, 1
0, 4, 94, 95, 1
0, 4, 94, 112, 1
0, 4, 95, 77, 1
0, 4, 95, 94, 1
0, 4, 95, 96, 1
0, 4, 95, 113, 1
0, 4, 96, 78, 1
0, 4, 96, 95, 1
0, 4, 96, 97, 1
0, 4, 96, 114, 1
0, 4, 97, 79, 1
0, 4, 97, 96, 1
0, 4, 97, 98, 1
0, 4, 97, 115, 1
0, 4, 98, 80, 1
0, 4, 98, 97, 1
0, 4, 98, 99, 1
0, 4, 98, 116, 1
0, 3, 99, 81, 1
0, 3, 99, 98, 1
0, 3, 99, 117, 1
0, 4, 100, 82, 1
0, 4, 100, 91, 1
0, 4, 100, 101, 1
0, 4, 100, 118, 1
0, 4, 101, 83, 1
0, 4, 101, 100, 1
0, 4, 101, 102, 1
0, 4, 101, 119, 1
0, 4, 102, 84, 1
0, 4, 102, 101, 1
0, 4, 102, 103, 1
0, 4, 102, 120, 1
0, 4, 103, 85, 1
0, 4, 103, 102, 1
0, 4, 103, 104, 1
0, 4, 103, 121, 1
0, 4, 104, 86, 1
0, 4, 104, 103, 1
0, 4, 104, 105, 1
0, 4, 104, 122, 1
0, 4, 105, 87, 1
0, 4, 105, 104, 1
0, 4, 105, 106, 1
0, 4, 105, 123, 1
0, 4, 106, 88, 1
0, 4, 106, 105, 1
0, 4, 106, 107, 1
0, 4, 106, 124, 1
0, 4, 107, 89, 1
0, 4, 107, 92, 1
0, 4, 107, 106, 1
0, 4, 107, 125, 1
0, 3, 108, 90, 1
0, 3, 108, 109, 1
0, 3, 108, 126, 1
0, 4, 109, 91, 1
0, 4, 109, 108, 1
0, 4, 109, 118, 1
0, 4, 109, 127, 1
0, 4, 110, 92, 1
0, 4, 110, 111, 1
0, 4, 110, 125, 1
0, 4, 110, 128, 1
0, 4, 111, 93, 1
0, 4, 111, 110, 1
0, 4, 111, 112, 1
0, 4, 111, 129, 1
0, 4, 112, 94, 1
0, 4, 112, 111, 1
0, 4, 112, 113, 1
0, 4, 112, 130, 1
0, 4, 113, 95, 1
0, 4, 113, 112, 1
0, 4, 113, 114, 1
0, 4, 113, 131, 1
0, 4, 114, 96, 1
0, 4, 114, 113, 1
0, 4, 114, 115, 1
0, 4, 114, 132, 1
0, 4, 115, 97, 1
0, 4, 115, 114, 1
0, 4, 115, 116, 1
0, 4, 115, 133, 1
0, 4, 116, 98, 1
0, 4, 116, 115, 1
0, 4, 116, 117, 1
0, 4, 116, 134, 1
0, 3, 117, 99, 1
0, 3, 117, 116, 1
0, 3, 117, 135, 1
0, 4, 118, 100, 1
0, 4, 118, 109, 1
0, 4, 118, 119, 1
0, 4, 118, 136, 1
0, 4, 119, 101, 1
0, 4, 119, 118, 1
0, 4, 119, 120, 1
0, 4, 119, 137, 1
0, 4, 120, 102, 1
0, 4, 120, 119, 1
0, 4, 120, 121, 1
0, 4, 120, 138, 1
0, 4, 121, 103, 1
0, 4, 121, 120, 1
0, 4, 121, 122, 1
0, 4, 121, 139, 1
0, 4, 122, 104, 1
0, 4, 122, 121, 1
0, 4, 122, 123, 1
0, 4, 122, 140, 1
0, 4, 123, 105, 1
0, 4, 123, 122, 1
0, 4, 123, 124, 1
0, 4, 123, 141, 1
0, 4, 124, 106, 1
0, 4, 124, 123, 1
0, 4, 124, 125, 1
0, 4, 124, 142, 1
0, 4, 125, 107, 1
0, 4, 125, 110, 1
0, 4, 125, 124, 1
0, 4, 125, 143, 1
0, 3, 126, 108, 1
0, 3, 126, 127, 1
0, 3, 126, 144, 1
0, 4, 127, 109, 1
0, 4, 127, 126, 1
0, 4, 127, 136, 1
0, 4, 127, 145, 1
0, 4, 128, 110, 1
0, 4, 128, 129, 1
0, 4, 128, 143, 1
0, 4, 128, 146, 1
0, 4, 129, 111, 1
0, 4, 129, 128, 1
0, 4, 129, 130, 1
0, 4, 129, 147, 1
0, 4, 130, 112, 1
0, 4, 130, 129, 1
0, 4, 130, 131, 1
0, 4, 130, 148, 1
0, 4, 131, 113, 1
0, 4, 131, 130, 1
0, 4, 131, 132, 1
0, 4, 131, 149, 1
0, 4, 132, 114, 1
0, 4, 132, 131, 1
0, 4, 132, 133, 1
0, 4, 132, 150, 1
0, 4, 133, 115, 1
0, 4, 133, 132, 1
0, 4, 133, 134, 1
0, 4, 133, 151, 1
0, 4, 134, 116, 1
0, 4, 134, 133, 1
0, 4, 134, 135, 1
0, 4, 134, 152, 1
0, 3, 135, 117, 1
0, 3, 135, 134, 1
0, 3, 135, 153, 1
0, 4, 136, 118, 1
0, 4, 136, 127, 1
0, 4, 136, 137, 1
0, 4, 136, 154, 1
0, 4, 137, 119, 1
0, 4, 137, 136, 1
0, 4, 137, 138, 1
0, 4, 137, 155, 1
0, 4, 138, 120, 1
0, 4, 138, 137, 1
0, 4, 138, 139, 1
0, 4, 138, 156, 1
0, 4, 139, 121, 1
0, 4, 139, 138, 1
0, 4, 139, 140, 1
0, 4, 139, 157, 1
0, 4, 140, 122, 1
0, 4, 140, 139, 1
0, 4, 140, 141, 1
0, 4, 140, 158, 1
0, 4, 141, 123, 1
0, 4, 141, 140, 1
0, 4, 141, 142, 1
0, 4, 141, 159, 1
0, 4, 142, 124, 1
0, 4, 142, 141, 1
0, 4, 142, 143, 1
0, 4, 142, 160, 1
0, 4, 143, 125, 1
0, 4, 143, 128, 1
0, 4, 143, 142, 1
0, 4, 143, 161, 1
0, 3, 144, 126, 1
0, 3, 144, 145, 1
0, 3, 144, 162, 1
0, 4, 145, 127, 1
0, 4, 145, 144, 1
0, 4, 145, 154, 1
0, 4, 145, 163, 1
0, 4, 146, 128, 1
0, 4, 146, 147, 1
0, 4, 146, 161, 1
0, 4, 146, 164, 1
0, 4, 147, 129, 1
0, 4, 147, 146, 1
0, 4, 147, 148, 1
0, 4, 147, 165, 1
0, 4, 148, 130, 1
0, 4, 148, 147, 1
0, 4, 148, 149, 1
0, 4, 148, 166, 1
0, 4, 149, 131, 1
0, 4, 149, 148, 1
0, 4, 149, 150, 1
0, 4, 149, 167, 1
0, 4, 150, 132, 1
0, 4, 150, 149, 1
0, 4, 150, 151, 1
0, 4, 150, 168, 1
0, 4, 151, 133, 1
0, 4, 151, 150, 1
0, 4, 151, 152, 1
0, 4, 151, 169, 1
0, 4, 152, 134, 1
0, 4, 152, 151, 1
0, 4, 152, 153, 1
0, 4, 152, 170, 1
0, 3, 153, 135, 1
0, 3, 153, 152, 1
0, 3, 153, 171, 1
0, 4, 154, 136, 1
0, 4, 154, 145, 1
0, 4, 154, 155, 1
0, 4, 154, 172, 1
0, 4, 155, 137, 1
0, 4, 155, 154, 1
0, 4, 155, 156, 1
0, 4, 155, 173, 1
0, 4, 156, 138, 1
0, 4, 156, 155, 1
0, 4, 156, 157, 1
0, 4, 156, 174, 1
0, 4, 157, 139, 1
0, 4, 157, 156, 1
0, 4, 157, 158, 1
0, 4, 157, 175, 1
0, 4, 158, 140, 1
0, 4, 158, 157, 1
0, 4, 158, 159, 1
0, 4, 158, 176, 1
0, 4, 159, 141, 1
0, 4, 159, 158, 1
0, 4, 159, 160, 1
0, 4, 159, 177, 1
0, 4, 160, 142, 1
0, 4, 160, 159, 1
0, 4, 160, 161, 1
0, 4, 160, 178, 1
0, 4, 161, 143, 1
0, 4, 161, 146, 1
0, 4, 161, 160, 1
0, 4, 161, 179, 1
0, 2, 162, 144, 1
0, 2, 162, 163, 1
0, 3, 163, 145, 1
0, 3, 163, 162, 1
0, 3, 163, 172, 1
0, 3, 164, 146, 1
0, 3, 164, 165, 1
0, 3, 164, 179, 1
0, 3, 165, 147, 1
0, 3, 165, 164, 1
0, 3, 165, 166, 1
0, 3, 166, 148, 1
0, 3, 166, 165, 1
0, 3, 166, 167, 1
0, 3, 167, 149, 1
0, 3, 167, 166, 1
0, 3, 167, 168, 1
0, 3, 168, 150, 1
0, 3, 168, 167, 1
0, 3, 168, 169, 1
0, 3, 169, 151, 1
0, 3, 169, 168, 1
0, 3, 169, 170, 1
0, 3, 170, 152, 1
0, 3, 170, 169, 1
0, 3, 170, 171, 1
0, 2, 171, 153, 1
0, 2, 171, 170, 1
0, 3, 172, 154, 1
0, 3, 172, 163, 1
0, 3, 172, 173, 1
0, 3, 173, 155, 1
0, 3, 173, 172, 1
0, 3, 173, 174, 1
0, 3, 174, 156, 1
0, 3, 174, 173, 1
0, 3, 174, 175, 1
0, 3, 175, 157, 1
0, 3, 175, 174, 1
0, 3, 175, 176, 1
0, 3, 176, 158, 1
0, 3, 176, 175, 1
0, 3, 176, 177, 1
0, 3, 177, 159, 1
0, 3, 177, 176, 1
0, 3, 177, 178, 1
0, 3, 178, 160, 1
0, 3, 178, 177, 1
0, 3, 178, 179, 1
0, 3, 179, 161, 1
0, 3, 179, 164, 1
0, 3, 179, 178, 1
0, 3, 180, 18, 1
0, 3, 180, 181, 1
0, 3, 180, 198, 1
0, 4, 181, 19, 1
0, 4, 181, 180, 1
0, 4, 181, 190, 1
0, 4, 181, 199, 1
0, 4, 182, 20, 1
0, 4, 182, 183, 1
0, 4, 182, 197, 1
0, 4, 182, 200, 1
0, 4, 183, 21, 1
0, 4, 183, 182, 1
0, 4, 183, 184, 1
0, 4, 183, 201, 1
0, 4, 184, 22, 1
0, 4, 184, 183, 1
0, 4, 184, 185, 1
0, 4, 184, 202, 1
0, 4, 185, 23, 1
0, 4, 185, 184, 1
0, 4, 185, 186, 1
0, 4, 185, 203, 1
0, 4, 186, 24, 1
0, 4, 186, 185, 1
0, 4, 186, 187, 1
0, 4, 186, 204, 1
0, 4, 187, 25, 1
0, 4, 187, 186, 1
0, 4, 187, 188, 1
0, 4, 187, 205, 1
0, 4, 188, 26, 1
0, 4, 188, 187, 1
0, 4, 188, 189, 1
0, 4, 188, 206, 1
0, 3, 189, 27, 1
0, 3, 189, 188, 1
0, 3, 189, 207, 1
0, 4, 190, 28, 1
0, 4, 190, 181, 1
0, 4, 190, 191, 1
0, 4, 190, 208, 1
0, 4, 191, 29, 1
0, 4, 191, 190, 1
0, 4, 191, 192, 1
0, 4, 191, 209, 1
0, 4, 192, 30, 1
0, 4, 192, 191, 1
0, 4, 192, 193, 1
0, 4, 192, 210, 1
0, 4, 193, 31, 1
0, 4, 193, 192, 1
0, 4, 193, 194, 1
0, 4, 193, 211, 1
0, 4, 194, 32, 1
0, 4, 194, 193, 1
0, 4, 194, 195, 1
0, 4, 194, 212, 1
0, 4, 195, 33, 1
0, 4, 195, 194, 1
0, 4, 195, 196, 1
0, 4, 195, 213, 1
0, 4, 196, 34, 1
0, 4, 196, 195, 1
0, 4, 196, 197, 1
0, 4, 196, 214, 1
0, 4, 197, 35, 1
0, 4, 197, 182, 1
0, 4, 197, 196, 1
0, 4, 197, 215, 1
0, 3, 198, 180, 1
0, 3, 198, 199, 1
0, 3, 198, 216, 1
0, 4, 199, 181, 1
0, 4, 199, 198, 1
0, 4, 199, 208, 1
0, 4, 199, 217, 1
0, 4, 200, 182, 1
0, 4, 200, 201, 1
0, 4, 200, 215, 1
0, 4, 200, 218, 1
0, 4, 201, 183, 1
0, 4, 201, 200, 1
0, 4, 201, 202, 1
0, 4, 201, 219, 1
0, 4, 202, 184, 1
0, 4, 202, 201, 1
0, 4, 202, 203, 1
0, 4, 202, 220, 1
0, 4, 203, 185, 1
0, 4, 203, 202, 1
0, 4, 203, 204, 1
0, 4, 203, 221, 1
0, 4, 204, 186, 1
0, 4, 204, 203, 1
0, 4, 204, 205, 1
0, 4, 204, 222, 1
0, 4, 205, 187, 1
0, 4, 205, 204, 1
0, 4, 205, 206, 1
0, 4, 205, 223, 1
0, 4, 206, 188, 1
0, 4, 206, 205, 1
0, 4, 206, 207, 1
0, 4, 206, 224, 1
0, 3, 207, 189, 1
0, 3, 207, 206, 1
0, 3, 207, 225, 1
0, 4, 208, 190, 1
0, 4, 208, 199, 1
0, 4, 208, 209, 1
0, 4, 208, 226, 1
0, 4, 209, 191, 1
0, 4, 209, 208, 1
0, 4, 209, 210, 1
0, 4, 209, 227, 1
0, 4, 210, 192, 1
0, 4, 210, 209, 1
0, 4, 210, 211, 1
0, 4, 210, 228, 1
0, 4, 211, 193, 1
0, 4, 211, 210, 1
0, 4, 211, 212, 1
0, 4, 211, 229, 1
0, 4, 212, 194, 1
0, 4, 212, 211, 1
0, 4, 212, 213, 1
0, 4, 212, 230, 1
0, 4, 213, 195, 1
0, 4, 213, 212, 1
0, 4, 213, 214, 1
0, 4, 213, 231, 1
0, 4, 214, 196, 1
0, 4, 214, 213, 1
0, 4, 214, 215, 1
0, 4, 214, 232, 1
0, 4, 215, 197, 1
0, 4, 215, 200, 1
0, 4, 215, 214, 1
0, 4, 215, 233, 1
0, 3, 216, 198, 1
0, 3, 216, 217, 1
0, 3, 216, 234, 1
0, 4, 217, 199, 1
0, 4, 217, 216, 1
0, 4, 217, 226, 1
0, 4, 217, 235, 1
0, 4, 218, 200, 1
0, 4, 218, 219, 1
0, 4, 218, 233, 1
0, 4, 218, 236, 1
0, 4, 219, 201, 1
0, 4, 219, 218, 1
0, 4, 219, 220, 1
0, 4, 219, 237, 1
0, 4, 220, 202, 1
0, 4, 220, 219, 1
0, 4, 220, 221, 1
0, 4, 220, 238, 1
0, 4, 221, 203, 1
0, 4, 221, 220, 1
0, 4, 221, 222, 1
0, 4, 221, 239, 1
0, 4, 222, 204, 1
0, 4, 222, 221, 1
0, 4, 222, 223, 1
0, 4, 222, 240, 1
0, 4, 223, 205, 1
0, 4, 223, 222, 1
0, 4, 223, 224, 1
0, 4, 223, 241, 1
0, 4, 224, 206, 1
0, 4, 224, 223, 1
0, 4, 224, 225, 1
0, 4, 224, 242, 1
0, 3, 225, 207, 1
0, 3, 225, 224, 1
0, 3, 225, 243, 1
0, 4, 226, 208, 1
0, 4, 226, 217, 1
0, 4, 226, 227, 1
0, 4, 226, 244, 1
0, 4, 227, 209, 1
0, 4, 227, 226, 1
0, 4, 227, 228, 1
0, 4, 227, 245, 1
0, 4, 228, 210, 1
0, 4, 228, 227, 1
0, 4, 228, 229, 1
0, 4, 228, 246, 1
0, 4, 229, 211, 1
0, 4, 229, 228, 1
0, 4, 229, 230, 1
0, 4, 229, 247, 1
0, 4, 230, 212, 1
0, 4, 230, 229, 1
0, 4, 230, 231, 1
0, 4, 230, 248, 1
0, 4, 231, 213, 1
0, 4, 231, 230, 1
0, 4, 231, 232, 1
0, 4, 231, 249, 1
0, 4, 232, 214, 1
0, 4, 232, 231, 1
0, 4, 232, 233, 1
0, 4, 232, 250, 1
0, 4, 233, 215, 1
0, 4, 233, 218, 1
0, 4, 233, 232, 1
0, 4, 233, 251, 1
0, 3, 234, 216, 1
0, 3, 234, 235, 1
0, 3, 234, 252, 1
0, 4, 235, 217, 1
0, 4, 235, 234, 1
0, 4, 235, 244, 1
0, 4, 235, 253, 1
0, 4, 236, 218, 1
0, 4, 236, 237, 1
0, 4, 236, 251, 1
0, 4, 236, 254, 1
0, 4, 237, 219, 1
0, 4, 237, 236, 1
0, 4, 237, 238, 1
0, 4, 237, 255, 1
0, 4, 238, 220, 1
0, 4, 238, 237, 1
0, 4, 238, 239, 1
0, 4, 238, 256, 1
0, 4, 239, 221, 1
0, 4, 239, 238, 1
0, 4, 239, 240, 1
0, 4, 239, 257, 1
0, 4, 240, 222, 1
0, 4, 240, 239, 1
0, 4, 240, 241, 1
0, 4, 240, 258, 1
0, 4, 241, 223, 1
0, 4, 241, 240, 1
0, 4, 241, 242, 1
0, 4, 241, 259, 1
0, 4, 242, 224, 1
0, 4, 242, 241, 1
0, 4, 242, 243, 1
0, 4, 242, 260, 1
0, 3, 243, 225, 1
0, 3, 243, 242, 1
0, 3, 243, 261, 1
0, 4, 244, 226, 1
0, 4, 244, 235, 1
0, 4, 244, 245, 1
0, 4, 244, 262, 1
0, 4, 245, 227, 1
0, 4, 245, 244, 1
0, 4, 245, 246, 1
0, 4, 245, 263, 1
0, 4, 246, 228, 1
0, 4, 246, 245, 1
0, 4, 246, 247, 1
0, 4, 246, 264, 1
0, 4, 247, 229, 1
0, 4, 247, 246, 1
0, 4, 247, 248, 1
0, 4, 247, 265, 1
0, 4, 248, 230, 1
0, 4, 248, 247, 1
0, 4, 248, 249, 1
0, 4, 248, 266, 1
0, 4, 249, 231, 1
0, 4, 249, 248, 1
0, 4, 249, 250, 1
0, 4, 249, 267, 1
0, 4, 250, 232, 1
0, 4, 250, 249, 1
0, 4, 250, 251, 1
0, 4, 250, 268, 1
0, 4, 251, 233, 1
0, 4, 251, 236, 1
0, 4, 251, 250, 1
0, 4, 251, 269, 1
0, 3, 252, 234, 1
0, 3, 252, 253, 1
0, 3, 252, 270, 1
0, 4, 253, 235, 1
0, 4, 253, 252, 1
0, 4, 253, 262, 1
0, 4, 253, 271, 1
0, 4, 254, 236, 1
0, 4, 254, 255, 1
0, 4, 254, 269, 1
0, 4, 254, 272, 1
0, 4, 255, 237, 1
0, 4, 255, 254, 1
0, 4, 255, 256, 1
0, 4, 255, 273, 1
0, 4, 256, 238, 1
0, 4, 256, 255, 1
0, 4, 256, 257, 1
0, 4, 256, 274, 1
0, 4, 257, 239, 1
0, 4, 257, 256, 1
0, 4, 257, 258, 1
0, 4, 257, 275, 1
0, 4, 258, 240, 1
0, 4, 258, 257, 1
0, 4, 258, 259, 1
0, 4, 258, 276, 1
0, 4, 259, 241, 1
0, 4, 259, 258, 1
0, 4, 259, 260, 1
0, 4, 259, 277, 1
0, 4, 260, 242, 1
0, 4, 260, 259, 1
0, 4, 260, 261, 1
0, 4, 260, 278, 1
0, 3, 261, 243, 1
0, 3, 261, 260, 1
0, 3, 261, 279, 1
0, 4, 262, 244, 1
0, 4, 262, 253, 1
0, 4, 262, 263, 1
0, 4, 262, 280, 1
0, 4, 263, 245, 1
0, 4, 263, 262, 1
0, 4, 263, 264, 1
0, 4, 263, 281, 1
0, 4, 264, 246, 1
0, 4, 264, 263, 1
0, 4, 264, 265, 1
0, 4, 264, 282, 1
0, 4, 265, 247, 1
0, 4, 265, 264, 1
0, 4, 265, 266, 1
0, 4, 265, 283, 1
0, 4, 266, 248, 1
0, 4, 266, 265, 1
0, 4, 266, 267, 1
0, 4, 266, 284, 1
0, 4, 267, 249, 1
0, 4, 267, 266, 1
0, 4, 267, 268, 1
0, 4, 267, 285, 1
0, 4, 268, 250, 1
0, 4, 268, 267, 1
0, 4, 268, 269, 1
0, 4, 268, 286, 1
0, 4, 269, 251, 1
0, 4, 269, 254, 1
0, 4, 269, 268, 1
0, 4, 269, 287, 1
0, 3, 270, 252, 1
0, 3, 270, 271, 1
0, 3, 270, 288, 1
0, 4, 271, 253, 1
0, 4, 271, 270, 1
0, 4, 271, 280, 1
0, 4, 271, 289, 1
0, 4, 272, 254, 1
0, 4, 272, 273, 1
0, 4, 272, 287, 1
0, 4, 272, 290, 1
0, 4, 273, 255, 1
0, 4, 273, 272, 1
0, 4, 273, 274, 1
0, 4, 273, 291, 1
0, 4, 274, 256, 1
0, 4, 274, 273, 1
0, 4, 274, 275, 1
0, 4, 274, 292, 1
0, 4, 275, 257, 1
0, 4, 275, 274, 1
0, 4, 275, 276, 1
0, 4, 275, 293, 1
0, 4, 276, 258, 1
0, 4, 276, 275, 1
0, 4, 276, 277, 1
0, 4, 276, 294, 1
0, 4, 277, 259, 1
0, 4, 277, 276, 1
0, 4, 277, 278, 1
0, 4, 277, 295, 1
0, 4, 278, 260, 1
0, 4, 278, 277, 1
0, 4, 278, 279, 1
0, 4, 278, 296, 1
0, 3, 279, 261, 1
0, 3, 279, 278, 1
0, 3, 279, 297, 1
0, 4, 280, 262, 1
0, 4, 280, 271, 1
0, 4, 280, 281, 1
0, 4, 280, 298, 1
0, 4, 281, 263, 1
0, 4, 281, 280, 1
0, 4, 281, 282, 1
0, 4, 281, 299, 1
0, 4, 282, 264, 1
0, 4, 282, 281, 1
0, 4, 282, 283, 1
0, 4, 282, 300, 1
0, 4, 283, 265, 1
0, 4, 283, 282, 1
0, 4, 283, 284, 1
0, 4, 283, 301, 1
0, 4, 284, 266, 1
0, 4, 284, 283, 1
0, 4, 284, 285, 1
0, 4, 284, 302, 1
0, 4, 285, 267, 1
0, 4, 285, 284, 1
0, 4, 285, 286, 1
0, 4, 285, 303, 1
0, 4, 286, 268, 1
0, 4, 286, 285, 1
0, 4, 286, 287, 1
0, 4, 286, 304, 1
0, 4, 287, 269, 1
0, 4, 287, 272, 1
0, 4, 287, 286, 1
0, 4, 287, 305, 1
0, 3, 288, 270, 1
0, 3, 288, 289, 1
0, 3, 288, 306, 1
0, 4, 289, 271, 1
0, 4, 289, 288, 1
0, 4, 289, 298, 1
0, 4, 289, 307, 1
0, 4, 290, 272, 1
0, 4, 290, 291, 1
0, 4, 290, 305, 1
0, 4, 290, 308, 1
0, 4, 291, 273, 1
0, 4, 291, 290, 1
0, 4, 291, 292, 1
0, 4, 291, 309, 1
0, 4, 292, 274, 1
0, 4, 292, 291, 1
0, 4, 292, 293, 1
0, 4, 292, 310, 1
0, 4, 293, 275, 1
0, 4, 293, 292, 1
0, 4, 293, 294, 1
0, 4, 293, 311, 1
0, 4, 294, 276, 1
0, 4, 294, 293, 1
0, 4, 294, 295, 1
0, 4, 294, 312, 1
0, 4, 295, 277, 1
0, 4, 295, 294, 1
0, 4, 295, 296, 1
0, 4, 295, 313, 1
0, 4, 296, 278, 1
0, 4, 296, 295, 1
0, 4, 296, 297, 1
0, 4, 296, 314, 1
0, 3, 297, 279, 1
0, 3, 297, 296, 1
0, 3, 297, 315, 1
0, 4, 298, 280, 1
0, 4, 298, 289, 1
0, 4, 298, 299, 1
0, 4, 298, 316, 1
0, 4, 299, 281, 1
0, 4, 299, 298, 1
0, 4, 299, 300, 1
0, 4, 299, 317, 1
0, 4, 300, 282, 1
0, 4, 300, 299, 1
0, 4, 300, 301, 1
0, 4, 300, 318, 1
0, 4, 301, 283, 1
0, 4, 301, 300, 1
0, 4, 301, 302, 1
0, 4, 301, 319, 1
0, 4, 302, 284, 1
0, 4, 302, 301, 1
0, 4, 302, 303, 1
0, 4, 302, 320, 1
0, 4, 303, 285, 1
0, 4, 303, 302, 1
0, 4, 303, 304, 1
0, 4, 303, 321, 1
0, 4, 304, 286, 1
0, 4, 304, 303, 1
0, 4, 304, 305, 1
0, 4, 304, 322, 1
0, 4, 305, 287, 1
0, 4, 305, 290, 1
0, 4, 305, 304, 1
0, 4, 305, 323, 1
0, 3, 306, 36, 1
0, 3, 306, 288, 1
0, 3, 306, 307, 1
0, 4, 307, 37, 1
0, 4, 307, 289, 1
0, 4, 307, 306, 1
0, 4, 307, 316, 1
0, 4, 308, 38, 1
0, 4, 308, 290, 1
0, 4, 308, 309, 1
0, 4, 308, 323, 1
0, 4, 309, 39, 1
0, 4, 309, 291, 1
0, 4, 309, 308, 1
0, 4, 309, 310, 1
0, 4, 310, 40, 1
0, 4, 310, 292, 1
0, 4, 310, 309, 1
0, 4, 310, 311, 1
0, 4, 311, 41, 1
0, 4, 311, 293, 1
0, 4, 311, 310, 1
0, 4, 311, 312, 1
0, 4, 312, 42, 1
0, 4, 312, 294, 1
0, 4, 312, 311, 1
0, 4, 312, 313, 1
0, 4, 313, 43, 1
0, 4, 313, 295, 1
0, 4, 313, 312, 1
0, 4, 313, 314, 1
0, 4, 314, 44, 1
0, 4, 314, 296, 1
0, 4, 314, 313, 1
0, 4, 314, 315, 1
0, 3, 315, 45, 1
0, 3, 315, 297, 1
0, 3, 315, 314, 1
0, 4, 316, 46, 1
0, 4, 316, 298, 1
0, 4, 316, 307, 1
0, 4, 316, 317, 1
0, 4, 317, 47, 1
0, 4, 317, 299, 1
0, 4, 317, 316, 1
0, 4, 317, 318, 1
0, 4, 318, 48, 1
0, 4, 318, 300, 1
0, 4, 318, 317, 1
0, 4, 318, 319, 1
0, 4, 319, 49, 1
0, 4, 319, 301, 1
0, 4, 319, 318, 1
0, 4, 319, 320, 1
0, 4, 320, 50, 1
0, 4, 320, 302, 1
0, 4, 320, 319, 1
0, 4, 320, 321, 1
0, 4, 321, 51, 1
0, 4, 321, 303, 1
0, 4, 321, 320, 1
0, 4, 321, 322, 1
0, 4, 322, 52, 1
0, 4, 322, 304, 1
0, 4, 322, 321, 1
0, 4, 322, 323, 1
0, 4, 323, 53, 1
0, 4, 323, 305, 1
0, 4, 323, 308, 1
0, 4, 323, 322, 1
1, 4, 1, 0, 2
1, 4, 1, 0, 2
1, 4, 1, 0, 2
1, 4, 1, 0, 2
2, 4, 1, 0, 2
2, 4, 1, 0, 2
2, 4, 1, 0, 2
2, 4, 1, 0, 2
3, 4, 1, 0, 2
3, 4, 1, 0, 2
3, 4, 1, 0, 2
3, 4, 1, 0, 2
4, 4, 1, 0, 2
4, 4, 1, 0, 2
4, 4, 1, 0, 2
4, 4, 1, 0, 2
5, 4, 1, 0, 2
5, 4, 1, 0, 2
5, 4, 1, 0, 2
5, 4, 1, 0, 2
6, 4, 1, 0, 2
6, 4, 1, 0, 2
6, 4, 1, 0, 2
6, 4, 1, 0, 2
7, 4, 1, 0, 2
7, 4, 1, 0, 2
7, 4, 1, 0, 2
7, 4, 1, 0, 2
8, 3, 1, 0, 2
8, 3, 1, 0, 2
8, 3, 1, 0, 2
9, 4, 1, 0, 2
9, 4, 1, 0, 2
9, 4, 1, 0, 2
9, 4, 1, 0, 2
10, 4, 1, 0, 2
10, 4, 1, 0, 2
10, 4, 1, 0, 2
10, 4, 1, 0, 2
11, 4, 1, 0, 2
11, 4, 1, 0, 2
11, 4, 1, 0, 2
11, 4, 1, 0, 2
12, 4, 1, 0, 2
12, 4, 1, 0, 2
12, 4, 1, 0, 2
12, 4, 1, 0, 2
13, 4, 1, 0, 2
13, 4, 1, 0, 2
13, 4, 1, 0, 2
13, 4, 1, 0, 2
14, 4, 1, 0, 2
14, 4, 1, 0, 2
14, 4, 1, 0, 2
14, 4, 1, 0, 2
15, 4, 1, 0, 2
15, 4, 1, 0, 2
15, 4, 1, 0, 2
15, 4, 1, 0, 2
16, 4, 1, 0, 2
16, 4, 1, 0, 2
16, 4, 1, 0, 2
16, 4, 1, 0, 2
17, 3, 1, 0, 2
17, 3, 1, 0, 2
17, 3, 1, 0, 2
18, 4, 1, 0, 2
18, 4, 1, 0, 2
18, 4, 1, 0, 2
18, 4, 1, 0, 2
19, 4, 1, 0, 2
19, 4, 1, 0, 2
19, 4, 1, 0, 2
19, 4, 1, 0, 2
20, 4, 1, 0, 2
20, 4, 1, 0, 2
20, 4, 1, 0, 2
20, 4, 1, 0, 2
21, 4, 1, 0, 2
21, 4, 1, 0, 2
21, 4, 1, 0, 2
21, 4, 1, 0, 2
22, 4, 1, 0, 2
22, 4, 1, 0, 2
22, 4, 1, 0, 2
22, 4, 1, 0, 2
23, 4, 1, 0, 2
23, 4, 1, 0, 2
23, 4, 1, 0, 2
23, 4, 1, 0, 2
24, 4, 1, 0, 2
24, 4, 1, 0, 2
24, 4, 1, 0, 2
24, 4, 1, 0, 2
25, 4, 1, 0, 2
25, 4, 1, 0, 2
25, 4, 1, 0, 2
25, 4, 1, 0, 2
26, 3, 1, 0, 2
26, 3, 1, 0, 2
26, 3, 1, 0, 2
27, 4, 1, 0, 2
27, 4, 1, 0, 2
27, 4, 1, 0, 2
27, 4, 1, 0, 2
28, 4, 1, 0, 2
28, 4, 1, 0, 2
28, 4, 1, 0, 2
28, 4, 1, 0, 2
29, 4, 1, 0, 2
29, 4, 1, 0, 2
29, 4, 1, 0, 2
29, 4, 1, 0, 2
30, 4, 1, 0, 2
30, 4, 1, 0, 2
30, 4, 1, 0, 2
30, 4, 1, 0, 2
31, 4, 1, 0, 2
31, 4, 1, 0, 2
31, 4, 1, 0, 2
31, 4, 1, 0, 2
32, 4, 1, 0, 2
32, 4, 1, 0, 2
32, 4, 1, 0, 2
32, 4, 1, 0, 2
33, 4, 1, 0, 2
33, 4, 1, 0, 2
33, 4, 1, 0, 2
33, 4, 1, 0, 2
34, 4, 1, 0, 2
34, 4, 1, 0, 2
34, 4, 1, 0, 2
34, 4, 1, 0, 2
35, 3, 1, 0, 2
35, 3, 1, 0, 2
35, 3, 1, 0, 2
36, 4, 1, 0, 2
36, 4, 1, 0, 2
36, 4, 1, 0, 2
36, 4, 1, 0, 2
37, 4, 1, 0, 2
37, 4, 1, 0, 2
37, 4, 1, 0, 2
37, 4, 1, 0, 2
38, 4, 1, 0, 2
38, 4, 1, 0, 2
38, 4, 1, 0, 2
38, 4, 1, 0, 2
39, 4, 1, 0, 2
39, 4, 1, 0, 2
39, 4, 1, 0, 2
39, 4, 1, 0, 2
40, 4, 1, 0, 2
40, 4, 1, 0, 2
40, 4, 1, 0, 2
40, 4, 1, 0, 2
41, 4, 1, 0, 2
41, 4, 1, 0, 2
41, 4, 1, 0, 2
41, 4, 1, 0, 2
42, 4, 1, 0, 2
42, 4, 1, 0, 2
42, 4, 1, 0, 2
42, 4, 1, 0, 2
43, 4, 1, 0, 2
43, 4, 1, 0, 2
43, 4, 1, 0, 2
43, 4, 1, 0, 2
44, 3, 1, 0, 2
44, 3, 1, 0, 2
44, 3, 1, 0, 2
45, 4, 1, 0, 2
45, 4, 1, 0, 2
45, 4, 1, 0, 2
45, 4, 1, 0, 2
46, 4, 1, 0, 2
46, 4, 1, 0, 2
46, 4, 1, 0, 2
46, 4, 1, 0, 2
47, 4, 1, 0, 2
47, 4, 1, 0, 2
47, 4, 1, 0, 2
47, 4, 1, 0, 2
48, 4, 1, 0, 2
48, 4, 1, 0, 2
48, 4, 1, 0, 2
48, 4, 1, 0, 2
49, 4, 1, 0, 2
49, 4, 1, 0, 2
49, 4, 1, 0, 2
49, 4, 1, 0, 2
50, 4, 1, 0, 2
50, 4, 1, 0, 2
50, 4, 1, 0, 2
50, 4, 1, 0, 2
51, 4, 1, 0, 2
51, 4, 1, 0, 2
51, 4, 1, 0, 2
51, 4, 1, 0, 2
52, 4, 1, 0, 2
52, 4, 1, 0, 2
52, 4, 1, 0, 2
52, 4, 1, 0, 2
53, 3, 1, 0, 2
53, 3, 1, 0, 2
53, 3, 1, 0, 2
54, 4, 1, 0, 2
54, 4, 1, 0, 2
54, 4, 1, 0, 2
54, 4, 1, 0, 2
55, 4, 1, 0, 2
55, 4, 1, 0, 2
55, 4, 1, 0, 2
55, 4, 1, 0, 2
56, 4, 1, 0, 2
56, 4, 1, 0, 2
56, 4, 1, 0, 2
56, 4, 1, 0, 2
57, 4, 1, 0, 2
57, 4, 1, 0, 2
57, 4, 1, 0, 2
57, 4, 1, 0, 2
58, 4, 1, 0, 2
58, 4, 1, 0, 2
58, 4, 1, 0, 2
58, 4, 1, 0, 2
59, 4, 1, 0, 2
59, 4, 1, 0, 2
59, 4, 1, 0, 2
59, 4, 1, 0, 2
60, 4, 1, 0, 2
60, 4, 1, 0, 2
60, 4, 1, 0, 2
60, 4, 1, 0, 2
61, 4, 1, 0, 2
61, 4, 1, 0, 2
61, 4, 1, 0, 2
61, 4, 1, 0, 2
62, 3, 1, 0, 2
62, 3, 1, 0, 2
62, 3, 1, 0, 2
63, 4, 1, 0, 2
63, 4, 1, 0, 2
63, 4, 1, 0, 2
63, 4, 1, 0, 2
64, 4, 1, 0, 2
64, 4, 1, 0, 2
64, 4, 1, 0, 2
64, 4, 1, 0, 2
65, 4, 1, 0, 2
65, 4, 1, 0, 2
65, 4, 1, 0, 2
65, 4, 1, 0, 2
66, 4, 1, 0, 2
66, 4, 1, 0, 2
66, 4, 1, 0, 2
66, 4, 1, 0, 2
67, 4, 1, 0, 2
67, 4, 1, 0, 2
67, 4, 1, 0, 2
67, 4, 1, 0, 2
68, 4, 1, 0, 2
68, 4, 1, 0, 2
68, 4, 1, 0, 2
68, 4, 1, 0, 2
69, 4, 1, 0, 2
69, 4, 1, 0, 2
69, 4, 1, 0, 2
69, 4, 1, 0, 2
70, 4, 1, 0, 2
70, 4, 1, 0, 2
70, 4, 1, 0, 2
70, 4, 1, 0, 2
71, 3, 1, 0, 2
71, 3, 1, 0, 2
71, 3, 1, 0, 2
72, 4, 1, 0, 2
72, 4, 1, 0, 2
72, 4, 1, 0, 2
72, 4, 1, 0, 2
73, 4, 1, 0, 2
73, 4, 1, 0, 2
73, 4, 1, 0, 2
73, 4, 1, 0, 2
74, 4, 1, 0, 2
74, 4, 1, 0, 2
74, 4, 1, 0, 2
74, 4, 1, 0, 2
75, 4, 1, 0, 2
75, 4, 1, 0, 2
75, 4, 1, 0, 2
75, 4, 1, 0, 2
76, 4, 1, 0, 2
76, 4, 1, 0, 2
76, 4, 1, 0, 2
76, 4, 1, 0, 2
77, 4, 1, 0, 2
77, 4, 1, 0, 2
77, 4, 1, 0, 2
77, 4, 1, 0, 2
78, 4, 1, 0, 2
78, 4, 1, 0, 2
78, 4, 1, 0, 2
78, 4, 1, 0, 2
79, 4, 1, 0, 2
79, 4, 1, 0, 2
79, 4, 1, 0, 2
79, 4, 1, 0, 2
80, 3, 1, 0, 2
80, 3, 1, 0, 2
80, 3, 1, 0, 2
81, 4, 1, 0, 2
81, 4, 1, 0, 2
81, 4, 1, 0, 2
81, 4, 1, 0, 2
82, 4, 1, 0, 2
82, 4, 1, 0, 2
82, 4, 1, 0, 2
82, 4, 1, 0, 2
83, 4, 1, 0, 2
83, 4, 1, 0, 2
83, 4, 1, 0, 2
83, 4, 1, 0, 2
84, 4, 1, 0, 2
84, 4, 1, 0, 2
84, 4, 1, 0, 2
84, 4, 1, 0, 2
85, 4, 1, 0, 2
85, 4, 1, 0, 2
85, 4, 1, 0, 2
85, 4, 1, 0, 2
86, 4, 1, 0, 2
86, 4, 1, 0, 2
86, 4, 1, 0, 2
86, 4, 1, 0, 2
87, 4, 1, 0, 2
87, 4, 1, 0, 2
87, 4, 1, 0, 2
87, 4, 1, 0, 2
88, 4, 1, 0, 2
88, 4, 1, 0, 2
88, 4, 1, 0, 2
88, 4, 1, 0, 2
89, 3, 1, 0, 2
89, 3, 1, 0, 2
89, 3, 1, 0, 2
90, 4, 1, 0, 2
90, 4, 1, 0, 2
90, 4, 1, 0, 2
90, 4, 1, 0, 2
91, 4, 1, 0, 2
91, 4, 1, 0, 2
91, 4, 1, 0, 2
91, 4, 1, 0, 2
92, 4, 1, 0, 2
92, 4, 1, 0, 2
92, 4, 1, 0, 2
92, 4, 1, 0, 2
93, 4, 1, 0, 2
93, 4, 1, 0, 2
93, 4, 1, 0, 2
93, 4, 1, 0, 2
94, 4, 1, 0, 2
94, 4, 1, 0, 2
94, 4, 1, 0, 2
94, 4, 1, 0, 2
95, 4, 1, 0, 2
95, 4, 1, 0, 2
95, 4, 1, 0, 2
95, 4, 1, 0, 2
96, 4, 1, 0, 2
96, 4, 1, 0, 2
96, 4, 1, 0, 2
96, 4, 1, 0, 2
97, 4, 1, 0, 2
97, 4, 1, 0, 2
97, 4, 1, 0, 2
97, 4, 1, 0, 2
98, 3, 1, 0, 2
98, 3, 1, 0, 2
98, 3, 1, 0, 2
99, 4, 1, 0, 2
99, 4, 1, 0, 2
99, 4, 1, 0, 2
99, 4, 1, 0, 2
100, 4, 1, 0, 2
100, 4, 1, 0, 2
100, 4, 1, 0, 2
100, 4, 1, 0, 2
101, 4, 1, 0, 2
101, 4, 1, 0, 2
101, 4, 1, 0, 2
101, 4, 1, 0, 2
102, 4, 1, 0, 2
102, 4, 1, 0, 2
102, 4, 1, 0, 2
102, 4, 1, 0, 2
103, 4, 1, 0, 2
103, 4, 1, 0, 2
103, 4, 1, 0, 2
103, 4, 1, 0, 2
104, 4, 1, 0, 2
104, 4, 1, 0, 2
104, 4, 1, 0, 2
104, 4, 1, 0, 2
105, 4, 1, 0, 2
105, 4, 1, 0, 2
105, 4, 1, 0, 2
105, 4, 1, 0, 2
106, 4, 1, 0, 2
106, 4, 1, 0, 2
106, 4, 1, 0, 2
106, 4, 1, 0, 2
107, 3, 1, 0, 2
107, 3, 1, 0, 2
107, 3, 1, 0, 2
108, 4, 1, 0, 2
108, 4, 1, 0, 2
108, 4, 1, 0, 2
108, 4, 1, 0, 2
109, 4, 1, 0, 2
109, 4, 1, 0, 2
109, 4, 1, 0, 2
109, 4, 1, 0, 2
110, 4, 1, 0, 2
110, 4, 1, 0, 2
110, 4, 1, 0, 2
110, 4, 1, 0, 2
111, 4, 1, 0, 2
111, 4, 1, 0, 2
111, 4, 1, 0, 2
111, 4, 1, 0, 2
112, 4, 1, 0, 2
112, 4, 1, 0, 2
112, 4, 1, 0, 2
112, 4, 1, 0, 2
113, 4, 1, 0, 2
113, 4, 1, 0, 2
113, 4, 1, 0, 2
113, 4, 1, 0, 2
114, 4, 1, 0, 2
114, 4, 1, 0, 2
114, 4, 1, 0, 2
114, 4, 1, 0, 2
115, 4, 1, 0, 2
115, 4, 1, 0, 2
115, 4, 1, 0, 2
115, 4, 1, 0, 2
116, 3, 1, 0, 2
116, 3, 1, 0, 2
116, 3, 1, 0, 2
117, 4, 1, 0, 2
117, 4, 1, 0, 2
117, 4, 1, 0, 2
117, 4, 1, 0, 2
118, 4, 1, 0, 2
118, 4, 1, 0, 2
118, 4, 1, 0, 2
118, 4, 1, 0, 2
119, 4, 1, 0, 2
119, 4, 1, 0, 2
119, 4, 1, 0, 2
119, 4, 1, 0, 2
120, 4, 1, 0, 2
120, 4, 1, 0, 2
120, 4, 1, 0, 2
120, 4, 1, 0, 2
121, 4, 1, 0, 2
121, 4, 1, 0, 2
121, 4, 1, 0, 2
121, 4, 1, 0, 2
122, 4, 1, 0, 2
122, 4, 1, 0, 2
122, 4, 1, 0, 2
122, 4, 1, 0, 2
123, 4, 1, 0, 2
123, 4, 1, 0, 2
123, 4, 1, 0, 2
123, 4, 1, 0, 2
124, 4, 1, 0, 2
124, 4, 1, 0, 2
124, 4, 1, 0, 2
124, 4, 1, 0, 2
125, 3, 1, 0, 2
125, 3, 1, 0, 2
125, 3, 1, 0, 2
126, 4, 1, 0, 2
126, 4, 1, 0, 2
126, 4, 1, 0, 2
126, 4, 1, 0, 2
127, 4, 1, 0, 2
127, 4, 1, 0, 2
127, 4, 1, 0, 2
127, 4, 1, 0, 2
128, 4, 1, 0, 2
128, 4, 1, 0, 2
128, 4, 1, 0, 2
128, 4, 1, 0, 2
129, 4, 1, 0, 2
129, 4, 1, 0, 2
129, 4, 1, 0, 2
129, 4, 1, 0, 2
130, 4, 1, 0, 2
130, 4, 1, 0, 2
130, 4, 1, 0, 2
130, 4, 1, 0, 2
131, 4, 1, 0, 2
131, 4, 1, 0, 2
131, 4, 1, 0, 2
131, 4, 1, 0, 2
132, 4, 1, 0, 2
132, 4, 1, 0, 2
132, 4, 1, 0, 2
132, 4, 1, 0, 2
133, 4, 1, 0, 2
133, 4, 1, 0, 2
133, 4, 1, 0, 2
133, 4, 1, 0, 2
134, 3, 1, 0, 2
134, 3, 1, 0, 2
134, 3, 1, 0, 2
135, 4, 1, 0, 2
135, 4, 1, 0, 2
135, 4, 1, 0, 2
135, 4, 1, 0, 2
136, 4, 1, 0, 2
136, 4, 1, 0, 2
136, 4, 1, 0, 2
136, 4, 1, 0, 2
137, 4, 1, 0, 2
137, 4, 1, 0, 2
137, 4, 1, 0, 2
137, 4, 1, 0, 2
138, 4, 1, 0, 2
138, 4, 1, 0, 2
138, 4, 1, 0, 2
138, 4, 1, 0, 2
139, 4, 1, 0, 2
139, 4, 1, 0, 2
139, 4, 1, 0, 2
139, 4, 1, 0, 2
140, 4, 1, 0, 2
140, 4, 1, 0, 2
140, 4, 1, 0, 2
140, 4, 1, 0, 2
141, 4, 1, 0, 2
141, 4, 1, 0, 2
141, 4, 1, 0, 2
141, 4, 1, 0, 2
142, 4, 1, 0, 2
142, 4, 1, 0, 2
142, 4, 1, 0, 2
142, 4, 1, 0, 2
143, 3, 1, 0, 2
143, 3, 1, 0, 2
143, 3, 1, 0, 2
144, 3, 1, 0, 2
144, 3, 1, 0, 2
144, 3, 1, 0, 2
145, 3, 1, 0, 2
145, 3, 1, 0, 2
145, 3, 1, 0, 2
146, 3, 1, 0, 2
146, 3, 1, 0, 2
146, 3, 1, 0, 2
147, 3, 1, 0, 2
147, 3, 1, 0, 2
147, 3, 1, 0, 2
148, 3, 1, 0, 2
148, 3, 1, 0, 2
148, 3, 1, 0, 2
149, 3, 1, 0, 2
149, 3, 1, 0, 2
149, 3, 1, 0, 2
150, 3, 1, 0, 2
150, 3, 1, 0, 2
150, 3, 1, 0, 2
151, 3, 1, 0, 2
151, 3, 1, 0, 2
151, 3, 1, 0, 2
152, 2, 1, 0, 2
152, 2, 1, 0, 2
153, 3, 1, 0, 2
153, 3, 1, 0, 2
153, 3, 1, 0, 2
154, 3, 1, 0, 2
154, 3, 1, 0, 2
154, 3, 1, 0, 2
155, 3, 1, 0, 2
155, 3, 1, 0, 2
155, 3, 1, 0, 2
156, 3, 1, 0, 2
156, 3, 1, 0, 2
156, 3, 1, 0, 2
157, 3, 1, 0, 2
157, 3, 1, 0, 2
157, 3, 1, 0, 2
158, 3, 1, 0, 2
158, 3, 1, 0, 2
158, 3, 1, 0, 2
159, 3, 1, 0, 2
159, 3, 1, 0, 2
159, 3, 1, 0, 2
160, 3, 1, 0, 2
160, 3, 1, 0, 2
160, 3, 1, 0, 2
161, 2, 1, 0, 2
161, 2, 1, 0, 2
162, 4, 1, 0, 2
162, 4, 1, 0, 2
162, 4, 1, 0, 2
162, 4, 1, 0, 2
163, 4, 1, 0, 2
163, 4, 1, 0, 2
163, 4, 1, 0, 2
163, 4, 1, 0, 2
164, 4, 1, 0, 2
164, 4, 1, 0, 2
164, 4, 1, 0, 2
164, 4, 1, 0, 2
165, 4, 1, 0, 2
165, 4, 1, 0, 2
165, 4, 1, 0, 2
165, 4, 1, 0, 2
166, 4, 1, 0, 2
166, 4, 1, 0, 2
166, 4, 1, 0, 2
166, 4, 1, 0, 2
167, 4, 1, 0, 2
167, 4, 1, 0, 2
167, 4, 1, 0, 2
167, 4, 1, 0, 2
168, 4, 1, 0, 2
168, 4, 1, 0, 2
168, 4, 1, 0, 2
168, 4, 1, 0, 2
169, 4, 1, 0, 2
169, 4, 1, 0, 2
169, 4, 1, 0, 2
169, 4, 1, 0, 2
170, 3, 1, 0, 2
170, 3, 1, 0, 2
170, 3, 1, 0, 2
171, 4, 1, 0, 2
171, 4, 1, 0, 2
171, 4, 1, 0, 2
171, 4, 1, 0, 2
172, 4, 1, 0, 2
172, 4, 1, 0, 2
172, 4, 1, 0, 2
172, 4, 1, 0, 2
173, 4, 1, 0, 2
173, 4, 1, 0, 2
173, 4, 1, 0, 2
173, 4, 1, 0, 2
174, 4, 1, 0, 2
174, 4, 1, 0, 2
174, 4, 1, 0, 2
174, 4, 1, 0, 2
175, 4, 1, 0, 2
175, 4, 1, 0, 2
175, 4, 1, 0, 2
175, 4, 1, 0, 2
176, 4, 1, 0, 2
176, 4, 1, 0, 2
176, 4, 1, 0, 2
176, 4, 1, 0, 2
177, 4, 1, 0, 2
177, 4, 1, 0, 2
177, 4, 1, 0, 2
177, 4, 1, 0, 2
178, 4, 1, 0, 2
178, 4, 1, 0, 2
178, 4, 1, 0, 2
178, 4, 1, 0, 2
179, 3, 1, 0, 2
179, 3, 1, 0, 2
179, 3, 1, 0, 2
180, 4, 1, 0, 2
180, 4, 1, 0, 2
180, 4, 1, 0, 2
180, 4, 1, 0, 2
181, 4, 1, 0, 2
181, 4, 1, 0, 2
181, 4, 1, 0, 2
181, 4, 1, 0, 2
182, 4, 1, 0, 2
182, 4, 1, 0, 2
182, 4, 1, 0, 2
182, 4, 1, 0, 2
183, 4, 1, 0, 2
183, 4, 1, 0, 2
183, 4, 1, 0, 2
183, 4, 1, 0, 2
184, 4, 1, 0, 2
184, 4, 1, 0, 2
184, 4, 1, 0, 2
184, 4, 1, 0, 2
185, 4, 1, 0, 2
185, 4, 1, 0, 2
185, 4, 1, 0, 2
185, 4, 1, 0, 2
186, 4, 1, 0, 2
186, 4, 1, 0, 2
186, 4, 1, 0, 2
186, 4, 1, 0, 2
187, 4, 1, 0, 2
187, 4, 1, 0, 2
187, 4, 1, 0, 2
187, 4, 1, 0, 2
188, 3, 1, 0, 2
188, 3, 1, 0, 2
188, 3, 1, 0, 2
189, 4, 1, 0, 2
189, 4, 1, 0, 2
189, 4, 1, 0, 2
189, 4, 1, 0, 2
190, 4, 1, 0, 2
190, 4, 1, 0, 2
190, 4, 1, 0, 2
190, 4, 1, 0, 2
191, 4, 1, 0, 2
191, 4, 1, 0, 2
191, 4, 1, 0, 2
191, 4, 1, 0, 2
192, 4, 1, 0, 2
192, 4, 1, 0, 2
192, 4, 1, 0, 2
192, 4, 1, 0, 2
193, 4, 1, 0, 2
193, 4, 1, 0, 2
193, 4, 1, 0, 2
193, 4, 1, 0, 2
194, 4, 1, 0, 2
194, 4, 1, 0, 2
194, 4, 1, 0, 2
194, 4, 1, 0, 2
195, 4, 1, 0, 2
195, 4, 1, 0, 2
195, 4, 1, 0, 2
195, 4, 1, 0, 2
196, 4, 1, 0, 2
196, 4, 1, 0, 2
196, 4, 1, 0, 2
196, 4, 1, 0, 2
197, 3, 1, 0, 2
197, 3, 1, 0, 2
197, 3, 1, 0, 2
198, 4, 1, 0, 2
198, 4, 1, 0, 2
198, 4, 1, 0, 2
198, 4, 1, 0, 2
199, 4, 1, 0, 2
199, 4, 1, 0, 2
199, 4, 1, 0, 2
199, 4, 1, 0, 2
200, 4, 1, 0, 2
200, 4, 1, 0, 2
200, 4, 1, 0, 2
200, 4, 1, 0, 2
201, 4, 1, 0, 2
201, 4, 1, 0, 2
201, 4, 1, 0, 2
201, 4, 1, 0, 2
202, 4, 1, 0, 2
202, 4, 1, 0, 2
202, 4, 1, 0, 2
202, 4, 1, 0, 2
203, 4, 1, 0, 2
203, 4, 1, 0, 2
203, 4, 1, 0, 2
203, 4, 1, 0, 2
204, 4, 1, 0, 2
204, 4, 1, 0, 2
204, 4, 1, 0, 2
204, 4, 1, 0, 2
205, 4, 1, 0, 2
205, 4, 1, 0, 2
205, 4, 1, 0, 2
205, 4, 1, 0, 2
206, 3, 1, 0, 2
206, 3, 1, 0, 2
206, 3, 1, 0, 2
207, 4, 1, 0, 2
207, 4, 1, 0, 2
207, 4, 1, 0, 2
207, 4, 1, 0, 2
208, 4, 1, 0, 2
208, 4, 1, 0, 2
208, 4, 1, 0, 2
208, 4, 1, 0, 2
209, 4, 1, 0, 2
209, 4, 1, 0, 2
209, 4, 1, 0, 2
209, 4, 1, 0, 2
210, 4, 1, 0, 2
210, 4, 1, 0, 2
210, 4, 1, 0, 2
210, 4, 1, 0, 2
211, 4, 1, 0, 2
211, 4, 1, 0, 2
211, 4, 1, 0, 2
211, 4, 1, 0, 2
212, 4, 1, 0, 2
212, 4, 1, 0, 2
212, 4, 1, 0, 2
212, 4, 1, 0, 2
213, 4, 1, 0, 2
213, 4, 1, 0, 2
213, 4, 1, 0, 2
213, 4, 1, 0, 2
214, 4, 1, 0, 2
214, 4, 1, 0, 2
214, 4, 1, 0, 2
214, 4, 1, 0, 2
215, 3, 1, 0, 2
215, 3, 1, 0, 2
215, 3, 1, 0, 2
216, 4, 1, 0, 2
216, 4, 1, 0, 2
216, 4, 1, 0, 2
216, 4, 1, 0, 2
217, 4, 1, 0, 2
217, 4, 1, 0, 2
217, 4, 1, 0, 2
217, 4, 1, 0, 2
218, 4, 1, 0, 2
218, 4, 1, 0, 2
218, 4, 1, 0, 2
218, 4, 1, 0, 2
219, 4, 1, 0, 2
219, 4, 1, 0, 2
219, 4, 1, 0, 2
219, 4, 1, 0, 2
220, 4, 1, 0, 2
220, 4, 1, 0, 2
220, 4, 1, 0, 2
220, 4, 1, 0, 2
221, 4, 1, 0, 2
221, 4, 1, 0, 2
221, 4, 1, 0, 2
221, 4, 1, 0, 2
222, 4, 1, 0, 2
222, 4, 1, 0, 2
222, 4, 1, 0, 2
222, 4, 1, 0, 2
223, 4, 1, 0, 2
223, 4, 1, 0, 2
223, 4, 1, 0, 2
223, 4, 1, 0, 2
224, 3, 1, 0, 2
224, 3, 1, 0, 2
224, 3, 1, 0, 2
225, 4, 1, 0, 2
225, 4, 1, 0, 2
225, 4, 1, 0, 2
225, 4, 1, 0, 2
226, 4, 1, 0, 2
226, 4, 1, 0, 2
226, 4, 1, 0, 2
226, 4, 1, 0, 2
227, 4, 1, 0, 2
227, 4, 1, 0, 2
227, 4, 1, 0, 2
227, 4, 1, 0, 2
228, 4, 1, 0, 2
228, 4, 1, 0, 2
228, 4, 1, 0, 2
228, 4, 1, 0, 2
229, 4, 1, 0, 2
229, 4, 1, 0, 2
229, 4, 1, 0, 2
229, 4, 1, 0, 2
230, 4, 1, 0, 2
230, 4, 1, 0, 2
230, 4, 1, 0, 2
230, 4, 1, 0, 2
231, 4, 1, 0, 2
231, 4, 1, 0, 2
231, 4, 1, 0, 2
231, 4, 1, 0, 2
232, 4, 1, 0, 2
232, 4, 1, 0, 2
232, 4, 1, 0, 2
232, 4, 1, 0, 2
233, 3, 1, 0, 2
233, 3, 1, 0, 2
233, 3, 1, 0, 2
234, 4, 1, 0, 2
234, 4, 1, 0, 2
234, 4, 1, 0, 2
234, 4, 1, 0, 2
235, 4, 1, 0, 2
235, 4, 1, 0, 2
235, 4, 1, 0, 2
235, 4, 1, 0, 2
236, 4, 1, 0, 2
236, 4, 1, 0, 2
236, 4, 1, 0, 2
236, 4, 1, 0, 2
237, 4, 1, 0, 2
237, 4, 1, 0, 2
237, 4, 1, 0, 2
237, 4, 1, 0, 2
238, 4, 1, 0, 2
238, 4, 1, 0, 2
238, 4, 1, 0, 2
238, 4, 1, 0, 2
239, 4, 1, 0, 2
239, 4, 1, 0, 2
239, 4, 1, 0, 2
239, 4, 1, 0, 2
240, 4, 1, 0, 2
240, 4, 1, 0, 2
240, 4, 1, 0, 2
240, 4, 1, 0, 2
241, 4, 1, 0, 2
241, 4, 1, 0, 2
241, 4, 1, 0, 2
241, 4, 1, 0, 2
242, 3, 1, 0, 2
242, 3, 1, 0, 2
242, 3, 1, 0, 2
243, 4, 1, 0, 2
243, 4, 1, 0, 2
243, 4, 1, 0, 2
243, 4, 1, 0, 2
244, 4, 1, 0, 2
244, 4, 1, 0, 2
244, 4, 1, 0, 2
244, 4, 1, 0, 2
245, 4, 1, 0, 2
245, 4, 1, 0, 2
245, 4, 1, 0, 2
245, 4, 1, 0, 2
246, 4, 1, 0, 2
246, 4, 1, 0, 2
246, 4, 1, 0, 2
246, 4, 1, 0, 2
247, 4, 1, 0, 2
247, 4, 1, 0, 2
247, 4, 1, 0, 2
247, 4, 1, 0, 2
248, 4, 1, 0, 2
248, 4, 1, 0, 2
248, 4, 1, 0, 2
248, 4, 1, 0, 2
249, 4, 1, 0, 2
249, 4, 1, 0, 2
249, 4, 1, 0, 2
249, 4, 1, 0, 2
250, 4, 1, 0, 2
250, 4, 1, 0, 2
250, 4, 1, 0, 2
250, 4, 1, 0, 2
251, 3, 1, 0, 2
251, 3, 1, 0, 2
251, 3, 1, 0, 2
252, 4, 1, 0, 2
252, 4, 1, 0, 2
252, 4, 1, 0, 2
252, 4, 1, 0, 2
253, 4, 1, 0, 2
253, 4, 1, 0, 2
253, 4, 1, 0, 2
253, 4, 1, 0, 2
254, 4, 1, 0, 2
254, 4, 1, 0, 2
254, 4, 1, 0, 2
254, 4, 1, 0, 2
255, 4, 1, 0, 2
255, 4, 1, 0, 2
255, 4, 1, 0, 2
255, 4, 1, 0, 2
256, 4, 1, 0, 2
256, 4, 1, 0, 2
256, 4, 1, 0, 2
256, 4, 1, 0, 2
257, 4, 1, 0, 2
257, 4, 1, 0, 2
257, 4, 1, 0, 2
257, 4, 1, 0, 2
258, 4, 1, 0, 2
258, 4, 1, 0, 2
258, 4, 1, 0, 2
258, 4, 1, 0, 2
259, 4, 1, 0, 2
259, 4, 1, 0, 2
259, 4, 1, 0, 2
259, 4, 1, 0, 2
260, 3, 1, 0, 2
260, 3, 1, 0, 2
260, 3, 1, 0, 2
261, 4, 1, 0, 2
261, 4, 1, 0, 2
261, 4, 1, 0, 2
261, 4, 1, 0, 2
262, 4, 1, 0, 2
262, 4, 1, 0, 2
262, 4, 1, 0, 2
262, 4, 1, 0, 2
263, 4, 1, 0, 2
263, 4, 1, 0, 2
263, 4, 1, 0, 2
263, 4, 1, 0, 2
264, 4, 1, 0, 2
264, 4, 1, 0, 2
264, 4, 1, 0, 2
264, 4, 1, 0, 2
265, 4, 1, 0, 2
265, 4, 1, 0, 2
265, 4, 1, 0, 2
265, 4, 1, 0, 2
266, 4, 1, 0, 2
266, 4, 1, 0, 2
266, 4, 1, 0, 2
266, 4, 1, 0, 2
267, 4, 1, 0, 2
267, 4, 1, 0, 2
267, 4, 1, 0, 2
267, 4, 1, 0, 2
268, 4, 1, 0, 2
268, 4, 1, 0, 2
268, 4, 1, 0, 2
268, 4, 1, 0, 2
269, 3, 1, 0, 2
269, 3, 1, 0, 2
269, 3, 1, 0, 2
270, 4, 1, 0, 2
270, 4, 1, 0, 2
270, 4, 1, 0, 2
270, 4, 1, 0, 2
271, 4, 1, 0, 2
271, 4, 1, 0, 2
271, 4, 1, 0, 2
271, 4, 1, 0, 2
272, 4, 1, 0, 2
272, 4, 1, 0, 2
272, 4, 1, 0, 2
272, 4, 1, 0, 2
273, 4, 1, 0, 2
273, 4, 1, 0, 2
273, 4, 1, 0, 2
273, 4, 1, 0, 2
274, 4, 1, 0, 2
274, 4, 1, 0, 2
274, 4, 1, 0, 2
274, 4, 1, 0, 2
275, 4, 1, 0, 2
275, 4, 1, 0, 2
275, 4, 1, 0, 2
275, 4, 1, 0, 2
276, 4, 1, 0, 2
276, 4, 1, 0, 2
276, 4, 1, 0, 2
276, 4, 1, 0, 2
277, 4, 1, 0, 2
277, 4, 1, 0, 2
277, 4, 1, 0, 2
277, 4, 1, 0, 2
278, 3, 1, 0, 2
278, 3, 1, 0, 2
278, 3, 1, 0, 2
279, 4, 1, 0, 2
279, 4, 1, 0, 2
279, 4, 1, 0, 2
279, 4, 1, 0, 2
280, 4, 1, 0, 2
280, 4, 1, 0, 2
280, 4, 1, 0, 2
280, 4, 1, 0, 2
281, 4, 1, 0, 2
281, 4, 1, 0, 2
281, 4, 1, 0, 2
281, 4, 1, 0, 2
282, 4, 1, 0, 2
282, 4, 1, 0, 2
282, 4, 1, 0, 2
282, 4, 1, 0, 2
283, 4, 1, 0, 2
283, 4, 1, 0, 2
283, 4, 1, 0, 2
283, 4, 1, 0, 2
284, 4, 1, 0, 2
284, 4, 1, 0, 2
284, 4, 1, 0, 2
284, 4, 1, 0, 2
285, 4, 1, 0, 2
285, 4, 1, 0, 2
285, 4, 1, 0, 2
285, 4, 1, 0, 2
286, 4, 1, 0, 2
286, 4, 1, 0, 2
286, 4, 1, 0, 2
286, 4, 1, 0, 2
287, 3, 1, 0, 2
287, 3, 1, 0, 2
287, 3, 1, 0, 2
288, 4, 1, 0, 2
288, 4, 1, 0, 2
288, 4, 1, 0, 2
288, 4, 1, 0, 2
289, 4, 1, 0, 2
289, 4, 1, 0, 2
289, 4, 1, 0, 2
289, 4, 1, 0, 2
290, 4, 1, 0, 2
290, 4, 1, 0, 2
290, 4, 1, 0, 2
290, 4, 1, 0, 2
291, 4, 1, 0, 2
291, 4, 1, 0, 2
291, 4, 1, 0, 2
291, 4, 1, 0, 2
292, 4, 1, 0, 2
292, 4, 1, 0, 2
292, 4, 1, 0, 2
292, 4, 1, 0, 2
293, 4, 1, 0, 2
293, 4, 1, 0, 2
293, 4, 1, 0, 2
293, 4, 1, 0, 2
294, 4, 1, 0, 2
294, 4, 1, 0, 2
294, 4, 1, 0, 2
294, 4, 1, 0, 2
295, 4, 1, 0, 2
295, 4, 1, 0, 2
295, 4, 1, 0, 2
295, 4, 1, 0, 2
296, 3, 1, 0, 2
296, 3, 1, 0, 2
296, 3, 1, 0, 2
297, 4, 1, 0, 2
297, 4, 1, 0, 2
297, 4, 1, 0, 2
297, 4, 1, 0, 2
298, 4, 1, 0, 2
298, 4, 1, 0, 2
298, 4, 1, 0, 2
298, 4, 1, 0, 2
299, 4, 1, 0, 2
299, 4, 1, 0, 2
299, 4, 1, 0, 2
299, 4, 1, 0, 2
300, 4, 1, 0, 2
300, 4, 1, 0, 2
300, 4, 1, 0, 2
300, 4, 1, 0, 2
301, 4, 1, 0, 2
301, 4, 1, 0, 2
301, 4, 1, 0, 2
301, 4, 1, 0, 2
302, 4, 1, 0, 2
302, 4, 1, 0, 2
302, 4, 1, 0, 2
302, 4, 1, 0, 2
303, 4, 1, 0, 2
303, 4, 1, 0, 2
303, 4, 1, 0, 2
303, 4, 1, 0, 2
304, 4, 1, 0, 2
304, 4, 1, 0, 2
304, 4, 1, 0, 2
304, 4, 1, 0, 2
305, 3, 1, 0, 2
305, 3, 1, 0, 2
305, 3, 1, 0, 2
306, 3, 1, 0, 2
306, 3, 1, 0, 2
306, 3, 1, 0, 2
307, 3, 1, 0, 2
307, 3, 1, 0, 2
307, 3, 1, 0, 2
308, 3, 1, 0, 2
308, 3, 1, 0, 2
308, 3, 1, 0, 2
309, 3, 1, 0, 2
309, 3, 1, 0, 2
309, 3, 1, 0, 2
310, 3, 1, 0, 2
310, 3, 1, 0, 2
310, 3, 1, 0, 2
311, 3, 1, 0, 2
311, 3, 1, 0, 2
311, 3, 1, 0, 2
312, 3, 1, 0, 2
312, 3, 1, 0, 2
312, 3, 1, 0, 2
313, 3, 1, 0, 2
313, 3, 1, 0, 2
313, 3, 1, 0, 2
314, 2, 1, 0, 2
314, 2, 1, 0, 2
315, 3, 1, 0, 2
315, 3, 1, 0, 2
315, 3, 1, 0, 2
316, 3, 1, 0, 2
316, 3, 1, 0, 2
316, 3, 1, 0, 2
317, 3, 1, 0, 2
317, 3, 1, 0, 2
317, 3, 1, 0, 2
318, 3, 1, 0, 2
318, 3, 1, 0, 2
318, 3, 1, 0, 2
319, 3, 1, 0, 2
319, 3, 1, 0, 2
319, 3, 1, 0, 2
320, 3, 1, 0, 2
320, 3, 1, 0, 2
320, 3, 1, 0, 2
321, 3, 1, 0, 2
321, 3, 1, 0, 2
321, 3, 1, 0, 2
322, 3, 1, 0, 2
322, 3, 1, 0, 2
322, 3, 1, 0, 2
323, 2, 1, 0, 2
323, 2, 1, 0, 2
Goal
1
2
3
4
5
6
7
8
9
10
11
12
13
14
15
16
17
18
19
20
21
22
23
24
25
26
27
28
29
30
31
32
33
34
35
36
37
38
39
40
41
42
43
44
45
46
47
48
49
50
51
52
53
54
55
56
57
58
59
60
61
62
63
64
65
66
67
68
69
70
71
72
73
74
75
76
77
78
79
80
81
82
83
84
85
86
87
88
89
90
91
92
93
94
95
96
97
98
99
100
101
102
103
104
105
106
107
108
109
110
111
112
113
114
115
116
117
118
119
120
121
122
123
124
125
126
127
128
129
130
131
132
133
134
135
136
137
138
139
140
141
142
143
144
145
146
147
148
149
150
151
152
153
154
155
156
157
158
159
160
161
162
163
164
165
166
167
168
169
170
171
172
173
174
175
176
177
178
179
180
181
182
183
184
185
186
187
188
189
190
191
192
193
194
195
196
197
198
199
200
201
202
203
204
205
206
207
208
209
210
211
212
213
214
215
216
217
218
219
220
221
222
223
224
225
226
227
228
229
230
231
232
233
234
235
236
237
238
239
240
241
242
243
244
245
246
247
248
249
250
251
252
253
254
255
256
257
258
259
260
261
262
263
264
265
266
267
268
269
270
271
272
273
274
275
276
277
278
279
280
281
282
283
284
285
286
287
288
289
290
291
292
293
294
295
296
297
298
299
300
301
302
303
304
305
306
307
308
309
310
311
312
313
314
315
316
317
318
319
320
321
322
323
