CG
8
0, 5, 4, 80
0, 5, 5, 80
0, 5, 6, 80
0, 5, 7, 80
0, 5, 3, 320
1, 5, 4, 80
1, 5, 5, 80
1, 5, 6, 80
1, 5, 7, 80
1, 5, 2, 320
2, 4, 4, 80
2, 4, 5, 80
2, 4, 6, 80
2, 4, 7, 80
3, 4, 4, 80
3, 4, 5, 80
3, 4, 6, 80
3, 4, 7, 80
4, 2, 2, 80
4, 2, 3, 80
5, 2, 2, 80
5, 2, 3, 80
6, 2, 2, 80
6, 2, 3, 80
7, 2, 2, 80
7, 2, 3, 80
DTG
0, 2, 0, 2, 1
0, 2, 0, 3, 1
0, 2, 1, 2, 1
0, 2, 1, 4, 1
0, 4, 2, 0, 1
0, 4, 2, 1, 1
0, 4, 2, 3, 1
0, 4, 2, 4, 1
0, 2, 3, 0, 1
0, 2, 3, 2, 1
0, 3, 4, 1, 1
0, 3, 4, 2, 1
0, 3, 4, 5, 1
0, 2, 5, 4, 1
0, 2, 5, 6, 1
0, 2, 6, 5, 1
0, 2, 6, 9, 1
0, 2, 7, 8, 1
0, 2, 7, 9, 1
0, 2, 8, 7, 1
0, 2, 8, 9, 1
0, 3, 9, 6, 1
0, 3, 9, 7, 1
0, 3, 9, 8, 1
1, 2, 0, 2, 1
1, 2, 0, 3, 1
1, 2, 1, 2, 1
1, 2, 1, 4, 1
1, 4, 2, 0, 1
1, 4, 2, 1, 1
1, 4, 2, 3, 1
1, 4, 2, 4, 1
1, 2, 3, 0, 1
1, 2, 3, 2, 1
1, 3, 4, 1, 1
1, 3, 4, 2, 1
1, 3, 4, 5, 1
1, 2, 5, 4, 1
1, 2, 5, 6, 1
1, 2, 6, 5, 1
1, 2, 6, 9, 1
1, 2, 7, 8, 1
1, 2, 7, 9, 1
1, 2, 8, 7, 1
1, 2, 8, 9, 1
1, 3, 9, 6, 1
1, 3, 9, 7, 1
1, 3, 9, 8, 1
2, 40, 0, 1, 3
2, 40, 0, 1, 3
2, 40, 0, 1, 3
2, 40, 0, 1, 3
2, 40, 0, 1, 3
2, 40, 0, 1, 3
2, 40, 0, 1, 3
2, 40, 0, 1, 3
2, 40, 0, 1, 3
2, 40, 0, 1, 3
2, 40, 0, 1, 3
2, 40, 0, 1, 3
2, 40, 0, 1, 3
2, 40, 0, 1, 3
2, 40, 0, 1, 3
2, 40, 0, 1, 3
2, 40, 0, 1, 3
2, 40, 0, 1, 3
2, 40, 0, 1, 3
2, 40, 0, 1, 3
2, 40, 0, 1, 3
2, 40, 0, 1, 3
2, 40, 0, 1, 3
2, 40, 0, 1, 3
2, 40, 0, 1, 3
2, 40, 0, 1, 3
2, 40, 0, 1, 3
2, 40, 0, 1, 3
2, 40, 0, 1, 3
2, 40, 0, 1, 3
2, 40, 0, 1, 3
2, 40, 0, 1, 3
2, 40, 0, 1, 3
2, 40, 0, 1, 3
2, 40, 0, 1, 3
2, 40, 0, 1, 3
2, 40, 0, 1, 3
2, 40, 0, 1, 3
2, 40, 0, 1, 3
2, 40, 0, 1, 3
2, 80, 1, 0, 3
2, 80, 1, 0, 3
2, 80, 1, 0, 3
2, 80, 1, 0, 3
2, 80, 1, 0, 3
2, 80, 1, 0, 3
2, 80, 1, 0, 3
2, 80, 1, 0, 3
2, 80, 1, 0, 3
2, 80, 1, 0, 3
2, 80, 1, 0, 3
2, 80, 1, 0, 3
2, 80, 1, 0, 3
2, 80, 1, 0, 3
2, 80, 1, 0, 3
2, 80, 1, 0, 3
2, 80, 1, 0, 3
2, 80, 1, 0, 3
2, 80, 1, 0, 3
2, 80, 1, 0, 3
2, 80, 1, 0, 3
2, 80, 1, 0, 3
2, 80, 1, 0, 3
2, 80, 1, 0, 3
2, 80, 1, 0, 3
2, 80, 1, 0, 3
2, 80, 1, 0, 3
2, 80, 1, 0, 3
2, 80, 1, 0, 3
2, 80, 1, 0, 3
2, 80, 1, 0, 3
2, 80, 1, 0, 3
2, 80, 1, 0, 3
2, 80, 1, 0, 3
2, 80, 1, 0, 3
2, 80, 1, 0, 3
2, 80, 1, 0, 3
2, 80, 1, 0, 3
2, 80, 1, 0, 3
2, 80, 1, 0, 3
2, 80, 1, 2, 3
2, 80, 1, 2, 3
2, 80, 1, 2, 3
2, 80, 1, 2, 3
2, 80, 1, 2, 3
2, 80, 1, 2, 3
2, 80, 1, 2, 3
2, 80, 1, 2, 3
2, 80, 1, 2, 3
2, 80, 1, 2, 3
2, 80, 1, 2, 3
2, 80, 1, 2, 3
2, 80, 1, 2, 3
2, 80, 1, 2, 3
2, 80, 1, 2, 3
2, 80, 1, 2, 3
2, 80, 1, 2, 3
2, 80, 1, 2, 3
2, 80, 1, 2, 3
2, 80, 1, 2, 3
2, 80, 1, 2, 3
2, 80, 1, 2, 3
2, 80, 1, 2, 3
2, 80, 1, 2, 3
2, 80, 1, 2, 3
2, 80, 1, 2, 3
2, 80, 1, 2, 3
2, 80, 1, 2, 3
2, 80, 1, 2, 3
2, 80, 1, 2, 3
2, 80, 1, 2, 3
2, 80, 1, 2, 3
2, 80, 1, 2, 3
2, 80, 1, 2, 3
2, 80, 1, 2, 3
2, 80, 1, 2, 3
2, 80, 1, 2, 3
2, 80, 1, 2, 3
2, 80, 1, 2, 3
2, 80, 1, 2, 3
2, 80, 2, 1, 3
2, 80, 2, 1, 3
2, 80, 2, 1, 3
2, 80, 2, 1, 3
2, 80, 2, 1, 3
2, 80, 2, 1, 3
2, 80, 2, 1, 3
2, 80, 2, 1, 3
2, 80, 2, 1, 3
2, 80, 2, 1, 3
2, 80, 2, 1, 3
2, 80, 2, 1, 3
2, 80, 2, 1, 3
2, 80, 2, 1, 3
2, 80, 2, 1, 3
2, 80, 2, 1, 3
2, 80, 2, 1, 3
2, 80, 2, 1, 3
2, 80, 2, 1, 3
2, 80, 2, 1, 3
2, 80, 2, 1, 3
2, 80, 2, 1, 3
2, 80, 2, 1, 3
2, 80, 2, 1, 3
2, 80, 2, 1, 3
2, 80, 2, 1, 3
2, 80, 2, 1, 3
2, 80, 2, 1, 3
2, 80, 2, 1, 3
2, 80, 2, 1, 3
2, 80, 2, 1, 3
2, 80, 2, 1, 3
2, 80, 2, 1, 3
2, 80, 2, 1, 3
2, 80, 2, 1, 3
2, 80, 2, 1, 3
2, 80, 2, 1, 3
2, 80, 2, 1, 3
2, 80, 2, 1, 3
2, 80, 2, 1, 3
2, 80, 2, 3, 3
2, 80, 2, 3, 3
2, 80, 2, 3, 3
2, 80, 2, 3, 3
2, 80, 2, 3, 3
2, 80, 2, 3, 3
2, 80, 2, 3, 3
2, 80, 2, 3, 3
2, 80, 2, 3, 3
2, 80, 2, 3, 3
2, 80, 2, 3, 3
2, 80, 2, 3, 3
2, 80, 2, 3, 3
2, 80, 2, 3, 3
2, 80, 2, 3, 3
2, 80, 2, 3, 3
2, 80, 2, 3, 3
2, 80, 2, 3, 3
2, 80, 2, 3, 3
2, 80, 2, 3, 3
2, 80, 2, 3, 3
2, 80, 2, 3, 3
2, 80, 2, 3, 3
2, 80, 2, 3, 3
2, 80, 2, 3, 3
2, 80, 2, 3, 3
2, 80, 2, 3, 3
2, 80, 2, 3, 3
2, 80, 2, 3, 3
2, 80, 2, 3, 3
2, 80, 2, 3, 3
2, 80, 2, 3, 3
2, 80, 2, 3, 3
2, 80, 2, 3, 3
2, 80, 2, 3, 3
2, 80, 2, 3, 3
2, 80, 2, 3, 3
2, 80, 2, 3, 3
2, 80, 2, 3, 3
2, 80, 2, 3, 3
2, 80, 3, 2, 3
2, 80, 3, 2, 3
2, 80, 3, 2, 3
2, 80, 3, 2, 3
2, 80, 3, 2, 3
2, 80, 3, 2, 3
2, 80, 3, 2, 3
2, 80, 3, 2, 3
2, 80, 3, 2, 3
2, 80, 3, 2, 3
2, 80, 3, 2, 3
2, 80, 3, 2, 3
2, 80, 3, 2, 3
2, 80, 3, 2, 3
2, 80, 3, 2, 3
2, 80, 3, 2, 3
2, 80, 3, 2, 3
2, 80, 3, 2, 3
2, 80, 3, 2, 3
2, 80, 3, 2, 3
2, 80, 3, 2, 3
2, 80, 3, 2, 3
2, 80, 3, 2, 3
2, 80, 3, 2, 3
2, 80, 3, 2, 3
2, 80, 3, 2, 3
2, 80, 3, 2, 3
2, 80, 3, 2, 3
2, 80, 3, 2, 3
2, 80, 3, 2, 3
2, 80, 3, 2, 3
2, 80, 3, 2, 3
2, 80, 3, 2, 3
2, 80, 3, 2, 3
2, 80, 3, 2, 3
2, 80, 3, 2, 3
2, 80, 3, 2, 3
2, 80, 3, 2, 3
2, 80, 3, 2, 3
2, 80, 3, 2, 3
2, 80, 3, 4, 3
2, 80, 3, 4, 3
2, 80, 3, 4, 3
2, 80, 3, 4, 3
2, 80, 3, 4, 3
2, 80, 3, 4, 3
2, 80, 3, 4, 3
2, 80, 3, 4, 3
2, 80, 3, 4, 3
2, 80, 3, 4, 3
2, 80, 3, 4, 3
2, 80, 3, 4, 3
2, 80, 3, 4, 3
2, 80, 3, 4, 3
2, 80, 3, 4, 3
2, 80, 3, 4, 3
2, 80, 3, 4, 3
2, 80, 3, 4, 3
2, 80, 3, 4, 3
2, 80, 3, 4, 3
2, 80, 3, 4, 3
2, 80, 3, 4, 3
2, 80, 3, 4, 3
2, 80, 3, 4, 3
2, 80, 3, 4, 3
2, 80, 3, 4, 3
2, 80, 3, 4, 3
2, 80, 3, 4, 3
2, 80, 3, 4, 3
2, 80, 3, 4, 3
2, 80, 3, 4, 3
2, 80, 3, 4, 3
2, 80, 3, 4, 3
2, 80, 3, 4, 3
2, 80, 3, 4, 3
2, 80, 3, 4, 3
2, 80, 3, 4, 3
2, 80, 3, 4, 3
2, 80, 3, 4, 3
2, 80, 3, 4, 3
2, 40, 4, 3, 3
2, 40, 4, 3, 3
2, 40, 4, 3, 3
2, 40, 4, 3, 3
2, 40, 4, 3, 3
2, 40, 4, 3, 3
2, 40, 4, 3, 3
2, 40, 4, 3, 3
2, 40, 4, 3, 3
2, 40, 4, 3, 3
2, 40, 4, 3, 3
2, 40, 4, 3, 3
2, 40, 4, 3, 3
2, 40, 4, 3, 3
2, 40, 4, 3, 3
2, 40, 4, 3, 3
2, 40, 4, 3, 3
2, 40, 4, 3, 3
2, 40, 4, 3, 3
2, 40, 4, 3, 3
2, 40, 4, 3, 3
2, 40, 4, 3, 3
2, 40, 4, 3, 3
2, 40, 4, 3, 3
2, 40, 4, 3, 3
2, 40, 4, 3, 3
2, 40, 4, 3, 3
2, 40, 4, 3, 3
2, 40, 4, 3, 3
2, 40, 4, 3, 3
2, 40, 4, 3, 3
2, 40, 4, 3, 3
2, 40, 4, 3, 3
2, 40, 4, 3, 3
2, 40, 4, 3, 3
2, 40, 4, 3, 3
2, 40, 4, 3, 3
2, 40, 4, 3, 3
2, 40, 4, 3, 3
2, 40, 4, 3, 3
3, 40, 0, 1, 3
3, 40, 0, 1, 3
3, 40, 0, 1, 3
3, 40, 0, 1, 3
3, 40, 0, 1, 3
3, 40, 0, 1, 3
3, 40, 0, 1, 3
3, 40, 0, 1, 3
3, 40, 0, 1, 3
3, 40, 0, 1, 3
3, 40, 0, 1, 3
3, 40, 0, 1, 3
3, 40, 0, 1, 3
3, 40, 0, 1, 3
3, 40, 0, 1, 3
3, 40, 0, 1, 3
3, 40, 0, 1, 3
3, 40, 0, 1, 3
3, 40, 0, 1, 3
3, 40, 0, 1, 3
3, 40, 0, 1, 3
3, 40, 0, 1, 3
3, 40, 0, 1, 3
3, 40, 0, 1, 3
3, 40, 0, 1, 3
3, 40, 0, 1, 3
3, 40, 0, 1, 3
3, 40, 0, 1, 3
3, 40, 0, 1, 3
3, 40, 0, 1, 3
3, 40, 0, 1, 3
3, 40, 0, 1, 3
3, 40, 0, 1, 3
3, 40, 0, 1, 3
3, 40, 0, 1, 3
3, 40, 0, 1, 3
3, 40, 0, 1, 3
3, 40, 0, 1, 3
3, 40, 0, 1, 3
3, 40, 0, 1, 3
3, 80, 1, 0, 3
3, 80, 1, 0, 3
3, 80, 1, 0, 3
3, 80, 1, 0, 3
3, 80, 1, 0, 3
3, 80, 1, 0, 3
3, 80, 1, 0, 3
3, 80, 1, 0, 3
3, 80, 1, 0, 3
3, 80, 1, 0, 3
3, 80, 1, 0, 3
3, 80, 1, 0, 3
3, 80, 1, 0, 3
3, 80, 1, 0, 3
3, 80, 1, 0, 3
3, 80, 1, 0, 3
3, 80, 1, 0, 3
3, 80, 1, 0, 3
3, 80, 1, 0, 3
3, 80, 1, 0, 3
3, 80, 1, 0, 3
3, 80, 1, 0, 3
3, 80, 1, 0, 3
3, 80, 1, 0, 3
3, 80, 1, 0, 3
3, 80, 1, 0, 3
3, 80, 1, 0, 3
3, 80, 1, 0, 3
3, 80, 1, 0, 3
3, 80, 1, 0, 3
3, 80, 1, 0, 3
3, 80, 1, 0, 3
3, 80, 1, 0, 3
3, 80, 1, 0, 3
3, 80, 1, 0, 3
3, 80, 1, 0, 3
3, 80, 1, 0, 3
3, 80, 1, 0, 3
3, 80, 1, 0, 3
3, 80, 1, 0, 3
3, 80, 1, 2, 3
3, 80, 1, 2, 3
3, 80, 1, 2, 3
3, 80, 1, 2, 3
3, 80, 1, 2, 3
3, 80, 1, 2, 3
3, 80, 1, 2, 3
3, 80, 1, 2, 3
3, 80, 1, 2, 3
3, 80, 1, 2, 3
3, 80, 1, 2, 3
3, 80, 1, 2, 3
3, 80, 1, 2, 3
3, 80, 1, 2, 3
3, 80, 1, 2, 3
3, 80, 1, 2, 3
3, 80, 1, 2, 3
3, 80, 1, 2, 3
3, 80, 1, 2, 3
3, 80, 1, 2, 3
3, 80, 1, 2, 3
3, 80, 1, 2, 3
3, 80, 1, 2, 3
3, 80, 1, 2, 3
3, 80, 1, 2, 3
3, 80, 1, 2, 3
3, 80, 1, 2, 3
3, 80, 1, 2, 3
3, 80, 1, 2, 3
3, 80, 1, 2, 3
3, 80, 1, 2, 3
3, 80, 1, 2, 3
3, 80, 1, 2, 3
3, 80, 1, 2, 3
3, 80, 1, 2, 3
3, 80, 1, 2, 3
3, 80, 1, 2, 3
3, 80, 1, 2, 3
3, 80, 1, 2, 3
3, 80, 1, 2, 3
3, 80, 2, 1, 3
3, 80, 2, 1, 3
3, 80, 2, 1, 3
3, 80, 2, 1, 3
3, 80, 2, 1, 3
3, 80, 2, 1, 3
3, 80, 2, 1, 3
3, 80, 2, 1, 3
3, 80, 2, 1, 3
3, 80, 2, 1, 3
3, 80, 2, 1, 3
3, 80, 2, 1, 3
3, 80, 2, 1, 3
3, 80, 2, 1, 3
3, 80, 2, 1, 3
3, 80, 2, 1, 3
3, 80, 2, 1, 3
3, 80, 2, 1, 3
3, 80, 2, 1, 3
3, 80, 2, 1, 3
3, 80, 2, 1, 3
3, 80, 2, 1, 3
3, 80, 2, 1, 3
3, 80, 2, 1, 3
3, 80, 2, 1, 3
3, 80, 2, 1, 3
3, 80, 2, 1, 3
3, 80, 2, 1, 3
3, 80, 2, 1, 3
3, 80, 2, 1, 3
3, 80, 2, 1, 3
3, 80, 2, 1, 3
3, 80, 2, 1, 3
3, 80, 2, 1, 3
3, 80, 2, 1, 3
3, 80, 2, 1, 3
3, 80, 2, 1, 3
3, 80, 2, 1, 3
3, 80, 2, 1, 3
3, 80, 2, 1, 3
3, 80, 2, 3, 3
3, 80, 2, 3, 3
3, 80, 2, 3, 3
3, 80, 2, 3, 3
3, 80, 2, 3, 3
3, 80, 2, 3, 3
3, 80, 2, 3, 3
3, 80, 2, 3, 3
3, 80, 2, 3, 3
3, 80, 2, 3, 3
3, 80, 2, 3, 3
3, 80, 2, 3, 3
3, 80, 2, 3, 3
3, 80, 2, 3, 3
3, 80, 2, 3, 3
3, 80, 2, 3, 3
3, 80, 2, 3, 3
3, 80, 2, 3, 3
3, 80, 2, 3, 3
3, 80, 2, 3, 3
3, 80, 2, 3, 3
3, 80, 2, 3, 3
3, 80, 2, 3, 3
3, 80, 2, 3, 3
3, 80, 2, 3, 3
3, 80, 2, 3, 3
3, 80, 2, 3, 3
3, 80, 2, 3, 3
3, 80, 2, 3, 3
3, 80, 2, 3, 3
3, 80, 2, 3, 3
3, 80, 2, 3, 3
3, 80, 2, 3, 3
3, 80, 2, 3, 3
3, 80, 2, 3, 3
3, 80, 2, 3, 3
3, 80, 2, 3, 3
3, 80, 2, 3, 3
3, 80, 2, 3, 3
3, 80, 2, 3, 3
3, 80, 3, 2, 3
3, 80, 3, 2, 3
3, 80, 3, 2, 3
3, 80, 3, 2, 3
3, 80, 3, 2, 3
3, 80, 3, 2, 3
3, 80, 3, 2, 3
3, 80, 3, 2, 3
3, 80, 3, 2, 3
3, 80, 3, 2, 3
3, 80, 3, 2, 3
3, 80, 3, 2, 3
3, 80, 3, 2, 3
3, 80, 3, 2, 3
3, 80, 3, 2, 3
3, 80, 3, 2, 3
3, 80, 3, 2, 3
3, 80, 3, 2, 3
3, 80, 3, 2, 3
3, 80, 3, 2, 3
3, 80, 3, 2, 3
3, 80, 3, 2, 3
3, 80, 3, 2, 3
3, 80, 3, 2, 3
3, 80, 3, 2, 3
3, 80, 3, 2, 3
3, 80, 3, 2, 3
3, 80, 3, 2, 3
3, 80, 3, 2, 3
3, 80, 3, 2, 3
3, 80, 3, 2, 3
3, 80, 3, 2, 3
3, 80, 3, 2, 3
3, 80, 3, 2, 3
3, 80, 3, 2, 3
3, 80, 3, 2, 3
3, 80, 3, 2, 3
3, 80, 3, 2, 3
3, 80, 3, 2, 3
3, 80, 3, 2, 3
3, 80, 3, 4, 3
3, 80, 3, 4, 3
3, 80, 3, 4, 3
3, 80, 3, 4, 3
3, 80, 3, 4, 3
3, 80, 3, 4, 3
3, 80, 3, 4, 3
3, 80, 3, 4, 3
3, 80, 3, 4, 3
3, 80, 3, 4, 3
3, 80, 3, 4, 3
3, 80, 3, 4, 3
3, 80, 3, 4, 3
3, 80, 3, 4, 3
3, 80, 3, 4, 3
3, 80, 3, 4, 3
3, 80, 3, 4, 3
3, 80, 3, 4, 3
3, 80, 3, 4, 3
3, 80, 3, 4, 3
3, 80, 3, 4, 3
3, 80, 3, 4, 3
3, 80, 3, 4, 3
3, 80, 3, 4, 3
3, 80, 3, 4, 3
3, 80, 3, 4, 3
3, 80, 3, 4, 3
3, 80, 3, 4, 3
3, 80, 3, 4, 3
3, 80, 3, 4, 3
3, 80, 3, 4, 3
3, 80, 3, 4, 3
3, 80, 3, 4, 3
3, 80, 3, 4, 3
3, 80, 3, 4, 3
3, 80, 3, 4, 3
3, 80, 3, 4, 3
3, 80, 3, 4, 3
3, 80, 3, 4, 3
3, 80, 3, 4, 3
3, 40, 4, 3, 3
3, 40, 4, 3, 3
3, 40, 4, 3, 3
3, 40, 4, 3, 3
3, 40, 4, 3, 3
3, 40, 4, 3, 3
3, 40, 4, 3, 3
3, 40, 4, 3, 3
3, 40, 4, 3, 3
3, 40, 4, 3, 3
3, 40, 4, 3, 3
3, 40, 4, 3, 3
3, 40, 4, 3, 3
3, 40, 4, 3, 3
3, 40, 4, 3, 3
3, 40, 4, 3, 3
3, 40, 4, 3, 3
3, 40, 4, 3, 3
3, 40, 4, 3, 3
3, 40, 4, 3, 3
3, 40, 4, 3, 3
3, 40, 4, 3, 3
3, 40, 4, 3, 3
3, 40, 4, 3, 3
3, 40, 4, 3, 3
3, 40, 4, 3, 3
3, 40, 4, 3, 3
3, 40, 4, 3, 3
3, 40, 4, 3, 3
3, 40, 4, 3, 3
3, 40, 4, 3, 3
3, 40, 4, 3, 3
3, 40, 4, 3, 3
3, 40, 4, 3, 3
3, 40, 4, 3, 3
3, 40, 4, 3, 3
3, 40, 4, 3, 3
3, 40, 4, 3, 3
3, 40, 4, 3, 3
3, 40, 4, 3, 3
4, 8, 0, 10, 3
4, 8, 0, 10, 3
4, 8, 0, 10, 3
4, 8, 0, 10, 3
4, 8, 0, 11, 3
4, 8, 0, 11, 3
4, 8, 0, 11, 3
4, 8, 0, 11, 3
4, 8, 1, 10, 3
4, 8, 1, 10, 3
4, 8, 1, 10, 3
4, 8, 1, 10, 3
4, 8, 1, 11, 3
4, 8, 1, 11, 3
4, 8, 1, 11, 3
4, 8, 1, 11, 3
4, 8, 2, 10, 3
4, 8, 2, 10, 3
4, 8, 2, 10, 3
4, 8, 2, 10, 3
4, 8, 2, 11, 3
4, 8, 2, 11, 3
4, 8, 2, 11, 3
4, 8, 2, 11, 3
4, 8, 3, 10, 3
4, 8, 3, 10, 3
4, 8, 3, 10, 3
4, 8, 3, 10, 3
4, 8, 3, 11, 3
4, 8, 3, 11, 3
4, 8, 3, 11, 3
4, 8, 3, 11, 3
4, 8, 4, 10, 3
4, 8, 4, 10, 3
4, 8, 4, 10, 3
4, 8, 4, 10, 3
4, 8, 4, 11, 3
4, 8, 4, 11, 3
4, 8, 4, 11, 3
4, 8, 4, 11, 3
4, 8, 5, 10, 3
4, 8, 5, 10, 3
4, 8, 5, 10, 3
4, 8, 5, 10, 3
4, 8, 5, 11, 3
4, 8, 5, 11, 3
4, 8, 5, 11, 3
4, 8, 5, 11, 3
4, 8, 6, 10, 3
4, 8, 6, 10, 3
4, 8, 6, 10, 3
4, 8, 6, 10, 3
4, 8, 6, 11, 3
4, 8, 6, 11, 3
4, 8, 6, 11, 3
4, 8, 6, 11, 3
4, 8, 7, 10, 3
4, 8, 7, 10, 3
4, 8, 7, 10, 3
4, 8, 7, 10, 3
4, 8, 7, 11, 3
4, 8, 7, 11, 3
4, 8, 7, 11, 3
4, 8, 7, 11, 3
4, 8, 8, 10, 3
4, 8, 8, 10, 3
4, 8, 8, 10, 3
4, 8, 8, 10, 3
4, 8, 8, 11, 3
4, 8, 8, 11, 3
4, 8, 8, 11, 3
4, 8, 8, 11, 3
4, 8, 9, 10, 3
4, 8, 9, 10, 3
4, 8, 9, 10, 3
4, 8, 9, 10, 3
4, 8, 9, 11, 3
4, 8, 9, 11, 3
4, 8, 9, 11, 3
4, 8, 9, 11, 3
4, 40, 10, 0, 3
4, 40, 10, 0, 3
4, 40, 10, 0, 3
4, 40, 10, 0, 3
4, 40, 10, 1, 3
4, 40, 10, 1, 3
4, 40, 10, 1, 3
4, 40, 10, 1, 3
4, 40, 10, 2, 3
4, 40, 10, 2, 3
4, 40, 10, 2, 3
4, 40, 10, 2, 3
4, 40, 10, 3, 3
4, 40, 10, 3, 3
4, 40, 10, 3, 3
4, 40, 10, 3, 3
4, 40, 10, 4, 3
4, 40, 10, 4, 3
4, 40, 10, 4, 3
4, 40, 10, 4, 3
4, 40, 10, 5, 3
4, 40, 10, 5, 3
4, 40, 10, 5, 3
4, 40, 10, 5, 3
4, 40, 10, 6, 3
4, 40, 10, 6, 3
4, 40, 10, 6, 3
4, 40, 10, 6, 3
4, 40, 10, 7, 3
4, 40, 10, 7, 3
4, 40, 10, 7, 3
4, 40, 10, 7, 3
4, 40, 10, 8, 3
4, 40, 10, 8, 3
4, 40, 10, 8, 3
4, 40, 10, 8, 3
4, 40, 10, 9, 3
4, 40, 10, 9, 3
4, 40, 10, 9, 3
4, 40, 10, 9, 3
4, 40, 11, 0, 3
4, 40, 11, 0, 3
4, 40, 11, 0, 3
4, 40, 11, 0, 3
4, 40, 11, 1, 3
4, 40, 11, 1, 3
4, 40, 11, 1, 3
4, 40, 11, 1, 3
4, 40, 11, 2, 3
4, 40, 11, 2, 3
4, 40, 11, 2, 3
4, 40, 11, 2, 3
4, 40, 11, 3, 3
4, 40, 11, 3, 3
4, 40, 11, 3, 3
4, 40, 11, 3, 3
4, 40, 11, 4, 3
4, 40, 11, 4, 3
4, 40, 11, 4, 3
4, 40, 11, 4, 3
4, 40, 11, 5, 3
4, 40, 11, 5, 3
4, 40, 11, 5, 3
4, 40, 11, 5, 3
4, 40, 11, 6, 3
4, 40, 11, 6, 3
4, 40, 11, 6, 3
4, 40, 11, 6, 3
4, 40, 11, 7, 3
4, 40, 11, 7, 3
4, 40, 11, 7, 3
4, 40, 11, 7, 3
4, 40, 11, 8, 3
4, 40, 11, 8, 3
4, 40, 11, 8, 3
4, 40, 11, 8, 3
4, 40, 11, 9, 3
4, 40, 11, 9, 3
4, 40, 11, 9, 3
4, 40, 11, 9, 3
5, 8, 0, 10, 3
5, 8, 0, 10, 3
5, 8, 0, 10, 3
5, 8, 0, 10, 3
5, 8, 0, 11, 3
5, 8, 0, 11, 3
5, 8, 0, 11, 3
5, 8, 0, 11, 3
5, 8, 1, 10, 3
5, 8, 1, 10, 3
5, 8, 1, 10, 3
5, 8, 1, 10, 3
5, 8, 1, 11, 3
5, 8, 1, 11, 3
5, 8, 1, 11, 3
5, 8, 1, 11, 3
5, 8, 2, 10, 3
5, 8, 2, 10, 3
5, 8, 2, 10, 3
5, 8, 2, 10, 3
5, 8, 2, 11, 3
5, 8, 2, 11, 3
5, 8, 2, 11, 3
5, 8, 2, 11, 3
5, 8, 3, 10, 3
5, 8, 3, 10, 3
5, 8, 3, 10, 3
5, 8, 3, 10, 3
5, 8, 3, 11, 3
5, 8, 3, 11, 3
5, 8, 3, 11, 3
5, 8, 3, 11, 3
5, 8, 4, 10, 3
5, 8, 4, 10, 3
5, 8, 4, 10, 3
5, 8, 4, 10, 3
5, 8, 4, 11, 3
5, 8, 4, 11, 3
5, 8, 4, 11, 3
5, 8, 4, 11, 3
5, 8, 5, 10, 3
5, 8, 5, 10, 3
5, 8, 5, 10, 3
5, 8, 5, 10, 3
5, 8, 5, 11, 3
5, 8, 5, 11, 3
5, 8, 5, 11, 3
5, 8, 5, 11, 3
5, 8, 6, 10, 3
5, 8, 6, 10, 3
5, 8, 6, 10, 3
5, 8, 6, 10, 3
5, 8, 6, 11, 3
5, 8, 6, 11, 3
5, 8, 6, 11, 3
5, 8, 6, 11, 3
5, 8, 7, 10, 3
5, 8, 7, 10, 3
5, 8, 7, 10, 3
5, 8, 7, 10, 3
5, 8, 7, 11, 3
5, 8, 7, 11, 3
5, 8, 7, 11, 3
5, 8, 7, 11, 3
5, 8, 8, 10, 3
5, 8, 8, 10, 3
5, 8, 8, 10, 3
5, 8, 8, 10, 3
5, 8, 8, 11, 3
5, 8, 8, 11, 3
5, 8, 8, 11, 3
5, 8, 8, 11, 3
5, 8, 9, 10, 3
5, 8, 9, 10, 3
5, 8, 9, 10, 3
5, 8, 9, 10, 3
5, 8, 9, 11, 3
5, 8, 9, 11, 3
5, 8, 9, 11, 3
5, 8, 9, 11, 3
5, 40, 10, 0, 3
5, 40, 10, 0, 3
5, 40, 10, 0, 3
5, 40, 10, 0, 3
5, 40, 10, 1, 3
5, 40, 10, 1, 3
5, 40, 10, 1, 3
5, 40, 10, 1, 3
5, 40, 10, 2, 3
5, 40, 10, 2, 3
5, 40, 10, 2, 3
5, 40, 10, 2, 3
5, 40, 10, 3, 3
5, 40, 10, 3, 3
5, 40, 10, 3, 3
5, 40, 10, 3, 3
5, 40, 10, 4, 3
5, 40, 10, 4, 3
5, 40, 10, 4, 3
5, 40, 10, 4, 3
5, 40, 10, 5, 3
5, 40, 10, 5, 3
5, 40, 10, 5, 3
5, 40, 10, 5, 3
5, 40, 10, 6, 3
5, 40, 10, 6, 3
5, 40, 10, 6, 3
5, 40, 10, 6, 3
5, 40, 10, 7, 3
5, 40, 10, 7, 3
5, 40, 10, 7, 3
5, 40, 10, 7, 3
5, 40, 10, 8, 3
5, 40, 10, 8, 3
5, 40, 10, 8, 3
5, 40, 10, 8, 3
5, 40, 10, 9, 3
5, 40, 10, 9, 3
5, 40, 10, 9, 3
5, 40, 10, 9, 3
5, 40, 11, 0, 3
5, 40, 11, 0, 3
5, 40, 11, 0, 3
5, 40, 11, 0, 3
5, 40, 11, 1, 3
5, 40, 11, 1, 3
5, 40, 11, 1, 3
5, 40, 11, 1, 3
5, 40, 11, 2, 3
5, 40, 11, 2, 3
5, 40, 11, 2, 3
5, 40, 11, 2, 3
5, 40, 11, 3, 3
5, 40, 11, 3, 3
5, 40, 11, 3, 3
5, 40, 11, 3, 3
5, 40, 11, 4, 3
5, 40, 11, 4, 3
5, 40, 11, 4, 3
5, 40, 11, 4, 3
5, 40, 11, 5, 3
5, 40, 11, 5, 3
5, 40, 11, 5, 3
5, 40, 11, 5, 3
5, 40, 11, 6, 3
5, 40, 11, 6, 3
5, 40, 11, 6, 3
5, 40, 11, 6, 3
5, 40, 11, 7, 3
5, 40, 11, 7, 3
5, 40, 11, 7, 3
5, 40, 11, 7, 3
5, 40, 11, 8, 3
5, 40, 11, 8, 3
5, 40, 11, 8, 3
5, 40, 11, 8, 3
5, 40, 11, 9, 3
5, 40, 11, 9, 3
5, 40, 11, 9, 3
5, 40, 11, 9, 3
6, 8, 0, 10, 3
6, 8, 0, 10, 3
6, 8, 0, 10, 3
6, 8, 0, 10, 3
6, 8, 0, 11, 3
6, 8, 0, 11, 3
6, 8, 0, 11, 3
6, 8, 0, 11, 3
6, 8, 1, 10, 3
6, 8, 1, 10, 3
6, 8, 1, 10, 3
6, 8, 1, 10, 3
6, 8, 1, 11, 3
6, 8, 1, 11, 3
6, 8, 1, 11, 3
6, 8, 1, 11, 3
6, 8, 2, 10, 3
6, 8, 2, 10, 3
6, 8, 2, 10, 3
6, 8, 2, 10, 3
6, 8, 2, 11, 3
6, 8, 2, 11, 3
6, 8, 2, 11, 3
6, 8, 2, 11, 3
6, 8, 3, 10, 3
6, 8, 3, 10, 3
6, 8, 3, 10, 3
6, 8, 3, 10, 3
6, 8, 3, 11, 3
6, 8, 3, 11, 3
6, 8, 3, 11, 3
6, 8, 3, 11, 3
6, 8, 4, 10, 3
6, 8, 4, 10, 3
6, 8, 4, 10, 3
6, 8, 4, 10, 3
6, 8, 4, 11, 3
6, 8, 4, 11, 3
6, 8, 4, 11, 3
6, 8, 4, 11, 3
6, 8, 5, 10, 3
6, 8, 5, 10, 3
6, 8, 5, 10, 3
6, 8, 5, 10, 3
6, 8, 5, 11, 3
6, 8, 5, 11, 3
6, 8, 5, 11, 3
6, 8, 5, 11, 3
6, 8, 6, 10, 3
6, 8, 6, 10, 3
6, 8, 6, 10, 3
6, 8, 6, 10, 3
6, 8, 6, 11, 3
6, 8, 6, 11, 3
6, 8, 6, 11, 3
6, 8, 6, 11, 3
6, 8, 7, 10, 3
6, 8, 7, 10, 3
6, 8, 7, 10, 3
6, 8, 7, 10, 3
6, 8, 7, 11, 3
6, 8, 7, 11, 3
6, 8, 7, 11, 3
6, 8, 7, 11, 3
6, 8, 8, 10, 3
6, 8, 8, 10, 3
6, 8, 8, 10, 3
6, 8, 8, 10, 3
6, 8, 8, 11, 3
6, 8, 8, 11, 3
6, 8, 8, 11, 3
6, 8, 8, 11, 3
6, 8, 9, 10, 3
6, 8, 9, 10, 3
6, 8, 9, 10, 3
6, 8, 9, 10, 3
6, 8, 9, 11, 3
6, 8, 9, 11, 3
6, 8, 9, 11, 3
6, 8, 9, 11, 3
6, 40, 10, 0, 3
6, 40, 10, 0, 3
6, 40, 10, 0, 3
6, 40, 10, 0, 3
6, 40, 10, 1, 3
6, 40, 10, 1, 3
6, 40, 10, 1, 3
6, 40, 10, 1, 3
6, 40, 10, 2, 3
6, 40, 10, 2, 3
6, 40, 10, 2, 3
6, 40, 10, 2, 3
6, 40, 10, 3, 3
6, 40, 10, 3, 3
6, 40, 10, 3, 3
6, 40, 10, 3, 3
6, 40, 10, 4, 3
6, 40, 10, 4, 3
6, 40, 10, 4, 3
6, 40, 10, 4, 3
6, 40, 10, 5, 3
6, 40, 10, 5, 3
6, 40, 10, 5, 3
6, 40, 10, 5, 3
6, 40, 10, 6, 3
6, 40, 10, 6, 3
6, 40, 10, 6, 3
6, 40, 10, 6, 3
6, 40, 10, 7, 3
6, 40, 10, 7, 3
6, 40, 10, 7, 3
6, 40, 10, 7, 3
6, 40, 10, 8, 3
6, 40, 10, 8, 3
6, 40, 10, 8, 3
6, 40, 10, 8, 3
6, 40, 10, 9, 3
6, 40, 10, 9, 3
6, 40, 10, 9, 3
6, 40, 10, 9, 3
6, 40, 11, 0, 3
6, 40, 11, 0, 3
6, 40, 11, 0, 3
6, 40, 11, 0, 3
6, 40, 11, 1, 3
6, 40, 11, 1, 3
6, 40, 11, 1, 3
6, 40, 11, 1, 3
6, 40, 11, 2, 3
6, 40, 11, 2, 3
6, 40, 11, 2, 3
6, 40, 11, 2, 3
6, 40, 11, 3, 3
6, 40, 11, 3, 3
6, 40, 11, 3, 3
6, 40, 11, 3, 3
6, 40, 11, 4, 3
6, 40, 11, 4, 3
6, 40, 11, 4, 3
6, 40, 11, 4, 3
6, 40, 11, 5, 3
6, 40, 11, 5, 3
6, 40, 11, 5, 3
6, 40, 11, 5, 3
6, 40, 11, 6, 3
6, 40, 11, 6, 3
6, 40, 11, 6, 3
6, 40, 11, 6, 3
6, 40, 11, 7, 3
6, 40, 11, 7, 3
6, 40, 11, 7, 3
6, 40, 11, 7, 3
6, 40, 11, 8, 3
6, 40, 11, 8, 3
6, 40, 11, 8, 3
6, 40, 11, 8, 3
6, 40, 11, 9, 3
6, 40, 11, 9, 3
6, 40, 11, 9, 3
6, 40, 11, 9, 3
7, 8, 0, 10, 3
7, 8, 0, 10, 3
7, 8, 0, 10, 3
7, 8, 0, 10, 3
7, 8, 0, 11, 3
7, 8, 0, 11, 3
7, 8, 0, 11, 3
7, 8, 0, 11, 3
7, 8, 1, 10, 3
7, 8, 1, 10, 3
7, 8, 1, 10, 3
7, 8, 1, 10, 3
7, 8, 1, 11, 3
7, 8, 1, 11, 3
7, 8, 1, 11, 3
7, 8, 1, 11, 3
7, 8, 2, 10, 3
7, 8, 2, 10, 3
7, 8, 2, 10, 3
7, 8, 2, 10, 3
7, 8, 2, 11, 3
7, 8, 2, 11, 3
7, 8, 2, 11, 3
7, 8, 2, 11, 3
7, 8, 3, 10, 3
7, 8, 3, 10, 3
7, 8, 3, 10, 3
7, 8, 3, 10, 3
7, 8, 3, 11, 3
7, 8, 3, 11, 3
7, 8, 3, 11, 3
7, 8, 3, 11, 3
7, 8, 4, 10, 3
7, 8, 4, 10, 3
7, 8, 4, 10, 3
7, 8, 4, 10, 3
7, 8, 4, 11, 3
7, 8, 4, 11, 3
7, 8, 4, 11, 3
7, 8, 4, 11, 3
7, 8, 5, 10, 3
7, 8, 5, 10, 3
7, 8, 5, 10, 3
7, 8, 5, 10, 3
7, 8, 5, 11, 3
7, 8, 5, 11, 3
7, 8, 5, 11, 3
7, 8, 5, 11, 3
7, 8, 6, 10, 3
7, 8, 6, 10, 3
7, 8, 6, 10, 3
7, 8, 6, 10, 3
7, 8, 6, 11, 3
7, 8, 6, 11, 3
7, 8, 6, 11, 3
7, 8, 6, 11, 3
7, 8, 7, 10, 3
7, 8, 7, 10, 3
7, 8, 7, 10, 3
7, 8, 7, 10, 3
7, 8, 7, 11, 3
7, 8, 7, 11, 3
7, 8, 7, 11, 3
7, 8, 7, 11, 3
7, 8, 8, 10, 3
7, 8, 8, 10, 3
7, 8, 8, 10, 3
7, 8, 8, 10, 3
7, 8, 8, 11, 3
7, 8, 8, 11, 3
7, 8, 8, 11, 3
7, 8, 8, 11, 3
7, 8, 9, 10, 3
7, 8, 9, 10, 3
7, 8, 9, 10, 3
7, 8, 9, 10, 3
7, 8, 9, 11, 3
7, 8, 9, 11, 3
7, 8, 9, 11, 3
7, 8, 9, 11, 3
7, 40, 10, 0, 3
7, 40, 10, 0, 3
7, 40, 10, 0, 3
7, 40, 10, 0, 3
7, 40, 10, 1, 3
7, 40, 10, 1, 3
7, 40, 10, 1, 3
7, 40, 10, 1, 3
7, 40, 10, 2, 3
7, 40, 10, 2, 3
7, 40, 10, 2, 3
7, 40, 10, 2, 3
7, 40, 10, 3, 3
7, 40, 10, 3, 3
7, 40, 10, 3, 3
7, 40, 10, 3, 3
7, 40, 10, 4, 3
7, 40, 10, 4, 3
7, 40, 10, 4, 3
7, 40, 10, 4, 3
7, 40, 10, 5, 3
7, 40, 10, 5, 3
7, 40, 10, 5, 3
7, 40, 10, 5, 3
7, 40, 10, 6, 3
7, 40, 10, 6, 3
7, 40, 10, 6, 3
7, 40, 10, 6, 3
7, 40, 10, 7, 3
7, 40, 10, 7, 3
7, 40, 10, 7, 3
7, 40, 10, 7, 3
7, 40, 10, 8, 3
7, 40, 10, 8, 3
7, 40, 10, 8, 3
7, 40, 10, 8, 3
7, 40, 10, 9, 3
7, 40, 10, 9, 3
7, 40, 10, 9, 3
7, 40, 10, 9, 3
7, 40, 11, 0, 3
7, 40, 11, 0, 3
7, 40, 11, 0, 3
7, 40, 11, 0, 3
7, 40, 11, 1, 3
7, 40, 11, 1, 3
7, 40, 11, 1, 3
7, 40, 11, 1, 3
7, 40, 11, 2, 3
7, 40, 11, 2, 3
7, 40, 11, 2, 3
7, 40, 11, 2, 3
7, 40, 11, 3, 3
7, 40, 11, 3, 3
7, 40, 11, 3, 3
7, 40, 11, 3, 3
7, 40, 11, 4, 3
7, 40, 11, 4, 3
7, 40, 11, 4, 3
7, 40, 11, 4, 3
7, 40, 11, 5, 3
7, 40, 11, 5, 3
7, 40, 11, 5, 3
7, 40, 11, 5, 3
7, 40, 11, 6, 3
7, 40, 11, 6, 3
7, 40, 11, 6, 3
7, 40, 11, 6, 3
7, 40, 11, 7, 3
7, 40, 11, 7, 3
7, 40, 11, 7, 3
7, 40, 11, 7, 3
7, 40, 11, 8, 3
7, 40, 11, 8, 3
7, 40, 11, 8, 3
7, 40, 11, 8, 3
7, 40, 11, 9, 3
7, 40, 11, 9, 3
7, 40, 11, 9, 3
7, 40, 11, 9, 3
Goal
4
5
6
7
