CG
72
0, 66, -1, 16
0, 66, -1, 16
0, 66, -1, 8
0, 66, -1, 8
0, 66, -1, 12
0, 66, -1, 12
0, 66, -1, 20
0, 66, 71, 19
0, 66, 11, 3
0, 66, 55, 16
0, 66, 58, 16
0, 66, 43, 8
0, 66, 47, 8
0, 66, 30, 12
0, 66, 37, 12
0, 66, 12, 4
0, 66, 4, 1
0, 66, 13, 4
0, 66, 5, 1
0, 66, -1, 3
0, 66, -1, 3
0, 66, -1, 3
0, 66, -1, 3
0, 66, 19, 4
0, 66, -1, 16
0, 66, 56, 16
0, 66, 57, 16
0, 66, -1, 16
0, 66, 63, 16
0, 66, 64, 16
0, 66, 44, 8
0, 66, 45, 8
0, 66, 48, 8
0, 66, 49, 8
0, 66, 31, 12
0, 66, -1, 12
0, 66, 32, 12
0, 66, 35, 12
0, 66, 38, 12
0, 66, -1, 12
0, 66, 39, 12
0, 66, 40, 12
0, 66, -1, 1
0, 66, 14, 4
0, 66, -1, 4
0, 66, -1, 3
0, 66, 15, 4
0, 66, 6, 1
0, 66, 7, 1
0, 66, -1, 1
0, 66, 16, 4
0, 66, -1, 4
0, 66, -1, 3
0, 66, 17, 4
0, 66, 8, 1
0, 66, 9, 1
0, 66, -1, 3
0, 66, -1, 3
0, 66, -1, 3
0, 66, -1, 3
0, 66, 3, 3
0, 66, -1, 6
0, 66, -1, 3
0, 66, -1, 3
0, 66, -1, 3
0, 66, -1, 20
0, 66, 54, 16
0, 66, 70, 16
0, 66, 41, 8
0, 66, 42, 8
0, 66, 26, 12
0, 66, 27, 12
0, 66, 59, 20
0, 66, 60, 16
0, 66, 66, 16
0, 66, 24, 6
0, 66, 20, 6
0, 66, 25, 6
0, 66, 21, 6
0, 66, 61, 16
0, 66, 67, 16
0, 66, 62, 16
0, 66, 68, 16
0, 66, 65, 20
0, 66, 51, 8
0, 66, 52, 8
0, 66, 33, 4
0, 66, 28, 4
0, 66, 34, 4
0, 66, 29, 4
0, 66, -1, 3
0, 66, 46, 8
0, 66, 50, 8
0, 66, -1, 12
0, 66, -1, 12
0, 66, 36, 12
0, 66, 53, 12
0, 66, 22, 6
0, 66, 23, 6
1, 18, -1, 8
1, 18, -1, 8
1, 18, -1, 8
1, 18, 55, 8
1, 18, 58, 8
1, 18, -1, 8
1, 18, 56, 8
1, 18, 57, 8
1, 18, -1, 8
1, 18, 63, 8
1, 18, 64, 8
1, 18, -1, 8
1, 18, 54, 8
1, 18, 70, 8
1, 18, 59, 8
1, 18, 60, 8
1, 18, 66, 8
1, 18, 61, 8
1, 18, 67, 8
1, 18, 62, 8
1, 18, 68, 8
1, 18, 65, 8
1, 18, 51, 8
1, 18, 52, 8
2, 18, -1, 6
2, 18, -1, 6
2, 18, 11, 3
2, 18, 30, 6
2, 18, 37, 6
2, 18, -1, 3
2, 18, -1, 3
2, 18, 19, 3
2, 18, 31, 6
2, 18, -1, 6
2, 18, 32, 6
2, 18, 35, 6
2, 18, 38, 6
2, 18, -1, 6
2, 18, 39, 6
2, 18, 40, 6
2, 18, -1, 3
2, 18, 26, 6
2, 18, 27, 6
2, 18, 20, 6
2, 18, 21, 6
2, 18, -1, 6
2, 18, -1, 6
2, 18, 36, 6
2, 18, 53, 6
2, 18, 22, 6
2, 18, 23, 6
3, 16, -1, 8
3, 16, -1, 8
3, 16, -1, 12
3, 16, 55, 8
3, 16, 58, 8
3, 16, -1, 8
3, 16, 56, 8
3, 16, 57, 8
3, 16, -1, 8
3, 16, 63, 8
3, 16, 64, 8
3, 16, -1, 12
3, 16, 54, 8
3, 16, 70, 8
3, 16, 59, 12
3, 16, 60, 8
3, 16, 66, 8
3, 16, 61, 8
3, 16, 67, 8
3, 16, 62, 8
3, 16, 68, 8
3, 16, 65, 12
4, 36, -1, 8
4, 36, -1, 8
4, 36, -1, 6
4, 36, -1, 6
4, 36, -1, 10
4, 36, 55, 8
4, 36, 58, 8
4, 36, 30, 6
4, 36, 37, 6
4, 36, -1, 8
4, 36, 56, 8
4, 36, 57, 8
4, 36, -1, 8
4, 36, 63, 8
4, 36, 64, 8
4, 36, 31, 6
4, 36, -1, 6
4, 36, 32, 6
4, 36, 35, 6
4, 36, 38, 6
4, 36, -1, 6
4, 36, 39, 6
4, 36, 40, 6
4, 36, -1, 10
4, 36, 54, 8
4, 36, 70, 8
4, 36, 26, 6
4, 36, 27, 6
4, 36, 59, 10
4, 36, 60, 8
4, 36, 66, 8
4, 36, 24, 3
4, 36, 20, 3
4, 36, 25, 3
4, 36, 21, 3
4, 36, 61, 8
4, 36, 67, 8
4, 36, 62, 8
4, 36, 68, 8
4, 36, 65, 10
4, 36, 51, 4
4, 36, 52, 4
4, 36, -1, 6
4, 36, -1, 6
4, 36, 36, 6
4, 36, 53, 6
4, 36, 22, 3
4, 36, 23, 3
5, 36, -1, 8
5, 36, -1, 8
5, 36, -1, 6
5, 36, -1, 6
5, 36, -1, 10
5, 36, 55, 8
5, 36, 58, 8
5, 36, 30, 6
5, 36, 37, 6
5, 36, -1, 8
5, 36, 56, 8
5, 36, 57, 8
5, 36, -1, 8
5, 36, 63, 8
5, 36, 64, 8
5, 36, 31, 6
5, 36, -1, 6
5, 36, 32, 6
5, 36, 35, 6
5, 36, 38, 6
5, 36, -1, 6
5, 36, 39, 6
5, 36, 40, 6
5, 36, -1, 10
5, 36, 54, 8
5, 36, 70, 8
5, 36, 26, 6
5, 36, 27, 6
5, 36, 59, 10
5, 36, 60, 8
5, 36, 66, 8
5, 36, 24, 3
5, 36, 20, 3
5, 36, 25, 3
5, 36, 21, 3
5, 36, 61, 8
5, 36, 67, 8
5, 36, 62, 8
5, 36, 68, 8
5, 36, 65, 10
5, 36, 51, 4
5, 36, 52, 4
5, 36, -1, 6
5, 36, -1, 6
5, 36, 36, 6
5, 36, 53, 6
5, 36, 22, 3
5, 36, 23, 3
6, 36, -1, 8
6, 36, -1, 8
6, 36, -1, 6
6, 36, -1, 6
6, 36, -1, 10
6, 36, 55, 8
6, 36, 58, 8
6, 36, 30, 6
6, 36, 37, 6
6, 36, -1, 8
6, 36, 56, 8
6, 36, 57, 8
6, 36, -1, 8
6, 36, 63, 8
6, 36, 64, 8
6, 36, 31, 6
6, 36, -1, 6
6, 36, 32, 6
6, 36, 35, 6
6, 36, 38, 6
6, 36, -1, 6
6, 36, 39, 6
6, 36, 40, 6
6, 36, -1, 10
6, 36, 54, 8
6, 36, 70, 8
6, 36, 26, 6
6, 36, 27, 6
6, 36, 59, 10
6, 36, 60, 8
6, 36, 66, 8
6, 36, 24, 3
6, 36, 20, 3
6, 36, 25, 3
6, 36, 21, 3
6, 36, 61, 8
6, 36, 67, 8
6, 36, 62, 8
6, 36, 68, 8
6, 36, 65, 10
6, 36, 51, 4
6, 36, 52, 4
6, 36, -1, 6
6, 36, -1, 6
6, 36, 36, 6
6, 36, 53, 6
6, 36, 22, 3
6, 36, 23, 3
7, 36, -1, 8
7, 36, -1, 8
7, 36, -1, 6
7, 36, -1, 6
7, 36, -1, 10
7, 36, 55, 8
7, 36, 58, 8
7, 36, 30, 6
7, 36, 37, 6
7, 36, -1, 8
7, 36, 56, 8
7, 36, 57, 8
7, 36, -1, 8
7, 36, 63, 8
7, 36, 64, 8
7, 36, 31, 6
7, 36, -1, 6
7, 36, 32, 6
7, 36, 35, 6
7, 36, 38, 6
7, 36, -1, 6
7, 36, 39, 6
7, 36, 40, 6
7, 36, -1, 10
7, 36, 54, 8
7, 36, 70, 8
7, 36, 26, 6
7, 36, 27, 6
7, 36, 59, 10
7, 36, 60, 8
7, 36, 66, 8
7, 36, 24, 3
7, 36, 20, 3
7, 36, 25, 3
7, 36, 21, 3
7, 36, 61, 8
7, 36, 67, 8
7, 36, 62, 8
7, 36, 68, 8
7, 36, 65, 10
7, 36, 51, 4
7, 36, 52, 4
7, 36, -1, 6
7, 36, -1, 6
7, 36, 36, 6
7, 36, 53, 6
7, 36, 22, 3
7, 36, 23, 3
8, 36, -1, 8
8, 36, -1, 8
8, 36, -1, 6
8, 36, -1, 6
8, 36, -1, 10
8, 36, 55, 8
8, 36, 58, 8
8, 36, 30, 6
8, 36, 37, 6
8, 36, -1, 8
8, 36, 56, 8
8, 36, 57, 8
8, 36, -1, 8
8, 36, 63, 8
8, 36, 64, 8
8, 36, 31, 6
8, 36, -1, 6
8, 36, 32, 6
8, 36, 35, 6
8, 36, 38, 6
8, 36, -1, 6
8, 36, 39, 6
8, 36, 40, 6
8, 36, -1, 10
8, 36, 54, 8
8, 36, 70, 8
8, 36, 26, 6
8, 36, 27, 6
8, 36, 59, 10
8, 36, 60, 8
8, 36, 66, 8
8, 36, 24, 3
8, 36, 20, 3
8, 36, 25, 3
8, 36, 21, 3
8, 36, 61, 8
8, 36, 67, 8
8, 36, 62, 8
8, 36, 68, 8
8, 36, 65, 10
8, 36, 51, 4
8, 36, 52, 4
8, 36, -1, 6
8, 36, -1, 6
8, 36, 36, 6
8, 36, 53, 6
8, 36, 22, 3
8, 36, 23, 3
9, 36, -1, 8
9, 36, -1, 8
9, 36, -1, 6
9, 36, -1, 6
9, 36, -1, 10
9, 36, 55, 8
9, 36, 58, 8
9, 36, 30, 6
9, 36, 37, 6
9, 36, -1, 8
9, 36, 56, 8
9, 36, 57, 8
9, 36, -1, 8
9, 36, 63, 8
9, 36, 64, 8
9, 36, 31, 6
9, 36, -1, 6
9, 36, 32, 6
9, 36, 35, 6
9, 36, 38, 6
9, 36, -1, 6
9, 36, 39, 6
9, 36, 40, 6
9, 36, -1, 10
9, 36, 54, 8
9, 36, 70, 8
9, 36, 26, 6
9, 36, 27, 6
9, 36, 59, 10
9, 36, 60, 8
9, 36, 66, 8
9, 36, 24, 3
9, 36, 20, 3
9, 36, 25, 3
9, 36, 21, 3
9, 36, 61, 8
9, 36, 67, 8
9, 36, 62, 8
9, 36, 68, 8
9, 36, 65, 10
9, 36, 51, 4
9, 36, 52, 4
9, 36, -1, 6
9, 36, -1, 6
9, 36, 36, 6
9, 36, 53, 6
9, 36, 22, 3
9, 36, 23, 3
10, 3, 71, 4
10, 3, 69, 4
10, 3, 18, 4
11, 54, -1, 16
11, 54, -1, 16
11, 54, -1, 12
11, 54, -1, 12
11, 54, -1, 20
11, 54, 71, 6
11, 54, 55, 16
11, 54, 58, 16
11, 54, 30, 12
11, 54, 37, 12
11, 54, 12, 8
11, 54, 4, 2
11, 54, 13, 8
11, 54, 5, 2
11, 54, 0, 3
11, 54, -1, 3
11, 54, 19, 2
11, 54, -1, 16
11, 54, 56, 16
11, 54, 57, 16
11, 54, -1, 16
11, 54, 63, 16
11, 54, 64, 16
11, 54, 31, 12
11, 54, -1, 12
11, 54, 32, 12
11, 54, 35, 12
11, 54, 38, 12
11, 54, -1, 12
11, 54, 39, 12
11, 54, 40, 12
11, 54, -1, 2
11, 54, 14, 8
11, 54, -1, 8
11, 54, -1, 6
11, 54, 15, 8
11, 54, 6, 2
11, 54, 7, 2
11, 54, -1, 2
11, 54, 16, 8
11, 54, -1, 8
11, 54, -1, 6
11, 54, 17, 8
11, 54, 8, 2
11, 54, 9, 2
11, 54, -1, 3
11, 54, 1, 3
11, 54, -1, 3
11, 54, 3, 3
11, 54, 2, 3
11, 54, -1, 20
11, 54, 54, 16
11, 54, 70, 16
11, 54, 26, 12
11, 54, 27, 12
11, 54, 59, 20
11, 54, 60, 16
11, 54, 66, 16
11, 54, 24, 6
11, 54, 20, 6
11, 54, 25, 6
11, 54, 21, 6
11, 54, 61, 16
11, 54, 67, 16
11, 54, 62, 16
11, 54, 68, 16
11, 54, 65, 20
11, 54, 51, 8
11, 54, 52, 8
11, 54, -1, 12
11, 54, -1, 12
11, 54, 36, 12
11, 54, 53, 12
11, 54, 22, 6
11, 54, 23, 6
12, 36, -1, 8
12, 36, -1, 8
12, 36, -1, 6
12, 36, -1, 6
12, 36, -1, 10
12, 36, 55, 8
12, 36, 58, 8
12, 36, 30, 6
12, 36, 37, 6
12, 36, -1, 8
12, 36, 56, 8
12, 36, 57, 8
12, 36, -1, 8
12, 36, 63, 8
12, 36, 64, 8
12, 36, 31, 6
12, 36, -1, 6
12, 36, 32, 6
12, 36, 35, 6
12, 36, 38, 6
12, 36, -1, 6
12, 36, 39, 6
12, 36, 40, 6
12, 36, -1, 10
12, 36, 54, 8
12, 36, 70, 8
12, 36, 26, 6
12, 36, 27, 6
12, 36, 59, 10
12, 36, 60, 8
12, 36, 66, 8
12, 36, 24, 3
12, 36, 20, 3
12, 36, 25, 3
12, 36, 21, 3
12, 36, 61, 8
12, 36, 67, 8
12, 36, 62, 8
12, 36, 68, 8
12, 36, 65, 10
12, 36, 51, 4
12, 36, 52, 4
12, 36, -1, 6
12, 36, -1, 6
12, 36, 36, 6
12, 36, 53, 6
12, 36, 22, 3
12, 36, 23, 3
13, 36, -1, 8
13, 36, -1, 8
13, 36, -1, 6
13, 36, -1, 6
13, 36, -1, 10
13, 36, 55, 8
13, 36, 58, 8
13, 36, 30, 6
13, 36, 37, 6
13, 36, -1, 8
13, 36, 56, 8
13, 36, 57, 8
13, 36, -1, 8
13, 36, 63, 8
13, 36, 64, 8
13, 36, 31, 6
13, 36, -1, 6
13, 36, 32, 6
13, 36, 35, 6
13, 36, 38, 6
13, 36, -1, 6
13, 36, 39, 6
13, 36, 40, 6
13, 36, -1, 10
13, 36, 54, 8
13, 36, 70, 8
13, 36, 26, 6
13, 36, 27, 6
13, 36, 59, 10
13, 36, 60, 8
13, 36, 66, 8
13, 36, 24, 3
13, 36, 20, 3
13, 36, 25, 3
13, 36, 21, 3
13, 36, 61, 8
13, 36, 67, 8
13, 36, 62, 8
13, 36, 68, 8
13, 36, 65, 10
13, 36, 51, 4
13, 36, 52, 4
13, 36, -1, 6
13, 36, -1, 6
13, 36, 36, 6
13, 36, 53, 6
13, 36, 22, 3
13, 36, 23, 3
14, 36, -1, 8
14, 36, -1, 8
14, 36, -1, 6
14, 36, -1, 6
14, 36, -1, 10
14, 36, 55, 8
14, 36, 58, 8
14, 36, 30, 6
14, 36, 37, 6
14, 36, -1, 8
14, 36, 56, 8
14, 36, 57, 8
14, 36, -1, 8
14, 36, 63, 8
14, 36, 64, 8
14, 36, 31, 6
14, 36, -1, 6
14, 36, 32, 6
14, 36, 35, 6
14, 36, 38, 6
14, 36, -1, 6
14, 36, 39, 6
14, 36, 40, 6
14, 36, -1, 10
14, 36, 54, 8
14, 36, 70, 8
14, 36, 26, 6
14, 36, 27, 6
14, 36, 59, 10
14, 36, 60, 8
14, 36, 66, 8
14, 36, 24, 3
14, 36, 20, 3
14, 36, 25, 3
14, 36, 21, 3
14, 36, 61, 8
14, 36, 67, 8
14, 36, 62, 8
14, 36, 68, 8
14, 36, 65, 10
14, 36, 51, 4
14, 36, 52, 4
14, 36, -1, 6
14, 36, -1, 6
14, 36, 36, 6
14, 36, 53, 6
14, 36, 22, 3
14, 36, 23, 3
15, 18, -1, 6
15, 18, -1, 6
15, 18, 30, 6
15, 18, 37, 6
15, 18, 31, 6
15, 18, -1, 6
15, 18, 32, 6
15, 18, 35, 6
15, 18, 38, 6
15, 18, -1, 6
15, 18, 39, 6
15, 18, 40, 6
15, 18, 26, 6
15, 18, 27, 6
15, 18, 24, 3
15, 18, 20, 3
15, 18, 25, 3
15, 18, 21, 3
15, 18, -1, 6
15, 18, -1, 6
15, 18, 36, 6
15, 18, 53, 6
15, 18, 22, 3
15, 18, 23, 3
16, 36, -1, 8
16, 36, -1, 8
16, 36, -1, 6
16, 36, -1, 6
16, 36, -1, 10
16, 36, 55, 8
16, 36, 58, 8
16, 36, 30, 6
16, 36, 37, 6
16, 36, -1, 8
16, 36, 56, 8
16, 36, 57, 8
16, 36, -1, 8
16, 36, 63, 8
16, 36, 64, 8
16, 36, 31, 6
16, 36, -1, 6
16, 36, 32, 6
16, 36, 35, 6
16, 36, 38, 6
16, 36, -1, 6
16, 36, 39, 6
16, 36, 40, 6
16, 36, -1, 10
16, 36, 54, 8
16, 36, 70, 8
16, 36, 26, 6
16, 36, 27, 6
16, 36, 59, 10
16, 36, 60, 8
16, 36, 66, 8
16, 36, 24, 3
16, 36, 20, 3
16, 36, 25, 3
16, 36, 21, 3
16, 36, 61, 8
16, 36, 67, 8
16, 36, 62, 8
16, 36, 68, 8
16, 36, 65, 10
16, 36, 51, 4
16, 36, 52, 4
16, 36, -1, 6
16, 36, -1, 6
16, 36, 36, 6
16, 36, 53, 6
16, 36, 22, 3
16, 36, 23, 3
17, 18, -1, 6
17, 18, -1, 6
17, 18, 30, 6
17, 18, 37, 6
17, 18, 31, 6
17, 18, -1, 6
17, 18, 32, 6
17, 18, 35, 6
17, 18, 38, 6
17, 18, -1, 6
17, 18, 39, 6
17, 18, 40, 6
17, 18, 26, 6
17, 18, 27, 6
17, 18, 24, 3
17, 18, 20, 3
17, 18, 25, 3
17, 18, 21, 3
17, 18, -1, 6
17, 18, -1, 6
17, 18, 36, 6
17, 18, 53, 6
17, 18, 22, 3
17, 18, 23, 3
18, 3, 71, 6
18, 3, 69, 6
18, 3, 10, 4
19, 36, -1, 16
19, 36, -1, 16
19, 36, -1, 12
19, 36, -1, 12
19, 36, -1, 20
19, 36, 55, 16
19, 36, 58, 16
19, 36, 30, 12
19, 36, 37, 12
19, 36, -1, 16
19, 36, 56, 16
19, 36, 57, 16
19, 36, -1, 16
19, 36, 63, 16
19, 36, 64, 16
19, 36, 31, 12
19, 36, -1, 12
19, 36, 32, 12
19, 36, 35, 12
19, 36, 38, 12
19, 36, -1, 12
19, 36, 39, 12
19, 36, 40, 12
19, 36, -1, 20
19, 36, 54, 16
19, 36, 70, 16
19, 36, 26, 12
19, 36, 27, 12
19, 36, 59, 20
19, 36, 60, 16
19, 36, 66, 16
19, 36, 24, 6
19, 36, 20, 6
19, 36, 25, 6
19, 36, 21, 6
19, 36, 61, 16
19, 36, 67, 16
19, 36, 62, 16
19, 36, 68, 16
19, 36, 65, 20
19, 36, 51, 8
19, 36, 52, 8
19, 36, -1, 12
19, 36, -1, 12
19, 36, 36, 12
19, 36, 53, 12
19, 36, 22, 6
19, 36, 23, 6
20, 13, -1, 2
20, 13, -1, 2
20, 13, 71, 4
20, 13, 43, 2
20, 13, 47, 2
20, 13, 44, 2
20, 13, 45, 2
20, 13, 48, 2
20, 13, 49, 2
20, 13, 41, 2
20, 13, 42, 2
20, 13, 28, 2
20, 13, 29, 2
20, 13, 46, 2
20, 13, 50, 2
21, 13, -1, 2
21, 13, -1, 2
21, 13, 71, 4
21, 13, 43, 2
21, 13, 47, 2
21, 13, 44, 2
21, 13, 45, 2
21, 13, 48, 2
21, 13, 49, 2
21, 13, 41, 2
21, 13, 42, 2
21, 13, 28, 2
21, 13, 29, 2
21, 13, 46, 2
21, 13, 50, 2
22, 13, -1, 2
22, 13, -1, 2
22, 13, 71, 4
22, 13, 43, 2
22, 13, 47, 2
22, 13, 44, 2
22, 13, 45, 2
22, 13, 48, 2
22, 13, 49, 2
22, 13, 41, 2
22, 13, 42, 2
22, 13, 28, 2
22, 13, 29, 2
22, 13, 46, 2
22, 13, 50, 2
23, 13, -1, 2
23, 13, -1, 2
23, 13, 71, 4
23, 13, 43, 2
23, 13, 47, 2
23, 13, 44, 2
23, 13, 45, 2
23, 13, 48, 2
23, 13, 49, 2
23, 13, 41, 2
23, 13, 42, 2
23, 13, 28, 2
23, 13, 29, 2
23, 13, 46, 2
23, 13, 50, 2
24, 13, -1, 2
24, 13, -1, 2
24, 13, 71, 4
24, 13, 43, 2
24, 13, 47, 2
24, 13, 44, 2
24, 13, 45, 2
24, 13, 48, 2
24, 13, 49, 2
24, 13, 41, 2
24, 13, 42, 2
24, 13, 33, 2
24, 13, 34, 2
24, 13, 46, 2
24, 13, 50, 2
25, 13, -1, 2
25, 13, -1, 2
25, 13, 71, 4
25, 13, 43, 2
25, 13, 47, 2
25, 13, 44, 2
25, 13, 45, 2
25, 13, 48, 2
25, 13, 49, 2
25, 13, 41, 2
25, 13, 42, 2
25, 13, 33, 2
25, 13, 34, 2
25, 13, 46, 2
25, 13, 50, 2
26, 21, -1, 2
26, 21, -1, 2
26, 21, -1, 12
26, 21, 71, 4
26, 21, 43, 2
26, 21, 47, 2
26, 21, 30, 12
26, 21, 44, 2
26, 21, 45, 2
26, 21, 48, 2
26, 21, 49, 2
26, 21, 31, 12
26, 21, -1, 12
26, 21, 32, 12
26, 21, 35, 12
26, 21, 41, 2
26, 21, 42, 2
26, 21, 24, 6
26, 21, 20, 6
26, 21, 33, 2
26, 21, 34, 2
26, 21, 46, 2
26, 21, 50, 2
26, 21, -1, 12
26, 21, 36, 12
26, 21, 22, 6
27, 21, -1, 2
27, 21, -1, 2
27, 21, -1, 12
27, 21, 71, 4
27, 21, 43, 2
27, 21, 47, 2
27, 21, 37, 12
27, 21, 44, 2
27, 21, 45, 2
27, 21, 48, 2
27, 21, 49, 2
27, 21, 38, 12
27, 21, -1, 12
27, 21, 39, 12
27, 21, 40, 12
27, 21, 41, 2
27, 21, 42, 2
27, 21, 25, 6
27, 21, 21, 6
27, 21, 33, 2
27, 21, 34, 2
27, 21, 46, 2
27, 21, 50, 2
27, 21, -1, 12
27, 21, 53, 12
27, 21, 23, 6
28, 16, -1, 4
28, 16, -1, 4
28, 16, -1, 6
28, 16, 55, 4
28, 16, 58, 4
28, 16, -1, 4
28, 16, 56, 4
28, 16, 57, 4
28, 16, -1, 4
28, 16, 63, 4
28, 16, 64, 4
28, 16, -1, 6
28, 16, 54, 4
28, 16, 70, 4
28, 16, 59, 6
28, 16, 60, 4
28, 16, 66, 4
28, 16, 61, 4
28, 16, 67, 4
28, 16, 62, 4
28, 16, 68, 4
28, 16, 65, 6
29, 16, -1, 4
29, 16, -1, 4
29, 16, -1, 6
29, 16, 55, 4
29, 16, 58, 4
29, 16, -1, 4
29, 16, 56, 4
29, 16, 57, 4
29, 16, -1, 4
29, 16, 63, 4
29, 16, 64, 4
29, 16, -1, 6
29, 16, 54, 4
29, 16, 70, 4
29, 16, 59, 6
29, 16, 60, 4
29, 16, 66, 4
29, 16, 61, 4
29, 16, 67, 4
29, 16, 62, 4
29, 16, 68, 4
29, 16, 65, 6
30, 15, -1, 4
30, 15, -1, 4
30, 15, 71, 8
30, 15, 43, 4
30, 15, 47, 4
30, 15, 44, 4
30, 15, 45, 4
30, 15, 48, 4
30, 15, 49, 4
30, 15, 41, 4
30, 15, 42, 4
30, 15, 33, 2
30, 15, 28, 2
30, 15, 34, 2
30, 15, 29, 2
30, 15, 46, 4
30, 15, 50, 4
31, 15, -1, 4
31, 15, -1, 4
31, 15, 71, 8
31, 15, 43, 4
31, 15, 47, 4
31, 15, 44, 4
31, 15, 45, 4
31, 15, 48, 4
31, 15, 49, 4
31, 15, 41, 4
31, 15, 42, 4
31, 15, 33, 2
31, 15, 28, 2
31, 15, 34, 2
31, 15, 29, 2
31, 15, 46, 4
31, 15, 50, 4
32, 15, -1, 4
32, 15, -1, 4
32, 15, 71, 8
32, 15, 43, 4
32, 15, 47, 4
32, 15, 44, 4
32, 15, 45, 4
32, 15, 48, 4
32, 15, 49, 4
32, 15, 41, 4
32, 15, 42, 4
32, 15, 33, 2
32, 15, 28, 2
32, 15, 34, 2
32, 15, 29, 2
32, 15, 46, 4
32, 15, 50, 4
33, 18, -1, 4
33, 18, -1, 4
33, 18, -1, 4
33, 18, 55, 4
33, 18, 58, 4
33, 18, -1, 4
33, 18, 56, 4
33, 18, 57, 4
33, 18, -1, 4
33, 18, 63, 4
33, 18, 64, 4
33, 18, -1, 4
33, 18, 54, 4
33, 18, 70, 4
33, 18, 59, 4
33, 18, 60, 4
33, 18, 66, 4
33, 18, 61, 4
33, 18, 67, 4
33, 18, 62, 4
33, 18, 68, 4
33, 18, 65, 4
33, 18, 51, 4
33, 18, 52, 4
34, 18, -1, 4
34, 18, -1, 4
34, 18, -1, 4
34, 18, 55, 4
34, 18, 58, 4
34, 18, -1, 4
34, 18, 56, 4
34, 18, 57, 4
34, 18, -1, 4
34, 18, 63, 4
34, 18, 64, 4
34, 18, -1, 4
34, 18, 54, 4
34, 18, 70, 4
34, 18, 59, 4
34, 18, 60, 4
34, 18, 66, 4
34, 18, 61, 4
34, 18, 67, 4
34, 18, 62, 4
34, 18, 68, 4
34, 18, 65, 4
34, 18, 51, 4
34, 18, 52, 4
35, 15, -1, 4
35, 15, -1, 4
35, 15, 71, 8
35, 15, 43, 4
35, 15, 47, 4
35, 15, 44, 4
35, 15, 45, 4
35, 15, 48, 4
35, 15, 49, 4
35, 15, 41, 4
35, 15, 42, 4
35, 15, 33, 2
35, 15, 28, 2
35, 15, 34, 2
35, 15, 29, 2
35, 15, 46, 4
35, 15, 50, 4
36, 15, -1, 4
36, 15, -1, 4
36, 15, 71, 8
36, 15, 43, 4
36, 15, 47, 4
36, 15, 44, 4
36, 15, 45, 4
36, 15, 48, 4
36, 15, 49, 4
36, 15, 41, 4
36, 15, 42, 4
36, 15, 33, 2
36, 15, 28, 2
36, 15, 34, 2
36, 15, 29, 2
36, 15, 46, 4
36, 15, 50, 4
37, 15, -1, 4
37, 15, -1, 4
37, 15, 71, 8
37, 15, 43, 4
37, 15, 47, 4
37, 15, 44, 4
37, 15, 45, 4
37, 15, 48, 4
37, 15, 49, 4
37, 15, 41, 4
37, 15, 42, 4
37, 15, 33, 2
37, 15, 28, 2
37, 15, 34, 2
37, 15, 29, 2
37, 15, 46, 4
37, 15, 50, 4
38, 15, -1, 4
38, 15, -1, 4
38, 15, 71, 8
38, 15, 43, 4
38, 15, 47, 4
38, 15, 44, 4
38, 15, 45, 4
38, 15, 48, 4
38, 15, 49, 4
38, 15, 41, 4
38, 15, 42, 4
38, 15, 33, 2
38, 15, 28, 2
38, 15, 34, 2
38, 15, 29, 2
38, 15, 46, 4
38, 15, 50, 4
39, 15, -1, 4
39, 15, -1, 4
39, 15, 71, 8
39, 15, 43, 4
39, 15, 47, 4
39, 15, 44, 4
39, 15, 45, 4
39, 15, 48, 4
39, 15, 49, 4
39, 15, 41, 4
39, 15, 42, 4
39, 15, 33, 2
39, 15, 28, 2
39, 15, 34, 2
39, 15, 29, 2
39, 15, 46, 4
39, 15, 50, 4
40, 15, -1, 4
40, 15, -1, 4
40, 15, 71, 8
40, 15, 43, 4
40, 15, 47, 4
40, 15, 44, 4
40, 15, 45, 4
40, 15, 48, 4
40, 15, 49, 4
40, 15, 41, 4
40, 15, 42, 4
40, 15, 33, 2
40, 15, 28, 2
40, 15, 34, 2
40, 15, 29, 2
40, 15, 46, 4
40, 15, 50, 4
41, 7, -1, 8
41, 7, 71, 8
41, 7, 43, 8
41, 7, 44, 8
41, 7, 45, 8
41, 7, 33, 4
41, 7, 28, 4
41, 7, 46, 8
42, 7, -1, 8
42, 7, 71, 8
42, 7, 47, 8
42, 7, 48, 8
42, 7, 49, 8
42, 7, 34, 4
42, 7, 29, 4
42, 7, 50, 8
43, 18, -1, 8
43, 18, -1, 8
43, 18, -1, 10
43, 18, 55, 8
43, 18, 58, 8
43, 18, -1, 8
43, 18, 56, 8
43, 18, 57, 8
43, 18, -1, 8
43, 18, 63, 8
43, 18, 64, 8
43, 18, -1, 10
43, 18, 54, 8
43, 18, 70, 8
43, 18, 59, 10
43, 18, 60, 8
43, 18, 66, 8
43, 18, 61, 8
43, 18, 67, 8
43, 18, 62, 8
43, 18, 68, 8
43, 18, 65, 10
43, 18, 51, 4
43, 18, 52, 4
44, 18, -1, 8
44, 18, -1, 8
44, 18, -1, 10
44, 18, 55, 8
44, 18, 58, 8
44, 18, -1, 8
44, 18, 56, 8
44, 18, 57, 8
44, 18, -1, 8
44, 18, 63, 8
44, 18, 64, 8
44, 18, -1, 10
44, 18, 54, 8
44, 18, 70, 8
44, 18, 59, 10
44, 18, 60, 8
44, 18, 66, 8
44, 18, 61, 8
44, 18, 67, 8
44, 18, 62, 8
44, 18, 68, 8
44, 18, 65, 10
44, 18, 51, 4
44, 18, 52, 4
45, 18, -1, 8
45, 18, -1, 8
45, 18, -1, 10
45, 18, 55, 8
45, 18, 58, 8
45, 18, -1, 8
45, 18, 56, 8
45, 18, 57, 8
45, 18, -1, 8
45, 18, 63, 8
45, 18, 64, 8
45, 18, -1, 10
45, 18, 54, 8
45, 18, 70, 8
45, 18, 59, 10
45, 18, 60, 8
45, 18, 66, 8
45, 18, 61, 8
45, 18, 67, 8
45, 18, 62, 8
45, 18, 68, 8
45, 18, 65, 10
45, 18, 51, 4
45, 18, 52, 4
46, 18, -1, 8
46, 18, -1, 8
46, 18, -1, 10
46, 18, 55, 8
46, 18, 58, 8
46, 18, -1, 8
46, 18, 56, 8
46, 18, 57, 8
46, 18, -1, 8
46, 18, 63, 8
46, 18, 64, 8
46, 18, -1, 10
46, 18, 54, 8
46, 18, 70, 8
46, 18, 59, 10
46, 18, 60, 8
46, 18, 66, 8
46, 18, 61, 8
46, 18, 67, 8
46, 18, 62, 8
46, 18, 68, 8
46, 18, 65, 10
46, 18, 51, 4
46, 18, 52, 4
47, 18, -1, 8
47, 18, -1, 8
47, 18, -1, 10
47, 18, 55, 8
47, 18, 58, 8
47, 18, -1, 8
47, 18, 56, 8
47, 18, 57, 8
47, 18, -1, 8
47, 18, 63, 8
47, 18, 64, 8
47, 18, -1, 10
47, 18, 54, 8
47, 18, 70, 8
47, 18, 59, 10
47, 18, 60, 8
47, 18, 66, 8
47, 18, 61, 8
47, 18, 67, 8
47, 18, 62, 8
47, 18, 68, 8
47, 18, 65, 10
47, 18, 51, 4
47, 18, 52, 4
48, 18, -1, 8
48, 18, -1, 8
48, 18, -1, 10
48, 18, 55, 8
48, 18, 58, 8
48, 18, -1, 8
48, 18, 56, 8
48, 18, 57, 8
48, 18, -1, 8
48, 18, 63, 8
48, 18, 64, 8
48, 18, -1, 10
48, 18, 54, 8
48, 18, 70, 8
48, 18, 59, 10
48, 18, 60, 8
48, 18, 66, 8
48, 18, 61, 8
48, 18, 67, 8
48, 18, 62, 8
48, 18, 68, 8
48, 18, 65, 10
48, 18, 51, 4
48, 18, 52, 4
49, 18, -1, 8
49, 18, -1, 8
49, 18, -1, 10
49, 18, 55, 8
49, 18, 58, 8
49, 18, -1, 8
49, 18, 56, 8
49, 18, 57, 8
49, 18, -1, 8
49, 18, 63, 8
49, 18, 64, 8
49, 18, -1, 10
49, 18, 54, 8
49, 18, 70, 8
49, 18, 59, 10
49, 18, 60, 8
49, 18, 66, 8
49, 18, 61, 8
49, 18, 67, 8
49, 18, 62, 8
49, 18, 68, 8
49, 18, 65, 10
49, 18, 51, 4
49, 18, 52, 4
50, 18, -1, 8
50, 18, -1, 8
50, 18, -1, 10
50, 18, 55, 8
50, 18, 58, 8
50, 18, -1, 8
50, 18, 56, 8
50, 18, 57, 8
50, 18, -1, 8
50, 18, 63, 8
50, 18, 64, 8
50, 18, -1, 10
50, 18, 54, 8
50, 18, 70, 8
50, 18, 59, 10
50, 18, 60, 8
50, 18, 66, 8
50, 18, 61, 8
50, 18, 67, 8
50, 18, 62, 8
50, 18, 68, 8
50, 18, 65, 10
50, 18, 51, 4
50, 18, 52, 4
51, 28, -1, 4
51, 28, -1, 2
51, 28, -1, 2
51, 28, -1, 4
51, 28, 71, 5
51, 28, 11, 1
51, 28, 58, 4
51, 28, 30, 2
51, 28, 37, 2
51, 28, -1, 1
51, 28, -1, 1
51, 28, 19, 1
51, 28, -1, 4
51, 28, 63, 4
51, 28, 64, 4
51, 28, 31, 2
51, 28, -1, 2
51, 28, 32, 2
51, 28, 35, 2
51, 28, 38, 2
51, 28, -1, 2
51, 28, 39, 2
51, 28, 40, 2
51, 28, -1, 1
51, 28, -1, 4
51, 28, 70, 4
51, 28, 26, 2
51, 28, 27, 2
51, 28, 59, 4
51, 28, 66, 4
51, 28, 20, 2
51, 28, 21, 2
51, 28, 67, 4
51, 28, 68, 4
51, 28, 65, 4
51, 28, -1, 2
51, 28, -1, 2
51, 28, 36, 2
51, 28, 53, 2
51, 28, 22, 2
51, 28, 23, 2
52, 28, -1, 4
52, 28, -1, 2
52, 28, -1, 2
52, 28, -1, 4
52, 28, 71, 5
52, 28, 11, 1
52, 28, 55, 4
52, 28, 30, 2
52, 28, 37, 2
52, 28, -1, 1
52, 28, -1, 1
52, 28, 19, 1
52, 28, -1, 4
52, 28, 56, 4
52, 28, 57, 4
52, 28, 31, 2
52, 28, -1, 2
52, 28, 32, 2
52, 28, 35, 2
52, 28, 38, 2
52, 28, -1, 2
52, 28, 39, 2
52, 28, 40, 2
52, 28, -1, 1
52, 28, -1, 4
52, 28, 54, 4
52, 28, 26, 2
52, 28, 27, 2
52, 28, 59, 4
52, 28, 60, 4
52, 28, 20, 2
52, 28, 21, 2
52, 28, 61, 4
52, 28, 62, 4
52, 28, 65, 4
52, 28, -1, 2
52, 28, -1, 2
52, 28, 36, 2
52, 28, 53, 2
52, 28, 22, 2
52, 28, 23, 2
53, 15, -1, 4
53, 15, -1, 4
53, 15, 71, 8
53, 15, 43, 4
53, 15, 47, 4
53, 15, 44, 4
53, 15, 45, 4
53, 15, 48, 4
53, 15, 49, 4
53, 15, 41, 4
53, 15, 42, 4
53, 15, 33, 2
53, 15, 28, 2
53, 15, 34, 2
53, 15, 29, 2
53, 15, 46, 4
53, 15, 50, 4
54, 34, -1, 16
54, 34, -1, 4
54, 34, -1, 2
54, 34, -1, 2
54, 34, -1, 4
54, 34, 71, 5
54, 34, 11, 1
54, 34, 55, 16
54, 34, 58, 4
54, 34, 30, 2
54, 34, 37, 2
54, 34, -1, 1
54, 34, -1, 1
54, 34, 19, 1
54, 34, -1, 16
54, 34, 56, 16
54, 34, 57, 16
54, 34, -1, 4
54, 34, 63, 4
54, 34, 64, 4
54, 34, 31, 2
54, 34, -1, 2
54, 34, 32, 2
54, 34, 35, 2
54, 34, 38, 2
54, 34, -1, 2
54, 34, 39, 2
54, 34, 40, 2
54, 34, -1, 1
54, 34, -1, 4
54, 34, 70, 4
54, 34, 26, 2
54, 34, 27, 2
54, 34, 59, 4
54, 34, 60, 16
54, 34, 66, 4
54, 34, 24, 2
54, 34, 25, 2
54, 34, 61, 16
54, 34, 67, 4
54, 34, 62, 16
54, 34, 68, 4
54, 34, 65, 4
54, 34, 51, 8
54, 34, 52, 4
54, 34, -1, 2
54, 34, -1, 2
54, 34, 36, 2
54, 34, 53, 2
55, 41, -1, 8
55, 41, -1, 4
55, 41, -1, 4
55, 41, -1, 8
55, 41, 71, 10
55, 41, 11, 2
55, 41, 58, 8
55, 41, 30, 4
55, 41, 37, 4
55, 41, 12, 2
55, 41, 13, 2
55, 41, -1, 2
55, 41, 0, 1
55, 41, -1, 2
55, 41, -1, 2
55, 41, -1, 3
55, 41, 19, 2
55, 41, -1, 8
55, 41, 63, 8
55, 41, 64, 8
55, 41, 31, 4
55, 41, -1, 4
55, 41, 32, 4
55, 41, 35, 4
55, 41, 38, 4
55, 41, -1, 4
55, 41, 39, 4
55, 41, 40, 4
55, 41, 14, 2
55, 41, -1, 2
55, 41, -1, 2
55, 41, 15, 2
55, 41, 16, 2
55, 41, -1, 2
55, 41, -1, 2
55, 41, 17, 2
55, 41, -1, 2
55, 41, 1, 1
55, 41, -1, 2
55, 41, -1, 2
55, 41, -1, 2
55, 41, -1, 2
55, 41, -1, 2
55, 41, 3, 1
55, 41, 2, 1
55, 41, -1, 2
55, 41, -1, 2
55, 41, -1, 2
55, 41, -1, 2
55, 41, -1, 8
55, 41, 70, 8
55, 41, 26, 4
55, 41, 27, 4
55, 41, 59, 8
55, 41, 66, 8
55, 41, 24, 2
55, 41, 20, 2
55, 41, 25, 2
55, 41, 21, 2
55, 41, 67, 8
55, 41, 68, 8
55, 41, 65, 8
55, 41, 52, 4
55, 41, -1, 1
55, 41, -1, 1
55, 41, -1, 4
55, 41, -1, 4
55, 41, 36, 4
55, 41, 53, 4
55, 41, 22, 2
55, 41, 23, 2
56, 1, 71, 8
57, 31, -1, 8
57, 31, -1, 4
57, 31, -1, 4
57, 31, -1, 8
57, 31, 71, 10
57, 31, 11, 2
57, 31, 58, 8
57, 31, 30, 4
57, 31, 37, 4
57, 31, -1, 2
57, 31, -1, 2
57, 31, 19, 2
57, 31, -1, 8
57, 31, 63, 8
57, 31, 64, 8
57, 31, 31, 4
57, 31, -1, 4
57, 31, 32, 4
57, 31, 35, 4
57, 31, 38, 4
57, 31, -1, 4
57, 31, 39, 4
57, 31, 40, 4
57, 31, -1, 1
57, 31, -1, 1
57, 31, -1, 8
57, 31, 70, 8
57, 31, 26, 4
57, 31, 27, 4
57, 31, 59, 8
57, 31, 66, 8
57, 31, 24, 2
57, 31, 20, 2
57, 31, 25, 2
57, 31, 21, 2
57, 31, 67, 8
57, 31, 68, 8
57, 31, 65, 8
57, 31, 52, 4
57, 31, -1, 4
57, 31, -1, 4
57, 31, 36, 4
57, 31, 53, 4
57, 31, 22, 2
57, 31, 23, 2
58, 41, -1, 8
58, 41, -1, 4
58, 41, -1, 4
58, 41, -1, 8
58, 41, 71, 10
58, 41, 11, 2
58, 41, 55, 8
58, 41, 30, 4
58, 41, 37, 4
58, 41, 12, 2
58, 41, 13, 2
58, 41, -1, 2
58, 41, 0, 1
58, 41, -1, 2
58, 41, -1, 2
58, 41, -1, 3
58, 41, 19, 2
58, 41, -1, 8
58, 41, 56, 8
58, 41, 57, 8
58, 41, 31, 4
58, 41, -1, 4
58, 41, 32, 4
58, 41, 35, 4
58, 41, 38, 4
58, 41, -1, 4
58, 41, 39, 4
58, 41, 40, 4
58, 41, 14, 2
58, 41, -1, 2
58, 41, -1, 2
58, 41, 15, 2
58, 41, 16, 2
58, 41, -1, 2
58, 41, -1, 2
58, 41, 17, 2
58, 41, -1, 2
58, 41, 1, 1
58, 41, -1, 2
58, 41, -1, 2
58, 41, -1, 2
58, 41, -1, 2
58, 41, -1, 2
58, 41, 3, 1
58, 41, 2, 1
58, 41, -1, 2
58, 41, -1, 2
58, 41, -1, 2
58, 41, -1, 2
58, 41, -1, 8
58, 41, 54, 8
58, 41, 26, 4
58, 41, 27, 4
58, 41, 59, 8
58, 41, 60, 8
58, 41, 24, 2
58, 41, 20, 2
58, 41, 25, 2
58, 41, 21, 2
58, 41, 61, 8
58, 41, 62, 8
58, 41, 65, 8
58, 41, 51, 4
58, 41, -1, 1
58, 41, -1, 1
58, 41, -1, 4
58, 41, -1, 4
58, 41, 36, 4
58, 41, 53, 4
58, 41, 22, 2
58, 41, 23, 2
59, 58, -1, 4
59, 58, -1, 4
59, 58, -1, 4
59, 58, -1, 4
59, 58, -1, 2
59, 58, -1, 2
59, 58, -1, 20
59, 58, 71, 1
59, 58, 11, 1
59, 58, 55, 4
59, 58, 58, 4
59, 58, 43, 4
59, 58, 47, 4
59, 58, 30, 2
59, 58, 37, 2
59, 58, 12, 1
59, 58, 4, 1
59, 58, 13, 1
59, 58, 5, 1
59, 58, -1, 1
59, 58, -1, 1
59, 58, 19, 2
59, 58, -1, 4
59, 58, 56, 4
59, 58, 57, 4
59, 58, -1, 4
59, 58, 63, 4
59, 58, 64, 4
59, 58, 44, 4
59, 58, 45, 4
59, 58, 48, 4
59, 58, 49, 4
59, 58, 31, 2
59, 58, -1, 2
59, 58, 32, 2
59, 58, 35, 2
59, 58, 38, 2
59, 58, -1, 2
59, 58, 39, 2
59, 58, 40, 2
59, 58, -1, 1
59, 58, 14, 1
59, 58, -1, 1
59, 58, 15, 1
59, 58, 6, 1
59, 58, 7, 1
59, 58, -1, 1
59, 58, 16, 1
59, 58, -1, 1
59, 58, 17, 1
59, 58, 8, 1
59, 58, 9, 1
59, 58, -1, 1
59, 58, -1, 20
59, 58, 54, 4
59, 58, 70, 4
59, 58, 41, 4
59, 58, 42, 4
59, 58, 26, 2
59, 58, 27, 2
59, 58, 60, 4
59, 58, 66, 4
59, 58, 24, 2
59, 58, 25, 2
59, 58, 61, 4
59, 58, 67, 4
59, 58, 62, 4
59, 58, 68, 4
59, 58, 65, 20
59, 58, 51, 4
59, 58, 52, 4
59, 58, 33, 4
59, 58, 34, 4
59, 58, 46, 4
59, 58, 50, 4
59, 58, -1, 2
59, 58, -1, 2
59, 58, 36, 2
59, 58, 53, 2
60, 3, 69, 10
60, 3, 18, 2
60, 3, 10, 2
61, 30, -1, 4
61, 30, -1, 4
61, 30, 69, 8
61, 30, 18, 2
61, 30, 11, 2
61, 30, 43, 4
61, 30, 47, 4
61, 30, 12, 2
61, 30, 4, 2
61, 30, 13, 2
61, 30, 5, 2
61, 30, 19, 2
61, 30, 44, 4
61, 30, 45, 4
61, 30, 48, 4
61, 30, 49, 4
61, 30, -1, 2
61, 30, 14, 2
61, 30, -1, 2
61, 30, 15, 2
61, 30, 6, 2
61, 30, 7, 2
61, 30, -1, 2
61, 30, 16, 2
61, 30, -1, 2
61, 30, 17, 2
61, 30, 8, 2
61, 30, 9, 2
61, 30, 41, 4
61, 30, 42, 4
61, 30, 33, 2
61, 30, 28, 2
61, 30, 34, 2
61, 30, 29, 2
61, 30, 46, 4
61, 30, 50, 4
62, 1, 71, 8
63, 1, 71, 8
64, 31, -1, 8
64, 31, -1, 4
64, 31, -1, 4
64, 31, -1, 8
64, 31, 71, 10
64, 31, 11, 2
64, 31, 55, 8
64, 31, 30, 4
64, 31, 37, 4
64, 31, -1, 2
64, 31, -1, 2
64, 31, 19, 2
64, 31, -1, 8
64, 31, 56, 8
64, 31, 57, 8
64, 31, 31, 4
64, 31, -1, 4
64, 31, 32, 4
64, 31, 35, 4
64, 31, 38, 4
64, 31, -1, 4
64, 31, 39, 4
64, 31, 40, 4
64, 31, -1, 1
64, 31, -1, 1
64, 31, -1, 8
64, 31, 54, 8
64, 31, 26, 4
64, 31, 27, 4
64, 31, 59, 8
64, 31, 60, 8
64, 31, 24, 2
64, 31, 20, 2
64, 31, 25, 2
64, 31, 21, 2
64, 31, 61, 8
64, 31, 62, 8
64, 31, 65, 8
64, 31, 51, 4
64, 31, -1, 4
64, 31, -1, 4
64, 31, 36, 4
64, 31, 53, 4
64, 31, 22, 2
64, 31, 23, 2
65, 14, -1, 4
65, 14, -1, 4
65, 14, 43, 4
65, 14, 47, 4
65, 14, 44, 4
65, 14, 45, 4
65, 14, 48, 4
65, 14, 49, 4
65, 14, 41, 4
65, 14, 42, 4
65, 14, 33, 2
65, 14, 28, 2
65, 14, 34, 2
65, 14, 29, 2
65, 14, 46, 4
65, 14, 50, 4
66, 3, 69, 10
66, 3, 18, 2
66, 3, 10, 2
67, 30, -1, 4
67, 30, -1, 4
67, 30, 69, 8
67, 30, 18, 2
67, 30, 11, 2
67, 30, 43, 4
67, 30, 47, 4
67, 30, 12, 2
67, 30, 4, 2
67, 30, 13, 2
67, 30, 5, 2
67, 30, 19, 2
67, 30, 44, 4
67, 30, 45, 4
67, 30, 48, 4
67, 30, 49, 4
67, 30, -1, 2
67, 30, 14, 2
67, 30, -1, 2
67, 30, 15, 2
67, 30, 6, 2
67, 30, 7, 2
67, 30, -1, 2
67, 30, 16, 2
67, 30, -1, 2
67, 30, 17, 2
67, 30, 8, 2
67, 30, 9, 2
67, 30, 41, 4
67, 30, 42, 4
67, 30, 33, 2
67, 30, 28, 2
67, 30, 34, 2
67, 30, 29, 2
67, 30, 46, 4
67, 30, 50, 4
68, 1, 71, 8
69, 3, 71, 22
69, 3, 18, 6
69, 3, 10, 4
70, 34, -1, 4
70, 34, -1, 16
70, 34, -1, 2
70, 34, -1, 2
70, 34, -1, 4
70, 34, 71, 5
70, 34, 11, 1
70, 34, 55, 4
70, 34, 58, 16
70, 34, 30, 2
70, 34, 37, 2
70, 34, -1, 1
70, 34, -1, 1
70, 34, 19, 1
70, 34, -1, 4
70, 34, 56, 4
70, 34, 57, 4
70, 34, -1, 16
70, 34, 63, 16
70, 34, 64, 16
70, 34, 31, 2
70, 34, -1, 2
70, 34, 32, 2
70, 34, 35, 2
70, 34, 38, 2
70, 34, -1, 2
70, 34, 39, 2
70, 34, 40, 2
70, 34, -1, 1
70, 34, -1, 4
70, 34, 54, 4
70, 34, 26, 2
70, 34, 27, 2
70, 34, 59, 4
70, 34, 60, 4
70, 34, 66, 16
70, 34, 24, 2
70, 34, 25, 2
70, 34, 61, 4
70, 34, 67, 16
70, 34, 62, 4
70, 34, 68, 16
70, 34, 65, 4
70, 34, 51, 4
70, 34, 52, 8
70, 34, -1, 2
70, 34, -1, 2
70, 34, 36, 2
70, 34, 53, 2
71, 71, -1, 16
71, 71, -1, 16
71, 71, -1, 16
71, 71, -1, 16
71, 71, -1, 12
71, 71, -1, 12
71, 71, -1, 20
71, 71, 69, 64
71, 71, 18, 16
71, 71, 10, 12
71, 71, 11, 10
71, 71, 55, 16
71, 71, 58, 16
71, 71, 43, 16
71, 71, 47, 16
71, 71, 30, 12
71, 71, 37, 12
71, 71, 12, 12
71, 71, 4, 6
71, 71, 13, 12
71, 71, 5, 6
71, 71, -1, 6
71, 71, 0, 3
71, 71, -1, 6
71, 71, -1, 6
71, 71, -1, 9
71, 71, 19, 12
71, 71, -1, 16
71, 71, 56, 16
71, 71, 57, 16
71, 71, -1, 16
71, 71, 63, 16
71, 71, 64, 16
71, 71, 44, 16
71, 71, 45, 16
71, 71, 48, 16
71, 71, 49, 16
71, 71, 31, 12
71, 71, -1, 12
71, 71, 32, 12
71, 71, 35, 12
71, 71, 38, 12
71, 71, -1, 12
71, 71, 39, 12
71, 71, 40, 12
71, 71, -1, 6
71, 71, 14, 12
71, 71, -1, 12
71, 71, -1, 6
71, 71, 15, 12
71, 71, 6, 6
71, 71, 7, 6
71, 71, -1, 6
71, 71, 16, 12
71, 71, -1, 12
71, 71, -1, 6
71, 71, 17, 12
71, 71, 8, 6
71, 71, 9, 6
71, 71, -1, 6
71, 71, 1, 3
71, 71, -1, 6
71, 71, -1, 6
71, 71, -1, 6
71, 71, -1, 6
71, 71, -1, 6
71, 71, 3, 3
71, 71, 2, 3
71, 71, -1, 6
71, 71, -1, 6
71, 71, -1, 6
71, 71, -1, 6
71, 71, -1, 20
71, 71, 54, 16
71, 71, 70, 16
71, 71, 41, 16
71, 71, 42, 16
71, 71, 26, 12
71, 71, 27, 12
71, 71, 59, 20
71, 71, 60, 16
71, 71, 66, 16
71, 71, 24, 6
71, 71, 20, 6
71, 71, 25, 6
71, 71, 21, 6
71, 71, 61, 16
71, 71, 67, 16
71, 71, 62, 16
71, 71, 68, 16
71, 71, 65, 20
71, 71, 51, 8
71, 71, 52, 8
71, 71, 33, 8
71, 71, 28, 8
71, 71, 34, 8
71, 71, 29, 8
71, 71, -1, 3
71, 71, -1, 3
71, 71, 46, 16
71, 71, 50, 16
71, 71, -1, 12
71, 71, -1, 12
71, 71, 36, 12
71, 71, 53, 12
71, 71, 22, 6
71, 71, 23, 6
DTG
0, 1, 1, 0, 3
1, 1, 1, 0, 3
2, 1, 1, 0, 3
3, 1, 1, 0, 4
4, 5, 1, 0, 3
4, 5, 1, 0, 3
4, 5, 1, 0, 3
4, 5, 1, 0, 3
4, 5, 1, 0, 3
5, 5, 1, 0, 3
5, 5, 1, 0, 3
5, 5, 1, 0, 3
5, 5, 1, 0, 3
5, 5, 1, 0, 3
6, 5, 1, 0, 3
6, 5, 1, 0, 3
6, 5, 1, 0, 3
6, 5, 1, 0, 3
6, 5, 1, 0, 3
7, 5, 1, 0, 3
7, 5, 1, 0, 3
7, 5, 1, 0, 3
7, 5, 1, 0, 3
7, 5, 1, 0, 3
8, 5, 1, 0, 3
8, 5, 1, 0, 3
8, 5, 1, 0, 3
8, 5, 1, 0, 3
8, 5, 1, 0, 3
9, 5, 1, 0, 3
9, 5, 1, 0, 3
9, 5, 1, 0, 3
9, 5, 1, 0, 3
9, 5, 1, 0, 3
10, 4, 0, 1, 4
10, 4, 0, 1, 4
10, 4, 0, 1, 4
10, 4, 0, 1, 4
10, 4, 1, 0, 2
10, 4, 1, 0, 2
10, 4, 1, 0, 2
10, 4, 1, 0, 2
11, 5, 1, 0, 2
11, 5, 1, 0, 3
11, 5, 1, 0, 3
11, 5, 1, 0, 3
11, 5, 1, 0, 3
12, 5, 1, 0, 3
12, 5, 1, 0, 3
12, 5, 1, 0, 3
12, 5, 1, 0, 3
12, 5, 1, 0, 3
13, 5, 1, 0, 3
13, 5, 1, 0, 3
13, 5, 1, 0, 3
13, 5, 1, 0, 3
13, 5, 1, 0, 3
14, 5, 1, 0, 3
14, 5, 1, 0, 3
14, 5, 1, 0, 3
14, 5, 1, 0, 3
14, 5, 1, 0, 3
15, 5, 1, 0, 3
15, 5, 1, 0, 3
15, 5, 1, 0, 3
15, 5, 1, 0, 3
15, 5, 1, 0, 3
16, 5, 1, 0, 3
16, 5, 1, 0, 3
16, 5, 1, 0, 3
16, 5, 1, 0, 3
16, 5, 1, 0, 3
17, 5, 1, 0, 3
17, 5, 1, 0, 3
17, 5, 1, 0, 3
17, 5, 1, 0, 3
17, 5, 1, 0, 3
18, 6, 0, 1, 3
18, 6, 0, 1, 3
18, 6, 0, 1, 4
18, 6, 0, 1, 4
18, 6, 0, 1, 4
18, 6, 0, 1, 4
18, 10, 1, 0, 2
18, 10, 1, 0, 2
18, 10, 1, 0, 3
18, 10, 1, 0, 3
18, 10, 1, 0, 3
18, 10, 1, 0, 3
18, 10, 1, 0, 3
18, 10, 1, 0, 3
18, 10, 1, 0, 3
18, 10, 1, 0, 3
19, 5, 1, 0, 2
19, 5, 1, 0, 3
19, 5, 1, 0, 3
19, 5, 1, 0, 3
19, 5, 1, 0, 3
20, 2, 1, 0, 13
20, 2, 1, 0, 13
21, 2, 1, 0, 13
21, 2, 1, 0, 13
22, 2, 1, 0, 13
22, 2, 1, 0, 13
23, 2, 1, 0, 13
23, 2, 1, 0, 13
24, 6, 1, 0, 13
24, 6, 1, 0, 13
24, 6, 1, 0, 15
24, 6, 1, 0, 15
24, 6, 1, 0, 15
24, 6, 1, 0, 15
25, 6, 1, 0, 13
25, 6, 1, 0, 13
25, 6, 1, 0, 15
25, 6, 1, 0, 15
25, 6, 1, 0, 15
25, 6, 1, 0, 15
26, 8, 0, 1, 12
26, 8, 0, 1, 12
26, 8, 0, 1, 14
26, 8, 0, 1, 14
26, 8, 0, 1, 14
26, 8, 0, 1, 14
26, 8, 0, 2, 12
26, 8, 0, 2, 12
27, 8, 0, 1, 12
27, 8, 0, 1, 12
27, 8, 0, 1, 14
27, 8, 0, 1, 14
27, 8, 0, 1, 14
27, 8, 0, 1, 14
27, 8, 0, 2, 12
27, 8, 0, 2, 12
28, 6, 1, 0, 3
28, 6, 1, 0, 3
28, 6, 1, 0, 3
28, 6, 1, 0, 3
28, 6, 1, 0, 11
28, 6, 1, 0, 11
29, 6, 1, 0, 3
29, 6, 1, 0, 3
29, 6, 1, 0, 3
29, 6, 1, 0, 3
29, 6, 1, 0, 11
29, 6, 1, 0, 11
30, 8, 1, 0, 13
30, 8, 1, 0, 13
30, 8, 1, 0, 13
30, 8, 1, 0, 13
30, 8, 1, 0, 15
30, 8, 1, 0, 15
30, 8, 1, 0, 15
30, 8, 1, 0, 15
31, 8, 1, 0, 13
31, 8, 1, 0, 13
31, 8, 1, 0, 13
31, 8, 1, 0, 13
31, 8, 1, 0, 15
31, 8, 1, 0, 15
31, 8, 1, 0, 15
31, 8, 1, 0, 15
32, 8, 1, 0, 13
32, 8, 1, 0, 13
32, 8, 1, 0, 13
32, 8, 1, 0, 13
32, 8, 1, 0, 15
32, 8, 1, 0, 15
32, 8, 1, 0, 15
32, 8, 1, 0, 15
33, 6, 1, 0, 3
33, 6, 1, 0, 3
33, 6, 1, 0, 3
33, 6, 1, 0, 3
33, 6, 1, 0, 12
33, 6, 1, 0, 12
34, 6, 1, 0, 3
34, 6, 1, 0, 3
34, 6, 1, 0, 3
34, 6, 1, 0, 3
34, 6, 1, 0, 12
34, 6, 1, 0, 12
35, 8, 1, 0, 13
35, 8, 1, 0, 13
35, 8, 1, 0, 13
35, 8, 1, 0, 13
35, 8, 1, 0, 15
35, 8, 1, 0, 15
35, 8, 1, 0, 15
35, 8, 1, 0, 15
36, 8, 1, 0, 13
36, 8, 1, 0, 13
36, 8, 1, 0, 13
36, 8, 1, 0, 13
36, 8, 1, 0, 15
36, 8, 1, 0, 15
36, 8, 1, 0, 15
36, 8, 1, 0, 15
37, 8, 1, 0, 13
37, 8, 1, 0, 13
37, 8, 1, 0, 13
37, 8, 1, 0, 13
37, 8, 1, 0, 15
37, 8, 1, 0, 15
37, 8, 1, 0, 15
37, 8, 1, 0, 15
38, 8, 1, 0, 13
38, 8, 1, 0, 13
38, 8, 1, 0, 13
38, 8, 1, 0, 13
38, 8, 1, 0, 15
38, 8, 1, 0, 15
38, 8, 1, 0, 15
38, 8, 1, 0, 15
39, 8, 1, 0, 13
39, 8, 1, 0, 13
39, 8, 1, 0, 13
39, 8, 1, 0, 13
39, 8, 1, 0, 15
39, 8, 1, 0, 15
39, 8, 1, 0, 15
39, 8, 1, 0, 15
40, 8, 1, 0, 13
40, 8, 1, 0, 13
40, 8, 1, 0, 13
40, 8, 1, 0, 13
40, 8, 1, 0, 15
40, 8, 1, 0, 15
40, 8, 1, 0, 15
40, 8, 1, 0, 15
41, 12, 0, 1, 3
41, 12, 0, 1, 3
41, 12, 0, 1, 3
41, 12, 0, 1, 3
41, 12, 0, 1, 3
41, 12, 0, 1, 3
41, 12, 0, 1, 3
41, 12, 0, 1, 3
41, 12, 0, 1, 10
41, 12, 0, 1, 10
41, 12, 0, 1, 11
41, 12, 0, 1, 11
42, 12, 0, 1, 3
42, 12, 0, 1, 3
42, 12, 0, 1, 3
42, 12, 0, 1, 3
42, 12, 0, 1, 3
42, 12, 0, 1, 3
42, 12, 0, 1, 3
42, 12, 0, 1, 3
42, 12, 0, 1, 10
42, 12, 0, 1, 10
42, 12, 0, 1, 11
42, 12, 0, 1, 11
43, 12, 1, 0, 3
43, 12, 1, 0, 3
43, 12, 1, 0, 3
43, 12, 1, 0, 3
43, 12, 1, 0, 3
43, 12, 1, 0, 3
43, 12, 1, 0, 3
43, 12, 1, 0, 3
43, 12, 1, 0, 11
43, 12, 1, 0, 11
43, 12, 1, 0, 12
43, 12, 1, 0, 12
44, 12, 1, 0, 3
44, 12, 1, 0, 3
44, 12, 1, 0, 3
44, 12, 1, 0, 3
44, 12, 1, 0, 3
44, 12, 1, 0, 3
44, 12, 1, 0, 3
44, 12, 1, 0, 3
44, 12, 1, 0, 11
44, 12, 1, 0, 11
44, 12, 1, 0, 12
44, 12, 1, 0, 12
45, 12, 1, 0, 3
45, 12, 1, 0, 3
45, 12, 1, 0, 3
45, 12, 1, 0, 3
45, 12, 1, 0, 3
45, 12, 1, 0, 3
45, 12, 1, 0, 3
45, 12, 1, 0, 3
45, 12, 1, 0, 11
45, 12, 1, 0, 11
45, 12, 1, 0, 12
45, 12, 1, 0, 12
46, 12, 1, 0, 3
46, 12, 1, 0, 3
46, 12, 1, 0, 3
46, 12, 1, 0, 3
46, 12, 1, 0, 3
46, 12, 1, 0, 3
46, 12, 1, 0, 3
46, 12, 1, 0, 3
46, 12, 1, 0, 11
46, 12, 1, 0, 11
46, 12, 1, 0, 12
46, 12, 1, 0, 12
47, 12, 1, 0, 3
47, 12, 1, 0, 3
47, 12, 1, 0, 3
47, 12, 1, 0, 3
47, 12, 1, 0, 3
47, 12, 1, 0, 3
47, 12, 1, 0, 3
47, 12, 1, 0, 3
47, 12, 1, 0, 11
47, 12, 1, 0, 11
47, 12, 1, 0, 12
47, 12, 1, 0, 12
48, 12, 1, 0, 3
48, 12, 1, 0, 3
48, 12, 1, 0, 3
48, 12, 1, 0, 3
48, 12, 1, 0, 3
48, 12, 1, 0, 3
48, 12, 1, 0, 3
48, 12, 1, 0, 3
48, 12, 1, 0, 11
48, 12, 1, 0, 11
48, 12, 1, 0, 12
48, 12, 1, 0, 12
49, 12, 1, 0, 3
49, 12, 1, 0, 3
49, 12, 1, 0, 3
49, 12, 1, 0, 3
49, 12, 1, 0, 3
49, 12, 1, 0, 3
49, 12, 1, 0, 3
49, 12, 1, 0, 3
49, 12, 1, 0, 11
49, 12, 1, 0, 11
49, 12, 1, 0, 12
49, 12, 1, 0, 12
50, 12, 1, 0, 3
50, 12, 1, 0, 3
50, 12, 1, 0, 3
50, 12, 1, 0, 3
50, 12, 1, 0, 3
50, 12, 1, 0, 3
50, 12, 1, 0, 3
50, 12, 1, 0, 3
50, 12, 1, 0, 11
50, 12, 1, 0, 11
50, 12, 1, 0, 12
50, 12, 1, 0, 12
51, 8, 1, 0, 18
51, 8, 1, 0, 18
51, 8, 1, 0, 18
51, 8, 1, 0, 18
51, 8, 1, 0, 20
51, 8, 1, 0, 20
51, 8, 1, 0, 20
51, 8, 1, 0, 20
52, 8, 1, 0, 18
52, 8, 1, 0, 18
52, 8, 1, 0, 18
52, 8, 1, 0, 18
52, 8, 1, 0, 20
52, 8, 1, 0, 20
52, 8, 1, 0, 20
52, 8, 1, 0, 20
53, 8, 1, 0, 13
53, 8, 1, 0, 13
53, 8, 1, 0, 13
53, 8, 1, 0, 13
53, 8, 1, 0, 15
53, 8, 1, 0, 15
53, 8, 1, 0, 15
53, 8, 1, 0, 15
54, 12, 0, 1, 16
54, 12, 0, 1, 16
54, 12, 0, 1, 16
54, 12, 0, 1, 16
54, 12, 0, 2, 17
54, 12, 0, 2, 17
54, 12, 0, 2, 17
54, 12, 0, 2, 17
54, 12, 0, 2, 19
54, 12, 0, 2, 19
54, 12, 0, 2, 19
54, 12, 0, 2, 19
55, 12, 1, 0, 17
55, 12, 1, 0, 17
55, 12, 1, 0, 17
55, 12, 1, 0, 17
55, 12, 1, 0, 18
55, 12, 1, 0, 18
55, 12, 1, 0, 18
55, 12, 1, 0, 18
55, 12, 1, 0, 20
55, 12, 1, 0, 20
55, 12, 1, 0, 20
55, 12, 1, 0, 20
56, 12, 1, 0, 17
56, 12, 1, 0, 17
56, 12, 1, 0, 17
56, 12, 1, 0, 17
56, 12, 1, 0, 18
56, 12, 1, 0, 18
56, 12, 1, 0, 18
56, 12, 1, 0, 18
56, 12, 1, 0, 20
56, 12, 1, 0, 20
56, 12, 1, 0, 20
56, 12, 1, 0, 20
57, 12, 1, 0, 17
57, 12, 1, 0, 17
57, 12, 1, 0, 17
57, 12, 1, 0, 17
57, 12, 1, 0, 18
57, 12, 1, 0, 18
57, 12, 1, 0, 18
57, 12, 1, 0, 18
57, 12, 1, 0, 20
57, 12, 1, 0, 20
57, 12, 1, 0, 20
57, 12, 1, 0, 20
58, 12, 1, 0, 17
58, 12, 1, 0, 17
58, 12, 1, 0, 17
58, 12, 1, 0, 17
58, 12, 1, 0, 18
58, 12, 1, 0, 18
58, 12, 1, 0, 18
58, 12, 1, 0, 18
58, 12, 1, 0, 20
58, 12, 1, 0, 20
58, 12, 1, 0, 20
58, 12, 1, 0, 20
59, 12, 0, 1, 16
59, 12, 0, 1, 16
59, 12, 0, 1, 16
59, 12, 0, 1, 16
59, 12, 0, 2, 19
59, 12, 0, 2, 19
59, 12, 0, 2, 19
59, 12, 0, 2, 19
59, 12, 0, 2, 19
59, 12, 0, 2, 19
59, 12, 0, 2, 19
59, 12, 0, 2, 19
60, 12, 0, 1, 17
60, 12, 0, 1, 17
60, 12, 0, 1, 17
60, 12, 0, 1, 17
60, 12, 0, 1, 18
60, 12, 0, 1, 18
60, 12, 0, 1, 18
60, 12, 0, 1, 18
60, 12, 0, 1, 20
60, 12, 0, 1, 20
60, 12, 0, 1, 20
60, 12, 0, 1, 20
61, 12, 1, 0, 17
61, 12, 1, 0, 17
61, 12, 1, 0, 17
61, 12, 1, 0, 17
61, 12, 1, 0, 18
61, 12, 1, 0, 18
61, 12, 1, 0, 18
61, 12, 1, 0, 18
61, 12, 1, 0, 20
61, 12, 1, 0, 20
61, 12, 1, 0, 20
61, 12, 1, 0, 20
62, 12, 1, 0, 17
62, 12, 1, 0, 17
62, 12, 1, 0, 17
62, 12, 1, 0, 17
62, 12, 1, 0, 18
62, 12, 1, 0, 18
62, 12, 1, 0, 18
62, 12, 1, 0, 18
62, 12, 1, 0, 20
62, 12, 1, 0, 20
62, 12, 1, 0, 20
62, 12, 1, 0, 20
63, 12, 1, 0, 17
63, 12, 1, 0, 17
63, 12, 1, 0, 17
63, 12, 1, 0, 17
63, 12, 1, 0, 18
63, 12, 1, 0, 18
63, 12, 1, 0, 18
63, 12, 1, 0, 18
63, 12, 1, 0, 20
63, 12, 1, 0, 20
63, 12, 1, 0, 20
63, 12, 1, 0, 20
64, 12, 1, 0, 17
64, 12, 1, 0, 17
64, 12, 1, 0, 17
64, 12, 1, 0, 17
64, 12, 1, 0, 18
64, 12, 1, 0, 18
64, 12, 1, 0, 18
64, 12, 1, 0, 18
64, 12, 1, 0, 20
64, 12, 1, 0, 20
64, 12, 1, 0, 20
64, 12, 1, 0, 20
65, 12, 1, 0, 17
65, 12, 1, 0, 17
65, 12, 1, 0, 17
65, 12, 1, 0, 17
65, 12, 1, 0, 20
65, 12, 1, 0, 20
65, 12, 1, 0, 20
65, 12, 1, 0, 20
65, 12, 1, 0, 20
65, 12, 1, 0, 20
65, 12, 1, 0, 20
65, 12, 1, 0, 20
66, 12, 0, 1, 17
66, 12, 0, 1, 17
66, 12, 0, 1, 17
66, 12, 0, 1, 17
66, 12, 0, 1, 18
66, 12, 0, 1, 18
66, 12, 0, 1, 18
66, 12, 0, 1, 18
66, 12, 0, 1, 20
66, 12, 0, 1, 20
66, 12, 0, 1, 20
66, 12, 0, 1, 20
67, 12, 1, 0, 17
67, 12, 1, 0, 17
67, 12, 1, 0, 17
67, 12, 1, 0, 17
67, 12, 1, 0, 18
67, 12, 1, 0, 18
67, 12, 1, 0, 18
67, 12, 1, 0, 18
67, 12, 1, 0, 20
67, 12, 1, 0, 20
67, 12, 1, 0, 20
67, 12, 1, 0, 20
68, 12, 1, 0, 17
68, 12, 1, 0, 17
68, 12, 1, 0, 17
68, 12, 1, 0, 17
68, 12, 1, 0, 18
68, 12, 1, 0, 18
68, 12, 1, 0, 18
68, 12, 1, 0, 18
68, 12, 1, 0, 20
68, 12, 1, 0, 20
68, 12, 1, 0, 20
68, 12, 1, 0, 20
69, 22, 0, 1, 2
69, 22, 0, 1, 2
69, 22, 0, 1, 2
69, 22, 0, 1, 2
69, 22, 0, 1, 2
69, 22, 0, 1, 2
69, 22, 0, 1, 2
69, 22, 0, 1, 2
69, 22, 0, 1, 2
69, 22, 0, 1, 2
69, 22, 0, 1, 2
69, 22, 0, 1, 2
69, 22, 0, 1, 2
69, 22, 0, 1, 2
69, 22, 0, 1, 2
69, 22, 0, 1, 2
69, 22, 0, 1, 3
69, 22, 0, 1, 3
69, 22, 0, 1, 4
69, 22, 0, 1, 4
69, 22, 0, 1, 4
69, 22, 0, 1, 4
69, 38, 1, 0, 2
69, 38, 1, 0, 2
69, 38, 1, 0, 2
69, 38, 1, 0, 2
69, 38, 1, 0, 2
69, 38, 1, 0, 2
69, 38, 1, 0, 3
69, 38, 1, 0, 3
69, 38, 1, 0, 3
69, 38, 1, 0, 3
69, 38, 1, 0, 3
69, 38, 1, 0, 3
69, 38, 1, 0, 3
69, 38, 1, 0, 3
69, 38, 1, 0, 3
69, 38, 1, 0, 3
69, 38, 1, 0, 3
69, 38, 1, 0, 3
69, 38, 1, 0, 3
69, 38, 1, 0, 3
69, 38, 1, 0, 3
69, 38, 1, 0, 3
69, 38, 1, 0, 3
69, 38, 1, 0, 3
69, 38, 1, 0, 3
69, 38, 1, 0, 3
69, 38, 1, 0, 3
69, 38, 1, 0, 3
69, 38, 1, 0, 3
69, 38, 1, 0, 3
69, 38, 1, 0, 3
69, 38, 1, 0, 3
69, 38, 1, 0, 3
69, 38, 1, 0, 3
69, 38, 1, 0, 3
69, 38, 1, 0, 3
69, 38, 1, 0, 3
69, 38, 1, 0, 3
70, 12, 0, 1, 16
70, 12, 0, 1, 16
70, 12, 0, 1, 16
70, 12, 0, 1, 16
70, 12, 0, 2, 17
70, 12, 0, 2, 17
70, 12, 0, 2, 17
70, 12, 0, 2, 17
70, 12, 0, 2, 19
70, 12, 0, 2, 19
70, 12, 0, 2, 19
70, 12, 0, 2, 19
71, 1, 0, 6, 4
71, 1, 1, 6, 4
71, 1, 2, 6, 4
71, 1, 3, 6, 4
71, 1, 4, 6, 3
71, 1, 5, 6, 3
71, 22, 6, 0, 5
71, 22, 6, 1, 6
71, 22, 6, 2, 5
71, 22, 6, 3, 6
71, 22, 6, 4, 2
71, 22, 6, 5, 4
71, 22, 6, 7, 15
71, 22, 6, 8, 15
71, 22, 6, 9, 15
71, 22, 6, 10, 15
71, 22, 6, 11, 15
71, 22, 6, 12, 15
71, 22, 6, 13, 15
71, 22, 6, 14, 15
71, 22, 6, 15, 15
71, 22, 6, 16, 15
71, 22, 6, 17, 15
71, 22, 6, 18, 15
71, 22, 6, 19, 15
71, 22, 6, 20, 15
71, 22, 6, 21, 15
71, 22, 6, 22, 15
71, 1, 7, 6, 2
71, 1, 8, 6, 2
71, 1, 9, 6, 2
71, 1, 10, 6, 2
71, 1, 11, 6, 2
71, 1, 12, 6, 2
71, 1, 13, 6, 2
71, 1, 14, 6, 2
71, 1, 15, 6, 2
71, 1, 16, 6, 2
71, 1, 17, 6, 2
71, 1, 18, 6, 2
71, 1, 19, 6, 2
71, 1, 20, 6, 2
71, 1, 21, 6, 2
71, 1, 22, 6, 2
Goal
70
71
