CG
22
0, 7, 21, 120
0, 7, 12, 120
0, 7, 15, 120
0, 7, 13, 120
0, 7, 20, 120
0, 7, 11, 120
0, 7, -1, 120
0, 7, -1, 120
0, 7, 14, 120
0, 7, -1, 120
0, 7, -1, 120
1, 20, -1, 480
1, 20, -1, 480
1, 20, -1, 480
1, 20, -1, 480
1, 20, -1, 1920
1, 20, 16, 384
1, 20, 2, 384
1, 20, 3, 384
1, 20, 19, 1920
1, 20, 4, 480
1, 20, 18, 480
1, 20, 5, 480
1, 20, 8, 480
1, 20, 6, 480
1, 20, 9, 480
1, 20, 7, 480
1, 20, 10, 480
1, 20, 21, 960
1, 20, 12, 960
1, 20, 15, 960
1, 20, 13, 960
1, 20, 17, 1440
1, 20, 20, 720
1, 20, 11, 720
1, 20, -1, 1920
1, 20, -1, 960
1, 20, -1, 960
1, 20, 14, 1920
1, 20, -1, 1920
2, 20, -1, 480
2, 20, -1, 480
2, 20, -1, 480
2, 20, -1, 480
2, 20, -1, 1920
2, 20, 16, 384
2, 20, 1, 384
2, 20, 3, 384
2, 20, 19, 1920
2, 20, 4, 480
2, 20, 18, 480
2, 20, 5, 480
2, 20, 8, 480
2, 20, 6, 480
2, 20, 9, 480
2, 20, 7, 480
2, 20, 10, 480
2, 20, 21, 960
2, 20, 12, 960
2, 20, 15, 960
2, 20, 13, 960
2, 20, 17, 1440
2, 20, 20, 720
2, 20, 11, 720
2, 20, -1, 1920
2, 20, -1, 960
2, 20, -1, 960
2, 20, 14, 1920
2, 20, -1, 1920
3, 20, -1, 480
3, 20, -1, 480
3, 20, -1, 480
3, 20, -1, 480
3, 20, -1, 1920
3, 20, 16, 384
3, 20, 1, 384
3, 20, 2, 384
3, 20, 19, 1920
3, 20, 4, 480
3, 20, 18, 480
3, 20, 5, 480
3, 20, 8, 480
3, 20, 6, 480
3, 20, 9, 480
3, 20, 7, 480
3, 20, 10, 480
3, 20, 21, 960
3, 20, 12, 960
3, 20, 15, 960
3, 20, 13, 960
3, 20, 17, 1440
3, 20, 20, 720
3, 20, 11, 720
3, 20, -1, 1920
3, 20, -1, 960
3, 20, -1, 960
3, 20, 14, 1920
3, 20, -1, 1920
4, 20, -1, 1440
4, 20, -1, 1440
4, 20, -1, 1440
4, 20, -1, 1440
4, 20, -1, 5760
4, 20, 16, 960
4, 20, 1, 960
4, 20, 2, 960
4, 20, 3, 960
4, 20, 19, 5760
4, 20, 18, 1440
4, 20, 5, 1440
4, 20, 8, 1440
4, 20, 6, 1440
4, 20, 9, 1440
4, 20, 7, 1440
4, 20, 10, 1440
4, 20, 21, 2880
4, 20, 12, 2880
4, 20, 15, 2880
4, 20, 13, 2880
4, 20, 17, 4320
4, 20, 20, 2160
4, 20, 11, 2160
4, 20, -1, 5760
4, 20, -1, 2880
4, 20, -1, 2880
4, 20, 14, 5760
4, 20, -1, 5760
5, 20, -1, 1440
5, 20, -1, 1440
5, 20, -1, 1440
5, 20, -1, 1440
5, 20, -1, 5760
5, 20, 16, 960
5, 20, 1, 960
5, 20, 2, 960
5, 20, 3, 960
5, 20, 19, 5760
5, 20, 4, 1440
5, 20, 18, 1440
5, 20, 8, 1440
5, 20, 6, 1440
5, 20, 9, 1440
5, 20, 7, 1440
5, 20, 10, 1440
5, 20, 21, 2880
5, 20, 12, 2880
5, 20, 15, 2880
5, 20, 13, 2880
5, 20, 17, 4320
5, 20, 20, 2160
5, 20, 11, 2160
5, 20, -1, 5760
5, 20, -1, 2880
5, 20, -1, 2880
5, 20, 14, 5760
5, 20, -1, 5760
6, 20, -1, 1440
6, 20, -1, 1440
6, 20, -1, 1440
6, 20, -1, 1440
6, 20, -1, 5760
6, 20, 16, 960
6, 20, 1, 960
6, 20, 2, 960
6, 20, 3, 960
6, 20, 19, 5760
6, 20, 4, 1440
6, 20, 18, 1440
6, 20, 5, 1440
6, 20, 8, 1440
6, 20, 9, 1440
6, 20, 7, 1440
6, 20, 10, 1440
6, 20, 21, 2880
6, 20, 12, 2880
6, 20, 15, 2880
6, 20, 13, 2880
6, 20, 17, 4320
6, 20, 20, 2160
6, 20, 11, 2160
6, 20, -1, 5760
6, 20, -1, 2880
6, 20, -1, 2880
6, 20, 14, 5760
6, 20, -1, 5760
7, 20, -1, 1440
7, 20, -1, 1440
7, 20, -1, 1440
7, 20, -1, 1440
7, 20, -1, 5760
7, 20, 16, 960
7, 20, 1, 960
7, 20, 2, 960
7, 20, 3, 960
7, 20, 19, 5760
7, 20, 4, 1440
7, 20, 18, 1440
7, 20, 5, 1440
7, 20, 8, 1440
7, 20, 6, 1440
7, 20, 9, 1440
7, 20, 10, 1440
7, 20, 21, 2880
7, 20, 12, 2880
7, 20, 15, 2880
7, 20, 13, 2880
7, 20, 17, 4320
7, 20, 20, 2160
7, 20, 11, 2160
7, 20, -1, 5760
7, 20, -1, 2880
7, 20, -1, 2880
7, 20, 14, 5760
7, 20, -1, 5760
8, 8, 21, 40
8, 8, 12, 40
8, 8, 15, 40
8, 8, 13, 40
8, 8, 20, 40
8, 8, 11, 40
8, 8, -1, 40
8, 8, -1, 40
8, 8, 14, 40
8, 8, -1, 40
8, 8, -1, 40
8, 8, 0, 40
9, 8, 21, 40
9, 8, 12, 40
9, 8, 15, 40
9, 8, 13, 40
9, 8, 20, 40
9, 8, 11, 40
9, 8, -1, 40
9, 8, -1, 40
9, 8, 14, 40
9, 8, -1, 40
9, 8, -1, 40
9, 8, 0, 40
10, 8, 21, 40
10, 8, 12, 40
10, 8, 15, 40
10, 8, 13, 40
10, 8, 20, 40
10, 8, 11, 40
10, 8, -1, 40
10, 8, -1, 40
10, 8, 14, 40
10, 8, -1, 40
10, 8, -1, 40
10, 8, 0, 40
11, 20, -1, 360
11, 20, -1, 360
11, 20, -1, 360
11, 20, -1, 360
11, 20, -1, 1440
11, 20, 16, 240
11, 20, 1, 240
11, 20, 2, 240
11, 20, 3, 240
11, 20, 19, 1440
11, 20, 4, 360
11, 20, 18, 360
11, 20, 5, 360
11, 20, 8, 360
11, 20, 6, 360
11, 20, 9, 360
11, 20, 7, 360
11, 20, 10, 360
11, 20, 21, 720
11, 20, 12, 720
11, 20, 15, 720
11, 20, 13, 720
11, 20, 17, 1440
11, 20, 20, 720
11, 20, -1, 1440
11, 20, -1, 720
11, 20, -1, 720
11, 20, 14, 1440
11, 20, -1, 1440
12, 20, -1, 1440
12, 20, -1, 1440
12, 20, -1, 1440
12, 20, -1, 1440
12, 20, -1, 5760
12, 20, 16, 960
12, 20, 1, 960
12, 20, 2, 960
12, 20, 3, 960
12, 20, 19, 5760
12, 20, 4, 1440
12, 20, 18, 1440
12, 20, 5, 1440
12, 20, 8, 1440
12, 20, 6, 1440
12, 20, 9, 1440
12, 20, 7, 1440
12, 20, 10, 1440
12, 20, 21, 2880
12, 20, 15, 2880
12, 20, 13, 2880
12, 20, 17, 4320
12, 20, 20, 2160
12, 20, 11, 2160
12, 20, -1, 5760
12, 20, -1, 2880
12, 20, -1, 2880
12, 20, 14, 5760
12, 20, -1, 5760
13, 20, -1, 1440
13, 20, -1, 1440
13, 20, -1, 1440
13, 20, -1, 1440
13, 20, -1, 5760
13, 20, 16, 960
13, 20, 1, 960
13, 20, 2, 960
13, 20, 3, 960
13, 20, 19, 5760
13, 20, 4, 1440
13, 20, 18, 1440
13, 20, 5, 1440
13, 20, 8, 1440
13, 20, 6, 1440
13, 20, 9, 1440
13, 20, 7, 1440
13, 20, 10, 1440
13, 20, 21, 2880
13, 20, 12, 2880
13, 20, 15, 2880
13, 20, 17, 4320
13, 20, 20, 2160
13, 20, 11, 2160
13, 20, -1, 5760
13, 20, -1, 2880
13, 20, -1, 2880
13, 20, 14, 5760
13, 20, -1, 5760
14, 20, -1, 1440
14, 20, -1, 1440
14, 20, -1, 1440
14, 20, -1, 1440
14, 20, -1, 5760
14, 20, 16, 960
14, 20, 1, 960
14, 20, 2, 960
14, 20, 3, 960
14, 20, 19, 5760
14, 20, 4, 1440
14, 20, 18, 1440
14, 20, 5, 1440
14, 20, 8, 1440
14, 20, 6, 1440
14, 20, 9, 1440
14, 20, 7, 1440
14, 20, 10, 1440
14, 20, 21, 2880
14, 20, 12, 2880
14, 20, 15, 2880
14, 20, 13, 2880
14, 20, 17, 4320
14, 20, 20, 2160
14, 20, 11, 2160
14, 20, -1, 5760
14, 20, -1, 2880
14, 20, -1, 2880
14, 20, -1, 5760
15, 7, 21, 120
15, 7, 12, 120
15, 7, 13, 120
15, 7, 20, 120
15, 7, 11, 120
15, 7, -1, 120
15, 7, -1, 120
15, 7, 14, 120
15, 7, -1, 120
15, 7, -1, 120
15, 7, 0, 120
16, 20, -1, 480
16, 20, -1, 480
16, 20, -1, 480
16, 20, -1, 480
16, 20, -1, 1920
16, 20, 1, 384
16, 20, 2, 384
16, 20, 3, 384
16, 20, 19, 1920
16, 20, 4, 480
16, 20, 18, 480
16, 20, 5, 480
16, 20, 8, 480
16, 20, 6, 480
16, 20, 9, 480
16, 20, 7, 480
16, 20, 10, 480
16, 20, 21, 960
16, 20, 12, 960
16, 20, 15, 960
16, 20, 13, 960
16, 20, 17, 1440
16, 20, 20, 720
16, 20, 11, 720
16, 20, -1, 1920
16, 20, -1, 960
16, 20, -1, 960
16, 20, 14, 1920
16, 20, -1, 1920
17, 20, -1, 360
17, 20, -1, 360
17, 20, -1, 360
17, 20, -1, 360
17, 20, -1, 1440
17, 20, 16, 240
17, 20, 1, 240
17, 20, 2, 240
17, 20, 3, 240
17, 20, 19, 1440
17, 20, 4, 360
17, 20, 18, 360
17, 20, 5, 360
17, 20, 8, 360
17, 20, 6, 360
17, 20, 9, 360
17, 20, 7, 360
17, 20, 10, 360
17, 20, 21, 720
17, 20, 12, 720
17, 20, 15, 720
17, 20, 13, 720
17, 20, 20, 720
17, 20, 11, 720
17, 20, -1, 1440
17, 20, -1, 720
17, 20, -1, 720
17, 20, 14, 1440
17, 20, -1, 1440
18, 8, 21, 40
18, 8, 12, 40
18, 8, 15, 40
18, 8, 13, 40
18, 8, 20, 40
18, 8, 11, 40
18, 8, -1, 40
18, 8, -1, 40
18, 8, 14, 40
18, 8, -1, 40
18, 8, -1, 40
18, 8, 0, 40
19, 8, 21, 60
19, 8, 12, 60
19, 8, 15, 60
19, 8, 13, 60
19, 8, 20, 60
19, 8, 11, 60
19, 8, -1, 60
19, 8, -1, 60
19, 8, 14, 60
19, 8, -1, 60
19, 8, -1, 60
19, 8, 0, 60
20, 20, -1, 360
20, 20, -1, 360
20, 20, -1, 360
20, 20, -1, 360
20, 20, -1, 1440
20, 20, 16, 240
20, 20, 1, 240
20, 20, 2, 240
20, 20, 3, 240
20, 20, 19, 1440
20, 20, 4, 360
20, 20, 18, 360
20, 20, 5, 360
20, 20, 8, 360
20, 20, 6, 360
20, 20, 9, 360
20, 20, 7, 360
20, 20, 10, 360
20, 20, 21, 720
20, 20, 12, 720
20, 20, 15, 720
20, 20, 13, 720
20, 20, 17, 1440
20, 20, 11, 720
20, 20, -1, 1440
20, 20, -1, 720
20, 20, -1, 720
20, 20, 14, 1440
20, 20, -1, 1440
21, 7, 12, 120
21, 7, 15, 120
21, 7, 13, 120
21, 7, 20, 120
21, 7, 11, 120
21, 7, -1, 120
21, 7, -1, 120
21, 7, 14, 120
21, 7, -1, 120
21, 7, -1, 120
21, 7, 0, 120
DTG
0, 1, 0, 1, 3
1, 1, 1, 0, 8
2, 1, 1, 0, 8
3, 1, 1, 0, 8
4, 1, 0, 1, 7
5, 1, 0, 1, 7
6, 1, 0, 1, 7
7, 1, 0, 1, 7
8, 1, 1, 0, 8
9, 1, 1, 0, 8
10, 1, 1, 0, 8
11, 1, 0, 1, 4
11, 1, 1, 0, 8
12, 1, 0, 1, 7
12, 1, 1, 0, 4
13, 1, 0, 1, 7
13, 1, 1, 0, 4
14, 1, 0, 1, 7
14, 1, 1, 0, 4
15, 1, 0, 1, 3
15, 1, 1, 0, 8
16, 1, 1, 0, 8
17, 1, 1, 0, 8
18, 1, 1, 0, 8
19, 1, 1, 0, 8
20, 1, 0, 1, 4
20, 1, 1, 0, 8
21, 1, 0, 1, 3
21, 1, 1, 0, 8
Goal
16
17
18
19
20
21
