CG
8
0, 5, 4, 240
0, 5, 5, 240
0, 5, 6, 240
0, 5, 7, 240
0, 5, 3, 960
1, 5, 4, 240
1, 5, 5, 240
1, 5, 6, 240
1, 5, 7, 240
1, 5, 2, 960
2, 4, 4, 240
2, 4, 5, 240
2, 4, 6, 240
2, 4, 7, 240
3, 4, 4, 240
3, 4, 5, 240
3, 4, 6, 240
3, 4, 7, 240
4, 2, 2, 240
4, 2, 3, 240
5, 2, 2, 240
5, 2, 3, 240
6, 2, 2, 240
6, 2, 3, 240
7, 2, 2, 240
7, 2, 3, 240
DTG
0, 2, 0, 6, 1
0, 2, 0, 9, 1
0, 3, 1, 2, 1
0, 3, 1, 11, 1
0, 3, 1, 27, 1
0, 2, 2, 1, 1
0, 2, 2, 9, 1
0, 4, 3, 4, 1
0, 4, 3, 5, 1
0, 4, 3, 6, 1
0, 4, 3, 7, 1
0, 4, 4, 3, 1
0, 4, 4, 5, 1
0, 4, 4, 7, 1
0, 4, 4, 8, 1
0, 5, 5, 3, 1
0, 5, 5, 4, 1
0, 5, 5, 6, 1
0, 5, 5, 7, 1
0, 5, 5, 9, 1
0, 5, 6, 0, 1
0, 5, 6, 3, 1
0, 5, 6, 5, 1
0, 5, 6, 7, 1
0, 5, 6, 9, 1
0, 5, 7, 3, 1
0, 5, 7, 4, 1
0, 5, 7, 5, 1
0, 5, 7, 6, 1
0, 5, 7, 9, 1
0, 1, 8, 4, 1
0, 5, 9, 0, 1
0, 5, 9, 2, 1
0, 5, 9, 5, 1
0, 5, 9, 6, 1
0, 5, 9, 7, 1
0, 4, 10, 13, 1
0, 4, 10, 14, 1
0, 4, 10, 15, 1
0, 4, 10, 16, 1
0, 4, 11, 1, 1
0, 4, 11, 12, 1
0, 4, 11, 17, 1
0, 4, 11, 18, 1
0, 3, 12, 11, 1
0, 3, 12, 17, 1
0, 3, 12, 18, 1
0, 3, 13, 10, 1
0, 3, 13, 16, 1
0, 3, 13, 17, 1
0, 1, 14, 10, 1
0, 2, 15, 10, 1
0, 2, 15, 19, 1
0, 2, 16, 10, 1
0, 2, 16, 13, 1
0, 4, 17, 11, 1
0, 4, 17, 12, 1
0, 4, 17, 13, 1
0, 4, 17, 18, 1
0, 4, 18, 11, 1
0, 4, 18, 12, 1
0, 4, 18, 17, 1
0, 4, 18, 21, 1
0, 1, 19, 15, 1
0, 2, 20, 23, 1
0, 2, 20, 27, 1
0, 5, 21, 18, 1
0, 5, 21, 22, 1
0, 5, 21, 24, 1
0, 5, 21, 25, 1
0, 5, 21, 28, 1
0, 6, 22, 21, 1
0, 6, 22, 25, 1
0, 6, 22, 26, 1
0, 6, 22, 27, 1
0, 6, 22, 28, 1
0, 6, 22, 29, 1
0, 2, 23, 20, 1
0, 2, 23, 27, 1
0, 2, 24, 21, 1
0, 2, 24, 29, 1
0, 4, 25, 21, 1
0, 4, 25, 22, 1
0, 4, 25, 26, 1
0, 4, 25, 28, 1
0, 3, 26, 22, 1
0, 3, 26, 25, 1
0, 3, 26, 28, 1
0, 4, 27, 1, 1
0, 4, 27, 20, 1
0, 4, 27, 22, 1
0, 4, 27, 23, 1
0, 4, 28, 21, 1
0, 4, 28, 22, 1
0, 4, 28, 25, 1
0, 4, 28, 26, 1
0, 2, 29, 22, 1
0, 2, 29, 24, 1
1, 2, 0, 6, 1
1, 2, 0, 9, 1
1, 3, 1, 2, 1
1, 3, 1, 11, 1
1, 3, 1, 27, 1
1, 2, 2, 1, 1
1, 2, 2, 9, 1
1, 4, 3, 4, 1
1, 4, 3, 5, 1
1, 4, 3, 6, 1
1, 4, 3, 7, 1
1, 4, 4, 3, 1
1, 4, 4, 5, 1
1, 4, 4, 7, 1
1, 4, 4, 8, 1
1, 5, 5, 3, 1
1, 5, 5, 4, 1
1, 5, 5, 6, 1
1, 5, 5, 7, 1
1, 5, 5, 9, 1
1, 5, 6, 0, 1
1, 5, 6, 3, 1
1, 5, 6, 5, 1
1, 5, 6, 7, 1
1, 5, 6, 9, 1
1, 5, 7, 3, 1
1, 5, 7, 4, 1
1, 5, 7, 5, 1
1, 5, 7, 6, 1
1, 5, 7, 9, 1
1, 1, 8, 4, 1
1, 5, 9, 0, 1
1, 5, 9, 2, 1
1, 5, 9, 5, 1
1, 5, 9, 6, 1
1, 5, 9, 7, 1
1, 4, 10, 13, 1
1, 4, 10, 14, 1
1, 4, 10, 15, 1
1, 4, 10, 16, 1
1, 4, 11, 1, 1
1, 4, 11, 12, 1
1, 4, 11, 17, 1
1, 4, 11, 18, 1
1, 3, 12, 11, 1
1, 3, 12, 17, 1
1, 3, 12, 18, 1
1, 3, 13, 10, 1
1, 3, 13, 16, 1
1, 3, 13, 17, 1
1, 1, 14, 10, 1
1, 2, 15, 10, 1
1, 2, 15, 19, 1
1, 2, 16, 10, 1
1, 2, 16, 13, 1
1, 4, 17, 11, 1
1, 4, 17, 12, 1
1, 4, 17, 13, 1
1, 4, 17, 18, 1
1, 4, 18, 11, 1
1, 4, 18, 12, 1
1, 4, 18, 17, 1
1, 4, 18, 21, 1
1, 1, 19, 15, 1
1, 2, 20, 23, 1
1, 2, 20, 27, 1
1, 5, 21, 18, 1
1, 5, 21, 22, 1
1, 5, 21, 24, 1
1, 5, 21, 25, 1
1, 5, 21, 28, 1
1, 6, 22, 21, 1
1, 6, 22, 25, 1
1, 6, 22, 26, 1
1, 6, 22, 27, 1
1, 6, 22, 28, 1
1, 6, 22, 29, 1
1, 2, 23, 20, 1
1, 2, 23, 27, 1
1, 2, 24, 21, 1
1, 2, 24, 29, 1
1, 4, 25, 21, 1
1, 4, 25, 22, 1
1, 4, 25, 26, 1
1, 4, 25, 28, 1
1, 3, 26, 22, 1
1, 3, 26, 25, 1
1, 3, 26, 28, 1
1, 4, 27, 1, 1
1, 4, 27, 20, 1
1, 4, 27, 22, 1
1, 4, 27, 23, 1
1, 4, 28, 21, 1
1, 4, 28, 22, 1
1, 4, 28, 25, 1
1, 4, 28, 26, 1
1, 2, 29, 22, 1
1, 2, 29, 24, 1
2, 120, 0, 1, 3
2, 120, 0, 1, 3
2, 120, 0, 1, 3
2, 120, 0, 1, 3
2, 120, 0, 1, 3
2, 120, 0, 1, 3
2, 120, 0, 1, 3
2, 120, 0, 1, 3
2, 120, 0, 1, 3
2, 120, 0, 1, 3
2, 120, 0, 1, 3
2, 120, 0, 1, 3
2, 120, 0, 1, 3
2, 120, 0, 1, 3
2, 120, 0, 1, 3
2, 120, 0, 1, 3
2, 120, 0, 1, 3
2, 120, 0, 1, 3
2, 120, 0, 1, 3
2, 120, 0, 1, 3
2, 120, 0, 1, 3
2, 120, 0, 1, 3
2, 120, 0, 1, 3
2, 120, 0, 1, 3
2, 120, 0, 1, 3
2, 120, 0, 1, 3
2, 120, 0, 1, 3
2, 120, 0, 1, 3
2, 120, 0, 1, 3
2, 120, 0, 1, 3
2, 120, 0, 1, 3
2, 120, 0, 1, 3
2, 120, 0, 1, 3
2, 120, 0, 1, 3
2, 120, 0, 1, 3
2, 120, 0, 1, 3
2, 120, 0, 1, 3
2, 120, 0, 1, 3
2, 120, 0, 1, 3
2, 120, 0, 1, 3
2, 120, 0, 1, 3
2, 120, 0, 1, 3
2, 120, 0, 1, 3
2, 120, 0, 1, 3
2, 120, 0, 1, 3
2, 120, 0, 1, 3
2, 120, 0, 1, 3
2, 120, 0, 1, 3
2, 120, 0, 1, 3
2, 120, 0, 1, 3
2, 120, 0, 1, 3
2, 120, 0, 1, 3
2, 120, 0, 1, 3
2, 120, 0, 1, 3
2, 120, 0, 1, 3
2, 120, 0, 1, 3
2, 120, 0, 1, 3
2, 120, 0, 1, 3
2, 120, 0, 1, 3
2, 120, 0, 1, 3
2, 120, 0, 1, 3
2, 120, 0, 1, 3
2, 120, 0, 1, 3
2, 120, 0, 1, 3
2, 120, 0, 1, 3
2, 120, 0, 1, 3
2, 120, 0, 1, 3
2, 120, 0, 1, 3
2, 120, 0, 1, 3
2, 120, 0, 1, 3
2, 120, 0, 1, 3
2, 120, 0, 1, 3
2, 120, 0, 1, 3
2, 120, 0, 1, 3
2, 120, 0, 1, 3
2, 120, 0, 1, 3
2, 120, 0, 1, 3
2, 120, 0, 1, 3
2, 120, 0, 1, 3
2, 120, 0, 1, 3
2, 120, 0, 1, 3
2, 120, 0, 1, 3
2, 120, 0, 1, 3
2, 120, 0, 1, 3
2, 120, 0, 1, 3
2, 120, 0, 1, 3
2, 120, 0, 1, 3
2, 120, 0, 1, 3
2, 120, 0, 1, 3
2, 120, 0, 1, 3
2, 120, 0, 1, 3
2, 120, 0, 1, 3
2, 120, 0, 1, 3
2, 120, 0, 1, 3
2, 120, 0, 1, 3
2, 120, 0, 1, 3
2, 120, 0, 1, 3
2, 120, 0, 1, 3
2, 120, 0, 1, 3
2, 120, 0, 1, 3
2, 120, 0, 1, 3
2, 120, 0, 1, 3
2, 120, 0, 1, 3
2, 120, 0, 1, 3
2, 120, 0, 1, 3
2, 120, 0, 1, 3
2, 120, 0, 1, 3
2, 120, 0, 1, 3
2, 120, 0, 1, 3
2, 120, 0, 1, 3
2, 120, 0, 1, 3
2, 120, 0, 1, 3
2, 120, 0, 1, 3
2, 120, 0, 1, 3
2, 120, 0, 1, 3
2, 120, 0, 1, 3
2, 120, 0, 1, 3
2, 120, 0, 1, 3
2, 120, 0, 1, 3
2, 120, 0, 1, 3
2, 240, 1, 0, 3
2, 240, 1, 0, 3
2, 240, 1, 0, 3
2, 240, 1, 0, 3
2, 240, 1, 0, 3
2, 240, 1, 0, 3
2, 240, 1, 0, 3
2, 240, 1, 0, 3
2, 240, 1, 0, 3
2, 240, 1, 0, 3
2, 240, 1, 0, 3
2, 240, 1, 0, 3
2, 240, 1, 0, 3
2, 240, 1, 0, 3
2, 240, 1, 0, 3
2, 240, 1, 0, 3
2, 240, 1, 0, 3
2, 240, 1, 0, 3
2, 240, 1, 0, 3
2, 240, 1, 0, 3
2, 240, 1, 0, 3
2, 240, 1, 0, 3
2, 240, 1, 0, 3
2, 240, 1, 0, 3
2, 240, 1, 0, 3
2, 240, 1, 0, 3
2, 240, 1, 0, 3
2, 240, 1, 0, 3
2, 240, 1, 0, 3
2, 240, 1, 0, 3
2, 240, 1, 0, 3
2, 240, 1, 0, 3
2, 240, 1, 0, 3
2, 240, 1, 0, 3
2, 240, 1, 0, 3
2, 240, 1, 0, 3
2, 240, 1, 0, 3
2, 240, 1, 0, 3
2, 240, 1, 0, 3
2, 240, 1, 0, 3
2, 240, 1, 0, 3
2, 240, 1, 0, 3
2, 240, 1, 0, 3
2, 240, 1, 0, 3
2, 240, 1, 0, 3
2, 240, 1, 0, 3
2, 240, 1, 0, 3
2, 240, 1, 0, 3
2, 240, 1, 0, 3
2, 240, 1, 0, 3
2, 240, 1, 0, 3
2, 240, 1, 0, 3
2, 240, 1, 0, 3
2, 240, 1, 0, 3
2, 240, 1, 0, 3
2, 240, 1, 0, 3
2, 240, 1, 0, 3
2, 240, 1, 0, 3
2, 240, 1, 0, 3
2, 240, 1, 0, 3
2, 240, 1, 0, 3
2, 240, 1, 0, 3
2, 240, 1, 0, 3
2, 240, 1, 0, 3
2, 240, 1, 0, 3
2, 240, 1, 0, 3
2, 240, 1, 0, 3
2, 240, 1, 0, 3
2, 240, 1, 0, 3
2, 240, 1, 0, 3
2, 240, 1, 0, 3
2, 240, 1, 0, 3
2, 240, 1, 0, 3
2, 240, 1, 0, 3
2, 240, 1, 0, 3
2, 240, 1, 0, 3
2, 240, 1, 0, 3
2, 240, 1, 0, 3
2, 240, 1, 0, 3
2, 240, 1, 0, 3
2, 240, 1, 0, 3
2, 240, 1, 0, 3
2, 240, 1, 0, 3
2, 240, 1, 0, 3
2, 240, 1, 0, 3
2, 240, 1, 0, 3
2, 240, 1, 0, 3
2, 240, 1, 0, 3
2, 240, 1, 0, 3
2, 240, 1, 0, 3
2, 240, 1, 0, 3
2, 240, 1, 0, 3
2, 240, 1, 0, 3
2, 240, 1, 0, 3
2, 240, 1, 0, 3
2, 240, 1, 0, 3
2, 240, 1, 0, 3
2, 240, 1, 0, 3
2, 240, 1, 0, 3
2, 240, 1, 0, 3
2, 240, 1, 0, 3
2, 240, 1, 0, 3
2, 240, 1, 0, 3
2, 240, 1, 0, 3
2, 240, 1, 0, 3
2, 240, 1, 0, 3
2, 240, 1, 0, 3
2, 240, 1, 0, 3
2, 240, 1, 0, 3
2, 240, 1, 0, 3
2, 240, 1, 0, 3
2, 240, 1, 0, 3
2, 240, 1, 0, 3
2, 240, 1, 0, 3
2, 240, 1, 0, 3
2, 240, 1, 0, 3
2, 240, 1, 0, 3
2, 240, 1, 0, 3
2, 240, 1, 0, 3
2, 240, 1, 0, 3
2, 240, 1, 2, 3
2, 240, 1, 2, 3
2, 240, 1, 2, 3
2, 240, 1, 2, 3
2, 240, 1, 2, 3
2, 240, 1, 2, 3
2, 240, 1, 2, 3
2, 240, 1, 2, 3
2, 240, 1, 2, 3
2, 240, 1, 2, 3
2, 240, 1, 2, 3
2, 240, 1, 2, 3
2, 240, 1, 2, 3
2, 240, 1, 2, 3
2, 240, 1, 2, 3
2, 240, 1, 2, 3
2, 240, 1, 2, 3
2, 240, 1, 2, 3
2, 240, 1, 2, 3
2, 240, 1, 2, 3
2, 240, 1, 2, 3
2, 240, 1, 2, 3
2, 240, 1, 2, 3
2, 240, 1, 2, 3
2, 240, 1, 2, 3
2, 240, 1, 2, 3
2, 240, 1, 2, 3
2, 240, 1, 2, 3
2, 240, 1, 2, 3
2, 240, 1, 2, 3
2, 240, 1, 2, 3
2, 240, 1, 2, 3
2, 240, 1, 2, 3
2, 240, 1, 2, 3
2, 240, 1, 2, 3
2, 240, 1, 2, 3
2, 240, 1, 2, 3
2, 240, 1, 2, 3
2, 240, 1, 2, 3
2, 240, 1, 2, 3
2, 240, 1, 2, 3
2, 240, 1, 2, 3
2, 240, 1, 2, 3
2, 240, 1, 2, 3
2, 240, 1, 2, 3
2, 240, 1, 2, 3
2, 240, 1, 2, 3
2, 240, 1, 2, 3
2, 240, 1, 2, 3
2, 240, 1, 2, 3
2, 240, 1, 2, 3
2, 240, 1, 2, 3
2, 240, 1, 2, 3
2, 240, 1, 2, 3
2, 240, 1, 2, 3
2, 240, 1, 2, 3
2, 240, 1, 2, 3
2, 240, 1, 2, 3
2, 240, 1, 2, 3
2, 240, 1, 2, 3
2, 240, 1, 2, 3
2, 240, 1, 2, 3
2, 240, 1, 2, 3
2, 240, 1, 2, 3
2, 240, 1, 2, 3
2, 240, 1, 2, 3
2, 240, 1, 2, 3
2, 240, 1, 2, 3
2, 240, 1, 2, 3
2, 240, 1, 2, 3
2, 240, 1, 2, 3
2, 240, 1, 2, 3
2, 240, 1, 2, 3
2, 240, 1, 2, 3
2, 240, 1, 2, 3
2, 240, 1, 2, 3
2, 240, 1, 2, 3
2, 240, 1, 2, 3
2, 240, 1, 2, 3
2, 240, 1, 2, 3
2, 240, 1, 2, 3
2, 240, 1, 2, 3
2, 240, 1, 2, 3
2, 240, 1, 2, 3
2, 240, 1, 2, 3
2, 240, 1, 2, 3
2, 240, 1, 2, 3
2, 240, 1, 2, 3
2, 240, 1, 2, 3
2, 240, 1, 2, 3
2, 240, 1, 2, 3
2, 240, 1, 2, 3
2, 240, 1, 2, 3
2, 240, 1, 2, 3
2, 240, 1, 2, 3
2, 240, 1, 2, 3
2, 240, 1, 2, 3
2, 240, 1, 2, 3
2, 240, 1, 2, 3
2, 240, 1, 2, 3
2, 240, 1, 2, 3
2, 240, 1, 2, 3
2, 240, 1, 2, 3
2, 240, 1, 2, 3
2, 240, 1, 2, 3
2, 240, 1, 2, 3
2, 240, 1, 2, 3
2, 240, 1, 2, 3
2, 240, 1, 2, 3
2, 240, 1, 2, 3
2, 240, 1, 2, 3
2, 240, 1, 2, 3
2, 240, 1, 2, 3
2, 240, 1, 2, 3
2, 240, 1, 2, 3
2, 240, 1, 2, 3
2, 240, 1, 2, 3
2, 240, 1, 2, 3
2, 240, 1, 2, 3
2, 240, 1, 2, 3
2, 240, 2, 1, 3
2, 240, 2, 1, 3
2, 240, 2, 1, 3
2, 240, 2, 1, 3
2, 240, 2, 1, 3
2, 240, 2, 1, 3
2, 240, 2, 1, 3
2, 240, 2, 1, 3
2, 240, 2, 1, 3
2, 240, 2, 1, 3
2, 240, 2, 1, 3
2, 240, 2, 1, 3
2, 240, 2, 1, 3
2, 240, 2, 1, 3
2, 240, 2, 1, 3
2, 240, 2, 1, 3
2, 240, 2, 1, 3
2, 240, 2, 1, 3
2, 240, 2, 1, 3
2, 240, 2, 1, 3
2, 240, 2, 1, 3
2, 240, 2, 1, 3
2, 240, 2, 1, 3
2, 240, 2, 1, 3
2, 240, 2, 1, 3
2, 240, 2, 1, 3
2, 240, 2, 1, 3
2, 240, 2, 1, 3
2, 240, 2, 1, 3
2, 240, 2, 1, 3
2, 240, 2, 1, 3
2, 240, 2, 1, 3
2, 240, 2, 1, 3
2, 240, 2, 1, 3
2, 240, 2, 1, 3
2, 240, 2, 1, 3
2, 240, 2, 1, 3
2, 240, 2, 1, 3
2, 240, 2, 1, 3
2, 240, 2, 1, 3
2, 240, 2, 1, 3
2, 240, 2, 1, 3
2, 240, 2, 1, 3
2, 240, 2, 1, 3
2, 240, 2, 1, 3
2, 240, 2, 1, 3
2, 240, 2, 1, 3
2, 240, 2, 1, 3
2, 240, 2, 1, 3
2, 240, 2, 1, 3
2, 240, 2, 1, 3
2, 240, 2, 1, 3
2, 240, 2, 1, 3
2, 240, 2, 1, 3
2, 240, 2, 1, 3
2, 240, 2, 1, 3
2, 240, 2, 1, 3
2, 240, 2, 1, 3
2, 240, 2, 1, 3
2, 240, 2, 1, 3
2, 240, 2, 1, 3
2, 240, 2, 1, 3
2, 240, 2, 1, 3
2, 240, 2, 1, 3
2, 240, 2, 1, 3
2, 240, 2, 1, 3
2, 240, 2, 1, 3
2, 240, 2, 1, 3
2, 240, 2, 1, 3
2, 240, 2, 1, 3
2, 240, 2, 1, 3
2, 240, 2, 1, 3
2, 240, 2, 1, 3
2, 240, 2, 1, 3
2, 240, 2, 1, 3
2, 240, 2, 1, 3
2, 240, 2, 1, 3
2, 240, 2, 1, 3
2, 240, 2, 1, 3
2, 240, 2, 1, 3
2, 240, 2, 1, 3
2, 240, 2, 1, 3
2, 240, 2, 1, 3
2, 240, 2, 1, 3
2, 240, 2, 1, 3
2, 240, 2, 1, 3
2, 240, 2, 1, 3
2, 240, 2, 1, 3
2, 240, 2, 1, 3
2, 240, 2, 1, 3
2, 240, 2, 1, 3
2, 240, 2, 1, 3
2, 240, 2, 1, 3
2, 240, 2, 1, 3
2, 240, 2, 1, 3
2, 240, 2, 1, 3
2, 240, 2, 1, 3
2, 240, 2, 1, 3
2, 240, 2, 1, 3
2, 240, 2, 1, 3
2, 240, 2, 1, 3
2, 240, 2, 1, 3
2, 240, 2, 1, 3
2, 240, 2, 1, 3
2, 240, 2, 1, 3
2, 240, 2, 1, 3
2, 240, 2, 1, 3
2, 240, 2, 1, 3
2, 240, 2, 1, 3
2, 240, 2, 1, 3
2, 240, 2, 1, 3
2, 240, 2, 1, 3
2, 240, 2, 1, 3
2, 240, 2, 1, 3
2, 240, 2, 1, 3
2, 240, 2, 1, 3
2, 240, 2, 1, 3
2, 240, 2, 1, 3
2, 240, 2, 1, 3
2, 240, 2, 1, 3
2, 240, 2, 3, 3
2, 240, 2, 3, 3
2, 240, 2, 3, 3
2, 240, 2, 3, 3
2, 240, 2, 3, 3
2, 240, 2, 3, 3
2, 240, 2, 3, 3
2, 240, 2, 3, 3
2, 240, 2, 3, 3
2, 240, 2, 3, 3
2, 240, 2, 3, 3
2, 240, 2, 3, 3
2, 240, 2, 3, 3
2, 240, 2, 3, 3
2, 240, 2, 3, 3
2, 240, 2, 3, 3
2, 240, 2, 3, 3
2, 240, 2, 3, 3
2, 240, 2, 3, 3
2, 240, 2, 3, 3
2, 240, 2, 3, 3
2, 240, 2, 3, 3
2, 240, 2, 3, 3
2, 240, 2, 3, 3
2, 240, 2, 3, 3
2, 240, 2, 3, 3
2, 240, 2, 3, 3
2, 240, 2, 3, 3
2, 240, 2, 3, 3
2, 240, 2, 3, 3
2, 240, 2, 3, 3
2, 240, 2, 3, 3
2, 240, 2, 3, 3
2, 240, 2, 3, 3
2, 240, 2, 3, 3
2, 240, 2, 3, 3
2, 240, 2, 3, 3
2, 240, 2, 3, 3
2, 240, 2, 3, 3
2, 240, 2, 3, 3
2, 240, 2, 3, 3
2, 240, 2, 3, 3
2, 240, 2, 3, 3
2, 240, 2, 3, 3
2, 240, 2, 3, 3
2, 240, 2, 3, 3
2, 240, 2, 3, 3
2, 240, 2, 3, 3
2, 240, 2, 3, 3
2, 240, 2, 3, 3
2, 240, 2, 3, 3
2, 240, 2, 3, 3
2, 240, 2, 3, 3
2, 240, 2, 3, 3
2, 240, 2, 3, 3
2, 240, 2, 3, 3
2, 240, 2, 3, 3
2, 240, 2, 3, 3
2, 240, 2, 3, 3
2, 240, 2, 3, 3
2, 240, 2, 3, 3
2, 240, 2, 3, 3
2, 240, 2, 3, 3
2, 240, 2, 3, 3
2, 240, 2, 3, 3
2, 240, 2, 3, 3
2, 240, 2, 3, 3
2, 240, 2, 3, 3
2, 240, 2, 3, 3
2, 240, 2, 3, 3
2, 240, 2, 3, 3
2, 240, 2, 3, 3
2, 240, 2, 3, 3
2, 240, 2, 3, 3
2, 240, 2, 3, 3
2, 240, 2, 3, 3
2, 240, 2, 3, 3
2, 240, 2, 3, 3
2, 240, 2, 3, 3
2, 240, 2, 3, 3
2, 240, 2, 3, 3
2, 240, 2, 3, 3
2, 240, 2, 3, 3
2, 240, 2, 3, 3
2, 240, 2, 3, 3
2, 240, 2, 3, 3
2, 240, 2, 3, 3
2, 240, 2, 3, 3
2, 240, 2, 3, 3
2, 240, 2, 3, 3
2, 240, 2, 3, 3
2, 240, 2, 3, 3
2, 240, 2, 3, 3
2, 240, 2, 3, 3
2, 240, 2, 3, 3
2, 240, 2, 3, 3
2, 240, 2, 3, 3
2, 240, 2, 3, 3
2, 240, 2, 3, 3
2, 240, 2, 3, 3
2, 240, 2, 3, 3
2, 240, 2, 3, 3
2, 240, 2, 3, 3
2, 240, 2, 3, 3
2, 240, 2, 3, 3
2, 240, 2, 3, 3
2, 240, 2, 3, 3
2, 240, 2, 3, 3
2, 240, 2, 3, 3
2, 240, 2, 3, 3
2, 240, 2, 3, 3
2, 240, 2, 3, 3
2, 240, 2, 3, 3
2, 240, 2, 3, 3
2, 240, 2, 3, 3
2, 240, 2, 3, 3
2, 240, 2, 3, 3
2, 240, 2, 3, 3
2, 240, 2, 3, 3
2, 240, 2, 3, 3
2, 240, 3, 2, 3
2, 240, 3, 2, 3
2, 240, 3, 2, 3
2, 240, 3, 2, 3
2, 240, 3, 2, 3
2, 240, 3, 2, 3
2, 240, 3, 2, 3
2, 240, 3, 2, 3
2, 240, 3, 2, 3
2, 240, 3, 2, 3
2, 240, 3, 2, 3
2, 240, 3, 2, 3
2, 240, 3, 2, 3
2, 240, 3, 2, 3
2, 240, 3, 2, 3
2, 240, 3, 2, 3
2, 240, 3, 2, 3
2, 240, 3, 2, 3
2, 240, 3, 2, 3
2, 240, 3, 2, 3
2, 240, 3, 2, 3
2, 240, 3, 2, 3
2, 240, 3, 2, 3
2, 240, 3, 2, 3
2, 240, 3, 2, 3
2, 240, 3, 2, 3
2, 240, 3, 2, 3
2, 240, 3, 2, 3
2, 240, 3, 2, 3
2, 240, 3, 2, 3
2, 240, 3, 2, 3
2, 240, 3, 2, 3
2, 240, 3, 2, 3
2, 240, 3, 2, 3
2, 240, 3, 2, 3
2, 240, 3, 2, 3
2, 240, 3, 2, 3
2, 240, 3, 2, 3
2, 240, 3, 2, 3
2, 240, 3, 2, 3
2, 240, 3, 2, 3
2, 240, 3, 2, 3
2, 240, 3, 2, 3
2, 240, 3, 2, 3
2, 240, 3, 2, 3
2, 240, 3, 2, 3
2, 240, 3, 2, 3
2, 240, 3, 2, 3
2, 240, 3, 2, 3
2, 240, 3, 2, 3
2, 240, 3, 2, 3
2, 240, 3, 2, 3
2, 240, 3, 2, 3
2, 240, 3, 2, 3
2, 240, 3, 2, 3
2, 240, 3, 2, 3
2, 240, 3, 2, 3
2, 240, 3, 2, 3
2, 240, 3, 2, 3
2, 240, 3, 2, 3
2, 240, 3, 2, 3
2, 240, 3, 2, 3
2, 240, 3, 2, 3
2, 240, 3, 2, 3
2, 240, 3, 2, 3
2, 240, 3, 2, 3
2, 240, 3, 2, 3
2, 240, 3, 2, 3
2, 240, 3, 2, 3
2, 240, 3, 2, 3
2, 240, 3, 2, 3
2, 240, 3, 2, 3
2, 240, 3, 2, 3
2, 240, 3, 2, 3
2, 240, 3, 2, 3
2, 240, 3, 2, 3
2, 240, 3, 2, 3
2, 240, 3, 2, 3
2, 240, 3, 2, 3
2, 240, 3, 2, 3
2, 240, 3, 2, 3
2, 240, 3, 2, 3
2, 240, 3, 2, 3
2, 240, 3, 2, 3
2, 240, 3, 2, 3
2, 240, 3, 2, 3
2, 240, 3, 2, 3
2, 240, 3, 2, 3
2, 240, 3, 2, 3
2, 240, 3, 2, 3
2, 240, 3, 2, 3
2, 240, 3, 2, 3
2, 240, 3, 2, 3
2, 240, 3, 2, 3
2, 240, 3, 2, 3
2, 240, 3, 2, 3
2, 240, 3, 2, 3
2, 240, 3, 2, 3
2, 240, 3, 2, 3
2, 240, 3, 2, 3
2, 240, 3, 2, 3
2, 240, 3, 2, 3
2, 240, 3, 2, 3
2, 240, 3, 2, 3
2, 240, 3, 2, 3
2, 240, 3, 2, 3
2, 240, 3, 2, 3
2, 240, 3, 2, 3
2, 240, 3, 2, 3
2, 240, 3, 2, 3
2, 240, 3, 2, 3
2, 240, 3, 2, 3
2, 240, 3, 2, 3
2, 240, 3, 2, 3
2, 240, 3, 2, 3
2, 240, 3, 2, 3
2, 240, 3, 2, 3
2, 240, 3, 2, 3
2, 240, 3, 2, 3
2, 240, 3, 2, 3
2, 240, 3, 4, 3
2, 240, 3, 4, 3
2, 240, 3, 4, 3
2, 240, 3, 4, 3
2, 240, 3, 4, 3
2, 240, 3, 4, 3
2, 240, 3, 4, 3
2, 240, 3, 4, 3
2, 240, 3, 4, 3
2, 240, 3, 4, 3
2, 240, 3, 4, 3
2, 240, 3, 4, 3
2, 240, 3, 4, 3
2, 240, 3, 4, 3
2, 240, 3, 4, 3
2, 240, 3, 4, 3
2, 240, 3, 4, 3
2, 240, 3, 4, 3
2, 240, 3, 4, 3
2, 240, 3, 4, 3
2, 240, 3, 4, 3
2, 240, 3, 4, 3
2, 240, 3, 4, 3
2, 240, 3, 4, 3
2, 240, 3, 4, 3
2, 240, 3, 4, 3
2, 240, 3, 4, 3
2, 240, 3, 4, 3
2, 240, 3, 4, 3
2, 240, 3, 4, 3
2, 240, 3, 4, 3
2, 240, 3, 4, 3
2, 240, 3, 4, 3
2, 240, 3, 4, 3
2, 240, 3, 4, 3
2, 240, 3, 4, 3
2, 240, 3, 4, 3
2, 240, 3, 4, 3
2, 240, 3, 4, 3
2, 240, 3, 4, 3
2, 240, 3, 4, 3
2, 240, 3, 4, 3
2, 240, 3, 4, 3
2, 240, 3, 4, 3
2, 240, 3, 4, 3
2, 240, 3, 4, 3
2, 240, 3, 4, 3
2, 240, 3, 4, 3
2, 240, 3, 4, 3
2, 240, 3, 4, 3
2, 240, 3, 4, 3
2, 240, 3, 4, 3
2, 240, 3, 4, 3
2, 240, 3, 4, 3
2, 240, 3, 4, 3
2, 240, 3, 4, 3
2, 240, 3, 4, 3
2, 240, 3, 4, 3
2, 240, 3, 4, 3
2, 240, 3, 4, 3
2, 240, 3, 4, 3
2, 240, 3, 4, 3
2, 240, 3, 4, 3
2, 240, 3, 4, 3
2, 240, 3, 4, 3
2, 240, 3, 4, 3
2, 240, 3, 4, 3
2, 240, 3, 4, 3
2, 240, 3, 4, 3
2, 240, 3, 4, 3
2, 240, 3, 4, 3
2, 240, 3, 4, 3
2, 240, 3, 4, 3
2, 240, 3, 4, 3
2, 240, 3, 4, 3
2, 240, 3, 4, 3
2, 240, 3, 4, 3
2, 240, 3, 4, 3
2, 240, 3, 4, 3
2, 240, 3, 4, 3
2, 240, 3, 4, 3
2, 240, 3, 4, 3
2, 240, 3, 4, 3
2, 240, 3, 4, 3
2, 240, 3, 4, 3
2, 240, 3, 4, 3
2, 240, 3, 4, 3
2, 240, 3, 4, 3
2, 240, 3, 4, 3
2, 240, 3, 4, 3
2, 240, 3, 4, 3
2, 240, 3, 4, 3
2, 240, 3, 4, 3
2, 240, 3, 4, 3
2, 240, 3, 4, 3
2, 240, 3, 4, 3
2, 240, 3, 4, 3
2, 240, 3, 4, 3
2, 240, 3, 4, 3
2, 240, 3, 4, 3
2, 240, 3, 4, 3
2, 240, 3, 4, 3
2, 240, 3, 4, 3
2, 240, 3, 4, 3
2, 240, 3, 4, 3
2, 240, 3, 4, 3
2, 240, 3, 4, 3
2, 240, 3, 4, 3
2, 240, 3, 4, 3
2, 240, 3, 4, 3
2, 240, 3, 4, 3
2, 240, 3, 4, 3
2, 240, 3, 4, 3
2, 240, 3, 4, 3
2, 240, 3, 4, 3
2, 240, 3, 4, 3
2, 240, 3, 4, 3
2, 240, 3, 4, 3
2, 240, 3, 4, 3
2, 240, 3, 4, 3
2, 120, 4, 3, 3
2, 120, 4, 3, 3
2, 120, 4, 3, 3
2, 120, 4, 3, 3
2, 120, 4, 3, 3
2, 120, 4, 3, 3
2, 120, 4, 3, 3
2, 120, 4, 3, 3
2, 120, 4, 3, 3
2, 120, 4, 3, 3
2, 120, 4, 3, 3
2, 120, 4, 3, 3
2, 120, 4, 3, 3
2, 120, 4, 3, 3
2, 120, 4, 3, 3
2, 120, 4, 3, 3
2, 120, 4, 3, 3
2, 120, 4, 3, 3
2, 120, 4, 3, 3
2, 120, 4, 3, 3
2, 120, 4, 3, 3
2, 120, 4, 3, 3
2, 120, 4, 3, 3
2, 120, 4, 3, 3
2, 120, 4, 3, 3
2, 120, 4, 3, 3
2, 120, 4, 3, 3
2, 120, 4, 3, 3
2, 120, 4, 3, 3
2, 120, 4, 3, 3
2, 120, 4, 3, 3
2, 120, 4, 3, 3
2, 120, 4, 3, 3
2, 120, 4, 3, 3
2, 120, 4, 3, 3
2, 120, 4, 3, 3
2, 120, 4, 3, 3
2, 120, 4, 3, 3
2, 120, 4, 3, 3
2, 120, 4, 3, 3
2, 120, 4, 3, 3
2, 120, 4, 3, 3
2, 120, 4, 3, 3
2, 120, 4, 3, 3
2, 120, 4, 3, 3
2, 120, 4, 3, 3
2, 120, 4, 3, 3
2, 120, 4, 3, 3
2, 120, 4, 3, 3
2, 120, 4, 3, 3
2, 120, 4, 3, 3
2, 120, 4, 3, 3
2, 120, 4, 3, 3
2, 120, 4, 3, 3
2, 120, 4, 3, 3
2, 120, 4, 3, 3
2, 120, 4, 3, 3
2, 120, 4, 3, 3
2, 120, 4, 3, 3
2, 120, 4, 3, 3
2, 120, 4, 3, 3
2, 120, 4, 3, 3
2, 120, 4, 3, 3
2, 120, 4, 3, 3
2, 120, 4, 3, 3
2, 120, 4, 3, 3
2, 120, 4, 3, 3
2, 120, 4, 3, 3
2, 120, 4, 3, 3
2, 120, 4, 3, 3
2, 120, 4, 3, 3
2, 120, 4, 3, 3
2, 120, 4, 3, 3
2, 120, 4, 3, 3
2, 120, 4, 3, 3
2, 120, 4, 3, 3
2, 120, 4, 3, 3
2, 120, 4, 3, 3
2, 120, 4, 3, 3
2, 120, 4, 3, 3
2, 120, 4, 3, 3
2, 120, 4, 3, 3
2, 120, 4, 3, 3
2, 120, 4, 3, 3
2, 120, 4, 3, 3
2, 120, 4, 3, 3
2, 120, 4, 3, 3
2, 120, 4, 3, 3
2, 120, 4, 3, 3
2, 120, 4, 3, 3
2, 120, 4, 3, 3
2, 120, 4, 3, 3
2, 120, 4, 3, 3
2, 120, 4, 3, 3
2, 120, 4, 3, 3
2, 120, 4, 3, 3
2, 120, 4, 3, 3
2, 120, 4, 3, 3
2, 120, 4, 3, 3
2, 120, 4, 3, 3
2, 120, 4, 3, 3
2, 120, 4, 3, 3
2, 120, 4, 3, 3
2, 120, 4, 3, 3
2, 120, 4, 3, 3
2, 120, 4, 3, 3
2, 120, 4, 3, 3
2, 120, 4, 3, 3
2, 120, 4, 3, 3
2, 120, 4, 3, 3
2, 120, 4, 3, 3
2, 120, 4, 3, 3
2, 120, 4, 3, 3
2, 120, 4, 3, 3
2, 120, 4, 3, 3
2, 120, 4, 3, 3
2, 120, 4, 3, 3
2, 120, 4, 3, 3
2, 120, 4, 3, 3
2, 120, 4, 3, 3
3, 120, 0, 1, 3
3, 120, 0, 1, 3
3, 120, 0, 1, 3
3, 120, 0, 1, 3
3, 120, 0, 1, 3
3, 120, 0, 1, 3
3, 120, 0, 1, 3
3, 120, 0, 1, 3
3, 120, 0, 1, 3
3, 120, 0, 1, 3
3, 120, 0, 1, 3
3, 120, 0, 1, 3
3, 120, 0, 1, 3
3, 120, 0, 1, 3
3, 120, 0, 1, 3
3, 120, 0, 1, 3
3, 120, 0, 1, 3
3, 120, 0, 1, 3
3, 120, 0, 1, 3
3, 120, 0, 1, 3
3, 120, 0, 1, 3
3, 120, 0, 1, 3
3, 120, 0, 1, 3
3, 120, 0, 1, 3
3, 120, 0, 1, 3
3, 120, 0, 1, 3
3, 120, 0, 1, 3
3, 120, 0, 1, 3
3, 120, 0, 1, 3
3, 120, 0, 1, 3
3, 120, 0, 1, 3
3, 120, 0, 1, 3
3, 120, 0, 1, 3
3, 120, 0, 1, 3
3, 120, 0, 1, 3
3, 120, 0, 1, 3
3, 120, 0, 1, 3
3, 120, 0, 1, 3
3, 120, 0, 1, 3
3, 120, 0, 1, 3
3, 120, 0, 1, 3
3, 120, 0, 1, 3
3, 120, 0, 1, 3
3, 120, 0, 1, 3
3, 120, 0, 1, 3
3, 120, 0, 1, 3
3, 120, 0, 1, 3
3, 120, 0, 1, 3
3, 120, 0, 1, 3
3, 120, 0, 1, 3
3, 120, 0, 1, 3
3, 120, 0, 1, 3
3, 120, 0, 1, 3
3, 120, 0, 1, 3
3, 120, 0, 1, 3
3, 120, 0, 1, 3
3, 120, 0, 1, 3
3, 120, 0, 1, 3
3, 120, 0, 1, 3
3, 120, 0, 1, 3
3, 120, 0, 1, 3
3, 120, 0, 1, 3
3, 120, 0, 1, 3
3, 120, 0, 1, 3
3, 120, 0, 1, 3
3, 120, 0, 1, 3
3, 120, 0, 1, 3
3, 120, 0, 1, 3
3, 120, 0, 1, 3
3, 120, 0, 1, 3
3, 120, 0, 1, 3
3, 120, 0, 1, 3
3, 120, 0, 1, 3
3, 120, 0, 1, 3
3, 120, 0, 1, 3
3, 120, 0, 1, 3
3, 120, 0, 1, 3
3, 120, 0, 1, 3
3, 120, 0, 1, 3
3, 120, 0, 1, 3
3, 120, 0, 1, 3
3, 120, 0, 1, 3
3, 120, 0, 1, 3
3, 120, 0, 1, 3
3, 120, 0, 1, 3
3, 120, 0, 1, 3
3, 120, 0, 1, 3
3, 120, 0, 1, 3
3, 120, 0, 1, 3
3, 120, 0, 1, 3
3, 120, 0, 1, 3
3, 120, 0, 1, 3
3, 120, 0, 1, 3
3, 120, 0, 1, 3
3, 120, 0, 1, 3
3, 120, 0, 1, 3
3, 120, 0, 1, 3
3, 120, 0, 1, 3
3, 120, 0, 1, 3
3, 120, 0, 1, 3
3, 120, 0, 1, 3
3, 120, 0, 1, 3
3, 120, 0, 1, 3
3, 120, 0, 1, 3
3, 120, 0, 1, 3
3, 120, 0, 1, 3
3, 120, 0, 1, 3
3, 120, 0, 1, 3
3, 120, 0, 1, 3
3, 120, 0, 1, 3
3, 120, 0, 1, 3
3, 120, 0, 1, 3
3, 120, 0, 1, 3
3, 120, 0, 1, 3
3, 120, 0, 1, 3
3, 120, 0, 1, 3
3, 120, 0, 1, 3
3, 120, 0, 1, 3
3, 120, 0, 1, 3
3, 120, 0, 1, 3
3, 240, 1, 0, 3
3, 240, 1, 0, 3
3, 240, 1, 0, 3
3, 240, 1, 0, 3
3, 240, 1, 0, 3
3, 240, 1, 0, 3
3, 240, 1, 0, 3
3, 240, 1, 0, 3
3, 240, 1, 0, 3
3, 240, 1, 0, 3
3, 240, 1, 0, 3
3, 240, 1, 0, 3
3, 240, 1, 0, 3
3, 240, 1, 0, 3
3, 240, 1, 0, 3
3, 240, 1, 0, 3
3, 240, 1, 0, 3
3, 240, 1, 0, 3
3, 240, 1, 0, 3
3, 240, 1, 0, 3
3, 240, 1, 0, 3
3, 240, 1, 0, 3
3, 240, 1, 0, 3
3, 240, 1, 0, 3
3, 240, 1, 0, 3
3, 240, 1, 0, 3
3, 240, 1, 0, 3
3, 240, 1, 0, 3
3, 240, 1, 0, 3
3, 240, 1, 0, 3
3, 240, 1, 0, 3
3, 240, 1, 0, 3
3, 240, 1, 0, 3
3, 240, 1, 0, 3
3, 240, 1, 0, 3
3, 240, 1, 0, 3
3, 240, 1, 0, 3
3, 240, 1, 0, 3
3, 240, 1, 0, 3
3, 240, 1, 0, 3
3, 240, 1, 0, 3
3, 240, 1, 0, 3
3, 240, 1, 0, 3
3, 240, 1, 0, 3
3, 240, 1, 0, 3
3, 240, 1, 0, 3
3, 240, 1, 0, 3
3, 240, 1, 0, 3
3, 240, 1, 0, 3
3, 240, 1, 0, 3
3, 240, 1, 0, 3
3, 240, 1, 0, 3
3, 240, 1, 0, 3
3, 240, 1, 0, 3
3, 240, 1, 0, 3
3, 240, 1, 0, 3
3, 240, 1, 0, 3
3, 240, 1, 0, 3
3, 240, 1, 0, 3
3, 240, 1, 0, 3
3, 240, 1, 0, 3
3, 240, 1, 0, 3
3, 240, 1, 0, 3
3, 240, 1, 0, 3
3, 240, 1, 0, 3
3, 240, 1, 0, 3
3, 240, 1, 0, 3
3, 240, 1, 0, 3
3, 240, 1, 0, 3
3, 240, 1, 0, 3
3, 240, 1, 0, 3
3, 240, 1, 0, 3
3, 240, 1, 0, 3
3, 240, 1, 0, 3
3, 240, 1, 0, 3
3, 240, 1, 0, 3
3, 240, 1, 0, 3
3, 240, 1, 0, 3
3, 240, 1, 0, 3
3, 240, 1, 0, 3
3, 240, 1, 0, 3
3, 240, 1, 0, 3
3, 240, 1, 0, 3
3, 240, 1, 0, 3
3, 240, 1, 0, 3
3, 240, 1, 0, 3
3, 240, 1, 0, 3
3, 240, 1, 0, 3
3, 240, 1, 0, 3
3, 240, 1, 0, 3
3, 240, 1, 0, 3
3, 240, 1, 0, 3
3, 240, 1, 0, 3
3, 240, 1, 0, 3
3, 240, 1, 0, 3
3, 240, 1, 0, 3
3, 240, 1, 0, 3
3, 240, 1, 0, 3
3, 240, 1, 0, 3
3, 240, 1, 0, 3
3, 240, 1, 0, 3
3, 240, 1, 0, 3
3, 240, 1, 0, 3
3, 240, 1, 0, 3
3, 240, 1, 0, 3
3, 240, 1, 0, 3
3, 240, 1, 0, 3
3, 240, 1, 0, 3
3, 240, 1, 0, 3
3, 240, 1, 0, 3
3, 240, 1, 0, 3
3, 240, 1, 0, 3
3, 240, 1, 0, 3
3, 240, 1, 0, 3
3, 240, 1, 0, 3
3, 240, 1, 0, 3
3, 240, 1, 0, 3
3, 240, 1, 0, 3
3, 240, 1, 0, 3
3, 240, 1, 0, 3
3, 240, 1, 2, 3
3, 240, 1, 2, 3
3, 240, 1, 2, 3
3, 240, 1, 2, 3
3, 240, 1, 2, 3
3, 240, 1, 2, 3
3, 240, 1, 2, 3
3, 240, 1, 2, 3
3, 240, 1, 2, 3
3, 240, 1, 2, 3
3, 240, 1, 2, 3
3, 240, 1, 2, 3
3, 240, 1, 2, 3
3, 240, 1, 2, 3
3, 240, 1, 2, 3
3, 240, 1, 2, 3
3, 240, 1, 2, 3
3, 240, 1, 2, 3
3, 240, 1, 2, 3
3, 240, 1, 2, 3
3, 240, 1, 2, 3
3, 240, 1, 2, 3
3, 240, 1, 2, 3
3, 240, 1, 2, 3
3, 240, 1, 2, 3
3, 240, 1, 2, 3
3, 240, 1, 2, 3
3, 240, 1, 2, 3
3, 240, 1, 2, 3
3, 240, 1, 2, 3
3, 240, 1, 2, 3
3, 240, 1, 2, 3
3, 240, 1, 2, 3
3, 240, 1, 2, 3
3, 240, 1, 2, 3
3, 240, 1, 2, 3
3, 240, 1, 2, 3
3, 240, 1, 2, 3
3, 240, 1, 2, 3
3, 240, 1, 2, 3
3, 240, 1, 2, 3
3, 240, 1, 2, 3
3, 240, 1, 2, 3
3, 240, 1, 2, 3
3, 240, 1, 2, 3
3, 240, 1, 2, 3
3, 240, 1, 2, 3
3, 240, 1, 2, 3
3, 240, 1, 2, 3
3, 240, 1, 2, 3
3, 240, 1, 2, 3
3, 240, 1, 2, 3
3, 240, 1, 2, 3
3, 240, 1, 2, 3
3, 240, 1, 2, 3
3, 240, 1, 2, 3
3, 240, 1, 2, 3
3, 240, 1, 2, 3
3, 240, 1, 2, 3
3, 240, 1, 2, 3
3, 240, 1, 2, 3
3, 240, 1, 2, 3
3, 240, 1, 2, 3
3, 240, 1, 2, 3
3, 240, 1, 2, 3
3, 240, 1, 2, 3
3, 240, 1, 2, 3
3, 240, 1, 2, 3
3, 240, 1, 2, 3
3, 240, 1, 2, 3
3, 240, 1, 2, 3
3, 240, 1, 2, 3
3, 240, 1, 2, 3
3, 240, 1, 2, 3
3, 240, 1, 2, 3
3, 240, 1, 2, 3
3, 240, 1, 2, 3
3, 240, 1, 2, 3
3, 240, 1, 2, 3
3, 240, 1, 2, 3
3, 240, 1, 2, 3
3, 240, 1, 2, 3
3, 240, 1, 2, 3
3, 240, 1, 2, 3
3, 240, 1, 2, 3
3, 240, 1, 2, 3
3, 240, 1, 2, 3
3, 240, 1, 2, 3
3, 240, 1, 2, 3
3, 240, 1, 2, 3
3, 240, 1, 2, 3
3, 240, 1, 2, 3
3, 240, 1, 2, 3
3, 240, 1, 2, 3
3, 240, 1, 2, 3
3, 240, 1, 2, 3
3, 240, 1, 2, 3
3, 240, 1, 2, 3
3, 240, 1, 2, 3
3, 240, 1, 2, 3
3, 240, 1, 2, 3
3, 240, 1, 2, 3
3, 240, 1, 2, 3
3, 240, 1, 2, 3
3, 240, 1, 2, 3
3, 240, 1, 2, 3
3, 240, 1, 2, 3
3, 240, 1, 2, 3
3, 240, 1, 2, 3
3, 240, 1, 2, 3
3, 240, 1, 2, 3
3, 240, 1, 2, 3
3, 240, 1, 2, 3
3, 240, 1, 2, 3
3, 240, 1, 2, 3
3, 240, 1, 2, 3
3, 240, 1, 2, 3
3, 240, 1, 2, 3
3, 240, 1, 2, 3
3, 240, 1, 2, 3
3, 240, 2, 1, 3
3, 240, 2, 1, 3
3, 240, 2, 1, 3
3, 240, 2, 1, 3
3, 240, 2, 1, 3
3, 240, 2, 1, 3
3, 240, 2, 1, 3
3, 240, 2, 1, 3
3, 240, 2, 1, 3
3, 240, 2, 1, 3
3, 240, 2, 1, 3
3, 240, 2, 1, 3
3, 240, 2, 1, 3
3, 240, 2, 1, 3
3, 240, 2, 1, 3
3, 240, 2, 1, 3
3, 240, 2, 1, 3
3, 240, 2, 1, 3
3, 240, 2, 1, 3
3, 240, 2, 1, 3
3, 240, 2, 1, 3
3, 240, 2, 1, 3
3, 240, 2, 1, 3
3, 240, 2, 1, 3
3, 240, 2, 1, 3
3, 240, 2, 1, 3
3, 240, 2, 1, 3
3, 240, 2, 1, 3
3, 240, 2, 1, 3
3, 240, 2, 1, 3
3, 240, 2, 1, 3
3, 240, 2, 1, 3
3, 240, 2, 1, 3
3, 240, 2, 1, 3
3, 240, 2, 1, 3
3, 240, 2, 1, 3
3, 240, 2, 1, 3
3, 240, 2, 1, 3
3, 240, 2, 1, 3
3, 240, 2, 1, 3
3, 240, 2, 1, 3
3, 240, 2, 1, 3
3, 240, 2, 1, 3
3, 240, 2, 1, 3
3, 240, 2, 1, 3
3, 240, 2, 1, 3
3, 240, 2, 1, 3
3, 240, 2, 1, 3
3, 240, 2, 1, 3
3, 240, 2, 1, 3
3, 240, 2, 1, 3
3, 240, 2, 1, 3
3, 240, 2, 1, 3
3, 240, 2, 1, 3
3, 240, 2, 1, 3
3, 240, 2, 1, 3
3, 240, 2, 1, 3
3, 240, 2, 1, 3
3, 240, 2, 1, 3
3, 240, 2, 1, 3
3, 240, 2, 1, 3
3, 240, 2, 1, 3
3, 240, 2, 1, 3
3, 240, 2, 1, 3
3, 240, 2, 1, 3
3, 240, 2, 1, 3
3, 240, 2, 1, 3
3, 240, 2, 1, 3
3, 240, 2, 1, 3
3, 240, 2, 1, 3
3, 240, 2, 1, 3
3, 240, 2, 1, 3
3, 240, 2, 1, 3
3, 240, 2, 1, 3
3, 240, 2, 1, 3
3, 240, 2, 1, 3
3, 240, 2, 1, 3
3, 240, 2, 1, 3
3, 240, 2, 1, 3
3, 240, 2, 1, 3
3, 240, 2, 1, 3
3, 240, 2, 1, 3
3, 240, 2, 1, 3
3, 240, 2, 1, 3
3, 240, 2, 1, 3
3, 240, 2, 1, 3
3, 240, 2, 1, 3
3, 240, 2, 1, 3
3, 240, 2, 1, 3
3, 240, 2, 1, 3
3, 240, 2, 1, 3
3, 240, 2, 1, 3
3, 240, 2, 1, 3
3, 240, 2, 1, 3
3, 240, 2, 1, 3
3, 240, 2, 1, 3
3, 240, 2, 1, 3
3, 240, 2, 1, 3
3, 240, 2, 1, 3
3, 240, 2, 1, 3
3, 240, 2, 1, 3
3, 240, 2, 1, 3
3, 240, 2, 1, 3
3, 240, 2, 1, 3
3, 240, 2, 1, 3
3, 240, 2, 1, 3
3, 240, 2, 1, 3
3, 240, 2, 1, 3
3, 240, 2, 1, 3
3, 240, 2, 1, 3
3, 240, 2, 1, 3
3, 240, 2, 1, 3
3, 240, 2, 1, 3
3, 240, 2, 1, 3
3, 240, 2, 1, 3
3, 240, 2, 1, 3
3, 240, 2, 1, 3
3, 240, 2, 1, 3
3, 240, 2, 1, 3
3, 240, 2, 1, 3
3, 240, 2, 3, 3
3, 240, 2, 3, 3
3, 240, 2, 3, 3
3, 240, 2, 3, 3
3, 240, 2, 3, 3
3, 240, 2, 3, 3
3, 240, 2, 3, 3
3, 240, 2, 3, 3
3, 240, 2, 3, 3
3, 240, 2, 3, 3
3, 240, 2, 3, 3
3, 240, 2, 3, 3
3, 240, 2, 3, 3
3, 240, 2, 3, 3
3, 240, 2, 3, 3
3, 240, 2, 3, 3
3, 240, 2, 3, 3
3, 240, 2, 3, 3
3, 240, 2, 3, 3
3, 240, 2, 3, 3
3, 240, 2, 3, 3
3, 240, 2, 3, 3
3, 240, 2, 3, 3
3, 240, 2, 3, 3
3, 240, 2, 3, 3
3, 240, 2, 3, 3
3, 240, 2, 3, 3
3, 240, 2, 3, 3
3, 240, 2, 3, 3
3, 240, 2, 3, 3
3, 240, 2, 3, 3
3, 240, 2, 3, 3
3, 240, 2, 3, 3
3, 240, 2, 3, 3
3, 240, 2, 3, 3
3, 240, 2, 3, 3
3, 240, 2, 3, 3
3, 240, 2, 3, 3
3, 240, 2, 3, 3
3, 240, 2, 3, 3
3, 240, 2, 3, 3
3, 240, 2, 3, 3
3, 240, 2, 3, 3
3, 240, 2, 3, 3
3, 240, 2, 3, 3
3, 240, 2, 3, 3
3, 240, 2, 3, 3
3, 240, 2, 3, 3
3, 240, 2, 3, 3
3, 240, 2, 3, 3
3, 240, 2, 3, 3
3, 240, 2, 3, 3
3, 240, 2, 3, 3
3, 240, 2, 3, 3
3, 240, 2, 3, 3
3, 240, 2, 3, 3
3, 240, 2, 3, 3
3, 240, 2, 3, 3
3, 240, 2, 3, 3
3, 240, 2, 3, 3
3, 240, 2, 3, 3
3, 240, 2, 3, 3
3, 240, 2, 3, 3
3, 240, 2, 3, 3
3, 240, 2, 3, 3
3, 240, 2, 3, 3
3, 240, 2, 3, 3
3, 240, 2, 3, 3
3, 240, 2, 3, 3
3, 240, 2, 3, 3
3, 240, 2, 3, 3
3, 240, 2, 3, 3
3, 240, 2, 3, 3
3, 240, 2, 3, 3
3, 240, 2, 3, 3
3, 240, 2, 3, 3
3, 240, 2, 3, 3
3, 240, 2, 3, 3
3, 240, 2, 3, 3
3, 240, 2, 3, 3
3, 240, 2, 3, 3
3, 240, 2, 3, 3
3, 240, 2, 3, 3
3, 240, 2, 3, 3
3, 240, 2, 3, 3
3, 240, 2, 3, 3
3, 240, 2, 3, 3
3, 240, 2, 3, 3
3, 240, 2, 3, 3
3, 240, 2, 3, 3
3, 240, 2, 3, 3
3, 240, 2, 3, 3
3, 240, 2, 3, 3
3, 240, 2, 3, 3
3, 240, 2, 3, 3
3, 240, 2, 3, 3
3, 240, 2, 3, 3
3, 240, 2, 3, 3
3, 240, 2, 3, 3
3, 240, 2, 3, 3
3, 240, 2, 3, 3
3, 240, 2, 3, 3
3, 240, 2, 3, 3
3, 240, 2, 3, 3
3, 240, 2, 3, 3
3, 240, 2, 3, 3
3, 240, 2, 3, 3
3, 240, 2, 3, 3
3, 240, 2, 3, 3
3, 240, 2, 3, 3
3, 240, 2, 3, 3
3, 240, 2, 3, 3
3, 240, 2, 3, 3
3, 240, 2, 3, 3
3, 240, 2, 3, 3
3, 240, 2, 3, 3
3, 240, 2, 3, 3
3, 240, 2, 3, 3
3, 240, 2, 3, 3
3, 240, 2, 3, 3
3, 240, 3, 2, 3
3, 240, 3, 2, 3
3, 240, 3, 2, 3
3, 240, 3, 2, 3
3, 240, 3, 2, 3
3, 240, 3, 2, 3
3, 240, 3, 2, 3
3, 240, 3, 2, 3
3, 240, 3, 2, 3
3, 240, 3, 2, 3
3, 240, 3, 2, 3
3, 240, 3, 2, 3
3, 240, 3, 2, 3
3, 240, 3, 2, 3
3, 240, 3, 2, 3
3, 240, 3, 2, 3
3, 240, 3, 2, 3
3, 240, 3, 2, 3
3, 240, 3, 2, 3
3, 240, 3, 2, 3
3, 240, 3, 2, 3
3, 240, 3, 2, 3
3, 240, 3, 2, 3
3, 240, 3, 2, 3
3, 240, 3, 2, 3
3, 240, 3, 2, 3
3, 240, 3, 2, 3
3, 240, 3, 2, 3
3, 240, 3, 2, 3
3, 240, 3, 2, 3
3, 240, 3, 2, 3
3, 240, 3, 2, 3
3, 240, 3, 2, 3
3, 240, 3, 2, 3
3, 240, 3, 2, 3
3, 240, 3, 2, 3
3, 240, 3, 2, 3
3, 240, 3, 2, 3
3, 240, 3, 2, 3
3, 240, 3, 2, 3
3, 240, 3, 2, 3
3, 240, 3, 2, 3
3, 240, 3, 2, 3
3, 240, 3, 2, 3
3, 240, 3, 2, 3
3, 240, 3, 2, 3
3, 240, 3, 2, 3
3, 240, 3, 2, 3
3, 240, 3, 2, 3
3, 240, 3, 2, 3
3, 240, 3, 2, 3
3, 240, 3, 2, 3
3, 240, 3, 2, 3
3, 240, 3, 2, 3
3, 240, 3, 2, 3
3, 240, 3, 2, 3
3, 240, 3, 2, 3
3, 240, 3, 2, 3
3, 240, 3, 2, 3
3, 240, 3, 2, 3
3, 240, 3, 2, 3
3, 240, 3, 2, 3
3, 240, 3, 2, 3
3, 240, 3, 2, 3
3, 240, 3, 2, 3
3, 240, 3, 2, 3
3, 240, 3, 2, 3
3, 240, 3, 2, 3
3, 240, 3, 2, 3
3, 240, 3, 2, 3
3, 240, 3, 2, 3
3, 240, 3, 2, 3
3, 240, 3, 2, 3
3, 240, 3, 2, 3
3, 240, 3, 2, 3
3, 240, 3, 2, 3
3, 240, 3, 2, 3
3, 240, 3, 2, 3
3, 240, 3, 2, 3
3, 240, 3, 2, 3
3, 240, 3, 2, 3
3, 240, 3, 2, 3
3, 240, 3, 2, 3
3, 240, 3, 2, 3
3, 240, 3, 2, 3
3, 240, 3, 2, 3
3, 240, 3, 2, 3
3, 240, 3, 2, 3
3, 240, 3, 2, 3
3, 240, 3, 2, 3
3, 240, 3, 2, 3
3, 240, 3, 2, 3
3, 240, 3, 2, 3
3, 240, 3, 2, 3
3, 240, 3, 2, 3
3, 240, 3, 2, 3
3, 240, 3, 2, 3
3, 240, 3, 2, 3
3, 240, 3, 2, 3
3, 240, 3, 2, 3
3, 240, 3, 2, 3
3, 240, 3, 2, 3
3, 240, 3, 2, 3
3, 240, 3, 2, 3
3, 240, 3, 2, 3
3, 240, 3, 2, 3
3, 240, 3, 2, 3
3, 240, 3, 2, 3
3, 240, 3, 2, 3
3, 240, 3, 2, 3
3, 240, 3, 2, 3
3, 240, 3, 2, 3
3, 240, 3, 2, 3
3, 240, 3, 2, 3
3, 240, 3, 2, 3
3, 240, 3, 2, 3
3, 240, 3, 2, 3
3, 240, 3, 2, 3
3, 240, 3, 2, 3
3, 240, 3, 2, 3
3, 240, 3, 4, 3
3, 240, 3, 4, 3
3, 240, 3, 4, 3
3, 240, 3, 4, 3
3, 240, 3, 4, 3
3, 240, 3, 4, 3
3, 240, 3, 4, 3
3, 240, 3, 4, 3
3, 240, 3, 4, 3
3, 240, 3, 4, 3
3, 240, 3, 4, 3
3, 240, 3, 4, 3
3, 240, 3, 4, 3
3, 240, 3, 4, 3
3, 240, 3, 4, 3
3, 240, 3, 4, 3
3, 240, 3, 4, 3
3, 240, 3, 4, 3
3, 240, 3, 4, 3
3, 240, 3, 4, 3
3, 240, 3, 4, 3
3, 240, 3, 4, 3
3, 240, 3, 4, 3
3, 240, 3, 4, 3
3, 240, 3, 4, 3
3, 240, 3, 4, 3
3, 240, 3, 4, 3
3, 240, 3, 4, 3
3, 240, 3, 4, 3
3, 240, 3, 4, 3
3, 240, 3, 4, 3
3, 240, 3, 4, 3
3, 240, 3, 4, 3
3, 240, 3, 4, 3
3, 240, 3, 4, 3
3, 240, 3, 4, 3
3, 240, 3, 4, 3
3, 240, 3, 4, 3
3, 240, 3, 4, 3
3, 240, 3, 4, 3
3, 240, 3, 4, 3
3, 240, 3, 4, 3
3, 240, 3, 4, 3
3, 240, 3, 4, 3
3, 240, 3, 4, 3
3, 240, 3, 4, 3
3, 240, 3, 4, 3
3, 240, 3, 4, 3
3, 240, 3, 4, 3
3, 240, 3, 4, 3
3, 240, 3, 4, 3
3, 240, 3, 4, 3
3, 240, 3, 4, 3
3, 240, 3, 4, 3
3, 240, 3, 4, 3
3, 240, 3, 4, 3
3, 240, 3, 4, 3
3, 240, 3, 4, 3
3, 240, 3, 4, 3
3, 240, 3, 4, 3
3, 240, 3, 4, 3
3, 240, 3, 4, 3
3, 240, 3, 4, 3
3, 240, 3, 4, 3
3, 240, 3, 4, 3
3, 240, 3, 4, 3
3, 240, 3, 4, 3
3, 240, 3, 4, 3
3, 240, 3, 4, 3
3, 240, 3, 4, 3
3, 240, 3, 4, 3
3, 240, 3, 4, 3
3, 240, 3, 4, 3
3, 240, 3, 4, 3
3, 240, 3, 4, 3
3, 240, 3, 4, 3
3, 240, 3, 4, 3
3, 240, 3, 4, 3
3, 240, 3, 4, 3
3, 240, 3, 4, 3
3, 240, 3, 4, 3
3, 240, 3, 4, 3
3, 240, 3, 4, 3
3, 240, 3, 4, 3
3, 240, 3, 4, 3
3, 240, 3, 4, 3
3, 240, 3, 4, 3
3, 240, 3, 4, 3
3, 240, 3, 4, 3
3, 240, 3, 4, 3
3, 240, 3, 4, 3
3, 240, 3, 4, 3
3, 240, 3, 4, 3
3, 240, 3, 4, 3
3, 240, 3, 4, 3
3, 240, 3, 4, 3
3, 240, 3, 4, 3
3, 240, 3, 4, 3
3, 240, 3, 4, 3
3, 240, 3, 4, 3
3, 240, 3, 4, 3
3, 240, 3, 4, 3
3, 240, 3, 4, 3
3, 240, 3, 4, 3
3, 240, 3, 4, 3
3, 240, 3, 4, 3
3, 240, 3, 4, 3
3, 240, 3, 4, 3
3, 240, 3, 4, 3
3, 240, 3, 4, 3
3, 240, 3, 4, 3
3, 240, 3, 4, 3
3, 240, 3, 4, 3
3, 240, 3, 4, 3
3, 240, 3, 4, 3
3, 240, 3, 4, 3
3, 240, 3, 4, 3
3, 240, 3, 4, 3
3, 240, 3, 4, 3
3, 240, 3, 4, 3
3, 120, 4, 3, 3
3, 120, 4, 3, 3
3, 120, 4, 3, 3
3, 120, 4, 3, 3
3, 120, 4, 3, 3
3, 120, 4, 3, 3
3, 120, 4, 3, 3
3, 120, 4, 3, 3
3, 120, 4, 3, 3
3, 120, 4, 3, 3
3, 120, 4, 3, 3
3, 120, 4, 3, 3
3, 120, 4, 3, 3
3, 120, 4, 3, 3
3, 120, 4, 3, 3
3, 120, 4, 3, 3
3, 120, 4, 3, 3
3, 120, 4, 3, 3
3, 120, 4, 3, 3
3, 120, 4, 3, 3
3, 120, 4, 3, 3
3, 120, 4, 3, 3
3, 120, 4, 3, 3
3, 120, 4, 3, 3
3, 120, 4, 3, 3
3, 120, 4, 3, 3
3, 120, 4, 3, 3
3, 120, 4, 3, 3
3, 120, 4, 3, 3
3, 120, 4, 3, 3
3, 120, 4, 3, 3
3, 120, 4, 3, 3
3, 120, 4, 3, 3
3, 120, 4, 3, 3
3, 120, 4, 3, 3
3, 120, 4, 3, 3
3, 120, 4, 3, 3
3, 120, 4, 3, 3
3, 120, 4, 3, 3
3, 120, 4, 3, 3
3, 120, 4, 3, 3
3, 120, 4, 3, 3
3, 120, 4, 3, 3
3, 120, 4, 3, 3
3, 120, 4, 3, 3
3, 120, 4, 3, 3
3, 120, 4, 3, 3
3, 120, 4, 3, 3
3, 120, 4, 3, 3
3, 120, 4, 3, 3
3, 120, 4, 3, 3
3, 120, 4, 3, 3
3, 120, 4, 3, 3
3, 120, 4, 3, 3
3, 120, 4, 3, 3
3, 120, 4, 3, 3
3, 120, 4, 3, 3
3, 120, 4, 3, 3
3, 120, 4, 3, 3
3, 120, 4, 3, 3
3, 120, 4, 3, 3
3, 120, 4, 3, 3
3, 120, 4, 3, 3
3, 120, 4, 3, 3
3, 120, 4, 3, 3
3, 120, 4, 3, 3
3, 120, 4, 3, 3
3, 120, 4, 3, 3
3, 120, 4, 3, 3
3, 120, 4, 3, 3
3, 120, 4, 3, 3
3, 120, 4, 3, 3
3, 120, 4, 3, 3
3, 120, 4, 3, 3
3, 120, 4, 3, 3
3, 120, 4, 3, 3
3, 120, 4, 3, 3
3, 120, 4, 3, 3
3, 120, 4, 3, 3
3, 120, 4, 3, 3
3, 120, 4, 3, 3
3, 120, 4, 3, 3
3, 120, 4, 3, 3
3, 120, 4, 3, 3
3, 120, 4, 3, 3
3, 120, 4, 3, 3
3, 120, 4, 3, 3
3, 120, 4, 3, 3
3, 120, 4, 3, 3
3, 120, 4, 3, 3
3, 120, 4, 3, 3
3, 120, 4, 3, 3
3, 120, 4, 3, 3
3, 120, 4, 3, 3
3, 120, 4, 3, 3
3, 120, 4, 3, 3
3, 120, 4, 3, 3
3, 120, 4, 3, 3
3, 120, 4, 3, 3
3, 120, 4, 3, 3
3, 120, 4, 3, 3
3, 120, 4, 3, 3
3, 120, 4, 3, 3
3, 120, 4, 3, 3
3, 120, 4, 3, 3
3, 120, 4, 3, 3
3, 120, 4, 3, 3
3, 120, 4, 3, 3
3, 120, 4, 3, 3
3, 120, 4, 3, 3
3, 120, 4, 3, 3
3, 120, 4, 3, 3
3, 120, 4, 3, 3
3, 120, 4, 3, 3
3, 120, 4, 3, 3
3, 120, 4, 3, 3
3, 120, 4, 3, 3
3, 120, 4, 3, 3
3, 120, 4, 3, 3
3, 120, 4, 3, 3
4, 8, 0, 30, 3
4, 8, 0, 30, 3
4, 8, 0, 30, 3
4, 8, 0, 30, 3
4, 8, 0, 31, 3
4, 8, 0, 31, 3
4, 8, 0, 31, 3
4, 8, 0, 31, 3
4, 8, 1, 30, 3
4, 8, 1, 30, 3
4, 8, 1, 30, 3
4, 8, 1, 30, 3
4, 8, 1, 31, 3
4, 8, 1, 31, 3
4, 8, 1, 31, 3
4, 8, 1, 31, 3
4, 8, 2, 30, 3
4, 8, 2, 30, 3
4, 8, 2, 30, 3
4, 8, 2, 30, 3
4, 8, 2, 31, 3
4, 8, 2, 31, 3
4, 8, 2, 31, 3
4, 8, 2, 31, 3
4, 8, 3, 30, 3
4, 8, 3, 30, 3
4, 8, 3, 30, 3
4, 8, 3, 30, 3
4, 8, 3, 31, 3
4, 8, 3, 31, 3
4, 8, 3, 31, 3
4, 8, 3, 31, 3
4, 8, 4, 30, 3
4, 8, 4, 30, 3
4, 8, 4, 30, 3
4, 8, 4, 30, 3
4, 8, 4, 31, 3
4, 8, 4, 31, 3
4, 8, 4, 31, 3
4, 8, 4, 31, 3
4, 8, 5, 30, 3
4, 8, 5, 30, 3
4, 8, 5, 30, 3
4, 8, 5, 30, 3
4, 8, 5, 31, 3
4, 8, 5, 31, 3
4, 8, 5, 31, 3
4, 8, 5, 31, 3
4, 8, 6, 30, 3
4, 8, 6, 30, 3
4, 8, 6, 30, 3
4, 8, 6, 30, 3
4, 8, 6, 31, 3
4, 8, 6, 31, 3
4, 8, 6, 31, 3
4, 8, 6, 31, 3
4, 8, 7, 30, 3
4, 8, 7, 30, 3
4, 8, 7, 30, 3
4, 8, 7, 30, 3
4, 8, 7, 31, 3
4, 8, 7, 31, 3
4, 8, 7, 31, 3
4, 8, 7, 31, 3
4, 8, 8, 30, 3
4, 8, 8, 30, 3
4, 8, 8, 30, 3
4, 8, 8, 30, 3
4, 8, 8, 31, 3
4, 8, 8, 31, 3
4, 8, 8, 31, 3
4, 8, 8, 31, 3
4, 8, 9, 30, 3
4, 8, 9, 30, 3
4, 8, 9, 30, 3
4, 8, 9, 30, 3
4, 8, 9, 31, 3
4, 8, 9, 31, 3
4, 8, 9, 31, 3
4, 8, 9, 31, 3
4, 8, 10, 30, 3
4, 8, 10, 30, 3
4, 8, 10, 30, 3
4, 8, 10, 30, 3
4, 8, 10, 31, 3
4, 8, 10, 31, 3
4, 8, 10, 31, 3
4, 8, 10, 31, 3
4, 8, 11, 30, 3
4, 8, 11, 30, 3
4, 8, 11, 30, 3
4, 8, 11, 30, 3
4, 8, 11, 31, 3
4, 8, 11, 31, 3
4, 8, 11, 31, 3
4, 8, 11, 31, 3
4, 8, 12, 30, 3
4, 8, 12, 30, 3
4, 8, 12, 30, 3
4, 8, 12, 30, 3
4, 8, 12, 31, 3
4, 8, 12, 31, 3
4, 8, 12, 31, 3
4, 8, 12, 31, 3
4, 8, 13, 30, 3
4, 8, 13, 30, 3
4, 8, 13, 30, 3
4, 8, 13, 30, 3
4, 8, 13, 31, 3
4, 8, 13, 31, 3
4, 8, 13, 31, 3
4, 8, 13, 31, 3
4, 8, 14, 30, 3
4, 8, 14, 30, 3
4, 8, 14, 30, 3
4, 8, 14, 30, 3
4, 8, 14, 31, 3
4, 8, 14, 31, 3
4, 8, 14, 31, 3
4, 8, 14, 31, 3
4, 8, 15, 30, 3
4, 8, 15, 30, 3
4, 8, 15, 30, 3
4, 8, 15, 30, 3
4, 8, 15, 31, 3
4, 8, 15, 31, 3
4, 8, 15, 31, 3
4, 8, 15, 31, 3
4, 8, 16, 30, 3
4, 8, 16, 30, 3
4, 8, 16, 30, 3
4, 8, 16, 30, 3
4, 8, 16, 31, 3
4, 8, 16, 31, 3
4, 8, 16, 31, 3
4, 8, 16, 31, 3
4, 8, 17, 30, 3
4, 8, 17, 30, 3
4, 8, 17, 30, 3
4, 8, 17, 30, 3
4, 8, 17, 31, 3
4, 8, 17, 31, 3
4, 8, 17, 31, 3
4, 8, 17, 31, 3
4, 8, 18, 30, 3
4, 8, 18, 30, 3
4, 8, 18, 30, 3
4, 8, 18, 30, 3
4, 8, 18, 31, 3
4, 8, 18, 31, 3
4, 8, 18, 31, 3
4, 8, 18, 31, 3
4, 8, 19, 30, 3
4, 8, 19, 30, 3
4, 8, 19, 30, 3
4, 8, 19, 30, 3
4, 8, 19, 31, 3
4, 8, 19, 31, 3
4, 8, 19, 31, 3
4, 8, 19, 31, 3
4, 8, 20, 30, 3
4, 8, 20, 30, 3
4, 8, 20, 30, 3
4, 8, 20, 30, 3
4, 8, 20, 31, 3
4, 8, 20, 31, 3
4, 8, 20, 31, 3
4, 8, 20, 31, 3
4, 8, 21, 30, 3
4, 8, 21, 30, 3
4, 8, 21, 30, 3
4, 8, 21, 30, 3
4, 8, 21, 31, 3
4, 8, 21, 31, 3
4, 8, 21, 31, 3
4, 8, 21, 31, 3
4, 8, 22, 30, 3
4, 8, 22, 30, 3
4, 8, 22, 30, 3
4, 8, 22, 30, 3
4, 8, 22, 31, 3
4, 8, 22, 31, 3
4, 8, 22, 31, 3
4, 8, 22, 31, 3
4, 8, 23, 30, 3
4, 8, 23, 30, 3
4, 8, 23, 30, 3
4, 8, 23, 30, 3
4, 8, 23, 31, 3
4, 8, 23, 31, 3
4, 8, 23, 31, 3
4, 8, 23, 31, 3
4, 8, 24, 30, 3
4, 8, 24, 30, 3
4, 8, 24, 30, 3
4, 8, 24, 30, 3
4, 8, 24, 31, 3
4, 8, 24, 31, 3
4, 8, 24, 31, 3
4, 8, 24, 31, 3
4, 8, 25, 30, 3
4, 8, 25, 30, 3
4, 8, 25, 30, 3
4, 8, 25, 30, 3
4, 8, 25, 31, 3
4, 8, 25, 31, 3
4, 8, 25, 31, 3
4, 8, 25, 31, 3
4, 8, 26, 30, 3
4, 8, 26, 30, 3
4, 8, 26, 30, 3
4, 8, 26, 30, 3
4, 8, 26, 31, 3
4, 8, 26, 31, 3
4, 8, 26, 31, 3
4, 8, 26, 31, 3
4, 8, 27, 30, 3
4, 8, 27, 30, 3
4, 8, 27, 30, 3
4, 8, 27, 30, 3
4, 8, 27, 31, 3
4, 8, 27, 31, 3
4, 8, 27, 31, 3
4, 8, 27, 31, 3
4, 8, 28, 30, 3
4, 8, 28, 30, 3
4, 8, 28, 30, 3
4, 8, 28, 30, 3
4, 8, 28, 31, 3
4, 8, 28, 31, 3
4, 8, 28, 31, 3
4, 8, 28, 31, 3
4, 8, 29, 30, 3
4, 8, 29, 30, 3
4, 8, 29, 30, 3
4, 8, 29, 30, 3
4, 8, 29, 31, 3
4, 8, 29, 31, 3
4, 8, 29, 31, 3
4, 8, 29, 31, 3
4, 120, 30, 0, 3
4, 120, 30, 0, 3
4, 120, 30, 0, 3
4, 120, 30, 0, 3
4, 120, 30, 1, 3
4, 120, 30, 1, 3
4, 120, 30, 1, 3
4, 120, 30, 1, 3
4, 120, 30, 2, 3
4, 120, 30, 2, 3
4, 120, 30, 2, 3
4, 120, 30, 2, 3
4, 120, 30, 3, 3
4, 120, 30, 3, 3
4, 120, 30, 3, 3
4, 120, 30, 3, 3
4, 120, 30, 4, 3
4, 120, 30, 4, 3
4, 120, 30, 4, 3
4, 120, 30, 4, 3
4, 120, 30, 5, 3
4, 120, 30, 5, 3
4, 120, 30, 5, 3
4, 120, 30, 5, 3
4, 120, 30, 6, 3
4, 120, 30, 6, 3
4, 120, 30, 6, 3
4, 120, 30, 6, 3
4, 120, 30, 7, 3
4, 120, 30, 7, 3
4, 120, 30, 7, 3
4, 120, 30, 7, 3
4, 120, 30, 8, 3
4, 120, 30, 8, 3
4, 120, 30, 8, 3
4, 120, 30, 8, 3
4, 120, 30, 9, 3
4, 120, 30, 9, 3
4, 120, 30, 9, 3
4, 120, 30, 9, 3
4, 120, 30, 10, 3
4, 120, 30, 10, 3
4, 120, 30, 10, 3
4, 120, 30, 10, 3
4, 120, 30, 11, 3
4, 120, 30, 11, 3
4, 120, 30, 11, 3
4, 120, 30, 11, 3
4, 120, 30, 12, 3
4, 120, 30, 12, 3
4, 120, 30, 12, 3
4, 120, 30, 12, 3
4, 120, 30, 13, 3
4, 120, 30, 13, 3
4, 120, 30, 13, 3
4, 120, 30, 13, 3
4, 120, 30, 14, 3
4, 120, 30, 14, 3
4, 120, 30, 14, 3
4, 120, 30, 14, 3
4, 120, 30, 15, 3
4, 120, 30, 15, 3
4, 120, 30, 15, 3
4, 120, 30, 15, 3
4, 120, 30, 16, 3
4, 120, 30, 16, 3
4, 120, 30, 16, 3
4, 120, 30, 16, 3
4, 120, 30, 17, 3
4, 120, 30, 17, 3
4, 120, 30, 17, 3
4, 120, 30, 17, 3
4, 120, 30, 18, 3
4, 120, 30, 18, 3
4, 120, 30, 18, 3
4, 120, 30, 18, 3
4, 120, 30, 19, 3
4, 120, 30, 19, 3
4, 120, 30, 19, 3
4, 120, 30, 19, 3
4, 120, 30, 20, 3
4, 120, 30, 20, 3
4, 120, 30, 20, 3
4, 120, 30, 20, 3
4, 120, 30, 21, 3
4, 120, 30, 21, 3
4, 120, 30, 21, 3
4, 120, 30, 21, 3
4, 120, 30, 22, 3
4, 120, 30, 22, 3
4, 120, 30, 22, 3
4, 120, 30, 22, 3
4, 120, 30, 23, 3
4, 120, 30, 23, 3
4, 120, 30, 23, 3
4, 120, 30, 23, 3
4, 120, 30, 24, 3
4, 120, 30, 24, 3
4, 120, 30, 24, 3
4, 120, 30, 24, 3
4, 120, 30, 25, 3
4, 120, 30, 25, 3
4, 120, 30, 25, 3
4, 120, 30, 25, 3
4, 120, 30, 26, 3
4, 120, 30, 26, 3
4, 120, 30, 26, 3
4, 120, 30, 26, 3
4, 120, 30, 27, 3
4, 120, 30, 27, 3
4, 120, 30, 27, 3
4, 120, 30, 27, 3
4, 120, 30, 28, 3
4, 120, 30, 28, 3
4, 120, 30, 28, 3
4, 120, 30, 28, 3
4, 120, 30, 29, 3
4, 120, 30, 29, 3
4, 120, 30, 29, 3
4, 120, 30, 29, 3
4, 120, 31, 0, 3
4, 120, 31, 0, 3
4, 120, 31, 0, 3
4, 120, 31, 0, 3
4, 120, 31, 1, 3
4, 120, 31, 1, 3
4, 120, 31, 1, 3
4, 120, 31, 1, 3
4, 120, 31, 2, 3
4, 120, 31, 2, 3
4, 120, 31, 2, 3
4, 120, 31, 2, 3
4, 120, 31, 3, 3
4, 120, 31, 3, 3
4, 120, 31, 3, 3
4, 120, 31, 3, 3
4, 120, 31, 4, 3
4, 120, 31, 4, 3
4, 120, 31, 4, 3
4, 120, 31, 4, 3
4, 120, 31, 5, 3
4, 120, 31, 5, 3
4, 120, 31, 5, 3
4, 120, 31, 5, 3
4, 120, 31, 6, 3
4, 120, 31, 6, 3
4, 120, 31, 6, 3
4, 120, 31, 6, 3
4, 120, 31, 7, 3
4, 120, 31, 7, 3
4, 120, 31, 7, 3
4, 120, 31, 7, 3
4, 120, 31, 8, 3
4, 120, 31, 8, 3
4, 120, 31, 8, 3
4, 120, 31, 8, 3
4, 120, 31, 9, 3
4, 120, 31, 9, 3
4, 120, 31, 9, 3
4, 120, 31, 9, 3
4, 120, 31, 10, 3
4, 120, 31, 10, 3
4, 120, 31, 10, 3
4, 120, 31, 10, 3
4, 120, 31, 11, 3
4, 120, 31, 11, 3
4, 120, 31, 11, 3
4, 120, 31, 11, 3
4, 120, 31, 12, 3
4, 120, 31, 12, 3
4, 120, 31, 12, 3
4, 120, 31, 12, 3
4, 120, 31, 13, 3
4, 120, 31, 13, 3
4, 120, 31, 13, 3
4, 120, 31, 13, 3
4, 120, 31, 14, 3
4, 120, 31, 14, 3
4, 120, 31, 14, 3
4, 120, 31, 14, 3
4, 120, 31, 15, 3
4, 120, 31, 15, 3
4, 120, 31, 15, 3
4, 120, 31, 15, 3
4, 120, 31, 16, 3
4, 120, 31, 16, 3
4, 120, 31, 16, 3
4, 120, 31, 16, 3
4, 120, 31, 17, 3
4, 120, 31, 17, 3
4, 120, 31, 17, 3
4, 120, 31, 17, 3
4, 120, 31, 18, 3
4, 120, 31, 18, 3
4, 120, 31, 18, 3
4, 120, 31, 18, 3
4, 120, 31, 19, 3
4, 120, 31, 19, 3
4, 120, 31, 19, 3
4, 120, 31, 19, 3
4, 120, 31, 20, 3
4, 120, 31, 20, 3
4, 120, 31, 20, 3
4, 120, 31, 20, 3
4, 120, 31, 21, 3
4, 120, 31, 21, 3
4, 120, 31, 21, 3
4, 120, 31, 21, 3
4, 120, 31, 22, 3
4, 120, 31, 22, 3
4, 120, 31, 22, 3
4, 120, 31, 22, 3
4, 120, 31, 23, 3
4, 120, 31, 23, 3
4, 120, 31, 23, 3
4, 120, 31, 23, 3
4, 120, 31, 24, 3
4, 120, 31, 24, 3
4, 120, 31, 24, 3
4, 120, 31, 24, 3
4, 120, 31, 25, 3
4, 120, 31, 25, 3
4, 120, 31, 25, 3
4, 120, 31, 25, 3
4, 120, 31, 26, 3
4, 120, 31, 26, 3
4, 120, 31, 26, 3
4, 120, 31, 26, 3
4, 120, 31, 27, 3
4, 120, 31, 27, 3
4, 120, 31, 27, 3
4, 120, 31, 27, 3
4, 120, 31, 28, 3
4, 120, 31, 28, 3
4, 120, 31, 28, 3
4, 120, 31, 28, 3
4, 120, 31, 29, 3
4, 120, 31, 29, 3
4, 120, 31, 29, 3
4, 120, 31, 29, 3
5, 8, 0, 30, 3
5, 8, 0, 30, 3
5, 8, 0, 30, 3
5, 8, 0, 30, 3
5, 8, 0, 31, 3
5, 8, 0, 31, 3
5, 8, 0, 31, 3
5, 8, 0, 31, 3
5, 8, 1, 30, 3
5, 8, 1, 30, 3
5, 8, 1, 30, 3
5, 8, 1, 30, 3
5, 8, 1, 31, 3
5, 8, 1, 31, 3
5, 8, 1, 31, 3
5, 8, 1, 31, 3
5, 8, 2, 30, 3
5, 8, 2, 30, 3
5, 8, 2, 30, 3
5, 8, 2, 30, 3
5, 8, 2, 31, 3
5, 8, 2, 31, 3
5, 8, 2, 31, 3
5, 8, 2, 31, 3
5, 8, 3, 30, 3
5, 8, 3, 30, 3
5, 8, 3, 30, 3
5, 8, 3, 30, 3
5, 8, 3, 31, 3
5, 8, 3, 31, 3
5, 8, 3, 31, 3
5, 8, 3, 31, 3
5, 8, 4, 30, 3
5, 8, 4, 30, 3
5, 8, 4, 30, 3
5, 8, 4, 30, 3
5, 8, 4, 31, 3
5, 8, 4, 31, 3
5, 8, 4, 31, 3
5, 8, 4, 31, 3
5, 8, 5, 30, 3
5, 8, 5, 30, 3
5, 8, 5, 30, 3
5, 8, 5, 30, 3
5, 8, 5, 31, 3
5, 8, 5, 31, 3
5, 8, 5, 31, 3
5, 8, 5, 31, 3
5, 8, 6, 30, 3
5, 8, 6, 30, 3
5, 8, 6, 30, 3
5, 8, 6, 30, 3
5, 8, 6, 31, 3
5, 8, 6, 31, 3
5, 8, 6, 31, 3
5, 8, 6, 31, 3
5, 8, 7, 30, 3
5, 8, 7, 30, 3
5, 8, 7, 30, 3
5, 8, 7, 30, 3
5, 8, 7, 31, 3
5, 8, 7, 31, 3
5, 8, 7, 31, 3
5, 8, 7, 31, 3
5, 8, 8, 30, 3
5, 8, 8, 30, 3
5, 8, 8, 30, 3
5, 8, 8, 30, 3
5, 8, 8, 31, 3
5, 8, 8, 31, 3
5, 8, 8, 31, 3
5, 8, 8, 31, 3
5, 8, 9, 30, 3
5, 8, 9, 30, 3
5, 8, 9, 30, 3
5, 8, 9, 30, 3
5, 8, 9, 31, 3
5, 8, 9, 31, 3
5, 8, 9, 31, 3
5, 8, 9, 31, 3
5, 8, 10, 30, 3
5, 8, 10, 30, 3
5, 8, 10, 30, 3
5, 8, 10, 30, 3
5, 8, 10, 31, 3
5, 8, 10, 31, 3
5, 8, 10, 31, 3
5, 8, 10, 31, 3
5, 8, 11, 30, 3
5, 8, 11, 30, 3
5, 8, 11, 30, 3
5, 8, 11, 30, 3
5, 8, 11, 31, 3
5, 8, 11, 31, 3
5, 8, 11, 31, 3
5, 8, 11, 31, 3
5, 8, 12, 30, 3
5, 8, 12, 30, 3
5, 8, 12, 30, 3
5, 8, 12, 30, 3
5, 8, 12, 31, 3
5, 8, 12, 31, 3
5, 8, 12, 31, 3
5, 8, 12, 31, 3
5, 8, 13, 30, 3
5, 8, 13, 30, 3
5, 8, 13, 30, 3
5, 8, 13, 30, 3
5, 8, 13, 31, 3
5, 8, 13, 31, 3
5, 8, 13, 31, 3
5, 8, 13, 31, 3
5, 8, 14, 30, 3
5, 8, 14, 30, 3
5, 8, 14, 30, 3
5, 8, 14, 30, 3
5, 8, 14, 31, 3
5, 8, 14, 31, 3
5, 8, 14, 31, 3
5, 8, 14, 31, 3
5, 8, 15, 30, 3
5, 8, 15, 30, 3
5, 8, 15, 30, 3
5, 8, 15, 30, 3
5, 8, 15, 31, 3
5, 8, 15, 31, 3
5, 8, 15, 31, 3
5, 8, 15, 31, 3
5, 8, 16, 30, 3
5, 8, 16, 30, 3
5, 8, 16, 30, 3
5, 8, 16, 30, 3
5, 8, 16, 31, 3
5, 8, 16, 31, 3
5, 8, 16, 31, 3
5, 8, 16, 31, 3
5, 8, 17, 30, 3
5, 8, 17, 30, 3
5, 8, 17, 30, 3
5, 8, 17, 30, 3
5, 8, 17, 31, 3
5, 8, 17, 31, 3
5, 8, 17, 31, 3
5, 8, 17, 31, 3
5, 8, 18, 30, 3
5, 8, 18, 30, 3
5, 8, 18, 30, 3
5, 8, 18, 30, 3
5, 8, 18, 31, 3
5, 8, 18, 31, 3
5, 8, 18, 31, 3
5, 8, 18, 31, 3
5, 8, 19, 30, 3
5, 8, 19, 30, 3
5, 8, 19, 30, 3
5, 8, 19, 30, 3
5, 8, 19, 31, 3
5, 8, 19, 31, 3
5, 8, 19, 31, 3
5, 8, 19, 31, 3
5, 8, 20, 30, 3
5, 8, 20, 30, 3
5, 8, 20, 30, 3
5, 8, 20, 30, 3
5, 8, 20, 31, 3
5, 8, 20, 31, 3
5, 8, 20, 31, 3
5, 8, 20, 31, 3
5, 8, 21, 30, 3
5, 8, 21, 30, 3
5, 8, 21, 30, 3
5, 8, 21, 30, 3
5, 8, 21, 31, 3
5, 8, 21, 31, 3
5, 8, 21, 31, 3
5, 8, 21, 31, 3
5, 8, 22, 30, 3
5, 8, 22, 30, 3
5, 8, 22, 30, 3
5, 8, 22, 30, 3
5, 8, 22, 31, 3
5, 8, 22, 31, 3
5, 8, 22, 31, 3
5, 8, 22, 31, 3
5, 8, 23, 30, 3
5, 8, 23, 30, 3
5, 8, 23, 30, 3
5, 8, 23, 30, 3
5, 8, 23, 31, 3
5, 8, 23, 31, 3
5, 8, 23, 31, 3
5, 8, 23, 31, 3
5, 8, 24, 30, 3
5, 8, 24, 30, 3
5, 8, 24, 30, 3
5, 8, 24, 30, 3
5, 8, 24, 31, 3
5, 8, 24, 31, 3
5, 8, 24, 31, 3
5, 8, 24, 31, 3
5, 8, 25, 30, 3
5, 8, 25, 30, 3
5, 8, 25, 30, 3
5, 8, 25, 30, 3
5, 8, 25, 31, 3
5, 8, 25, 31, 3
5, 8, 25, 31, 3
5, 8, 25, 31, 3
5, 8, 26, 30, 3
5, 8, 26, 30, 3
5, 8, 26, 30, 3
5, 8, 26, 30, 3
5, 8, 26, 31, 3
5, 8, 26, 31, 3
5, 8, 26, 31, 3
5, 8, 26, 31, 3
5, 8, 27, 30, 3
5, 8, 27, 30, 3
5, 8, 27, 30, 3
5, 8, 27, 30, 3
5, 8, 27, 31, 3
5, 8, 27, 31, 3
5, 8, 27, 31, 3
5, 8, 27, 31, 3
5, 8, 28, 30, 3
5, 8, 28, 30, 3
5, 8, 28, 30, 3
5, 8, 28, 30, 3
5, 8, 28, 31, 3
5, 8, 28, 31, 3
5, 8, 28, 31, 3
5, 8, 28, 31, 3
5, 8, 29, 30, 3
5, 8, 29, 30, 3
5, 8, 29, 30, 3
5, 8, 29, 30, 3
5, 8, 29, 31, 3
5, 8, 29, 31, 3
5, 8, 29, 31, 3
5, 8, 29, 31, 3
5, 120, 30, 0, 3
5, 120, 30, 0, 3
5, 120, 30, 0, 3
5, 120, 30, 0, 3
5, 120, 30, 1, 3
5, 120, 30, 1, 3
5, 120, 30, 1, 3
5, 120, 30, 1, 3
5, 120, 30, 2, 3
5, 120, 30, 2, 3
5, 120, 30, 2, 3
5, 120, 30, 2, 3
5, 120, 30, 3, 3
5, 120, 30, 3, 3
5, 120, 30, 3, 3
5, 120, 30, 3, 3
5, 120, 30, 4, 3
5, 120, 30, 4, 3
5, 120, 30, 4, 3
5, 120, 30, 4, 3
5, 120, 30, 5, 3
5, 120, 30, 5, 3
5, 120, 30, 5, 3
5, 120, 30, 5, 3
5, 120, 30, 6, 3
5, 120, 30, 6, 3
5, 120, 30, 6, 3
5, 120, 30, 6, 3
5, 120, 30, 7, 3
5, 120, 30, 7, 3
5, 120, 30, 7, 3
5, 120, 30, 7, 3
5, 120, 30, 8, 3
5, 120, 30, 8, 3
5, 120, 30, 8, 3
5, 120, 30, 8, 3
5, 120, 30, 9, 3
5, 120, 30, 9, 3
5, 120, 30, 9, 3
5, 120, 30, 9, 3
5, 120, 30, 10, 3
5, 120, 30, 10, 3
5, 120, 30, 10, 3
5, 120, 30, 10, 3
5, 120, 30, 11, 3
5, 120, 30, 11, 3
5, 120, 30, 11, 3
5, 120, 30, 11, 3
5, 120, 30, 12, 3
5, 120, 30, 12, 3
5, 120, 30, 12, 3
5, 120, 30, 12, 3
5, 120, 30, 13, 3
5, 120, 30, 13, 3
5, 120, 30, 13, 3
5, 120, 30, 13, 3
5, 120, 30, 14, 3
5, 120, 30, 14, 3
5, 120, 30, 14, 3
5, 120, 30, 14, 3
5, 120, 30, 15, 3
5, 120, 30, 15, 3
5, 120, 30, 15, 3
5, 120, 30, 15, 3
5, 120, 30, 16, 3
5, 120, 30, 16, 3
5, 120, 30, 16, 3
5, 120, 30, 16, 3
5, 120, 30, 17, 3
5, 120, 30, 17, 3
5, 120, 30, 17, 3
5, 120, 30, 17, 3
5, 120, 30, 18, 3
5, 120, 30, 18, 3
5, 120, 30, 18, 3
5, 120, 30, 18, 3
5, 120, 30, 19, 3
5, 120, 30, 19, 3
5, 120, 30, 19, 3
5, 120, 30, 19, 3
5, 120, 30, 20, 3
5, 120, 30, 20, 3
5, 120, 30, 20, 3
5, 120, 30, 20, 3
5, 120, 30, 21, 3
5, 120, 30, 21, 3
5, 120, 30, 21, 3
5, 120, 30, 21, 3
5, 120, 30, 22, 3
5, 120, 30, 22, 3
5, 120, 30, 22, 3
5, 120, 30, 22, 3
5, 120, 30, 23, 3
5, 120, 30, 23, 3
5, 120, 30, 23, 3
5, 120, 30, 23, 3
5, 120, 30, 24, 3
5, 120, 30, 24, 3
5, 120, 30, 24, 3
5, 120, 30, 24, 3
5, 120, 30, 25, 3
5, 120, 30, 25, 3
5, 120, 30, 25, 3
5, 120, 30, 25, 3
5, 120, 30, 26, 3
5, 120, 30, 26, 3
5, 120, 30, 26, 3
5, 120, 30, 26, 3
5, 120, 30, 27, 3
5, 120, 30, 27, 3
5, 120, 30, 27, 3
5, 120, 30, 27, 3
5, 120, 30, 28, 3
5, 120, 30, 28, 3
5, 120, 30, 28, 3
5, 120, 30, 28, 3
5, 120, 30, 29, 3
5, 120, 30, 29, 3
5, 120, 30, 29, 3
5, 120, 30, 29, 3
5, 120, 31, 0, 3
5, 120, 31, 0, 3
5, 120, 31, 0, 3
5, 120, 31, 0, 3
5, 120, 31, 1, 3
5, 120, 31, 1, 3
5, 120, 31, 1, 3
5, 120, 31, 1, 3
5, 120, 31, 2, 3
5, 120, 31, 2, 3
5, 120, 31, 2, 3
5, 120, 31, 2, 3
5, 120, 31, 3, 3
5, 120, 31, 3, 3
5, 120, 31, 3, 3
5, 120, 31, 3, 3
5, 120, 31, 4, 3
5, 120, 31, 4, 3
5, 120, 31, 4, 3
5, 120, 31, 4, 3
5, 120, 31, 5, 3
5, 120, 31, 5, 3
5, 120, 31, 5, 3
5, 120, 31, 5, 3
5, 120, 31, 6, 3
5, 120, 31, 6, 3
5, 120, 31, 6, 3
5, 120, 31, 6, 3
5, 120, 31, 7, 3
5, 120, 31, 7, 3
5, 120, 31, 7, 3
5, 120, 31, 7, 3
5, 120, 31, 8, 3
5, 120, 31, 8, 3
5, 120, 31, 8, 3
5, 120, 31, 8, 3
5, 120, 31, 9, 3
5, 120, 31, 9, 3
5, 120, 31, 9, 3
5, 120, 31, 9, 3
5, 120, 31, 10, 3
5, 120, 31, 10, 3
5, 120, 31, 10, 3
5, 120, 31, 10, 3
5, 120, 31, 11, 3
5, 120, 31, 11, 3
5, 120, 31, 11, 3
5, 120, 31, 11, 3
5, 120, 31, 12, 3
5, 120, 31, 12, 3
5, 120, 31, 12, 3
5, 120, 31, 12, 3
5, 120, 31, 13, 3
5, 120, 31, 13, 3
5, 120, 31, 13, 3
5, 120, 31, 13, 3
5, 120, 31, 14, 3
5, 120, 31, 14, 3
5, 120, 31, 14, 3
5, 120, 31, 14, 3
5, 120, 31, 15, 3
5, 120, 31, 15, 3
5, 120, 31, 15, 3
5, 120, 31, 15, 3
5, 120, 31, 16, 3
5, 120, 31, 16, 3
5, 120, 31, 16, 3
5, 120, 31, 16, 3
5, 120, 31, 17, 3
5, 120, 31, 17, 3
5, 120, 31, 17, 3
5, 120, 31, 17, 3
5, 120, 31, 18, 3
5, 120, 31, 18, 3
5, 120, 31, 18, 3
5, 120, 31, 18, 3
5, 120, 31, 19, 3
5, 120, 31, 19, 3
5, 120, 31, 19, 3
5, 120, 31, 19, 3
5, 120, 31, 20, 3
5, 120, 31, 20, 3
5, 120, 31, 20, 3
5, 120, 31, 20, 3
5, 120, 31, 21, 3
5, 120, 31, 21, 3
5, 120, 31, 21, 3
5, 120, 31, 21, 3
5, 120, 31, 22, 3
5, 120, 31, 22, 3
5, 120, 31, 22, 3
5, 120, 31, 22, 3
5, 120, 31, 23, 3
5, 120, 31, 23, 3
5, 120, 31, 23, 3
5, 120, 31, 23, 3
5, 120, 31, 24, 3
5, 120, 31, 24, 3
5, 120, 31, 24, 3
5, 120, 31, 24, 3
5, 120, 31, 25, 3
5, 120, 31, 25, 3
5, 120, 31, 25, 3
5, 120, 31, 25, 3
5, 120, 31, 26, 3
5, 120, 31, 26, 3
5, 120, 31, 26, 3
5, 120, 31, 26, 3
5, 120, 31, 27, 3
5, 120, 31, 27, 3
5, 120, 31, 27, 3
5, 120, 31, 27, 3
5, 120, 31, 28, 3
5, 120, 31, 28, 3
5, 120, 31, 28, 3
5, 120, 31, 28, 3
5, 120, 31, 29, 3
5, 120, 31, 29, 3
5, 120, 31, 29, 3
5, 120, 31, 29, 3
6, 8, 0, 30, 3
6, 8, 0, 30, 3
6, 8, 0, 30, 3
6, 8, 0, 30, 3
6, 8, 0, 31, 3
6, 8, 0, 31, 3
6, 8, 0, 31, 3
6, 8, 0, 31, 3
6, 8, 1, 30, 3
6, 8, 1, 30, 3
6, 8, 1, 30, 3
6, 8, 1, 30, 3
6, 8, 1, 31, 3
6, 8, 1, 31, 3
6, 8, 1, 31, 3
6, 8, 1, 31, 3
6, 8, 2, 30, 3
6, 8, 2, 30, 3
6, 8, 2, 30, 3
6, 8, 2, 30, 3
6, 8, 2, 31, 3
6, 8, 2, 31, 3
6, 8, 2, 31, 3
6, 8, 2, 31, 3
6, 8, 3, 30, 3
6, 8, 3, 30, 3
6, 8, 3, 30, 3
6, 8, 3, 30, 3
6, 8, 3, 31, 3
6, 8, 3, 31, 3
6, 8, 3, 31, 3
6, 8, 3, 31, 3
6, 8, 4, 30, 3
6, 8, 4, 30, 3
6, 8, 4, 30, 3
6, 8, 4, 30, 3
6, 8, 4, 31, 3
6, 8, 4, 31, 3
6, 8, 4, 31, 3
6, 8, 4, 31, 3
6, 8, 5, 30, 3
6, 8, 5, 30, 3
6, 8, 5, 30, 3
6, 8, 5, 30, 3
6, 8, 5, 31, 3
6, 8, 5, 31, 3
6, 8, 5, 31, 3
6, 8, 5, 31, 3
6, 8, 6, 30, 3
6, 8, 6, 30, 3
6, 8, 6, 30, 3
6, 8, 6, 30, 3
6, 8, 6, 31, 3
6, 8, 6, 31, 3
6, 8, 6, 31, 3
6, 8, 6, 31, 3
6, 8, 7, 30, 3
6, 8, 7, 30, 3
6, 8, 7, 30, 3
6, 8, 7, 30, 3
6, 8, 7, 31, 3
6, 8, 7, 31, 3
6, 8, 7, 31, 3
6, 8, 7, 31, 3
6, 8, 8, 30, 3
6, 8, 8, 30, 3
6, 8, 8, 30, 3
6, 8, 8, 30, 3
6, 8, 8, 31, 3
6, 8, 8, 31, 3
6, 8, 8, 31, 3
6, 8, 8, 31, 3
6, 8, 9, 30, 3
6, 8, 9, 30, 3
6, 8, 9, 30, 3
6, 8, 9, 30, 3
6, 8, 9, 31, 3
6, 8, 9, 31, 3
6, 8, 9, 31, 3
6, 8, 9, 31, 3
6, 8, 10, 30, 3
6, 8, 10, 30, 3
6, 8, 10, 30, 3
6, 8, 10, 30, 3
6, 8, 10, 31, 3
6, 8, 10, 31, 3
6, 8, 10, 31, 3
6, 8, 10, 31, 3
6, 8, 11, 30, 3
6, 8, 11, 30, 3
6, 8, 11, 30, 3
6, 8, 11, 30, 3
6, 8, 11, 31, 3
6, 8, 11, 31, 3
6, 8, 11, 31, 3
6, 8, 11, 31, 3
6, 8, 12, 30, 3
6, 8, 12, 30, 3
6, 8, 12, 30, 3
6, 8, 12, 30, 3
6, 8, 12, 31, 3
6, 8, 12, 31, 3
6, 8, 12, 31, 3
6, 8, 12, 31, 3
6, 8, 13, 30, 3
6, 8, 13, 30, 3
6, 8, 13, 30, 3
6, 8, 13, 30, 3
6, 8, 13, 31, 3
6, 8, 13, 31, 3
6, 8, 13, 31, 3
6, 8, 13, 31, 3
6, 8, 14, 30, 3
6, 8, 14, 30, 3
6, 8, 14, 30, 3
6, 8, 14, 30, 3
6, 8, 14, 31, 3
6, 8, 14, 31, 3
6, 8, 14, 31, 3
6, 8, 14, 31, 3
6, 8, 15, 30, 3
6, 8, 15, 30, 3
6, 8, 15, 30, 3
6, 8, 15, 30, 3
6, 8, 15, 31, 3
6, 8, 15, 31, 3
6, 8, 15, 31, 3
6, 8, 15, 31, 3
6, 8, 16, 30, 3
6, 8, 16, 30, 3
6, 8, 16, 30, 3
6, 8, 16, 30, 3
6, 8, 16, 31, 3
6, 8, 16, 31, 3
6, 8, 16, 31, 3
6, 8, 16, 31, 3
6, 8, 17, 30, 3
6, 8, 17, 30, 3
6, 8, 17, 30, 3
6, 8, 17, 30, 3
6, 8, 17, 31, 3
6, 8, 17, 31, 3
6, 8, 17, 31, 3
6, 8, 17, 31, 3
6, 8, 18, 30, 3
6, 8, 18, 30, 3
6, 8, 18, 30, 3
6, 8, 18, 30, 3
6, 8, 18, 31, 3
6, 8, 18, 31, 3
6, 8, 18, 31, 3
6, 8, 18, 31, 3
6, 8, 19, 30, 3
6, 8, 19, 30, 3
6, 8, 19, 30, 3
6, 8, 19, 30, 3
6, 8, 19, 31, 3
6, 8, 19, 31, 3
6, 8, 19, 31, 3
6, 8, 19, 31, 3
6, 8, 20, 30, 3
6, 8, 20, 30, 3
6, 8, 20, 30, 3
6, 8, 20, 30, 3
6, 8, 20, 31, 3
6, 8, 20, 31, 3
6, 8, 20, 31, 3
6, 8, 20, 31, 3
6, 8, 21, 30, 3
6, 8, 21, 30, 3
6, 8, 21, 30, 3
6, 8, 21, 30, 3
6, 8, 21, 31, 3
6, 8, 21, 31, 3
6, 8, 21, 31, 3
6, 8, 21, 31, 3
6, 8, 22, 30, 3
6, 8, 22, 30, 3
6, 8, 22, 30, 3
6, 8, 22, 30, 3
6, 8, 22, 31, 3
6, 8, 22, 31, 3
6, 8, 22, 31, 3
6, 8, 22, 31, 3
6, 8, 23, 30, 3
6, 8, 23, 30, 3
6, 8, 23, 30, 3
6, 8, 23, 30, 3
6, 8, 23, 31, 3
6, 8, 23, 31, 3
6, 8, 23, 31, 3
6, 8, 23, 31, 3
6, 8, 24, 30, 3
6, 8, 24, 30, 3
6, 8, 24, 30, 3
6, 8, 24, 30, 3
6, 8, 24, 31, 3
6, 8, 24, 31, 3
6, 8, 24, 31, 3
6, 8, 24, 31, 3
6, 8, 25, 30, 3
6, 8, 25, 30, 3
6, 8, 25, 30, 3
6, 8, 25, 30, 3
6, 8, 25, 31, 3
6, 8, 25, 31, 3
6, 8, 25, 31, 3
6, 8, 25, 31, 3
6, 8, 26, 30, 3
6, 8, 26, 30, 3
6, 8, 26, 30, 3
6, 8, 26, 30, 3
6, 8, 26, 31, 3
6, 8, 26, 31, 3
6, 8, 26, 31, 3
6, 8, 26, 31, 3
6, 8, 27, 30, 3
6, 8, 27, 30, 3
6, 8, 27, 30, 3
6, 8, 27, 30, 3
6, 8, 27, 31, 3
6, 8, 27, 31, 3
6, 8, 27, 31, 3
6, 8, 27, 31, 3
6, 8, 28, 30, 3
6, 8, 28, 30, 3
6, 8, 28, 30, 3
6, 8, 28, 30, 3
6, 8, 28, 31, 3
6, 8, 28, 31, 3
6, 8, 28, 31, 3
6, 8, 28, 31, 3
6, 8, 29, 30, 3
6, 8, 29, 30, 3
6, 8, 29, 30, 3
6, 8, 29, 30, 3
6, 8, 29, 31, 3
6, 8, 29, 31, 3
6, 8, 29, 31, 3
6, 8, 29, 31, 3
6, 120, 30, 0, 3
6, 120, 30, 0, 3
6, 120, 30, 0, 3
6, 120, 30, 0, 3
6, 120, 30, 1, 3
6, 120, 30, 1, 3
6, 120, 30, 1, 3
6, 120, 30, 1, 3
6, 120, 30, 2, 3
6, 120, 30, 2, 3
6, 120, 30, 2, 3
6, 120, 30, 2, 3
6, 120, 30, 3, 3
6, 120, 30, 3, 3
6, 120, 30, 3, 3
6, 120, 30, 3, 3
6, 120, 30, 4, 3
6, 120, 30, 4, 3
6, 120, 30, 4, 3
6, 120, 30, 4, 3
6, 120, 30, 5, 3
6, 120, 30, 5, 3
6, 120, 30, 5, 3
6, 120, 30, 5, 3
6, 120, 30, 6, 3
6, 120, 30, 6, 3
6, 120, 30, 6, 3
6, 120, 30, 6, 3
6, 120, 30, 7, 3
6, 120, 30, 7, 3
6, 120, 30, 7, 3
6, 120, 30, 7, 3
6, 120, 30, 8, 3
6, 120, 30, 8, 3
6, 120, 30, 8, 3
6, 120, 30, 8, 3
6, 120, 30, 9, 3
6, 120, 30, 9, 3
6, 120, 30, 9, 3
6, 120, 30, 9, 3
6, 120, 30, 10, 3
6, 120, 30, 10, 3
6, 120, 30, 10, 3
6, 120, 30, 10, 3
6, 120, 30, 11, 3
6, 120, 30, 11, 3
6, 120, 30, 11, 3
6, 120, 30, 11, 3
6, 120, 30, 12, 3
6, 120, 30, 12, 3
6, 120, 30, 12, 3
6, 120, 30, 12, 3
6, 120, 30, 13, 3
6, 120, 30, 13, 3
6, 120, 30, 13, 3
6, 120, 30, 13, 3
6, 120, 30, 14, 3
6, 120, 30, 14, 3
6, 120, 30, 14, 3
6, 120, 30, 14, 3
6, 120, 30, 15, 3
6, 120, 30, 15, 3
6, 120, 30, 15, 3
6, 120, 30, 15, 3
6, 120, 30, 16, 3
6, 120, 30, 16, 3
6, 120, 30, 16, 3
6, 120, 30, 16, 3
6, 120, 30, 17, 3
6, 120, 30, 17, 3
6, 120, 30, 17, 3
6, 120, 30, 17, 3
6, 120, 30, 18, 3
6, 120, 30, 18, 3
6, 120, 30, 18, 3
6, 120, 30, 18, 3
6, 120, 30, 19, 3
6, 120, 30, 19, 3
6, 120, 30, 19, 3
6, 120, 30, 19, 3
6, 120, 30, 20, 3
6, 120, 30, 20, 3
6, 120, 30, 20, 3
6, 120, 30, 20, 3
6, 120, 30, 21, 3
6, 120, 30, 21, 3
6, 120, 30, 21, 3
6, 120, 30, 21, 3
6, 120, 30, 22, 3
6, 120, 30, 22, 3
6, 120, 30, 22, 3
6, 120, 30, 22, 3
6, 120, 30, 23, 3
6, 120, 30, 23, 3
6, 120, 30, 23, 3
6, 120, 30, 23, 3
6, 120, 30, 24, 3
6, 120, 30, 24, 3
6, 120, 30, 24, 3
6, 120, 30, 24, 3
6, 120, 30, 25, 3
6, 120, 30, 25, 3
6, 120, 30, 25, 3
6, 120, 30, 25, 3
6, 120, 30, 26, 3
6, 120, 30, 26, 3
6, 120, 30, 26, 3
6, 120, 30, 26, 3
6, 120, 30, 27, 3
6, 120, 30, 27, 3
6, 120, 30, 27, 3
6, 120, 30, 27, 3
6, 120, 30, 28, 3
6, 120, 30, 28, 3
6, 120, 30, 28, 3
6, 120, 30, 28, 3
6, 120, 30, 29, 3
6, 120, 30, 29, 3
6, 120, 30, 29, 3
6, 120, 30, 29, 3
6, 120, 31, 0, 3
6, 120, 31, 0, 3
6, 120, 31, 0, 3
6, 120, 31, 0, 3
6, 120, 31, 1, 3
6, 120, 31, 1, 3
6, 120, 31, 1, 3
6, 120, 31, 1, 3
6, 120, 31, 2, 3
6, 120, 31, 2, 3
6, 120, 31, 2, 3
6, 120, 31, 2, 3
6, 120, 31, 3, 3
6, 120, 31, 3, 3
6, 120, 31, 3, 3
6, 120, 31, 3, 3
6, 120, 31, 4, 3
6, 120, 31, 4, 3
6, 120, 31, 4, 3
6, 120, 31, 4, 3
6, 120, 31, 5, 3
6, 120, 31, 5, 3
6, 120, 31, 5, 3
6, 120, 31, 5, 3
6, 120, 31, 6, 3
6, 120, 31, 6, 3
6, 120, 31, 6, 3
6, 120, 31, 6, 3
6, 120, 31, 7, 3
6, 120, 31, 7, 3
6, 120, 31, 7, 3
6, 120, 31, 7, 3
6, 120, 31, 8, 3
6, 120, 31, 8, 3
6, 120, 31, 8, 3
6, 120, 31, 8, 3
6, 120, 31, 9, 3
6, 120, 31, 9, 3
6, 120, 31, 9, 3
6, 120, 31, 9, 3
6, 120, 31, 10, 3
6, 120, 31, 10, 3
6, 120, 31, 10, 3
6, 120, 31, 10, 3
6, 120, 31, 11, 3
6, 120, 31, 11, 3
6, 120, 31, 11, 3
6, 120, 31, 11, 3
6, 120, 31, 12, 3
6, 120, 31, 12, 3
6, 120, 31, 12, 3
6, 120, 31, 12, 3
6, 120, 31, 13, 3
6, 120, 31, 13, 3
6, 120, 31, 13, 3
6, 120, 31, 13, 3
6, 120, 31, 14, 3
6, 120, 31, 14, 3
6, 120, 31, 14, 3
6, 120, 31, 14, 3
6, 120, 31, 15, 3
6, 120, 31, 15, 3
6, 120, 31, 15, 3
6, 120, 31, 15, 3
6, 120, 31, 16, 3
6, 120, 31, 16, 3
6, 120, 31, 16, 3
6, 120, 31, 16, 3
6, 120, 31, 17, 3
6, 120, 31, 17, 3
6, 120, 31, 17, 3
6, 120, 31, 17, 3
6, 120, 31, 18, 3
6, 120, 31, 18, 3
6, 120, 31, 18, 3
6, 120, 31, 18, 3
6, 120, 31, 19, 3
6, 120, 31, 19, 3
6, 120, 31, 19, 3
6, 120, 31, 19, 3
6, 120, 31, 20, 3
6, 120, 31, 20, 3
6, 120, 31, 20, 3
6, 120, 31, 20, 3
6, 120, 31, 21, 3
6, 120, 31, 21, 3
6, 120, 31, 21, 3
6, 120, 31, 21, 3
6, 120, 31, 22, 3
6, 120, 31, 22, 3
6, 120, 31, 22, 3
6, 120, 31, 22, 3
6, 120, 31, 23, 3
6, 120, 31, 23, 3
6, 120, 31, 23, 3
6, 120, 31, 23, 3
6, 120, 31, 24, 3
6, 120, 31, 24, 3
6, 120, 31, 24, 3
6, 120, 31, 24, 3
6, 120, 31, 25, 3
6, 120, 31, 25, 3
6, 120, 31, 25, 3
6, 120, 31, 25, 3
6, 120, 31, 26, 3
6, 120, 31, 26, 3
6, 120, 31, 26, 3
6, 120, 31, 26, 3
6, 120, 31, 27, 3
6, 120, 31, 27, 3
6, 120, 31, 27, 3
6, 120, 31, 27, 3
6, 120, 31, 28, 3
6, 120, 31, 28, 3
6, 120, 31, 28, 3
6, 120, 31, 28, 3
6, 120, 31, 29, 3
6, 120, 31, 29, 3
6, 120, 31, 29, 3
6, 120, 31, 29, 3
7, 8, 0, 30, 3
7, 8, 0, 30, 3
7, 8, 0, 30, 3
7, 8, 0, 30, 3
7, 8, 0, 31, 3
7, 8, 0, 31, 3
7, 8, 0, 31, 3
7, 8, 0, 31, 3
7, 8, 1, 30, 3
7, 8, 1, 30, 3
7, 8, 1, 30, 3
7, 8, 1, 30, 3
7, 8, 1, 31, 3
7, 8, 1, 31, 3
7, 8, 1, 31, 3
7, 8, 1, 31, 3
7, 8, 2, 30, 3
7, 8, 2, 30, 3
7, 8, 2, 30, 3
7, 8, 2, 30, 3
7, 8, 2, 31, 3
7, 8, 2, 31, 3
7, 8, 2, 31, 3
7, 8, 2, 31, 3
7, 8, 3, 30, 3
7, 8, 3, 30, 3
7, 8, 3, 30, 3
7, 8, 3, 30, 3
7, 8, 3, 31, 3
7, 8, 3, 31, 3
7, 8, 3, 31, 3
7, 8, 3, 31, 3
7, 8, 4, 30, 3
7, 8, 4, 30, 3
7, 8, 4, 30, 3
7, 8, 4, 30, 3
7, 8, 4, 31, 3
7, 8, 4, 31, 3
7, 8, 4, 31, 3
7, 8, 4, 31, 3
7, 8, 5, 30, 3
7, 8, 5, 30, 3
7, 8, 5, 30, 3
7, 8, 5, 30, 3
7, 8, 5, 31, 3
7, 8, 5, 31, 3
7, 8, 5, 31, 3
7, 8, 5, 31, 3
7, 8, 6, 30, 3
7, 8, 6, 30, 3
7, 8, 6, 30, 3
7, 8, 6, 30, 3
7, 8, 6, 31, 3
7, 8, 6, 31, 3
7, 8, 6, 31, 3
7, 8, 6, 31, 3
7, 8, 7, 30, 3
7, 8, 7, 30, 3
7, 8, 7, 30, 3
7, 8, 7, 30, 3
7, 8, 7, 31, 3
7, 8, 7, 31, 3
7, 8, 7, 31, 3
7, 8, 7, 31, 3
7, 8, 8, 30, 3
7, 8, 8, 30, 3
7, 8, 8, 30, 3
7, 8, 8, 30, 3
7, 8, 8, 31, 3
7, 8, 8, 31, 3
7, 8, 8, 31, 3
7, 8, 8, 31, 3
7, 8, 9, 30, 3
7, 8, 9, 30, 3
7, 8, 9, 30, 3
7, 8, 9, 30, 3
7, 8, 9, 31, 3
7, 8, 9, 31, 3
7, 8, 9, 31, 3
7, 8, 9, 31, 3
7, 8, 10, 30, 3
7, 8, 10, 30, 3
7, 8, 10, 30, 3
7, 8, 10, 30, 3
7, 8, 10, 31, 3
7, 8, 10, 31, 3
7, 8, 10, 31, 3
7, 8, 10, 31, 3
7, 8, 11, 30, 3
7, 8, 11, 30, 3
7, 8, 11, 30, 3
7, 8, 11, 30, 3
7, 8, 11, 31, 3
7, 8, 11, 31, 3
7, 8, 11, 31, 3
7, 8, 11, 31, 3
7, 8, 12, 30, 3
7, 8, 12, 30, 3
7, 8, 12, 30, 3
7, 8, 12, 30, 3
7, 8, 12, 31, 3
7, 8, 12, 31, 3
7, 8, 12, 31, 3
7, 8, 12, 31, 3
7, 8, 13, 30, 3
7, 8, 13, 30, 3
7, 8, 13, 30, 3
7, 8, 13, 30, 3
7, 8, 13, 31, 3
7, 8, 13, 31, 3
7, 8, 13, 31, 3
7, 8, 13, 31, 3
7, 8, 14, 30, 3
7, 8, 14, 30, 3
7, 8, 14, 30, 3
7, 8, 14, 30, 3
7, 8, 14, 31, 3
7, 8, 14, 31, 3
7, 8, 14, 31, 3
7, 8, 14, 31, 3
7, 8, 15, 30, 3
7, 8, 15, 30, 3
7, 8, 15, 30, 3
7, 8, 15, 30, 3
7, 8, 15, 31, 3
7, 8, 15, 31, 3
7, 8, 15, 31, 3
7, 8, 15, 31, 3
7, 8, 16, 30, 3
7, 8, 16, 30, 3
7, 8, 16, 30, 3
7, 8, 16, 30, 3
7, 8, 16, 31, 3
7, 8, 16, 31, 3
7, 8, 16, 31, 3
7, 8, 16, 31, 3
7, 8, 17, 30, 3
7, 8, 17, 30, 3
7, 8, 17, 30, 3
7, 8, 17, 30, 3
7, 8, 17, 31, 3
7, 8, 17, 31, 3
7, 8, 17, 31, 3
7, 8, 17, 31, 3
7, 8, 18, 30, 3
7, 8, 18, 30, 3
7, 8, 18, 30, 3
7, 8, 18, 30, 3
7, 8, 18, 31, 3
7, 8, 18, 31, 3
7, 8, 18, 31, 3
7, 8, 18, 31, 3
7, 8, 19, 30, 3
7, 8, 19, 30, 3
7, 8, 19, 30, 3
7, 8, 19, 30, 3
7, 8, 19, 31, 3
7, 8, 19, 31, 3
7, 8, 19, 31, 3
7, 8, 19, 31, 3
7, 8, 20, 30, 3
7, 8, 20, 30, 3
7, 8, 20, 30, 3
7, 8, 20, 30, 3
7, 8, 20, 31, 3
7, 8, 20, 31, 3
7, 8, 20, 31, 3
7, 8, 20, 31, 3
7, 8, 21, 30, 3
7, 8, 21, 30, 3
7, 8, 21, 30, 3
7, 8, 21, 30, 3
7, 8, 21, 31, 3
7, 8, 21, 31, 3
7, 8, 21, 31, 3
7, 8, 21, 31, 3
7, 8, 22, 30, 3
7, 8, 22, 30, 3
7, 8, 22, 30, 3
7, 8, 22, 30, 3
7, 8, 22, 31, 3
7, 8, 22, 31, 3
7, 8, 22, 31, 3
7, 8, 22, 31, 3
7, 8, 23, 30, 3
7, 8, 23, 30, 3
7, 8, 23, 30, 3
7, 8, 23, 30, 3
7, 8, 23, 31, 3
7, 8, 23, 31, 3
7, 8, 23, 31, 3
7, 8, 23, 31, 3
7, 8, 24, 30, 3
7, 8, 24, 30, 3
7, 8, 24, 30, 3
7, 8, 24, 30, 3
7, 8, 24, 31, 3
7, 8, 24, 31, 3
7, 8, 24, 31, 3
7, 8, 24, 31, 3
7, 8, 25, 30, 3
7, 8, 25, 30, 3
7, 8, 25, 30, 3
7, 8, 25, 30, 3
7, 8, 25, 31, 3
7, 8, 25, 31, 3
7, 8, 25, 31, 3
7, 8, 25, 31, 3
7, 8, 26, 30, 3
7, 8, 26, 30, 3
7, 8, 26, 30, 3
7, 8, 26, 30, 3
7, 8, 26, 31, 3
7, 8, 26, 31, 3
7, 8, 26, 31, 3
7, 8, 26, 31, 3
7, 8, 27, 30, 3
7, 8, 27, 30, 3
7, 8, 27, 30, 3
7, 8, 27, 30, 3
7, 8, 27, 31, 3
7, 8, 27, 31, 3
7, 8, 27, 31, 3
7, 8, 27, 31, 3
7, 8, 28, 30, 3
7, 8, 28, 30, 3
7, 8, 28, 30, 3
7, 8, 28, 30, 3
7, 8, 28, 31, 3
7, 8, 28, 31, 3
7, 8, 28, 31, 3
7, 8, 28, 31, 3
7, 8, 29, 30, 3
7, 8, 29, 30, 3
7, 8, 29, 30, 3
7, 8, 29, 30, 3
7, 8, 29, 31, 3
7, 8, 29, 31, 3
7, 8, 29, 31, 3
7, 8, 29, 31, 3
7, 120, 30, 0, 3
7, 120, 30, 0, 3
7, 120, 30, 0, 3
7, 120, 30, 0, 3
7, 120, 30, 1, 3
7, 120, 30, 1, 3
7, 120, 30, 1, 3
7, 120, 30, 1, 3
7, 120, 30, 2, 3
7, 120, 30, 2, 3
7, 120, 30, 2, 3
7, 120, 30, 2, 3
7, 120, 30, 3, 3
7, 120, 30, 3, 3
7, 120, 30, 3, 3
7, 120, 30, 3, 3
7, 120, 30, 4, 3
7, 120, 30, 4, 3
7, 120, 30, 4, 3
7, 120, 30, 4, 3
7, 120, 30, 5, 3
7, 120, 30, 5, 3
7, 120, 30, 5, 3
7, 120, 30, 5, 3
7, 120, 30, 6, 3
7, 120, 30, 6, 3
7, 120, 30, 6, 3
7, 120, 30, 6, 3
7, 120, 30, 7, 3
7, 120, 30, 7, 3
7, 120, 30, 7, 3
7, 120, 30, 7, 3
7, 120, 30, 8, 3
7, 120, 30, 8, 3
7, 120, 30, 8, 3
7, 120, 30, 8, 3
7, 120, 30, 9, 3
7, 120, 30, 9, 3
7, 120, 30, 9, 3
7, 120, 30, 9, 3
7, 120, 30, 10, 3
7, 120, 30, 10, 3
7, 120, 30, 10, 3
7, 120, 30, 10, 3
7, 120, 30, 11, 3
7, 120, 30, 11, 3
7, 120, 30, 11, 3
7, 120, 30, 11, 3
7, 120, 30, 12, 3
7, 120, 30, 12, 3
7, 120, 30, 12, 3
7, 120, 30, 12, 3
7, 120, 30, 13, 3
7, 120, 30, 13, 3
7, 120, 30, 13, 3
7, 120, 30, 13, 3
7, 120, 30, 14, 3
7, 120, 30, 14, 3
7, 120, 30, 14, 3
7, 120, 30, 14, 3
7, 120, 30, 15, 3
7, 120, 30, 15, 3
7, 120, 30, 15, 3
7, 120, 30, 15, 3
7, 120, 30, 16, 3
7, 120, 30, 16, 3
7, 120, 30, 16, 3
7, 120, 30, 16, 3
7, 120, 30, 17, 3
7, 120, 30, 17, 3
7, 120, 30, 17, 3
7, 120, 30, 17, 3
7, 120, 30, 18, 3
7, 120, 30, 18, 3
7, 120, 30, 18, 3
7, 120, 30, 18, 3
7, 120, 30, 19, 3
7, 120, 30, 19, 3
7, 120, 30, 19, 3
7, 120, 30, 19, 3
7, 120, 30, 20, 3
7, 120, 30, 20, 3
7, 120, 30, 20, 3
7, 120, 30, 20, 3
7, 120, 30, 21, 3
7, 120, 30, 21, 3
7, 120, 30, 21, 3
7, 120, 30, 21, 3
7, 120, 30, 22, 3
7, 120, 30, 22, 3
7, 120, 30, 22, 3
7, 120, 30, 22, 3
7, 120, 30, 23, 3
7, 120, 30, 23, 3
7, 120, 30, 23, 3
7, 120, 30, 23, 3
7, 120, 30, 24, 3
7, 120, 30, 24, 3
7, 120, 30, 24, 3
7, 120, 30, 24, 3
7, 120, 30, 25, 3
7, 120, 30, 25, 3
7, 120, 30, 25, 3
7, 120, 30, 25, 3
7, 120, 30, 26, 3
7, 120, 30, 26, 3
7, 120, 30, 26, 3
7, 120, 30, 26, 3
7, 120, 30, 27, 3
7, 120, 30, 27, 3
7, 120, 30, 27, 3
7, 120, 30, 27, 3
7, 120, 30, 28, 3
7, 120, 30, 28, 3
7, 120, 30, 28, 3
7, 120, 30, 28, 3
7, 120, 30, 29, 3
7, 120, 30, 29, 3
7, 120, 30, 29, 3
7, 120, 30, 29, 3
7, 120, 31, 0, 3
7, 120, 31, 0, 3
7, 120, 31, 0, 3
7, 120, 31, 0, 3
7, 120, 31, 1, 3
7, 120, 31, 1, 3
7, 120, 31, 1, 3
7, 120, 31, 1, 3
7, 120, 31, 2, 3
7, 120, 31, 2, 3
7, 120, 31, 2, 3
7, 120, 31, 2, 3
7, 120, 31, 3, 3
7, 120, 31, 3, 3
7, 120, 31, 3, 3
7, 120, 31, 3, 3
7, 120, 31, 4, 3
7, 120, 31, 4, 3
7, 120, 31, 4, 3
7, 120, 31, 4, 3
7, 120, 31, 5, 3
7, 120, 31, 5, 3
7, 120, 31, 5, 3
7, 120, 31, 5, 3
7, 120, 31, 6, 3
7, 120, 31, 6, 3
7, 120, 31, 6, 3
7, 120, 31, 6, 3
7, 120, 31, 7, 3
7, 120, 31, 7, 3
7, 120, 31, 7, 3
7, 120, 31, 7, 3
7, 120, 31, 8, 3
7, 120, 31, 8, 3
7, 120, 31, 8, 3
7, 120, 31, 8, 3
7, 120, 31, 9, 3
7, 120, 31, 9, 3
7, 120, 31, 9, 3
7, 120, 31, 9, 3
7, 120, 31, 10, 3
7, 120, 31, 10, 3
7, 120, 31, 10, 3
7, 120, 31, 10, 3
7, 120, 31, 11, 3
7, 120, 31, 11, 3
7, 120, 31, 11, 3
7, 120, 31, 11, 3
7, 120, 31, 12, 3
7, 120, 31, 12, 3
7, 120, 31, 12, 3
7, 120, 31, 12, 3
7, 120, 31, 13, 3
7, 120, 31, 13, 3
7, 120, 31, 13, 3
7, 120, 31, 13, 3
7, 120, 31, 14, 3
7, 120, 31, 14, 3
7, 120, 31, 14, 3
7, 120, 31, 14, 3
7, 120, 31, 15, 3
7, 120, 31, 15, 3
7, 120, 31, 15, 3
7, 120, 31, 15, 3
7, 120, 31, 16, 3
7, 120, 31, 16, 3
7, 120, 31, 16, 3
7, 120, 31, 16, 3
7, 120, 31, 17, 3
7, 120, 31, 17, 3
7, 120, 31, 17, 3
7, 120, 31, 17, 3
7, 120, 31, 18, 3
7, 120, 31, 18, 3
7, 120, 31, 18, 3
7, 120, 31, 18, 3
7, 120, 31, 19, 3
7, 120, 31, 19, 3
7, 120, 31, 19, 3
7, 120, 31, 19, 3
7, 120, 31, 20, 3
7, 120, 31, 20, 3
7, 120, 31, 20, 3
7, 120, 31, 20, 3
7, 120, 31, 21, 3
7, 120, 31, 21, 3
7, 120, 31, 21, 3
7, 120, 31, 21, 3
7, 120, 31, 22, 3
7, 120, 31, 22, 3
7, 120, 31, 22, 3
7, 120, 31, 22, 3
7, 120, 31, 23, 3
7, 120, 31, 23, 3
7, 120, 31, 23, 3
7, 120, 31, 23, 3
7, 120, 31, 24, 3
7, 120, 31, 24, 3
7, 120, 31, 24, 3
7, 120, 31, 24, 3
7, 120, 31, 25, 3
7, 120, 31, 25, 3
7, 120, 31, 25, 3
7, 120, 31, 25, 3
7, 120, 31, 26, 3
7, 120, 31, 26, 3
7, 120, 31, 26, 3
7, 120, 31, 26, 3
7, 120, 31, 27, 3
7, 120, 31, 27, 3
7, 120, 31, 27, 3
7, 120, 31, 27, 3
7, 120, 31, 28, 3
7, 120, 31, 28, 3
7, 120, 31, 28, 3
7, 120, 31, 28, 3
7, 120, 31, 29, 3
7, 120, 31, 29, 3
7, 120, 31, 29, 3
7, 120, 31, 29, 3
Goal
4
5
6
7
