CG
76
0, 66, -1, 16
0, 66, -1, 9
0, 66, -1, 9
0, 66, -1, 8
0, 66, -1, 8
0, 66, -1, 12
0, 66, -1, 12
0, 66, 75, 19
0, 66, 13, 3
0, 66, -1, 3
0, 66, 26, 9
0, 66, 31, 9
0, 66, 44, 8
0, 66, 48, 8
0, 66, 53, 12
0, 66, 56, 12
0, 66, 10, 4
0, 66, 4, 1
0, 66, 14, 4
0, 66, 5, 1
0, 66, -1, 3
0, 66, -1, 3
0, 66, -1, 3
0, 66, -1, 3
0, 66, 19, 4
0, 66, -1, 3
0, 66, -1, 3
0, 66, -1, 3
0, 66, -1, 16
0, 66, 27, 9
0, 66, -1, 9
0, 66, 28, 9
0, 66, 29, 9
0, 66, 34, 9
0, 66, -1, 9
0, 66, 35, 9
0, 66, 38, 9
0, 66, 45, 8
0, 66, 46, 8
0, 66, 49, 8
0, 66, 50, 8
0, 66, -1, 12
0, 66, 54, 12
0, 66, 55, 12
0, 66, -1, 12
0, 66, 61, 12
0, 66, 62, 12
0, 66, -1, 1
0, 66, 11, 4
0, 66, -1, 4
0, 66, -1, 3
0, 66, 12, 4
0, 66, 6, 1
0, 66, 7, 1
0, 66, -1, 1
0, 66, 15, 4
0, 66, -1, 4
0, 66, -1, 3
0, 66, 18, 4
0, 66, 8, 1
0, 66, 9, 1
0, 66, -1, 3
0, 66, -1, 3
0, 66, -1, 3
0, 66, -1, 3
0, 66, -1, 3
0, 66, -1, 3
0, 66, -1, 3
0, 66, -1, 3
0, 66, 3, 3
0, 66, -1, 6
0, 66, 60, 16
0, 66, 24, 9
0, 66, 25, 9
0, 66, 42, 8
0, 66, 43, 8
0, 66, 52, 12
0, 66, 74, 12
0, 66, 57, 12
0, 66, 64, 12
0, 66, 16, 3
0, 66, 20, 6
0, 66, 17, 3
0, 66, 21, 6
0, 66, 58, 12
0, 66, 65, 12
0, 66, 63, 16
0, 66, 59, 12
0, 66, 66, 12
0, 66, 36, 4
0, 66, 32, 4
0, 66, 37, 4
0, 66, 33, 4
0, 66, 40, 4
0, 66, 41, 4
0, 66, -1, 3
0, 66, 47, 8
0, 66, 51, 8
0, 66, -1, 9
0, 66, -1, 9
0, 66, 30, 9
0, 66, 39, 9
0, 66, 22, 6
0, 66, 23, 6
1, 18, -1, 4
1, 18, -1, 4
1, 18, -1, 4
1, 18, 53, 4
1, 18, 56, 4
1, 18, -1, 4
1, 18, -1, 4
1, 18, 54, 4
1, 18, 55, 4
1, 18, -1, 4
1, 18, 61, 4
1, 18, 62, 4
1, 18, 60, 4
1, 18, 52, 4
1, 18, 74, 4
1, 18, 57, 4
1, 18, 64, 4
1, 18, 58, 4
1, 18, 65, 4
1, 18, 63, 4
1, 18, 59, 4
1, 18, 66, 4
1, 18, 40, 4
1, 18, 41, 4
2, 18, -1, 6
2, 18, -1, 6
2, 18, 13, 3
2, 18, 26, 6
2, 18, 31, 6
2, 18, -1, 3
2, 18, -1, 3
2, 18, 19, 3
2, 18, 27, 6
2, 18, -1, 6
2, 18, 28, 6
2, 18, 29, 6
2, 18, 34, 6
2, 18, -1, 6
2, 18, 35, 6
2, 18, 38, 6
2, 18, -1, 3
2, 18, 24, 6
2, 18, 25, 6
2, 18, 20, 6
2, 18, 21, 6
2, 18, -1, 6
2, 18, -1, 6
2, 18, 30, 6
2, 18, 39, 6
2, 18, 22, 6
2, 18, 23, 6
3, 16, -1, 12
3, 16, -1, 8
3, 16, -1, 8
3, 16, 53, 8
3, 16, 56, 8
3, 16, -1, 12
3, 16, -1, 8
3, 16, 54, 8
3, 16, 55, 8
3, 16, -1, 8
3, 16, 61, 8
3, 16, 62, 8
3, 16, 60, 12
3, 16, 52, 8
3, 16, 74, 8
3, 16, 57, 8
3, 16, 64, 8
3, 16, 58, 8
3, 16, 65, 8
3, 16, 63, 12
3, 16, 59, 8
3, 16, 66, 8
4, 32, -1, 6
4, 32, -1, 3
4, 32, -1, 3
4, 32, -1, 4
4, 32, -1, 4
4, 32, 26, 3
4, 32, 31, 3
4, 32, 53, 4
4, 32, 56, 4
4, 32, -1, 6
4, 32, 27, 3
4, 32, -1, 3
4, 32, 28, 3
4, 32, 29, 3
4, 32, 34, 3
4, 32, -1, 3
4, 32, 35, 3
4, 32, 38, 3
4, 32, -1, 4
4, 32, 54, 4
4, 32, 55, 4
4, 32, -1, 4
4, 32, 61, 4
4, 32, 62, 4
4, 32, 60, 6
4, 32, 24, 3
4, 32, 25, 3
4, 32, 52, 4
4, 32, 74, 4
4, 32, 57, 4
4, 32, 64, 4
4, 32, 20, 3
4, 32, 21, 3
4, 32, 58, 4
4, 32, 65, 4
4, 32, 63, 6
4, 32, 59, 4
4, 32, 66, 4
4, 32, -1, 3
4, 32, -1, 3
4, 32, 30, 3
4, 32, 39, 3
4, 32, 22, 3
4, 32, 23, 3
5, 36, -1, 10
5, 36, -1, 6
5, 36, -1, 6
5, 36, -1, 8
5, 36, -1, 8
5, 36, 26, 6
5, 36, 31, 6
5, 36, 53, 8
5, 36, 56, 8
5, 36, -1, 10
5, 36, 27, 6
5, 36, -1, 6
5, 36, 28, 6
5, 36, 29, 6
5, 36, 34, 6
5, 36, -1, 6
5, 36, 35, 6
5, 36, 38, 6
5, 36, -1, 8
5, 36, 54, 8
5, 36, 55, 8
5, 36, -1, 8
5, 36, 61, 8
5, 36, 62, 8
5, 36, 60, 10
5, 36, 24, 6
5, 36, 25, 6
5, 36, 52, 8
5, 36, 74, 8
5, 36, 57, 8
5, 36, 64, 8
5, 36, 16, 3
5, 36, 20, 3
5, 36, 17, 3
5, 36, 21, 3
5, 36, 58, 8
5, 36, 65, 8
5, 36, 63, 10
5, 36, 59, 8
5, 36, 66, 8
5, 36, 40, 4
5, 36, 41, 4
5, 36, -1, 6
5, 36, -1, 6
5, 36, 30, 6
5, 36, 39, 6
5, 36, 22, 3
5, 36, 23, 3
6, 32, -1, 6
6, 32, -1, 3
6, 32, -1, 3
6, 32, -1, 4
6, 32, -1, 4
6, 32, 26, 3
6, 32, 31, 3
6, 32, 53, 4
6, 32, 56, 4
6, 32, -1, 6
6, 32, 27, 3
6, 32, -1, 3
6, 32, 28, 3
6, 32, 29, 3
6, 32, 34, 3
6, 32, -1, 3
6, 32, 35, 3
6, 32, 38, 3
6, 32, -1, 4
6, 32, 54, 4
6, 32, 55, 4
6, 32, -1, 4
6, 32, 61, 4
6, 32, 62, 4
6, 32, 60, 6
6, 32, 24, 3
6, 32, 25, 3
6, 32, 52, 4
6, 32, 74, 4
6, 32, 57, 4
6, 32, 64, 4
6, 32, 20, 3
6, 32, 21, 3
6, 32, 58, 4
6, 32, 65, 4
6, 32, 63, 6
6, 32, 59, 4
6, 32, 66, 4
6, 32, -1, 3
6, 32, -1, 3
6, 32, 30, 3
6, 32, 39, 3
6, 32, 22, 3
6, 32, 23, 3
7, 32, -1, 6
7, 32, -1, 3
7, 32, -1, 3
7, 32, -1, 4
7, 32, -1, 4
7, 32, 26, 3
7, 32, 31, 3
7, 32, 53, 4
7, 32, 56, 4
7, 32, -1, 6
7, 32, 27, 3
7, 32, -1, 3
7, 32, 28, 3
7, 32, 29, 3
7, 32, 34, 3
7, 32, -1, 3
7, 32, 35, 3
7, 32, 38, 3
7, 32, -1, 4
7, 32, 54, 4
7, 32, 55, 4
7, 32, -1, 4
7, 32, 61, 4
7, 32, 62, 4
7, 32, 60, 6
7, 32, 24, 3
7, 32, 25, 3
7, 32, 52, 4
7, 32, 74, 4
7, 32, 57, 4
7, 32, 64, 4
7, 32, 20, 3
7, 32, 21, 3
7, 32, 58, 4
7, 32, 65, 4
7, 32, 63, 6
7, 32, 59, 4
7, 32, 66, 4
7, 32, -1, 3
7, 32, -1, 3
7, 32, 30, 3
7, 32, 39, 3
7, 32, 22, 3
7, 32, 23, 3
8, 36, -1, 10
8, 36, -1, 6
8, 36, -1, 6
8, 36, -1, 8
8, 36, -1, 8
8, 36, 26, 6
8, 36, 31, 6
8, 36, 53, 8
8, 36, 56, 8
8, 36, -1, 10
8, 36, 27, 6
8, 36, -1, 6
8, 36, 28, 6
8, 36, 29, 6
8, 36, 34, 6
8, 36, -1, 6
8, 36, 35, 6
8, 36, 38, 6
8, 36, -1, 8
8, 36, 54, 8
8, 36, 55, 8
8, 36, -1, 8
8, 36, 61, 8
8, 36, 62, 8
8, 36, 60, 10
8, 36, 24, 6
8, 36, 25, 6
8, 36, 52, 8
8, 36, 74, 8
8, 36, 57, 8
8, 36, 64, 8
8, 36, 16, 3
8, 36, 20, 3
8, 36, 17, 3
8, 36, 21, 3
8, 36, 58, 8
8, 36, 65, 8
8, 36, 63, 10
8, 36, 59, 8
8, 36, 66, 8
8, 36, 40, 4
8, 36, 41, 4
8, 36, -1, 6
8, 36, -1, 6
8, 36, 30, 6
8, 36, 39, 6
8, 36, 22, 3
8, 36, 23, 3
9, 36, -1, 10
9, 36, -1, 6
9, 36, -1, 6
9, 36, -1, 8
9, 36, -1, 8
9, 36, 26, 6
9, 36, 31, 6
9, 36, 53, 8
9, 36, 56, 8
9, 36, -1, 10
9, 36, 27, 6
9, 36, -1, 6
9, 36, 28, 6
9, 36, 29, 6
9, 36, 34, 6
9, 36, -1, 6
9, 36, 35, 6
9, 36, 38, 6
9, 36, -1, 8
9, 36, 54, 8
9, 36, 55, 8
9, 36, -1, 8
9, 36, 61, 8
9, 36, 62, 8
9, 36, 60, 10
9, 36, 24, 6
9, 36, 25, 6
9, 36, 52, 8
9, 36, 74, 8
9, 36, 57, 8
9, 36, 64, 8
9, 36, 16, 3
9, 36, 20, 3
9, 36, 17, 3
9, 36, 21, 3
9, 36, 58, 8
9, 36, 65, 8
9, 36, 63, 10
9, 36, 59, 8
9, 36, 66, 8
9, 36, 40, 4
9, 36, 41, 4
9, 36, -1, 6
9, 36, -1, 6
9, 36, 30, 6
9, 36, 39, 6
9, 36, 22, 3
9, 36, 23, 3
10, 32, -1, 6
10, 32, -1, 3
10, 32, -1, 3
10, 32, -1, 4
10, 32, -1, 4
10, 32, 26, 3
10, 32, 31, 3
10, 32, 53, 4
10, 32, 56, 4
10, 32, -1, 6
10, 32, 27, 3
10, 32, -1, 3
10, 32, 28, 3
10, 32, 29, 3
10, 32, 34, 3
10, 32, -1, 3
10, 32, 35, 3
10, 32, 38, 3
10, 32, -1, 4
10, 32, 54, 4
10, 32, 55, 4
10, 32, -1, 4
10, 32, 61, 4
10, 32, 62, 4
10, 32, 60, 6
10, 32, 24, 3
10, 32, 25, 3
10, 32, 52, 4
10, 32, 74, 4
10, 32, 57, 4
10, 32, 64, 4
10, 32, 20, 3
10, 32, 21, 3
10, 32, 58, 4
10, 32, 65, 4
10, 32, 63, 6
10, 32, 59, 4
10, 32, 66, 4
10, 32, -1, 3
10, 32, -1, 3
10, 32, 30, 3
10, 32, 39, 3
10, 32, 22, 3
10, 32, 23, 3
11, 32, -1, 6
11, 32, -1, 3
11, 32, -1, 3
11, 32, -1, 4
11, 32, -1, 4
11, 32, 26, 3
11, 32, 31, 3
11, 32, 53, 4
11, 32, 56, 4
11, 32, -1, 6
11, 32, 27, 3
11, 32, -1, 3
11, 32, 28, 3
11, 32, 29, 3
11, 32, 34, 3
11, 32, -1, 3
11, 32, 35, 3
11, 32, 38, 3
11, 32, -1, 4
11, 32, 54, 4
11, 32, 55, 4
11, 32, -1, 4
11, 32, 61, 4
11, 32, 62, 4
11, 32, 60, 6
11, 32, 24, 3
11, 32, 25, 3
11, 32, 52, 4
11, 32, 74, 4
11, 32, 57, 4
11, 32, 64, 4
11, 32, 20, 3
11, 32, 21, 3
11, 32, 58, 4
11, 32, 65, 4
11, 32, 63, 6
11, 32, 59, 4
11, 32, 66, 4
11, 32, -1, 3
11, 32, -1, 3
11, 32, 30, 3
11, 32, 39, 3
11, 32, 22, 3
11, 32, 23, 3
12, 16, -1, 3
12, 16, -1, 3
12, 16, 26, 3
12, 16, 31, 3
12, 16, 27, 3
12, 16, -1, 3
12, 16, 28, 3
12, 16, 29, 3
12, 16, 34, 3
12, 16, -1, 3
12, 16, 35, 3
12, 16, 38, 3
12, 16, 24, 3
12, 16, 25, 3
12, 16, 20, 3
12, 16, 21, 3
12, 16, -1, 3
12, 16, -1, 3
12, 16, 30, 3
12, 16, 39, 3
12, 16, 22, 3
12, 16, 23, 3
13, 54, -1, 16
13, 54, -1, 9
13, 54, -1, 9
13, 54, -1, 12
13, 54, -1, 12
13, 54, 75, 6
13, 54, 26, 9
13, 54, 31, 9
13, 54, 53, 12
13, 54, 56, 12
13, 54, 10, 5
13, 54, 4, 2
13, 54, 14, 8
13, 54, 5, 2
13, 54, -1, 6
13, 54, -1, 3
13, 54, 0, 3
13, 54, -1, 3
13, 54, 19, 2
13, 54, -1, 16
13, 54, 27, 9
13, 54, -1, 9
13, 54, 28, 9
13, 54, 29, 9
13, 54, 34, 9
13, 54, -1, 9
13, 54, 35, 9
13, 54, 38, 9
13, 54, -1, 12
13, 54, 54, 12
13, 54, 55, 12
13, 54, -1, 12
13, 54, 61, 12
13, 54, 62, 12
13, 54, -1, 2
13, 54, 11, 5
13, 54, -1, 5
13, 54, -1, 3
13, 54, 12, 5
13, 54, 6, 2
13, 54, 7, 2
13, 54, -1, 2
13, 54, 15, 8
13, 54, -1, 8
13, 54, -1, 6
13, 54, 18, 8
13, 54, 8, 2
13, 54, 9, 2
13, 54, -1, 6
13, 54, -1, 6
13, 54, -1, 6
13, 54, -1, 6
13, 54, -1, 3
13, 54, -1, 3
13, 54, -1, 3
13, 54, -1, 3
13, 54, -1, 3
13, 54, 1, 3
13, 54, -1, 3
13, 54, 3, 3
13, 54, 2, 3
13, 54, 60, 16
13, 54, 24, 9
13, 54, 25, 9
13, 54, 52, 12
13, 54, 74, 12
13, 54, 57, 12
13, 54, 64, 12
13, 54, 16, 3
13, 54, 20, 6
13, 54, 17, 3
13, 54, 21, 6
13, 54, 58, 12
13, 54, 65, 12
13, 54, 63, 16
13, 54, 59, 12
13, 54, 66, 12
13, 54, 40, 4
13, 54, 41, 4
13, 54, -1, 9
13, 54, -1, 9
13, 54, 30, 9
13, 54, 39, 9
13, 54, 22, 6
13, 54, 23, 6
14, 36, -1, 10
14, 36, -1, 6
14, 36, -1, 6
14, 36, -1, 8
14, 36, -1, 8
14, 36, 26, 6
14, 36, 31, 6
14, 36, 53, 8
14, 36, 56, 8
14, 36, -1, 10
14, 36, 27, 6
14, 36, -1, 6
14, 36, 28, 6
14, 36, 29, 6
14, 36, 34, 6
14, 36, -1, 6
14, 36, 35, 6
14, 36, 38, 6
14, 36, -1, 8
14, 36, 54, 8
14, 36, 55, 8
14, 36, -1, 8
14, 36, 61, 8
14, 36, 62, 8
14, 36, 60, 10
14, 36, 24, 6
14, 36, 25, 6
14, 36, 52, 8
14, 36, 74, 8
14, 36, 57, 8
14, 36, 64, 8
14, 36, 16, 3
14, 36, 20, 3
14, 36, 17, 3
14, 36, 21, 3
14, 36, 58, 8
14, 36, 65, 8
14, 36, 63, 10
14, 36, 59, 8
14, 36, 66, 8
14, 36, 40, 4
14, 36, 41, 4
14, 36, -1, 6
14, 36, -1, 6
14, 36, 30, 6
14, 36, 39, 6
14, 36, 22, 3
14, 36, 23, 3
15, 36, -1, 10
15, 36, -1, 6
15, 36, -1, 6
15, 36, -1, 8
15, 36, -1, 8
15, 36, 26, 6
15, 36, 31, 6
15, 36, 53, 8
15, 36, 56, 8
15, 36, -1, 10
15, 36, 27, 6
15, 36, -1, 6
15, 36, 28, 6
15, 36, 29, 6
15, 36, 34, 6
15, 36, -1, 6
15, 36, 35, 6
15, 36, 38, 6
15, 36, -1, 8
15, 36, 54, 8
15, 36, 55, 8
15, 36, -1, 8
15, 36, 61, 8
15, 36, 62, 8
15, 36, 60, 10
15, 36, 24, 6
15, 36, 25, 6
15, 36, 52, 8
15, 36, 74, 8
15, 36, 57, 8
15, 36, 64, 8
15, 36, 16, 3
15, 36, 20, 3
15, 36, 17, 3
15, 36, 21, 3
15, 36, 58, 8
15, 36, 65, 8
15, 36, 63, 10
15, 36, 59, 8
15, 36, 66, 8
15, 36, 40, 4
15, 36, 41, 4
15, 36, -1, 6
15, 36, -1, 6
15, 36, 30, 6
15, 36, 39, 6
15, 36, 22, 3
15, 36, 23, 3
16, 13, -1, 2
16, 13, -1, 2
16, 13, 75, 4
16, 13, 44, 2
16, 13, 48, 2
16, 13, 45, 2
16, 13, 46, 2
16, 13, 49, 2
16, 13, 50, 2
16, 13, 42, 2
16, 13, 43, 2
16, 13, 36, 2
16, 13, 37, 2
16, 13, 47, 2
16, 13, 51, 2
17, 13, -1, 2
17, 13, -1, 2
17, 13, 75, 4
17, 13, 44, 2
17, 13, 48, 2
17, 13, 45, 2
17, 13, 46, 2
17, 13, 49, 2
17, 13, 50, 2
17, 13, 42, 2
17, 13, 43, 2
17, 13, 36, 2
17, 13, 37, 2
17, 13, 47, 2
17, 13, 51, 2
18, 18, -1, 6
18, 18, -1, 6
18, 18, 26, 6
18, 18, 31, 6
18, 18, 27, 6
18, 18, -1, 6
18, 18, 28, 6
18, 18, 29, 6
18, 18, 34, 6
18, 18, -1, 6
18, 18, 35, 6
18, 18, 38, 6
18, 18, 24, 6
18, 18, 25, 6
18, 18, 16, 3
18, 18, 20, 3
18, 18, 17, 3
18, 18, 21, 3
18, 18, -1, 6
18, 18, -1, 6
18, 18, 30, 6
18, 18, 39, 6
18, 18, 22, 3
18, 18, 23, 3
19, 36, -1, 16
19, 36, -1, 9
19, 36, -1, 9
19, 36, -1, 12
19, 36, -1, 12
19, 36, 26, 9
19, 36, 31, 9
19, 36, 53, 12
19, 36, 56, 12
19, 36, -1, 16
19, 36, 27, 9
19, 36, -1, 9
19, 36, 28, 9
19, 36, 29, 9
19, 36, 34, 9
19, 36, -1, 9
19, 36, 35, 9
19, 36, 38, 9
19, 36, -1, 12
19, 36, 54, 12
19, 36, 55, 12
19, 36, -1, 12
19, 36, 61, 12
19, 36, 62, 12
19, 36, 60, 16
19, 36, 24, 9
19, 36, 25, 9
19, 36, 52, 12
19, 36, 74, 12
19, 36, 57, 12
19, 36, 64, 12
19, 36, 16, 3
19, 36, 20, 6
19, 36, 17, 3
19, 36, 21, 6
19, 36, 58, 12
19, 36, 65, 12
19, 36, 63, 16
19, 36, 59, 12
19, 36, 66, 12
19, 36, 40, 4
19, 36, 41, 4
19, 36, -1, 9
19, 36, -1, 9
19, 36, 30, 9
19, 36, 39, 9
19, 36, 22, 6
19, 36, 23, 6
20, 13, -1, 2
20, 13, -1, 2
20, 13, 75, 4
20, 13, 44, 2
20, 13, 48, 2
20, 13, 45, 2
20, 13, 46, 2
20, 13, 49, 2
20, 13, 50, 2
20, 13, 42, 2
20, 13, 43, 2
20, 13, 32, 2
20, 13, 33, 2
20, 13, 47, 2
20, 13, 51, 2
21, 13, -1, 2
21, 13, -1, 2
21, 13, 75, 4
21, 13, 44, 2
21, 13, 48, 2
21, 13, 45, 2
21, 13, 46, 2
21, 13, 49, 2
21, 13, 50, 2
21, 13, 42, 2
21, 13, 43, 2
21, 13, 32, 2
21, 13, 33, 2
21, 13, 47, 2
21, 13, 51, 2
22, 13, -1, 2
22, 13, -1, 2
22, 13, 75, 4
22, 13, 44, 2
22, 13, 48, 2
22, 13, 45, 2
22, 13, 46, 2
22, 13, 49, 2
22, 13, 50, 2
22, 13, 42, 2
22, 13, 43, 2
22, 13, 32, 2
22, 13, 33, 2
22, 13, 47, 2
22, 13, 51, 2
23, 13, -1, 2
23, 13, -1, 2
23, 13, 75, 4
23, 13, 44, 2
23, 13, 48, 2
23, 13, 45, 2
23, 13, 46, 2
23, 13, 49, 2
23, 13, 50, 2
23, 13, 42, 2
23, 13, 43, 2
23, 13, 32, 2
23, 13, 33, 2
23, 13, 47, 2
23, 13, 51, 2
24, 21, -1, 9
24, 21, -1, 2
24, 21, -1, 2
24, 21, 75, 4
24, 21, 26, 9
24, 21, 44, 2
24, 21, 48, 2
24, 21, 27, 9
24, 21, -1, 9
24, 21, 28, 9
24, 21, 29, 9
24, 21, 45, 2
24, 21, 46, 2
24, 21, 49, 2
24, 21, 50, 2
24, 21, 42, 2
24, 21, 43, 2
24, 21, 16, 3
24, 21, 20, 6
24, 21, 36, 2
24, 21, 37, 2
24, 21, 47, 2
24, 21, 51, 2
24, 21, -1, 9
24, 21, 30, 9
24, 21, 22, 6
25, 21, -1, 9
25, 21, -1, 2
25, 21, -1, 2
25, 21, 75, 4
25, 21, 31, 9
25, 21, 44, 2
25, 21, 48, 2
25, 21, 34, 9
25, 21, -1, 9
25, 21, 35, 9
25, 21, 38, 9
25, 21, 45, 2
25, 21, 46, 2
25, 21, 49, 2
25, 21, 50, 2
25, 21, 42, 2
25, 21, 43, 2
25, 21, 17, 3
25, 21, 21, 6
25, 21, 36, 2
25, 21, 37, 2
25, 21, 47, 2
25, 21, 51, 2
25, 21, -1, 9
25, 21, 39, 9
25, 21, 23, 6
26, 15, -1, 4
26, 15, -1, 4
26, 15, 75, 8
26, 15, 44, 4
26, 15, 48, 4
26, 15, 45, 4
26, 15, 46, 4
26, 15, 49, 4
26, 15, 50, 4
26, 15, 42, 4
26, 15, 43, 4
26, 15, 36, 2
26, 15, 32, 2
26, 15, 37, 2
26, 15, 33, 2
26, 15, 47, 4
26, 15, 51, 4
27, 15, -1, 4
27, 15, -1, 4
27, 15, 75, 8
27, 15, 44, 4
27, 15, 48, 4
27, 15, 45, 4
27, 15, 46, 4
27, 15, 49, 4
27, 15, 50, 4
27, 15, 42, 4
27, 15, 43, 4
27, 15, 36, 2
27, 15, 32, 2
27, 15, 37, 2
27, 15, 33, 2
27, 15, 47, 4
27, 15, 51, 4
28, 15, -1, 4
28, 15, -1, 4
28, 15, 75, 8
28, 15, 44, 4
28, 15, 48, 4
28, 15, 45, 4
28, 15, 46, 4
28, 15, 49, 4
28, 15, 50, 4
28, 15, 42, 4
28, 15, 43, 4
28, 15, 36, 2
28, 15, 32, 2
28, 15, 37, 2
28, 15, 33, 2
28, 15, 47, 4
28, 15, 51, 4
29, 15, -1, 4
29, 15, -1, 4
29, 15, 75, 8
29, 15, 44, 4
29, 15, 48, 4
29, 15, 45, 4
29, 15, 46, 4
29, 15, 49, 4
29, 15, 50, 4
29, 15, 42, 4
29, 15, 43, 4
29, 15, 36, 2
29, 15, 32, 2
29, 15, 37, 2
29, 15, 33, 2
29, 15, 47, 4
29, 15, 51, 4
30, 15, -1, 4
30, 15, -1, 4
30, 15, 75, 8
30, 15, 44, 4
30, 15, 48, 4
30, 15, 45, 4
30, 15, 46, 4
30, 15, 49, 4
30, 15, 50, 4
30, 15, 42, 4
30, 15, 43, 4
30, 15, 36, 2
30, 15, 32, 2
30, 15, 37, 2
30, 15, 33, 2
30, 15, 47, 4
30, 15, 51, 4
31, 15, -1, 4
31, 15, -1, 4
31, 15, 75, 8
31, 15, 44, 4
31, 15, 48, 4
31, 15, 45, 4
31, 15, 46, 4
31, 15, 49, 4
31, 15, 50, 4
31, 15, 42, 4
31, 15, 43, 4
31, 15, 36, 2
31, 15, 32, 2
31, 15, 37, 2
31, 15, 33, 2
31, 15, 47, 4
31, 15, 51, 4
32, 16, -1, 6
32, 16, -1, 4
32, 16, -1, 4
32, 16, 53, 4
32, 16, 56, 4
32, 16, -1, 6
32, 16, -1, 4
32, 16, 54, 4
32, 16, 55, 4
32, 16, -1, 4
32, 16, 61, 4
32, 16, 62, 4
32, 16, 60, 6
32, 16, 52, 4
32, 16, 74, 4
32, 16, 57, 4
32, 16, 64, 4
32, 16, 58, 4
32, 16, 65, 4
32, 16, 63, 6
32, 16, 59, 4
32, 16, 66, 4
33, 16, -1, 6
33, 16, -1, 4
33, 16, -1, 4
33, 16, 53, 4
33, 16, 56, 4
33, 16, -1, 6
33, 16, -1, 4
33, 16, 54, 4
33, 16, 55, 4
33, 16, -1, 4
33, 16, 61, 4
33, 16, 62, 4
33, 16, 60, 6
33, 16, 52, 4
33, 16, 74, 4
33, 16, 57, 4
33, 16, 64, 4
33, 16, 58, 4
33, 16, 65, 4
33, 16, 63, 6
33, 16, 59, 4
33, 16, 66, 4
34, 15, -1, 4
34, 15, -1, 4
34, 15, 75, 8
34, 15, 44, 4
34, 15, 48, 4
34, 15, 45, 4
34, 15, 46, 4
34, 15, 49, 4
34, 15, 50, 4
34, 15, 42, 4
34, 15, 43, 4
34, 15, 36, 2
34, 15, 32, 2
34, 15, 37, 2
34, 15, 33, 2
34, 15, 47, 4
34, 15, 51, 4
35, 15, -1, 4
35, 15, -1, 4
35, 15, 75, 8
35, 15, 44, 4
35, 15, 48, 4
35, 15, 45, 4
35, 15, 46, 4
35, 15, 49, 4
35, 15, 50, 4
35, 15, 42, 4
35, 15, 43, 4
35, 15, 36, 2
35, 15, 32, 2
35, 15, 37, 2
35, 15, 33, 2
35, 15, 47, 4
35, 15, 51, 4
36, 18, -1, 2
36, 18, -1, 2
36, 18, -1, 2
36, 18, 53, 2
36, 18, 56, 2
36, 18, -1, 2
36, 18, -1, 2
36, 18, 54, 2
36, 18, 55, 2
36, 18, -1, 2
36, 18, 61, 2
36, 18, 62, 2
36, 18, 60, 2
36, 18, 52, 2
36, 18, 74, 2
36, 18, 57, 2
36, 18, 64, 2
36, 18, 58, 2
36, 18, 65, 2
36, 18, 63, 2
36, 18, 59, 2
36, 18, 66, 2
36, 18, 40, 2
36, 18, 41, 2
37, 18, -1, 2
37, 18, -1, 2
37, 18, -1, 2
37, 18, 53, 2
37, 18, 56, 2
37, 18, -1, 2
37, 18, -1, 2
37, 18, 54, 2
37, 18, 55, 2
37, 18, -1, 2
37, 18, 61, 2
37, 18, 62, 2
37, 18, 60, 2
37, 18, 52, 2
37, 18, 74, 2
37, 18, 57, 2
37, 18, 64, 2
37, 18, 58, 2
37, 18, 65, 2
37, 18, 63, 2
37, 18, 59, 2
37, 18, 66, 2
37, 18, 40, 2
37, 18, 41, 2
38, 15, -1, 4
38, 15, -1, 4
38, 15, 75, 8
38, 15, 44, 4
38, 15, 48, 4
38, 15, 45, 4
38, 15, 46, 4
38, 15, 49, 4
38, 15, 50, 4
38, 15, 42, 4
38, 15, 43, 4
38, 15, 36, 2
38, 15, 32, 2
38, 15, 37, 2
38, 15, 33, 2
38, 15, 47, 4
38, 15, 51, 4
39, 15, -1, 4
39, 15, -1, 4
39, 15, 75, 8
39, 15, 44, 4
39, 15, 48, 4
39, 15, 45, 4
39, 15, 46, 4
39, 15, 49, 4
39, 15, 50, 4
39, 15, 42, 4
39, 15, 43, 4
39, 15, 36, 2
39, 15, 32, 2
39, 15, 37, 2
39, 15, 33, 2
39, 15, 47, 4
39, 15, 51, 4
40, 28, -1, 4
40, 28, -1, 2
40, 28, -1, 2
40, 28, -1, 4
40, 28, 75, 5
40, 28, 13, 1
40, 28, 26, 2
40, 28, 31, 2
40, 28, 56, 4
40, 28, -1, 1
40, 28, -1, 1
40, 28, 19, 1
40, 28, -1, 4
40, 28, 27, 2
40, 28, -1, 2
40, 28, 28, 2
40, 28, 29, 2
40, 28, 34, 2
40, 28, -1, 2
40, 28, 35, 2
40, 28, 38, 2
40, 28, -1, 4
40, 28, 61, 4
40, 28, 62, 4
40, 28, -1, 1
40, 28, 60, 4
40, 28, 24, 2
40, 28, 25, 2
40, 28, 74, 4
40, 28, 64, 4
40, 28, 20, 2
40, 28, 21, 2
40, 28, 65, 4
40, 28, 63, 4
40, 28, 66, 4
40, 28, -1, 2
40, 28, -1, 2
40, 28, 30, 2
40, 28, 39, 2
40, 28, 22, 2
40, 28, 23, 2
41, 28, -1, 4
41, 28, -1, 2
41, 28, -1, 2
41, 28, -1, 4
41, 28, 75, 5
41, 28, 13, 1
41, 28, 26, 2
41, 28, 31, 2
41, 28, 53, 4
41, 28, -1, 1
41, 28, -1, 1
41, 28, 19, 1
41, 28, -1, 4
41, 28, 27, 2
41, 28, -1, 2
41, 28, 28, 2
41, 28, 29, 2
41, 28, 34, 2
41, 28, -1, 2
41, 28, 35, 2
41, 28, 38, 2
41, 28, -1, 4
41, 28, 54, 4
41, 28, 55, 4
41, 28, -1, 1
41, 28, 60, 4
41, 28, 24, 2
41, 28, 25, 2
41, 28, 52, 4
41, 28, 57, 4
41, 28, 20, 2
41, 28, 21, 2
41, 28, 58, 4
41, 28, 63, 4
41, 28, 59, 4
41, 28, -1, 2
41, 28, -1, 2
41, 28, 30, 2
41, 28, 39, 2
41, 28, 22, 2
41, 28, 23, 2
42, 7, -1, 8
42, 7, 75, 8
42, 7, 44, 8
42, 7, 45, 8
42, 7, 46, 8
42, 7, 36, 4
42, 7, 32, 4
42, 7, 47, 8
43, 7, -1, 8
43, 7, 75, 8
43, 7, 48, 8
43, 7, 49, 8
43, 7, 50, 8
43, 7, 37, 4
43, 7, 33, 4
43, 7, 51, 8
44, 18, -1, 8
44, 18, -1, 6
44, 18, -1, 6
44, 18, 53, 6
44, 18, 56, 6
44, 18, -1, 8
44, 18, -1, 6
44, 18, 54, 6
44, 18, 55, 6
44, 18, -1, 6
44, 18, 61, 6
44, 18, 62, 6
44, 18, 60, 8
44, 18, 52, 6
44, 18, 74, 6
44, 18, 57, 6
44, 18, 64, 6
44, 18, 58, 6
44, 18, 65, 6
44, 18, 63, 8
44, 18, 59, 6
44, 18, 66, 6
44, 18, 40, 2
44, 18, 41, 2
45, 18, -1, 8
45, 18, -1, 6
45, 18, -1, 6
45, 18, 53, 6
45, 18, 56, 6
45, 18, -1, 8
45, 18, -1, 6
45, 18, 54, 6
45, 18, 55, 6
45, 18, -1, 6
45, 18, 61, 6
45, 18, 62, 6
45, 18, 60, 8
45, 18, 52, 6
45, 18, 74, 6
45, 18, 57, 6
45, 18, 64, 6
45, 18, 58, 6
45, 18, 65, 6
45, 18, 63, 8
45, 18, 59, 6
45, 18, 66, 6
45, 18, 40, 2
45, 18, 41, 2
46, 18, -1, 8
46, 18, -1, 6
46, 18, -1, 6
46, 18, 53, 6
46, 18, 56, 6
46, 18, -1, 8
46, 18, -1, 6
46, 18, 54, 6
46, 18, 55, 6
46, 18, -1, 6
46, 18, 61, 6
46, 18, 62, 6
46, 18, 60, 8
46, 18, 52, 6
46, 18, 74, 6
46, 18, 57, 6
46, 18, 64, 6
46, 18, 58, 6
46, 18, 65, 6
46, 18, 63, 8
46, 18, 59, 6
46, 18, 66, 6
46, 18, 40, 2
46, 18, 41, 2
47, 18, -1, 8
47, 18, -1, 6
47, 18, -1, 6
47, 18, 53, 6
47, 18, 56, 6
47, 18, -1, 8
47, 18, -1, 6
47, 18, 54, 6
47, 18, 55, 6
47, 18, -1, 6
47, 18, 61, 6
47, 18, 62, 6
47, 18, 60, 8
47, 18, 52, 6
47, 18, 74, 6
47, 18, 57, 6
47, 18, 64, 6
47, 18, 58, 6
47, 18, 65, 6
47, 18, 63, 8
47, 18, 59, 6
47, 18, 66, 6
47, 18, 40, 2
47, 18, 41, 2
48, 18, -1, 8
48, 18, -1, 6
48, 18, -1, 6
48, 18, 53, 6
48, 18, 56, 6
48, 18, -1, 8
48, 18, -1, 6
48, 18, 54, 6
48, 18, 55, 6
48, 18, -1, 6
48, 18, 61, 6
48, 18, 62, 6
48, 18, 60, 8
48, 18, 52, 6
48, 18, 74, 6
48, 18, 57, 6
48, 18, 64, 6
48, 18, 58, 6
48, 18, 65, 6
48, 18, 63, 8
48, 18, 59, 6
48, 18, 66, 6
48, 18, 40, 2
48, 18, 41, 2
49, 18, -1, 8
49, 18, -1, 6
49, 18, -1, 6
49, 18, 53, 6
49, 18, 56, 6
49, 18, -1, 8
49, 18, -1, 6
49, 18, 54, 6
49, 18, 55, 6
49, 18, -1, 6
49, 18, 61, 6
49, 18, 62, 6
49, 18, 60, 8
49, 18, 52, 6
49, 18, 74, 6
49, 18, 57, 6
49, 18, 64, 6
49, 18, 58, 6
49, 18, 65, 6
49, 18, 63, 8
49, 18, 59, 6
49, 18, 66, 6
49, 18, 40, 2
49, 18, 41, 2
50, 18, -1, 8
50, 18, -1, 6
50, 18, -1, 6
50, 18, 53, 6
50, 18, 56, 6
50, 18, -1, 8
50, 18, -1, 6
50, 18, 54, 6
50, 18, 55, 6
50, 18, -1, 6
50, 18, 61, 6
50, 18, 62, 6
50, 18, 60, 8
50, 18, 52, 6
50, 18, 74, 6
50, 18, 57, 6
50, 18, 64, 6
50, 18, 58, 6
50, 18, 65, 6
50, 18, 63, 8
50, 18, 59, 6
50, 18, 66, 6
50, 18, 40, 2
50, 18, 41, 2
51, 18, -1, 8
51, 18, -1, 6
51, 18, -1, 6
51, 18, 53, 6
51, 18, 56, 6
51, 18, -1, 8
51, 18, -1, 6
51, 18, 54, 6
51, 18, 55, 6
51, 18, -1, 6
51, 18, 61, 6
51, 18, 62, 6
51, 18, 60, 8
51, 18, 52, 6
51, 18, 74, 6
51, 18, 57, 6
51, 18, 64, 6
51, 18, 58, 6
51, 18, 65, 6
51, 18, 63, 8
51, 18, 59, 6
51, 18, 66, 6
51, 18, 40, 2
51, 18, 41, 2
52, 34, -1, 2
52, 34, -1, 1
52, 34, -1, 1
52, 34, -1, 12
52, 34, -1, 2
52, 34, 75, 5
52, 34, 13, 1
52, 34, 26, 1
52, 34, 31, 1
52, 34, 53, 12
52, 34, 56, 2
52, 34, -1, 1
52, 34, -1, 1
52, 34, 19, 1
52, 34, -1, 2
52, 34, 27, 1
52, 34, -1, 1
52, 34, 28, 1
52, 34, 29, 1
52, 34, 34, 1
52, 34, -1, 1
52, 34, 35, 1
52, 34, 38, 1
52, 34, -1, 12
52, 34, 54, 12
52, 34, 55, 12
52, 34, -1, 2
52, 34, 61, 2
52, 34, 62, 2
52, 34, -1, 1
52, 34, 60, 2
52, 34, 24, 1
52, 34, 25, 1
52, 34, 74, 2
52, 34, 57, 12
52, 34, 64, 2
52, 34, 16, 1
52, 34, 17, 1
52, 34, 58, 12
52, 34, 65, 2
52, 34, 63, 2
52, 34, 59, 12
52, 34, 66, 2
52, 34, 40, 4
52, 34, 41, 2
52, 34, -1, 1
52, 34, -1, 1
52, 34, 30, 1
52, 34, 39, 1
53, 41, -1, 6
53, 41, -1, 3
53, 41, -1, 3
53, 41, -1, 6
53, 41, 75, 10
53, 41, 13, 2
53, 41, -1, 2
53, 41, 26, 3
53, 41, 31, 3
53, 41, 56, 6
53, 41, 10, 1
53, 41, 14, 2
53, 41, -1, 2
53, 41, -1, 1
53, 41, -1, 2
53, 41, 0, 1
53, 41, -1, 2
53, 41, -1, 3
53, 41, 19, 2
53, 41, -1, 2
53, 41, -1, 2
53, 41, -1, 2
53, 41, -1, 6
53, 41, 27, 3
53, 41, -1, 3
53, 41, 28, 3
53, 41, 29, 3
53, 41, 34, 3
53, 41, -1, 3
53, 41, 35, 3
53, 41, 38, 3
53, 41, -1, 6
53, 41, 61, 6
53, 41, 62, 6
53, 41, 11, 1
53, 41, -1, 1
53, 41, -1, 1
53, 41, 12, 1
53, 41, 15, 2
53, 41, -1, 2
53, 41, -1, 2
53, 41, 18, 2
53, 41, -1, 2
53, 41, -1, 2
53, 41, -1, 2
53, 41, -1, 2
53, 41, -1, 1
53, 41, -1, 1
53, 41, -1, 1
53, 41, -1, 1
53, 41, -1, 2
53, 41, 1, 1
53, 41, -1, 2
53, 41, -1, 2
53, 41, -1, 2
53, 41, -1, 2
53, 41, -1, 2
53, 41, 3, 1
53, 41, 2, 1
53, 41, -1, 2
53, 41, 60, 6
53, 41, 24, 3
53, 41, 25, 3
53, 41, 74, 6
53, 41, 64, 6
53, 41, 16, 1
53, 41, 20, 2
53, 41, 17, 1
53, 41, 21, 2
53, 41, 65, 6
53, 41, 63, 6
53, 41, 66, 6
53, 41, -1, 1
53, 41, 41, 2
53, 41, -1, 1
53, 41, -1, 3
53, 41, -1, 3
53, 41, 30, 3
53, 41, 39, 3
53, 41, 22, 2
53, 41, 23, 2
54, 1, 75, 8
55, 31, -1, 6
55, 31, -1, 3
55, 31, -1, 3
55, 31, -1, 6
55, 31, 75, 10
55, 31, 13, 2
55, 31, 26, 3
55, 31, 31, 3
55, 31, 56, 6
55, 31, -1, 2
55, 31, -1, 2
55, 31, 19, 2
55, 31, -1, 6
55, 31, 27, 3
55, 31, -1, 3
55, 31, 28, 3
55, 31, 29, 3
55, 31, 34, 3
55, 31, -1, 3
55, 31, 35, 3
55, 31, 38, 3
55, 31, -1, 6
55, 31, 61, 6
55, 31, 62, 6
55, 31, -1, 1
55, 31, -1, 1
55, 31, 60, 6
55, 31, 24, 3
55, 31, 25, 3
55, 31, 74, 6
55, 31, 64, 6
55, 31, 16, 1
55, 31, 20, 2
55, 31, 17, 1
55, 31, 21, 2
55, 31, 65, 6
55, 31, 63, 6
55, 31, 66, 6
55, 31, 41, 2
55, 31, -1, 3
55, 31, -1, 3
55, 31, 30, 3
55, 31, 39, 3
55, 31, 22, 2
55, 31, 23, 2
56, 41, -1, 6
56, 41, -1, 3
56, 41, -1, 3
56, 41, -1, 6
56, 41, 75, 10
56, 41, 13, 2
56, 41, -1, 2
56, 41, 26, 3
56, 41, 31, 3
56, 41, 53, 6
56, 41, 10, 1
56, 41, 14, 2
56, 41, -1, 2
56, 41, -1, 1
56, 41, -1, 2
56, 41, 0, 1
56, 41, -1, 2
56, 41, -1, 3
56, 41, 19, 2
56, 41, -1, 2
56, 41, -1, 2
56, 41, -1, 2
56, 41, -1, 6
56, 41, 27, 3
56, 41, -1, 3
56, 41, 28, 3
56, 41, 29, 3
56, 41, 34, 3
56, 41, -1, 3
56, 41, 35, 3
56, 41, 38, 3
56, 41, -1, 6
56, 41, 54, 6
56, 41, 55, 6
56, 41, 11, 1
56, 41, -1, 1
56, 41, -1, 1
56, 41, 12, 1
56, 41, 15, 2
56, 41, -1, 2
56, 41, -1, 2
56, 41, 18, 2
56, 41, -1, 2
56, 41, -1, 2
56, 41, -1, 2
56, 41, -1, 2
56, 41, -1, 1
56, 41, -1, 1
56, 41, -1, 1
56, 41, -1, 1
56, 41, -1, 2
56, 41, 1, 1
56, 41, -1, 2
56, 41, -1, 2
56, 41, -1, 2
56, 41, -1, 2
56, 41, -1, 2
56, 41, 3, 1
56, 41, 2, 1
56, 41, -1, 2
56, 41, 60, 6
56, 41, 24, 3
56, 41, 25, 3
56, 41, 52, 6
56, 41, 57, 6
56, 41, 16, 1
56, 41, 20, 2
56, 41, 17, 1
56, 41, 21, 2
56, 41, 58, 6
56, 41, 63, 6
56, 41, 59, 6
56, 41, -1, 1
56, 41, 40, 2
56, 41, -1, 1
56, 41, -1, 3
56, 41, -1, 3
56, 41, 30, 3
56, 41, 39, 3
56, 41, 22, 2
56, 41, 23, 2
57, 7, 73, 10
57, 7, 68, 2
57, 7, 69, 2
57, 7, 70, 2
57, 7, 71, 2
57, 7, 72, 2
57, 7, 67, 2
58, 29, -1, 4
58, 29, -1, 4
58, 29, 73, 10
58, 29, 13, 2
58, 29, 44, 4
58, 29, 48, 4
58, 29, 10, 2
58, 29, 4, 2
58, 29, 14, 2
58, 29, 5, 2
58, 29, 19, 2
58, 29, 45, 4
58, 29, 46, 4
58, 29, 49, 4
58, 29, 50, 4
58, 29, -1, 2
58, 29, 11, 2
58, 29, -1, 2
58, 29, 12, 2
58, 29, 6, 2
58, 29, 7, 2
58, 29, -1, 2
58, 29, 15, 2
58, 29, -1, 2
58, 29, 18, 2
58, 29, 8, 2
58, 29, 9, 2
58, 29, 42, 4
58, 29, 43, 4
58, 29, 36, 2
58, 29, 32, 2
58, 29, 37, 2
58, 29, 33, 2
58, 29, 47, 4
58, 29, 51, 4
59, 1, 75, 8
60, 58, -1, 16
60, 58, -1, 1
60, 58, -1, 1
60, 58, -1, 4
60, 58, -1, 4
60, 58, -1, 2
60, 58, -1, 2
60, 58, 75, 1
60, 58, 13, 1
60, 58, 26, 1
60, 58, 31, 1
60, 58, 44, 4
60, 58, 48, 4
60, 58, 53, 2
60, 58, 56, 2
60, 58, 10, 1
60, 58, 4, 1
60, 58, 14, 1
60, 58, 5, 1
60, 58, -1, 1
60, 58, -1, 1
60, 58, 19, 2
60, 58, -1, 16
60, 58, 27, 1
60, 58, -1, 1
60, 58, 28, 1
60, 58, 29, 1
60, 58, 34, 1
60, 58, -1, 1
60, 58, 35, 1
60, 58, 38, 1
60, 58, 45, 4
60, 58, 46, 4
60, 58, 49, 4
60, 58, 50, 4
60, 58, -1, 2
60, 58, 54, 2
60, 58, 55, 2
60, 58, -1, 2
60, 58, 61, 2
60, 58, 62, 2
60, 58, -1, 1
60, 58, 11, 1
60, 58, -1, 1
60, 58, 12, 1
60, 58, 6, 1
60, 58, 7, 1
60, 58, -1, 1
60, 58, 15, 1
60, 58, -1, 1
60, 58, 18, 1
60, 58, 8, 1
60, 58, 9, 1
60, 58, -1, 1
60, 58, 24, 1
60, 58, 25, 1
60, 58, 42, 4
60, 58, 43, 4
60, 58, 52, 2
60, 58, 74, 2
60, 58, 57, 2
60, 58, 64, 2
60, 58, 16, 1
60, 58, 17, 1
60, 58, 58, 2
60, 58, 65, 2
60, 58, 63, 16
60, 58, 59, 2
60, 58, 66, 2
60, 58, 36, 4
60, 58, 37, 4
60, 58, 40, 2
60, 58, 41, 2
60, 58, 47, 4
60, 58, 51, 4
60, 58, -1, 1
60, 58, -1, 1
60, 58, 30, 1
60, 58, 39, 1
61, 1, 75, 8
62, 31, -1, 6
62, 31, -1, 3
62, 31, -1, 3
62, 31, -1, 6
62, 31, 75, 10
62, 31, 13, 2
62, 31, 26, 3
62, 31, 31, 3
62, 31, 53, 6
62, 31, -1, 2
62, 31, -1, 2
62, 31, 19, 2
62, 31, -1, 6
62, 31, 27, 3
62, 31, -1, 3
62, 31, 28, 3
62, 31, 29, 3
62, 31, 34, 3
62, 31, -1, 3
62, 31, 35, 3
62, 31, 38, 3
62, 31, -1, 6
62, 31, 54, 6
62, 31, 55, 6
62, 31, -1, 1
62, 31, -1, 1
62, 31, 60, 6
62, 31, 24, 3
62, 31, 25, 3
62, 31, 52, 6
62, 31, 57, 6
62, 31, 16, 1
62, 31, 20, 2
62, 31, 17, 1
62, 31, 21, 2
62, 31, 58, 6
62, 31, 63, 6
62, 31, 59, 6
62, 31, 40, 2
62, 31, -1, 3
62, 31, -1, 3
62, 31, 30, 3
62, 31, 39, 3
62, 31, 22, 2
62, 31, 23, 2
63, 14, -1, 4
63, 14, -1, 4
63, 14, 44, 4
63, 14, 48, 4
63, 14, 45, 4
63, 14, 46, 4
63, 14, 49, 4
63, 14, 50, 4
63, 14, 42, 4
63, 14, 43, 4
63, 14, 36, 2
63, 14, 32, 2
63, 14, 37, 2
63, 14, 33, 2
63, 14, 47, 4
63, 14, 51, 4
64, 7, 73, 10
64, 7, 68, 2
64, 7, 69, 2
64, 7, 70, 2
64, 7, 71, 2
64, 7, 72, 2
64, 7, 67, 2
65, 29, -1, 4
65, 29, -1, 4
65, 29, 73, 10
65, 29, 13, 2
65, 29, 44, 4
65, 29, 48, 4
65, 29, 10, 2
65, 29, 4, 2
65, 29, 14, 2
65, 29, 5, 2
65, 29, 19, 2
65, 29, 45, 4
65, 29, 46, 4
65, 29, 49, 4
65, 29, 50, 4
65, 29, -1, 2
65, 29, 11, 2
65, 29, -1, 2
65, 29, 12, 2
65, 29, 6, 2
65, 29, 7, 2
65, 29, -1, 2
65, 29, 15, 2
65, 29, -1, 2
65, 29, 18, 2
65, 29, 8, 2
65, 29, 9, 2
65, 29, 42, 4
65, 29, 43, 4
65, 29, 36, 2
65, 29, 32, 2
65, 29, 37, 2
65, 29, 33, 2
65, 29, 47, 4
65, 29, 51, 4
66, 1, 75, 8
67, 7, 75, 4
67, 7, 73, 4
67, 7, 68, 4
67, 7, 69, 4
67, 7, 70, 4
67, 7, 71, 4
67, 7, 72, 4
68, 7, 75, 6
68, 7, 73, 6
68, 7, 69, 6
68, 7, 70, 6
68, 7, 71, 6
68, 7, 72, 6
68, 7, 67, 4
69, 7, 75, 6
69, 7, 73, 6
69, 7, 68, 6
69, 7, 70, 6
69, 7, 71, 6
69, 7, 72, 6
69, 7, 67, 4
70, 7, 75, 6
70, 7, 73, 6
70, 7, 68, 6
70, 7, 69, 6
70, 7, 71, 6
70, 7, 72, 6
70, 7, 67, 4
71, 7, 75, 6
71, 7, 73, 6
71, 7, 68, 6
71, 7, 69, 6
71, 7, 70, 6
71, 7, 72, 6
71, 7, 67, 4
72, 7, 75, 6
72, 7, 73, 6
72, 7, 68, 6
72, 7, 69, 6
72, 7, 70, 6
72, 7, 71, 6
72, 7, 67, 4
73, 7, 75, 22
73, 7, 68, 6
73, 7, 69, 6
73, 7, 70, 6
73, 7, 71, 6
73, 7, 72, 6
73, 7, 67, 4
74, 34, -1, 2
74, 34, -1, 1
74, 34, -1, 1
74, 34, -1, 2
74, 34, -1, 12
74, 34, 75, 5
74, 34, 13, 1
74, 34, 26, 1
74, 34, 31, 1
74, 34, 53, 2
74, 34, 56, 12
74, 34, -1, 1
74, 34, -1, 1
74, 34, 19, 1
74, 34, -1, 2
74, 34, 27, 1
74, 34, -1, 1
74, 34, 28, 1
74, 34, 29, 1
74, 34, 34, 1
74, 34, -1, 1
74, 34, 35, 1
74, 34, 38, 1
74, 34, -1, 2
74, 34, 54, 2
74, 34, 55, 2
74, 34, -1, 12
74, 34, 61, 12
74, 34, 62, 12
74, 34, -1, 1
74, 34, 60, 2
74, 34, 24, 1
74, 34, 25, 1
74, 34, 52, 2
74, 34, 57, 2
74, 34, 64, 12
74, 34, 16, 1
74, 34, 17, 1
74, 34, 58, 2
74, 34, 65, 12
74, 34, 63, 2
74, 34, 59, 2
74, 34, 66, 12
74, 34, 40, 2
74, 34, 41, 4
74, 34, -1, 1
74, 34, -1, 1
74, 34, 30, 1
74, 34, 39, 1
75, 75, -1, 16
75, 75, -1, 9
75, 75, -1, 9
75, 75, -1, 16
75, 75, -1, 16
75, 75, -1, 12
75, 75, -1, 12
75, 75, 73, 64
75, 75, 68, 16
75, 75, 69, 16
75, 75, 70, 16
75, 75, 71, 16
75, 75, 72, 16
75, 75, 67, 12
75, 75, 13, 10
75, 75, -1, 6
75, 75, 26, 9
75, 75, 31, 9
75, 75, 44, 16
75, 75, 48, 16
75, 75, 53, 12
75, 75, 56, 12
75, 75, 10, 9
75, 75, 4, 6
75, 75, 14, 12
75, 75, 5, 6
75, 75, -1, 6
75, 75, -1, 3
75, 75, -1, 6
75, 75, 0, 3
75, 75, -1, 6
75, 75, -1, 9
75, 75, 19, 12
75, 75, -1, 6
75, 75, -1, 6
75, 75, -1, 6
75, 75, -1, 16
75, 75, 27, 9
75, 75, -1, 9
75, 75, 28, 9
75, 75, 29, 9
75, 75, 34, 9
75, 75, -1, 9
75, 75, 35, 9
75, 75, 38, 9
75, 75, 45, 16
75, 75, 46, 16
75, 75, 49, 16
75, 75, 50, 16
75, 75, -1, 12
75, 75, 54, 12
75, 75, 55, 12
75, 75, -1, 12
75, 75, 61, 12
75, 75, 62, 12
75, 75, -1, 6
75, 75, 11, 9
75, 75, -1, 9
75, 75, -1, 3
75, 75, 12, 9
75, 75, 6, 6
75, 75, 7, 6
75, 75, -1, 6
75, 75, 15, 12
75, 75, -1, 12
75, 75, -1, 6
75, 75, 18, 12
75, 75, 8, 6
75, 75, 9, 6
75, 75, -1, 6
75, 75, -1, 6
75, 75, -1, 6
75, 75, -1, 6
75, 75, -1, 3
75, 75, -1, 3
75, 75, -1, 3
75, 75, -1, 3
75, 75, -1, 6
75, 75, 1, 3
75, 75, -1, 6
75, 75, -1, 6
75, 75, -1, 6
75, 75, -1, 6
75, 75, -1, 6
75, 75, 3, 3
75, 75, 2, 3
75, 75, -1, 6
75, 75, 60, 16
75, 75, 24, 9
75, 75, 25, 9
75, 75, 42, 16
75, 75, 43, 16
75, 75, 52, 12
75, 75, 74, 12
75, 75, 57, 12
75, 75, 64, 12
75, 75, 16, 3
75, 75, 20, 6
75, 75, 17, 3
75, 75, 21, 6
75, 75, 58, 12
75, 75, 65, 12
75, 75, 63, 16
75, 75, 59, 12
75, 75, 66, 12
75, 75, -1, 3
75, 75, 36, 8
75, 75, 32, 8
75, 75, 37, 8
75, 75, 33, 8
75, 75, 40, 4
75, 75, 41, 4
75, 75, -1, 3
75, 75, 47, 16
75, 75, 51, 16
75, 75, -1, 9
75, 75, -1, 9
75, 75, 30, 9
75, 75, 39, 9
75, 75, 22, 6
75, 75, 23, 6
DTG
0, 1, 1, 0, 3
1, 1, 1, 0, 3
2, 1, 1, 0, 3
3, 1, 1, 0, 4
4, 5, 1, 0, 3
4, 5, 1, 0, 3
4, 5, 1, 0, 3
4, 5, 1, 0, 3
4, 5, 1, 0, 3
5, 5, 1, 0, 3
5, 5, 1, 0, 3
5, 5, 1, 0, 3
5, 5, 1, 0, 3
5, 5, 1, 0, 3
6, 5, 1, 0, 3
6, 5, 1, 0, 3
6, 5, 1, 0, 3
6, 5, 1, 0, 3
6, 5, 1, 0, 3
7, 5, 1, 0, 3
7, 5, 1, 0, 3
7, 5, 1, 0, 3
7, 5, 1, 0, 3
7, 5, 1, 0, 3
8, 5, 1, 0, 3
8, 5, 1, 0, 3
8, 5, 1, 0, 3
8, 5, 1, 0, 3
8, 5, 1, 0, 3
9, 5, 1, 0, 3
9, 5, 1, 0, 3
9, 5, 1, 0, 3
9, 5, 1, 0, 3
9, 5, 1, 0, 3
10, 5, 1, 0, 3
10, 5, 1, 0, 3
10, 5, 1, 0, 3
10, 5, 1, 0, 3
10, 5, 1, 0, 3
11, 5, 1, 0, 3
11, 5, 1, 0, 3
11, 5, 1, 0, 3
11, 5, 1, 0, 3
11, 5, 1, 0, 3
12, 5, 1, 0, 3
12, 5, 1, 0, 3
12, 5, 1, 0, 3
12, 5, 1, 0, 3
12, 5, 1, 0, 3
13, 5, 1, 0, 2
13, 5, 1, 0, 3
13, 5, 1, 0, 3
13, 5, 1, 0, 3
13, 5, 1, 0, 3
14, 5, 1, 0, 3
14, 5, 1, 0, 3
14, 5, 1, 0, 3
14, 5, 1, 0, 3
14, 5, 1, 0, 3
15, 5, 1, 0, 3
15, 5, 1, 0, 3
15, 5, 1, 0, 3
15, 5, 1, 0, 3
15, 5, 1, 0, 3
16, 3, 1, 0, 13
16, 3, 1, 0, 15
16, 3, 1, 0, 15
17, 3, 1, 0, 13
17, 3, 1, 0, 15
17, 3, 1, 0, 15
18, 5, 1, 0, 3
18, 5, 1, 0, 3
18, 5, 1, 0, 3
18, 5, 1, 0, 3
18, 5, 1, 0, 3
19, 5, 1, 0, 2
19, 5, 1, 0, 3
19, 5, 1, 0, 3
19, 5, 1, 0, 3
19, 5, 1, 0, 3
20, 2, 1, 0, 13
20, 2, 1, 0, 13
21, 2, 1, 0, 13
21, 2, 1, 0, 13
22, 2, 1, 0, 13
22, 2, 1, 0, 13
23, 2, 1, 0, 13
23, 2, 1, 0, 13
24, 5, 0, 1, 12
24, 5, 0, 1, 14
24, 5, 0, 1, 14
24, 5, 0, 2, 12
24, 5, 0, 2, 12
25, 5, 0, 1, 12
25, 5, 0, 1, 14
25, 5, 0, 1, 14
25, 5, 0, 2, 12
25, 5, 0, 2, 12
26, 5, 1, 0, 13
26, 5, 1, 0, 13
26, 5, 1, 0, 13
26, 5, 1, 0, 15
26, 5, 1, 0, 15
27, 5, 1, 0, 13
27, 5, 1, 0, 13
27, 5, 1, 0, 13
27, 5, 1, 0, 15
27, 5, 1, 0, 15
28, 5, 1, 0, 13
28, 5, 1, 0, 13
28, 5, 1, 0, 13
28, 5, 1, 0, 15
28, 5, 1, 0, 15
29, 5, 1, 0, 13
29, 5, 1, 0, 13
29, 5, 1, 0, 13
29, 5, 1, 0, 15
29, 5, 1, 0, 15
30, 5, 1, 0, 13
30, 5, 1, 0, 13
30, 5, 1, 0, 13
30, 5, 1, 0, 15
30, 5, 1, 0, 15
31, 5, 1, 0, 13
31, 5, 1, 0, 13
31, 5, 1, 0, 13
31, 5, 1, 0, 15
31, 5, 1, 0, 15
32, 6, 1, 0, 3
32, 6, 1, 0, 3
32, 6, 1, 0, 3
32, 6, 1, 0, 3
32, 6, 1, 0, 11
32, 6, 1, 0, 11
33, 6, 1, 0, 3
33, 6, 1, 0, 3
33, 6, 1, 0, 3
33, 6, 1, 0, 3
33, 6, 1, 0, 11
33, 6, 1, 0, 11
34, 5, 1, 0, 13
34, 5, 1, 0, 13
34, 5, 1, 0, 13
34, 5, 1, 0, 15
34, 5, 1, 0, 15
35, 5, 1, 0, 13
35, 5, 1, 0, 13
35, 5, 1, 0, 13
35, 5, 1, 0, 15
35, 5, 1, 0, 15
36, 6, 1, 0, 3
36, 6, 1, 0, 3
36, 6, 1, 0, 3
36, 6, 1, 0, 3
36, 6, 1, 0, 12
36, 6, 1, 0, 12
37, 6, 1, 0, 3
37, 6, 1, 0, 3
37, 6, 1, 0, 3
37, 6, 1, 0, 3
37, 6, 1, 0, 12
37, 6, 1, 0, 12
38, 5, 1, 0, 13
38, 5, 1, 0, 13
38, 5, 1, 0, 13
38, 5, 1, 0, 15
38, 5, 1, 0, 15
39, 5, 1, 0, 13
39, 5, 1, 0, 13
39, 5, 1, 0, 13
39, 5, 1, 0, 15
39, 5, 1, 0, 15
40, 4, 1, 0, 18
40, 4, 1, 0, 18
40, 4, 1, 0, 20
40, 4, 1, 0, 20
41, 4, 1, 0, 18
41, 4, 1, 0, 18
41, 4, 1, 0, 20
41, 4, 1, 0, 20
42, 12, 0, 1, 3
42, 12, 0, 1, 3
42, 12, 0, 1, 3
42, 12, 0, 1, 3
42, 12, 0, 1, 3
42, 12, 0, 1, 3
42, 12, 0, 1, 3
42, 12, 0, 1, 3
42, 12, 0, 1, 10
42, 12, 0, 1, 10
42, 12, 0, 1, 11
42, 12, 0, 1, 11
43, 12, 0, 1, 3
43, 12, 0, 1, 3
43, 12, 0, 1, 3
43, 12, 0, 1, 3
43, 12, 0, 1, 3
43, 12, 0, 1, 3
43, 12, 0, 1, 3
43, 12, 0, 1, 3
43, 12, 0, 1, 10
43, 12, 0, 1, 10
43, 12, 0, 1, 11
43, 12, 0, 1, 11
44, 12, 1, 0, 3
44, 12, 1, 0, 3
44, 12, 1, 0, 3
44, 12, 1, 0, 3
44, 12, 1, 0, 3
44, 12, 1, 0, 3
44, 12, 1, 0, 3
44, 12, 1, 0, 3
44, 12, 1, 0, 11
44, 12, 1, 0, 11
44, 12, 1, 0, 12
44, 12, 1, 0, 12
45, 12, 1, 0, 3
45, 12, 1, 0, 3
45, 12, 1, 0, 3
45, 12, 1, 0, 3
45, 12, 1, 0, 3
45, 12, 1, 0, 3
45, 12, 1, 0, 3
45, 12, 1, 0, 3
45, 12, 1, 0, 11
45, 12, 1, 0, 11
45, 12, 1, 0, 12
45, 12, 1, 0, 12
46, 12, 1, 0, 3
46, 12, 1, 0, 3
46, 12, 1, 0, 3
46, 12, 1, 0, 3
46, 12, 1, 0, 3
46, 12, 1, 0, 3
46, 12, 1, 0, 3
46, 12, 1, 0, 3
46, 12, 1, 0, 11
46, 12, 1, 0, 11
46, 12, 1, 0, 12
46, 12, 1, 0, 12
47, 12, 1, 0, 3
47, 12, 1, 0, 3
47, 12, 1, 0, 3
47, 12, 1, 0, 3
47, 12, 1, 0, 3
47, 12, 1, 0, 3
47, 12, 1, 0, 3
47, 12, 1, 0, 3
47, 12, 1, 0, 11
47, 12, 1, 0, 11
47, 12, 1, 0, 12
47, 12, 1, 0, 12
48, 12, 1, 0, 3
48, 12, 1, 0, 3
48, 12, 1, 0, 3
48, 12, 1, 0, 3
48, 12, 1, 0, 3
48, 12, 1, 0, 3
48, 12, 1, 0, 3
48, 12, 1, 0, 3
48, 12, 1, 0, 11
48, 12, 1, 0, 11
48, 12, 1, 0, 12
48, 12, 1, 0, 12
49, 12, 1, 0, 3
49, 12, 1, 0, 3
49, 12, 1, 0, 3
49, 12, 1, 0, 3
49, 12, 1, 0, 3
49, 12, 1, 0, 3
49, 12, 1, 0, 3
49, 12, 1, 0, 3
49, 12, 1, 0, 11
49, 12, 1, 0, 11
49, 12, 1, 0, 12
49, 12, 1, 0, 12
50, 12, 1, 0, 3
50, 12, 1, 0, 3
50, 12, 1, 0, 3
50, 12, 1, 0, 3
50, 12, 1, 0, 3
50, 12, 1, 0, 3
50, 12, 1, 0, 3
50, 12, 1, 0, 3
50, 12, 1, 0, 11
50, 12, 1, 0, 11
50, 12, 1, 0, 12
50, 12, 1, 0, 12
51, 12, 1, 0, 3
51, 12, 1, 0, 3
51, 12, 1, 0, 3
51, 12, 1, 0, 3
51, 12, 1, 0, 3
51, 12, 1, 0, 3
51, 12, 1, 0, 3
51, 12, 1, 0, 3
51, 12, 1, 0, 11
51, 12, 1, 0, 11
51, 12, 1, 0, 12
51, 12, 1, 0, 12
52, 8, 0, 1, 16
52, 8, 0, 1, 16
52, 8, 0, 1, 16
52, 8, 0, 1, 16
52, 8, 0, 2, 17
52, 8, 0, 2, 17
52, 8, 0, 2, 19
52, 8, 0, 2, 19
53, 8, 1, 0, 17
53, 8, 1, 0, 17
53, 8, 1, 0, 17
53, 8, 1, 0, 17
53, 8, 1, 0, 18
53, 8, 1, 0, 18
53, 8, 1, 0, 20
53, 8, 1, 0, 20
54, 8, 1, 0, 17
54, 8, 1, 0, 17
54, 8, 1, 0, 17
54, 8, 1, 0, 17
54, 8, 1, 0, 18
54, 8, 1, 0, 18
54, 8, 1, 0, 20
54, 8, 1, 0, 20
55, 8, 1, 0, 17
55, 8, 1, 0, 17
55, 8, 1, 0, 17
55, 8, 1, 0, 17
55, 8, 1, 0, 18
55, 8, 1, 0, 18
55, 8, 1, 0, 20
55, 8, 1, 0, 20
56, 8, 1, 0, 17
56, 8, 1, 0, 17
56, 8, 1, 0, 17
56, 8, 1, 0, 17
56, 8, 1, 0, 18
56, 8, 1, 0, 18
56, 8, 1, 0, 20
56, 8, 1, 0, 20
57, 8, 0, 1, 17
57, 8, 0, 1, 17
57, 8, 0, 1, 17
57, 8, 0, 1, 17
57, 8, 0, 1, 18
57, 8, 0, 1, 18
57, 8, 0, 1, 20
57, 8, 0, 1, 20
58, 8, 1, 0, 17
58, 8, 1, 0, 17
58, 8, 1, 0, 17
58, 8, 1, 0, 17
58, 8, 1, 0, 18
58, 8, 1, 0, 18
58, 8, 1, 0, 20
58, 8, 1, 0, 20
59, 8, 1, 0, 17
59, 8, 1, 0, 17
59, 8, 1, 0, 17
59, 8, 1, 0, 17
59, 8, 1, 0, 18
59, 8, 1, 0, 18
59, 8, 1, 0, 20
59, 8, 1, 0, 20
60, 8, 0, 1, 16
60, 8, 0, 1, 16
60, 8, 0, 1, 16
60, 8, 0, 1, 16
60, 8, 0, 2, 19
60, 8, 0, 2, 19
60, 8, 0, 2, 19
60, 8, 0, 2, 19
61, 8, 1, 0, 17
61, 8, 1, 0, 17
61, 8, 1, 0, 17
61, 8, 1, 0, 17
61, 8, 1, 0, 18
61, 8, 1, 0, 18
61, 8, 1, 0, 20
61, 8, 1, 0, 20
62, 8, 1, 0, 17
62, 8, 1, 0, 17
62, 8, 1, 0, 17
62, 8, 1, 0, 17
62, 8, 1, 0, 18
62, 8, 1, 0, 18
62, 8, 1, 0, 20
62, 8, 1, 0, 20
63, 8, 1, 0, 17
63, 8, 1, 0, 17
63, 8, 1, 0, 17
63, 8, 1, 0, 17
63, 8, 1, 0, 20
63, 8, 1, 0, 20
63, 8, 1, 0, 20
63, 8, 1, 0, 20
64, 8, 0, 1, 17
64, 8, 0, 1, 17
64, 8, 0, 1, 17
64, 8, 0, 1, 17
64, 8, 0, 1, 18
64, 8, 0, 1, 18
64, 8, 0, 1, 20
64, 8, 0, 1, 20
65, 8, 1, 0, 17
65, 8, 1, 0, 17
65, 8, 1, 0, 17
65, 8, 1, 0, 17
65, 8, 1, 0, 18
65, 8, 1, 0, 18
65, 8, 1, 0, 20
65, 8, 1, 0, 20
66, 8, 1, 0, 17
66, 8, 1, 0, 17
66, 8, 1, 0, 17
66, 8, 1, 0, 17
66, 8, 1, 0, 18
66, 8, 1, 0, 18
66, 8, 1, 0, 20
66, 8, 1, 0, 20
67, 4, 0, 1, 8
67, 4, 0, 1, 8
67, 4, 0, 1, 8
67, 4, 0, 1, 8
67, 4, 1, 0, 2
67, 4, 1, 0, 2
67, 4, 1, 0, 2
67, 4, 1, 0, 2
68, 6, 0, 1, 7
68, 6, 0, 1, 7
68, 6, 0, 1, 8
68, 6, 0, 1, 8
68, 6, 0, 1, 8
68, 6, 0, 1, 8
68, 6, 1, 0, 2
68, 6, 1, 0, 2
68, 6, 1, 0, 2
68, 6, 1, 0, 2
68, 6, 1, 0, 2
68, 6, 1, 0, 2
69, 6, 0, 1, 7
69, 6, 0, 1, 7
69, 6, 0, 1, 8
69, 6, 0, 1, 8
69, 6, 0, 1, 8
69, 6, 0, 1, 8
69, 6, 1, 0, 2
69, 6, 1, 0, 2
69, 6, 1, 0, 2
69, 6, 1, 0, 2
69, 6, 1, 0, 2
69, 6, 1, 0, 2
70, 6, 0, 1, 7
70, 6, 0, 1, 7
70, 6, 0, 1, 8
70, 6, 0, 1, 8
70, 6, 0, 1, 8
70, 6, 0, 1, 8
70, 6, 1, 0, 2
70, 6, 1, 0, 2
70, 6, 1, 0, 2
70, 6, 1, 0, 2
70, 6, 1, 0, 2
70, 6, 1, 0, 2
71, 6, 0, 1, 7
71, 6, 0, 1, 7
71, 6, 0, 1, 8
71, 6, 0, 1, 8
71, 6, 0, 1, 8
71, 6, 0, 1, 8
71, 6, 1, 0, 2
71, 6, 1, 0, 2
71, 6, 1, 0, 2
71, 6, 1, 0, 2
71, 6, 1, 0, 2
71, 6, 1, 0, 2
72, 6, 0, 1, 7
72, 6, 0, 1, 7
72, 6, 0, 1, 8
72, 6, 0, 1, 8
72, 6, 0, 1, 8
72, 6, 0, 1, 8
72, 6, 1, 0, 2
72, 6, 1, 0, 2
72, 6, 1, 0, 2
72, 6, 1, 0, 2
72, 6, 1, 0, 2
72, 6, 1, 0, 2
73, 22, 0, 1, 2
73, 22, 0, 1, 2
73, 22, 0, 1, 2
73, 22, 0, 1, 2
73, 22, 0, 1, 2
73, 22, 0, 1, 2
73, 22, 0, 1, 2
73, 22, 0, 1, 2
73, 22, 0, 1, 2
73, 22, 0, 1, 2
73, 22, 0, 1, 2
73, 22, 0, 1, 2
73, 22, 0, 1, 2
73, 22, 0, 1, 2
73, 22, 0, 1, 2
73, 22, 0, 1, 2
73, 22, 0, 1, 7
73, 22, 0, 1, 7
73, 22, 0, 1, 8
73, 22, 0, 1, 8
73, 22, 0, 1, 8
73, 22, 0, 1, 8
73, 42, 1, 0, 2
73, 42, 1, 0, 2
73, 42, 1, 0, 3
73, 42, 1, 0, 3
73, 42, 1, 0, 3
73, 42, 1, 0, 3
73, 42, 1, 0, 3
73, 42, 1, 0, 3
73, 42, 1, 0, 3
73, 42, 1, 0, 3
73, 42, 1, 0, 3
73, 42, 1, 0, 3
73, 42, 1, 0, 3
73, 42, 1, 0, 3
73, 42, 1, 0, 3
73, 42, 1, 0, 3
73, 42, 1, 0, 3
73, 42, 1, 0, 3
73, 42, 1, 0, 3
73, 42, 1, 0, 3
73, 42, 1, 0, 3
73, 42, 1, 0, 3
73, 42, 1, 0, 3
73, 42, 1, 0, 3
73, 42, 1, 0, 3
73, 42, 1, 0, 3
73, 42, 1, 0, 3
73, 42, 1, 0, 3
73, 42, 1, 0, 3
73, 42, 1, 0, 3
73, 42, 1, 0, 3
73, 42, 1, 0, 3
73, 42, 1, 0, 3
73, 42, 1, 0, 3
73, 42, 1, 0, 3
73, 42, 1, 0, 3
73, 42, 1, 0, 3
73, 42, 1, 0, 3
73, 42, 1, 0, 3
73, 42, 1, 0, 3
73, 42, 1, 0, 3
73, 42, 1, 0, 3
74, 8, 0, 1, 16
74, 8, 0, 1, 16
74, 8, 0, 1, 16
74, 8, 0, 1, 16
74, 8, 0, 2, 17
74, 8, 0, 2, 17
74, 8, 0, 2, 19
74, 8, 0, 2, 19
75, 1, 0, 6, 7
75, 1, 1, 6, 7
75, 1, 2, 6, 8
75, 1, 3, 6, 8
75, 1, 4, 6, 8
75, 1, 5, 6, 8
75, 22, 6, 0, 2
75, 22, 6, 1, 4
75, 22, 6, 2, 5
75, 22, 6, 3, 6
75, 22, 6, 4, 5
75, 22, 6, 5, 6
75, 22, 6, 7, 15
75, 22, 6, 8, 15
75, 22, 6, 9, 15
75, 22, 6, 10, 15
75, 22, 6, 11, 15
75, 22, 6, 12, 15
75, 22, 6, 13, 15
75, 22, 6, 14, 15
75, 22, 6, 15, 15
75, 22, 6, 16, 15
75, 22, 6, 17, 15
75, 22, 6, 18, 15
75, 22, 6, 19, 15
75, 22, 6, 20, 15
75, 22, 6, 21, 15
75, 22, 6, 22, 15
75, 1, 7, 6, 2
75, 1, 8, 6, 2
75, 1, 9, 6, 2
75, 1, 10, 6, 2
75, 1, 11, 6, 2
75, 1, 12, 6, 2
75, 1, 13, 6, 2
75, 1, 14, 6, 2
75, 1, 15, 6, 2
75, 1, 16, 6, 2
75, 1, 17, 6, 2
75, 1, 18, 6, 2
75, 1, 19, 6, 2
75, 1, 20, 6, 2
75, 1, 21, 6, 2
75, 1, 22, 6, 2
Goal
74
75
