CG
126
0, 3, 124, 1
0, 3, 44, 2
0, 3, 43, 2
1, 8, -1, 1
1, 8, 124, 1
1, 8, 44, 3
1, 8, 33, 1
1, 8, 34, 1
1, 8, 35, 1
1, 8, 36, 1
1, 8, 10, 1
1, 8, 37, 1
2, 8, -1, 1
2, 8, 124, 1
2, 8, 44, 3
2, 8, 38, 1
2, 8, 39, 1
2, 8, 40, 1
2, 8, 41, 1
2, 8, 11, 1
2, 8, 42, 1
3, 8, -1, 1
3, 8, 124, 1
3, 8, 44, 3
3, 8, 33, 1
3, 8, 34, 1
3, 8, 35, 1
3, 8, 36, 1
3, 8, 12, 1
3, 8, 37, 1
4, 8, -1, 1
4, 8, 124, 1
4, 8, 44, 3
4, 8, 38, 1
4, 8, 39, 1
4, 8, 40, 1
4, 8, 41, 1
4, 8, 13, 1
4, 8, 42, 1
5, 8, -1, 1
5, 8, 124, 1
5, 8, 44, 3
5, 8, 33, 1
5, 8, 34, 1
5, 8, 35, 1
5, 8, 36, 1
5, 8, 10, 1
5, 8, 37, 1
6, 8, -1, 1
6, 8, 124, 1
6, 8, 44, 3
6, 8, 38, 1
6, 8, 39, 1
6, 8, 40, 1
6, 8, 41, 1
6, 8, 11, 1
6, 8, 42, 1
7, 8, -1, 1
7, 8, 124, 1
7, 8, 44, 3
7, 8, 33, 1
7, 8, 34, 1
7, 8, 35, 1
7, 8, 36, 1
7, 8, 12, 1
7, 8, 37, 1
8, 8, -1, 1
8, 8, 124, 1
8, 8, 44, 3
8, 8, 38, 1
8, 8, 39, 1
8, 8, 40, 1
8, 8, 41, 1
8, 8, 13, 1
8, 8, 42, 1
9, 3, 124, 1
9, 3, 44, 2
9, 3, 43, 2
10, 5, 125, 3
10, 5, 119, 3
10, 5, 56, 3
10, 5, 122, 3
10, 5, 89, 3
11, 5, 125, 3
11, 5, 119, 3
11, 5, 57, 3
11, 5, 122, 3
11, 5, 89, 3
12, 5, 125, 3
12, 5, 121, 3
12, 5, 56, 3
12, 5, 122, 3
12, 5, 89, 3
13, 5, 125, 3
13, 5, 121, 3
13, 5, 57, 3
13, 5, 122, 3
13, 5, 89, 3
14, 18, 124, 1
14, 18, 44, 3
14, 18, 43, 3
14, 18, 32, 3
14, 18, 46, 1
14, 18, 47, 1
14, 18, 21, 1
14, 18, 48, 1
14, 18, 22, 1
14, 18, 61, 1
14, 18, -1, 1
14, 18, 49, 1
14, 18, -1, 1
14, 18, 50, 1
14, 18, 23, 1
14, 18, 24, 1
14, 18, -1, 1
14, 18, 51, 1
14, 18, -1, 1
14, 18, 55, 1
14, 18, 25, 1
14, 18, 26, 1
15, 18, 124, 1
15, 18, 44, 3
15, 18, 43, 3
15, 18, 32, 3
15, 18, 46, 1
15, 18, 47, 1
15, 18, 21, 1
15, 18, 48, 1
15, 18, 22, 1
15, 18, 61, 1
15, 18, -1, 1
15, 18, 49, 1
15, 18, -1, 1
15, 18, 50, 1
15, 18, 23, 1
15, 18, 24, 1
15, 18, -1, 1
15, 18, 51, 1
15, 18, -1, 1
15, 18, 55, 1
15, 18, 25, 1
15, 18, 26, 1
16, 18, 124, 1
16, 18, 44, 3
16, 18, 43, 3
16, 18, 32, 3
16, 18, 46, 1
16, 18, 47, 1
16, 18, 21, 1
16, 18, 48, 1
16, 18, 22, 1
16, 18, 61, 1
16, 18, -1, 1
16, 18, 49, 1
16, 18, -1, 1
16, 18, 50, 1
16, 18, 23, 1
16, 18, 24, 1
16, 18, -1, 1
16, 18, 51, 1
16, 18, -1, 1
16, 18, 55, 1
16, 18, 25, 1
16, 18, 26, 1
17, 18, 124, 1
17, 18, 44, 3
17, 18, 43, 3
17, 18, 32, 3
17, 18, 46, 1
17, 18, 47, 1
17, 18, 21, 1
17, 18, 48, 1
17, 18, 22, 1
17, 18, 61, 1
17, 18, -1, 1
17, 18, 49, 1
17, 18, -1, 1
17, 18, 50, 1
17, 18, 23, 1
17, 18, 24, 1
17, 18, -1, 1
17, 18, 51, 1
17, 18, -1, 1
17, 18, 55, 1
17, 18, 25, 1
17, 18, 26, 1
18, 44, 90, 4
18, 44, 91, 4
18, 44, 101, 2
18, 44, 108, 2
18, 44, 92, 4
18, 44, 117, 10
18, 44, 120, 10
18, 44, 119, 2
18, 44, 121, 2
18, 44, 81, 1
18, 44, 84, 1
18, 44, 67, 6
18, 44, 68, 6
18, 44, 94, 2
18, 44, 95, 2
18, 44, 93, 2
18, 44, 96, 2
18, 44, 54, 4
18, 44, 16, 1
18, 44, 17, 1
18, 44, 9, 1
18, 44, 124, 3
18, 44, 87, 4
18, 44, 115, 4
18, 44, 99, 2
18, 44, 98, 6
18, 44, 86, 4
18, 44, 88, 12
18, 44, 100, 12
18, 44, 46, 3
18, 44, 47, 4
18, 44, 21, 1
18, 44, 48, 4
18, 44, 22, 1
18, 44, -1, 3
18, 44, -1, 3
18, 44, -1, 3
18, 44, -1, 3
18, 44, 61, 4
18, 44, -1, 1
18, 44, 49, 4
18, 44, -1, 4
18, 44, -1, 3
18, 44, 50, 4
18, 44, 23, 1
18, 44, 24, 1
18, 44, -1, 1
18, 44, 51, 4
18, 44, -1, 4
18, 44, -1, 3
18, 44, 55, 4
18, 44, 25, 1
18, 44, 26, 1
18, 44, -1, 3
18, 44, -1, 3
18, 44, -1, 3
18, 44, -1, 3
18, 44, 27, 3
18, 44, -1, 6
18, 44, -1, 3
18, 44, -1, 3
18, 44, -1, 3
18, 44, -1, 3
19, 8, 90, 2
19, 8, 91, 2
19, 8, 92, 2
19, 8, 120, 6
19, 8, 67, 3
19, 8, 68, 3
19, 8, 88, 6
19, 8, 100, 6
20, 9, 101, 1
20, 9, 108, 1
20, 9, 117, 2
20, 9, 121, 2
20, 9, 54, 2
20, 9, 87, 2
20, 9, 115, 2
20, 9, 46, 3
20, 9, -1, 3
20, 9, -1, 3
20, 9, 61, 3
20, 9, -1, 3
21, 10, 125, 3
21, 10, 90, 2
21, 10, 91, 2
21, 10, 92, 2
21, 10, 117, 3
21, 10, 120, 3
21, 10, 67, 6
21, 10, 87, 3
21, 10, 88, 6
21, 10, 100, 6
22, 10, 125, 3
22, 10, 90, 2
22, 10, 91, 2
22, 10, 92, 2
22, 10, 117, 3
22, 10, 120, 3
22, 10, 68, 6
22, 10, 87, 3
22, 10, 88, 6
22, 10, 100, 6
23, 10, 125, 3
23, 10, 90, 2
23, 10, 91, 2
23, 10, 92, 2
23, 10, 117, 3
23, 10, 120, 3
23, 10, 67, 6
23, 10, 87, 3
23, 10, 88, 6
23, 10, 100, 6
24, 10, 125, 3
24, 10, 90, 2
24, 10, 91, 2
24, 10, 92, 2
24, 10, 117, 3
24, 10, 120, 3
24, 10, 67, 6
24, 10, 87, 3
24, 10, 88, 6
24, 10, 100, 6
25, 10, 125, 3
25, 10, 90, 2
25, 10, 91, 2
25, 10, 92, 2
25, 10, 117, 3
25, 10, 120, 3
25, 10, 68, 6
25, 10, 87, 3
25, 10, 88, 6
25, 10, 100, 6
26, 10, 125, 3
26, 10, 90, 2
26, 10, 91, 2
26, 10, 92, 2
26, 10, 117, 3
26, 10, 120, 3
26, 10, 68, 6
26, 10, 87, 3
26, 10, 88, 6
26, 10, 100, 6
27, 8, 90, 2
27, 8, 91, 2
27, 8, 92, 2
27, 8, 117, 6
27, 8, 67, 3
27, 8, 68, 3
27, 8, 88, 6
27, 8, 100, 6
28, 9, 125, 4
28, 9, 117, 2
28, 9, 15, 1
28, 9, 124, 1
28, 9, 115, 2
28, 9, 99, 1
28, 9, 100, 1
28, 9, 46, 1
28, 9, -1, 1
28, 9, -1, 1
28, 9, 61, 1
28, 9, -1, 1
29, 9, 125, 4
29, 9, 120, 2
29, 9, 16, 1
29, 9, 124, 1
29, 9, 115, 2
29, 9, 99, 1
29, 9, 100, 1
29, 9, 46, 1
29, 9, -1, 1
29, 9, -1, 1
29, 9, 61, 1
29, 9, -1, 1
30, 9, 125, 4
30, 9, 117, 2
30, 9, 14, 1
30, 9, 124, 1
30, 9, 115, 2
30, 9, 99, 1
30, 9, 100, 1
30, 9, 46, 1
30, 9, -1, 1
30, 9, -1, 1
30, 9, 61, 1
30, 9, -1, 1
31, 21, 125, 5
31, 21, 120, 3
31, 21, 9, 1
31, 21, 124, 1
31, 21, 115, 2
31, 21, 99, 2
31, 21, 100, 1
31, 21, 46, 1
31, 21, 47, 1
31, 21, 21, 1
31, 21, 48, 1
31, 21, 22, 1
31, 21, -1, 1
31, 21, -1, 1
31, 21, 61, 2
31, 21, -1, 1
31, 21, 49, 1
31, 21, -1, 1
31, 21, 50, 1
31, 21, 23, 1
31, 21, 24, 1
31, 21, -1, 1
31, 21, 51, 1
31, 21, -1, 1
31, 21, 55, 1
31, 21, 25, 1
31, 21, 26, 1
31, 21, -1, 1
32, 7, 15, 1
32, 7, 16, 1
32, 7, 14, 1
32, 7, 17, 1
32, 7, 124, 4
32, 7, 44, 4
32, 7, 43, 4
33, 8, 56, 2
33, 8, 67, 1
33, 8, 68, 1
33, 8, 116, 1
33, 8, 118, 1
33, 8, 52, 2
33, 8, 89, 2
33, 8, 53, 2
34, 8, 56, 2
34, 8, 67, 1
34, 8, 68, 1
34, 8, 116, 1
34, 8, 118, 1
34, 8, 52, 2
34, 8, 89, 2
34, 8, 53, 2
35, 8, 56, 2
35, 8, 67, 1
35, 8, 68, 1
35, 8, 116, 1
35, 8, 118, 1
35, 8, 52, 2
35, 8, 89, 2
35, 8, 53, 2
36, 7, 117, 1
36, 7, 120, 1
36, 7, 94, 1
36, 7, 95, 1
36, 7, 93, 2
36, 7, 98, 2
36, 7, 86, 2
37, 6, 125, 6
37, 6, 119, 3
37, 6, 121, 3
37, 6, 56, 6
37, 6, 122, 6
37, 6, 89, 6
38, 8, 57, 2
38, 8, 67, 1
38, 8, 68, 1
38, 8, 116, 1
38, 8, 118, 1
38, 8, 52, 2
38, 8, 89, 2
38, 8, 53, 2
39, 8, 57, 2
39, 8, 67, 1
39, 8, 68, 1
39, 8, 116, 1
39, 8, 118, 1
39, 8, 52, 2
39, 8, 89, 2
39, 8, 53, 2
40, 8, 57, 2
40, 8, 67, 1
40, 8, 68, 1
40, 8, 116, 1
40, 8, 118, 1
40, 8, 52, 2
40, 8, 89, 2
40, 8, 53, 2
41, 7, 117, 1
41, 7, 120, 1
41, 7, 94, 1
41, 7, 95, 1
41, 7, 96, 2
41, 7, 98, 2
41, 7, 86, 2
42, 6, 125, 6
42, 6, 119, 3
42, 6, 121, 3
42, 6, 57, 6
42, 6, 122, 6
42, 6, 89, 6
43, 9, 15, 1
43, 9, 16, 1
43, 9, 14, 1
43, 9, 17, 1
43, 9, 0, 1
43, 9, 9, 1
43, 9, 124, 6
43, 9, 44, 6
43, 9, 32, 4
44, 17, 15, 1
44, 17, 16, 1
44, 17, 14, 1
44, 17, 17, 1
44, 17, 0, 1
44, 17, 9, 1
44, 17, 124, 14
44, 17, 1, 1
44, 17, 2, 1
44, 17, 3, 1
44, 17, 4, 1
44, 17, 5, 1
44, 17, 6, 1
44, 17, 7, 1
44, 17, 8, 1
44, 17, 43, 6
44, 17, 32, 4
45, 26, 125, 8
45, 26, 117, 1
45, 26, 120, 1
45, 26, 119, 2
45, 26, 121, 2
45, 26, 56, 2
45, 26, 57, 2
45, 26, 122, 4
45, 26, 15, 1
45, 26, 16, 1
45, 26, 124, 2
45, 26, 87, 2
45, 26, 99, 2
45, 26, 89, 4
45, 26, 46, 2
45, 26, 47, 2
45, 26, 48, 2
45, 26, -1, 2
45, 26, 18, 1
45, 26, -1, 2
45, 26, -1, 2
45, 26, -1, 3
45, 26, 61, 2
45, 26, 49, 2
45, 26, -1, 2
45, 26, -1, 2
45, 26, 50, 2
45, 26, 51, 2
45, 26, -1, 2
45, 26, -1, 2
45, 26, 55, 2
45, 26, -1, 2
45, 26, 19, 1
45, 26, -1, 2
45, 26, -1, 2
45, 26, -1, 2
45, 26, -1, 2
45, 26, -1, 2
45, 26, 27, 1
45, 26, 20, 1
45, 26, -1, 2
45, 26, -1, 2
45, 26, -1, 2
45, 26, -1, 2
45, 26, -1, 1
45, 26, -1, 1
46, 36, 101, 2
46, 36, 108, 2
46, 36, 117, 2
46, 36, 120, 2
46, 36, 119, 2
46, 36, 121, 2
46, 36, 52, 2
46, 36, 54, 4
46, 36, 15, 1
46, 36, 16, 1
46, 36, 14, 1
46, 36, 17, 1
46, 36, 0, 1
46, 36, 9, 1
46, 36, 124, 6
46, 36, 87, 4
46, 36, 115, 4
46, 36, 53, 2
46, 36, 88, 2
46, 36, 47, 8
46, 36, 21, 2
46, 36, 48, 8
46, 36, 22, 2
46, 36, 18, 3
46, 36, -1, 3
46, 36, 61, 2
46, 36, -1, 2
46, 36, 49, 8
46, 36, -1, 8
46, 36, -1, 6
46, 36, 50, 8
46, 36, 23, 2
46, 36, 24, 2
46, 36, -1, 2
46, 36, 51, 8
46, 36, -1, 8
46, 36, -1, 6
46, 36, 55, 8
46, 36, 25, 2
46, 36, 26, 2
46, 36, -1, 3
46, 36, 19, 3
46, 36, -1, 3
46, 36, 27, 3
46, 36, 20, 3
47, 9, 125, 1
47, 9, 56, 1
47, 9, 57, 1
47, 9, 67, 2
47, 9, 116, 3
47, 9, 52, 2
47, 9, 54, 1
47, 9, 89, 2
47, 9, 53, 2
48, 9, 125, 1
48, 9, 56, 1
48, 9, 57, 1
48, 9, 68, 2
48, 9, 118, 3
48, 9, 52, 2
48, 9, 54, 1
48, 9, 89, 2
48, 9, 53, 2
49, 9, 125, 1
49, 9, 56, 1
49, 9, 57, 1
49, 9, 67, 2
49, 9, 116, 3
49, 9, 52, 2
49, 9, 54, 1
49, 9, 89, 2
49, 9, 53, 2
50, 3, 125, 1
50, 3, 116, 1
50, 3, 54, 1
51, 9, 125, 1
51, 9, 56, 1
51, 9, 57, 1
51, 9, 68, 2
51, 9, 118, 3
51, 9, 52, 2
51, 9, 54, 1
51, 9, 89, 2
51, 9, 53, 2
52, 2, 53, 2
52, 2, 88, 2
53, 2, 52, 2
53, 2, 88, 2
54, 8, 101, 2
54, 8, 108, 2
54, 8, 117, 2
54, 8, 120, 2
54, 8, 119, 2
54, 8, 121, 2
54, 8, 87, 4
54, 8, 115, 4
55, 3, 125, 1
55, 3, 118, 1
55, 3, 54, 1
56, 7, 67, 1
56, 7, 68, 1
56, 7, 116, 1
56, 7, 118, 1
56, 7, 52, 2
56, 7, 89, 2
56, 7, 53, 2
57, 7, 67, 1
57, 7, 68, 1
57, 7, 116, 1
57, 7, 118, 1
57, 7, 52, 2
57, 7, 89, 2
57, 7, 53, 2
58, 26, 125, 8
58, 26, 117, 1
58, 26, 120, 1
58, 26, 119, 2
58, 26, 121, 2
58, 26, 56, 2
58, 26, 57, 2
58, 26, 122, 4
58, 26, 14, 1
58, 26, 17, 1
58, 26, 124, 2
58, 26, 87, 2
58, 26, 99, 2
58, 26, 89, 4
58, 26, 46, 2
58, 26, 47, 2
58, 26, 48, 2
58, 26, -1, 2
58, 26, 18, 1
58, 26, -1, 2
58, 26, -1, 2
58, 26, -1, 3
58, 26, 61, 2
58, 26, 49, 2
58, 26, -1, 2
58, 26, -1, 2
58, 26, 50, 2
58, 26, 51, 2
58, 26, -1, 2
58, 26, -1, 2
58, 26, 55, 2
58, 26, -1, 2
58, 26, 19, 1
58, 26, -1, 2
58, 26, -1, 2
58, 26, -1, 2
58, 26, -1, 2
58, 26, -1, 2
58, 26, 27, 1
58, 26, 20, 1
58, 26, -1, 2
58, 26, -1, 2
58, 26, -1, 2
58, 26, -1, 2
58, 26, -1, 1
58, 26, -1, 1
59, 4, 125, 2
59, 4, 117, 1
59, 4, 120, 1
59, 4, 99, 2
60, 16, 125, 8
60, 16, 117, 1
60, 16, 120, 1
60, 16, 119, 2
60, 16, 121, 2
60, 16, 56, 2
60, 16, 57, 2
60, 16, 122, 4
60, 16, 15, 1
60, 16, 16, 1
60, 16, 124, 2
60, 16, 87, 2
60, 16, 99, 2
60, 16, 89, 4
60, 16, 46, 2
60, 16, -1, 2
60, 16, -1, 2
60, 16, 61, 2
60, 16, -1, 1
60, 16, -1, 1
61, 12, 101, 2
61, 12, 108, 2
61, 12, 117, 2
61, 12, 120, 2
61, 12, 119, 2
61, 12, 121, 2
61, 12, 52, 2
61, 12, 54, 4
61, 12, 87, 4
61, 12, 115, 4
61, 12, 53, 2
61, 12, 88, 2
62, 4, 125, 2
62, 4, 117, 1
62, 4, 120, 1
62, 4, 99, 2
63, 16, 125, 8
63, 16, 117, 1
63, 16, 120, 1
63, 16, 119, 2
63, 16, 121, 2
63, 16, 56, 2
63, 16, 57, 2
63, 16, 122, 4
63, 16, 14, 1
63, 16, 17, 1
63, 16, 124, 2
63, 16, 87, 2
63, 16, 99, 2
63, 16, 89, 4
63, 16, 46, 2
63, 16, -1, 2
63, 16, -1, 2
63, 16, 61, 2
63, 16, -1, 1
63, 16, -1, 1
64, 7, 90, 4
64, 7, 117, 2
64, 7, 120, 2
64, 7, 67, 2
64, 7, 68, 2
64, 7, 88, 4
64, 7, 100, 4
65, 7, 91, 4
65, 7, 117, 2
65, 7, 120, 2
65, 7, 67, 2
65, 7, 68, 2
65, 7, 88, 4
65, 7, 100, 4
66, 7, 92, 4
66, 7, 117, 2
66, 7, 120, 2
66, 7, 67, 2
66, 7, 68, 2
66, 7, 88, 4
66, 7, 100, 4
67, 9, 90, 2
67, 9, 91, 2
67, 9, 92, 2
67, 9, 117, 3
67, 9, 120, 3
67, 9, 52, 1
67, 9, 53, 1
67, 9, 88, 7
67, 9, 100, 6
68, 9, 90, 2
68, 9, 91, 2
68, 9, 92, 2
68, 9, 117, 3
68, 9, 120, 3
68, 9, 52, 1
68, 9, 53, 1
68, 9, 88, 7
68, 9, 100, 6
69, 3, 44, 6
69, 3, 43, 2
69, 3, 32, 2
70, 3, 44, 6
70, 3, 43, 2
70, 3, 32, 2
71, 3, 81, 1
71, 3, 86, 1
71, 3, 97, 1
72, 3, 81, 1
72, 3, 86, 1
72, 3, 97, 1
73, 3, 84, 1
73, 3, 86, 1
73, 3, 97, 1
74, 3, 84, 1
74, 3, 86, 1
74, 3, 97, 1
75, 30, -1, 2
75, 30, -1, 2
75, 30, 44, 4
75, 30, 43, 2
75, 30, 46, 2
75, 30, 33, 2
75, 30, 38, 2
75, 30, 47, 2
75, 30, 21, 2
75, 30, 48, 2
75, 30, 22, 2
75, 30, 61, 2
75, 30, 34, 2
75, 30, 35, 2
75, 30, 39, 2
75, 30, 40, 2
75, 30, -1, 2
75, 30, 49, 2
75, 30, -1, 2
75, 30, 50, 2
75, 30, 23, 2
75, 30, 24, 2
75, 30, -1, 2
75, 30, 51, 2
75, 30, -1, 2
75, 30, 55, 2
75, 30, 25, 2
75, 30, 26, 2
75, 30, 36, 2
75, 30, 41, 2
75, 30, 10, 1
75, 30, 12, 1
75, 30, 11, 1
75, 30, 13, 1
75, 30, 37, 2
75, 30, 42, 2
76, 30, -1, 2
76, 30, -1, 2
76, 30, 44, 4
76, 30, 43, 2
76, 30, 46, 2
76, 30, 33, 2
76, 30, 38, 2
76, 30, 47, 2
76, 30, 21, 2
76, 30, 48, 2
76, 30, 22, 2
76, 30, 61, 2
76, 30, 34, 2
76, 30, 35, 2
76, 30, 39, 2
76, 30, 40, 2
76, 30, -1, 2
76, 30, 49, 2
76, 30, -1, 2
76, 30, 50, 2
76, 30, 23, 2
76, 30, 24, 2
76, 30, -1, 2
76, 30, 51, 2
76, 30, -1, 2
76, 30, 55, 2
76, 30, 25, 2
76, 30, 26, 2
76, 30, 36, 2
76, 30, 41, 2
76, 30, 10, 1
76, 30, 12, 1
76, 30, 11, 1
76, 30, 13, 1
76, 30, 37, 2
76, 30, 42, 2
77, 4, 125, 2
77, 4, 117, 1
77, 4, 120, 1
77, 4, 99, 2
78, 4, 125, 2
78, 4, 117, 1
78, 4, 120, 1
78, 4, 99, 2
79, 4, 125, 2
79, 4, 117, 1
79, 4, 120, 1
79, 4, 99, 2
80, 3, 81, 1
80, 3, 99, 1
80, 3, 98, 1
81, 2, 86, 2
81, 2, 97, 2
82, 3, 81, 1
82, 3, 99, 1
82, 3, 98, 1
83, 3, 84, 1
83, 3, 99, 1
83, 3, 98, 1
84, 2, 86, 2
84, 2, 97, 2
85, 3, 84, 1
85, 3, 99, 1
85, 3, 98, 1
86, 3, 81, 2
86, 3, 84, 2
86, 3, 97, 4
87, 8, 101, 2
87, 8, 108, 2
87, 8, 117, 2
87, 8, 120, 2
87, 8, 119, 2
87, 8, 121, 2
87, 8, 54, 4
87, 8, 115, 4
88, 8, 90, 4
88, 8, 91, 4
88, 8, 92, 4
88, 8, 117, 6
88, 8, 120, 6
88, 8, 67, 6
88, 8, 68, 6
88, 8, 100, 12
89, 8, 56, 2
89, 8, 57, 2
89, 8, 67, 2
89, 8, 68, 2
89, 8, 116, 2
89, 8, 118, 2
89, 8, 52, 4
89, 8, 53, 4
90, 15, 125, 4
90, 15, 119, 2
90, 15, 121, 2
90, 15, 122, 4
90, 15, 116, 2
90, 15, 118, 2
90, 15, -1, 4
90, 15, 45, 4
90, 15, -1, 4
90, 15, 59, 4
90, 15, 60, 4
90, 15, 64, 4
90, 15, 69, 4
90, 15, 75, 4
90, 15, 77, 4
90, 15, 28, 2
90, 15, 29, 2
91, 15, 125, 4
91, 15, 119, 2
91, 15, 121, 2
91, 15, 122, 4
91, 15, 116, 2
91, 15, 118, 2
91, 15, -1, 4
91, 15, 58, 4
91, 15, -1, 4
91, 15, 62, 4
91, 15, 63, 4
91, 15, 65, 4
91, 15, 70, 4
91, 15, 76, 4
91, 15, 78, 4
91, 15, 30, 2
91, 15, 123, 2
92, 9, 125, 4
92, 9, 119, 2
92, 9, 121, 2
92, 9, 122, 4
92, 9, 116, 2
92, 9, 118, 2
92, 9, -1, 4
92, 9, -1, 4
92, 9, 66, 4
92, 9, 79, 4
92, 9, 31, 2
93, 16, 125, 6
93, 16, 94, 3
93, 16, 95, 3
93, 16, -1, 2
93, 16, 124, 4
93, 16, 1, 1
93, 16, 3, 1
93, 16, 5, 1
93, 16, 7, 1
93, 16, 97, 6
93, 16, 33, 2
93, 16, 34, 2
93, 16, 35, 2
93, 16, 36, 2
93, 16, 10, 1
93, 16, 12, 1
93, 16, 37, 2
94, 24, 125, 6
94, 24, 81, 1
94, 24, 84, 1
94, 24, 93, 3
94, 24, 96, 3
94, 24, -1, 1
94, 24, -1, 1
94, 24, 124, 4
94, 24, 1, 1
94, 24, 2, 1
94, 24, 5, 1
94, 24, 6, 1
94, 24, 86, 2
94, 24, 97, 8
94, 24, 33, 1
94, 24, 38, 1
94, 24, 34, 1
94, 24, 35, 1
94, 24, 39, 1
94, 24, 40, 1
94, 24, 36, 1
94, 24, 41, 1
94, 24, 10, 1
94, 24, 11, 1
94, 24, 37, 1
94, 24, 42, 1
95, 24, 125, 6
95, 24, 81, 1
95, 24, 84, 1
95, 24, 93, 3
95, 24, 96, 3
95, 24, -1, 1
95, 24, -1, 1
95, 24, 124, 4
95, 24, 3, 1
95, 24, 4, 1
95, 24, 7, 1
95, 24, 8, 1
95, 24, 86, 2
95, 24, 97, 8
95, 24, 33, 1
95, 24, 38, 1
95, 24, 34, 1
95, 24, 35, 1
95, 24, 39, 1
95, 24, 40, 1
95, 24, 36, 1
95, 24, 41, 1
95, 24, 12, 1
95, 24, 13, 1
95, 24, 37, 1
95, 24, 42, 1
96, 16, 125, 6
96, 16, 94, 3
96, 16, 95, 3
96, 16, -1, 2
96, 16, 124, 4
96, 16, 2, 1
96, 16, 4, 1
96, 16, 6, 1
96, 16, 8, 1
96, 16, 97, 6
96, 16, 38, 2
96, 16, 39, 2
96, 16, 40, 2
96, 16, 41, 2
96, 16, 11, 1
96, 16, 13, 1
96, 16, 42, 2
97, 28, 125, 12
97, 28, 94, 6
97, 28, 95, 6
97, 28, 93, 6
97, 28, 96, 6
97, 28, -1, 2
97, 28, -1, 2
97, 28, 124, 8
97, 28, 1, 1
97, 28, 2, 1
97, 28, 3, 1
97, 28, 4, 1
97, 28, 5, 1
97, 28, 6, 1
97, 28, 7, 1
97, 28, 8, 1
97, 28, 33, 2
97, 28, 38, 2
97, 28, 34, 2
97, 28, 35, 2
97, 28, 39, 2
97, 28, 40, 2
97, 28, 36, 2
97, 28, 41, 2
97, 28, 10, 1
97, 28, 12, 1
97, 28, 11, 1
97, 28, 13, 1
97, 28, 37, 2
97, 28, 42, 2
98, 7, 117, 2
98, 7, 120, 2
98, 7, 94, 2
98, 7, 95, 2
98, 7, 93, 2
98, 7, 96, 2
98, 7, 86, 4
99, 3, 81, 2
99, 3, 84, 2
99, 3, 98, 4
100, 3, 125, 6
100, 3, 117, 3
100, 3, 120, 3
101, 17, 125, 8
101, 17, 117, 4
101, 17, 120, 4
101, 17, 119, 4
101, 17, 121, 4
101, 17, 116, 4
101, 17, 118, 4
101, 17, -1, 8
101, 17, 102, 8
101, 17, 103, 8
101, 17, -1, 8
101, 17, 104, 8
101, 17, 105, 8
101, 17, 106, 8
101, 17, 71, 4
101, 17, 72, 4
101, 17, -1, 8
101, 17, 107, 8
101, 17, 80, 4
101, 17, 82, 4
102, 3, 81, 2
102, 3, 99, 2
102, 3, 98, 2
103, 3, 81, 2
103, 3, 99, 2
103, 3, 98, 2
104, 3, 81, 2
104, 3, 99, 2
104, 3, 98, 2
105, 3, 81, 2
105, 3, 99, 2
105, 3, 98, 2
106, 8, 101, 2
106, 8, 117, 1
106, 8, 120, 1
106, 8, 119, 1
106, 8, 121, 1
106, 8, 54, 2
106, 8, 87, 2
106, 8, 115, 2
107, 3, 81, 2
107, 3, 86, 2
107, 3, 97, 2
108, 17, 125, 8
108, 17, 117, 4
108, 17, 120, 4
108, 17, 119, 4
108, 17, 121, 4
108, 17, 116, 4
108, 17, 118, 4
108, 17, -1, 8
108, 17, 109, 8
108, 17, 110, 8
108, 17, -1, 8
108, 17, 111, 8
108, 17, 112, 8
108, 17, 113, 8
108, 17, 73, 4
108, 17, 74, 4
108, 17, -1, 8
108, 17, 114, 8
108, 17, 83, 4
108, 17, 85, 4
109, 3, 84, 2
109, 3, 99, 2
109, 3, 98, 2
110, 3, 84, 2
110, 3, 99, 2
110, 3, 98, 2
111, 3, 84, 2
111, 3, 99, 2
111, 3, 98, 2
112, 3, 84, 2
112, 3, 99, 2
112, 3, 98, 2
113, 8, 108, 2
113, 8, 117, 1
113, 8, 120, 1
113, 8, 119, 1
113, 8, 121, 1
113, 8, 54, 2
113, 8, 87, 2
113, 8, 115, 2
114, 3, 84, 2
114, 3, 86, 2
114, 3, 97, 2
115, 1, 125, 12
116, 53, 125, 17
116, 53, 90, 2
116, 53, 91, 2
116, 53, 101, 4
116, 53, 108, 4
116, 53, 92, 2
116, 53, 117, 4
116, 53, 120, 4
116, 53, 119, 7
116, 53, 121, 7
116, 53, 122, 6
116, 53, -1, 2
116, 53, -1, 2
116, 53, -1, 4
116, 53, -1, 4
116, 53, -1, 2
116, 53, 87, 3
116, 53, 45, 2
116, 53, 58, 2
116, 53, 102, 4
116, 53, 109, 4
116, 53, -1, 2
116, 53, 59, 2
116, 53, 60, 2
116, 53, -1, 2
116, 53, 62, 2
116, 53, 63, 2
116, 53, 103, 4
116, 53, -1, 4
116, 53, 104, 4
116, 53, 105, 4
116, 53, 110, 4
116, 53, -1, 4
116, 53, 111, 4
116, 53, 112, 4
116, 53, -1, 2
116, 53, 64, 2
116, 53, 65, 2
116, 53, 106, 4
116, 53, 113, 4
116, 53, 66, 2
116, 53, 69, 2
116, 53, 70, 2
116, 53, 71, 2
116, 53, 72, 2
116, 53, 73, 2
116, 53, 74, 2
116, 53, 75, 2
116, 53, 76, 2
116, 53, 77, 2
116, 53, 78, 2
116, 53, 79, 2
116, 53, 28, 1
116, 53, 29, 1
116, 53, 30, 1
116, 53, 123, 1
116, 53, 31, 1
116, 53, -1, 4
116, 53, -1, 4
116, 53, 107, 4
116, 53, 114, 4
116, 53, 80, 2
116, 53, 82, 2
116, 53, 83, 2
116, 53, 85, 2
117, 35, 125, 17
117, 35, 101, 4
117, 35, 108, 4
117, 35, 119, 4
117, 35, 121, 4
117, 35, 81, 1
117, 35, 84, 1
117, 35, 95, 2
117, 35, 116, 4
117, 35, 118, 4
117, 35, 93, 1
117, 35, 96, 1
117, 35, -1, 4
117, 35, -1, 4
117, 35, 115, 6
117, 35, 99, 2
117, 35, 98, 4
117, 35, 86, 2
117, 35, 100, 3
117, 35, 102, 4
117, 35, 109, 4
117, 35, 103, 4
117, 35, -1, 4
117, 35, 104, 4
117, 35, 105, 4
117, 35, 110, 4
117, 35, -1, 4
117, 35, 111, 4
117, 35, 112, 4
117, 35, 106, 4
117, 35, 113, 4
117, 35, 71, 2
117, 35, 72, 2
117, 35, 73, 2
117, 35, 74, 2
117, 35, -1, 4
117, 35, -1, 4
117, 35, 107, 4
117, 35, 114, 4
117, 35, 80, 4
117, 35, 83, 4
118, 53, 125, 17
118, 53, 90, 2
118, 53, 91, 2
118, 53, 101, 4
118, 53, 108, 4
118, 53, 92, 2
118, 53, 117, 4
118, 53, 120, 4
118, 53, 119, 7
118, 53, 121, 7
118, 53, 122, 6
118, 53, -1, 2
118, 53, -1, 2
118, 53, -1, 4
118, 53, -1, 4
118, 53, -1, 2
118, 53, 87, 3
118, 53, 45, 2
118, 53, 58, 2
118, 53, 102, 4
118, 53, 109, 4
118, 53, -1, 2
118, 53, 59, 2
118, 53, 60, 2
118, 53, -1, 2
118, 53, 62, 2
118, 53, 63, 2
118, 53, 103, 4
118, 53, -1, 4
118, 53, 104, 4
118, 53, 105, 4
118, 53, 110, 4
118, 53, -1, 4
118, 53, 111, 4
118, 53, 112, 4
118, 53, -1, 2
118, 53, 64, 2
118, 53, 65, 2
118, 53, 106, 4
118, 53, 113, 4
118, 53, 66, 2
118, 53, 69, 2
118, 53, 70, 2
118, 53, 71, 2
118, 53, 72, 2
118, 53, 73, 2
118, 53, 74, 2
118, 53, 75, 2
118, 53, 76, 2
118, 53, 77, 2
118, 53, 78, 2
118, 53, 79, 2
118, 53, 28, 1
118, 53, 29, 1
118, 53, 30, 1
118, 53, 123, 1
118, 53, 31, 1
118, 53, -1, 4
118, 53, -1, 4
118, 53, 107, 4
118, 53, 114, 4
118, 53, 80, 2
118, 53, 82, 2
118, 53, 83, 2
118, 53, 85, 2
119, 52, 125, 20
119, 52, 90, 4
119, 52, 91, 4
119, 52, 101, 4
119, 52, 108, 4
119, 52, 92, 4
119, 52, 117, 4
119, 52, 120, 10
119, 52, 122, 6
119, 52, 67, 3
119, 52, 68, 3
119, 52, 116, 7
119, 52, 118, 7
119, 52, -1, 2
119, 52, -1, 2
119, 52, -1, 4
119, 52, -1, 4
119, 52, -1, 2
119, 52, 115, 6
119, 52, 88, 6
119, 52, 100, 6
119, 52, 45, 2
119, 52, 58, 2
119, 52, 102, 4
119, 52, 109, 4
119, 52, -1, 2
119, 52, 59, 2
119, 52, 60, 2
119, 52, -1, 2
119, 52, 62, 2
119, 52, 63, 2
119, 52, 103, 4
119, 52, -1, 4
119, 52, 104, 4
119, 52, 105, 4
119, 52, 110, 4
119, 52, -1, 4
119, 52, 111, 4
119, 52, 112, 4
119, 52, -1, 2
119, 52, 64, 2
119, 52, 65, 2
119, 52, 106, 4
119, 52, 113, 4
119, 52, 66, 2
119, 52, 69, 2
119, 52, 70, 2
119, 52, 71, 4
119, 52, 73, 4
119, 52, 75, 2
119, 52, 76, 2
119, 52, 77, 2
119, 52, 78, 2
119, 52, 79, 2
119, 52, 28, 2
119, 52, 30, 2
119, 52, -1, 4
119, 52, -1, 4
119, 52, 107, 4
119, 52, 114, 4
119, 52, 80, 2
119, 52, 82, 2
119, 52, 83, 2
119, 52, 85, 2
120, 35, 125, 17
120, 35, 101, 4
120, 35, 108, 4
120, 35, 119, 4
120, 35, 121, 4
120, 35, 81, 1
120, 35, 84, 1
120, 35, 94, 2
120, 35, 116, 4
120, 35, 118, 4
120, 35, 93, 1
120, 35, 96, 1
120, 35, -1, 4
120, 35, -1, 4
120, 35, 115, 6
120, 35, 99, 2
120, 35, 98, 4
120, 35, 86, 2
120, 35, 100, 3
120, 35, 102, 4
120, 35, 109, 4
120, 35, 103, 4
120, 35, -1, 4
120, 35, 104, 4
120, 35, 105, 4
120, 35, 110, 4
120, 35, -1, 4
120, 35, 111, 4
120, 35, 112, 4
120, 35, 106, 4
120, 35, 113, 4
120, 35, 71, 2
120, 35, 72, 2
120, 35, 73, 2
120, 35, 74, 2
120, 35, -1, 4
120, 35, -1, 4
120, 35, 107, 4
120, 35, 114, 4
120, 35, 82, 4
120, 35, 85, 4
121, 53, 125, 20
121, 53, 90, 4
121, 53, 91, 4
121, 53, 101, 4
121, 53, 108, 4
121, 53, 92, 4
121, 53, 117, 10
121, 53, 120, 4
121, 53, 122, 6
121, 53, 67, 3
121, 53, 68, 3
121, 53, 116, 7
121, 53, 118, 7
121, 53, -1, 2
121, 53, -1, 2
121, 53, -1, 4
121, 53, -1, 4
121, 53, -1, 2
121, 53, 115, 6
121, 53, 88, 6
121, 53, 100, 6
121, 53, 45, 2
121, 53, 58, 2
121, 53, 102, 4
121, 53, 109, 4
121, 53, -1, 2
121, 53, 59, 2
121, 53, 60, 2
121, 53, -1, 2
121, 53, 62, 2
121, 53, 63, 2
121, 53, 103, 4
121, 53, -1, 4
121, 53, 104, 4
121, 53, 105, 4
121, 53, 110, 4
121, 53, -1, 4
121, 53, 111, 4
121, 53, 112, 4
121, 53, -1, 2
121, 53, 64, 2
121, 53, 65, 2
121, 53, 106, 4
121, 53, 113, 4
121, 53, 66, 2
121, 53, 69, 2
121, 53, 70, 2
121, 53, 72, 4
121, 53, 74, 4
121, 53, 75, 2
121, 53, 76, 2
121, 53, 77, 2
121, 53, 78, 2
121, 53, 79, 2
121, 53, 29, 2
121, 53, 123, 2
121, 53, 31, 2
121, 53, -1, 4
121, 53, -1, 4
121, 53, 107, 4
121, 53, 114, 4
121, 53, 80, 2
121, 53, 82, 2
121, 53, 83, 2
121, 53, 85, 2
122, 29, 125, 12
122, 29, 90, 4
122, 29, 91, 4
122, 29, 92, 4
122, 29, 119, 6
122, 29, 121, 6
122, 29, 116, 6
122, 29, 118, 6
122, 29, -1, 4
122, 29, -1, 4
122, 29, -1, 4
122, 29, 45, 4
122, 29, 58, 4
122, 29, -1, 4
122, 29, 59, 4
122, 29, 60, 4
122, 29, -1, 4
122, 29, 62, 4
122, 29, 63, 4
122, 29, -1, 4
122, 29, 64, 4
122, 29, 65, 4
122, 29, 66, 4
122, 29, 69, 4
122, 29, 70, 4
122, 29, 75, 4
122, 29, 76, 4
122, 29, 77, 4
122, 29, 78, 4
122, 29, 79, 4
122, 29, 28, 2
122, 29, 29, 2
122, 29, 30, 2
122, 29, 123, 2
122, 29, 31, 2
123, 9, 125, 4
123, 9, 120, 2
123, 9, 17, 1
123, 9, 124, 1
123, 9, 115, 2
123, 9, 99, 1
123, 9, 100, 1
123, 9, 46, 1
123, 9, -1, 1
123, 9, -1, 1
123, 9, 61, 1
123, 9, -1, 1
124, 122, 125, 86
124, 122, 90, 8
124, 122, 91, 8
124, 122, 101, 10
124, 122, 108, 10
124, 122, 92, 8
124, 122, 117, 25
124, 122, 120, 25
124, 122, 119, 22
124, 122, 121, 22
124, 122, 56, 8
124, 122, 57, 8
124, 122, 81, 4
124, 122, 84, 4
124, 122, 122, 24
124, 122, 67, 8
124, 122, 68, 8
124, 122, 94, 8
124, 122, 95, 8
124, 122, 116, 17
124, 122, 118, 17
124, 122, 52, 6
124, 122, 93, 8
124, 122, 96, 8
124, 122, 54, 6
124, 122, -1, 4
124, 122, -1, 4
124, 122, -1, 2
124, 122, -1, 2
124, 122, -1, 8
124, 122, -1, 8
124, 122, -1, 4
124, 122, 15, 1
124, 122, 16, 1
124, 122, 14, 1
124, 122, 17, 1
124, 122, 0, 1
124, 122, 9, 1
124, 122, 1, 1
124, 122, 2, 1
124, 122, 3, 1
124, 122, 4, 1
124, 122, 5, 1
124, 122, 6, 1
124, 122, 7, 1
124, 122, 8, 1
124, 122, 87, 10
124, 122, 115, 16
124, 122, 99, 12
124, 122, 98, 8
124, 122, 86, 8
124, 122, 97, 16
124, 122, 89, 16
124, 122, 53, 6
124, 122, 88, 14
124, 122, 100, 18
124, 122, 46, 6
124, 122, 45, 4
124, 122, 58, 4
124, 122, 33, 2
124, 122, 38, 2
124, 122, 102, 8
124, 122, 109, 8
124, 122, 47, 8
124, 122, 21, 2
124, 122, 48, 8
124, 122, 22, 2
124, 122, -1, 6
124, 122, 18, 3
124, 122, -1, 6
124, 122, -1, 6
124, 122, -1, 9
124, 122, 61, 8
124, 122, -1, 4
124, 122, 59, 4
124, 122, 60, 4
124, 122, -1, 4
124, 122, 62, 4
124, 122, 63, 4
124, 122, 34, 2
124, 122, 35, 2
124, 122, 39, 2
124, 122, 40, 2
124, 122, 103, 8
124, 122, -1, 8
124, 122, 104, 8
124, 122, 105, 8
124, 122, 110, 8
124, 122, -1, 8
124, 122, 111, 8
124, 122, 112, 8
124, 122, -1, 2
124, 122, 49, 8
124, 122, -1, 8
124, 122, -1, 6
124, 122, 50, 8
124, 122, 23, 2
124, 122, 24, 2
124, 122, -1, 2
124, 122, 51, 8
124, 122, -1, 8
124, 122, -1, 6
124, 122, 55, 8
124, 122, 25, 2
124, 122, 26, 2
124, 122, -1, 6
124, 122, 19, 3
124, 122, -1, 6
124, 122, -1, 6
124, 122, -1, 6
124, 122, -1, 6
124, 122, -1, 6
124, 122, 27, 3
124, 122, 20, 3
124, 122, -1, 6
124, 122, -1, 6
124, 122, -1, 6
124, 122, -1, 6
124, 122, -1, 4
124, 122, 64, 4
124, 122, 65, 4
124, 122, 36, 2
124, 122, 41, 2
124, 122, 106, 8
124, 122, 113, 8
124, 122, 66, 4
124, 122, 69, 4
124, 122, 70, 4
124, 122, 71, 4
124, 122, 72, 4
124, 122, 73, 4
124, 122, 74, 4
124, 122, 75, 4
124, 122, 76, 4
124, 122, 77, 4
124, 122, 78, 4
124, 122, 79, 4
124, 122, 28, 2
124, 122, 29, 2
124, 122, 30, 2
124, 122, 123, 2
124, 122, 10, 1
124, 122, 12, 1
124, 122, 11, 1
124, 122, 13, 1
124, 122, -1, 3
124, 122, -1, 3
124, 122, 31, 2
124, 122, 37, 2
124, 122, 42, 2
124, 122, -1, 8
124, 122, -1, 8
124, 122, 107, 8
124, 122, 114, 8
124, 122, 80, 4
124, 122, 82, 4
124, 122, 83, 4
124, 122, 85, 4
125, 113, 90, 4
125, 113, 91, 4
125, 113, 101, 8
125, 113, 108, 8
125, 113, 92, 4
125, 113, 117, 15
125, 113, 120, 15
125, 113, 119, 20
125, 113, 121, 20
125, 113, 56, 6
125, 113, 57, 6
125, 113, 122, 24
125, 113, 94, 6
125, 113, 95, 6
125, 113, 116, 15
125, 113, 118, 15
125, 113, 93, 6
125, 113, 96, 6
125, 113, 54, 2
125, 113, -1, 4
125, 113, -1, 4
125, 113, -1, 2
125, 113, -1, 2
125, 113, -1, 8
125, 113, -1, 8
125, 113, -1, 4
125, 113, 15, 1
125, 113, 16, 1
125, 113, 14, 1
125, 113, 17, 1
125, 113, 0, 1
125, 113, 9, 1
125, 113, 124, 14
125, 113, 1, 1
125, 113, 2, 1
125, 113, 3, 1
125, 113, 4, 1
125, 113, 5, 1
125, 113, 6, 1
125, 113, 7, 1
125, 113, 8, 1
125, 113, 87, 6
125, 113, 115, 12
125, 113, 99, 8
125, 113, 97, 12
125, 113, 89, 12
125, 113, 100, 6
125, 113, 46, 6
125, 113, 45, 4
125, 113, 58, 4
125, 113, 33, 2
125, 113, 38, 2
125, 113, 102, 8
125, 113, 109, 8
125, 113, 47, 8
125, 113, 21, 2
125, 113, 48, 8
125, 113, 22, 2
125, 113, -1, 6
125, 113, 18, 3
125, 113, -1, 6
125, 113, -1, 6
125, 113, -1, 9
125, 113, 61, 8
125, 113, -1, 4
125, 113, 59, 4
125, 113, 60, 4
125, 113, -1, 4
125, 113, 62, 4
125, 113, 63, 4
125, 113, 34, 2
125, 113, 35, 2
125, 113, 39, 2
125, 113, 40, 2
125, 113, 103, 8
125, 113, -1, 8
125, 113, 104, 8
125, 113, 105, 8
125, 113, 110, 8
125, 113, -1, 8
125, 113, 111, 8
125, 113, 112, 8
125, 113, -1, 2
125, 113, 49, 8
125, 113, -1, 8
125, 113, -1, 6
125, 113, 50, 8
125, 113, 23, 2
125, 113, 24, 2
125, 113, -1, 2
125, 113, 51, 8
125, 113, -1, 8
125, 113, -1, 6
125, 113, 55, 8
125, 113, 25, 2
125, 113, 26, 2
125, 113, -1, 6
125, 113, 19, 3
125, 113, -1, 6
125, 113, -1, 6
125, 113, -1, 6
125, 113, -1, 6
125, 113, -1, 6
125, 113, 27, 3
125, 113, 20, 3
125, 113, -1, 6
125, 113, -1, 6
125, 113, -1, 6
125, 113, -1, 6
125, 113, -1, 4
125, 113, 64, 4
125, 113, 65, 4
125, 113, 36, 2
125, 113, 41, 2
125, 113, 106, 8
125, 113, 113, 8
125, 113, 66, 4
125, 113, 69, 4
125, 113, 70, 4
125, 113, 71, 4
125, 113, 72, 4
125, 113, 73, 4
125, 113, 74, 4
125, 113, 75, 4
125, 113, 76, 4
125, 113, 77, 4
125, 113, 78, 4
125, 113, 79, 4
125, 113, 28, 2
125, 113, 29, 2
125, 113, 30, 2
125, 113, 123, 2
125, 113, 10, 1
125, 113, 12, 1
125, 113, 11, 1
125, 113, 13, 1
125, 113, -1, 3
125, 113, -1, 3
125, 113, 31, 2
125, 113, 37, 2
125, 113, 42, 2
125, 113, -1, 8
125, 113, -1, 8
125, 113, 107, 8
125, 113, 114, 8
125, 113, 80, 4
125, 113, 82, 4
125, 113, 83, 4
125, 113, 85, 4
DTG
0, 1, 0, 1, 3
0, 1, 1, 0, 4
1, 1, 0, 1, 2
1, 1, 1, 0, 6
2, 1, 0, 1, 2
2, 1, 1, 0, 6
3, 1, 0, 1, 2
3, 1, 1, 0, 6
4, 1, 0, 1, 2
4, 1, 1, 0, 6
5, 1, 0, 1, 2
5, 1, 1, 0, 6
6, 1, 0, 1, 2
6, 1, 1, 0, 6
7, 1, 0, 1, 2
7, 1, 1, 0, 6
8, 1, 0, 1, 2
8, 1, 1, 0, 6
9, 1, 0, 1, 3
9, 1, 1, 0, 6
10, 3, 1, 0, 3
10, 3, 1, 0, 3
10, 3, 1, 0, 6
11, 3, 1, 0, 3
11, 3, 1, 0, 3
11, 3, 1, 0, 6
12, 3, 1, 0, 3
12, 3, 1, 0, 3
12, 3, 1, 0, 6
13, 3, 1, 0, 3
13, 3, 1, 0, 3
13, 3, 1, 0, 6
14, 1, 0, 1, 4
14, 1, 1, 0, 7
15, 1, 0, 1, 4
15, 1, 1, 0, 7
16, 1, 0, 1, 4
16, 1, 1, 0, 8
17, 1, 0, 1, 4
17, 1, 1, 0, 8
18, 1, 1, 0, 4
19, 1, 1, 0, 4
20, 1, 1, 0, 4
21, 5, 1, 0, 3
21, 5, 1, 0, 3
21, 5, 1, 0, 3
21, 5, 1, 0, 3
21, 5, 1, 0, 4
22, 5, 1, 0, 3
22, 5, 1, 0, 3
22, 5, 1, 0, 3
22, 5, 1, 0, 3
22, 5, 1, 0, 4
23, 5, 1, 0, 3
23, 5, 1, 0, 3
23, 5, 1, 0, 3
23, 5, 1, 0, 3
23, 5, 1, 0, 4
24, 5, 1, 0, 3
24, 5, 1, 0, 3
24, 5, 1, 0, 3
24, 5, 1, 0, 3
24, 5, 1, 0, 4
25, 5, 1, 0, 3
25, 5, 1, 0, 3
25, 5, 1, 0, 3
25, 5, 1, 0, 3
25, 5, 1, 0, 4
26, 5, 1, 0, 3
26, 5, 1, 0, 3
26, 5, 1, 0, 3
26, 5, 1, 0, 3
26, 5, 1, 0, 4
27, 1, 1, 0, 5
28, 2, 1, 0, 7
28, 2, 1, 0, 7
29, 2, 1, 0, 7
29, 2, 1, 0, 7
30, 2, 1, 0, 7
30, 2, 1, 0, 7
31, 2, 1, 0, 7
31, 2, 1, 0, 7
32, 4, 0, 1, 4
32, 4, 0, 1, 4
32, 4, 0, 1, 4
32, 4, 0, 1, 4
32, 4, 1, 0, 2
32, 4, 1, 0, 2
32, 4, 1, 0, 2
32, 4, 1, 0, 2
33, 6, 1, 0, 3
33, 6, 1, 0, 3
33, 6, 1, 0, 3
33, 6, 1, 0, 3
33, 6, 1, 0, 6
33, 6, 1, 0, 6
34, 6, 1, 0, 3
34, 6, 1, 0, 3
34, 6, 1, 0, 3
34, 6, 1, 0, 3
34, 6, 1, 0, 6
34, 6, 1, 0, 6
35, 6, 1, 0, 3
35, 6, 1, 0, 3
35, 6, 1, 0, 3
35, 6, 1, 0, 3
35, 6, 1, 0, 6
35, 6, 1, 0, 6
36, 6, 0, 1, 3
36, 6, 0, 1, 3
36, 6, 0, 1, 3
36, 6, 0, 1, 3
36, 6, 0, 1, 6
36, 6, 0, 1, 6
37, 6, 1, 0, 3
37, 6, 1, 0, 3
37, 6, 1, 0, 3
37, 6, 1, 0, 3
37, 6, 1, 0, 6
37, 6, 1, 0, 6
38, 6, 1, 0, 3
38, 6, 1, 0, 3
38, 6, 1, 0, 3
38, 6, 1, 0, 3
38, 6, 1, 0, 6
38, 6, 1, 0, 6
39, 6, 1, 0, 3
39, 6, 1, 0, 3
39, 6, 1, 0, 3
39, 6, 1, 0, 3
39, 6, 1, 0, 6
39, 6, 1, 0, 6
40, 6, 1, 0, 3
40, 6, 1, 0, 3
40, 6, 1, 0, 3
40, 6, 1, 0, 3
40, 6, 1, 0, 6
40, 6, 1, 0, 6
41, 6, 0, 1, 3
41, 6, 0, 1, 3
41, 6, 0, 1, 3
41, 6, 0, 1, 3
41, 6, 0, 1, 6
41, 6, 0, 1, 6
42, 6, 1, 0, 3
42, 6, 1, 0, 3
42, 6, 1, 0, 3
42, 6, 1, 0, 3
42, 6, 1, 0, 6
42, 6, 1, 0, 6
43, 6, 0, 1, 3
43, 6, 0, 1, 3
43, 6, 0, 1, 4
43, 6, 0, 1, 4
43, 6, 0, 1, 4
43, 6, 0, 1, 4
43, 10, 1, 0, 2
43, 10, 1, 0, 2
43, 10, 1, 0, 3
43, 10, 1, 0, 3
43, 10, 1, 0, 3
43, 10, 1, 0, 3
43, 10, 1, 0, 3
43, 10, 1, 0, 3
43, 10, 1, 0, 3
43, 10, 1, 0, 3
44, 14, 0, 1, 2
44, 14, 0, 1, 2
44, 14, 0, 1, 2
44, 14, 0, 1, 2
44, 14, 0, 1, 2
44, 14, 0, 1, 2
44, 14, 0, 1, 2
44, 14, 0, 1, 2
44, 14, 0, 1, 3
44, 14, 0, 1, 3
44, 14, 0, 1, 4
44, 14, 0, 1, 4
44, 14, 0, 1, 4
44, 14, 0, 1, 4
44, 22, 1, 0, 2
44, 22, 1, 0, 2
44, 22, 1, 0, 2
44, 22, 1, 0, 2
44, 22, 1, 0, 2
44, 22, 1, 0, 2
44, 22, 1, 0, 3
44, 22, 1, 0, 3
44, 22, 1, 0, 3
44, 22, 1, 0, 3
44, 22, 1, 0, 3
44, 22, 1, 0, 3
44, 22, 1, 0, 3
44, 22, 1, 0, 3
44, 22, 1, 0, 3
44, 22, 1, 0, 3
44, 22, 1, 0, 3
44, 22, 1, 0, 3
44, 22, 1, 0, 3
44, 22, 1, 0, 3
44, 22, 1, 0, 3
44, 22, 1, 0, 3
45, 4, 1, 0, 7
45, 4, 1, 0, 7
45, 4, 1, 0, 7
45, 4, 1, 0, 7
46, 5, 1, 0, 3
46, 5, 1, 0, 3
46, 5, 1, 0, 3
46, 5, 1, 0, 3
46, 5, 1, 0, 3
47, 5, 1, 0, 3
47, 5, 1, 0, 3
47, 5, 1, 0, 3
47, 5, 1, 0, 3
47, 5, 1, 0, 4
48, 5, 1, 0, 3
48, 5, 1, 0, 3
48, 5, 1, 0, 3
48, 5, 1, 0, 3
48, 5, 1, 0, 4
49, 5, 1, 0, 3
49, 5, 1, 0, 3
49, 5, 1, 0, 3
49, 5, 1, 0, 3
49, 5, 1, 0, 4
50, 5, 1, 0, 3
50, 5, 1, 0, 3
50, 5, 1, 0, 3
50, 5, 1, 0, 3
50, 5, 1, 0, 4
51, 5, 1, 0, 3
51, 5, 1, 0, 3
51, 5, 1, 0, 3
51, 5, 1, 0, 3
51, 5, 1, 0, 4
52, 2, 0, 1, 6
52, 2, 0, 1, 6
52, 4, 1, 0, 9
52, 4, 1, 0, 9
52, 4, 1, 0, 9
52, 4, 1, 0, 9
53, 2, 0, 1, 6
53, 2, 0, 1, 6
53, 4, 1, 0, 9
53, 4, 1, 0, 9
53, 4, 1, 0, 9
53, 4, 1, 0, 9
54, 2, 0, 1, 7
54, 2, 0, 1, 7
54, 2, 1, 0, 6
54, 2, 1, 0, 6
55, 5, 1, 0, 3
55, 5, 1, 0, 3
55, 5, 1, 0, 3
55, 5, 1, 0, 3
55, 5, 1, 0, 4
56, 2, 0, 1, 8
56, 2, 0, 1, 8
56, 2, 1, 0, 5
56, 2, 1, 0, 5
57, 2, 0, 1, 8
57, 2, 0, 1, 8
57, 2, 1, 0, 5
57, 2, 1, 0, 5
58, 4, 1, 0, 7
58, 4, 1, 0, 7
58, 4, 1, 0, 7
58, 4, 1, 0, 7
59, 4, 1, 0, 7
59, 4, 1, 0, 7
59, 4, 1, 0, 7
59, 4, 1, 0, 7
60, 4, 1, 0, 7
60, 4, 1, 0, 7
60, 4, 1, 0, 7
60, 4, 1, 0, 7
61, 5, 1, 0, 3
61, 5, 1, 0, 3
61, 5, 1, 0, 3
61, 5, 1, 0, 3
61, 5, 1, 0, 3
62, 4, 1, 0, 7
62, 4, 1, 0, 7
62, 4, 1, 0, 7
62, 4, 1, 0, 7
63, 4, 1, 0, 7
63, 4, 1, 0, 7
63, 4, 1, 0, 7
63, 4, 1, 0, 7
64, 4, 0, 1, 7
64, 4, 0, 1, 7
64, 4, 0, 1, 7
64, 4, 0, 1, 7
65, 4, 0, 1, 7
65, 4, 0, 1, 7
65, 4, 0, 1, 7
65, 4, 0, 1, 7
66, 4, 0, 1, 7
66, 4, 0, 1, 7
66, 4, 0, 1, 7
66, 4, 0, 1, 7
67, 6, 0, 1, 10
67, 6, 0, 1, 10
67, 6, 0, 1, 10
67, 6, 0, 1, 10
67, 6, 0, 1, 10
67, 6, 0, 1, 10
67, 2, 1, 0, 9
67, 2, 1, 0, 9
68, 6, 0, 1, 10
68, 6, 0, 1, 10
68, 6, 0, 1, 10
68, 6, 0, 1, 10
68, 6, 0, 1, 10
68, 6, 0, 1, 10
68, 2, 1, 0, 9
68, 2, 1, 0, 9
69, 4, 0, 1, 7
69, 4, 0, 1, 7
69, 4, 0, 1, 7
69, 4, 0, 1, 7
70, 4, 0, 1, 7
70, 4, 0, 1, 7
70, 4, 0, 1, 7
70, 4, 0, 1, 7
71, 4, 1, 0, 7
71, 4, 1, 0, 7
71, 4, 1, 0, 7
71, 4, 1, 0, 7
72, 4, 1, 0, 7
72, 4, 1, 0, 7
72, 4, 1, 0, 7
72, 4, 1, 0, 7
73, 4, 1, 0, 7
73, 4, 1, 0, 7
73, 4, 1, 0, 7
73, 4, 1, 0, 7
74, 4, 1, 0, 7
74, 4, 1, 0, 7
74, 4, 1, 0, 7
74, 4, 1, 0, 7
75, 4, 1, 0, 7
75, 4, 1, 0, 7
75, 4, 1, 0, 7
75, 4, 1, 0, 7
76, 4, 1, 0, 7
76, 4, 1, 0, 7
76, 4, 1, 0, 7
76, 4, 1, 0, 7
77, 4, 1, 0, 7
77, 4, 1, 0, 7
77, 4, 1, 0, 7
77, 4, 1, 0, 7
78, 4, 1, 0, 7
78, 4, 1, 0, 7
78, 4, 1, 0, 7
78, 4, 1, 0, 7
79, 4, 1, 0, 7
79, 4, 1, 0, 7
79, 4, 1, 0, 7
79, 4, 1, 0, 7
80, 4, 1, 0, 7
80, 4, 1, 0, 7
80, 4, 1, 0, 7
80, 4, 1, 0, 7
81, 2, 0, 1, 6
81, 2, 0, 1, 6
81, 2, 1, 0, 9
81, 2, 1, 0, 10
82, 4, 1, 0, 7
82, 4, 1, 0, 7
82, 4, 1, 0, 7
82, 4, 1, 0, 7
83, 4, 1, 0, 7
83, 4, 1, 0, 7
83, 4, 1, 0, 7
83, 4, 1, 0, 7
84, 2, 0, 1, 6
84, 2, 0, 1, 6
84, 2, 1, 0, 9
84, 2, 1, 0, 10
85, 4, 1, 0, 7
85, 4, 1, 0, 7
85, 4, 1, 0, 7
85, 4, 1, 0, 7
86, 4, 0, 1, 6
86, 4, 0, 1, 6
86, 4, 0, 1, 6
86, 4, 0, 1, 6
86, 4, 1, 0, 6
86, 4, 1, 0, 6
86, 4, 1, 0, 6
86, 4, 1, 0, 6
87, 2, 0, 1, 7
87, 2, 0, 1, 7
87, 2, 1, 0, 7
87, 2, 1, 0, 7
88, 12, 0, 1, 10
88, 12, 0, 1, 10
88, 12, 0, 1, 10
88, 12, 0, 1, 10
88, 12, 0, 1, 10
88, 12, 0, 1, 10
88, 12, 0, 1, 10
88, 12, 0, 1, 10
88, 12, 0, 1, 10
88, 12, 0, 1, 10
88, 12, 0, 1, 10
88, 12, 0, 1, 10
88, 2, 1, 0, 7
88, 2, 1, 0, 7
89, 4, 0, 1, 8
89, 4, 0, 1, 8
89, 4, 0, 1, 8
89, 4, 0, 1, 8
89, 4, 1, 0, 5
89, 4, 1, 0, 5
89, 4, 1, 0, 5
89, 4, 1, 0, 5
90, 4, 0, 1, 6
90, 4, 0, 1, 6
90, 4, 0, 1, 6
90, 4, 0, 1, 6
90, 4, 1, 0, 11
90, 4, 1, 0, 11
90, 4, 1, 0, 11
90, 4, 1, 0, 11
91, 4, 0, 1, 6
91, 4, 0, 1, 6
91, 4, 0, 1, 6
91, 4, 0, 1, 6
91, 4, 1, 0, 11
91, 4, 1, 0, 11
91, 4, 1, 0, 11
91, 4, 1, 0, 11
92, 4, 0, 1, 6
92, 4, 0, 1, 6
92, 4, 0, 1, 6
92, 4, 0, 1, 6
92, 4, 1, 0, 11
92, 4, 1, 0, 11
92, 4, 1, 0, 11
92, 4, 1, 0, 11
93, 6, 0, 1, 5
93, 6, 0, 1, 5
93, 6, 0, 1, 5
93, 6, 0, 1, 5
93, 6, 0, 1, 5
93, 6, 0, 1, 5
93, 2, 1, 0, 6
93, 2, 1, 0, 6
94, 6, 0, 1, 5
94, 6, 0, 1, 5
94, 6, 0, 1, 5
94, 6, 0, 1, 5
94, 6, 0, 1, 5
94, 6, 0, 1, 5
94, 2, 1, 0, 6
94, 2, 1, 0, 6
95, 6, 0, 1, 5
95, 6, 0, 1, 5
95, 6, 0, 1, 5
95, 6, 0, 1, 5
95, 6, 0, 1, 5
95, 6, 0, 1, 5
95, 2, 1, 0, 6
95, 2, 1, 0, 6
96, 6, 0, 1, 5
96, 6, 0, 1, 5
96, 6, 0, 1, 5
96, 6, 0, 1, 5
96, 6, 0, 1, 5
96, 6, 0, 1, 5
96, 2, 1, 0, 6
96, 2, 1, 0, 6
97, 12, 0, 1, 5
97, 12, 0, 1, 5
97, 12, 0, 1, 5
97, 12, 0, 1, 5
97, 12, 0, 1, 5
97, 12, 0, 1, 5
97, 12, 0, 1, 5
97, 12, 0, 1, 5
97, 12, 0, 1, 5
97, 12, 0, 1, 5
97, 12, 0, 1, 5
97, 12, 0, 1, 5
97, 4, 1, 0, 7
97, 4, 1, 0, 7
97, 4, 1, 0, 7
97, 4, 1, 0, 7
98, 4, 0, 1, 5
98, 4, 0, 1, 5
98, 4, 0, 1, 5
98, 4, 0, 1, 5
98, 4, 1, 0, 9
98, 4, 1, 0, 9
98, 4, 1, 0, 10
98, 4, 1, 0, 10
99, 4, 0, 1, 8
99, 4, 0, 1, 8
99, 4, 0, 1, 9
99, 4, 0, 1, 9
99, 1, 1, 0, 3
100, 6, 0, 1, 4
100, 6, 0, 1, 5
100, 6, 0, 1, 5
100, 6, 0, 1, 5
100, 6, 0, 1, 5
100, 6, 0, 1, 5
100, 12, 1, 0, 11
100, 12, 1, 0, 11
100, 12, 1, 0, 11
100, 12, 1, 0, 11
100, 12, 1, 0, 11
100, 12, 1, 0, 11
100, 12, 1, 0, 11
100, 12, 1, 0, 11
100, 12, 1, 0, 11
100, 12, 1, 0, 11
100, 12, 1, 0, 11
100, 12, 1, 0, 11
101, 8, 0, 1, 6
101, 8, 0, 1, 6
101, 8, 0, 1, 6
101, 8, 0, 1, 6
101, 8, 0, 1, 6
101, 8, 0, 1, 6
101, 8, 0, 1, 6
101, 8, 0, 1, 6
101, 1, 1, 0, 8
102, 8, 1, 0, 7
102, 8, 1, 0, 7
102, 8, 1, 0, 7
102, 8, 1, 0, 7
102, 8, 1, 0, 7
102, 8, 1, 0, 7
102, 8, 1, 0, 7
102, 8, 1, 0, 7
103, 8, 1, 0, 7
103, 8, 1, 0, 7
103, 8, 1, 0, 7
103, 8, 1, 0, 7
103, 8, 1, 0, 7
103, 8, 1, 0, 7
103, 8, 1, 0, 7
103, 8, 1, 0, 7
104, 8, 1, 0, 7
104, 8, 1, 0, 7
104, 8, 1, 0, 7
104, 8, 1, 0, 7
104, 8, 1, 0, 7
104, 8, 1, 0, 7
104, 8, 1, 0, 7
104, 8, 1, 0, 7
105, 8, 1, 0, 7
105, 8, 1, 0, 7
105, 8, 1, 0, 7
105, 8, 1, 0, 7
105, 8, 1, 0, 7
105, 8, 1, 0, 7
105, 8, 1, 0, 7
105, 8, 1, 0, 7
106, 8, 0, 1, 7
106, 8, 0, 1, 7
106, 8, 0, 1, 7
106, 8, 0, 1, 7
106, 8, 0, 1, 7
106, 8, 0, 1, 7
106, 8, 0, 1, 7
106, 8, 0, 1, 7
107, 8, 1, 0, 7
107, 8, 1, 0, 7
107, 8, 1, 0, 7
107, 8, 1, 0, 7
107, 8, 1, 0, 7
107, 8, 1, 0, 7
107, 8, 1, 0, 7
107, 8, 1, 0, 7
108, 8, 0, 1, 6
108, 8, 0, 1, 6
108, 8, 0, 1, 6
108, 8, 0, 1, 6
108, 8, 0, 1, 6
108, 8, 0, 1, 6
108, 8, 0, 1, 6
108, 8, 0, 1, 6
108, 1, 1, 0, 8
109, 8, 1, 0, 7
109, 8, 1, 0, 7
109, 8, 1, 0, 7
109, 8, 1, 0, 7
109, 8, 1, 0, 7
109, 8, 1, 0, 7
109, 8, 1, 0, 7
109, 8, 1, 0, 7
110, 8, 1, 0, 7
110, 8, 1, 0, 7
110, 8, 1, 0, 7
110, 8, 1, 0, 7
110, 8, 1, 0, 7
110, 8, 1, 0, 7
110, 8, 1, 0, 7
110, 8, 1, 0, 7
111, 8, 1, 0, 7
111, 8, 1, 0, 7
111, 8, 1, 0, 7
111, 8, 1, 0, 7
111, 8, 1, 0, 7
111, 8, 1, 0, 7
111, 8, 1, 0, 7
111, 8, 1, 0, 7
112, 8, 1, 0, 7
112, 8, 1, 0, 7
112, 8, 1, 0, 7
112, 8, 1, 0, 7
112, 8, 1, 0, 7
112, 8, 1, 0, 7
112, 8, 1, 0, 7
112, 8, 1, 0, 7
113, 8, 0, 1, 7
113, 8, 0, 1, 7
113, 8, 0, 1, 7
113, 8, 0, 1, 7
113, 8, 0, 1, 7
113, 8, 0, 1, 7
113, 8, 0, 1, 7
113, 8, 0, 1, 7
114, 8, 1, 0, 7
114, 8, 1, 0, 7
114, 8, 1, 0, 7
114, 8, 1, 0, 7
114, 8, 1, 0, 7
114, 8, 1, 0, 7
114, 8, 1, 0, 7
114, 8, 1, 0, 7
115, 12, 0, 1, 5
115, 12, 0, 1, 5
115, 12, 0, 1, 6
115, 12, 0, 1, 6
115, 12, 0, 1, 6
115, 12, 0, 1, 6
115, 12, 0, 1, 6
115, 12, 0, 1, 6
115, 12, 0, 1, 6
115, 12, 0, 1, 6
115, 12, 0, 1, 6
115, 12, 0, 1, 6
115, 2, 1, 0, 8
115, 2, 1, 0, 8
116, 14, 0, 1, 6
116, 14, 0, 1, 6
116, 14, 0, 1, 6
116, 14, 0, 1, 6
116, 14, 0, 1, 6
116, 14, 0, 1, 6
116, 14, 0, 1, 6
116, 14, 0, 1, 6
116, 14, 0, 1, 6
116, 14, 0, 1, 6
116, 14, 0, 1, 6
116, 14, 0, 1, 6
116, 14, 0, 1, 6
116, 14, 0, 1, 6
116, 3, 1, 0, 6
116, 3, 1, 0, 9
116, 3, 1, 0, 9
117, 13, 0, 1, 4
117, 13, 0, 1, 5
117, 13, 0, 1, 5
117, 13, 0, 1, 5
117, 13, 0, 1, 5
117, 13, 0, 1, 6
117, 13, 0, 1, 6
117, 13, 0, 1, 6
117, 13, 0, 1, 6
117, 13, 0, 1, 6
117, 13, 0, 1, 6
117, 13, 0, 1, 6
117, 13, 0, 1, 6
117, 9, 1, 0, 3
117, 9, 1, 0, 9
117, 9, 1, 0, 9
117, 9, 1, 0, 11
117, 9, 1, 0, 11
117, 9, 1, 0, 11
117, 9, 1, 0, 11
117, 9, 1, 0, 11
117, 9, 1, 0, 11
118, 14, 0, 1, 6
118, 14, 0, 1, 6
118, 14, 0, 1, 6
118, 14, 0, 1, 6
118, 14, 0, 1, 6
118, 14, 0, 1, 6
118, 14, 0, 1, 6
118, 14, 0, 1, 6
118, 14, 0, 1, 6
118, 14, 0, 1, 6
118, 14, 0, 1, 6
118, 14, 0, 1, 6
118, 14, 0, 1, 6
118, 14, 0, 1, 6
118, 3, 1, 0, 6
118, 3, 1, 0, 9
118, 3, 1, 0, 9
119, 14, 0, 1, 6
119, 14, 0, 1, 6
119, 14, 0, 1, 6
119, 14, 0, 1, 6
119, 14, 0, 1, 6
119, 14, 0, 1, 6
119, 14, 0, 1, 6
119, 14, 0, 1, 6
119, 14, 0, 1, 6
119, 14, 0, 1, 6
119, 14, 0, 1, 6
119, 14, 0, 1, 6
119, 14, 0, 1, 6
119, 14, 0, 1, 6
119, 4, 1, 0, 5
119, 4, 1, 0, 5
119, 4, 1, 0, 8
119, 4, 1, 0, 8
120, 13, 0, 1, 5
120, 13, 0, 1, 5
120, 13, 0, 1, 5
120, 13, 0, 1, 5
120, 13, 0, 1, 5
120, 13, 0, 1, 6
120, 13, 0, 1, 6
120, 13, 0, 1, 6
120, 13, 0, 1, 6
120, 13, 0, 1, 6
120, 13, 0, 1, 6
120, 13, 0, 1, 6
120, 13, 0, 1, 6
120, 11, 1, 0, 4
120, 11, 1, 0, 8
120, 11, 1, 0, 8
120, 11, 1, 0, 8
120, 11, 1, 0, 8
120, 11, 1, 0, 11
120, 11, 1, 0, 11
120, 11, 1, 0, 11
120, 11, 1, 0, 11
120, 11, 1, 0, 11
120, 11, 1, 0, 11
121, 14, 0, 1, 6
121, 14, 0, 1, 6
121, 14, 0, 1, 6
121, 14, 0, 1, 6
121, 14, 0, 1, 6
121, 14, 0, 1, 6
121, 14, 0, 1, 6
121, 14, 0, 1, 6
121, 14, 0, 1, 6
121, 14, 0, 1, 6
121, 14, 0, 1, 6
121, 14, 0, 1, 6
121, 14, 0, 1, 6
121, 14, 0, 1, 6
121, 4, 1, 0, 5
121, 4, 1, 0, 5
121, 4, 1, 0, 9
121, 4, 1, 0, 9
122, 12, 0, 1, 6
122, 12, 0, 1, 6
122, 12, 0, 1, 6
122, 12, 0, 1, 6
122, 12, 0, 1, 6
122, 12, 0, 1, 6
122, 12, 0, 1, 6
122, 12, 0, 1, 6
122, 12, 0, 1, 6
122, 12, 0, 1, 6
122, 12, 0, 1, 6
122, 12, 0, 1, 6
122, 4, 1, 0, 5
122, 4, 1, 0, 5
122, 4, 1, 0, 5
122, 4, 1, 0, 5
123, 2, 1, 0, 7
123, 2, 1, 0, 7
124, 9, 0, 1, 3
124, 9, 0, 1, 5
124, 9, 0, 1, 5
124, 9, 0, 1, 5
124, 9, 0, 1, 5
124, 9, 0, 1, 5
124, 9, 0, 1, 5
124, 9, 0, 1, 5
124, 9, 0, 1, 5
124, 14, 1, 0, 3
124, 14, 1, 0, 3
124, 14, 1, 0, 3
124, 14, 1, 0, 3
124, 14, 1, 0, 3
124, 14, 1, 0, 3
124, 14, 1, 0, 3
124, 14, 1, 0, 3
124, 14, 1, 0, 4
124, 14, 1, 0, 4
124, 14, 1, 0, 5
124, 14, 1, 0, 5
124, 14, 1, 0, 5
124, 14, 1, 0, 5
125, 10, 0, 4, 6
125, 10, 0, 4, 6
125, 10, 0, 4, 6
125, 10, 0, 4, 6
125, 10, 0, 5, 5
125, 10, 0, 5, 5
125, 10, 0, 6, 5
125, 10, 0, 6, 5
125, 10, 0, 6, 5
125, 10, 0, 6, 5
125, 10, 1, 4, 6
125, 10, 1, 4, 6
125, 10, 1, 4, 6
125, 10, 1, 4, 6
125, 10, 1, 5, 5
125, 10, 1, 5, 5
125, 10, 1, 6, 5
125, 10, 1, 6, 5
125, 10, 1, 6, 5
125, 10, 1, 6, 5
125, 10, 2, 4, 5
125, 10, 2, 4, 5
125, 10, 2, 4, 6
125, 10, 2, 4, 6
125, 10, 2, 5, 4
125, 10, 2, 5, 5
125, 10, 2, 6, 5
125, 10, 2, 6, 5
125, 10, 2, 6, 5
125, 10, 2, 6, 5
125, 6, 3, 0, 8
125, 6, 3, 0, 8
125, 6, 3, 1, 8
125, 6, 3, 1, 8
125, 6, 3, 2, 6
125, 6, 3, 2, 6
125, 16, 4, 6, 6
125, 16, 4, 6, 6
125, 16, 4, 6, 6
125, 16, 4, 6, 6
125, 16, 4, 6, 6
125, 16, 4, 6, 6
125, 16, 4, 6, 6
125, 16, 4, 6, 6
125, 16, 4, 6, 6
125, 16, 4, 6, 6
125, 16, 4, 6, 6
125, 16, 4, 6, 6
125, 16, 4, 6, 6
125, 16, 4, 6, 6
125, 16, 4, 6, 6
125, 16, 4, 6, 6
125, 12, 5, 6, 6
125, 12, 5, 6, 6
125, 12, 5, 6, 6
125, 12, 5, 6, 6
125, 12, 5, 6, 6
125, 12, 5, 6, 6
125, 12, 5, 6, 6
125, 12, 5, 6, 6
125, 12, 5, 6, 6
125, 12, 5, 6, 6
125, 12, 5, 6, 6
125, 12, 5, 6, 6
125, 19, 6, 0, 6
125, 19, 6, 0, 6
125, 19, 6, 0, 6
125, 19, 6, 0, 6
125, 19, 6, 0, 7
125, 19, 6, 0, 7
125, 19, 6, 1, 6
125, 19, 6, 1, 6
125, 19, 6, 1, 6
125, 19, 6, 1, 6
125, 19, 6, 1, 7
125, 19, 6, 1, 7
125, 19, 6, 2, 2
125, 19, 6, 2, 4
125, 19, 6, 2, 4
125, 19, 6, 2, 4
125, 19, 6, 2, 4
125, 19, 6, 3, 5
125, 19, 6, 3, 5
Goal
123
124
125
