CG
269
0, 1, 267, 235
1, 3, 0, 2
1, 3, 206, 1
1, 3, 35, 1
2, 2, 0, 1
2, 2, 206, 1
3, 2, 0, 4
3, 2, 4, 4
4, 2, 0, 1
4, 2, 231, 1
5, 4, 0, 1
5, 4, 6, 1
5, 4, 7, 1
5, 4, 8, 1
6, 2, 0, 1
6, 2, 167, 1
7, 2, 0, 1
7, 2, 168, 1
8, 2, 0, 1
8, 2, 169, 1
9, 2, 0, 1
9, 2, 194, 1
10, 2, 0, 3
10, 2, 11, 3
11, 2, 0, 1
11, 2, 12, 1
12, 2, 0, 1
12, 2, 13, 1
13, 2, 0, 1
13, 2, 176, 1
14, 2, 0, 3
14, 2, 15, 3
15, 2, 0, 1
15, 2, 188, 1
16, 3, 0, 2
16, 3, 36, 1
16, 3, 17, 1
17, 2, 0, 1
17, 2, 34, 1
18, 3, 0, 2
18, 3, 230, 1
18, 3, 34, 1
19, 3, 0, 1
19, 3, 20, 1
19, 3, 21, 1
20, 2, 0, 1
20, 2, 22, 1
21, 2, 0, 1
21, 2, 23, 1
22, 2, 0, 1
22, 2, 37, 1
23, 2, 0, 1
23, 2, 38, 1
24, 4, 0, 1
24, 4, 40, 1
24, 4, 25, 1
24, 4, 26, 1
25, 2, 0, 1
25, 2, 27, 1
26, 2, 0, 1
26, 2, 28, 1
27, 5, 0, 1
27, 5, 41, 1
27, 5, 29, 1
27, 5, 42, 1
27, 5, 43, 1
28, 2, 0, 1
28, 2, 171, 1
29, 2, 0, 1
29, 2, 199, 1
30, 2, 0, 1
30, 2, 31, 1
31, 2, 0, 1
31, 2, 32, 1
32, 2, 0, 1
32, 2, 266, 1
33, 3, 0, 3
33, 3, 197, 3
33, 3, 267, 2
34, 2, 0, 1
34, 2, 18, 1
35, 2, 0, 1
35, 2, 1, 1
36, 2, 0, 1
36, 2, 16, 1
37, 3, 0, 1
37, 3, 38, 1
37, 3, 39, 1
38, 3, 0, 1
38, 3, 37, 1
38, 3, 39, 1
39, 2, 0, 1
39, 2, 230, 1
40, 3, 0, 2
40, 3, 198, 2
40, 3, 267, 1
41, 3, 0, 2
41, 3, 232, 2
41, 3, 267, 1
42, 3, 0, 2
42, 3, 233, 2
42, 3, 267, 1
43, 3, 0, 2
43, 3, 234, 2
43, 3, 267, 1
44, 3, 0, 2
44, 3, 109, 2
44, 3, 267, 1
45, 3, 0, 2
45, 3, 46, 2
45, 3, 267, 1
46, 4, 0, 1
46, 4, 47, 1
46, 4, 76, 1
46, 4, 48, 1
47, 3, 0, 2
47, 3, 77, 2
47, 3, 267, 1
48, 3, 0, 2
48, 3, 191, 2
48, 3, 267, 1
49, 3, 0, 2
49, 3, 50, 2
49, 3, 267, 1
50, 4, 0, 1
50, 4, 51, 1
50, 4, 52, 1
50, 4, 53, 1
51, 3, 0, 2
51, 3, 78, 2
51, 3, 267, 1
52, 3, 0, 2
52, 3, 54, 2
52, 3, 267, 1
53, 3, 0, 2
53, 3, 79, 2
53, 3, 267, 1
54, 3, 0, 1
54, 3, 55, 1
54, 3, 56, 1
55, 3, 0, 2
55, 3, 172, 2
55, 3, 267, 1
56, 3, 0, 2
56, 3, 110, 2
56, 3, 267, 1
57, 3, 0, 2
57, 3, 236, 2
57, 3, 267, 1
58, 3, 0, 2
58, 3, 237, 2
58, 3, 267, 1
59, 3, 0, 2
59, 3, 111, 2
59, 3, 267, 1
60, 3, 0, 2
60, 3, 173, 2
60, 3, 267, 1
61, 3, 0, 2
61, 3, 174, 2
61, 3, 267, 1
62, 3, 0, 2
62, 3, 241, 2
62, 3, 267, 1
63, 3, 0, 2
63, 3, 242, 2
63, 3, 267, 1
64, 3, 0, 2
64, 3, 243, 2
64, 3, 267, 1
65, 3, 0, 2
65, 3, 81, 2
65, 3, 267, 1
66, 3, 0, 2
66, 3, 189, 2
66, 3, 267, 1
67, 3, 0, 2
67, 3, 68, 2
67, 3, 267, 1
68, 4, 0, 1
68, 4, 69, 1
68, 4, 70, 1
68, 4, 83, 1
69, 3, 0, 2
69, 3, 200, 2
69, 3, 267, 1
70, 3, 0, 2
70, 3, 201, 2
70, 3, 267, 1
71, 3, 0, 2
71, 3, 175, 2
71, 3, 267, 1
72, 3, 0, 2
72, 3, 246, 2
72, 3, 267, 1
73, 3, 0, 2
73, 3, 247, 2
73, 3, 267, 1
74, 3, 0, 2
74, 3, 204, 2
74, 3, 267, 1
75, 3, 0, 2
75, 3, 205, 2
75, 3, 267, 1
76, 3, 0, 3
76, 3, 84, 3
76, 3, 267, 2
77, 3, 0, 2
77, 3, 112, 2
77, 3, 267, 1
78, 5, 0, 4
78, 5, 35, 1
78, 5, 177, 2
78, 5, 2, 1
78, 5, 267, 1
79, 5, 0, 4
79, 5, 3, 1
79, 5, 80, 2
79, 5, 5, 1
79, 5, 267, 1
80, 5, 0, 1
80, 5, 57, 1
80, 5, 85, 1
80, 5, 58, 1
80, 5, 86, 1
81, 5, 0, 4
81, 5, 36, 1
81, 5, 82, 2
81, 5, 19, 1
81, 5, 267, 1
82, 5, 0, 1
82, 5, 87, 1
82, 5, 66, 1
82, 5, 88, 1
82, 5, 67, 1
83, 3, 0, 3
83, 3, 202, 3
83, 3, 267, 2
84, 5, 0, 1
84, 5, 89, 1
84, 5, 62, 1
84, 5, 63, 1
84, 5, 64, 1
85, 3, 0, 3
85, 3, 238, 3
85, 3, 267, 2
86, 3, 0, 3
86, 3, 239, 3
86, 3, 267, 2
87, 3, 0, 3
87, 3, 113, 3
87, 3, 267, 2
88, 3, 0, 3
88, 3, 186, 3
88, 3, 267, 2
89, 3, 0, 3
89, 3, 244, 3
89, 3, 267, 2
90, 4, 0, 1
90, 4, 91, 1
90, 4, 92, 1
90, 4, 74, 1
91, 3, 0, 3
91, 3, 212, 3
91, 3, 267, 2
92, 3, 0, 3
92, 3, 213, 3
92, 3, 267, 2
93, 3, 0, 1
93, 3, 49, 1
93, 3, 59, 1
94, 3, 0, 1
94, 3, 60, 1
94, 3, 61, 1
95, 3, 0, 3
95, 3, 195, 3
95, 3, 267, 2
96, 3, 0, 3
96, 3, 114, 3
96, 3, 267, 2
97, 3, 0, 3
97, 3, 136, 3
97, 3, 267, 2
98, 3, 0, 3
98, 3, 187, 3
98, 3, 267, 2
99, 3, 0, 1
99, 3, 71, 1
99, 3, 100, 1
100, 3, 0, 3
100, 3, 183, 3
100, 3, 267, 2
101, 3, 0, 3
101, 3, 219, 3
101, 3, 267, 2
102, 5, 0, 1
102, 5, 103, 1
102, 5, 104, 1
102, 5, 115, 1
102, 5, 116, 1
103, 3, 0, 3
103, 3, 261, 3
103, 3, 267, 2
104, 3, 0, 3
104, 3, 262, 3
104, 3, 267, 2
105, 3, 0, 3
105, 3, 248, 3
105, 3, 267, 2
106, 3, 0, 3
106, 3, 249, 3
106, 3, 267, 2
107, 3, 0, 3
107, 3, 215, 3
107, 3, 267, 2
108, 3, 0, 3
108, 3, 216, 3
108, 3, 267, 2
109, 3, 0, 3
109, 3, 117, 3
109, 3, 267, 2
110, 3, 0, 3
110, 3, 181, 3
110, 3, 267, 2
111, 3, 0, 3
111, 3, 190, 3
111, 3, 267, 2
112, 3, 0, 3
112, 3, 209, 3
112, 3, 267, 2
113, 3, 0, 2
113, 3, 251, 2
113, 3, 267, 1
114, 4, 0, 3
114, 4, 176, 2
114, 4, 10, 1
114, 4, 267, 1
115, 3, 0, 4
115, 3, 263, 4
115, 3, 267, 3
116, 3, 0, 4
116, 3, 264, 4
116, 3, 267, 3
117, 3, 0, 2
117, 3, 118, 2
117, 3, 267, 1
118, 3, 0, 3
118, 3, 193, 3
118, 3, 267, 2
119, 3, 0, 2
119, 3, 93, 2
119, 3, 267, 1
120, 4, 0, 3
120, 4, 206, 2
120, 4, 177, 1
120, 4, 267, 1
121, 3, 0, 2
121, 3, 122, 2
121, 3, 267, 1
122, 3, 0, 5
122, 3, 123, 5
122, 3, 267, 1
123, 3, 0, 2
123, 3, 207, 2
123, 3, 267, 1
124, 4, 0, 3
124, 4, 178, 1
124, 4, 125, 2
124, 4, 267, 1
125, 3, 0, 2
125, 3, 126, 2
125, 3, 267, 1
126, 4, 0, 4
126, 4, 14, 1
126, 4, 138, 3
126, 4, 267, 2
127, 4, 0, 3
127, 4, 186, 1
127, 4, 253, 2
127, 4, 267, 1
128, 4, 0, 3
128, 4, 187, 1
128, 4, 129, 2
128, 4, 267, 1
129, 3, 0, 2
129, 3, 130, 2
129, 3, 267, 1
130, 3, 0, 2
130, 3, 131, 2
130, 3, 267, 1
131, 3, 0, 3
131, 3, 132, 3
131, 3, 267, 2
132, 3, 0, 2
132, 3, 133, 2
132, 3, 267, 1
133, 3, 0, 2
133, 3, 99, 2
133, 3, 267, 1
134, 3, 0, 4
134, 3, 226, 4
134, 3, 267, 3
135, 3, 0, 4
135, 3, 227, 4
135, 3, 267, 3
136, 3, 0, 3
136, 3, 137, 3
136, 3, 267, 2
137, 3, 0, 2
137, 3, 178, 2
137, 3, 267, 1
138, 3, 0, 4
138, 3, 139, 4
138, 3, 267, 2
139, 3, 0, 2
139, 3, 188, 2
139, 3, 267, 1
140, 3, 0, 3
140, 3, 141, 3
140, 3, 267, 2
141, 4, 0, 1
141, 4, 44, 1
141, 4, 65, 1
141, 4, 98, 1
142, 3, 0, 3
142, 3, 143, 3
142, 3, 267, 2
143, 5, 0, 1
143, 5, 45, 1
143, 5, 95, 1
143, 5, 96, 1
143, 5, 97, 1
144, 4, 0, 4
144, 4, 189, 2
144, 4, 252, 2
144, 4, 267, 2
145, 5, 0, 1
145, 5, 72, 1
145, 5, 73, 1
145, 5, 105, 1
145, 5, 106, 1
146, 3, 0, 3
146, 3, 266, 3
146, 3, 267, 2
147, 3, 0, 4
147, 3, 148, 4
147, 3, 267, 1
148, 3, 0, 4
148, 3, 149, 4
148, 3, 267, 3
149, 3, 0, 2
149, 3, 90, 2
149, 3, 267, 1
150, 4, 0, 3
150, 4, 190, 1
150, 4, 179, 2
150, 4, 267, 1
151, 4, 0, 5
151, 4, 191, 2
151, 4, 152, 3
151, 4, 267, 3
152, 3, 0, 2
152, 3, 208, 2
152, 3, 267, 1
153, 3, 0, 2
153, 3, 102, 2
153, 3, 267, 1
154, 4, 0, 4
154, 4, 193, 1
154, 4, 220, 3
154, 4, 267, 2
155, 4, 0, 4
155, 4, 156, 3
155, 4, 9, 1
155, 4, 267, 2
156, 3, 0, 6
156, 3, 157, 6
156, 3, 267, 2
157, 3, 0, 3
157, 3, 194, 3
157, 3, 267, 2
158, 3, 0, 3
158, 3, 145, 3
158, 3, 267, 2
159, 3, 0, 3
159, 3, 197, 3
159, 3, 267, 2
160, 4, 0, 1
160, 4, 107, 1
160, 4, 108, 1
160, 4, 75, 1
161, 4, 0, 5
161, 4, 195, 2
161, 4, 258, 3
161, 4, 267, 3
162, 3, 0, 2
162, 3, 146, 2
162, 3, 267, 1
163, 4, 0, 1
163, 4, 101, 1
163, 4, 134, 1
163, 4, 135, 1
164, 3, 0, 3
164, 3, 159, 3
164, 3, 267, 2
165, 4, 0, 7
165, 4, 140, 2
165, 4, 163, 5
165, 4, 267, 5
166, 6, 0, 9
166, 6, 147, 3
166, 6, 24, 1
166, 6, 30, 1
166, 6, 160, 4
166, 6, 267, 5
167, 4, 0, 1
167, 4, 168, 1
167, 4, 169, 1
167, 4, 170, 1
168, 4, 0, 1
168, 4, 167, 1
168, 4, 169, 1
168, 4, 170, 1
169, 4, 0, 1
169, 4, 167, 1
169, 4, 168, 1
169, 4, 170, 1
170, 2, 0, 1
170, 2, 231, 1
171, 4, 0, 1
171, 4, 198, 1
171, 4, 211, 1
171, 4, 180, 1
172, 3, 0, 1
172, 3, 181, 1
172, 3, 184, 1
173, 3, 0, 1
173, 3, 174, 1
173, 3, 182, 1
174, 3, 0, 1
174, 3, 173, 1
174, 3, 182, 1
175, 3, 0, 1
175, 3, 183, 1
175, 3, 185, 1
176, 3, 0, 2
176, 3, 256, 2
176, 3, 267, 1
177, 3, 0, 2
177, 3, 120, 2
177, 3, 267, 1
178, 3, 0, 2
178, 3, 124, 2
178, 3, 267, 1
179, 3, 0, 1
179, 3, 196, 1
179, 3, 192, 1
180, 2, 0, 1
180, 2, 266, 1
181, 3, 0, 1
181, 3, 172, 1
181, 3, 184, 1
182, 3, 0, 3
182, 3, 150, 3
182, 3, 267, 2
183, 3, 0, 1
183, 3, 175, 1
183, 3, 185, 1
184, 3, 0, 3
184, 3, 223, 3
184, 3, 267, 2
185, 3, 0, 3
185, 3, 221, 3
185, 3, 267, 2
186, 3, 0, 2
186, 3, 127, 2
186, 3, 267, 1
187, 3, 0, 2
187, 3, 128, 2
187, 3, 267, 1
188, 3, 0, 3
188, 3, 259, 3
188, 3, 267, 2
189, 3, 0, 2
189, 3, 144, 2
189, 3, 267, 1
190, 3, 0, 2
190, 3, 94, 2
190, 3, 267, 1
191, 3, 0, 2
191, 3, 151, 2
191, 3, 267, 1
192, 3, 0, 3
192, 3, 268, 3
192, 3, 267, 2
193, 3, 0, 3
193, 3, 154, 3
193, 3, 267, 2
194, 3, 0, 3
194, 3, 161, 3
194, 3, 267, 2
195, 3, 0, 3
195, 3, 155, 3
195, 3, 267, 2
196, 3, 0, 1
196, 3, 179, 1
196, 3, 192, 1
197, 3, 0, 6
197, 3, 166, 6
197, 3, 267, 5
198, 4, 0, 1
198, 4, 211, 1
198, 4, 171, 1
198, 4, 180, 1
199, 5, 0, 1
199, 5, 232, 1
199, 5, 233, 1
199, 5, 234, 1
199, 5, 235, 1
200, 4, 0, 1
200, 4, 201, 1
200, 4, 202, 1
200, 4, 203, 1
201, 4, 0, 1
201, 4, 200, 1
201, 4, 202, 1
201, 4, 203, 1
202, 4, 0, 1
202, 4, 200, 1
202, 4, 201, 1
202, 4, 203, 1
203, 3, 0, 2
203, 3, 254, 2
203, 3, 267, 1
204, 4, 0, 1
204, 4, 212, 1
204, 4, 213, 1
204, 4, 214, 1
205, 4, 0, 1
205, 4, 215, 1
205, 4, 216, 1
205, 4, 217, 1
206, 3, 0, 3
206, 3, 224, 3
206, 3, 267, 2
207, 4, 0, 1
207, 4, 209, 1
207, 4, 208, 1
207, 4, 210, 1
208, 4, 0, 1
208, 4, 209, 1
208, 4, 207, 1
208, 4, 210, 1
209, 4, 0, 1
209, 4, 207, 1
209, 4, 208, 1
209, 4, 210, 1
210, 3, 0, 2
210, 3, 257, 2
210, 3, 267, 1
211, 4, 0, 1
211, 4, 198, 1
211, 4, 171, 1
211, 4, 180, 1
212, 4, 0, 1
212, 4, 213, 1
212, 4, 204, 1
212, 4, 214, 1
213, 4, 0, 1
213, 4, 212, 1
213, 4, 204, 1
213, 4, 214, 1
214, 3, 0, 3
214, 3, 266, 3
214, 3, 267, 2
215, 4, 0, 1
215, 4, 216, 1
215, 4, 205, 1
215, 4, 217, 1
216, 4, 0, 1
216, 4, 215, 1
216, 4, 205, 1
216, 4, 217, 1
217, 3, 0, 4
217, 3, 162, 4
217, 3, 267, 3
218, 3, 0, 2
218, 3, 142, 2
218, 3, 267, 1
219, 4, 0, 1
219, 4, 226, 1
219, 4, 227, 1
219, 4, 228, 1
220, 4, 0, 1
220, 4, 222, 1
220, 4, 218, 1
220, 4, 221, 1
221, 4, 0, 1
221, 4, 220, 1
221, 4, 222, 1
221, 4, 218, 1
222, 4, 0, 1
222, 4, 220, 1
222, 4, 218, 1
222, 4, 221, 1
223, 4, 0, 1
223, 4, 224, 1
223, 4, 229, 1
223, 4, 225, 1
224, 4, 0, 1
224, 4, 223, 1
224, 4, 229, 1
224, 4, 225, 1
225, 3, 0, 3
225, 3, 196, 3
225, 3, 267, 2
226, 4, 0, 1
226, 4, 219, 1
226, 4, 227, 1
226, 4, 228, 1
227, 4, 0, 1
227, 4, 219, 1
227, 4, 226, 1
227, 4, 228, 1
228, 3, 0, 3
228, 3, 158, 3
228, 3, 267, 2
229, 4, 0, 1
229, 4, 224, 1
229, 4, 223, 1
229, 4, 225, 1
230, 3, 0, 2
230, 3, 222, 2
230, 3, 267, 1
231, 3, 0, 3
231, 3, 229, 3
231, 3, 267, 2
232, 5, 0, 1
232, 5, 199, 1
232, 5, 233, 1
232, 5, 234, 1
232, 5, 235, 1
233, 5, 0, 1
233, 5, 232, 1
233, 5, 199, 1
233, 5, 234, 1
233, 5, 235, 1
234, 5, 0, 1
234, 5, 232, 1
234, 5, 199, 1
234, 5, 233, 1
234, 5, 235, 1
235, 3, 0, 2
235, 3, 211, 2
235, 3, 267, 1
236, 5, 0, 1
236, 5, 238, 1
236, 5, 237, 1
236, 5, 239, 1
236, 5, 240, 1
237, 5, 0, 1
237, 5, 236, 1
237, 5, 238, 1
237, 5, 239, 1
237, 5, 240, 1
238, 5, 0, 1
238, 5, 236, 1
238, 5, 237, 1
238, 5, 239, 1
238, 5, 240, 1
239, 5, 0, 1
239, 5, 236, 1
239, 5, 238, 1
239, 5, 237, 1
239, 5, 240, 1
240, 3, 0, 3
240, 3, 231, 3
240, 3, 267, 2
241, 5, 0, 1
241, 5, 244, 1
241, 5, 242, 1
241, 5, 243, 1
241, 5, 245, 1
242, 5, 0, 1
242, 5, 244, 1
242, 5, 241, 1
242, 5, 243, 1
242, 5, 245, 1
243, 5, 0, 1
243, 5, 244, 1
243, 5, 241, 1
243, 5, 242, 1
243, 5, 245, 1
244, 5, 0, 1
244, 5, 241, 1
244, 5, 242, 1
244, 5, 243, 1
244, 5, 245, 1
245, 3, 0, 2
245, 3, 121, 2
245, 3, 267, 1
246, 5, 0, 1
246, 5, 247, 1
246, 5, 248, 1
246, 5, 249, 1
246, 5, 250, 1
247, 5, 0, 1
247, 5, 246, 1
247, 5, 248, 1
247, 5, 249, 1
247, 5, 250, 1
248, 5, 0, 1
248, 5, 246, 1
248, 5, 247, 1
248, 5, 249, 1
248, 5, 250, 1
249, 5, 0, 1
249, 5, 246, 1
249, 5, 247, 1
249, 5, 248, 1
249, 5, 250, 1
250, 3, 0, 3
250, 3, 153, 3
250, 3, 267, 2
251, 5, 0, 1
251, 5, 252, 1
251, 5, 253, 1
251, 5, 254, 1
251, 5, 255, 1
252, 5, 0, 1
252, 5, 251, 1
252, 5, 253, 1
252, 5, 254, 1
252, 5, 255, 1
253, 5, 0, 1
253, 5, 251, 1
253, 5, 252, 1
253, 5, 254, 1
253, 5, 255, 1
254, 5, 0, 1
254, 5, 251, 1
254, 5, 252, 1
254, 5, 253, 1
254, 5, 255, 1
255, 3, 0, 3
255, 3, 230, 3
255, 3, 267, 2
256, 5, 0, 1
256, 5, 257, 1
256, 5, 258, 1
256, 5, 259, 1
256, 5, 260, 1
257, 5, 0, 1
257, 5, 258, 1
257, 5, 256, 1
257, 5, 259, 1
257, 5, 260, 1
258, 5, 0, 1
258, 5, 257, 1
258, 5, 256, 1
258, 5, 259, 1
258, 5, 260, 1
259, 5, 0, 1
259, 5, 257, 1
259, 5, 258, 1
259, 5, 256, 1
259, 5, 260, 1
260, 3, 0, 2
260, 3, 119, 2
260, 3, 267, 1
261, 5, 0, 1
261, 5, 262, 1
261, 5, 263, 1
261, 5, 264, 1
261, 5, 265, 1
262, 5, 0, 1
262, 5, 261, 1
262, 5, 263, 1
262, 5, 264, 1
262, 5, 265, 1
263, 5, 0, 1
263, 5, 261, 1
263, 5, 262, 1
263, 5, 264, 1
263, 5, 265, 1
264, 5, 0, 1
264, 5, 261, 1
264, 5, 262, 1
264, 5, 263, 1
264, 5, 265, 1
265, 3, 0, 4
265, 3, 164, 4
265, 3, 267, 3
266, 3, 0, 3
266, 3, 165, 3
266, 3, 267, 2
267, 223, 0, 235
267, 223, 33, 2
267, 223, 268, 2
267, 223, 79, 2
267, 223, 231, 4
267, 223, 81, 2
267, 223, 230, 3
267, 223, 178, 2
267, 223, 124, 2
267, 223, 122, 2
267, 223, 123, 2
267, 223, 126, 3
267, 223, 188, 3
267, 223, 197, 9
267, 223, 165, 7
267, 223, 166, 10
267, 223, 266, 6
267, 223, 191, 3
267, 223, 151, 4
267, 223, 189, 3
267, 223, 144, 3
267, 223, 138, 4
267, 223, 139, 3
267, 223, 186, 3
267, 223, 127, 2
267, 223, 195, 5
267, 223, 161, 5
267, 223, 155, 4
267, 223, 194, 4
267, 223, 190, 3
267, 223, 150, 3
267, 223, 147, 3
267, 223, 156, 4
267, 223, 148, 4
267, 223, 157, 4
267, 223, 78, 2
267, 223, 206, 3
267, 223, 187, 3
267, 223, 128, 2
267, 223, 177, 2
267, 223, 120, 2
267, 223, 114, 3
267, 223, 176, 2
267, 223, 193, 4
267, 223, 154, 4
267, 223, 118, 3
267, 223, 109, 3
267, 223, 44, 1
267, 223, 220, 2
267, 223, 113, 3
267, 223, 87, 2
267, 223, 251, 1
267, 223, 66, 1
267, 223, 252, 1
267, 223, 88, 2
267, 223, 253, 1
267, 223, 69, 1
267, 223, 200, 1
267, 223, 70, 1
267, 223, 201, 1
267, 223, 83, 2
267, 223, 202, 2
267, 223, 68, 1
267, 223, 203, 1
267, 223, 67, 1
267, 223, 254, 1
267, 223, 82, 1
267, 223, 255, 2
267, 223, 65, 1
267, 223, 222, 1
267, 223, 141, 2
267, 223, 218, 1
267, 223, 140, 3
267, 223, 112, 3
267, 223, 77, 2
267, 223, 47, 1
267, 223, 209, 2
267, 223, 89, 2
267, 223, 244, 2
267, 223, 62, 1
267, 223, 241, 1
267, 223, 63, 1
267, 223, 242, 1
267, 223, 64, 1
267, 223, 243, 1
267, 223, 84, 2
267, 223, 245, 1
267, 223, 121, 2
267, 223, 76, 2
267, 223, 207, 1
267, 223, 152, 3
267, 223, 48, 1
267, 223, 208, 1
267, 223, 46, 1
267, 223, 210, 1
267, 223, 45, 1
267, 223, 257, 1
267, 223, 95, 2
267, 223, 258, 2
267, 223, 96, 2
267, 223, 256, 1
267, 223, 136, 4
267, 223, 137, 3
267, 223, 125, 2
267, 223, 97, 2
267, 223, 259, 2
267, 223, 143, 2
267, 223, 260, 1
267, 223, 51, 1
267, 223, 224, 2
267, 223, 55, 1
267, 223, 172, 1
267, 223, 110, 3
267, 223, 56, 1
267, 223, 181, 2
267, 223, 54, 1
267, 223, 184, 2
267, 223, 52, 1
267, 223, 223, 2
267, 223, 57, 1
267, 223, 236, 1
267, 223, 85, 2
267, 223, 238, 2
267, 223, 58, 1
267, 223, 237, 1
267, 223, 86, 2
267, 223, 239, 2
267, 223, 80, 1
267, 223, 240, 2
267, 223, 53, 1
267, 223, 229, 2
267, 223, 50, 1
267, 223, 225, 2
267, 223, 49, 1
267, 223, 196, 2
267, 223, 60, 1
267, 223, 173, 1
267, 223, 61, 1
267, 223, 174, 1
267, 223, 94, 1
267, 223, 182, 2
267, 223, 111, 3
267, 223, 59, 1
267, 223, 179, 1
267, 223, 93, 1
267, 223, 192, 2
267, 223, 119, 2
267, 223, 142, 3
267, 223, 40, 1
267, 223, 198, 1
267, 223, 41, 1
267, 223, 232, 1
267, 223, 42, 1
267, 223, 233, 1
267, 223, 43, 1
267, 223, 234, 1
267, 223, 235, 1
267, 223, 211, 1
267, 223, 91, 2
267, 223, 212, 2
267, 223, 92, 2
267, 223, 213, 2
267, 223, 74, 1
267, 223, 204, 1
267, 223, 90, 1
267, 223, 214, 2
267, 223, 149, 4
267, 223, 107, 2
267, 223, 215, 2
267, 223, 108, 2
267, 223, 216, 2
267, 223, 75, 1
267, 223, 205, 1
267, 223, 160, 3
267, 223, 217, 3
267, 223, 146, 3
267, 223, 162, 4
267, 223, 101, 2
267, 223, 219, 2
267, 223, 134, 3
267, 223, 226, 3
267, 223, 135, 3
267, 223, 227, 3
267, 223, 163, 4
267, 223, 228, 2
267, 223, 72, 1
267, 223, 246, 1
267, 223, 73, 1
267, 223, 247, 1
267, 223, 105, 2
267, 223, 248, 2
267, 223, 106, 2
267, 223, 249, 2
267, 223, 145, 2
267, 223, 250, 2
267, 223, 158, 4
267, 223, 103, 2
267, 223, 261, 2
267, 223, 104, 2
267, 223, 262, 2
267, 223, 115, 3
267, 223, 263, 3
267, 223, 116, 3
267, 223, 264, 3
267, 223, 102, 1
267, 223, 265, 3
267, 223, 159, 4
267, 223, 164, 5
267, 223, 153, 3
267, 223, 130, 2
267, 223, 129, 2
267, 223, 132, 3
267, 223, 71, 1
267, 223, 175, 1
267, 223, 100, 2
267, 223, 183, 2
267, 223, 99, 1
267, 223, 185, 2
267, 223, 133, 2
267, 223, 131, 3
267, 223, 98, 2
267, 223, 221, 2
267, 223, 117, 3
DTG
0, 222, 0, 1, 2
0, 222, 0, 1, 2
0, 222, 0, 1, 2
0, 222, 0, 1, 2
0, 222, 0, 1, 2
0, 222, 0, 1, 2
0, 222, 0, 1, 2
0, 222, 0, 1, 2
0, 222, 0, 1, 2
0, 222, 0, 1, 2
0, 222, 0, 1, 2
0, 222, 0, 1, 2
0, 222, 0, 1, 2
0, 222, 0, 1, 2
0, 222, 0, 1, 2
0, 222, 0, 1, 2
0, 222, 0, 1, 2
0, 222, 0, 1, 2
0, 222, 0, 1, 2
0, 222, 0, 1, 2
0, 222, 0, 1, 2
0, 222, 0, 1, 2
0, 222, 0, 1, 2
0, 222, 0, 1, 2
0, 222, 0, 1, 2
0, 222, 0, 1, 2
0, 222, 0, 1, 2
0, 222, 0, 1, 2
0, 222, 0, 1, 2
0, 222, 0, 1, 2
0, 222, 0, 1, 2
0, 222, 0, 1, 2
0, 222, 0, 1, 2
0, 222, 0, 1, 2
0, 222, 0, 1, 2
0, 222, 0, 1, 2
0, 222, 0, 1, 2
0, 222, 0, 1, 2
0, 222, 0, 1, 2
0, 222, 0, 1, 2
0, 222, 0, 1, 2
0, 222, 0, 1, 2
0, 222, 0, 1, 2
0, 222, 0, 1, 2
0, 222, 0, 1, 2
0, 222, 0, 1, 2
0, 222, 0, 1, 2
0, 222, 0, 1, 2
0, 222, 0, 1, 2
0, 222, 0, 1, 2
0, 222, 0, 1, 2
0, 222, 0, 1, 2
0, 222, 0, 1, 2
0, 222, 0, 1, 2
0, 222, 0, 1, 2
0, 222, 0, 1, 2
0, 222, 0, 1, 2
0, 222, 0, 1, 2
0, 222, 0, 1, 2
0, 222, 0, 1, 2
0, 222, 0, 1, 2
0, 222, 0, 1, 2
0, 222, 0, 1, 2
0, 222, 0, 1, 2
0, 222, 0, 1, 2
0, 222, 0, 1, 2
0, 222, 0, 1, 2
0, 222, 0, 1, 2
0, 222, 0, 1, 2
0, 222, 0, 1, 2
0, 222, 0, 1, 2
0, 222, 0, 1, 2
0, 222, 0, 1, 2
0, 222, 0, 1, 2
0, 222, 0, 1, 2
0, 222, 0, 1, 2
0, 222, 0, 1, 2
0, 222, 0, 1, 2
0, 222, 0, 1, 2
0, 222, 0, 1, 2
0, 222, 0, 1, 2
0, 222, 0, 1, 2
0, 222, 0, 1, 2
0, 222, 0, 1, 2
0, 222, 0, 1, 2
0, 222, 0, 1, 2
0, 222, 0, 1, 2
0, 222, 0, 1, 2
0, 222, 0, 1, 2
0, 222, 0, 1, 2
0, 222, 0, 1, 2
0, 222, 0, 1, 2
0, 222, 0, 1, 2
0, 222, 0, 1, 2
0, 222, 0, 1, 2
0, 222, 0, 1, 2
0, 222, 0, 1, 2
0, 222, 0, 1, 2
0, 222, 0, 1, 2
0, 222, 0, 1, 2
0, 222, 0, 1, 2
0, 222, 0, 1, 2
0, 222, 0, 1, 2
0, 222, 0, 1, 2
0, 222, 0, 1, 2
0, 222, 0, 1, 2
0, 222, 0, 1, 2
0, 222, 0, 1, 2
0, 222, 0, 1, 2
0, 222, 0, 1, 2
0, 222, 0, 1, 2
0, 222, 0, 1, 2
0, 222, 0, 1, 2
0, 222, 0, 1, 2
0, 222, 0, 1, 2
0, 222, 0, 1, 2
0, 222, 0, 1, 2
0, 222, 0, 1, 2
0, 222, 0, 1, 2
0, 222, 0, 1, 2
0, 222, 0, 1, 2
0, 222, 0, 1, 2
0, 222, 0, 1, 2
0, 222, 0, 1, 2
0, 222, 0, 1, 2
0, 222, 0, 1, 2
0, 222, 0, 1, 2
0, 222, 0, 1, 2
0, 222, 0, 1, 2
0, 222, 0, 1, 2
0, 222, 0, 1, 2
0, 222, 0, 1, 2
0, 222, 0, 1, 2
0, 222, 0, 1, 2
0, 222, 0, 1, 2
0, 222, 0, 1, 2
0, 222, 0, 1, 2
0, 222, 0, 1, 2
0, 222, 0, 1, 2
0, 222, 0, 1, 2
0, 222, 0, 1, 2
0, 222, 0, 1, 2
0, 222, 0, 1, 2
0, 222, 0, 1, 2
0, 222, 0, 1, 2
0, 222, 0, 1, 2
0, 222, 0, 1, 2
0, 222, 0, 1, 2
0, 222, 0, 1, 2
0, 222, 0, 1, 2
0, 222, 0, 1, 2
0, 222, 0, 1, 2
0, 222, 0, 1, 2
0, 222, 0, 1, 2
0, 222, 0, 1, 2
0, 222, 0, 1, 2
0, 222, 0, 1, 2
0, 222, 0, 1, 2
0, 222, 0, 1, 2
0, 222, 0, 1, 2
0, 222, 0, 1, 2
0, 222, 0, 1, 2
0, 222, 0, 1, 2
0, 222, 0, 1, 2
0, 222, 0, 1, 2
0, 222, 0, 1, 2
0, 222, 0, 1, 2
0, 222, 0, 1, 2
0, 222, 0, 1, 2
0, 222, 0, 1, 2
0, 222, 0, 1, 2
0, 222, 0, 1, 2
0, 222, 0, 1, 2
0, 222, 0, 1, 2
0, 222, 0, 1, 2
0, 222, 0, 1, 2
0, 222, 0, 1, 2
0, 222, 0, 1, 2
0, 222, 0, 1, 2
0, 222, 0, 1, 2
0, 222, 0, 1, 2
0, 222, 0, 1, 2
0, 222, 0, 1, 2
0, 222, 0, 1, 2
0, 222, 0, 1, 2
0, 222, 0, 1, 2
0, 222, 0, 1, 2
0, 222, 0, 1, 2
0, 222, 0, 1, 2
0, 222, 0, 1, 2
0, 222, 0, 1, 2
0, 222, 0, 1, 2
0, 222, 0, 1, 2
0, 222, 0, 1, 2
0, 222, 0, 1, 2
0, 222, 0, 1, 2
0, 222, 0, 1, 2
0, 222, 0, 1, 2
0, 222, 0, 1, 2
0, 222, 0, 1, 2
0, 222, 0, 1, 2
0, 222, 0, 1, 3
0, 222, 0, 1, 3
0, 222, 0, 1, 3
0, 222, 0, 1, 3
0, 222, 0, 1, 3
0, 222, 0, 1, 4
0, 222, 0, 1, 4
0, 222, 0, 1, 4
0, 222, 0, 1, 4
0, 222, 0, 1, 4
0, 222, 0, 1, 4
0, 222, 0, 1, 4
0, 222, 0, 1, 4
0, 222, 0, 1, 4
0, 222, 0, 1, 5
0, 222, 0, 1, 5
0, 222, 0, 1, 5
0, 222, 0, 1, 5
0, 222, 0, 1, 5
0, 222, 0, 1, 5
0, 222, 0, 1, 5
0, 235, 1, 0, 3
0, 235, 1, 0, 3
0, 235, 1, 0, 3
0, 235, 1, 0, 3
0, 235, 1, 0, 3
0, 235, 1, 0, 3
0, 235, 1, 0, 3
0, 235, 1, 0, 3
0, 235, 1, 0, 3
0, 235, 1, 0, 3
0, 235, 1, 0, 3
0, 235, 1, 0, 3
0, 235, 1, 0, 3
0, 235, 1, 0, 3
0, 235, 1, 0, 3
0, 235, 1, 0, 3
0, 235, 1, 0, 3
0, 235, 1, 0, 3
0, 235, 1, 0, 3
0, 235, 1, 0, 3
0, 235, 1, 0, 3
0, 235, 1, 0, 3
0, 235, 1, 0, 3
0, 235, 1, 0, 3
0, 235, 1, 0, 3
0, 235, 1, 0, 3
0, 235, 1, 0, 3
0, 235, 1, 0, 3
0, 235, 1, 0, 3
0, 235, 1, 0, 3
0, 235, 1, 0, 3
0, 235, 1, 0, 3
0, 235, 1, 0, 3
0, 235, 1, 0, 3
0, 235, 1, 0, 3
0, 235, 1, 0, 3
0, 235, 1, 0, 3
0, 235, 1, 0, 3
0, 235, 1, 0, 3
0, 235, 1, 0, 3
0, 235, 1, 0, 3
0, 235, 1, 0, 3
0, 235, 1, 0, 3
0, 235, 1, 0, 3
0, 235, 1, 0, 3
0, 235, 1, 0, 3
0, 235, 1, 0, 3
0, 235, 1, 0, 3
0, 235, 1, 0, 3
0, 235, 1, 0, 3
0, 235, 1, 0, 3
0, 235, 1, 0, 3
0, 235, 1, 0, 3
0, 235, 1, 0, 3
0, 235, 1, 0, 3
0, 235, 1, 0, 3
0, 235, 1, 0, 3
0, 235, 1, 0, 3
0, 235, 1, 0, 3
0, 235, 1, 0, 3
0, 235, 1, 0, 3
0, 235, 1, 0, 3
0, 235, 1, 0, 3
0, 235, 1, 0, 3
0, 235, 1, 0, 3
0, 235, 1, 0, 3
0, 235, 1, 0, 3
0, 235, 1, 0, 3
0, 235, 1, 0, 3
0, 235, 1, 0, 3
0, 235, 1, 0, 3
0, 235, 1, 0, 3
0, 235, 1, 0, 3
0, 235, 1, 0, 3
0, 235, 1, 0, 3
0, 235, 1, 0, 3
0, 235, 1, 0, 3
0, 235, 1, 0, 3
0, 235, 1, 0, 3
0, 235, 1, 0, 3
0, 235, 1, 0, 3
0, 235, 1, 0, 3
0, 235, 1, 0, 3
0, 235, 1, 0, 3
0, 235, 1, 0, 3
0, 235, 1, 0, 3
0, 235, 1, 0, 3
0, 235, 1, 0, 3
0, 235, 1, 0, 3
0, 235, 1, 0, 3
0, 235, 1, 0, 3
0, 235, 1, 0, 3
0, 235, 1, 0, 3
0, 235, 1, 0, 3
0, 235, 1, 0, 3
0, 235, 1, 0, 3
0, 235, 1, 0, 3
0, 235, 1, 0, 3
0, 235, 1, 0, 3
0, 235, 1, 0, 3
0, 235, 1, 0, 3
0, 235, 1, 0, 3
0, 235, 1, 0, 3
0, 235, 1, 0, 3
0, 235, 1, 0, 3
0, 235, 1, 0, 3
0, 235, 1, 0, 3
0, 235, 1, 0, 3
0, 235, 1, 0, 3
0, 235, 1, 0, 3
0, 235, 1, 0, 3
0, 235, 1, 0, 3
0, 235, 1, 0, 3
0, 235, 1, 0, 3
0, 235, 1, 0, 3
0, 235, 1, 0, 3
0, 235, 1, 0, 3
0, 235, 1, 0, 3
0, 235, 1, 0, 3
0, 235, 1, 0, 3
0, 235, 1, 0, 3
0, 235, 1, 0, 3
0, 235, 1, 0, 3
0, 235, 1, 0, 3
0, 235, 1, 0, 3
0, 235, 1, 0, 3
0, 235, 1, 0, 3
0, 235, 1, 0, 3
0, 235, 1, 0, 3
0, 235, 1, 0, 3
0, 235, 1, 0, 3
0, 235, 1, 0, 3
0, 235, 1, 0, 3
0, 235, 1, 0, 3
0, 235, 1, 0, 3
0, 235, 1, 0, 3
0, 235, 1, 0, 3
0, 235, 1, 0, 3
0, 235, 1, 0, 3
0, 235, 1, 0, 3
0, 235, 1, 0, 3
0, 235, 1, 0, 3
0, 235, 1, 0, 3
0, 235, 1, 0, 3
0, 235, 1, 0, 3
0, 235, 1, 0, 3
0, 235, 1, 0, 3
0, 235, 1, 0, 3
0, 235, 1, 0, 3
0, 235, 1, 0, 3
0, 235, 1, 0, 3
0, 235, 1, 0, 3
0, 235, 1, 0, 3
0, 235, 1, 0, 3
0, 235, 1, 0, 3
0, 235, 1, 0, 3
0, 235, 1, 0, 3
0, 235, 1, 0, 3
0, 235, 1, 0, 3
0, 235, 1, 0, 3
0, 235, 1, 0, 3
0, 235, 1, 0, 3
0, 235, 1, 0, 3
0, 235, 1, 0, 3
0, 235, 1, 0, 3
0, 235, 1, 0, 3
0, 235, 1, 0, 3
0, 235, 1, 0, 3
0, 235, 1, 0, 3
0, 235, 1, 0, 3
0, 235, 1, 0, 3
0, 235, 1, 0, 3
0, 235, 1, 0, 3
0, 235, 1, 0, 3
0, 235, 1, 0, 3
0, 235, 1, 0, 3
0, 235, 1, 0, 3
0, 235, 1, 0, 3
0, 235, 1, 0, 3
0, 235, 1, 0, 3
0, 235, 1, 0, 3
0, 235, 1, 0, 3
0, 235, 1, 0, 3
0, 235, 1, 0, 3
0, 235, 1, 0, 3
0, 235, 1, 0, 3
0, 235, 1, 0, 3
0, 235, 1, 0, 3
0, 235, 1, 0, 3
0, 235, 1, 0, 3
0, 235, 1, 0, 3
0, 235, 1, 0, 3
0, 235, 1, 0, 3
0, 235, 1, 0, 3
0, 235, 1, 0, 3
0, 235, 1, 0, 3
0, 235, 1, 0, 3
0, 235, 1, 0, 3
0, 235, 1, 0, 3
0, 235, 1, 0, 3
0, 235, 1, 0, 3
0, 235, 1, 0, 3
0, 235, 1, 0, 3
0, 235, 1, 0, 3
0, 235, 1, 0, 3
0, 235, 1, 0, 3
0, 235, 1, 0, 3
0, 235, 1, 0, 3
0, 235, 1, 0, 3
0, 235, 1, 0, 3
0, 235, 1, 0, 3
0, 235, 1, 0, 3
0, 235, 1, 0, 3
0, 235, 1, 0, 3
0, 235, 1, 0, 3
0, 235, 1, 0, 3
0, 235, 1, 0, 3
0, 235, 1, 0, 3
0, 235, 1, 0, 3
0, 235, 1, 0, 3
0, 235, 1, 0, 3
0, 235, 1, 0, 3
0, 235, 1, 0, 3
0, 235, 1, 0, 3
0, 235, 1, 0, 3
0, 235, 1, 0, 3
0, 235, 1, 0, 3
0, 235, 1, 0, 3
0, 235, 1, 0, 3
0, 235, 1, 0, 3
0, 235, 1, 0, 3
0, 235, 1, 0, 3
0, 235, 1, 0, 3
0, 235, 1, 0, 3
0, 235, 1, 0, 3
1, 1, 0, 1, 1
1, 1, 1, 0, 2
2, 1, 0, 1, 1
2, 1, 1, 0, 2
3, 1, 0, 1, 1
3, 1, 1, 0, 2
4, 1, 0, 1, 1
4, 1, 1, 0, 2
5, 1, 0, 1, 1
5, 1, 1, 0, 2
6, 1, 0, 1, 1
6, 1, 1, 0, 2
7, 1, 0, 1, 1
7, 1, 1, 0, 2
8, 1, 0, 1, 1
8, 1, 1, 0, 2
9, 1, 0, 1, 1
9, 1, 1, 0, 2
10, 1, 0, 1, 1
10, 1, 1, 0, 2
11, 1, 0, 1, 1
11, 1, 1, 0, 2
12, 1, 0, 1, 1
12, 1, 1, 0, 2
13, 1, 0, 1, 1
13, 1, 1, 0, 2
14, 1, 0, 1, 1
14, 1, 1, 0, 2
15, 1, 0, 1, 1
15, 1, 1, 0, 2
16, 1, 0, 1, 1
16, 1, 1, 0, 2
17, 1, 0, 1, 1
17, 1, 1, 0, 2
18, 1, 0, 1, 1
18, 1, 1, 0, 2
19, 1, 0, 1, 1
19, 1, 1, 0, 2
20, 1, 0, 1, 1
20, 1, 1, 0, 2
21, 1, 0, 1, 1
21, 1, 1, 0, 2
22, 1, 0, 1, 1
22, 1, 1, 0, 2
23, 1, 0, 1, 1
23, 1, 1, 0, 2
24, 1, 0, 1, 1
24, 1, 1, 0, 2
25, 1, 0, 1, 1
25, 1, 1, 0, 2
26, 1, 0, 1, 1
26, 1, 1, 0, 2
27, 1, 0, 1, 1
27, 1, 1, 0, 2
28, 1, 0, 1, 1
28, 1, 1, 0, 2
29, 1, 0, 1, 1
29, 1, 1, 0, 2
30, 1, 0, 1, 1
30, 1, 1, 0, 2
31, 1, 0, 1, 1
31, 1, 1, 0, 2
32, 1, 0, 1, 1
32, 1, 1, 0, 2
33, 3, 0, 1, 1
33, 3, 0, 1, 2
33, 3, 0, 1, 2
34, 1, 0, 1, 1
34, 2, 1, 0, 2
34, 2, 1, 0, 2
35, 1, 0, 1, 1
35, 2, 1, 0, 2
35, 2, 1, 0, 2
36, 1, 0, 1, 1
36, 2, 1, 0, 2
36, 2, 1, 0, 2
37, 1, 0, 1, 2
37, 1, 1, 0, 2
38, 1, 0, 1, 2
38, 1, 1, 0, 2
39, 1, 0, 1, 1
39, 1, 1, 0, 3
40, 2, 0, 1, 1
40, 2, 0, 1, 2
40, 1, 1, 0, 2
41, 2, 0, 1, 1
41, 2, 0, 1, 2
41, 1, 1, 0, 2
42, 2, 0, 1, 1
42, 2, 0, 1, 2
42, 1, 1, 0, 2
43, 2, 0, 1, 1
43, 2, 0, 1, 2
43, 1, 1, 0, 2
44, 2, 0, 1, 1
44, 2, 0, 1, 2
44, 1, 1, 0, 2
45, 2, 0, 1, 1
45, 2, 0, 1, 2
45, 1, 1, 0, 2
46, 1, 0, 1, 1
46, 2, 1, 0, 2
46, 2, 1, 0, 3
47, 2, 0, 1, 1
47, 2, 0, 1, 2
47, 1, 1, 0, 2
48, 2, 0, 1, 1
48, 2, 0, 1, 2
48, 1, 1, 0, 2
49, 2, 0, 1, 1
49, 2, 0, 1, 2
49, 1, 1, 0, 2
50, 1, 0, 1, 1
50, 2, 1, 0, 2
50, 2, 1, 0, 3
51, 2, 0, 1, 1
51, 2, 0, 1, 2
51, 1, 1, 0, 2
52, 2, 0, 1, 1
52, 2, 0, 1, 2
52, 1, 1, 0, 2
53, 2, 0, 1, 1
53, 2, 0, 1, 2
53, 1, 1, 0, 2
54, 1, 0, 1, 1
54, 2, 1, 0, 2
54, 2, 1, 0, 3
55, 2, 0, 1, 1
55, 2, 0, 1, 2
55, 1, 1, 0, 2
56, 2, 0, 1, 1
56, 2, 0, 1, 2
56, 1, 1, 0, 2
57, 2, 0, 1, 1
57, 2, 0, 1, 2
57, 1, 1, 0, 2
58, 2, 0, 1, 1
58, 2, 0, 1, 2
58, 1, 1, 0, 2
59, 2, 0, 1, 1
59, 2, 0, 1, 2
59, 1, 1, 0, 2
60, 2, 0, 1, 1
60, 2, 0, 1, 2
60, 1, 1, 0, 2
61, 2, 0, 1, 1
61, 2, 0, 1, 2
61, 1, 1, 0, 2
62, 2, 0, 1, 1
62, 2, 0, 1, 2
62, 1, 1, 0, 2
63, 2, 0, 1, 1
63, 2, 0, 1, 2
63, 1, 1, 0, 2
64, 2, 0, 1, 1
64, 2, 0, 1, 2
64, 1, 1, 0, 2
65, 2, 0, 1, 1
65, 2, 0, 1, 2
65, 1, 1, 0, 2
66, 2, 0, 1, 1
66, 2, 0, 1, 2
66, 1, 1, 0, 2
67, 2, 0, 1, 1
67, 2, 0, 1, 2
67, 1, 1, 0, 2
68, 1, 0, 1, 1
68, 2, 1, 0, 2
68, 2, 1, 0, 3
69, 2, 0, 1, 1
69, 2, 0, 1, 2
69, 1, 1, 0, 2
70, 2, 0, 1, 1
70, 2, 0, 1, 2
70, 1, 1, 0, 2
71, 2, 0, 1, 1
71, 2, 0, 1, 2
71, 1, 1, 0, 2
72, 2, 0, 1, 1
72, 2, 0, 1, 2
72, 1, 1, 0, 2
73, 2, 0, 1, 1
73, 2, 0, 1, 2
73, 1, 1, 0, 2
74, 2, 0, 1, 1
74, 2, 0, 1, 2
74, 1, 1, 0, 2
75, 2, 0, 1, 1
75, 2, 0, 1, 2
75, 1, 1, 0, 2
76, 3, 0, 1, 1
76, 3, 0, 1, 2
76, 3, 0, 1, 2
76, 1, 1, 0, 2
77, 2, 0, 1, 1
77, 2, 0, 1, 2
77, 2, 1, 0, 2
77, 2, 1, 0, 3
78, 2, 0, 1, 1
78, 2, 0, 1, 2
78, 2, 1, 0, 2
78, 2, 1, 0, 3
79, 2, 0, 1, 1
79, 2, 0, 1, 2
79, 2, 1, 0, 2
79, 2, 1, 0, 3
80, 1, 0, 1, 1
80, 2, 1, 0, 2
80, 2, 1, 0, 3
81, 2, 0, 1, 1
81, 2, 0, 1, 2
81, 2, 1, 0, 2
81, 2, 1, 0, 3
82, 1, 0, 1, 1
82, 2, 1, 0, 2
82, 2, 1, 0, 3
83, 3, 0, 1, 1
83, 3, 0, 1, 2
83, 3, 0, 1, 2
83, 1, 1, 0, 2
84, 1, 0, 1, 1
84, 3, 1, 0, 2
84, 3, 1, 0, 3
84, 3, 1, 0, 3
85, 3, 0, 1, 1
85, 3, 0, 1, 2
85, 3, 0, 1, 2
85, 1, 1, 0, 2
86, 3, 0, 1, 1
86, 3, 0, 1, 2
86, 3, 0, 1, 2
86, 1, 1, 0, 2
87, 3, 0, 1, 1
87, 3, 0, 1, 2
87, 3, 0, 1, 2
87, 1, 1, 0, 2
88, 3, 0, 1, 1
88, 3, 0, 1, 2
88, 3, 0, 1, 2
88, 1, 1, 0, 2
89, 3, 0, 1, 1
89, 3, 0, 1, 2
89, 3, 0, 1, 2
89, 1, 1, 0, 2
90, 1, 0, 1, 1
90, 2, 1, 0, 2
90, 2, 1, 0, 3
91, 3, 0, 1, 1
91, 3, 0, 1, 2
91, 3, 0, 1, 2
91, 1, 1, 0, 2
92, 3, 0, 1, 1
92, 3, 0, 1, 2
92, 3, 0, 1, 2
92, 1, 1, 0, 2
93, 1, 0, 1, 1
93, 2, 1, 0, 2
93, 2, 1, 0, 3
94, 1, 0, 1, 1
94, 2, 1, 0, 2
94, 2, 1, 0, 3
95, 3, 0, 1, 1
95, 3, 0, 1, 2
95, 3, 0, 1, 2
95, 1, 1, 0, 2
96, 3, 0, 1, 1
96, 3, 0, 1, 2
96, 3, 0, 1, 2
96, 1, 1, 0, 2
97, 3, 0, 1, 1
97, 3, 0, 1, 2
97, 3, 0, 1, 2
97, 1, 1, 0, 2
98, 3, 0, 1, 1
98, 3, 0, 1, 2
98, 3, 0, 1, 2
98, 1, 1, 0, 2
99, 1, 0, 1, 1
99, 2, 1, 0, 2
99, 2, 1, 0, 3
100, 3, 0, 1, 1
100, 3, 0, 1, 2
100, 3, 0, 1, 2
100, 1, 1, 0, 2
101, 3, 0, 1, 1
101, 3, 0, 1, 2
101, 3, 0, 1, 2
101, 1, 1, 0, 2
102, 1, 0, 1, 1
102, 2, 1, 0, 2
102, 2, 1, 0, 3
103, 3, 0, 1, 1
103, 3, 0, 1, 2
103, 3, 0, 1, 2
103, 1, 1, 0, 2
104, 3, 0, 1, 1
104, 3, 0, 1, 2
104, 3, 0, 1, 2
104, 1, 1, 0, 2
105, 3, 0, 1, 1
105, 3, 0, 1, 2
105, 3, 0, 1, 2
105, 1, 1, 0, 2
106, 3, 0, 1, 1
106, 3, 0, 1, 2
106, 3, 0, 1, 2
106, 1, 1, 0, 2
107, 3, 0, 1, 1
107, 3, 0, 1, 2
107, 3, 0, 1, 2
107, 1, 1, 0, 2
108, 3, 0, 1, 1
108, 3, 0, 1, 2
108, 3, 0, 1, 2
108, 1, 1, 0, 2
109, 3, 0, 1, 1
109, 3, 0, 1, 2
109, 3, 0, 1, 2
109, 2, 1, 0, 2
109, 2, 1, 0, 3
110, 3, 0, 1, 1
110, 3, 0, 1, 2
110, 3, 0, 1, 2
110, 2, 1, 0, 2
110, 2, 1, 0, 3
111, 3, 0, 1, 1
111, 3, 0, 1, 2
111, 3, 0, 1, 2
111, 2, 1, 0, 2
111, 2, 1, 0, 3
112, 3, 0, 1, 1
112, 3, 0, 1, 2
112, 3, 0, 1, 2
112, 2, 1, 0, 2
112, 2, 1, 0, 3
113, 2, 0, 1, 1
113, 2, 0, 1, 2
113, 3, 1, 0, 2
113, 3, 1, 0, 3
113, 3, 1, 0, 3
114, 2, 0, 1, 1
114, 2, 0, 1, 2
114, 3, 1, 0, 2
114, 3, 1, 0, 3
114, 3, 1, 0, 3
115, 4, 0, 1, 1
115, 4, 0, 1, 2
115, 4, 0, 1, 2
115, 4, 0, 1, 2
115, 1, 1, 0, 2
116, 4, 0, 1, 1
116, 4, 0, 1, 2
116, 4, 0, 1, 2
116, 4, 0, 1, 2
116, 1, 1, 0, 2
117, 2, 0, 1, 1
117, 2, 0, 1, 2
117, 3, 1, 0, 2
117, 3, 1, 0, 3
117, 3, 1, 0, 3
118, 3, 0, 1, 1
118, 3, 0, 1, 2
118, 3, 0, 1, 2
118, 2, 1, 0, 2
118, 2, 1, 0, 3
119, 2, 0, 1, 1
119, 2, 0, 1, 2
119, 2, 1, 0, 2
119, 2, 1, 0, 3
120, 1, 0, 1, 1
120, 2, 1, 0, 2
120, 2, 1, 0, 3
121, 2, 0, 1, 1
121, 2, 0, 1, 2
121, 2, 1, 0, 2
121, 2, 1, 0, 3
122, 2, 0, 1, 1
122, 2, 0, 1, 2
122, 2, 1, 0, 2
122, 2, 1, 0, 3
123, 2, 0, 1, 1
123, 2, 0, 1, 2
123, 2, 1, 0, 2
123, 2, 1, 0, 3
124, 2, 0, 1, 1
124, 2, 0, 1, 2
124, 2, 1, 0, 2
124, 2, 1, 0, 3
125, 2, 0, 1, 1
125, 2, 0, 1, 2
125, 2, 1, 0, 2
125, 2, 1, 0, 3
126, 3, 0, 1, 1
126, 3, 0, 1, 2
126, 3, 0, 1, 2
126, 2, 1, 0, 2
126, 2, 1, 0, 3
127, 1, 0, 1, 1
127, 2, 1, 0, 2
127, 2, 1, 0, 3
128, 2, 0, 1, 1
128, 2, 0, 1, 2
128, 2, 1, 0, 2
128, 2, 1, 0, 3
129, 2, 0, 1, 1
129, 2, 0, 1, 2
129, 2, 1, 0, 2
129, 2, 1, 0, 3
130, 2, 0, 1, 1
130, 2, 0, 1, 2
130, 2, 1, 0, 2
130, 2, 1, 0, 3
131, 3, 0, 1, 1
131, 3, 0, 1, 2
131, 3, 0, 1, 2
131, 2, 1, 0, 2
131, 2, 1, 0, 3
132, 2, 0, 1, 1
132, 2, 0, 1, 2
132, 3, 1, 0, 2
132, 3, 1, 0, 3
132, 3, 1, 0, 3
133, 2, 0, 1, 1
133, 2, 0, 1, 2
133, 2, 1, 0, 2
133, 2, 1, 0, 3
134, 4, 0, 1, 1
134, 4, 0, 1, 2
134, 4, 0, 1, 2
134, 4, 0, 1, 2
134, 1, 1, 0, 2
135, 4, 0, 1, 1
135, 4, 0, 1, 2
135, 4, 0, 1, 2
135, 4, 0, 1, 2
135, 1, 1, 0, 2
136, 3, 0, 1, 1
136, 3, 0, 1, 2
136, 3, 0, 1, 2
136, 3, 1, 0, 2
136, 3, 1, 0, 3
136, 3, 1, 0, 3
137, 2, 0, 1, 1
137, 2, 0, 1, 2
137, 3, 1, 0, 2
137, 3, 1, 0, 3
137, 3, 1, 0, 3
138, 3, 0, 1, 1
138, 3, 0, 1, 2
138, 3, 0, 1, 2
138, 3, 1, 0, 2
138, 3, 1, 0, 3
138, 3, 1, 0, 3
139, 2, 0, 1, 1
139, 2, 0, 1, 2
139, 3, 1, 0, 2
139, 3, 1, 0, 3
139, 3, 1, 0, 3
140, 3, 0, 1, 1
140, 3, 0, 1, 2
140, 3, 0, 1, 2
140, 2, 1, 0, 2
140, 2, 1, 0, 3
141, 1, 0, 1, 1
141, 3, 1, 0, 2
141, 3, 1, 0, 3
141, 3, 1, 0, 3
142, 3, 0, 1, 1
142, 3, 0, 1, 2
142, 3, 0, 1, 2
142, 2, 1, 0, 2
142, 2, 1, 0, 3
143, 1, 0, 1, 1
143, 3, 1, 0, 2
143, 3, 1, 0, 3
143, 3, 1, 0, 3
144, 3, 0, 1, 1
144, 3, 0, 1, 2
144, 3, 0, 1, 2
144, 2, 1, 0, 2
144, 2, 1, 0, 3
145, 1, 0, 1, 1
145, 3, 1, 0, 2
145, 3, 1, 0, 3
145, 3, 1, 0, 3
146, 3, 0, 1, 1
146, 3, 0, 1, 2
146, 3, 0, 1, 2
146, 2, 1, 0, 2
146, 2, 1, 0, 3
147, 2, 0, 1, 1
147, 2, 0, 1, 2
147, 3, 1, 0, 2
147, 3, 1, 0, 3
147, 3, 1, 0, 3
148, 4, 0, 1, 1
148, 4, 0, 1, 2
148, 4, 0, 1, 2
148, 4, 0, 1, 2
148, 2, 1, 0, 2
148, 2, 1, 0, 3
149, 2, 0, 1, 1
149, 2, 0, 1, 2
149, 4, 1, 0, 2
149, 4, 1, 0, 3
149, 4, 1, 0, 3
149, 4, 1, 0, 3
150, 1, 0, 1, 1
150, 3, 1, 0, 2
150, 3, 1, 0, 3
150, 3, 1, 0, 3
151, 4, 0, 1, 1
151, 4, 0, 1, 2
151, 4, 0, 1, 2
151, 4, 0, 1, 2
151, 2, 1, 0, 2
151, 2, 1, 0, 3
152, 2, 0, 1, 1
152, 2, 0, 1, 2
152, 3, 1, 0, 2
152, 3, 1, 0, 3
152, 3, 1, 0, 3
153, 2, 0, 1, 1
153, 2, 0, 1, 2
153, 3, 1, 0, 2
153, 3, 1, 0, 3
153, 3, 1, 0, 3
154, 3, 0, 1, 1
154, 3, 0, 1, 2
154, 3, 0, 1, 2
154, 3, 1, 0, 2
154, 3, 1, 0, 3
154, 3, 1, 0, 3
155, 3, 0, 1, 1
155, 3, 0, 1, 2
155, 3, 0, 1, 2
155, 3, 1, 0, 2
155, 3, 1, 0, 3
155, 3, 1, 0, 3
156, 3, 0, 1, 1
156, 3, 0, 1, 2
156, 3, 0, 1, 2
156, 3, 1, 0, 2
156, 3, 1, 0, 3
156, 3, 1, 0, 3
157, 3, 0, 1, 1
157, 3, 0, 1, 2
157, 3, 0, 1, 2
157, 3, 1, 0, 2
157, 3, 1, 0, 3
157, 3, 1, 0, 3
158, 3, 0, 1, 1
158, 3, 0, 1, 2
158, 3, 0, 1, 2
158, 3, 1, 0, 2
158, 3, 1, 0, 3
158, 3, 1, 0, 3
159, 3, 0, 1, 1
159, 3, 0, 1, 2
159, 3, 0, 1, 2
159, 3, 1, 0, 2
159, 3, 1, 0, 3
159, 3, 1, 0, 3
160, 1, 0, 1, 1
160, 4, 1, 0, 2
160, 4, 1, 0, 3
160, 4, 1, 0, 3
160, 4, 1, 0, 3
161, 4, 0, 1, 1
161, 4, 0, 1, 2
161, 4, 0, 1, 2
161, 4, 0, 1, 2
161, 3, 1, 0, 2
161, 3, 1, 0, 3
161, 3, 1, 0, 3
162, 2, 0, 1, 1
162, 2, 0, 1, 2
162, 4, 1, 0, 2
162, 4, 1, 0, 3
162, 4, 1, 0, 3
162, 4, 1, 0, 3
163, 1, 0, 1, 1
163, 5, 1, 0, 2
163, 5, 1, 0, 3
163, 5, 1, 0, 3
163, 5, 1, 0, 3
163, 5, 1, 0, 3
164, 3, 0, 1, 1
164, 3, 0, 1, 2
164, 3, 0, 1, 2
164, 4, 1, 0, 2
164, 4, 1, 0, 3
164, 4, 1, 0, 3
164, 4, 1, 0, 3
165, 6, 0, 1, 1
165, 6, 0, 1, 2
165, 6, 0, 1, 2
165, 6, 0, 1, 2
165, 6, 0, 1, 2
165, 6, 0, 1, 2
165, 3, 1, 0, 2
165, 3, 1, 0, 3
165, 3, 1, 0, 3
166, 6, 0, 1, 1
166, 6, 0, 1, 2
166, 6, 0, 1, 2
166, 6, 0, 1, 2
166, 6, 0, 1, 2
166, 6, 0, 1, 2
166, 6, 1, 0, 2
166, 6, 1, 0, 3
166, 6, 1, 0, 3
166, 6, 1, 0, 3
166, 6, 1, 0, 3
166, 6, 1, 0, 3
167, 1, 0, 1, 3
167, 1, 1, 0, 2
168, 1, 0, 1, 3
168, 1, 1, 0, 2
169, 1, 0, 1, 3
169, 1, 1, 0, 2
170, 1, 0, 1, 1
170, 1, 1, 0, 4
171, 1, 0, 1, 3
171, 1, 1, 0, 2
172, 1, 0, 1, 2
172, 2, 1, 0, 2
172, 2, 1, 0, 3
173, 1, 0, 1, 2
173, 2, 1, 0, 2
173, 2, 1, 0, 3
174, 1, 0, 1, 2
174, 2, 1, 0, 2
174, 2, 1, 0, 3
175, 1, 0, 1, 2
175, 2, 1, 0, 2
175, 2, 1, 0, 3
176, 2, 0, 1, 1
176, 2, 0, 1, 2
176, 3, 1, 0, 2
176, 3, 1, 0, 2
176, 3, 1, 0, 3
177, 2, 0, 1, 1
177, 2, 0, 1, 2
177, 3, 1, 0, 2
177, 3, 1, 0, 2
177, 3, 1, 0, 3
178, 2, 0, 1, 1
178, 2, 0, 1, 2
178, 3, 1, 0, 2
178, 3, 1, 0, 2
178, 3, 1, 0, 3
179, 1, 0, 1, 2
179, 2, 1, 0, 2
179, 2, 1, 0, 3
180, 1, 0, 1, 1
180, 1, 1, 0, 4
181, 1, 0, 1, 2
181, 3, 1, 0, 2
181, 3, 1, 0, 3
181, 3, 1, 0, 3
182, 3, 0, 1, 1
182, 3, 0, 1, 2
182, 3, 0, 1, 2
182, 1, 1, 0, 3
183, 1, 0, 1, 2
183, 3, 1, 0, 2
183, 3, 1, 0, 3
183, 3, 1, 0, 3
184, 3, 0, 1, 1
184, 3, 0, 1, 2
184, 3, 0, 1, 2
184, 1, 1, 0, 3
185, 3, 0, 1, 1
185, 3, 0, 1, 2
185, 3, 0, 1, 2
185, 1, 1, 0, 3
186, 2, 0, 1, 1
186, 2, 0, 1, 2
186, 4, 1, 0, 2
186, 4, 1, 0, 2
186, 4, 1, 0, 3
186, 4, 1, 0, 3
187, 2, 0, 1, 1
187, 2, 0, 1, 2
187, 4, 1, 0, 2
187, 4, 1, 0, 2
187, 4, 1, 0, 3
187, 4, 1, 0, 3
188, 3, 0, 1, 1
188, 3, 0, 1, 2
188, 3, 0, 1, 2
188, 3, 1, 0, 2
188, 3, 1, 0, 2
188, 3, 1, 0, 3
189, 2, 0, 1, 1
189, 2, 0, 1, 2
189, 4, 1, 0, 2
189, 4, 1, 0, 2
189, 4, 1, 0, 3
189, 4, 1, 0, 3
190, 2, 0, 1, 1
190, 2, 0, 1, 2
190, 4, 1, 0, 2
190, 4, 1, 0, 2
190, 4, 1, 0, 3
190, 4, 1, 0, 3
191, 2, 0, 1, 1
191, 2, 0, 1, 2
191, 4, 1, 0, 2
191, 4, 1, 0, 2
191, 4, 1, 0, 3
191, 4, 1, 0, 3
192, 3, 0, 1, 1
192, 3, 0, 1, 2
192, 3, 0, 1, 2
192, 1, 1, 0, 3
193, 3, 0, 1, 1
193, 3, 0, 1, 2
193, 3, 0, 1, 2
193, 4, 1, 0, 2
193, 4, 1, 0, 2
193, 4, 1, 0, 3
193, 4, 1, 0, 3
194, 3, 0, 1, 1
194, 3, 0, 1, 2
194, 3, 0, 1, 2
194, 4, 1, 0, 2
194, 4, 1, 0, 2
194, 4, 1, 0, 3
194, 4, 1, 0, 3
195, 3, 0, 1, 1
195, 3, 0, 1, 2
195, 3, 0, 1, 2
195, 5, 1, 0, 2
195, 5, 1, 0, 2
195, 5, 1, 0, 3
195, 5, 1, 0, 3
195, 5, 1, 0, 3
196, 1, 0, 1, 2
196, 3, 1, 0, 2
196, 3, 1, 0, 3
196, 3, 1, 0, 3
197, 6, 0, 1, 1
197, 6, 0, 1, 2
197, 6, 0, 1, 2
197, 6, 0, 1, 2
197, 6, 0, 1, 2
197, 6, 0, 1, 2
197, 6, 1, 0, 2
197, 6, 1, 0, 2
197, 6, 1, 0, 3
197, 6, 1, 0, 3
197, 6, 1, 0, 3
197, 6, 1, 0, 3
198, 1, 0, 1, 3
198, 2, 1, 0, 2
198, 2, 1, 0, 3
199, 1, 0, 1, 4
199, 1, 1, 0, 2
200, 1, 0, 1, 3
200, 2, 1, 0, 2
200, 2, 1, 0, 3
201, 1, 0, 1, 3
201, 2, 1, 0, 2
201, 2, 1, 0, 3
202, 1, 0, 1, 3
202, 3, 1, 0, 2
202, 3, 1, 0, 3
202, 3, 1, 0, 3
203, 2, 0, 1, 1
203, 2, 0, 1, 2
203, 1, 1, 0, 4
204, 1, 0, 1, 3
204, 2, 1, 0, 2
204, 2, 1, 0, 3
205, 1, 0, 1, 3
205, 2, 1, 0, 2
205, 2, 1, 0, 3
206, 3, 0, 1, 1
206, 3, 0, 1, 2
206, 3, 0, 1, 2
206, 4, 1, 0, 2
206, 4, 1, 0, 2
206, 4, 1, 0, 2
206, 4, 1, 0, 3
207, 1, 0, 1, 3
207, 2, 1, 0, 2
207, 2, 1, 0, 3
208, 1, 0, 1, 3
208, 2, 1, 0, 2
208, 2, 1, 0, 3
209, 1, 0, 1, 3
209, 3, 1, 0, 2
209, 3, 1, 0, 3
209, 3, 1, 0, 3
210, 2, 0, 1, 1
210, 2, 0, 1, 2
210, 1, 1, 0, 4
211, 1, 0, 1, 3
211, 2, 1, 0, 2
211, 2, 1, 0, 3
212, 1, 0, 1, 3
212, 3, 1, 0, 2
212, 3, 1, 0, 3
212, 3, 1, 0, 3
213, 1, 0, 1, 3
213, 3, 1, 0, 2
213, 3, 1, 0, 3
213, 3, 1, 0, 3
214, 3, 0, 1, 1
214, 3, 0, 1, 2
214, 3, 0, 1, 2
214, 1, 1, 0, 4
215, 1, 0, 1, 3
215, 3, 1, 0, 2
215, 3, 1, 0, 3
215, 3, 1, 0, 3
216, 1, 0, 1, 3
216, 3, 1, 0, 2
216, 3, 1, 0, 3
216, 3, 1, 0, 3
217, 4, 0, 1, 1
217, 4, 0, 1, 2
217, 4, 0, 1, 2
217, 4, 0, 1, 2
217, 1, 1, 0, 4
218, 2, 0, 1, 1
218, 2, 0, 1, 2
218, 1, 1, 0, 4
219, 1, 0, 1, 3
219, 3, 1, 0, 2
219, 3, 1, 0, 3
219, 3, 1, 0, 3
220, 1, 0, 1, 3
220, 3, 1, 0, 2
220, 3, 1, 0, 3
220, 3, 1, 0, 3
221, 1, 0, 1, 3
221, 3, 1, 0, 2
221, 3, 1, 0, 3
221, 3, 1, 0, 3
222, 1, 0, 1, 3
222, 2, 1, 0, 2
222, 2, 1, 0, 3
223, 1, 0, 1, 3
223, 3, 1, 0, 2
223, 3, 1, 0, 3
223, 3, 1, 0, 3
224, 1, 0, 1, 3
224, 3, 1, 0, 2
224, 3, 1, 0, 3
224, 3, 1, 0, 3
225, 3, 0, 1, 1
225, 3, 0, 1, 2
225, 3, 0, 1, 2
225, 1, 1, 0, 4
226, 1, 0, 1, 3
226, 4, 1, 0, 2
226, 4, 1, 0, 3
226, 4, 1, 0, 3
226, 4, 1, 0, 3
227, 1, 0, 1, 3
227, 4, 1, 0, 2
227, 4, 1, 0, 3
227, 4, 1, 0, 3
227, 4, 1, 0, 3
228, 3, 0, 1, 1
228, 3, 0, 1, 2
228, 3, 0, 1, 2
228, 1, 1, 0, 4
229, 1, 0, 1, 3
229, 3, 1, 0, 2
229, 3, 1, 0, 3
229, 3, 1, 0, 3
230, 2, 0, 1, 1
230, 2, 0, 1, 2
230, 5, 1, 0, 2
230, 5, 1, 0, 2
230, 5, 1, 0, 2
230, 5, 1, 0, 3
230, 5, 1, 0, 3
231, 3, 0, 1, 1
231, 3, 0, 1, 2
231, 3, 0, 1, 2
231, 5, 1, 0, 2
231, 5, 1, 0, 2
231, 5, 1, 0, 2
231, 5, 1, 0, 3
231, 5, 1, 0, 3
232, 1, 0, 1, 4
232, 2, 1, 0, 2
232, 2, 1, 0, 3
233, 1, 0, 1, 4
233, 2, 1, 0, 2
233, 2, 1, 0, 3
234, 1, 0, 1, 4
234, 2, 1, 0, 2
234, 2, 1, 0, 3
235, 2, 0, 1, 1
235, 2, 0, 1, 2
235, 1, 1, 0, 5
236, 1, 0, 1, 4
236, 2, 1, 0, 2
236, 2, 1, 0, 3
237, 1, 0, 1, 4
237, 2, 1, 0, 2
237, 2, 1, 0, 3
238, 1, 0, 1, 4
238, 3, 1, 0, 2
238, 3, 1, 0, 3
238, 3, 1, 0, 3
239, 1, 0, 1, 4
239, 3, 1, 0, 2
239, 3, 1, 0, 3
239, 3, 1, 0, 3
240, 3, 0, 1, 1
240, 3, 0, 1, 2
240, 3, 0, 1, 2
240, 1, 1, 0, 5
241, 1, 0, 1, 4
241, 2, 1, 0, 2
241, 2, 1, 0, 3
242, 1, 0, 1, 4
242, 2, 1, 0, 2
242, 2, 1, 0, 3
243, 1, 0, 1, 4
243, 2, 1, 0, 2
243, 2, 1, 0, 3
244, 1, 0, 1, 4
244, 3, 1, 0, 2
244, 3, 1, 0, 3
244, 3, 1, 0, 3
245, 2, 0, 1, 1
245, 2, 0, 1, 2
245, 1, 1, 0, 5
246, 1, 0, 1, 4
246, 2, 1, 0, 2
246, 2, 1, 0, 3
247, 1, 0, 1, 4
247, 2, 1, 0, 2
247, 2, 1, 0, 3
248, 1, 0, 1, 4
248, 3, 1, 0, 2
248, 3, 1, 0, 3
248, 3, 1, 0, 3
249, 1, 0, 1, 4
249, 3, 1, 0, 2
249, 3, 1, 0, 3
249, 3, 1, 0, 3
250, 3, 0, 1, 1
250, 3, 0, 1, 2
250, 3, 0, 1, 2
250, 1, 1, 0, 5
251, 1, 0, 1, 4
251, 2, 1, 0, 2
251, 2, 1, 0, 3
252, 1, 0, 1, 4
252, 2, 1, 0, 2
252, 2, 1, 0, 3
253, 1, 0, 1, 4
253, 2, 1, 0, 2
253, 2, 1, 0, 3
254, 1, 0, 1, 4
254, 2, 1, 0, 2
254, 2, 1, 0, 3
255, 3, 0, 1, 1
255, 3, 0, 1, 2
255, 3, 0, 1, 2
255, 1, 1, 0, 5
256, 1, 0, 1, 4
256, 2, 1, 0, 2
256, 2, 1, 0, 3
257, 1, 0, 1, 4
257, 2, 1, 0, 2
257, 2, 1, 0, 3
258, 1, 0, 1, 4
258, 3, 1, 0, 2
258, 3, 1, 0, 3
258, 3, 1, 0, 3
259, 1, 0, 1, 4
259, 3, 1, 0, 2
259, 3, 1, 0, 3
259, 3, 1, 0, 3
260, 2, 0, 1, 1
260, 2, 0, 1, 2
260, 1, 1, 0, 5
261, 1, 0, 1, 4
261, 3, 1, 0, 2
261, 3, 1, 0, 3
261, 3, 1, 0, 3
262, 1, 0, 1, 4
262, 3, 1, 0, 2
262, 3, 1, 0, 3
262, 3, 1, 0, 3
263, 1, 0, 1, 4
263, 4, 1, 0, 2
263, 4, 1, 0, 3
263, 4, 1, 0, 3
263, 4, 1, 0, 3
264, 1, 0, 1, 4
264, 4, 1, 0, 2
264, 4, 1, 0, 3
264, 4, 1, 0, 3
264, 4, 1, 0, 3
265, 4, 0, 1, 1
265, 4, 0, 1, 2
265, 4, 0, 1, 2
265, 4, 0, 1, 2
265, 1, 1, 0, 5
266, 3, 0, 1, 1
266, 3, 0, 1, 2
266, 3, 0, 1, 2
266, 8, 1, 0, 2
266, 8, 1, 0, 2
266, 8, 1, 0, 2
266, 8, 1, 0, 2
266, 8, 1, 0, 3
266, 8, 1, 0, 3
266, 8, 1, 0, 3
266, 8, 1, 0, 3
267, 2, 0, 111, 2
267, 2, 0, 111, 2
267, 2, 1, 12, 2
267, 2, 1, 12, 2
267, 2, 2, 3, 2
267, 2, 2, 3, 2
267, 2, 3, 4, 2
267, 2, 3, 4, 2
267, 2, 4, 5, 2
267, 2, 4, 5, 2
267, 2, 5, 6, 2
267, 2, 5, 6, 2
267, 2, 6, 7, 2
267, 2, 6, 7, 2
267, 2, 7, 8, 2
267, 2, 7, 8, 2
267, 2, 8, 9, 2
267, 2, 8, 9, 2
267, 2, 9, 10, 2
267, 2, 9, 10, 2
267, 2, 10, 11, 2
267, 2, 10, 11, 2
267, 2, 11, 13, 2
267, 2, 11, 13, 2
267, 2, 12, 23, 2
267, 2, 12, 23, 2
267, 2, 13, 14, 2
267, 2, 13, 14, 2
267, 2, 14, 15, 2
267, 2, 14, 15, 2
267, 2, 15, 16, 2
267, 2, 15, 16, 2
267, 2, 16, 17, 2
267, 2, 16, 17, 2
267, 2, 17, 18, 2
267, 2, 17, 18, 2
267, 2, 18, 19, 2
267, 2, 18, 19, 2
267, 2, 19, 20, 2
267, 2, 19, 20, 2
267, 2, 20, 21, 2
267, 2, 20, 21, 2
267, 2, 21, 22, 2
267, 2, 21, 22, 2
267, 2, 22, 24, 2
267, 2, 22, 24, 2
267, 2, 23, 34, 2
267, 2, 23, 34, 2
267, 2, 24, 25, 2
267, 2, 24, 25, 2
267, 2, 25, 26, 2
267, 2, 25, 26, 2
267, 2, 26, 27, 2
267, 2, 26, 27, 2
267, 2, 27, 28, 2
267, 2, 27, 28, 2
267, 2, 28, 29, 2
267, 2, 28, 29, 2
267, 2, 29, 30, 2
267, 2, 29, 30, 2
267, 2, 30, 31, 2
267, 2, 30, 31, 2
267, 2, 31, 32, 2
267, 2, 31, 32, 2
267, 2, 32, 33, 2
267, 2, 32, 33, 2
267, 2, 33, 35, 2
267, 2, 33, 35, 2
267, 2, 34, 45, 2
267, 2, 34, 45, 2
267, 2, 35, 36, 2
267, 2, 35, 36, 2
267, 2, 36, 37, 2
267, 2, 36, 37, 2
267, 2, 37, 38, 2
267, 2, 37, 38, 2
267, 2, 38, 39, 2
267, 2, 38, 39, 2
267, 2, 39, 40, 2
267, 2, 39, 40, 2
267, 2, 40, 41, 2
267, 2, 40, 41, 2
267, 2, 41, 42, 2
267, 2, 41, 42, 2
267, 2, 42, 43, 2
267, 2, 42, 43, 2
267, 2, 43, 44, 2
267, 2, 43, 44, 2
267, 2, 44, 46, 2
267, 2, 44, 46, 2
267, 2, 45, 56, 2
267, 2, 45, 56, 2
267, 2, 46, 47, 2
267, 2, 46, 47, 2
267, 2, 47, 48, 2
267, 2, 47, 48, 2
267, 2, 48, 49, 2
267, 2, 48, 49, 2
267, 2, 49, 50, 2
267, 2, 49, 50, 2
267, 2, 50, 51, 2
267, 2, 50, 51, 2
267, 2, 51, 52, 2
267, 2, 51, 52, 2
267, 2, 52, 53, 2
267, 2, 52, 53, 2
267, 2, 53, 54, 2
267, 2, 53, 54, 2
267, 2, 54, 55, 2
267, 2, 54, 55, 2
267, 2, 55, 57, 2
267, 2, 55, 57, 2
267, 2, 56, 67, 2
267, 2, 56, 67, 2
267, 2, 57, 58, 2
267, 2, 57, 58, 2
267, 2, 58, 59, 2
267, 2, 58, 59, 2
267, 2, 59, 60, 2
267, 2, 59, 60, 2
267, 2, 60, 61, 2
267, 2, 60, 61, 2
267, 2, 61, 62, 2
267, 2, 61, 62, 2
267, 2, 62, 63, 2
267, 2, 62, 63, 2
267, 2, 63, 64, 2
267, 2, 63, 64, 2
267, 2, 64, 65, 2
267, 2, 64, 65, 2
267, 2, 65, 66, 2
267, 2, 65, 66, 2
267, 2, 66, 68, 2
267, 2, 66, 68, 2
267, 2, 67, 78, 2
267, 2, 67, 78, 2
267, 2, 68, 69, 2
267, 2, 68, 69, 2
267, 2, 69, 70, 2
267, 2, 69, 70, 2
267, 2, 70, 71, 2
267, 2, 70, 71, 2
267, 2, 71, 72, 2
267, 2, 71, 72, 2
267, 2, 72, 73, 2
267, 2, 72, 73, 2
267, 2, 73, 74, 2
267, 2, 73, 74, 2
267, 2, 74, 75, 2
267, 2, 74, 75, 2
267, 2, 75, 76, 2
267, 2, 75, 76, 2
267, 2, 76, 77, 2
267, 2, 76, 77, 2
267, 2, 77, 79, 2
267, 2, 77, 79, 2
267, 2, 78, 89, 2
267, 2, 78, 89, 2
267, 2, 79, 80, 2
267, 2, 79, 80, 2
267, 2, 80, 81, 2
267, 2, 80, 81, 2
267, 2, 81, 82, 2
267, 2, 81, 82, 2
267, 2, 82, 83, 2
267, 2, 82, 83, 2
267, 2, 83, 84, 2
267, 2, 83, 84, 2
267, 2, 84, 85, 2
267, 2, 84, 85, 2
267, 2, 85, 86, 2
267, 2, 85, 86, 2
267, 2, 86, 87, 2
267, 2, 86, 87, 2
267, 2, 87, 88, 2
267, 2, 87, 88, 2
267, 2, 88, 90, 2
267, 2, 88, 90, 2
267, 2, 89, 100, 2
267, 2, 89, 100, 2
267, 2, 90, 91, 2
267, 2, 90, 91, 2
267, 2, 91, 92, 2
267, 2, 91, 92, 2
267, 2, 92, 93, 2
267, 2, 92, 93, 2
267, 2, 93, 94, 2
267, 2, 93, 94, 2
267, 2, 94, 95, 2
267, 2, 94, 95, 2
267, 2, 95, 96, 2
267, 2, 95, 96, 2
267, 2, 96, 97, 2
267, 2, 96, 97, 2
267, 2, 97, 98, 2
267, 2, 97, 98, 2
267, 2, 98, 99, 2
267, 2, 98, 99, 2
267, 2, 99, 101, 2
267, 2, 99, 101, 2
267, 2, 100, 112, 2
267, 2, 100, 112, 2
267, 2, 101, 102, 2
267, 2, 101, 102, 2
267, 2, 102, 103, 2
267, 2, 102, 103, 2
267, 2, 103, 104, 2
267, 2, 103, 104, 2
267, 2, 104, 105, 2
267, 2, 104, 105, 2
267, 2, 105, 106, 2
267, 2, 105, 106, 2
267, 2, 106, 107, 2
267, 2, 106, 107, 2
267, 2, 107, 108, 2
267, 2, 107, 108, 2
267, 2, 108, 109, 2
267, 2, 108, 109, 2
267, 2, 109, 110, 2
267, 2, 109, 110, 2
267, 2, 110, 113, 2
267, 2, 110, 113, 2
267, 2, 111, 158, 2
267, 2, 111, 158, 2
267, 2, 112, 123, 2
267, 2, 112, 123, 2
267, 2, 113, 114, 2
267, 2, 113, 114, 2
267, 2, 114, 115, 2
267, 2, 114, 115, 2
267, 2, 115, 116, 2
267, 2, 115, 116, 2
267, 2, 116, 117, 2
267, 2, 116, 117, 2
267, 2, 117, 118, 2
267, 2, 117, 118, 2
267, 2, 118, 119, 2
267, 2, 118, 119, 2
267, 2, 119, 120, 2
267, 2, 119, 120, 2
267, 2, 120, 121, 2
267, 2, 120, 121, 2
267, 2, 121, 122, 2
267, 2, 121, 122, 2
267, 2, 122, 124, 2
267, 2, 122, 124, 2
267, 2, 123, 134, 2
267, 2, 123, 134, 2
267, 2, 124, 125, 2
267, 2, 124, 125, 2
267, 2, 125, 126, 2
267, 2, 125, 126, 2
267, 2, 126, 127, 2
267, 2, 126, 127, 2
267, 2, 127, 128, 2
267, 2, 127, 128, 2
267, 2, 128, 129, 2
267, 2, 128, 129, 2
267, 2, 129, 130, 2
267, 2, 129, 130, 2
267, 2, 130, 131, 2
267, 2, 130, 131, 2
267, 2, 131, 132, 2
267, 2, 131, 132, 2
267, 2, 132, 133, 2
267, 2, 132, 133, 2
267, 2, 133, 135, 2
267, 2, 133, 135, 2
267, 2, 134, 145, 2
267, 2, 134, 145, 2
267, 2, 135, 136, 2
267, 2, 135, 136, 2
267, 2, 136, 137, 2
267, 2, 136, 137, 2
267, 2, 137, 138, 2
267, 2, 137, 138, 2
267, 2, 138, 139, 2
267, 2, 138, 139, 2
267, 2, 139, 140, 2
267, 2, 139, 140, 2
267, 2, 140, 141, 2
267, 2, 140, 141, 2
267, 2, 141, 142, 2
267, 2, 141, 142, 2
267, 2, 142, 143, 2
267, 2, 142, 143, 2
267, 2, 143, 144, 2
267, 2, 143, 144, 2
267, 2, 144, 146, 2
267, 2, 144, 146, 2
267, 2, 145, 152, 2
267, 2, 145, 152, 2
267, 2, 146, 147, 2
267, 2, 146, 147, 2
267, 2, 147, 148, 2
267, 2, 147, 148, 2
267, 2, 148, 149, 2
267, 2, 148, 149, 2
267, 2, 149, 150, 2
267, 2, 149, 150, 2
267, 2, 150, 151, 2
267, 2, 150, 151, 2
267, 2, 151, 235, 2
267, 2, 151, 235, 2
267, 2, 152, 153, 2
267, 2, 152, 153, 2
267, 2, 153, 154, 2
267, 2, 153, 154, 2
267, 2, 154, 155, 2
267, 2, 154, 155, 2
267, 2, 155, 156, 2
267, 2, 155, 156, 2
267, 2, 156, 157, 2
267, 2, 156, 157, 2
267, 2, 157, 159, 2
267, 2, 157, 159, 2
267, 2, 158, 169, 2
267, 2, 158, 169, 2
267, 2, 159, 160, 2
267, 2, 159, 160, 2
267, 2, 160, 161, 2
267, 2, 160, 161, 2
267, 2, 161, 162, 2
267, 2, 161, 162, 2
267, 2, 162, 163, 2
267, 2, 162, 163, 2
267, 2, 163, 164, 2
267, 2, 163, 164, 2
267, 2, 164, 165, 2
267, 2, 164, 165, 2
267, 2, 165, 166, 2
267, 2, 165, 166, 2
267, 2, 166, 167, 2
267, 2, 166, 167, 2
267, 2, 167, 168, 2
267, 2, 167, 168, 2
267, 2, 168, 170, 2
267, 2, 168, 170, 2
267, 2, 169, 180, 2
267, 2, 169, 180, 2
267, 2, 170, 171, 2
267, 2, 170, 171, 2
267, 2, 171, 172, 2
267, 2, 171, 172, 2
267, 2, 172, 173, 2
267, 2, 172, 173, 2
267, 2, 173, 174, 2
267, 2, 173, 174, 2
267, 2, 174, 175, 2
267, 2, 174, 175, 2
267, 2, 175, 176, 2
267, 2, 175, 176, 2
267, 2, 176, 177, 2
267, 2, 176, 177, 2
267, 2, 177, 178, 2
267, 2, 177, 178, 2
267, 2, 178, 179, 2
267, 2, 178, 179, 2
267, 2, 179, 181, 2
267, 2, 179, 181, 2
267, 2, 180, 191, 2
267, 2, 180, 191, 2
267, 2, 181, 182, 2
267, 2, 181, 182, 2
267, 2, 182, 183, 2
267, 2, 182, 183, 2
267, 2, 183, 184, 2
267, 2, 183, 184, 2
267, 2, 184, 185, 2
267, 2, 184, 185, 2
267, 2, 185, 186, 2
267, 2, 185, 186, 2
267, 2, 186, 187, 2
267, 2, 186, 187, 2
267, 2, 187, 188, 2
267, 2, 187, 188, 2
267, 2, 188, 189, 2
267, 2, 188, 189, 2
267, 2, 189, 190, 2
267, 2, 189, 190, 2
267, 2, 190, 192, 2
267, 2, 190, 192, 2
267, 2, 191, 202, 2
267, 2, 191, 202, 2
267, 2, 192, 193, 2
267, 2, 192, 193, 2
267, 2, 193, 194, 2
267, 2, 193, 194, 2
267, 2, 194, 195, 2
267, 2, 194, 195, 2
267, 2, 195, 196, 2
267, 2, 195, 196, 2
267, 2, 196, 197, 2
267, 2, 196, 197, 2
267, 2, 197, 198, 2
267, 2, 197, 198, 2
267, 2, 198, 199, 2
267, 2, 198, 199, 2
267, 2, 199, 200, 2
267, 2, 199, 200, 2
267, 2, 200, 201, 2
267, 2, 200, 201, 2
267, 2, 201, 203, 2
267, 2, 201, 203, 2
267, 2, 202, 213, 2
267, 2, 202, 213, 2
267, 2, 203, 204, 2
267, 2, 203, 204, 2
267, 2, 204, 205, 2
267, 2, 204, 205, 2
267, 2, 205, 206, 2
267, 2, 205, 206, 2
267, 2, 206, 207, 2
267, 2, 206, 207, 2
267, 2, 207, 208, 2
267, 2, 207, 208, 2
267, 2, 208, 209, 2
267, 2, 208, 209, 2
267, 2, 209, 210, 2
267, 2, 209, 210, 2
267, 2, 210, 211, 2
267, 2, 210, 211, 2
267, 2, 211, 212, 2
267, 2, 211, 212, 2
267, 2, 212, 214, 2
267, 2, 212, 214, 2
267, 2, 213, 224, 2
267, 2, 213, 224, 2
267, 2, 214, 215, 2
267, 2, 214, 215, 2
267, 2, 215, 216, 2
267, 2, 215, 216, 2
267, 2, 216, 217, 2
267, 2, 216, 217, 2
267, 2, 217, 218, 2
267, 2, 217, 218, 2
267, 2, 218, 219, 2
267, 2, 218, 219, 2
267, 2, 219, 220, 2
267, 2, 219, 220, 2
267, 2, 220, 221, 2
267, 2, 220, 221, 2
267, 2, 221, 222, 2
267, 2, 221, 222, 2
267, 2, 222, 223, 2
267, 2, 222, 223, 2
267, 2, 223, 225, 2
267, 2, 223, 225, 2
267, 2, 224, 1, 2
267, 2, 224, 1, 2
267, 2, 225, 226, 2
267, 2, 225, 226, 2
267, 2, 226, 227, 2
267, 2, 226, 227, 2
267, 2, 227, 228, 2
267, 2, 227, 228, 2
267, 2, 228, 229, 2
267, 2, 228, 229, 2
267, 2, 229, 230, 2
267, 2, 229, 230, 2
267, 2, 230, 231, 2
267, 2, 230, 231, 2
267, 2, 231, 232, 2
267, 2, 231, 232, 2
267, 2, 232, 233, 2
267, 2, 232, 233, 2
267, 2, 233, 234, 2
267, 2, 233, 234, 2
267, 2, 234, 2, 2
267, 2, 234, 2, 2
268, 3, 1, 0, 2
268, 3, 1, 0, 3
268, 3, 1, 0, 3
Goal
1
2
3
4
5
6
7
8
9
10
11
12
13
14
15
16
17
18
19
20
21
22
23
24
25
26
27
28
29
30
31
32
33
34
35
36
37
38
39
40
41
42
43
44
45
46
47
48
49
50
51
52
53
54
55
56
57
58
59
60
61
62
63
64
65
66
67
68
69
70
71
72
73
74
75
76
77
78
79
80
81
82
83
84
85
86
87
88
89
90
91
92
93
94
95
96
97
98
99
100
101
102
103
104
105
106
107
108
109
110
111
112
113
114
115
116
117
118
119
120
121
122
123
124
125
126
127
128
129
130
131
132
133
134
135
136
137
138
139
140
141
142
143
144
145
146
147
148
149
150
151
152
153
154
155
156
157
158
159
160
161
162
163
164
165
166
167
168
169
170
171
172
173
174
175
176
177
178
179
180
181
182
183
184
185
186
187
188
189
190
191
192
193
194
195
196
197
198
199
200
201
202
203
204
205
206
207
208
209
210
211
212
213
214
215
216
217
218
219
220
221
222
223
224
225
226
227
228
229
230
231
232
233
234
235
236
237
238
239
240
241
242
243
244
245
246
247
248
249
250
251
252
253
254
255
256
257
258
259
260
261
262
263
264
265
266
267
268
